rep,year,week,sero,rate,im_sero,barrier,total_pop,n_infected,n_symptomatic,actual_sero
1.0,1.0,1.0,0.1,0.075,0.2,1.0,5134.0,48.0,9.0,0.10596026490066225
1.0,1.0,2.0,0.1,0.075,0.2,1.0,5102.0,55.0,20.0,0.10564484515876127
1.0,1.0,3.0,0.1,0.075,0.2,1.0,5024.0,80.0,34.0,0.10728503184713375
1.0,1.0,4.0,0.1,0.075,0.2,1.0,4874.0,114.0,40.0,0.10915059499384488
1.0,1.0,5.0,0.1,0.075,0.2,1.0,4955.0,142.0,49.0,0.1112008072653885
1.0,1.0,6.0,0.1,0.075,0.2,1.0,4819.0,159.0,59.0,0.1122639551774227
1.0,1.0,7.0,0.1,0.075,0.2,1.0,4729.0,203.0,74.0,0.1110171283569465
1.0,1.0,8.0,0.1,0.075,0.2,1.0,4544.0,205.0,84.0,0.1133362676056338
1.0,1.0,9.0,0.1,0.075,0.2,1.0,4450.0,239.0,101.0,0.11303370786516855
1.0,1.0,10.0,0.1,0.075,0.2,1.0,4308.0,271.0,108.0,0.11304549675023212
1.0,1.0,11.0,0.1,0.075,0.2,1.0,4117.0,296.0,117.0,0.11440369200874423
1.0,1.0,12.0,0.1,0.075,0.2,1.0,4022.0,302.0,129.0,0.11536548980606663
1.0,1.0,13.0,0.1,0.075,0.2,1.0,3911.0,340.0,140.0,0.11736128867297367
1.0,1.0,14.0,0.1,0.075,0.2,1.0,3798.0,358.0,145.0,0.119536598209584
1.0,1.0,15.0,0.1,0.075,0.2,1.0,3638.0,358.0,157.0,0.12067069818581638
1.0,1.0,16.0,0.1,0.075,0.2,1.0,3529.0,370.0,160.0,0.12326438084443185
1.0,1.0,17.0,0.1,0.075,0.2,1.0,3450.0,375.0,190.0,0.12405797101449276
1.0,1.0,18.0,0.1,0.075,0.2,1.0,3338.0,376.0,186.0,0.12582384661473936
1.0,1.0,19.0,0.1,0.075,0.2,1.0,3232.0,364.0,181.0,0.12747524752475248
1.0,1.0,20.0,0.1,0.075,0.2,1.0,5826.0,324.0,162.0,0.06934431857191899
1.0,1.0,21.0,0.1,0.075,0.2,1.0,5483.0,399.0,144.0,0.07058179828561006
1.0,1.0,22.0,0.1,0.075,0.2,1.0,5139.0,441.0,163.0,0.07180385288966724
1.0,1.0,23.0,0.1,0.075,0.2,1.0,4954.0,517.0,188.0,0.07387969317723052
1.0,1.0,24.0,0.1,0.075,0.2,1.0,4626.0,547.0,225.0,0.07522697795071336
1.0,1.0,25.0,0.1,0.075,0.2,1.0,4424.0,563.0,229.0,0.07685352622061482
1.0,1.0,26.0,0.1,0.075,0.2,1.0,4112.0,592.0,246.0,0.08025291828793775
1.0,1.0,27.0,0.1,0.075,0.2,1.0,3833.0,586.0,251.0,0.08192016697104096
1.0,1.0,28.0,0.1,0.075,0.2,1.0,3650.0,592.0,276.0,0.0863013698630137
1.0,1.0,29.0,0.1,0.075,0.2,1.0,3447.0,615.0,282.0,0.08761241659413983
1.0,1.0,30.0,0.1,0.075,0.2,1.0,3276.0,619.0,292.0,0.09218559218559219
1.0,1.0,31.0,0.1,0.075,0.2,1.0,3129.0,610.0,285.0,0.09395973154362416
1.0,1.0,32.0,0.1,0.075,0.2,1.0,2917.0,565.0,267.0,0.10044566335275969
1.0,1.0,33.0,0.1,0.075,0.2,1.0,2710.0,538.0,253.0,0.1047970479704797
1.0,1.0,34.0,0.1,0.075,0.2,1.0,2555.0,495.0,241.0,0.11037181996086105
1.0,1.0,35.0,0.1,0.075,0.2,1.0,2413.0,483.0,245.0,0.11438043928719437
1.0,1.0,36.0,0.1,0.075,0.2,1.0,2232.0,446.0,229.0,0.12231182795698925
1.0,1.0,37.0,0.1,0.075,0.2,1.0,2116.0,427.0,208.0,0.1271266540642722
1.0,1.0,38.0,0.1,0.075,0.2,1.0,2021.0,411.0,202.0,0.13112320633349828
1.0,1.0,39.0,0.1,0.075,0.2,1.0,1881.0,388.0,186.0,0.13822434875066453
1.0,1.0,40.0,0.1,0.075,0.2,1.0,1746.0,365.0,180.0,0.14719358533791524
1.0,1.0,41.0,0.1,0.075,0.2,1.0,1625.0,338.0,174.0,0.15692307692307692
1.0,1.0,42.0,0.1,0.075,0.2,1.0,1539.0,300.0,160.0,0.16569200779727095
1.0,1.0,43.0,0.1,0.075,0.2,1.0,1418.0,260.0,144.0,0.1770098730606488
1.0,1.0,44.0,0.1,0.075,0.2,1.0,1336.0,228.0,130.0,0.18937125748502995
1.0,1.0,45.0,0.1,0.075,0.2,1.0,1267.0,204.0,118.0,0.2628255722178374
1.0,1.0,46.0,0.1,0.075,0.2,1.0,1204.0,185.0,103.0,0.2707641196013289
1.0,1.0,47.0,0.1,0.075,0.2,1.0,1138.0,156.0,78.0,0.2759226713532513
1.0,1.0,48.0,0.1,0.075,0.2,1.0,1097.0,142.0,69.0,0.2853236098450319
1.0,1.0,49.0,0.1,0.075,0.2,1.0,1036.0,120.0,62.0,0.2905405405405405
1.0,1.0,50.0,0.1,0.075,0.2,1.0,1017.0,113.0,63.0,0.2969518190757129
1.0,1.0,51.0,0.1,0.075,0.2,1.0,979.0,101.0,61.0,0.3023493360572012
1.0,1.0,52.0,0.1,0.075,0.2,1.0,948.0,83.0,49.0,0.310126582278481
1.0,2.0,1.0,0.1,0.075,0.2,1.0,913.0,68.0,43.0,0.3143483023001095
1.0,2.0,2.0,0.1,0.075,0.2,1.0,879.0,53.0,31.0,0.32195676905574516
1.0,2.0,3.0,0.1,0.075,0.2,1.0,850.0,44.0,26.0,0.32588235294117646
1.0,2.0,4.0,0.1,0.075,0.2,1.0,833.0,36.0,20.0,0.3349339735894358
1.0,2.0,5.0,0.1,0.075,0.2,1.0,818.0,29.0,19.0,0.3374083129584352
1.0,2.0,6.0,0.1,0.075,0.2,1.0,810.0,30.0,20.0,0.3395061728395062
1.0,2.0,7.0,0.1,0.075,0.2,1.0,797.0,28.0,16.0,0.3437892095357591
1.0,2.0,8.0,0.1,0.075,0.2,1.0,789.0,24.0,11.0,0.3472750316856781
1.0,2.0,9.0,0.1,0.075,0.2,1.0,771.0,17.0,6.0,0.35019455252918286
1.0,2.0,10.0,0.1,0.075,0.2,1.0,768.0,16.0,7.0,0.3515625
1.0,2.0,11.0,0.1,0.075,0.2,1.0,758.0,14.0,7.0,0.35356200527704484
1.0,2.0,12.0,0.1,0.075,0.2,1.0,754.0,12.0,7.0,0.35278514588859416
1.0,2.0,13.0,0.1,0.075,0.2,1.0,740.0,11.0,6.0,0.35405405405405405
1.0,2.0,14.0,0.1,0.075,0.2,1.0,732.0,9.0,7.0,0.3524590163934426
1.0,2.0,15.0,0.1,0.075,0.2,1.0,724.0,6.0,4.0,0.35082872928176795
1.0,2.0,16.0,0.1,0.075,0.2,1.0,721.0,5.0,5.0,0.3536754507628294
1.0,2.0,17.0,0.1,0.075,0.2,1.0,716.0,5.0,2.0,0.35335195530726254
1.0,2.0,18.0,0.1,0.075,0.2,1.0,711.0,5.0,2.0,0.35443037974683544
1.0,2.0,19.0,0.1,0.075,0.2,1.0,705.0,3.0,1.0,0.3517730496453901
1.0,2.0,20.0,0.1,0.075,0.2,1.0,1308.0,5.0,2.0,0.18807339449541285
1.0,2.0,21.0,0.1,0.075,0.2,1.0,1282.0,6.0,3.0,0.18798751950078002
1.0,2.0,22.0,0.1,0.075,0.2,1.0,1238.0,10.0,4.0,0.19063004846526657
1.0,2.0,23.0,0.1,0.075,0.2,1.0,1205.0,8.0,4.0,0.1908713692946058
1.0,2.0,24.0,0.1,0.075,0.2,1.0,1187.0,8.0,5.0,0.19208087615838249
1.0,2.0,25.0,0.1,0.075,0.2,1.0,1144.0,8.0,3.0,0.19230769230769232
1.0,2.0,26.0,0.1,0.075,0.2,1.0,1134.0,8.0,2.0,0.1931216931216931
1.0,2.0,27.0,0.1,0.075,0.2,1.0,1095.0,9.0,3.0,0.19452054794520549
1.0,2.0,28.0,0.1,0.075,0.2,1.0,1083.0,9.0,3.0,0.19390581717451524
1.0,2.0,29.0,0.1,0.075,0.2,1.0,1069.0,5.0,4.0,0.19550982226379796
1.0,2.0,30.0,0.1,0.075,0.2,1.0,1027.0,5.0,2.0,0.19571567672833495
1.0,2.0,31.0,0.1,0.075,0.2,1.0,1019.0,5.0,2.0,0.19823356231599606
1.0,2.0,32.0,0.1,0.075,0.2,1.0,999.0,3.0,1.0,0.1971971971971972
1.0,2.0,33.0,0.1,0.075,0.2,1.0,995.0,3.0,2.0,0.19798994974874373
1.0,2.0,34.0,0.1,0.075,0.2,1.0,972.0,4.0,3.0,0.19753086419753085
1.0,2.0,35.0,0.1,0.075,0.2,1.0,974.0,6.0,2.0,0.19917864476386038
1.0,2.0,36.0,0.1,0.075,0.2,1.0,934.0,5.0,3.0,0.20235546038543897
1.0,2.0,37.0,0.1,0.075,0.2,1.0,934.0,5.0,3.0,0.20556745182012848
1.0,2.0,38.0,0.1,0.075,0.2,1.0,917.0,9.0,4.0,0.20174482006543076
1.0,2.0,39.0,0.1,0.075,0.2,1.0,871.0,10.0,2.0,0.2066590126291619
1.0,2.0,40.0,0.1,0.075,0.2,1.0,845.0,9.0,3.0,0.20591715976331362
1.0,2.0,41.0,0.1,0.075,0.2,1.0,843.0,10.0,3.0,0.20877817319098457
1.0,2.0,42.0,0.1,0.075,0.2,1.0,825.0,12.0,3.0,0.20363636363636364
1.0,2.0,43.0,0.1,0.075,0.2,1.0,816.0,11.0,3.0,0.20588235294117646
1.0,2.0,44.0,0.1,0.075,0.2,1.0,809.0,11.0,4.0,0.20148331273176762
1.0,2.0,45.0,0.1,0.075,0.2,1.0,804.0,15.0,7.0,0.26119402985074625
1.0,2.0,46.0,0.1,0.075,0.2,1.0,789.0,13.0,4.0,0.2585551330798479
1.0,2.0,47.0,0.1,0.075,0.2,1.0,769.0,15.0,8.0,0.25617685305591675
1.0,2.0,48.0,0.1,0.075,0.2,1.0,756.0,14.0,5.0,0.2566137566137566
1.0,2.0,49.0,0.1,0.075,0.2,1.0,754.0,18.0,7.0,0.25862068965517243
1.0,2.0,50.0,0.1,0.075,0.2,1.0,746.0,19.0,8.0,0.25335120643431636
1.0,2.0,51.0,0.1,0.075,0.2,1.0,734.0,21.0,11.0,0.2574931880108992
1.0,2.0,52.0,0.1,0.075,0.2,1.0,726.0,26.0,13.0,0.256198347107438
1.0,3.0,1.0,0.1,0.075,0.2,1.0,704.0,23.0,10.0,0.25426136363636365
1.0,3.0,2.0,0.1,0.075,0.2,1.0,690.0,23.0,11.0,0.2565217391304348
1.0,3.0,3.0,0.1,0.075,0.2,1.0,677.0,24.0,11.0,0.25406203840472674
1.0,3.0,4.0,0.1,0.075,0.2,1.0,674.0,25.0,12.0,0.2522255192878338
1.0,3.0,5.0,0.1,0.075,0.2,1.0,664.0,24.0,12.0,0.25301204819277107
1.0,3.0,6.0,0.1,0.075,0.2,1.0,659.0,26.0,10.0,0.2549317147192716
1.0,3.0,7.0,0.1,0.075,0.2,1.0,632.0,25.0,14.0,0.25158227848101267
1.0,3.0,8.0,0.1,0.075,0.2,1.0,610.0,20.0,14.0,0.25901639344262295
1.0,3.0,9.0,0.1,0.075,0.2,1.0,600.0,22.0,14.0,0.26
1.0,3.0,10.0,0.1,0.075,0.2,1.0,584.0,18.0,11.0,0.2654109589041096
1.0,3.0,11.0,0.1,0.075,0.2,1.0,576.0,17.0,9.0,0.2673611111111111
1.0,3.0,12.0,0.1,0.075,0.2,1.0,571.0,17.0,9.0,0.26970227670753066
1.0,3.0,13.0,0.1,0.075,0.2,1.0,566.0,17.0,7.0,0.2703180212014134
1.0,3.0,14.0,0.1,0.075,0.2,1.0,559.0,15.0,7.0,0.27549194991055453
1.0,3.0,15.0,0.1,0.075,0.2,1.0,557.0,13.0,7.0,0.27289048473967686
1.0,3.0,16.0,0.1,0.075,0.2,1.0,550.0,12.0,8.0,0.27636363636363637
1.0,3.0,17.0,0.1,0.075,0.2,1.0,542.0,10.0,5.0,0.2767527675276753
1.0,3.0,18.0,0.1,0.075,0.2,1.0,541.0,8.0,6.0,0.2754158964879852
1.0,3.0,19.0,0.1,0.075,0.2,1.0,531.0,5.0,4.0,0.2806026365348399
1.0,3.0,20.0,0.1,0.075,0.2,1.0,962.0,6.0,4.0,0.15384615384615385
1.0,3.0,21.0,0.1,0.075,0.2,1.0,962.0,9.0,2.0,0.15384615384615385
1.0,3.0,22.0,0.1,0.075,0.2,1.0,905.0,7.0,0.0,0.1591160220994475
1.0,3.0,23.0,0.1,0.075,0.2,1.0,891.0,7.0,2.0,0.15824915824915825
1.0,3.0,24.0,0.1,0.075,0.2,1.0,882.0,8.0,5.0,0.1564625850340136
1.0,3.0,25.0,0.1,0.075,0.2,1.0,893.0,8.0,7.0,0.15677491601343785
1.0,3.0,26.0,0.1,0.075,0.2,1.0,879.0,7.0,5.0,0.15813424345847554
1.0,3.0,27.0,0.1,0.075,0.2,1.0,874.0,5.0,4.0,0.16018306636155608
1.0,3.0,28.0,0.1,0.075,0.2,1.0,833.0,3.0,1.0,0.15606242496998798
1.0,3.0,29.0,0.1,0.075,0.2,1.0,809.0,3.0,1.0,0.15698393077873918
1.0,3.0,30.0,0.1,0.075,0.2,1.0,798.0,2.0,2.0,0.15538847117794485
1.0,3.0,31.0,0.1,0.075,0.2,1.0,776.0,5.0,2.0,0.1559278350515464
1.0,3.0,32.0,0.1,0.075,0.2,1.0,781.0,5.0,3.0,0.15492957746478872
1.0,3.0,33.0,0.1,0.075,0.2,1.0,765.0,4.0,2.0,0.1568627450980392
1.0,3.0,34.0,0.1,0.075,0.2,1.0,750.0,6.0,2.0,0.16133333333333333
1.0,3.0,35.0,0.1,0.075,0.2,1.0,725.0,7.0,2.0,0.16413793103448276
1.0,3.0,36.0,0.1,0.075,0.2,1.0,719.0,7.0,3.0,0.16689847009735745
1.0,3.0,37.0,0.1,0.075,0.2,1.0,708.0,7.0,3.0,0.1652542372881356
1.0,3.0,38.0,0.1,0.075,0.2,1.0,700.0,7.0,3.0,0.16857142857142857
1.0,3.0,39.0,0.1,0.075,0.2,1.0,688.0,4.0,1.0,0.1686046511627907
1.0,3.0,40.0,0.1,0.075,0.2,1.0,651.0,4.0,3.0,0.17357910906298002
1.0,3.0,41.0,0.1,0.075,0.2,1.0,644.0,3.0,1.0,0.17080745341614906
1.0,3.0,42.0,0.1,0.075,0.2,1.0,612.0,3.0,2.0,0.1781045751633987
1.0,3.0,43.0,0.1,0.075,0.2,1.0,611.0,2.0,1.0,0.176759410801964
1.0,3.0,44.0,0.1,0.075,0.2,1.0,560.0,2.0,1.0,0.18392857142857144
1.0,3.0,45.0,0.1,0.075,0.2,1.0,550.0,1.0,1.0,0.22727272727272727
1.0,3.0,46.0,0.1,0.075,0.2,1.0,541.0,3.0,1.0,0.22735674676524953
1.0,3.0,47.0,0.1,0.075,0.2,1.0,519.0,3.0,2.0,0.22928709055876687
1.0,3.0,48.0,0.1,0.075,0.2,1.0,515.0,3.0,0.0,0.229126213592233
1.0,3.0,49.0,0.1,0.075,0.2,1.0,502.0,3.0,1.0,0.22709163346613545
1.0,3.0,50.0,0.1,0.075,0.2,1.0,503.0,3.0,2.0,0.2286282306163022
1.0,3.0,51.0,0.1,0.075,0.2,1.0,498.0,3.0,2.0,0.22690763052208834
1.0,3.0,52.0,0.1,0.075,0.2,1.0,502.0,2.0,1.0,0.2290836653386454
1.0,4.0,1.0,0.1,0.075,0.2,1.0,493.0,1.0,0.0,0.2231237322515213
1.0,4.0,2.0,0.1,0.075,0.2,1.0,492.0,1.0,1.0,0.22357723577235772
1.0,4.0,3.0,0.1,0.075,0.2,1.0,473.0,2.0,1.0,0.22410147991543342
1.0,4.0,4.0,0.1,0.075,0.2,1.0,470.0,2.0,1.0,0.2297872340425532
1.0,4.0,5.0,0.1,0.075,0.2,1.0,462.0,1.0,1.0,0.22943722943722944
1.0,4.0,6.0,0.1,0.075,0.2,1.0,465.0,1.0,1.0,0.23225806451612904
1.0,4.0,7.0,0.1,0.075,0.2,1.0,459.0,2.0,1.0,0.22875816993464052
1.0,4.0,8.0,0.1,0.075,0.2,1.0,457.0,2.0,0.0,0.23194748358862144
1.0,4.0,9.0,0.1,0.075,0.2,1.0,453.0,2.0,0.0,0.23178807947019867
1.0,4.0,10.0,0.1,0.075,0.2,1.0,447.0,2.0,1.0,0.232662192393736
1.0,4.0,11.0,0.1,0.075,0.2,1.0,444.0,2.0,1.0,0.22747747747747749
1.0,4.0,12.0,0.1,0.075,0.2,1.0,443.0,2.0,2.0,0.22799097065462753
1.0,4.0,13.0,0.1,0.075,0.2,1.0,437.0,1.0,1.0,0.2288329519450801
1.0,4.0,14.0,0.1,0.075,0.2,1.0,427.0,2.0,1.0,0.23185011709601874
1.0,4.0,15.0,0.1,0.075,0.2,1.0,418.0,1.0,1.0,0.23205741626794257
1.0,4.0,16.0,0.1,0.075,0.2,1.0,419.0,1.0,1.0,0.2315035799522673
1.0,4.0,17.0,0.1,0.075,0.2,1.0,416.0,1.0,1.0,0.23076923076923078
1.0,4.0,18.0,0.1,0.075,0.2,1.0,415.0,0.0,0.0,0.23132530120481928
1.0,4.0,19.0,0.1,0.075,0.2,1.0,415.0,0.0,0.0,0.23132530120481928
1.0,4.0,20.0,0.1,0.075,0.2,1.0,783.0,0.0,0.0,0.12132822477650064
1.0,4.0,21.0,0.1,0.075,0.2,1.0,755.0,0.0,0.0,0.12450331125827814
1.0,4.0,22.0,0.1,0.075,0.2,1.0,745.0,0.0,0.0,0.12348993288590604
1.0,4.0,23.0,0.1,0.075,0.2,1.0,709.0,0.0,0.0,0.12693935119887165
1.0,4.0,24.0,0.1,0.075,0.2,1.0,718.0,0.0,0.0,0.12534818941504178
1.0,4.0,25.0,0.1,0.075,0.2,1.0,689.0,0.0,0.0,0.12917271407837447
1.0,4.0,26.0,0.1,0.075,0.2,1.0,680.0,0.0,0.0,0.13088235294117648
1.0,4.0,27.0,0.1,0.075,0.2,1.0,659.0,0.0,0.0,0.13201820940819423
1.0,4.0,28.0,0.1,0.075,0.2,1.0,653.0,0.0,0.0,0.13016845329249618
1.0,4.0,29.0,0.1,0.075,0.2,1.0,651.0,0.0,0.0,0.13210445468509985
1.0,4.0,30.0,0.1,0.075,0.2,1.0,649.0,0.0,0.0,0.1263482280431433
1.0,4.0,31.0,0.1,0.075,0.2,1.0,639.0,0.0,0.0,0.13302034428794993
1.0,4.0,32.0,0.1,0.075,0.2,1.0,631.0,0.0,0.0,0.12678288431061807
1.0,4.0,33.0,0.1,0.075,0.2,1.0,623.0,0.0,0.0,0.1332263242375602
1.0,4.0,34.0,0.1,0.075,0.2,1.0,624.0,0.0,0.0,0.1266025641025641
1.0,4.0,35.0,0.1,0.075,0.2,1.0,613.0,0.0,0.0,0.13376835236541598
1.0,4.0,36.0,0.1,0.075,0.2,1.0,610.0,0.0,0.0,0.12786885245901639
1.0,4.0,37.0,0.1,0.075,0.2,1.0,594.0,0.0,0.0,0.13636363636363635
1.0,4.0,38.0,0.1,0.075,0.2,1.0,582.0,0.0,0.0,0.1323024054982818
1.0,4.0,39.0,0.1,0.075,0.2,1.0,571.0,0.0,0.0,0.138353765323993
1.0,4.0,40.0,0.1,0.075,0.2,1.0,570.0,0.0,0.0,0.13508771929824562
1.0,4.0,41.0,0.1,0.075,0.2,1.0,571.0,0.0,0.0,0.13485113835376533
1.0,4.0,42.0,0.1,0.075,0.2,1.0,567.0,0.0,0.0,0.13051146384479717
1.0,4.0,43.0,0.1,0.075,0.2,1.0,553.0,0.0,0.0,0.13381555153707053
1.0,4.0,44.0,0.1,0.075,0.2,1.0,547.0,0.0,0.0,0.12979890310786105
1.0,4.0,45.0,0.1,0.075,0.2,1.0,540.0,0.0,0.0,0.1925925925925926
1.0,4.0,46.0,0.1,0.075,0.2,1.0,530.0,0.0,0.0,0.18679245283018867
1.0,4.0,47.0,0.1,0.075,0.2,1.0,521.0,0.0,0.0,0.19385796545105566
1.0,4.0,48.0,0.1,0.075,0.2,1.0,518.0,0.0,0.0,0.19305019305019305
1.0,4.0,49.0,0.1,0.075,0.2,1.0,506.0,0.0,0.0,0.1956521739130435
1.0,4.0,50.0,0.1,0.075,0.2,1.0,511.0,0.0,0.0,0.1898238747553816
1.0,4.0,51.0,0.1,0.075,0.2,1.0,506.0,0.0,0.0,0.18972332015810275
1.0,4.0,52.0,0.1,0.075,0.2,1.0,495.0,0.0,0.0,0.1898989898989899
1.0,5.0,1.0,0.1,0.075,0.2,1.0,481.0,0.0,0.0,0.1995841995841996
1.0,5.0,2.0,0.1,0.075,0.2,1.0,475.0,0.0,0.0,0.19789473684210526
1.0,5.0,3.0,0.1,0.075,0.2,1.0,468.0,0.0,0.0,0.1987179487179487
1.0,5.0,4.0,0.1,0.075,0.2,1.0,459.0,0.0,0.0,0.19825708061002179
1.0,5.0,5.0,0.1,0.075,0.2,1.0,454.0,0.0,0.0,0.20044052863436124
1.0,5.0,6.0,0.1,0.075,0.2,1.0,457.0,0.0,0.0,0.19912472647702406
1.0,5.0,7.0,0.1,0.075,0.2,1.0,449.0,0.0,0.0,0.2026726057906459
1.0,5.0,8.0,0.1,0.075,0.2,1.0,455.0,0.0,0.0,0.1978021978021978
1.0,5.0,9.0,0.1,0.075,0.2,1.0,441.0,0.0,0.0,0.20408163265306123
1.0,5.0,10.0,0.1,0.075,0.2,1.0,447.0,0.0,0.0,0.20134228187919462
1.0,5.0,11.0,0.1,0.075,0.2,1.0,436.0,0.0,0.0,0.20642201834862386
1.0,5.0,12.0,0.1,0.075,0.2,1.0,441.0,0.0,0.0,0.20408163265306123
1.0,5.0,13.0,0.1,0.075,0.2,1.0,434.0,0.0,0.0,0.20506912442396313
1.0,5.0,14.0,0.1,0.075,0.2,1.0,434.0,0.0,0.0,0.20506912442396313
1.0,5.0,15.0,0.1,0.075,0.2,1.0,426.0,0.0,0.0,0.20892018779342722
1.0,5.0,16.0,0.1,0.075,0.2,1.0,430.0,0.0,0.0,0.20465116279069767
1.0,5.0,17.0,0.1,0.075,0.2,1.0,425.0,0.0,0.0,0.20705882352941177
1.0,5.0,18.0,0.1,0.075,0.2,1.0,426.0,0.0,0.0,0.20657276995305165
1.0,5.0,19.0,0.1,0.075,0.2,1.0,422.0,0.0,0.0,0.20853080568720378
1.0,5.0,20.0,0.1,0.075,0.2,1.0,794.0,0.0,0.0,0.11083123425692695
1.0,5.0,21.0,0.1,0.075,0.2,1.0,765.0,0.0,0.0,0.11503267973856209
1.0,5.0,22.0,0.1,0.075,0.2,1.0,756.0,0.0,0.0,0.11507936507936507
1.0,5.0,23.0,0.1,0.075,0.2,1.0,735.0,0.0,0.0,0.11836734693877551
1.0,5.0,24.0,0.1,0.075,0.2,1.0,744.0,0.0,0.0,0.11559139784946236
1.0,5.0,25.0,0.1,0.075,0.2,1.0,694.0,0.0,0.0,0.11959654178674352
1.0,5.0,26.0,0.1,0.075,0.2,1.0,680.0,0.0,0.0,0.12058823529411765
1.0,5.0,27.0,0.1,0.075,0.2,1.0,662.0,0.0,0.0,0.11782477341389729
1.0,5.0,28.0,0.1,0.075,0.2,1.0,647.0,0.0,0.0,0.11591962905718702
1.0,5.0,29.0,0.1,0.075,0.2,1.0,628.0,0.0,0.0,0.1178343949044586
1.0,5.0,30.0,0.1,0.075,0.2,1.0,619.0,0.0,0.0,0.11793214862681745
1.0,5.0,31.0,0.1,0.075,0.2,1.0,619.0,0.0,0.0,0.11631663974151858
1.0,5.0,32.0,0.1,0.075,0.2,1.0,594.0,0.0,0.0,0.11952861952861953
1.0,5.0,33.0,0.1,0.075,0.2,1.0,587.0,0.0,0.0,0.11584327086882454
1.0,5.0,34.0,0.1,0.075,0.2,1.0,578.0,0.0,0.0,0.11937716262975778
1.0,5.0,35.0,0.1,0.075,0.2,1.0,564.0,0.0,0.0,0.11879432624113476
1.0,5.0,36.0,0.1,0.075,0.2,1.0,548.0,0.0,0.0,0.12226277372262774
1.0,5.0,37.0,0.1,0.075,0.2,1.0,544.0,0.0,0.0,0.1213235294117647
1.0,5.0,38.0,0.1,0.075,0.2,1.0,537.0,0.0,0.0,0.12290502793296089
1.0,5.0,39.0,0.1,0.075,0.2,1.0,536.0,0.0,0.0,0.12126865671641791
1.0,5.0,40.0,0.1,0.075,0.2,1.0,530.0,0.0,0.0,0.12075471698113208
1.0,5.0,41.0,0.1,0.075,0.2,1.0,533.0,0.0,0.0,0.11819887429643527
1.0,5.0,42.0,0.1,0.075,0.2,1.0,519.0,0.0,0.0,0.11946050096339114
1.0,5.0,43.0,0.1,0.075,0.2,1.0,512.0,0.0,0.0,0.119140625
1.0,5.0,44.0,0.1,0.075,0.2,1.0,498.0,0.0,0.0,0.11847389558232932
1.0,5.0,45.0,0.1,0.075,0.2,1.0,490.0,0.0,0.0,0.18571428571428572
1.0,5.0,46.0,0.1,0.075,0.2,1.0,484.0,0.0,0.0,0.19008264462809918
1.0,5.0,47.0,0.1,0.075,0.2,1.0,485.0,0.0,0.0,0.18762886597938144
1.0,5.0,48.0,0.1,0.075,0.2,1.0,479.0,0.0,0.0,0.18580375782881003
1.0,5.0,49.0,0.1,0.075,0.2,1.0,472.0,0.0,0.0,0.1864406779661017
1.0,5.0,50.0,0.1,0.075,0.2,1.0,478.0,0.0,0.0,0.18619246861924685
1.0,5.0,51.0,0.1,0.075,0.2,1.0,470.0,0.0,0.0,0.1851063829787234
1.0,5.0,52.0,0.1,0.075,0.2,1.0,469.0,0.0,0.0,0.18763326226012794
1.0,6.0,1.0,0.1,0.075,0.2,1.0,463.0,0.0,0.0,0.1857451403887689
1.0,6.0,2.0,0.1,0.075,0.2,1.0,461.0,0.0,0.0,0.18872017353579176
1.0,6.0,3.0,0.1,0.075,0.2,1.0,453.0,0.0,0.0,0.18322295805739514
1.0,6.0,4.0,0.1,0.075,0.2,1.0,460.0,0.0,0.0,0.18478260869565216
1.0,6.0,5.0,0.1,0.075,0.2,1.0,451.0,0.0,0.0,0.18403547671840353
1.0,6.0,6.0,0.1,0.075,0.2,1.0,454.0,0.0,0.0,0.1828193832599119
1.0,6.0,7.0,0.1,0.075,0.2,1.0,447.0,0.0,0.0,0.18120805369127516
1.0,6.0,8.0,0.1,0.075,0.2,1.0,442.0,0.0,0.0,0.18099547511312217
1.0,6.0,9.0,0.1,0.075,0.2,1.0,432.0,0.0,0.0,0.1875
1.0,6.0,10.0,0.1,0.075,0.2,1.0,428.0,0.0,0.0,0.18457943925233644
1.0,6.0,11.0,0.1,0.075,0.2,1.0,417.0,0.0,0.0,0.18944844124700239
1.0,6.0,12.0,0.1,0.075,0.2,1.0,418.0,0.0,0.0,0.18421052631578946
1.0,6.0,13.0,0.1,0.075,0.2,1.0,412.0,0.0,0.0,0.18689320388349515
1.0,6.0,14.0,0.1,0.075,0.2,1.0,416.0,0.0,0.0,0.18509615384615385
1.0,6.0,15.0,0.1,0.075,0.2,1.0,411.0,0.0,0.0,0.18491484184914841
1.0,6.0,16.0,0.1,0.075,0.2,1.0,414.0,0.0,0.0,0.18357487922705315
1.0,6.0,17.0,0.1,0.075,0.2,1.0,408.0,0.0,0.0,0.18627450980392157
1.0,6.0,18.0,0.1,0.075,0.2,1.0,411.0,0.0,0.0,0.18491484184914841
1.0,6.0,19.0,0.1,0.075,0.2,1.0,407.0,0.0,0.0,0.18673218673218672
1.0,6.0,20.0,0.1,0.075,0.2,1.0,787.0,0.0,0.0,0.096569250317662
1.0,6.0,21.0,0.1,0.075,0.2,1.0,774.0,0.0,0.0,0.09819121447028424
1.0,6.0,22.0,0.1,0.075,0.2,1.0,737.0,0.0,0.0,0.10040705563093623
1.0,6.0,23.0,0.1,0.075,0.2,1.0,723.0,0.0,0.0,0.10235131396957123
1.0,6.0,24.0,0.1,0.075,0.2,1.0,734.0,0.0,0.0,0.10354223433242507
1.0,6.0,25.0,0.1,0.075,0.2,1.0,669.0,0.0,0.0,0.10014947683109118
1.0,6.0,26.0,0.1,0.075,0.2,1.0,656.0,0.0,0.0,0.10060975609756098
1.0,6.0,27.0,0.1,0.075,0.2,1.0,643.0,0.0,0.0,0.10108864696734059
1.0,6.0,28.0,0.1,0.075,0.2,1.0,649.0,0.0,0.0,0.10015408320493066
1.0,6.0,29.0,0.1,0.075,0.2,1.0,621.0,0.0,0.0,0.10466988727858294
1.0,6.0,30.0,0.1,0.075,0.2,1.0,603.0,0.0,0.0,0.10281923714759536
1.0,6.0,31.0,0.1,0.075,0.2,1.0,593.0,0.0,0.0,0.1045531197301855
1.0,6.0,32.0,0.1,0.075,0.2,1.0,589.0,0.0,0.0,0.100169779286927
1.0,6.0,33.0,0.1,0.075,0.2,1.0,586.0,0.0,0.0,0.10238907849829351
1.0,6.0,34.0,0.1,0.075,0.2,1.0,586.0,0.0,0.0,0.10068259385665529
1.0,6.0,35.0,0.1,0.075,0.2,1.0,583.0,0.0,0.0,0.10120068610634649
1.0,6.0,36.0,0.1,0.075,0.2,1.0,551.0,0.0,0.0,0.10526315789473684
1.0,6.0,37.0,0.1,0.075,0.2,1.0,552.0,0.0,0.0,0.10869565217391304
1.0,6.0,38.0,0.1,0.075,0.2,1.0,540.0,0.0,0.0,0.1
1.0,6.0,39.0,0.1,0.075,0.2,1.0,532.0,0.0,0.0,0.10902255639097744
1.0,6.0,40.0,0.1,0.075,0.2,1.0,541.0,0.0,0.0,0.10351201478743069
1.0,6.0,41.0,0.1,0.075,0.2,1.0,527.0,0.0,0.0,0.10815939278937381
1.0,6.0,42.0,0.1,0.075,0.2,1.0,537.0,0.0,0.0,0.10242085661080075
1.0,6.0,43.0,0.1,0.075,0.2,1.0,527.0,0.0,0.0,0.11005692599620494
1.0,6.0,44.0,0.1,0.075,0.2,1.0,521.0,0.0,0.0,0.09980806142034548
1.0,6.0,45.0,0.1,0.075,0.2,1.0,498.0,0.0,0.0,0.1927710843373494
1.0,6.0,46.0,0.1,0.075,0.2,1.0,495.0,0.0,0.0,0.18787878787878787
1.0,6.0,47.0,0.1,0.075,0.2,1.0,479.0,0.0,0.0,0.20041753653444677
1.0,6.0,48.0,0.1,0.075,0.2,1.0,472.0,0.0,0.0,0.1906779661016949
1.0,6.0,49.0,0.1,0.075,0.2,1.0,476.0,0.0,0.0,0.19747899159663865
1.0,6.0,50.0,0.1,0.075,0.2,1.0,473.0,0.0,0.0,0.19661733615221988
1.0,6.0,51.0,0.1,0.075,0.2,1.0,474.0,0.0,0.0,0.1962025316455696
1.0,6.0,52.0,0.1,0.075,0.2,1.0,469.0,0.0,0.0,0.19402985074626866
1.0,7.0,1.0,0.1,0.075,0.2,1.0,461.0,0.0,0.0,0.19739696312364424
1.0,7.0,2.0,0.1,0.075,0.2,1.0,448.0,0.0,0.0,0.18973214285714285
1.0,7.0,3.0,0.1,0.075,0.2,1.0,450.0,0.0,0.0,0.19555555555555557
1.0,7.0,4.0,0.1,0.075,0.2,1.0,444.0,0.0,0.0,0.1891891891891892
1.0,7.0,5.0,0.1,0.075,0.2,1.0,448.0,0.0,0.0,0.19419642857142858
1.0,7.0,6.0,0.1,0.075,0.2,1.0,444.0,0.0,0.0,0.19144144144144143
1.0,7.0,7.0,0.1,0.075,0.2,1.0,445.0,0.0,0.0,0.19101123595505617
1.0,7.0,8.0,0.1,0.075,0.2,1.0,441.0,0.0,0.0,0.1927437641723356
1.0,7.0,9.0,0.1,0.075,0.2,1.0,447.0,0.0,0.0,0.19015659955257272
1.0,7.0,10.0,0.1,0.075,0.2,1.0,442.0,0.0,0.0,0.19230769230769232
1.0,7.0,11.0,0.1,0.075,0.2,1.0,444.0,0.0,0.0,0.1891891891891892
1.0,7.0,12.0,0.1,0.075,0.2,1.0,437.0,0.0,0.0,0.18764302059496568
1.0,7.0,13.0,0.1,0.075,0.2,1.0,442.0,0.0,0.0,0.19230769230769232
1.0,7.0,14.0,0.1,0.075,0.2,1.0,434.0,0.0,0.0,0.1912442396313364
1.0,7.0,15.0,0.1,0.075,0.2,1.0,434.0,0.0,0.0,0.18663594470046083
1.0,7.0,16.0,0.1,0.075,0.2,1.0,432.0,0.0,0.0,0.1875
1.0,7.0,17.0,0.1,0.075,0.2,1.0,433.0,0.0,0.0,0.18706697459584296
1.0,7.0,18.0,0.1,0.075,0.2,1.0,431.0,0.0,0.0,0.18561484918793503
1.0,7.0,19.0,0.1,0.075,0.2,1.0,435.0,0.0,0.0,0.18620689655172415
1.0,7.0,20.0,0.1,0.075,0.2,1.0,747.0,0.0,0.0,0.10843373493975904
1.0,7.0,21.0,0.1,0.075,0.2,1.0,746.0,0.0,0.0,0.10455764075067024
1.0,7.0,22.0,0.1,0.075,0.2,1.0,729.0,0.0,0.0,0.10699588477366255
1.0,7.0,23.0,0.1,0.075,0.2,1.0,717.0,0.0,0.0,0.10739191073919108
1.0,7.0,24.0,0.1,0.075,0.2,1.0,710.0,0.0,0.0,0.10845070422535211
1.0,7.0,25.0,0.1,0.075,0.2,1.0,720.0,0.0,0.0,0.10694444444444444
1.0,7.0,26.0,0.1,0.075,0.2,1.0,681.0,0.0,0.0,0.10866372980910426
1.0,7.0,27.0,0.1,0.075,0.2,1.0,680.0,0.0,0.0,0.10735294117647058
1.0,7.0,28.0,0.1,0.075,0.2,1.0,667.0,0.0,0.0,0.10644677661169415
1.0,7.0,29.0,0.1,0.075,0.2,1.0,657.0,0.0,0.0,0.1080669710806697
1.0,7.0,30.0,0.1,0.075,0.2,1.0,646.0,0.0,0.0,0.10835913312693499
1.0,7.0,31.0,0.1,0.075,0.2,1.0,623.0,0.0,0.0,0.10754414125200643
1.0,7.0,32.0,0.1,0.075,0.2,1.0,617.0,0.0,0.0,0.1085899513776337
1.0,7.0,33.0,0.1,0.075,0.2,1.0,625.0,0.0,0.0,0.1088
1.0,7.0,34.0,0.1,0.075,0.2,1.0,613.0,0.0,0.0,0.10766721044045677
1.0,7.0,35.0,0.1,0.075,0.2,1.0,627.0,0.0,0.0,0.10845295055821372
1.0,7.0,36.0,0.1,0.075,0.2,1.0,613.0,0.0,0.0,0.10929853181076672
1.0,7.0,37.0,0.1,0.075,0.2,1.0,623.0,0.0,0.0,0.10593900481540931
1.0,7.0,38.0,0.1,0.075,0.2,1.0,610.0,0.0,0.0,0.10819672131147541
1.0,7.0,39.0,0.1,0.075,0.2,1.0,626.0,0.0,0.0,0.10543130990415335
1.0,7.0,40.0,0.1,0.075,0.2,1.0,610.0,0.0,0.0,0.10819672131147541
1.0,7.0,41.0,0.1,0.075,0.2,1.0,612.0,0.0,0.0,0.10947712418300654
1.0,7.0,42.0,0.1,0.075,0.2,1.0,596.0,0.0,0.0,0.11073825503355705
1.0,7.0,43.0,0.1,0.075,0.2,1.0,604.0,0.0,0.0,0.11092715231788079
1.0,7.0,44.0,0.1,0.075,0.2,1.0,573.0,0.0,0.0,0.10471204188481675
1.0,7.0,45.0,0.1,0.075,0.2,1.0,583.0,0.0,0.0,0.18181818181818182
1.0,7.0,46.0,0.1,0.075,0.2,1.0,566.0,0.0,0.0,0.17314487632508835
1.0,7.0,47.0,0.1,0.075,0.2,1.0,577.0,0.0,0.0,0.17677642980935876
1.0,7.0,48.0,0.1,0.075,0.2,1.0,565.0,0.0,0.0,0.1752212389380531
1.0,7.0,49.0,0.1,0.075,0.2,1.0,566.0,0.0,0.0,0.18021201413427562
1.0,7.0,50.0,0.1,0.075,0.2,1.0,554.0,0.0,0.0,0.17509025270758122
1.0,7.0,51.0,0.1,0.075,0.2,1.0,560.0,0.0,0.0,0.17857142857142858
1.0,7.0,52.0,0.1,0.075,0.2,1.0,547.0,0.0,0.0,0.17550274223034734
1.0,8.0,1.0,0.1,0.075,0.2,1.0,559.0,0.0,0.0,0.17889087656529518
1.0,8.0,2.0,0.1,0.075,0.2,1.0,547.0,0.0,0.0,0.17550274223034734
1.0,8.0,3.0,0.1,0.075,0.2,1.0,555.0,0.0,0.0,0.1783783783783784
1.0,8.0,4.0,0.1,0.075,0.2,1.0,543.0,0.0,0.0,0.17863720073664824
1.0,8.0,5.0,0.1,0.075,0.2,1.0,551.0,0.0,0.0,0.18148820326678766
1.0,8.0,6.0,0.1,0.075,0.2,1.0,542.0,0.0,0.0,0.18081180811808117
1.0,8.0,7.0,0.1,0.075,0.2,1.0,549.0,0.0,0.0,0.18032786885245902
1.0,8.0,8.0,0.1,0.075,0.2,1.0,541.0,0.0,0.0,0.18114602587800369
1.0,8.0,9.0,0.1,0.075,0.2,1.0,549.0,0.0,0.0,0.18032786885245902
1.0,8.0,10.0,0.1,0.075,0.2,1.0,541.0,0.0,0.0,0.17929759704251386
1.0,8.0,11.0,0.1,0.075,0.2,1.0,545.0,0.0,0.0,0.1798165137614679
1.0,8.0,12.0,0.1,0.075,0.2,1.0,539.0,0.0,0.0,0.17810760667903525
1.0,8.0,13.0,0.1,0.075,0.2,1.0,530.0,0.0,0.0,0.1811320754716981
1.0,8.0,14.0,0.1,0.075,0.2,1.0,524.0,0.0,0.0,0.17938931297709923
1.0,8.0,15.0,0.1,0.075,0.2,1.0,530.0,0.0,0.0,0.1811320754716981
1.0,8.0,16.0,0.1,0.075,0.2,1.0,524.0,0.0,0.0,0.17938931297709923
1.0,8.0,17.0,0.1,0.075,0.2,1.0,530.0,0.0,0.0,0.1811320754716981
1.0,8.0,18.0,0.1,0.075,0.2,1.0,523.0,0.0,0.0,0.17973231357552583
1.0,8.0,19.0,0.1,0.075,0.2,1.0,530.0,0.0,0.0,0.1811320754716981
1.0,8.0,20.0,0.1,0.075,0.2,1.0,1024.0,0.0,0.0,0.091796875
1.0,8.0,21.0,0.1,0.075,0.2,1.0,1006.0,0.0,0.0,0.09145129224652088
1.0,8.0,22.0,0.1,0.075,0.2,1.0,968.0,0.0,0.0,0.09090909090909091
1.0,8.0,23.0,0.1,0.075,0.2,1.0,962.0,0.0,0.0,0.09251559251559252
1.0,8.0,24.0,0.1,0.075,0.2,1.0,917.0,0.0,0.0,0.0916030534351145
1.0,8.0,25.0,0.1,0.075,0.2,1.0,876.0,0.0,0.0,0.09474885844748858
1.0,8.0,26.0,0.1,0.075,0.2,1.0,836.0,0.0,0.0,0.09688995215311005
1.0,8.0,27.0,0.1,0.075,0.2,1.0,819.0,0.0,0.0,0.0989010989010989
1.0,8.0,28.0,0.1,0.075,0.2,1.0,758.0,0.0,0.0,0.10290237467018469
1.0,8.0,29.0,0.1,0.075,0.2,1.0,732.0,0.0,0.0,0.1051912568306011
1.0,8.0,30.0,0.1,0.075,0.2,1.0,709.0,0.0,0.0,0.10296191819464035
1.0,8.0,31.0,0.1,0.075,0.2,1.0,702.0,0.0,0.0,0.10256410256410256
1.0,8.0,32.0,0.1,0.075,0.2,1.0,705.0,0.0,0.0,0.10212765957446808
1.0,8.0,33.0,0.1,0.075,0.2,1.0,676.0,0.0,0.0,0.10355029585798817
1.0,8.0,34.0,0.1,0.075,0.2,1.0,666.0,0.0,0.0,0.1036036036036036
1.0,8.0,35.0,0.1,0.075,0.2,1.0,635.0,0.0,0.0,0.10866141732283464
1.0,8.0,36.0,0.1,0.075,0.2,1.0,639.0,0.0,0.0,0.107981220657277
1.0,8.0,37.0,0.1,0.075,0.2,1.0,621.0,0.0,0.0,0.10950080515297907
1.0,8.0,38.0,0.1,0.075,0.2,1.0,624.0,0.0,0.0,0.10897435897435898
1.0,8.0,39.0,0.1,0.075,0.2,1.0,622.0,0.0,0.0,0.10932475884244373
1.0,8.0,40.0,0.1,0.075,0.2,1.0,624.0,0.0,0.0,0.10897435897435898
1.0,8.0,41.0,0.1,0.075,0.2,1.0,622.0,0.0,0.0,0.10932475884244373
1.0,8.0,42.0,0.1,0.075,0.2,1.0,602.0,0.0,0.0,0.11295681063122924
1.0,8.0,43.0,0.1,0.075,0.2,1.0,600.0,0.0,0.0,0.11333333333333333
1.0,8.0,44.0,0.1,0.075,0.2,1.0,602.0,0.0,0.0,0.11295681063122924
1.0,8.0,45.0,0.1,0.075,0.2,1.0,596.0,0.0,0.0,0.18120805369127516
1.0,8.0,46.0,0.1,0.075,0.2,1.0,599.0,0.0,0.0,0.18196994991652754
1.0,8.0,47.0,0.1,0.075,0.2,1.0,596.0,0.0,0.0,0.18120805369127516
1.0,8.0,48.0,0.1,0.075,0.2,1.0,585.0,0.0,0.0,0.18461538461538463
1.0,8.0,49.0,0.1,0.075,0.2,1.0,571.0,0.0,0.0,0.18563922942206654
1.0,8.0,50.0,0.1,0.075,0.2,1.0,571.0,0.0,0.0,0.18739054290718038
1.0,8.0,51.0,0.1,0.075,0.2,1.0,572.0,0.0,0.0,0.18706293706293706
1.0,8.0,52.0,0.1,0.075,0.2,1.0,571.0,0.0,0.0,0.18739054290718038
1.0,9.0,1.0,0.1,0.075,0.2,1.0,573.0,0.0,0.0,0.18673647469458987
1.0,9.0,2.0,0.1,0.075,0.2,1.0,571.0,0.0,0.0,0.18739054290718038
1.0,9.0,3.0,0.1,0.075,0.2,1.0,568.0,0.0,0.0,0.18838028169014084
1.0,9.0,4.0,0.1,0.075,0.2,1.0,568.0,0.0,0.0,0.19014084507042253
1.0,9.0,5.0,0.1,0.075,0.2,1.0,567.0,0.0,0.0,0.18694885361552027
1.0,9.0,6.0,0.1,0.075,0.2,1.0,568.0,0.0,0.0,0.19014084507042253
1.0,9.0,7.0,0.1,0.075,0.2,1.0,566.0,0.0,0.0,0.1872791519434629
1.0,9.0,8.0,0.1,0.075,0.2,1.0,563.0,0.0,0.0,0.19182948490230906
1.0,9.0,9.0,0.1,0.075,0.2,1.0,560.0,0.0,0.0,0.18928571428571428
1.0,9.0,10.0,0.1,0.075,0.2,1.0,559.0,0.0,0.0,0.19320214669051877
1.0,9.0,11.0,0.1,0.075,0.2,1.0,557.0,0.0,0.0,0.19030520646319568
1.0,9.0,12.0,0.1,0.075,0.2,1.0,545.0,0.0,0.0,0.1944954128440367
1.0,9.0,13.0,0.1,0.075,0.2,1.0,539.0,0.0,0.0,0.19294990723562153
1.0,9.0,14.0,0.1,0.075,0.2,1.0,538.0,0.0,0.0,0.1970260223048327
1.0,9.0,15.0,0.1,0.075,0.2,1.0,540.0,0.0,0.0,0.1925925925925926
1.0,9.0,16.0,0.1,0.075,0.2,1.0,526.0,0.0,0.0,0.19961977186311788
1.0,9.0,17.0,0.1,0.075,0.2,1.0,525.0,0.0,0.0,0.1961904761904762
1.0,9.0,18.0,0.1,0.075,0.2,1.0,526.0,0.0,0.0,0.19961977186311788
1.0,9.0,19.0,0.1,0.075,0.2,1.0,524.0,0.0,0.0,0.1965648854961832
1.0,9.0,20.0,0.1,0.075,0.2,1.0,953.0,0.0,0.0,0.10703043022035677
1.0,9.0,21.0,0.1,0.075,0.2,1.0,882.0,0.0,0.0,0.10884353741496598
1.0,9.0,22.0,0.1,0.075,0.2,1.0,839.0,0.0,0.0,0.11442193087008343
1.0,9.0,23.0,0.1,0.075,0.2,1.0,818.0,0.0,0.0,0.11246943765281174
1.0,9.0,24.0,0.1,0.075,0.2,1.0,816.0,0.0,0.0,0.11397058823529412
1.0,9.0,25.0,0.1,0.075,0.2,1.0,766.0,0.0,0.0,0.11618798955613577
1.0,9.0,26.0,0.1,0.075,0.2,1.0,749.0,0.0,0.0,0.12016021361815754
1.0,9.0,27.0,0.1,0.075,0.2,1.0,723.0,0.0,0.0,0.12171507607192254
1.0,9.0,28.0,0.1,0.075,0.2,1.0,714.0,0.0,0.0,0.12464985994397759
1.0,9.0,29.0,0.1,0.075,0.2,1.0,684.0,0.0,0.0,0.12426900584795321
1.0,9.0,30.0,0.1,0.075,0.2,1.0,676.0,0.0,0.0,0.128698224852071
1.0,9.0,31.0,0.1,0.075,0.2,1.0,672.0,0.0,0.0,0.12648809523809523
1.0,9.0,32.0,0.1,0.075,0.2,1.0,676.0,0.0,0.0,0.128698224852071
1.0,9.0,33.0,0.1,0.075,0.2,1.0,670.0,0.0,0.0,0.12686567164179105
1.0,9.0,34.0,0.1,0.075,0.2,1.0,677.0,0.0,0.0,0.12850812407680945
1.0,9.0,35.0,0.1,0.075,0.2,1.0,645.0,0.0,0.0,0.13178294573643412
1.0,9.0,36.0,0.1,0.075,0.2,1.0,652.0,0.0,0.0,0.1334355828220859
1.0,9.0,37.0,0.1,0.075,0.2,1.0,634.0,0.0,0.0,0.13406940063091483
1.0,9.0,38.0,0.1,0.075,0.2,1.0,642.0,0.0,0.0,0.13551401869158877
1.0,9.0,39.0,0.1,0.075,0.2,1.0,634.0,0.0,0.0,0.13406940063091483
1.0,9.0,40.0,0.1,0.075,0.2,1.0,640.0,0.0,0.0,0.1359375
1.0,9.0,41.0,0.1,0.075,0.2,1.0,598.0,0.0,0.0,0.1354515050167224
1.0,9.0,42.0,0.1,0.075,0.2,1.0,602.0,0.0,0.0,0.1362126245847176
1.0,9.0,43.0,0.1,0.075,0.2,1.0,599.0,0.0,0.0,0.13689482470784642
1.0,9.0,44.0,0.1,0.075,0.2,1.0,590.0,0.0,0.0,0.13898305084745763
1.0,9.0,45.0,0.1,0.075,0.2,1.0,589.0,0.0,0.0,0.2037351443123939
1.0,9.0,46.0,0.1,0.075,0.2,1.0,590.0,0.0,0.0,0.20508474576271185
1.0,9.0,47.0,0.1,0.075,0.2,1.0,574.0,0.0,0.0,0.20905923344947736
1.0,9.0,48.0,0.1,0.075,0.2,1.0,579.0,0.0,0.0,0.20898100172711573
1.0,9.0,49.0,0.1,0.075,0.2,1.0,574.0,0.0,0.0,0.20905923344947736
1.0,9.0,50.0,0.1,0.075,0.2,1.0,573.0,0.0,0.0,0.2094240837696335
1.0,9.0,51.0,0.1,0.075,0.2,1.0,570.0,0.0,0.0,0.21052631578947367
1.0,9.0,52.0,0.1,0.075,0.2,1.0,572.0,0.0,0.0,0.21153846153846154
1.0,10.0,1.0,0.1,0.075,0.2,1.0,567.0,0.0,0.0,0.21340388007054673
1.0,10.0,2.0,0.1,0.075,0.2,1.0,569.0,0.0,0.0,0.2126537785588752
1.0,10.0,3.0,0.1,0.075,0.2,1.0,562.0,0.0,0.0,0.2117437722419929
1.0,10.0,4.0,0.1,0.075,0.2,1.0,565.0,0.0,0.0,0.21061946902654868
1.0,10.0,5.0,0.1,0.075,0.2,1.0,560.0,0.0,0.0,0.2125
1.0,10.0,6.0,0.1,0.075,0.2,1.0,563.0,0.0,0.0,0.2113676731793961
1.0,10.0,7.0,0.1,0.075,0.2,1.0,560.0,0.0,0.0,0.2125
1.0,10.0,8.0,0.1,0.075,0.2,1.0,561.0,0.0,0.0,0.21212121212121213
1.0,10.0,9.0,0.1,0.075,0.2,1.0,558.0,0.0,0.0,0.2132616487455197
1.0,10.0,10.0,0.1,0.075,0.2,1.0,561.0,0.0,0.0,0.21212121212121213
1.0,10.0,11.0,0.1,0.075,0.2,1.0,558.0,0.0,0.0,0.2132616487455197
1.0,10.0,12.0,0.1,0.075,0.2,1.0,559.0,0.0,0.0,0.21288014311270126
1.0,10.0,13.0,0.1,0.075,0.2,1.0,557.0,0.0,0.0,0.21364452423698385
1.0,10.0,14.0,0.1,0.075,0.2,1.0,555.0,0.0,0.0,0.2126126126126126
1.0,10.0,15.0,0.1,0.075,0.2,1.0,554.0,0.0,0.0,0.21299638989169675
1.0,10.0,16.0,0.1,0.075,0.2,1.0,555.0,0.0,0.0,0.2126126126126126
1.0,10.0,17.0,0.1,0.075,0.2,1.0,554.0,0.0,0.0,0.21299638989169675
1.0,10.0,18.0,0.1,0.075,0.2,1.0,553.0,0.0,0.0,0.21338155515370705
1.0,10.0,19.0,0.1,0.075,0.2,1.0,553.0,0.0,0.0,0.21338155515370705
1.0,10.0,20.0,0.1,0.075,0.2,1.0,901.0,0.0,0.0,0.12097669256381798
1.0,10.0,21.0,0.1,0.075,0.2,1.0,877.0,0.0,0.0,0.12200684150513112
1.0,10.0,22.0,0.1,0.075,0.2,1.0,847.0,0.0,0.0,0.12632821723730814
1.0,10.0,23.0,0.1,0.075,0.2,1.0,854.0,0.0,0.0,0.12646370023419204
1.0,10.0,24.0,0.1,0.075,0.2,1.0,825.0,0.0,0.0,0.1296969696969697
1.0,10.0,25.0,0.1,0.075,0.2,1.0,831.0,0.0,0.0,0.1299638989169675
1.0,10.0,26.0,0.1,0.075,0.2,1.0,824.0,0.0,0.0,0.12985436893203883
1.0,10.0,27.0,0.1,0.075,0.2,1.0,813.0,0.0,0.0,0.13284132841328414
1.0,10.0,28.0,0.1,0.075,0.2,1.0,807.0,0.0,0.0,0.1325898389095415
1.0,10.0,29.0,0.1,0.075,0.2,1.0,797.0,0.0,0.0,0.13174404015056462
1.0,10.0,30.0,0.1,0.075,0.2,1.0,750.0,0.0,0.0,0.13466666666666666
1.0,10.0,31.0,0.1,0.075,0.2,1.0,756.0,0.0,0.0,0.1349206349206349
1.0,10.0,32.0,0.1,0.075,0.2,1.0,738.0,0.0,0.0,0.13550135501355012
1.0,10.0,33.0,0.1,0.075,0.2,1.0,727.0,0.0,0.0,0.1375515818431912
1.0,10.0,34.0,0.1,0.075,0.2,1.0,713.0,0.0,0.0,0.1388499298737728
1.0,10.0,35.0,0.1,0.075,0.2,1.0,688.0,0.0,0.0,0.1438953488372093
1.0,10.0,36.0,0.1,0.075,0.2,1.0,682.0,0.0,0.0,0.1436950146627566
1.0,10.0,37.0,0.1,0.075,0.2,1.0,688.0,0.0,0.0,0.1438953488372093
1.0,10.0,38.0,0.1,0.075,0.2,1.0,662.0,0.0,0.0,0.14350453172205438
1.0,10.0,39.0,0.1,0.075,0.2,1.0,650.0,0.0,0.0,0.1476923076923077
1.0,10.0,40.0,0.1,0.075,0.2,1.0,652.0,0.0,0.0,0.14570552147239263
1.0,10.0,41.0,0.1,0.075,0.2,1.0,650.0,0.0,0.0,0.1476923076923077
1.0,10.0,42.0,0.1,0.075,0.2,1.0,652.0,0.0,0.0,0.14570552147239263
1.0,10.0,43.0,0.1,0.075,0.2,1.0,653.0,0.0,0.0,0.14701378254211334
1.0,10.0,44.0,0.1,0.075,0.2,1.0,624.0,0.0,0.0,0.14743589743589744
1.0,10.0,45.0,0.1,0.075,0.2,1.0,612.0,0.0,0.0,0.2222222222222222
1.0,10.0,46.0,0.1,0.075,0.2,1.0,610.0,0.0,0.0,0.22131147540983606
1.0,10.0,47.0,0.1,0.075,0.2,1.0,609.0,0.0,0.0,0.2233169129720854
1.0,10.0,48.0,0.1,0.075,0.2,1.0,610.0,0.0,0.0,0.22131147540983606
1.0,10.0,49.0,0.1,0.075,0.2,1.0,610.0,0.0,0.0,0.22295081967213115
1.0,10.0,50.0,0.1,0.075,0.2,1.0,611.0,0.0,0.0,0.2225859247135843
1.0,10.0,51.0,0.1,0.075,0.2,1.0,609.0,0.0,0.0,0.2233169129720854
1.0,10.0,52.0,0.1,0.075,0.2,1.0,610.0,0.0,0.0,0.22295081967213115
2.0,1.0,1.0,0.1,0.075,0.2,1.0,5137.0,44.0,9.0,0.09986373369671014
2.0,1.0,2.0,0.1,0.075,0.2,1.0,5128.0,54.0,20.0,0.10081903276131045
2.0,1.0,3.0,0.1,0.075,0.2,1.0,4995.0,57.0,32.0,0.1015015015015015
2.0,1.0,4.0,0.1,0.075,0.2,1.0,4979.0,84.0,31.0,0.10182767624020887
2.0,1.0,5.0,0.1,0.075,0.2,1.0,5015.0,117.0,35.0,0.10269192422731804
2.0,1.0,6.0,0.1,0.075,0.2,1.0,4888.0,126.0,36.0,0.1039279869067103
2.0,1.0,7.0,0.1,0.075,0.2,1.0,4732.0,138.0,55.0,0.10460693153000845
2.0,1.0,8.0,0.1,0.075,0.2,1.0,4618.0,188.0,63.0,0.10545690775227372
2.0,1.0,9.0,0.1,0.075,0.2,1.0,4516.0,232.0,82.0,0.10584588131089459
2.0,1.0,10.0,0.1,0.075,0.2,1.0,4392.0,288.0,91.0,0.10632969034608379
2.0,1.0,11.0,0.1,0.075,0.2,1.0,4273.0,329.0,118.0,0.10741867540369764
2.0,1.0,12.0,0.1,0.075,0.2,1.0,4138.0,329.0,138.0,0.10874818753020783
2.0,1.0,13.0,0.1,0.075,0.2,1.0,3953.0,330.0,151.0,0.10776625347837086
2.0,1.0,14.0,0.1,0.075,0.2,1.0,3857.0,335.0,159.0,0.109411459683692
2.0,1.0,15.0,0.1,0.075,0.2,1.0,3727.0,349.0,173.0,0.11054467400053662
2.0,1.0,16.0,0.1,0.075,0.2,1.0,3652.0,355.0,165.0,0.1119934282584885
2.0,1.0,17.0,0.1,0.075,0.2,1.0,3543.0,360.0,169.0,0.11148744002257974
2.0,1.0,18.0,0.1,0.075,0.2,1.0,3456.0,372.0,174.0,0.11371527777777778
2.0,1.0,19.0,0.1,0.075,0.2,1.0,3357.0,346.0,168.0,0.11379207625856419
2.0,1.0,20.0,0.1,0.075,0.2,1.0,6049.0,330.0,159.0,0.06265498429492478
2.0,1.0,21.0,0.1,0.075,0.2,1.0,5563.0,372.0,150.0,0.06489304332194859
2.0,1.0,22.0,0.1,0.075,0.2,1.0,5283.0,419.0,162.0,0.06625023660798789
2.0,1.0,23.0,0.1,0.075,0.2,1.0,5007.0,426.0,165.0,0.06710605152786099
2.0,1.0,24.0,0.1,0.075,0.2,1.0,4670.0,452.0,181.0,0.06916488222698072
2.0,1.0,25.0,0.1,0.075,0.2,1.0,4432.0,469.0,200.0,0.0710740072202166
2.0,1.0,26.0,0.1,0.075,0.2,1.0,4313.0,536.0,226.0,0.07257129608161372
2.0,1.0,27.0,0.1,0.075,0.2,1.0,4083.0,534.0,222.0,0.07421013960323292
2.0,1.0,28.0,0.1,0.075,0.2,1.0,3807.0,517.0,209.0,0.07617546624638823
2.0,1.0,29.0,0.1,0.075,0.2,1.0,3629.0,533.0,230.0,0.07798291540369248
2.0,1.0,30.0,0.1,0.075,0.2,1.0,3430.0,544.0,240.0,0.08104956268221575
2.0,1.0,31.0,0.1,0.075,0.2,1.0,3315.0,575.0,257.0,0.0832579185520362
2.0,1.0,32.0,0.1,0.075,0.2,1.0,3079.0,560.0,259.0,0.08671646638519
2.0,1.0,33.0,0.1,0.075,0.2,1.0,2902.0,545.0,271.0,0.08959338387319091
2.0,1.0,34.0,0.1,0.075,0.2,1.0,2740.0,557.0,256.0,0.09598540145985401
2.0,1.0,35.0,0.1,0.075,0.2,1.0,2579.0,507.0,232.0,0.09926328034121752
2.0,1.0,36.0,0.1,0.075,0.2,1.0,2411.0,451.0,233.0,0.10576524263790958
2.0,1.0,37.0,0.1,0.075,0.2,1.0,2349.0,459.0,238.0,0.10770540655598126
2.0,1.0,38.0,0.1,0.075,0.2,1.0,2203.0,432.0,218.0,0.11438946890603723
2.0,1.0,39.0,0.1,0.075,0.2,1.0,2070.0,385.0,183.0,0.11884057971014493
2.0,1.0,40.0,0.1,0.075,0.2,1.0,1943.0,367.0,183.0,0.12506433350488935
2.0,1.0,41.0,0.1,0.075,0.2,1.0,1852.0,356.0,170.0,0.12958963282937366
2.0,1.0,42.0,0.1,0.075,0.2,1.0,1711.0,317.0,163.0,0.1396843950905903
2.0,1.0,43.0,0.1,0.075,0.2,1.0,1650.0,310.0,155.0,0.1406060606060606
2.0,1.0,44.0,0.1,0.075,0.2,1.0,1557.0,301.0,136.0,0.147077713551702
2.0,1.0,45.0,0.1,0.075,0.2,1.0,1475.0,270.0,123.0,0.21966101694915255
2.0,1.0,46.0,0.1,0.075,0.2,1.0,1403.0,254.0,126.0,0.22594440484675696
2.0,1.0,47.0,0.1,0.075,0.2,1.0,1358.0,251.0,138.0,0.23269513991163476
2.0,1.0,48.0,0.1,0.075,0.2,1.0,1292.0,239.0,129.0,0.23916408668730652
2.0,1.0,49.0,0.1,0.075,0.2,1.0,1240.0,222.0,116.0,0.24435483870967742
2.0,1.0,50.0,0.1,0.075,0.2,1.0,1168.0,187.0,92.0,0.2534246575342466
2.0,1.0,51.0,0.1,0.075,0.2,1.0,1142.0,172.0,98.0,0.2548161120840631
2.0,1.0,52.0,0.1,0.075,0.2,1.0,1081.0,139.0,81.0,0.2664199814986124
2.0,2.0,1.0,0.1,0.075,0.2,1.0,1058.0,129.0,74.0,0.2712665406427221
2.0,2.0,2.0,0.1,0.075,0.2,1.0,1013.0,103.0,58.0,0.2833168805528134
2.0,2.0,3.0,0.1,0.075,0.2,1.0,983.0,91.0,46.0,0.28585961342828076
2.0,2.0,4.0,0.1,0.075,0.2,1.0,960.0,78.0,45.0,0.2947916666666667
2.0,2.0,5.0,0.1,0.075,0.2,1.0,936.0,70.0,41.0,0.29914529914529914
2.0,2.0,6.0,0.1,0.075,0.2,1.0,921.0,65.0,37.0,0.30510314875135724
2.0,2.0,7.0,0.1,0.075,0.2,1.0,897.0,55.0,33.0,0.30992196209587514
2.0,2.0,8.0,0.1,0.075,0.2,1.0,885.0,49.0,26.0,0.31412429378531076
2.0,2.0,9.0,0.1,0.075,0.2,1.0,871.0,44.0,23.0,0.3157290470723307
2.0,2.0,10.0,0.1,0.075,0.2,1.0,864.0,47.0,21.0,0.32060185185185186
2.0,2.0,11.0,0.1,0.075,0.2,1.0,846.0,40.0,27.0,0.3215130023640662
2.0,2.0,12.0,0.1,0.075,0.2,1.0,839.0,39.0,27.0,0.3253873659117998
2.0,2.0,13.0,0.1,0.075,0.2,1.0,820.0,40.0,22.0,0.32682926829268294
2.0,2.0,14.0,0.1,0.075,0.2,1.0,805.0,36.0,16.0,0.32919254658385094
2.0,2.0,15.0,0.1,0.075,0.2,1.0,791.0,34.0,15.0,0.3324905183312263
2.0,2.0,16.0,0.1,0.075,0.2,1.0,788.0,32.0,15.0,0.33248730964467005
2.0,2.0,17.0,0.1,0.075,0.2,1.0,770.0,27.0,19.0,0.33636363636363636
2.0,2.0,18.0,0.1,0.075,0.2,1.0,769.0,24.0,17.0,0.3368010403120936
2.0,2.0,19.0,0.1,0.075,0.2,1.0,757.0,24.0,15.0,0.3368560105680317
2.0,2.0,20.0,0.1,0.075,0.2,1.0,1346.0,15.0,8.0,0.1887072808320951
2.0,2.0,21.0,0.1,0.075,0.2,1.0,1308.0,16.0,6.0,0.18883792048929662
2.0,2.0,22.0,0.1,0.075,0.2,1.0,1299.0,18.0,7.0,0.18937644341801385
2.0,2.0,23.0,0.1,0.075,0.2,1.0,1276.0,13.0,7.0,0.18887147335423196
2.0,2.0,24.0,0.1,0.075,0.2,1.0,1255.0,15.0,6.0,0.1904382470119522
2.0,2.0,25.0,0.1,0.075,0.2,1.0,1221.0,10.0,3.0,0.19082719082719082
2.0,2.0,26.0,0.1,0.075,0.2,1.0,1190.0,14.0,6.0,0.1899159663865546
2.0,2.0,27.0,0.1,0.075,0.2,1.0,1153.0,10.0,4.0,0.1899392888117953
2.0,2.0,28.0,0.1,0.075,0.2,1.0,1159.0,18.0,9.0,0.18809318377911993
2.0,2.0,29.0,0.1,0.075,0.2,1.0,1135.0,10.0,2.0,0.19030837004405288
2.0,2.0,30.0,0.1,0.075,0.2,1.0,1142.0,13.0,8.0,0.18914185639229422
2.0,2.0,31.0,0.1,0.075,0.2,1.0,1127.0,9.0,2.0,0.19077196095829635
2.0,2.0,32.0,0.1,0.075,0.2,1.0,1115.0,13.0,7.0,0.19013452914798207
2.0,2.0,33.0,0.1,0.075,0.2,1.0,1097.0,10.0,4.0,0.19325432999088424
2.0,2.0,34.0,0.1,0.075,0.2,1.0,1083.0,13.0,6.0,0.19298245614035087
2.0,2.0,35.0,0.1,0.075,0.2,1.0,1066.0,11.0,6.0,0.19418386491557224
2.0,2.0,36.0,0.1,0.075,0.2,1.0,1050.0,10.0,3.0,0.19047619047619047
2.0,2.0,37.0,0.1,0.075,0.2,1.0,1035.0,13.0,5.0,0.19227053140096617
2.0,2.0,38.0,0.1,0.075,0.2,1.0,1006.0,12.0,5.0,0.19284294234592445
2.0,2.0,39.0,0.1,0.075,0.2,1.0,983.0,10.0,5.0,0.1953204476093591
2.0,2.0,40.0,0.1,0.075,0.2,1.0,975.0,13.0,4.0,0.19487179487179487
2.0,2.0,41.0,0.1,0.075,0.2,1.0,968.0,11.0,4.0,0.1952479338842975
2.0,2.0,42.0,0.1,0.075,0.2,1.0,937.0,12.0,7.0,0.19530416221985059
2.0,2.0,43.0,0.1,0.075,0.2,1.0,922.0,14.0,7.0,0.19522776572668113
2.0,2.0,44.0,0.1,0.075,0.2,1.0,897.0,14.0,5.0,0.1939799331103679
2.0,2.0,45.0,0.1,0.075,0.2,1.0,883.0,14.0,4.0,0.26047565118912797
2.0,2.0,46.0,0.1,0.075,0.2,1.0,882.0,16.0,7.0,0.25963718820861675
2.0,2.0,47.0,0.1,0.075,0.2,1.0,865.0,18.0,8.0,0.261271676300578
2.0,2.0,48.0,0.1,0.075,0.2,1.0,862.0,20.0,10.0,0.2633410672853828
2.0,2.0,49.0,0.1,0.075,0.2,1.0,852.0,18.0,11.0,0.2605633802816901
2.0,2.0,50.0,0.1,0.075,0.2,1.0,838.0,17.0,9.0,0.26610978520286394
2.0,2.0,51.0,0.1,0.075,0.2,1.0,836.0,14.0,7.0,0.26435406698564595
2.0,2.0,52.0,0.1,0.075,0.2,1.0,820.0,13.0,7.0,0.26707317073170733
2.0,3.0,1.0,0.1,0.075,0.2,1.0,819.0,16.0,7.0,0.26373626373626374
2.0,3.0,2.0,0.1,0.075,0.2,1.0,800.0,15.0,8.0,0.2675
2.0,3.0,3.0,0.1,0.075,0.2,1.0,793.0,11.0,6.0,0.2648171500630517
2.0,3.0,4.0,0.1,0.075,0.2,1.0,791.0,11.0,10.0,0.26801517067003794
2.0,3.0,5.0,0.1,0.075,0.2,1.0,785.0,12.0,7.0,0.267515923566879
2.0,3.0,6.0,0.1,0.075,0.2,1.0,777.0,11.0,4.0,0.2702702702702703
2.0,3.0,7.0,0.1,0.075,0.2,1.0,777.0,7.0,2.0,0.2702702702702703
2.0,3.0,8.0,0.1,0.075,0.2,1.0,767.0,7.0,4.0,0.27249022164276404
2.0,3.0,9.0,0.1,0.075,0.2,1.0,750.0,10.0,6.0,0.268
2.0,3.0,10.0,0.1,0.075,0.2,1.0,740.0,12.0,5.0,0.2689189189189189
2.0,3.0,11.0,0.1,0.075,0.2,1.0,736.0,11.0,5.0,0.2703804347826087
2.0,3.0,12.0,0.1,0.075,0.2,1.0,727.0,11.0,4.0,0.2723521320495186
2.0,3.0,13.0,0.1,0.075,0.2,1.0,728.0,13.0,6.0,0.2706043956043956
2.0,3.0,14.0,0.1,0.075,0.2,1.0,715.0,12.0,5.0,0.2727272727272727
2.0,3.0,15.0,0.1,0.075,0.2,1.0,707.0,13.0,7.0,0.2758132956152758
2.0,3.0,16.0,0.1,0.075,0.2,1.0,707.0,12.0,6.0,0.2758132956152758
2.0,3.0,17.0,0.1,0.075,0.2,1.0,695.0,16.0,7.0,0.2762589928057554
2.0,3.0,18.0,0.1,0.075,0.2,1.0,696.0,14.0,5.0,0.27298850574712646
2.0,3.0,19.0,0.1,0.075,0.2,1.0,685.0,13.0,5.0,0.2759124087591241
2.0,3.0,20.0,0.1,0.075,0.2,1.0,1283.0,11.0,4.0,0.14575214341387374
2.0,3.0,21.0,0.1,0.075,0.2,1.0,1223.0,12.0,5.0,0.1471790678659035
2.0,3.0,22.0,0.1,0.075,0.2,1.0,1219.0,17.0,8.0,0.14766201804757997
2.0,3.0,23.0,0.1,0.075,0.2,1.0,1143.0,25.0,10.0,0.15223097112860892
2.0,3.0,24.0,0.1,0.075,0.2,1.0,1119.0,28.0,13.0,0.1546023235031278
2.0,3.0,25.0,0.1,0.075,0.2,1.0,1084.0,30.0,12.0,0.1577490774907749
2.0,3.0,26.0,0.1,0.075,0.2,1.0,1087.0,31.0,16.0,0.15639374425023
2.0,3.0,27.0,0.1,0.075,0.2,1.0,1028.0,30.0,15.0,0.15856031128404668
2.0,3.0,28.0,0.1,0.075,0.2,1.0,1040.0,32.0,14.0,0.15673076923076923
2.0,3.0,29.0,0.1,0.075,0.2,1.0,993.0,24.0,12.0,0.16314199395770393
2.0,3.0,30.0,0.1,0.075,0.2,1.0,978.0,23.0,10.0,0.16359918200409
2.0,3.0,31.0,0.1,0.075,0.2,1.0,953.0,25.0,11.0,0.16369359916054566
2.0,3.0,32.0,0.1,0.075,0.2,1.0,921.0,19.0,8.0,0.16612377850162866
2.0,3.0,33.0,0.1,0.075,0.2,1.0,913.0,19.0,8.0,0.16538882803943045
2.0,3.0,34.0,0.1,0.075,0.2,1.0,901.0,19.0,7.0,0.16537180910099888
2.0,3.0,35.0,0.1,0.075,0.2,1.0,892.0,19.0,9.0,0.1647982062780269
2.0,3.0,36.0,0.1,0.075,0.2,1.0,884.0,25.0,8.0,0.16515837104072398
2.0,3.0,37.0,0.1,0.075,0.2,1.0,882.0,27.0,7.0,0.16666666666666666
2.0,3.0,38.0,0.1,0.075,0.2,1.0,870.0,25.0,9.0,0.16551724137931034
2.0,3.0,39.0,0.1,0.075,0.2,1.0,857.0,26.0,12.0,0.16686114352392065
2.0,3.0,40.0,0.1,0.075,0.2,1.0,833.0,28.0,13.0,0.16686674669867949
2.0,3.0,41.0,0.1,0.075,0.2,1.0,777.0,22.0,13.0,0.17631917631917632
2.0,3.0,42.0,0.1,0.075,0.2,1.0,740.0,14.0,5.0,0.1810810810810811
2.0,3.0,43.0,0.1,0.075,0.2,1.0,740.0,14.0,6.0,0.17972972972972973
2.0,3.0,44.0,0.1,0.075,0.2,1.0,707.0,15.0,7.0,0.18528995756718528
2.0,3.0,45.0,0.1,0.075,0.2,1.0,698.0,17.0,7.0,0.23782234957020057
2.0,3.0,46.0,0.1,0.075,0.2,1.0,691.0,11.0,5.0,0.2402315484804631
2.0,3.0,47.0,0.1,0.075,0.2,1.0,667.0,12.0,5.0,0.239880059970015
2.0,3.0,48.0,0.1,0.075,0.2,1.0,644.0,13.0,5.0,0.24378881987577639
2.0,3.0,49.0,0.1,0.075,0.2,1.0,622.0,13.0,8.0,0.2395498392282958
2.0,3.0,50.0,0.1,0.075,0.2,1.0,613.0,12.0,4.0,0.24306688417618272
2.0,3.0,51.0,0.1,0.075,0.2,1.0,608.0,12.0,5.0,0.23848684210526316
2.0,3.0,52.0,0.1,0.075,0.2,1.0,605.0,12.0,4.0,0.2462809917355372
2.0,4.0,1.0,0.1,0.075,0.2,1.0,597.0,11.0,6.0,0.23785594639865998
2.0,4.0,2.0,0.1,0.075,0.2,1.0,594.0,10.0,5.0,0.24579124579124578
2.0,4.0,3.0,0.1,0.075,0.2,1.0,581.0,10.0,6.0,0.23752151462994836
2.0,4.0,4.0,0.1,0.075,0.2,1.0,583.0,11.0,5.0,0.24528301886792453
2.0,4.0,5.0,0.1,0.075,0.2,1.0,576.0,11.0,7.0,0.24131944444444445
2.0,4.0,6.0,0.1,0.075,0.2,1.0,573.0,10.0,5.0,0.24956369982547993
2.0,4.0,7.0,0.1,0.075,0.2,1.0,570.0,9.0,6.0,0.24210526315789474
2.0,4.0,8.0,0.1,0.075,0.2,1.0,567.0,6.0,4.0,0.25220458553791886
2.0,4.0,9.0,0.1,0.075,0.2,1.0,553.0,7.0,5.0,0.24954792043399637
2.0,4.0,10.0,0.1,0.075,0.2,1.0,549.0,8.0,4.0,0.2568306010928962
2.0,4.0,11.0,0.1,0.075,0.2,1.0,541.0,6.0,3.0,0.2476894639556377
2.0,4.0,12.0,0.1,0.075,0.2,1.0,540.0,5.0,4.0,0.2574074074074074
2.0,4.0,13.0,0.1,0.075,0.2,1.0,537.0,6.0,4.0,0.24953445065176907
2.0,4.0,14.0,0.1,0.075,0.2,1.0,535.0,6.0,3.0,0.25794392523364484
2.0,4.0,15.0,0.1,0.075,0.2,1.0,521.0,4.0,2.0,0.2514395393474088
2.0,4.0,16.0,0.1,0.075,0.2,1.0,530.0,4.0,2.0,0.25849056603773585
2.0,4.0,17.0,0.1,0.075,0.2,1.0,518.0,5.0,2.0,0.24903474903474904
2.0,4.0,18.0,0.1,0.075,0.2,1.0,521.0,5.0,3.0,0.26103646833013433
2.0,4.0,19.0,0.1,0.075,0.2,1.0,516.0,5.0,3.0,0.25
2.0,4.0,20.0,0.1,0.075,0.2,1.0,1012.0,5.0,3.0,0.13339920948616601
2.0,4.0,21.0,0.1,0.075,0.2,1.0,976.0,4.0,1.0,0.1290983606557377
2.0,4.0,22.0,0.1,0.075,0.2,1.0,963.0,4.0,1.0,0.13499480789200416
2.0,4.0,23.0,0.1,0.075,0.2,1.0,936.0,5.0,2.0,0.13247863247863248
2.0,4.0,24.0,0.1,0.075,0.2,1.0,929.0,6.0,4.0,0.1377825618945102
2.0,4.0,25.0,0.1,0.075,0.2,1.0,919.0,9.0,5.0,0.1338411316648531
2.0,4.0,26.0,0.1,0.075,0.2,1.0,890.0,11.0,3.0,0.1393258426966292
2.0,4.0,27.0,0.1,0.075,0.2,1.0,859.0,9.0,2.0,0.13387660069848661
2.0,4.0,28.0,0.1,0.075,0.2,1.0,864.0,8.0,2.0,0.13657407407407407
2.0,4.0,29.0,0.1,0.075,0.2,1.0,841.0,10.0,4.0,0.13198573127229488
2.0,4.0,30.0,0.1,0.075,0.2,1.0,841.0,10.0,5.0,0.13912009512485138
2.0,4.0,31.0,0.1,0.075,0.2,1.0,821.0,10.0,5.0,0.13398294762484775
2.0,4.0,32.0,0.1,0.075,0.2,1.0,813.0,9.0,4.0,0.14022140221402213
2.0,4.0,33.0,0.1,0.075,0.2,1.0,803.0,9.0,5.0,0.1307596513075965
2.0,4.0,34.0,0.1,0.075,0.2,1.0,788.0,14.0,4.0,0.1383248730964467
2.0,4.0,35.0,0.1,0.075,0.2,1.0,757.0,14.0,5.0,0.13738441215323646
2.0,4.0,36.0,0.1,0.075,0.2,1.0,739.0,19.0,6.0,0.14614343707713126
2.0,4.0,37.0,0.1,0.075,0.2,1.0,733.0,20.0,7.0,0.14051841746248295
2.0,4.0,38.0,0.1,0.075,0.2,1.0,731.0,19.0,8.0,0.14774281805745554
2.0,4.0,39.0,0.1,0.075,0.2,1.0,722.0,21.0,11.0,0.14265927977839335
2.0,4.0,40.0,0.1,0.075,0.2,1.0,723.0,26.0,12.0,0.14384508990318118
2.0,4.0,41.0,0.1,0.075,0.2,1.0,689.0,22.0,9.0,0.14223512336719885
2.0,4.0,42.0,0.1,0.075,0.2,1.0,683.0,20.0,10.0,0.14202049780380674
2.0,4.0,43.0,0.1,0.075,0.2,1.0,653.0,16.0,8.0,0.13935681470137826
2.0,4.0,44.0,0.1,0.075,0.2,1.0,664.0,20.0,9.0,0.14006024096385541
2.0,4.0,45.0,0.1,0.075,0.2,1.0,631.0,22.0,8.0,0.19334389857369255
2.0,4.0,46.0,0.1,0.075,0.2,1.0,643.0,29.0,9.0,0.19751166407465007
2.0,4.0,47.0,0.1,0.075,0.2,1.0,614.0,29.0,12.0,0.19543973941368079
2.0,4.0,48.0,0.1,0.075,0.2,1.0,616.0,25.0,15.0,0.19805194805194806
2.0,4.0,49.0,0.1,0.075,0.2,1.0,572.0,28.0,15.0,0.19755244755244755
2.0,4.0,50.0,0.1,0.075,0.2,1.0,600.0,28.0,13.0,0.2
2.0,4.0,51.0,0.1,0.075,0.2,1.0,561.0,28.0,11.0,0.19786096256684493
2.0,4.0,52.0,0.1,0.075,0.2,1.0,579.0,26.0,10.0,0.20552677029360966
2.0,5.0,1.0,0.1,0.075,0.2,1.0,551.0,26.0,11.0,0.2014519056261343
2.0,5.0,2.0,0.1,0.075,0.2,1.0,543.0,22.0,10.0,0.20810313075506445
2.0,5.0,3.0,0.1,0.075,0.2,1.0,525.0,21.0,13.0,0.2038095238095238
2.0,5.0,4.0,0.1,0.075,0.2,1.0,532.0,19.0,11.0,0.21428571428571427
2.0,5.0,5.0,0.1,0.075,0.2,1.0,512.0,20.0,8.0,0.208984375
2.0,5.0,6.0,0.1,0.075,0.2,1.0,516.0,21.0,7.0,0.21511627906976744
2.0,5.0,7.0,0.1,0.075,0.2,1.0,500.0,21.0,7.0,0.208
2.0,5.0,8.0,0.1,0.075,0.2,1.0,510.0,21.0,12.0,0.21764705882352942
2.0,5.0,9.0,0.1,0.075,0.2,1.0,489.0,19.0,12.0,0.2085889570552147
2.0,5.0,10.0,0.1,0.075,0.2,1.0,496.0,22.0,11.0,0.2217741935483871
2.0,5.0,11.0,0.1,0.075,0.2,1.0,473.0,17.0,7.0,0.2156448202959831
2.0,5.0,12.0,0.1,0.075,0.2,1.0,479.0,18.0,8.0,0.22755741127348644
2.0,5.0,13.0,0.1,0.075,0.2,1.0,468.0,17.0,8.0,0.21367521367521367
2.0,5.0,14.0,0.1,0.075,0.2,1.0,469.0,16.0,13.0,0.2260127931769723
2.0,5.0,15.0,0.1,0.075,0.2,1.0,462.0,16.0,9.0,0.21645021645021645
2.0,5.0,16.0,0.1,0.075,0.2,1.0,465.0,16.0,8.0,0.22795698924731184
2.0,5.0,17.0,0.1,0.075,0.2,1.0,450.0,13.0,6.0,0.22
2.0,5.0,18.0,0.1,0.075,0.2,1.0,457.0,14.0,9.0,0.22975929978118162
2.0,5.0,19.0,0.1,0.075,0.2,1.0,446.0,21.0,9.0,0.21973094170403587
2.0,5.0,20.0,0.1,0.075,0.2,1.0,847.0,18.0,7.0,0.12278630460448642
2.0,5.0,21.0,0.1,0.075,0.2,1.0,827.0,18.0,7.0,0.1185006045949214
2.0,5.0,22.0,0.1,0.075,0.2,1.0,839.0,19.0,14.0,0.12395709177592372
2.0,5.0,23.0,0.1,0.075,0.2,1.0,823.0,25.0,11.0,0.11907654921020656
2.0,5.0,24.0,0.1,0.075,0.2,1.0,806.0,21.0,9.0,0.12531017369727046
2.0,5.0,25.0,0.1,0.075,0.2,1.0,769.0,17.0,6.0,0.12483745123537061
2.0,5.0,26.0,0.1,0.075,0.2,1.0,765.0,27.0,9.0,0.13202614379084968
2.0,5.0,27.0,0.1,0.075,0.2,1.0,729.0,29.0,13.0,0.1289437585733882
2.0,5.0,28.0,0.1,0.075,0.2,1.0,711.0,31.0,12.0,0.1350210970464135
2.0,5.0,29.0,0.1,0.075,0.2,1.0,700.0,36.0,12.0,0.13428571428571429
2.0,5.0,30.0,0.1,0.075,0.2,1.0,700.0,35.0,15.0,0.1357142857142857
2.0,5.0,31.0,0.1,0.075,0.2,1.0,669.0,39.0,18.0,0.1375186846038864
2.0,5.0,32.0,0.1,0.075,0.2,1.0,679.0,40.0,26.0,0.13991163475699558
2.0,5.0,33.0,0.1,0.075,0.2,1.0,653.0,37.0,18.0,0.14088820826952528
2.0,5.0,34.0,0.1,0.075,0.2,1.0,633.0,41.0,15.0,0.14533965244865718
2.0,5.0,35.0,0.1,0.075,0.2,1.0,606.0,36.0,9.0,0.14521452145214522
2.0,5.0,36.0,0.1,0.075,0.2,1.0,586.0,30.0,10.0,0.1552901023890785
2.0,5.0,37.0,0.1,0.075,0.2,1.0,582.0,27.0,13.0,0.15120274914089346
2.0,5.0,38.0,0.1,0.075,0.2,1.0,574.0,34.0,14.0,0.15853658536585366
2.0,5.0,39.0,0.1,0.075,0.2,1.0,558.0,32.0,14.0,0.15232974910394265
2.0,5.0,40.0,0.1,0.075,0.2,1.0,552.0,33.0,18.0,0.15760869565217392
2.0,5.0,41.0,0.1,0.075,0.2,1.0,540.0,33.0,22.0,0.15
2.0,5.0,42.0,0.1,0.075,0.2,1.0,529.0,32.0,22.0,0.16068052930056712
2.0,5.0,43.0,0.1,0.075,0.2,1.0,519.0,26.0,16.0,0.1579961464354528
2.0,5.0,44.0,0.1,0.075,0.2,1.0,486.0,17.0,9.0,0.1728395061728395
2.0,5.0,45.0,0.1,0.075,0.2,1.0,490.0,18.0,8.0,0.23877551020408164
2.0,5.0,46.0,0.1,0.075,0.2,1.0,476.0,14.0,6.0,0.24369747899159663
2.0,5.0,47.0,0.1,0.075,0.2,1.0,478.0,13.0,7.0,0.23640167364016737
2.0,5.0,48.0,0.1,0.075,0.2,1.0,469.0,11.0,8.0,0.24093816631130063
2.0,5.0,49.0,0.1,0.075,0.2,1.0,472.0,14.0,9.0,0.2330508474576271
2.0,5.0,50.0,0.1,0.075,0.2,1.0,447.0,12.0,6.0,0.2483221476510067
2.0,5.0,51.0,0.1,0.075,0.2,1.0,445.0,8.0,5.0,0.23820224719101124
2.0,5.0,52.0,0.1,0.075,0.2,1.0,436.0,5.0,2.0,0.24770642201834864
2.0,6.0,1.0,0.1,0.075,0.2,1.0,440.0,7.0,2.0,0.23863636363636365
2.0,6.0,2.0,0.1,0.075,0.2,1.0,428.0,5.0,3.0,0.2523364485981308
2.0,6.0,3.0,0.1,0.075,0.2,1.0,431.0,5.0,2.0,0.24129930394431554
2.0,6.0,4.0,0.1,0.075,0.2,1.0,427.0,6.0,3.0,0.2505854800936768
2.0,6.0,5.0,0.1,0.075,0.2,1.0,429.0,3.0,1.0,0.24242424242424243
2.0,6.0,6.0,0.1,0.075,0.2,1.0,423.0,3.0,1.0,0.25059101654846333
2.0,6.0,7.0,0.1,0.075,0.2,1.0,428.0,3.0,3.0,0.24299065420560748
2.0,6.0,8.0,0.1,0.075,0.2,1.0,417.0,3.0,2.0,0.2446043165467626
2.0,6.0,9.0,0.1,0.075,0.2,1.0,418.0,3.0,2.0,0.24162679425837322
2.0,6.0,10.0,0.1,0.075,0.2,1.0,413.0,1.0,0.0,0.24939467312348668
2.0,6.0,11.0,0.1,0.075,0.2,1.0,413.0,1.0,0.0,0.24213075060532688
2.0,6.0,12.0,0.1,0.075,0.2,1.0,411.0,1.0,0.0,0.24817518248175183
2.0,6.0,13.0,0.1,0.075,0.2,1.0,411.0,1.0,1.0,0.2384428223844282
2.0,6.0,14.0,0.1,0.075,0.2,1.0,407.0,1.0,1.0,0.2457002457002457
2.0,6.0,15.0,0.1,0.075,0.2,1.0,409.0,1.0,1.0,0.23471882640586797
2.0,6.0,16.0,0.1,0.075,0.2,1.0,402.0,0.0,0.0,0.24378109452736318
2.0,6.0,17.0,0.1,0.075,0.2,1.0,406.0,0.0,0.0,0.23645320197044334
2.0,6.0,18.0,0.1,0.075,0.2,1.0,401.0,0.0,0.0,0.24189526184538654
2.0,6.0,19.0,0.1,0.075,0.2,1.0,405.0,0.0,0.0,0.23703703703703705
2.0,6.0,20.0,0.1,0.075,0.2,1.0,771.0,0.0,0.0,0.1245136186770428
2.0,6.0,21.0,0.1,0.075,0.2,1.0,748.0,0.0,0.0,0.12433155080213903
2.0,6.0,22.0,0.1,0.075,0.2,1.0,736.0,0.0,0.0,0.125
2.0,6.0,23.0,0.1,0.075,0.2,1.0,747.0,0.0,0.0,0.12315930388219545
2.0,6.0,24.0,0.1,0.075,0.2,1.0,730.0,0.0,0.0,0.12191780821917808
2.0,6.0,25.0,0.1,0.075,0.2,1.0,709.0,0.0,0.0,0.11706629055007052
2.0,6.0,26.0,0.1,0.075,0.2,1.0,674.0,0.0,0.0,0.1201780415430267
2.0,6.0,27.0,0.1,0.075,0.2,1.0,677.0,0.0,0.0,0.11669128508124077
2.0,6.0,28.0,0.1,0.075,0.2,1.0,658.0,0.0,0.0,0.11854103343465046
2.0,6.0,29.0,0.1,0.075,0.2,1.0,663.0,0.0,0.0,0.11613876319758673
2.0,6.0,30.0,0.1,0.075,0.2,1.0,656.0,0.0,0.0,0.1173780487804878
2.0,6.0,31.0,0.1,0.075,0.2,1.0,664.0,0.0,0.0,0.1144578313253012
2.0,6.0,32.0,0.1,0.075,0.2,1.0,638.0,0.0,0.0,0.11912225705329153
2.0,6.0,33.0,0.1,0.075,0.2,1.0,627.0,0.0,0.0,0.11483253588516747
2.0,6.0,34.0,0.1,0.075,0.2,1.0,607.0,0.0,0.0,0.11696869851729819
2.0,6.0,35.0,0.1,0.075,0.2,1.0,595.0,0.0,0.0,0.11596638655462185
2.0,6.0,36.0,0.1,0.075,0.2,1.0,587.0,0.0,0.0,0.11754684838160136
2.0,6.0,37.0,0.1,0.075,0.2,1.0,593.0,0.0,0.0,0.11467116357504216
2.0,6.0,38.0,0.1,0.075,0.2,1.0,569.0,0.0,0.0,0.11599297012302284
2.0,6.0,39.0,0.1,0.075,0.2,1.0,543.0,0.0,0.0,0.1141804788213628
2.0,6.0,40.0,0.1,0.075,0.2,1.0,535.0,0.0,0.0,0.11775700934579439
2.0,6.0,41.0,0.1,0.075,0.2,1.0,540.0,0.0,0.0,0.11666666666666667
2.0,6.0,42.0,0.1,0.075,0.2,1.0,531.0,0.0,0.0,0.11864406779661017
2.0,6.0,43.0,0.1,0.075,0.2,1.0,501.0,0.0,0.0,0.10578842315369262
2.0,6.0,44.0,0.1,0.075,0.2,1.0,492.0,0.0,0.0,0.10772357723577236
2.0,6.0,45.0,0.1,0.075,0.2,1.0,494.0,0.0,0.0,0.16194331983805668
2.0,6.0,46.0,0.1,0.075,0.2,1.0,489.0,0.0,0.0,0.16768916155419222
2.0,6.0,47.0,0.1,0.075,0.2,1.0,474.0,0.0,0.0,0.15611814345991562
2.0,6.0,48.0,0.1,0.075,0.2,1.0,460.0,0.0,0.0,0.1608695652173913
2.0,6.0,49.0,0.1,0.075,0.2,1.0,467.0,0.0,0.0,0.15631691648822268
2.0,6.0,50.0,0.1,0.075,0.2,1.0,462.0,0.0,0.0,0.16017316017316016
2.0,6.0,51.0,0.1,0.075,0.2,1.0,466.0,0.0,0.0,0.15665236051502146
2.0,6.0,52.0,0.1,0.075,0.2,1.0,459.0,0.0,0.0,0.16339869281045752
2.0,7.0,1.0,0.1,0.075,0.2,1.0,466.0,0.0,0.0,0.15665236051502146
2.0,7.0,2.0,0.1,0.075,0.2,1.0,459.0,0.0,0.0,0.16339869281045752
2.0,7.0,3.0,0.1,0.075,0.2,1.0,464.0,0.0,0.0,0.15517241379310345
2.0,7.0,4.0,0.1,0.075,0.2,1.0,456.0,0.0,0.0,0.16228070175438597
2.0,7.0,5.0,0.1,0.075,0.2,1.0,462.0,0.0,0.0,0.15367965367965367
2.0,7.0,6.0,0.1,0.075,0.2,1.0,454.0,0.0,0.0,0.15859030837004406
2.0,7.0,7.0,0.1,0.075,0.2,1.0,461.0,0.0,0.0,0.15184381778741865
2.0,7.0,8.0,0.1,0.075,0.2,1.0,454.0,0.0,0.0,0.15638766519823788
2.0,7.0,9.0,0.1,0.075,0.2,1.0,453.0,0.0,0.0,0.152317880794702
2.0,7.0,10.0,0.1,0.075,0.2,1.0,453.0,0.0,0.0,0.1545253863134658
2.0,7.0,11.0,0.1,0.075,0.2,1.0,452.0,0.0,0.0,0.15486725663716813
2.0,7.0,12.0,0.1,0.075,0.2,1.0,450.0,0.0,0.0,0.15333333333333332
2.0,7.0,13.0,0.1,0.075,0.2,1.0,448.0,0.0,0.0,0.15401785714285715
2.0,7.0,14.0,0.1,0.075,0.2,1.0,446.0,0.0,0.0,0.15246636771300448
2.0,7.0,15.0,0.1,0.075,0.2,1.0,448.0,0.0,0.0,0.15401785714285715
2.0,7.0,16.0,0.1,0.075,0.2,1.0,446.0,0.0,0.0,0.15246636771300448
2.0,7.0,17.0,0.1,0.075,0.2,1.0,445.0,0.0,0.0,0.1550561797752809
2.0,7.0,18.0,0.1,0.075,0.2,1.0,446.0,0.0,0.0,0.15246636771300448
2.0,7.0,19.0,0.1,0.075,0.2,1.0,443.0,0.0,0.0,0.15349887133182843
2.0,7.0,20.0,0.1,0.075,0.2,1.0,849.0,0.0,0.0,0.0800942285041225
2.0,7.0,21.0,0.1,0.075,0.2,1.0,848.0,0.0,0.0,0.07783018867924528
2.0,7.0,22.0,0.1,0.075,0.2,1.0,808.0,0.0,0.0,0.08168316831683169
2.0,7.0,23.0,0.1,0.075,0.2,1.0,779.0,0.0,0.0,0.08087291399229782
2.0,7.0,24.0,0.1,0.075,0.2,1.0,766.0,0.0,0.0,0.08224543080939947
2.0,7.0,25.0,0.1,0.075,0.2,1.0,753.0,0.0,0.0,0.08100929614873838
2.0,7.0,26.0,0.1,0.075,0.2,1.0,690.0,0.0,0.0,0.08985507246376812
2.0,7.0,27.0,0.1,0.075,0.2,1.0,697.0,0.0,0.0,0.08464849354375897
2.0,7.0,28.0,0.1,0.075,0.2,1.0,672.0,0.0,0.0,0.09077380952380952
2.0,7.0,29.0,0.1,0.075,0.2,1.0,660.0,0.0,0.0,0.08787878787878788
2.0,7.0,30.0,0.1,0.075,0.2,1.0,653.0,0.0,0.0,0.09188361408882083
2.0,7.0,31.0,0.1,0.075,0.2,1.0,658.0,0.0,0.0,0.08662613981762918
2.0,7.0,32.0,0.1,0.075,0.2,1.0,622.0,0.0,0.0,0.0932475884244373
2.0,7.0,33.0,0.1,0.075,0.2,1.0,630.0,0.0,0.0,0.08888888888888889
2.0,7.0,34.0,0.1,0.075,0.2,1.0,617.0,0.0,0.0,0.0940032414910859
2.0,7.0,35.0,0.1,0.075,0.2,1.0,591.0,0.0,0.0,0.08798646362098139
2.0,7.0,36.0,0.1,0.075,0.2,1.0,572.0,0.0,0.0,0.09615384615384616
2.0,7.0,37.0,0.1,0.075,0.2,1.0,579.0,0.0,0.0,0.09153713298791019
2.0,7.0,38.0,0.1,0.075,0.2,1.0,582.0,0.0,0.0,0.09278350515463918
2.0,7.0,39.0,0.1,0.075,0.2,1.0,572.0,0.0,0.0,0.08916083916083917
2.0,7.0,40.0,0.1,0.075,0.2,1.0,579.0,0.0,0.0,0.08981001727115717
2.0,7.0,41.0,0.1,0.075,0.2,1.0,552.0,0.0,0.0,0.08152173913043478
2.0,7.0,42.0,0.1,0.075,0.2,1.0,539.0,0.0,0.0,0.08534322820037106
2.0,7.0,43.0,0.1,0.075,0.2,1.0,519.0,0.0,0.0,0.08285163776493257
2.0,7.0,44.0,0.1,0.075,0.2,1.0,520.0,0.0,0.0,0.08653846153846154
2.0,7.0,45.0,0.1,0.075,0.2,1.0,517.0,0.0,0.0,0.12572533849129594
2.0,7.0,46.0,0.1,0.075,0.2,1.0,504.0,0.0,0.0,0.1349206349206349
2.0,7.0,47.0,0.1,0.075,0.2,1.0,506.0,0.0,0.0,0.12845849802371542
2.0,7.0,48.0,0.1,0.075,0.2,1.0,485.0,0.0,0.0,0.13402061855670103
2.0,7.0,49.0,0.1,0.075,0.2,1.0,490.0,0.0,0.0,0.1306122448979592
2.0,7.0,50.0,0.1,0.075,0.2,1.0,475.0,0.0,0.0,0.13473684210526315
2.0,7.0,51.0,0.1,0.075,0.2,1.0,472.0,0.0,0.0,0.13135593220338984
2.0,7.0,52.0,0.1,0.075,0.2,1.0,462.0,0.0,0.0,0.13203463203463203
2.0,8.0,1.0,0.1,0.075,0.2,1.0,449.0,0.0,0.0,0.13140311804008908
2.0,8.0,2.0,0.1,0.075,0.2,1.0,447.0,0.0,0.0,0.1342281879194631
2.0,8.0,3.0,0.1,0.075,0.2,1.0,448.0,0.0,0.0,0.13169642857142858
2.0,8.0,4.0,0.1,0.075,0.2,1.0,448.0,0.0,0.0,0.13392857142857142
2.0,8.0,5.0,0.1,0.075,0.2,1.0,445.0,0.0,0.0,0.13258426966292136
2.0,8.0,6.0,0.1,0.075,0.2,1.0,446.0,0.0,0.0,0.13452914798206278
2.0,8.0,7.0,0.1,0.075,0.2,1.0,445.0,0.0,0.0,0.13258426966292136
2.0,8.0,8.0,0.1,0.075,0.2,1.0,442.0,0.0,0.0,0.1334841628959276
2.0,8.0,9.0,0.1,0.075,0.2,1.0,442.0,0.0,0.0,0.13122171945701358
2.0,8.0,10.0,0.1,0.075,0.2,1.0,444.0,0.0,0.0,0.13288288288288289
2.0,8.0,11.0,0.1,0.075,0.2,1.0,443.0,0.0,0.0,0.1309255079006772
2.0,8.0,12.0,0.1,0.075,0.2,1.0,439.0,0.0,0.0,0.13439635535307518
2.0,8.0,13.0,0.1,0.075,0.2,1.0,440.0,0.0,0.0,0.1318181818181818
2.0,8.0,14.0,0.1,0.075,0.2,1.0,440.0,0.0,0.0,0.1340909090909091
2.0,8.0,15.0,0.1,0.075,0.2,1.0,437.0,0.0,0.0,0.13272311212814644
2.0,8.0,16.0,0.1,0.075,0.2,1.0,437.0,0.0,0.0,0.13501144164759726
2.0,8.0,17.0,0.1,0.075,0.2,1.0,440.0,0.0,0.0,0.1318181818181818
2.0,8.0,18.0,0.1,0.075,0.2,1.0,439.0,0.0,0.0,0.13439635535307518
2.0,8.0,19.0,0.1,0.075,0.2,1.0,438.0,0.0,0.0,0.1324200913242009
2.0,8.0,20.0,0.1,0.075,0.2,1.0,749.0,0.0,0.0,0.0787716955941255
2.0,8.0,21.0,0.1,0.075,0.2,1.0,749.0,0.0,0.0,0.0774365821094793
2.0,8.0,22.0,0.1,0.075,0.2,1.0,730.0,0.0,0.0,0.08082191780821918
2.0,8.0,23.0,0.1,0.075,0.2,1.0,733.0,0.0,0.0,0.0791268758526603
2.0,8.0,24.0,0.1,0.075,0.2,1.0,723.0,0.0,0.0,0.08022130013831259
2.0,8.0,25.0,0.1,0.075,0.2,1.0,696.0,0.0,0.0,0.08189655172413793
2.0,8.0,26.0,0.1,0.075,0.2,1.0,705.0,0.0,0.0,0.08226950354609928
2.0,8.0,27.0,0.1,0.075,0.2,1.0,681.0,0.0,0.0,0.08370044052863436
2.0,8.0,28.0,0.1,0.075,0.2,1.0,648.0,0.0,0.0,0.08024691358024691
2.0,8.0,29.0,0.1,0.075,0.2,1.0,622.0,0.0,0.0,0.08681672025723473
2.0,8.0,30.0,0.1,0.075,0.2,1.0,637.0,0.0,0.0,0.08320251177394035
2.0,8.0,31.0,0.1,0.075,0.2,1.0,629.0,0.0,0.0,0.08585055643879173
2.0,8.0,32.0,0.1,0.075,0.2,1.0,613.0,0.0,0.0,0.0864600326264274
2.0,8.0,33.0,0.1,0.075,0.2,1.0,595.0,0.0,0.0,0.0907563025210084
2.0,8.0,34.0,0.1,0.075,0.2,1.0,599.0,0.0,0.0,0.08848080133555926
2.0,8.0,35.0,0.1,0.075,0.2,1.0,575.0,0.0,0.0,0.09217391304347826
2.0,8.0,36.0,0.1,0.075,0.2,1.0,584.0,0.0,0.0,0.08904109589041095
2.0,8.0,37.0,0.1,0.075,0.2,1.0,581.0,0.0,0.0,0.09122203098106713
2.0,8.0,38.0,0.1,0.075,0.2,1.0,579.0,0.0,0.0,0.08981001727115717
2.0,8.0,39.0,0.1,0.075,0.2,1.0,581.0,0.0,0.0,0.09122203098106713
2.0,8.0,40.0,0.1,0.075,0.2,1.0,584.0,0.0,0.0,0.08904109589041095
2.0,8.0,41.0,0.1,0.075,0.2,1.0,579.0,0.0,0.0,0.09153713298791019
2.0,8.0,42.0,0.1,0.075,0.2,1.0,578.0,0.0,0.0,0.08996539792387544
2.0,8.0,43.0,0.1,0.075,0.2,1.0,569.0,0.0,0.0,0.0913884007029877
2.0,8.0,44.0,0.1,0.075,0.2,1.0,560.0,0.0,0.0,0.09107142857142857
2.0,8.0,45.0,0.1,0.075,0.2,1.0,568.0,0.0,0.0,0.1795774647887324
2.0,8.0,46.0,0.1,0.075,0.2,1.0,563.0,0.0,0.0,0.18294849023090587
2.0,8.0,47.0,0.1,0.075,0.2,1.0,566.0,0.0,0.0,0.1784452296819788
2.0,8.0,48.0,0.1,0.075,0.2,1.0,544.0,0.0,0.0,0.19117647058823528
2.0,8.0,49.0,0.1,0.075,0.2,1.0,539.0,0.0,0.0,0.17810760667903525
2.0,8.0,50.0,0.1,0.075,0.2,1.0,536.0,0.0,0.0,0.18470149253731344
2.0,8.0,51.0,0.1,0.075,0.2,1.0,541.0,0.0,0.0,0.17929759704251386
2.0,8.0,52.0,0.1,0.075,0.2,1.0,538.0,0.0,0.0,0.18587360594795538
2.0,9.0,1.0,0.1,0.075,0.2,1.0,544.0,0.0,0.0,0.17830882352941177
2.0,9.0,2.0,0.1,0.075,0.2,1.0,534.0,0.0,0.0,0.1853932584269663
2.0,9.0,3.0,0.1,0.075,0.2,1.0,542.0,0.0,0.0,0.17896678966789667
2.0,9.0,4.0,0.1,0.075,0.2,1.0,536.0,0.0,0.0,0.1865671641791045
2.0,9.0,5.0,0.1,0.075,0.2,1.0,538.0,0.0,0.0,0.17843866171003717
2.0,9.0,6.0,0.1,0.075,0.2,1.0,535.0,0.0,0.0,0.18691588785046728
2.0,9.0,7.0,0.1,0.075,0.2,1.0,538.0,0.0,0.0,0.18029739776951673
2.0,9.0,8.0,0.1,0.075,0.2,1.0,532.0,0.0,0.0,0.18421052631578946
2.0,9.0,9.0,0.1,0.075,0.2,1.0,541.0,0.0,0.0,0.18114602587800369
2.0,9.0,10.0,0.1,0.075,0.2,1.0,527.0,0.0,0.0,0.18785578747628084
2.0,9.0,11.0,0.1,0.075,0.2,1.0,539.0,0.0,0.0,0.18181818181818182
2.0,9.0,12.0,0.1,0.075,0.2,1.0,512.0,0.0,0.0,0.1875
2.0,9.0,13.0,0.1,0.075,0.2,1.0,522.0,0.0,0.0,0.18199233716475097
2.0,9.0,14.0,0.1,0.075,0.2,1.0,512.0,0.0,0.0,0.185546875
2.0,9.0,15.0,0.1,0.075,0.2,1.0,523.0,0.0,0.0,0.18164435946462715
2.0,9.0,16.0,0.1,0.075,0.2,1.0,513.0,0.0,0.0,0.18908382066276802
2.0,9.0,17.0,0.1,0.075,0.2,1.0,522.0,0.0,0.0,0.1839080459770115
2.0,9.0,18.0,0.1,0.075,0.2,1.0,513.0,0.0,0.0,0.18908382066276802
2.0,9.0,19.0,0.1,0.075,0.2,1.0,522.0,0.0,0.0,0.1839080459770115
2.0,9.0,20.0,0.1,0.075,0.2,1.0,914.0,0.0,0.0,0.1050328227571116
2.0,9.0,21.0,0.1,0.075,0.2,1.0,933.0,0.0,0.0,0.10289389067524116
2.0,9.0,22.0,0.1,0.075,0.2,1.0,879.0,0.0,0.0,0.10693970420932879
2.0,9.0,23.0,0.1,0.075,0.2,1.0,906.0,0.0,0.0,0.10485651214128035
2.0,9.0,24.0,0.1,0.075,0.2,1.0,847.0,0.0,0.0,0.10625737898465171
2.0,9.0,25.0,0.1,0.075,0.2,1.0,851.0,0.0,0.0,0.10575793184488837
2.0,9.0,26.0,0.1,0.075,0.2,1.0,797.0,0.0,0.0,0.1028858218318695
2.0,9.0,27.0,0.1,0.075,0.2,1.0,807.0,0.0,0.0,0.10408921933085502
2.0,9.0,28.0,0.1,0.075,0.2,1.0,755.0,0.0,0.0,0.10198675496688742
2.0,9.0,29.0,0.1,0.075,0.2,1.0,767.0,0.0,0.0,0.09778357235984354
2.0,9.0,30.0,0.1,0.075,0.2,1.0,755.0,0.0,0.0,0.10198675496688742
2.0,9.0,31.0,0.1,0.075,0.2,1.0,744.0,0.0,0.0,0.10080645161290322
2.0,9.0,32.0,0.1,0.075,0.2,1.0,734.0,0.0,0.0,0.10354223433242507
2.0,9.0,33.0,0.1,0.075,0.2,1.0,742.0,0.0,0.0,0.10107816711590296
2.0,9.0,34.0,0.1,0.075,0.2,1.0,716.0,0.0,0.0,0.10474860335195531
2.0,9.0,35.0,0.1,0.075,0.2,1.0,729.0,0.0,0.0,0.10150891632373114
2.0,9.0,36.0,0.1,0.075,0.2,1.0,718.0,0.0,0.0,0.10306406685236769
2.0,9.0,37.0,0.1,0.075,0.2,1.0,729.0,0.0,0.0,0.10150891632373114
2.0,9.0,38.0,0.1,0.075,0.2,1.0,717.0,0.0,0.0,0.10320781032078104
2.0,9.0,39.0,0.1,0.075,0.2,1.0,728.0,0.0,0.0,0.10164835164835165
2.0,9.0,40.0,0.1,0.075,0.2,1.0,707.0,0.0,0.0,0.10325318246110325
2.0,9.0,41.0,0.1,0.075,0.2,1.0,704.0,0.0,0.0,0.10085227272727272
2.0,9.0,42.0,0.1,0.075,0.2,1.0,694.0,0.0,0.0,0.1037463976945245
2.0,9.0,43.0,0.1,0.075,0.2,1.0,701.0,0.0,0.0,0.10128388017118402
2.0,9.0,44.0,0.1,0.075,0.2,1.0,691.0,0.0,0.0,0.10419681620839363
2.0,9.0,45.0,0.1,0.075,0.2,1.0,687.0,0.0,0.0,0.17612809315866085
2.0,9.0,46.0,0.1,0.075,0.2,1.0,668.0,0.0,0.0,0.17964071856287425
2.0,9.0,47.0,0.1,0.075,0.2,1.0,675.0,0.0,0.0,0.17333333333333334
2.0,9.0,48.0,0.1,0.075,0.2,1.0,669.0,0.0,0.0,0.17937219730941703
2.0,9.0,49.0,0.1,0.075,0.2,1.0,679.0,0.0,0.0,0.17378497790868924
2.0,9.0,50.0,0.1,0.075,0.2,1.0,671.0,0.0,0.0,0.17883755588673622
2.0,9.0,51.0,0.1,0.075,0.2,1.0,664.0,0.0,0.0,0.1746987951807229
2.0,9.0,52.0,0.1,0.075,0.2,1.0,655.0,0.0,0.0,0.17862595419847327
2.0,10.0,1.0,0.1,0.075,0.2,1.0,666.0,0.0,0.0,0.17417417417417416
2.0,10.0,2.0,0.1,0.075,0.2,1.0,646.0,0.0,0.0,0.17956656346749225
2.0,10.0,3.0,0.1,0.075,0.2,1.0,645.0,0.0,0.0,0.17519379844961241
2.0,10.0,4.0,0.1,0.075,0.2,1.0,641.0,0.0,0.0,0.1794071762870515
2.0,10.0,5.0,0.1,0.075,0.2,1.0,650.0,0.0,0.0,0.17384615384615384
2.0,10.0,6.0,0.1,0.075,0.2,1.0,640.0,0.0,0.0,0.1796875
2.0,10.0,7.0,0.1,0.075,0.2,1.0,653.0,0.0,0.0,0.17457886676875958
2.0,10.0,8.0,0.1,0.075,0.2,1.0,638.0,0.0,0.0,0.18025078369905956
2.0,10.0,9.0,0.1,0.075,0.2,1.0,643.0,0.0,0.0,0.17573872472783825
2.0,10.0,10.0,0.1,0.075,0.2,1.0,636.0,0.0,0.0,0.1792452830188679
2.0,10.0,11.0,0.1,0.075,0.2,1.0,643.0,0.0,0.0,0.17729393468118196
2.0,10.0,12.0,0.1,0.075,0.2,1.0,636.0,0.0,0.0,0.1761006289308176
2.0,10.0,13.0,0.1,0.075,0.2,1.0,639.0,0.0,0.0,0.1784037558685446
2.0,10.0,14.0,0.1,0.075,0.2,1.0,640.0,0.0,0.0,0.178125
2.0,10.0,15.0,0.1,0.075,0.2,1.0,641.0,0.0,0.0,0.17784711388455537
2.0,10.0,16.0,0.1,0.075,0.2,1.0,611.0,0.0,0.0,0.18166939443535188
2.0,10.0,17.0,0.1,0.075,0.2,1.0,616.0,0.0,0.0,0.18181818181818182
2.0,10.0,18.0,0.1,0.075,0.2,1.0,610.0,0.0,0.0,0.18360655737704917
2.0,10.0,19.0,0.1,0.075,0.2,1.0,613.0,0.0,0.0,0.18433931484502447
2.0,10.0,20.0,0.1,0.075,0.2,1.0,1050.0,0.0,0.0,0.10095238095238095
2.0,10.0,21.0,0.1,0.075,0.2,1.0,1070.0,0.0,0.0,0.09906542056074766
2.0,10.0,22.0,0.1,0.075,0.2,1.0,994.0,0.0,0.0,0.1056338028169014
2.0,10.0,23.0,0.1,0.075,0.2,1.0,981.0,0.0,0.0,0.10601427115188583
2.0,10.0,24.0,0.1,0.075,0.2,1.0,954.0,0.0,0.0,0.10796645702306079
2.0,10.0,25.0,0.1,0.075,0.2,1.0,932.0,0.0,0.0,0.10836909871244635
2.0,10.0,26.0,0.1,0.075,0.2,1.0,945.0,0.0,0.0,0.10687830687830688
2.0,10.0,27.0,0.1,0.075,0.2,1.0,916.0,0.0,0.0,0.10807860262008734
2.0,10.0,28.0,0.1,0.075,0.2,1.0,891.0,0.0,0.0,0.10998877665544332
2.0,10.0,29.0,0.1,0.075,0.2,1.0,873.0,0.0,0.0,0.10996563573883161
2.0,10.0,30.0,0.1,0.075,0.2,1.0,831.0,0.0,0.0,0.11191335740072202
2.0,10.0,31.0,0.1,0.075,0.2,1.0,825.0,0.0,0.0,0.11272727272727273
2.0,10.0,32.0,0.1,0.075,0.2,1.0,781.0,0.0,0.0,0.117797695262484
2.0,10.0,33.0,0.1,0.075,0.2,1.0,764.0,0.0,0.0,0.11125654450261781
2.0,10.0,34.0,0.1,0.075,0.2,1.0,755.0,0.0,0.0,0.11655629139072848
2.0,10.0,35.0,0.1,0.075,0.2,1.0,737.0,0.0,0.0,0.11261872455902307
2.0,10.0,36.0,0.1,0.075,0.2,1.0,744.0,0.0,0.0,0.11559139784946236
2.0,10.0,37.0,0.1,0.075,0.2,1.0,739.0,0.0,0.0,0.11366711772665765
2.0,10.0,38.0,0.1,0.075,0.2,1.0,730.0,0.0,0.0,0.11917808219178082
2.0,10.0,39.0,0.1,0.075,0.2,1.0,718.0,0.0,0.0,0.11420612813370473
2.0,10.0,40.0,0.1,0.075,0.2,1.0,716.0,0.0,0.0,0.12150837988826815
2.0,10.0,41.0,0.1,0.075,0.2,1.0,692.0,0.0,0.0,0.1199421965317919
2.0,10.0,42.0,0.1,0.075,0.2,1.0,674.0,0.0,0.0,0.1261127596439169
2.0,10.0,43.0,0.1,0.075,0.2,1.0,660.0,0.0,0.0,0.12272727272727273
2.0,10.0,44.0,0.1,0.075,0.2,1.0,655.0,0.0,0.0,0.1282442748091603
2.0,10.0,45.0,0.1,0.075,0.2,1.0,642.0,0.0,0.0,0.20404984423676012
2.0,10.0,46.0,0.1,0.075,0.2,1.0,648.0,0.0,0.0,0.20833333333333334
2.0,10.0,47.0,0.1,0.075,0.2,1.0,618.0,0.0,0.0,0.20711974110032363
2.0,10.0,48.0,0.1,0.075,0.2,1.0,614.0,0.0,0.0,0.21498371335504887
2.0,10.0,49.0,0.1,0.075,0.2,1.0,610.0,0.0,0.0,0.2098360655737705
2.0,10.0,50.0,0.1,0.075,0.2,1.0,605.0,0.0,0.0,0.20826446280991737
2.0,10.0,51.0,0.1,0.075,0.2,1.0,599.0,0.0,0.0,0.20701168614357263
2.0,10.0,52.0,0.1,0.075,0.2,1.0,606.0,0.0,0.0,0.2079207920792079
3.0,1.0,1.0,0.1,0.075,0.2,1.0,5236.0,55.0,9.0,0.10408708938120703
3.0,1.0,2.0,0.1,0.075,0.2,1.0,5203.0,62.0,26.0,0.10551604843359601
3.0,1.0,3.0,0.1,0.075,0.2,1.0,5149.0,86.0,46.0,0.10642843270537969
3.0,1.0,4.0,0.1,0.075,0.2,1.0,5061.0,123.0,47.0,0.10867417506421656
3.0,1.0,5.0,0.1,0.075,0.2,1.0,5085.0,167.0,48.0,0.11012782694198624
3.0,1.0,6.0,0.1,0.075,0.2,1.0,4939.0,195.0,53.0,0.11297833569548492
3.0,1.0,7.0,0.1,0.075,0.2,1.0,4740.0,260.0,77.0,0.11118143459915612
3.0,1.0,8.0,0.1,0.075,0.2,1.0,4616.0,300.0,111.0,0.11330155979202773
3.0,1.0,9.0,0.1,0.075,0.2,1.0,4444.0,333.0,119.0,0.11453645364536454
3.0,1.0,10.0,0.1,0.075,0.2,1.0,4329.0,348.0,145.0,0.11434511434511435
3.0,1.0,11.0,0.1,0.075,0.2,1.0,4165.0,365.0,160.0,0.11620648259303722
3.0,1.0,12.0,0.1,0.075,0.2,1.0,4042.0,395.0,176.0,0.11726867887184562
3.0,1.0,13.0,0.1,0.075,0.2,1.0,3931.0,418.0,188.0,0.12058000508776393
3.0,1.0,14.0,0.1,0.075,0.2,1.0,3836.0,429.0,186.0,0.12148070907194995
3.0,1.0,15.0,0.1,0.075,0.2,1.0,3730.0,436.0,200.0,0.125201072386059
3.0,1.0,16.0,0.1,0.075,0.2,1.0,3589.0,436.0,208.0,0.12649763165227082
3.0,1.0,17.0,0.1,0.075,0.2,1.0,3517.0,446.0,233.0,0.12965595678134775
3.0,1.0,18.0,0.1,0.075,0.2,1.0,3367.0,431.0,225.0,0.13216513216513218
3.0,1.0,19.0,0.1,0.075,0.2,1.0,3253.0,400.0,217.0,0.13648939440516447
3.0,1.0,20.0,0.1,0.075,0.2,1.0,6004.0,364.0,192.0,0.07228514323784144
3.0,1.0,21.0,0.1,0.075,0.2,1.0,5582.0,427.0,172.0,0.07560014331780723
3.0,1.0,22.0,0.1,0.075,0.2,1.0,5244.0,416.0,169.0,0.07856598016781083
3.0,1.0,23.0,0.1,0.075,0.2,1.0,4880.0,413.0,162.0,0.08073770491803278
3.0,1.0,24.0,0.1,0.075,0.2,1.0,4476.0,419.0,181.0,0.08646112600536193
3.0,1.0,25.0,0.1,0.075,0.2,1.0,4132.0,420.0,190.0,0.08809293320425944
3.0,1.0,26.0,0.1,0.075,0.2,1.0,3966.0,419.0,197.0,0.09001512859304085
3.0,1.0,27.0,0.1,0.075,0.2,1.0,3738.0,432.0,207.0,0.09015516318887105
3.0,1.0,28.0,0.1,0.075,0.2,1.0,3525.0,438.0,183.0,0.09163120567375886
3.0,1.0,29.0,0.1,0.075,0.2,1.0,3393.0,429.0,197.0,0.09460654288240496
3.0,1.0,30.0,0.1,0.075,0.2,1.0,3192.0,396.0,170.0,0.09993734335839599
3.0,1.0,31.0,0.1,0.075,0.2,1.0,3097.0,408.0,170.0,0.1023571197933484
3.0,1.0,32.0,0.1,0.075,0.2,1.0,2879.0,379.0,163.0,0.10663424800277874
3.0,1.0,33.0,0.1,0.075,0.2,1.0,2777.0,378.0,177.0,0.1094706517824991
3.0,1.0,34.0,0.1,0.075,0.2,1.0,2641.0,364.0,185.0,0.1124574024990534
3.0,1.0,35.0,0.1,0.075,0.2,1.0,2532.0,348.0,167.0,0.11729857819905214
3.0,1.0,36.0,0.1,0.075,0.2,1.0,2407.0,322.0,153.0,0.12131283755712505
3.0,1.0,37.0,0.1,0.075,0.2,1.0,2295.0,309.0,153.0,0.1259259259259259
3.0,1.0,38.0,0.1,0.075,0.2,1.0,2196.0,299.0,149.0,0.12932604735883424
3.0,1.0,39.0,0.1,0.075,0.2,1.0,2048.0,295.0,153.0,0.13671875
3.0,1.0,40.0,0.1,0.075,0.2,1.0,1957.0,276.0,125.0,0.14256515074092999
3.0,1.0,41.0,0.1,0.075,0.2,1.0,1847.0,267.0,128.0,0.14834867352463454
3.0,1.0,42.0,0.1,0.075,0.2,1.0,1748.0,238.0,117.0,0.15274599542334097
3.0,1.0,43.0,0.1,0.075,0.2,1.0,1688.0,248.0,125.0,0.15462085308056872
3.0,1.0,44.0,0.1,0.075,0.2,1.0,1612.0,240.0,115.0,0.1606699751861042
3.0,1.0,45.0,0.1,0.075,0.2,1.0,1529.0,226.0,102.0,0.22956180510137345
3.0,1.0,46.0,0.1,0.075,0.2,1.0,1457.0,221.0,102.0,0.23335621139327384
3.0,1.0,47.0,0.1,0.075,0.2,1.0,1386.0,198.0,105.0,0.2417027417027417
3.0,1.0,48.0,0.1,0.075,0.2,1.0,1336.0,188.0,98.0,0.2470059880239521
3.0,1.0,49.0,0.1,0.075,0.2,1.0,1268.0,183.0,102.0,0.2547318611987382
3.0,1.0,50.0,0.1,0.075,0.2,1.0,1213.0,167.0,83.0,0.26133553173948887
3.0,1.0,51.0,0.1,0.075,0.2,1.0,1179.0,160.0,87.0,0.26547921967769295
3.0,1.0,52.0,0.1,0.075,0.2,1.0,1128.0,151.0,69.0,0.2721631205673759
3.0,2.0,1.0,0.1,0.075,0.2,1.0,1102.0,156.0,71.0,0.2731397459165154
3.0,2.0,2.0,0.1,0.075,0.2,1.0,1064.0,137.0,65.0,0.28101503759398494
3.0,2.0,3.0,0.1,0.075,0.2,1.0,1048.0,135.0,61.0,0.28435114503816794
3.0,2.0,4.0,0.1,0.075,0.2,1.0,1015.0,124.0,68.0,0.29064039408866993
3.0,2.0,5.0,0.1,0.075,0.2,1.0,992.0,121.0,67.0,0.2973790322580645
3.0,2.0,6.0,0.1,0.075,0.2,1.0,965.0,122.0,68.0,0.3015544041450777
3.0,2.0,7.0,0.1,0.075,0.2,1.0,938.0,105.0,55.0,0.31236673773987206
3.0,2.0,8.0,0.1,0.075,0.2,1.0,905.0,94.0,49.0,0.32044198895027626
3.0,2.0,9.0,0.1,0.075,0.2,1.0,889.0,86.0,51.0,0.32845894263217096
3.0,2.0,10.0,0.1,0.075,0.2,1.0,861.0,76.0,42.0,0.3333333333333333
3.0,2.0,11.0,0.1,0.075,0.2,1.0,840.0,68.0,42.0,0.3416666666666667
3.0,2.0,12.0,0.1,0.075,0.2,1.0,810.0,61.0,29.0,0.3469135802469136
3.0,2.0,13.0,0.1,0.075,0.2,1.0,801.0,59.0,35.0,0.35081148564294634
3.0,2.0,14.0,0.1,0.075,0.2,1.0,776.0,52.0,26.0,0.35695876288659795
3.0,2.0,15.0,0.1,0.075,0.2,1.0,770.0,52.0,31.0,0.36103896103896105
3.0,2.0,16.0,0.1,0.075,0.2,1.0,748.0,43.0,23.0,0.36764705882352944
3.0,2.0,17.0,0.1,0.075,0.2,1.0,739.0,40.0,26.0,0.37347767253044656
3.0,2.0,18.0,0.1,0.075,0.2,1.0,720.0,35.0,22.0,0.3763888888888889
3.0,2.0,19.0,0.1,0.075,0.2,1.0,714.0,31.0,20.0,0.3795518207282913
3.0,2.0,20.0,0.1,0.075,0.2,1.0,1322.0,27.0,14.0,0.2027231467473525
3.0,2.0,21.0,0.1,0.075,0.2,1.0,1305.0,23.0,10.0,0.2045977011494253
3.0,2.0,22.0,0.1,0.075,0.2,1.0,1271.0,27.0,12.0,0.20613690007867821
3.0,2.0,23.0,0.1,0.075,0.2,1.0,1276.0,34.0,13.0,0.20768025078369906
3.0,2.0,24.0,0.1,0.075,0.2,1.0,1249.0,33.0,16.0,0.20896717373899118
3.0,2.0,25.0,0.1,0.075,0.2,1.0,1245.0,38.0,17.0,0.21124497991967872
3.0,2.0,26.0,0.1,0.075,0.2,1.0,1215.0,38.0,17.0,0.21069958847736625
3.0,2.0,27.0,0.1,0.075,0.2,1.0,1208.0,33.0,17.0,0.2144039735099338
3.0,2.0,28.0,0.1,0.075,0.2,1.0,1167.0,30.0,16.0,0.21765209940017138
3.0,2.0,29.0,0.1,0.075,0.2,1.0,1131.0,33.0,15.0,0.22104332449160036
3.0,2.0,30.0,0.1,0.075,0.2,1.0,1112.0,31.0,13.0,0.22032374100719423
3.0,2.0,31.0,0.1,0.075,0.2,1.0,1092.0,31.0,11.0,0.2216117216117216
3.0,2.0,32.0,0.1,0.075,0.2,1.0,1074.0,28.0,15.0,0.22160148975791433
3.0,2.0,33.0,0.1,0.075,0.2,1.0,1072.0,28.0,13.0,0.22108208955223882
3.0,2.0,34.0,0.1,0.075,0.2,1.0,1036.0,26.0,13.0,0.2249034749034749
3.0,2.0,35.0,0.1,0.075,0.2,1.0,1019.0,24.0,11.0,0.22571148184494602
3.0,2.0,36.0,0.1,0.075,0.2,1.0,998.0,24.0,13.0,0.22745490981963928
3.0,2.0,37.0,0.1,0.075,0.2,1.0,994.0,25.0,13.0,0.2243460764587525
3.0,2.0,38.0,0.1,0.075,0.2,1.0,974.0,23.0,11.0,0.22587268993839835
3.0,2.0,39.0,0.1,0.075,0.2,1.0,958.0,22.0,11.0,0.2265135699373695
3.0,2.0,40.0,0.1,0.075,0.2,1.0,911.0,25.0,12.0,0.22502744237102085
3.0,2.0,41.0,0.1,0.075,0.2,1.0,868.0,24.0,9.0,0.2304147465437788
3.0,2.0,42.0,0.1,0.075,0.2,1.0,843.0,24.0,10.0,0.232502965599051
3.0,2.0,43.0,0.1,0.075,0.2,1.0,818.0,24.0,11.0,0.23594132029339854
3.0,2.0,44.0,0.1,0.075,0.2,1.0,806.0,26.0,15.0,0.23821339950372208
3.0,2.0,45.0,0.1,0.075,0.2,1.0,791.0,22.0,13.0,0.30214917825537296
3.0,2.0,46.0,0.1,0.075,0.2,1.0,763.0,19.0,7.0,0.3106159895150721
3.0,2.0,47.0,0.1,0.075,0.2,1.0,758.0,20.0,9.0,0.3073878627968338
3.0,2.0,48.0,0.1,0.075,0.2,1.0,753.0,17.0,8.0,0.31208499335989376
3.0,2.0,49.0,0.1,0.075,0.2,1.0,733.0,21.0,12.0,0.3069577080491132
3.0,2.0,50.0,0.1,0.075,0.2,1.0,731.0,19.0,8.0,0.307797537619699
3.0,2.0,51.0,0.1,0.075,0.2,1.0,719.0,17.0,10.0,0.30598052851182195
3.0,2.0,52.0,0.1,0.075,0.2,1.0,709.0,14.0,7.0,0.306064880112835
3.0,3.0,1.0,0.1,0.075,0.2,1.0,685.0,15.0,11.0,0.30364963503649633
3.0,3.0,2.0,0.1,0.075,0.2,1.0,676.0,10.0,7.0,0.3091715976331361
3.0,3.0,3.0,0.1,0.075,0.2,1.0,670.0,10.0,6.0,0.3029850746268657
3.0,3.0,4.0,0.1,0.075,0.2,1.0,669.0,6.0,1.0,0.30792227204783257
3.0,3.0,5.0,0.1,0.075,0.2,1.0,662.0,5.0,2.0,0.30513595166163143
3.0,3.0,6.0,0.1,0.075,0.2,1.0,663.0,5.0,3.0,0.3076923076923077
3.0,3.0,7.0,0.1,0.075,0.2,1.0,653.0,5.0,3.0,0.30627871362940273
3.0,3.0,8.0,0.1,0.075,0.2,1.0,649.0,3.0,2.0,0.30970724191063176
3.0,3.0,9.0,0.1,0.075,0.2,1.0,639.0,3.0,1.0,0.3082942097026604
3.0,3.0,10.0,0.1,0.075,0.2,1.0,637.0,3.0,2.0,0.3076923076923077
3.0,3.0,11.0,0.1,0.075,0.2,1.0,632.0,2.0,1.0,0.30537974683544306
3.0,3.0,12.0,0.1,0.075,0.2,1.0,635.0,3.0,1.0,0.30708661417322836
3.0,3.0,13.0,0.1,0.075,0.2,1.0,627.0,2.0,1.0,0.3078149920255183
3.0,3.0,14.0,0.1,0.075,0.2,1.0,631.0,2.0,1.0,0.3074484944532488
3.0,3.0,15.0,0.1,0.075,0.2,1.0,625.0,2.0,2.0,0.3056
3.0,3.0,16.0,0.1,0.075,0.2,1.0,629.0,2.0,1.0,0.3068362480127186
3.0,3.0,17.0,0.1,0.075,0.2,1.0,626.0,2.0,1.0,0.30670926517571884
3.0,3.0,18.0,0.1,0.075,0.2,1.0,622.0,1.0,0.0,0.3054662379421222
3.0,3.0,19.0,0.1,0.075,0.2,1.0,606.0,1.0,0.0,0.3069306930693069
3.0,3.0,20.0,0.1,0.075,0.2,1.0,1077.0,1.0,1.0,0.16991643454038996
3.0,3.0,21.0,0.1,0.075,0.2,1.0,1066.0,2.0,1.0,0.17073170731707318
3.0,3.0,22.0,0.1,0.075,0.2,1.0,1074.0,3.0,1.0,0.16759776536312848
3.0,3.0,23.0,0.1,0.075,0.2,1.0,1047.0,3.0,1.0,0.16809933142311365
3.0,3.0,24.0,0.1,0.075,0.2,1.0,1046.0,3.0,2.0,0.16443594646271512
3.0,3.0,25.0,0.1,0.075,0.2,1.0,1018.0,3.0,2.0,0.16797642436149313
3.0,3.0,26.0,0.1,0.075,0.2,1.0,1013.0,2.0,2.0,0.1648568608094768
3.0,3.0,27.0,0.1,0.075,0.2,1.0,960.0,1.0,1.0,0.16666666666666666
3.0,3.0,28.0,0.1,0.075,0.2,1.0,958.0,2.0,1.0,0.1638830897703549
3.0,3.0,29.0,0.1,0.075,0.2,1.0,939.0,0.0,0.0,0.1650692225772098
3.0,3.0,30.0,0.1,0.075,0.2,1.0,938.0,0.0,0.0,0.16417910447761194
3.0,3.0,31.0,0.1,0.075,0.2,1.0,908.0,0.0,0.0,0.16740088105726872
3.0,3.0,32.0,0.1,0.075,0.2,1.0,912.0,0.0,0.0,0.16447368421052633
3.0,3.0,33.0,0.1,0.075,0.2,1.0,886.0,0.0,0.0,0.16478555304740405
3.0,3.0,34.0,0.1,0.075,0.2,1.0,889.0,0.0,0.0,0.16422947131608548
3.0,3.0,35.0,0.1,0.075,0.2,1.0,880.0,0.0,0.0,0.16477272727272727
3.0,3.0,36.0,0.1,0.075,0.2,1.0,882.0,0.0,0.0,0.16439909297052155
3.0,3.0,37.0,0.1,0.075,0.2,1.0,860.0,0.0,0.0,0.16395348837209303
3.0,3.0,38.0,0.1,0.075,0.2,1.0,853.0,0.0,0.0,0.16412661195779601
3.0,3.0,39.0,0.1,0.075,0.2,1.0,830.0,0.0,0.0,0.1686746987951807
3.0,3.0,40.0,0.1,0.075,0.2,1.0,829.0,0.0,0.0,0.16646562123039807
3.0,3.0,41.0,0.1,0.075,0.2,1.0,806.0,0.0,0.0,0.1687344913151365
3.0,3.0,42.0,0.1,0.075,0.2,1.0,808.0,0.0,0.0,0.16584158415841585
3.0,3.0,43.0,0.1,0.075,0.2,1.0,778.0,0.0,0.0,0.17223650385604114
3.0,3.0,44.0,0.1,0.075,0.2,1.0,785.0,0.0,0.0,0.16687898089171974
3.0,3.0,45.0,0.1,0.075,0.2,1.0,775.0,0.0,0.0,0.24129032258064517
3.0,3.0,46.0,0.1,0.075,0.2,1.0,751.0,0.0,0.0,0.24633821571238348
3.0,3.0,47.0,0.1,0.075,0.2,1.0,729.0,0.0,0.0,0.24828532235939643
3.0,3.0,48.0,0.1,0.075,0.2,1.0,729.0,0.0,0.0,0.24554183813443073
3.0,3.0,49.0,0.1,0.075,0.2,1.0,703.0,0.0,0.0,0.24751066856330015
3.0,3.0,50.0,0.1,0.075,0.2,1.0,700.0,0.0,0.0,0.24571428571428572
3.0,3.0,51.0,0.1,0.075,0.2,1.0,683.0,0.0,0.0,0.24890190336749635
3.0,3.0,52.0,0.1,0.075,0.2,1.0,685.0,0.0,0.0,0.24379562043795622
3.0,4.0,1.0,0.1,0.075,0.2,1.0,666.0,0.0,0.0,0.24324324324324326
3.0,4.0,2.0,0.1,0.075,0.2,1.0,670.0,0.0,0.0,0.2417910447761194
3.0,4.0,3.0,0.1,0.075,0.2,1.0,657.0,0.0,0.0,0.2404870624048706
3.0,4.0,4.0,0.1,0.075,0.2,1.0,667.0,0.0,0.0,0.2413793103448276
3.0,4.0,5.0,0.1,0.075,0.2,1.0,652.0,0.0,0.0,0.23773006134969324
3.0,4.0,6.0,0.1,0.075,0.2,1.0,659.0,0.0,0.0,0.23672230652503792
3.0,4.0,7.0,0.1,0.075,0.2,1.0,646.0,0.0,0.0,0.23839009287925697
3.0,4.0,8.0,0.1,0.075,0.2,1.0,637.0,0.0,0.0,0.23076923076923078
3.0,4.0,9.0,0.1,0.075,0.2,1.0,630.0,0.0,0.0,0.23492063492063492
3.0,4.0,10.0,0.1,0.075,0.2,1.0,634.0,0.0,0.0,0.2302839116719243
3.0,4.0,11.0,0.1,0.075,0.2,1.0,624.0,0.0,0.0,0.23237179487179488
3.0,4.0,12.0,0.1,0.075,0.2,1.0,624.0,0.0,0.0,0.22756410256410256
3.0,4.0,13.0,0.1,0.075,0.2,1.0,620.0,0.0,0.0,0.23225806451612904
3.0,4.0,14.0,0.1,0.075,0.2,1.0,620.0,0.0,0.0,0.22741935483870968
3.0,4.0,15.0,0.1,0.075,0.2,1.0,614.0,0.0,0.0,0.2296416938110749
3.0,4.0,16.0,0.1,0.075,0.2,1.0,618.0,0.0,0.0,0.22491909385113268
3.0,4.0,17.0,0.1,0.075,0.2,1.0,613.0,0.0,0.0,0.2300163132137031
3.0,4.0,18.0,0.1,0.075,0.2,1.0,613.0,0.0,0.0,0.2267536704730832
3.0,4.0,19.0,0.1,0.075,0.2,1.0,609.0,0.0,0.0,0.22988505747126436
3.0,4.0,20.0,0.1,0.075,0.2,1.0,1155.0,0.0,0.0,0.12121212121212122
3.0,4.0,21.0,0.1,0.075,0.2,1.0,1109.0,0.0,0.0,0.12173128944995491
3.0,4.0,22.0,0.1,0.075,0.2,1.0,1120.0,0.0,0.0,0.12142857142857143
3.0,4.0,23.0,0.1,0.075,0.2,1.0,1058.0,0.0,0.0,0.12287334593572778
3.0,4.0,24.0,0.1,0.075,0.2,1.0,1066.0,0.0,0.0,0.12382739212007504
3.0,4.0,25.0,0.1,0.075,0.2,1.0,1028.0,0.0,0.0,0.11964980544747082
3.0,4.0,26.0,0.1,0.075,0.2,1.0,1024.0,0.0,0.0,0.123046875
3.0,4.0,27.0,0.1,0.075,0.2,1.0,963.0,0.0,0.0,0.11941848390446522
3.0,4.0,28.0,0.1,0.075,0.2,1.0,977.0,0.0,0.0,0.1187308085977482
3.0,4.0,29.0,0.1,0.075,0.2,1.0,937.0,0.0,0.0,0.11739594450373532
3.0,4.0,30.0,0.1,0.075,0.2,1.0,931.0,0.0,0.0,0.11922663802363051
3.0,4.0,31.0,0.1,0.075,0.2,1.0,885.0,0.0,0.0,0.11977401129943503
3.0,4.0,32.0,0.1,0.075,0.2,1.0,866.0,0.0,0.0,0.1235565819861432
3.0,4.0,33.0,0.1,0.075,0.2,1.0,831.0,0.0,0.0,0.12394705174488568
3.0,4.0,34.0,0.1,0.075,0.2,1.0,821.0,0.0,0.0,0.12423873325213154
3.0,4.0,35.0,0.1,0.075,0.2,1.0,788.0,0.0,0.0,0.12563451776649745
3.0,4.0,36.0,0.1,0.075,0.2,1.0,783.0,0.0,0.0,0.12899106002554278
3.0,4.0,37.0,0.1,0.075,0.2,1.0,758.0,0.0,0.0,0.12532981530343007
3.0,4.0,38.0,0.1,0.075,0.2,1.0,747.0,0.0,0.0,0.12449799196787148
3.0,4.0,39.0,0.1,0.075,0.2,1.0,700.0,0.0,0.0,0.12428571428571429
3.0,4.0,40.0,0.1,0.075,0.2,1.0,688.0,0.0,0.0,0.125
3.0,4.0,41.0,0.1,0.075,0.2,1.0,681.0,0.0,0.0,0.12481644640234948
3.0,4.0,42.0,0.1,0.075,0.2,1.0,681.0,0.0,0.0,0.12334801762114538
3.0,4.0,43.0,0.1,0.075,0.2,1.0,673.0,0.0,0.0,0.1263001485884101
3.0,4.0,44.0,0.1,0.075,0.2,1.0,644.0,0.0,0.0,0.12732919254658384
3.0,4.0,45.0,0.1,0.075,0.2,1.0,609.0,0.0,0.0,0.20361247947454844
3.0,4.0,46.0,0.1,0.075,0.2,1.0,583.0,0.0,0.0,0.2058319039451115
3.0,4.0,47.0,0.1,0.075,0.2,1.0,592.0,0.0,0.0,0.20608108108108109
3.0,4.0,48.0,0.1,0.075,0.2,1.0,578.0,0.0,0.0,0.2041522491349481
3.0,4.0,49.0,0.1,0.075,0.2,1.0,567.0,0.0,0.0,0.20105820105820105
3.0,4.0,50.0,0.1,0.075,0.2,1.0,562.0,0.0,0.0,0.20284697508896798
3.0,4.0,51.0,0.1,0.075,0.2,1.0,554.0,0.0,0.0,0.20577617328519857
3.0,4.0,52.0,0.1,0.075,0.2,1.0,554.0,0.0,0.0,0.20397111913357402
3.0,5.0,1.0,0.1,0.075,0.2,1.0,544.0,0.0,0.0,0.20772058823529413
3.0,5.0,2.0,0.1,0.075,0.2,1.0,539.0,0.0,0.0,0.20222634508348794
3.0,5.0,3.0,0.1,0.075,0.2,1.0,536.0,0.0,0.0,0.20708955223880596
3.0,5.0,4.0,0.1,0.075,0.2,1.0,532.0,0.0,0.0,0.20300751879699247
3.0,5.0,5.0,0.1,0.075,0.2,1.0,528.0,0.0,0.0,0.20643939393939395
3.0,5.0,6.0,0.1,0.075,0.2,1.0,529.0,0.0,0.0,0.20226843100189035
3.0,5.0,7.0,0.1,0.075,0.2,1.0,527.0,0.0,0.0,0.20683111954459202
3.0,5.0,8.0,0.1,0.075,0.2,1.0,525.0,0.0,0.0,0.2038095238095238
3.0,5.0,9.0,0.1,0.075,0.2,1.0,523.0,0.0,0.0,0.20267686424474188
3.0,5.0,10.0,0.1,0.075,0.2,1.0,521.0,0.0,0.0,0.20153550863723607
3.0,5.0,11.0,0.1,0.075,0.2,1.0,521.0,0.0,0.0,0.2034548944337812
3.0,5.0,12.0,0.1,0.075,0.2,1.0,520.0,0.0,0.0,0.20192307692307693
3.0,5.0,13.0,0.1,0.075,0.2,1.0,518.0,0.0,0.0,0.20077220077220076
3.0,5.0,14.0,0.1,0.075,0.2,1.0,516.0,0.0,0.0,0.1996124031007752
3.0,5.0,15.0,0.1,0.075,0.2,1.0,516.0,0.0,0.0,0.20155038759689922
3.0,5.0,16.0,0.1,0.075,0.2,1.0,514.0,0.0,0.0,0.20038910505836577
3.0,5.0,17.0,0.1,0.075,0.2,1.0,515.0,0.0,0.0,0.20194174757281552
3.0,5.0,18.0,0.1,0.075,0.2,1.0,490.0,0.0,0.0,0.20204081632653062
3.0,5.0,19.0,0.1,0.075,0.2,1.0,491.0,0.0,0.0,0.20366598778004075
3.0,5.0,20.0,0.1,0.075,0.2,1.0,859.0,0.0,0.0,0.11525029103608847
3.0,5.0,21.0,0.1,0.075,0.2,1.0,857.0,0.0,0.0,0.11551925320886815
3.0,5.0,22.0,0.1,0.075,0.2,1.0,821.0,0.0,0.0,0.11571254567600488
3.0,5.0,23.0,0.1,0.075,0.2,1.0,799.0,0.0,0.0,0.11764705882352941
3.0,5.0,24.0,0.1,0.075,0.2,1.0,788.0,0.0,0.0,0.11421319796954314
3.0,5.0,25.0,0.1,0.075,0.2,1.0,749.0,0.0,0.0,0.11882510013351134
3.0,5.0,26.0,0.1,0.075,0.2,1.0,751.0,0.0,0.0,0.118508655126498
3.0,5.0,27.0,0.1,0.075,0.2,1.0,748.0,0.0,0.0,0.11764705882352941
3.0,5.0,28.0,0.1,0.075,0.2,1.0,748.0,0.0,0.0,0.11764705882352941
3.0,5.0,29.0,0.1,0.075,0.2,1.0,734.0,0.0,0.0,0.11716621253405994
3.0,5.0,30.0,0.1,0.075,0.2,1.0,708.0,0.0,0.0,0.12005649717514125
3.0,5.0,31.0,0.1,0.075,0.2,1.0,698.0,0.0,0.0,0.12034383954154727
3.0,5.0,32.0,0.1,0.075,0.2,1.0,695.0,0.0,0.0,0.11942446043165468
3.0,5.0,33.0,0.1,0.075,0.2,1.0,675.0,0.0,0.0,0.12
3.0,5.0,34.0,0.1,0.075,0.2,1.0,677.0,0.0,0.0,0.11964549483013294
3.0,5.0,35.0,0.1,0.075,0.2,1.0,681.0,0.0,0.0,0.11747430249632893
3.0,5.0,36.0,0.1,0.075,0.2,1.0,674.0,0.0,0.0,0.1201780415430267
3.0,5.0,37.0,0.1,0.075,0.2,1.0,661.0,0.0,0.0,0.11346444780635401
3.0,5.0,38.0,0.1,0.075,0.2,1.0,641.0,0.0,0.0,0.11544461778471139
3.0,5.0,39.0,0.1,0.075,0.2,1.0,630.0,0.0,0.0,0.1126984126984127
3.0,5.0,40.0,0.1,0.075,0.2,1.0,627.0,0.0,0.0,0.11483253588516747
3.0,5.0,41.0,0.1,0.075,0.2,1.0,619.0,0.0,0.0,0.1098546042003231
3.0,5.0,42.0,0.1,0.075,0.2,1.0,619.0,0.0,0.0,0.11147011308562198
3.0,5.0,43.0,0.1,0.075,0.2,1.0,617.0,0.0,0.0,0.11021069692058347
3.0,5.0,44.0,0.1,0.075,0.2,1.0,616.0,0.0,0.0,0.11201298701298701
3.0,5.0,45.0,0.1,0.075,0.2,1.0,616.0,0.0,0.0,0.18019480519480519
3.0,5.0,46.0,0.1,0.075,0.2,1.0,614.0,0.0,0.0,0.18078175895765472
3.0,5.0,47.0,0.1,0.075,0.2,1.0,612.0,0.0,0.0,0.17973856209150327
3.0,5.0,48.0,0.1,0.075,0.2,1.0,600.0,0.0,0.0,0.18333333333333332
3.0,5.0,49.0,0.1,0.075,0.2,1.0,583.0,0.0,0.0,0.18181818181818182
3.0,5.0,50.0,0.1,0.075,0.2,1.0,571.0,0.0,0.0,0.18388791593695272
3.0,5.0,51.0,0.1,0.075,0.2,1.0,565.0,0.0,0.0,0.184070796460177
3.0,5.0,52.0,0.1,0.075,0.2,1.0,563.0,0.0,0.0,0.1847246891651865
3.0,6.0,1.0,0.1,0.075,0.2,1.0,563.0,0.0,0.0,0.18294849023090587
3.0,6.0,2.0,0.1,0.075,0.2,1.0,560.0,0.0,0.0,0.18571428571428572
3.0,6.0,3.0,0.1,0.075,0.2,1.0,560.0,0.0,0.0,0.18392857142857144
3.0,6.0,4.0,0.1,0.075,0.2,1.0,554.0,0.0,0.0,0.18772563176895307
3.0,6.0,5.0,0.1,0.075,0.2,1.0,555.0,0.0,0.0,0.18198198198198198
3.0,6.0,6.0,0.1,0.075,0.2,1.0,551.0,0.0,0.0,0.1851179673321234
3.0,6.0,7.0,0.1,0.075,0.2,1.0,553.0,0.0,0.0,0.18083182640144665
3.0,6.0,8.0,0.1,0.075,0.2,1.0,545.0,0.0,0.0,0.1834862385321101
3.0,6.0,9.0,0.1,0.075,0.2,1.0,546.0,0.0,0.0,0.1813186813186813
3.0,6.0,10.0,0.1,0.075,0.2,1.0,541.0,0.0,0.0,0.18299445471349354
3.0,6.0,11.0,0.1,0.075,0.2,1.0,542.0,0.0,0.0,0.18265682656826568
3.0,6.0,12.0,0.1,0.075,0.2,1.0,540.0,0.0,0.0,0.18333333333333332
3.0,6.0,13.0,0.1,0.075,0.2,1.0,541.0,0.0,0.0,0.18299445471349354
3.0,6.0,14.0,0.1,0.075,0.2,1.0,538.0,0.0,0.0,0.18401486988847585
3.0,6.0,15.0,0.1,0.075,0.2,1.0,538.0,0.0,0.0,0.18401486988847585
3.0,6.0,16.0,0.1,0.075,0.2,1.0,537.0,0.0,0.0,0.18435754189944134
3.0,6.0,17.0,0.1,0.075,0.2,1.0,538.0,0.0,0.0,0.18401486988847585
3.0,6.0,18.0,0.1,0.075,0.2,1.0,526.0,0.0,0.0,0.18250950570342206
3.0,6.0,19.0,0.1,0.075,0.2,1.0,527.0,0.0,0.0,0.18216318785578747
3.0,6.0,20.0,0.1,0.075,0.2,1.0,926.0,0.0,0.0,0.10367170626349892
3.0,6.0,21.0,0.1,0.075,0.2,1.0,888.0,0.0,0.0,0.10585585585585586
3.0,6.0,22.0,0.1,0.075,0.2,1.0,879.0,0.0,0.0,0.10352673492605233
3.0,6.0,23.0,0.1,0.075,0.2,1.0,846.0,0.0,0.0,0.10047281323877069
3.0,6.0,24.0,0.1,0.075,0.2,1.0,779.0,0.0,0.0,0.10911424903722722
3.0,6.0,25.0,0.1,0.075,0.2,1.0,738.0,0.0,0.0,0.11246612466124661
3.0,6.0,26.0,0.1,0.075,0.2,1.0,709.0,0.0,0.0,0.11142454160789844
3.0,6.0,27.0,0.1,0.075,0.2,1.0,675.0,0.0,0.0,0.11259259259259259
3.0,6.0,28.0,0.1,0.075,0.2,1.0,627.0,0.0,0.0,0.11323763955342903
3.0,6.0,29.0,0.1,0.075,0.2,1.0,626.0,0.0,0.0,0.1134185303514377
3.0,6.0,30.0,0.1,0.075,0.2,1.0,623.0,0.0,0.0,0.11235955056179775
3.0,6.0,31.0,0.1,0.075,0.2,1.0,617.0,0.0,0.0,0.11021069692058347
3.0,6.0,32.0,0.1,0.075,0.2,1.0,595.0,0.0,0.0,0.1092436974789916
3.0,6.0,33.0,0.1,0.075,0.2,1.0,593.0,0.0,0.0,0.10961214165261383
3.0,6.0,34.0,0.1,0.075,0.2,1.0,592.0,0.0,0.0,0.1097972972972973
3.0,6.0,35.0,0.1,0.075,0.2,1.0,592.0,0.0,0.0,0.10810810810810811
3.0,6.0,36.0,0.1,0.075,0.2,1.0,587.0,0.0,0.0,0.10732538330494037
3.0,6.0,37.0,0.1,0.075,0.2,1.0,575.0,0.0,0.0,0.10782608695652174
3.0,6.0,38.0,0.1,0.075,0.2,1.0,550.0,0.0,0.0,0.10909090909090909
3.0,6.0,39.0,0.1,0.075,0.2,1.0,520.0,0.0,0.0,0.11153846153846154
3.0,6.0,40.0,0.1,0.075,0.2,1.0,501.0,0.0,0.0,0.11177644710578842
3.0,6.0,41.0,0.1,0.075,0.2,1.0,501.0,0.0,0.0,0.11177644710578842
3.0,6.0,42.0,0.1,0.075,0.2,1.0,500.0,0.0,0.0,0.112
3.0,6.0,43.0,0.1,0.075,0.2,1.0,500.0,0.0,0.0,0.112
3.0,6.0,44.0,0.1,0.075,0.2,1.0,499.0,0.0,0.0,0.11222444889779559
3.0,6.0,45.0,0.1,0.075,0.2,1.0,500.0,0.0,0.0,0.184
3.0,6.0,46.0,0.1,0.075,0.2,1.0,498.0,0.0,0.0,0.18473895582329317
3.0,6.0,47.0,0.1,0.075,0.2,1.0,499.0,0.0,0.0,0.1843687374749499
3.0,6.0,48.0,0.1,0.075,0.2,1.0,496.0,0.0,0.0,0.18548387096774194
3.0,6.0,49.0,0.1,0.075,0.2,1.0,498.0,0.0,0.0,0.18473895582329317
3.0,6.0,50.0,0.1,0.075,0.2,1.0,496.0,0.0,0.0,0.18548387096774194
3.0,6.0,51.0,0.1,0.075,0.2,1.0,496.0,0.0,0.0,0.18346774193548387
3.0,6.0,52.0,0.1,0.075,0.2,1.0,494.0,0.0,0.0,0.18421052631578946
3.0,7.0,1.0,0.1,0.075,0.2,1.0,496.0,0.0,0.0,0.18346774193548387
3.0,7.0,2.0,0.1,0.075,0.2,1.0,491.0,0.0,0.0,0.18126272912423624
3.0,7.0,3.0,0.1,0.075,0.2,1.0,492.0,0.0,0.0,0.18089430894308944
3.0,7.0,4.0,0.1,0.075,0.2,1.0,472.0,0.0,0.0,0.1885593220338983
3.0,7.0,5.0,0.1,0.075,0.2,1.0,474.0,0.0,0.0,0.1877637130801688
3.0,7.0,6.0,0.1,0.075,0.2,1.0,471.0,0.0,0.0,0.18683651804670912
3.0,7.0,7.0,0.1,0.075,0.2,1.0,472.0,0.0,0.0,0.1864406779661017
3.0,7.0,8.0,0.1,0.075,0.2,1.0,468.0,0.0,0.0,0.18803418803418803
3.0,7.0,9.0,0.1,0.075,0.2,1.0,471.0,0.0,0.0,0.18683651804670912
3.0,7.0,10.0,0.1,0.075,0.2,1.0,466.0,0.0,0.0,0.1888412017167382
3.0,7.0,11.0,0.1,0.075,0.2,1.0,467.0,0.0,0.0,0.18843683083511778
3.0,7.0,12.0,0.1,0.075,0.2,1.0,465.0,0.0,0.0,0.18924731182795698
3.0,7.0,13.0,0.1,0.075,0.2,1.0,465.0,0.0,0.0,0.1870967741935484
3.0,7.0,14.0,0.1,0.075,0.2,1.0,463.0,0.0,0.0,0.1879049676025918
3.0,7.0,15.0,0.1,0.075,0.2,1.0,464.0,0.0,0.0,0.1875
3.0,7.0,16.0,0.1,0.075,0.2,1.0,463.0,0.0,0.0,0.1879049676025918
3.0,7.0,17.0,0.1,0.075,0.2,1.0,462.0,0.0,0.0,0.18614718614718614
3.0,7.0,18.0,0.1,0.075,0.2,1.0,462.0,0.0,0.0,0.18614718614718614
3.0,7.0,19.0,0.1,0.075,0.2,1.0,463.0,0.0,0.0,0.1857451403887689
3.0,7.0,20.0,0.1,0.075,0.2,1.0,835.0,0.0,0.0,0.10179640718562874
3.0,7.0,21.0,0.1,0.075,0.2,1.0,837.0,0.0,0.0,0.1015531660692951
3.0,7.0,22.0,0.1,0.075,0.2,1.0,835.0,0.0,0.0,0.10179640718562874
3.0,7.0,23.0,0.1,0.075,0.2,1.0,836.0,0.0,0.0,0.10047846889952153
3.0,7.0,24.0,0.1,0.075,0.2,1.0,834.0,0.0,0.0,0.10071942446043165
3.0,7.0,25.0,0.1,0.075,0.2,1.0,804.0,0.0,0.0,0.10199004975124377
3.0,7.0,26.0,0.1,0.075,0.2,1.0,769.0,0.0,0.0,0.10533159947984395
3.0,7.0,27.0,0.1,0.075,0.2,1.0,747.0,0.0,0.0,0.10307898259705489
3.0,7.0,28.0,0.1,0.075,0.2,1.0,729.0,0.0,0.0,0.10150891632373114
3.0,7.0,29.0,0.1,0.075,0.2,1.0,734.0,0.0,0.0,0.1008174386920981
3.0,7.0,30.0,0.1,0.075,0.2,1.0,732.0,0.0,0.0,0.10109289617486339
3.0,7.0,31.0,0.1,0.075,0.2,1.0,701.0,0.0,0.0,0.09700427960057062
3.0,7.0,32.0,0.1,0.075,0.2,1.0,671.0,0.0,0.0,0.09687034277198212
3.0,7.0,33.0,0.1,0.075,0.2,1.0,681.0,0.0,0.0,0.09544787077826726
3.0,7.0,34.0,0.1,0.075,0.2,1.0,671.0,0.0,0.0,0.09687034277198212
3.0,7.0,35.0,0.1,0.075,0.2,1.0,642.0,0.0,0.0,0.09813084112149532
3.0,7.0,36.0,0.1,0.075,0.2,1.0,603.0,0.0,0.0,0.1044776119402985
3.0,7.0,37.0,0.1,0.075,0.2,1.0,613.0,0.0,0.0,0.10277324632952692
3.0,7.0,38.0,0.1,0.075,0.2,1.0,603.0,0.0,0.0,0.1044776119402985
3.0,7.0,39.0,0.1,0.075,0.2,1.0,613.0,0.0,0.0,0.10277324632952692
3.0,7.0,40.0,0.1,0.075,0.2,1.0,588.0,0.0,0.0,0.10204081632653061
3.0,7.0,41.0,0.1,0.075,0.2,1.0,598.0,0.0,0.0,0.10033444816053512
3.0,7.0,42.0,0.1,0.075,0.2,1.0,587.0,0.0,0.0,0.10221465076660988
3.0,7.0,43.0,0.1,0.075,0.2,1.0,584.0,0.0,0.0,0.10273972602739725
3.0,7.0,44.0,0.1,0.075,0.2,1.0,573.0,0.0,0.0,0.10471204188481675
3.0,7.0,45.0,0.1,0.075,0.2,1.0,584.0,0.0,0.0,0.1695205479452055
3.0,7.0,46.0,0.1,0.075,0.2,1.0,573.0,0.0,0.0,0.17277486910994763
3.0,7.0,47.0,0.1,0.075,0.2,1.0,584.0,0.0,0.0,0.1695205479452055
3.0,7.0,48.0,0.1,0.075,0.2,1.0,573.0,0.0,0.0,0.17277486910994763
3.0,7.0,49.0,0.1,0.075,0.2,1.0,584.0,0.0,0.0,0.1695205479452055
3.0,7.0,50.0,0.1,0.075,0.2,1.0,571.0,0.0,0.0,0.1733800350262697
3.0,7.0,51.0,0.1,0.075,0.2,1.0,584.0,0.0,0.0,0.1695205479452055
3.0,7.0,52.0,0.1,0.075,0.2,1.0,571.0,0.0,0.0,0.1733800350262697
3.0,8.0,1.0,0.1,0.075,0.2,1.0,584.0,0.0,0.0,0.1695205479452055
3.0,8.0,2.0,0.1,0.075,0.2,1.0,572.0,0.0,0.0,0.17307692307692307
3.0,8.0,3.0,0.1,0.075,0.2,1.0,584.0,0.0,0.0,0.1695205479452055
3.0,8.0,4.0,0.1,0.075,0.2,1.0,572.0,0.0,0.0,0.17307692307692307
3.0,8.0,5.0,0.1,0.075,0.2,1.0,581.0,0.0,0.0,0.1703958691910499
3.0,8.0,6.0,0.1,0.075,0.2,1.0,569.0,0.0,0.0,0.17398945518453426
3.0,8.0,7.0,0.1,0.075,0.2,1.0,581.0,0.0,0.0,0.1703958691910499
3.0,8.0,8.0,0.1,0.075,0.2,1.0,570.0,0.0,0.0,0.1736842105263158
3.0,8.0,9.0,0.1,0.075,0.2,1.0,579.0,0.0,0.0,0.17098445595854922
3.0,8.0,10.0,0.1,0.075,0.2,1.0,570.0,0.0,0.0,0.1736842105263158
3.0,8.0,11.0,0.1,0.075,0.2,1.0,565.0,0.0,0.0,0.17168141592920355
3.0,8.0,12.0,0.1,0.075,0.2,1.0,545.0,0.0,0.0,0.1724770642201835
3.0,8.0,13.0,0.1,0.075,0.2,1.0,553.0,0.0,0.0,0.16998191681735986
3.0,8.0,14.0,0.1,0.075,0.2,1.0,545.0,0.0,0.0,0.1724770642201835
3.0,8.0,15.0,0.1,0.075,0.2,1.0,552.0,0.0,0.0,0.16847826086956522
3.0,8.0,16.0,0.1,0.075,0.2,1.0,545.0,0.0,0.0,0.1724770642201835
3.0,8.0,17.0,0.1,0.075,0.2,1.0,552.0,0.0,0.0,0.16847826086956522
3.0,8.0,18.0,0.1,0.075,0.2,1.0,544.0,0.0,0.0,0.17279411764705882
3.0,8.0,19.0,0.1,0.075,0.2,1.0,552.0,0.0,0.0,0.17028985507246377
3.0,8.0,20.0,0.1,0.075,0.2,1.0,979.0,0.0,0.0,0.09601634320735444
3.0,8.0,21.0,0.1,0.075,0.2,1.0,982.0,0.0,0.0,0.09368635437881874
3.0,8.0,22.0,0.1,0.075,0.2,1.0,937.0,0.0,0.0,0.09498399146211313
3.0,8.0,23.0,0.1,0.075,0.2,1.0,957.0,0.0,0.0,0.09299895506792058
3.0,8.0,24.0,0.1,0.075,0.2,1.0,904.0,0.0,0.0,0.09513274336283185
3.0,8.0,25.0,0.1,0.075,0.2,1.0,908.0,0.0,0.0,0.0947136563876652
3.0,8.0,26.0,0.1,0.075,0.2,1.0,860.0,0.0,0.0,0.09651162790697675
3.0,8.0,27.0,0.1,0.075,0.2,1.0,851.0,0.0,0.0,0.0963572267920094
3.0,8.0,28.0,0.1,0.075,0.2,1.0,831.0,0.0,0.0,0.098676293622142
3.0,8.0,29.0,0.1,0.075,0.2,1.0,827.0,0.0,0.0,0.09552599758162031
3.0,8.0,30.0,0.1,0.075,0.2,1.0,807.0,0.0,0.0,0.09789343246592318
3.0,8.0,31.0,0.1,0.075,0.2,1.0,816.0,0.0,0.0,0.09558823529411764
3.0,8.0,32.0,0.1,0.075,0.2,1.0,779.0,0.0,0.0,0.10012836970474968
3.0,8.0,33.0,0.1,0.075,0.2,1.0,788.0,0.0,0.0,0.09898477157360407
3.0,8.0,34.0,0.1,0.075,0.2,1.0,768.0,0.0,0.0,0.1015625
3.0,8.0,35.0,0.1,0.075,0.2,1.0,775.0,0.0,0.0,0.09806451612903226
3.0,8.0,36.0,0.1,0.075,0.2,1.0,731.0,0.0,0.0,0.10259917920656635
3.0,8.0,37.0,0.1,0.075,0.2,1.0,724.0,0.0,0.0,0.10359116022099447
3.0,8.0,38.0,0.1,0.075,0.2,1.0,704.0,0.0,0.0,0.10653409090909091
3.0,8.0,39.0,0.1,0.075,0.2,1.0,724.0,0.0,0.0,0.10359116022099447
3.0,8.0,40.0,0.1,0.075,0.2,1.0,692.0,0.0,0.0,0.10549132947976879
3.0,8.0,41.0,0.1,0.075,0.2,1.0,714.0,0.0,0.0,0.10364145658263306
3.0,8.0,42.0,0.1,0.075,0.2,1.0,692.0,0.0,0.0,0.10549132947976879
3.0,8.0,43.0,0.1,0.075,0.2,1.0,701.0,0.0,0.0,0.10413694721825963
3.0,8.0,44.0,0.1,0.075,0.2,1.0,666.0,0.0,0.0,0.10510510510510511
3.0,8.0,45.0,0.1,0.075,0.2,1.0,673.0,0.0,0.0,0.15601783060921248
3.0,8.0,46.0,0.1,0.075,0.2,1.0,653.0,0.0,0.0,0.16079632465543645
3.0,8.0,47.0,0.1,0.075,0.2,1.0,673.0,0.0,0.0,0.15601783060921248
3.0,8.0,48.0,0.1,0.075,0.2,1.0,655.0,0.0,0.0,0.1618320610687023
3.0,8.0,49.0,0.1,0.075,0.2,1.0,673.0,0.0,0.0,0.15601783060921248
3.0,8.0,50.0,0.1,0.075,0.2,1.0,655.0,0.0,0.0,0.1618320610687023
3.0,8.0,51.0,0.1,0.075,0.2,1.0,673.0,0.0,0.0,0.15601783060921248
3.0,8.0,52.0,0.1,0.075,0.2,1.0,652.0,0.0,0.0,0.15950920245398773
3.0,9.0,1.0,0.1,0.075,0.2,1.0,670.0,0.0,0.0,0.15671641791044777
3.0,9.0,2.0,0.1,0.075,0.2,1.0,647.0,0.0,0.0,0.160741885625966
3.0,9.0,3.0,0.1,0.075,0.2,1.0,666.0,0.0,0.0,0.15765765765765766
3.0,9.0,4.0,0.1,0.075,0.2,1.0,644.0,0.0,0.0,0.16149068322981366
3.0,9.0,5.0,0.1,0.075,0.2,1.0,663.0,0.0,0.0,0.1568627450980392
3.0,9.0,6.0,0.1,0.075,0.2,1.0,644.0,0.0,0.0,0.16149068322981366
3.0,9.0,7.0,0.1,0.075,0.2,1.0,652.0,0.0,0.0,0.1549079754601227
3.0,9.0,8.0,0.1,0.075,0.2,1.0,630.0,0.0,0.0,0.16031746031746033
3.0,9.0,9.0,0.1,0.075,0.2,1.0,643.0,0.0,0.0,0.16018662519440124
3.0,9.0,10.0,0.1,0.075,0.2,1.0,631.0,0.0,0.0,0.16164817749603805
3.0,9.0,11.0,0.1,0.075,0.2,1.0,641.0,0.0,0.0,0.15912636505460218
3.0,9.0,12.0,0.1,0.075,0.2,1.0,630.0,0.0,0.0,0.1634920634920635
3.0,9.0,13.0,0.1,0.075,0.2,1.0,641.0,0.0,0.0,0.15912636505460218
3.0,9.0,14.0,0.1,0.075,0.2,1.0,629.0,0.0,0.0,0.16216216216216217
3.0,9.0,15.0,0.1,0.075,0.2,1.0,641.0,0.0,0.0,0.15912636505460218
3.0,9.0,16.0,0.1,0.075,0.2,1.0,629.0,0.0,0.0,0.16216216216216217
3.0,9.0,17.0,0.1,0.075,0.2,1.0,641.0,0.0,0.0,0.15912636505460218
3.0,9.0,18.0,0.1,0.075,0.2,1.0,627.0,0.0,0.0,0.1594896331738437
3.0,9.0,19.0,0.1,0.075,0.2,1.0,642.0,0.0,0.0,0.16043613707165108
3.0,9.0,20.0,0.1,0.075,0.2,1.0,1098.0,0.0,0.0,0.0883424408014572
3.0,9.0,21.0,0.1,0.075,0.2,1.0,1081.0,0.0,0.0,0.08880666049953746
3.0,9.0,22.0,0.1,0.075,0.2,1.0,1040.0,0.0,0.0,0.08846153846153847
3.0,9.0,23.0,0.1,0.075,0.2,1.0,1026.0,0.0,0.0,0.08771929824561403
3.0,9.0,24.0,0.1,0.075,0.2,1.0,1013.0,0.0,0.0,0.087857847976308
3.0,9.0,25.0,0.1,0.075,0.2,1.0,1003.0,0.0,0.0,0.08873379860418744
3.0,9.0,26.0,0.1,0.075,0.2,1.0,1000.0,0.0,0.0,0.088
3.0,9.0,27.0,0.1,0.075,0.2,1.0,970.0,0.0,0.0,0.09072164948453608
3.0,9.0,28.0,0.1,0.075,0.2,1.0,939.0,0.0,0.0,0.09052183173588925
3.0,9.0,29.0,0.1,0.075,0.2,1.0,939.0,0.0,0.0,0.09052183173588925
3.0,9.0,30.0,0.1,0.075,0.2,1.0,924.0,0.0,0.0,0.09199134199134198
3.0,9.0,31.0,0.1,0.075,0.2,1.0,911.0,0.0,0.0,0.09330406147091108
3.0,9.0,32.0,0.1,0.075,0.2,1.0,899.0,0.0,0.0,0.09454949944382647
3.0,9.0,33.0,0.1,0.075,0.2,1.0,899.0,0.0,0.0,0.09454949944382647
3.0,9.0,34.0,0.1,0.075,0.2,1.0,874.0,0.0,0.0,0.09382151029748284
3.0,9.0,35.0,0.1,0.075,0.2,1.0,874.0,0.0,0.0,0.09382151029748284
3.0,9.0,36.0,0.1,0.075,0.2,1.0,874.0,0.0,0.0,0.09382151029748284
3.0,9.0,37.0,0.1,0.075,0.2,1.0,847.0,0.0,0.0,0.09327036599763873
3.0,9.0,38.0,0.1,0.075,0.2,1.0,846.0,0.0,0.0,0.0933806146572104
3.0,9.0,39.0,0.1,0.075,0.2,1.0,847.0,0.0,0.0,0.09327036599763873
3.0,9.0,40.0,0.1,0.075,0.2,1.0,817.0,0.0,0.0,0.09424724602203183
3.0,9.0,41.0,0.1,0.075,0.2,1.0,802.0,0.0,0.0,0.09476309226932668
3.0,9.0,42.0,0.1,0.075,0.2,1.0,791.0,0.0,0.0,0.09608091024020228
3.0,9.0,43.0,0.1,0.075,0.2,1.0,779.0,0.0,0.0,0.0962772785622593
3.0,9.0,44.0,0.1,0.075,0.2,1.0,779.0,0.0,0.0,0.0962772785622593
3.0,9.0,45.0,0.1,0.075,0.2,1.0,779.0,0.0,0.0,0.1514762516046213
3.0,9.0,46.0,0.1,0.075,0.2,1.0,766.0,0.0,0.0,0.14882506527415143
3.0,9.0,47.0,0.1,0.075,0.2,1.0,766.0,0.0,0.0,0.14882506527415143
3.0,9.0,48.0,0.1,0.075,0.2,1.0,766.0,0.0,0.0,0.14882506527415143
3.0,9.0,49.0,0.1,0.075,0.2,1.0,754.0,0.0,0.0,0.14854111405835543
3.0,9.0,50.0,0.1,0.075,0.2,1.0,753.0,0.0,0.0,0.14873837981407703
3.0,9.0,51.0,0.1,0.075,0.2,1.0,754.0,0.0,0.0,0.14854111405835543
3.0,9.0,52.0,0.1,0.075,0.2,1.0,752.0,0.0,0.0,0.14893617021276595
3.0,10.0,1.0,0.1,0.075,0.2,1.0,752.0,0.0,0.0,0.14893617021276595
3.0,10.0,2.0,0.1,0.075,0.2,1.0,750.0,0.0,0.0,0.14933333333333335
3.0,10.0,3.0,0.1,0.075,0.2,1.0,750.0,0.0,0.0,0.14933333333333335
3.0,10.0,4.0,0.1,0.075,0.2,1.0,736.0,0.0,0.0,0.14673913043478262
3.0,10.0,5.0,0.1,0.075,0.2,1.0,736.0,0.0,0.0,0.14673913043478262
3.0,10.0,6.0,0.1,0.075,0.2,1.0,734.0,0.0,0.0,0.14713896457765668
3.0,10.0,7.0,0.1,0.075,0.2,1.0,734.0,0.0,0.0,0.14713896457765668
3.0,10.0,8.0,0.1,0.075,0.2,1.0,731.0,0.0,0.0,0.14774281805745554
3.0,10.0,9.0,0.1,0.075,0.2,1.0,731.0,0.0,0.0,0.14774281805745554
3.0,10.0,10.0,0.1,0.075,0.2,1.0,729.0,0.0,0.0,0.14814814814814814
3.0,10.0,11.0,0.1,0.075,0.2,1.0,728.0,0.0,0.0,0.14835164835164835
3.0,10.0,12.0,0.1,0.075,0.2,1.0,726.0,0.0,0.0,0.1487603305785124
3.0,10.0,13.0,0.1,0.075,0.2,1.0,726.0,0.0,0.0,0.1487603305785124
3.0,10.0,14.0,0.1,0.075,0.2,1.0,713.0,0.0,0.0,0.1514726507713885
3.0,10.0,15.0,0.1,0.075,0.2,1.0,713.0,0.0,0.0,0.1514726507713885
3.0,10.0,16.0,0.1,0.075,0.2,1.0,713.0,0.0,0.0,0.1514726507713885
3.0,10.0,17.0,0.1,0.075,0.2,1.0,712.0,0.0,0.0,0.15168539325842698
3.0,10.0,18.0,0.1,0.075,0.2,1.0,712.0,0.0,0.0,0.15168539325842698
3.0,10.0,19.0,0.1,0.075,0.2,1.0,712.0,0.0,0.0,0.15168539325842698
3.0,10.0,20.0,0.1,0.075,0.2,1.0,1248.0,0.0,0.0,0.07932692307692307
3.0,10.0,21.0,0.1,0.075,0.2,1.0,1205.0,0.0,0.0,0.08049792531120332
3.0,10.0,22.0,0.1,0.075,0.2,1.0,1180.0,0.0,0.0,0.07966101694915254
3.0,10.0,23.0,0.1,0.075,0.2,1.0,1160.0,0.0,0.0,0.08017241379310344
3.0,10.0,24.0,0.1,0.075,0.2,1.0,1121.0,0.0,0.0,0.08028545941123996
3.0,10.0,25.0,0.1,0.075,0.2,1.0,1097.0,0.0,0.0,0.08113035551504102
3.0,10.0,26.0,0.1,0.075,0.2,1.0,1085.0,0.0,0.0,0.08018433179723503
3.0,10.0,27.0,0.1,0.075,0.2,1.0,1086.0,0.0,0.0,0.08011049723756906
3.0,10.0,28.0,0.1,0.075,0.2,1.0,1014.0,0.0,0.0,0.08382642998027613
3.0,10.0,29.0,0.1,0.075,0.2,1.0,1002.0,0.0,0.0,0.08483033932135728
3.0,10.0,30.0,0.1,0.075,0.2,1.0,976.0,0.0,0.0,0.0860655737704918
3.0,10.0,31.0,0.1,0.075,0.2,1.0,977.0,0.0,0.0,0.08597748208802457
3.0,10.0,32.0,0.1,0.075,0.2,1.0,960.0,0.0,0.0,0.0875
3.0,10.0,33.0,0.1,0.075,0.2,1.0,949.0,0.0,0.0,0.08851422550052687
3.0,10.0,34.0,0.1,0.075,0.2,1.0,924.0,0.0,0.0,0.08874458874458875
3.0,10.0,35.0,0.1,0.075,0.2,1.0,893.0,0.0,0.0,0.08734602463605823
3.0,10.0,36.0,0.1,0.075,0.2,1.0,892.0,0.0,0.0,0.08744394618834081
3.0,10.0,37.0,0.1,0.075,0.2,1.0,893.0,0.0,0.0,0.08734602463605823
3.0,10.0,38.0,0.1,0.075,0.2,1.0,867.0,0.0,0.0,0.08881199538638986
3.0,10.0,39.0,0.1,0.075,0.2,1.0,857.0,0.0,0.0,0.08984830805134189
3.0,10.0,40.0,0.1,0.075,0.2,1.0,844.0,0.0,0.0,0.09123222748815166
3.0,10.0,41.0,0.1,0.075,0.2,1.0,845.0,0.0,0.0,0.09112426035502959
3.0,10.0,42.0,0.1,0.075,0.2,1.0,844.0,0.0,0.0,0.09123222748815166
3.0,10.0,43.0,0.1,0.075,0.2,1.0,845.0,0.0,0.0,0.09112426035502959
3.0,10.0,44.0,0.1,0.075,0.2,1.0,844.0,0.0,0.0,0.09123222748815166
3.0,10.0,45.0,0.1,0.075,0.2,1.0,845.0,0.0,0.0,0.17159763313609466
3.0,10.0,46.0,0.1,0.075,0.2,1.0,821.0,0.0,0.0,0.17174177831912302
3.0,10.0,47.0,0.1,0.075,0.2,1.0,822.0,0.0,0.0,0.17274939172749393
3.0,10.0,48.0,0.1,0.075,0.2,1.0,821.0,0.0,0.0,0.17174177831912302
3.0,10.0,49.0,0.1,0.075,0.2,1.0,822.0,0.0,0.0,0.17274939172749393
3.0,10.0,50.0,0.1,0.075,0.2,1.0,818.0,0.0,0.0,0.17237163814180928
3.0,10.0,51.0,0.1,0.075,0.2,1.0,818.0,0.0,0.0,0.17359413202933985
3.0,10.0,52.0,0.1,0.075,0.2,1.0,815.0,0.0,0.0,0.17423312883435582
4.0,1.0,1.0,0.1,0.075,0.2,1.0,5183.0,46.0,7.0,0.09994211846420992
4.0,1.0,2.0,0.1,0.075,0.2,1.0,5149.0,52.0,15.0,0.10079627112060595
4.0,1.0,3.0,0.1,0.075,0.2,1.0,5046.0,63.0,29.0,0.09908838684106223
4.0,1.0,4.0,0.1,0.075,0.2,1.0,4936.0,88.0,31.0,0.10048622366288493
4.0,1.0,5.0,0.1,0.075,0.2,1.0,4916.0,99.0,43.0,0.10211554109031733
4.0,1.0,6.0,0.1,0.075,0.2,1.0,4800.0,119.0,38.0,0.1025
4.0,1.0,7.0,0.1,0.075,0.2,1.0,4685.0,151.0,54.0,0.10309498399146211
4.0,1.0,8.0,0.1,0.075,0.2,1.0,4503.0,167.0,59.0,0.10459693537641572
4.0,1.0,9.0,0.1,0.075,0.2,1.0,4356.0,203.0,71.0,0.10353535353535354
4.0,1.0,10.0,0.1,0.075,0.2,1.0,4293.0,228.0,89.0,0.10482180293501048
4.0,1.0,11.0,0.1,0.075,0.2,1.0,4145.0,234.0,99.0,0.10615199034981906
4.0,1.0,12.0,0.1,0.075,0.2,1.0,4030.0,265.0,121.0,0.10471464019851116
4.0,1.0,13.0,0.1,0.075,0.2,1.0,3897.0,280.0,115.0,0.10597895817295355
4.0,1.0,14.0,0.1,0.075,0.2,1.0,3797.0,285.0,131.0,0.1069265209375823
4.0,1.0,15.0,0.1,0.075,0.2,1.0,3688.0,288.0,132.0,0.10927331887201736
4.0,1.0,16.0,0.1,0.075,0.2,1.0,3564.0,302.0,145.0,0.10858585858585859
4.0,1.0,17.0,0.1,0.075,0.2,1.0,3392.0,302.0,134.0,0.11055424528301887
4.0,1.0,18.0,0.1,0.075,0.2,1.0,3321.0,296.0,138.0,0.11141222523336344
4.0,1.0,19.0,0.1,0.075,0.2,1.0,3210.0,290.0,132.0,0.11277258566978193
4.0,1.0,20.0,0.1,0.075,0.2,1.0,5933.0,290.0,145.0,0.061520310129782575
4.0,1.0,21.0,0.1,0.075,0.2,1.0,5634.0,364.0,142.0,0.06336528221512247
4.0,1.0,22.0,0.1,0.075,0.2,1.0,5350.0,400.0,146.0,0.06411214953271029
4.0,1.0,23.0,0.1,0.075,0.2,1.0,5019.0,408.0,151.0,0.06555090655509066
4.0,1.0,24.0,0.1,0.075,0.2,1.0,4766.0,443.0,182.0,0.0673520772135963
4.0,1.0,25.0,0.1,0.075,0.2,1.0,4480.0,486.0,202.0,0.06852678571428572
4.0,1.0,26.0,0.1,0.075,0.2,1.0,4137.0,495.0,211.0,0.07179115300942712
4.0,1.0,27.0,0.1,0.075,0.2,1.0,3887.0,485.0,215.0,0.07254952405454078
4.0,1.0,28.0,0.1,0.075,0.2,1.0,3629.0,485.0,208.0,0.07632956737393222
4.0,1.0,29.0,0.1,0.075,0.2,1.0,3447.0,507.0,231.0,0.07745865970409051
4.0,1.0,30.0,0.1,0.075,0.2,1.0,3259.0,511.0,226.0,0.08100644369438478
4.0,1.0,31.0,0.1,0.075,0.2,1.0,3099.0,527.0,233.0,0.08292997741206841
4.0,1.0,32.0,0.1,0.075,0.2,1.0,2950.0,509.0,239.0,0.08677966101694916
4.0,1.0,33.0,0.1,0.075,0.2,1.0,2814.0,498.0,238.0,0.08813077469793888
4.0,1.0,34.0,0.1,0.075,0.2,1.0,2633.0,483.0,227.0,0.08963159893657426
4.0,1.0,35.0,0.1,0.075,0.2,1.0,2496.0,451.0,220.0,0.09415064102564102
4.0,1.0,36.0,0.1,0.075,0.2,1.0,2410.0,441.0,218.0,0.0970954356846473
4.0,1.0,37.0,0.1,0.075,0.2,1.0,2293.0,403.0,215.0,0.10161360662887048
4.0,1.0,38.0,0.1,0.075,0.2,1.0,2156.0,355.0,175.0,0.10667903525046382
4.0,1.0,39.0,0.1,0.075,0.2,1.0,2039.0,323.0,173.0,0.1118195193722413
4.0,1.0,40.0,0.1,0.075,0.2,1.0,1922.0,295.0,140.0,0.11706555671175858
4.0,1.0,41.0,0.1,0.075,0.2,1.0,1816.0,278.0,140.0,0.1183920704845815
4.0,1.0,42.0,0.1,0.075,0.2,1.0,1719.0,242.0,129.0,0.12332751599767307
4.0,1.0,43.0,0.1,0.075,0.2,1.0,1654.0,240.0,130.0,0.12817412333736397
4.0,1.0,44.0,0.1,0.075,0.2,1.0,1569.0,225.0,113.0,0.1325685149776928
4.0,1.0,45.0,0.1,0.075,0.2,1.0,1492.0,208.0,97.0,0.22319034852546918
4.0,1.0,46.0,0.1,0.075,0.2,1.0,1439.0,198.0,106.0,0.226546212647672
4.0,1.0,47.0,0.1,0.075,0.2,1.0,1376.0,178.0,96.0,0.2318313953488372
4.0,1.0,48.0,0.1,0.075,0.2,1.0,1300.0,155.0,95.0,0.23846153846153847
4.0,1.0,49.0,0.1,0.075,0.2,1.0,1234.0,144.0,71.0,0.24635332252836303
4.0,1.0,50.0,0.1,0.075,0.2,1.0,1200.0,146.0,75.0,0.24916666666666668
4.0,1.0,51.0,0.1,0.075,0.2,1.0,1171.0,131.0,63.0,0.2527754056362084
4.0,1.0,52.0,0.1,0.075,0.2,1.0,1135.0,118.0,65.0,0.26255506607929513
4.0,2.0,1.0,0.1,0.075,0.2,1.0,1112.0,114.0,58.0,0.2643884892086331
4.0,2.0,2.0,0.1,0.075,0.2,1.0,1074.0,97.0,49.0,0.27281191806331473
4.0,2.0,3.0,0.1,0.075,0.2,1.0,1057.0,95.0,49.0,0.27246925260170296
4.0,2.0,4.0,0.1,0.075,0.2,1.0,1030.0,93.0,54.0,0.28058252427184466
4.0,2.0,5.0,0.1,0.075,0.2,1.0,1010.0,86.0,51.0,0.28415841584158413
4.0,2.0,6.0,0.1,0.075,0.2,1.0,978.0,75.0,43.0,0.2934560327198364
4.0,2.0,7.0,0.1,0.075,0.2,1.0,958.0,65.0,36.0,0.2954070981210856
4.0,2.0,8.0,0.1,0.075,0.2,1.0,925.0,52.0,24.0,0.3016216216216216
4.0,2.0,9.0,0.1,0.075,0.2,1.0,912.0,51.0,25.0,0.3026315789473684
4.0,2.0,10.0,0.1,0.075,0.2,1.0,895.0,42.0,21.0,0.3094972067039106
4.0,2.0,11.0,0.1,0.075,0.2,1.0,882.0,46.0,23.0,0.30839002267573695
4.0,2.0,12.0,0.1,0.075,0.2,1.0,867.0,42.0,24.0,0.314878892733564
4.0,2.0,13.0,0.1,0.075,0.2,1.0,855.0,36.0,21.0,0.3157894736842105
4.0,2.0,14.0,0.1,0.075,0.2,1.0,826.0,33.0,19.0,0.324455205811138
4.0,2.0,15.0,0.1,0.075,0.2,1.0,820.0,29.0,16.0,0.32682926829268294
4.0,2.0,16.0,0.1,0.075,0.2,1.0,804.0,25.0,15.0,0.3308457711442786
4.0,2.0,17.0,0.1,0.075,0.2,1.0,804.0,27.0,14.0,0.3308457711442786
4.0,2.0,18.0,0.1,0.075,0.2,1.0,788.0,25.0,11.0,0.33248730964467005
4.0,2.0,19.0,0.1,0.075,0.2,1.0,789.0,20.0,10.0,0.33460076045627374
4.0,2.0,20.0,0.1,0.075,0.2,1.0,1508.0,20.0,11.0,0.17307692307692307
4.0,2.0,21.0,0.1,0.075,0.2,1.0,1516.0,26.0,11.0,0.17216358839050133
4.0,2.0,22.0,0.1,0.075,0.2,1.0,1437.0,29.0,7.0,0.1732776617954071
4.0,2.0,23.0,0.1,0.075,0.2,1.0,1418.0,29.0,8.0,0.17489421720733428
4.0,2.0,24.0,0.1,0.075,0.2,1.0,1362.0,33.0,13.0,0.17694566813509544
4.0,2.0,25.0,0.1,0.075,0.2,1.0,1347.0,36.0,20.0,0.17668893838158872
4.0,2.0,26.0,0.1,0.075,0.2,1.0,1328.0,43.0,21.0,0.17921686746987953
4.0,2.0,27.0,0.1,0.075,0.2,1.0,1300.0,48.0,17.0,0.1753846153846154
4.0,2.0,28.0,0.1,0.075,0.2,1.0,1241.0,43.0,15.0,0.18211120064464142
4.0,2.0,29.0,0.1,0.075,0.2,1.0,1233.0,45.0,19.0,0.1792376317923763
4.0,2.0,30.0,0.1,0.075,0.2,1.0,1183.0,45.0,26.0,0.18512256973795435
4.0,2.0,31.0,0.1,0.075,0.2,1.0,1173.0,51.0,23.0,0.18584825234441602
4.0,2.0,32.0,0.1,0.075,0.2,1.0,1140.0,47.0,25.0,0.1868421052631579
4.0,2.0,33.0,0.1,0.075,0.2,1.0,1122.0,39.0,17.0,0.1889483065953654
4.0,2.0,34.0,0.1,0.075,0.2,1.0,1089.0,37.0,19.0,0.19008264462809918
4.0,2.0,35.0,0.1,0.075,0.2,1.0,1077.0,35.0,18.0,0.1894150417827298
4.0,2.0,36.0,0.1,0.075,0.2,1.0,1043.0,41.0,22.0,0.19079578139980824
4.0,2.0,37.0,0.1,0.075,0.2,1.0,999.0,37.0,17.0,0.1991991991991992
4.0,2.0,38.0,0.1,0.075,0.2,1.0,983.0,44.0,14.0,0.20040691759918616
4.0,2.0,39.0,0.1,0.075,0.2,1.0,971.0,42.0,14.0,0.20185375901132852
4.0,2.0,40.0,0.1,0.075,0.2,1.0,962.0,42.0,19.0,0.20270270270270271
4.0,2.0,41.0,0.1,0.075,0.2,1.0,948.0,41.0,28.0,0.20358649789029537
4.0,2.0,42.0,0.1,0.075,0.2,1.0,935.0,40.0,28.0,0.2053475935828877
4.0,2.0,43.0,0.1,0.075,0.2,1.0,909.0,40.0,26.0,0.20902090209020902
4.0,2.0,44.0,0.1,0.075,0.2,1.0,888.0,38.0,16.0,0.21283783783783783
4.0,2.0,45.0,0.1,0.075,0.2,1.0,869.0,35.0,14.0,0.285385500575374
4.0,2.0,46.0,0.1,0.075,0.2,1.0,870.0,34.0,12.0,0.28045977011494255
4.0,2.0,47.0,0.1,0.075,0.2,1.0,840.0,34.0,19.0,0.28809523809523807
4.0,2.0,48.0,0.1,0.075,0.2,1.0,824.0,42.0,20.0,0.29004854368932037
4.0,2.0,49.0,0.1,0.075,0.2,1.0,823.0,38.0,24.0,0.28797083839611176
4.0,2.0,50.0,0.1,0.075,0.2,1.0,806.0,34.0,21.0,0.29404466501240695
4.0,2.0,51.0,0.1,0.075,0.2,1.0,806.0,34.0,16.0,0.29404466501240695
4.0,2.0,52.0,0.1,0.075,0.2,1.0,786.0,31.0,13.0,0.2989821882951654
4.0,3.0,1.0,0.1,0.075,0.2,1.0,782.0,25.0,13.0,0.2979539641943734
4.0,3.0,2.0,0.1,0.075,0.2,1.0,756.0,27.0,15.0,0.3029100529100529
4.0,3.0,3.0,0.1,0.075,0.2,1.0,757.0,26.0,13.0,0.30250990752972257
4.0,3.0,4.0,0.1,0.075,0.2,1.0,740.0,22.0,11.0,0.30675675675675673
4.0,3.0,5.0,0.1,0.075,0.2,1.0,743.0,18.0,12.0,0.30686406460296095
4.0,3.0,6.0,0.1,0.075,0.2,1.0,729.0,15.0,10.0,0.30727023319615915
4.0,3.0,7.0,0.1,0.075,0.2,1.0,731.0,13.0,9.0,0.307797537619699
4.0,3.0,8.0,0.1,0.075,0.2,1.0,710.0,11.0,5.0,0.3084507042253521
4.0,3.0,9.0,0.1,0.075,0.2,1.0,716.0,10.0,5.0,0.30726256983240224
4.0,3.0,10.0,0.1,0.075,0.2,1.0,703.0,7.0,3.0,0.30867709815078237
4.0,3.0,11.0,0.1,0.075,0.2,1.0,698.0,7.0,3.0,0.3137535816618911
4.0,3.0,12.0,0.1,0.075,0.2,1.0,684.0,7.0,3.0,0.31140350877192985
4.0,3.0,13.0,0.1,0.075,0.2,1.0,682.0,6.0,4.0,0.312316715542522
4.0,3.0,14.0,0.1,0.075,0.2,1.0,670.0,5.0,3.0,0.30895522388059704
4.0,3.0,15.0,0.1,0.075,0.2,1.0,673.0,4.0,2.0,0.3075780089153046
4.0,3.0,16.0,0.1,0.075,0.2,1.0,661.0,2.0,2.0,0.30559757942511345
4.0,3.0,17.0,0.1,0.075,0.2,1.0,668.0,3.0,2.0,0.3068862275449102
4.0,3.0,18.0,0.1,0.075,0.2,1.0,662.0,3.0,2.0,0.30513595166163143
4.0,3.0,19.0,0.1,0.075,0.2,1.0,668.0,2.0,0.0,0.3068862275449102
4.0,3.0,20.0,0.1,0.075,0.2,1.0,1222.0,2.0,0.0,0.16039279869067102
4.0,3.0,21.0,0.1,0.075,0.2,1.0,1230.0,2.0,0.0,0.15853658536585366
4.0,3.0,22.0,0.1,0.075,0.2,1.0,1192.0,2.0,0.0,0.1610738255033557
4.0,3.0,23.0,0.1,0.075,0.2,1.0,1199.0,2.0,0.0,0.15846538782318598
4.0,3.0,24.0,0.1,0.075,0.2,1.0,1166.0,2.0,2.0,0.1595197255574614
4.0,3.0,25.0,0.1,0.075,0.2,1.0,1174.0,4.0,2.0,0.1575809199318569
4.0,3.0,26.0,0.1,0.075,0.2,1.0,1140.0,4.0,2.0,0.15789473684210525
4.0,3.0,27.0,0.1,0.075,0.2,1.0,1138.0,0.0,0.0,0.15905096660808435
4.0,3.0,28.0,0.1,0.075,0.2,1.0,1122.0,0.0,0.0,0.15953654188948307
4.0,3.0,29.0,0.1,0.075,0.2,1.0,1101.0,0.0,0.0,0.16257947320617622
4.0,3.0,30.0,0.1,0.075,0.2,1.0,1078.0,0.0,0.0,0.1614100185528757
4.0,3.0,31.0,0.1,0.075,0.2,1.0,1070.0,0.0,0.0,0.16448598130841122
4.0,3.0,32.0,0.1,0.075,0.2,1.0,1071.0,0.0,0.0,0.16433239962651727
4.0,3.0,33.0,0.1,0.075,0.2,1.0,1052.0,0.0,0.0,0.16254752851711027
4.0,3.0,34.0,0.1,0.075,0.2,1.0,1051.0,0.0,0.0,0.16175071360608945
4.0,3.0,35.0,0.1,0.075,0.2,1.0,1040.0,0.0,0.0,0.1625
4.0,3.0,36.0,0.1,0.075,0.2,1.0,1031.0,0.0,0.0,0.1600387972841901
4.0,3.0,37.0,0.1,0.075,0.2,1.0,1022.0,0.0,0.0,0.15949119373776907
4.0,3.0,38.0,0.1,0.075,0.2,1.0,1013.0,0.0,0.0,0.15992102665350444
4.0,3.0,39.0,0.1,0.075,0.2,1.0,1012.0,0.0,0.0,0.1590909090909091
4.0,3.0,40.0,0.1,0.075,0.2,1.0,1009.0,0.0,0.0,0.1595639246778989
4.0,3.0,41.0,0.1,0.075,0.2,1.0,997.0,0.0,0.0,0.1584754262788365
4.0,3.0,42.0,0.1,0.075,0.2,1.0,972.0,0.0,0.0,0.15843621399176955
4.0,3.0,43.0,0.1,0.075,0.2,1.0,948.0,0.0,0.0,0.16244725738396623
4.0,3.0,44.0,0.1,0.075,0.2,1.0,924.0,0.0,0.0,0.1634199134199134
4.0,3.0,45.0,0.1,0.075,0.2,1.0,924.0,0.0,0.0,0.22835497835497837
4.0,3.0,46.0,0.1,0.075,0.2,1.0,900.0,0.0,0.0,0.2311111111111111
4.0,3.0,47.0,0.1,0.075,0.2,1.0,902.0,0.0,0.0,0.229490022172949
4.0,3.0,48.0,0.1,0.075,0.2,1.0,879.0,0.0,0.0,0.23094425483503983
4.0,3.0,49.0,0.1,0.075,0.2,1.0,883.0,0.0,0.0,0.22989807474518686
4.0,3.0,50.0,0.1,0.075,0.2,1.0,868.0,0.0,0.0,0.2304147465437788
4.0,3.0,51.0,0.1,0.075,0.2,1.0,875.0,0.0,0.0,0.22742857142857142
4.0,3.0,52.0,0.1,0.075,0.2,1.0,867.0,0.0,0.0,0.22606689734717417
4.0,4.0,1.0,0.1,0.075,0.2,1.0,856.0,0.0,0.0,0.22780373831775702
4.0,4.0,2.0,0.1,0.075,0.2,1.0,845.0,0.0,0.0,0.2272189349112426
4.0,4.0,3.0,0.1,0.075,0.2,1.0,846.0,0.0,0.0,0.23049645390070922
4.0,4.0,4.0,0.1,0.075,0.2,1.0,837.0,0.0,0.0,0.22819593787335724
4.0,4.0,5.0,0.1,0.075,0.2,1.0,839.0,0.0,0.0,0.2300357568533969
4.0,4.0,6.0,0.1,0.075,0.2,1.0,832.0,0.0,0.0,0.22596153846153846
4.0,4.0,7.0,0.1,0.075,0.2,1.0,836.0,0.0,0.0,0.2284688995215311
4.0,4.0,8.0,0.1,0.075,0.2,1.0,812.0,0.0,0.0,0.22413793103448276
4.0,4.0,9.0,0.1,0.075,0.2,1.0,814.0,0.0,0.0,0.22972972972972974
4.0,4.0,10.0,0.1,0.075,0.2,1.0,803.0,0.0,0.0,0.2266500622665006
4.0,4.0,11.0,0.1,0.075,0.2,1.0,806.0,0.0,0.0,0.23200992555831265
4.0,4.0,12.0,0.1,0.075,0.2,1.0,797.0,0.0,0.0,0.22710163111668757
4.0,4.0,13.0,0.1,0.075,0.2,1.0,791.0,0.0,0.0,0.23261694058154236
4.0,4.0,14.0,0.1,0.075,0.2,1.0,781.0,0.0,0.0,0.2266325224071703
4.0,4.0,15.0,0.1,0.075,0.2,1.0,787.0,0.0,0.0,0.23252858958068615
4.0,4.0,16.0,0.1,0.075,0.2,1.0,779.0,0.0,0.0,0.2246469833119384
4.0,4.0,17.0,0.1,0.075,0.2,1.0,784.0,0.0,0.0,0.22959183673469388
4.0,4.0,18.0,0.1,0.075,0.2,1.0,760.0,0.0,0.0,0.2236842105263158
4.0,4.0,19.0,0.1,0.075,0.2,1.0,767.0,0.0,0.0,0.22816166883963493
4.0,4.0,20.0,0.1,0.075,0.2,1.0,1387.0,0.0,0.0,0.12112472963229992
4.0,4.0,21.0,0.1,0.075,0.2,1.0,1349.0,0.0,0.0,0.12601927353595255
4.0,4.0,22.0,0.1,0.075,0.2,1.0,1303.0,0.0,0.0,0.12509593246354567
4.0,4.0,23.0,0.1,0.075,0.2,1.0,1316.0,0.0,0.0,0.1276595744680851
4.0,4.0,24.0,0.1,0.075,0.2,1.0,1231.0,0.0,0.0,0.12916328188464662
4.0,4.0,25.0,0.1,0.075,0.2,1.0,1237.0,0.0,0.0,0.13096200485044462
4.0,4.0,26.0,0.1,0.075,0.2,1.0,1183.0,0.0,0.0,0.13102282333051563
4.0,4.0,27.0,0.1,0.075,0.2,1.0,1194.0,0.0,0.0,0.1306532663316583
4.0,4.0,28.0,0.1,0.075,0.2,1.0,1179.0,0.0,0.0,0.13146734520780323
4.0,4.0,29.0,0.1,0.075,0.2,1.0,1179.0,0.0,0.0,0.13061916878710772
4.0,4.0,30.0,0.1,0.075,0.2,1.0,1150.0,0.0,0.0,0.13130434782608696
4.0,4.0,31.0,0.1,0.075,0.2,1.0,1153.0,0.0,0.0,0.13009540329575023
4.0,4.0,32.0,0.1,0.075,0.2,1.0,1120.0,0.0,0.0,0.13035714285714287
4.0,4.0,33.0,0.1,0.075,0.2,1.0,1102.0,0.0,0.0,0.1297640653357532
4.0,4.0,34.0,0.1,0.075,0.2,1.0,1066.0,0.0,0.0,0.1275797373358349
4.0,4.0,35.0,0.1,0.075,0.2,1.0,1076.0,0.0,0.0,0.12825278810408922
4.0,4.0,36.0,0.1,0.075,0.2,1.0,1051.0,0.0,0.0,0.12844909609895339
4.0,4.0,37.0,0.1,0.075,0.2,1.0,1019.0,0.0,0.0,0.1295387634936212
4.0,4.0,38.0,0.1,0.075,0.2,1.0,965.0,0.0,0.0,0.12642487046632125
4.0,4.0,39.0,0.1,0.075,0.2,1.0,960.0,0.0,0.0,0.12708333333333333
4.0,4.0,40.0,0.1,0.075,0.2,1.0,940.0,0.0,0.0,0.1276595744680851
4.0,4.0,41.0,0.1,0.075,0.2,1.0,940.0,0.0,0.0,0.12446808510638298
4.0,4.0,42.0,0.1,0.075,0.2,1.0,931.0,0.0,0.0,0.12567132116004295
4.0,4.0,43.0,0.1,0.075,0.2,1.0,908.0,0.0,0.0,0.12555066079295155
4.0,4.0,44.0,0.1,0.075,0.2,1.0,900.0,0.0,0.0,0.12666666666666668
4.0,4.0,45.0,0.1,0.075,0.2,1.0,895.0,0.0,0.0,0.20335195530726258
4.0,4.0,46.0,0.1,0.075,0.2,1.0,887.0,0.0,0.0,0.2040586245772266
4.0,4.0,47.0,0.1,0.075,0.2,1.0,885.0,0.0,0.0,0.20112994350282487
4.0,4.0,48.0,0.1,0.075,0.2,1.0,879.0,0.0,0.0,0.20136518771331058
4.0,4.0,49.0,0.1,0.075,0.2,1.0,855.0,0.0,0.0,0.20116959064327486
4.0,4.0,50.0,0.1,0.075,0.2,1.0,831.0,0.0,0.0,0.2045728038507822
4.0,4.0,51.0,0.1,0.075,0.2,1.0,827.0,0.0,0.0,0.19951632406287786
4.0,4.0,52.0,0.1,0.075,0.2,1.0,823.0,0.0,0.0,0.20170109356014582
4.0,5.0,1.0,0.1,0.075,0.2,1.0,827.0,0.0,0.0,0.2007255139056832
4.0,5.0,2.0,0.1,0.075,0.2,1.0,814.0,0.0,0.0,0.20147420147420148
4.0,5.0,3.0,0.1,0.075,0.2,1.0,806.0,0.0,0.0,0.19975186104218362
4.0,5.0,4.0,0.1,0.075,0.2,1.0,797.0,0.0,0.0,0.20075282308657466
4.0,5.0,5.0,0.1,0.075,0.2,1.0,797.0,0.0,0.0,0.19949811794228356
4.0,5.0,6.0,0.1,0.075,0.2,1.0,797.0,0.0,0.0,0.19949811794228356
4.0,5.0,7.0,0.1,0.075,0.2,1.0,795.0,0.0,0.0,0.19748427672955976
4.0,5.0,8.0,0.1,0.075,0.2,1.0,792.0,0.0,0.0,0.19823232323232323
4.0,5.0,9.0,0.1,0.075,0.2,1.0,791.0,0.0,0.0,0.1959544879898862
4.0,5.0,10.0,0.1,0.075,0.2,1.0,775.0,0.0,0.0,0.19870967741935483
4.0,5.0,11.0,0.1,0.075,0.2,1.0,772.0,0.0,0.0,0.19689119170984457
4.0,5.0,12.0,0.1,0.075,0.2,1.0,766.0,0.0,0.0,0.195822454308094
4.0,5.0,13.0,0.1,0.075,0.2,1.0,763.0,0.0,0.0,0.19397116644823068
4.0,5.0,14.0,0.1,0.075,0.2,1.0,764.0,0.0,0.0,0.19633507853403143
4.0,5.0,15.0,0.1,0.075,0.2,1.0,744.0,0.0,0.0,0.19489247311827956
4.0,5.0,16.0,0.1,0.075,0.2,1.0,741.0,0.0,0.0,0.19838056680161945
4.0,5.0,17.0,0.1,0.075,0.2,1.0,743.0,0.0,0.0,0.19246298788694483
4.0,5.0,18.0,0.1,0.075,0.2,1.0,738.0,0.0,0.0,0.19647696476964768
4.0,5.0,19.0,0.1,0.075,0.2,1.0,742.0,0.0,0.0,0.19137466307277629
4.0,5.0,20.0,0.1,0.075,0.2,1.0,1323.0,0.0,0.0,0.10884353741496598
4.0,5.0,21.0,0.1,0.075,0.2,1.0,1336.0,0.0,0.0,0.1062874251497006
4.0,5.0,22.0,0.1,0.075,0.2,1.0,1264.0,0.0,0.0,0.10838607594936708
4.0,5.0,23.0,0.1,0.075,0.2,1.0,1255.0,0.0,0.0,0.10677290836653386
4.0,5.0,24.0,0.1,0.075,0.2,1.0,1230.0,0.0,0.0,0.11056910569105691
4.0,5.0,25.0,0.1,0.075,0.2,1.0,1232.0,0.0,0.0,0.10795454545454546
4.0,5.0,26.0,0.1,0.075,0.2,1.0,1184.0,0.0,0.0,0.11064189189189189
4.0,5.0,27.0,0.1,0.075,0.2,1.0,1172.0,0.0,0.0,0.10921501706484642
4.0,5.0,28.0,0.1,0.075,0.2,1.0,1127.0,0.0,0.0,0.11535048802129548
4.0,5.0,29.0,0.1,0.075,0.2,1.0,1128.0,0.0,0.0,0.1099290780141844
4.0,5.0,30.0,0.1,0.075,0.2,1.0,1095.0,0.0,0.0,0.11141552511415526
4.0,5.0,31.0,0.1,0.075,0.2,1.0,1076.0,0.0,0.0,0.10966542750929369
4.0,5.0,32.0,0.1,0.075,0.2,1.0,1066.0,0.0,0.0,0.1125703564727955
4.0,5.0,33.0,0.1,0.075,0.2,1.0,1064.0,0.0,0.0,0.1099624060150376
4.0,5.0,34.0,0.1,0.075,0.2,1.0,1034.0,0.0,0.0,0.11218568665377177
4.0,5.0,35.0,0.1,0.075,0.2,1.0,1012.0,0.0,0.0,0.11166007905138339
4.0,5.0,36.0,0.1,0.075,0.2,1.0,987.0,0.0,0.0,0.11347517730496454
4.0,5.0,37.0,0.1,0.075,0.2,1.0,983.0,0.0,0.0,0.10986775178026449
4.0,5.0,38.0,0.1,0.075,0.2,1.0,954.0,0.0,0.0,0.11425576519916142
4.0,5.0,39.0,0.1,0.075,0.2,1.0,960.0,0.0,0.0,0.1125
4.0,5.0,40.0,0.1,0.075,0.2,1.0,943.0,0.0,0.0,0.11134676564156946
4.0,5.0,41.0,0.1,0.075,0.2,1.0,930.0,0.0,0.0,0.1086021505376344
4.0,5.0,42.0,0.1,0.075,0.2,1.0,898.0,0.0,0.0,0.1091314031180401
4.0,5.0,43.0,0.1,0.075,0.2,1.0,905.0,0.0,0.0,0.11049723756906077
4.0,5.0,44.0,0.1,0.075,0.2,1.0,862.0,0.0,0.0,0.11252900232018562
4.0,5.0,45.0,0.1,0.075,0.2,1.0,878.0,0.0,0.0,0.1947608200455581
4.0,5.0,46.0,0.1,0.075,0.2,1.0,842.0,0.0,0.0,0.19833729216152018
4.0,5.0,47.0,0.1,0.075,0.2,1.0,860.0,0.0,0.0,0.19651162790697674
4.0,5.0,48.0,0.1,0.075,0.2,1.0,822.0,0.0,0.0,0.19829683698296838
4.0,5.0,49.0,0.1,0.075,0.2,1.0,849.0,0.0,0.0,0.1955241460541814
4.0,5.0,50.0,0.1,0.075,0.2,1.0,821.0,0.0,0.0,0.19853836784409257
4.0,5.0,51.0,0.1,0.075,0.2,1.0,842.0,0.0,0.0,0.19596199524940616
4.0,5.0,52.0,0.1,0.075,0.2,1.0,819.0,0.0,0.0,0.19658119658119658
4.0,6.0,1.0,0.1,0.075,0.2,1.0,832.0,0.0,0.0,0.19471153846153846
4.0,6.0,2.0,0.1,0.075,0.2,1.0,815.0,0.0,0.0,0.19631901840490798
4.0,6.0,3.0,0.1,0.075,0.2,1.0,826.0,0.0,0.0,0.19612590799031476
4.0,6.0,4.0,0.1,0.075,0.2,1.0,812.0,0.0,0.0,0.19458128078817735
4.0,6.0,5.0,0.1,0.075,0.2,1.0,821.0,0.0,0.0,0.19366626065773446
4.0,6.0,6.0,0.1,0.075,0.2,1.0,807.0,0.0,0.0,0.19330855018587362
4.0,6.0,7.0,0.1,0.075,0.2,1.0,805.0,0.0,0.0,0.19130434782608696
4.0,6.0,8.0,0.1,0.075,0.2,1.0,791.0,0.0,0.0,0.1934260429835651
4.0,6.0,9.0,0.1,0.075,0.2,1.0,797.0,0.0,0.0,0.1932245922208281
4.0,6.0,10.0,0.1,0.075,0.2,1.0,768.0,0.0,0.0,0.1953125
4.0,6.0,11.0,0.1,0.075,0.2,1.0,779.0,0.0,0.0,0.1951219512195122
4.0,6.0,12.0,0.1,0.075,0.2,1.0,767.0,0.0,0.0,0.19426336375488917
4.0,6.0,13.0,0.1,0.075,0.2,1.0,773.0,0.0,0.0,0.19663648124191463
4.0,6.0,14.0,0.1,0.075,0.2,1.0,760.0,0.0,0.0,0.19473684210526315
4.0,6.0,15.0,0.1,0.075,0.2,1.0,758.0,0.0,0.0,0.19788918205804748
4.0,6.0,16.0,0.1,0.075,0.2,1.0,746.0,0.0,0.0,0.1970509383378016
4.0,6.0,17.0,0.1,0.075,0.2,1.0,754.0,0.0,0.0,0.1989389920424403
4.0,6.0,18.0,0.1,0.075,0.2,1.0,744.0,0.0,0.0,0.20026881720430106
4.0,6.0,19.0,0.1,0.075,0.2,1.0,757.0,0.0,0.0,0.19682959048877147
4.0,6.0,20.0,0.1,0.075,0.2,1.0,1440.0,0.0,0.0,0.10277777777777777
4.0,6.0,21.0,0.1,0.075,0.2,1.0,1382.0,0.0,0.0,0.1020260492040521
4.0,6.0,22.0,0.1,0.075,0.2,1.0,1354.0,0.0,0.0,0.103397341211226
4.0,6.0,23.0,0.1,0.075,0.2,1.0,1316.0,0.0,0.0,0.10106382978723404
4.0,6.0,24.0,0.1,0.075,0.2,1.0,1313.0,0.0,0.0,0.10205635948210205
4.0,6.0,25.0,0.1,0.075,0.2,1.0,1276.0,0.0,0.0,0.10344827586206896
4.0,6.0,26.0,0.1,0.075,0.2,1.0,1245.0,0.0,0.0,0.10281124497991968
4.0,6.0,27.0,0.1,0.075,0.2,1.0,1227.0,0.0,0.0,0.10105949470252648
4.0,6.0,28.0,0.1,0.075,0.2,1.0,1190.0,0.0,0.0,0.10168067226890756
4.0,6.0,29.0,0.1,0.075,0.2,1.0,1186.0,0.0,0.0,0.10286677908937605
4.0,6.0,30.0,0.1,0.075,0.2,1.0,1086.0,0.0,0.0,0.11049723756906077
4.0,6.0,31.0,0.1,0.075,0.2,1.0,1087.0,0.0,0.0,0.10947562097516099
4.0,6.0,32.0,0.1,0.075,0.2,1.0,1080.0,0.0,0.0,0.11203703703703703
4.0,6.0,33.0,0.1,0.075,0.2,1.0,1052.0,0.0,0.0,0.1150190114068441
4.0,6.0,34.0,0.1,0.075,0.2,1.0,1025.0,0.0,0.0,0.11609756097560976
4.0,6.0,35.0,0.1,0.075,0.2,1.0,1013.0,0.0,0.0,0.11549851924975321
4.0,6.0,36.0,0.1,0.075,0.2,1.0,978.0,0.0,0.0,0.1196319018404908
4.0,6.0,37.0,0.1,0.075,0.2,1.0,990.0,0.0,0.0,0.11818181818181818
4.0,6.0,38.0,0.1,0.075,0.2,1.0,975.0,0.0,0.0,0.12
4.0,6.0,39.0,0.1,0.075,0.2,1.0,969.0,0.0,0.0,0.1197110423116615
4.0,6.0,40.0,0.1,0.075,0.2,1.0,956.0,0.0,0.0,0.11820083682008369
4.0,6.0,41.0,0.1,0.075,0.2,1.0,955.0,0.0,0.0,0.1193717277486911
4.0,6.0,42.0,0.1,0.075,0.2,1.0,940.0,0.0,0.0,0.1202127659574468
4.0,6.0,43.0,0.1,0.075,0.2,1.0,923.0,0.0,0.0,0.11917659804983749
4.0,6.0,44.0,0.1,0.075,0.2,1.0,888.0,0.0,0.0,0.1204954954954955
4.0,6.0,45.0,0.1,0.075,0.2,1.0,869.0,0.0,0.0,0.17721518987341772
4.0,6.0,46.0,0.1,0.075,0.2,1.0,864.0,0.0,0.0,0.17824074074074073
4.0,6.0,47.0,0.1,0.075,0.2,1.0,867.0,0.0,0.0,0.17647058823529413
4.0,6.0,48.0,0.1,0.075,0.2,1.0,863.0,0.0,0.0,0.1772885283893395
4.0,6.0,49.0,0.1,0.075,0.2,1.0,852.0,0.0,0.0,0.1795774647887324
4.0,6.0,50.0,0.1,0.075,0.2,1.0,847.0,0.0,0.0,0.1806375442739079
4.0,6.0,51.0,0.1,0.075,0.2,1.0,852.0,0.0,0.0,0.1795774647887324
4.0,6.0,52.0,0.1,0.075,0.2,1.0,846.0,0.0,0.0,0.17966903073286053
4.0,7.0,1.0,0.1,0.075,0.2,1.0,850.0,0.0,0.0,0.17882352941176471
4.0,7.0,2.0,0.1,0.075,0.2,1.0,844.0,0.0,0.0,0.17890995260663506
4.0,7.0,3.0,0.1,0.075,0.2,1.0,832.0,0.0,0.0,0.17908653846153846
4.0,7.0,4.0,0.1,0.075,0.2,1.0,813.0,0.0,0.0,0.17835178351783518
4.0,7.0,5.0,0.1,0.075,0.2,1.0,815.0,0.0,0.0,0.17791411042944785
4.0,7.0,6.0,0.1,0.075,0.2,1.0,809.0,0.0,0.0,0.1792336217552534
4.0,7.0,7.0,0.1,0.075,0.2,1.0,815.0,0.0,0.0,0.17791411042944785
4.0,7.0,8.0,0.1,0.075,0.2,1.0,805.0,0.0,0.0,0.18012422360248448
4.0,7.0,9.0,0.1,0.075,0.2,1.0,807.0,0.0,0.0,0.17967781908302355
4.0,7.0,10.0,0.1,0.075,0.2,1.0,790.0,0.0,0.0,0.18354430379746836
4.0,7.0,11.0,0.1,0.075,0.2,1.0,780.0,0.0,0.0,0.18461538461538463
4.0,7.0,12.0,0.1,0.075,0.2,1.0,749.0,0.0,0.0,0.18691588785046728
4.0,7.0,13.0,0.1,0.075,0.2,1.0,753.0,0.0,0.0,0.18725099601593626
4.0,7.0,14.0,0.1,0.075,0.2,1.0,747.0,0.0,0.0,0.18875502008032127
4.0,7.0,15.0,0.1,0.075,0.2,1.0,751.0,0.0,0.0,0.1877496671105193
4.0,7.0,16.0,0.1,0.075,0.2,1.0,746.0,0.0,0.0,0.18900804289544235
4.0,7.0,17.0,0.1,0.075,0.2,1.0,751.0,0.0,0.0,0.18641810918774968
4.0,7.0,18.0,0.1,0.075,0.2,1.0,746.0,0.0,0.0,0.18900804289544235
4.0,7.0,19.0,0.1,0.075,0.2,1.0,749.0,0.0,0.0,0.18691588785046728
4.0,7.0,20.0,0.1,0.075,0.2,1.0,1334.0,0.0,0.0,0.10494752623688156
4.0,7.0,21.0,0.1,0.075,0.2,1.0,1294.0,0.0,0.0,0.10741885625965997
4.0,7.0,22.0,0.1,0.075,0.2,1.0,1203.0,0.0,0.0,0.1113881961762261
4.0,7.0,23.0,0.1,0.075,0.2,1.0,1190.0,0.0,0.0,0.11092436974789915
4.0,7.0,24.0,0.1,0.075,0.2,1.0,1179.0,0.0,0.0,0.1111111111111111
4.0,7.0,25.0,0.1,0.075,0.2,1.0,1113.0,0.0,0.0,0.10512129380053908
4.0,7.0,26.0,0.1,0.075,0.2,1.0,1048.0,0.0,0.0,0.10782442748091603
4.0,7.0,27.0,0.1,0.075,0.2,1.0,1042.0,0.0,0.0,0.10844529750479846
4.0,7.0,28.0,0.1,0.075,0.2,1.0,1014.0,0.0,0.0,0.10946745562130178
4.0,7.0,29.0,0.1,0.075,0.2,1.0,1000.0,0.0,0.0,0.109
4.0,7.0,30.0,0.1,0.075,0.2,1.0,967.0,0.0,0.0,0.11168562564632885
4.0,7.0,31.0,0.1,0.075,0.2,1.0,957.0,0.0,0.0,0.11285266457680251
4.0,7.0,32.0,0.1,0.075,0.2,1.0,951.0,0.0,0.0,0.11356466876971609
4.0,7.0,33.0,0.1,0.075,0.2,1.0,936.0,0.0,0.0,0.11324786324786325
4.0,7.0,34.0,0.1,0.075,0.2,1.0,914.0,0.0,0.0,0.11816192560175055
4.0,7.0,35.0,0.1,0.075,0.2,1.0,908.0,0.0,0.0,0.11563876651982379
4.0,7.0,36.0,0.1,0.075,0.2,1.0,881.0,0.0,0.0,0.11804767309875142
4.0,7.0,37.0,0.1,0.075,0.2,1.0,884.0,0.0,0.0,0.11425339366515837
4.0,7.0,38.0,0.1,0.075,0.2,1.0,868.0,0.0,0.0,0.11635944700460829
4.0,7.0,39.0,0.1,0.075,0.2,1.0,872.0,0.0,0.0,0.11353211009174312
4.0,7.0,40.0,0.1,0.075,0.2,1.0,856.0,0.0,0.0,0.11799065420560748
4.0,7.0,41.0,0.1,0.075,0.2,1.0,860.0,0.0,0.0,0.11511627906976744
4.0,7.0,42.0,0.1,0.075,0.2,1.0,843.0,0.0,0.0,0.11743772241992882
4.0,7.0,43.0,0.1,0.075,0.2,1.0,845.0,0.0,0.0,0.11479289940828402
4.0,7.0,44.0,0.1,0.075,0.2,1.0,844.0,0.0,0.0,0.11492890995260663
4.0,7.0,45.0,0.1,0.075,0.2,1.0,840.0,0.0,0.0,0.18095238095238095
4.0,7.0,46.0,0.1,0.075,0.2,1.0,840.0,0.0,0.0,0.17976190476190476
4.0,7.0,47.0,0.1,0.075,0.2,1.0,823.0,0.0,0.0,0.181044957472661
4.0,7.0,48.0,0.1,0.075,0.2,1.0,829.0,0.0,0.0,0.18094089264173704
4.0,7.0,49.0,0.1,0.075,0.2,1.0,821.0,0.0,0.0,0.18026796589524968
4.0,7.0,50.0,0.1,0.075,0.2,1.0,820.0,0.0,0.0,0.18048780487804877
4.0,7.0,51.0,0.1,0.075,0.2,1.0,817.0,0.0,0.0,0.1799265605875153
4.0,7.0,52.0,0.1,0.075,0.2,1.0,818.0,0.0,0.0,0.1821515892420538
4.0,8.0,1.0,0.1,0.075,0.2,1.0,801.0,0.0,0.0,0.17852684144818975
4.0,8.0,2.0,0.1,0.075,0.2,1.0,800.0,0.0,0.0,0.18
4.0,8.0,3.0,0.1,0.075,0.2,1.0,800.0,0.0,0.0,0.17875
4.0,8.0,4.0,0.1,0.075,0.2,1.0,800.0,0.0,0.0,0.18
4.0,8.0,5.0,0.1,0.075,0.2,1.0,800.0,0.0,0.0,0.17875
4.0,8.0,6.0,0.1,0.075,0.2,1.0,801.0,0.0,0.0,0.1797752808988764
4.0,8.0,7.0,0.1,0.075,0.2,1.0,799.0,0.0,0.0,0.17897371714643304
4.0,8.0,8.0,0.1,0.075,0.2,1.0,796.0,0.0,0.0,0.18090452261306533
4.0,8.0,9.0,0.1,0.075,0.2,1.0,781.0,0.0,0.0,0.18309859154929578
4.0,8.0,10.0,0.1,0.075,0.2,1.0,778.0,0.0,0.0,0.18380462724935734
4.0,8.0,11.0,0.1,0.075,0.2,1.0,775.0,0.0,0.0,0.1832258064516129
4.0,8.0,12.0,0.1,0.075,0.2,1.0,775.0,0.0,0.0,0.1832258064516129
4.0,8.0,13.0,0.1,0.075,0.2,1.0,767.0,0.0,0.0,0.18513689700130379
4.0,8.0,14.0,0.1,0.075,0.2,1.0,757.0,0.0,0.0,0.18626155878467635
4.0,8.0,15.0,0.1,0.075,0.2,1.0,753.0,0.0,0.0,0.18725099601593626
4.0,8.0,16.0,0.1,0.075,0.2,1.0,757.0,0.0,0.0,0.18626155878467635
4.0,8.0,17.0,0.1,0.075,0.2,1.0,753.0,0.0,0.0,0.18725099601593626
4.0,8.0,18.0,0.1,0.075,0.2,1.0,759.0,0.0,0.0,0.1857707509881423
4.0,8.0,19.0,0.1,0.075,0.2,1.0,754.0,0.0,0.0,0.1870026525198939
4.0,8.0,20.0,0.1,0.075,0.2,1.0,1358.0,0.0,0.0,0.10235640648011782
4.0,8.0,21.0,0.1,0.075,0.2,1.0,1328.0,0.0,0.0,0.10391566265060241
4.0,8.0,22.0,0.1,0.075,0.2,1.0,1267.0,0.0,0.0,0.10497237569060773
4.0,8.0,23.0,0.1,0.075,0.2,1.0,1209.0,0.0,0.0,0.10752688172043011
4.0,8.0,24.0,0.1,0.075,0.2,1.0,1199.0,0.0,0.0,0.10758965804837364
4.0,8.0,25.0,0.1,0.075,0.2,1.0,1145.0,0.0,0.0,0.11004366812227075
4.0,8.0,26.0,0.1,0.075,0.2,1.0,1140.0,0.0,0.0,0.10964912280701754
4.0,8.0,27.0,0.1,0.075,0.2,1.0,1091.0,0.0,0.0,0.11182401466544455
4.0,8.0,28.0,0.1,0.075,0.2,1.0,1087.0,0.0,0.0,0.11223551057957681
4.0,8.0,29.0,0.1,0.075,0.2,1.0,1048.0,0.0,0.0,0.11259541984732824
4.0,8.0,30.0,0.1,0.075,0.2,1.0,1047.0,0.0,0.0,0.11365807067812798
4.0,8.0,31.0,0.1,0.075,0.2,1.0,985.0,0.0,0.0,0.11573604060913706
4.0,8.0,32.0,0.1,0.075,0.2,1.0,966.0,0.0,0.0,0.12008281573498965
4.0,8.0,33.0,0.1,0.075,0.2,1.0,957.0,0.0,0.0,0.11912225705329153
4.0,8.0,34.0,0.1,0.075,0.2,1.0,957.0,0.0,0.0,0.11912225705329153
4.0,8.0,35.0,0.1,0.075,0.2,1.0,947.0,0.0,0.0,0.11826821541710665
4.0,8.0,36.0,0.1,0.075,0.2,1.0,947.0,0.0,0.0,0.11932418162618796
4.0,8.0,37.0,0.1,0.075,0.2,1.0,927.0,0.0,0.0,0.11974110032362459
4.0,8.0,38.0,0.1,0.075,0.2,1.0,938.0,0.0,0.0,0.12046908315565032
4.0,8.0,39.0,0.1,0.075,0.2,1.0,925.0,0.0,0.0,0.12
4.0,8.0,40.0,0.1,0.075,0.2,1.0,931.0,0.0,0.0,0.12137486573576799
4.0,8.0,41.0,0.1,0.075,0.2,1.0,882.0,0.0,0.0,0.11904761904761904
4.0,8.0,42.0,0.1,0.075,0.2,1.0,889.0,0.0,0.0,0.1203599550056243
4.0,8.0,43.0,0.1,0.075,0.2,1.0,882.0,0.0,0.0,0.11904761904761904
4.0,8.0,44.0,0.1,0.075,0.2,1.0,887.0,0.0,0.0,0.12063134160090191
4.0,8.0,45.0,0.1,0.075,0.2,1.0,853.0,0.0,0.0,0.18874560375146543
4.0,8.0,46.0,0.1,0.075,0.2,1.0,864.0,0.0,0.0,0.1909722222222222
4.0,8.0,47.0,0.1,0.075,0.2,1.0,851.0,0.0,0.0,0.1891891891891892
4.0,8.0,48.0,0.1,0.075,0.2,1.0,862.0,0.0,0.0,0.191415313225058
4.0,8.0,49.0,0.1,0.075,0.2,1.0,840.0,0.0,0.0,0.18928571428571428
4.0,8.0,50.0,0.1,0.075,0.2,1.0,848.0,0.0,0.0,0.19339622641509435
4.0,8.0,51.0,0.1,0.075,0.2,1.0,825.0,0.0,0.0,0.19272727272727272
4.0,8.0,52.0,0.1,0.075,0.2,1.0,835.0,0.0,0.0,0.19520958083832335
4.0,9.0,1.0,0.1,0.075,0.2,1.0,827.0,0.0,0.0,0.19226118500604594
4.0,9.0,2.0,0.1,0.075,0.2,1.0,835.0,0.0,0.0,0.19520958083832335
4.0,9.0,3.0,0.1,0.075,0.2,1.0,822.0,0.0,0.0,0.19343065693430658
4.0,9.0,4.0,0.1,0.075,0.2,1.0,835.0,0.0,0.0,0.19520958083832335
4.0,9.0,5.0,0.1,0.075,0.2,1.0,821.0,0.0,0.0,0.19366626065773446
4.0,9.0,6.0,0.1,0.075,0.2,1.0,826.0,0.0,0.0,0.19249394673123488
4.0,9.0,7.0,0.1,0.075,0.2,1.0,810.0,0.0,0.0,0.19506172839506172
4.0,9.0,8.0,0.1,0.075,0.2,1.0,808.0,0.0,0.0,0.1943069306930693
4.0,9.0,9.0,0.1,0.075,0.2,1.0,805.0,0.0,0.0,0.19503105590062111
4.0,9.0,10.0,0.1,0.075,0.2,1.0,804.0,0.0,0.0,0.19527363184079602
4.0,9.0,11.0,0.1,0.075,0.2,1.0,788.0,0.0,0.0,0.19289340101522842
4.0,9.0,12.0,0.1,0.075,0.2,1.0,790.0,0.0,0.0,0.19367088607594937
4.0,9.0,13.0,0.1,0.075,0.2,1.0,781.0,0.0,0.0,0.1946222791293214
4.0,9.0,14.0,0.1,0.075,0.2,1.0,781.0,0.0,0.0,0.1946222791293214
4.0,9.0,15.0,0.1,0.075,0.2,1.0,779.0,0.0,0.0,0.1951219512195122
4.0,9.0,16.0,0.1,0.075,0.2,1.0,775.0,0.0,0.0,0.19612903225806452
4.0,9.0,17.0,0.1,0.075,0.2,1.0,773.0,0.0,0.0,0.19663648124191463
4.0,9.0,18.0,0.1,0.075,0.2,1.0,777.0,0.0,0.0,0.1956241956241956
4.0,9.0,19.0,0.1,0.075,0.2,1.0,779.0,0.0,0.0,0.1951219512195122
4.0,9.0,20.0,0.1,0.075,0.2,1.0,1363.0,0.0,0.0,0.10564930300807043
4.0,9.0,21.0,0.1,0.075,0.2,1.0,1279.0,0.0,0.0,0.10711493354182955
4.0,9.0,22.0,0.1,0.075,0.2,1.0,1251.0,0.0,0.0,0.10871302957633892
4.0,9.0,23.0,0.1,0.075,0.2,1.0,1258.0,0.0,0.0,0.10810810810810811
4.0,9.0,24.0,0.1,0.075,0.2,1.0,1215.0,0.0,0.0,0.1094650205761317
4.0,9.0,25.0,0.1,0.075,0.2,1.0,1171.0,0.0,0.0,0.11187019641332195
4.0,9.0,26.0,0.1,0.075,0.2,1.0,1139.0,0.0,0.0,0.11325724319578578
4.0,9.0,27.0,0.1,0.075,0.2,1.0,1147.0,0.0,0.0,0.11333914559721012
4.0,9.0,28.0,0.1,0.075,0.2,1.0,1127.0,0.0,0.0,0.1126885536823425
4.0,9.0,29.0,0.1,0.075,0.2,1.0,1093.0,0.0,0.0,0.11436413540713632
4.0,9.0,30.0,0.1,0.075,0.2,1.0,1031.0,0.0,0.0,0.11542192046556742
4.0,9.0,31.0,0.1,0.075,0.2,1.0,1036.0,0.0,0.0,0.11583011583011583
4.0,9.0,32.0,0.1,0.075,0.2,1.0,1012.0,0.0,0.0,0.116600790513834
4.0,9.0,33.0,0.1,0.075,0.2,1.0,953.0,0.0,0.0,0.1248688352570829
4.0,9.0,34.0,0.1,0.075,0.2,1.0,959.0,0.0,0.0,0.12304483837330553
4.0,9.0,35.0,0.1,0.075,0.2,1.0,958.0,0.0,0.0,0.12421711899791232
4.0,9.0,36.0,0.1,0.075,0.2,1.0,946.0,0.0,0.0,0.12473572938689217
4.0,9.0,37.0,0.1,0.075,0.2,1.0,937.0,0.0,0.0,0.1248665955176094
4.0,9.0,38.0,0.1,0.075,0.2,1.0,916.0,0.0,0.0,0.12554585152838427
4.0,9.0,39.0,0.1,0.075,0.2,1.0,923.0,0.0,0.0,0.1256771397616468
4.0,9.0,40.0,0.1,0.075,0.2,1.0,894.0,0.0,0.0,0.12416107382550336
4.0,9.0,41.0,0.1,0.075,0.2,1.0,876.0,0.0,0.0,0.1267123287671233
4.0,9.0,42.0,0.1,0.075,0.2,1.0,846.0,0.0,0.0,0.1288416075650118
4.0,9.0,43.0,0.1,0.075,0.2,1.0,832.0,0.0,0.0,0.1310096153846154
4.0,9.0,44.0,0.1,0.075,0.2,1.0,826.0,0.0,0.0,0.13075060532687652
4.0,9.0,45.0,0.1,0.075,0.2,1.0,833.0,0.0,0.0,0.2112845138055222
4.0,9.0,46.0,0.1,0.075,0.2,1.0,818.0,0.0,0.0,0.21271393643031786
4.0,9.0,47.0,0.1,0.075,0.2,1.0,818.0,0.0,0.0,0.21271393643031786
4.0,9.0,48.0,0.1,0.075,0.2,1.0,819.0,0.0,0.0,0.21245421245421245
4.0,9.0,49.0,0.1,0.075,0.2,1.0,803.0,0.0,0.0,0.21544209215442092
4.0,9.0,50.0,0.1,0.075,0.2,1.0,807.0,0.0,0.0,0.21313506815365552
4.0,9.0,51.0,0.1,0.075,0.2,1.0,804.0,0.0,0.0,0.21393034825870647
4.0,9.0,52.0,0.1,0.075,0.2,1.0,804.0,0.0,0.0,0.21393034825870647
4.0,10.0,1.0,0.1,0.075,0.2,1.0,792.0,0.0,0.0,0.2159090909090909
4.0,10.0,2.0,0.1,0.075,0.2,1.0,795.0,0.0,0.0,0.2138364779874214
4.0,10.0,3.0,0.1,0.075,0.2,1.0,783.0,0.0,0.0,0.21455938697318008
4.0,10.0,4.0,0.1,0.075,0.2,1.0,784.0,0.0,0.0,0.21173469387755103
4.0,10.0,5.0,0.1,0.075,0.2,1.0,771.0,0.0,0.0,0.2178988326848249
4.0,10.0,6.0,0.1,0.075,0.2,1.0,775.0,0.0,0.0,0.21548387096774194
4.0,10.0,7.0,0.1,0.075,0.2,1.0,768.0,0.0,0.0,0.21744791666666666
4.0,10.0,8.0,0.1,0.075,0.2,1.0,769.0,0.0,0.0,0.21716514954486346
4.0,10.0,9.0,0.1,0.075,0.2,1.0,764.0,0.0,0.0,0.21858638743455497
4.0,10.0,10.0,0.1,0.075,0.2,1.0,765.0,0.0,0.0,0.2169934640522876
4.0,10.0,11.0,0.1,0.075,0.2,1.0,766.0,0.0,0.0,0.21801566579634465
4.0,10.0,12.0,0.1,0.075,0.2,1.0,763.0,0.0,0.0,0.21756225425950196
4.0,10.0,13.0,0.1,0.075,0.2,1.0,767.0,0.0,0.0,0.21773142112125163
4.0,10.0,14.0,0.1,0.075,0.2,1.0,763.0,0.0,0.0,0.21756225425950196
4.0,10.0,15.0,0.1,0.075,0.2,1.0,770.0,0.0,0.0,0.21688311688311687
4.0,10.0,16.0,0.1,0.075,0.2,1.0,761.0,0.0,0.0,0.21681997371879105
4.0,10.0,17.0,0.1,0.075,0.2,1.0,767.0,0.0,0.0,0.21773142112125163
4.0,10.0,18.0,0.1,0.075,0.2,1.0,756.0,0.0,0.0,0.21825396825396826
4.0,10.0,19.0,0.1,0.075,0.2,1.0,751.0,0.0,0.0,0.2197070572569907
4.0,10.0,20.0,0.1,0.075,0.2,1.0,1307.0,0.0,0.0,0.11476664116296863
4.0,10.0,21.0,0.1,0.075,0.2,1.0,1247.0,0.0,0.0,0.11788291900561347
4.0,10.0,22.0,0.1,0.075,0.2,1.0,1218.0,0.0,0.0,0.11822660098522167
4.0,10.0,23.0,0.1,0.075,0.2,1.0,1201.0,0.0,0.0,0.11906744379683597
4.0,10.0,24.0,0.1,0.075,0.2,1.0,1133.0,0.0,0.0,0.12003530450132392
4.0,10.0,25.0,0.1,0.075,0.2,1.0,1118.0,0.0,0.0,0.11985688729874776
4.0,10.0,26.0,0.1,0.075,0.2,1.0,1121.0,0.0,0.0,0.11953612845673506
4.0,10.0,27.0,0.1,0.075,0.2,1.0,1097.0,0.0,0.0,0.12215132178669097
4.0,10.0,28.0,0.1,0.075,0.2,1.0,1100.0,0.0,0.0,0.12090909090909091
4.0,10.0,29.0,0.1,0.075,0.2,1.0,1083.0,0.0,0.0,0.12280701754385964
4.0,10.0,30.0,0.1,0.075,0.2,1.0,1069.0,0.0,0.0,0.1225444340505145
4.0,10.0,31.0,0.1,0.075,0.2,1.0,1063.0,0.0,0.0,0.12417685794920037
4.0,10.0,32.0,0.1,0.075,0.2,1.0,1050.0,0.0,0.0,0.12476190476190477
4.0,10.0,33.0,0.1,0.075,0.2,1.0,1039.0,0.0,0.0,0.12704523580365737
4.0,10.0,34.0,0.1,0.075,0.2,1.0,1032.0,0.0,0.0,0.12693798449612403
4.0,10.0,35.0,0.1,0.075,0.2,1.0,1020.0,0.0,0.0,0.12745098039215685
4.0,10.0,36.0,0.1,0.075,0.2,1.0,1008.0,0.0,0.0,0.12797619047619047
4.0,10.0,37.0,0.1,0.075,0.2,1.0,975.0,0.0,0.0,0.13025641025641024
4.0,10.0,38.0,0.1,0.075,0.2,1.0,943.0,0.0,0.0,0.1325556733828208
4.0,10.0,39.0,0.1,0.075,0.2,1.0,944.0,0.0,0.0,0.13241525423728814
4.0,10.0,40.0,0.1,0.075,0.2,1.0,914.0,0.0,0.0,0.13457330415754923
4.0,10.0,41.0,0.1,0.075,0.2,1.0,920.0,0.0,0.0,0.1358695652173913
4.0,10.0,42.0,0.1,0.075,0.2,1.0,913.0,0.0,0.0,0.13472070098576122
4.0,10.0,43.0,0.1,0.075,0.2,1.0,909.0,0.0,0.0,0.13641364136413642
4.0,10.0,44.0,0.1,0.075,0.2,1.0,886.0,0.0,0.0,0.136568848758465
4.0,10.0,45.0,0.1,0.075,0.2,1.0,895.0,0.0,0.0,0.21452513966480447
4.0,10.0,46.0,0.1,0.075,0.2,1.0,885.0,0.0,0.0,0.2135593220338983
4.0,10.0,47.0,0.1,0.075,0.2,1.0,896.0,0.0,0.0,0.21428571428571427
4.0,10.0,48.0,0.1,0.075,0.2,1.0,877.0,0.0,0.0,0.21436716077537057
4.0,10.0,49.0,0.1,0.075,0.2,1.0,881.0,0.0,0.0,0.21679909194097616
4.0,10.0,50.0,0.1,0.075,0.2,1.0,866.0,0.0,0.0,0.21478060046189376
4.0,10.0,51.0,0.1,0.075,0.2,1.0,870.0,0.0,0.0,0.21839080459770116
4.0,10.0,52.0,0.1,0.075,0.2,1.0,854.0,0.0,0.0,0.2154566744730679
5.0,1.0,1.0,0.1,0.075,0.2,1.0,5163.0,48.0,11.0,0.08754600038737169
5.0,1.0,2.0,0.1,0.075,0.2,1.0,5118.0,58.0,23.0,0.08870652598671357
5.0,1.0,3.0,0.1,0.075,0.2,1.0,5068.0,73.0,27.0,0.09037095501183899
5.0,1.0,4.0,0.1,0.075,0.2,1.0,4978.0,87.0,38.0,0.09100040176777822
5.0,1.0,5.0,0.1,0.075,0.2,1.0,5009.0,125.0,37.0,0.09283290077859853
5.0,1.0,6.0,0.1,0.075,0.2,1.0,4906.0,155.0,51.0,0.09192825112107623
5.0,1.0,7.0,0.1,0.075,0.2,1.0,4733.0,174.0,57.0,0.09380942319881681
5.0,1.0,8.0,0.1,0.075,0.2,1.0,4616.0,212.0,85.0,0.09315424610051994
5.0,1.0,9.0,0.1,0.075,0.2,1.0,4507.0,243.0,104.0,0.0949633902817839
5.0,1.0,10.0,0.1,0.075,0.2,1.0,4384.0,299.0,114.0,0.09625912408759124
5.0,1.0,11.0,0.1,0.075,0.2,1.0,4204.0,316.0,123.0,0.09681255946717413
5.0,1.0,12.0,0.1,0.075,0.2,1.0,4100.0,349.0,133.0,0.09682926829268293
5.0,1.0,13.0,0.1,0.075,0.2,1.0,3931.0,360.0,164.0,0.10022894937674892
5.0,1.0,14.0,0.1,0.075,0.2,1.0,3803.0,400.0,184.0,0.10044701551406784
5.0,1.0,15.0,0.1,0.075,0.2,1.0,3616.0,392.0,176.0,0.10038716814159292
5.0,1.0,16.0,0.1,0.075,0.2,1.0,3459.0,381.0,173.0,0.10263081815553628
5.0,1.0,17.0,0.1,0.075,0.2,1.0,3368.0,362.0,186.0,0.10421615201900238
5.0,1.0,18.0,0.1,0.075,0.2,1.0,3265.0,386.0,189.0,0.10535987748851455
5.0,1.0,19.0,0.1,0.075,0.2,1.0,3181.0,379.0,187.0,0.1068846274756366
5.0,1.0,20.0,0.1,0.075,0.2,1.0,5849.0,357.0,167.0,0.05727474782014019
5.0,1.0,21.0,0.1,0.075,0.2,1.0,5466.0,446.0,164.0,0.05781192828393707
5.0,1.0,22.0,0.1,0.075,0.2,1.0,5122.0,512.0,179.0,0.059742288168684106
5.0,1.0,23.0,0.1,0.075,0.2,1.0,4896.0,563.0,207.0,0.0625
5.0,1.0,24.0,0.1,0.075,0.2,1.0,4550.0,567.0,236.0,0.06461538461538462
5.0,1.0,25.0,0.1,0.075,0.2,1.0,4277.0,582.0,246.0,0.0668693009118541
5.0,1.0,26.0,0.1,0.075,0.2,1.0,4140.0,586.0,280.0,0.06714975845410628
5.0,1.0,27.0,0.1,0.075,0.2,1.0,3870.0,585.0,277.0,0.06950904392764858
5.0,1.0,28.0,0.1,0.075,0.2,1.0,3631.0,589.0,291.0,0.07188102451115395
5.0,1.0,29.0,0.1,0.075,0.2,1.0,3389.0,579.0,285.0,0.0740631454706403
5.0,1.0,30.0,0.1,0.075,0.2,1.0,3149.0,575.0,259.0,0.07812003810733566
5.0,1.0,31.0,0.1,0.075,0.2,1.0,2942.0,559.0,253.0,0.07987763426240653
5.0,1.0,32.0,0.1,0.075,0.2,1.0,2798.0,537.0,255.0,0.08470335954253037
5.0,1.0,33.0,0.1,0.075,0.2,1.0,2664.0,546.0,262.0,0.08596096096096097
5.0,1.0,34.0,0.1,0.075,0.2,1.0,2448.0,510.0,237.0,0.09272875816993464
5.0,1.0,35.0,0.1,0.075,0.2,1.0,2258.0,449.0,210.0,0.0987599645704163
5.0,1.0,36.0,0.1,0.075,0.2,1.0,2142.0,444.0,220.0,0.10364145658263306
5.0,1.0,37.0,0.1,0.075,0.2,1.0,2037.0,434.0,217.0,0.10603829160530191
5.0,1.0,38.0,0.1,0.075,0.2,1.0,1919.0,413.0,198.0,0.11307972902553413
5.0,1.0,39.0,0.1,0.075,0.2,1.0,1795.0,400.0,186.0,0.1192200557103064
5.0,1.0,40.0,0.1,0.075,0.2,1.0,1711.0,394.0,181.0,0.12624196376388078
5.0,1.0,41.0,0.1,0.075,0.2,1.0,1633.0,388.0,180.0,0.131047152480098
5.0,1.0,42.0,0.1,0.075,0.2,1.0,1539.0,374.0,167.0,0.13840155945419103
5.0,1.0,43.0,0.1,0.075,0.2,1.0,1448.0,359.0,170.0,0.1464088397790055
5.0,1.0,44.0,0.1,0.075,0.2,1.0,1361.0,336.0,167.0,0.15576781778104334
5.0,1.0,45.0,0.1,0.075,0.2,1.0,1275.0,315.0,158.0,0.2203921568627451
5.0,1.0,46.0,0.1,0.075,0.2,1.0,1190.0,276.0,129.0,0.23025210084033612
5.0,1.0,47.0,0.1,0.075,0.2,1.0,1127.0,246.0,132.0,0.23957409050576753
5.0,1.0,48.0,0.1,0.075,0.2,1.0,1076.0,228.0,125.0,0.24721189591078066
5.0,1.0,49.0,0.1,0.075,0.2,1.0,1027.0,199.0,111.0,0.25316455696202533
5.0,1.0,50.0,0.1,0.075,0.2,1.0,957.0,166.0,89.0,0.26332288401253917
5.0,1.0,51.0,0.1,0.075,0.2,1.0,914.0,151.0,84.0,0.26914660831509846
5.0,1.0,52.0,0.1,0.075,0.2,1.0,890.0,135.0,83.0,0.27415730337078653
5.0,2.0,1.0,0.1,0.075,0.2,1.0,852.0,119.0,72.0,0.284037558685446
5.0,2.0,2.0,0.1,0.075,0.2,1.0,827.0,102.0,59.0,0.2877871825876663
5.0,2.0,3.0,0.1,0.075,0.2,1.0,792.0,87.0,46.0,0.29797979797979796
5.0,2.0,4.0,0.1,0.075,0.2,1.0,777.0,73.0,36.0,0.30244530244530243
5.0,2.0,5.0,0.1,0.075,0.2,1.0,747.0,67.0,39.0,0.30655957161981257
5.0,2.0,6.0,0.1,0.075,0.2,1.0,731.0,56.0,36.0,0.3064295485636115
5.0,2.0,7.0,0.1,0.075,0.2,1.0,714.0,53.0,37.0,0.3081232492997199
5.0,2.0,8.0,0.1,0.075,0.2,1.0,698.0,39.0,24.0,0.3137535816618911
5.0,2.0,9.0,0.1,0.075,0.2,1.0,678.0,29.0,18.0,0.31710914454277284
5.0,2.0,10.0,0.1,0.075,0.2,1.0,660.0,21.0,12.0,0.3196969696969697
5.0,2.0,11.0,0.1,0.075,0.2,1.0,650.0,17.0,10.0,0.32
5.0,2.0,12.0,0.1,0.075,0.2,1.0,641.0,13.0,8.0,0.32293291731669266
5.0,2.0,13.0,0.1,0.075,0.2,1.0,627.0,11.0,6.0,0.3253588516746411
5.0,2.0,14.0,0.1,0.075,0.2,1.0,623.0,11.0,6.0,0.3290529695024077
5.0,2.0,15.0,0.1,0.075,0.2,1.0,613.0,11.0,3.0,0.3295269168026101
5.0,2.0,16.0,0.1,0.075,0.2,1.0,610.0,10.0,6.0,0.32786885245901637
5.0,2.0,17.0,0.1,0.075,0.2,1.0,604.0,9.0,5.0,0.32781456953642385
5.0,2.0,18.0,0.1,0.075,0.2,1.0,603.0,10.0,6.0,0.32669983416252074
5.0,2.0,19.0,0.1,0.075,0.2,1.0,593.0,6.0,3.0,0.327150084317032
5.0,2.0,20.0,0.1,0.075,0.2,1.0,1047.0,6.0,3.0,0.18624641833810887
5.0,2.0,21.0,0.1,0.075,0.2,1.0,1029.0,6.0,2.0,0.18853255587949466
5.0,2.0,22.0,0.1,0.075,0.2,1.0,1041.0,5.0,2.0,0.1882804995196926
5.0,2.0,23.0,0.1,0.075,0.2,1.0,1005.0,4.0,1.0,0.19203980099502488
5.0,2.0,24.0,0.1,0.075,0.2,1.0,993.0,4.0,1.0,0.19436052366565962
5.0,2.0,25.0,0.1,0.075,0.2,1.0,944.0,3.0,1.0,0.20021186440677965
5.0,2.0,26.0,0.1,0.075,0.2,1.0,959.0,4.0,3.0,0.1991657977059437
5.0,2.0,27.0,0.1,0.075,0.2,1.0,941.0,4.0,3.0,0.19872476089266738
5.0,2.0,28.0,0.1,0.075,0.2,1.0,948.0,6.0,3.0,0.19725738396624473
5.0,2.0,29.0,0.1,0.075,0.2,1.0,926.0,5.0,2.0,0.19654427645788336
5.0,2.0,30.0,0.1,0.075,0.2,1.0,906.0,3.0,1.0,0.1986754966887417
5.0,2.0,31.0,0.1,0.075,0.2,1.0,871.0,2.0,1.0,0.2020665901262916
5.0,2.0,32.0,0.1,0.075,0.2,1.0,880.0,2.0,1.0,0.20227272727272727
5.0,2.0,33.0,0.1,0.075,0.2,1.0,869.0,2.0,1.0,0.20253164556962025
5.0,2.0,34.0,0.1,0.075,0.2,1.0,879.0,1.0,0.0,0.20022753128555176
5.0,2.0,35.0,0.1,0.075,0.2,1.0,861.0,1.0,1.0,0.20092915214866433
5.0,2.0,36.0,0.1,0.075,0.2,1.0,858.0,2.0,1.0,0.20046620046620048
5.0,2.0,37.0,0.1,0.075,0.2,1.0,845.0,3.0,1.0,0.20118343195266272
5.0,2.0,38.0,0.1,0.075,0.2,1.0,854.0,3.0,1.0,0.20023419203747073
5.0,2.0,39.0,0.1,0.075,0.2,1.0,826.0,4.0,1.0,0.2009685230024213
5.0,2.0,40.0,0.1,0.075,0.2,1.0,828.0,6.0,1.0,0.19927536231884058
5.0,2.0,41.0,0.1,0.075,0.2,1.0,819.0,5.0,1.0,0.19658119658119658
5.0,2.0,42.0,0.1,0.075,0.2,1.0,819.0,5.0,2.0,0.1978021978021978
5.0,2.0,43.0,0.1,0.075,0.2,1.0,808.0,5.0,3.0,0.19925742574257427
5.0,2.0,44.0,0.1,0.075,0.2,1.0,811.0,4.0,4.0,0.20098643649815043
5.0,2.0,45.0,0.1,0.075,0.2,1.0,793.0,5.0,3.0,0.2673392181588903
5.0,2.0,46.0,0.1,0.075,0.2,1.0,797.0,5.0,3.0,0.2685069008782936
5.0,2.0,47.0,0.1,0.075,0.2,1.0,778.0,4.0,3.0,0.2699228791773779
5.0,2.0,48.0,0.1,0.075,0.2,1.0,768.0,8.0,3.0,0.2708333333333333
5.0,2.0,49.0,0.1,0.075,0.2,1.0,749.0,7.0,3.0,0.27102803738317754
5.0,2.0,50.0,0.1,0.075,0.2,1.0,754.0,6.0,2.0,0.26657824933687
5.0,2.0,51.0,0.1,0.075,0.2,1.0,732.0,6.0,4.0,0.26366120218579236
5.0,2.0,52.0,0.1,0.075,0.2,1.0,734.0,5.0,4.0,0.2670299727520436
5.0,3.0,1.0,0.1,0.075,0.2,1.0,717.0,4.0,3.0,0.2649930264993027
5.0,3.0,2.0,0.1,0.075,0.2,1.0,720.0,2.0,1.0,0.26666666666666666
5.0,3.0,3.0,0.1,0.075,0.2,1.0,702.0,1.0,1.0,0.2692307692307692
5.0,3.0,4.0,0.1,0.075,0.2,1.0,715.0,2.0,1.0,0.26573426573426573
5.0,3.0,5.0,0.1,0.075,0.2,1.0,696.0,4.0,1.0,0.26580459770114945
5.0,3.0,6.0,0.1,0.075,0.2,1.0,701.0,3.0,2.0,0.2653352353780314
5.0,3.0,7.0,0.1,0.075,0.2,1.0,683.0,3.0,3.0,0.2664714494875549
5.0,3.0,8.0,0.1,0.075,0.2,1.0,689.0,3.0,3.0,0.2656023222060958
5.0,3.0,9.0,0.1,0.075,0.2,1.0,669.0,1.0,1.0,0.2645739910313901
5.0,3.0,10.0,0.1,0.075,0.2,1.0,673.0,0.0,0.0,0.2659732540861813
5.0,3.0,11.0,0.1,0.075,0.2,1.0,665.0,0.0,0.0,0.26766917293233083
5.0,3.0,12.0,0.1,0.075,0.2,1.0,666.0,0.0,0.0,0.26426426426426425
5.0,3.0,13.0,0.1,0.075,0.2,1.0,653.0,0.0,0.0,0.26339969372128635
5.0,3.0,14.0,0.1,0.075,0.2,1.0,659.0,0.0,0.0,0.26251896813353565
5.0,3.0,15.0,0.1,0.075,0.2,1.0,644.0,0.0,0.0,0.265527950310559
5.0,3.0,16.0,0.1,0.075,0.2,1.0,653.0,0.0,0.0,0.26339969372128635
5.0,3.0,17.0,0.1,0.075,0.2,1.0,642.0,0.0,0.0,0.2616822429906542
5.0,3.0,18.0,0.1,0.075,0.2,1.0,643.0,0.0,0.0,0.25972006220839816
5.0,3.0,19.0,0.1,0.075,0.2,1.0,636.0,0.0,0.0,0.2578616352201258
5.0,3.0,20.0,0.1,0.075,0.2,1.0,1174.0,0.0,0.0,0.14054514480408858
5.0,3.0,21.0,0.1,0.075,0.2,1.0,1125.0,0.0,0.0,0.14222222222222222
5.0,3.0,22.0,0.1,0.075,0.2,1.0,1119.0,0.0,0.0,0.14209115281501342
5.0,3.0,23.0,0.1,0.075,0.2,1.0,1078.0,0.0,0.0,0.14285714285714285
5.0,3.0,24.0,0.1,0.075,0.2,1.0,1044.0,0.0,0.0,0.14272030651340997
5.0,3.0,25.0,0.1,0.075,0.2,1.0,1037.0,0.0,0.0,0.14368370298939248
5.0,3.0,26.0,0.1,0.075,0.2,1.0,1014.0,0.0,0.0,0.14398422090729784
5.0,3.0,27.0,0.1,0.075,0.2,1.0,1013.0,0.0,0.0,0.14610069101678183
5.0,3.0,28.0,0.1,0.075,0.2,1.0,989.0,0.0,0.0,0.14459049544994945
5.0,3.0,29.0,0.1,0.075,0.2,1.0,946.0,0.0,0.0,0.14799154334038056
5.0,3.0,30.0,0.1,0.075,0.2,1.0,943.0,0.0,0.0,0.1474019088016967
5.0,3.0,31.0,0.1,0.075,0.2,1.0,925.0,0.0,0.0,0.14702702702702702
5.0,3.0,32.0,0.1,0.075,0.2,1.0,906.0,0.0,0.0,0.1479028697571744
5.0,3.0,33.0,0.1,0.075,0.2,1.0,900.0,0.0,0.0,0.14777777777777779
5.0,3.0,34.0,0.1,0.075,0.2,1.0,891.0,0.0,0.0,0.14927048260381592
5.0,3.0,35.0,0.1,0.075,0.2,1.0,881.0,0.0,0.0,0.14755959137343927
5.0,3.0,36.0,0.1,0.075,0.2,1.0,868.0,0.0,0.0,0.1497695852534562
5.0,3.0,37.0,0.1,0.075,0.2,1.0,875.0,0.0,0.0,0.14857142857142858
5.0,3.0,38.0,0.1,0.075,0.2,1.0,864.0,0.0,0.0,0.15162037037037038
5.0,3.0,39.0,0.1,0.075,0.2,1.0,864.0,0.0,0.0,0.14814814814814814
5.0,3.0,40.0,0.1,0.075,0.2,1.0,852.0,0.0,0.0,0.14906103286384975
5.0,3.0,41.0,0.1,0.075,0.2,1.0,837.0,0.0,0.0,0.14695340501792115
5.0,3.0,42.0,0.1,0.075,0.2,1.0,809.0,0.0,0.0,0.14709517923362175
5.0,3.0,43.0,0.1,0.075,0.2,1.0,806.0,0.0,0.0,0.14764267990074442
5.0,3.0,44.0,0.1,0.075,0.2,1.0,780.0,0.0,0.0,0.14487179487179488
5.0,3.0,45.0,0.1,0.075,0.2,1.0,783.0,0.0,0.0,0.2120051085568327
5.0,3.0,46.0,0.1,0.075,0.2,1.0,774.0,0.0,0.0,0.21059431524547803
5.0,3.0,47.0,0.1,0.075,0.2,1.0,760.0,0.0,0.0,0.20921052631578949
5.0,3.0,48.0,0.1,0.075,0.2,1.0,746.0,0.0,0.0,0.21179624664879357
5.0,3.0,49.0,0.1,0.075,0.2,1.0,739.0,0.0,0.0,0.2070365358592693
5.0,3.0,50.0,0.1,0.075,0.2,1.0,715.0,0.0,0.0,0.21678321678321677
5.0,3.0,51.0,0.1,0.075,0.2,1.0,707.0,0.0,0.0,0.21216407355021216
5.0,3.0,52.0,0.1,0.075,0.2,1.0,694.0,0.0,0.0,0.21469740634005763
5.0,4.0,1.0,0.1,0.075,0.2,1.0,687.0,0.0,0.0,0.21106259097525473
5.0,4.0,2.0,0.1,0.075,0.2,1.0,686.0,0.0,0.0,0.21137026239067055
5.0,4.0,3.0,0.1,0.075,0.2,1.0,671.0,0.0,0.0,0.20715350223546944
5.0,4.0,4.0,0.1,0.075,0.2,1.0,660.0,0.0,0.0,0.20909090909090908
5.0,4.0,5.0,0.1,0.075,0.2,1.0,652.0,0.0,0.0,0.20552147239263804
5.0,4.0,6.0,0.1,0.075,0.2,1.0,653.0,0.0,0.0,0.20980091883614088
5.0,4.0,7.0,0.1,0.075,0.2,1.0,630.0,0.0,0.0,0.20952380952380953
5.0,4.0,8.0,0.1,0.075,0.2,1.0,628.0,0.0,0.0,0.21178343949044587
5.0,4.0,9.0,0.1,0.075,0.2,1.0,626.0,0.0,0.0,0.20607028753993611
5.0,4.0,10.0,0.1,0.075,0.2,1.0,622.0,0.0,0.0,0.21061093247588425
5.0,4.0,11.0,0.1,0.075,0.2,1.0,608.0,0.0,0.0,0.20559210526315788
5.0,4.0,12.0,0.1,0.075,0.2,1.0,603.0,0.0,0.0,0.20398009950248755
5.0,4.0,13.0,0.1,0.075,0.2,1.0,591.0,0.0,0.0,0.1996615905245347
5.0,4.0,14.0,0.1,0.075,0.2,1.0,599.0,0.0,0.0,0.2036727879799666
5.0,4.0,15.0,0.1,0.075,0.2,1.0,587.0,0.0,0.0,0.19420783645655879
5.0,4.0,16.0,0.1,0.075,0.2,1.0,595.0,0.0,0.0,0.2
5.0,4.0,17.0,0.1,0.075,0.2,1.0,581.0,0.0,0.0,0.1944922547332186
5.0,4.0,18.0,0.1,0.075,0.2,1.0,592.0,0.0,0.0,0.19932432432432431
5.0,4.0,19.0,0.1,0.075,0.2,1.0,579.0,0.0,0.0,0.19343696027633853
5.0,4.0,20.0,0.1,0.075,0.2,1.0,1097.0,0.0,0.0,0.10756608933454877
5.0,4.0,21.0,0.1,0.075,0.2,1.0,1031.0,0.0,0.0,0.10572259941804074
5.0,4.0,22.0,0.1,0.075,0.2,1.0,999.0,0.0,0.0,0.1111111111111111
5.0,4.0,23.0,0.1,0.075,0.2,1.0,978.0,0.0,0.0,0.10940695296523517
5.0,4.0,24.0,0.1,0.075,0.2,1.0,963.0,0.0,0.0,0.1111111111111111
5.0,4.0,25.0,0.1,0.075,0.2,1.0,959.0,0.0,0.0,0.10844629822732013
5.0,4.0,26.0,0.1,0.075,0.2,1.0,933.0,0.0,0.0,0.1082529474812433
5.0,4.0,27.0,0.1,0.075,0.2,1.0,911.0,0.0,0.0,0.10976948408342481
5.0,4.0,28.0,0.1,0.075,0.2,1.0,903.0,0.0,0.0,0.11184939091915837
5.0,4.0,29.0,0.1,0.075,0.2,1.0,890.0,0.0,0.0,0.11123595505617978
5.0,4.0,30.0,0.1,0.075,0.2,1.0,859.0,0.0,0.0,0.11292200232828871
5.0,4.0,31.0,0.1,0.075,0.2,1.0,843.0,0.0,0.0,0.1103202846975089
5.0,4.0,32.0,0.1,0.075,0.2,1.0,821.0,0.0,0.0,0.11084043848964677
5.0,4.0,33.0,0.1,0.075,0.2,1.0,797.0,0.0,0.0,0.11292346298619825
5.0,4.0,34.0,0.1,0.075,0.2,1.0,779.0,0.0,0.0,0.110397946084724
5.0,4.0,35.0,0.1,0.075,0.2,1.0,791.0,0.0,0.0,0.10998735777496839
5.0,4.0,36.0,0.1,0.075,0.2,1.0,766.0,0.0,0.0,0.11096605744125326
5.0,4.0,37.0,0.1,0.075,0.2,1.0,768.0,0.0,0.0,0.11067708333333333
5.0,4.0,38.0,0.1,0.075,0.2,1.0,760.0,0.0,0.0,0.11052631578947368
5.0,4.0,39.0,0.1,0.075,0.2,1.0,753.0,0.0,0.0,0.11155378486055777
5.0,4.0,40.0,0.1,0.075,0.2,1.0,741.0,0.0,0.0,0.11201079622132254
5.0,4.0,41.0,0.1,0.075,0.2,1.0,729.0,0.0,0.0,0.11385459533607682
5.0,4.0,42.0,0.1,0.075,0.2,1.0,716.0,0.0,0.0,0.11731843575418995
5.0,4.0,43.0,0.1,0.075,0.2,1.0,708.0,0.0,0.0,0.11440677966101695
5.0,4.0,44.0,0.1,0.075,0.2,1.0,678.0,0.0,0.0,0.11651917404129794
5.0,4.0,45.0,0.1,0.075,0.2,1.0,679.0,0.0,0.0,0.18409425625920472
5.0,4.0,46.0,0.1,0.075,0.2,1.0,672.0,0.0,0.0,0.18452380952380953
5.0,4.0,47.0,0.1,0.075,0.2,1.0,662.0,0.0,0.0,0.18277945619335348
5.0,4.0,48.0,0.1,0.075,0.2,1.0,649.0,0.0,0.0,0.1864406779661017
5.0,4.0,49.0,0.1,0.075,0.2,1.0,645.0,0.0,0.0,0.1875968992248062
5.0,4.0,50.0,0.1,0.075,0.2,1.0,630.0,0.0,0.0,0.19047619047619047
5.0,4.0,51.0,0.1,0.075,0.2,1.0,631.0,0.0,0.0,0.18858954041204437
5.0,4.0,52.0,0.1,0.075,0.2,1.0,627.0,0.0,0.0,0.189792663476874
5.0,5.0,1.0,0.1,0.075,0.2,1.0,621.0,0.0,0.0,0.18840579710144928
5.0,5.0,2.0,0.1,0.075,0.2,1.0,619.0,0.0,0.0,0.19224555735056542
5.0,5.0,3.0,0.1,0.075,0.2,1.0,616.0,0.0,0.0,0.18831168831168832
5.0,5.0,4.0,0.1,0.075,0.2,1.0,618.0,0.0,0.0,0.19093851132686085
5.0,5.0,5.0,0.1,0.075,0.2,1.0,599.0,0.0,0.0,0.18697829716193656
5.0,5.0,6.0,0.1,0.075,0.2,1.0,583.0,0.0,0.0,0.19210977701543738
5.0,5.0,7.0,0.1,0.075,0.2,1.0,574.0,0.0,0.0,0.18989547038327526
5.0,5.0,8.0,0.1,0.075,0.2,1.0,571.0,0.0,0.0,0.18914185639229422
5.0,5.0,9.0,0.1,0.075,0.2,1.0,570.0,0.0,0.0,0.18947368421052632
5.0,5.0,10.0,0.1,0.075,0.2,1.0,565.0,0.0,0.0,0.1911504424778761
5.0,5.0,11.0,0.1,0.075,0.2,1.0,564.0,0.0,0.0,0.19148936170212766
5.0,5.0,12.0,0.1,0.075,0.2,1.0,560.0,0.0,0.0,0.18928571428571428
5.0,5.0,13.0,0.1,0.075,0.2,1.0,557.0,0.0,0.0,0.19030520646319568
5.0,5.0,14.0,0.1,0.075,0.2,1.0,552.0,0.0,0.0,0.19021739130434784
5.0,5.0,15.0,0.1,0.075,0.2,1.0,555.0,0.0,0.0,0.19099099099099098
5.0,5.0,16.0,0.1,0.075,0.2,1.0,549.0,0.0,0.0,0.1894353369763206
5.0,5.0,17.0,0.1,0.075,0.2,1.0,549.0,0.0,0.0,0.1894353369763206
5.0,5.0,18.0,0.1,0.075,0.2,1.0,546.0,0.0,0.0,0.18864468864468864
5.0,5.0,19.0,0.1,0.075,0.2,1.0,549.0,0.0,0.0,0.18761384335154827
5.0,5.0,20.0,0.1,0.075,0.2,1.0,1015.0,0.0,0.0,0.10147783251231528
5.0,5.0,21.0,0.1,0.075,0.2,1.0,987.0,0.0,0.0,0.10233029381965553
5.0,5.0,22.0,0.1,0.075,0.2,1.0,954.0,0.0,0.0,0.10377358490566038
5.0,5.0,23.0,0.1,0.075,0.2,1.0,942.0,0.0,0.0,0.1029723991507431
5.0,5.0,24.0,0.1,0.075,0.2,1.0,909.0,0.0,0.0,0.10561056105610561
5.0,5.0,25.0,0.1,0.075,0.2,1.0,907.0,0.0,0.0,0.10474090407938258
5.0,5.0,26.0,0.1,0.075,0.2,1.0,891.0,0.0,0.0,0.10774410774410774
5.0,5.0,27.0,0.1,0.075,0.2,1.0,870.0,0.0,0.0,0.10344827586206896
5.0,5.0,28.0,0.1,0.075,0.2,1.0,866.0,0.0,0.0,0.10508083140877598
5.0,5.0,29.0,0.1,0.075,0.2,1.0,854.0,0.0,0.0,0.1053864168618267
5.0,5.0,30.0,0.1,0.075,0.2,1.0,842.0,0.0,0.0,0.10451306413301663
5.0,5.0,31.0,0.1,0.075,0.2,1.0,806.0,0.0,0.0,0.10297766749379653
5.0,5.0,32.0,0.1,0.075,0.2,1.0,793.0,0.0,0.0,0.10466582597730138
5.0,5.0,33.0,0.1,0.075,0.2,1.0,803.0,0.0,0.0,0.10211706102117062
5.0,5.0,34.0,0.1,0.075,0.2,1.0,793.0,0.0,0.0,0.10466582597730138
5.0,5.0,35.0,0.1,0.075,0.2,1.0,791.0,0.0,0.0,0.09987357774968394
5.0,5.0,36.0,0.1,0.075,0.2,1.0,774.0,0.0,0.0,0.10335917312661498
5.0,5.0,37.0,0.1,0.075,0.2,1.0,780.0,0.0,0.0,0.1
5.0,5.0,38.0,0.1,0.075,0.2,1.0,755.0,0.0,0.0,0.10331125827814569
5.0,5.0,39.0,0.1,0.075,0.2,1.0,755.0,0.0,0.0,0.10331125827814569
5.0,5.0,40.0,0.1,0.075,0.2,1.0,750.0,0.0,0.0,0.10133333333333333
5.0,5.0,41.0,0.1,0.075,0.2,1.0,738.0,0.0,0.0,0.1002710027100271
5.0,5.0,42.0,0.1,0.075,0.2,1.0,707.0,0.0,0.0,0.10183875530410184
5.0,5.0,43.0,0.1,0.075,0.2,1.0,704.0,0.0,0.0,0.10369318181818182
5.0,5.0,44.0,0.1,0.075,0.2,1.0,698.0,0.0,0.0,0.1017191977077364
5.0,5.0,45.0,0.1,0.075,0.2,1.0,667.0,0.0,0.0,0.17391304347826086
5.0,5.0,46.0,0.1,0.075,0.2,1.0,666.0,0.0,0.0,0.16816816816816818
5.0,5.0,47.0,0.1,0.075,0.2,1.0,646.0,0.0,0.0,0.17492260061919504
5.0,5.0,48.0,0.1,0.075,0.2,1.0,659.0,0.0,0.0,0.1669195751138088
5.0,5.0,49.0,0.1,0.075,0.2,1.0,649.0,0.0,0.0,0.17103235747303544
5.0,5.0,50.0,0.1,0.075,0.2,1.0,651.0,0.0,0.0,0.16589861751152074
5.0,5.0,51.0,0.1,0.075,0.2,1.0,634.0,0.0,0.0,0.17034700315457413
5.0,5.0,52.0,0.1,0.075,0.2,1.0,633.0,0.0,0.0,0.16903633491311215
5.0,6.0,1.0,0.1,0.075,0.2,1.0,623.0,0.0,0.0,0.16853932584269662
5.0,6.0,2.0,0.1,0.075,0.2,1.0,626.0,0.0,0.0,0.16932907348242812
5.0,6.0,3.0,0.1,0.075,0.2,1.0,619.0,0.0,0.0,0.16639741518578352
5.0,6.0,4.0,0.1,0.075,0.2,1.0,622.0,0.0,0.0,0.16881028938906753
5.0,6.0,5.0,0.1,0.075,0.2,1.0,615.0,0.0,0.0,0.16585365853658537
5.0,6.0,6.0,0.1,0.075,0.2,1.0,617.0,0.0,0.0,0.16693679092382496
5.0,6.0,7.0,0.1,0.075,0.2,1.0,600.0,0.0,0.0,0.165
5.0,6.0,8.0,0.1,0.075,0.2,1.0,601.0,0.0,0.0,0.16306156405990016
5.0,6.0,9.0,0.1,0.075,0.2,1.0,572.0,0.0,0.0,0.1660839160839161
5.0,6.0,10.0,0.1,0.075,0.2,1.0,569.0,0.0,0.0,0.1634446397188049
5.0,6.0,11.0,0.1,0.075,0.2,1.0,571.0,0.0,0.0,0.1646234676007005
5.0,6.0,12.0,0.1,0.075,0.2,1.0,567.0,0.0,0.0,0.16225749559082892
5.0,6.0,13.0,0.1,0.075,0.2,1.0,570.0,0.0,0.0,0.1649122807017544
5.0,6.0,14.0,0.1,0.075,0.2,1.0,565.0,0.0,0.0,0.16283185840707964
5.0,6.0,15.0,0.1,0.075,0.2,1.0,565.0,0.0,0.0,0.1663716814159292
5.0,6.0,16.0,0.1,0.075,0.2,1.0,567.0,0.0,0.0,0.16225749559082892
5.0,6.0,17.0,0.1,0.075,0.2,1.0,564.0,0.0,0.0,0.16666666666666666
5.0,6.0,18.0,0.1,0.075,0.2,1.0,563.0,0.0,0.0,0.16341030195381884
5.0,6.0,19.0,0.1,0.075,0.2,1.0,563.0,0.0,0.0,0.1669626998223801
5.0,6.0,20.0,0.1,0.075,0.2,1.0,1027.0,0.0,0.0,0.08958130477117819
5.0,6.0,21.0,0.1,0.075,0.2,1.0,969.0,0.0,0.0,0.09287925696594428
5.0,6.0,22.0,0.1,0.075,0.2,1.0,945.0,0.0,0.0,0.09312169312169312
5.0,6.0,23.0,0.1,0.075,0.2,1.0,905.0,0.0,0.0,0.09392265193370165
5.0,6.0,24.0,0.1,0.075,0.2,1.0,905.0,0.0,0.0,0.09281767955801105
5.0,6.0,25.0,0.1,0.075,0.2,1.0,880.0,0.0,0.0,0.09204545454545454
5.0,6.0,26.0,0.1,0.075,0.2,1.0,855.0,0.0,0.0,0.09005847953216374
5.0,6.0,27.0,0.1,0.075,0.2,1.0,820.0,0.0,0.0,0.0951219512195122
5.0,6.0,28.0,0.1,0.075,0.2,1.0,815.0,0.0,0.0,0.09447852760736196
5.0,6.0,29.0,0.1,0.075,0.2,1.0,815.0,0.0,0.0,0.09570552147239264
5.0,6.0,30.0,0.1,0.075,0.2,1.0,789.0,0.0,0.0,0.09252217997465145
5.0,6.0,31.0,0.1,0.075,0.2,1.0,750.0,0.0,0.0,0.09733333333333333
5.0,6.0,32.0,0.1,0.075,0.2,1.0,729.0,0.0,0.0,0.09739368998628258
5.0,6.0,33.0,0.1,0.075,0.2,1.0,731.0,0.0,0.0,0.09986320109439124
5.0,6.0,34.0,0.1,0.075,0.2,1.0,693.0,0.0,0.0,0.09956709956709957
5.0,6.0,35.0,0.1,0.075,0.2,1.0,709.0,0.0,0.0,0.09732016925246827
5.0,6.0,36.0,0.1,0.075,0.2,1.0,680.0,0.0,0.0,0.09852941176470588
5.0,6.0,37.0,0.1,0.075,0.2,1.0,668.0,0.0,0.0,0.10179640718562874
5.0,6.0,38.0,0.1,0.075,0.2,1.0,646.0,0.0,0.0,0.09752321981424149
5.0,6.0,39.0,0.1,0.075,0.2,1.0,629.0,0.0,0.0,0.10015898251192369
5.0,6.0,40.0,0.1,0.075,0.2,1.0,613.0,0.0,0.0,0.09624796084828711
5.0,6.0,41.0,0.1,0.075,0.2,1.0,631.0,0.0,0.0,0.09984152139461172
5.0,6.0,42.0,0.1,0.075,0.2,1.0,608.0,0.0,0.0,0.09703947368421052
5.0,6.0,43.0,0.1,0.075,0.2,1.0,628.0,0.0,0.0,0.09872611464968153
5.0,6.0,44.0,0.1,0.075,0.2,1.0,612.0,0.0,0.0,0.09640522875816994
5.0,6.0,45.0,0.1,0.075,0.2,1.0,625.0,0.0,0.0,0.1808
5.0,6.0,46.0,0.1,0.075,0.2,1.0,611.0,0.0,0.0,0.1783960720130933
5.0,6.0,47.0,0.1,0.075,0.2,1.0,614.0,0.0,0.0,0.1775244299674267
5.0,6.0,48.0,0.1,0.075,0.2,1.0,600.0,0.0,0.0,0.175
5.0,6.0,49.0,0.1,0.075,0.2,1.0,614.0,0.0,0.0,0.1775244299674267
5.0,6.0,50.0,0.1,0.075,0.2,1.0,608.0,0.0,0.0,0.17763157894736842
5.0,6.0,51.0,0.1,0.075,0.2,1.0,605.0,0.0,0.0,0.18016528925619835
5.0,6.0,52.0,0.1,0.075,0.2,1.0,609.0,0.0,0.0,0.17733990147783252
5.0,7.0,1.0,0.1,0.075,0.2,1.0,602.0,0.0,0.0,0.17940199335548174
5.0,7.0,2.0,0.1,0.075,0.2,1.0,608.0,0.0,0.0,0.17927631578947367
5.0,7.0,3.0,0.1,0.075,0.2,1.0,602.0,0.0,0.0,0.18106312292358803
5.0,7.0,4.0,0.1,0.075,0.2,1.0,606.0,0.0,0.0,0.1782178217821782
5.0,7.0,5.0,0.1,0.075,0.2,1.0,589.0,0.0,0.0,0.1799660441426146
5.0,7.0,6.0,0.1,0.075,0.2,1.0,595.0,0.0,0.0,0.1781512605042017
5.0,7.0,7.0,0.1,0.075,0.2,1.0,592.0,0.0,0.0,0.18074324324324326
5.0,7.0,8.0,0.1,0.075,0.2,1.0,577.0,0.0,0.0,0.1733102253032929
5.0,7.0,9.0,0.1,0.075,0.2,1.0,576.0,0.0,0.0,0.1753472222222222
5.0,7.0,10.0,0.1,0.075,0.2,1.0,573.0,0.0,0.0,0.17452006980802792
5.0,7.0,11.0,0.1,0.075,0.2,1.0,572.0,0.0,0.0,0.17657342657342656
5.0,7.0,12.0,0.1,0.075,0.2,1.0,568.0,0.0,0.0,0.17253521126760563
5.0,7.0,13.0,0.1,0.075,0.2,1.0,572.0,0.0,0.0,0.17657342657342656
5.0,7.0,14.0,0.1,0.075,0.2,1.0,569.0,0.0,0.0,0.1704745166959578
5.0,7.0,15.0,0.1,0.075,0.2,1.0,567.0,0.0,0.0,0.1763668430335097
5.0,7.0,16.0,0.1,0.075,0.2,1.0,567.0,0.0,0.0,0.1746031746031746
5.0,7.0,17.0,0.1,0.075,0.2,1.0,568.0,0.0,0.0,0.17781690140845072
5.0,7.0,18.0,0.1,0.075,0.2,1.0,561.0,0.0,0.0,0.1711229946524064
5.0,7.0,19.0,0.1,0.075,0.2,1.0,565.0,0.0,0.0,0.17345132743362832
5.0,7.0,20.0,0.1,0.075,0.2,1.0,1048.0,0.0,0.0,0.0916030534351145
5.0,7.0,21.0,0.1,0.075,0.2,1.0,1016.0,0.0,0.0,0.09055118110236221
5.0,7.0,22.0,0.1,0.075,0.2,1.0,989.0,0.0,0.0,0.09201213346814964
5.0,7.0,23.0,0.1,0.075,0.2,1.0,982.0,0.0,0.0,0.09368635437881874
5.0,7.0,24.0,0.1,0.075,0.2,1.0,986.0,0.0,0.0,0.0922920892494929
5.0,7.0,25.0,0.1,0.075,0.2,1.0,977.0,0.0,0.0,0.0931422722620266
5.0,7.0,26.0,0.1,0.075,0.2,1.0,992.0,0.0,0.0,0.09173387096774194
5.0,7.0,27.0,0.1,0.075,0.2,1.0,961.0,0.0,0.0,0.09573361082206035
5.0,7.0,28.0,0.1,0.075,0.2,1.0,946.0,0.0,0.0,0.09302325581395349
5.0,7.0,29.0,0.1,0.075,0.2,1.0,934.0,0.0,0.0,0.09850107066381156
5.0,7.0,30.0,0.1,0.075,0.2,1.0,906.0,0.0,0.0,0.09492273730684327
5.0,7.0,31.0,0.1,0.075,0.2,1.0,874.0,0.0,0.0,0.09954233409610984
5.0,7.0,32.0,0.1,0.075,0.2,1.0,847.0,0.0,0.0,0.09681227863046045
5.0,7.0,33.0,0.1,0.075,0.2,1.0,822.0,0.0,0.0,0.09975669099756691
5.0,7.0,34.0,0.1,0.075,0.2,1.0,810.0,0.0,0.0,0.09506172839506173
5.0,7.0,35.0,0.1,0.075,0.2,1.0,812.0,0.0,0.0,0.09975369458128079
5.0,7.0,36.0,0.1,0.075,0.2,1.0,800.0,0.0,0.0,0.09625
5.0,7.0,37.0,0.1,0.075,0.2,1.0,805.0,0.0,0.0,0.10062111801242236
5.0,7.0,38.0,0.1,0.075,0.2,1.0,780.0,0.0,0.0,0.09743589743589744
5.0,7.0,39.0,0.1,0.075,0.2,1.0,781.0,0.0,0.0,0.0998719590268886
5.0,7.0,40.0,0.1,0.075,0.2,1.0,773.0,0.0,0.0,0.09961190168175937
5.0,7.0,41.0,0.1,0.075,0.2,1.0,779.0,0.0,0.0,0.10012836970474968
5.0,7.0,42.0,0.1,0.075,0.2,1.0,761.0,0.0,0.0,0.09855453350854139
5.0,7.0,43.0,0.1,0.075,0.2,1.0,740.0,0.0,0.0,0.1
5.0,7.0,44.0,0.1,0.075,0.2,1.0,742.0,0.0,0.0,0.09838274932614555
5.0,7.0,45.0,0.1,0.075,0.2,1.0,739.0,0.0,0.0,0.16102841677943167
5.0,7.0,46.0,0.1,0.075,0.2,1.0,729.0,0.0,0.0,0.16049382716049382
5.0,7.0,47.0,0.1,0.075,0.2,1.0,720.0,0.0,0.0,0.1638888888888889
5.0,7.0,48.0,0.1,0.075,0.2,1.0,701.0,0.0,0.0,0.16405135520684735
5.0,7.0,49.0,0.1,0.075,0.2,1.0,699.0,0.0,0.0,0.17024320457796852
5.0,7.0,50.0,0.1,0.075,0.2,1.0,689.0,0.0,0.0,0.1683599419448476
5.0,7.0,51.0,0.1,0.075,0.2,1.0,687.0,0.0,0.0,0.1717612809315866
5.0,7.0,52.0,0.1,0.075,0.2,1.0,683.0,0.0,0.0,0.1698389458272328
5.0,8.0,1.0,0.1,0.075,0.2,1.0,677.0,0.0,0.0,0.17429837518463812
5.0,8.0,2.0,0.1,0.075,0.2,1.0,677.0,0.0,0.0,0.17134416543574593
5.0,8.0,3.0,0.1,0.075,0.2,1.0,667.0,0.0,0.0,0.17541229385307347
5.0,8.0,4.0,0.1,0.075,0.2,1.0,666.0,0.0,0.0,0.16966966966966968
5.0,8.0,5.0,0.1,0.075,0.2,1.0,665.0,0.0,0.0,0.17443609022556392
5.0,8.0,6.0,0.1,0.075,0.2,1.0,663.0,0.0,0.0,0.1689291101055807
5.0,8.0,7.0,0.1,0.075,0.2,1.0,647.0,0.0,0.0,0.1731066460587326
5.0,8.0,8.0,0.1,0.075,0.2,1.0,632.0,0.0,0.0,0.16930379746835442
5.0,8.0,9.0,0.1,0.075,0.2,1.0,646.0,0.0,0.0,0.17337461300309598
5.0,8.0,10.0,0.1,0.075,0.2,1.0,627.0,0.0,0.0,0.17065390749601275
5.0,8.0,11.0,0.1,0.075,0.2,1.0,640.0,0.0,0.0,0.175
5.0,8.0,12.0,0.1,0.075,0.2,1.0,627.0,0.0,0.0,0.16905901116427433
5.0,8.0,13.0,0.1,0.075,0.2,1.0,625.0,0.0,0.0,0.176
5.0,8.0,14.0,0.1,0.075,0.2,1.0,615.0,0.0,0.0,0.17073170731707318
5.0,8.0,15.0,0.1,0.075,0.2,1.0,626.0,0.0,0.0,0.17412140575079874
5.0,8.0,16.0,0.1,0.075,0.2,1.0,613.0,0.0,0.0,0.16965742251223492
5.0,8.0,17.0,0.1,0.075,0.2,1.0,621.0,0.0,0.0,0.17391304347826086
5.0,8.0,18.0,0.1,0.075,0.2,1.0,614.0,0.0,0.0,0.16938110749185667
5.0,8.0,19.0,0.1,0.075,0.2,1.0,620.0,0.0,0.0,0.17580645161290323
5.0,8.0,20.0,0.1,0.075,0.2,1.0,1083.0,0.0,0.0,0.09602954755309326
5.0,8.0,21.0,0.1,0.075,0.2,1.0,1061.0,0.0,0.0,0.0999057492931197
5.0,8.0,22.0,0.1,0.075,0.2,1.0,1045.0,0.0,0.0,0.09665071770334928
5.0,8.0,23.0,0.1,0.075,0.2,1.0,1016.0,0.0,0.0,0.10137795275590551
5.0,8.0,24.0,0.1,0.075,0.2,1.0,974.0,0.0,0.0,0.09650924024640657
5.0,8.0,25.0,0.1,0.075,0.2,1.0,979.0,0.0,0.0,0.10112359550561797
5.0,8.0,26.0,0.1,0.075,0.2,1.0,907.0,0.0,0.0,0.09922822491730982
5.0,8.0,27.0,0.1,0.075,0.2,1.0,908.0,0.0,0.0,0.10462555066079295
5.0,8.0,28.0,0.1,0.075,0.2,1.0,858.0,0.0,0.0,0.10139860139860139
5.0,8.0,29.0,0.1,0.075,0.2,1.0,882.0,0.0,0.0,0.10317460317460317
5.0,8.0,30.0,0.1,0.075,0.2,1.0,831.0,0.0,0.0,0.10348977135980746
5.0,8.0,31.0,0.1,0.075,0.2,1.0,799.0,0.0,0.0,0.1113892365456821
5.0,8.0,32.0,0.1,0.075,0.2,1.0,769.0,0.0,0.0,0.10533159947984395
5.0,8.0,33.0,0.1,0.075,0.2,1.0,784.0,0.0,0.0,0.1096938775510204
5.0,8.0,34.0,0.1,0.075,0.2,1.0,757.0,0.0,0.0,0.10568031704095113
5.0,8.0,35.0,0.1,0.075,0.2,1.0,763.0,0.0,0.0,0.11009174311926606
5.0,8.0,36.0,0.1,0.075,0.2,1.0,743.0,0.0,0.0,0.1063257065948856
5.0,8.0,37.0,0.1,0.075,0.2,1.0,741.0,0.0,0.0,0.1106612685560054
5.0,8.0,38.0,0.1,0.075,0.2,1.0,732.0,0.0,0.0,0.10655737704918032
5.0,8.0,39.0,0.1,0.075,0.2,1.0,717.0,0.0,0.0,0.11436541143654114
5.0,8.0,40.0,0.1,0.075,0.2,1.0,712.0,0.0,0.0,0.10814606741573034
5.0,8.0,41.0,0.1,0.075,0.2,1.0,718.0,0.0,0.0,0.11559888579387187
5.0,8.0,42.0,0.1,0.075,0.2,1.0,710.0,0.0,0.0,0.10845070422535211
5.0,8.0,43.0,0.1,0.075,0.2,1.0,721.0,0.0,0.0,0.11373092926490985
5.0,8.0,44.0,0.1,0.075,0.2,1.0,700.0,0.0,0.0,0.10857142857142857
5.0,8.0,45.0,0.1,0.075,0.2,1.0,699.0,0.0,0.0,0.18168812589413447
5.0,8.0,46.0,0.1,0.075,0.2,1.0,686.0,0.0,0.0,0.17638483965014579
5.0,8.0,47.0,0.1,0.075,0.2,1.0,701.0,0.0,0.0,0.1825962910128388
5.0,8.0,48.0,0.1,0.075,0.2,1.0,686.0,0.0,0.0,0.17638483965014579
5.0,8.0,49.0,0.1,0.075,0.2,1.0,685.0,0.0,0.0,0.181021897810219
5.0,8.0,50.0,0.1,0.075,0.2,1.0,672.0,0.0,0.0,0.17559523809523808
5.0,8.0,51.0,0.1,0.075,0.2,1.0,685.0,0.0,0.0,0.17956204379562044
5.0,8.0,52.0,0.1,0.075,0.2,1.0,673.0,0.0,0.0,0.17533432392273401
5.0,9.0,1.0,0.1,0.075,0.2,1.0,682.0,0.0,0.0,0.18035190615835778
5.0,9.0,2.0,0.1,0.075,0.2,1.0,670.0,0.0,0.0,0.17761194029850746
5.0,9.0,3.0,0.1,0.075,0.2,1.0,668.0,0.0,0.0,0.17964071856287425
5.0,9.0,4.0,0.1,0.075,0.2,1.0,657.0,0.0,0.0,0.1750380517503805
5.0,9.0,5.0,0.1,0.075,0.2,1.0,663.0,0.0,0.0,0.1794871794871795
5.0,9.0,6.0,0.1,0.075,0.2,1.0,651.0,0.0,0.0,0.17511520737327188
5.0,9.0,7.0,0.1,0.075,0.2,1.0,662.0,0.0,0.0,0.18126888217522658
5.0,9.0,8.0,0.1,0.075,0.2,1.0,646.0,0.0,0.0,0.17492260061919504
5.0,9.0,9.0,0.1,0.075,0.2,1.0,661.0,0.0,0.0,0.17851739788199697
5.0,9.0,10.0,0.1,0.075,0.2,1.0,644.0,0.0,0.0,0.17546583850931677
5.0,9.0,11.0,0.1,0.075,0.2,1.0,657.0,0.0,0.0,0.1796042617960426
5.0,9.0,12.0,0.1,0.075,0.2,1.0,644.0,0.0,0.0,0.17701863354037267
5.0,9.0,13.0,0.1,0.075,0.2,1.0,653.0,0.0,0.0,0.1807044410413476
5.0,9.0,14.0,0.1,0.075,0.2,1.0,642.0,0.0,0.0,0.17601246105919002
5.0,9.0,15.0,0.1,0.075,0.2,1.0,655.0,0.0,0.0,0.18167938931297709
5.0,9.0,16.0,0.1,0.075,0.2,1.0,628.0,0.0,0.0,0.1767515923566879
5.0,9.0,17.0,0.1,0.075,0.2,1.0,642.0,0.0,0.0,0.1806853582554517
5.0,9.0,18.0,0.1,0.075,0.2,1.0,630.0,0.0,0.0,0.17777777777777778
5.0,9.0,19.0,0.1,0.075,0.2,1.0,630.0,0.0,0.0,0.18253968253968253
5.0,9.0,20.0,0.1,0.075,0.2,1.0,1080.0,0.0,0.0,0.09259259259259259
5.0,9.0,21.0,0.1,0.075,0.2,1.0,1101.0,0.0,0.0,0.09355131698455948
5.0,9.0,22.0,0.1,0.075,0.2,1.0,1055.0,0.0,0.0,0.0938388625592417
5.0,9.0,23.0,0.1,0.075,0.2,1.0,1049.0,0.0,0.0,0.09628217349857007
5.0,9.0,24.0,0.1,0.075,0.2,1.0,1003.0,0.0,0.0,0.09571286141575275
5.0,9.0,25.0,0.1,0.075,0.2,1.0,975.0,0.0,0.0,0.09846153846153846
5.0,9.0,26.0,0.1,0.075,0.2,1.0,951.0,0.0,0.0,0.09674027339642481
5.0,9.0,27.0,0.1,0.075,0.2,1.0,938.0,0.0,0.0,0.09808102345415778
5.0,9.0,28.0,0.1,0.075,0.2,1.0,922.0,0.0,0.0,0.09761388286334056
5.0,9.0,29.0,0.1,0.075,0.2,1.0,891.0,0.0,0.0,0.09988776655443322
5.0,9.0,30.0,0.1,0.075,0.2,1.0,871.0,0.0,0.0,0.09873708381171067
5.0,9.0,31.0,0.1,0.075,0.2,1.0,873.0,0.0,0.0,0.09851088201603665
5.0,9.0,32.0,0.1,0.075,0.2,1.0,854.0,0.0,0.0,0.09953161592505855
5.0,9.0,33.0,0.1,0.075,0.2,1.0,858.0,0.0,0.0,0.10023310023310024
5.0,9.0,34.0,0.1,0.075,0.2,1.0,856.0,0.0,0.0,0.09929906542056074
5.0,9.0,35.0,0.1,0.075,0.2,1.0,856.0,0.0,0.0,0.10046728971962617
5.0,9.0,36.0,0.1,0.075,0.2,1.0,832.0,0.0,0.0,0.10216346153846154
5.0,9.0,37.0,0.1,0.075,0.2,1.0,829.0,0.0,0.0,0.10253317249698432
5.0,9.0,38.0,0.1,0.075,0.2,1.0,826.0,0.0,0.0,0.1016949152542373
5.0,9.0,39.0,0.1,0.075,0.2,1.0,815.0,0.0,0.0,0.10184049079754601
5.0,9.0,40.0,0.1,0.075,0.2,1.0,808.0,0.0,0.0,0.10272277227722772
5.0,9.0,41.0,0.1,0.075,0.2,1.0,802.0,0.0,0.0,0.10349127182044887
5.0,9.0,42.0,0.1,0.075,0.2,1.0,782.0,0.0,0.0,0.10485933503836317
5.0,9.0,43.0,0.1,0.075,0.2,1.0,803.0,0.0,0.0,0.10460772104607721
5.0,9.0,44.0,0.1,0.075,0.2,1.0,758.0,0.0,0.0,0.10817941952506596
5.0,9.0,45.0,0.1,0.075,0.2,1.0,763.0,0.0,0.0,0.16775884665792923
5.0,9.0,46.0,0.1,0.075,0.2,1.0,740.0,0.0,0.0,0.16891891891891891
5.0,9.0,47.0,0.1,0.075,0.2,1.0,742.0,0.0,0.0,0.16307277628032346
5.0,9.0,48.0,0.1,0.075,0.2,1.0,704.0,0.0,0.0,0.16619318181818182
5.0,9.0,49.0,0.1,0.075,0.2,1.0,733.0,0.0,0.0,0.16371077762619374
5.0,9.0,50.0,0.1,0.075,0.2,1.0,707.0,0.0,0.0,0.16548797736916548
5.0,9.0,51.0,0.1,0.075,0.2,1.0,732.0,0.0,0.0,0.16393442622950818
5.0,9.0,52.0,0.1,0.075,0.2,1.0,700.0,0.0,0.0,0.16428571428571428
5.0,10.0,1.0,0.1,0.075,0.2,1.0,692.0,0.0,0.0,0.1676300578034682
5.0,10.0,2.0,0.1,0.075,0.2,1.0,675.0,0.0,0.0,0.17037037037037037
5.0,10.0,3.0,0.1,0.075,0.2,1.0,695.0,0.0,0.0,0.1683453237410072
5.0,10.0,4.0,0.1,0.075,0.2,1.0,675.0,0.0,0.0,0.1688888888888889
5.0,10.0,5.0,0.1,0.075,0.2,1.0,692.0,0.0,0.0,0.16907514450867053
5.0,10.0,6.0,0.1,0.075,0.2,1.0,677.0,0.0,0.0,0.16838995568685378
5.0,10.0,7.0,0.1,0.075,0.2,1.0,694.0,0.0,0.0,0.17002881844380405
5.0,10.0,8.0,0.1,0.075,0.2,1.0,673.0,0.0,0.0,0.17087667161961367
5.0,10.0,9.0,0.1,0.075,0.2,1.0,686.0,0.0,0.0,0.16763848396501457
5.0,10.0,10.0,0.1,0.075,0.2,1.0,668.0,0.0,0.0,0.17065868263473055
5.0,10.0,11.0,0.1,0.075,0.2,1.0,689.0,0.0,0.0,0.1683599419448476
5.0,10.0,12.0,0.1,0.075,0.2,1.0,670.0,0.0,0.0,0.1701492537313433
5.0,10.0,13.0,0.1,0.075,0.2,1.0,682.0,0.0,0.0,0.16862170087976538
5.0,10.0,14.0,0.1,0.075,0.2,1.0,667.0,0.0,0.0,0.1724137931034483
5.0,10.0,15.0,0.1,0.075,0.2,1.0,681.0,0.0,0.0,0.16886930983847284
5.0,10.0,16.0,0.1,0.075,0.2,1.0,657.0,0.0,0.0,0.1719939117199391
5.0,10.0,17.0,0.1,0.075,0.2,1.0,666.0,0.0,0.0,0.16966966966966968
5.0,10.0,18.0,0.1,0.075,0.2,1.0,661.0,0.0,0.0,0.17095310136157338
5.0,10.0,19.0,0.1,0.075,0.2,1.0,671.0,0.0,0.0,0.16840536512667661
5.0,10.0,20.0,0.1,0.075,0.2,1.0,1144.0,0.0,0.0,0.09003496503496504
5.0,10.0,21.0,0.1,0.075,0.2,1.0,1136.0,0.0,0.0,0.0897887323943662
5.0,10.0,22.0,0.1,0.075,0.2,1.0,1127.0,0.0,0.0,0.09139307897071872
5.0,10.0,23.0,0.1,0.075,0.2,1.0,1114.0,0.0,0.0,0.09156193895870736
5.0,10.0,24.0,0.1,0.075,0.2,1.0,1062.0,0.0,0.0,0.09416195856873823
5.0,10.0,25.0,0.1,0.075,0.2,1.0,1018.0,0.0,0.0,0.09233791748526522
5.0,10.0,26.0,0.1,0.075,0.2,1.0,993.0,0.0,0.0,0.094662638469285
5.0,10.0,27.0,0.1,0.075,0.2,1.0,993.0,0.0,0.0,0.09566968781470292
5.0,10.0,28.0,0.1,0.075,0.2,1.0,934.0,0.0,0.0,0.09635974304068523
5.0,10.0,29.0,0.1,0.075,0.2,1.0,945.0,0.0,0.0,0.09523809523809523
5.0,10.0,30.0,0.1,0.075,0.2,1.0,932.0,0.0,0.0,0.09656652360515021
5.0,10.0,31.0,0.1,0.075,0.2,1.0,892.0,0.0,0.0,0.09865470852017937
5.0,10.0,32.0,0.1,0.075,0.2,1.0,871.0,0.0,0.0,0.1010332950631458
5.0,10.0,33.0,0.1,0.075,0.2,1.0,879.0,0.0,0.0,0.09897610921501707
5.0,10.0,34.0,0.1,0.075,0.2,1.0,879.0,0.0,0.0,0.09897610921501707
5.0,10.0,35.0,0.1,0.075,0.2,1.0,870.0,0.0,0.0,0.1
5.0,10.0,36.0,0.1,0.075,0.2,1.0,845.0,0.0,0.0,0.09940828402366864
5.0,10.0,37.0,0.1,0.075,0.2,1.0,812.0,0.0,0.0,0.10344827586206896
5.0,10.0,38.0,0.1,0.075,0.2,1.0,807.0,0.0,0.0,0.10285006195786865
5.0,10.0,39.0,0.1,0.075,0.2,1.0,811.0,0.0,0.0,0.10234278668310727
5.0,10.0,40.0,0.1,0.075,0.2,1.0,803.0,0.0,0.0,0.10211706102117062
5.0,10.0,41.0,0.1,0.075,0.2,1.0,806.0,0.0,0.0,0.10421836228287841
5.0,10.0,42.0,0.1,0.075,0.2,1.0,792.0,0.0,0.0,0.10353535353535354
5.0,10.0,43.0,0.1,0.075,0.2,1.0,805.0,0.0,0.0,0.10434782608695652
5.0,10.0,44.0,0.1,0.075,0.2,1.0,770.0,0.0,0.0,0.1025974025974026
5.0,10.0,45.0,0.1,0.075,0.2,1.0,791.0,0.0,0.0,0.18584070796460178
5.0,10.0,46.0,0.1,0.075,0.2,1.0,772.0,0.0,0.0,0.18393782383419688
5.0,10.0,47.0,0.1,0.075,0.2,1.0,778.0,0.0,0.0,0.18637532133676094
5.0,10.0,48.0,0.1,0.075,0.2,1.0,756.0,0.0,0.0,0.18518518518518517
5.0,10.0,49.0,0.1,0.075,0.2,1.0,754.0,0.0,0.0,0.1883289124668435
5.0,10.0,50.0,0.1,0.075,0.2,1.0,740.0,0.0,0.0,0.1864864864864865
5.0,10.0,51.0,0.1,0.075,0.2,1.0,749.0,0.0,0.0,0.1882510013351135
5.0,10.0,52.0,0.1,0.075,0.2,1.0,723.0,0.0,0.0,0.18948824343015214
6.0,1.0,1.0,0.1,0.075,0.2,1.0,5169.0,56.0,7.0,0.1011801122073902
6.0,1.0,2.0,0.1,0.075,0.2,1.0,5126.0,57.0,14.0,0.10163870464299649
6.0,1.0,3.0,0.1,0.075,0.2,1.0,5054.0,65.0,27.0,0.10288880094974277
6.0,1.0,4.0,0.1,0.075,0.2,1.0,5025.0,85.0,35.0,0.10328358208955224
6.0,1.0,5.0,0.1,0.075,0.2,1.0,5078.0,114.0,46.0,0.10575029539188657
6.0,1.0,6.0,0.1,0.075,0.2,1.0,4951.0,135.0,46.0,0.10624116340133306
6.0,1.0,7.0,0.1,0.075,0.2,1.0,4753.0,156.0,52.0,0.10898379970544919
6.0,1.0,8.0,0.1,0.075,0.2,1.0,4535.0,175.0,55.0,0.10981256890848952
6.0,1.0,9.0,0.1,0.075,0.2,1.0,4379.0,209.0,79.0,0.1105275176981046
6.0,1.0,10.0,0.1,0.075,0.2,1.0,4226.0,229.0,91.0,0.10884997633696167
6.0,1.0,11.0,0.1,0.075,0.2,1.0,4156.0,258.0,114.0,0.11140519730510105
6.0,1.0,12.0,0.1,0.075,0.2,1.0,3995.0,293.0,112.0,0.11264080100125157
6.0,1.0,13.0,0.1,0.075,0.2,1.0,3868.0,303.0,139.0,0.1140124095139607
6.0,1.0,14.0,0.1,0.075,0.2,1.0,3716.0,321.0,150.0,0.1159849300322928
6.0,1.0,15.0,0.1,0.075,0.2,1.0,3628.0,342.0,161.0,0.11797133406835722
6.0,1.0,16.0,0.1,0.075,0.2,1.0,3472.0,348.0,162.0,0.1201036866359447
6.0,1.0,17.0,0.1,0.075,0.2,1.0,3344.0,360.0,153.0,0.12141148325358851
6.0,1.0,18.0,0.1,0.075,0.2,1.0,3273.0,350.0,161.0,0.12343415826458906
6.0,1.0,19.0,0.1,0.075,0.2,1.0,3195.0,342.0,163.0,0.12644757433489828
6.0,1.0,20.0,0.1,0.075,0.2,1.0,6004.0,344.0,177.0,0.06712191872085277
6.0,1.0,21.0,0.1,0.075,0.2,1.0,5572.0,413.0,172.0,0.06945441493180186
6.0,1.0,22.0,0.1,0.075,0.2,1.0,5176.0,481.0,174.0,0.07090417310664605
6.0,1.0,23.0,0.1,0.075,0.2,1.0,4853.0,478.0,173.0,0.07253245415207088
6.0,1.0,24.0,0.1,0.075,0.2,1.0,4527.0,479.0,199.0,0.07488402915838303
6.0,1.0,25.0,0.1,0.075,0.2,1.0,4291.0,490.0,226.0,0.07713819622465626
6.0,1.0,26.0,0.1,0.075,0.2,1.0,4043.0,492.0,216.0,0.07989116992332426
6.0,1.0,27.0,0.1,0.075,0.2,1.0,3816.0,473.0,201.0,0.08123689727463312
6.0,1.0,28.0,0.1,0.075,0.2,1.0,3589.0,472.0,212.0,0.08414600167177487
6.0,1.0,29.0,0.1,0.075,0.2,1.0,3422.0,460.0,227.0,0.08620689655172414
6.0,1.0,30.0,0.1,0.075,0.2,1.0,3251.0,457.0,221.0,0.08951091971701015
6.0,1.0,31.0,0.1,0.075,0.2,1.0,3105.0,477.0,198.0,0.09114331723027375
6.0,1.0,32.0,0.1,0.075,0.2,1.0,2918.0,465.0,206.0,0.09732693625771076
6.0,1.0,33.0,0.1,0.075,0.2,1.0,2772.0,462.0,221.0,0.10101010101010101
6.0,1.0,34.0,0.1,0.075,0.2,1.0,2607.0,451.0,222.0,0.10586881472957423
6.0,1.0,35.0,0.1,0.075,0.2,1.0,2387.0,392.0,205.0,0.11395056556346879
6.0,1.0,36.0,0.1,0.075,0.2,1.0,2230.0,371.0,191.0,0.11838565022421525
6.0,1.0,37.0,0.1,0.075,0.2,1.0,2111.0,330.0,175.0,0.1231643770724775
6.0,1.0,38.0,0.1,0.075,0.2,1.0,2015.0,309.0,162.0,0.12853598014888337
6.0,1.0,39.0,0.1,0.075,0.2,1.0,1909.0,301.0,143.0,0.13410162388685176
6.0,1.0,40.0,0.1,0.075,0.2,1.0,1824.0,277.0,137.0,0.13760964912280702
6.0,1.0,41.0,0.1,0.075,0.2,1.0,1737.0,260.0,122.0,0.14507772020725387
6.0,1.0,42.0,0.1,0.075,0.2,1.0,1648.0,246.0,124.0,0.15048543689320387
6.0,1.0,43.0,0.1,0.075,0.2,1.0,1556.0,216.0,112.0,0.15874035989717222
6.0,1.0,44.0,0.1,0.075,0.2,1.0,1505.0,200.0,111.0,0.16279069767441862
6.0,1.0,45.0,0.1,0.075,0.2,1.0,1410.0,164.0,99.0,0.24113475177304963
6.0,1.0,46.0,0.1,0.075,0.2,1.0,1329.0,155.0,89.0,0.24830699774266365
6.0,1.0,47.0,0.1,0.075,0.2,1.0,1282.0,128.0,75.0,0.25273010920436817
6.0,1.0,48.0,0.1,0.075,0.2,1.0,1218.0,105.0,54.0,0.25862068965517243
6.0,1.0,49.0,0.1,0.075,0.2,1.0,1183.0,99.0,47.0,0.26204564666103125
6.0,1.0,50.0,0.1,0.075,0.2,1.0,1163.0,95.0,49.0,0.26655202063628547
6.0,1.0,51.0,0.1,0.075,0.2,1.0,1124.0,85.0,42.0,0.2704626334519573
6.0,1.0,52.0,0.1,0.075,0.2,1.0,1090.0,79.0,44.0,0.2743119266055046
6.0,2.0,1.0,0.1,0.075,0.2,1.0,1061.0,71.0,38.0,0.2780395852968897
6.0,2.0,2.0,0.1,0.075,0.2,1.0,1029.0,60.0,39.0,0.2847424684159378
6.0,2.0,3.0,0.1,0.075,0.2,1.0,1004.0,52.0,35.0,0.28784860557768926
6.0,2.0,4.0,0.1,0.075,0.2,1.0,989.0,46.0,28.0,0.2901921132457027
6.0,2.0,5.0,0.1,0.075,0.2,1.0,970.0,35.0,22.0,0.2958762886597938
6.0,2.0,6.0,0.1,0.075,0.2,1.0,953.0,27.0,12.0,0.2969569779643232
6.0,2.0,7.0,0.1,0.075,0.2,1.0,945.0,25.0,16.0,0.2984126984126984
6.0,2.0,8.0,0.1,0.075,0.2,1.0,933.0,24.0,13.0,0.3011789924973205
6.0,2.0,9.0,0.1,0.075,0.2,1.0,926.0,26.0,14.0,0.2991360691144708
6.0,2.0,10.0,0.1,0.075,0.2,1.0,910.0,22.0,13.0,0.3021978021978022
6.0,2.0,11.0,0.1,0.075,0.2,1.0,901.0,23.0,10.0,0.3018867924528302
6.0,2.0,12.0,0.1,0.075,0.2,1.0,898.0,25.0,11.0,0.30734966592427615
6.0,2.0,13.0,0.1,0.075,0.2,1.0,871.0,20.0,10.0,0.3111366245694604
6.0,2.0,14.0,0.1,0.075,0.2,1.0,863.0,21.0,11.0,0.31402085747392816
6.0,2.0,15.0,0.1,0.075,0.2,1.0,854.0,21.0,13.0,0.3091334894613583
6.0,2.0,16.0,0.1,0.075,0.2,1.0,850.0,19.0,11.0,0.3129411764705882
6.0,2.0,17.0,0.1,0.075,0.2,1.0,839.0,18.0,10.0,0.3098927294398093
6.0,2.0,18.0,0.1,0.075,0.2,1.0,832.0,14.0,6.0,0.3161057692307692
6.0,2.0,19.0,0.1,0.075,0.2,1.0,822.0,12.0,6.0,0.31630170316301703
6.0,2.0,20.0,0.1,0.075,0.2,1.0,1529.0,10.0,6.0,0.17004578155657293
6.0,2.0,21.0,0.1,0.075,0.2,1.0,1483.0,11.0,9.0,0.16857720836142953
6.0,2.0,22.0,0.1,0.075,0.2,1.0,1457.0,9.0,7.0,0.16884008236101578
6.0,2.0,23.0,0.1,0.075,0.2,1.0,1447.0,13.0,7.0,0.16793365583966827
6.0,2.0,24.0,0.1,0.075,0.2,1.0,1412.0,9.0,4.0,0.17138810198300283
6.0,2.0,25.0,0.1,0.075,0.2,1.0,1363.0,10.0,4.0,0.17461482024944974
6.0,2.0,26.0,0.1,0.075,0.2,1.0,1257.0,10.0,7.0,0.18138424821002386
6.0,2.0,27.0,0.1,0.075,0.2,1.0,1195.0,12.0,6.0,0.18493723849372384
6.0,2.0,28.0,0.1,0.075,0.2,1.0,1183.0,11.0,9.0,0.18596787827557057
6.0,2.0,29.0,0.1,0.075,0.2,1.0,1154.0,13.0,5.0,0.18630849220103987
6.0,2.0,30.0,0.1,0.075,0.2,1.0,1128.0,15.0,6.0,0.18617021276595744
6.0,2.0,31.0,0.1,0.075,0.2,1.0,1101.0,15.0,3.0,0.18891916439600362
6.0,2.0,32.0,0.1,0.075,0.2,1.0,1098.0,15.0,4.0,0.19034608378870674
6.0,2.0,33.0,0.1,0.075,0.2,1.0,1078.0,16.0,6.0,0.18923933209647495
6.0,2.0,34.0,0.1,0.075,0.2,1.0,1077.0,18.0,8.0,0.18755803156917364
6.0,2.0,35.0,0.1,0.075,0.2,1.0,1038.0,12.0,6.0,0.18786127167630057
6.0,2.0,36.0,0.1,0.075,0.2,1.0,1032.0,15.0,8.0,0.187015503875969
6.0,2.0,37.0,0.1,0.075,0.2,1.0,992.0,13.0,5.0,0.18951612903225806
6.0,2.0,38.0,0.1,0.075,0.2,1.0,978.0,14.0,7.0,0.18813905930470348
6.0,2.0,39.0,0.1,0.075,0.2,1.0,953.0,12.0,4.0,0.18992654774396642
6.0,2.0,40.0,0.1,0.075,0.2,1.0,936.0,14.0,7.0,0.19337606837606838
6.0,2.0,41.0,0.1,0.075,0.2,1.0,920.0,14.0,9.0,0.1923913043478261
6.0,2.0,42.0,0.1,0.075,0.2,1.0,894.0,16.0,8.0,0.19239373601789708
6.0,2.0,43.0,0.1,0.075,0.2,1.0,879.0,11.0,6.0,0.1945392491467577
6.0,2.0,44.0,0.1,0.075,0.2,1.0,873.0,11.0,2.0,0.19129438717067582
6.0,2.0,45.0,0.1,0.075,0.2,1.0,860.0,11.0,3.0,0.2558139534883721
6.0,2.0,46.0,0.1,0.075,0.2,1.0,838.0,9.0,3.0,0.2541766109785203
6.0,2.0,47.0,0.1,0.075,0.2,1.0,837.0,9.0,6.0,0.25686977299880526
6.0,2.0,48.0,0.1,0.075,0.2,1.0,826.0,9.0,5.0,0.2566585956416465
6.0,2.0,49.0,0.1,0.075,0.2,1.0,827.0,10.0,6.0,0.25755743651753327
6.0,2.0,50.0,0.1,0.075,0.2,1.0,811.0,10.0,4.0,0.25154130702836003
6.0,2.0,51.0,0.1,0.075,0.2,1.0,804.0,12.0,6.0,0.25497512437810943
6.0,2.0,52.0,0.1,0.075,0.2,1.0,792.0,12.0,3.0,0.25
6.0,3.0,1.0,0.1,0.075,0.2,1.0,790.0,12.0,6.0,0.2518987341772152
6.0,3.0,2.0,0.1,0.075,0.2,1.0,783.0,12.0,7.0,0.24776500638569604
6.0,3.0,3.0,0.1,0.075,0.2,1.0,775.0,13.0,9.0,0.24903225806451612
6.0,3.0,4.0,0.1,0.075,0.2,1.0,760.0,12.0,6.0,0.24605263157894736
6.0,3.0,5.0,0.1,0.075,0.2,1.0,753.0,9.0,6.0,0.250996015936255
6.0,3.0,6.0,0.1,0.075,0.2,1.0,748.0,8.0,6.0,0.25133689839572193
6.0,3.0,7.0,0.1,0.075,0.2,1.0,743.0,8.0,5.0,0.253028263795424
6.0,3.0,8.0,0.1,0.075,0.2,1.0,730.0,6.0,2.0,0.2534246575342466
6.0,3.0,9.0,0.1,0.075,0.2,1.0,721.0,4.0,2.0,0.2538141470180305
6.0,3.0,10.0,0.1,0.075,0.2,1.0,694.0,2.0,1.0,0.2478386167146974
6.0,3.0,11.0,0.1,0.075,0.2,1.0,683.0,2.0,1.0,0.24890190336749635
6.0,3.0,12.0,0.1,0.075,0.2,1.0,657.0,1.0,1.0,0.2496194824961948
6.0,3.0,13.0,0.1,0.075,0.2,1.0,647.0,1.0,1.0,0.24884080370942813
6.0,3.0,14.0,0.1,0.075,0.2,1.0,647.0,1.0,1.0,0.2472952086553323
6.0,3.0,15.0,0.1,0.075,0.2,1.0,642.0,0.0,0.0,0.24766355140186916
6.0,3.0,16.0,0.1,0.075,0.2,1.0,637.0,0.0,0.0,0.24646781789638933
6.0,3.0,17.0,0.1,0.075,0.2,1.0,636.0,0.0,0.0,0.2468553459119497
6.0,3.0,18.0,0.1,0.075,0.2,1.0,623.0,0.0,0.0,0.24398073836276082
6.0,3.0,19.0,0.1,0.075,0.2,1.0,620.0,0.0,0.0,0.24838709677419354
6.0,3.0,20.0,0.1,0.075,0.2,1.0,1123.0,0.0,0.0,0.13446126447016918
6.0,3.0,21.0,0.1,0.075,0.2,1.0,1108.0,0.0,0.0,0.1371841155234657
6.0,3.0,22.0,0.1,0.075,0.2,1.0,1082.0,0.0,0.0,0.13585951940850277
6.0,3.0,23.0,0.1,0.075,0.2,1.0,1044.0,0.0,0.0,0.14272030651340997
6.0,3.0,24.0,0.1,0.075,0.2,1.0,1011.0,0.0,0.0,0.1414441147378833
6.0,3.0,25.0,0.1,0.075,0.2,1.0,978.0,0.0,0.0,0.14314928425357873
6.0,3.0,26.0,0.1,0.075,0.2,1.0,948.0,0.0,0.0,0.14345991561181434
6.0,3.0,27.0,0.1,0.075,0.2,1.0,933.0,0.0,0.0,0.1414790996784566
6.0,3.0,28.0,0.1,0.075,0.2,1.0,926.0,0.0,0.0,0.14038876889848811
6.0,3.0,29.0,0.1,0.075,0.2,1.0,917.0,0.0,0.0,0.13522355507088332
6.0,3.0,30.0,0.1,0.075,0.2,1.0,908.0,0.0,0.0,0.1343612334801762
6.0,3.0,31.0,0.1,0.075,0.2,1.0,895.0,0.0,0.0,0.13743016759776536
6.0,3.0,32.0,0.1,0.075,0.2,1.0,876.0,0.0,0.0,0.136986301369863
6.0,3.0,33.0,0.1,0.075,0.2,1.0,863.0,0.0,0.0,0.13673232908458866
6.0,3.0,34.0,0.1,0.075,0.2,1.0,854.0,0.0,0.0,0.1358313817330211
6.0,3.0,35.0,0.1,0.075,0.2,1.0,849.0,0.0,0.0,0.13663133097762073
6.0,3.0,36.0,0.1,0.075,0.2,1.0,837.0,0.0,0.0,0.13620071684587814
6.0,3.0,37.0,0.1,0.075,0.2,1.0,831.0,0.0,0.0,0.13838748495788206
6.0,3.0,38.0,0.1,0.075,0.2,1.0,791.0,0.0,0.0,0.1390644753476612
6.0,3.0,39.0,0.1,0.075,0.2,1.0,777.0,0.0,0.0,0.1377091377091377
6.0,3.0,40.0,0.1,0.075,0.2,1.0,766.0,0.0,0.0,0.13577023498694518
6.0,3.0,41.0,0.1,0.075,0.2,1.0,749.0,0.0,0.0,0.14018691588785046
6.0,3.0,42.0,0.1,0.075,0.2,1.0,743.0,0.0,0.0,0.13997308209959622
6.0,3.0,43.0,0.1,0.075,0.2,1.0,740.0,0.0,0.0,0.14189189189189189
6.0,3.0,44.0,0.1,0.075,0.2,1.0,731.0,0.0,0.0,0.14227086183310533
6.0,3.0,45.0,0.1,0.075,0.2,1.0,731.0,0.0,0.0,0.1997264021887825
6.0,3.0,46.0,0.1,0.075,0.2,1.0,712.0,0.0,0.0,0.199438202247191
6.0,3.0,47.0,0.1,0.075,0.2,1.0,712.0,0.0,0.0,0.19803370786516855
6.0,3.0,48.0,0.1,0.075,0.2,1.0,709.0,0.0,0.0,0.19746121297602257
6.0,3.0,49.0,0.1,0.075,0.2,1.0,713.0,0.0,0.0,0.19775596072931276
6.0,3.0,50.0,0.1,0.075,0.2,1.0,704.0,0.0,0.0,0.19886363636363635
6.0,3.0,51.0,0.1,0.075,0.2,1.0,704.0,0.0,0.0,0.19744318181818182
6.0,3.0,52.0,0.1,0.075,0.2,1.0,698.0,0.0,0.0,0.1977077363896848
6.0,4.0,1.0,0.1,0.075,0.2,1.0,687.0,0.0,0.0,0.19941775836972345
6.0,4.0,2.0,0.1,0.075,0.2,1.0,680.0,0.0,0.0,0.19852941176470587
6.0,4.0,3.0,0.1,0.075,0.2,1.0,681.0,0.0,0.0,0.19823788546255505
6.0,4.0,4.0,0.1,0.075,0.2,1.0,664.0,0.0,0.0,0.19728915662650603
6.0,4.0,5.0,0.1,0.075,0.2,1.0,668.0,0.0,0.0,0.19760479041916168
6.0,4.0,6.0,0.1,0.075,0.2,1.0,661.0,0.0,0.0,0.19818456883509833
6.0,4.0,7.0,0.1,0.075,0.2,1.0,665.0,0.0,0.0,0.19849624060150375
6.0,4.0,8.0,0.1,0.075,0.2,1.0,661.0,0.0,0.0,0.19818456883509833
6.0,4.0,9.0,0.1,0.075,0.2,1.0,660.0,0.0,0.0,0.2
6.0,4.0,10.0,0.1,0.075,0.2,1.0,648.0,0.0,0.0,0.19907407407407407
6.0,4.0,11.0,0.1,0.075,0.2,1.0,648.0,0.0,0.0,0.2006172839506173
6.0,4.0,12.0,0.1,0.075,0.2,1.0,641.0,0.0,0.0,0.20124804992199688
6.0,4.0,13.0,0.1,0.075,0.2,1.0,640.0,0.0,0.0,0.203125
6.0,4.0,14.0,0.1,0.075,0.2,1.0,636.0,0.0,0.0,0.20125786163522014
6.0,4.0,15.0,0.1,0.075,0.2,1.0,634.0,0.0,0.0,0.20347003154574134
6.0,4.0,16.0,0.1,0.075,0.2,1.0,631.0,0.0,0.0,0.20285261489698891
6.0,4.0,17.0,0.1,0.075,0.2,1.0,632.0,0.0,0.0,0.20411392405063292
6.0,4.0,18.0,0.1,0.075,0.2,1.0,628.0,0.0,0.0,0.20382165605095542
6.0,4.0,19.0,0.1,0.075,0.2,1.0,631.0,0.0,0.0,0.20602218700475436
6.0,4.0,20.0,0.1,0.075,0.2,1.0,1151.0,0.0,0.0,0.11207645525629888
6.0,4.0,21.0,0.1,0.075,0.2,1.0,1081.0,0.0,0.0,0.11378353376503238
6.0,4.0,22.0,0.1,0.075,0.2,1.0,1052.0,0.0,0.0,0.1150190114068441
6.0,4.0,23.0,0.1,0.075,0.2,1.0,1025.0,0.0,0.0,0.11804878048780487
6.0,4.0,24.0,0.1,0.075,0.2,1.0,980.0,0.0,0.0,0.11938775510204082
6.0,4.0,25.0,0.1,0.075,0.2,1.0,964.0,0.0,0.0,0.11929460580912864
6.0,4.0,26.0,0.1,0.075,0.2,1.0,939.0,0.0,0.0,0.11927582534611289
6.0,4.0,27.0,0.1,0.075,0.2,1.0,923.0,0.0,0.0,0.12026002166847237
6.0,4.0,28.0,0.1,0.075,0.2,1.0,895.0,0.0,0.0,0.1217877094972067
6.0,4.0,29.0,0.1,0.075,0.2,1.0,876.0,0.0,0.0,0.11757990867579908
6.0,4.0,30.0,0.1,0.075,0.2,1.0,875.0,0.0,0.0,0.11771428571428572
6.0,4.0,31.0,0.1,0.075,0.2,1.0,872.0,0.0,0.0,0.11697247706422019
6.0,4.0,32.0,0.1,0.075,0.2,1.0,872.0,0.0,0.0,0.1158256880733945
6.0,4.0,33.0,0.1,0.075,0.2,1.0,842.0,0.0,0.0,0.1187648456057007
6.0,4.0,34.0,0.1,0.075,0.2,1.0,840.0,0.0,0.0,0.11785714285714285
6.0,4.0,35.0,0.1,0.075,0.2,1.0,823.0,0.0,0.0,0.11786148238153099
6.0,4.0,36.0,0.1,0.075,0.2,1.0,830.0,0.0,0.0,0.11686746987951807
6.0,4.0,37.0,0.1,0.075,0.2,1.0,827.0,0.0,0.0,0.11608222490931076
6.0,4.0,38.0,0.1,0.075,0.2,1.0,827.0,0.0,0.0,0.11487303506650544
6.0,4.0,39.0,0.1,0.075,0.2,1.0,822.0,0.0,0.0,0.11557177615571776
6.0,4.0,40.0,0.1,0.075,0.2,1.0,822.0,0.0,0.0,0.11557177615571776
6.0,4.0,41.0,0.1,0.075,0.2,1.0,819.0,0.0,0.0,0.11477411477411477
6.0,4.0,42.0,0.1,0.075,0.2,1.0,781.0,0.0,0.0,0.11651728553137004
6.0,4.0,43.0,0.1,0.075,0.2,1.0,766.0,0.0,0.0,0.11618798955613577
6.0,4.0,44.0,0.1,0.075,0.2,1.0,760.0,0.0,0.0,0.11710526315789474
6.0,4.0,45.0,0.1,0.075,0.2,1.0,749.0,0.0,0.0,0.1829105473965287
6.0,4.0,46.0,0.1,0.075,0.2,1.0,731.0,0.0,0.0,0.18467852257181944
6.0,4.0,47.0,0.1,0.075,0.2,1.0,727.0,0.0,0.0,0.1843191196698762
6.0,4.0,48.0,0.1,0.075,0.2,1.0,706.0,0.0,0.0,0.18838526912181303
6.0,4.0,49.0,0.1,0.075,0.2,1.0,705.0,0.0,0.0,0.18723404255319148
6.0,4.0,50.0,0.1,0.075,0.2,1.0,703.0,0.0,0.0,0.18634423897581792
6.0,4.0,51.0,0.1,0.075,0.2,1.0,679.0,0.0,0.0,0.187039764359352
6.0,4.0,52.0,0.1,0.075,0.2,1.0,675.0,0.0,0.0,0.19111111111111112
6.0,5.0,1.0,0.1,0.075,0.2,1.0,674.0,0.0,0.0,0.1884272997032641
6.0,5.0,2.0,0.1,0.075,0.2,1.0,670.0,0.0,0.0,0.1925373134328358
6.0,5.0,3.0,0.1,0.075,0.2,1.0,648.0,0.0,0.0,0.1867283950617284
6.0,5.0,4.0,0.1,0.075,0.2,1.0,649.0,0.0,0.0,0.18952234206471494
6.0,5.0,5.0,0.1,0.075,0.2,1.0,633.0,0.0,0.0,0.18325434439178515
6.0,5.0,6.0,0.1,0.075,0.2,1.0,633.0,0.0,0.0,0.1848341232227488
6.0,5.0,7.0,0.1,0.075,0.2,1.0,631.0,0.0,0.0,0.1838351822503962
6.0,5.0,8.0,0.1,0.075,0.2,1.0,627.0,0.0,0.0,0.18660287081339713
6.0,5.0,9.0,0.1,0.075,0.2,1.0,623.0,0.0,0.0,0.18459069020866772
6.0,5.0,10.0,0.1,0.075,0.2,1.0,620.0,0.0,0.0,0.18548387096774194
6.0,5.0,11.0,0.1,0.075,0.2,1.0,617.0,0.0,0.0,0.1847649918962723
6.0,5.0,12.0,0.1,0.075,0.2,1.0,617.0,0.0,0.0,0.18638573743922204
6.0,5.0,13.0,0.1,0.075,0.2,1.0,612.0,0.0,0.0,0.18627450980392157
6.0,5.0,14.0,0.1,0.075,0.2,1.0,611.0,0.0,0.0,0.18821603927986907
6.0,5.0,15.0,0.1,0.075,0.2,1.0,605.0,0.0,0.0,0.18677685950413223
6.0,5.0,16.0,0.1,0.075,0.2,1.0,608.0,0.0,0.0,0.18914473684210525
6.0,5.0,17.0,0.1,0.075,0.2,1.0,605.0,0.0,0.0,0.18512396694214875
6.0,5.0,18.0,0.1,0.075,0.2,1.0,608.0,0.0,0.0,0.1875
6.0,5.0,19.0,0.1,0.075,0.2,1.0,606.0,0.0,0.0,0.1848184818481848
6.0,5.0,20.0,0.1,0.075,0.2,1.0,1113.0,0.0,0.0,0.10242587601078167
6.0,5.0,21.0,0.1,0.075,0.2,1.0,1084.0,0.0,0.0,0.10239852398523985
6.0,5.0,22.0,0.1,0.075,0.2,1.0,1063.0,0.0,0.0,0.10442144873000941
6.0,5.0,23.0,0.1,0.075,0.2,1.0,1039.0,0.0,0.0,0.10490856592877768
6.0,5.0,24.0,0.1,0.075,0.2,1.0,1018.0,0.0,0.0,0.10707269155206287
6.0,5.0,25.0,0.1,0.075,0.2,1.0,989.0,0.0,0.0,0.10819009100101112
6.0,5.0,26.0,0.1,0.075,0.2,1.0,975.0,0.0,0.0,0.10974358974358975
6.0,5.0,27.0,0.1,0.075,0.2,1.0,962.0,0.0,0.0,0.10914760914760915
6.0,5.0,28.0,0.1,0.075,0.2,1.0,946.0,0.0,0.0,0.1109936575052854
6.0,5.0,29.0,0.1,0.075,0.2,1.0,913.0,0.0,0.0,0.11391018619934283
6.0,5.0,30.0,0.1,0.075,0.2,1.0,875.0,0.0,0.0,0.11542857142857142
6.0,5.0,31.0,0.1,0.075,0.2,1.0,854.0,0.0,0.0,0.11358313817330211
6.0,5.0,32.0,0.1,0.075,0.2,1.0,830.0,0.0,0.0,0.11566265060240964
6.0,5.0,33.0,0.1,0.075,0.2,1.0,817.0,0.0,0.0,0.11627906976744186
6.0,5.0,34.0,0.1,0.075,0.2,1.0,805.0,0.0,0.0,0.11925465838509317
6.0,5.0,35.0,0.1,0.075,0.2,1.0,806.0,0.0,0.0,0.11786600496277916
6.0,5.0,36.0,0.1,0.075,0.2,1.0,790.0,0.0,0.0,0.11772151898734177
6.0,5.0,37.0,0.1,0.075,0.2,1.0,757.0,0.0,0.0,0.11228533685601057
6.0,5.0,38.0,0.1,0.075,0.2,1.0,752.0,0.0,0.0,0.11303191489361702
6.0,5.0,39.0,0.1,0.075,0.2,1.0,743.0,0.0,0.0,0.11036339165545088
6.0,5.0,40.0,0.1,0.075,0.2,1.0,718.0,0.0,0.0,0.11420612813370473
6.0,5.0,41.0,0.1,0.075,0.2,1.0,696.0,0.0,0.0,0.11494252873563218
6.0,5.0,42.0,0.1,0.075,0.2,1.0,694.0,0.0,0.0,0.11671469740634005
6.0,5.0,43.0,0.1,0.075,0.2,1.0,691.0,0.0,0.0,0.11432706222865413
6.0,5.0,44.0,0.1,0.075,0.2,1.0,692.0,0.0,0.0,0.11560693641618497
6.0,5.0,45.0,0.1,0.075,0.2,1.0,690.0,0.0,0.0,0.18405797101449275
6.0,5.0,46.0,0.1,0.075,0.2,1.0,691.0,0.0,0.0,0.18523878437047755
6.0,5.0,47.0,0.1,0.075,0.2,1.0,686.0,0.0,0.0,0.18221574344023322
6.0,5.0,48.0,0.1,0.075,0.2,1.0,686.0,0.0,0.0,0.18221574344023322
6.0,5.0,49.0,0.1,0.075,0.2,1.0,669.0,0.0,0.0,0.17937219730941703
6.0,5.0,50.0,0.1,0.075,0.2,1.0,668.0,0.0,0.0,0.18113772455089822
6.0,5.0,51.0,0.1,0.075,0.2,1.0,668.0,0.0,0.0,0.17964071856287425
6.0,5.0,52.0,0.1,0.075,0.2,1.0,646.0,0.0,0.0,0.18421052631578946
6.0,6.0,1.0,0.1,0.075,0.2,1.0,647.0,0.0,0.0,0.18238021638330756
6.0,6.0,2.0,0.1,0.075,0.2,1.0,645.0,0.0,0.0,0.18294573643410852
6.0,6.0,3.0,0.1,0.075,0.2,1.0,645.0,0.0,0.0,0.1813953488372093
6.0,6.0,4.0,0.1,0.075,0.2,1.0,642.0,0.0,0.0,0.1806853582554517
6.0,6.0,5.0,0.1,0.075,0.2,1.0,642.0,0.0,0.0,0.1791277258566978
6.0,6.0,6.0,0.1,0.075,0.2,1.0,641.0,0.0,0.0,0.1809672386895476
6.0,6.0,7.0,0.1,0.075,0.2,1.0,625.0,0.0,0.0,0.1808
6.0,6.0,8.0,0.1,0.075,0.2,1.0,624.0,0.0,0.0,0.18269230769230768
6.0,6.0,9.0,0.1,0.075,0.2,1.0,620.0,0.0,0.0,0.17903225806451614
6.0,6.0,10.0,0.1,0.075,0.2,1.0,616.0,0.0,0.0,0.18181818181818182
6.0,6.0,11.0,0.1,0.075,0.2,1.0,614.0,0.0,0.0,0.18078175895765472
6.0,6.0,12.0,0.1,0.075,0.2,1.0,612.0,0.0,0.0,0.1830065359477124
6.0,6.0,13.0,0.1,0.075,0.2,1.0,606.0,0.0,0.0,0.17986798679867988
6.0,6.0,14.0,0.1,0.075,0.2,1.0,609.0,0.0,0.0,0.18226600985221675
6.0,6.0,15.0,0.1,0.075,0.2,1.0,604.0,0.0,0.0,0.1804635761589404
6.0,6.0,16.0,0.1,0.075,0.2,1.0,604.0,0.0,0.0,0.18211920529801323
6.0,6.0,17.0,0.1,0.075,0.2,1.0,601.0,0.0,0.0,0.17803660565723795
6.0,6.0,18.0,0.1,0.075,0.2,1.0,599.0,0.0,0.0,0.18196994991652754
6.0,6.0,19.0,0.1,0.075,0.2,1.0,594.0,0.0,0.0,0.17845117845117844
6.0,6.0,20.0,0.1,0.075,0.2,1.0,1091.0,0.0,0.0,0.0999083409715857
6.0,6.0,21.0,0.1,0.075,0.2,1.0,1098.0,0.0,0.0,0.09744990892531877
6.0,6.0,22.0,0.1,0.075,0.2,1.0,1093.0,0.0,0.0,0.09972552607502287
6.0,6.0,23.0,0.1,0.075,0.2,1.0,1052.0,0.0,0.0,0.09695817490494296
6.0,6.0,24.0,0.1,0.075,0.2,1.0,1013.0,0.0,0.0,0.09970384995064166
6.0,6.0,25.0,0.1,0.075,0.2,1.0,993.0,0.0,0.0,0.10070493454179255
6.0,6.0,26.0,0.1,0.075,0.2,1.0,986.0,0.0,0.0,0.10141987829614604
6.0,6.0,27.0,0.1,0.075,0.2,1.0,966.0,0.0,0.0,0.10248447204968944
6.0,6.0,28.0,0.1,0.075,0.2,1.0,962.0,0.0,0.0,0.10187110187110188
6.0,6.0,29.0,0.1,0.075,0.2,1.0,952.0,0.0,0.0,0.10294117647058823
6.0,6.0,30.0,0.1,0.075,0.2,1.0,928.0,0.0,0.0,0.10237068965517242
6.0,6.0,31.0,0.1,0.075,0.2,1.0,905.0,0.0,0.0,0.10165745856353592
6.0,6.0,32.0,0.1,0.075,0.2,1.0,870.0,0.0,0.0,0.10229885057471265
6.0,6.0,33.0,0.1,0.075,0.2,1.0,863.0,0.0,0.0,0.10196987253765932
6.0,6.0,34.0,0.1,0.075,0.2,1.0,861.0,0.0,0.0,0.10104529616724739
6.0,6.0,35.0,0.1,0.075,0.2,1.0,856.0,0.0,0.0,0.10046728971962617
6.0,6.0,36.0,0.1,0.075,0.2,1.0,839.0,0.0,0.0,0.10250297973778308
6.0,6.0,37.0,0.1,0.075,0.2,1.0,810.0,0.0,0.0,0.10123456790123457
6.0,6.0,38.0,0.1,0.075,0.2,1.0,808.0,0.0,0.0,0.10148514851485149
6.0,6.0,39.0,0.1,0.075,0.2,1.0,810.0,0.0,0.0,0.10123456790123457
6.0,6.0,40.0,0.1,0.075,0.2,1.0,808.0,0.0,0.0,0.10148514851485149
6.0,6.0,41.0,0.1,0.075,0.2,1.0,809.0,0.0,0.0,0.10135970333745364
6.0,6.0,42.0,0.1,0.075,0.2,1.0,793.0,0.0,0.0,0.1008827238335435
6.0,6.0,43.0,0.1,0.075,0.2,1.0,790.0,0.0,0.0,0.1
6.0,6.0,44.0,0.1,0.075,0.2,1.0,754.0,0.0,0.0,0.10212201591511937
6.0,6.0,45.0,0.1,0.075,0.2,1.0,751.0,0.0,0.0,0.15978695073235685
6.0,6.0,46.0,0.1,0.075,0.2,1.0,753.0,0.0,0.0,0.1593625498007968
6.0,6.0,47.0,0.1,0.075,0.2,1.0,748.0,0.0,0.0,0.1590909090909091
6.0,6.0,48.0,0.1,0.075,0.2,1.0,747.0,0.0,0.0,0.15930388219544847
6.0,6.0,49.0,0.1,0.075,0.2,1.0,745.0,0.0,0.0,0.1597315436241611
6.0,6.0,50.0,0.1,0.075,0.2,1.0,743.0,0.0,0.0,0.15746971736204576
6.0,6.0,51.0,0.1,0.075,0.2,1.0,741.0,0.0,0.0,0.15654520917678813
6.0,6.0,52.0,0.1,0.075,0.2,1.0,739.0,0.0,0.0,0.15832205683355885
6.0,7.0,1.0,0.1,0.075,0.2,1.0,724.0,0.0,0.0,0.15469613259668508
6.0,7.0,2.0,0.1,0.075,0.2,1.0,685.0,0.0,0.0,0.1562043795620438
6.0,7.0,3.0,0.1,0.075,0.2,1.0,685.0,0.0,0.0,0.15474452554744525
6.0,7.0,4.0,0.1,0.075,0.2,1.0,683.0,0.0,0.0,0.15519765739385066
6.0,7.0,5.0,0.1,0.075,0.2,1.0,683.0,0.0,0.0,0.15373352855051245
6.0,7.0,6.0,0.1,0.075,0.2,1.0,671.0,0.0,0.0,0.15350223546944858
6.0,7.0,7.0,0.1,0.075,0.2,1.0,672.0,0.0,0.0,0.15178571428571427
6.0,7.0,8.0,0.1,0.075,0.2,1.0,668.0,0.0,0.0,0.15419161676646706
6.0,7.0,9.0,0.1,0.075,0.2,1.0,663.0,0.0,0.0,0.15233785822021115
6.0,7.0,10.0,0.1,0.075,0.2,1.0,662.0,0.0,0.0,0.1540785498489426
6.0,7.0,11.0,0.1,0.075,0.2,1.0,660.0,0.0,0.0,0.15454545454545454
6.0,7.0,12.0,0.1,0.075,0.2,1.0,655.0,0.0,0.0,0.15267175572519084
6.0,7.0,13.0,0.1,0.075,0.2,1.0,654.0,0.0,0.0,0.154434250764526
6.0,7.0,14.0,0.1,0.075,0.2,1.0,647.0,0.0,0.0,0.1545595054095827
6.0,7.0,15.0,0.1,0.075,0.2,1.0,621.0,0.0,0.0,0.15619967793880837
6.0,7.0,16.0,0.1,0.075,0.2,1.0,621.0,0.0,0.0,0.15458937198067632
6.0,7.0,17.0,0.1,0.075,0.2,1.0,609.0,0.0,0.0,0.1510673234811166
6.0,7.0,18.0,0.1,0.075,0.2,1.0,607.0,0.0,0.0,0.14991762767710048
6.0,7.0,19.0,0.1,0.075,0.2,1.0,607.0,0.0,0.0,0.1515650741350906
6.0,7.0,20.0,0.1,0.075,0.2,1.0,1120.0,0.0,0.0,0.08125
6.0,7.0,21.0,0.1,0.075,0.2,1.0,1069.0,0.0,0.0,0.0832553788587465
6.0,7.0,22.0,0.1,0.075,0.2,1.0,1060.0,0.0,0.0,0.0830188679245283
6.0,7.0,23.0,0.1,0.075,0.2,1.0,978.0,0.0,0.0,0.0869120654396728
6.0,7.0,24.0,0.1,0.075,0.2,1.0,956.0,0.0,0.0,0.08577405857740586
6.0,7.0,25.0,0.1,0.075,0.2,1.0,942.0,0.0,0.0,0.0881104033970276
6.0,7.0,26.0,0.1,0.075,0.2,1.0,914.0,0.0,0.0,0.08643326039387308
6.0,7.0,27.0,0.1,0.075,0.2,1.0,913.0,0.0,0.0,0.08762322015334063
6.0,7.0,28.0,0.1,0.075,0.2,1.0,889.0,0.0,0.0,0.08773903262092239
6.0,7.0,29.0,0.1,0.075,0.2,1.0,857.0,0.0,0.0,0.08634772462077013
6.0,7.0,30.0,0.1,0.075,0.2,1.0,809.0,0.0,0.0,0.08405438813349815
6.0,7.0,31.0,0.1,0.075,0.2,1.0,820.0,0.0,0.0,0.08292682926829269
6.0,7.0,32.0,0.1,0.075,0.2,1.0,780.0,0.0,0.0,0.08333333333333333
6.0,7.0,33.0,0.1,0.075,0.2,1.0,755.0,0.0,0.0,0.08211920529801324
6.0,7.0,34.0,0.1,0.075,0.2,1.0,756.0,0.0,0.0,0.082010582010582
6.0,7.0,35.0,0.1,0.075,0.2,1.0,738.0,0.0,0.0,0.08265582655826559
6.0,7.0,36.0,0.1,0.075,0.2,1.0,724.0,0.0,0.0,0.08287292817679558
6.0,7.0,37.0,0.1,0.075,0.2,1.0,724.0,0.0,0.0,0.08287292817679558
6.0,7.0,38.0,0.1,0.075,0.2,1.0,696.0,0.0,0.0,0.08189655172413793
6.0,7.0,39.0,0.1,0.075,0.2,1.0,686.0,0.0,0.0,0.08454810495626822
6.0,7.0,40.0,0.1,0.075,0.2,1.0,684.0,0.0,0.0,0.08333333333333333
6.0,7.0,41.0,0.1,0.075,0.2,1.0,686.0,0.0,0.0,0.08454810495626822
6.0,7.0,42.0,0.1,0.075,0.2,1.0,680.0,0.0,0.0,0.0838235294117647
6.0,7.0,43.0,0.1,0.075,0.2,1.0,684.0,0.0,0.0,0.0847953216374269
6.0,7.0,44.0,0.1,0.075,0.2,1.0,665.0,0.0,0.0,0.08571428571428572
6.0,7.0,45.0,0.1,0.075,0.2,1.0,667.0,0.0,0.0,0.15592203898050974
6.0,7.0,46.0,0.1,0.075,0.2,1.0,636.0,0.0,0.0,0.1540880503144654
6.0,7.0,47.0,0.1,0.075,0.2,1.0,636.0,0.0,0.0,0.15566037735849056
6.0,7.0,48.0,0.1,0.075,0.2,1.0,630.0,0.0,0.0,0.15555555555555556
6.0,7.0,49.0,0.1,0.075,0.2,1.0,633.0,0.0,0.0,0.15639810426540285
6.0,7.0,50.0,0.1,0.075,0.2,1.0,634.0,0.0,0.0,0.15457413249211358
6.0,7.0,51.0,0.1,0.075,0.2,1.0,633.0,0.0,0.0,0.15639810426540285
6.0,7.0,52.0,0.1,0.075,0.2,1.0,632.0,0.0,0.0,0.1550632911392405
6.0,8.0,1.0,0.1,0.075,0.2,1.0,633.0,0.0,0.0,0.15639810426540285
6.0,8.0,2.0,0.1,0.075,0.2,1.0,622.0,0.0,0.0,0.15594855305466238
6.0,8.0,3.0,0.1,0.075,0.2,1.0,610.0,0.0,0.0,0.15737704918032788
6.0,8.0,4.0,0.1,0.075,0.2,1.0,612.0,0.0,0.0,0.15522875816993464
6.0,8.0,5.0,0.1,0.075,0.2,1.0,611.0,0.0,0.0,0.15711947626841244
6.0,8.0,6.0,0.1,0.075,0.2,1.0,610.0,0.0,0.0,0.1557377049180328
6.0,8.0,7.0,0.1,0.075,0.2,1.0,610.0,0.0,0.0,0.15737704918032788
6.0,8.0,8.0,0.1,0.075,0.2,1.0,607.0,0.0,0.0,0.15485996705107083
6.0,8.0,9.0,0.1,0.075,0.2,1.0,605.0,0.0,0.0,0.15702479338842976
6.0,8.0,10.0,0.1,0.075,0.2,1.0,602.0,0.0,0.0,0.15614617940199335
6.0,8.0,11.0,0.1,0.075,0.2,1.0,599.0,0.0,0.0,0.15859766277128548
6.0,8.0,12.0,0.1,0.075,0.2,1.0,598.0,0.0,0.0,0.15719063545150502
6.0,8.0,13.0,0.1,0.075,0.2,1.0,598.0,0.0,0.0,0.1588628762541806
6.0,8.0,14.0,0.1,0.075,0.2,1.0,595.0,0.0,0.0,0.15798319327731092
6.0,8.0,15.0,0.1,0.075,0.2,1.0,598.0,0.0,0.0,0.1588628762541806
6.0,8.0,16.0,0.1,0.075,0.2,1.0,596.0,0.0,0.0,0.15771812080536912
6.0,8.0,17.0,0.1,0.075,0.2,1.0,594.0,0.0,0.0,0.15993265993265993
6.0,8.0,18.0,0.1,0.075,0.2,1.0,595.0,0.0,0.0,0.15798319327731092
6.0,8.0,19.0,0.1,0.075,0.2,1.0,595.0,0.0,0.0,0.15966386554621848
6.0,8.0,20.0,0.1,0.075,0.2,1.0,1105.0,0.0,0.0,0.08506787330316742
6.0,8.0,21.0,0.1,0.075,0.2,1.0,1043.0,0.0,0.0,0.09012464046021093
6.0,8.0,22.0,0.1,0.075,0.2,1.0,1021.0,0.0,0.0,0.0910871694417238
6.0,8.0,23.0,0.1,0.075,0.2,1.0,978.0,0.0,0.0,0.09304703476482618
6.0,8.0,24.0,0.1,0.075,0.2,1.0,922.0,0.0,0.0,0.09544468546637744
6.0,8.0,25.0,0.1,0.075,0.2,1.0,922.0,0.0,0.0,0.09652928416485901
6.0,8.0,26.0,0.1,0.075,0.2,1.0,909.0,0.0,0.0,0.0968096809680968
6.0,8.0,27.0,0.1,0.075,0.2,1.0,911.0,0.0,0.0,0.09769484083424808
6.0,8.0,28.0,0.1,0.075,0.2,1.0,893.0,0.0,0.0,0.09742441209406495
6.0,8.0,29.0,0.1,0.075,0.2,1.0,868.0,0.0,0.0,0.097926267281106
6.0,8.0,30.0,0.1,0.075,0.2,1.0,864.0,0.0,0.0,0.09722222222222222
6.0,8.0,31.0,0.1,0.075,0.2,1.0,869.0,0.0,0.0,0.09781357882623705
6.0,8.0,32.0,0.1,0.075,0.2,1.0,848.0,0.0,0.0,0.09551886792452831
6.0,8.0,33.0,0.1,0.075,0.2,1.0,837.0,0.0,0.0,0.0967741935483871
6.0,8.0,34.0,0.1,0.075,0.2,1.0,800.0,0.0,0.0,0.1
6.0,8.0,35.0,0.1,0.075,0.2,1.0,778.0,0.0,0.0,0.10154241645244216
6.0,8.0,36.0,0.1,0.075,0.2,1.0,750.0,0.0,0.0,0.10133333333333333
6.0,8.0,37.0,0.1,0.075,0.2,1.0,755.0,0.0,0.0,0.10198675496688742
6.0,8.0,38.0,0.1,0.075,0.2,1.0,750.0,0.0,0.0,0.10133333333333333
6.0,8.0,39.0,0.1,0.075,0.2,1.0,756.0,0.0,0.0,0.10185185185185185
6.0,8.0,40.0,0.1,0.075,0.2,1.0,739.0,0.0,0.0,0.10284167794316644
6.0,8.0,41.0,0.1,0.075,0.2,1.0,744.0,0.0,0.0,0.10349462365591398
6.0,8.0,42.0,0.1,0.075,0.2,1.0,724.0,0.0,0.0,0.10497237569060773
6.0,8.0,43.0,0.1,0.075,0.2,1.0,693.0,0.0,0.0,0.10822510822510822
6.0,8.0,44.0,0.1,0.075,0.2,1.0,683.0,0.0,0.0,0.10834553440702782
6.0,8.0,45.0,0.1,0.075,0.2,1.0,657.0,0.0,0.0,0.1750380517503805
6.0,8.0,46.0,0.1,0.075,0.2,1.0,643.0,0.0,0.0,0.17573872472783825
6.0,8.0,47.0,0.1,0.075,0.2,1.0,654.0,0.0,0.0,0.17584097859327216
6.0,8.0,48.0,0.1,0.075,0.2,1.0,648.0,0.0,0.0,0.1743827160493827
6.0,8.0,49.0,0.1,0.075,0.2,1.0,635.0,0.0,0.0,0.17480314960629922
6.0,8.0,50.0,0.1,0.075,0.2,1.0,638.0,0.0,0.0,0.1724137931034483
6.0,8.0,51.0,0.1,0.075,0.2,1.0,630.0,0.0,0.0,0.173015873015873
6.0,8.0,52.0,0.1,0.075,0.2,1.0,628.0,0.0,0.0,0.1735668789808917
6.0,9.0,1.0,0.1,0.075,0.2,1.0,616.0,0.0,0.0,0.17532467532467533
6.0,9.0,2.0,0.1,0.075,0.2,1.0,612.0,0.0,0.0,0.17647058823529413
6.0,9.0,3.0,0.1,0.075,0.2,1.0,614.0,0.0,0.0,0.1758957654723127
6.0,9.0,4.0,0.1,0.075,0.2,1.0,613.0,0.0,0.0,0.17455138662316477
6.0,9.0,5.0,0.1,0.075,0.2,1.0,615.0,0.0,0.0,0.17560975609756097
6.0,9.0,6.0,0.1,0.075,0.2,1.0,615.0,0.0,0.0,0.17560975609756097
6.0,9.0,7.0,0.1,0.075,0.2,1.0,615.0,0.0,0.0,0.17560975609756097
6.0,9.0,8.0,0.1,0.075,0.2,1.0,611.0,0.0,0.0,0.176759410801964
6.0,9.0,9.0,0.1,0.075,0.2,1.0,616.0,0.0,0.0,0.17532467532467533
6.0,9.0,10.0,0.1,0.075,0.2,1.0,610.0,0.0,0.0,0.17704918032786884
6.0,9.0,11.0,0.1,0.075,0.2,1.0,610.0,0.0,0.0,0.17704918032786884
6.0,9.0,12.0,0.1,0.075,0.2,1.0,601.0,0.0,0.0,0.17970049916805325
6.0,9.0,13.0,0.1,0.075,0.2,1.0,593.0,0.0,0.0,0.1821247892074199
6.0,9.0,14.0,0.1,0.075,0.2,1.0,590.0,0.0,0.0,0.18305084745762712
6.0,9.0,15.0,0.1,0.075,0.2,1.0,584.0,0.0,0.0,0.1815068493150685
6.0,9.0,16.0,0.1,0.075,0.2,1.0,577.0,0.0,0.0,0.18197573656845753
6.0,9.0,17.0,0.1,0.075,0.2,1.0,581.0,0.0,0.0,0.18072289156626506
6.0,9.0,18.0,0.1,0.075,0.2,1.0,578.0,0.0,0.0,0.18166089965397925
6.0,9.0,19.0,0.1,0.075,0.2,1.0,577.0,0.0,0.0,0.18197573656845753
6.0,9.0,20.0,0.1,0.075,0.2,1.0,1050.0,0.0,0.0,0.0980952380952381
6.0,9.0,21.0,0.1,0.075,0.2,1.0,1036.0,0.0,0.0,0.09942084942084942
6.0,9.0,22.0,0.1,0.075,0.2,1.0,991.0,0.0,0.0,0.09989909182643794
6.0,9.0,23.0,0.1,0.075,0.2,1.0,917.0,0.0,0.0,0.10468920392584515
6.0,9.0,24.0,0.1,0.075,0.2,1.0,915.0,0.0,0.0,0.10491803278688525
6.0,9.0,25.0,0.1,0.075,0.2,1.0,901.0,0.0,0.0,0.10432852386237514
6.0,9.0,26.0,0.1,0.075,0.2,1.0,869.0,0.0,0.0,0.10586881472957423
6.0,9.0,27.0,0.1,0.075,0.2,1.0,872.0,0.0,0.0,0.10665137614678899
6.0,9.0,28.0,0.1,0.075,0.2,1.0,858.0,0.0,0.0,0.10839160839160839
6.0,9.0,29.0,0.1,0.075,0.2,1.0,837.0,0.0,0.0,0.10752688172043011
6.0,9.0,30.0,0.1,0.075,0.2,1.0,805.0,0.0,0.0,0.11180124223602485
6.0,9.0,31.0,0.1,0.075,0.2,1.0,802.0,0.0,0.0,0.10972568578553615
6.0,9.0,32.0,0.1,0.075,0.2,1.0,794.0,0.0,0.0,0.10957178841309824
6.0,9.0,33.0,0.1,0.075,0.2,1.0,795.0,0.0,0.0,0.10943396226415095
6.0,9.0,34.0,0.1,0.075,0.2,1.0,767.0,0.0,0.0,0.11082138200782268
6.0,9.0,35.0,0.1,0.075,0.2,1.0,768.0,0.0,0.0,0.11067708333333333
6.0,9.0,36.0,0.1,0.075,0.2,1.0,742.0,0.0,0.0,0.11590296495956873
6.0,9.0,37.0,0.1,0.075,0.2,1.0,741.0,0.0,0.0,0.11336032388663968
6.0,9.0,38.0,0.1,0.075,0.2,1.0,735.0,0.0,0.0,0.11564625850340136
6.0,9.0,39.0,0.1,0.075,0.2,1.0,734.0,0.0,0.0,0.11444141689373297
6.0,9.0,40.0,0.1,0.075,0.2,1.0,735.0,0.0,0.0,0.11564625850340136
6.0,9.0,41.0,0.1,0.075,0.2,1.0,731.0,0.0,0.0,0.11354309165526676
6.0,9.0,42.0,0.1,0.075,0.2,1.0,731.0,0.0,0.0,0.11627906976744186
6.0,9.0,43.0,0.1,0.075,0.2,1.0,705.0,0.0,0.0,0.11773049645390071
6.0,9.0,44.0,0.1,0.075,0.2,1.0,706.0,0.0,0.0,0.11614730878186968
6.0,9.0,45.0,0.1,0.075,0.2,1.0,697.0,0.0,0.0,0.18507890961262555
6.0,9.0,46.0,0.1,0.075,0.2,1.0,669.0,0.0,0.0,0.18236173393124067
6.0,9.0,47.0,0.1,0.075,0.2,1.0,646.0,0.0,0.0,0.18421052631578946
6.0,9.0,48.0,0.1,0.075,0.2,1.0,626.0,0.0,0.0,0.1869009584664537
6.0,9.0,49.0,0.1,0.075,0.2,1.0,610.0,0.0,0.0,0.18524590163934426
6.0,9.0,50.0,0.1,0.075,0.2,1.0,607.0,0.0,0.0,0.18451400329489293
6.0,9.0,51.0,0.1,0.075,0.2,1.0,605.0,0.0,0.0,0.18512396694214875
6.0,9.0,52.0,0.1,0.075,0.2,1.0,602.0,0.0,0.0,0.18272425249169436
6.0,10.0,1.0,0.1,0.075,0.2,1.0,603.0,0.0,0.0,0.18407960199004975
6.0,10.0,2.0,0.1,0.075,0.2,1.0,600.0,0.0,0.0,0.18333333333333332
6.0,10.0,3.0,0.1,0.075,0.2,1.0,601.0,0.0,0.0,0.18469217970049917
6.0,10.0,4.0,0.1,0.075,0.2,1.0,601.0,0.0,0.0,0.18302828618968386
6.0,10.0,5.0,0.1,0.075,0.2,1.0,604.0,0.0,0.0,0.1837748344370861
6.0,10.0,6.0,0.1,0.075,0.2,1.0,600.0,0.0,0.0,0.18166666666666667
6.0,10.0,7.0,0.1,0.075,0.2,1.0,601.0,0.0,0.0,0.18469217970049917
6.0,10.0,8.0,0.1,0.075,0.2,1.0,597.0,0.0,0.0,0.18257956448911222
6.0,10.0,9.0,0.1,0.075,0.2,1.0,596.0,0.0,0.0,0.18624161073825504
6.0,10.0,10.0,0.1,0.075,0.2,1.0,591.0,0.0,0.0,0.18612521150592218
6.0,10.0,11.0,0.1,0.075,0.2,1.0,588.0,0.0,0.0,0.18877551020408162
6.0,10.0,12.0,0.1,0.075,0.2,1.0,590.0,0.0,0.0,0.1864406779661017
6.0,10.0,13.0,0.1,0.075,0.2,1.0,588.0,0.0,0.0,0.18877551020408162
6.0,10.0,14.0,0.1,0.075,0.2,1.0,585.0,0.0,0.0,0.18632478632478633
6.0,10.0,15.0,0.1,0.075,0.2,1.0,587.0,0.0,0.0,0.18739352640545145
6.0,10.0,16.0,0.1,0.075,0.2,1.0,587.0,0.0,0.0,0.18568994889267462
6.0,10.0,17.0,0.1,0.075,0.2,1.0,589.0,0.0,0.0,0.18505942275042445
6.0,10.0,18.0,0.1,0.075,0.2,1.0,590.0,0.0,0.0,0.1864406779661017
6.0,10.0,19.0,0.1,0.075,0.2,1.0,590.0,0.0,0.0,0.188135593220339
6.0,10.0,20.0,0.1,0.075,0.2,1.0,1010.0,0.0,0.0,0.09900990099009901
6.0,10.0,21.0,0.1,0.075,0.2,1.0,996.0,0.0,0.0,0.10040160642570281
6.0,10.0,22.0,0.1,0.075,0.2,1.0,986.0,0.0,0.0,0.09939148073022312
6.0,10.0,23.0,0.1,0.075,0.2,1.0,937.0,0.0,0.0,0.10352187833511206
6.0,10.0,24.0,0.1,0.075,0.2,1.0,908.0,0.0,0.0,0.10572687224669604
6.0,10.0,25.0,0.1,0.075,0.2,1.0,900.0,0.0,0.0,0.10888888888888888
6.0,10.0,26.0,0.1,0.075,0.2,1.0,880.0,0.0,0.0,0.10340909090909091
6.0,10.0,27.0,0.1,0.075,0.2,1.0,865.0,0.0,0.0,0.10751445086705202
6.0,10.0,28.0,0.1,0.075,0.2,1.0,853.0,0.0,0.0,0.10668229777256741
6.0,10.0,29.0,0.1,0.075,0.2,1.0,852.0,0.0,0.0,0.107981220657277
6.0,10.0,30.0,0.1,0.075,0.2,1.0,838.0,0.0,0.0,0.1026252983293556
6.0,10.0,31.0,0.1,0.075,0.2,1.0,838.0,0.0,0.0,0.10501193317422435
6.0,10.0,32.0,0.1,0.075,0.2,1.0,840.0,0.0,0.0,0.10357142857142858
6.0,10.0,33.0,0.1,0.075,0.2,1.0,843.0,0.0,0.0,0.10438908659549229
6.0,10.0,34.0,0.1,0.075,0.2,1.0,835.0,0.0,0.0,0.1029940119760479
6.0,10.0,35.0,0.1,0.075,0.2,1.0,832.0,0.0,0.0,0.10576923076923077
6.0,10.0,36.0,0.1,0.075,0.2,1.0,837.0,0.0,0.0,0.1027479091995221
6.0,10.0,37.0,0.1,0.075,0.2,1.0,832.0,0.0,0.0,0.1045673076923077
6.0,10.0,38.0,0.1,0.075,0.2,1.0,826.0,0.0,0.0,0.10411622276029056
6.0,10.0,39.0,0.1,0.075,0.2,1.0,810.0,0.0,0.0,0.10493827160493827
6.0,10.0,40.0,0.1,0.075,0.2,1.0,811.0,0.0,0.0,0.10357583230579531
6.0,10.0,41.0,0.1,0.075,0.2,1.0,772.0,0.0,0.0,0.10492227979274611
6.0,10.0,42.0,0.1,0.075,0.2,1.0,761.0,0.0,0.0,0.10512483574244415
6.0,10.0,43.0,0.1,0.075,0.2,1.0,745.0,0.0,0.0,0.10604026845637583
6.0,10.0,44.0,0.1,0.075,0.2,1.0,710.0,0.0,0.0,0.10704225352112676
6.0,10.0,45.0,0.1,0.075,0.2,1.0,706.0,0.0,0.0,0.16147308781869688
6.0,10.0,46.0,0.1,0.075,0.2,1.0,707.0,0.0,0.0,0.15983026874115983
6.0,10.0,47.0,0.1,0.075,0.2,1.0,711.0,0.0,0.0,0.1617440225035162
6.0,10.0,48.0,0.1,0.075,0.2,1.0,708.0,0.0,0.0,0.1596045197740113
6.0,10.0,49.0,0.1,0.075,0.2,1.0,710.0,0.0,0.0,0.1619718309859155
6.0,10.0,50.0,0.1,0.075,0.2,1.0,707.0,0.0,0.0,0.16124469589816123
6.0,10.0,51.0,0.1,0.075,0.2,1.0,711.0,0.0,0.0,0.1617440225035162
6.0,10.0,52.0,0.1,0.075,0.2,1.0,705.0,0.0,0.0,0.16170212765957448
7.0,1.0,1.0,0.1,0.075,0.2,1.0,5082.0,52.0,5.0,0.09523809523809523
7.0,1.0,2.0,0.1,0.075,0.2,1.0,5066.0,50.0,14.0,0.09415712593762338
7.0,1.0,3.0,0.1,0.075,0.2,1.0,5008.0,61.0,32.0,0.09305111821086262
7.0,1.0,4.0,0.1,0.075,0.2,1.0,4937.0,77.0,40.0,0.09459185740328134
7.0,1.0,5.0,0.1,0.075,0.2,1.0,4935.0,114.0,37.0,0.09807497467071935
7.0,1.0,6.0,0.1,0.075,0.2,1.0,4814.0,113.0,38.0,0.09825508932280848
7.0,1.0,7.0,0.1,0.075,0.2,1.0,4735.0,132.0,43.0,0.0996832101372756
7.0,1.0,8.0,0.1,0.075,0.2,1.0,4554.0,153.0,58.0,0.09991216512955643
7.0,1.0,9.0,0.1,0.075,0.2,1.0,4401.0,185.0,67.0,0.1004317200636219
7.0,1.0,10.0,0.1,0.075,0.2,1.0,4303.0,226.0,86.0,0.09923309319079712
7.0,1.0,11.0,0.1,0.075,0.2,1.0,4167.0,259.0,107.0,0.10127189824814015
7.0,1.0,12.0,0.1,0.075,0.2,1.0,4099.0,290.0,118.0,0.10197609172969017
7.0,1.0,13.0,0.1,0.075,0.2,1.0,3990.0,323.0,124.0,0.10275689223057644
7.0,1.0,14.0,0.1,0.075,0.2,1.0,3895.0,345.0,145.0,0.10526315789473684
7.0,1.0,15.0,0.1,0.075,0.2,1.0,3806.0,376.0,169.0,0.10588544403573305
7.0,1.0,16.0,0.1,0.075,0.2,1.0,3713.0,398.0,184.0,0.10772959870724481
7.0,1.0,17.0,0.1,0.075,0.2,1.0,3620.0,416.0,176.0,0.10966850828729281
7.0,1.0,18.0,0.1,0.075,0.2,1.0,3506.0,418.0,176.0,0.11209355390758699
7.0,1.0,19.0,0.1,0.075,0.2,1.0,3411.0,417.0,200.0,0.11345646437994723
7.0,1.0,20.0,0.1,0.075,0.2,1.0,6491.0,425.0,220.0,0.05962101371129256
7.0,1.0,21.0,0.1,0.075,0.2,1.0,5829.0,503.0,211.0,0.061417052667696
7.0,1.0,22.0,0.1,0.075,0.2,1.0,5265.0,541.0,200.0,0.06362773029439696
7.0,1.0,23.0,0.1,0.075,0.2,1.0,5023.0,603.0,224.0,0.06589687437786183
7.0,1.0,24.0,0.1,0.075,0.2,1.0,4743.0,639.0,239.0,0.06725701033101412
7.0,1.0,25.0,0.1,0.075,0.2,1.0,4380.0,646.0,250.0,0.07054794520547945
7.0,1.0,26.0,0.1,0.075,0.2,1.0,4142.0,660.0,268.0,0.07291163689039111
7.0,1.0,27.0,0.1,0.075,0.2,1.0,3930.0,688.0,311.0,0.07633587786259542
7.0,1.0,28.0,0.1,0.075,0.2,1.0,3681.0,690.0,318.0,0.07796794349361587
7.0,1.0,29.0,0.1,0.075,0.2,1.0,3470.0,702.0,343.0,0.08126801152737752
7.0,1.0,30.0,0.1,0.075,0.2,1.0,3211.0,689.0,320.0,0.08470881345375272
7.0,1.0,31.0,0.1,0.075,0.2,1.0,2997.0,653.0,306.0,0.09009009009009009
7.0,1.0,32.0,0.1,0.075,0.2,1.0,2807.0,640.0,288.0,0.09405058781617386
7.0,1.0,33.0,0.1,0.075,0.2,1.0,2624.0,602.0,284.0,0.09908536585365854
7.0,1.0,34.0,0.1,0.075,0.2,1.0,2449.0,548.0,270.0,0.10453246222948143
7.0,1.0,35.0,0.1,0.075,0.2,1.0,2260.0,529.0,287.0,0.11150442477876106
7.0,1.0,36.0,0.1,0.075,0.2,1.0,2147.0,521.0,270.0,0.1159757801583605
7.0,1.0,37.0,0.1,0.075,0.2,1.0,1983.0,461.0,237.0,0.12304589006555723
7.0,1.0,38.0,0.1,0.075,0.2,1.0,1846.0,422.0,198.0,0.13109425785482123
7.0,1.0,39.0,0.1,0.075,0.2,1.0,1716.0,389.0,185.0,0.1386946386946387
7.0,1.0,40.0,0.1,0.075,0.2,1.0,1621.0,357.0,180.0,0.14558914250462676
7.0,1.0,41.0,0.1,0.075,0.2,1.0,1495.0,322.0,162.0,0.1531772575250836
7.0,1.0,42.0,0.1,0.075,0.2,1.0,1415.0,300.0,163.0,0.16113074204946998
7.0,1.0,43.0,0.1,0.075,0.2,1.0,1311.0,260.0,131.0,0.17162471395881007
7.0,1.0,44.0,0.1,0.075,0.2,1.0,1247.0,232.0,131.0,0.17963111467522053
7.0,1.0,45.0,0.1,0.075,0.2,1.0,1186.0,198.0,112.0,0.24620573355817876
7.0,1.0,46.0,0.1,0.075,0.2,1.0,1137.0,180.0,106.0,0.25065963060686014
7.0,1.0,47.0,0.1,0.075,0.2,1.0,1076.0,144.0,83.0,0.26022304832713755
7.0,1.0,48.0,0.1,0.075,0.2,1.0,1038.0,120.0,77.0,0.2649325626204239
7.0,1.0,49.0,0.1,0.075,0.2,1.0,995.0,104.0,66.0,0.2733668341708543
7.0,1.0,50.0,0.1,0.075,0.2,1.0,967.0,89.0,53.0,0.2781799379524302
7.0,1.0,51.0,0.1,0.075,0.2,1.0,934.0,73.0,42.0,0.2837259100642398
7.0,1.0,52.0,0.1,0.075,0.2,1.0,915.0,67.0,34.0,0.2863387978142076
7.0,2.0,1.0,0.1,0.075,0.2,1.0,898.0,58.0,30.0,0.289532293986637
7.0,2.0,2.0,0.1,0.075,0.2,1.0,874.0,43.0,26.0,0.2951945080091533
7.0,2.0,3.0,0.1,0.075,0.2,1.0,865.0,41.0,22.0,0.29595375722543354
7.0,2.0,4.0,0.1,0.075,0.2,1.0,849.0,38.0,25.0,0.29799764428739695
7.0,2.0,5.0,0.1,0.075,0.2,1.0,837.0,29.0,16.0,0.3010752688172043
7.0,2.0,6.0,0.1,0.075,0.2,1.0,832.0,28.0,21.0,0.3004807692307692
7.0,2.0,7.0,0.1,0.075,0.2,1.0,817.0,21.0,11.0,0.3047735618115055
7.0,2.0,8.0,0.1,0.075,0.2,1.0,799.0,20.0,12.0,0.30287859824780977
7.0,2.0,9.0,0.1,0.075,0.2,1.0,789.0,16.0,8.0,0.3041825095057034
7.0,2.0,10.0,0.1,0.075,0.2,1.0,785.0,18.0,9.0,0.3070063694267516
7.0,2.0,11.0,0.1,0.075,0.2,1.0,776.0,16.0,9.0,0.30541237113402064
7.0,2.0,12.0,0.1,0.075,0.2,1.0,766.0,15.0,8.0,0.30678851174934724
7.0,2.0,13.0,0.1,0.075,0.2,1.0,764.0,17.0,7.0,0.30497382198952877
7.0,2.0,14.0,0.1,0.075,0.2,1.0,751.0,12.0,5.0,0.3062583222370173
7.0,2.0,15.0,0.1,0.075,0.2,1.0,748.0,13.0,4.0,0.3074866310160428
7.0,2.0,16.0,0.1,0.075,0.2,1.0,744.0,12.0,7.0,0.3064516129032258
7.0,2.0,17.0,0.1,0.075,0.2,1.0,739.0,13.0,6.0,0.3085250338294993
7.0,2.0,18.0,0.1,0.075,0.2,1.0,742.0,12.0,8.0,0.3045822102425876
7.0,2.0,19.0,0.1,0.075,0.2,1.0,724.0,11.0,5.0,0.30939226519337015
7.0,2.0,20.0,0.1,0.075,0.2,1.0,1362.0,11.0,5.0,0.1644640234948605
7.0,2.0,21.0,0.1,0.075,0.2,1.0,1310.0,17.0,3.0,0.166412213740458
7.0,2.0,22.0,0.1,0.075,0.2,1.0,1287.0,18.0,1.0,0.16472416472416473
7.0,2.0,23.0,0.1,0.075,0.2,1.0,1268.0,20.0,7.0,0.16482649842271294
7.0,2.0,24.0,0.1,0.075,0.2,1.0,1247.0,17.0,9.0,0.1635926222935044
7.0,2.0,25.0,0.1,0.075,0.2,1.0,1204.0,21.0,13.0,0.16362126245847175
7.0,2.0,26.0,0.1,0.075,0.2,1.0,1174.0,19.0,10.0,0.1635434412265758
7.0,2.0,27.0,0.1,0.075,0.2,1.0,1126.0,22.0,8.0,0.16873889875666073
7.0,2.0,28.0,0.1,0.075,0.2,1.0,1105.0,20.0,8.0,0.16923076923076924
7.0,2.0,29.0,0.1,0.075,0.2,1.0,1088.0,22.0,10.0,0.16819852941176472
7.0,2.0,30.0,0.1,0.075,0.2,1.0,1091.0,28.0,13.0,0.16681943171402383
7.0,2.0,31.0,0.1,0.075,0.2,1.0,1082.0,32.0,11.0,0.16635859519408502
7.0,2.0,32.0,0.1,0.075,0.2,1.0,1063.0,29.0,8.0,0.17121354656632173
7.0,2.0,33.0,0.1,0.075,0.2,1.0,1034.0,25.0,11.0,0.16924564796905223
7.0,2.0,34.0,0.1,0.075,0.2,1.0,1001.0,23.0,13.0,0.17282717282717283
7.0,2.0,35.0,0.1,0.075,0.2,1.0,990.0,22.0,16.0,0.17272727272727273
7.0,2.0,36.0,0.1,0.075,0.2,1.0,982.0,20.0,12.0,0.17006109979633402
7.0,2.0,37.0,0.1,0.075,0.2,1.0,966.0,15.0,6.0,0.17287784679089027
7.0,2.0,38.0,0.1,0.075,0.2,1.0,955.0,16.0,6.0,0.17172774869109947
7.0,2.0,39.0,0.1,0.075,0.2,1.0,931.0,17.0,9.0,0.17185821697099893
7.0,2.0,40.0,0.1,0.075,0.2,1.0,917.0,21.0,10.0,0.17448200654307525
7.0,2.0,41.0,0.1,0.075,0.2,1.0,897.0,19.0,8.0,0.1716833890746934
7.0,2.0,42.0,0.1,0.075,0.2,1.0,888.0,20.0,10.0,0.17454954954954954
7.0,2.0,43.0,0.1,0.075,0.2,1.0,872.0,20.0,9.0,0.1743119266055046
7.0,2.0,44.0,0.1,0.075,0.2,1.0,863.0,22.0,13.0,0.17149478563151796
7.0,2.0,45.0,0.1,0.075,0.2,1.0,848.0,20.0,8.0,0.24528301886792453
7.0,2.0,46.0,0.1,0.075,0.2,1.0,852.0,21.0,13.0,0.24413145539906103
7.0,2.0,47.0,0.1,0.075,0.2,1.0,834.0,15.0,8.0,0.24580335731414868
7.0,2.0,48.0,0.1,0.075,0.2,1.0,831.0,16.0,8.0,0.24548736462093862
7.0,2.0,49.0,0.1,0.075,0.2,1.0,811.0,8.0,0.0,0.24907521578298397
7.0,2.0,50.0,0.1,0.075,0.2,1.0,809.0,8.0,5.0,0.2484548825710754
7.0,2.0,51.0,0.1,0.075,0.2,1.0,806.0,10.0,6.0,0.24813895781637718
7.0,2.0,52.0,0.1,0.075,0.2,1.0,797.0,11.0,6.0,0.24843161856963614
7.0,3.0,1.0,0.1,0.075,0.2,1.0,786.0,8.0,2.0,0.24936386768447838
7.0,3.0,2.0,0.1,0.075,0.2,1.0,781.0,7.0,2.0,0.2496798975672215
7.0,3.0,3.0,0.1,0.075,0.2,1.0,776.0,7.0,6.0,0.24871134020618557
7.0,3.0,4.0,0.1,0.075,0.2,1.0,774.0,10.0,6.0,0.25064599483204136
7.0,3.0,5.0,0.1,0.075,0.2,1.0,770.0,12.0,7.0,0.2519480519480519
7.0,3.0,6.0,0.1,0.075,0.2,1.0,766.0,15.0,4.0,0.2519582245430809
7.0,3.0,7.0,0.1,0.075,0.2,1.0,754.0,14.0,5.0,0.2519893899204244
7.0,3.0,8.0,0.1,0.075,0.2,1.0,752.0,16.0,8.0,0.25132978723404253
7.0,3.0,9.0,0.1,0.075,0.2,1.0,743.0,22.0,10.0,0.24764468371467024
7.0,3.0,10.0,0.1,0.075,0.2,1.0,736.0,26.0,14.0,0.24592391304347827
7.0,3.0,11.0,0.1,0.075,0.2,1.0,728.0,23.0,14.0,0.24725274725274726
7.0,3.0,12.0,0.1,0.075,0.2,1.0,724.0,25.0,11.0,0.24585635359116023
7.0,3.0,13.0,0.1,0.075,0.2,1.0,713.0,25.0,11.0,0.2482468443197756
7.0,3.0,14.0,0.1,0.075,0.2,1.0,705.0,26.0,9.0,0.24964539007092199
7.0,3.0,15.0,0.1,0.075,0.2,1.0,700.0,27.0,17.0,0.25
7.0,3.0,16.0,0.1,0.075,0.2,1.0,693.0,23.0,16.0,0.2510822510822511
7.0,3.0,17.0,0.1,0.075,0.2,1.0,691.0,29.0,15.0,0.2503617945007236
7.0,3.0,18.0,0.1,0.075,0.2,1.0,679.0,27.0,11.0,0.25625920471281294
7.0,3.0,19.0,0.1,0.075,0.2,1.0,674.0,23.0,10.0,0.25667655786350146
7.0,3.0,20.0,0.1,0.075,0.2,1.0,1227.0,26.0,14.0,0.14099429502852487
7.0,3.0,21.0,0.1,0.075,0.2,1.0,1178.0,36.0,13.0,0.14261460101867574
7.0,3.0,22.0,0.1,0.075,0.2,1.0,1152.0,38.0,11.0,0.1423611111111111
7.0,3.0,23.0,0.1,0.075,0.2,1.0,1101.0,34.0,12.0,0.14350590372388738
7.0,3.0,24.0,0.1,0.075,0.2,1.0,1075.0,34.0,15.0,0.13953488372093023
7.0,3.0,25.0,0.1,0.075,0.2,1.0,1052.0,36.0,23.0,0.14163498098859315
7.0,3.0,26.0,0.1,0.075,0.2,1.0,1037.0,40.0,24.0,0.14561234329797493
7.0,3.0,27.0,0.1,0.075,0.2,1.0,1023.0,37.0,24.0,0.1466275659824047
7.0,3.0,28.0,0.1,0.075,0.2,1.0,998.0,37.0,14.0,0.14829659318637275
7.0,3.0,29.0,0.1,0.075,0.2,1.0,1001.0,38.0,12.0,0.14785214785214784
7.0,3.0,30.0,0.1,0.075,0.2,1.0,986.0,34.0,10.0,0.15010141987829614
7.0,3.0,31.0,0.1,0.075,0.2,1.0,966.0,38.0,13.0,0.14803312629399587
7.0,3.0,32.0,0.1,0.075,0.2,1.0,943.0,33.0,21.0,0.14846235418875928
7.0,3.0,33.0,0.1,0.075,0.2,1.0,933.0,36.0,20.0,0.14790996784565916
7.0,3.0,34.0,0.1,0.075,0.2,1.0,906.0,36.0,19.0,0.15011037527593818
7.0,3.0,35.0,0.1,0.075,0.2,1.0,876.0,22.0,6.0,0.1495433789954338
7.0,3.0,36.0,0.1,0.075,0.2,1.0,855.0,19.0,10.0,0.15087719298245614
7.0,3.0,37.0,0.1,0.075,0.2,1.0,859.0,22.0,11.0,0.15017462165308498
7.0,3.0,38.0,0.1,0.075,0.2,1.0,851.0,20.0,10.0,0.15041128084606345
7.0,3.0,39.0,0.1,0.075,0.2,1.0,845.0,16.0,7.0,0.1514792899408284
7.0,3.0,40.0,0.1,0.075,0.2,1.0,829.0,17.0,7.0,0.15078407720144751
7.0,3.0,41.0,0.1,0.075,0.2,1.0,822.0,17.0,7.0,0.15328467153284672
7.0,3.0,42.0,0.1,0.075,0.2,1.0,791.0,17.0,10.0,0.1554993678887484
7.0,3.0,43.0,0.1,0.075,0.2,1.0,789.0,19.0,12.0,0.15842839036755388
7.0,3.0,44.0,0.1,0.075,0.2,1.0,770.0,20.0,11.0,0.15974025974025974
7.0,3.0,45.0,0.1,0.075,0.2,1.0,766.0,21.0,9.0,0.21279373368146215
7.0,3.0,46.0,0.1,0.075,0.2,1.0,725.0,24.0,8.0,0.22206896551724137
7.0,3.0,47.0,0.1,0.075,0.2,1.0,728.0,29.0,9.0,0.22115384615384615
7.0,3.0,48.0,0.1,0.075,0.2,1.0,715.0,27.0,7.0,0.22237762237762237
7.0,3.0,49.0,0.1,0.075,0.2,1.0,695.0,25.0,11.0,0.22014388489208633
7.0,3.0,50.0,0.1,0.075,0.2,1.0,689.0,28.0,14.0,0.22496371552975328
7.0,3.0,51.0,0.1,0.075,0.2,1.0,690.0,30.0,18.0,0.22318840579710145
7.0,3.0,52.0,0.1,0.075,0.2,1.0,674.0,25.0,15.0,0.22700296735905046
7.0,4.0,1.0,0.1,0.075,0.2,1.0,670.0,25.0,11.0,0.2253731343283582
7.0,4.0,2.0,0.1,0.075,0.2,1.0,656.0,24.0,8.0,0.22713414634146342
7.0,4.0,3.0,0.1,0.075,0.2,1.0,655.0,25.0,9.0,0.22595419847328244
7.0,4.0,4.0,0.1,0.075,0.2,1.0,648.0,26.0,14.0,0.22685185185185186
7.0,4.0,5.0,0.1,0.075,0.2,1.0,649.0,24.0,15.0,0.22650231124807396
7.0,4.0,6.0,0.1,0.075,0.2,1.0,638.0,24.0,15.0,0.22884012539184953
7.0,4.0,7.0,0.1,0.075,0.2,1.0,630.0,24.0,11.0,0.23015873015873015
7.0,4.0,8.0,0.1,0.075,0.2,1.0,616.0,25.0,13.0,0.2305194805194805
7.0,4.0,9.0,0.1,0.075,0.2,1.0,609.0,26.0,13.0,0.2315270935960591
7.0,4.0,10.0,0.1,0.075,0.2,1.0,606.0,27.0,15.0,0.23102310231023102
7.0,4.0,11.0,0.1,0.075,0.2,1.0,597.0,23.0,11.0,0.23115577889447236
7.0,4.0,12.0,0.1,0.075,0.2,1.0,589.0,22.0,7.0,0.23599320882852293
7.0,4.0,13.0,0.1,0.075,0.2,1.0,581.0,21.0,6.0,0.23580034423407917
7.0,4.0,14.0,0.1,0.075,0.2,1.0,581.0,21.0,9.0,0.23924268502581755
7.0,4.0,15.0,0.1,0.075,0.2,1.0,581.0,21.0,13.0,0.23752151462994836
7.0,4.0,16.0,0.1,0.075,0.2,1.0,577.0,24.0,14.0,0.2391681109185442
7.0,4.0,17.0,0.1,0.075,0.2,1.0,572.0,23.0,13.0,0.2395104895104895
7.0,4.0,18.0,0.1,0.075,0.2,1.0,560.0,20.0,12.0,0.24285714285714285
7.0,4.0,19.0,0.1,0.075,0.2,1.0,559.0,18.0,9.0,0.24329159212880144
7.0,4.0,20.0,0.1,0.075,0.2,1.0,1069.0,14.0,10.0,0.1253507951356408
7.0,4.0,21.0,0.1,0.075,0.2,1.0,999.0,15.0,9.0,0.12812812812812813
7.0,4.0,22.0,0.1,0.075,0.2,1.0,982.0,15.0,8.0,0.12932790224032586
7.0,4.0,23.0,0.1,0.075,0.2,1.0,949.0,9.0,3.0,0.13066385669125394
7.0,4.0,24.0,0.1,0.075,0.2,1.0,948.0,11.0,3.0,0.1350210970464135
7.0,4.0,25.0,0.1,0.075,0.2,1.0,950.0,13.0,4.0,0.13263157894736843
7.0,4.0,26.0,0.1,0.075,0.2,1.0,942.0,12.0,8.0,0.13481953290870488
7.0,4.0,27.0,0.1,0.075,0.2,1.0,938.0,12.0,9.0,0.13432835820895522
7.0,4.0,28.0,0.1,0.075,0.2,1.0,932.0,14.0,9.0,0.13304721030042918
7.0,4.0,29.0,0.1,0.075,0.2,1.0,902.0,11.0,4.0,0.13414634146341464
7.0,4.0,30.0,0.1,0.075,0.2,1.0,880.0,9.0,4.0,0.13863636363636364
7.0,4.0,31.0,0.1,0.075,0.2,1.0,863.0,8.0,7.0,0.13673232908458866
7.0,4.0,32.0,0.1,0.075,0.2,1.0,824.0,8.0,7.0,0.1407766990291262
7.0,4.0,33.0,0.1,0.075,0.2,1.0,814.0,4.0,4.0,0.14127764127764128
7.0,4.0,34.0,0.1,0.075,0.2,1.0,805.0,2.0,1.0,0.14285714285714285
7.0,4.0,35.0,0.1,0.075,0.2,1.0,797.0,3.0,1.0,0.14429109159347553
7.0,4.0,36.0,0.1,0.075,0.2,1.0,778.0,5.0,1.0,0.14652956298200515
7.0,4.0,37.0,0.1,0.075,0.2,1.0,765.0,5.0,1.0,0.14640522875816994
7.0,4.0,38.0,0.1,0.075,0.2,1.0,761.0,4.0,2.0,0.14586070959264127
7.0,4.0,39.0,0.1,0.075,0.2,1.0,750.0,3.0,2.0,0.14533333333333334
7.0,4.0,40.0,0.1,0.075,0.2,1.0,754.0,4.0,3.0,0.14721485411140584
7.0,4.0,41.0,0.1,0.075,0.2,1.0,730.0,4.0,2.0,0.14794520547945206
7.0,4.0,42.0,0.1,0.075,0.2,1.0,726.0,5.0,2.0,0.14738292011019283
7.0,4.0,43.0,0.1,0.075,0.2,1.0,710.0,3.0,1.0,0.14507042253521127
7.0,4.0,44.0,0.1,0.075,0.2,1.0,689.0,3.0,1.0,0.14949201741654572
7.0,4.0,45.0,0.1,0.075,0.2,1.0,679.0,3.0,2.0,0.2106038291605302
7.0,4.0,46.0,0.1,0.075,0.2,1.0,670.0,3.0,1.0,0.21044776119402986
7.0,4.0,47.0,0.1,0.075,0.2,1.0,666.0,3.0,2.0,0.2087087087087087
7.0,4.0,48.0,0.1,0.075,0.2,1.0,667.0,8.0,2.0,0.20689655172413793
7.0,4.0,49.0,0.1,0.075,0.2,1.0,657.0,8.0,1.0,0.2070015220700152
7.0,4.0,50.0,0.1,0.075,0.2,1.0,656.0,8.0,3.0,0.2073170731707317
7.0,4.0,51.0,0.1,0.075,0.2,1.0,652.0,10.0,6.0,0.20705521472392638
7.0,4.0,52.0,0.1,0.075,0.2,1.0,651.0,12.0,6.0,0.2073732718894009
7.0,5.0,1.0,0.1,0.075,0.2,1.0,645.0,11.0,6.0,0.20775193798449612
7.0,5.0,2.0,0.1,0.075,0.2,1.0,624.0,10.0,6.0,0.20673076923076922
7.0,5.0,3.0,0.1,0.075,0.2,1.0,620.0,12.0,6.0,0.20967741935483872
7.0,5.0,4.0,0.1,0.075,0.2,1.0,620.0,13.0,5.0,0.20967741935483872
7.0,5.0,5.0,0.1,0.075,0.2,1.0,614.0,12.0,4.0,0.21172638436482086
7.0,5.0,6.0,0.1,0.075,0.2,1.0,613.0,11.0,6.0,0.21044045676998369
7.0,5.0,7.0,0.1,0.075,0.2,1.0,608.0,12.0,7.0,0.21052631578947367
7.0,5.0,8.0,0.1,0.075,0.2,1.0,602.0,12.0,6.0,0.21096345514950166
7.0,5.0,9.0,0.1,0.075,0.2,1.0,594.0,11.0,3.0,0.21212121212121213
7.0,5.0,10.0,0.1,0.075,0.2,1.0,594.0,9.0,3.0,0.2138047138047138
7.0,5.0,11.0,0.1,0.075,0.2,1.0,589.0,9.0,4.0,0.21052631578947367
7.0,5.0,12.0,0.1,0.075,0.2,1.0,594.0,10.0,7.0,0.2138047138047138
7.0,5.0,13.0,0.1,0.075,0.2,1.0,589.0,12.0,5.0,0.21052631578947367
7.0,5.0,14.0,0.1,0.075,0.2,1.0,587.0,15.0,4.0,0.21465076660988075
7.0,5.0,15.0,0.1,0.075,0.2,1.0,579.0,12.0,5.0,0.2158894645941278
7.0,5.0,16.0,0.1,0.075,0.2,1.0,578.0,13.0,7.0,0.21626297577854672
7.0,5.0,17.0,0.1,0.075,0.2,1.0,575.0,14.0,7.0,0.21391304347826087
7.0,5.0,18.0,0.1,0.075,0.2,1.0,571.0,14.0,4.0,0.21541155866900175
7.0,5.0,19.0,0.1,0.075,0.2,1.0,557.0,12.0,7.0,0.21005385996409337
7.0,5.0,20.0,0.1,0.075,0.2,1.0,1009.0,14.0,7.0,0.1159563924677899
7.0,5.0,21.0,0.1,0.075,0.2,1.0,989.0,23.0,7.0,0.11830131445904954
7.0,5.0,22.0,0.1,0.075,0.2,1.0,981.0,24.0,6.0,0.11926605504587157
7.0,5.0,23.0,0.1,0.075,0.2,1.0,973.0,22.0,8.0,0.11921891058581706
7.0,5.0,24.0,0.1,0.075,0.2,1.0,960.0,30.0,13.0,0.11770833333333333
7.0,5.0,25.0,0.1,0.075,0.2,1.0,896.0,28.0,17.0,0.12276785714285714
7.0,5.0,26.0,0.1,0.075,0.2,1.0,871.0,28.0,16.0,0.1251435132032147
7.0,5.0,27.0,0.1,0.075,0.2,1.0,848.0,26.0,12.0,0.12735849056603774
7.0,5.0,28.0,0.1,0.075,0.2,1.0,825.0,26.0,11.0,0.1296969696969697
7.0,5.0,29.0,0.1,0.075,0.2,1.0,792.0,25.0,12.0,0.13383838383838384
7.0,5.0,30.0,0.1,0.075,0.2,1.0,771.0,32.0,13.0,0.1309987029831388
7.0,5.0,31.0,0.1,0.075,0.2,1.0,739.0,26.0,9.0,0.13531799729364005
7.0,5.0,32.0,0.1,0.075,0.2,1.0,717.0,22.0,10.0,0.13389121338912133
7.0,5.0,33.0,0.1,0.075,0.2,1.0,697.0,23.0,7.0,0.133428981348637
7.0,5.0,34.0,0.1,0.075,0.2,1.0,696.0,28.0,8.0,0.13793103448275862
7.0,5.0,35.0,0.1,0.075,0.2,1.0,664.0,25.0,9.0,0.1355421686746988
7.0,5.0,36.0,0.1,0.075,0.2,1.0,641.0,24.0,13.0,0.1372854914196568
7.0,5.0,37.0,0.1,0.075,0.2,1.0,640.0,22.0,14.0,0.1375
7.0,5.0,38.0,0.1,0.075,0.2,1.0,626.0,23.0,11.0,0.14057507987220447
7.0,5.0,39.0,0.1,0.075,0.2,1.0,616.0,23.0,7.0,0.1396103896103896
7.0,5.0,40.0,0.1,0.075,0.2,1.0,610.0,20.0,6.0,0.14426229508196722
7.0,5.0,41.0,0.1,0.075,0.2,1.0,610.0,20.0,10.0,0.14262295081967213
7.0,5.0,42.0,0.1,0.075,0.2,1.0,601.0,21.0,12.0,0.14309484193011648
7.0,5.0,43.0,0.1,0.075,0.2,1.0,593.0,17.0,11.0,0.14165261382799327
7.0,5.0,44.0,0.1,0.075,0.2,1.0,584.0,14.0,7.0,0.14554794520547945
7.0,5.0,45.0,0.1,0.075,0.2,1.0,580.0,14.0,6.0,0.20172413793103447
7.0,5.0,46.0,0.1,0.075,0.2,1.0,572.0,10.0,6.0,0.20454545454545456
7.0,5.0,47.0,0.1,0.075,0.2,1.0,570.0,11.0,8.0,0.20350877192982456
7.0,5.0,48.0,0.1,0.075,0.2,1.0,567.0,9.0,7.0,0.20634920634920634
7.0,5.0,49.0,0.1,0.075,0.2,1.0,562.0,7.0,5.0,0.20462633451957296
7.0,5.0,50.0,0.1,0.075,0.2,1.0,558.0,5.0,2.0,0.2078853046594982
7.0,5.0,51.0,0.1,0.075,0.2,1.0,555.0,4.0,2.0,0.20540540540540542
7.0,5.0,52.0,0.1,0.075,0.2,1.0,554.0,3.0,2.0,0.20397111913357402
7.0,6.0,1.0,0.1,0.075,0.2,1.0,551.0,3.0,2.0,0.20326678765880218
7.0,6.0,2.0,0.1,0.075,0.2,1.0,539.0,2.0,1.0,0.2077922077922078
7.0,6.0,3.0,0.1,0.075,0.2,1.0,536.0,1.0,0.0,0.20708955223880596
7.0,6.0,4.0,0.1,0.075,0.2,1.0,525.0,1.0,1.0,0.20952380952380953
7.0,6.0,5.0,0.1,0.075,0.2,1.0,520.0,3.0,1.0,0.20576923076923076
7.0,6.0,6.0,0.1,0.075,0.2,1.0,525.0,4.0,1.0,0.20761904761904762
7.0,6.0,7.0,0.1,0.075,0.2,1.0,520.0,3.0,1.0,0.20576923076923076
7.0,6.0,8.0,0.1,0.075,0.2,1.0,523.0,5.0,1.0,0.2084130019120459
7.0,6.0,9.0,0.1,0.075,0.2,1.0,518.0,5.0,4.0,0.20463320463320464
7.0,6.0,10.0,0.1,0.075,0.2,1.0,518.0,5.0,4.0,0.20656370656370657
7.0,6.0,11.0,0.1,0.075,0.2,1.0,517.0,5.0,4.0,0.20502901353965183
7.0,6.0,12.0,0.1,0.075,0.2,1.0,513.0,2.0,2.0,0.2046783625730994
7.0,6.0,13.0,0.1,0.075,0.2,1.0,497.0,1.0,1.0,0.2052313883299799
7.0,6.0,14.0,0.1,0.075,0.2,1.0,499.0,1.0,1.0,0.20440881763527055
7.0,6.0,15.0,0.1,0.075,0.2,1.0,497.0,0.0,0.0,0.2052313883299799
7.0,6.0,16.0,0.1,0.075,0.2,1.0,497.0,0.0,0.0,0.20321931589537223
7.0,6.0,17.0,0.1,0.075,0.2,1.0,495.0,0.0,0.0,0.20404040404040405
7.0,6.0,18.0,0.1,0.075,0.2,1.0,498.0,0.0,0.0,0.20281124497991967
7.0,6.0,19.0,0.1,0.075,0.2,1.0,495.0,0.0,0.0,0.20404040404040405
7.0,6.0,20.0,0.1,0.075,0.2,1.0,924.0,0.0,0.0,0.10714285714285714
7.0,6.0,21.0,0.1,0.075,0.2,1.0,905.0,0.0,0.0,0.10607734806629834
7.0,6.0,22.0,0.1,0.075,0.2,1.0,894.0,0.0,0.0,0.1040268456375839
7.0,6.0,23.0,0.1,0.075,0.2,1.0,878.0,0.0,0.0,0.10478359908883828
7.0,6.0,24.0,0.1,0.075,0.2,1.0,891.0,0.0,0.0,0.09988776655443322
7.0,6.0,25.0,0.1,0.075,0.2,1.0,857.0,0.0,0.0,0.10151691948658109
7.0,6.0,26.0,0.1,0.075,0.2,1.0,865.0,0.0,0.0,0.10057803468208093
7.0,6.0,27.0,0.1,0.075,0.2,1.0,837.0,0.0,0.0,0.10513739545997611
7.0,6.0,28.0,0.1,0.075,0.2,1.0,847.0,0.0,0.0,0.1038961038961039
7.0,6.0,29.0,0.1,0.075,0.2,1.0,818.0,0.0,0.0,0.10513447432762836
7.0,6.0,30.0,0.1,0.075,0.2,1.0,829.0,0.0,0.0,0.1037394451145959
7.0,6.0,31.0,0.1,0.075,0.2,1.0,813.0,0.0,0.0,0.1045510455104551
7.0,6.0,32.0,0.1,0.075,0.2,1.0,826.0,0.0,0.0,0.1016949152542373
7.0,6.0,33.0,0.1,0.075,0.2,1.0,800.0,0.0,0.0,0.105
7.0,6.0,34.0,0.1,0.075,0.2,1.0,787.0,0.0,0.0,0.10165184243964422
7.0,6.0,35.0,0.1,0.075,0.2,1.0,759.0,0.0,0.0,0.10540184453227931
7.0,6.0,36.0,0.1,0.075,0.2,1.0,773.0,0.0,0.0,0.10478654592496765
7.0,6.0,37.0,0.1,0.075,0.2,1.0,758.0,0.0,0.0,0.10422163588390501
7.0,6.0,38.0,0.1,0.075,0.2,1.0,773.0,0.0,0.0,0.10478654592496765
7.0,6.0,39.0,0.1,0.075,0.2,1.0,758.0,0.0,0.0,0.10554089709762533
7.0,6.0,40.0,0.1,0.075,0.2,1.0,756.0,0.0,0.0,0.10449735449735449
7.0,6.0,41.0,0.1,0.075,0.2,1.0,745.0,0.0,0.0,0.10469798657718121
7.0,6.0,42.0,0.1,0.075,0.2,1.0,742.0,0.0,0.0,0.10512129380053908
7.0,6.0,43.0,0.1,0.075,0.2,1.0,734.0,0.0,0.0,0.10490463215258855
7.0,6.0,44.0,0.1,0.075,0.2,1.0,732.0,0.0,0.0,0.1051912568306011
7.0,6.0,45.0,0.1,0.075,0.2,1.0,720.0,0.0,0.0,0.16527777777777777
7.0,6.0,46.0,0.1,0.075,0.2,1.0,716.0,0.0,0.0,0.16759776536312848
7.0,6.0,47.0,0.1,0.075,0.2,1.0,705.0,0.0,0.0,0.1673758865248227
7.0,6.0,48.0,0.1,0.075,0.2,1.0,713.0,0.0,0.0,0.16690042075736325
7.0,6.0,49.0,0.1,0.075,0.2,1.0,693.0,0.0,0.0,0.16883116883116883
7.0,6.0,50.0,0.1,0.075,0.2,1.0,701.0,0.0,0.0,0.16547788873038516
7.0,6.0,51.0,0.1,0.075,0.2,1.0,691.0,0.0,0.0,0.16642547033285093
7.0,6.0,52.0,0.1,0.075,0.2,1.0,697.0,0.0,0.0,0.16642754662840745
7.0,7.0,1.0,0.1,0.075,0.2,1.0,673.0,0.0,0.0,0.16344725111441308
7.0,7.0,2.0,0.1,0.075,0.2,1.0,680.0,0.0,0.0,0.16323529411764706
7.0,7.0,3.0,0.1,0.075,0.2,1.0,669.0,0.0,0.0,0.16442451420029897
7.0,7.0,4.0,0.1,0.075,0.2,1.0,679.0,0.0,0.0,0.16494845360824742
7.0,7.0,5.0,0.1,0.075,0.2,1.0,669.0,0.0,0.0,0.16442451420029897
7.0,7.0,6.0,0.1,0.075,0.2,1.0,666.0,0.0,0.0,0.16216216216216217
7.0,7.0,7.0,0.1,0.075,0.2,1.0,656.0,0.0,0.0,0.16158536585365854
7.0,7.0,8.0,0.1,0.075,0.2,1.0,662.0,0.0,0.0,0.16314199395770393
7.0,7.0,9.0,0.1,0.075,0.2,1.0,638.0,0.0,0.0,0.16614420062695925
7.0,7.0,10.0,0.1,0.075,0.2,1.0,618.0,0.0,0.0,0.1650485436893204
7.0,7.0,11.0,0.1,0.075,0.2,1.0,614.0,0.0,0.0,0.16775244299674266
7.0,7.0,12.0,0.1,0.075,0.2,1.0,607.0,0.0,0.0,0.1696869851729819
7.0,7.0,13.0,0.1,0.075,0.2,1.0,602.0,0.0,0.0,0.16943521594684385
7.0,7.0,14.0,0.1,0.075,0.2,1.0,605.0,0.0,0.0,0.16859504132231404
7.0,7.0,15.0,0.1,0.075,0.2,1.0,602.0,0.0,0.0,0.16611295681063123
7.0,7.0,16.0,0.1,0.075,0.2,1.0,606.0,0.0,0.0,0.16666666666666666
7.0,7.0,17.0,0.1,0.075,0.2,1.0,601.0,0.0,0.0,0.16638935108153077
7.0,7.0,18.0,0.1,0.075,0.2,1.0,606.0,0.0,0.0,0.16831683168316833
7.0,7.0,19.0,0.1,0.075,0.2,1.0,598.0,0.0,0.0,0.16722408026755853
7.0,7.0,20.0,0.1,0.075,0.2,1.0,1110.0,0.0,0.0,0.0918918918918919
7.0,7.0,21.0,0.1,0.075,0.2,1.0,1045.0,0.0,0.0,0.09186602870813397
7.0,7.0,22.0,0.1,0.075,0.2,1.0,1007.0,0.0,0.0,0.09433962264150944
7.0,7.0,23.0,0.1,0.075,0.2,1.0,999.0,0.0,0.0,0.0940940940940941
7.0,7.0,24.0,0.1,0.075,0.2,1.0,985.0,0.0,0.0,0.09543147208121827
7.0,7.0,25.0,0.1,0.075,0.2,1.0,982.0,0.0,0.0,0.09470468431771895
7.0,7.0,26.0,0.1,0.075,0.2,1.0,984.0,0.0,0.0,0.09654471544715447
7.0,7.0,27.0,0.1,0.075,0.2,1.0,978.0,0.0,0.0,0.09406952965235174
7.0,7.0,28.0,0.1,0.075,0.2,1.0,958.0,0.0,0.0,0.09812108559498957
7.0,7.0,29.0,0.1,0.075,0.2,1.0,931.0,0.0,0.0,0.09881847475832438
7.0,7.0,30.0,0.1,0.075,0.2,1.0,927.0,0.0,0.0,0.10140237324703344
7.0,7.0,31.0,0.1,0.075,0.2,1.0,879.0,0.0,0.0,0.09783845278725825
7.0,7.0,32.0,0.1,0.075,0.2,1.0,884.0,0.0,0.0,0.09954751131221719
7.0,7.0,33.0,0.1,0.075,0.2,1.0,856.0,0.0,0.0,0.09929906542056074
7.0,7.0,34.0,0.1,0.075,0.2,1.0,849.0,0.0,0.0,0.10011778563015312
7.0,7.0,35.0,0.1,0.075,0.2,1.0,823.0,0.0,0.0,0.09963547995139732
7.0,7.0,36.0,0.1,0.075,0.2,1.0,827.0,0.0,0.0,0.10157194679564692
7.0,7.0,37.0,0.1,0.075,0.2,1.0,797.0,0.0,0.0,0.10037641154328733
7.0,7.0,38.0,0.1,0.075,0.2,1.0,801.0,0.0,0.0,0.10237203495630462
7.0,7.0,39.0,0.1,0.075,0.2,1.0,796.0,0.0,0.0,0.0992462311557789
7.0,7.0,40.0,0.1,0.075,0.2,1.0,800.0,0.0,0.0,0.1025
7.0,7.0,41.0,0.1,0.075,0.2,1.0,794.0,0.0,0.0,0.0982367758186398
7.0,7.0,42.0,0.1,0.075,0.2,1.0,787.0,0.0,0.0,0.10292249047013977
7.0,7.0,43.0,0.1,0.075,0.2,1.0,753.0,0.0,0.0,0.10092961487383798
7.0,7.0,44.0,0.1,0.075,0.2,1.0,757.0,0.0,0.0,0.10303830911492734
7.0,7.0,45.0,0.1,0.075,0.2,1.0,740.0,0.0,0.0,0.1635135135135135
7.0,7.0,46.0,0.1,0.075,0.2,1.0,731.0,0.0,0.0,0.16552667578659372
7.0,7.0,47.0,0.1,0.075,0.2,1.0,728.0,0.0,0.0,0.16483516483516483
7.0,7.0,48.0,0.1,0.075,0.2,1.0,731.0,0.0,0.0,0.16552667578659372
7.0,7.0,49.0,0.1,0.075,0.2,1.0,726.0,0.0,0.0,0.16666666666666666
7.0,7.0,50.0,0.1,0.075,0.2,1.0,727.0,0.0,0.0,0.16643741403026135
7.0,7.0,51.0,0.1,0.075,0.2,1.0,702.0,0.0,0.0,0.16381766381766383
7.0,7.0,52.0,0.1,0.075,0.2,1.0,694.0,0.0,0.0,0.1642651296829971
7.0,8.0,1.0,0.1,0.075,0.2,1.0,689.0,0.0,0.0,0.16400580551523947
7.0,8.0,2.0,0.1,0.075,0.2,1.0,692.0,0.0,0.0,0.16618497109826588
7.0,8.0,3.0,0.1,0.075,0.2,1.0,685.0,0.0,0.0,0.1635036496350365
7.0,8.0,4.0,0.1,0.075,0.2,1.0,690.0,0.0,0.0,0.16521739130434782
7.0,8.0,5.0,0.1,0.075,0.2,1.0,688.0,0.0,0.0,0.16569767441860464
7.0,8.0,6.0,0.1,0.075,0.2,1.0,676.0,0.0,0.0,0.16568047337278108
7.0,8.0,7.0,0.1,0.075,0.2,1.0,675.0,0.0,0.0,0.16592592592592592
7.0,8.0,8.0,0.1,0.075,0.2,1.0,671.0,0.0,0.0,0.16989567809239942
7.0,8.0,9.0,0.1,0.075,0.2,1.0,671.0,0.0,0.0,0.16840536512667661
7.0,8.0,10.0,0.1,0.075,0.2,1.0,670.0,0.0,0.0,0.1701492537313433
7.0,8.0,11.0,0.1,0.075,0.2,1.0,669.0,0.0,0.0,0.16890881913303438
7.0,8.0,12.0,0.1,0.075,0.2,1.0,669.0,0.0,0.0,0.16890881913303438
7.0,8.0,13.0,0.1,0.075,0.2,1.0,668.0,0.0,0.0,0.16766467065868262
7.0,8.0,14.0,0.1,0.075,0.2,1.0,657.0,0.0,0.0,0.1704718417047184
7.0,8.0,15.0,0.1,0.075,0.2,1.0,655.0,0.0,0.0,0.16793893129770993
7.0,8.0,16.0,0.1,0.075,0.2,1.0,656.0,0.0,0.0,0.16920731707317074
7.0,8.0,17.0,0.1,0.075,0.2,1.0,656.0,0.0,0.0,0.1676829268292683
7.0,8.0,18.0,0.1,0.075,0.2,1.0,644.0,0.0,0.0,0.17080745341614906
7.0,8.0,19.0,0.1,0.075,0.2,1.0,645.0,0.0,0.0,0.17054263565891473
7.0,8.0,20.0,0.1,0.075,0.2,1.0,1120.0,0.0,0.0,0.09910714285714285
7.0,8.0,21.0,0.1,0.075,0.2,1.0,1082.0,0.0,0.0,0.09796672828096119
7.0,8.0,22.0,0.1,0.075,0.2,1.0,1030.0,0.0,0.0,0.09902912621359224
7.0,8.0,23.0,0.1,0.075,0.2,1.0,972.0,0.0,0.0,0.09979423868312758
7.0,8.0,24.0,0.1,0.075,0.2,1.0,960.0,0.0,0.0,0.1
7.0,8.0,25.0,0.1,0.075,0.2,1.0,950.0,0.0,0.0,0.1
7.0,8.0,26.0,0.1,0.075,0.2,1.0,951.0,0.0,0.0,0.10094637223974763
7.0,8.0,27.0,0.1,0.075,0.2,1.0,928.0,0.0,0.0,0.10021551724137931
7.0,8.0,28.0,0.1,0.075,0.2,1.0,932.0,0.0,0.0,0.10085836909871244
7.0,8.0,29.0,0.1,0.075,0.2,1.0,925.0,0.0,0.0,0.09621621621621622
7.0,8.0,30.0,0.1,0.075,0.2,1.0,920.0,0.0,0.0,0.09782608695652174
7.0,8.0,31.0,0.1,0.075,0.2,1.0,910.0,0.0,0.0,0.0967032967032967
7.0,8.0,32.0,0.1,0.075,0.2,1.0,892.0,0.0,0.0,0.09977578475336323
7.0,8.0,33.0,0.1,0.075,0.2,1.0,884.0,0.0,0.0,0.09841628959276018
7.0,8.0,34.0,0.1,0.075,0.2,1.0,859.0,0.0,0.0,0.0989522700814901
7.0,8.0,35.0,0.1,0.075,0.2,1.0,844.0,0.0,0.0,0.0995260663507109
7.0,8.0,36.0,0.1,0.075,0.2,1.0,824.0,0.0,0.0,0.09951456310679611
7.0,8.0,37.0,0.1,0.075,0.2,1.0,806.0,0.0,0.0,0.10049627791563276
7.0,8.0,38.0,0.1,0.075,0.2,1.0,787.0,0.0,0.0,0.10292249047013977
7.0,8.0,39.0,0.1,0.075,0.2,1.0,778.0,0.0,0.0,0.10282776349614396
7.0,8.0,40.0,0.1,0.075,0.2,1.0,778.0,0.0,0.0,0.10411311053984576
7.0,8.0,41.0,0.1,0.075,0.2,1.0,779.0,0.0,0.0,0.10269576379974327
7.0,8.0,42.0,0.1,0.075,0.2,1.0,783.0,0.0,0.0,0.10344827586206896
7.0,8.0,43.0,0.1,0.075,0.2,1.0,766.0,0.0,0.0,0.1031331592689295
7.0,8.0,44.0,0.1,0.075,0.2,1.0,770.0,0.0,0.0,0.1038961038961039
7.0,8.0,45.0,0.1,0.075,0.2,1.0,766.0,0.0,0.0,0.17232375979112272
7.0,8.0,46.0,0.1,0.075,0.2,1.0,764.0,0.0,0.0,0.17670157068062828
7.0,8.0,47.0,0.1,0.075,0.2,1.0,774.0,0.0,0.0,0.17183462532299743
7.0,8.0,48.0,0.1,0.075,0.2,1.0,760.0,0.0,0.0,0.17763157894736842
7.0,8.0,49.0,0.1,0.075,0.2,1.0,764.0,0.0,0.0,0.17539267015706805
7.0,8.0,50.0,0.1,0.075,0.2,1.0,762.0,0.0,0.0,0.17585301837270342
7.0,8.0,51.0,0.1,0.075,0.2,1.0,758.0,0.0,0.0,0.17546174142480211
7.0,8.0,52.0,0.1,0.075,0.2,1.0,757.0,0.0,0.0,0.17569352708058125
7.0,9.0,1.0,0.1,0.075,0.2,1.0,752.0,0.0,0.0,0.1768617021276596
7.0,9.0,2.0,0.1,0.075,0.2,1.0,748.0,0.0,0.0,0.17647058823529413
7.0,9.0,3.0,0.1,0.075,0.2,1.0,743.0,0.0,0.0,0.17496635262449528
7.0,9.0,4.0,0.1,0.075,0.2,1.0,745.0,0.0,0.0,0.17718120805369128
7.0,9.0,5.0,0.1,0.075,0.2,1.0,742.0,0.0,0.0,0.1752021563342318
7.0,9.0,6.0,0.1,0.075,0.2,1.0,745.0,0.0,0.0,0.17852348993288591
7.0,9.0,7.0,0.1,0.075,0.2,1.0,712.0,0.0,0.0,0.1797752808988764
7.0,9.0,8.0,0.1,0.075,0.2,1.0,711.0,0.0,0.0,0.18424753867791843
7.0,9.0,9.0,0.1,0.075,0.2,1.0,709.0,0.0,0.0,0.18053596614950634
7.0,9.0,10.0,0.1,0.075,0.2,1.0,710.0,0.0,0.0,0.18450704225352113
7.0,9.0,11.0,0.1,0.075,0.2,1.0,712.0,0.0,0.0,0.1797752808988764
7.0,9.0,12.0,0.1,0.075,0.2,1.0,710.0,0.0,0.0,0.18450704225352113
7.0,9.0,13.0,0.1,0.075,0.2,1.0,710.0,0.0,0.0,0.18028169014084508
7.0,9.0,14.0,0.1,0.075,0.2,1.0,705.0,0.0,0.0,0.18439716312056736
7.0,9.0,15.0,0.1,0.075,0.2,1.0,704.0,0.0,0.0,0.18181818181818182
7.0,9.0,16.0,0.1,0.075,0.2,1.0,701.0,0.0,0.0,0.18544935805991442
7.0,9.0,17.0,0.1,0.075,0.2,1.0,703.0,0.0,0.0,0.18207681365576103
7.0,9.0,18.0,0.1,0.075,0.2,1.0,703.0,0.0,0.0,0.18492176386913228
7.0,9.0,19.0,0.1,0.075,0.2,1.0,701.0,0.0,0.0,0.1825962910128388
7.0,9.0,20.0,0.1,0.075,0.2,1.0,1283.0,0.0,0.0,0.0989867498051442
7.0,9.0,21.0,0.1,0.075,0.2,1.0,1282.0,0.0,0.0,0.09750390015600624
7.0,9.0,22.0,0.1,0.075,0.2,1.0,1280.0,0.0,0.0,0.09921875
7.0,9.0,23.0,0.1,0.075,0.2,1.0,1261.0,0.0,0.0,0.09754163362410785
7.0,9.0,24.0,0.1,0.075,0.2,1.0,1218.0,0.0,0.0,0.0993431855500821
7.0,9.0,25.0,0.1,0.075,0.2,1.0,1211.0,0.0,0.0,0.09744013212221304
7.0,9.0,26.0,0.1,0.075,0.2,1.0,1140.0,0.0,0.0,0.10263157894736842
7.0,9.0,27.0,0.1,0.075,0.2,1.0,1145.0,0.0,0.0,0.10043668122270742
7.0,9.0,28.0,0.1,0.075,0.2,1.0,1091.0,0.0,0.0,0.10265811182401467
7.0,9.0,29.0,0.1,0.075,0.2,1.0,1099.0,0.0,0.0,0.10009099181073704
7.0,9.0,30.0,0.1,0.075,0.2,1.0,1071.0,0.0,0.0,0.10177404295051354
7.0,9.0,31.0,0.1,0.075,0.2,1.0,1057.0,0.0,0.0,0.10028382213812677
7.0,9.0,32.0,0.1,0.075,0.2,1.0,1059.0,0.0,0.0,0.10198300283286119
7.0,9.0,33.0,0.1,0.075,0.2,1.0,1023.0,0.0,0.0,0.10068426197458455
7.0,9.0,34.0,0.1,0.075,0.2,1.0,1017.0,0.0,0.0,0.10324483775811209
7.0,9.0,35.0,0.1,0.075,0.2,1.0,987.0,0.0,0.0,0.10233029381965553
7.0,9.0,36.0,0.1,0.075,0.2,1.0,974.0,0.0,0.0,0.10574948665297741
7.0,9.0,37.0,0.1,0.075,0.2,1.0,973.0,0.0,0.0,0.10380267214799589
7.0,9.0,38.0,0.1,0.075,0.2,1.0,953.0,0.0,0.0,0.1080797481636936
7.0,9.0,39.0,0.1,0.075,0.2,1.0,958.0,0.0,0.0,0.10542797494780794
7.0,9.0,40.0,0.1,0.075,0.2,1.0,923.0,0.0,0.0,0.1105092091007584
7.0,9.0,41.0,0.1,0.075,0.2,1.0,933.0,0.0,0.0,0.10718113612004287
7.0,9.0,42.0,0.1,0.075,0.2,1.0,909.0,0.0,0.0,0.1111111111111111
7.0,9.0,43.0,0.1,0.075,0.2,1.0,903.0,0.0,0.0,0.10852713178294573
7.0,9.0,44.0,0.1,0.075,0.2,1.0,884.0,0.0,0.0,0.11199095022624435
7.0,9.0,45.0,0.1,0.075,0.2,1.0,879.0,0.0,0.0,0.17974971558589306
7.0,9.0,46.0,0.1,0.075,0.2,1.0,878.0,0.0,0.0,0.18109339407744876
7.0,9.0,47.0,0.1,0.075,0.2,1.0,856.0,0.0,0.0,0.1822429906542056
7.0,9.0,48.0,0.1,0.075,0.2,1.0,831.0,0.0,0.0,0.18531889290012032
7.0,9.0,49.0,0.1,0.075,0.2,1.0,831.0,0.0,0.0,0.1829121540312876
7.0,9.0,50.0,0.1,0.075,0.2,1.0,837.0,0.0,0.0,0.18399044205495818
7.0,9.0,51.0,0.1,0.075,0.2,1.0,834.0,0.0,0.0,0.18225419664268586
7.0,9.0,52.0,0.1,0.075,0.2,1.0,831.0,0.0,0.0,0.18531889290012032
7.0,10.0,1.0,0.1,0.075,0.2,1.0,828.0,0.0,0.0,0.1823671497584541
7.0,10.0,2.0,0.1,0.075,0.2,1.0,826.0,0.0,0.0,0.18401937046004843
7.0,10.0,3.0,0.1,0.075,0.2,1.0,829.0,0.0,0.0,0.18214716525934863
7.0,10.0,4.0,0.1,0.075,0.2,1.0,826.0,0.0,0.0,0.18401937046004843
7.0,10.0,5.0,0.1,0.075,0.2,1.0,825.0,0.0,0.0,0.18181818181818182
7.0,10.0,6.0,0.1,0.075,0.2,1.0,825.0,0.0,0.0,0.18424242424242424
7.0,10.0,7.0,0.1,0.075,0.2,1.0,825.0,0.0,0.0,0.18181818181818182
7.0,10.0,8.0,0.1,0.075,0.2,1.0,825.0,0.0,0.0,0.18424242424242424
7.0,10.0,9.0,0.1,0.075,0.2,1.0,821.0,0.0,0.0,0.18270401948842874
7.0,10.0,10.0,0.1,0.075,0.2,1.0,822.0,0.0,0.0,0.18369829683698297
7.0,10.0,11.0,0.1,0.075,0.2,1.0,807.0,0.0,0.0,0.18463444857496902
7.0,10.0,12.0,0.1,0.075,0.2,1.0,811.0,0.0,0.0,0.18495684340320592
7.0,10.0,13.0,0.1,0.075,0.2,1.0,807.0,0.0,0.0,0.18463444857496902
7.0,10.0,14.0,0.1,0.075,0.2,1.0,809.0,0.0,0.0,0.18541409147095178
7.0,10.0,15.0,0.1,0.075,0.2,1.0,806.0,0.0,0.0,0.184863523573201
7.0,10.0,16.0,0.1,0.075,0.2,1.0,810.0,0.0,0.0,0.18518518518518517
7.0,10.0,17.0,0.1,0.075,0.2,1.0,805.0,0.0,0.0,0.18633540372670807
7.0,10.0,18.0,0.1,0.075,0.2,1.0,795.0,0.0,0.0,0.18742138364779873
7.0,10.0,19.0,0.1,0.075,0.2,1.0,791.0,0.0,0.0,0.18584070796460178
7.0,10.0,20.0,0.1,0.075,0.2,1.0,1409.0,0.0,0.0,0.09510290986515259
7.0,10.0,21.0,0.1,0.075,0.2,1.0,1354.0,0.0,0.0,0.09601181683899557
7.0,10.0,22.0,0.1,0.075,0.2,1.0,1318.0,0.0,0.0,0.09787556904400607
7.0,10.0,23.0,0.1,0.075,0.2,1.0,1307.0,0.0,0.0,0.0971690895179801
7.0,10.0,24.0,0.1,0.075,0.2,1.0,1295.0,0.0,0.0,0.09884169884169884
7.0,10.0,25.0,0.1,0.075,0.2,1.0,1234.0,0.0,0.0,0.09562398703403566
7.0,10.0,26.0,0.1,0.075,0.2,1.0,1203.0,0.0,0.0,0.09891936824605153
7.0,10.0,27.0,0.1,0.075,0.2,1.0,1169.0,0.0,0.0,0.09923011120615911
7.0,10.0,28.0,0.1,0.075,0.2,1.0,1139.0,0.0,0.0,0.10184372256365233
7.0,10.0,29.0,0.1,0.075,0.2,1.0,1140.0,0.0,0.0,0.1
7.0,10.0,30.0,0.1,0.075,0.2,1.0,1129.0,0.0,0.0,0.10186005314437556
7.0,10.0,31.0,0.1,0.075,0.2,1.0,1090.0,0.0,0.0,0.10366972477064221
7.0,10.0,32.0,0.1,0.075,0.2,1.0,1060.0,0.0,0.0,0.10660377358490566
7.0,10.0,33.0,0.1,0.075,0.2,1.0,1063.0,0.0,0.0,0.10442144873000941
7.0,10.0,34.0,0.1,0.075,0.2,1.0,1039.0,0.0,0.0,0.10490856592877768
7.0,10.0,35.0,0.1,0.075,0.2,1.0,1006.0,0.0,0.0,0.10437375745526839
7.0,10.0,36.0,0.1,0.075,0.2,1.0,999.0,0.0,0.0,0.10710710710710711
7.0,10.0,37.0,0.1,0.075,0.2,1.0,1002.0,0.0,0.0,0.10479041916167664
7.0,10.0,38.0,0.1,0.075,0.2,1.0,979.0,0.0,0.0,0.1062308478038815
7.0,10.0,39.0,0.1,0.075,0.2,1.0,975.0,0.0,0.0,0.10564102564102563
7.0,10.0,40.0,0.1,0.075,0.2,1.0,929.0,0.0,0.0,0.10764262648008611
7.0,10.0,41.0,0.1,0.075,0.2,1.0,935.0,0.0,0.0,0.10695187165775401
7.0,10.0,42.0,0.1,0.075,0.2,1.0,928.0,0.0,0.0,0.10775862068965517
7.0,10.0,43.0,0.1,0.075,0.2,1.0,931.0,0.0,0.0,0.10741138560687433
7.0,10.0,44.0,0.1,0.075,0.2,1.0,901.0,0.0,0.0,0.10876803551609324
7.0,10.0,45.0,0.1,0.075,0.2,1.0,906.0,0.0,0.0,0.16666666666666666
7.0,10.0,46.0,0.1,0.075,0.2,1.0,905.0,0.0,0.0,0.16685082872928178
7.0,10.0,47.0,0.1,0.075,0.2,1.0,912.0,0.0,0.0,0.16557017543859648
7.0,10.0,48.0,0.1,0.075,0.2,1.0,903.0,0.0,0.0,0.1672203765227021
7.0,10.0,49.0,0.1,0.075,0.2,1.0,908.0,0.0,0.0,0.16629955947136563
7.0,10.0,50.0,0.1,0.075,0.2,1.0,907.0,0.0,0.0,0.16648291069459759
7.0,10.0,51.0,0.1,0.075,0.2,1.0,914.0,0.0,0.0,0.16630196936542668
7.0,10.0,52.0,0.1,0.075,0.2,1.0,905.0,0.0,0.0,0.16685082872928178
8.0,1.0,1.0,0.1,0.075,0.2,1.0,5237.0,54.0,12.0,0.10559480618674814
8.0,1.0,2.0,0.1,0.075,0.2,1.0,5195.0,61.0,22.0,0.10529355149181906
8.0,1.0,3.0,0.1,0.075,0.2,1.0,5196.0,88.0,39.0,0.10604311008468052
8.0,1.0,4.0,0.1,0.075,0.2,1.0,5162.0,108.0,40.0,0.10557923285548237
8.0,1.0,5.0,0.1,0.075,0.2,1.0,5226.0,130.0,48.0,0.10581706850363566
8.0,1.0,6.0,0.1,0.075,0.2,1.0,5116.0,148.0,48.0,0.10691946833463643
8.0,1.0,7.0,0.1,0.075,0.2,1.0,5007.0,182.0,70.0,0.10724985020970641
8.0,1.0,8.0,0.1,0.075,0.2,1.0,4855.0,215.0,82.0,0.10813594232749743
8.0,1.0,9.0,0.1,0.075,0.2,1.0,4650.0,267.0,107.0,0.10817204301075269
8.0,1.0,10.0,0.1,0.075,0.2,1.0,4518.0,332.0,115.0,0.11000442673749447
8.0,1.0,11.0,0.1,0.075,0.2,1.0,4386.0,367.0,131.0,0.11126310989512084
8.0,1.0,12.0,0.1,0.075,0.2,1.0,4261.0,397.0,163.0,0.11171086599389815
8.0,1.0,13.0,0.1,0.075,0.2,1.0,4113.0,434.0,188.0,0.11451495258935084
8.0,1.0,14.0,0.1,0.075,0.2,1.0,3908.0,452.0,205.0,0.11514841351074719
8.0,1.0,15.0,0.1,0.075,0.2,1.0,3753.0,455.0,213.0,0.11857180921929124
8.0,1.0,16.0,0.1,0.075,0.2,1.0,3630.0,456.0,215.0,0.118732782369146
8.0,1.0,17.0,0.1,0.075,0.2,1.0,3507.0,440.0,211.0,0.1223267750213858
8.0,1.0,18.0,0.1,0.075,0.2,1.0,3339.0,410.0,200.0,0.12458820005989818
8.0,1.0,19.0,0.1,0.075,0.2,1.0,3254.0,402.0,207.0,0.12845728334357714
8.0,1.0,20.0,0.1,0.075,0.2,1.0,6007.0,398.0,202.0,0.06775428666555686
8.0,1.0,21.0,0.1,0.075,0.2,1.0,5620.0,476.0,191.0,0.07081850533807829
8.0,1.0,22.0,0.1,0.075,0.2,1.0,5236.0,500.0,187.0,0.07333842627960276
8.0,1.0,23.0,0.1,0.075,0.2,1.0,4870.0,513.0,199.0,0.07864476386036962
8.0,1.0,24.0,0.1,0.075,0.2,1.0,4641.0,536.0,224.0,0.08101702219349279
8.0,1.0,25.0,0.1,0.075,0.2,1.0,4431.0,588.0,236.0,0.08395396073121192
8.0,1.0,26.0,0.1,0.075,0.2,1.0,4171.0,639.0,258.0,0.08678973867178134
8.0,1.0,27.0,0.1,0.075,0.2,1.0,3915.0,644.0,266.0,0.0896551724137931
8.0,1.0,28.0,0.1,0.075,0.2,1.0,3644.0,620.0,272.0,0.09193194291986828
8.0,1.0,29.0,0.1,0.075,0.2,1.0,3490.0,648.0,286.0,0.09627507163323783
8.0,1.0,30.0,0.1,0.075,0.2,1.0,3240.0,597.0,288.0,0.10154320987654321
8.0,1.0,31.0,0.1,0.075,0.2,1.0,3064.0,579.0,284.0,0.10704960835509138
8.0,1.0,32.0,0.1,0.075,0.2,1.0,2887.0,585.0,268.0,0.11188084516799446
8.0,1.0,33.0,0.1,0.075,0.2,1.0,2750.0,575.0,261.0,0.116
8.0,1.0,34.0,0.1,0.075,0.2,1.0,2604.0,565.0,255.0,0.1228878648233487
8.0,1.0,35.0,0.1,0.075,0.2,1.0,2482.0,557.0,261.0,0.12691377921031427
8.0,1.0,36.0,0.1,0.075,0.2,1.0,2324.0,541.0,256.0,0.1346815834767642
8.0,1.0,37.0,0.1,0.075,0.2,1.0,2196.0,523.0,253.0,0.14162112932604737
8.0,1.0,38.0,0.1,0.075,0.2,1.0,2034.0,472.0,230.0,0.1504424778761062
8.0,1.0,39.0,0.1,0.075,0.2,1.0,1888.0,435.0,231.0,0.1594279661016949
8.0,1.0,40.0,0.1,0.075,0.2,1.0,1773.0,403.0,214.0,0.16694867456288776
8.0,1.0,41.0,0.1,0.075,0.2,1.0,1679.0,375.0,200.0,0.17689100655151876
8.0,1.0,42.0,0.1,0.075,0.2,1.0,1566.0,333.0,172.0,0.18901660280970625
8.0,1.0,43.0,0.1,0.075,0.2,1.0,1456.0,313.0,176.0,0.19986263736263737
8.0,1.0,44.0,0.1,0.075,0.2,1.0,1380.0,297.0,151.0,0.21014492753623187
8.0,1.0,45.0,0.1,0.075,0.2,1.0,1323.0,278.0,146.0,0.2804232804232804
8.0,1.0,46.0,0.1,0.075,0.2,1.0,1230.0,240.0,112.0,0.28780487804878047
8.0,1.0,47.0,0.1,0.075,0.2,1.0,1200.0,232.0,120.0,0.29583333333333334
8.0,1.0,48.0,0.1,0.075,0.2,1.0,1121.0,207.0,112.0,0.30776092774308655
8.0,1.0,49.0,0.1,0.075,0.2,1.0,1091.0,188.0,117.0,0.3125572868927589
8.0,1.0,50.0,0.1,0.075,0.2,1.0,1050.0,170.0,105.0,0.32
8.0,1.0,51.0,0.1,0.075,0.2,1.0,1013.0,145.0,83.0,0.32773938795656465
8.0,1.0,52.0,0.1,0.075,0.2,1.0,966.0,118.0,66.0,0.34265010351966874
8.0,2.0,1.0,0.1,0.075,0.2,1.0,943.0,103.0,59.0,0.34782608695652173
8.0,2.0,2.0,0.1,0.075,0.2,1.0,912.0,91.0,55.0,0.3574561403508772
8.0,2.0,3.0,0.1,0.075,0.2,1.0,889.0,81.0,49.0,0.36220472440944884
8.0,2.0,4.0,0.1,0.075,0.2,1.0,859.0,64.0,39.0,0.37369033760186265
8.0,2.0,5.0,0.1,0.075,0.2,1.0,844.0,56.0,33.0,0.3755924170616114
8.0,2.0,6.0,0.1,0.075,0.2,1.0,819.0,45.0,27.0,0.38461538461538464
8.0,2.0,7.0,0.1,0.075,0.2,1.0,807.0,38.0,23.0,0.38166047087980176
8.0,2.0,8.0,0.1,0.075,0.2,1.0,790.0,32.0,21.0,0.3886075949367089
8.0,2.0,9.0,0.1,0.075,0.2,1.0,776.0,25.0,15.0,0.3904639175257732
8.0,2.0,10.0,0.1,0.075,0.2,1.0,761.0,22.0,12.0,0.3915900131406045
8.0,2.0,11.0,0.1,0.075,0.2,1.0,752.0,17.0,9.0,0.3896276595744681
8.0,2.0,12.0,0.1,0.075,0.2,1.0,744.0,15.0,9.0,0.39381720430107525
8.0,2.0,13.0,0.1,0.075,0.2,1.0,741.0,18.0,9.0,0.3940620782726046
8.0,2.0,14.0,0.1,0.075,0.2,1.0,733.0,15.0,7.0,0.3969986357435198
8.0,2.0,15.0,0.1,0.075,0.2,1.0,728.0,12.0,6.0,0.39697802197802196
8.0,2.0,16.0,0.1,0.075,0.2,1.0,722.0,12.0,4.0,0.3975069252077562
8.0,2.0,17.0,0.1,0.075,0.2,1.0,715.0,10.0,6.0,0.3972027972027972
8.0,2.0,18.0,0.1,0.075,0.2,1.0,707.0,8.0,5.0,0.4002828854314003
8.0,2.0,19.0,0.1,0.075,0.2,1.0,707.0,9.0,7.0,0.39745403111739747
8.0,2.0,20.0,0.1,0.075,0.2,1.0,1270.0,7.0,5.0,0.21811023622047243
8.0,2.0,21.0,0.1,0.075,0.2,1.0,1259.0,9.0,3.0,0.21842732327243844
8.0,2.0,22.0,0.1,0.075,0.2,1.0,1238.0,7.0,2.0,0.2197092084006462
8.0,2.0,23.0,0.1,0.075,0.2,1.0,1214.0,7.0,3.0,0.22075782537067545
8.0,2.0,24.0,0.1,0.075,0.2,1.0,1212.0,7.0,4.0,0.21864686468646866
8.0,2.0,25.0,0.1,0.075,0.2,1.0,1192.0,12.0,4.0,0.2156040268456376
8.0,2.0,26.0,0.1,0.075,0.2,1.0,1179.0,14.0,3.0,0.21374045801526717
8.0,2.0,27.0,0.1,0.075,0.2,1.0,1164.0,15.0,7.0,0.21305841924398625
8.0,2.0,28.0,0.1,0.075,0.2,1.0,1154.0,17.0,9.0,0.21317157712305027
8.0,2.0,29.0,0.1,0.075,0.2,1.0,1139.0,19.0,8.0,0.21334503950834066
8.0,2.0,30.0,0.1,0.075,0.2,1.0,1116.0,19.0,6.0,0.21415770609318996
8.0,2.0,31.0,0.1,0.075,0.2,1.0,1103.0,20.0,6.0,0.2157751586582049
8.0,2.0,32.0,0.1,0.075,0.2,1.0,1081.0,12.0,4.0,0.21739130434782608
8.0,2.0,33.0,0.1,0.075,0.2,1.0,1065.0,15.0,3.0,0.2187793427230047
8.0,2.0,34.0,0.1,0.075,0.2,1.0,1030.0,16.0,7.0,0.21941747572815534
8.0,2.0,35.0,0.1,0.075,0.2,1.0,1030.0,16.0,9.0,0.21844660194174756
8.0,2.0,36.0,0.1,0.075,0.2,1.0,1013.0,19.0,9.0,0.21915103652517276
8.0,2.0,37.0,0.1,0.075,0.2,1.0,1009.0,19.0,8.0,0.21704658077304262
8.0,2.0,38.0,0.1,0.075,0.2,1.0,972.0,20.0,8.0,0.22119341563786007
8.0,2.0,39.0,0.1,0.075,0.2,1.0,974.0,19.0,8.0,0.21868583162217659
8.0,2.0,40.0,0.1,0.075,0.2,1.0,932.0,17.0,11.0,0.22424892703862662
8.0,2.0,41.0,0.1,0.075,0.2,1.0,922.0,14.0,9.0,0.22668112798264642
8.0,2.0,42.0,0.1,0.075,0.2,1.0,907.0,17.0,11.0,0.22601984564498345
8.0,2.0,43.0,0.1,0.075,0.2,1.0,902.0,11.0,6.0,0.22394678492239467
8.0,2.0,44.0,0.1,0.075,0.2,1.0,892.0,10.0,5.0,0.226457399103139
8.0,2.0,45.0,0.1,0.075,0.2,1.0,877.0,8.0,6.0,0.29304446978335236
8.0,2.0,46.0,0.1,0.075,0.2,1.0,866.0,5.0,3.0,0.2956120092378753
8.0,2.0,47.0,0.1,0.075,0.2,1.0,870.0,10.0,4.0,0.29310344827586204
8.0,2.0,48.0,0.1,0.075,0.2,1.0,842.0,10.0,1.0,0.2980997624703088
8.0,2.0,49.0,0.1,0.075,0.2,1.0,835.0,8.0,3.0,0.2946107784431138
8.0,2.0,50.0,0.1,0.075,0.2,1.0,831.0,14.0,6.0,0.296028880866426
8.0,2.0,51.0,0.1,0.075,0.2,1.0,833.0,18.0,7.0,0.29411764705882354
8.0,2.0,52.0,0.1,0.075,0.2,1.0,821.0,14.0,6.0,0.2971985383678441
8.0,3.0,1.0,0.1,0.075,0.2,1.0,821.0,12.0,5.0,0.29476248477466505
8.0,3.0,2.0,0.1,0.075,0.2,1.0,810.0,13.0,6.0,0.29506172839506173
8.0,3.0,3.0,0.1,0.075,0.2,1.0,807.0,11.0,7.0,0.29244114002478316
8.0,3.0,4.0,0.1,0.075,0.2,1.0,793.0,13.0,7.0,0.29508196721311475
8.0,3.0,5.0,0.1,0.075,0.2,1.0,780.0,15.0,7.0,0.28717948717948716
8.0,3.0,6.0,0.1,0.075,0.2,1.0,771.0,13.0,5.0,0.2905317769130999
8.0,3.0,7.0,0.1,0.075,0.2,1.0,769.0,14.0,8.0,0.28608582574772434
8.0,3.0,8.0,0.1,0.075,0.2,1.0,754.0,13.0,8.0,0.2891246684350133
8.0,3.0,9.0,0.1,0.075,0.2,1.0,755.0,14.0,6.0,0.2860927152317881
8.0,3.0,10.0,0.1,0.075,0.2,1.0,744.0,11.0,6.0,0.28897849462365593
8.0,3.0,11.0,0.1,0.075,0.2,1.0,738.0,12.0,7.0,0.2899728997289973
8.0,3.0,12.0,0.1,0.075,0.2,1.0,731.0,17.0,8.0,0.2913816689466484
8.0,3.0,13.0,0.1,0.075,0.2,1.0,728.0,19.0,9.0,0.29120879120879123
8.0,3.0,14.0,0.1,0.075,0.2,1.0,718.0,16.0,7.0,0.2938718662952646
8.0,3.0,15.0,0.1,0.075,0.2,1.0,712.0,17.0,7.0,0.29353932584269665
8.0,3.0,16.0,0.1,0.075,0.2,1.0,707.0,19.0,6.0,0.2956152758132956
8.0,3.0,17.0,0.1,0.075,0.2,1.0,701.0,17.0,7.0,0.29529243937232524
8.0,3.0,18.0,0.1,0.075,0.2,1.0,697.0,19.0,10.0,0.296987087517934
8.0,3.0,19.0,0.1,0.075,0.2,1.0,692.0,21.0,10.0,0.29624277456647397
8.0,3.0,20.0,0.1,0.075,0.2,1.0,1264.0,24.0,9.0,0.16218354430379747
8.0,3.0,21.0,0.1,0.075,0.2,1.0,1262.0,32.0,10.0,0.16164817749603805
8.0,3.0,22.0,0.1,0.075,0.2,1.0,1247.0,37.0,15.0,0.1635926222935044
8.0,3.0,23.0,0.1,0.075,0.2,1.0,1218.0,39.0,15.0,0.1625615763546798
8.0,3.0,24.0,0.1,0.075,0.2,1.0,1152.0,37.0,15.0,0.1640625
8.0,3.0,25.0,0.1,0.075,0.2,1.0,1127.0,33.0,13.0,0.16592724046140195
8.0,3.0,26.0,0.1,0.075,0.2,1.0,1108.0,30.0,17.0,0.16606498194945848
8.0,3.0,27.0,0.1,0.075,0.2,1.0,1088.0,30.0,16.0,0.16727941176470587
8.0,3.0,28.0,0.1,0.075,0.2,1.0,1075.0,30.0,16.0,0.16744186046511628
8.0,3.0,29.0,0.1,0.075,0.2,1.0,1063.0,31.0,13.0,0.16933207902163688
8.0,3.0,30.0,0.1,0.075,0.2,1.0,1046.0,29.0,12.0,0.1701720841300191
8.0,3.0,31.0,0.1,0.075,0.2,1.0,1026.0,25.0,16.0,0.16764132553606237
8.0,3.0,32.0,0.1,0.075,0.2,1.0,1007.0,30.0,14.0,0.16881827209533268
8.0,3.0,33.0,0.1,0.075,0.2,1.0,972.0,32.0,15.0,0.17078189300411523
8.0,3.0,34.0,0.1,0.075,0.2,1.0,957.0,27.0,11.0,0.17136886102403343
8.0,3.0,35.0,0.1,0.075,0.2,1.0,956.0,26.0,13.0,0.17259414225941422
8.0,3.0,36.0,0.1,0.075,0.2,1.0,936.0,26.0,12.0,0.17414529914529914
8.0,3.0,37.0,0.1,0.075,0.2,1.0,923.0,25.0,10.0,0.1744312026002167
8.0,3.0,38.0,0.1,0.075,0.2,1.0,905.0,25.0,11.0,0.1734806629834254
8.0,3.0,39.0,0.1,0.075,0.2,1.0,902.0,25.0,12.0,0.17516629711751663
8.0,3.0,40.0,0.1,0.075,0.2,1.0,881.0,21.0,12.0,0.17480136208853575
8.0,3.0,41.0,0.1,0.075,0.2,1.0,877.0,26.0,13.0,0.17673888255416192
8.0,3.0,42.0,0.1,0.075,0.2,1.0,862.0,22.0,11.0,0.17633410672853828
8.0,3.0,43.0,0.1,0.075,0.2,1.0,839.0,19.0,10.0,0.17878426698450536
8.0,3.0,44.0,0.1,0.075,0.2,1.0,818.0,18.0,8.0,0.17970660146699266
8.0,3.0,45.0,0.1,0.075,0.2,1.0,813.0,17.0,7.0,0.23493234932349324
8.0,3.0,46.0,0.1,0.075,0.2,1.0,804.0,17.0,7.0,0.2325870646766169
8.0,3.0,47.0,0.1,0.075,0.2,1.0,805.0,18.0,9.0,0.23354037267080746
8.0,3.0,48.0,0.1,0.075,0.2,1.0,787.0,18.0,12.0,0.2312579415501906
8.0,3.0,49.0,0.1,0.075,0.2,1.0,783.0,21.0,9.0,0.23243933588761176
8.0,3.0,50.0,0.1,0.075,0.2,1.0,781.0,23.0,9.0,0.2330345710627401
8.0,3.0,51.0,0.1,0.075,0.2,1.0,767.0,20.0,5.0,0.2333767926988266
8.0,3.0,52.0,0.1,0.075,0.2,1.0,747.0,19.0,11.0,0.23427041499330656
8.0,4.0,1.0,0.1,0.075,0.2,1.0,741.0,22.0,13.0,0.23346828609986506
8.0,4.0,2.0,0.1,0.075,0.2,1.0,722.0,26.0,14.0,0.23268698060941828
8.0,4.0,3.0,0.1,0.075,0.2,1.0,699.0,22.0,9.0,0.23032904148783978
8.0,4.0,4.0,0.1,0.075,0.2,1.0,693.0,20.0,7.0,0.23232323232323232
8.0,4.0,5.0,0.1,0.075,0.2,1.0,687.0,21.0,8.0,0.22998544395924309
8.0,4.0,6.0,0.1,0.075,0.2,1.0,684.0,19.0,9.0,0.22953216374269006
8.0,4.0,7.0,0.1,0.075,0.2,1.0,680.0,18.0,10.0,0.22941176470588234
8.0,4.0,8.0,0.1,0.075,0.2,1.0,670.0,16.0,11.0,0.23134328358208955
8.0,4.0,9.0,0.1,0.075,0.2,1.0,650.0,14.0,11.0,0.2353846153846154
8.0,4.0,10.0,0.1,0.075,0.2,1.0,646.0,14.0,9.0,0.23529411764705882
8.0,4.0,11.0,0.1,0.075,0.2,1.0,638.0,13.0,5.0,0.23510971786833856
8.0,4.0,12.0,0.1,0.075,0.2,1.0,633.0,12.0,4.0,0.23696682464454977
8.0,4.0,13.0,0.1,0.075,0.2,1.0,630.0,12.0,7.0,0.2365079365079365
8.0,4.0,14.0,0.1,0.075,0.2,1.0,629.0,16.0,10.0,0.2368839427662957
8.0,4.0,15.0,0.1,0.075,0.2,1.0,623.0,16.0,8.0,0.2375601926163724
8.0,4.0,16.0,0.1,0.075,0.2,1.0,620.0,14.0,6.0,0.23709677419354838
8.0,4.0,17.0,0.1,0.075,0.2,1.0,613.0,11.0,3.0,0.23817292006525284
8.0,4.0,18.0,0.1,0.075,0.2,1.0,613.0,12.0,4.0,0.2365415986949429
8.0,4.0,19.0,0.1,0.075,0.2,1.0,607.0,10.0,4.0,0.23887973640856672
8.0,4.0,20.0,0.1,0.075,0.2,1.0,1140.0,9.0,5.0,0.12719298245614036
8.0,4.0,21.0,0.1,0.075,0.2,1.0,1105.0,11.0,6.0,0.13031674208144797
8.0,4.0,22.0,0.1,0.075,0.2,1.0,1040.0,16.0,4.0,0.1346153846153846
8.0,4.0,23.0,0.1,0.075,0.2,1.0,1028.0,17.0,4.0,0.13326848249027237
8.0,4.0,24.0,0.1,0.075,0.2,1.0,1027.0,18.0,5.0,0.13339824732229796
8.0,4.0,25.0,0.1,0.075,0.2,1.0,1017.0,20.0,9.0,0.13372664700098327
8.0,4.0,26.0,0.1,0.075,0.2,1.0,1005.0,22.0,11.0,0.13532338308457711
8.0,4.0,27.0,0.1,0.075,0.2,1.0,978.0,20.0,8.0,0.13496932515337423
8.0,4.0,28.0,0.1,0.075,0.2,1.0,968.0,17.0,9.0,0.1384297520661157
8.0,4.0,29.0,0.1,0.075,0.2,1.0,957.0,23.0,10.0,0.13793103448275862
8.0,4.0,30.0,0.1,0.075,0.2,1.0,966.0,37.0,13.0,0.13871635610766045
8.0,4.0,31.0,0.1,0.075,0.2,1.0,951.0,46.0,11.0,0.138801261829653
8.0,4.0,32.0,0.1,0.075,0.2,1.0,946.0,45.0,19.0,0.1416490486257928
8.0,4.0,33.0,0.1,0.075,0.2,1.0,916.0,39.0,23.0,0.14410480349344978
8.0,4.0,34.0,0.1,0.075,0.2,1.0,906.0,49.0,26.0,0.1456953642384106
8.0,4.0,35.0,0.1,0.075,0.2,1.0,867.0,42.0,21.0,0.14763552479815456
8.0,4.0,36.0,0.1,0.075,0.2,1.0,860.0,35.0,18.0,0.15
8.0,4.0,37.0,0.1,0.075,0.2,1.0,841.0,36.0,16.0,0.14982164090368608
8.0,4.0,38.0,0.1,0.075,0.2,1.0,844.0,43.0,16.0,0.1504739336492891
8.0,4.0,39.0,0.1,0.075,0.2,1.0,784.0,40.0,13.0,0.15178571428571427
8.0,4.0,40.0,0.1,0.075,0.2,1.0,785.0,35.0,13.0,0.15159235668789808
8.0,4.0,41.0,0.1,0.075,0.2,1.0,765.0,37.0,17.0,0.15294117647058825
8.0,4.0,42.0,0.1,0.075,0.2,1.0,764.0,40.0,17.0,0.1544502617801047
8.0,4.0,43.0,0.1,0.075,0.2,1.0,748.0,46.0,20.0,0.1537433155080214
8.0,4.0,44.0,0.1,0.075,0.2,1.0,740.0,41.0,18.0,0.15675675675675677
8.0,4.0,45.0,0.1,0.075,0.2,1.0,727.0,41.0,21.0,0.23383768913342504
8.0,4.0,46.0,0.1,0.075,0.2,1.0,715.0,35.0,17.0,0.23776223776223776
8.0,4.0,47.0,0.1,0.075,0.2,1.0,693.0,28.0,15.0,0.23665223665223664
8.0,4.0,48.0,0.1,0.075,0.2,1.0,692.0,27.0,18.0,0.2384393063583815
8.0,4.0,49.0,0.1,0.075,0.2,1.0,684.0,31.0,16.0,0.23976608187134502
8.0,4.0,50.0,0.1,0.075,0.2,1.0,681.0,27.0,14.0,0.2393538913362702
8.0,4.0,51.0,0.1,0.075,0.2,1.0,672.0,25.0,11.0,0.24107142857142858
8.0,4.0,52.0,0.1,0.075,0.2,1.0,661.0,28.0,13.0,0.2481089258698941
8.0,5.0,1.0,0.1,0.075,0.2,1.0,654.0,29.0,11.0,0.24617737003058104
8.0,5.0,2.0,0.1,0.075,0.2,1.0,647.0,26.0,14.0,0.24884080370942813
8.0,5.0,3.0,0.1,0.075,0.2,1.0,638.0,26.0,13.0,0.24921630094043887
8.0,5.0,4.0,0.1,0.075,0.2,1.0,634.0,27.0,15.0,0.24921135646687698
8.0,5.0,5.0,0.1,0.075,0.2,1.0,621.0,22.0,11.0,0.249597423510467
8.0,5.0,6.0,0.1,0.075,0.2,1.0,615.0,21.0,13.0,0.25040650406504067
8.0,5.0,7.0,0.1,0.075,0.2,1.0,608.0,21.0,10.0,0.24835526315789475
8.0,5.0,8.0,0.1,0.075,0.2,1.0,603.0,22.0,8.0,0.25207296849087896
8.0,5.0,9.0,0.1,0.075,0.2,1.0,584.0,21.0,7.0,0.2568493150684932
8.0,5.0,10.0,0.1,0.075,0.2,1.0,583.0,22.0,12.0,0.25728987993138935
8.0,5.0,11.0,0.1,0.075,0.2,1.0,575.0,22.0,14.0,0.25565217391304346
8.0,5.0,12.0,0.1,0.075,0.2,1.0,574.0,24.0,13.0,0.2578397212543554
8.0,5.0,13.0,0.1,0.075,0.2,1.0,565.0,18.0,10.0,0.2584070796460177
8.0,5.0,14.0,0.1,0.075,0.2,1.0,544.0,11.0,6.0,0.25
8.0,5.0,15.0,0.1,0.075,0.2,1.0,540.0,10.0,7.0,0.25
8.0,5.0,16.0,0.1,0.075,0.2,1.0,539.0,7.0,6.0,0.2523191094619666
8.0,5.0,17.0,0.1,0.075,0.2,1.0,536.0,7.0,5.0,0.251865671641791
8.0,5.0,18.0,0.1,0.075,0.2,1.0,534.0,4.0,3.0,0.25280898876404495
8.0,5.0,19.0,0.1,0.075,0.2,1.0,529.0,2.0,1.0,0.2514177693761815
8.0,5.0,20.0,0.1,0.075,0.2,1.0,990.0,2.0,2.0,0.13434343434343435
8.0,5.0,21.0,0.1,0.075,0.2,1.0,983.0,1.0,1.0,0.1342828077314344
8.0,5.0,22.0,0.1,0.075,0.2,1.0,975.0,1.0,1.0,0.13025641025641024
8.0,5.0,23.0,0.1,0.075,0.2,1.0,966.0,0.0,0.0,0.12939958592132506
8.0,5.0,24.0,0.1,0.075,0.2,1.0,939.0,0.0,0.0,0.13099041533546327
8.0,5.0,25.0,0.1,0.075,0.2,1.0,891.0,0.0,0.0,0.12906846240179573
8.0,5.0,26.0,0.1,0.075,0.2,1.0,881.0,0.0,0.0,0.13053348467650397
8.0,5.0,27.0,0.1,0.075,0.2,1.0,842.0,0.0,0.0,0.13064133016627077
8.0,5.0,28.0,0.1,0.075,0.2,1.0,815.0,0.0,0.0,0.13006134969325153
8.0,5.0,29.0,0.1,0.075,0.2,1.0,803.0,0.0,0.0,0.1295143212951432
8.0,5.0,30.0,0.1,0.075,0.2,1.0,798.0,0.0,0.0,0.13032581453634084
8.0,5.0,31.0,0.1,0.075,0.2,1.0,788.0,0.0,0.0,0.12944162436548223
8.0,5.0,32.0,0.1,0.075,0.2,1.0,786.0,0.0,0.0,0.13104325699745548
8.0,5.0,33.0,0.1,0.075,0.2,1.0,786.0,0.0,0.0,0.12849872773536897
8.0,5.0,34.0,0.1,0.075,0.2,1.0,777.0,0.0,0.0,0.1287001287001287
8.0,5.0,35.0,0.1,0.075,0.2,1.0,774.0,0.0,0.0,0.12790697674418605
8.0,5.0,36.0,0.1,0.075,0.2,1.0,754.0,0.0,0.0,0.13262599469496023
8.0,5.0,37.0,0.1,0.075,0.2,1.0,752.0,0.0,0.0,0.13031914893617022
8.0,5.0,38.0,0.1,0.075,0.2,1.0,748.0,0.0,0.0,0.13101604278074866
8.0,5.0,39.0,0.1,0.075,0.2,1.0,731.0,0.0,0.0,0.12859097127222982
8.0,5.0,40.0,0.1,0.075,0.2,1.0,732.0,0.0,0.0,0.12978142076502733
8.0,5.0,41.0,0.1,0.075,0.2,1.0,719.0,0.0,0.0,0.13073713490959665
8.0,5.0,42.0,0.1,0.075,0.2,1.0,706.0,0.0,0.0,0.13456090651558072
8.0,5.0,43.0,0.1,0.075,0.2,1.0,705.0,0.0,0.0,0.13333333333333333
8.0,5.0,44.0,0.1,0.075,0.2,1.0,697.0,0.0,0.0,0.13199426111908177
8.0,5.0,45.0,0.1,0.075,0.2,1.0,693.0,0.0,0.0,0.1847041847041847
8.0,5.0,46.0,0.1,0.075,0.2,1.0,694.0,0.0,0.0,0.18587896253602307
8.0,5.0,47.0,0.1,0.075,0.2,1.0,682.0,0.0,0.0,0.18475073313782991
8.0,5.0,48.0,0.1,0.075,0.2,1.0,682.0,0.0,0.0,0.18475073313782991
8.0,5.0,49.0,0.1,0.075,0.2,1.0,681.0,0.0,0.0,0.18355359765051396
8.0,5.0,50.0,0.1,0.075,0.2,1.0,680.0,0.0,0.0,0.18382352941176472
8.0,5.0,51.0,0.1,0.075,0.2,1.0,666.0,0.0,0.0,0.1831831831831832
8.0,5.0,52.0,0.1,0.075,0.2,1.0,667.0,0.0,0.0,0.18440779610194902
8.0,6.0,1.0,0.1,0.075,0.2,1.0,662.0,0.0,0.0,0.18126888217522658
8.0,6.0,2.0,0.1,0.075,0.2,1.0,662.0,0.0,0.0,0.18277945619335348
8.0,6.0,3.0,0.1,0.075,0.2,1.0,660.0,0.0,0.0,0.18181818181818182
8.0,6.0,4.0,0.1,0.075,0.2,1.0,661.0,0.0,0.0,0.18305597579425115
8.0,6.0,5.0,0.1,0.075,0.2,1.0,660.0,0.0,0.0,0.18181818181818182
8.0,6.0,6.0,0.1,0.075,0.2,1.0,660.0,0.0,0.0,0.18181818181818182
8.0,6.0,7.0,0.1,0.075,0.2,1.0,643.0,0.0,0.0,0.17884914463452567
8.0,6.0,8.0,0.1,0.075,0.2,1.0,641.0,0.0,0.0,0.1809672386895476
8.0,6.0,9.0,0.1,0.075,0.2,1.0,637.0,0.0,0.0,0.17739403453689168
8.0,6.0,10.0,0.1,0.075,0.2,1.0,635.0,0.0,0.0,0.17795275590551182
8.0,6.0,11.0,0.1,0.075,0.2,1.0,619.0,0.0,0.0,0.1777059773828756
8.0,6.0,12.0,0.1,0.075,0.2,1.0,616.0,0.0,0.0,0.17857142857142858
8.0,6.0,13.0,0.1,0.075,0.2,1.0,604.0,0.0,0.0,0.17880794701986755
8.0,6.0,14.0,0.1,0.075,0.2,1.0,602.0,0.0,0.0,0.18106312292358803
8.0,6.0,15.0,0.1,0.075,0.2,1.0,600.0,0.0,0.0,0.18
8.0,6.0,16.0,0.1,0.075,0.2,1.0,602.0,0.0,0.0,0.18106312292358803
8.0,6.0,17.0,0.1,0.075,0.2,1.0,600.0,0.0,0.0,0.18
8.0,6.0,18.0,0.1,0.075,0.2,1.0,600.0,0.0,0.0,0.18166666666666667
8.0,6.0,19.0,0.1,0.075,0.2,1.0,599.0,0.0,0.0,0.18030050083472454
8.0,6.0,20.0,0.1,0.075,0.2,1.0,1150.0,0.0,0.0,0.09478260869565218
8.0,6.0,21.0,0.1,0.075,0.2,1.0,1111.0,0.0,0.0,0.09540954095409541
8.0,6.0,22.0,0.1,0.075,0.2,1.0,1047.0,0.0,0.0,0.09933142311365807
8.0,6.0,23.0,0.1,0.075,0.2,1.0,1043.0,0.0,0.0,0.0977948226270374
8.0,6.0,24.0,0.1,0.075,0.2,1.0,1046.0,0.0,0.0,0.09847036328871893
8.0,6.0,25.0,0.1,0.075,0.2,1.0,943.0,0.0,0.0,0.10180275715800637
8.0,6.0,26.0,0.1,0.075,0.2,1.0,939.0,0.0,0.0,0.1033013844515442
8.0,6.0,27.0,0.1,0.075,0.2,1.0,920.0,0.0,0.0,0.10434782608695652
8.0,6.0,28.0,0.1,0.075,0.2,1.0,885.0,0.0,0.0,0.10621468926553672
8.0,6.0,29.0,0.1,0.075,0.2,1.0,870.0,0.0,0.0,0.10689655172413794
8.0,6.0,30.0,0.1,0.075,0.2,1.0,863.0,0.0,0.0,0.10776361529548088
8.0,6.0,31.0,0.1,0.075,0.2,1.0,869.0,0.0,0.0,0.10701956271576525
8.0,6.0,32.0,0.1,0.075,0.2,1.0,849.0,0.0,0.0,0.10836277974087162
8.0,6.0,33.0,0.1,0.075,0.2,1.0,852.0,0.0,0.0,0.107981220657277
8.0,6.0,34.0,0.1,0.075,0.2,1.0,845.0,0.0,0.0,0.10887573964497041
8.0,6.0,35.0,0.1,0.075,0.2,1.0,851.0,0.0,0.0,0.10810810810810811
8.0,6.0,36.0,0.1,0.075,0.2,1.0,845.0,0.0,0.0,0.10887573964497041
8.0,6.0,37.0,0.1,0.075,0.2,1.0,826.0,0.0,0.0,0.10653753026634383
8.0,6.0,38.0,0.1,0.075,0.2,1.0,820.0,0.0,0.0,0.10609756097560975
8.0,6.0,39.0,0.1,0.075,0.2,1.0,826.0,0.0,0.0,0.1053268765133172
8.0,6.0,40.0,0.1,0.075,0.2,1.0,793.0,0.0,0.0,0.10466582597730138
8.0,6.0,41.0,0.1,0.075,0.2,1.0,787.0,0.0,0.0,0.10165184243964422
8.0,6.0,42.0,0.1,0.075,0.2,1.0,780.0,0.0,0.0,0.10256410256410256
8.0,6.0,43.0,0.1,0.075,0.2,1.0,773.0,0.0,0.0,0.09831824062095731
8.0,6.0,44.0,0.1,0.075,0.2,1.0,766.0,0.0,0.0,0.09921671018276762
8.0,6.0,45.0,0.1,0.075,0.2,1.0,752.0,0.0,0.0,0.1768617021276596
8.0,6.0,46.0,0.1,0.075,0.2,1.0,734.0,0.0,0.0,0.17574931880108993
8.0,6.0,47.0,0.1,0.075,0.2,1.0,740.0,0.0,0.0,0.17567567567567569
8.0,6.0,48.0,0.1,0.075,0.2,1.0,737.0,0.0,0.0,0.17367706919945725
8.0,6.0,49.0,0.1,0.075,0.2,1.0,728.0,0.0,0.0,0.17582417582417584
8.0,6.0,50.0,0.1,0.075,0.2,1.0,729.0,0.0,0.0,0.1755829903978052
8.0,6.0,51.0,0.1,0.075,0.2,1.0,723.0,0.0,0.0,0.17289073305670816
8.0,6.0,52.0,0.1,0.075,0.2,1.0,724.0,0.0,0.0,0.17265193370165746
8.0,7.0,1.0,0.1,0.075,0.2,1.0,696.0,0.0,0.0,0.17097701149425287
8.0,7.0,2.0,0.1,0.075,0.2,1.0,697.0,0.0,0.0,0.17073170731707318
8.0,7.0,3.0,0.1,0.075,0.2,1.0,696.0,0.0,0.0,0.17097701149425287
8.0,7.0,4.0,0.1,0.075,0.2,1.0,696.0,0.0,0.0,0.17097701149425287
8.0,7.0,5.0,0.1,0.075,0.2,1.0,690.0,0.0,0.0,0.17101449275362318
8.0,7.0,6.0,0.1,0.075,0.2,1.0,687.0,0.0,0.0,0.1703056768558952
8.0,7.0,7.0,0.1,0.075,0.2,1.0,686.0,0.0,0.0,0.17055393586005832
8.0,7.0,8.0,0.1,0.075,0.2,1.0,683.0,0.0,0.0,0.17130307467057102
8.0,7.0,9.0,0.1,0.075,0.2,1.0,672.0,0.0,0.0,0.16815476190476192
8.0,7.0,10.0,0.1,0.075,0.2,1.0,670.0,0.0,0.0,0.16865671641791044
8.0,7.0,11.0,0.1,0.075,0.2,1.0,668.0,0.0,0.0,0.1691616766467066
8.0,7.0,12.0,0.1,0.075,0.2,1.0,655.0,0.0,0.0,0.16946564885496182
8.0,7.0,13.0,0.1,0.075,0.2,1.0,653.0,0.0,0.0,0.16845329249617153
8.0,7.0,14.0,0.1,0.075,0.2,1.0,638.0,0.0,0.0,0.16614420062695925
8.0,7.0,15.0,0.1,0.075,0.2,1.0,636.0,0.0,0.0,0.1650943396226415
8.0,7.0,16.0,0.1,0.075,0.2,1.0,637.0,0.0,0.0,0.16483516483516483
8.0,7.0,17.0,0.1,0.075,0.2,1.0,636.0,0.0,0.0,0.1650943396226415
8.0,7.0,18.0,0.1,0.075,0.2,1.0,634.0,0.0,0.0,0.16246056782334384
8.0,7.0,19.0,0.1,0.075,0.2,1.0,632.0,0.0,0.0,0.1629746835443038
8.0,7.0,20.0,0.1,0.075,0.2,1.0,1145.0,0.0,0.0,0.08995633187772925
8.0,7.0,21.0,0.1,0.075,0.2,1.0,1094.0,0.0,0.0,0.08957952468007313
8.0,7.0,22.0,0.1,0.075,0.2,1.0,1080.0,0.0,0.0,0.08981481481481482
8.0,7.0,23.0,0.1,0.075,0.2,1.0,1063.0,0.0,0.0,0.08936970837253057
8.0,7.0,24.0,0.1,0.075,0.2,1.0,1027.0,0.0,0.0,0.09250243427458617
8.0,7.0,25.0,0.1,0.075,0.2,1.0,988.0,0.0,0.0,0.09412955465587045
8.0,7.0,26.0,0.1,0.075,0.2,1.0,960.0,0.0,0.0,0.09583333333333334
8.0,7.0,27.0,0.1,0.075,0.2,1.0,932.0,0.0,0.0,0.09763948497854077
8.0,7.0,28.0,0.1,0.075,0.2,1.0,929.0,0.0,0.0,0.09795479009687837
8.0,7.0,29.0,0.1,0.075,0.2,1.0,928.0,0.0,0.0,0.0980603448275862
8.0,7.0,30.0,0.1,0.075,0.2,1.0,909.0,0.0,0.0,0.09900990099009901
8.0,7.0,31.0,0.1,0.075,0.2,1.0,883.0,0.0,0.0,0.09399773499433749
8.0,7.0,32.0,0.1,0.075,0.2,1.0,851.0,0.0,0.0,0.09400705052878966
8.0,7.0,33.0,0.1,0.075,0.2,1.0,840.0,0.0,0.0,0.09404761904761905
8.0,7.0,34.0,0.1,0.075,0.2,1.0,838.0,0.0,0.0,0.09427207637231504
8.0,7.0,35.0,0.1,0.075,0.2,1.0,825.0,0.0,0.0,0.09575757575757576
8.0,7.0,36.0,0.1,0.075,0.2,1.0,803.0,0.0,0.0,0.09838107098381071
8.0,7.0,37.0,0.1,0.075,0.2,1.0,798.0,0.0,0.0,0.09774436090225563
8.0,7.0,38.0,0.1,0.075,0.2,1.0,801.0,0.0,0.0,0.09737827715355805
8.0,7.0,39.0,0.1,0.075,0.2,1.0,776.0,0.0,0.0,0.10051546391752578
8.0,7.0,40.0,0.1,0.075,0.2,1.0,765.0,0.0,0.0,0.09934640522875816
8.0,7.0,41.0,0.1,0.075,0.2,1.0,738.0,0.0,0.0,0.10298102981029811
8.0,7.0,42.0,0.1,0.075,0.2,1.0,741.0,0.0,0.0,0.10256410256410256
8.0,7.0,43.0,0.1,0.075,0.2,1.0,727.0,0.0,0.0,0.10453920220082531
8.0,7.0,44.0,0.1,0.075,0.2,1.0,730.0,0.0,0.0,0.10410958904109589
8.0,7.0,45.0,0.1,0.075,0.2,1.0,727.0,0.0,0.0,0.15955983493810177
8.0,7.0,46.0,0.1,0.075,0.2,1.0,718.0,0.0,0.0,0.1573816155988858
8.0,7.0,47.0,0.1,0.075,0.2,1.0,716.0,0.0,0.0,0.15782122905027932
8.0,7.0,48.0,0.1,0.075,0.2,1.0,718.0,0.0,0.0,0.1573816155988858
8.0,7.0,49.0,0.1,0.075,0.2,1.0,700.0,0.0,0.0,0.16
8.0,7.0,50.0,0.1,0.075,0.2,1.0,701.0,0.0,0.0,0.15977175463623394
8.0,7.0,51.0,0.1,0.075,0.2,1.0,674.0,0.0,0.0,0.16023738872403562
8.0,7.0,52.0,0.1,0.075,0.2,1.0,647.0,0.0,0.0,0.15765069551777433
8.0,8.0,1.0,0.1,0.075,0.2,1.0,644.0,0.0,0.0,0.15838509316770186
8.0,8.0,2.0,0.1,0.075,0.2,1.0,645.0,0.0,0.0,0.15813953488372093
8.0,8.0,3.0,0.1,0.075,0.2,1.0,642.0,0.0,0.0,0.1588785046728972
8.0,8.0,4.0,0.1,0.075,0.2,1.0,642.0,0.0,0.0,0.1588785046728972
8.0,8.0,5.0,0.1,0.075,0.2,1.0,641.0,0.0,0.0,0.15912636505460218
8.0,8.0,6.0,0.1,0.075,0.2,1.0,641.0,0.0,0.0,0.15912636505460218
8.0,8.0,7.0,0.1,0.075,0.2,1.0,640.0,0.0,0.0,0.159375
8.0,8.0,8.0,0.1,0.075,0.2,1.0,640.0,0.0,0.0,0.159375
8.0,8.0,9.0,0.1,0.075,0.2,1.0,636.0,0.0,0.0,0.16037735849056603
8.0,8.0,10.0,0.1,0.075,0.2,1.0,635.0,0.0,0.0,0.16062992125984252
8.0,8.0,11.0,0.1,0.075,0.2,1.0,631.0,0.0,0.0,0.16164817749603805
8.0,8.0,12.0,0.1,0.075,0.2,1.0,625.0,0.0,0.0,0.1632
8.0,8.0,13.0,0.1,0.075,0.2,1.0,626.0,0.0,0.0,0.16293929712460065
8.0,8.0,14.0,0.1,0.075,0.2,1.0,625.0,0.0,0.0,0.1632
8.0,8.0,15.0,0.1,0.075,0.2,1.0,623.0,0.0,0.0,0.1637239165329053
8.0,8.0,16.0,0.1,0.075,0.2,1.0,623.0,0.0,0.0,0.1637239165329053
8.0,8.0,17.0,0.1,0.075,0.2,1.0,623.0,0.0,0.0,0.1637239165329053
8.0,8.0,18.0,0.1,0.075,0.2,1.0,622.0,0.0,0.0,0.1639871382636656
8.0,8.0,19.0,0.1,0.075,0.2,1.0,621.0,0.0,0.0,0.1642512077294686
8.0,8.0,20.0,0.1,0.075,0.2,1.0,1150.0,0.0,0.0,0.08869565217391304
8.0,8.0,21.0,0.1,0.075,0.2,1.0,1123.0,0.0,0.0,0.08904719501335707
8.0,8.0,22.0,0.1,0.075,0.2,1.0,1078.0,0.0,0.0,0.0862708719851577
8.0,8.0,23.0,0.1,0.075,0.2,1.0,1071.0,0.0,0.0,0.08683473389355742
8.0,8.0,24.0,0.1,0.075,0.2,1.0,1018.0,0.0,0.0,0.08840864440078586
8.0,8.0,25.0,0.1,0.075,0.2,1.0,995.0,0.0,0.0,0.08743718592964825
8.0,8.0,26.0,0.1,0.075,0.2,1.0,998.0,0.0,0.0,0.0871743486973948
8.0,8.0,27.0,0.1,0.075,0.2,1.0,963.0,0.0,0.0,0.09034267912772585
8.0,8.0,28.0,0.1,0.075,0.2,1.0,953.0,0.0,0.0,0.0912906610703043
8.0,8.0,29.0,0.1,0.075,0.2,1.0,939.0,0.0,0.0,0.09158679446219382
8.0,8.0,30.0,0.1,0.075,0.2,1.0,898.0,0.0,0.0,0.09242761692650334
8.0,8.0,31.0,0.1,0.075,0.2,1.0,896.0,0.0,0.0,0.09263392857142858
8.0,8.0,32.0,0.1,0.075,0.2,1.0,898.0,0.0,0.0,0.09242761692650334
8.0,8.0,33.0,0.1,0.075,0.2,1.0,866.0,0.0,0.0,0.09353348729792148
8.0,8.0,34.0,0.1,0.075,0.2,1.0,837.0,0.0,0.0,0.0955794504181601
8.0,8.0,35.0,0.1,0.075,0.2,1.0,826.0,0.0,0.0,0.09564164648910412
8.0,8.0,36.0,0.1,0.075,0.2,1.0,826.0,0.0,0.0,0.09564164648910412
8.0,8.0,37.0,0.1,0.075,0.2,1.0,815.0,0.0,0.0,0.09693251533742331
8.0,8.0,38.0,0.1,0.075,0.2,1.0,815.0,0.0,0.0,0.09693251533742331
8.0,8.0,39.0,0.1,0.075,0.2,1.0,767.0,0.0,0.0,0.10039113428943937
8.0,8.0,40.0,0.1,0.075,0.2,1.0,767.0,0.0,0.0,0.10039113428943937
8.0,8.0,41.0,0.1,0.075,0.2,1.0,766.0,0.0,0.0,0.10052219321148825
8.0,8.0,42.0,0.1,0.075,0.2,1.0,766.0,0.0,0.0,0.10052219321148825
8.0,8.0,43.0,0.1,0.075,0.2,1.0,766.0,0.0,0.0,0.10052219321148825
8.0,8.0,44.0,0.1,0.075,0.2,1.0,766.0,0.0,0.0,0.10052219321148825
8.0,8.0,45.0,0.1,0.075,0.2,1.0,707.0,0.0,0.0,0.16973125884016974
8.0,8.0,46.0,0.1,0.075,0.2,1.0,692.0,0.0,0.0,0.17196531791907516
8.0,8.0,47.0,0.1,0.075,0.2,1.0,692.0,0.0,0.0,0.17196531791907516
8.0,8.0,48.0,0.1,0.075,0.2,1.0,668.0,0.0,0.0,0.1691616766467066
8.0,8.0,49.0,0.1,0.075,0.2,1.0,667.0,0.0,0.0,0.16941529235382308
8.0,8.0,50.0,0.1,0.075,0.2,1.0,667.0,0.0,0.0,0.16941529235382308
8.0,8.0,51.0,0.1,0.075,0.2,1.0,667.0,0.0,0.0,0.16941529235382308
8.0,8.0,52.0,0.1,0.075,0.2,1.0,667.0,0.0,0.0,0.16941529235382308
8.0,9.0,1.0,0.1,0.075,0.2,1.0,667.0,0.0,0.0,0.16941529235382308
8.0,9.0,2.0,0.1,0.075,0.2,1.0,667.0,0.0,0.0,0.16941529235382308
8.0,9.0,3.0,0.1,0.075,0.2,1.0,668.0,0.0,0.0,0.1691616766467066
8.0,9.0,4.0,0.1,0.075,0.2,1.0,668.0,0.0,0.0,0.1691616766467066
8.0,9.0,5.0,0.1,0.075,0.2,1.0,667.0,0.0,0.0,0.16941529235382308
8.0,9.0,6.0,0.1,0.075,0.2,1.0,667.0,0.0,0.0,0.16941529235382308
8.0,9.0,7.0,0.1,0.075,0.2,1.0,668.0,0.0,0.0,0.1691616766467066
8.0,9.0,8.0,0.1,0.075,0.2,1.0,666.0,0.0,0.0,0.16966966966966968
8.0,9.0,9.0,0.1,0.075,0.2,1.0,667.0,0.0,0.0,0.16941529235382308
8.0,9.0,10.0,0.1,0.075,0.2,1.0,665.0,0.0,0.0,0.1699248120300752
8.0,9.0,11.0,0.1,0.075,0.2,1.0,651.0,0.0,0.0,0.16589861751152074
8.0,9.0,12.0,0.1,0.075,0.2,1.0,648.0,0.0,0.0,0.16666666666666666
8.0,9.0,13.0,0.1,0.075,0.2,1.0,647.0,0.0,0.0,0.16692426584234932
8.0,9.0,14.0,0.1,0.075,0.2,1.0,647.0,0.0,0.0,0.16692426584234932
8.0,9.0,15.0,0.1,0.075,0.2,1.0,646.0,0.0,0.0,0.16718266253869968
8.0,9.0,16.0,0.1,0.075,0.2,1.0,646.0,0.0,0.0,0.16718266253869968
8.0,9.0,17.0,0.1,0.075,0.2,1.0,645.0,0.0,0.0,0.16744186046511628
8.0,9.0,18.0,0.1,0.075,0.2,1.0,646.0,0.0,0.0,0.16718266253869968
8.0,9.0,19.0,0.1,0.075,0.2,1.0,645.0,0.0,0.0,0.16744186046511628
8.0,9.0,20.0,0.1,0.075,0.2,1.0,1192.0,0.0,0.0,0.08892617449664429
8.0,9.0,21.0,0.1,0.075,0.2,1.0,1153.0,0.0,0.0,0.09019947961838681
8.0,9.0,22.0,0.1,0.075,0.2,1.0,1142.0,0.0,0.0,0.0893169877408056
8.0,9.0,23.0,0.1,0.075,0.2,1.0,1085.0,0.0,0.0,0.0912442396313364
8.0,9.0,24.0,0.1,0.075,0.2,1.0,1072.0,0.0,0.0,0.09235074626865672
8.0,9.0,25.0,0.1,0.075,0.2,1.0,1072.0,0.0,0.0,0.09235074626865672
8.0,9.0,26.0,0.1,0.075,0.2,1.0,1073.0,0.0,0.0,0.09226467847157502
8.0,9.0,27.0,0.1,0.075,0.2,1.0,1046.0,0.0,0.0,0.09177820267686425
8.0,9.0,28.0,0.1,0.075,0.2,1.0,978.0,0.0,0.0,0.09304703476482618
8.0,9.0,29.0,0.1,0.075,0.2,1.0,950.0,0.0,0.0,0.09263157894736843
8.0,9.0,30.0,0.1,0.075,0.2,1.0,923.0,0.0,0.0,0.09209100758396534
8.0,9.0,31.0,0.1,0.075,0.2,1.0,922.0,0.0,0.0,0.09219088937093275
8.0,9.0,32.0,0.1,0.075,0.2,1.0,886.0,0.0,0.0,0.09367945823927765
8.0,9.0,33.0,0.1,0.075,0.2,1.0,884.0,0.0,0.0,0.09389140271493213
8.0,9.0,34.0,0.1,0.075,0.2,1.0,874.0,0.0,0.0,0.09496567505720824
8.0,9.0,35.0,0.1,0.075,0.2,1.0,873.0,0.0,0.0,0.09507445589919816
8.0,9.0,36.0,0.1,0.075,0.2,1.0,863.0,0.0,0.0,0.09501738122827347
8.0,9.0,37.0,0.1,0.075,0.2,1.0,829.0,0.0,0.0,0.09891435464414958
8.0,9.0,38.0,0.1,0.075,0.2,1.0,828.0,0.0,0.0,0.09903381642512077
8.0,9.0,39.0,0.1,0.075,0.2,1.0,816.0,0.0,0.0,0.09926470588235294
8.0,9.0,40.0,0.1,0.075,0.2,1.0,816.0,0.0,0.0,0.09926470588235294
8.0,9.0,41.0,0.1,0.075,0.2,1.0,801.0,0.0,0.0,0.0986267166042447
8.0,9.0,42.0,0.1,0.075,0.2,1.0,789.0,0.0,0.0,0.10012674271229405
8.0,9.0,43.0,0.1,0.075,0.2,1.0,787.0,0.0,0.0,0.10038119440914867
8.0,9.0,44.0,0.1,0.075,0.2,1.0,787.0,0.0,0.0,0.10038119440914867
8.0,9.0,45.0,0.1,0.075,0.2,1.0,760.0,0.0,0.0,0.1723684210526316
8.0,9.0,46.0,0.1,0.075,0.2,1.0,760.0,0.0,0.0,0.1723684210526316
8.0,9.0,47.0,0.1,0.075,0.2,1.0,757.0,0.0,0.0,0.17305151915455746
8.0,9.0,48.0,0.1,0.075,0.2,1.0,739.0,0.0,0.0,0.17185385656292287
8.0,9.0,49.0,0.1,0.075,0.2,1.0,739.0,0.0,0.0,0.17185385656292287
8.0,9.0,50.0,0.1,0.075,0.2,1.0,739.0,0.0,0.0,0.17185385656292287
8.0,9.0,51.0,0.1,0.075,0.2,1.0,739.0,0.0,0.0,0.17185385656292287
8.0,9.0,52.0,0.1,0.075,0.2,1.0,739.0,0.0,0.0,0.17185385656292287
8.0,10.0,1.0,0.1,0.075,0.2,1.0,739.0,0.0,0.0,0.17185385656292287
8.0,10.0,2.0,0.1,0.075,0.2,1.0,737.0,0.0,0.0,0.1723202170963365
8.0,10.0,3.0,0.1,0.075,0.2,1.0,737.0,0.0,0.0,0.1723202170963365
8.0,10.0,4.0,0.1,0.075,0.2,1.0,737.0,0.0,0.0,0.1723202170963365
8.0,10.0,5.0,0.1,0.075,0.2,1.0,735.0,0.0,0.0,0.1727891156462585
8.0,10.0,6.0,0.1,0.075,0.2,1.0,733.0,0.0,0.0,0.17326057298772168
8.0,10.0,7.0,0.1,0.075,0.2,1.0,723.0,0.0,0.0,0.17565698478561548
8.0,10.0,8.0,0.1,0.075,0.2,1.0,718.0,0.0,0.0,0.17688022284122562
8.0,10.0,9.0,0.1,0.075,0.2,1.0,718.0,0.0,0.0,0.17688022284122562
8.0,10.0,10.0,0.1,0.075,0.2,1.0,716.0,0.0,0.0,0.17737430167597765
8.0,10.0,11.0,0.1,0.075,0.2,1.0,717.0,0.0,0.0,0.17712691771269176
8.0,10.0,12.0,0.1,0.075,0.2,1.0,712.0,0.0,0.0,0.17696629213483145
8.0,10.0,13.0,0.1,0.075,0.2,1.0,701.0,0.0,0.0,0.1797432239657632
8.0,10.0,14.0,0.1,0.075,0.2,1.0,698.0,0.0,0.0,0.18051575931232092
8.0,10.0,15.0,0.1,0.075,0.2,1.0,699.0,0.0,0.0,0.18025751072961374
8.0,10.0,16.0,0.1,0.075,0.2,1.0,696.0,0.0,0.0,0.1810344827586207
8.0,10.0,17.0,0.1,0.075,0.2,1.0,698.0,0.0,0.0,0.18051575931232092
8.0,10.0,18.0,0.1,0.075,0.2,1.0,697.0,0.0,0.0,0.18077474892395984
8.0,10.0,19.0,0.1,0.075,0.2,1.0,698.0,0.0,0.0,0.18051575931232092
8.0,10.0,20.0,0.1,0.075,0.2,1.0,1190.0,0.0,0.0,0.10084033613445378
8.0,10.0,21.0,0.1,0.075,0.2,1.0,1133.0,0.0,0.0,0.10326566637246248
8.0,10.0,22.0,0.1,0.075,0.2,1.0,1070.0,0.0,0.0,0.10560747663551402
8.0,10.0,23.0,0.1,0.075,0.2,1.0,1057.0,0.0,0.0,0.10406811731315042
8.0,10.0,24.0,0.1,0.075,0.2,1.0,1034.0,0.0,0.0,0.10444874274661509
8.0,10.0,25.0,0.1,0.075,0.2,1.0,1015.0,0.0,0.0,0.10541871921182266
8.0,10.0,26.0,0.1,0.075,0.2,1.0,973.0,0.0,0.0,0.10688591983556012
8.0,10.0,27.0,0.1,0.075,0.2,1.0,949.0,0.0,0.0,0.1053740779768177
8.0,10.0,28.0,0.1,0.075,0.2,1.0,935.0,0.0,0.0,0.10374331550802139
8.0,10.0,29.0,0.1,0.075,0.2,1.0,935.0,0.0,0.0,0.10374331550802139
8.0,10.0,30.0,0.1,0.075,0.2,1.0,908.0,0.0,0.0,0.10682819383259912
8.0,10.0,31.0,0.1,0.075,0.2,1.0,878.0,0.0,0.0,0.10933940774487472
8.0,10.0,32.0,0.1,0.075,0.2,1.0,836.0,0.0,0.0,0.11363636363636363
8.0,10.0,33.0,0.1,0.075,0.2,1.0,837.0,0.0,0.0,0.1135005973715651
8.0,10.0,34.0,0.1,0.075,0.2,1.0,836.0,0.0,0.0,0.11363636363636363
8.0,10.0,35.0,0.1,0.075,0.2,1.0,836.0,0.0,0.0,0.11363636363636363
8.0,10.0,36.0,0.1,0.075,0.2,1.0,835.0,0.0,0.0,0.11377245508982035
8.0,10.0,37.0,0.1,0.075,0.2,1.0,819.0,0.0,0.0,0.11355311355311355
8.0,10.0,38.0,0.1,0.075,0.2,1.0,820.0,0.0,0.0,0.11341463414634147
8.0,10.0,39.0,0.1,0.075,0.2,1.0,819.0,0.0,0.0,0.11355311355311355
8.0,10.0,40.0,0.1,0.075,0.2,1.0,807.0,0.0,0.0,0.1127633209417596
8.0,10.0,41.0,0.1,0.075,0.2,1.0,806.0,0.0,0.0,0.11290322580645161
8.0,10.0,42.0,0.1,0.075,0.2,1.0,785.0,0.0,0.0,0.11210191082802548
8.0,10.0,43.0,0.1,0.075,0.2,1.0,759.0,0.0,0.0,0.11330698287220026
8.0,10.0,44.0,0.1,0.075,0.2,1.0,744.0,0.0,0.0,0.11155913978494623
8.0,10.0,45.0,0.1,0.075,0.2,1.0,744.0,0.0,0.0,0.17876344086021506
8.0,10.0,46.0,0.1,0.075,0.2,1.0,742.0,0.0,0.0,0.1778975741239892
8.0,10.0,47.0,0.1,0.075,0.2,1.0,744.0,0.0,0.0,0.17876344086021506
8.0,10.0,48.0,0.1,0.075,0.2,1.0,744.0,0.0,0.0,0.17876344086021506
8.0,10.0,49.0,0.1,0.075,0.2,1.0,744.0,0.0,0.0,0.17876344086021506
8.0,10.0,50.0,0.1,0.075,0.2,1.0,743.0,0.0,0.0,0.17900403768506057
8.0,10.0,51.0,0.1,0.075,0.2,1.0,744.0,0.0,0.0,0.17876344086021506
8.0,10.0,52.0,0.1,0.075,0.2,1.0,743.0,0.0,0.0,0.17900403768506057
9.0,1.0,1.0,0.1,0.075,0.2,1.0,5114.0,44.0,7.0,0.09620649198279234
9.0,1.0,2.0,0.1,0.075,0.2,1.0,5096.0,49.0,15.0,0.09635007849293564
9.0,1.0,3.0,0.1,0.075,0.2,1.0,4993.0,65.0,30.0,0.09773683156418987
9.0,1.0,4.0,0.1,0.075,0.2,1.0,4953.0,75.0,41.0,0.09872804360993337
9.0,1.0,5.0,0.1,0.075,0.2,1.0,5003.0,108.0,41.0,0.1011393164101539
9.0,1.0,6.0,0.1,0.075,0.2,1.0,4886.0,118.0,36.0,0.10151453131395825
9.0,1.0,7.0,0.1,0.075,0.2,1.0,4743.0,138.0,40.0,0.10246679316888045
9.0,1.0,8.0,0.1,0.075,0.2,1.0,4506.0,156.0,52.0,0.1020861074123391
9.0,1.0,9.0,0.1,0.075,0.2,1.0,4402.0,184.0,65.0,0.10358927760109041
9.0,1.0,10.0,0.1,0.075,0.2,1.0,4249.0,201.0,73.0,0.10284772887738292
9.0,1.0,11.0,0.1,0.075,0.2,1.0,4165.0,226.0,81.0,0.10324129651860744
9.0,1.0,12.0,0.1,0.075,0.2,1.0,4010.0,250.0,106.0,0.1029925187032419
9.0,1.0,13.0,0.1,0.075,0.2,1.0,3910.0,249.0,121.0,0.10332480818414322
9.0,1.0,14.0,0.1,0.075,0.2,1.0,3788.0,251.0,111.0,0.10401267159450897
9.0,1.0,15.0,0.1,0.075,0.2,1.0,3684.0,257.0,105.0,0.10450597176981542
9.0,1.0,16.0,0.1,0.075,0.2,1.0,3568.0,261.0,102.0,0.1062219730941704
9.0,1.0,17.0,0.1,0.075,0.2,1.0,3464.0,267.0,126.0,0.10652424942263279
9.0,1.0,18.0,0.1,0.075,0.2,1.0,3387.0,272.0,134.0,0.10983170947741364
9.0,1.0,19.0,0.1,0.075,0.2,1.0,3294.0,275.0,142.0,0.10868245294474803
9.0,1.0,20.0,0.1,0.075,0.2,1.0,6025.0,270.0,134.0,0.05908713692946058
9.0,1.0,21.0,0.1,0.075,0.2,1.0,5628.0,323.0,120.0,0.059168443496801705
9.0,1.0,22.0,0.1,0.075,0.2,1.0,5314.0,351.0,127.0,0.06021829130598419
9.0,1.0,23.0,0.1,0.075,0.2,1.0,4987.0,368.0,139.0,0.06256266292360137
9.0,1.0,24.0,0.1,0.075,0.2,1.0,4887.0,407.0,186.0,0.063024350317168
9.0,1.0,25.0,0.1,0.075,0.2,1.0,4655.0,446.0,182.0,0.06466165413533835
9.0,1.0,26.0,0.1,0.075,0.2,1.0,4409.0,450.0,196.0,0.06577455205261964
9.0,1.0,27.0,0.1,0.075,0.2,1.0,4148.0,444.0,196.0,0.06870781099324975
9.0,1.0,28.0,0.1,0.075,0.2,1.0,4003.0,472.0,209.0,0.06869847614289283
9.0,1.0,29.0,0.1,0.075,0.2,1.0,3800.0,512.0,206.0,0.07078947368421053
9.0,1.0,30.0,0.1,0.075,0.2,1.0,3617.0,540.0,215.0,0.07050041470832182
9.0,1.0,31.0,0.1,0.075,0.2,1.0,3449.0,555.0,252.0,0.0742244128732966
9.0,1.0,32.0,0.1,0.075,0.2,1.0,3306.0,573.0,275.0,0.07592256503327284
9.0,1.0,33.0,0.1,0.075,0.2,1.0,3162.0,572.0,263.0,0.07748260594560405
9.0,1.0,34.0,0.1,0.075,0.2,1.0,2991.0,556.0,235.0,0.07957204948177866
9.0,1.0,35.0,0.1,0.075,0.2,1.0,2862.0,549.0,248.0,0.08245981830887492
9.0,1.0,36.0,0.1,0.075,0.2,1.0,2697.0,550.0,246.0,0.0863922877271042
9.0,1.0,37.0,0.1,0.075,0.2,1.0,2571.0,548.0,278.0,0.08868144690781797
9.0,1.0,38.0,0.1,0.075,0.2,1.0,2422.0,537.0,259.0,0.09248554913294797
9.0,1.0,39.0,0.1,0.075,0.2,1.0,2298.0,535.0,254.0,0.09660574412532637
9.0,1.0,40.0,0.1,0.075,0.2,1.0,2136.0,498.0,222.0,0.10205992509363296
9.0,1.0,41.0,0.1,0.075,0.2,1.0,2022.0,465.0,231.0,0.1083086053412463
9.0,1.0,42.0,0.1,0.075,0.2,1.0,1908.0,449.0,233.0,0.11163522012578617
9.0,1.0,43.0,0.1,0.075,0.2,1.0,1800.0,436.0,237.0,0.11777777777777777
9.0,1.0,44.0,0.1,0.075,0.2,1.0,1646.0,382.0,205.0,0.12515188335358446
9.0,1.0,45.0,0.1,0.075,0.2,1.0,1508.0,325.0,167.0,0.20954907161803712
9.0,1.0,46.0,0.1,0.075,0.2,1.0,1437.0,276.0,143.0,0.21294363256784968
9.0,1.0,47.0,0.1,0.075,0.2,1.0,1339.0,243.0,133.0,0.22255414488424197
9.0,1.0,48.0,0.1,0.075,0.2,1.0,1296.0,221.0,129.0,0.22453703703703703
9.0,1.0,49.0,0.1,0.075,0.2,1.0,1224.0,196.0,118.0,0.23366013071895425
9.0,1.0,50.0,0.1,0.075,0.2,1.0,1186.0,176.0,95.0,0.23693086003372682
9.0,1.0,51.0,0.1,0.075,0.2,1.0,1124.0,160.0,79.0,0.24466192170818504
9.0,1.0,52.0,0.1,0.075,0.2,1.0,1083.0,127.0,71.0,0.2520775623268698
9.0,2.0,1.0,0.1,0.075,0.2,1.0,1046.0,120.0,72.0,0.25717017208413
9.0,2.0,2.0,0.1,0.075,0.2,1.0,1024.0,112.0,70.0,0.26171875
9.0,2.0,3.0,0.1,0.075,0.2,1.0,973.0,95.0,51.0,0.2723535457348407
9.0,2.0,4.0,0.1,0.075,0.2,1.0,948.0,83.0,45.0,0.27637130801687765
9.0,2.0,5.0,0.1,0.075,0.2,1.0,914.0,73.0,41.0,0.2800875273522976
9.0,2.0,6.0,0.1,0.075,0.2,1.0,904.0,71.0,43.0,0.28207964601769914
9.0,2.0,7.0,0.1,0.075,0.2,1.0,867.0,64.0,35.0,0.28835063437139563
9.0,2.0,8.0,0.1,0.075,0.2,1.0,851.0,55.0,31.0,0.29142185663924797
9.0,2.0,9.0,0.1,0.075,0.2,1.0,819.0,46.0,26.0,0.30036630036630035
9.0,2.0,10.0,0.1,0.075,0.2,1.0,808.0,43.0,28.0,0.3032178217821782
9.0,2.0,11.0,0.1,0.075,0.2,1.0,785.0,38.0,23.0,0.3057324840764331
9.0,2.0,12.0,0.1,0.075,0.2,1.0,775.0,34.0,21.0,0.30838709677419357
9.0,2.0,13.0,0.1,0.075,0.2,1.0,755.0,26.0,14.0,0.3125827814569536
9.0,2.0,14.0,0.1,0.075,0.2,1.0,745.0,24.0,15.0,0.3167785234899329
9.0,2.0,15.0,0.1,0.075,0.2,1.0,735.0,21.0,15.0,0.3183673469387755
9.0,2.0,16.0,0.1,0.075,0.2,1.0,732.0,20.0,11.0,0.31830601092896177
9.0,2.0,17.0,0.1,0.075,0.2,1.0,715.0,15.0,8.0,0.3230769230769231
9.0,2.0,18.0,0.1,0.075,0.2,1.0,713.0,11.0,7.0,0.3225806451612903
9.0,2.0,19.0,0.1,0.075,0.2,1.0,704.0,11.0,8.0,0.328125
9.0,2.0,20.0,0.1,0.075,0.2,1.0,1274.0,9.0,5.0,0.1781789638932496
9.0,2.0,21.0,0.1,0.075,0.2,1.0,1250.0,9.0,4.0,0.1808
9.0,2.0,22.0,0.1,0.075,0.2,1.0,1188.0,8.0,4.0,0.18434343434343434
9.0,2.0,23.0,0.1,0.075,0.2,1.0,1157.0,8.0,4.0,0.18236819360414866
9.0,2.0,24.0,0.1,0.075,0.2,1.0,1156.0,6.0,3.0,0.18079584775086505
9.0,2.0,25.0,0.1,0.075,0.2,1.0,1124.0,13.0,4.0,0.18149466192170818
9.0,2.0,26.0,0.1,0.075,0.2,1.0,1091.0,5.0,2.0,0.18148487626031165
9.0,2.0,27.0,0.1,0.075,0.2,1.0,1056.0,7.0,3.0,0.18276515151515152
9.0,2.0,28.0,0.1,0.075,0.2,1.0,1067.0,6.0,2.0,0.18088097469540768
9.0,2.0,29.0,0.1,0.075,0.2,1.0,1043.0,9.0,3.0,0.18312559923298177
9.0,2.0,30.0,0.1,0.075,0.2,1.0,1040.0,6.0,3.0,0.18173076923076922
9.0,2.0,31.0,0.1,0.075,0.2,1.0,1015.0,8.0,2.0,0.1812807881773399
9.0,2.0,32.0,0.1,0.075,0.2,1.0,999.0,7.0,4.0,0.18218218218218218
9.0,2.0,33.0,0.1,0.075,0.2,1.0,949.0,8.0,5.0,0.1833508956796628
9.0,2.0,34.0,0.1,0.075,0.2,1.0,926.0,10.0,4.0,0.1857451403887689
9.0,2.0,35.0,0.1,0.075,0.2,1.0,901.0,9.0,2.0,0.18756936736958935
9.0,2.0,36.0,0.1,0.075,0.2,1.0,878.0,5.0,1.0,0.18792710706150342
9.0,2.0,37.0,0.1,0.075,0.2,1.0,867.0,5.0,3.0,0.18569780853517878
9.0,2.0,38.0,0.1,0.075,0.2,1.0,865.0,7.0,3.0,0.1861271676300578
9.0,2.0,39.0,0.1,0.075,0.2,1.0,836.0,9.0,4.0,0.18899521531100477
9.0,2.0,40.0,0.1,0.075,0.2,1.0,827.0,6.0,4.0,0.19105199516324062
9.0,2.0,41.0,0.1,0.075,0.2,1.0,798.0,4.0,3.0,0.19172932330827067
9.0,2.0,42.0,0.1,0.075,0.2,1.0,777.0,5.0,2.0,0.19305019305019305
9.0,2.0,43.0,0.1,0.075,0.2,1.0,783.0,3.0,1.0,0.19029374201787994
9.0,2.0,44.0,0.1,0.075,0.2,1.0,775.0,6.0,1.0,0.1896774193548387
9.0,2.0,45.0,0.1,0.075,0.2,1.0,769.0,2.0,2.0,0.23797139141742524
9.0,2.0,46.0,0.1,0.075,0.2,1.0,751.0,6.0,4.0,0.24234354194407456
9.0,2.0,47.0,0.1,0.075,0.2,1.0,744.0,2.0,2.0,0.24327956989247312
9.0,2.0,48.0,0.1,0.075,0.2,1.0,737.0,4.0,1.0,0.24423337856173677
9.0,2.0,49.0,0.1,0.075,0.2,1.0,724.0,0.0,0.0,0.24861878453038674
9.0,2.0,50.0,0.1,0.075,0.2,1.0,724.0,1.0,0.0,0.25
9.0,2.0,51.0,0.1,0.075,0.2,1.0,713.0,0.0,0.0,0.2496493688639551
9.0,2.0,52.0,0.1,0.075,0.2,1.0,703.0,1.0,1.0,0.2460881934566145
9.0,3.0,1.0,0.1,0.075,0.2,1.0,685.0,0.0,0.0,0.24963503649635035
9.0,3.0,2.0,0.1,0.075,0.2,1.0,678.0,0.0,0.0,0.24631268436578171
9.0,3.0,3.0,0.1,0.075,0.2,1.0,671.0,0.0,0.0,0.2503725782414307
9.0,3.0,4.0,0.1,0.075,0.2,1.0,666.0,0.0,0.0,0.24924924924924924
9.0,3.0,5.0,0.1,0.075,0.2,1.0,655.0,0.0,0.0,0.2534351145038168
9.0,3.0,6.0,0.1,0.075,0.2,1.0,651.0,0.0,0.0,0.2519201228878648
9.0,3.0,7.0,0.1,0.075,0.2,1.0,642.0,0.0,0.0,0.2538940809968847
9.0,3.0,8.0,0.1,0.075,0.2,1.0,632.0,0.0,0.0,0.25316455696202533
9.0,3.0,9.0,0.1,0.075,0.2,1.0,632.0,0.0,0.0,0.2563291139240506
9.0,3.0,10.0,0.1,0.075,0.2,1.0,617.0,0.0,0.0,0.2544570502431118
9.0,3.0,11.0,0.1,0.075,0.2,1.0,602.0,0.0,0.0,0.260797342192691
9.0,3.0,12.0,0.1,0.075,0.2,1.0,594.0,0.0,0.0,0.25925925925925924
9.0,3.0,13.0,0.1,0.075,0.2,1.0,594.0,0.0,0.0,0.2609427609427609
9.0,3.0,14.0,0.1,0.075,0.2,1.0,586.0,0.0,0.0,0.26109215017064846
9.0,3.0,15.0,0.1,0.075,0.2,1.0,587.0,0.0,0.0,0.25894378194207834
9.0,3.0,16.0,0.1,0.075,0.2,1.0,578.0,0.0,0.0,0.25951557093425603
9.0,3.0,17.0,0.1,0.075,0.2,1.0,573.0,0.0,0.0,0.2617801047120419
9.0,3.0,18.0,0.1,0.075,0.2,1.0,573.0,0.0,0.0,0.2600349040139616
9.0,3.0,19.0,0.1,0.075,0.2,1.0,569.0,0.0,0.0,0.2601054481546573
9.0,3.0,20.0,0.1,0.075,0.2,1.0,1098.0,0.0,0.0,0.13570127504553733
9.0,3.0,21.0,0.1,0.075,0.2,1.0,1051.0,0.0,0.0,0.1351094196003806
9.0,3.0,22.0,0.1,0.075,0.2,1.0,1060.0,0.0,0.0,0.1349056603773585
9.0,3.0,23.0,0.1,0.075,0.2,1.0,1013.0,0.0,0.0,0.13524185587364265
9.0,3.0,24.0,0.1,0.075,0.2,1.0,1020.0,0.0,0.0,0.13627450980392156
9.0,3.0,25.0,0.1,0.075,0.2,1.0,964.0,0.0,0.0,0.13692946058091288
9.0,3.0,26.0,0.1,0.075,0.2,1.0,973.0,0.0,0.0,0.1366906474820144
9.0,3.0,27.0,0.1,0.075,0.2,1.0,932.0,0.0,0.0,0.13841201716738197
9.0,3.0,28.0,0.1,0.075,0.2,1.0,935.0,0.0,0.0,0.1358288770053476
9.0,3.0,29.0,0.1,0.075,0.2,1.0,910.0,0.0,0.0,0.13626373626373625
9.0,3.0,30.0,0.1,0.075,0.2,1.0,895.0,0.0,0.0,0.13743016759776536
9.0,3.0,31.0,0.1,0.075,0.2,1.0,878.0,0.0,0.0,0.13895216400911162
9.0,3.0,32.0,0.1,0.075,0.2,1.0,837.0,0.0,0.0,0.13978494623655913
9.0,3.0,33.0,0.1,0.075,0.2,1.0,804.0,0.0,0.0,0.1417910447761194
9.0,3.0,34.0,0.1,0.075,0.2,1.0,788.0,0.0,0.0,0.14213197969543148
9.0,3.0,35.0,0.1,0.075,0.2,1.0,750.0,0.0,0.0,0.14133333333333334
9.0,3.0,36.0,0.1,0.075,0.2,1.0,748.0,0.0,0.0,0.14304812834224598
9.0,3.0,37.0,0.1,0.075,0.2,1.0,728.0,0.0,0.0,0.13873626373626374
9.0,3.0,38.0,0.1,0.075,0.2,1.0,720.0,0.0,0.0,0.1388888888888889
9.0,3.0,39.0,0.1,0.075,0.2,1.0,709.0,0.0,0.0,0.1368124118476728
9.0,3.0,40.0,0.1,0.075,0.2,1.0,718.0,0.0,0.0,0.1392757660167131
9.0,3.0,41.0,0.1,0.075,0.2,1.0,687.0,0.0,0.0,0.13973799126637554
9.0,3.0,42.0,0.1,0.075,0.2,1.0,668.0,0.0,0.0,0.14221556886227546
9.0,3.0,43.0,0.1,0.075,0.2,1.0,674.0,0.0,0.0,0.14391691394658754
9.0,3.0,44.0,0.1,0.075,0.2,1.0,652.0,0.0,0.0,0.14570552147239263
9.0,3.0,45.0,0.1,0.075,0.2,1.0,666.0,0.0,0.0,0.2087087087087087
9.0,3.0,46.0,0.1,0.075,0.2,1.0,646.0,0.0,0.0,0.2089783281733746
9.0,3.0,47.0,0.1,0.075,0.2,1.0,646.0,0.0,0.0,0.20743034055727555
9.0,3.0,48.0,0.1,0.075,0.2,1.0,624.0,0.0,0.0,0.21314102564102563
9.0,3.0,49.0,0.1,0.075,0.2,1.0,610.0,0.0,0.0,0.21147540983606558
9.0,3.0,50.0,0.1,0.075,0.2,1.0,589.0,0.0,0.0,0.21052631578947367
9.0,3.0,51.0,0.1,0.075,0.2,1.0,595.0,0.0,0.0,0.20504201680672268
9.0,3.0,52.0,0.1,0.075,0.2,1.0,570.0,0.0,0.0,0.20877192982456141
9.0,4.0,1.0,0.1,0.075,0.2,1.0,576.0,0.0,0.0,0.20833333333333334
9.0,4.0,2.0,0.1,0.075,0.2,1.0,559.0,0.0,0.0,0.21288014311270126
9.0,4.0,3.0,0.1,0.075,0.2,1.0,569.0,0.0,0.0,0.2038664323374341
9.0,4.0,4.0,0.1,0.075,0.2,1.0,525.0,0.0,0.0,0.2038095238095238
9.0,4.0,5.0,0.1,0.075,0.2,1.0,534.0,0.0,0.0,0.20037453183520598
9.0,4.0,6.0,0.1,0.075,0.2,1.0,517.0,0.0,0.0,0.2011605415860735
9.0,4.0,7.0,0.1,0.075,0.2,1.0,527.0,0.0,0.0,0.1935483870967742
9.0,4.0,8.0,0.1,0.075,0.2,1.0,511.0,0.0,0.0,0.2035225048923679
9.0,4.0,9.0,0.1,0.075,0.2,1.0,516.0,0.0,0.0,0.19186046511627908
9.0,4.0,10.0,0.1,0.075,0.2,1.0,497.0,0.0,0.0,0.20321931589537223
9.0,4.0,11.0,0.1,0.075,0.2,1.0,505.0,0.0,0.0,0.19207920792079208
9.0,4.0,12.0,0.1,0.075,0.2,1.0,491.0,0.0,0.0,0.20366598778004075
9.0,4.0,13.0,0.1,0.075,0.2,1.0,499.0,0.0,0.0,0.19238476953907815
9.0,4.0,14.0,0.1,0.075,0.2,1.0,482.0,0.0,0.0,0.2033195020746888
9.0,4.0,15.0,0.1,0.075,0.2,1.0,492.0,0.0,0.0,0.19308943089430894
9.0,4.0,16.0,0.1,0.075,0.2,1.0,479.0,0.0,0.0,0.20250521920668058
9.0,4.0,17.0,0.1,0.075,0.2,1.0,489.0,0.0,0.0,0.19427402862985685
9.0,4.0,18.0,0.1,0.075,0.2,1.0,478.0,0.0,0.0,0.20292887029288703
9.0,4.0,19.0,0.1,0.075,0.2,1.0,482.0,0.0,0.0,0.19294605809128632
9.0,4.0,20.0,0.1,0.075,0.2,1.0,903.0,0.0,0.0,0.10631229235880399
9.0,4.0,21.0,0.1,0.075,0.2,1.0,888.0,0.0,0.0,0.10135135135135136
9.0,4.0,22.0,0.1,0.075,0.2,1.0,887.0,0.0,0.0,0.10484780157835401
9.0,4.0,23.0,0.1,0.075,0.2,1.0,846.0,0.0,0.0,0.10401891252955082
9.0,4.0,24.0,0.1,0.075,0.2,1.0,839.0,0.0,0.0,0.10727056019070322
9.0,4.0,25.0,0.1,0.075,0.2,1.0,827.0,0.0,0.0,0.10519951632406288
9.0,4.0,26.0,0.1,0.075,0.2,1.0,835.0,0.0,0.0,0.10778443113772455
9.0,4.0,27.0,0.1,0.075,0.2,1.0,819.0,0.0,0.0,0.10622710622710622
9.0,4.0,28.0,0.1,0.075,0.2,1.0,792.0,0.0,0.0,0.10858585858585859
9.0,4.0,29.0,0.1,0.075,0.2,1.0,753.0,0.0,0.0,0.10756972111553785
9.0,4.0,30.0,0.1,0.075,0.2,1.0,762.0,0.0,0.0,0.1115485564304462
9.0,4.0,31.0,0.1,0.075,0.2,1.0,746.0,0.0,0.0,0.10857908847184987
9.0,4.0,32.0,0.1,0.075,0.2,1.0,761.0,0.0,0.0,0.1116951379763469
9.0,4.0,33.0,0.1,0.075,0.2,1.0,749.0,0.0,0.0,0.1081441922563418
9.0,4.0,34.0,0.1,0.075,0.2,1.0,754.0,0.0,0.0,0.11140583554376658
9.0,4.0,35.0,0.1,0.075,0.2,1.0,748.0,0.0,0.0,0.10695187165775401
9.0,4.0,36.0,0.1,0.075,0.2,1.0,725.0,0.0,0.0,0.11172413793103449
9.0,4.0,37.0,0.1,0.075,0.2,1.0,720.0,0.0,0.0,0.10833333333333334
9.0,4.0,38.0,0.1,0.075,0.2,1.0,688.0,0.0,0.0,0.1119186046511628
9.0,4.0,39.0,0.1,0.075,0.2,1.0,695.0,0.0,0.0,0.1093525179856115
9.0,4.0,40.0,0.1,0.075,0.2,1.0,689.0,0.0,0.0,0.11175616835994194
9.0,4.0,41.0,0.1,0.075,0.2,1.0,695.0,0.0,0.0,0.1093525179856115
9.0,4.0,42.0,0.1,0.075,0.2,1.0,685.0,0.0,0.0,0.11240875912408758
9.0,4.0,43.0,0.1,0.075,0.2,1.0,675.0,0.0,0.0,0.11259259259259259
9.0,4.0,44.0,0.1,0.075,0.2,1.0,651.0,0.0,0.0,0.10752688172043011
9.0,4.0,45.0,0.1,0.075,0.2,1.0,637.0,0.0,0.0,0.17896389324960754
9.0,4.0,46.0,0.1,0.075,0.2,1.0,628.0,0.0,0.0,0.17993630573248406
9.0,4.0,47.0,0.1,0.075,0.2,1.0,623.0,0.0,0.0,0.1797752808988764
9.0,4.0,48.0,0.1,0.075,0.2,1.0,612.0,0.0,0.0,0.1781045751633987
9.0,4.0,49.0,0.1,0.075,0.2,1.0,611.0,0.0,0.0,0.18003273322422259
9.0,4.0,50.0,0.1,0.075,0.2,1.0,612.0,0.0,0.0,0.17483660130718953
9.0,4.0,51.0,0.1,0.075,0.2,1.0,604.0,0.0,0.0,0.1804635761589404
9.0,4.0,52.0,0.1,0.075,0.2,1.0,599.0,0.0,0.0,0.17529215358931552
9.0,5.0,1.0,0.1,0.075,0.2,1.0,597.0,0.0,0.0,0.18090452261306533
9.0,5.0,2.0,0.1,0.075,0.2,1.0,590.0,0.0,0.0,0.17457627118644067
9.0,5.0,3.0,0.1,0.075,0.2,1.0,579.0,0.0,0.0,0.17789291882556132
9.0,5.0,4.0,0.1,0.075,0.2,1.0,568.0,0.0,0.0,0.176056338028169
9.0,5.0,5.0,0.1,0.075,0.2,1.0,573.0,0.0,0.0,0.1762652705061082
9.0,5.0,6.0,0.1,0.075,0.2,1.0,569.0,0.0,0.0,0.1757469244288225
9.0,5.0,7.0,0.1,0.075,0.2,1.0,569.0,0.0,0.0,0.1757469244288225
9.0,5.0,8.0,0.1,0.075,0.2,1.0,548.0,0.0,0.0,0.17153284671532848
9.0,5.0,9.0,0.1,0.075,0.2,1.0,556.0,0.0,0.0,0.17625899280575538
9.0,5.0,10.0,0.1,0.075,0.2,1.0,539.0,0.0,0.0,0.17439703153988867
9.0,5.0,11.0,0.1,0.075,0.2,1.0,551.0,0.0,0.0,0.17785843920145192
9.0,5.0,12.0,0.1,0.075,0.2,1.0,538.0,0.0,0.0,0.17286245353159851
9.0,5.0,13.0,0.1,0.075,0.2,1.0,547.0,0.0,0.0,0.17915904936014626
9.0,5.0,14.0,0.1,0.075,0.2,1.0,531.0,0.0,0.0,0.1751412429378531
9.0,5.0,15.0,0.1,0.075,0.2,1.0,540.0,0.0,0.0,0.17777777777777778
9.0,5.0,16.0,0.1,0.075,0.2,1.0,527.0,0.0,0.0,0.17267552182163187
9.0,5.0,17.0,0.1,0.075,0.2,1.0,528.0,0.0,0.0,0.17613636363636365
9.0,5.0,18.0,0.1,0.075,0.2,1.0,510.0,0.0,0.0,0.17058823529411765
9.0,5.0,19.0,0.1,0.075,0.2,1.0,512.0,0.0,0.0,0.169921875
9.0,5.0,20.0,0.1,0.075,0.2,1.0,913.0,0.0,0.0,0.09090909090909091
9.0,5.0,21.0,0.1,0.075,0.2,1.0,899.0,0.0,0.0,0.09010011123470522
9.0,5.0,22.0,0.1,0.075,0.2,1.0,867.0,0.0,0.0,0.09111880046136102
9.0,5.0,23.0,0.1,0.075,0.2,1.0,858.0,0.0,0.0,0.09090909090909091
9.0,5.0,24.0,0.1,0.075,0.2,1.0,836.0,0.0,0.0,0.09090909090909091
9.0,5.0,25.0,0.1,0.075,0.2,1.0,844.0,0.0,0.0,0.09123222748815166
9.0,5.0,26.0,0.1,0.075,0.2,1.0,832.0,0.0,0.0,0.09134615384615384
9.0,5.0,27.0,0.1,0.075,0.2,1.0,833.0,0.0,0.0,0.09243697478991597
9.0,5.0,28.0,0.1,0.075,0.2,1.0,806.0,0.0,0.0,0.09305210918114144
9.0,5.0,29.0,0.1,0.075,0.2,1.0,792.0,0.0,0.0,0.09343434343434344
9.0,5.0,30.0,0.1,0.075,0.2,1.0,769.0,0.0,0.0,0.09362808842652796
9.0,5.0,31.0,0.1,0.075,0.2,1.0,779.0,0.0,0.0,0.09370988446726572
9.0,5.0,32.0,0.1,0.075,0.2,1.0,768.0,0.0,0.0,0.09375
9.0,5.0,33.0,0.1,0.075,0.2,1.0,746.0,0.0,0.0,0.09651474530831099
9.0,5.0,34.0,0.1,0.075,0.2,1.0,733.0,0.0,0.0,0.09549795361527967
9.0,5.0,35.0,0.1,0.075,0.2,1.0,733.0,0.0,0.0,0.09822646657571624
9.0,5.0,36.0,0.1,0.075,0.2,1.0,706.0,0.0,0.0,0.09490084985835694
9.0,5.0,37.0,0.1,0.075,0.2,1.0,699.0,0.0,0.0,0.09871244635193133
9.0,5.0,38.0,0.1,0.075,0.2,1.0,689.0,0.0,0.0,0.09579100145137881
9.0,5.0,39.0,0.1,0.075,0.2,1.0,697.0,0.0,0.0,0.09899569583931134
9.0,5.0,40.0,0.1,0.075,0.2,1.0,669.0,0.0,0.0,0.09865470852017937
9.0,5.0,41.0,0.1,0.075,0.2,1.0,671.0,0.0,0.0,0.10134128166915052
9.0,5.0,42.0,0.1,0.075,0.2,1.0,666.0,0.0,0.0,0.09759759759759759
9.0,5.0,43.0,0.1,0.075,0.2,1.0,635.0,0.0,0.0,0.09448818897637795
9.0,5.0,44.0,0.1,0.075,0.2,1.0,614.0,0.0,0.0,0.09120521172638436
9.0,5.0,45.0,0.1,0.075,0.2,1.0,613.0,0.0,0.0,0.17455138662316477
9.0,5.0,46.0,0.1,0.075,0.2,1.0,608.0,0.0,0.0,0.16940789473684212
9.0,5.0,47.0,0.1,0.075,0.2,1.0,608.0,0.0,0.0,0.17598684210526316
9.0,5.0,48.0,0.1,0.075,0.2,1.0,602.0,0.0,0.0,0.16611295681063123
9.0,5.0,49.0,0.1,0.075,0.2,1.0,607.0,0.0,0.0,0.17298187808896212
9.0,5.0,50.0,0.1,0.075,0.2,1.0,602.0,0.0,0.0,0.16777408637873753
9.0,5.0,51.0,0.1,0.075,0.2,1.0,607.0,0.0,0.0,0.17298187808896212
9.0,5.0,52.0,0.1,0.075,0.2,1.0,597.0,0.0,0.0,0.16750418760469013
9.0,6.0,1.0,0.1,0.075,0.2,1.0,594.0,0.0,0.0,0.1734006734006734
9.0,6.0,2.0,0.1,0.075,0.2,1.0,585.0,0.0,0.0,0.1641025641025641
9.0,6.0,3.0,0.1,0.075,0.2,1.0,589.0,0.0,0.0,0.1731748726655348
9.0,6.0,4.0,0.1,0.075,0.2,1.0,578.0,0.0,0.0,0.16608996539792387
9.0,6.0,5.0,0.1,0.075,0.2,1.0,572.0,0.0,0.0,0.17657342657342656
9.0,6.0,6.0,0.1,0.075,0.2,1.0,562.0,0.0,0.0,0.16903914590747332
9.0,6.0,7.0,0.1,0.075,0.2,1.0,563.0,0.0,0.0,0.17939609236234458
9.0,6.0,8.0,0.1,0.075,0.2,1.0,561.0,0.0,0.0,0.16934046345811052
9.0,6.0,9.0,0.1,0.075,0.2,1.0,558.0,0.0,0.0,0.18100358422939067
9.0,6.0,10.0,0.1,0.075,0.2,1.0,550.0,0.0,0.0,0.1709090909090909
9.0,6.0,11.0,0.1,0.075,0.2,1.0,552.0,0.0,0.0,0.18478260869565216
9.0,6.0,12.0,0.1,0.075,0.2,1.0,541.0,0.0,0.0,0.17190388170055454
9.0,6.0,13.0,0.1,0.075,0.2,1.0,544.0,0.0,0.0,0.1875
9.0,6.0,14.0,0.1,0.075,0.2,1.0,530.0,0.0,0.0,0.17547169811320754
9.0,6.0,15.0,0.1,0.075,0.2,1.0,537.0,0.0,0.0,0.186219739292365
9.0,6.0,16.0,0.1,0.075,0.2,1.0,528.0,0.0,0.0,0.17424242424242425
9.0,6.0,17.0,0.1,0.075,0.2,1.0,533.0,0.0,0.0,0.18386491557223264
9.0,6.0,18.0,0.1,0.075,0.2,1.0,526.0,0.0,0.0,0.17490494296577946
9.0,6.0,19.0,0.1,0.075,0.2,1.0,530.0,0.0,0.0,0.1830188679245283
9.0,6.0,20.0,0.1,0.075,0.2,1.0,965.0,0.0,0.0,0.09533678756476684
9.0,6.0,21.0,0.1,0.075,0.2,1.0,936.0,0.0,0.0,0.10256410256410256
9.0,6.0,22.0,0.1,0.075,0.2,1.0,915.0,0.0,0.0,0.09726775956284153
9.0,6.0,23.0,0.1,0.075,0.2,1.0,915.0,0.0,0.0,0.10273224043715846
9.0,6.0,24.0,0.1,0.075,0.2,1.0,915.0,0.0,0.0,0.09726775956284153
9.0,6.0,25.0,0.1,0.075,0.2,1.0,901.0,0.0,0.0,0.10432852386237514
9.0,6.0,26.0,0.1,0.075,0.2,1.0,889.0,0.0,0.0,0.09786276715410573
9.0,6.0,27.0,0.1,0.075,0.2,1.0,887.0,0.0,0.0,0.10484780157835401
9.0,6.0,28.0,0.1,0.075,0.2,1.0,877.0,0.0,0.0,0.09806157354618016
9.0,6.0,29.0,0.1,0.075,0.2,1.0,862.0,0.0,0.0,0.10440835266821345
9.0,6.0,30.0,0.1,0.075,0.2,1.0,810.0,0.0,0.0,0.1
9.0,6.0,31.0,0.1,0.075,0.2,1.0,814.0,0.0,0.0,0.10319410319410319
9.0,6.0,32.0,0.1,0.075,0.2,1.0,772.0,0.0,0.0,0.09844559585492228
9.0,6.0,33.0,0.1,0.075,0.2,1.0,789.0,0.0,0.0,0.10266159695817491
9.0,6.0,34.0,0.1,0.075,0.2,1.0,772.0,0.0,0.0,0.09715025906735751
9.0,6.0,35.0,0.1,0.075,0.2,1.0,788.0,0.0,0.0,0.10406091370558376
9.0,6.0,36.0,0.1,0.075,0.2,1.0,742.0,0.0,0.0,0.10107816711590296
9.0,6.0,37.0,0.1,0.075,0.2,1.0,757.0,0.0,0.0,0.10568031704095113
9.0,6.0,38.0,0.1,0.075,0.2,1.0,741.0,0.0,0.0,0.09986504723346828
9.0,6.0,39.0,0.1,0.075,0.2,1.0,755.0,0.0,0.0,0.10596026490066225
9.0,6.0,40.0,0.1,0.075,0.2,1.0,741.0,0.0,0.0,0.09851551956815115
9.0,6.0,41.0,0.1,0.075,0.2,1.0,743.0,0.0,0.0,0.10363391655450875
9.0,6.0,42.0,0.1,0.075,0.2,1.0,730.0,0.0,0.0,0.09726027397260274
9.0,6.0,43.0,0.1,0.075,0.2,1.0,732.0,0.0,0.0,0.10109289617486339
9.0,6.0,44.0,0.1,0.075,0.2,1.0,724.0,0.0,0.0,0.09806629834254144
9.0,6.0,45.0,0.1,0.075,0.2,1.0,719.0,0.0,0.0,0.17663421418636996
9.0,6.0,46.0,0.1,0.075,0.2,1.0,710.0,0.0,0.0,0.18028169014084508
9.0,6.0,47.0,0.1,0.075,0.2,1.0,709.0,0.0,0.0,0.1763046544428773
9.0,6.0,48.0,0.1,0.075,0.2,1.0,705.0,0.0,0.0,0.18014184397163122
9.0,6.0,49.0,0.1,0.075,0.2,1.0,697.0,0.0,0.0,0.17360114777618366
9.0,6.0,50.0,0.1,0.075,0.2,1.0,671.0,0.0,0.0,0.17585692995529062
9.0,6.0,51.0,0.1,0.075,0.2,1.0,665.0,0.0,0.0,0.17142857142857143
9.0,6.0,52.0,0.1,0.075,0.2,1.0,660.0,0.0,0.0,0.17727272727272728
9.0,7.0,1.0,0.1,0.075,0.2,1.0,656.0,0.0,0.0,0.1722560975609756
9.0,7.0,2.0,0.1,0.075,0.2,1.0,646.0,0.0,0.0,0.18111455108359134
9.0,7.0,3.0,0.1,0.075,0.2,1.0,638.0,0.0,0.0,0.1755485893416928
9.0,7.0,4.0,0.1,0.075,0.2,1.0,639.0,0.0,0.0,0.17996870109546165
9.0,7.0,5.0,0.1,0.075,0.2,1.0,632.0,0.0,0.0,0.17405063291139242
9.0,7.0,6.0,0.1,0.075,0.2,1.0,633.0,0.0,0.0,0.18009478672985782
9.0,7.0,7.0,0.1,0.075,0.2,1.0,629.0,0.0,0.0,0.17170111287758347
9.0,7.0,8.0,0.1,0.075,0.2,1.0,622.0,0.0,0.0,0.1832797427652733
9.0,7.0,9.0,0.1,0.075,0.2,1.0,617.0,0.0,0.0,0.17504051863857376
9.0,7.0,10.0,0.1,0.075,0.2,1.0,608.0,0.0,0.0,0.18421052631578946
9.0,7.0,11.0,0.1,0.075,0.2,1.0,605.0,0.0,0.0,0.1768595041322314
9.0,7.0,12.0,0.1,0.075,0.2,1.0,602.0,0.0,0.0,0.18604651162790697
9.0,7.0,13.0,0.1,0.075,0.2,1.0,602.0,0.0,0.0,0.1777408637873754
9.0,7.0,14.0,0.1,0.075,0.2,1.0,601.0,0.0,0.0,0.18635607321131448
9.0,7.0,15.0,0.1,0.075,0.2,1.0,598.0,0.0,0.0,0.17725752508361203
9.0,7.0,16.0,0.1,0.075,0.2,1.0,598.0,0.0,0.0,0.18561872909698995
9.0,7.0,17.0,0.1,0.075,0.2,1.0,597.0,0.0,0.0,0.17755443886097153
9.0,7.0,18.0,0.1,0.075,0.2,1.0,592.0,0.0,0.0,0.1891891891891892
9.0,7.0,19.0,0.1,0.075,0.2,1.0,596.0,0.0,0.0,0.1761744966442953
9.0,7.0,20.0,0.1,0.075,0.2,1.0,1137.0,0.0,0.0,0.09762532981530343
9.0,7.0,21.0,0.1,0.075,0.2,1.0,1133.0,0.0,0.0,0.08914386584289496
9.0,7.0,22.0,0.1,0.075,0.2,1.0,1068.0,0.0,0.0,0.09644194756554307
9.0,7.0,23.0,0.1,0.075,0.2,1.0,1030.0,0.0,0.0,0.0912621359223301
9.0,7.0,24.0,0.1,0.075,0.2,1.0,1013.0,0.0,0.0,0.09871668311944719
9.0,7.0,25.0,0.1,0.075,0.2,1.0,1019.0,0.0,0.0,0.09224730127576054
9.0,7.0,26.0,0.1,0.075,0.2,1.0,975.0,0.0,0.0,0.09846153846153846
9.0,7.0,27.0,0.1,0.075,0.2,1.0,958.0,0.0,0.0,0.09290187891440502
9.0,7.0,28.0,0.1,0.075,0.2,1.0,934.0,0.0,0.0,0.09957173447537473
9.0,7.0,29.0,0.1,0.075,0.2,1.0,920.0,0.0,0.0,0.09456521739130434
9.0,7.0,30.0,0.1,0.075,0.2,1.0,892.0,0.0,0.0,0.09865470852017937
9.0,7.0,31.0,0.1,0.075,0.2,1.0,887.0,0.0,0.0,0.09470124013528748
9.0,7.0,32.0,0.1,0.075,0.2,1.0,877.0,0.0,0.0,0.10034207525655645
9.0,7.0,33.0,0.1,0.075,0.2,1.0,862.0,0.0,0.0,0.09744779582366589
9.0,7.0,34.0,0.1,0.075,0.2,1.0,854.0,0.0,0.0,0.10304449648711944
9.0,7.0,35.0,0.1,0.075,0.2,1.0,860.0,0.0,0.0,0.09767441860465116
9.0,7.0,36.0,0.1,0.075,0.2,1.0,840.0,0.0,0.0,0.10476190476190476
9.0,7.0,37.0,0.1,0.075,0.2,1.0,801.0,0.0,0.0,0.10362047440699126
9.0,7.0,38.0,0.1,0.075,0.2,1.0,778.0,0.0,0.0,0.11053984575835475
9.0,7.0,39.0,0.1,0.075,0.2,1.0,750.0,0.0,0.0,0.108
9.0,7.0,40.0,0.1,0.075,0.2,1.0,733.0,0.0,0.0,0.11596180081855388
9.0,7.0,41.0,0.1,0.075,0.2,1.0,736.0,0.0,0.0,0.11005434782608696
9.0,7.0,42.0,0.1,0.075,0.2,1.0,732.0,0.0,0.0,0.11475409836065574
9.0,7.0,43.0,0.1,0.075,0.2,1.0,736.0,0.0,0.0,0.11005434782608696
9.0,7.0,44.0,0.1,0.075,0.2,1.0,718.0,0.0,0.0,0.11420612813370473
9.0,7.0,45.0,0.1,0.075,0.2,1.0,714.0,0.0,0.0,0.17787114845938376
9.0,7.0,46.0,0.1,0.075,0.2,1.0,685.0,0.0,0.0,0.18248175182481752
9.0,7.0,47.0,0.1,0.075,0.2,1.0,682.0,0.0,0.0,0.17302052785923755
9.0,7.0,48.0,0.1,0.075,0.2,1.0,683.0,0.0,0.0,0.1815519765739385
9.0,7.0,49.0,0.1,0.075,0.2,1.0,681.0,0.0,0.0,0.17180616740088106
9.0,7.0,50.0,0.1,0.075,0.2,1.0,678.0,0.0,0.0,0.18141592920353983
9.0,7.0,51.0,0.1,0.075,0.2,1.0,674.0,0.0,0.0,0.17359050445103857
9.0,7.0,52.0,0.1,0.075,0.2,1.0,676.0,0.0,0.0,0.1819526627218935
9.0,8.0,1.0,0.1,0.075,0.2,1.0,668.0,0.0,0.0,0.1721556886227545
9.0,8.0,2.0,0.1,0.075,0.2,1.0,666.0,0.0,0.0,0.1816816816816817
9.0,8.0,3.0,0.1,0.075,0.2,1.0,660.0,0.0,0.0,0.17424242424242425
9.0,8.0,4.0,0.1,0.075,0.2,1.0,664.0,0.0,0.0,0.18072289156626506
9.0,8.0,5.0,0.1,0.075,0.2,1.0,657.0,0.0,0.0,0.1719939117199391
9.0,8.0,6.0,0.1,0.075,0.2,1.0,663.0,0.0,0.0,0.1794871794871795
9.0,8.0,7.0,0.1,0.075,0.2,1.0,652.0,0.0,0.0,0.17177914110429449
9.0,8.0,8.0,0.1,0.075,0.2,1.0,655.0,0.0,0.0,0.17862595419847327
9.0,8.0,9.0,0.1,0.075,0.2,1.0,648.0,0.0,0.0,0.1728395061728395
9.0,8.0,10.0,0.1,0.075,0.2,1.0,644.0,0.0,0.0,0.17857142857142858
9.0,8.0,11.0,0.1,0.075,0.2,1.0,639.0,0.0,0.0,0.1705790297339593
9.0,8.0,12.0,0.1,0.075,0.2,1.0,639.0,0.0,0.0,0.1784037558685446
9.0,8.0,13.0,0.1,0.075,0.2,1.0,627.0,0.0,0.0,0.17384370015948963
9.0,8.0,14.0,0.1,0.075,0.2,1.0,633.0,0.0,0.0,0.18167456556082148
9.0,8.0,15.0,0.1,0.075,0.2,1.0,620.0,0.0,0.0,0.17580645161290323
9.0,8.0,16.0,0.1,0.075,0.2,1.0,631.0,0.0,0.0,0.18225039619651348
9.0,8.0,17.0,0.1,0.075,0.2,1.0,621.0,0.0,0.0,0.17552334943639292
9.0,8.0,18.0,0.1,0.075,0.2,1.0,631.0,0.0,0.0,0.18225039619651348
9.0,8.0,19.0,0.1,0.075,0.2,1.0,620.0,0.0,0.0,0.17580645161290323
9.0,8.0,20.0,0.1,0.075,0.2,1.0,1173.0,0.0,0.0,0.09803921568627451
9.0,8.0,21.0,0.1,0.075,0.2,1.0,1095.0,0.0,0.0,0.091324200913242
9.0,8.0,22.0,0.1,0.075,0.2,1.0,1090.0,0.0,0.0,0.0963302752293578
9.0,8.0,23.0,0.1,0.075,0.2,1.0,1037.0,0.0,0.0,0.08871745419479267
9.0,8.0,24.0,0.1,0.075,0.2,1.0,936.0,0.0,0.0,0.09935897435897435
9.0,8.0,25.0,0.1,0.075,0.2,1.0,934.0,0.0,0.0,0.0974304068522484
9.0,8.0,26.0,0.1,0.075,0.2,1.0,906.0,0.0,0.0,0.10154525386313466
9.0,8.0,27.0,0.1,0.075,0.2,1.0,910.0,0.0,0.0,0.0978021978021978
9.0,8.0,28.0,0.1,0.075,0.2,1.0,849.0,0.0,0.0,0.10365135453474676
9.0,8.0,29.0,0.1,0.075,0.2,1.0,870.0,0.0,0.0,0.09885057471264368
9.0,8.0,30.0,0.1,0.075,0.2,1.0,848.0,0.0,0.0,0.10377358490566038
9.0,8.0,31.0,0.1,0.075,0.2,1.0,844.0,0.0,0.0,0.1018957345971564
9.0,8.0,32.0,0.1,0.075,0.2,1.0,824.0,0.0,0.0,0.10679611650485436
9.0,8.0,33.0,0.1,0.075,0.2,1.0,845.0,0.0,0.0,0.10177514792899409
9.0,8.0,34.0,0.1,0.075,0.2,1.0,797.0,0.0,0.0,0.10664993726474278
9.0,8.0,35.0,0.1,0.075,0.2,1.0,833.0,0.0,0.0,0.10204081632653061
9.0,8.0,36.0,0.1,0.075,0.2,1.0,785.0,0.0,0.0,0.10828025477707007
9.0,8.0,37.0,0.1,0.075,0.2,1.0,805.0,0.0,0.0,0.1031055900621118
9.0,8.0,38.0,0.1,0.075,0.2,1.0,782.0,0.0,0.0,0.10741687979539642
9.0,8.0,39.0,0.1,0.075,0.2,1.0,793.0,0.0,0.0,0.10466582597730138
9.0,8.0,40.0,0.1,0.075,0.2,1.0,747.0,0.0,0.0,0.11244979919678715
9.0,8.0,41.0,0.1,0.075,0.2,1.0,758.0,0.0,0.0,0.10949868073878628
9.0,8.0,42.0,0.1,0.075,0.2,1.0,747.0,0.0,0.0,0.11244979919678715
9.0,8.0,43.0,0.1,0.075,0.2,1.0,758.0,0.0,0.0,0.10949868073878628
9.0,8.0,44.0,0.1,0.075,0.2,1.0,736.0,0.0,0.0,0.11413043478260869
9.0,8.0,45.0,0.1,0.075,0.2,1.0,746.0,0.0,0.0,0.18230563002680966
9.0,8.0,46.0,0.1,0.075,0.2,1.0,735.0,0.0,0.0,0.18503401360544217
9.0,8.0,47.0,0.1,0.075,0.2,1.0,745.0,0.0,0.0,0.1825503355704698
9.0,8.0,48.0,0.1,0.075,0.2,1.0,735.0,0.0,0.0,0.18503401360544217
9.0,8.0,49.0,0.1,0.075,0.2,1.0,745.0,0.0,0.0,0.1825503355704698
9.0,8.0,50.0,0.1,0.075,0.2,1.0,732.0,0.0,0.0,0.18579234972677597
9.0,8.0,51.0,0.1,0.075,0.2,1.0,736.0,0.0,0.0,0.18478260869565216
9.0,8.0,52.0,0.1,0.075,0.2,1.0,732.0,0.0,0.0,0.18579234972677597
9.0,9.0,1.0,0.1,0.075,0.2,1.0,731.0,0.0,0.0,0.18604651162790697
9.0,9.0,2.0,0.1,0.075,0.2,1.0,731.0,0.0,0.0,0.18604651162790697
9.0,9.0,3.0,0.1,0.075,0.2,1.0,728.0,0.0,0.0,0.18543956043956045
9.0,9.0,4.0,0.1,0.075,0.2,1.0,726.0,0.0,0.0,0.1859504132231405
9.0,9.0,5.0,0.1,0.075,0.2,1.0,723.0,0.0,0.0,0.18533886583679116
9.0,9.0,6.0,0.1,0.075,0.2,1.0,720.0,0.0,0.0,0.18611111111111112
9.0,9.0,7.0,0.1,0.075,0.2,1.0,721.0,0.0,0.0,0.18585298196948682
9.0,9.0,8.0,0.1,0.075,0.2,1.0,710.0,0.0,0.0,0.18732394366197183
9.0,9.0,9.0,0.1,0.075,0.2,1.0,709.0,0.0,0.0,0.1861777150916784
9.0,9.0,10.0,0.1,0.075,0.2,1.0,699.0,0.0,0.0,0.18741058655221746
9.0,9.0,11.0,0.1,0.075,0.2,1.0,699.0,0.0,0.0,0.1859799713876967
9.0,9.0,12.0,0.1,0.075,0.2,1.0,694.0,0.0,0.0,0.18876080691642652
9.0,9.0,13.0,0.1,0.075,0.2,1.0,696.0,0.0,0.0,0.1867816091954023
9.0,9.0,14.0,0.1,0.075,0.2,1.0,693.0,0.0,0.0,0.18903318903318903
9.0,9.0,15.0,0.1,0.075,0.2,1.0,691.0,0.0,0.0,0.18813314037626627
9.0,9.0,16.0,0.1,0.075,0.2,1.0,687.0,0.0,0.0,0.18922852983988356
9.0,9.0,17.0,0.1,0.075,0.2,1.0,690.0,0.0,0.0,0.18840579710144928
9.0,9.0,18.0,0.1,0.075,0.2,1.0,683.0,0.0,0.0,0.1903367496339678
9.0,9.0,19.0,0.1,0.075,0.2,1.0,686.0,0.0,0.0,0.18950437317784258
9.0,9.0,20.0,0.1,0.075,0.2,1.0,1207.0,0.0,0.0,0.1035625517812759
9.0,9.0,21.0,0.1,0.075,0.2,1.0,1231.0,0.0,0.0,0.10154346060113728
9.0,9.0,22.0,0.1,0.075,0.2,1.0,1169.0,0.0,0.0,0.10692899914456801
9.0,9.0,23.0,0.1,0.075,0.2,1.0,1170.0,0.0,0.0,0.10427350427350428
9.0,9.0,24.0,0.1,0.075,0.2,1.0,1085.0,0.0,0.0,0.10691244239631337
9.0,9.0,25.0,0.1,0.075,0.2,1.0,1063.0,0.0,0.0,0.10442144873000941
9.0,9.0,26.0,0.1,0.075,0.2,1.0,1029.0,0.0,0.0,0.10787172011661808
9.0,9.0,27.0,0.1,0.075,0.2,1.0,1023.0,0.0,0.0,0.10850439882697947
9.0,9.0,28.0,0.1,0.075,0.2,1.0,1012.0,0.0,0.0,0.10968379446640317
9.0,9.0,29.0,0.1,0.075,0.2,1.0,995.0,0.0,0.0,0.11055276381909548
9.0,9.0,30.0,0.1,0.075,0.2,1.0,978.0,0.0,0.0,0.11247443762781185
9.0,9.0,31.0,0.1,0.075,0.2,1.0,939.0,0.0,0.0,0.11395101171458999
9.0,9.0,32.0,0.1,0.075,0.2,1.0,922.0,0.0,0.0,0.113882863340564
9.0,9.0,33.0,0.1,0.075,0.2,1.0,914.0,0.0,0.0,0.11597374179431072
9.0,9.0,34.0,0.1,0.075,0.2,1.0,888.0,0.0,0.0,0.11824324324324324
9.0,9.0,35.0,0.1,0.075,0.2,1.0,900.0,0.0,0.0,0.11777777777777777
9.0,9.0,36.0,0.1,0.075,0.2,1.0,888.0,0.0,0.0,0.11824324324324324
9.0,9.0,37.0,0.1,0.075,0.2,1.0,899.0,0.0,0.0,0.11790878754171301
9.0,9.0,38.0,0.1,0.075,0.2,1.0,888.0,0.0,0.0,0.11824324324324324
9.0,9.0,39.0,0.1,0.075,0.2,1.0,874.0,0.0,0.0,0.12013729977116705
9.0,9.0,40.0,0.1,0.075,0.2,1.0,862.0,0.0,0.0,0.12064965197215777
9.0,9.0,41.0,0.1,0.075,0.2,1.0,863.0,0.0,0.0,0.11935110081112399
9.0,9.0,42.0,0.1,0.075,0.2,1.0,840.0,0.0,0.0,0.11904761904761904
9.0,9.0,43.0,0.1,0.075,0.2,1.0,841.0,0.0,0.0,0.11890606420927467
9.0,9.0,44.0,0.1,0.075,0.2,1.0,829.0,0.0,0.0,0.11942098914354644
9.0,9.0,45.0,0.1,0.075,0.2,1.0,840.0,0.0,0.0,0.1880952380952381
9.0,9.0,46.0,0.1,0.075,0.2,1.0,829.0,0.0,0.0,0.18697225572979492
9.0,9.0,47.0,0.1,0.075,0.2,1.0,838.0,0.0,0.0,0.18854415274463007
9.0,9.0,48.0,0.1,0.075,0.2,1.0,832.0,0.0,0.0,0.18870192307692307
9.0,9.0,49.0,0.1,0.075,0.2,1.0,838.0,0.0,0.0,0.18854415274463007
9.0,9.0,50.0,0.1,0.075,0.2,1.0,831.0,0.0,0.0,0.18892900120336945
9.0,9.0,51.0,0.1,0.075,0.2,1.0,826.0,0.0,0.0,0.19128329297820823
9.0,9.0,52.0,0.1,0.075,0.2,1.0,824.0,0.0,0.0,0.18932038834951456
9.0,10.0,1.0,0.1,0.075,0.2,1.0,822.0,0.0,0.0,0.1897810218978102
9.0,10.0,2.0,0.1,0.075,0.2,1.0,818.0,0.0,0.0,0.19070904645476772
9.0,10.0,3.0,0.1,0.075,0.2,1.0,804.0,0.0,0.0,0.1890547263681592
9.0,10.0,4.0,0.1,0.075,0.2,1.0,803.0,0.0,0.0,0.19053549190535493
9.0,10.0,5.0,0.1,0.075,0.2,1.0,802.0,0.0,0.0,0.18952618453865336
9.0,10.0,6.0,0.1,0.075,0.2,1.0,800.0,0.0,0.0,0.19125
9.0,10.0,7.0,0.1,0.075,0.2,1.0,802.0,0.0,0.0,0.19077306733167082
9.0,10.0,8.0,0.1,0.075,0.2,1.0,797.0,0.0,0.0,0.19071518193224593
9.0,10.0,9.0,0.1,0.075,0.2,1.0,793.0,0.0,0.0,0.19167717528373265
9.0,10.0,10.0,0.1,0.075,0.2,1.0,784.0,0.0,0.0,0.19260204081632654
9.0,10.0,11.0,0.1,0.075,0.2,1.0,781.0,0.0,0.0,0.1946222791293214
9.0,10.0,12.0,0.1,0.075,0.2,1.0,777.0,0.0,0.0,0.19176319176319176
9.0,10.0,13.0,0.1,0.075,0.2,1.0,776.0,0.0,0.0,0.19329896907216496
9.0,10.0,14.0,0.1,0.075,0.2,1.0,776.0,0.0,0.0,0.19201030927835053
9.0,10.0,15.0,0.1,0.075,0.2,1.0,777.0,0.0,0.0,0.19433719433719435
9.0,10.0,16.0,0.1,0.075,0.2,1.0,774.0,0.0,0.0,0.1925064599483204
9.0,10.0,17.0,0.1,0.075,0.2,1.0,762.0,0.0,0.0,0.1942257217847769
9.0,10.0,18.0,0.1,0.075,0.2,1.0,748.0,0.0,0.0,0.19117647058823528
9.0,10.0,19.0,0.1,0.075,0.2,1.0,736.0,0.0,0.0,0.19701086956521738
9.0,10.0,20.0,0.1,0.075,0.2,1.0,1237.0,0.0,0.0,0.1026677445432498
9.0,10.0,21.0,0.1,0.075,0.2,1.0,1219.0,0.0,0.0,0.10418375717801477
9.0,10.0,22.0,0.1,0.075,0.2,1.0,1168.0,0.0,0.0,0.1035958904109589
9.0,10.0,23.0,0.1,0.075,0.2,1.0,1155.0,0.0,0.0,0.10476190476190476
9.0,10.0,24.0,0.1,0.075,0.2,1.0,1143.0,0.0,0.0,0.10498687664041995
9.0,10.0,25.0,0.1,0.075,0.2,1.0,1142.0,0.0,0.0,0.10507880910683012
9.0,10.0,26.0,0.1,0.075,0.2,1.0,1114.0,0.0,0.0,0.1059245960502693
9.0,10.0,27.0,0.1,0.075,0.2,1.0,1126.0,0.0,0.0,0.10568383658969804
9.0,10.0,28.0,0.1,0.075,0.2,1.0,1102.0,0.0,0.0,0.10707803992740472
9.0,10.0,29.0,0.1,0.075,0.2,1.0,1102.0,0.0,0.0,0.10707803992740472
9.0,10.0,30.0,0.1,0.075,0.2,1.0,1082.0,0.0,0.0,0.10813308687615526
9.0,10.0,31.0,0.1,0.075,0.2,1.0,1083.0,0.0,0.0,0.10803324099722991
9.0,10.0,32.0,0.1,0.075,0.2,1.0,1047.0,0.0,0.0,0.10888252148997135
9.0,10.0,33.0,0.1,0.075,0.2,1.0,1045.0,0.0,0.0,0.10909090909090909
9.0,10.0,34.0,0.1,0.075,0.2,1.0,1047.0,0.0,0.0,0.10888252148997135
9.0,10.0,35.0,0.1,0.075,0.2,1.0,1031.0,0.0,0.0,0.11057225994180407
9.0,10.0,36.0,0.1,0.075,0.2,1.0,1033.0,0.0,0.0,0.11035818005808325
9.0,10.0,37.0,0.1,0.075,0.2,1.0,1031.0,0.0,0.0,0.11057225994180407
9.0,10.0,38.0,0.1,0.075,0.2,1.0,1021.0,0.0,0.0,0.11067580803134182
9.0,10.0,39.0,0.1,0.075,0.2,1.0,1004.0,0.0,0.0,0.11055776892430279
9.0,10.0,40.0,0.1,0.075,0.2,1.0,1008.0,0.0,0.0,0.11011904761904762
9.0,10.0,41.0,0.1,0.075,0.2,1.0,975.0,0.0,0.0,0.11384615384615385
9.0,10.0,42.0,0.1,0.075,0.2,1.0,967.0,0.0,0.0,0.11478800413650465
9.0,10.0,43.0,0.1,0.075,0.2,1.0,960.0,0.0,0.0,0.115625
9.0,10.0,44.0,0.1,0.075,0.2,1.0,954.0,0.0,0.0,0.11635220125786164
9.0,10.0,45.0,0.1,0.075,0.2,1.0,949.0,0.0,0.0,0.17281348788198103
9.0,10.0,46.0,0.1,0.075,0.2,1.0,943.0,0.0,0.0,0.17497348886532343
9.0,10.0,47.0,0.1,0.075,0.2,1.0,949.0,0.0,0.0,0.17281348788198103
9.0,10.0,48.0,0.1,0.075,0.2,1.0,930.0,0.0,0.0,0.17634408602150536
9.0,10.0,49.0,0.1,0.075,0.2,1.0,923.0,0.0,0.0,0.1744312026002167
9.0,10.0,50.0,0.1,0.075,0.2,1.0,917.0,0.0,0.0,0.1766630316248637
9.0,10.0,51.0,0.1,0.075,0.2,1.0,921.0,0.0,0.0,0.1748099891422367
9.0,10.0,52.0,0.1,0.075,0.2,1.0,914.0,0.0,0.0,0.1772428884026258
10.0,1.0,1.0,0.1,0.075,0.2,1.0,5205.0,51.0,12.0,0.0968299711815562
10.0,1.0,2.0,0.1,0.075,0.2,1.0,5168.0,60.0,24.0,0.09674922600619196
10.0,1.0,3.0,0.1,0.075,0.2,1.0,5087.0,89.0,35.0,0.09828975820719481
10.0,1.0,4.0,0.1,0.075,0.2,1.0,5053.0,107.0,39.0,0.09855531367504453
10.0,1.0,5.0,0.1,0.075,0.2,1.0,5126.0,150.0,45.0,0.09968786578228639
10.0,1.0,6.0,0.1,0.075,0.2,1.0,5053.0,190.0,58.0,0.09914902038393034
10.0,1.0,7.0,0.1,0.075,0.2,1.0,4927.0,212.0,65.0,0.09985792571544551
10.0,1.0,8.0,0.1,0.075,0.2,1.0,4784.0,245.0,102.0,0.10054347826086957
10.0,1.0,9.0,0.1,0.075,0.2,1.0,4638.0,305.0,117.0,0.09982751185855972
10.0,1.0,10.0,0.1,0.075,0.2,1.0,4516.0,360.0,128.0,0.10031000885739592
10.0,1.0,11.0,0.1,0.075,0.2,1.0,4334.0,384.0,147.0,0.1012921089063221
10.0,1.0,12.0,0.1,0.075,0.2,1.0,4116.0,413.0,173.0,0.10252672497570457
10.0,1.0,13.0,0.1,0.075,0.2,1.0,3934.0,418.0,184.0,0.10498220640569395
10.0,1.0,14.0,0.1,0.075,0.2,1.0,3801.0,441.0,205.0,0.10628781899500131
10.0,1.0,15.0,0.1,0.075,0.2,1.0,3641.0,440.0,207.0,0.10848667948365834
10.0,1.0,16.0,0.1,0.075,0.2,1.0,3477.0,440.0,211.0,0.11015243025596778
10.0,1.0,17.0,0.1,0.075,0.2,1.0,3349.0,408.0,205.0,0.1116751269035533
10.0,1.0,18.0,0.1,0.075,0.2,1.0,3210.0,381.0,202.0,0.1146417445482866
10.0,1.0,19.0,0.1,0.075,0.2,1.0,3116.0,365.0,213.0,0.11777920410783055
10.0,1.0,20.0,0.1,0.075,0.2,1.0,5680.0,347.0,191.0,0.06426056338028169
10.0,1.0,21.0,0.1,0.075,0.2,1.0,5251.0,393.0,162.0,0.06646353075604647
10.0,1.0,22.0,0.1,0.075,0.2,1.0,4932.0,386.0,136.0,0.06934306569343066
10.0,1.0,23.0,0.1,0.075,0.2,1.0,4650.0,455.0,176.0,0.0703225806451613
10.0,1.0,24.0,0.1,0.075,0.2,1.0,4413.0,445.0,193.0,0.0731928393383186
10.0,1.0,25.0,0.1,0.075,0.2,1.0,4179.0,447.0,218.0,0.07561617611868868
10.0,1.0,26.0,0.1,0.075,0.2,1.0,3950.0,429.0,185.0,0.07848101265822785
10.0,1.0,27.0,0.1,0.075,0.2,1.0,3725.0,423.0,188.0,0.08134228187919464
10.0,1.0,28.0,0.1,0.075,0.2,1.0,3502.0,389.0,178.0,0.08423757852655625
10.0,1.0,29.0,0.1,0.075,0.2,1.0,3364.0,419.0,190.0,0.08620689655172414
10.0,1.0,30.0,0.1,0.075,0.2,1.0,3237.0,423.0,179.0,0.08928019771393265
10.0,1.0,31.0,0.1,0.075,0.2,1.0,3042.0,433.0,180.0,0.09007232084155162
10.0,1.0,32.0,0.1,0.075,0.2,1.0,2911.0,441.0,194.0,0.09275163174166953
10.0,1.0,33.0,0.1,0.075,0.2,1.0,2793.0,444.0,216.0,0.09380594343000358
10.0,1.0,34.0,0.1,0.075,0.2,1.0,2615.0,428.0,195.0,0.09866156787762906
10.0,1.0,35.0,0.1,0.075,0.2,1.0,2526.0,416.0,213.0,0.10055423594615993
10.0,1.0,36.0,0.1,0.075,0.2,1.0,2390.0,398.0,203.0,0.10376569037656903
10.0,1.0,37.0,0.1,0.075,0.2,1.0,2293.0,397.0,196.0,0.1059747056258177
10.0,1.0,38.0,0.1,0.075,0.2,1.0,2172.0,369.0,168.0,0.10911602209944751
10.0,1.0,39.0,0.1,0.075,0.2,1.0,2076.0,357.0,166.0,0.11464354527938343
10.0,1.0,40.0,0.1,0.075,0.2,1.0,2001.0,346.0,174.0,0.11744127936031984
10.0,1.0,41.0,0.1,0.075,0.2,1.0,1880.0,343.0,166.0,0.125531914893617
10.0,1.0,42.0,0.1,0.075,0.2,1.0,1765.0,309.0,150.0,0.1320113314447592
10.0,1.0,43.0,0.1,0.075,0.2,1.0,1689.0,297.0,143.0,0.13913558318531677
10.0,1.0,44.0,0.1,0.075,0.2,1.0,1586.0,280.0,136.0,0.14312736443883986
10.0,1.0,45.0,0.1,0.075,0.2,1.0,1512.0,260.0,125.0,0.21362433862433863
10.0,1.0,46.0,0.1,0.075,0.2,1.0,1446.0,238.0,120.0,0.22268326417704012
10.0,1.0,47.0,0.1,0.075,0.2,1.0,1387.0,219.0,118.0,0.22494592645998557
10.0,1.0,48.0,0.1,0.075,0.2,1.0,1332.0,203.0,114.0,0.23273273273273273
10.0,1.0,49.0,0.1,0.075,0.2,1.0,1234.0,167.0,91.0,0.24311183144246354
10.0,1.0,50.0,0.1,0.075,0.2,1.0,1193.0,145.0,78.0,0.24811399832355407
10.0,1.0,51.0,0.1,0.075,0.2,1.0,1152.0,121.0,68.0,0.2534722222222222
10.0,1.0,52.0,0.1,0.075,0.2,1.0,1127.0,118.0,65.0,0.2546583850931677
10.0,2.0,1.0,0.1,0.075,0.2,1.0,1090.0,104.0,58.0,0.26422018348623855
10.0,2.0,2.0,0.1,0.075,0.2,1.0,1063.0,95.0,50.0,0.2662276575729069
10.0,2.0,3.0,0.1,0.075,0.2,1.0,1034.0,76.0,43.0,0.27562862669245647
10.0,2.0,4.0,0.1,0.075,0.2,1.0,1016.0,66.0,37.0,0.2755905511811024
10.0,2.0,5.0,0.1,0.075,0.2,1.0,992.0,56.0,32.0,0.28024193548387094
10.0,2.0,6.0,0.1,0.075,0.2,1.0,969.0,42.0,26.0,0.2807017543859649
10.0,2.0,7.0,0.1,0.075,0.2,1.0,948.0,38.0,23.0,0.2869198312236287
10.0,2.0,8.0,0.1,0.075,0.2,1.0,938.0,38.0,24.0,0.2857142857142857
10.0,2.0,9.0,0.1,0.075,0.2,1.0,916.0,32.0,16.0,0.287117903930131
10.0,2.0,10.0,0.1,0.075,0.2,1.0,908.0,29.0,15.0,0.289647577092511
10.0,2.0,11.0,0.1,0.075,0.2,1.0,894.0,23.0,12.0,0.2941834451901566
10.0,2.0,12.0,0.1,0.075,0.2,1.0,886.0,24.0,15.0,0.29006772009029347
10.0,2.0,13.0,0.1,0.075,0.2,1.0,872.0,22.0,11.0,0.29243119266055045
10.0,2.0,14.0,0.1,0.075,0.2,1.0,864.0,17.0,9.0,0.29282407407407407
10.0,2.0,15.0,0.1,0.075,0.2,1.0,858.0,17.0,9.0,0.2925407925407925
10.0,2.0,16.0,0.1,0.075,0.2,1.0,852.0,16.0,10.0,0.29225352112676056
10.0,2.0,17.0,0.1,0.075,0.2,1.0,847.0,13.0,9.0,0.29279811097992914
10.0,2.0,18.0,0.1,0.075,0.2,1.0,839.0,13.0,7.0,0.2932061978545888
10.0,2.0,19.0,0.1,0.075,0.2,1.0,835.0,11.0,6.0,0.2970059880239521
10.0,2.0,20.0,0.1,0.075,0.2,1.0,1498.0,10.0,5.0,0.16421895861148197
10.0,2.0,21.0,0.1,0.075,0.2,1.0,1482.0,15.0,5.0,0.1632928475033738
10.0,2.0,22.0,0.1,0.075,0.2,1.0,1457.0,18.0,4.0,0.16266300617707619
10.0,2.0,23.0,0.1,0.075,0.2,1.0,1406.0,18.0,6.0,0.16642958748221906
10.0,2.0,24.0,0.1,0.075,0.2,1.0,1386.0,27.0,9.0,0.1645021645021645
10.0,2.0,25.0,0.1,0.075,0.2,1.0,1359.0,27.0,11.0,0.16777041942604856
10.0,2.0,26.0,0.1,0.075,0.2,1.0,1343.0,31.0,11.0,0.16530156366344007
10.0,2.0,27.0,0.1,0.075,0.2,1.0,1301.0,30.0,11.0,0.17217524980784013
10.0,2.0,28.0,0.1,0.075,0.2,1.0,1296.0,28.0,12.0,0.1697530864197531
10.0,2.0,29.0,0.1,0.075,0.2,1.0,1272.0,29.0,16.0,0.17295597484276728
10.0,2.0,30.0,0.1,0.075,0.2,1.0,1254.0,25.0,14.0,0.17304625199362042
10.0,2.0,31.0,0.1,0.075,0.2,1.0,1237.0,28.0,15.0,0.17380759902991108
10.0,2.0,32.0,0.1,0.075,0.2,1.0,1215.0,28.0,13.0,0.17366255144032922
10.0,2.0,33.0,0.1,0.075,0.2,1.0,1187.0,24.0,11.0,0.17523167649536647
10.0,2.0,34.0,0.1,0.075,0.2,1.0,1177.0,22.0,8.0,0.17162276975361088
10.0,2.0,35.0,0.1,0.075,0.2,1.0,1168.0,21.0,11.0,0.17465753424657535
10.0,2.0,36.0,0.1,0.075,0.2,1.0,1156.0,24.0,14.0,0.17301038062283736
10.0,2.0,37.0,0.1,0.075,0.2,1.0,1150.0,25.0,15.0,0.17478260869565218
10.0,2.0,38.0,0.1,0.075,0.2,1.0,1135.0,22.0,12.0,0.17444933920704847
10.0,2.0,39.0,0.1,0.075,0.2,1.0,1096.0,21.0,12.0,0.17883211678832117
10.0,2.0,40.0,0.1,0.075,0.2,1.0,1085.0,21.0,11.0,0.17603686635944701
10.0,2.0,41.0,0.1,0.075,0.2,1.0,1077.0,22.0,9.0,0.18012999071494892
10.0,2.0,42.0,0.1,0.075,0.2,1.0,1059.0,17.0,6.0,0.1794145420207743
10.0,2.0,43.0,0.1,0.075,0.2,1.0,1034.0,16.0,9.0,0.1827852998065764
10.0,2.0,44.0,0.1,0.075,0.2,1.0,1038.0,18.0,10.0,0.1811175337186898
10.0,2.0,45.0,0.1,0.075,0.2,1.0,1022.0,17.0,11.0,0.23483365949119372
10.0,2.0,46.0,0.1,0.075,0.2,1.0,1021.0,14.0,6.0,0.23506366307541626
10.0,2.0,47.0,0.1,0.075,0.2,1.0,1003.0,17.0,9.0,0.23429710867397807
10.0,2.0,48.0,0.1,0.075,0.2,1.0,981.0,15.0,9.0,0.23853211009174313
10.0,2.0,49.0,0.1,0.075,0.2,1.0,966.0,17.0,7.0,0.2412008281573499
10.0,2.0,50.0,0.1,0.075,0.2,1.0,955.0,14.0,4.0,0.23979057591623038
10.0,2.0,51.0,0.1,0.075,0.2,1.0,941.0,14.0,5.0,0.24017003188097769
10.0,2.0,52.0,0.1,0.075,0.2,1.0,944.0,15.0,7.0,0.23728813559322035
10.0,3.0,1.0,0.1,0.075,0.2,1.0,934.0,15.0,10.0,0.23768736616702354
10.0,3.0,2.0,0.1,0.075,0.2,1.0,934.0,15.0,10.0,0.23554603854389722
10.0,3.0,3.0,0.1,0.075,0.2,1.0,923.0,16.0,9.0,0.2361863488624052
10.0,3.0,4.0,0.1,0.075,0.2,1.0,876.0,17.0,9.0,0.23858447488584475
10.0,3.0,5.0,0.1,0.075,0.2,1.0,870.0,20.0,8.0,0.24022988505747125
10.0,3.0,6.0,0.1,0.075,0.2,1.0,851.0,19.0,9.0,0.2408930669800235
10.0,3.0,7.0,0.1,0.075,0.2,1.0,844.0,18.0,8.0,0.24170616113744076
10.0,3.0,8.0,0.1,0.075,0.2,1.0,838.0,23.0,11.0,0.24224343675417662
10.0,3.0,9.0,0.1,0.075,0.2,1.0,829.0,23.0,13.0,0.2436670687575392
10.0,3.0,10.0,0.1,0.075,0.2,1.0,814.0,23.0,14.0,0.24692874692874692
10.0,3.0,11.0,0.1,0.075,0.2,1.0,810.0,20.0,9.0,0.24691358024691357
10.0,3.0,12.0,0.1,0.075,0.2,1.0,799.0,17.0,8.0,0.2503128911138924
10.0,3.0,13.0,0.1,0.075,0.2,1.0,793.0,15.0,6.0,0.2509457755359395
10.0,3.0,14.0,0.1,0.075,0.2,1.0,796.0,17.0,10.0,0.25
10.0,3.0,15.0,0.1,0.075,0.2,1.0,786.0,14.0,9.0,0.25190839694656486
10.0,3.0,16.0,0.1,0.075,0.2,1.0,779.0,16.0,7.0,0.25288831835686776
10.0,3.0,17.0,0.1,0.075,0.2,1.0,771.0,15.0,5.0,0.2529182879377432
10.0,3.0,18.0,0.1,0.075,0.2,1.0,765.0,15.0,5.0,0.2549019607843137
10.0,3.0,19.0,0.1,0.075,0.2,1.0,766.0,16.0,8.0,0.2519582245430809
10.0,3.0,20.0,0.1,0.075,0.2,1.0,1407.0,12.0,6.0,0.13148542999289267
10.0,3.0,21.0,0.1,0.075,0.2,1.0,1377.0,13.0,8.0,0.1336238198983297
10.0,3.0,22.0,0.1,0.075,0.2,1.0,1350.0,18.0,7.0,0.12962962962962962
10.0,3.0,23.0,0.1,0.075,0.2,1.0,1323.0,25.0,9.0,0.13000755857898716
10.0,3.0,24.0,0.1,0.075,0.2,1.0,1310.0,28.0,9.0,0.13053435114503817
10.0,3.0,25.0,0.1,0.075,0.2,1.0,1275.0,25.0,13.0,0.13019607843137254
10.0,3.0,26.0,0.1,0.075,0.2,1.0,1246.0,25.0,15.0,0.13001605136436598
10.0,3.0,27.0,0.1,0.075,0.2,1.0,1191.0,28.0,16.0,0.13266162888329136
10.0,3.0,28.0,0.1,0.075,0.2,1.0,1168.0,22.0,14.0,0.1327054794520548
10.0,3.0,29.0,0.1,0.075,0.2,1.0,1155.0,19.0,12.0,0.13333333333333333
10.0,3.0,30.0,0.1,0.075,0.2,1.0,1148.0,16.0,9.0,0.13153310104529617
10.0,3.0,31.0,0.1,0.075,0.2,1.0,1120.0,14.0,9.0,0.13392857142857142
10.0,3.0,32.0,0.1,0.075,0.2,1.0,1080.0,14.0,7.0,0.13425925925925927
10.0,3.0,33.0,0.1,0.075,0.2,1.0,1069.0,20.0,9.0,0.13564078578110383
10.0,3.0,34.0,0.1,0.075,0.2,1.0,1059.0,18.0,5.0,0.13408876298394712
10.0,3.0,35.0,0.1,0.075,0.2,1.0,1019.0,12.0,7.0,0.13542688910696762
10.0,3.0,36.0,0.1,0.075,0.2,1.0,978.0,8.0,6.0,0.1390593047034765
10.0,3.0,37.0,0.1,0.075,0.2,1.0,933.0,6.0,4.0,0.14255091103965703
10.0,3.0,38.0,0.1,0.075,0.2,1.0,945.0,5.0,3.0,0.13862433862433862
10.0,3.0,39.0,0.1,0.075,0.2,1.0,921.0,2.0,1.0,0.14115092290988057
10.0,3.0,40.0,0.1,0.075,0.2,1.0,916.0,2.0,2.0,0.13537117903930132
10.0,3.0,41.0,0.1,0.075,0.2,1.0,893.0,1.0,1.0,0.14109742441209405
10.0,3.0,42.0,0.1,0.075,0.2,1.0,889.0,1.0,1.0,0.1372328458942632
10.0,3.0,43.0,0.1,0.075,0.2,1.0,869.0,1.0,0.0,0.14384349827387802
10.0,3.0,44.0,0.1,0.075,0.2,1.0,853.0,1.0,0.0,0.14302461899179367
10.0,3.0,45.0,0.1,0.075,0.2,1.0,833.0,1.0,0.0,0.2184873949579832
10.0,3.0,46.0,0.1,0.075,0.2,1.0,844.0,1.0,0.0,0.21445497630331753
10.0,3.0,47.0,0.1,0.075,0.2,1.0,822.0,1.0,1.0,0.21776155717761558
10.0,3.0,48.0,0.1,0.075,0.2,1.0,812.0,3.0,1.0,0.2105911330049261
10.0,3.0,49.0,0.1,0.075,0.2,1.0,801.0,3.0,1.0,0.21223470661672908
10.0,3.0,50.0,0.1,0.075,0.2,1.0,797.0,3.0,0.0,0.2120451693851945
10.0,3.0,51.0,0.1,0.075,0.2,1.0,792.0,3.0,2.0,0.21212121212121213
10.0,3.0,52.0,0.1,0.075,0.2,1.0,790.0,4.0,2.0,0.2139240506329114
10.0,4.0,1.0,0.1,0.075,0.2,1.0,785.0,7.0,2.0,0.21019108280254778
10.0,4.0,2.0,0.1,0.075,0.2,1.0,782.0,5.0,2.0,0.21099744245524296
10.0,4.0,3.0,0.1,0.075,0.2,1.0,768.0,7.0,3.0,0.2109375
10.0,4.0,4.0,0.1,0.075,0.2,1.0,768.0,8.0,4.0,0.2109375
10.0,4.0,5.0,0.1,0.075,0.2,1.0,762.0,12.0,4.0,0.2073490813648294
10.0,4.0,6.0,0.1,0.075,0.2,1.0,757.0,15.0,5.0,0.21003963011889035
10.0,4.0,7.0,0.1,0.075,0.2,1.0,757.0,16.0,8.0,0.20871862615587847
10.0,4.0,8.0,0.1,0.075,0.2,1.0,742.0,13.0,8.0,0.21159029649595687
10.0,4.0,9.0,0.1,0.075,0.2,1.0,740.0,15.0,7.0,0.21216216216216216
10.0,4.0,10.0,0.1,0.075,0.2,1.0,735.0,13.0,3.0,0.21360544217687075
10.0,4.0,11.0,0.1,0.075,0.2,1.0,732.0,12.0,3.0,0.21448087431693988
10.0,4.0,12.0,0.1,0.075,0.2,1.0,726.0,11.0,5.0,0.21349862258953167
10.0,4.0,13.0,0.1,0.075,0.2,1.0,727.0,15.0,8.0,0.21458046767537828
10.0,4.0,14.0,0.1,0.075,0.2,1.0,713.0,15.0,7.0,0.21037868162692847
10.0,4.0,15.0,0.1,0.075,0.2,1.0,705.0,16.0,6.0,0.21134751773049645
10.0,4.0,16.0,0.1,0.075,0.2,1.0,698.0,17.0,6.0,0.20916905444126074
10.0,4.0,17.0,0.1,0.075,0.2,1.0,695.0,17.0,8.0,0.21151079136690648
10.0,4.0,18.0,0.1,0.075,0.2,1.0,695.0,17.0,8.0,0.21151079136690648
10.0,4.0,19.0,0.1,0.075,0.2,1.0,689.0,15.0,6.0,0.21335268505079827
10.0,4.0,20.0,0.1,0.075,0.2,1.0,1262.0,13.0,7.0,0.11568938193343899
10.0,4.0,21.0,0.1,0.075,0.2,1.0,1264.0,14.0,8.0,0.11471518987341772
10.0,4.0,22.0,0.1,0.075,0.2,1.0,1237.0,16.0,10.0,0.11479385610347616
10.0,4.0,23.0,0.1,0.075,0.2,1.0,1207.0,16.0,8.0,0.11681855840927921
10.0,4.0,24.0,0.1,0.075,0.2,1.0,1195.0,22.0,9.0,0.11631799163179916
10.0,4.0,25.0,0.1,0.075,0.2,1.0,1177.0,23.0,8.0,0.11724723874256585
10.0,4.0,26.0,0.1,0.075,0.2,1.0,1162.0,28.0,7.0,0.11790017211703958
10.0,4.0,27.0,0.1,0.075,0.2,1.0,1114.0,23.0,11.0,0.11490125673249552
10.0,4.0,28.0,0.1,0.075,0.2,1.0,1099.0,22.0,13.0,0.11555959963603275
10.0,4.0,29.0,0.1,0.075,0.2,1.0,1068.0,30.0,13.0,0.1151685393258427
10.0,4.0,30.0,0.1,0.075,0.2,1.0,1059.0,25.0,11.0,0.11425873465533522
10.0,4.0,31.0,0.1,0.075,0.2,1.0,1044.0,31.0,12.0,0.11302681992337164
10.0,4.0,32.0,0.1,0.075,0.2,1.0,1016.0,33.0,18.0,0.11318897637795275
10.0,4.0,33.0,0.1,0.075,0.2,1.0,972.0,30.0,15.0,0.11419753086419752
10.0,4.0,34.0,0.1,0.075,0.2,1.0,931.0,29.0,16.0,0.11815252416756176
10.0,4.0,35.0,0.1,0.075,0.2,1.0,893.0,21.0,12.0,0.12094064949608063
10.0,4.0,36.0,0.1,0.075,0.2,1.0,850.0,20.0,14.0,0.12
10.0,4.0,37.0,0.1,0.075,0.2,1.0,832.0,19.0,12.0,0.11899038461538461
10.0,4.0,38.0,0.1,0.075,0.2,1.0,813.0,14.0,8.0,0.11931119311193111
10.0,4.0,39.0,0.1,0.075,0.2,1.0,811.0,14.0,6.0,0.12083847102342787
10.0,4.0,40.0,0.1,0.075,0.2,1.0,783.0,13.0,5.0,0.12005108556832694
10.0,4.0,41.0,0.1,0.075,0.2,1.0,783.0,11.0,6.0,0.12260536398467432
10.0,4.0,42.0,0.1,0.075,0.2,1.0,762.0,14.0,7.0,0.12467191601049869
10.0,4.0,43.0,0.1,0.075,0.2,1.0,753.0,16.0,7.0,0.12350597609561753
10.0,4.0,44.0,0.1,0.075,0.2,1.0,738.0,15.0,9.0,0.12601626016260162
10.0,4.0,45.0,0.1,0.075,0.2,1.0,743.0,16.0,9.0,0.18842530282637954
10.0,4.0,46.0,0.1,0.075,0.2,1.0,729.0,19.0,8.0,0.18792866941015088
10.0,4.0,47.0,0.1,0.075,0.2,1.0,716.0,13.0,4.0,0.1871508379888268
10.0,4.0,48.0,0.1,0.075,0.2,1.0,681.0,9.0,7.0,0.19383259911894274
10.0,4.0,49.0,0.1,0.075,0.2,1.0,690.0,10.0,8.0,0.1927536231884058
10.0,4.0,50.0,0.1,0.075,0.2,1.0,675.0,10.0,7.0,0.19111111111111112
10.0,4.0,51.0,0.1,0.075,0.2,1.0,647.0,6.0,3.0,0.19938176197836166
10.0,4.0,52.0,0.1,0.075,0.2,1.0,621.0,6.0,3.0,0.19806763285024154
10.0,5.0,1.0,0.1,0.075,0.2,1.0,635.0,6.0,3.0,0.1984251968503937
10.0,5.0,2.0,0.1,0.075,0.2,1.0,617.0,5.0,2.0,0.19773095623987033
10.0,5.0,3.0,0.1,0.075,0.2,1.0,626.0,5.0,4.0,0.19968051118210864
10.0,5.0,4.0,0.1,0.075,0.2,1.0,608.0,5.0,3.0,0.19736842105263158
10.0,5.0,5.0,0.1,0.075,0.2,1.0,618.0,5.0,3.0,0.19902912621359223
10.0,5.0,6.0,0.1,0.075,0.2,1.0,604.0,2.0,1.0,0.20033112582781457
10.0,5.0,7.0,0.1,0.075,0.2,1.0,612.0,2.0,2.0,0.20098039215686275
10.0,5.0,8.0,0.1,0.075,0.2,1.0,597.0,2.0,2.0,0.20100502512562815
10.0,5.0,9.0,0.1,0.075,0.2,1.0,605.0,2.0,1.0,0.20330578512396694
10.0,5.0,10.0,0.1,0.075,0.2,1.0,595.0,1.0,0.0,0.20336134453781513
10.0,5.0,11.0,0.1,0.075,0.2,1.0,603.0,1.0,0.0,0.2023217247097844
10.0,5.0,12.0,0.1,0.075,0.2,1.0,593.0,1.0,0.0,0.20236087689713322
10.0,5.0,13.0,0.1,0.075,0.2,1.0,602.0,1.0,1.0,0.2026578073089701
10.0,5.0,14.0,0.1,0.075,0.2,1.0,590.0,3.0,1.0,0.2016949152542373
10.0,5.0,15.0,0.1,0.075,0.2,1.0,598.0,3.0,1.0,0.20066889632107024
10.0,5.0,16.0,0.1,0.075,0.2,1.0,587.0,3.0,0.0,0.19931856899488926
10.0,5.0,17.0,0.1,0.075,0.2,1.0,597.0,3.0,1.0,0.19932998324958123
10.0,5.0,18.0,0.1,0.075,0.2,1.0,577.0,3.0,1.0,0.1975736568457539
10.0,5.0,19.0,0.1,0.075,0.2,1.0,587.0,4.0,2.0,0.19931856899488926
10.0,5.0,20.0,0.1,0.075,0.2,1.0,1086.0,3.0,2.0,0.10313075506445672
10.0,5.0,21.0,0.1,0.075,0.2,1.0,1013.0,7.0,2.0,0.10661401776900296
10.0,5.0,22.0,0.1,0.075,0.2,1.0,954.0,8.0,2.0,0.10272536687631027
10.0,5.0,23.0,0.1,0.075,0.2,1.0,939.0,7.0,2.0,0.1033013844515442
10.0,5.0,24.0,0.1,0.075,0.2,1.0,912.0,11.0,5.0,0.10416666666666667
10.0,5.0,25.0,0.1,0.075,0.2,1.0,923.0,13.0,6.0,0.10509209100758396
10.0,5.0,26.0,0.1,0.075,0.2,1.0,893.0,19.0,8.0,0.10414333706606943
10.0,5.0,27.0,0.1,0.075,0.2,1.0,871.0,10.0,4.0,0.10562571756601608
10.0,5.0,28.0,0.1,0.075,0.2,1.0,827.0,11.0,5.0,0.10640870616686819
10.0,5.0,29.0,0.1,0.075,0.2,1.0,825.0,15.0,5.0,0.10909090909090909
10.0,5.0,30.0,0.1,0.075,0.2,1.0,785.0,16.0,7.0,0.10955414012738854
10.0,5.0,31.0,0.1,0.075,0.2,1.0,788.0,21.0,7.0,0.11294416243654823
10.0,5.0,32.0,0.1,0.075,0.2,1.0,760.0,19.0,7.0,0.11052631578947368
10.0,5.0,33.0,0.1,0.075,0.2,1.0,760.0,19.0,7.0,0.11447368421052631
10.0,5.0,34.0,0.1,0.075,0.2,1.0,740.0,26.0,11.0,0.11081081081081082
10.0,5.0,35.0,0.1,0.075,0.2,1.0,726.0,25.0,8.0,0.11707988980716254
10.0,5.0,36.0,0.1,0.075,0.2,1.0,708.0,19.0,4.0,0.11581920903954802
10.0,5.0,37.0,0.1,0.075,0.2,1.0,697.0,16.0,8.0,0.12195121951219512
10.0,5.0,38.0,0.1,0.075,0.2,1.0,661.0,18.0,13.0,0.12405446293494705
10.0,5.0,39.0,0.1,0.075,0.2,1.0,654.0,23.0,14.0,0.12385321100917432
10.0,5.0,40.0,0.1,0.075,0.2,1.0,619.0,19.0,8.0,0.12277867528271405
10.0,5.0,41.0,0.1,0.075,0.2,1.0,606.0,17.0,8.0,0.12706270627062707
10.0,5.0,42.0,0.1,0.075,0.2,1.0,582.0,20.0,7.0,0.12714776632302405
10.0,5.0,43.0,0.1,0.075,0.2,1.0,588.0,20.0,12.0,0.12755102040816327
10.0,5.0,44.0,0.1,0.075,0.2,1.0,544.0,20.0,9.0,0.1323529411764706
10.0,5.0,45.0,0.1,0.075,0.2,1.0,551.0,22.0,9.0,0.20326678765880218
10.0,5.0,46.0,0.1,0.075,0.2,1.0,537.0,21.0,7.0,0.2048417132216015
10.0,5.0,47.0,0.1,0.075,0.2,1.0,538.0,21.0,9.0,0.20817843866171004
10.0,5.0,48.0,0.1,0.075,0.2,1.0,521.0,21.0,14.0,0.2092130518234165
10.0,5.0,49.0,0.1,0.075,0.2,1.0,526.0,22.0,13.0,0.20912547528517111
10.0,5.0,50.0,0.1,0.075,0.2,1.0,510.0,20.0,10.0,0.20980392156862746
10.0,5.0,51.0,0.1,0.075,0.2,1.0,510.0,14.0,5.0,0.20980392156862746
10.0,5.0,52.0,0.1,0.075,0.2,1.0,494.0,13.0,8.0,0.2125506072874494
10.0,6.0,1.0,0.1,0.075,0.2,1.0,501.0,13.0,9.0,0.21157684630738524
10.0,6.0,2.0,0.1,0.075,0.2,1.0,493.0,15.0,10.0,0.2129817444219067
10.0,6.0,3.0,0.1,0.075,0.2,1.0,495.0,11.0,5.0,0.21414141414141413
10.0,6.0,4.0,0.1,0.075,0.2,1.0,485.0,9.0,2.0,0.21649484536082475
10.0,6.0,5.0,0.1,0.075,0.2,1.0,488.0,7.0,1.0,0.2151639344262295
10.0,6.0,6.0,0.1,0.075,0.2,1.0,474.0,7.0,3.0,0.21308016877637131
10.0,6.0,7.0,0.1,0.075,0.2,1.0,486.0,8.0,5.0,0.2139917695473251
10.0,6.0,8.0,0.1,0.075,0.2,1.0,473.0,9.0,5.0,0.2156448202959831
10.0,6.0,9.0,0.1,0.075,0.2,1.0,476.0,11.0,6.0,0.21638655462184875
10.0,6.0,10.0,0.1,0.075,0.2,1.0,466.0,11.0,4.0,0.2145922746781116
10.0,6.0,11.0,0.1,0.075,0.2,1.0,471.0,11.0,5.0,0.21868365180467092
10.0,6.0,12.0,0.1,0.075,0.2,1.0,458.0,8.0,3.0,0.2205240174672489
10.0,6.0,13.0,0.1,0.075,0.2,1.0,466.0,8.0,3.0,0.2167381974248927
10.0,6.0,14.0,0.1,0.075,0.2,1.0,455.0,6.0,4.0,0.2175824175824176
10.0,6.0,15.0,0.1,0.075,0.2,1.0,461.0,6.0,3.0,0.21908893709327548
10.0,6.0,16.0,0.1,0.075,0.2,1.0,454.0,6.0,3.0,0.21806167400881057
10.0,6.0,17.0,0.1,0.075,0.2,1.0,456.0,4.0,2.0,0.21929824561403508
10.0,6.0,18.0,0.1,0.075,0.2,1.0,448.0,5.0,3.0,0.21875
10.0,6.0,19.0,0.1,0.075,0.2,1.0,454.0,6.0,4.0,0.22246696035242292
10.0,6.0,20.0,0.1,0.075,0.2,1.0,795.0,5.0,2.0,0.1220125786163522
10.0,6.0,21.0,0.1,0.075,0.2,1.0,765.0,9.0,3.0,0.12810457516339868
10.0,6.0,22.0,0.1,0.075,0.2,1.0,729.0,8.0,4.0,0.12757201646090535
10.0,6.0,23.0,0.1,0.075,0.2,1.0,732.0,13.0,5.0,0.12978142076502733
10.0,6.0,24.0,0.1,0.075,0.2,1.0,717.0,15.0,5.0,0.12691771269177127
10.0,6.0,25.0,0.1,0.075,0.2,1.0,716.0,21.0,6.0,0.13128491620111732
10.0,6.0,26.0,0.1,0.075,0.2,1.0,700.0,23.0,11.0,0.12714285714285714
10.0,6.0,27.0,0.1,0.075,0.2,1.0,708.0,23.0,14.0,0.1327683615819209
10.0,6.0,28.0,0.1,0.075,0.2,1.0,677.0,22.0,13.0,0.1329394387001477
10.0,6.0,29.0,0.1,0.075,0.2,1.0,661.0,18.0,7.0,0.13918305597579425
10.0,6.0,30.0,0.1,0.075,0.2,1.0,652.0,17.0,7.0,0.13496932515337423
10.0,6.0,31.0,0.1,0.075,0.2,1.0,632.0,16.0,7.0,0.14240506329113925
10.0,6.0,32.0,0.1,0.075,0.2,1.0,629.0,17.0,8.0,0.13672496025437203
10.0,6.0,33.0,0.1,0.075,0.2,1.0,624.0,16.0,8.0,0.14262820512820512
10.0,6.0,34.0,0.1,0.075,0.2,1.0,593.0,15.0,7.0,0.1433389544688027
10.0,6.0,35.0,0.1,0.075,0.2,1.0,591.0,18.0,7.0,0.14890016920473773
10.0,6.0,36.0,0.1,0.075,0.2,1.0,575.0,17.0,4.0,0.14608695652173914
10.0,6.0,37.0,0.1,0.075,0.2,1.0,572.0,18.0,8.0,0.1520979020979021
10.0,6.0,38.0,0.1,0.075,0.2,1.0,548.0,17.0,10.0,0.1478102189781022
10.0,6.0,39.0,0.1,0.075,0.2,1.0,546.0,23.0,12.0,0.152014652014652
10.0,6.0,40.0,0.1,0.075,0.2,1.0,541.0,22.0,11.0,0.1478743068391867
10.0,6.0,41.0,0.1,0.075,0.2,1.0,525.0,21.0,10.0,0.15428571428571428
10.0,6.0,42.0,0.1,0.075,0.2,1.0,518.0,20.0,10.0,0.15057915057915058
10.0,6.0,43.0,0.1,0.075,0.2,1.0,500.0,14.0,6.0,0.16
10.0,6.0,44.0,0.1,0.075,0.2,1.0,496.0,15.0,7.0,0.15524193548387097
10.0,6.0,45.0,0.1,0.075,0.2,1.0,474.0,16.0,8.0,0.21729957805907174
10.0,6.0,46.0,0.1,0.075,0.2,1.0,462.0,13.0,7.0,0.22294372294372294
10.0,6.0,47.0,0.1,0.075,0.2,1.0,459.0,11.0,3.0,0.2222222222222222
10.0,6.0,48.0,0.1,0.075,0.2,1.0,450.0,11.0,6.0,0.22444444444444445
10.0,6.0,49.0,0.1,0.075,0.2,1.0,453.0,10.0,6.0,0.2229580573951435
10.0,6.0,50.0,0.1,0.075,0.2,1.0,449.0,11.0,8.0,0.22271714922049
10.0,6.0,51.0,0.1,0.075,0.2,1.0,441.0,8.0,5.0,0.2222222222222222
10.0,6.0,52.0,0.1,0.075,0.2,1.0,440.0,5.0,3.0,0.225
10.0,7.0,1.0,0.1,0.075,0.2,1.0,434.0,3.0,2.0,0.22350230414746544
10.0,7.0,2.0,0.1,0.075,0.2,1.0,433.0,3.0,3.0,0.22632794457274827
10.0,7.0,3.0,0.1,0.075,0.2,1.0,433.0,2.0,2.0,0.22401847575057737
10.0,7.0,4.0,0.1,0.075,0.2,1.0,429.0,1.0,1.0,0.2261072261072261
10.0,7.0,5.0,0.1,0.075,0.2,1.0,418.0,0.0,0.0,0.22248803827751196
10.0,7.0,6.0,0.1,0.075,0.2,1.0,404.0,0.0,0.0,0.2301980198019802
10.0,7.0,7.0,0.1,0.075,0.2,1.0,408.0,0.0,0.0,0.22549019607843138
10.0,7.0,8.0,0.1,0.075,0.2,1.0,402.0,0.0,0.0,0.23134328358208955
10.0,7.0,9.0,0.1,0.075,0.2,1.0,405.0,0.0,0.0,0.2271604938271605
10.0,7.0,10.0,0.1,0.075,0.2,1.0,397.0,0.0,0.0,0.22670025188916876
10.0,7.0,11.0,0.1,0.075,0.2,1.0,401.0,0.0,0.0,0.22693266832917705
10.0,7.0,12.0,0.1,0.075,0.2,1.0,395.0,0.0,0.0,0.22784810126582278
10.0,7.0,13.0,0.1,0.075,0.2,1.0,400.0,0.0,0.0,0.2275
10.0,7.0,14.0,0.1,0.075,0.2,1.0,385.0,0.0,0.0,0.22077922077922077
10.0,7.0,15.0,0.1,0.075,0.2,1.0,389.0,0.0,0.0,0.2185089974293059
10.0,7.0,16.0,0.1,0.075,0.2,1.0,384.0,0.0,0.0,0.21875
10.0,7.0,17.0,0.1,0.075,0.2,1.0,387.0,0.0,0.0,0.21705426356589147
10.0,7.0,18.0,0.1,0.075,0.2,1.0,381.0,0.0,0.0,0.2204724409448819
10.0,7.0,19.0,0.1,0.075,0.2,1.0,387.0,0.0,0.0,0.21963824289405684
10.0,7.0,20.0,0.1,0.075,0.2,1.0,696.0,0.0,0.0,0.1206896551724138
10.0,7.0,21.0,0.1,0.075,0.2,1.0,690.0,0.0,0.0,0.12028985507246377
10.0,7.0,22.0,0.1,0.075,0.2,1.0,664.0,0.0,0.0,0.11897590361445783
10.0,7.0,23.0,0.1,0.075,0.2,1.0,661.0,0.0,0.0,0.12102874432677761
10.0,7.0,24.0,0.1,0.075,0.2,1.0,640.0,0.0,0.0,0.1234375
10.0,7.0,25.0,0.1,0.075,0.2,1.0,621.0,0.0,0.0,0.12560386473429952
10.0,7.0,26.0,0.1,0.075,0.2,1.0,601.0,0.0,0.0,0.1281198003327787
10.0,7.0,27.0,0.1,0.075,0.2,1.0,593.0,0.0,0.0,0.12984822934232715
10.0,7.0,28.0,0.1,0.075,0.2,1.0,575.0,0.0,0.0,0.12869565217391304
10.0,7.0,29.0,0.1,0.075,0.2,1.0,583.0,0.0,0.0,0.1269296740994854
10.0,7.0,30.0,0.1,0.075,0.2,1.0,560.0,0.0,0.0,0.13035714285714287
10.0,7.0,31.0,0.1,0.075,0.2,1.0,570.0,0.0,0.0,0.12982456140350876
10.0,7.0,32.0,0.1,0.075,0.2,1.0,525.0,0.0,0.0,0.13714285714285715
10.0,7.0,33.0,0.1,0.075,0.2,1.0,534.0,0.0,0.0,0.13295880149812733
10.0,7.0,34.0,0.1,0.075,0.2,1.0,509.0,0.0,0.0,0.137524557956778
10.0,7.0,35.0,0.1,0.075,0.2,1.0,520.0,0.0,0.0,0.13653846153846153
10.0,7.0,36.0,0.1,0.075,0.2,1.0,513.0,0.0,0.0,0.1364522417153996
10.0,7.0,37.0,0.1,0.075,0.2,1.0,519.0,0.0,0.0,0.1348747591522158
10.0,7.0,38.0,0.1,0.075,0.2,1.0,515.0,0.0,0.0,0.1378640776699029
10.0,7.0,39.0,0.1,0.075,0.2,1.0,520.0,0.0,0.0,0.1346153846153846
10.0,7.0,40.0,0.1,0.075,0.2,1.0,494.0,0.0,0.0,0.13562753036437247
10.0,7.0,41.0,0.1,0.075,0.2,1.0,503.0,0.0,0.0,0.1312127236580517
10.0,7.0,42.0,0.1,0.075,0.2,1.0,481.0,0.0,0.0,0.13305613305613306
10.0,7.0,43.0,0.1,0.075,0.2,1.0,489.0,0.0,0.0,0.130879345603272
10.0,7.0,44.0,0.1,0.075,0.2,1.0,478.0,0.0,0.0,0.13389121338912133
10.0,7.0,45.0,0.1,0.075,0.2,1.0,486.0,0.0,0.0,0.19135802469135801
10.0,7.0,46.0,0.1,0.075,0.2,1.0,463.0,0.0,0.0,0.20086393088552915
10.0,7.0,47.0,0.1,0.075,0.2,1.0,471.0,0.0,0.0,0.19532908704883228
10.0,7.0,48.0,0.1,0.075,0.2,1.0,451.0,0.0,0.0,0.2039911308203991
10.0,7.0,49.0,0.1,0.075,0.2,1.0,453.0,0.0,0.0,0.1986754966887417
10.0,7.0,50.0,0.1,0.075,0.2,1.0,446.0,0.0,0.0,0.2062780269058296
10.0,7.0,51.0,0.1,0.075,0.2,1.0,452.0,0.0,0.0,0.19911504424778761
10.0,7.0,52.0,0.1,0.075,0.2,1.0,446.0,0.0,0.0,0.2062780269058296
10.0,8.0,1.0,0.1,0.075,0.2,1.0,452.0,0.0,0.0,0.19911504424778761
10.0,8.0,2.0,0.1,0.075,0.2,1.0,445.0,0.0,0.0,0.20674157303370785
10.0,8.0,3.0,0.1,0.075,0.2,1.0,450.0,0.0,0.0,0.19777777777777777
10.0,8.0,4.0,0.1,0.075,0.2,1.0,444.0,0.0,0.0,0.2072072072072072
10.0,8.0,5.0,0.1,0.075,0.2,1.0,448.0,0.0,0.0,0.19866071428571427
10.0,8.0,6.0,0.1,0.075,0.2,1.0,444.0,0.0,0.0,0.20495495495495494
10.0,8.0,7.0,0.1,0.075,0.2,1.0,436.0,0.0,0.0,0.19954128440366972
10.0,8.0,8.0,0.1,0.075,0.2,1.0,428.0,0.0,0.0,0.20794392523364486
10.0,8.0,9.0,0.1,0.075,0.2,1.0,432.0,0.0,0.0,0.2013888888888889
10.0,8.0,10.0,0.1,0.075,0.2,1.0,427.0,0.0,0.0,0.20843091334894615
10.0,8.0,11.0,0.1,0.075,0.2,1.0,416.0,0.0,0.0,0.20432692307692307
10.0,8.0,12.0,0.1,0.075,0.2,1.0,413.0,0.0,0.0,0.2106537530266344
10.0,8.0,13.0,0.1,0.075,0.2,1.0,414.0,0.0,0.0,0.20531400966183574
10.0,8.0,14.0,0.1,0.075,0.2,1.0,409.0,0.0,0.0,0.21271393643031786
10.0,8.0,15.0,0.1,0.075,0.2,1.0,412.0,0.0,0.0,0.20631067961165048
10.0,8.0,16.0,0.1,0.075,0.2,1.0,394.0,0.0,0.0,0.21065989847715735
10.0,8.0,17.0,0.1,0.075,0.2,1.0,401.0,0.0,0.0,0.20199501246882792
10.0,8.0,18.0,0.1,0.075,0.2,1.0,394.0,0.0,0.0,0.21065989847715735
10.0,8.0,19.0,0.1,0.075,0.2,1.0,398.0,0.0,0.0,0.20351758793969849
10.0,8.0,20.0,0.1,0.075,0.2,1.0,706.0,0.0,0.0,0.11614730878186968
10.0,8.0,21.0,0.1,0.075,0.2,1.0,675.0,0.0,0.0,0.10962962962962963
10.0,8.0,22.0,0.1,0.075,0.2,1.0,648.0,0.0,0.0,0.11728395061728394
10.0,8.0,23.0,0.1,0.075,0.2,1.0,618.0,0.0,0.0,0.11003236245954692
10.0,8.0,24.0,0.1,0.075,0.2,1.0,601.0,0.0,0.0,0.11314475873544093
10.0,8.0,25.0,0.1,0.075,0.2,1.0,596.0,0.0,0.0,0.10906040268456375
10.0,8.0,26.0,0.1,0.075,0.2,1.0,599.0,0.0,0.0,0.11352253756260434
10.0,8.0,27.0,0.1,0.075,0.2,1.0,601.0,0.0,0.0,0.10815307820299501
10.0,8.0,28.0,0.1,0.075,0.2,1.0,591.0,0.0,0.0,0.11505922165820642
10.0,8.0,29.0,0.1,0.075,0.2,1.0,601.0,0.0,0.0,0.10815307820299501
10.0,8.0,30.0,0.1,0.075,0.2,1.0,595.0,0.0,0.0,0.11428571428571428
10.0,8.0,31.0,0.1,0.075,0.2,1.0,581.0,0.0,0.0,0.11015490533562823
10.0,8.0,32.0,0.1,0.075,0.2,1.0,568.0,0.0,0.0,0.11443661971830986
10.0,8.0,33.0,0.1,0.075,0.2,1.0,567.0,0.0,0.0,0.1111111111111111
10.0,8.0,34.0,0.1,0.075,0.2,1.0,571.0,0.0,0.0,0.1138353765323993
10.0,8.0,35.0,0.1,0.075,0.2,1.0,563.0,0.0,0.0,0.108348134991119
10.0,8.0,36.0,0.1,0.075,0.2,1.0,558.0,0.0,0.0,0.11290322580645161
10.0,8.0,37.0,0.1,0.075,0.2,1.0,531.0,0.0,0.0,0.11299435028248588
10.0,8.0,38.0,0.1,0.075,0.2,1.0,505.0,0.0,0.0,0.12277227722772277
10.0,8.0,39.0,0.1,0.075,0.2,1.0,476.0,0.0,0.0,0.11974789915966387
10.0,8.0,40.0,0.1,0.075,0.2,1.0,477.0,0.0,0.0,0.12368972746331237
10.0,8.0,41.0,0.1,0.075,0.2,1.0,478.0,0.0,0.0,0.1192468619246862
10.0,8.0,42.0,0.1,0.075,0.2,1.0,461.0,0.0,0.0,0.12581344902386118
10.0,8.0,43.0,0.1,0.075,0.2,1.0,469.0,0.0,0.0,0.11940298507462686
10.0,8.0,44.0,0.1,0.075,0.2,1.0,465.0,0.0,0.0,0.12473118279569892
10.0,8.0,45.0,0.1,0.075,0.2,1.0,466.0,0.0,0.0,0.1888412017167382
10.0,8.0,46.0,0.1,0.075,0.2,1.0,455.0,0.0,0.0,0.2043956043956044
10.0,8.0,47.0,0.1,0.075,0.2,1.0,469.0,0.0,0.0,0.18763326226012794
10.0,8.0,48.0,0.1,0.075,0.2,1.0,460.0,0.0,0.0,0.19782608695652174
10.0,8.0,49.0,0.1,0.075,0.2,1.0,468.0,0.0,0.0,0.19017094017094016
10.0,8.0,50.0,0.1,0.075,0.2,1.0,445.0,0.0,0.0,0.20224719101123595
10.0,8.0,51.0,0.1,0.075,0.2,1.0,450.0,0.0,0.0,0.19555555555555557
10.0,8.0,52.0,0.1,0.075,0.2,1.0,443.0,0.0,0.0,0.2054176072234763
10.0,9.0,1.0,0.1,0.075,0.2,1.0,448.0,0.0,0.0,0.19642857142857142
10.0,9.0,2.0,0.1,0.075,0.2,1.0,443.0,0.0,0.0,0.2054176072234763
10.0,9.0,3.0,0.1,0.075,0.2,1.0,447.0,0.0,0.0,0.19686800894854586
10.0,9.0,4.0,0.1,0.075,0.2,1.0,443.0,0.0,0.0,0.20316027088036118
10.0,9.0,5.0,0.1,0.075,0.2,1.0,447.0,0.0,0.0,0.19686800894854586
10.0,9.0,6.0,0.1,0.075,0.2,1.0,432.0,0.0,0.0,0.2013888888888889
10.0,9.0,7.0,0.1,0.075,0.2,1.0,445.0,0.0,0.0,0.19325842696629214
10.0,9.0,8.0,0.1,0.075,0.2,1.0,429.0,0.0,0.0,0.20512820512820512
10.0,9.0,9.0,0.1,0.075,0.2,1.0,436.0,0.0,0.0,0.19724770642201836
10.0,9.0,10.0,0.1,0.075,0.2,1.0,428.0,0.0,0.0,0.20327102803738317
10.0,9.0,11.0,0.1,0.075,0.2,1.0,433.0,0.0,0.0,0.20092378752886836
10.0,9.0,12.0,0.1,0.075,0.2,1.0,426.0,0.0,0.0,0.20422535211267606
10.0,9.0,13.0,0.1,0.075,0.2,1.0,432.0,0.0,0.0,0.2013888888888889
10.0,9.0,14.0,0.1,0.075,0.2,1.0,424.0,0.0,0.0,0.2028301886792453
10.0,9.0,15.0,0.1,0.075,0.2,1.0,431.0,0.0,0.0,0.19953596287703015
10.0,9.0,16.0,0.1,0.075,0.2,1.0,424.0,0.0,0.0,0.2028301886792453
10.0,9.0,17.0,0.1,0.075,0.2,1.0,420.0,0.0,0.0,0.2
10.0,9.0,18.0,0.1,0.075,0.2,1.0,397.0,0.0,0.0,0.20654911838790932
10.0,9.0,19.0,0.1,0.075,0.2,1.0,405.0,0.0,0.0,0.19753086419753085
10.0,9.0,20.0,0.1,0.075,0.2,1.0,695.0,0.0,0.0,0.11223021582733812
10.0,9.0,21.0,0.1,0.075,0.2,1.0,708.0,0.0,0.0,0.1059322033898305
10.0,9.0,22.0,0.1,0.075,0.2,1.0,636.0,0.0,0.0,0.1179245283018868
10.0,9.0,23.0,0.1,0.075,0.2,1.0,644.0,0.0,0.0,0.11180124223602485
10.0,9.0,24.0,0.1,0.075,0.2,1.0,610.0,0.0,0.0,0.12131147540983607
10.0,9.0,25.0,0.1,0.075,0.2,1.0,607.0,0.0,0.0,0.11532125205930807
10.0,9.0,26.0,0.1,0.075,0.2,1.0,535.0,0.0,0.0,0.1308411214953271
10.0,9.0,27.0,0.1,0.075,0.2,1.0,549.0,0.0,0.0,0.12386156648451731
10.0,9.0,28.0,0.1,0.075,0.2,1.0,519.0,0.0,0.0,0.1329479768786127
10.0,9.0,29.0,0.1,0.075,0.2,1.0,539.0,0.0,0.0,0.12430426716141002
10.0,9.0,30.0,0.1,0.075,0.2,1.0,519.0,0.0,0.0,0.1329479768786127
10.0,9.0,31.0,0.1,0.075,0.2,1.0,527.0,0.0,0.0,0.127134724857685
10.0,9.0,32.0,0.1,0.075,0.2,1.0,509.0,0.0,0.0,0.13359528487229863
10.0,9.0,33.0,0.1,0.075,0.2,1.0,521.0,0.0,0.0,0.12667946257197696
10.0,9.0,34.0,0.1,0.075,0.2,1.0,513.0,0.0,0.0,0.13255360623781676
10.0,9.0,35.0,0.1,0.075,0.2,1.0,516.0,0.0,0.0,0.12790697674418605
10.0,9.0,36.0,0.1,0.075,0.2,1.0,514.0,0.0,0.0,0.13229571984435798
10.0,9.0,37.0,0.1,0.075,0.2,1.0,516.0,0.0,0.0,0.12790697674418605
10.0,9.0,38.0,0.1,0.075,0.2,1.0,514.0,0.0,0.0,0.13229571984435798
10.0,9.0,39.0,0.1,0.075,0.2,1.0,504.0,0.0,0.0,0.12698412698412698
10.0,9.0,40.0,0.1,0.075,0.2,1.0,477.0,0.0,0.0,0.13417190775681342
10.0,9.0,41.0,0.1,0.075,0.2,1.0,480.0,0.0,0.0,0.12916666666666668
10.0,9.0,42.0,0.1,0.075,0.2,1.0,477.0,0.0,0.0,0.13417190775681342
10.0,9.0,43.0,0.1,0.075,0.2,1.0,484.0,0.0,0.0,0.128099173553719
10.0,9.0,44.0,0.1,0.075,0.2,1.0,474.0,0.0,0.0,0.1350210970464135
10.0,9.0,45.0,0.1,0.075,0.2,1.0,479.0,0.0,0.0,0.20041753653444677
10.0,9.0,46.0,0.1,0.075,0.2,1.0,467.0,0.0,0.0,0.20770877944325483
10.0,9.0,47.0,0.1,0.075,0.2,1.0,473.0,0.0,0.0,0.20084566596194503
10.0,9.0,48.0,0.1,0.075,0.2,1.0,461.0,0.0,0.0,0.20824295010845986
10.0,9.0,49.0,0.1,0.075,0.2,1.0,474.0,0.0,0.0,0.20042194092827004
10.0,9.0,50.0,0.1,0.075,0.2,1.0,464.0,0.0,0.0,0.20905172413793102
10.0,9.0,51.0,0.1,0.075,0.2,1.0,460.0,0.0,0.0,0.20217391304347826
10.0,9.0,52.0,0.1,0.075,0.2,1.0,453.0,0.0,0.0,0.2119205298013245
10.0,10.0,1.0,0.1,0.075,0.2,1.0,460.0,0.0,0.0,0.20434782608695654
10.0,10.0,2.0,0.1,0.075,0.2,1.0,451.0,0.0,0.0,0.2106430155210643
10.0,10.0,3.0,0.1,0.075,0.2,1.0,462.0,0.0,0.0,0.20346320346320346
10.0,10.0,4.0,0.1,0.075,0.2,1.0,452.0,0.0,0.0,0.21017699115044247
10.0,10.0,5.0,0.1,0.075,0.2,1.0,459.0,0.0,0.0,0.2047930283224401
10.0,10.0,6.0,0.1,0.075,0.2,1.0,452.0,0.0,0.0,0.21017699115044247
10.0,10.0,7.0,0.1,0.075,0.2,1.0,460.0,0.0,0.0,0.20434782608695654
10.0,10.0,8.0,0.1,0.075,0.2,1.0,451.0,0.0,0.0,0.21286031042128603
10.0,10.0,9.0,0.1,0.075,0.2,1.0,455.0,0.0,0.0,0.2043956043956044
10.0,10.0,10.0,0.1,0.075,0.2,1.0,450.0,0.0,0.0,0.2111111111111111
10.0,10.0,11.0,0.1,0.075,0.2,1.0,456.0,0.0,0.0,0.20614035087719298
10.0,10.0,12.0,0.1,0.075,0.2,1.0,448.0,0.0,0.0,0.21205357142857142
10.0,10.0,13.0,0.1,0.075,0.2,1.0,451.0,0.0,0.0,0.20842572062084258
10.0,10.0,14.0,0.1,0.075,0.2,1.0,448.0,0.0,0.0,0.21205357142857142
10.0,10.0,15.0,0.1,0.075,0.2,1.0,452.0,0.0,0.0,0.2079646017699115
10.0,10.0,16.0,0.1,0.075,0.2,1.0,451.0,0.0,0.0,0.21286031042128603
10.0,10.0,17.0,0.1,0.075,0.2,1.0,453.0,0.0,0.0,0.2052980132450331
10.0,10.0,18.0,0.1,0.075,0.2,1.0,451.0,0.0,0.0,0.21286031042128603
10.0,10.0,19.0,0.1,0.075,0.2,1.0,455.0,0.0,0.0,0.20659340659340658
10.0,10.0,20.0,0.1,0.075,0.2,1.0,779.0,0.0,0.0,0.10911424903722722
10.0,10.0,21.0,0.1,0.075,0.2,1.0,750.0,0.0,0.0,0.108
10.0,10.0,22.0,0.1,0.075,0.2,1.0,728.0,0.0,0.0,0.11538461538461539
10.0,10.0,23.0,0.1,0.075,0.2,1.0,737.0,0.0,0.0,0.10990502035278155
10.0,10.0,24.0,0.1,0.075,0.2,1.0,703.0,0.0,0.0,0.11806543385490754
10.0,10.0,25.0,0.1,0.075,0.2,1.0,702.0,0.0,0.0,0.11253561253561253
10.0,10.0,26.0,0.1,0.075,0.2,1.0,684.0,0.0,0.0,0.11695906432748537
10.0,10.0,27.0,0.1,0.075,0.2,1.0,651.0,0.0,0.0,0.11059907834101383
10.0,10.0,28.0,0.1,0.075,0.2,1.0,642.0,0.0,0.0,0.11682242990654206
10.0,10.0,29.0,0.1,0.075,0.2,1.0,638.0,0.0,0.0,0.11285266457680251
10.0,10.0,30.0,0.1,0.075,0.2,1.0,629.0,0.0,0.0,0.1192368839427663
10.0,10.0,31.0,0.1,0.075,0.2,1.0,623.0,0.0,0.0,0.11396468699839486
10.0,10.0,32.0,0.1,0.075,0.2,1.0,606.0,0.0,0.0,0.12211221122112212
10.0,10.0,33.0,0.1,0.075,0.2,1.0,597.0,0.0,0.0,0.11557788944723618
10.0,10.0,34.0,0.1,0.075,0.2,1.0,595.0,0.0,0.0,0.1226890756302521
10.0,10.0,35.0,0.1,0.075,0.2,1.0,590.0,0.0,0.0,0.11864406779661017
10.0,10.0,36.0,0.1,0.075,0.2,1.0,568.0,0.0,0.0,0.12852112676056338
10.0,10.0,37.0,0.1,0.075,0.2,1.0,573.0,0.0,0.0,0.12041884816753927
10.0,10.0,38.0,0.1,0.075,0.2,1.0,566.0,0.0,0.0,0.12897526501766785
10.0,10.0,39.0,0.1,0.075,0.2,1.0,573.0,0.0,0.0,0.12041884816753927
10.0,10.0,40.0,0.1,0.075,0.2,1.0,565.0,0.0,0.0,0.12743362831858407
10.0,10.0,41.0,0.1,0.075,0.2,1.0,554.0,0.0,0.0,0.12274368231046931
10.0,10.0,42.0,0.1,0.075,0.2,1.0,547.0,0.0,0.0,0.12979890310786105
10.0,10.0,43.0,0.1,0.075,0.2,1.0,554.0,0.0,0.0,0.12274368231046931
10.0,10.0,44.0,0.1,0.075,0.2,1.0,547.0,0.0,0.0,0.12797074954296161
10.0,10.0,45.0,0.1,0.075,0.2,1.0,558.0,0.0,0.0,0.1827956989247312
10.0,10.0,46.0,0.1,0.075,0.2,1.0,543.0,0.0,0.0,0.18968692449355432
10.0,10.0,47.0,0.1,0.075,0.2,1.0,557.0,0.0,0.0,0.18312387791741472
10.0,10.0,48.0,0.1,0.075,0.2,1.0,551.0,0.0,0.0,0.19056261343012704
10.0,10.0,49.0,0.1,0.075,0.2,1.0,552.0,0.0,0.0,0.18297101449275363
10.0,10.0,50.0,0.1,0.075,0.2,1.0,532.0,0.0,0.0,0.19360902255639098
10.0,10.0,51.0,0.1,0.075,0.2,1.0,535.0,0.0,0.0,0.18504672897196262
10.0,10.0,52.0,0.1,0.075,0.2,1.0,532.0,0.0,0.0,0.19548872180451127
11.0,1.0,1.0,0.1,0.075,0.2,1.0,5111.0,53.0,5.0,0.09548033652905498
11.0,1.0,2.0,0.1,0.075,0.2,1.0,5011.0,51.0,15.0,0.0951905807224107
11.0,1.0,3.0,0.1,0.075,0.2,1.0,4967.0,74.0,29.0,0.09462452184417153
11.0,1.0,4.0,0.1,0.075,0.2,1.0,4929.0,100.0,35.0,0.09697707445729357
11.0,1.0,5.0,0.1,0.075,0.2,1.0,4975.0,135.0,35.0,0.09688442211055276
11.0,1.0,6.0,0.1,0.075,0.2,1.0,4882.0,166.0,46.0,0.0962720196640721
11.0,1.0,7.0,0.1,0.075,0.2,1.0,4723.0,206.0,67.0,0.09739572305737879
11.0,1.0,8.0,0.1,0.075,0.2,1.0,4622.0,272.0,95.0,0.09627866724361749
11.0,1.0,9.0,0.1,0.075,0.2,1.0,4504.0,328.0,130.0,0.09813499111900532
11.0,1.0,10.0,0.1,0.075,0.2,1.0,4413.0,380.0,161.0,0.09698617720371629
11.0,1.0,11.0,0.1,0.075,0.2,1.0,4288.0,406.0,179.0,0.09841417910447761
11.0,1.0,12.0,0.1,0.075,0.2,1.0,4091.0,436.0,185.0,0.09850892202395502
11.0,1.0,13.0,0.1,0.075,0.2,1.0,3932.0,463.0,194.0,0.10045778229908443
11.0,1.0,14.0,0.1,0.075,0.2,1.0,3848.0,483.0,210.0,0.10109147609147609
11.0,1.0,15.0,0.1,0.075,0.2,1.0,3728.0,503.0,219.0,0.10354077253218884
11.0,1.0,16.0,0.1,0.075,0.2,1.0,3603.0,513.0,230.0,0.10435747987787955
11.0,1.0,17.0,0.1,0.075,0.2,1.0,3487.0,499.0,234.0,0.10668196157155148
11.0,1.0,18.0,0.1,0.075,0.2,1.0,3336.0,486.0,236.0,0.10671462829736211
11.0,1.0,19.0,0.1,0.075,0.2,1.0,3202.0,489.0,241.0,0.11149281698938164
11.0,1.0,20.0,0.1,0.075,0.2,1.0,5850.0,460.0,241.0,0.059487179487179485
11.0,1.0,21.0,0.1,0.075,0.2,1.0,5426.0,548.0,208.0,0.06376704754883893
11.0,1.0,22.0,0.1,0.075,0.2,1.0,5088.0,569.0,216.0,0.06407232704402516
11.0,1.0,23.0,0.1,0.075,0.2,1.0,4794.0,578.0,225.0,0.06654151022110973
11.0,1.0,24.0,0.1,0.075,0.2,1.0,4373.0,586.0,248.0,0.07111822547450262
11.0,1.0,25.0,0.1,0.075,0.2,1.0,4146.0,599.0,278.0,0.07380607814761216
11.0,1.0,26.0,0.1,0.075,0.2,1.0,3871.0,605.0,272.0,0.07439938000516662
11.0,1.0,27.0,0.1,0.075,0.2,1.0,3647.0,622.0,281.0,0.07759802577460927
11.0,1.0,28.0,0.1,0.075,0.2,1.0,3385.0,583.0,271.0,0.08094534711964549
11.0,1.0,29.0,0.1,0.075,0.2,1.0,3259.0,570.0,270.0,0.0837680270021479
11.0,1.0,30.0,0.1,0.075,0.2,1.0,3085.0,558.0,247.0,0.08622366288492707
11.0,1.0,31.0,0.1,0.075,0.2,1.0,2913.0,524.0,228.0,0.09028492962581532
11.0,1.0,32.0,0.1,0.075,0.2,1.0,2723.0,482.0,220.0,0.0954829232464194
11.0,1.0,33.0,0.1,0.075,0.2,1.0,2577.0,487.0,225.0,0.0989522700814901
11.0,1.0,34.0,0.1,0.075,0.2,1.0,2417.0,483.0,210.0,0.10426148117501034
11.0,1.0,35.0,0.1,0.075,0.2,1.0,2290.0,456.0,203.0,0.10698689956331878
11.0,1.0,36.0,0.1,0.075,0.2,1.0,2132.0,425.0,197.0,0.11397748592870544
11.0,1.0,37.0,0.1,0.075,0.2,1.0,2067.0,441.0,211.0,0.11514271891630382
11.0,1.0,38.0,0.1,0.075,0.2,1.0,1939.0,400.0,203.0,0.12325941206807632
11.0,1.0,39.0,0.1,0.075,0.2,1.0,1858.0,392.0,198.0,0.12594187298170076
11.0,1.0,40.0,0.1,0.075,0.2,1.0,1747.0,364.0,182.0,0.1345163136805953
11.0,1.0,41.0,0.1,0.075,0.2,1.0,1648.0,316.0,163.0,0.1395631067961165
11.0,1.0,42.0,0.1,0.075,0.2,1.0,1542.0,297.0,156.0,0.14721141374837873
11.0,1.0,43.0,0.1,0.075,0.2,1.0,1479.0,293.0,148.0,0.14874915483434753
11.0,1.0,44.0,0.1,0.075,0.2,1.0,1399.0,255.0,145.0,0.16082916368834882
11.0,1.0,45.0,0.1,0.075,0.2,1.0,1314.0,234.0,132.0,0.23515981735159816
11.0,1.0,46.0,0.1,0.075,0.2,1.0,1250.0,206.0,112.0,0.2336
11.0,1.0,47.0,0.1,0.075,0.2,1.0,1162.0,168.0,91.0,0.24440619621342513
11.0,1.0,48.0,0.1,0.075,0.2,1.0,1121.0,155.0,77.0,0.25066904549509367
11.0,1.0,49.0,0.1,0.075,0.2,1.0,1072.0,128.0,71.0,0.2574626865671642
11.0,1.0,50.0,0.1,0.075,0.2,1.0,1046.0,124.0,60.0,0.25812619502868067
11.0,1.0,51.0,0.1,0.075,0.2,1.0,1008.0,106.0,61.0,0.26091269841269843
11.0,1.0,52.0,0.1,0.075,0.2,1.0,984.0,99.0,61.0,0.2652439024390244
11.0,2.0,1.0,0.1,0.075,0.2,1.0,951.0,92.0,59.0,0.2744479495268139
11.0,2.0,2.0,0.1,0.075,0.2,1.0,927.0,73.0,47.0,0.284789644012945
11.0,2.0,3.0,0.1,0.075,0.2,1.0,893.0,56.0,38.0,0.29227323628219487
11.0,2.0,4.0,0.1,0.075,0.2,1.0,877.0,49.0,29.0,0.29418472063854045
11.0,2.0,5.0,0.1,0.075,0.2,1.0,855.0,41.0,25.0,0.30058479532163745
11.0,2.0,6.0,0.1,0.075,0.2,1.0,844.0,37.0,17.0,0.3033175355450237
11.0,2.0,7.0,0.1,0.075,0.2,1.0,824.0,35.0,19.0,0.3058252427184466
11.0,2.0,8.0,0.1,0.075,0.2,1.0,812.0,32.0,15.0,0.312807881773399
11.0,2.0,9.0,0.1,0.075,0.2,1.0,795.0,32.0,18.0,0.3119496855345912
11.0,2.0,10.0,0.1,0.075,0.2,1.0,785.0,26.0,19.0,0.3184713375796178
11.0,2.0,11.0,0.1,0.075,0.2,1.0,770.0,27.0,15.0,0.3181818181818182
11.0,2.0,12.0,0.1,0.075,0.2,1.0,760.0,23.0,11.0,0.325
11.0,2.0,13.0,0.1,0.075,0.2,1.0,739.0,19.0,7.0,0.3274695534506089
11.0,2.0,14.0,0.1,0.075,0.2,1.0,737.0,22.0,10.0,0.32971506105834464
11.0,2.0,15.0,0.1,0.075,0.2,1.0,720.0,22.0,10.0,0.3277777777777778
11.0,2.0,16.0,0.1,0.075,0.2,1.0,724.0,20.0,12.0,0.3328729281767956
11.0,2.0,17.0,0.1,0.075,0.2,1.0,712.0,20.0,11.0,0.3356741573033708
11.0,2.0,18.0,0.1,0.075,0.2,1.0,708.0,20.0,10.0,0.3361581920903955
11.0,2.0,19.0,0.1,0.075,0.2,1.0,691.0,18.0,8.0,0.3357452966714906
11.0,2.0,20.0,0.1,0.075,0.2,1.0,1284.0,16.0,10.0,0.18146417445482865
11.0,2.0,21.0,0.1,0.075,0.2,1.0,1262.0,27.0,11.0,0.1814580031695721
11.0,2.0,22.0,0.1,0.075,0.2,1.0,1254.0,30.0,12.0,0.1810207336523126
11.0,2.0,23.0,0.1,0.075,0.2,1.0,1218.0,25.0,9.0,0.1839080459770115
11.0,2.0,24.0,0.1,0.075,0.2,1.0,1177.0,22.0,9.0,0.18436703483432457
11.0,2.0,25.0,0.1,0.075,0.2,1.0,1130.0,20.0,9.0,0.18672566371681415
11.0,2.0,26.0,0.1,0.075,0.2,1.0,1115.0,24.0,10.0,0.19013452914798207
11.0,2.0,27.0,0.1,0.075,0.2,1.0,1089.0,20.0,8.0,0.19008264462809918
11.0,2.0,28.0,0.1,0.075,0.2,1.0,1050.0,20.0,8.0,0.19142857142857142
11.0,2.0,29.0,0.1,0.075,0.2,1.0,1036.0,20.0,7.0,0.1891891891891892
11.0,2.0,30.0,0.1,0.075,0.2,1.0,1014.0,18.0,9.0,0.1942800788954635
11.0,2.0,31.0,0.1,0.075,0.2,1.0,994.0,18.0,11.0,0.193158953722334
11.0,2.0,32.0,0.1,0.075,0.2,1.0,995.0,19.0,12.0,0.19497487437185929
11.0,2.0,33.0,0.1,0.075,0.2,1.0,959.0,19.0,8.0,0.19499478623566216
11.0,2.0,34.0,0.1,0.075,0.2,1.0,961.0,19.0,9.0,0.19979188345473464
11.0,2.0,35.0,0.1,0.075,0.2,1.0,957.0,20.0,8.0,0.19644723092998956
11.0,2.0,36.0,0.1,0.075,0.2,1.0,952.0,19.0,5.0,0.19642857142857142
11.0,2.0,37.0,0.1,0.075,0.2,1.0,936.0,14.0,6.0,0.19444444444444445
11.0,2.0,38.0,0.1,0.075,0.2,1.0,930.0,14.0,11.0,0.1978494623655914
11.0,2.0,39.0,0.1,0.075,0.2,1.0,858.0,10.0,8.0,0.19696969696969696
11.0,2.0,40.0,0.1,0.075,0.2,1.0,852.0,6.0,4.0,0.20305164319248825
11.0,2.0,41.0,0.1,0.075,0.2,1.0,825.0,6.0,4.0,0.1987878787878788
11.0,2.0,42.0,0.1,0.075,0.2,1.0,828.0,4.0,2.0,0.20652173913043478
11.0,2.0,43.0,0.1,0.075,0.2,1.0,807.0,3.0,3.0,0.20322180916976457
11.0,2.0,44.0,0.1,0.075,0.2,1.0,813.0,3.0,2.0,0.2091020910209102
11.0,2.0,45.0,0.1,0.075,0.2,1.0,786.0,3.0,2.0,0.25699745547073793
11.0,2.0,46.0,0.1,0.075,0.2,1.0,789.0,1.0,0.0,0.2623574144486692
11.0,2.0,47.0,0.1,0.075,0.2,1.0,772.0,1.0,1.0,0.25777202072538863
11.0,2.0,48.0,0.1,0.075,0.2,1.0,778.0,1.0,1.0,0.2609254498714653
11.0,2.0,49.0,0.1,0.075,0.2,1.0,755.0,1.0,1.0,0.25695364238410595
11.0,2.0,50.0,0.1,0.075,0.2,1.0,740.0,0.0,0.0,0.25675675675675674
11.0,2.0,51.0,0.1,0.075,0.2,1.0,739.0,0.0,0.0,0.2584573748308525
11.0,2.0,52.0,0.1,0.075,0.2,1.0,730.0,0.0,0.0,0.26164383561643834
11.0,3.0,1.0,0.1,0.075,0.2,1.0,718.0,0.0,0.0,0.2590529247910863
11.0,3.0,2.0,0.1,0.075,0.2,1.0,716.0,0.0,0.0,0.2569832402234637
11.0,3.0,3.0,0.1,0.075,0.2,1.0,716.0,0.0,0.0,0.2527932960893855
11.0,3.0,4.0,0.1,0.075,0.2,1.0,712.0,0.0,0.0,0.25702247191011235
11.0,3.0,5.0,0.1,0.075,0.2,1.0,711.0,0.0,0.0,0.25035161744022505
11.0,3.0,6.0,0.1,0.075,0.2,1.0,701.0,0.0,0.0,0.2524964336661912
11.0,3.0,7.0,0.1,0.075,0.2,1.0,695.0,0.0,0.0,0.2517985611510791
11.0,3.0,8.0,0.1,0.075,0.2,1.0,683.0,0.0,0.0,0.25036603221083453
11.0,3.0,9.0,0.1,0.075,0.2,1.0,679.0,0.0,0.0,0.25184094256259204
11.0,3.0,10.0,0.1,0.075,0.2,1.0,663.0,0.0,0.0,0.2549019607843137
11.0,3.0,11.0,0.1,0.075,0.2,1.0,663.0,0.0,0.0,0.2549019607843137
11.0,3.0,12.0,0.1,0.075,0.2,1.0,659.0,0.0,0.0,0.25948406676783003
11.0,3.0,13.0,0.1,0.075,0.2,1.0,657.0,0.0,0.0,0.2526636225266362
11.0,3.0,14.0,0.1,0.075,0.2,1.0,654.0,0.0,0.0,0.25840978593272174
11.0,3.0,15.0,0.1,0.075,0.2,1.0,644.0,0.0,0.0,0.25
11.0,3.0,16.0,0.1,0.075,0.2,1.0,643.0,0.0,0.0,0.2581648522550544
11.0,3.0,17.0,0.1,0.075,0.2,1.0,641.0,0.0,0.0,0.24804992199687986
11.0,3.0,18.0,0.1,0.075,0.2,1.0,638.0,0.0,0.0,0.25391849529780564
11.0,3.0,19.0,0.1,0.075,0.2,1.0,636.0,0.0,0.0,0.24528301886792453
11.0,3.0,20.0,0.1,0.075,0.2,1.0,1132.0,0.0,0.0,0.13692579505300354
11.0,3.0,21.0,0.1,0.075,0.2,1.0,1136.0,0.0,0.0,0.1311619718309859
11.0,3.0,22.0,0.1,0.075,0.2,1.0,1089.0,0.0,0.0,0.13957759412304868
11.0,3.0,23.0,0.1,0.075,0.2,1.0,1061.0,0.0,0.0,0.1357210179076343
11.0,3.0,24.0,0.1,0.075,0.2,1.0,1054.0,0.0,0.0,0.1413662239089184
11.0,3.0,25.0,0.1,0.075,0.2,1.0,1050.0,0.0,0.0,0.13333333333333333
11.0,3.0,26.0,0.1,0.075,0.2,1.0,1007.0,0.0,0.0,0.13704071499503476
11.0,3.0,27.0,0.1,0.075,0.2,1.0,1008.0,0.0,0.0,0.13690476190476192
11.0,3.0,28.0,0.1,0.075,0.2,1.0,994.0,0.0,0.0,0.14185110663983905
11.0,3.0,29.0,0.1,0.075,0.2,1.0,955.0,0.0,0.0,0.13717277486910995
11.0,3.0,30.0,0.1,0.075,0.2,1.0,922.0,0.0,0.0,0.14316702819956617
11.0,3.0,31.0,0.1,0.075,0.2,1.0,897.0,0.0,0.0,0.13823857302118173
11.0,3.0,32.0,0.1,0.075,0.2,1.0,910.0,0.0,0.0,0.13956043956043956
11.0,3.0,33.0,0.1,0.075,0.2,1.0,891.0,0.0,0.0,0.13580246913580246
11.0,3.0,34.0,0.1,0.075,0.2,1.0,894.0,0.0,0.0,0.13870246085011187
11.0,3.0,35.0,0.1,0.075,0.2,1.0,850.0,0.0,0.0,0.13529411764705881
11.0,3.0,36.0,0.1,0.075,0.2,1.0,835.0,0.0,0.0,0.14131736526946106
11.0,3.0,37.0,0.1,0.075,0.2,1.0,813.0,0.0,0.0,0.13776137761377613
11.0,3.0,38.0,0.1,0.075,0.2,1.0,835.0,0.0,0.0,0.14011976047904193
11.0,3.0,39.0,0.1,0.075,0.2,1.0,808.0,0.0,0.0,0.13613861386138615
11.0,3.0,40.0,0.1,0.075,0.2,1.0,818.0,0.0,0.0,0.1393643031784841
11.0,3.0,41.0,0.1,0.075,0.2,1.0,795.0,0.0,0.0,0.1371069182389937
11.0,3.0,42.0,0.1,0.075,0.2,1.0,800.0,0.0,0.0,0.14
11.0,3.0,43.0,0.1,0.075,0.2,1.0,749.0,0.0,0.0,0.13885180240320427
11.0,3.0,44.0,0.1,0.075,0.2,1.0,748.0,0.0,0.0,0.14037433155080214
11.0,3.0,45.0,0.1,0.075,0.2,1.0,735.0,0.0,0.0,0.20408163265306123
11.0,3.0,46.0,0.1,0.075,0.2,1.0,731.0,0.0,0.0,0.20656634746922026
11.0,3.0,47.0,0.1,0.075,0.2,1.0,673.0,0.0,0.0,0.20356612184249628
11.0,3.0,48.0,0.1,0.075,0.2,1.0,677.0,0.0,0.0,0.2038404726735598
11.0,3.0,49.0,0.1,0.075,0.2,1.0,653.0,0.0,0.0,0.19295558958652373
11.0,3.0,50.0,0.1,0.075,0.2,1.0,648.0,0.0,0.0,0.19444444444444445
11.0,3.0,51.0,0.1,0.075,0.2,1.0,630.0,0.0,0.0,0.19206349206349208
11.0,3.0,52.0,0.1,0.075,0.2,1.0,619.0,0.0,0.0,0.19709208400646203
11.0,4.0,1.0,0.1,0.075,0.2,1.0,608.0,0.0,0.0,0.19407894736842105
11.0,4.0,2.0,0.1,0.075,0.2,1.0,602.0,0.0,0.0,0.19933554817275748
11.0,4.0,3.0,0.1,0.075,0.2,1.0,607.0,0.0,0.0,0.19934102141680396
11.0,4.0,4.0,0.1,0.075,0.2,1.0,598.0,0.0,0.0,0.20066889632107024
11.0,4.0,5.0,0.1,0.075,0.2,1.0,598.0,0.0,0.0,0.20066889632107024
11.0,4.0,6.0,0.1,0.075,0.2,1.0,589.0,0.0,0.0,0.200339558573854
11.0,4.0,7.0,0.1,0.075,0.2,1.0,588.0,0.0,0.0,0.195578231292517
11.0,4.0,8.0,0.1,0.075,0.2,1.0,577.0,0.0,0.0,0.20103986135181975
11.0,4.0,9.0,0.1,0.075,0.2,1.0,565.0,0.0,0.0,0.19469026548672566
11.0,4.0,10.0,0.1,0.075,0.2,1.0,551.0,0.0,0.0,0.20326678765880218
11.0,4.0,11.0,0.1,0.075,0.2,1.0,540.0,0.0,0.0,0.1962962962962963
11.0,4.0,12.0,0.1,0.075,0.2,1.0,545.0,0.0,0.0,0.20733944954128442
11.0,4.0,13.0,0.1,0.075,0.2,1.0,531.0,0.0,0.0,0.19962335216572505
11.0,4.0,14.0,0.1,0.075,0.2,1.0,538.0,0.0,0.0,0.21189591078066913
11.0,4.0,15.0,0.1,0.075,0.2,1.0,528.0,0.0,0.0,0.19886363636363635
11.0,4.0,16.0,0.1,0.075,0.2,1.0,533.0,0.0,0.0,0.20825515947467166
11.0,4.0,17.0,0.1,0.075,0.2,1.0,522.0,0.0,0.0,0.19923371647509577
11.0,4.0,18.0,0.1,0.075,0.2,1.0,533.0,0.0,0.0,0.20825515947467166
11.0,4.0,19.0,0.1,0.075,0.2,1.0,518.0,0.0,0.0,0.20077220077220076
11.0,4.0,20.0,0.1,0.075,0.2,1.0,933.0,0.0,0.0,0.11682743837084673
11.0,4.0,21.0,0.1,0.075,0.2,1.0,877.0,0.0,0.0,0.11288483466362599
11.0,4.0,22.0,0.1,0.075,0.2,1.0,887.0,0.0,0.0,0.11950394588500564
11.0,4.0,23.0,0.1,0.075,0.2,1.0,831.0,0.0,0.0,0.11793020457280386
11.0,4.0,24.0,0.1,0.075,0.2,1.0,849.0,0.0,0.0,0.12249705535924617
11.0,4.0,25.0,0.1,0.075,0.2,1.0,813.0,0.0,0.0,0.11808118081180811
11.0,4.0,26.0,0.1,0.075,0.2,1.0,813.0,0.0,0.0,0.12300123001230012
11.0,4.0,27.0,0.1,0.075,0.2,1.0,780.0,0.0,0.0,0.11923076923076924
11.0,4.0,28.0,0.1,0.075,0.2,1.0,774.0,0.0,0.0,0.1227390180878553
11.0,4.0,29.0,0.1,0.075,0.2,1.0,727.0,0.0,0.0,0.11416781292984869
11.0,4.0,30.0,0.1,0.075,0.2,1.0,728.0,0.0,0.0,0.11950549450549451
11.0,4.0,31.0,0.1,0.075,0.2,1.0,692.0,0.0,0.0,0.11416184971098266
11.0,4.0,32.0,0.1,0.075,0.2,1.0,670.0,0.0,0.0,0.11791044776119403
11.0,4.0,33.0,0.1,0.075,0.2,1.0,655.0,0.0,0.0,0.11450381679389313
11.0,4.0,34.0,0.1,0.075,0.2,1.0,656.0,0.0,0.0,0.1173780487804878
11.0,4.0,35.0,0.1,0.075,0.2,1.0,639.0,0.0,0.0,0.11580594679186229
11.0,4.0,36.0,0.1,0.075,0.2,1.0,642.0,0.0,0.0,0.11682242990654206
11.0,4.0,37.0,0.1,0.075,0.2,1.0,633.0,0.0,0.0,0.11374407582938388
11.0,4.0,38.0,0.1,0.075,0.2,1.0,632.0,0.0,0.0,0.11550632911392406
11.0,4.0,39.0,0.1,0.075,0.2,1.0,613.0,0.0,0.0,0.11419249592169657
11.0,4.0,40.0,0.1,0.075,0.2,1.0,596.0,0.0,0.0,0.1174496644295302
11.0,4.0,41.0,0.1,0.075,0.2,1.0,599.0,0.0,0.0,0.11519198664440734
11.0,4.0,42.0,0.1,0.075,0.2,1.0,595.0,0.0,0.0,0.11764705882352941
11.0,4.0,43.0,0.1,0.075,0.2,1.0,588.0,0.0,0.0,0.11564625850340136
11.0,4.0,44.0,0.1,0.075,0.2,1.0,580.0,0.0,0.0,0.12241379310344827
11.0,4.0,45.0,0.1,0.075,0.2,1.0,562.0,0.0,0.0,0.18861209964412812
11.0,4.0,46.0,0.1,0.075,0.2,1.0,550.0,0.0,0.0,0.19272727272727272
11.0,4.0,47.0,0.1,0.075,0.2,1.0,548.0,0.0,0.0,0.19343065693430658
11.0,4.0,48.0,0.1,0.075,0.2,1.0,550.0,0.0,0.0,0.19272727272727272
11.0,4.0,49.0,0.1,0.075,0.2,1.0,541.0,0.0,0.0,0.1922365988909427
11.0,4.0,50.0,0.1,0.075,0.2,1.0,536.0,0.0,0.0,0.1921641791044776
11.0,4.0,51.0,0.1,0.075,0.2,1.0,539.0,0.0,0.0,0.18923933209647495
11.0,4.0,52.0,0.1,0.075,0.2,1.0,527.0,0.0,0.0,0.1935483870967742
11.0,5.0,1.0,0.1,0.075,0.2,1.0,521.0,0.0,0.0,0.19193857965451055
11.0,5.0,2.0,0.1,0.075,0.2,1.0,526.0,0.0,0.0,0.1920152091254753
11.0,5.0,3.0,0.1,0.075,0.2,1.0,525.0,0.0,0.0,0.18857142857142858
11.0,5.0,4.0,0.1,0.075,0.2,1.0,523.0,0.0,0.0,0.19120458891013384
11.0,5.0,5.0,0.1,0.075,0.2,1.0,520.0,0.0,0.0,0.18846153846153846
11.0,5.0,6.0,0.1,0.075,0.2,1.0,522.0,0.0,0.0,0.19157088122605365
11.0,5.0,7.0,0.1,0.075,0.2,1.0,516.0,0.0,0.0,0.187984496124031
11.0,5.0,8.0,0.1,0.075,0.2,1.0,516.0,0.0,0.0,0.18992248062015504
11.0,5.0,9.0,0.1,0.075,0.2,1.0,507.0,0.0,0.0,0.1913214990138067
11.0,5.0,10.0,0.1,0.075,0.2,1.0,503.0,0.0,0.0,0.19483101391650098
11.0,5.0,11.0,0.1,0.075,0.2,1.0,505.0,0.0,0.0,0.1900990099009901
11.0,5.0,12.0,0.1,0.075,0.2,1.0,502.0,0.0,0.0,0.1952191235059761
11.0,5.0,13.0,0.1,0.075,0.2,1.0,504.0,0.0,0.0,0.1884920634920635
11.0,5.0,14.0,0.1,0.075,0.2,1.0,496.0,0.0,0.0,0.19153225806451613
11.0,5.0,15.0,0.1,0.075,0.2,1.0,497.0,0.0,0.0,0.1851106639839034
11.0,5.0,16.0,0.1,0.075,0.2,1.0,493.0,0.0,0.0,0.1947261663286004
11.0,5.0,17.0,0.1,0.075,0.2,1.0,495.0,0.0,0.0,0.18585858585858586
11.0,5.0,18.0,0.1,0.075,0.2,1.0,490.0,0.0,0.0,0.19591836734693877
11.0,5.0,19.0,0.1,0.075,0.2,1.0,493.0,0.0,0.0,0.18661257606490872
11.0,5.0,20.0,0.1,0.075,0.2,1.0,929.0,0.0,0.0,0.10010764262648009
11.0,5.0,21.0,0.1,0.075,0.2,1.0,879.0,0.0,0.0,0.09897610921501707
11.0,5.0,22.0,0.1,0.075,0.2,1.0,846.0,0.0,0.0,0.10401891252955082
11.0,5.0,23.0,0.1,0.075,0.2,1.0,787.0,0.0,0.0,0.10292249047013977
11.0,5.0,24.0,0.1,0.075,0.2,1.0,786.0,0.0,0.0,0.10941475826972011
11.0,5.0,25.0,0.1,0.075,0.2,1.0,769.0,0.0,0.0,0.10273081924577374
11.0,5.0,26.0,0.1,0.075,0.2,1.0,777.0,0.0,0.0,0.1093951093951094
11.0,5.0,27.0,0.1,0.075,0.2,1.0,757.0,0.0,0.0,0.10171730515191546
11.0,5.0,28.0,0.1,0.075,0.2,1.0,776.0,0.0,0.0,0.1095360824742268
11.0,5.0,29.0,0.1,0.075,0.2,1.0,730.0,0.0,0.0,0.10547945205479452
11.0,5.0,30.0,0.1,0.075,0.2,1.0,762.0,0.0,0.0,0.11023622047244094
11.0,5.0,31.0,0.1,0.075,0.2,1.0,718.0,0.0,0.0,0.10306406685236769
11.0,5.0,32.0,0.1,0.075,0.2,1.0,723.0,0.0,0.0,0.1078838174273859
11.0,5.0,33.0,0.1,0.075,0.2,1.0,686.0,0.0,0.0,0.10641399416909621
11.0,5.0,34.0,0.1,0.075,0.2,1.0,701.0,0.0,0.0,0.11126961483594865
11.0,5.0,35.0,0.1,0.075,0.2,1.0,674.0,0.0,0.0,0.10682492581602374
11.0,5.0,36.0,0.1,0.075,0.2,1.0,689.0,0.0,0.0,0.11175616835994194
11.0,5.0,37.0,0.1,0.075,0.2,1.0,663.0,0.0,0.0,0.11010558069381599
11.0,5.0,38.0,0.1,0.075,0.2,1.0,675.0,0.0,0.0,0.1111111111111111
11.0,5.0,39.0,0.1,0.075,0.2,1.0,662.0,0.0,0.0,0.10876132930513595
11.0,5.0,40.0,0.1,0.075,0.2,1.0,676.0,0.0,0.0,0.11242603550295859
11.0,5.0,41.0,0.1,0.075,0.2,1.0,652.0,0.0,0.0,0.10889570552147239
11.0,5.0,42.0,0.1,0.075,0.2,1.0,664.0,0.0,0.0,0.11295180722891567
11.0,5.0,43.0,0.1,0.075,0.2,1.0,641.0,0.0,0.0,0.11076443057722309
11.0,5.0,44.0,0.1,0.075,0.2,1.0,663.0,0.0,0.0,0.11312217194570136
11.0,5.0,45.0,0.1,0.075,0.2,1.0,640.0,0.0,0.0,0.1921875
11.0,5.0,46.0,0.1,0.075,0.2,1.0,663.0,0.0,0.0,0.19004524886877827
11.0,5.0,47.0,0.1,0.075,0.2,1.0,640.0,0.0,0.0,0.1921875
11.0,5.0,48.0,0.1,0.075,0.2,1.0,664.0,0.0,0.0,0.19126506024096385
11.0,5.0,49.0,0.1,0.075,0.2,1.0,640.0,0.0,0.0,0.1921875
11.0,5.0,50.0,0.1,0.075,0.2,1.0,662.0,0.0,0.0,0.19184290030211482
11.0,5.0,51.0,0.1,0.075,0.2,1.0,643.0,0.0,0.0,0.19129082426127528
11.0,5.0,52.0,0.1,0.075,0.2,1.0,657.0,0.0,0.0,0.1917808219178082
11.0,6.0,1.0,0.1,0.075,0.2,1.0,638.0,0.0,0.0,0.19122257053291536
11.0,6.0,2.0,0.1,0.075,0.2,1.0,653.0,0.0,0.0,0.19295558958652373
11.0,6.0,3.0,0.1,0.075,0.2,1.0,638.0,0.0,0.0,0.19122257053291536
11.0,6.0,4.0,0.1,0.075,0.2,1.0,643.0,0.0,0.0,0.19595645412130638
11.0,6.0,5.0,0.1,0.075,0.2,1.0,631.0,0.0,0.0,0.19334389857369255
11.0,6.0,6.0,0.1,0.075,0.2,1.0,644.0,0.0,0.0,0.1956521739130435
11.0,6.0,7.0,0.1,0.075,0.2,1.0,628.0,0.0,0.0,0.1926751592356688
11.0,6.0,8.0,0.1,0.075,0.2,1.0,638.0,0.0,0.0,0.19278996865203762
11.0,6.0,9.0,0.1,0.075,0.2,1.0,621.0,0.0,0.0,0.19162640901771336
11.0,6.0,10.0,0.1,0.075,0.2,1.0,625.0,0.0,0.0,0.1952
11.0,6.0,11.0,0.1,0.075,0.2,1.0,609.0,0.0,0.0,0.19540229885057472
11.0,6.0,12.0,0.1,0.075,0.2,1.0,617.0,0.0,0.0,0.19773095623987033
11.0,6.0,13.0,0.1,0.075,0.2,1.0,605.0,0.0,0.0,0.1933884297520661
11.0,6.0,14.0,0.1,0.075,0.2,1.0,616.0,0.0,0.0,0.19805194805194806
11.0,6.0,15.0,0.1,0.075,0.2,1.0,600.0,0.0,0.0,0.19666666666666666
11.0,6.0,16.0,0.1,0.075,0.2,1.0,611.0,0.0,0.0,0.19967266775777415
11.0,6.0,17.0,0.1,0.075,0.2,1.0,595.0,0.0,0.0,0.19663865546218487
11.0,6.0,18.0,0.1,0.075,0.2,1.0,610.0,0.0,0.0,0.19836065573770492
11.0,6.0,19.0,0.1,0.075,0.2,1.0,597.0,0.0,0.0,0.19765494137353434
11.0,6.0,20.0,0.1,0.075,0.2,1.0,1181.0,0.0,0.0,0.10245554614733277
11.0,6.0,21.0,0.1,0.075,0.2,1.0,1136.0,0.0,0.0,0.10123239436619719
11.0,6.0,22.0,0.1,0.075,0.2,1.0,1093.0,0.0,0.0,0.10247026532479414
11.0,6.0,23.0,0.1,0.075,0.2,1.0,1042.0,0.0,0.0,0.10268714011516315
11.0,6.0,24.0,0.1,0.075,0.2,1.0,1019.0,0.0,0.0,0.10206084396467124
11.0,6.0,25.0,0.1,0.075,0.2,1.0,988.0,0.0,0.0,0.1062753036437247
11.0,6.0,26.0,0.1,0.075,0.2,1.0,967.0,0.0,0.0,0.10444674250258532
11.0,6.0,27.0,0.1,0.075,0.2,1.0,947.0,0.0,0.0,0.10982048574445617
11.0,6.0,28.0,0.1,0.075,0.2,1.0,930.0,0.0,0.0,0.1053763440860215
11.0,6.0,29.0,0.1,0.075,0.2,1.0,920.0,0.0,0.0,0.10760869565217392
11.0,6.0,30.0,0.1,0.075,0.2,1.0,904.0,0.0,0.0,0.10176991150442478
11.0,6.0,31.0,0.1,0.075,0.2,1.0,902.0,0.0,0.0,0.10864745011086474
11.0,6.0,32.0,0.1,0.075,0.2,1.0,869.0,0.0,0.0,0.10356731875719218
11.0,6.0,33.0,0.1,0.075,0.2,1.0,856.0,0.0,0.0,0.10630841121495327
11.0,6.0,34.0,0.1,0.075,0.2,1.0,861.0,0.0,0.0,0.10220673635307782
11.0,6.0,35.0,0.1,0.075,0.2,1.0,804.0,0.0,0.0,0.10696517412935323
11.0,6.0,36.0,0.1,0.075,0.2,1.0,818.0,0.0,0.0,0.1039119804400978
11.0,6.0,37.0,0.1,0.075,0.2,1.0,801.0,0.0,0.0,0.10611735330836454
11.0,6.0,38.0,0.1,0.075,0.2,1.0,802.0,0.0,0.0,0.10099750623441396
11.0,6.0,39.0,0.1,0.075,0.2,1.0,773.0,0.0,0.0,0.1034928848641656
11.0,6.0,40.0,0.1,0.075,0.2,1.0,784.0,0.0,0.0,0.10076530612244898
11.0,6.0,41.0,0.1,0.075,0.2,1.0,762.0,0.0,0.0,0.10498687664041995
11.0,6.0,42.0,0.1,0.075,0.2,1.0,752.0,0.0,0.0,0.10106382978723404
11.0,6.0,43.0,0.1,0.075,0.2,1.0,742.0,0.0,0.0,0.10377358490566038
11.0,6.0,44.0,0.1,0.075,0.2,1.0,749.0,0.0,0.0,0.10013351134846461
11.0,6.0,45.0,0.1,0.075,0.2,1.0,718.0,0.0,0.0,0.17548746518105848
11.0,6.0,46.0,0.1,0.075,0.2,1.0,722.0,0.0,0.0,0.1703601108033241
11.0,6.0,47.0,0.1,0.075,0.2,1.0,698.0,0.0,0.0,0.17621776504297995
11.0,6.0,48.0,0.1,0.075,0.2,1.0,698.0,0.0,0.0,0.17335243553008595
11.0,6.0,49.0,0.1,0.075,0.2,1.0,683.0,0.0,0.0,0.17569546120058566
11.0,6.0,50.0,0.1,0.075,0.2,1.0,671.0,0.0,0.0,0.17138599105812222
11.0,6.0,51.0,0.1,0.075,0.2,1.0,670.0,0.0,0.0,0.1746268656716418
11.0,6.0,52.0,0.1,0.075,0.2,1.0,669.0,0.0,0.0,0.17040358744394618
11.0,7.0,1.0,0.1,0.075,0.2,1.0,666.0,0.0,0.0,0.17417417417417416
11.0,7.0,2.0,0.1,0.075,0.2,1.0,662.0,0.0,0.0,0.17069486404833836
11.0,7.0,3.0,0.1,0.075,0.2,1.0,663.0,0.0,0.0,0.17345399698340874
11.0,7.0,4.0,0.1,0.075,0.2,1.0,661.0,0.0,0.0,0.16944024205748864
11.0,7.0,5.0,0.1,0.075,0.2,1.0,661.0,0.0,0.0,0.17095310136157338
11.0,7.0,6.0,0.1,0.075,0.2,1.0,660.0,0.0,0.0,0.1696969696969697
11.0,7.0,7.0,0.1,0.075,0.2,1.0,660.0,0.0,0.0,0.1712121212121212
11.0,7.0,8.0,0.1,0.075,0.2,1.0,656.0,0.0,0.0,0.17073170731707318
11.0,7.0,9.0,0.1,0.075,0.2,1.0,649.0,0.0,0.0,0.17257318952234207
11.0,7.0,10.0,0.1,0.075,0.2,1.0,638.0,0.0,0.0,0.1724137931034483
11.0,7.0,11.0,0.1,0.075,0.2,1.0,628.0,0.0,0.0,0.17038216560509553
11.0,7.0,12.0,0.1,0.075,0.2,1.0,617.0,0.0,0.0,0.17017828200972449
11.0,7.0,13.0,0.1,0.075,0.2,1.0,626.0,0.0,0.0,0.16932907348242812
11.0,7.0,14.0,0.1,0.075,0.2,1.0,615.0,0.0,0.0,0.17073170731707318
11.0,7.0,15.0,0.1,0.075,0.2,1.0,623.0,0.0,0.0,0.17014446227929375
11.0,7.0,16.0,0.1,0.075,0.2,1.0,616.0,0.0,0.0,0.17045454545454544
11.0,7.0,17.0,0.1,0.075,0.2,1.0,622.0,0.0,0.0,0.17041800643086816
11.0,7.0,18.0,0.1,0.075,0.2,1.0,603.0,0.0,0.0,0.17412935323383086
11.0,7.0,19.0,0.1,0.075,0.2,1.0,613.0,0.0,0.0,0.1729200652528548
11.0,7.0,20.0,0.1,0.075,0.2,1.0,1173.0,0.0,0.0,0.08951406649616368
11.0,7.0,21.0,0.1,0.075,0.2,1.0,1093.0,0.0,0.0,0.09423604757548033
11.0,7.0,22.0,0.1,0.075,0.2,1.0,1022.0,0.0,0.0,0.0949119373776908
11.0,7.0,23.0,0.1,0.075,0.2,1.0,992.0,0.0,0.0,0.0967741935483871
11.0,7.0,24.0,0.1,0.075,0.2,1.0,981.0,0.0,0.0,0.09683995922528033
11.0,7.0,25.0,0.1,0.075,0.2,1.0,973.0,0.0,0.0,0.09558067831449127
11.0,7.0,26.0,0.1,0.075,0.2,1.0,962.0,0.0,0.0,0.09563409563409564
11.0,7.0,27.0,0.1,0.075,0.2,1.0,959.0,0.0,0.0,0.0948905109489051
11.0,7.0,28.0,0.1,0.075,0.2,1.0,941.0,0.0,0.0,0.09351753453772582
11.0,7.0,29.0,0.1,0.075,0.2,1.0,949.0,0.0,0.0,0.09378292939936776
11.0,7.0,30.0,0.1,0.075,0.2,1.0,940.0,0.0,0.0,0.09361702127659574
11.0,7.0,31.0,0.1,0.075,0.2,1.0,918.0,0.0,0.0,0.09477124183006536
11.0,7.0,32.0,0.1,0.075,0.2,1.0,852.0,0.0,0.0,0.09624413145539906
11.0,7.0,33.0,0.1,0.075,0.2,1.0,857.0,0.0,0.0,0.09684947491248541
11.0,7.0,34.0,0.1,0.075,0.2,1.0,847.0,0.0,0.0,0.09563164108618655
11.0,7.0,35.0,0.1,0.075,0.2,1.0,843.0,0.0,0.0,0.09727164887307237
11.0,7.0,36.0,0.1,0.075,0.2,1.0,819.0,0.0,0.0,0.09645909645909646
11.0,7.0,37.0,0.1,0.075,0.2,1.0,783.0,0.0,0.0,0.09961685823754789
11.0,7.0,38.0,0.1,0.075,0.2,1.0,796.0,0.0,0.0,0.0992462311557789
11.0,7.0,39.0,0.1,0.075,0.2,1.0,777.0,0.0,0.0,0.0978120978120978
11.0,7.0,40.0,0.1,0.075,0.2,1.0,750.0,0.0,0.0,0.1
11.0,7.0,41.0,0.1,0.075,0.2,1.0,743.0,0.0,0.0,0.09959623149394348
11.0,7.0,42.0,0.1,0.075,0.2,1.0,729.0,0.0,0.0,0.10150891632373114
11.0,7.0,43.0,0.1,0.075,0.2,1.0,706.0,0.0,0.0,0.10339943342776203
11.0,7.0,44.0,0.1,0.075,0.2,1.0,710.0,0.0,0.0,0.1028169014084507
11.0,7.0,45.0,0.1,0.075,0.2,1.0,703.0,0.0,0.0,0.16642958748221906
11.0,7.0,46.0,0.1,0.075,0.2,1.0,706.0,0.0,0.0,0.16855524079320114
11.0,7.0,47.0,0.1,0.075,0.2,1.0,700.0,0.0,0.0,0.16428571428571428
11.0,7.0,48.0,0.1,0.075,0.2,1.0,695.0,0.0,0.0,0.1669064748201439
11.0,7.0,49.0,0.1,0.075,0.2,1.0,693.0,0.0,0.0,0.16161616161616163
11.0,7.0,50.0,0.1,0.075,0.2,1.0,662.0,0.0,0.0,0.16767371601208458
11.0,7.0,51.0,0.1,0.075,0.2,1.0,666.0,0.0,0.0,0.15765765765765766
11.0,7.0,52.0,0.1,0.075,0.2,1.0,630.0,0.0,0.0,0.1619047619047619
11.0,8.0,1.0,0.1,0.075,0.2,1.0,635.0,0.0,0.0,0.15590551181102363
11.0,8.0,2.0,0.1,0.075,0.2,1.0,624.0,0.0,0.0,0.16185897435897437
11.0,8.0,3.0,0.1,0.075,0.2,1.0,625.0,0.0,0.0,0.1584
11.0,8.0,4.0,0.1,0.075,0.2,1.0,619.0,0.0,0.0,0.16155088852988692
11.0,8.0,5.0,0.1,0.075,0.2,1.0,623.0,0.0,0.0,0.15569823434991975
11.0,8.0,6.0,0.1,0.075,0.2,1.0,618.0,0.0,0.0,0.16181229773462782
11.0,8.0,7.0,0.1,0.075,0.2,1.0,610.0,0.0,0.0,0.1540983606557377
11.0,8.0,8.0,0.1,0.075,0.2,1.0,605.0,0.0,0.0,0.16033057851239668
11.0,8.0,9.0,0.1,0.075,0.2,1.0,602.0,0.0,0.0,0.15614617940199335
11.0,8.0,10.0,0.1,0.075,0.2,1.0,598.0,0.0,0.0,0.16387959866220736
11.0,8.0,11.0,0.1,0.075,0.2,1.0,596.0,0.0,0.0,0.15771812080536912
11.0,8.0,12.0,0.1,0.075,0.2,1.0,594.0,0.0,0.0,0.16498316498316498
11.0,8.0,13.0,0.1,0.075,0.2,1.0,591.0,0.0,0.0,0.15905245346869712
11.0,8.0,14.0,0.1,0.075,0.2,1.0,586.0,0.0,0.0,0.16552901023890784
11.0,8.0,15.0,0.1,0.075,0.2,1.0,591.0,0.0,0.0,0.15736040609137056
11.0,8.0,16.0,0.1,0.075,0.2,1.0,583.0,0.0,0.0,0.16638078902229847
11.0,8.0,17.0,0.1,0.075,0.2,1.0,577.0,0.0,0.0,0.15944540727902945
11.0,8.0,18.0,0.1,0.075,0.2,1.0,540.0,0.0,0.0,0.16666666666666666
11.0,8.0,19.0,0.1,0.075,0.2,1.0,548.0,0.0,0.0,0.15693430656934307
11.0,8.0,20.0,0.1,0.075,0.2,1.0,998.0,0.0,0.0,0.09018036072144289
11.0,8.0,21.0,0.1,0.075,0.2,1.0,983.0,0.0,0.0,0.08341810783316378
11.0,8.0,22.0,0.1,0.075,0.2,1.0,947.0,0.0,0.0,0.08764519535374868
11.0,8.0,23.0,0.1,0.075,0.2,1.0,941.0,0.0,0.0,0.08289054197662062
11.0,8.0,24.0,0.1,0.075,0.2,1.0,918.0,0.0,0.0,0.08823529411764706
11.0,8.0,25.0,0.1,0.075,0.2,1.0,929.0,0.0,0.0,0.08288482238966631
11.0,8.0,26.0,0.1,0.075,0.2,1.0,908.0,0.0,0.0,0.08700440528634361
11.0,8.0,27.0,0.1,0.075,0.2,1.0,894.0,0.0,0.0,0.08277404921700224
11.0,8.0,28.0,0.1,0.075,0.2,1.0,889.0,0.0,0.0,0.08661417322834646
11.0,8.0,29.0,0.1,0.075,0.2,1.0,819.0,0.0,0.0,0.08058608058608059
11.0,8.0,30.0,0.1,0.075,0.2,1.0,828.0,0.0,0.0,0.08333333333333333
11.0,8.0,31.0,0.1,0.075,0.2,1.0,797.0,0.0,0.0,0.08281053952321205
11.0,8.0,32.0,0.1,0.075,0.2,1.0,804.0,0.0,0.0,0.08582089552238806
11.0,8.0,33.0,0.1,0.075,0.2,1.0,797.0,0.0,0.0,0.08281053952321205
11.0,8.0,34.0,0.1,0.075,0.2,1.0,788.0,0.0,0.0,0.08756345177664974
11.0,8.0,35.0,0.1,0.075,0.2,1.0,771.0,0.0,0.0,0.08300907911802853
11.0,8.0,36.0,0.1,0.075,0.2,1.0,765.0,0.0,0.0,0.08758169934640522
11.0,8.0,37.0,0.1,0.075,0.2,1.0,761.0,0.0,0.0,0.08409986859395532
11.0,8.0,38.0,0.1,0.075,0.2,1.0,766.0,0.0,0.0,0.08746736292428199
11.0,8.0,39.0,0.1,0.075,0.2,1.0,735.0,0.0,0.0,0.08435374149659863
11.0,8.0,40.0,0.1,0.075,0.2,1.0,738.0,0.0,0.0,0.08807588075880758
11.0,8.0,41.0,0.1,0.075,0.2,1.0,735.0,0.0,0.0,0.08435374149659863
11.0,8.0,42.0,0.1,0.075,0.2,1.0,712.0,0.0,0.0,0.08848314606741572
11.0,8.0,43.0,0.1,0.075,0.2,1.0,687.0,0.0,0.0,0.08733624454148471
11.0,8.0,44.0,0.1,0.075,0.2,1.0,692.0,0.0,0.0,0.09104046242774566
11.0,8.0,45.0,0.1,0.075,0.2,1.0,664.0,0.0,0.0,0.15963855421686746
11.0,8.0,46.0,0.1,0.075,0.2,1.0,658.0,0.0,0.0,0.1641337386018237
11.0,8.0,47.0,0.1,0.075,0.2,1.0,653.0,0.0,0.0,0.16232771822358347
11.0,8.0,48.0,0.1,0.075,0.2,1.0,658.0,0.0,0.0,0.1641337386018237
11.0,8.0,49.0,0.1,0.075,0.2,1.0,653.0,0.0,0.0,0.16232771822358347
11.0,8.0,50.0,0.1,0.075,0.2,1.0,660.0,0.0,0.0,0.16363636363636364
11.0,8.0,51.0,0.1,0.075,0.2,1.0,653.0,0.0,0.0,0.16232771822358347
11.0,8.0,52.0,0.1,0.075,0.2,1.0,654.0,0.0,0.0,0.1651376146788991
11.0,9.0,1.0,0.1,0.075,0.2,1.0,651.0,0.0,0.0,0.16282642089093702
11.0,9.0,2.0,0.1,0.075,0.2,1.0,653.0,0.0,0.0,0.16539050535987748
11.0,9.0,3.0,0.1,0.075,0.2,1.0,645.0,0.0,0.0,0.16434108527131783
11.0,9.0,4.0,0.1,0.075,0.2,1.0,654.0,0.0,0.0,0.1651376146788991
11.0,9.0,5.0,0.1,0.075,0.2,1.0,644.0,0.0,0.0,0.16459627329192547
11.0,9.0,6.0,0.1,0.075,0.2,1.0,654.0,0.0,0.0,0.1651376146788991
11.0,9.0,7.0,0.1,0.075,0.2,1.0,645.0,0.0,0.0,0.16434108527131783
11.0,9.0,8.0,0.1,0.075,0.2,1.0,652.0,0.0,0.0,0.1656441717791411
11.0,9.0,9.0,0.1,0.075,0.2,1.0,643.0,0.0,0.0,0.16485225505443235
11.0,9.0,10.0,0.1,0.075,0.2,1.0,633.0,0.0,0.0,0.1674565560821485
11.0,9.0,11.0,0.1,0.075,0.2,1.0,624.0,0.0,0.0,0.16666666666666666
11.0,9.0,12.0,0.1,0.075,0.2,1.0,627.0,0.0,0.0,0.16905901116427433
11.0,9.0,13.0,0.1,0.075,0.2,1.0,623.0,0.0,0.0,0.16693418940609953
11.0,9.0,14.0,0.1,0.075,0.2,1.0,628.0,0.0,0.0,0.16878980891719744
11.0,9.0,15.0,0.1,0.075,0.2,1.0,610.0,0.0,0.0,0.16721311475409836
11.0,9.0,16.0,0.1,0.075,0.2,1.0,616.0,0.0,0.0,0.1672077922077922
11.0,9.0,17.0,0.1,0.075,0.2,1.0,608.0,0.0,0.0,0.16611842105263158
11.0,9.0,18.0,0.1,0.075,0.2,1.0,616.0,0.0,0.0,0.1672077922077922
11.0,9.0,19.0,0.1,0.075,0.2,1.0,608.0,0.0,0.0,0.16611842105263158
11.0,9.0,20.0,0.1,0.075,0.2,1.0,1076.0,0.0,0.0,0.08828996282527882
11.0,9.0,21.0,0.1,0.075,0.2,1.0,1046.0,0.0,0.0,0.09082217973231357
11.0,9.0,22.0,0.1,0.075,0.2,1.0,1009.0,0.0,0.0,0.09018830525272548
11.0,9.0,23.0,0.1,0.075,0.2,1.0,981.0,0.0,0.0,0.09072375127421
11.0,9.0,24.0,0.1,0.075,0.2,1.0,943.0,0.0,0.0,0.08907741251325557
11.0,9.0,25.0,0.1,0.075,0.2,1.0,932.0,0.0,0.0,0.09012875536480687
11.0,9.0,26.0,0.1,0.075,0.2,1.0,917.0,0.0,0.0,0.08724100327153762
11.0,9.0,27.0,0.1,0.075,0.2,1.0,884.0,0.0,0.0,0.09276018099547512
11.0,9.0,28.0,0.1,0.075,0.2,1.0,887.0,0.0,0.0,0.09131905298759865
11.0,9.0,29.0,0.1,0.075,0.2,1.0,882.0,0.0,0.0,0.09183673469387756
11.0,9.0,30.0,0.1,0.075,0.2,1.0,879.0,0.0,0.0,0.09215017064846416
11.0,9.0,31.0,0.1,0.075,0.2,1.0,866.0,0.0,0.0,0.09353348729792148
11.0,9.0,32.0,0.1,0.075,0.2,1.0,819.0,0.0,0.0,0.09645909645909646
11.0,9.0,33.0,0.1,0.075,0.2,1.0,810.0,0.0,0.0,0.09753086419753086
11.0,9.0,34.0,0.1,0.075,0.2,1.0,815.0,0.0,0.0,0.09693251533742331
11.0,9.0,35.0,0.1,0.075,0.2,1.0,785.0,0.0,0.0,0.0980891719745223
11.0,9.0,36.0,0.1,0.075,0.2,1.0,773.0,0.0,0.0,0.09702457956015524
11.0,9.0,37.0,0.1,0.075,0.2,1.0,761.0,0.0,0.0,0.09461235216819974
11.0,9.0,38.0,0.1,0.075,0.2,1.0,762.0,0.0,0.0,0.09448818897637795
11.0,9.0,39.0,0.1,0.075,0.2,1.0,761.0,0.0,0.0,0.09461235216819974
11.0,9.0,40.0,0.1,0.075,0.2,1.0,762.0,0.0,0.0,0.09448818897637795
11.0,9.0,41.0,0.1,0.075,0.2,1.0,757.0,0.0,0.0,0.095112285336856
11.0,9.0,42.0,0.1,0.075,0.2,1.0,762.0,0.0,0.0,0.09448818897637795
11.0,9.0,43.0,0.1,0.075,0.2,1.0,758.0,0.0,0.0,0.09498680738786279
11.0,9.0,44.0,0.1,0.075,0.2,1.0,762.0,0.0,0.0,0.09448818897637795
11.0,9.0,45.0,0.1,0.075,0.2,1.0,747.0,0.0,0.0,0.17402945113788487
11.0,9.0,46.0,0.1,0.075,0.2,1.0,751.0,0.0,0.0,0.17177097203728361
11.0,9.0,47.0,0.1,0.075,0.2,1.0,748.0,0.0,0.0,0.1751336898395722
11.0,9.0,48.0,0.1,0.075,0.2,1.0,725.0,0.0,0.0,0.17379310344827587
11.0,9.0,49.0,0.1,0.075,0.2,1.0,706.0,0.0,0.0,0.17988668555240794
11.0,9.0,50.0,0.1,0.075,0.2,1.0,714.0,0.0,0.0,0.17647058823529413
11.0,9.0,51.0,0.1,0.075,0.2,1.0,703.0,0.0,0.0,0.1806543385490754
11.0,9.0,52.0,0.1,0.075,0.2,1.0,703.0,0.0,0.0,0.17923186344238975
11.0,10.0,1.0,0.1,0.075,0.2,1.0,691.0,0.0,0.0,0.1837916063675832
11.0,10.0,2.0,0.1,0.075,0.2,1.0,697.0,0.0,0.0,0.18077474892395984
11.0,10.0,3.0,0.1,0.075,0.2,1.0,687.0,0.0,0.0,0.18631732168850074
11.0,10.0,4.0,0.1,0.075,0.2,1.0,693.0,0.0,0.0,0.18181818181818182
11.0,10.0,5.0,0.1,0.075,0.2,1.0,688.0,0.0,0.0,0.1875
11.0,10.0,6.0,0.1,0.075,0.2,1.0,690.0,0.0,0.0,0.1826086956521739
11.0,10.0,7.0,0.1,0.075,0.2,1.0,687.0,0.0,0.0,0.18631732168850074
11.0,10.0,8.0,0.1,0.075,0.2,1.0,665.0,0.0,0.0,0.18045112781954886
11.0,10.0,9.0,0.1,0.075,0.2,1.0,659.0,0.0,0.0,0.18361153262518967
11.0,10.0,10.0,0.1,0.075,0.2,1.0,658.0,0.0,0.0,0.18085106382978725
11.0,10.0,11.0,0.1,0.075,0.2,1.0,651.0,0.0,0.0,0.1858678955453149
11.0,10.0,12.0,0.1,0.075,0.2,1.0,651.0,0.0,0.0,0.18433179723502305
11.0,10.0,13.0,0.1,0.075,0.2,1.0,651.0,0.0,0.0,0.1858678955453149
11.0,10.0,14.0,0.1,0.075,0.2,1.0,643.0,0.0,0.0,0.18662519440124417
11.0,10.0,15.0,0.1,0.075,0.2,1.0,649.0,0.0,0.0,0.18798151001540833
11.0,10.0,16.0,0.1,0.075,0.2,1.0,644.0,0.0,0.0,0.18478260869565216
11.0,10.0,17.0,0.1,0.075,0.2,1.0,647.0,0.0,0.0,0.18856259659969088
11.0,10.0,18.0,0.1,0.075,0.2,1.0,642.0,0.0,0.0,0.1853582554517134
11.0,10.0,19.0,0.1,0.075,0.2,1.0,644.0,0.0,0.0,0.18944099378881987
11.0,10.0,20.0,0.1,0.075,0.2,1.0,1128.0,0.0,0.0,0.10195035460992907
11.0,10.0,21.0,0.1,0.075,0.2,1.0,1117.0,0.0,0.0,0.10384959713518353
11.0,10.0,22.0,0.1,0.075,0.2,1.0,1121.0,0.0,0.0,0.10258697591436218
11.0,10.0,23.0,0.1,0.075,0.2,1.0,1064.0,0.0,0.0,0.10432330827067669
11.0,10.0,24.0,0.1,0.075,0.2,1.0,1051.0,0.0,0.0,0.10180780209324453
11.0,10.0,25.0,0.1,0.075,0.2,1.0,1018.0,0.0,0.0,0.10609037328094302
11.0,10.0,26.0,0.1,0.075,0.2,1.0,994.0,0.0,0.0,0.1056338028169014
11.0,10.0,27.0,0.1,0.075,0.2,1.0,978.0,0.0,0.0,0.10531697341513292
11.0,10.0,28.0,0.1,0.075,0.2,1.0,934.0,0.0,0.0,0.10706638115631692
11.0,10.0,29.0,0.1,0.075,0.2,1.0,924.0,0.0,0.0,0.10714285714285714
11.0,10.0,30.0,0.1,0.075,0.2,1.0,907.0,0.0,0.0,0.10694597574421169
11.0,10.0,31.0,0.1,0.075,0.2,1.0,911.0,0.0,0.0,0.10757409440175632
11.0,10.0,32.0,0.1,0.075,0.2,1.0,891.0,0.0,0.0,0.10774410774410774
11.0,10.0,33.0,0.1,0.075,0.2,1.0,881.0,0.0,0.0,0.10896708286038592
11.0,10.0,34.0,0.1,0.075,0.2,1.0,875.0,0.0,0.0,0.10857142857142857
11.0,10.0,35.0,0.1,0.075,0.2,1.0,851.0,0.0,0.0,0.11045828437132785
11.0,10.0,36.0,0.1,0.075,0.2,1.0,835.0,0.0,0.0,0.11017964071856287
11.0,10.0,37.0,0.1,0.075,0.2,1.0,828.0,0.0,0.0,0.11231884057971014
11.0,10.0,38.0,0.1,0.075,0.2,1.0,794.0,0.0,0.0,0.11083123425692695
11.0,10.0,39.0,0.1,0.075,0.2,1.0,799.0,0.0,0.0,0.1113892365456821
11.0,10.0,40.0,0.1,0.075,0.2,1.0,782.0,0.0,0.0,0.11253196930946291
11.0,10.0,41.0,0.1,0.075,0.2,1.0,773.0,0.0,0.0,0.11513583441138421
11.0,10.0,42.0,0.1,0.075,0.2,1.0,768.0,0.0,0.0,0.11458333333333333
11.0,10.0,43.0,0.1,0.075,0.2,1.0,762.0,0.0,0.0,0.1141732283464567
11.0,10.0,44.0,0.1,0.075,0.2,1.0,752.0,0.0,0.0,0.11436170212765957
11.0,10.0,45.0,0.1,0.075,0.2,1.0,762.0,0.0,0.0,0.1837270341207349
11.0,10.0,46.0,0.1,0.075,0.2,1.0,695.0,0.0,0.0,0.18992805755395684
11.0,10.0,47.0,0.1,0.075,0.2,1.0,694.0,0.0,0.0,0.19020172910662825
11.0,10.0,48.0,0.1,0.075,0.2,1.0,684.0,0.0,0.0,0.18859649122807018
11.0,10.0,49.0,0.1,0.075,0.2,1.0,694.0,0.0,0.0,0.19020172910662825
11.0,10.0,50.0,0.1,0.075,0.2,1.0,690.0,0.0,0.0,0.18840579710144928
11.0,10.0,51.0,0.1,0.075,0.2,1.0,695.0,0.0,0.0,0.18992805755395684
11.0,10.0,52.0,0.1,0.075,0.2,1.0,687.0,0.0,0.0,0.18777292576419213
12.0,1.0,1.0,0.1,0.075,0.2,1.0,5228.0,53.0,8.0,0.09927314460596787
12.0,1.0,2.0,0.1,0.075,0.2,1.0,5146.0,56.0,18.0,0.10046638165565487
12.0,1.0,3.0,0.1,0.075,0.2,1.0,5073.0,61.0,24.0,0.10151783954267692
12.0,1.0,4.0,0.1,0.075,0.2,1.0,4989.0,76.0,31.0,0.1014231308879535
12.0,1.0,5.0,0.1,0.075,0.2,1.0,5026.0,88.0,36.0,0.10366096299243932
12.0,1.0,6.0,0.1,0.075,0.2,1.0,4910.0,116.0,41.0,0.10509164969450102
12.0,1.0,7.0,0.1,0.075,0.2,1.0,4744.0,146.0,49.0,0.10476391231028667
12.0,1.0,8.0,0.1,0.075,0.2,1.0,4657.0,183.0,59.0,0.10736525660296328
12.0,1.0,9.0,0.1,0.075,0.2,1.0,4593.0,219.0,79.0,0.10755497496189854
12.0,1.0,10.0,0.1,0.075,0.2,1.0,4438.0,253.0,97.0,0.10905813429472735
12.0,1.0,11.0,0.1,0.075,0.2,1.0,4279.0,290.0,121.0,0.10937134844589858
12.0,1.0,12.0,0.1,0.075,0.2,1.0,4180.0,312.0,134.0,0.11124401913875598
12.0,1.0,13.0,0.1,0.075,0.2,1.0,4071.0,329.0,137.0,0.11274871039056743
12.0,1.0,14.0,0.1,0.075,0.2,1.0,3954.0,326.0,144.0,0.11406170966110268
12.0,1.0,15.0,0.1,0.075,0.2,1.0,3817.0,345.0,159.0,0.11605973277443019
12.0,1.0,16.0,0.1,0.075,0.2,1.0,3724.0,355.0,171.0,0.11842105263157894
12.0,1.0,17.0,0.1,0.075,0.2,1.0,3627.0,358.0,171.0,0.11855527984560242
12.0,1.0,18.0,0.1,0.075,0.2,1.0,3528.0,334.0,168.0,0.12018140589569161
12.0,1.0,19.0,0.1,0.075,0.2,1.0,3419.0,340.0,163.0,0.12225797016671541
12.0,1.0,20.0,0.1,0.075,0.2,1.0,6199.0,315.0,155.0,0.06694628165833198
12.0,1.0,21.0,0.1,0.075,0.2,1.0,5773.0,379.0,147.0,0.06963450545643513
12.0,1.0,22.0,0.1,0.075,0.2,1.0,5510.0,423.0,162.0,0.07023593466424682
12.0,1.0,23.0,0.1,0.075,0.2,1.0,5183.0,448.0,172.0,0.07370248890603898
12.0,1.0,24.0,0.1,0.075,0.2,1.0,4871.0,458.0,191.0,0.07472798193389447
12.0,1.0,25.0,0.1,0.075,0.2,1.0,4654.0,503.0,211.0,0.07756768371293511
12.0,1.0,26.0,0.1,0.075,0.2,1.0,4397.0,528.0,215.0,0.07846258812826927
12.0,1.0,27.0,0.1,0.075,0.2,1.0,4094.0,541.0,204.0,0.0806057645334636
12.0,1.0,28.0,0.1,0.075,0.2,1.0,3875.0,545.0,219.0,0.08206451612903226
12.0,1.0,29.0,0.1,0.075,0.2,1.0,3650.0,571.0,218.0,0.08438356164383562
12.0,1.0,30.0,0.1,0.075,0.2,1.0,3430.0,578.0,254.0,0.08862973760932945
12.0,1.0,31.0,0.1,0.075,0.2,1.0,3273.0,593.0,263.0,0.09104796822487014
12.0,1.0,32.0,0.1,0.075,0.2,1.0,3097.0,604.0,287.0,0.09363900548918308
12.0,1.0,33.0,0.1,0.075,0.2,1.0,2888.0,556.0,266.0,0.10006925207756233
12.0,1.0,34.0,0.1,0.075,0.2,1.0,2703.0,552.0,263.0,0.10469848316685165
12.0,1.0,35.0,0.1,0.075,0.2,1.0,2551.0,531.0,253.0,0.11132889063112505
12.0,1.0,36.0,0.1,0.075,0.2,1.0,2369.0,501.0,240.0,0.11692697340650063
12.0,1.0,37.0,0.1,0.075,0.2,1.0,2224.0,453.0,234.0,0.12410071942446044
12.0,1.0,38.0,0.1,0.075,0.2,1.0,2101.0,417.0,216.0,0.12803426939552595
12.0,1.0,39.0,0.1,0.075,0.2,1.0,1972.0,387.0,209.0,0.13488843813387424
12.0,1.0,40.0,0.1,0.075,0.2,1.0,1842.0,352.0,184.0,0.14332247557003258
12.0,1.0,41.0,0.1,0.075,0.2,1.0,1769.0,343.0,167.0,0.14980214810627474
12.0,1.0,42.0,0.1,0.075,0.2,1.0,1632.0,300.0,140.0,0.15992647058823528
12.0,1.0,43.0,0.1,0.075,0.2,1.0,1545.0,288.0,138.0,0.16828478964401294
12.0,1.0,44.0,0.1,0.075,0.2,1.0,1440.0,268.0,130.0,0.17777777777777778
12.0,1.0,45.0,0.1,0.075,0.2,1.0,1399.0,264.0,129.0,0.2544674767691208
12.0,1.0,46.0,0.1,0.075,0.2,1.0,1320.0,241.0,125.0,0.26590909090909093
12.0,1.0,47.0,0.1,0.075,0.2,1.0,1261.0,225.0,120.0,0.2712133227597145
12.0,1.0,48.0,0.1,0.075,0.2,1.0,1191.0,203.0,112.0,0.28295549958018473
12.0,1.0,49.0,0.1,0.075,0.2,1.0,1138.0,184.0,101.0,0.28998242530755713
12.0,1.0,50.0,0.1,0.075,0.2,1.0,1092.0,174.0,95.0,0.2967032967032967
12.0,1.0,51.0,0.1,0.075,0.2,1.0,1044.0,156.0,83.0,0.3103448275862069
12.0,1.0,52.0,0.1,0.075,0.2,1.0,1000.0,142.0,78.0,0.317
12.0,2.0,1.0,0.1,0.075,0.2,1.0,976.0,131.0,70.0,0.32786885245901637
12.0,2.0,2.0,0.1,0.075,0.2,1.0,940.0,124.0,68.0,0.33297872340425533
12.0,2.0,3.0,0.1,0.075,0.2,1.0,916.0,106.0,61.0,0.3482532751091703
12.0,2.0,4.0,0.1,0.075,0.2,1.0,884.0,92.0,56.0,0.3506787330316742
12.0,2.0,5.0,0.1,0.075,0.2,1.0,856.0,83.0,53.0,0.35864485981308414
12.0,2.0,6.0,0.1,0.075,0.2,1.0,823.0,69.0,40.0,0.36573511543134873
12.0,2.0,7.0,0.1,0.075,0.2,1.0,805.0,58.0,31.0,0.37515527950310557
12.0,2.0,8.0,0.1,0.075,0.2,1.0,780.0,51.0,22.0,0.3782051282051282
12.0,2.0,9.0,0.1,0.075,0.2,1.0,765.0,45.0,24.0,0.38562091503267976
12.0,2.0,10.0,0.1,0.075,0.2,1.0,754.0,41.0,24.0,0.383289124668435
12.0,2.0,11.0,0.1,0.075,0.2,1.0,744.0,43.0,25.0,0.3911290322580645
12.0,2.0,12.0,0.1,0.075,0.2,1.0,730.0,38.0,19.0,0.3904109589041096
12.0,2.0,13.0,0.1,0.075,0.2,1.0,716.0,35.0,21.0,0.4036312849162011
12.0,2.0,14.0,0.1,0.075,0.2,1.0,703.0,38.0,19.0,0.4039829302987198
12.0,2.0,15.0,0.1,0.075,0.2,1.0,696.0,33.0,16.0,0.41379310344827586
12.0,2.0,16.0,0.1,0.075,0.2,1.0,683.0,25.0,12.0,0.4143484626647145
12.0,2.0,17.0,0.1,0.075,0.2,1.0,676.0,21.0,12.0,0.41420118343195267
12.0,2.0,18.0,0.1,0.075,0.2,1.0,670.0,22.0,12.0,0.4164179104477612
12.0,2.0,19.0,0.1,0.075,0.2,1.0,663.0,18.0,14.0,0.42081447963800905
12.0,2.0,20.0,0.1,0.075,0.2,1.0,1178.0,14.0,9.0,0.23259762308998302
12.0,2.0,21.0,0.1,0.075,0.2,1.0,1141.0,23.0,7.0,0.2366345311130587
12.0,2.0,22.0,0.1,0.075,0.2,1.0,1116.0,24.0,4.0,0.23118279569892472
12.0,2.0,23.0,0.1,0.075,0.2,1.0,1079.0,20.0,8.0,0.24003707136237257
12.0,2.0,24.0,0.1,0.075,0.2,1.0,1069.0,32.0,15.0,0.23947614593077643
12.0,2.0,25.0,0.1,0.075,0.2,1.0,1029.0,25.0,14.0,0.24392614188532555
12.0,2.0,26.0,0.1,0.075,0.2,1.0,1031.0,25.0,16.0,0.24442289039767218
12.0,2.0,27.0,0.1,0.075,0.2,1.0,1003.0,18.0,10.0,0.24925224327018944
12.0,2.0,28.0,0.1,0.075,0.2,1.0,997.0,27.0,11.0,0.2477432296890672
12.0,2.0,29.0,0.1,0.075,0.2,1.0,971.0,18.0,8.0,0.2512873326467559
12.0,2.0,30.0,0.1,0.075,0.2,1.0,949.0,18.0,8.0,0.25395152792413067
12.0,2.0,31.0,0.1,0.075,0.2,1.0,942.0,21.0,9.0,0.25583864118895966
12.0,2.0,32.0,0.1,0.075,0.2,1.0,924.0,21.0,8.0,0.2597402597402597
12.0,2.0,33.0,0.1,0.075,0.2,1.0,920.0,23.0,10.0,0.2597826086956522
12.0,2.0,34.0,0.1,0.075,0.2,1.0,900.0,25.0,10.0,0.26222222222222225
12.0,2.0,35.0,0.1,0.075,0.2,1.0,898.0,24.0,11.0,0.2639198218262806
12.0,2.0,36.0,0.1,0.075,0.2,1.0,886.0,25.0,9.0,0.2652370203160271
12.0,2.0,37.0,0.1,0.075,0.2,1.0,877.0,20.0,6.0,0.26795895096921324
12.0,2.0,38.0,0.1,0.075,0.2,1.0,868.0,20.0,9.0,0.2695852534562212
12.0,2.0,39.0,0.1,0.075,0.2,1.0,862.0,24.0,13.0,0.2703016241299304
12.0,2.0,40.0,0.1,0.075,0.2,1.0,845.0,25.0,14.0,0.27218934911242604
12.0,2.0,41.0,0.1,0.075,0.2,1.0,837.0,29.0,15.0,0.2735961768219833
12.0,2.0,42.0,0.1,0.075,0.2,1.0,804.0,29.0,10.0,0.27487562189054726
12.0,2.0,43.0,0.1,0.075,0.2,1.0,794.0,28.0,17.0,0.27329974811083124
12.0,2.0,44.0,0.1,0.075,0.2,1.0,770.0,29.0,17.0,0.2779220779220779
12.0,2.0,45.0,0.1,0.075,0.2,1.0,757.0,28.0,17.0,0.3289299867899604
12.0,2.0,46.0,0.1,0.075,0.2,1.0,730.0,23.0,10.0,0.33013698630136984
12.0,2.0,47.0,0.1,0.075,0.2,1.0,725.0,19.0,7.0,0.3351724137931035
12.0,2.0,48.0,0.1,0.075,0.2,1.0,708.0,20.0,10.0,0.3319209039548023
12.0,2.0,49.0,0.1,0.075,0.2,1.0,714.0,18.0,7.0,0.33473389355742295
12.0,2.0,50.0,0.1,0.075,0.2,1.0,691.0,16.0,8.0,0.32850940665701883
12.0,2.0,51.0,0.1,0.075,0.2,1.0,699.0,16.0,8.0,0.3333333333333333
12.0,2.0,52.0,0.1,0.075,0.2,1.0,683.0,19.0,9.0,0.3308931185944363
12.0,3.0,1.0,0.1,0.075,0.2,1.0,691.0,18.0,8.0,0.3357452966714906
12.0,3.0,2.0,0.1,0.075,0.2,1.0,671.0,17.0,8.0,0.3293591654247392
12.0,3.0,3.0,0.1,0.075,0.2,1.0,668.0,17.0,8.0,0.32934131736526945
12.0,3.0,4.0,0.1,0.075,0.2,1.0,660.0,14.0,9.0,0.33181818181818185
12.0,3.0,5.0,0.1,0.075,0.2,1.0,660.0,13.0,9.0,0.33181818181818185
12.0,3.0,6.0,0.1,0.075,0.2,1.0,644.0,12.0,8.0,0.33540372670807456
12.0,3.0,7.0,0.1,0.075,0.2,1.0,639.0,8.0,5.0,0.3380281690140845
12.0,3.0,8.0,0.1,0.075,0.2,1.0,628.0,8.0,4.0,0.3375796178343949
12.0,3.0,9.0,0.1,0.075,0.2,1.0,630.0,8.0,4.0,0.3380952380952381
12.0,3.0,10.0,0.1,0.075,0.2,1.0,620.0,6.0,3.0,0.3370967741935484
12.0,3.0,11.0,0.1,0.075,0.2,1.0,622.0,5.0,4.0,0.3392282958199357
12.0,3.0,12.0,0.1,0.075,0.2,1.0,609.0,6.0,4.0,0.3415435139573071
12.0,3.0,13.0,0.1,0.075,0.2,1.0,603.0,9.0,3.0,0.3449419568822554
12.0,3.0,14.0,0.1,0.075,0.2,1.0,593.0,7.0,1.0,0.3440134907251265
12.0,3.0,15.0,0.1,0.075,0.2,1.0,581.0,4.0,0.0,0.3407917383820998
12.0,3.0,16.0,0.1,0.075,0.2,1.0,575.0,4.0,2.0,0.3391304347826087
12.0,3.0,17.0,0.1,0.075,0.2,1.0,576.0,5.0,3.0,0.3368055555555556
12.0,3.0,18.0,0.1,0.075,0.2,1.0,571.0,5.0,4.0,0.3397548161120841
12.0,3.0,19.0,0.1,0.075,0.2,1.0,571.0,9.0,3.0,0.3380035026269702
12.0,3.0,20.0,0.1,0.075,0.2,1.0,1041.0,9.0,2.0,0.18635926993275698
12.0,3.0,21.0,0.1,0.075,0.2,1.0,990.0,12.0,4.0,0.19090909090909092
12.0,3.0,22.0,0.1,0.075,0.2,1.0,958.0,10.0,5.0,0.1951983298538622
12.0,3.0,23.0,0.1,0.075,0.2,1.0,930.0,12.0,5.0,0.1978494623655914
12.0,3.0,24.0,0.1,0.075,0.2,1.0,925.0,11.0,5.0,0.19783783783783784
12.0,3.0,25.0,0.1,0.075,0.2,1.0,899.0,9.0,5.0,0.1946607341490545
12.0,3.0,26.0,0.1,0.075,0.2,1.0,882.0,11.0,5.0,0.19727891156462585
12.0,3.0,27.0,0.1,0.075,0.2,1.0,873.0,11.0,4.0,0.1970217640320733
12.0,3.0,28.0,0.1,0.075,0.2,1.0,844.0,9.0,4.0,0.2014218009478673
12.0,3.0,29.0,0.1,0.075,0.2,1.0,837.0,11.0,7.0,0.2007168458781362
12.0,3.0,30.0,0.1,0.075,0.2,1.0,812.0,11.0,7.0,0.20566502463054187
12.0,3.0,31.0,0.1,0.075,0.2,1.0,801.0,14.0,5.0,0.20474406991260924
12.0,3.0,32.0,0.1,0.075,0.2,1.0,796.0,13.0,4.0,0.20351758793969849
12.0,3.0,33.0,0.1,0.075,0.2,1.0,792.0,13.0,5.0,0.2032828282828283
12.0,3.0,34.0,0.1,0.075,0.2,1.0,791.0,13.0,8.0,0.20353982300884957
12.0,3.0,35.0,0.1,0.075,0.2,1.0,786.0,11.0,9.0,0.2035623409669211
12.0,3.0,36.0,0.1,0.075,0.2,1.0,783.0,14.0,7.0,0.20434227330779056
12.0,3.0,37.0,0.1,0.075,0.2,1.0,775.0,13.0,5.0,0.20387096774193547
12.0,3.0,38.0,0.1,0.075,0.2,1.0,731.0,12.0,3.0,0.2051983584131327
12.0,3.0,39.0,0.1,0.075,0.2,1.0,708.0,19.0,5.0,0.2076271186440678
12.0,3.0,40.0,0.1,0.075,0.2,1.0,705.0,20.0,9.0,0.20425531914893616
12.0,3.0,41.0,0.1,0.075,0.2,1.0,697.0,26.0,12.0,0.20803443328550933
12.0,3.0,42.0,0.1,0.075,0.2,1.0,694.0,26.0,16.0,0.20605187319884727
12.0,3.0,43.0,0.1,0.075,0.2,1.0,676.0,26.0,13.0,0.20857988165680474
12.0,3.0,44.0,0.1,0.075,0.2,1.0,671.0,28.0,11.0,0.20864381520119224
12.0,3.0,45.0,0.1,0.075,0.2,1.0,654.0,23.0,7.0,0.2706422018348624
12.0,3.0,46.0,0.1,0.075,0.2,1.0,651.0,21.0,10.0,0.26881720430107525
12.0,3.0,47.0,0.1,0.075,0.2,1.0,641.0,20.0,11.0,0.26833073322932915
12.0,3.0,48.0,0.1,0.075,0.2,1.0,629.0,18.0,13.0,0.2670906200317965
12.0,3.0,49.0,0.1,0.075,0.2,1.0,616.0,16.0,10.0,0.2694805194805195
12.0,3.0,50.0,0.1,0.075,0.2,1.0,615.0,13.0,8.0,0.2682926829268293
12.0,3.0,51.0,0.1,0.075,0.2,1.0,603.0,9.0,4.0,0.2703150912106136
12.0,3.0,52.0,0.1,0.075,0.2,1.0,599.0,11.0,7.0,0.2704507512520868
12.0,4.0,1.0,0.1,0.075,0.2,1.0,594.0,9.0,5.0,0.2676767676767677
12.0,4.0,2.0,0.1,0.075,0.2,1.0,596.0,9.0,5.0,0.2684563758389262
12.0,4.0,3.0,0.1,0.075,0.2,1.0,588.0,6.0,3.0,0.26700680272108845
12.0,4.0,4.0,0.1,0.075,0.2,1.0,589.0,8.0,5.0,0.26825127334465193
12.0,4.0,5.0,0.1,0.075,0.2,1.0,582.0,8.0,4.0,0.2697594501718213
12.0,4.0,6.0,0.1,0.075,0.2,1.0,575.0,8.0,2.0,0.26608695652173914
12.0,4.0,7.0,0.1,0.075,0.2,1.0,571.0,6.0,3.0,0.266199649737303
12.0,4.0,8.0,0.1,0.075,0.2,1.0,571.0,6.0,3.0,0.266199649737303
12.0,4.0,9.0,0.1,0.075,0.2,1.0,568.0,6.0,4.0,0.2676056338028169
12.0,4.0,10.0,0.1,0.075,0.2,1.0,563.0,3.0,1.0,0.26465364120781526
12.0,4.0,11.0,0.1,0.075,0.2,1.0,545.0,4.0,2.0,0.26972477064220185
12.0,4.0,12.0,0.1,0.075,0.2,1.0,541.0,4.0,2.0,0.27171903881700554
12.0,4.0,13.0,0.1,0.075,0.2,1.0,537.0,6.0,2.0,0.2718808193668529
12.0,4.0,14.0,0.1,0.075,0.2,1.0,536.0,6.0,2.0,0.2667910447761194
12.0,4.0,15.0,0.1,0.075,0.2,1.0,530.0,5.0,1.0,0.2660377358490566
12.0,4.0,16.0,0.1,0.075,0.2,1.0,533.0,7.0,4.0,0.26641651031894936
12.0,4.0,17.0,0.1,0.075,0.2,1.0,526.0,10.0,4.0,0.26425855513307983
12.0,4.0,18.0,0.1,0.075,0.2,1.0,531.0,12.0,5.0,0.2655367231638418
12.0,4.0,19.0,0.1,0.075,0.2,1.0,523.0,9.0,3.0,0.26577437858508607
12.0,4.0,20.0,0.1,0.075,0.2,1.0,971.0,9.0,4.0,0.14521112255406798
12.0,4.0,21.0,0.1,0.075,0.2,1.0,943.0,9.0,3.0,0.14528101802757157
12.0,4.0,22.0,0.1,0.075,0.2,1.0,937.0,7.0,3.0,0.14514407684098185
12.0,4.0,23.0,0.1,0.075,0.2,1.0,918.0,6.0,2.0,0.14596949891067537
12.0,4.0,24.0,0.1,0.075,0.2,1.0,906.0,7.0,4.0,0.1467991169977925
12.0,4.0,25.0,0.1,0.075,0.2,1.0,869.0,12.0,3.0,0.14614499424626007
12.0,4.0,26.0,0.1,0.075,0.2,1.0,880.0,11.0,7.0,0.14772727272727273
12.0,4.0,27.0,0.1,0.075,0.2,1.0,850.0,15.0,5.0,0.14352941176470588
12.0,4.0,28.0,0.1,0.075,0.2,1.0,848.0,16.0,7.0,0.14268867924528303
12.0,4.0,29.0,0.1,0.075,0.2,1.0,827.0,13.0,4.0,0.14631197097944376
12.0,4.0,30.0,0.1,0.075,0.2,1.0,830.0,16.0,4.0,0.14698795180722893
12.0,4.0,31.0,0.1,0.075,0.2,1.0,817.0,16.0,4.0,0.1456548347613219
12.0,4.0,32.0,0.1,0.075,0.2,1.0,816.0,19.0,7.0,0.14705882352941177
12.0,4.0,33.0,0.1,0.075,0.2,1.0,789.0,21.0,10.0,0.1482889733840304
12.0,4.0,34.0,0.1,0.075,0.2,1.0,758.0,18.0,11.0,0.15303430079155672
12.0,4.0,35.0,0.1,0.075,0.2,1.0,726.0,18.0,10.0,0.15702479338842976
12.0,4.0,36.0,0.1,0.075,0.2,1.0,718.0,23.0,9.0,0.15598885793871867
12.0,4.0,37.0,0.1,0.075,0.2,1.0,698.0,21.0,8.0,0.15902578796561603
12.0,4.0,38.0,0.1,0.075,0.2,1.0,697.0,23.0,13.0,0.1606886657101865
12.0,4.0,39.0,0.1,0.075,0.2,1.0,670.0,25.0,13.0,0.16119402985074627
12.0,4.0,40.0,0.1,0.075,0.2,1.0,666.0,24.0,12.0,0.16216216216216217
12.0,4.0,41.0,0.1,0.075,0.2,1.0,633.0,17.0,5.0,0.16587677725118483
12.0,4.0,42.0,0.1,0.075,0.2,1.0,627.0,15.0,6.0,0.16586921850079744
12.0,4.0,43.0,0.1,0.075,0.2,1.0,620.0,15.0,6.0,0.16451612903225807
12.0,4.0,44.0,0.1,0.075,0.2,1.0,618.0,17.0,11.0,0.1634304207119741
12.0,4.0,45.0,0.1,0.075,0.2,1.0,615.0,14.0,14.0,0.23902439024390243
12.0,4.0,46.0,0.1,0.075,0.2,1.0,589.0,15.0,12.0,0.2427843803056027
12.0,4.0,47.0,0.1,0.075,0.2,1.0,579.0,10.0,6.0,0.2469775474956822
12.0,4.0,48.0,0.1,0.075,0.2,1.0,574.0,5.0,1.0,0.2508710801393728
12.0,4.0,49.0,0.1,0.075,0.2,1.0,575.0,5.0,1.0,0.25043478260869567
12.0,4.0,50.0,0.1,0.075,0.2,1.0,570.0,4.0,2.0,0.25087719298245614
12.0,4.0,51.0,0.1,0.075,0.2,1.0,569.0,4.0,2.0,0.24956063268892795
12.0,4.0,52.0,0.1,0.075,0.2,1.0,567.0,4.0,3.0,0.24867724867724866
12.0,5.0,1.0,0.1,0.075,0.2,1.0,564.0,6.0,2.0,0.24822695035460993
12.0,5.0,2.0,0.1,0.075,0.2,1.0,553.0,7.0,3.0,0.25316455696202533
12.0,5.0,3.0,0.1,0.075,0.2,1.0,522.0,7.0,3.0,0.2471264367816092
12.0,5.0,4.0,0.1,0.075,0.2,1.0,521.0,8.0,5.0,0.2495201535508637
12.0,5.0,5.0,0.1,0.075,0.2,1.0,519.0,11.0,4.0,0.2466281310211946
12.0,5.0,6.0,0.1,0.075,0.2,1.0,518.0,12.0,5.0,0.25096525096525096
12.0,5.0,7.0,0.1,0.075,0.2,1.0,514.0,10.0,7.0,0.2490272373540856
12.0,5.0,8.0,0.1,0.075,0.2,1.0,513.0,11.0,10.0,0.25146198830409355
12.0,5.0,9.0,0.1,0.075,0.2,1.0,510.0,13.0,8.0,0.24901960784313726
12.0,5.0,10.0,0.1,0.075,0.2,1.0,502.0,11.0,6.0,0.250996015936255
12.0,5.0,11.0,0.1,0.075,0.2,1.0,486.0,11.0,4.0,0.25102880658436216
12.0,5.0,12.0,0.1,0.075,0.2,1.0,483.0,11.0,7.0,0.2484472049689441
12.0,5.0,13.0,0.1,0.075,0.2,1.0,480.0,10.0,6.0,0.25
12.0,5.0,14.0,0.1,0.075,0.2,1.0,475.0,11.0,7.0,0.24842105263157896
12.0,5.0,15.0,0.1,0.075,0.2,1.0,473.0,12.0,6.0,0.24947145877378435
12.0,5.0,16.0,0.1,0.075,0.2,1.0,470.0,10.0,6.0,0.251063829787234
12.0,5.0,17.0,0.1,0.075,0.2,1.0,469.0,9.0,4.0,0.2515991471215352
12.0,5.0,18.0,0.1,0.075,0.2,1.0,454.0,8.0,5.0,0.2577092511013216
12.0,5.0,19.0,0.1,0.075,0.2,1.0,453.0,6.0,5.0,0.2582781456953642
12.0,5.0,20.0,0.1,0.075,0.2,1.0,815.0,6.0,5.0,0.14355828220858896
12.0,5.0,21.0,0.1,0.075,0.2,1.0,790.0,4.0,3.0,0.1468354430379747
12.0,5.0,22.0,0.1,0.075,0.2,1.0,787.0,3.0,1.0,0.1473951715374841
12.0,5.0,23.0,0.1,0.075,0.2,1.0,723.0,2.0,0.0,0.1507607192254495
12.0,5.0,24.0,0.1,0.075,0.2,1.0,716.0,2.0,0.0,0.15083798882681565
12.0,5.0,25.0,0.1,0.075,0.2,1.0,717.0,2.0,0.0,0.15202231520223153
12.0,5.0,26.0,0.1,0.075,0.2,1.0,715.0,2.0,0.0,0.15104895104895105
12.0,5.0,27.0,0.1,0.075,0.2,1.0,709.0,2.0,1.0,0.14809590973201692
12.0,5.0,28.0,0.1,0.075,0.2,1.0,685.0,2.0,2.0,0.15036496350364964
12.0,5.0,29.0,0.1,0.075,0.2,1.0,683.0,6.0,2.0,0.15226939970717424
12.0,5.0,30.0,0.1,0.075,0.2,1.0,664.0,8.0,1.0,0.1536144578313253
12.0,5.0,31.0,0.1,0.075,0.2,1.0,639.0,7.0,2.0,0.1596244131455399
12.0,5.0,32.0,0.1,0.075,0.2,1.0,635.0,9.0,5.0,0.15590551181102363
12.0,5.0,33.0,0.1,0.075,0.2,1.0,617.0,9.0,5.0,0.16045380875202594
12.0,5.0,34.0,0.1,0.075,0.2,1.0,578.0,7.0,3.0,0.15397923875432526
12.0,5.0,35.0,0.1,0.075,0.2,1.0,552.0,5.0,1.0,0.15942028985507245
12.0,5.0,36.0,0.1,0.075,0.2,1.0,537.0,7.0,1.0,0.1601489757914339
12.0,5.0,37.0,0.1,0.075,0.2,1.0,534.0,6.0,1.0,0.1647940074906367
12.0,5.0,38.0,0.1,0.075,0.2,1.0,502.0,8.0,2.0,0.16533864541832669
12.0,5.0,39.0,0.1,0.075,0.2,1.0,481.0,10.0,7.0,0.1704781704781705
12.0,5.0,40.0,0.1,0.075,0.2,1.0,469.0,11.0,6.0,0.16631130063965885
12.0,5.0,41.0,0.1,0.075,0.2,1.0,464.0,10.0,6.0,0.1724137931034483
12.0,5.0,42.0,0.1,0.075,0.2,1.0,455.0,4.0,2.0,0.17142857142857143
12.0,5.0,43.0,0.1,0.075,0.2,1.0,453.0,5.0,2.0,0.17218543046357615
12.0,5.0,44.0,0.1,0.075,0.2,1.0,445.0,6.0,3.0,0.1707865168539326
12.0,5.0,45.0,0.1,0.075,0.2,1.0,446.0,9.0,3.0,0.24663677130044842
12.0,5.0,46.0,0.1,0.075,0.2,1.0,443.0,10.0,3.0,0.24379232505643342
12.0,5.0,47.0,0.1,0.075,0.2,1.0,444.0,9.0,5.0,0.24774774774774774
12.0,5.0,48.0,0.1,0.075,0.2,1.0,440.0,9.0,5.0,0.24545454545454545
12.0,5.0,49.0,0.1,0.075,0.2,1.0,443.0,10.0,6.0,0.24830699774266365
12.0,5.0,50.0,0.1,0.075,0.2,1.0,408.0,7.0,4.0,0.24509803921568626
12.0,5.0,51.0,0.1,0.075,0.2,1.0,393.0,6.0,3.0,0.2544529262086514
12.0,5.0,52.0,0.1,0.075,0.2,1.0,386.0,6.0,3.0,0.25129533678756477
12.0,6.0,1.0,0.1,0.075,0.2,1.0,388.0,5.0,3.0,0.2551546391752577
12.0,6.0,2.0,0.1,0.075,0.2,1.0,384.0,5.0,5.0,0.2526041666666667
12.0,6.0,3.0,0.1,0.075,0.2,1.0,384.0,4.0,4.0,0.2552083333333333
12.0,6.0,4.0,0.1,0.075,0.2,1.0,381.0,2.0,2.0,0.2545931758530184
12.0,6.0,5.0,0.1,0.075,0.2,1.0,379.0,0.0,0.0,0.2559366754617414
12.0,6.0,6.0,0.1,0.075,0.2,1.0,378.0,0.0,0.0,0.25396825396825395
12.0,6.0,7.0,0.1,0.075,0.2,1.0,378.0,0.0,0.0,0.25396825396825395
12.0,6.0,8.0,0.1,0.075,0.2,1.0,375.0,0.0,0.0,0.256
12.0,6.0,9.0,0.1,0.075,0.2,1.0,376.0,0.0,0.0,0.2553191489361702
12.0,6.0,10.0,0.1,0.075,0.2,1.0,375.0,0.0,0.0,0.256
12.0,6.0,11.0,0.1,0.075,0.2,1.0,376.0,0.0,0.0,0.2553191489361702
12.0,6.0,12.0,0.1,0.075,0.2,1.0,374.0,0.0,0.0,0.25668449197860965
12.0,6.0,13.0,0.1,0.075,0.2,1.0,371.0,0.0,0.0,0.2560646900269542
12.0,6.0,14.0,0.1,0.075,0.2,1.0,357.0,0.0,0.0,0.25210084033613445
12.0,6.0,15.0,0.1,0.075,0.2,1.0,358.0,0.0,0.0,0.25139664804469275
12.0,6.0,16.0,0.1,0.075,0.2,1.0,357.0,0.0,0.0,0.25210084033613445
12.0,6.0,17.0,0.1,0.075,0.2,1.0,357.0,0.0,0.0,0.25210084033613445
12.0,6.0,18.0,0.1,0.075,0.2,1.0,356.0,0.0,0.0,0.25280898876404495
12.0,6.0,19.0,0.1,0.075,0.2,1.0,357.0,0.0,0.0,0.25210084033613445
12.0,6.0,20.0,0.1,0.075,0.2,1.0,645.0,0.0,0.0,0.13953488372093023
12.0,6.0,21.0,0.1,0.075,0.2,1.0,635.0,0.0,0.0,0.14173228346456693
12.0,6.0,22.0,0.1,0.075,0.2,1.0,634.0,0.0,0.0,0.14195583596214512
12.0,6.0,23.0,0.1,0.075,0.2,1.0,635.0,0.0,0.0,0.14173228346456693
12.0,6.0,24.0,0.1,0.075,0.2,1.0,624.0,0.0,0.0,0.14262820512820512
12.0,6.0,25.0,0.1,0.075,0.2,1.0,609.0,0.0,0.0,0.14285714285714285
12.0,6.0,26.0,0.1,0.075,0.2,1.0,607.0,0.0,0.0,0.1416803953871499
12.0,6.0,27.0,0.1,0.075,0.2,1.0,595.0,0.0,0.0,0.14285714285714285
12.0,6.0,28.0,0.1,0.075,0.2,1.0,583.0,0.0,0.0,0.14408233276157806
12.0,6.0,29.0,0.1,0.075,0.2,1.0,557.0,0.0,0.0,0.1436265709156194
12.0,6.0,30.0,0.1,0.075,0.2,1.0,544.0,0.0,0.0,0.14522058823529413
12.0,6.0,31.0,0.1,0.075,0.2,1.0,543.0,0.0,0.0,0.143646408839779
12.0,6.0,32.0,0.1,0.075,0.2,1.0,544.0,0.0,0.0,0.14522058823529413
12.0,6.0,33.0,0.1,0.075,0.2,1.0,544.0,0.0,0.0,0.14338235294117646
12.0,6.0,34.0,0.1,0.075,0.2,1.0,544.0,0.0,0.0,0.14522058823529413
12.0,6.0,35.0,0.1,0.075,0.2,1.0,532.0,0.0,0.0,0.14661654135338345
12.0,6.0,36.0,0.1,0.075,0.2,1.0,533.0,0.0,0.0,0.14821763602251406
12.0,6.0,37.0,0.1,0.075,0.2,1.0,533.0,0.0,0.0,0.14634146341463414
12.0,6.0,38.0,0.1,0.075,0.2,1.0,533.0,0.0,0.0,0.14821763602251406
12.0,6.0,39.0,0.1,0.075,0.2,1.0,534.0,0.0,0.0,0.14794007490636704
12.0,6.0,40.0,0.1,0.075,0.2,1.0,532.0,0.0,0.0,0.14849624060150377
12.0,6.0,41.0,0.1,0.075,0.2,1.0,532.0,0.0,0.0,0.14661654135338345
12.0,6.0,42.0,0.1,0.075,0.2,1.0,531.0,0.0,0.0,0.14689265536723164
12.0,6.0,43.0,0.1,0.075,0.2,1.0,532.0,0.0,0.0,0.14661654135338345
12.0,6.0,44.0,0.1,0.075,0.2,1.0,531.0,0.0,0.0,0.14689265536723164
12.0,6.0,45.0,0.1,0.075,0.2,1.0,531.0,0.0,0.0,0.1902071563088512
12.0,6.0,46.0,0.1,0.075,0.2,1.0,531.0,0.0,0.0,0.1902071563088512
12.0,6.0,47.0,0.1,0.075,0.2,1.0,530.0,0.0,0.0,0.18867924528301888
12.0,6.0,48.0,0.1,0.075,0.2,1.0,530.0,0.0,0.0,0.18867924528301888
12.0,6.0,49.0,0.1,0.075,0.2,1.0,530.0,0.0,0.0,0.18867924528301888
12.0,6.0,50.0,0.1,0.075,0.2,1.0,530.0,0.0,0.0,0.18867924528301888
12.0,6.0,51.0,0.1,0.075,0.2,1.0,530.0,0.0,0.0,0.18867924528301888
12.0,6.0,52.0,0.1,0.075,0.2,1.0,528.0,0.0,0.0,0.1856060606060606
12.0,7.0,1.0,0.1,0.075,0.2,1.0,529.0,0.0,0.0,0.18714555765595464
12.0,7.0,2.0,0.1,0.075,0.2,1.0,527.0,0.0,0.0,0.1859582542694497
12.0,7.0,3.0,0.1,0.075,0.2,1.0,527.0,0.0,0.0,0.1859582542694497
12.0,7.0,4.0,0.1,0.075,0.2,1.0,526.0,0.0,0.0,0.1844106463878327
12.0,7.0,5.0,0.1,0.075,0.2,1.0,526.0,0.0,0.0,0.1844106463878327
12.0,7.0,6.0,0.1,0.075,0.2,1.0,525.0,0.0,0.0,0.18476190476190477
12.0,7.0,7.0,0.1,0.075,0.2,1.0,524.0,0.0,0.0,0.1851145038167939
12.0,7.0,8.0,0.1,0.075,0.2,1.0,521.0,0.0,0.0,0.18618042226487524
12.0,7.0,9.0,0.1,0.075,0.2,1.0,505.0,0.0,0.0,0.1900990099009901
12.0,7.0,10.0,0.1,0.075,0.2,1.0,505.0,0.0,0.0,0.1900990099009901
12.0,7.0,11.0,0.1,0.075,0.2,1.0,503.0,0.0,0.0,0.1908548707753479
12.0,7.0,12.0,0.1,0.075,0.2,1.0,499.0,0.0,0.0,0.1903807615230461
12.0,7.0,13.0,0.1,0.075,0.2,1.0,497.0,0.0,0.0,0.1891348088531187
12.0,7.0,14.0,0.1,0.075,0.2,1.0,497.0,0.0,0.0,0.1891348088531187
12.0,7.0,15.0,0.1,0.075,0.2,1.0,496.0,0.0,0.0,0.18951612903225806
12.0,7.0,16.0,0.1,0.075,0.2,1.0,496.0,0.0,0.0,0.18951612903225806
12.0,7.0,17.0,0.1,0.075,0.2,1.0,495.0,0.0,0.0,0.1898989898989899
12.0,7.0,18.0,0.1,0.075,0.2,1.0,495.0,0.0,0.0,0.1898989898989899
12.0,7.0,19.0,0.1,0.075,0.2,1.0,495.0,0.0,0.0,0.1898989898989899
12.0,7.0,20.0,0.1,0.075,0.2,1.0,846.0,0.0,0.0,0.1111111111111111
12.0,7.0,21.0,0.1,0.075,0.2,1.0,844.0,0.0,0.0,0.11137440758293839
12.0,7.0,22.0,0.1,0.075,0.2,1.0,825.0,0.0,0.0,0.11272727272727273
12.0,7.0,23.0,0.1,0.075,0.2,1.0,791.0,0.0,0.0,0.11125158027812895
12.0,7.0,24.0,0.1,0.075,0.2,1.0,772.0,0.0,0.0,0.11010362694300518
12.0,7.0,25.0,0.1,0.075,0.2,1.0,759.0,0.0,0.0,0.11067193675889328
12.0,7.0,26.0,0.1,0.075,0.2,1.0,761.0,0.0,0.0,0.11038107752956636
12.0,7.0,27.0,0.1,0.075,0.2,1.0,733.0,0.0,0.0,0.11323328785811733
12.0,7.0,28.0,0.1,0.075,0.2,1.0,734.0,0.0,0.0,0.11307901907356949
12.0,7.0,29.0,0.1,0.075,0.2,1.0,731.0,0.0,0.0,0.11354309165526676
12.0,7.0,30.0,0.1,0.075,0.2,1.0,709.0,0.0,0.0,0.1156558533145275
12.0,7.0,31.0,0.1,0.075,0.2,1.0,697.0,0.0,0.0,0.11621233859397417
12.0,7.0,32.0,0.1,0.075,0.2,1.0,684.0,0.0,0.0,0.11257309941520467
12.0,7.0,33.0,0.1,0.075,0.2,1.0,651.0,0.0,0.0,0.11367127496159754
12.0,7.0,34.0,0.1,0.075,0.2,1.0,648.0,0.0,0.0,0.11419753086419752
12.0,7.0,35.0,0.1,0.075,0.2,1.0,614.0,0.0,0.0,0.11889250814332247
12.0,7.0,36.0,0.1,0.075,0.2,1.0,586.0,0.0,0.0,0.11945392491467577
12.0,7.0,37.0,0.1,0.075,0.2,1.0,587.0,0.0,0.0,0.12095400340715502
12.0,7.0,38.0,0.1,0.075,0.2,1.0,586.0,0.0,0.0,0.11945392491467577
12.0,7.0,39.0,0.1,0.075,0.2,1.0,586.0,0.0,0.0,0.12116040955631399
12.0,7.0,40.0,0.1,0.075,0.2,1.0,585.0,0.0,0.0,0.11965811965811966
12.0,7.0,41.0,0.1,0.075,0.2,1.0,585.0,0.0,0.0,0.12136752136752137
12.0,7.0,42.0,0.1,0.075,0.2,1.0,582.0,0.0,0.0,0.11683848797250859
12.0,7.0,43.0,0.1,0.075,0.2,1.0,582.0,0.0,0.0,0.11683848797250859
12.0,7.0,44.0,0.1,0.075,0.2,1.0,581.0,0.0,0.0,0.1153184165232358
12.0,7.0,45.0,0.1,0.075,0.2,1.0,580.0,0.0,0.0,0.18620689655172415
12.0,7.0,46.0,0.1,0.075,0.2,1.0,578.0,0.0,0.0,0.18685121107266436
12.0,7.0,47.0,0.1,0.075,0.2,1.0,578.0,0.0,0.0,0.18685121107266436
12.0,7.0,48.0,0.1,0.075,0.2,1.0,577.0,0.0,0.0,0.18717504332755633
12.0,7.0,49.0,0.1,0.075,0.2,1.0,575.0,0.0,0.0,0.18782608695652173
12.0,7.0,50.0,0.1,0.075,0.2,1.0,574.0,0.0,0.0,0.18466898954703834
12.0,7.0,51.0,0.1,0.075,0.2,1.0,553.0,0.0,0.0,0.18625678119349007
12.0,7.0,52.0,0.1,0.075,0.2,1.0,554.0,0.0,0.0,0.18411552346570398
12.0,8.0,1.0,0.1,0.075,0.2,1.0,552.0,0.0,0.0,0.18478260869565216
12.0,8.0,2.0,0.1,0.075,0.2,1.0,554.0,0.0,0.0,0.18411552346570398
12.0,8.0,3.0,0.1,0.075,0.2,1.0,551.0,0.0,0.0,0.1851179673321234
12.0,8.0,4.0,0.1,0.075,0.2,1.0,526.0,0.0,0.0,0.188212927756654
12.0,8.0,5.0,0.1,0.075,0.2,1.0,522.0,0.0,0.0,0.1896551724137931
12.0,8.0,6.0,0.1,0.075,0.2,1.0,520.0,0.0,0.0,0.19038461538461537
12.0,8.0,7.0,0.1,0.075,0.2,1.0,517.0,0.0,0.0,0.19148936170212766
12.0,8.0,8.0,0.1,0.075,0.2,1.0,518.0,0.0,0.0,0.19111969111969113
12.0,8.0,9.0,0.1,0.075,0.2,1.0,515.0,0.0,0.0,0.19223300970873786
12.0,8.0,10.0,0.1,0.075,0.2,1.0,504.0,0.0,0.0,0.19444444444444445
12.0,8.0,11.0,0.1,0.075,0.2,1.0,496.0,0.0,0.0,0.1975806451612903
12.0,8.0,12.0,0.1,0.075,0.2,1.0,499.0,0.0,0.0,0.1963927855711423
12.0,8.0,13.0,0.1,0.075,0.2,1.0,496.0,0.0,0.0,0.1975806451612903
12.0,8.0,14.0,0.1,0.075,0.2,1.0,498.0,0.0,0.0,0.19678714859437751
12.0,8.0,15.0,0.1,0.075,0.2,1.0,494.0,0.0,0.0,0.19838056680161945
12.0,8.0,16.0,0.1,0.075,0.2,1.0,496.0,0.0,0.0,0.1975806451612903
12.0,8.0,17.0,0.1,0.075,0.2,1.0,493.0,0.0,0.0,0.19878296146044624
12.0,8.0,18.0,0.1,0.075,0.2,1.0,494.0,0.0,0.0,0.19838056680161945
12.0,8.0,19.0,0.1,0.075,0.2,1.0,493.0,0.0,0.0,0.19878296146044624
12.0,8.0,20.0,0.1,0.075,0.2,1.0,879.0,0.0,0.0,0.11149032992036405
12.0,8.0,21.0,0.1,0.075,0.2,1.0,852.0,0.0,0.0,0.11267605633802817
12.0,8.0,22.0,0.1,0.075,0.2,1.0,851.0,0.0,0.0,0.1128084606345476
12.0,8.0,23.0,0.1,0.075,0.2,1.0,843.0,0.0,0.0,0.11150652431791222
12.0,8.0,24.0,0.1,0.075,0.2,1.0,813.0,0.0,0.0,0.11562115621156212
12.0,8.0,25.0,0.1,0.075,0.2,1.0,806.0,0.0,0.0,0.11538461538461539
12.0,8.0,26.0,0.1,0.075,0.2,1.0,800.0,0.0,0.0,0.11625
12.0,8.0,27.0,0.1,0.075,0.2,1.0,780.0,0.0,0.0,0.11666666666666667
12.0,8.0,28.0,0.1,0.075,0.2,1.0,744.0,0.0,0.0,0.12096774193548387
12.0,8.0,29.0,0.1,0.075,0.2,1.0,738.0,0.0,0.0,0.12195121951219512
12.0,8.0,30.0,0.1,0.075,0.2,1.0,732.0,0.0,0.0,0.12295081967213115
12.0,8.0,31.0,0.1,0.075,0.2,1.0,710.0,0.0,0.0,0.12253521126760564
12.0,8.0,32.0,0.1,0.075,0.2,1.0,704.0,0.0,0.0,0.12357954545454546
12.0,8.0,33.0,0.1,0.075,0.2,1.0,699.0,0.0,0.0,0.12303290414878398
12.0,8.0,34.0,0.1,0.075,0.2,1.0,693.0,0.0,0.0,0.1240981240981241
12.0,8.0,35.0,0.1,0.075,0.2,1.0,684.0,0.0,0.0,0.12426900584795321
12.0,8.0,36.0,0.1,0.075,0.2,1.0,650.0,0.0,0.0,0.12923076923076923
12.0,8.0,37.0,0.1,0.075,0.2,1.0,656.0,0.0,0.0,0.12804878048780488
12.0,8.0,38.0,0.1,0.075,0.2,1.0,634.0,0.0,0.0,0.1309148264984227
12.0,8.0,39.0,0.1,0.075,0.2,1.0,640.0,0.0,0.0,0.1296875
12.0,8.0,40.0,0.1,0.075,0.2,1.0,621.0,0.0,0.0,0.1320450885668277
12.0,8.0,41.0,0.1,0.075,0.2,1.0,626.0,0.0,0.0,0.12939297124600638
12.0,8.0,42.0,0.1,0.075,0.2,1.0,620.0,0.0,0.0,0.13064516129032258
12.0,8.0,43.0,0.1,0.075,0.2,1.0,626.0,0.0,0.0,0.12939297124600638
12.0,8.0,44.0,0.1,0.075,0.2,1.0,620.0,0.0,0.0,0.13064516129032258
12.0,8.0,45.0,0.1,0.075,0.2,1.0,626.0,0.0,0.0,0.1964856230031949
12.0,8.0,46.0,0.1,0.075,0.2,1.0,606.0,0.0,0.0,0.19636963696369636
12.0,8.0,47.0,0.1,0.075,0.2,1.0,612.0,0.0,0.0,0.19444444444444445
12.0,8.0,48.0,0.1,0.075,0.2,1.0,606.0,0.0,0.0,0.19636963696369636
12.0,8.0,49.0,0.1,0.075,0.2,1.0,585.0,0.0,0.0,0.2
12.0,8.0,50.0,0.1,0.075,0.2,1.0,567.0,0.0,0.0,0.20458553791887124
12.0,8.0,51.0,0.1,0.075,0.2,1.0,567.0,0.0,0.0,0.20458553791887124
12.0,8.0,52.0,0.1,0.075,0.2,1.0,566.0,0.0,0.0,0.2049469964664311
12.0,9.0,1.0,0.1,0.075,0.2,1.0,567.0,0.0,0.0,0.20458553791887124
12.0,9.0,2.0,0.1,0.075,0.2,1.0,564.0,0.0,0.0,0.20567375886524822
12.0,9.0,3.0,0.1,0.075,0.2,1.0,554.0,0.0,0.0,0.2075812274368231
12.0,9.0,4.0,0.1,0.075,0.2,1.0,552.0,0.0,0.0,0.20652173913043478
12.0,9.0,5.0,0.1,0.075,0.2,1.0,554.0,0.0,0.0,0.20577617328519857
12.0,9.0,6.0,0.1,0.075,0.2,1.0,552.0,0.0,0.0,0.20652173913043478
12.0,9.0,7.0,0.1,0.075,0.2,1.0,554.0,0.0,0.0,0.20577617328519857
12.0,9.0,8.0,0.1,0.075,0.2,1.0,551.0,0.0,0.0,0.20689655172413793
12.0,9.0,9.0,0.1,0.075,0.2,1.0,550.0,0.0,0.0,0.20727272727272728
12.0,9.0,10.0,0.1,0.075,0.2,1.0,549.0,0.0,0.0,0.20765027322404372
12.0,9.0,11.0,0.1,0.075,0.2,1.0,550.0,0.0,0.0,0.20727272727272728
12.0,9.0,12.0,0.1,0.075,0.2,1.0,548.0,0.0,0.0,0.20802919708029197
12.0,9.0,13.0,0.1,0.075,0.2,1.0,550.0,0.0,0.0,0.20727272727272728
12.0,9.0,14.0,0.1,0.075,0.2,1.0,548.0,0.0,0.0,0.20802919708029197
12.0,9.0,15.0,0.1,0.075,0.2,1.0,550.0,0.0,0.0,0.20727272727272728
12.0,9.0,16.0,0.1,0.075,0.2,1.0,548.0,0.0,0.0,0.20802919708029197
12.0,9.0,17.0,0.1,0.075,0.2,1.0,550.0,0.0,0.0,0.20727272727272728
12.0,9.0,18.0,0.1,0.075,0.2,1.0,548.0,0.0,0.0,0.20802919708029197
12.0,9.0,19.0,0.1,0.075,0.2,1.0,550.0,0.0,0.0,0.20727272727272728
12.0,9.0,20.0,0.1,0.075,0.2,1.0,976.0,0.0,0.0,0.10245901639344263
12.0,9.0,21.0,0.1,0.075,0.2,1.0,917.0,0.0,0.0,0.10577971646673937
12.0,9.0,22.0,0.1,0.075,0.2,1.0,899.0,0.0,0.0,0.10789766407119021
12.0,9.0,23.0,0.1,0.075,0.2,1.0,903.0,0.0,0.0,0.10741971207087486
12.0,9.0,24.0,0.1,0.075,0.2,1.0,886.0,0.0,0.0,0.10835214446952596
12.0,9.0,25.0,0.1,0.075,0.2,1.0,877.0,0.0,0.0,0.10832383124287344
12.0,9.0,26.0,0.1,0.075,0.2,1.0,862.0,0.0,0.0,0.11020881670533643
12.0,9.0,27.0,0.1,0.075,0.2,1.0,820.0,0.0,0.0,0.11463414634146342
12.0,9.0,28.0,0.1,0.075,0.2,1.0,804.0,0.0,0.0,0.11567164179104478
12.0,9.0,29.0,0.1,0.075,0.2,1.0,761.0,0.0,0.0,0.12220762155059132
12.0,9.0,30.0,0.1,0.075,0.2,1.0,757.0,0.0,0.0,0.12285336856010567
12.0,9.0,31.0,0.1,0.075,0.2,1.0,761.0,0.0,0.0,0.12220762155059132
12.0,9.0,32.0,0.1,0.075,0.2,1.0,710.0,0.0,0.0,0.1267605633802817
12.0,9.0,33.0,0.1,0.075,0.2,1.0,714.0,0.0,0.0,0.12605042016806722
12.0,9.0,34.0,0.1,0.075,0.2,1.0,710.0,0.0,0.0,0.1267605633802817
12.0,9.0,35.0,0.1,0.075,0.2,1.0,711.0,0.0,0.0,0.12658227848101267
12.0,9.0,36.0,0.1,0.075,0.2,1.0,702.0,0.0,0.0,0.1282051282051282
12.0,9.0,37.0,0.1,0.075,0.2,1.0,700.0,0.0,0.0,0.12857142857142856
12.0,9.0,38.0,0.1,0.075,0.2,1.0,702.0,0.0,0.0,0.1282051282051282
12.0,9.0,39.0,0.1,0.075,0.2,1.0,689.0,0.0,0.0,0.12917271407837447
12.0,9.0,40.0,0.1,0.075,0.2,1.0,679.0,0.0,0.0,0.13107511045655376
12.0,9.0,41.0,0.1,0.075,0.2,1.0,677.0,0.0,0.0,0.13146233382570163
12.0,9.0,42.0,0.1,0.075,0.2,1.0,661.0,0.0,0.0,0.1346444780635401
12.0,9.0,43.0,0.1,0.075,0.2,1.0,659.0,0.0,0.0,0.13505311077389984
12.0,9.0,44.0,0.1,0.075,0.2,1.0,661.0,0.0,0.0,0.1346444780635401
12.0,9.0,45.0,0.1,0.075,0.2,1.0,659.0,0.0,0.0,0.19271623672230653
12.0,9.0,46.0,0.1,0.075,0.2,1.0,661.0,0.0,0.0,0.19364599092284418
12.0,9.0,47.0,0.1,0.075,0.2,1.0,647.0,0.0,0.0,0.1947449768160742
12.0,9.0,48.0,0.1,0.075,0.2,1.0,638.0,0.0,0.0,0.19905956112852666
12.0,9.0,49.0,0.1,0.075,0.2,1.0,635.0,0.0,0.0,0.1984251968503937
12.0,9.0,50.0,0.1,0.075,0.2,1.0,639.0,0.0,0.0,0.19874804381846636
12.0,9.0,51.0,0.1,0.075,0.2,1.0,632.0,0.0,0.0,0.19778481012658228
12.0,9.0,52.0,0.1,0.075,0.2,1.0,625.0,0.0,0.0,0.1936
12.0,10.0,1.0,0.1,0.075,0.2,1.0,621.0,0.0,0.0,0.1932367149758454
12.0,10.0,2.0,0.1,0.075,0.2,1.0,624.0,0.0,0.0,0.19391025641025642
12.0,10.0,3.0,0.1,0.075,0.2,1.0,620.0,0.0,0.0,0.1935483870967742
12.0,10.0,4.0,0.1,0.075,0.2,1.0,624.0,0.0,0.0,0.19391025641025642
12.0,10.0,5.0,0.1,0.075,0.2,1.0,620.0,0.0,0.0,0.1935483870967742
12.0,10.0,6.0,0.1,0.075,0.2,1.0,610.0,0.0,0.0,0.19508196721311474
12.0,10.0,7.0,0.1,0.075,0.2,1.0,597.0,0.0,0.0,0.19430485762144054
12.0,10.0,8.0,0.1,0.075,0.2,1.0,588.0,0.0,0.0,0.195578231292517
12.0,10.0,9.0,0.1,0.075,0.2,1.0,586.0,0.0,0.0,0.1945392491467577
12.0,10.0,10.0,0.1,0.075,0.2,1.0,587.0,0.0,0.0,0.19420783645655879
12.0,10.0,11.0,0.1,0.075,0.2,1.0,585.0,0.0,0.0,0.19487179487179487
12.0,10.0,12.0,0.1,0.075,0.2,1.0,584.0,0.0,0.0,0.1934931506849315
12.0,10.0,13.0,0.1,0.075,0.2,1.0,583.0,0.0,0.0,0.19382504288164665
12.0,10.0,14.0,0.1,0.075,0.2,1.0,584.0,0.0,0.0,0.1934931506849315
12.0,10.0,15.0,0.1,0.075,0.2,1.0,583.0,0.0,0.0,0.19382504288164665
12.0,10.0,16.0,0.1,0.075,0.2,1.0,584.0,0.0,0.0,0.1934931506849315
12.0,10.0,17.0,0.1,0.075,0.2,1.0,582.0,0.0,0.0,0.19415807560137457
12.0,10.0,18.0,0.1,0.075,0.2,1.0,582.0,0.0,0.0,0.19415807560137457
12.0,10.0,19.0,0.1,0.075,0.2,1.0,581.0,0.0,0.0,0.1944922547332186
12.0,10.0,20.0,0.1,0.075,0.2,1.0,997.0,0.0,0.0,0.10431293881644935
12.0,10.0,21.0,0.1,0.075,0.2,1.0,960.0,0.0,0.0,0.10625
12.0,10.0,22.0,0.1,0.075,0.2,1.0,873.0,0.0,0.0,0.10538373424971363
12.0,10.0,23.0,0.1,0.075,0.2,1.0,833.0,0.0,0.0,0.10684273709483794
12.0,10.0,24.0,0.1,0.075,0.2,1.0,833.0,0.0,0.0,0.10684273709483794
12.0,10.0,25.0,0.1,0.075,0.2,1.0,833.0,0.0,0.0,0.10684273709483794
12.0,10.0,26.0,0.1,0.075,0.2,1.0,787.0,0.0,0.0,0.10800508259212198
12.0,10.0,27.0,0.1,0.075,0.2,1.0,766.0,0.0,0.0,0.11096605744125326
12.0,10.0,28.0,0.1,0.075,0.2,1.0,766.0,0.0,0.0,0.11096605744125326
12.0,10.0,29.0,0.1,0.075,0.2,1.0,754.0,0.0,0.0,0.11273209549071618
12.0,10.0,30.0,0.1,0.075,0.2,1.0,729.0,0.0,0.0,0.11385459533607682
12.0,10.0,31.0,0.1,0.075,0.2,1.0,729.0,0.0,0.0,0.11385459533607682
12.0,10.0,32.0,0.1,0.075,0.2,1.0,729.0,0.0,0.0,0.11385459533607682
12.0,10.0,33.0,0.1,0.075,0.2,1.0,681.0,0.0,0.0,0.11600587371512482
12.0,10.0,34.0,0.1,0.075,0.2,1.0,681.0,0.0,0.0,0.11600587371512482
12.0,10.0,35.0,0.1,0.075,0.2,1.0,681.0,0.0,0.0,0.11600587371512482
12.0,10.0,36.0,0.1,0.075,0.2,1.0,668.0,0.0,0.0,0.11826347305389222
12.0,10.0,37.0,0.1,0.075,0.2,1.0,668.0,0.0,0.0,0.11826347305389222
12.0,10.0,38.0,0.1,0.075,0.2,1.0,668.0,0.0,0.0,0.11826347305389222
12.0,10.0,39.0,0.1,0.075,0.2,1.0,644.0,0.0,0.0,0.11801242236024845
12.0,10.0,40.0,0.1,0.075,0.2,1.0,644.0,0.0,0.0,0.11801242236024845
12.0,10.0,41.0,0.1,0.075,0.2,1.0,644.0,0.0,0.0,0.11801242236024845
12.0,10.0,42.0,0.1,0.075,0.2,1.0,644.0,0.0,0.0,0.11801242236024845
12.0,10.0,43.0,0.1,0.075,0.2,1.0,629.0,0.0,0.0,0.11764705882352941
12.0,10.0,44.0,0.1,0.075,0.2,1.0,629.0,0.0,0.0,0.11764705882352941
12.0,10.0,45.0,0.1,0.075,0.2,1.0,629.0,0.0,0.0,0.17170111287758347
12.0,10.0,46.0,0.1,0.075,0.2,1.0,629.0,0.0,0.0,0.17170111287758347
12.0,10.0,47.0,0.1,0.075,0.2,1.0,612.0,0.0,0.0,0.17320261437908496
12.0,10.0,48.0,0.1,0.075,0.2,1.0,601.0,0.0,0.0,0.17470881863560733
12.0,10.0,49.0,0.1,0.075,0.2,1.0,601.0,0.0,0.0,0.17470881863560733
12.0,10.0,50.0,0.1,0.075,0.2,1.0,600.0,0.0,0.0,0.175
12.0,10.0,51.0,0.1,0.075,0.2,1.0,599.0,0.0,0.0,0.17529215358931552
12.0,10.0,52.0,0.1,0.075,0.2,1.0,600.0,0.0,0.0,0.175
13.0,1.0,1.0,0.1,0.075,0.2,1.0,5131.0,52.0,9.0,0.10504774897680765
13.0,1.0,2.0,0.1,0.075,0.2,1.0,5103.0,61.0,24.0,0.10405643738977072
13.0,1.0,3.0,0.1,0.075,0.2,1.0,5038.0,85.0,41.0,0.10539896784438268
13.0,1.0,4.0,0.1,0.075,0.2,1.0,4985.0,118.0,44.0,0.10672016048144434
13.0,1.0,5.0,0.1,0.075,0.2,1.0,4946.0,158.0,46.0,0.10735948241002831
13.0,1.0,6.0,0.1,0.075,0.2,1.0,4782.0,170.0,62.0,0.10895023002927645
13.0,1.0,7.0,0.1,0.075,0.2,1.0,4678.0,218.0,83.0,0.11008978195810175
13.0,1.0,8.0,0.1,0.075,0.2,1.0,4556.0,286.0,100.0,0.10996488147497806
13.0,1.0,9.0,0.1,0.075,0.2,1.0,4367.0,281.0,103.0,0.11174719487062057
13.0,1.0,10.0,0.1,0.075,0.2,1.0,4262.0,301.0,136.0,0.11262318160488034
13.0,1.0,11.0,0.1,0.075,0.2,1.0,4079.0,303.0,137.0,0.11375337092424614
13.0,1.0,12.0,0.1,0.075,0.2,1.0,3981.0,320.0,145.0,0.11529766390354182
13.0,1.0,13.0,0.1,0.075,0.2,1.0,3806.0,329.0,139.0,0.11849710982658959
13.0,1.0,14.0,0.1,0.075,0.2,1.0,3670.0,333.0,137.0,0.12070844686648502
13.0,1.0,15.0,0.1,0.075,0.2,1.0,3567.0,331.0,151.0,0.12419400056069527
13.0,1.0,16.0,0.1,0.075,0.2,1.0,3449.0,331.0,158.0,0.1246738184981154
13.0,1.0,17.0,0.1,0.075,0.2,1.0,3362.0,344.0,180.0,0.12581796549672813
13.0,1.0,18.0,0.1,0.075,0.2,1.0,3262.0,350.0,161.0,0.12844880441446965
13.0,1.0,19.0,0.1,0.075,0.2,1.0,3150.0,330.0,147.0,0.13206349206349208
13.0,1.0,20.0,0.1,0.075,0.2,1.0,5762.0,305.0,151.0,0.07028809441166262
13.0,1.0,21.0,0.1,0.075,0.2,1.0,5410.0,403.0,149.0,0.07375231053604436
13.0,1.0,22.0,0.1,0.075,0.2,1.0,5063.0,465.0,166.0,0.07525182698005135
13.0,1.0,23.0,0.1,0.075,0.2,1.0,4837.0,505.0,187.0,0.07690717386810006
13.0,1.0,24.0,0.1,0.075,0.2,1.0,4480.0,521.0,207.0,0.08058035714285715
13.0,1.0,25.0,0.1,0.075,0.2,1.0,4267.0,552.0,231.0,0.08225919850011718
13.0,1.0,26.0,0.1,0.075,0.2,1.0,3957.0,551.0,237.0,0.08617639625979277
13.0,1.0,27.0,0.1,0.075,0.2,1.0,3644.0,544.0,265.0,0.0889132821075741
13.0,1.0,28.0,0.1,0.075,0.2,1.0,3406.0,535.0,249.0,0.09130945390487376
13.0,1.0,29.0,0.1,0.075,0.2,1.0,3171.0,525.0,262.0,0.09492273730684327
13.0,1.0,30.0,0.1,0.075,0.2,1.0,2982.0,507.0,239.0,0.09959758551307847
13.0,1.0,31.0,0.1,0.075,0.2,1.0,2828.0,477.0,226.0,0.10254596888260255
13.0,1.0,32.0,0.1,0.075,0.2,1.0,2673.0,459.0,217.0,0.10774410774410774
13.0,1.0,33.0,0.1,0.075,0.2,1.0,2512.0,440.0,214.0,0.11265923566878981
13.0,1.0,34.0,0.1,0.075,0.2,1.0,2391.0,437.0,217.0,0.11752404851526559
13.0,1.0,35.0,0.1,0.075,0.2,1.0,2196.0,386.0,179.0,0.122040072859745
13.0,1.0,36.0,0.1,0.075,0.2,1.0,2131.0,365.0,184.0,0.12763960581886438
13.0,1.0,37.0,0.1,0.075,0.2,1.0,1984.0,333.0,171.0,0.13155241935483872
13.0,1.0,38.0,0.1,0.075,0.2,1.0,1887.0,327.0,168.0,0.13513513513513514
13.0,1.0,39.0,0.1,0.075,0.2,1.0,1789.0,308.0,150.0,0.14086081609837897
13.0,1.0,40.0,0.1,0.075,0.2,1.0,1696.0,287.0,148.0,0.14504716981132076
13.0,1.0,41.0,0.1,0.075,0.2,1.0,1613.0,263.0,138.0,0.15375077495350278
13.0,1.0,42.0,0.1,0.075,0.2,1.0,1545.0,255.0,132.0,0.15922330097087378
13.0,1.0,43.0,0.1,0.075,0.2,1.0,1473.0,236.0,116.0,0.16564833672776647
13.0,1.0,44.0,0.1,0.075,0.2,1.0,1365.0,208.0,112.0,0.17655677655677657
13.0,1.0,45.0,0.1,0.075,0.2,1.0,1319.0,207.0,113.0,0.24260803639120546
13.0,1.0,46.0,0.1,0.075,0.2,1.0,1259.0,183.0,96.0,0.2494042891183479
13.0,1.0,47.0,0.1,0.075,0.2,1.0,1198.0,167.0,87.0,0.25626043405676124
13.0,1.0,48.0,0.1,0.075,0.2,1.0,1145.0,147.0,85.0,0.262882096069869
13.0,1.0,49.0,0.1,0.075,0.2,1.0,1112.0,154.0,89.0,0.26618705035971224
13.0,1.0,50.0,0.1,0.075,0.2,1.0,1066.0,136.0,84.0,0.27110694183864914
13.0,1.0,51.0,0.1,0.075,0.2,1.0,1031.0,124.0,69.0,0.27740058195926287
13.0,1.0,52.0,0.1,0.075,0.2,1.0,982.0,99.0,55.0,0.28411405295315684
13.0,2.0,1.0,0.1,0.075,0.2,1.0,955.0,88.0,52.0,0.2869109947643979
13.0,2.0,2.0,0.1,0.075,0.2,1.0,933.0,83.0,46.0,0.2947481243301179
13.0,2.0,3.0,0.1,0.075,0.2,1.0,913.0,84.0,42.0,0.29572836801752467
13.0,2.0,4.0,0.1,0.075,0.2,1.0,881.0,72.0,31.0,0.300794551645857
13.0,2.0,5.0,0.1,0.075,0.2,1.0,856.0,55.0,25.0,0.3072429906542056
13.0,2.0,6.0,0.1,0.075,0.2,1.0,835.0,46.0,28.0,0.31137724550898205
13.0,2.0,7.0,0.1,0.075,0.2,1.0,832.0,47.0,29.0,0.31009615384615385
13.0,2.0,8.0,0.1,0.075,0.2,1.0,815.0,43.0,27.0,0.3177914110429448
13.0,2.0,9.0,0.1,0.075,0.2,1.0,795.0,37.0,18.0,0.32075471698113206
13.0,2.0,10.0,0.1,0.075,0.2,1.0,781.0,34.0,17.0,0.3265044814340589
13.0,2.0,11.0,0.1,0.075,0.2,1.0,769.0,32.0,12.0,0.32639791937581275
13.0,2.0,12.0,0.1,0.075,0.2,1.0,757.0,34.0,13.0,0.3276089828269485
13.0,2.0,13.0,0.1,0.075,0.2,1.0,748.0,33.0,15.0,0.32754010695187163
13.0,2.0,14.0,0.1,0.075,0.2,1.0,740.0,37.0,22.0,0.32972972972972975
13.0,2.0,15.0,0.1,0.075,0.2,1.0,730.0,37.0,23.0,0.33287671232876714
13.0,2.0,16.0,0.1,0.075,0.2,1.0,723.0,33.0,21.0,0.334716459197787
13.0,2.0,17.0,0.1,0.075,0.2,1.0,708.0,29.0,13.0,0.3403954802259887
13.0,2.0,18.0,0.1,0.075,0.2,1.0,699.0,26.0,10.0,0.3447782546494993
13.0,2.0,19.0,0.1,0.075,0.2,1.0,676.0,24.0,13.0,0.34615384615384615
13.0,2.0,20.0,0.1,0.075,0.2,1.0,1269.0,23.0,17.0,0.18518518518518517
13.0,2.0,21.0,0.1,0.075,0.2,1.0,1250.0,30.0,19.0,0.1848
13.0,2.0,22.0,0.1,0.075,0.2,1.0,1199.0,31.0,13.0,0.1884904086738949
13.0,2.0,23.0,0.1,0.075,0.2,1.0,1161.0,34.0,8.0,0.1920757967269595
13.0,2.0,24.0,0.1,0.075,0.2,1.0,1160.0,33.0,14.0,0.1939655172413793
13.0,2.0,25.0,0.1,0.075,0.2,1.0,1121.0,34.0,17.0,0.1935771632471008
13.0,2.0,26.0,0.1,0.075,0.2,1.0,1106.0,34.0,24.0,0.19981916817359854
13.0,2.0,27.0,0.1,0.075,0.2,1.0,1086.0,28.0,18.0,0.1998158379373849
13.0,2.0,28.0,0.1,0.075,0.2,1.0,1046.0,22.0,14.0,0.2055449330783939
13.0,2.0,29.0,0.1,0.075,0.2,1.0,997.0,19.0,10.0,0.20260782347041123
13.0,2.0,30.0,0.1,0.075,0.2,1.0,992.0,19.0,9.0,0.20362903225806453
13.0,2.0,31.0,0.1,0.075,0.2,1.0,968.0,23.0,9.0,0.20351239669421486
13.0,2.0,32.0,0.1,0.075,0.2,1.0,958.0,22.0,9.0,0.20250521920668058
13.0,2.0,33.0,0.1,0.075,0.2,1.0,930.0,27.0,11.0,0.2010752688172043
13.0,2.0,34.0,0.1,0.075,0.2,1.0,936.0,33.0,12.0,0.202991452991453
13.0,2.0,35.0,0.1,0.075,0.2,1.0,896.0,31.0,12.0,0.20647321428571427
13.0,2.0,36.0,0.1,0.075,0.2,1.0,890.0,33.0,13.0,0.20561797752808988
13.0,2.0,37.0,0.1,0.075,0.2,1.0,873.0,37.0,14.0,0.20504009163802978
13.0,2.0,38.0,0.1,0.075,0.2,1.0,862.0,39.0,17.0,0.20765661252900233
13.0,2.0,39.0,0.1,0.075,0.2,1.0,851.0,38.0,22.0,0.2056404230317274
13.0,2.0,40.0,0.1,0.075,0.2,1.0,808.0,36.0,16.0,0.21163366336633663
13.0,2.0,41.0,0.1,0.075,0.2,1.0,792.0,32.0,15.0,0.21338383838383837
13.0,2.0,42.0,0.1,0.075,0.2,1.0,781.0,28.0,13.0,0.21638924455825864
13.0,2.0,43.0,0.1,0.075,0.2,1.0,770.0,31.0,17.0,0.21688311688311687
13.0,2.0,44.0,0.1,0.075,0.2,1.0,758.0,28.0,15.0,0.22031662269129287
13.0,2.0,45.0,0.1,0.075,0.2,1.0,741.0,25.0,14.0,0.27125506072874495
13.0,2.0,46.0,0.1,0.075,0.2,1.0,718.0,19.0,7.0,0.27019498607242337
13.0,2.0,47.0,0.1,0.075,0.2,1.0,695.0,23.0,9.0,0.2805755395683453
13.0,2.0,48.0,0.1,0.075,0.2,1.0,693.0,22.0,9.0,0.27705627705627706
13.0,2.0,49.0,0.1,0.075,0.2,1.0,671.0,22.0,14.0,0.28017883755588674
13.0,2.0,50.0,0.1,0.075,0.2,1.0,673.0,20.0,11.0,0.27786032689450224
13.0,2.0,51.0,0.1,0.075,0.2,1.0,663.0,23.0,10.0,0.277526395173454
13.0,2.0,52.0,0.1,0.075,0.2,1.0,659.0,18.0,6.0,0.27921092564491656
13.0,3.0,1.0,0.1,0.075,0.2,1.0,646.0,18.0,9.0,0.2848297213622291
13.0,3.0,2.0,0.1,0.075,0.2,1.0,644.0,20.0,11.0,0.281055900621118
13.0,3.0,3.0,0.1,0.075,0.2,1.0,636.0,19.0,10.0,0.28459119496855345
13.0,3.0,4.0,0.1,0.075,0.2,1.0,635.0,17.0,8.0,0.28503937007874014
13.0,3.0,5.0,0.1,0.075,0.2,1.0,623.0,15.0,9.0,0.28731942215088285
13.0,3.0,6.0,0.1,0.075,0.2,1.0,622.0,16.0,8.0,0.2861736334405145
13.0,3.0,7.0,0.1,0.075,0.2,1.0,610.0,15.0,5.0,0.28852459016393445
13.0,3.0,8.0,0.1,0.075,0.2,1.0,604.0,12.0,8.0,0.2847682119205298
13.0,3.0,9.0,0.1,0.075,0.2,1.0,596.0,14.0,8.0,0.28859060402684567
13.0,3.0,10.0,0.1,0.075,0.2,1.0,592.0,14.0,11.0,0.28716216216216217
13.0,3.0,11.0,0.1,0.075,0.2,1.0,576.0,10.0,7.0,0.2899305555555556
13.0,3.0,12.0,0.1,0.075,0.2,1.0,573.0,11.0,6.0,0.2844677137870855
13.0,3.0,13.0,0.1,0.075,0.2,1.0,566.0,11.0,4.0,0.2862190812720848
13.0,3.0,14.0,0.1,0.075,0.2,1.0,563.0,8.0,3.0,0.2877442273534636
13.0,3.0,15.0,0.1,0.075,0.2,1.0,542.0,9.0,6.0,0.2896678966789668
13.0,3.0,16.0,0.1,0.075,0.2,1.0,541.0,9.0,6.0,0.28835489833641403
13.0,3.0,17.0,0.1,0.075,0.2,1.0,535.0,10.0,5.0,0.2897196261682243
13.0,3.0,18.0,0.1,0.075,0.2,1.0,534.0,7.0,4.0,0.2902621722846442
13.0,3.0,19.0,0.1,0.075,0.2,1.0,527.0,8.0,4.0,0.2903225806451613
13.0,3.0,20.0,0.1,0.075,0.2,1.0,943.0,8.0,4.0,0.16118769883351008
13.0,3.0,21.0,0.1,0.075,0.2,1.0,919.0,9.0,3.0,0.1632208922742111
13.0,3.0,22.0,0.1,0.075,0.2,1.0,904.0,16.0,3.0,0.16039823008849557
13.0,3.0,23.0,0.1,0.075,0.2,1.0,891.0,17.0,8.0,0.16161616161616163
13.0,3.0,24.0,0.1,0.075,0.2,1.0,890.0,21.0,11.0,0.16292134831460675
13.0,3.0,25.0,0.1,0.075,0.2,1.0,868.0,25.0,13.0,0.16359447004608296
13.0,3.0,26.0,0.1,0.075,0.2,1.0,852.0,20.0,8.0,0.16549295774647887
13.0,3.0,27.0,0.1,0.075,0.2,1.0,819.0,9.0,6.0,0.16727716727716727
13.0,3.0,28.0,0.1,0.075,0.2,1.0,802.0,8.0,3.0,0.1658354114713217
13.0,3.0,29.0,0.1,0.075,0.2,1.0,795.0,8.0,2.0,0.16477987421383647
13.0,3.0,30.0,0.1,0.075,0.2,1.0,793.0,10.0,2.0,0.1664564943253468
13.0,3.0,31.0,0.1,0.075,0.2,1.0,780.0,10.0,4.0,0.16538461538461538
13.0,3.0,32.0,0.1,0.075,0.2,1.0,786.0,12.0,8.0,0.16412213740458015
13.0,3.0,33.0,0.1,0.075,0.2,1.0,756.0,8.0,5.0,0.1693121693121693
13.0,3.0,34.0,0.1,0.075,0.2,1.0,750.0,6.0,5.0,0.17066666666666666
13.0,3.0,35.0,0.1,0.075,0.2,1.0,732.0,4.0,3.0,0.17349726775956284
13.0,3.0,36.0,0.1,0.075,0.2,1.0,731.0,3.0,2.0,0.17236662106703146
13.0,3.0,37.0,0.1,0.075,0.2,1.0,712.0,3.0,0.0,0.17415730337078653
13.0,3.0,38.0,0.1,0.075,0.2,1.0,709.0,3.0,0.0,0.17348377997179126
13.0,3.0,39.0,0.1,0.075,0.2,1.0,700.0,3.0,2.0,0.17285714285714285
13.0,3.0,40.0,0.1,0.075,0.2,1.0,703.0,5.0,3.0,0.1721194879089616
13.0,3.0,41.0,0.1,0.075,0.2,1.0,694.0,6.0,3.0,0.17002881844380405
13.0,3.0,42.0,0.1,0.075,0.2,1.0,676.0,4.0,1.0,0.17307692307692307
13.0,3.0,43.0,0.1,0.075,0.2,1.0,638.0,3.0,0.0,0.17398119122257052
13.0,3.0,44.0,0.1,0.075,0.2,1.0,628.0,0.0,0.0,0.17038216560509553
13.0,3.0,45.0,0.1,0.075,0.2,1.0,622.0,3.0,1.0,0.22347266881028938
13.0,3.0,46.0,0.1,0.075,0.2,1.0,614.0,0.0,0.0,0.2247557003257329
13.0,3.0,47.0,0.1,0.075,0.2,1.0,609.0,6.0,3.0,0.22167487684729065
13.0,3.0,48.0,0.1,0.075,0.2,1.0,599.0,0.0,0.0,0.22203672787979967
13.0,3.0,49.0,0.1,0.075,0.2,1.0,583.0,2.0,1.0,0.22126929674099485
13.0,3.0,50.0,0.1,0.075,0.2,1.0,578.0,0.0,0.0,0.22145328719723184
13.0,3.0,51.0,0.1,0.075,0.2,1.0,571.0,2.0,1.0,0.21541155866900175
13.0,3.0,52.0,0.1,0.075,0.2,1.0,574.0,1.0,0.0,0.21951219512195122
13.0,4.0,1.0,0.1,0.075,0.2,1.0,566.0,1.0,0.0,0.21731448763250882
13.0,4.0,2.0,0.1,0.075,0.2,1.0,566.0,1.0,1.0,0.21731448763250882
13.0,4.0,3.0,0.1,0.075,0.2,1.0,556.0,2.0,1.0,0.21223021582733814
13.0,4.0,4.0,0.1,0.075,0.2,1.0,559.0,1.0,1.0,0.21645796064400716
13.0,4.0,5.0,0.1,0.075,0.2,1.0,548.0,0.0,0.0,0.20985401459854014
13.0,4.0,6.0,0.1,0.075,0.2,1.0,538.0,0.0,0.0,0.2174721189591078
13.0,4.0,7.0,0.1,0.075,0.2,1.0,525.0,0.0,0.0,0.20952380952380953
13.0,4.0,8.0,0.1,0.075,0.2,1.0,530.0,0.0,0.0,0.21509433962264152
13.0,4.0,9.0,0.1,0.075,0.2,1.0,520.0,0.0,0.0,0.20961538461538462
13.0,4.0,10.0,0.1,0.075,0.2,1.0,518.0,0.0,0.0,0.21235521235521235
13.0,4.0,11.0,0.1,0.075,0.2,1.0,513.0,0.0,0.0,0.2046783625730994
13.0,4.0,12.0,0.1,0.075,0.2,1.0,514.0,0.0,0.0,0.21206225680933852
13.0,4.0,13.0,0.1,0.075,0.2,1.0,508.0,0.0,0.0,0.2047244094488189
13.0,4.0,14.0,0.1,0.075,0.2,1.0,498.0,0.0,0.0,0.21285140562248997
13.0,4.0,15.0,0.1,0.075,0.2,1.0,489.0,0.0,0.0,0.20449897750511248
13.0,4.0,16.0,0.1,0.075,0.2,1.0,492.0,0.0,0.0,0.21138211382113822
13.0,4.0,17.0,0.1,0.075,0.2,1.0,486.0,0.0,0.0,0.2037037037037037
13.0,4.0,18.0,0.1,0.075,0.2,1.0,487.0,0.0,0.0,0.21149897330595482
13.0,4.0,19.0,0.1,0.075,0.2,1.0,484.0,0.0,0.0,0.20454545454545456
13.0,4.0,20.0,0.1,0.075,0.2,1.0,843.0,0.0,0.0,0.1221826809015421
13.0,4.0,21.0,0.1,0.075,0.2,1.0,828.0,0.0,0.0,0.11956521739130435
13.0,4.0,22.0,0.1,0.075,0.2,1.0,811.0,0.0,0.0,0.1220715166461159
13.0,4.0,23.0,0.1,0.075,0.2,1.0,784.0,0.0,0.0,0.11989795918367346
13.0,4.0,24.0,0.1,0.075,0.2,1.0,790.0,0.0,0.0,0.12278481012658228
13.0,4.0,25.0,0.1,0.075,0.2,1.0,774.0,0.0,0.0,0.1227390180878553
13.0,4.0,26.0,0.1,0.075,0.2,1.0,769.0,0.0,0.0,0.1235370611183355
13.0,4.0,27.0,0.1,0.075,0.2,1.0,734.0,0.0,0.0,0.1226158038147139
13.0,4.0,28.0,0.1,0.075,0.2,1.0,725.0,0.0,0.0,0.12551724137931033
13.0,4.0,29.0,0.1,0.075,0.2,1.0,717.0,0.0,0.0,0.12133891213389121
13.0,4.0,30.0,0.1,0.075,0.2,1.0,704.0,0.0,0.0,0.1278409090909091
13.0,4.0,31.0,0.1,0.075,0.2,1.0,677.0,0.0,0.0,0.1240768094534712
13.0,4.0,32.0,0.1,0.075,0.2,1.0,676.0,0.0,0.0,0.1257396449704142
13.0,4.0,33.0,0.1,0.075,0.2,1.0,672.0,0.0,0.0,0.12351190476190477
13.0,4.0,34.0,0.1,0.075,0.2,1.0,662.0,0.0,0.0,0.11933534743202417
13.0,4.0,35.0,0.1,0.075,0.2,1.0,644.0,0.0,0.0,0.11335403726708075
13.0,4.0,36.0,0.1,0.075,0.2,1.0,648.0,0.0,0.0,0.11574074074074074
13.0,4.0,37.0,0.1,0.075,0.2,1.0,633.0,0.0,0.0,0.11374407582938388
13.0,4.0,38.0,0.1,0.075,0.2,1.0,627.0,0.0,0.0,0.11802232854864433
13.0,4.0,39.0,0.1,0.075,0.2,1.0,620.0,0.0,0.0,0.11290322580645161
13.0,4.0,40.0,0.1,0.075,0.2,1.0,622.0,0.0,0.0,0.1157556270096463
13.0,4.0,41.0,0.1,0.075,0.2,1.0,615.0,0.0,0.0,0.11219512195121951
13.0,4.0,42.0,0.1,0.075,0.2,1.0,603.0,0.0,0.0,0.11608623548922056
13.0,4.0,43.0,0.1,0.075,0.2,1.0,592.0,0.0,0.0,0.11486486486486487
13.0,4.0,44.0,0.1,0.075,0.2,1.0,596.0,0.0,0.0,0.11577181208053691
13.0,4.0,45.0,0.1,0.075,0.2,1.0,586.0,0.0,0.0,0.17064846416382254
13.0,4.0,46.0,0.1,0.075,0.2,1.0,586.0,0.0,0.0,0.16723549488054607
13.0,4.0,47.0,0.1,0.075,0.2,1.0,582.0,0.0,0.0,0.16666666666666666
13.0,4.0,48.0,0.1,0.075,0.2,1.0,575.0,0.0,0.0,0.16521739130434782
13.0,4.0,49.0,0.1,0.075,0.2,1.0,565.0,0.0,0.0,0.16283185840707964
13.0,4.0,50.0,0.1,0.075,0.2,1.0,568.0,0.0,0.0,0.1637323943661972
13.0,4.0,51.0,0.1,0.075,0.2,1.0,561.0,0.0,0.0,0.1622103386809269
13.0,4.0,52.0,0.1,0.075,0.2,1.0,564.0,0.0,0.0,0.16489361702127658
13.0,5.0,1.0,0.1,0.075,0.2,1.0,560.0,0.0,0.0,0.16071428571428573
13.0,5.0,2.0,0.1,0.075,0.2,1.0,559.0,0.0,0.0,0.16457960644007155
13.0,5.0,3.0,0.1,0.075,0.2,1.0,556.0,0.0,0.0,0.16007194244604317
13.0,5.0,4.0,0.1,0.075,0.2,1.0,561.0,0.0,0.0,0.16399286987522282
13.0,5.0,5.0,0.1,0.075,0.2,1.0,554.0,0.0,0.0,0.16064981949458484
13.0,5.0,6.0,0.1,0.075,0.2,1.0,544.0,0.0,0.0,0.16544117647058823
13.0,5.0,7.0,0.1,0.075,0.2,1.0,523.0,0.0,0.0,0.16252390057361377
13.0,5.0,8.0,0.1,0.075,0.2,1.0,527.0,0.0,0.0,0.1650853889943074
13.0,5.0,9.0,0.1,0.075,0.2,1.0,518.0,0.0,0.0,0.16023166023166024
13.0,5.0,10.0,0.1,0.075,0.2,1.0,521.0,0.0,0.0,0.16122840690978887
13.0,5.0,11.0,0.1,0.075,0.2,1.0,513.0,0.0,0.0,0.15789473684210525
13.0,5.0,12.0,0.1,0.075,0.2,1.0,503.0,0.0,0.0,0.16302186878727634
13.0,5.0,13.0,0.1,0.075,0.2,1.0,483.0,0.0,0.0,0.16149068322981366
13.0,5.0,14.0,0.1,0.075,0.2,1.0,488.0,0.0,0.0,0.16598360655737704
13.0,5.0,15.0,0.1,0.075,0.2,1.0,482.0,0.0,0.0,0.16182572614107885
13.0,5.0,16.0,0.1,0.075,0.2,1.0,483.0,0.0,0.0,0.16356107660455488
13.0,5.0,17.0,0.1,0.075,0.2,1.0,476.0,0.0,0.0,0.15756302521008403
13.0,5.0,18.0,0.1,0.075,0.2,1.0,480.0,0.0,0.0,0.1625
13.0,5.0,19.0,0.1,0.075,0.2,1.0,473.0,0.0,0.0,0.15856236786469344
13.0,5.0,20.0,0.1,0.075,0.2,1.0,883.0,0.0,0.0,0.08720271800679502
13.0,5.0,21.0,0.1,0.075,0.2,1.0,812.0,0.0,0.0,0.08866995073891626
13.0,5.0,22.0,0.1,0.075,0.2,1.0,798.0,0.0,0.0,0.09147869674185463
13.0,5.0,23.0,0.1,0.075,0.2,1.0,773.0,0.0,0.0,0.09184993531694696
13.0,5.0,24.0,0.1,0.075,0.2,1.0,762.0,0.0,0.0,0.09055118110236221
13.0,5.0,25.0,0.1,0.075,0.2,1.0,747.0,0.0,0.0,0.09103078982597054
13.0,5.0,26.0,0.1,0.075,0.2,1.0,757.0,0.0,0.0,0.09114927344782034
13.0,5.0,27.0,0.1,0.075,0.2,1.0,708.0,0.0,0.0,0.09322033898305085
13.0,5.0,28.0,0.1,0.075,0.2,1.0,721.0,0.0,0.0,0.09292649098474341
13.0,5.0,29.0,0.1,0.075,0.2,1.0,708.0,0.0,0.0,0.09322033898305085
13.0,5.0,30.0,0.1,0.075,0.2,1.0,721.0,0.0,0.0,0.09431345353675451
13.0,5.0,31.0,0.1,0.075,0.2,1.0,691.0,0.0,0.0,0.09406657018813314
13.0,5.0,32.0,0.1,0.075,0.2,1.0,696.0,0.0,0.0,0.09626436781609195
13.0,5.0,33.0,0.1,0.075,0.2,1.0,685.0,0.0,0.0,0.0948905109489051
13.0,5.0,34.0,0.1,0.075,0.2,1.0,696.0,0.0,0.0,0.09626436781609195
13.0,5.0,35.0,0.1,0.075,0.2,1.0,680.0,0.0,0.0,0.09558823529411764
13.0,5.0,36.0,0.1,0.075,0.2,1.0,666.0,0.0,0.0,0.0960960960960961
13.0,5.0,37.0,0.1,0.075,0.2,1.0,653.0,0.0,0.0,0.09341500765696784
13.0,5.0,38.0,0.1,0.075,0.2,1.0,664.0,0.0,0.0,0.09487951807228916
13.0,5.0,39.0,0.1,0.075,0.2,1.0,651.0,0.0,0.0,0.09216589861751152
13.0,5.0,40.0,0.1,0.075,0.2,1.0,659.0,0.0,0.0,0.09408194233687406
13.0,5.0,41.0,0.1,0.075,0.2,1.0,646.0,0.0,0.0,0.08978328173374613
13.0,5.0,42.0,0.1,0.075,0.2,1.0,655.0,0.0,0.0,0.08854961832061069
13.0,5.0,43.0,0.1,0.075,0.2,1.0,633.0,0.0,0.0,0.08846761453396525
13.0,5.0,44.0,0.1,0.075,0.2,1.0,641.0,0.0,0.0,0.08892355694227769
13.0,5.0,45.0,0.1,0.075,0.2,1.0,631.0,0.0,0.0,0.1648177496038035
13.0,5.0,46.0,0.1,0.075,0.2,1.0,641.0,0.0,0.0,0.1622464898595944
13.0,5.0,47.0,0.1,0.075,0.2,1.0,618.0,0.0,0.0,0.1650485436893204
13.0,5.0,48.0,0.1,0.075,0.2,1.0,604.0,0.0,0.0,0.1605960264900662
13.0,5.0,49.0,0.1,0.075,0.2,1.0,593.0,0.0,0.0,0.163575042158516
13.0,5.0,50.0,0.1,0.075,0.2,1.0,601.0,0.0,0.0,0.15973377703826955
13.0,5.0,51.0,0.1,0.075,0.2,1.0,574.0,0.0,0.0,0.16550522648083624
13.0,5.0,52.0,0.1,0.075,0.2,1.0,583.0,0.0,0.0,0.16295025728987994
13.0,6.0,1.0,0.1,0.075,0.2,1.0,575.0,0.0,0.0,0.16521739130434782
13.0,6.0,2.0,0.1,0.075,0.2,1.0,557.0,0.0,0.0,0.1687612208258528
13.0,6.0,3.0,0.1,0.075,0.2,1.0,547.0,0.0,0.0,0.170018281535649
13.0,6.0,4.0,0.1,0.075,0.2,1.0,555.0,0.0,0.0,0.16756756756756758
13.0,6.0,5.0,0.1,0.075,0.2,1.0,547.0,0.0,0.0,0.170018281535649
13.0,6.0,6.0,0.1,0.075,0.2,1.0,554.0,0.0,0.0,0.16787003610108303
13.0,6.0,7.0,0.1,0.075,0.2,1.0,548.0,0.0,0.0,0.16970802919708028
13.0,6.0,8.0,0.1,0.075,0.2,1.0,554.0,0.0,0.0,0.16787003610108303
13.0,6.0,9.0,0.1,0.075,0.2,1.0,547.0,0.0,0.0,0.16819012797074953
13.0,6.0,10.0,0.1,0.075,0.2,1.0,547.0,0.0,0.0,0.170018281535649
13.0,6.0,11.0,0.1,0.075,0.2,1.0,543.0,0.0,0.0,0.1694290976058932
13.0,6.0,12.0,0.1,0.075,0.2,1.0,547.0,0.0,0.0,0.170018281535649
13.0,6.0,13.0,0.1,0.075,0.2,1.0,542.0,0.0,0.0,0.16974169741697417
13.0,6.0,14.0,0.1,0.075,0.2,1.0,546.0,0.0,0.0,0.17032967032967034
13.0,6.0,15.0,0.1,0.075,0.2,1.0,539.0,0.0,0.0,0.17068645640074212
13.0,6.0,16.0,0.1,0.075,0.2,1.0,544.0,0.0,0.0,0.17095588235294118
13.0,6.0,17.0,0.1,0.075,0.2,1.0,535.0,0.0,0.0,0.17196261682242991
13.0,6.0,18.0,0.1,0.075,0.2,1.0,543.0,0.0,0.0,0.1712707182320442
13.0,6.0,19.0,0.1,0.075,0.2,1.0,537.0,0.0,0.0,0.1713221601489758
13.0,6.0,20.0,0.1,0.075,0.2,1.0,997.0,0.0,0.0,0.09227683049147442
13.0,6.0,21.0,0.1,0.075,0.2,1.0,984.0,0.0,0.0,0.09146341463414634
13.0,6.0,22.0,0.1,0.075,0.2,1.0,955.0,0.0,0.0,0.09424083769633508
13.0,6.0,23.0,0.1,0.075,0.2,1.0,923.0,0.0,0.0,0.09642470205850487
13.0,6.0,24.0,0.1,0.075,0.2,1.0,899.0,0.0,0.0,0.09566184649610679
13.0,6.0,25.0,0.1,0.075,0.2,1.0,892.0,0.0,0.0,0.09641255605381166
13.0,6.0,26.0,0.1,0.075,0.2,1.0,850.0,0.0,0.0,0.09529411764705882
13.0,6.0,27.0,0.1,0.075,0.2,1.0,848.0,0.0,0.0,0.09551886792452831
13.0,6.0,28.0,0.1,0.075,0.2,1.0,837.0,0.0,0.0,0.0967741935483871
13.0,6.0,29.0,0.1,0.075,0.2,1.0,823.0,0.0,0.0,0.09842041312272175
13.0,6.0,30.0,0.1,0.075,0.2,1.0,813.0,0.0,0.0,0.09348093480934809
13.0,6.0,31.0,0.1,0.075,0.2,1.0,809.0,0.0,0.0,0.09270704573547589
13.0,6.0,32.0,0.1,0.075,0.2,1.0,813.0,0.0,0.0,0.09225092250922509
13.0,6.0,33.0,0.1,0.075,0.2,1.0,772.0,0.0,0.0,0.09326424870466321
13.0,6.0,34.0,0.1,0.075,0.2,1.0,776.0,0.0,0.0,0.09278350515463918
13.0,6.0,35.0,0.1,0.075,0.2,1.0,757.0,0.0,0.0,0.0964332892998679
13.0,6.0,36.0,0.1,0.075,0.2,1.0,763.0,0.0,0.0,0.09305373525557012
13.0,6.0,37.0,0.1,0.075,0.2,1.0,743.0,0.0,0.0,0.0955585464333782
13.0,6.0,38.0,0.1,0.075,0.2,1.0,744.0,0.0,0.0,0.09408602150537634
13.0,6.0,39.0,0.1,0.075,0.2,1.0,746.0,0.0,0.0,0.09517426273458444
13.0,6.0,40.0,0.1,0.075,0.2,1.0,719.0,0.0,0.0,0.09457579972183588
13.0,6.0,41.0,0.1,0.075,0.2,1.0,710.0,0.0,0.0,0.09718309859154929
13.0,6.0,42.0,0.1,0.075,0.2,1.0,706.0,0.0,0.0,0.09490084985835694
13.0,6.0,43.0,0.1,0.075,0.2,1.0,705.0,0.0,0.0,0.09645390070921986
13.0,6.0,44.0,0.1,0.075,0.2,1.0,702.0,0.0,0.0,0.09686609686609686
13.0,6.0,45.0,0.1,0.075,0.2,1.0,705.0,0.0,0.0,0.1900709219858156
13.0,6.0,46.0,0.1,0.075,0.2,1.0,677.0,0.0,0.0,0.19054652880354506
13.0,6.0,47.0,0.1,0.075,0.2,1.0,681.0,0.0,0.0,0.18795888399412627
13.0,6.0,48.0,0.1,0.075,0.2,1.0,671.0,0.0,0.0,0.18777943368107303
13.0,6.0,49.0,0.1,0.075,0.2,1.0,660.0,0.0,0.0,0.19242424242424241
13.0,6.0,50.0,0.1,0.075,0.2,1.0,627.0,0.0,0.0,0.19457735247208932
13.0,6.0,51.0,0.1,0.075,0.2,1.0,608.0,0.0,0.0,0.19572368421052633
13.0,6.0,52.0,0.1,0.075,0.2,1.0,597.0,0.0,0.0,0.19597989949748743
13.0,7.0,1.0,0.1,0.075,0.2,1.0,605.0,0.0,0.0,0.19504132231404958
13.0,7.0,2.0,0.1,0.075,0.2,1.0,591.0,0.0,0.0,0.19289340101522842
13.0,7.0,3.0,0.1,0.075,0.2,1.0,588.0,0.0,0.0,0.19727891156462585
13.0,7.0,4.0,0.1,0.075,0.2,1.0,566.0,0.0,0.0,0.196113074204947
13.0,7.0,5.0,0.1,0.075,0.2,1.0,576.0,0.0,0.0,0.19791666666666666
13.0,7.0,6.0,0.1,0.075,0.2,1.0,565.0,0.0,0.0,0.19646017699115045
13.0,7.0,7.0,0.1,0.075,0.2,1.0,574.0,0.0,0.0,0.1986062717770035
13.0,7.0,8.0,0.1,0.075,0.2,1.0,558.0,0.0,0.0,0.1989247311827957
13.0,7.0,9.0,0.1,0.075,0.2,1.0,567.0,0.0,0.0,0.20105820105820105
13.0,7.0,10.0,0.1,0.075,0.2,1.0,555.0,0.0,0.0,0.1963963963963964
13.0,7.0,11.0,0.1,0.075,0.2,1.0,562.0,0.0,0.0,0.199288256227758
13.0,7.0,12.0,0.1,0.075,0.2,1.0,552.0,0.0,0.0,0.19746376811594202
13.0,7.0,13.0,0.1,0.075,0.2,1.0,556.0,0.0,0.0,0.19784172661870503
13.0,7.0,14.0,0.1,0.075,0.2,1.0,547.0,0.0,0.0,0.1956124314442413
13.0,7.0,15.0,0.1,0.075,0.2,1.0,551.0,0.0,0.0,0.1996370235934664
13.0,7.0,16.0,0.1,0.075,0.2,1.0,545.0,0.0,0.0,0.1944954128440367
13.0,7.0,17.0,0.1,0.075,0.2,1.0,536.0,0.0,0.0,0.20149253731343283
13.0,7.0,18.0,0.1,0.075,0.2,1.0,532.0,0.0,0.0,0.19736842105263158
13.0,7.0,19.0,0.1,0.075,0.2,1.0,537.0,0.0,0.0,0.2011173184357542
13.0,7.0,20.0,0.1,0.075,0.2,1.0,961.0,0.0,0.0,0.10926118626430802
13.0,7.0,21.0,0.1,0.075,0.2,1.0,944.0,0.0,0.0,0.11228813559322035
13.0,7.0,22.0,0.1,0.075,0.2,1.0,903.0,0.0,0.0,0.11184939091915837
13.0,7.0,23.0,0.1,0.075,0.2,1.0,913.0,0.0,0.0,0.11391018619934283
13.0,7.0,24.0,0.1,0.075,0.2,1.0,892.0,0.0,0.0,0.1109865470852018
13.0,7.0,25.0,0.1,0.075,0.2,1.0,884.0,0.0,0.0,0.11199095022624435
13.0,7.0,26.0,0.1,0.075,0.2,1.0,849.0,0.0,0.0,0.1071849234393404
13.0,7.0,27.0,0.1,0.075,0.2,1.0,845.0,0.0,0.0,0.10887573964497041
13.0,7.0,28.0,0.1,0.075,0.2,1.0,831.0,0.0,0.0,0.10830324909747292
13.0,7.0,29.0,0.1,0.075,0.2,1.0,833.0,0.0,0.0,0.10804321728691477
13.0,7.0,30.0,0.1,0.075,0.2,1.0,807.0,0.0,0.0,0.10780669144981413
13.0,7.0,31.0,0.1,0.075,0.2,1.0,810.0,0.0,0.0,0.10617283950617284
13.0,7.0,32.0,0.1,0.075,0.2,1.0,791.0,0.0,0.0,0.10619469026548672
13.0,7.0,33.0,0.1,0.075,0.2,1.0,809.0,0.0,0.0,0.10630407911001236
13.0,7.0,34.0,0.1,0.075,0.2,1.0,793.0,0.0,0.0,0.10592686002522068
13.0,7.0,35.0,0.1,0.075,0.2,1.0,797.0,0.0,0.0,0.10414052697616061
13.0,7.0,36.0,0.1,0.075,0.2,1.0,761.0,0.0,0.0,0.1038107752956636
13.0,7.0,37.0,0.1,0.075,0.2,1.0,776.0,0.0,0.0,0.10438144329896908
13.0,7.0,38.0,0.1,0.075,0.2,1.0,755.0,0.0,0.0,0.10331125827814569
13.0,7.0,39.0,0.1,0.075,0.2,1.0,752.0,0.0,0.0,0.10638297872340426
13.0,7.0,40.0,0.1,0.075,0.2,1.0,743.0,0.0,0.0,0.10497981157469717
13.0,7.0,41.0,0.1,0.075,0.2,1.0,751.0,0.0,0.0,0.10652463382157124
13.0,7.0,42.0,0.1,0.075,0.2,1.0,743.0,0.0,0.0,0.10497981157469717
13.0,7.0,43.0,0.1,0.075,0.2,1.0,749.0,0.0,0.0,0.1068090787716956
13.0,7.0,44.0,0.1,0.075,0.2,1.0,733.0,0.0,0.0,0.10368349249658936
13.0,7.0,45.0,0.1,0.075,0.2,1.0,735.0,0.0,0.0,0.17414965986394557
13.0,7.0,46.0,0.1,0.075,0.2,1.0,731.0,0.0,0.0,0.17373461012311903
13.0,7.0,47.0,0.1,0.075,0.2,1.0,722.0,0.0,0.0,0.17590027700831026
13.0,7.0,48.0,0.1,0.075,0.2,1.0,701.0,0.0,0.0,0.1754636233951498
13.0,7.0,49.0,0.1,0.075,0.2,1.0,693.0,0.0,0.0,0.17604617604617603
13.0,7.0,50.0,0.1,0.075,0.2,1.0,691.0,0.0,0.0,0.17800289435600578
13.0,7.0,51.0,0.1,0.075,0.2,1.0,685.0,0.0,0.0,0.17664233576642335
13.0,7.0,52.0,0.1,0.075,0.2,1.0,676.0,0.0,0.0,0.17751479289940827
13.0,8.0,1.0,0.1,0.075,0.2,1.0,681.0,0.0,0.0,0.1762114537444934
13.0,8.0,2.0,0.1,0.075,0.2,1.0,673.0,0.0,0.0,0.17830609212481427
13.0,8.0,3.0,0.1,0.075,0.2,1.0,676.0,0.0,0.0,0.17751479289940827
13.0,8.0,4.0,0.1,0.075,0.2,1.0,657.0,0.0,0.0,0.1796042617960426
13.0,8.0,5.0,0.1,0.075,0.2,1.0,660.0,0.0,0.0,0.1803030303030303
13.0,8.0,6.0,0.1,0.075,0.2,1.0,656.0,0.0,0.0,0.1798780487804878
13.0,8.0,7.0,0.1,0.075,0.2,1.0,660.0,0.0,0.0,0.1803030303030303
13.0,8.0,8.0,0.1,0.075,0.2,1.0,651.0,0.0,0.0,0.18125960061443933
13.0,8.0,9.0,0.1,0.075,0.2,1.0,651.0,0.0,0.0,0.1827956989247312
13.0,8.0,10.0,0.1,0.075,0.2,1.0,634.0,0.0,0.0,0.1829652996845426
13.0,8.0,11.0,0.1,0.075,0.2,1.0,631.0,0.0,0.0,0.1838351822503962
13.0,8.0,12.0,0.1,0.075,0.2,1.0,628.0,0.0,0.0,0.18312101910828024
13.0,8.0,13.0,0.1,0.075,0.2,1.0,628.0,0.0,0.0,0.18471337579617833
13.0,8.0,14.0,0.1,0.075,0.2,1.0,625.0,0.0,0.0,0.184
13.0,8.0,15.0,0.1,0.075,0.2,1.0,624.0,0.0,0.0,0.1858974358974359
13.0,8.0,16.0,0.1,0.075,0.2,1.0,623.0,0.0,0.0,0.18459069020866772
13.0,8.0,17.0,0.1,0.075,0.2,1.0,622.0,0.0,0.0,0.18488745980707397
13.0,8.0,18.0,0.1,0.075,0.2,1.0,608.0,0.0,0.0,0.18421052631578946
13.0,8.0,19.0,0.1,0.075,0.2,1.0,608.0,0.0,0.0,0.18585526315789475
13.0,8.0,20.0,0.1,0.075,0.2,1.0,1091.0,0.0,0.0,0.10265811182401467
13.0,8.0,21.0,0.1,0.075,0.2,1.0,1053.0,0.0,0.0,0.10541310541310542
13.0,8.0,22.0,0.1,0.075,0.2,1.0,1017.0,0.0,0.0,0.10521140609636184
13.0,8.0,23.0,0.1,0.075,0.2,1.0,981.0,0.0,0.0,0.109072375127421
13.0,8.0,24.0,0.1,0.075,0.2,1.0,944.0,0.0,0.0,0.11228813559322035
13.0,8.0,25.0,0.1,0.075,0.2,1.0,935.0,0.0,0.0,0.11336898395721925
13.0,8.0,26.0,0.1,0.075,0.2,1.0,921.0,0.0,0.0,0.11400651465798045
13.0,8.0,27.0,0.1,0.075,0.2,1.0,924.0,0.0,0.0,0.11363636363636363
13.0,8.0,28.0,0.1,0.075,0.2,1.0,922.0,0.0,0.0,0.113882863340564
13.0,8.0,29.0,0.1,0.075,0.2,1.0,913.0,0.0,0.0,0.11391018619934283
13.0,8.0,30.0,0.1,0.075,0.2,1.0,897.0,0.0,0.0,0.11259754738015608
13.0,8.0,31.0,0.1,0.075,0.2,1.0,862.0,0.0,0.0,0.11600928074245939
13.0,8.0,32.0,0.1,0.075,0.2,1.0,845.0,0.0,0.0,0.11834319526627218
13.0,8.0,33.0,0.1,0.075,0.2,1.0,836.0,0.0,0.0,0.11961722488038277
13.0,8.0,34.0,0.1,0.075,0.2,1.0,820.0,0.0,0.0,0.12195121951219512
13.0,8.0,35.0,0.1,0.075,0.2,1.0,810.0,0.0,0.0,0.12222222222222222
13.0,8.0,36.0,0.1,0.075,0.2,1.0,778.0,0.0,0.0,0.12467866323907455
13.0,8.0,37.0,0.1,0.075,0.2,1.0,757.0,0.0,0.0,0.12549537648612946
13.0,8.0,38.0,0.1,0.075,0.2,1.0,755.0,0.0,0.0,0.12582781456953643
13.0,8.0,39.0,0.1,0.075,0.2,1.0,743.0,0.0,0.0,0.1278600269179004
13.0,8.0,40.0,0.1,0.075,0.2,1.0,730.0,0.0,0.0,0.13013698630136986
13.0,8.0,41.0,0.1,0.075,0.2,1.0,731.0,0.0,0.0,0.12995896032831739
13.0,8.0,42.0,0.1,0.075,0.2,1.0,730.0,0.0,0.0,0.13013698630136986
13.0,8.0,43.0,0.1,0.075,0.2,1.0,731.0,0.0,0.0,0.12995896032831739
13.0,8.0,44.0,0.1,0.075,0.2,1.0,730.0,0.0,0.0,0.13013698630136986
13.0,8.0,45.0,0.1,0.075,0.2,1.0,732.0,0.0,0.0,0.2062841530054645
13.0,8.0,46.0,0.1,0.075,0.2,1.0,730.0,0.0,0.0,0.2095890410958904
13.0,8.0,47.0,0.1,0.075,0.2,1.0,732.0,0.0,0.0,0.2062841530054645
13.0,8.0,48.0,0.1,0.075,0.2,1.0,730.0,0.0,0.0,0.2095890410958904
13.0,8.0,49.0,0.1,0.075,0.2,1.0,720.0,0.0,0.0,0.20972222222222223
13.0,8.0,50.0,0.1,0.075,0.2,1.0,717.0,0.0,0.0,0.21199442119944212
13.0,8.0,51.0,0.1,0.075,0.2,1.0,715.0,0.0,0.0,0.2111888111888112
13.0,8.0,52.0,0.1,0.075,0.2,1.0,715.0,0.0,0.0,0.213986013986014
13.0,9.0,1.0,0.1,0.075,0.2,1.0,713.0,0.0,0.0,0.21037868162692847
13.0,9.0,2.0,0.1,0.075,0.2,1.0,714.0,0.0,0.0,0.21288515406162464
13.0,9.0,3.0,0.1,0.075,0.2,1.0,714.0,0.0,0.0,0.211484593837535
13.0,9.0,4.0,0.1,0.075,0.2,1.0,714.0,0.0,0.0,0.21428571428571427
13.0,9.0,5.0,0.1,0.075,0.2,1.0,713.0,0.0,0.0,0.211781206171108
13.0,9.0,6.0,0.1,0.075,0.2,1.0,709.0,0.0,0.0,0.21297602256699577
13.0,9.0,7.0,0.1,0.075,0.2,1.0,712.0,0.0,0.0,0.21067415730337077
13.0,9.0,8.0,0.1,0.075,0.2,1.0,709.0,0.0,0.0,0.2143864598025388
13.0,9.0,9.0,0.1,0.075,0.2,1.0,708.0,0.0,0.0,0.211864406779661
13.0,9.0,10.0,0.1,0.075,0.2,1.0,703.0,0.0,0.0,0.21621621621621623
13.0,9.0,11.0,0.1,0.075,0.2,1.0,691.0,0.0,0.0,0.21128798842257598
13.0,9.0,12.0,0.1,0.075,0.2,1.0,685.0,0.0,0.0,0.2145985401459854
13.0,9.0,13.0,0.1,0.075,0.2,1.0,688.0,0.0,0.0,0.21220930232558138
13.0,9.0,14.0,0.1,0.075,0.2,1.0,674.0,0.0,0.0,0.21364985163204747
13.0,9.0,15.0,0.1,0.075,0.2,1.0,676.0,0.0,0.0,0.21153846153846154
13.0,9.0,16.0,0.1,0.075,0.2,1.0,674.0,0.0,0.0,0.21513353115727002
13.0,9.0,17.0,0.1,0.075,0.2,1.0,677.0,0.0,0.0,0.21122599704579026
13.0,9.0,18.0,0.1,0.075,0.2,1.0,675.0,0.0,0.0,0.21481481481481482
13.0,9.0,19.0,0.1,0.075,0.2,1.0,677.0,0.0,0.0,0.21122599704579026
13.0,9.0,20.0,0.1,0.075,0.2,1.0,1180.0,0.0,0.0,0.1152542372881356
13.0,9.0,21.0,0.1,0.075,0.2,1.0,1162.0,0.0,0.0,0.1153184165232358
13.0,9.0,22.0,0.1,0.075,0.2,1.0,1076.0,0.0,0.0,0.1171003717472119
13.0,9.0,23.0,0.1,0.075,0.2,1.0,1048.0,0.0,0.0,0.11545801526717557
13.0,9.0,24.0,0.1,0.075,0.2,1.0,1036.0,0.0,0.0,0.11776061776061776
13.0,9.0,25.0,0.1,0.075,0.2,1.0,1034.0,0.0,0.0,0.11605415860735009
13.0,9.0,26.0,0.1,0.075,0.2,1.0,997.0,0.0,0.0,0.119358074222668
13.0,9.0,27.0,0.1,0.075,0.2,1.0,984.0,0.0,0.0,0.11788617886178862
13.0,9.0,28.0,0.1,0.075,0.2,1.0,972.0,0.0,0.0,0.12037037037037036
13.0,9.0,29.0,0.1,0.075,0.2,1.0,973.0,0.0,0.0,0.11921891058581706
13.0,9.0,30.0,0.1,0.075,0.2,1.0,938.0,0.0,0.0,0.12260127931769722
13.0,9.0,31.0,0.1,0.075,0.2,1.0,950.0,0.0,0.0,0.12
13.0,9.0,32.0,0.1,0.075,0.2,1.0,912.0,0.0,0.0,0.125
13.0,9.0,33.0,0.1,0.075,0.2,1.0,923.0,0.0,0.0,0.12242686890574214
13.0,9.0,34.0,0.1,0.075,0.2,1.0,901.0,0.0,0.0,0.12541620421753608
13.0,9.0,35.0,0.1,0.075,0.2,1.0,900.0,0.0,0.0,0.12444444444444444
13.0,9.0,36.0,0.1,0.075,0.2,1.0,877.0,0.0,0.0,0.12998859749144812
13.0,9.0,37.0,0.1,0.075,0.2,1.0,889.0,0.0,0.0,0.12598425196850394
13.0,9.0,38.0,0.1,0.075,0.2,1.0,865.0,0.0,0.0,0.1283236994219653
13.0,9.0,39.0,0.1,0.075,0.2,1.0,862.0,0.0,0.0,0.12761020881670534
13.0,9.0,40.0,0.1,0.075,0.2,1.0,848.0,0.0,0.0,0.12971698113207547
13.0,9.0,41.0,0.1,0.075,0.2,1.0,846.0,0.0,0.0,0.13002364066193853
13.0,9.0,42.0,0.1,0.075,0.2,1.0,833.0,0.0,0.0,0.1332533013205282
13.0,9.0,43.0,0.1,0.075,0.2,1.0,832.0,0.0,0.0,0.1310096153846154
13.0,9.0,44.0,0.1,0.075,0.2,1.0,782.0,0.0,0.0,0.13682864450127877
13.0,9.0,45.0,0.1,0.075,0.2,1.0,795.0,0.0,0.0,0.18490566037735848
13.0,9.0,46.0,0.1,0.075,0.2,1.0,768.0,0.0,0.0,0.18880208333333334
13.0,9.0,47.0,0.1,0.075,0.2,1.0,778.0,0.0,0.0,0.18637532133676094
13.0,9.0,48.0,0.1,0.075,0.2,1.0,753.0,0.0,0.0,0.1899070385126162
13.0,9.0,49.0,0.1,0.075,0.2,1.0,764.0,0.0,0.0,0.18848167539267016
13.0,9.0,50.0,0.1,0.075,0.2,1.0,752.0,0.0,0.0,0.1901595744680851
13.0,9.0,51.0,0.1,0.075,0.2,1.0,756.0,0.0,0.0,0.19047619047619047
13.0,9.0,52.0,0.1,0.075,0.2,1.0,754.0,0.0,0.0,0.1909814323607427
13.0,10.0,1.0,0.1,0.075,0.2,1.0,757.0,0.0,0.0,0.190224570673712
13.0,10.0,2.0,0.1,0.075,0.2,1.0,755.0,0.0,0.0,0.19072847682119207
13.0,10.0,3.0,0.1,0.075,0.2,1.0,760.0,0.0,0.0,0.18947368421052632
13.0,10.0,4.0,0.1,0.075,0.2,1.0,754.0,0.0,0.0,0.1896551724137931
13.0,10.0,5.0,0.1,0.075,0.2,1.0,756.0,0.0,0.0,0.18915343915343916
13.0,10.0,6.0,0.1,0.075,0.2,1.0,751.0,0.0,0.0,0.1904127829560586
13.0,10.0,7.0,0.1,0.075,0.2,1.0,755.0,0.0,0.0,0.18940397350993377
13.0,10.0,8.0,0.1,0.075,0.2,1.0,746.0,0.0,0.0,0.19168900804289543
13.0,10.0,9.0,0.1,0.075,0.2,1.0,750.0,0.0,0.0,0.19066666666666668
13.0,10.0,10.0,0.1,0.075,0.2,1.0,743.0,0.0,0.0,0.19246298788694483
13.0,10.0,11.0,0.1,0.075,0.2,1.0,750.0,0.0,0.0,0.19066666666666668
13.0,10.0,12.0,0.1,0.075,0.2,1.0,743.0,0.0,0.0,0.19380888290713325
13.0,10.0,13.0,0.1,0.075,0.2,1.0,748.0,0.0,0.0,0.1925133689839572
13.0,10.0,14.0,0.1,0.075,0.2,1.0,740.0,0.0,0.0,0.1945945945945946
13.0,10.0,15.0,0.1,0.075,0.2,1.0,748.0,0.0,0.0,0.19117647058823528
13.0,10.0,16.0,0.1,0.075,0.2,1.0,741.0,0.0,0.0,0.19298245614035087
13.0,10.0,17.0,0.1,0.075,0.2,1.0,749.0,0.0,0.0,0.19225634178905207
13.0,10.0,18.0,0.1,0.075,0.2,1.0,741.0,0.0,0.0,0.19433198380566802
13.0,10.0,19.0,0.1,0.075,0.2,1.0,747.0,0.0,0.0,0.19143239625167335
13.0,10.0,20.0,0.1,0.075,0.2,1.0,1218.0,0.0,0.0,0.10755336617405582
13.0,10.0,21.0,0.1,0.075,0.2,1.0,1181.0,0.0,0.0,0.10753598645215919
13.0,10.0,22.0,0.1,0.075,0.2,1.0,1149.0,0.0,0.0,0.10966057441253264
13.0,10.0,23.0,0.1,0.075,0.2,1.0,1119.0,0.0,0.0,0.1063449508489723
13.0,10.0,24.0,0.1,0.075,0.2,1.0,1109.0,0.0,0.0,0.109107303877367
13.0,10.0,25.0,0.1,0.075,0.2,1.0,1075.0,0.0,0.0,0.10790697674418605
13.0,10.0,26.0,0.1,0.075,0.2,1.0,1076.0,0.0,0.0,0.11059479553903345
13.0,10.0,27.0,0.1,0.075,0.2,1.0,1056.0,0.0,0.0,0.10795454545454546
13.0,10.0,28.0,0.1,0.075,0.2,1.0,1050.0,0.0,0.0,0.11238095238095239
13.0,10.0,29.0,0.1,0.075,0.2,1.0,1055.0,0.0,0.0,0.10900473933649289
13.0,10.0,30.0,0.1,0.075,0.2,1.0,1027.0,0.0,0.0,0.11002921129503408
13.0,10.0,31.0,0.1,0.075,0.2,1.0,991.0,0.0,0.0,0.10898082744702321
13.0,10.0,32.0,0.1,0.075,0.2,1.0,966.0,0.0,0.0,0.11387163561076605
13.0,10.0,33.0,0.1,0.075,0.2,1.0,945.0,0.0,0.0,0.1111111111111111
13.0,10.0,34.0,0.1,0.075,0.2,1.0,945.0,0.0,0.0,0.11428571428571428
13.0,10.0,35.0,0.1,0.075,0.2,1.0,942.0,0.0,0.0,0.11146496815286625
13.0,10.0,36.0,0.1,0.075,0.2,1.0,934.0,0.0,0.0,0.1145610278372591
13.0,10.0,37.0,0.1,0.075,0.2,1.0,924.0,0.0,0.0,0.11147186147186147
13.0,10.0,38.0,0.1,0.075,0.2,1.0,907.0,0.0,0.0,0.11576626240352811
13.0,10.0,39.0,0.1,0.075,0.2,1.0,907.0,0.0,0.0,0.11245865490628446
13.0,10.0,40.0,0.1,0.075,0.2,1.0,897.0,0.0,0.0,0.11705685618729098
13.0,10.0,41.0,0.1,0.075,0.2,1.0,881.0,0.0,0.0,0.11237230419977298
13.0,10.0,42.0,0.1,0.075,0.2,1.0,885.0,0.0,0.0,0.11638418079096045
13.0,10.0,43.0,0.1,0.075,0.2,1.0,886.0,0.0,0.0,0.11286681715575621
13.0,10.0,44.0,0.1,0.075,0.2,1.0,879.0,0.0,0.0,0.11604095563139932
13.0,10.0,45.0,0.1,0.075,0.2,1.0,871.0,0.0,0.0,0.1756601607347876
13.0,10.0,46.0,0.1,0.075,0.2,1.0,874.0,0.0,0.0,0.17734553775743708
13.0,10.0,47.0,0.1,0.075,0.2,1.0,864.0,0.0,0.0,0.17476851851851852
13.0,10.0,48.0,0.1,0.075,0.2,1.0,863.0,0.0,0.0,0.1772885283893395
13.0,10.0,49.0,0.1,0.075,0.2,1.0,863.0,0.0,0.0,0.1749710312862109
13.0,10.0,50.0,0.1,0.075,0.2,1.0,858.0,0.0,0.0,0.17832167832167833
13.0,10.0,51.0,0.1,0.075,0.2,1.0,864.0,0.0,0.0,0.17476851851851852
13.0,10.0,52.0,0.1,0.075,0.2,1.0,857.0,0.0,0.0,0.17736289381563594
14.0,1.0,1.0,0.1,0.075,0.2,1.0,5271.0,49.0,6.0,0.1011193321950294
14.0,1.0,2.0,0.1,0.075,0.2,1.0,5230.0,60.0,19.0,0.10076481835564054
14.0,1.0,3.0,0.1,0.075,0.2,1.0,5150.0,76.0,30.0,0.10310679611650485
14.0,1.0,4.0,0.1,0.075,0.2,1.0,5036.0,91.0,37.0,0.10345512311358221
14.0,1.0,5.0,0.1,0.075,0.2,1.0,5107.0,122.0,45.0,0.10652046211082827
14.0,1.0,6.0,0.1,0.075,0.2,1.0,5001.0,170.0,46.0,0.10737852429514097
14.0,1.0,7.0,0.1,0.075,0.2,1.0,4837.0,210.0,64.0,0.10709117221418235
14.0,1.0,8.0,0.1,0.075,0.2,1.0,4726.0,250.0,73.0,0.10876005078290309
14.0,1.0,9.0,0.1,0.075,0.2,1.0,4648.0,297.0,110.0,0.10800344234079173
14.0,1.0,10.0,0.1,0.075,0.2,1.0,4445.0,337.0,134.0,0.11203599550056242
14.0,1.0,11.0,0.1,0.075,0.2,1.0,4236.0,381.0,174.0,0.11118980169971672
14.0,1.0,12.0,0.1,0.075,0.2,1.0,4028.0,381.0,167.0,0.1156901688182721
14.0,1.0,13.0,0.1,0.075,0.2,1.0,3897.0,418.0,177.0,0.11573004875545291
14.0,1.0,14.0,0.1,0.075,0.2,1.0,3797.0,412.0,192.0,0.1193047142480906
14.0,1.0,15.0,0.1,0.075,0.2,1.0,3644.0,427.0,199.0,0.1207464324917673
14.0,1.0,16.0,0.1,0.075,0.2,1.0,3558.0,430.0,214.0,0.12366498032602585
14.0,1.0,17.0,0.1,0.075,0.2,1.0,3333.0,417.0,191.0,0.12391239123912391
14.0,1.0,18.0,0.1,0.075,0.2,1.0,3227.0,411.0,199.0,0.1282925317632476
14.0,1.0,19.0,0.1,0.075,0.2,1.0,3031.0,387.0,202.0,0.1276806334543055
14.0,1.0,20.0,0.1,0.075,0.2,1.0,5731.0,377.0,204.0,0.06874890943988833
14.0,1.0,21.0,0.1,0.075,0.2,1.0,5200.0,420.0,190.0,0.07211538461538461
14.0,1.0,22.0,0.1,0.075,0.2,1.0,4889.0,431.0,171.0,0.07322560850889752
14.0,1.0,23.0,0.1,0.075,0.2,1.0,4579.0,452.0,176.0,0.07709106791875955
14.0,1.0,24.0,0.1,0.075,0.2,1.0,4357.0,484.0,192.0,0.07872389258664218
14.0,1.0,25.0,0.1,0.075,0.2,1.0,4066.0,499.0,201.0,0.08263649778652238
14.0,1.0,26.0,0.1,0.075,0.2,1.0,3895.0,504.0,221.0,0.08369704749679076
14.0,1.0,27.0,0.1,0.075,0.2,1.0,3653.0,519.0,216.0,0.08869422392554065
14.0,1.0,28.0,0.1,0.075,0.2,1.0,3407.0,487.0,228.0,0.08981508658643968
14.0,1.0,29.0,0.1,0.075,0.2,1.0,3280.0,510.0,240.0,0.09329268292682927
14.0,1.0,30.0,0.1,0.075,0.2,1.0,3110.0,520.0,231.0,0.09646302250803858
14.0,1.0,31.0,0.1,0.075,0.2,1.0,2927.0,516.0,235.0,0.10112743423300308
14.0,1.0,32.0,0.1,0.075,0.2,1.0,2763.0,512.0,247.0,0.10495837857401376
14.0,1.0,33.0,0.1,0.075,0.2,1.0,2570.0,497.0,235.0,0.11011673151750972
14.0,1.0,34.0,0.1,0.075,0.2,1.0,2416.0,461.0,231.0,0.11548013245033113
14.0,1.0,35.0,0.1,0.075,0.2,1.0,2259.0,427.0,215.0,0.11996458610004426
14.0,1.0,36.0,0.1,0.075,0.2,1.0,2132.0,410.0,205.0,0.1275797373358349
14.0,1.0,37.0,0.1,0.075,0.2,1.0,1964.0,367.0,186.0,0.13594704684317718
14.0,1.0,38.0,0.1,0.075,0.2,1.0,1846.0,329.0,159.0,0.14084507042253522
14.0,1.0,39.0,0.1,0.075,0.2,1.0,1727.0,298.0,150.0,0.14997104806022005
14.0,1.0,40.0,0.1,0.075,0.2,1.0,1598.0,278.0,127.0,0.15519399249061328
14.0,1.0,41.0,0.1,0.075,0.2,1.0,1523.0,272.0,137.0,0.16414970453053185
14.0,1.0,42.0,0.1,0.075,0.2,1.0,1452.0,244.0,129.0,0.16666666666666666
14.0,1.0,43.0,0.1,0.075,0.2,1.0,1387.0,221.0,133.0,0.17519826964671953
14.0,1.0,44.0,0.1,0.075,0.2,1.0,1317.0,189.0,120.0,0.17995444191343962
14.0,1.0,45.0,0.1,0.075,0.2,1.0,1248.0,171.0,96.0,0.2548076923076923
14.0,1.0,46.0,0.1,0.075,0.2,1.0,1198.0,139.0,73.0,0.25542570951585974
14.0,1.0,47.0,0.1,0.075,0.2,1.0,1142.0,112.0,61.0,0.2670753064798599
14.0,1.0,48.0,0.1,0.075,0.2,1.0,1115.0,106.0,67.0,0.26547085201793724
14.0,1.0,49.0,0.1,0.075,0.2,1.0,1074.0,104.0,63.0,0.2746741154562384
14.0,1.0,50.0,0.1,0.075,0.2,1.0,1045.0,91.0,50.0,0.276555023923445
14.0,1.0,51.0,0.1,0.075,0.2,1.0,995.0,82.0,38.0,0.2834170854271357
14.0,1.0,52.0,0.1,0.075,0.2,1.0,987.0,71.0,39.0,0.2857142857142857
14.0,2.0,1.0,0.1,0.075,0.2,1.0,961.0,65.0,35.0,0.2892819979188345
14.0,2.0,2.0,0.1,0.075,0.2,1.0,948.0,59.0,34.0,0.29430379746835444
14.0,2.0,3.0,0.1,0.075,0.2,1.0,925.0,45.0,26.0,0.3005405405405405
14.0,2.0,4.0,0.1,0.075,0.2,1.0,916.0,41.0,22.0,0.30240174672489084
14.0,2.0,5.0,0.1,0.075,0.2,1.0,900.0,38.0,24.0,0.30777777777777776
14.0,2.0,6.0,0.1,0.075,0.2,1.0,887.0,31.0,18.0,0.30777903043968435
14.0,2.0,7.0,0.1,0.075,0.2,1.0,876.0,29.0,19.0,0.3093607305936073
14.0,2.0,8.0,0.1,0.075,0.2,1.0,862.0,23.0,11.0,0.30974477958236657
14.0,2.0,9.0,0.1,0.075,0.2,1.0,842.0,19.0,12.0,0.31353919239904987
14.0,2.0,10.0,0.1,0.075,0.2,1.0,838.0,16.0,8.0,0.3138424821002387
14.0,2.0,11.0,0.1,0.075,0.2,1.0,824.0,17.0,9.0,0.316747572815534
14.0,2.0,12.0,0.1,0.075,0.2,1.0,822.0,16.0,6.0,0.31873479318734793
14.0,2.0,13.0,0.1,0.075,0.2,1.0,805.0,18.0,6.0,0.31801242236024846
14.0,2.0,14.0,0.1,0.075,0.2,1.0,806.0,17.0,8.0,0.3188585607940447
14.0,2.0,15.0,0.1,0.075,0.2,1.0,790.0,18.0,11.0,0.32151898734177214
14.0,2.0,16.0,0.1,0.075,0.2,1.0,795.0,20.0,9.0,0.32075471698113206
14.0,2.0,17.0,0.1,0.075,0.2,1.0,776.0,17.0,9.0,0.32603092783505155
14.0,2.0,18.0,0.1,0.075,0.2,1.0,776.0,14.0,8.0,0.3247422680412371
14.0,2.0,19.0,0.1,0.075,0.2,1.0,752.0,15.0,11.0,0.3271276595744681
14.0,2.0,20.0,0.1,0.075,0.2,1.0,1376.0,13.0,8.0,0.1824127906976744
14.0,2.0,21.0,0.1,0.075,0.2,1.0,1289.0,12.0,5.0,0.186966640806827
14.0,2.0,22.0,0.1,0.075,0.2,1.0,1308.0,10.0,4.0,0.18654434250764526
14.0,2.0,23.0,0.1,0.075,0.2,1.0,1268.0,9.0,3.0,0.18454258675078863
14.0,2.0,24.0,0.1,0.075,0.2,1.0,1275.0,10.0,4.0,0.18352941176470589
14.0,2.0,25.0,0.1,0.075,0.2,1.0,1228.0,8.0,4.0,0.18729641693811075
14.0,2.0,26.0,0.1,0.075,0.2,1.0,1206.0,9.0,4.0,0.18822553897180763
14.0,2.0,27.0,0.1,0.075,0.2,1.0,1194.0,8.0,4.0,0.18592964824120603
14.0,2.0,28.0,0.1,0.075,0.2,1.0,1181.0,4.0,3.0,0.18628281117696868
14.0,2.0,29.0,0.1,0.075,0.2,1.0,1168.0,5.0,4.0,0.1857876712328767
14.0,2.0,30.0,0.1,0.075,0.2,1.0,1157.0,7.0,3.0,0.18409680207433016
14.0,2.0,31.0,0.1,0.075,0.2,1.0,1142.0,6.0,1.0,0.1830122591943958
14.0,2.0,32.0,0.1,0.075,0.2,1.0,1100.0,6.0,1.0,0.1890909090909091
14.0,2.0,33.0,0.1,0.075,0.2,1.0,1079.0,6.0,2.0,0.19091751621872105
14.0,2.0,34.0,0.1,0.075,0.2,1.0,1058.0,9.0,5.0,0.1899810964083176
14.0,2.0,35.0,0.1,0.075,0.2,1.0,1044.0,11.0,3.0,0.19157088122605365
14.0,2.0,36.0,0.1,0.075,0.2,1.0,1021.0,11.0,3.0,0.1909892262487757
14.0,2.0,37.0,0.1,0.075,0.2,1.0,997.0,10.0,2.0,0.19358074222668004
14.0,2.0,38.0,0.1,0.075,0.2,1.0,990.0,10.0,5.0,0.19090909090909092
14.0,2.0,39.0,0.1,0.075,0.2,1.0,988.0,13.0,6.0,0.19331983805668015
14.0,2.0,40.0,0.1,0.075,0.2,1.0,955.0,10.0,6.0,0.193717277486911
14.0,2.0,41.0,0.1,0.075,0.2,1.0,941.0,9.0,5.0,0.19341126461211477
14.0,2.0,42.0,0.1,0.075,0.2,1.0,919.0,9.0,4.0,0.191512513601741
14.0,2.0,43.0,0.1,0.075,0.2,1.0,898.0,12.0,3.0,0.18819599109131402
14.0,2.0,44.0,0.1,0.075,0.2,1.0,896.0,10.0,3.0,0.18526785714285715
14.0,2.0,45.0,0.1,0.075,0.2,1.0,862.0,11.0,4.0,0.2482598607888631
14.0,2.0,46.0,0.1,0.075,0.2,1.0,855.0,10.0,4.0,0.2432748538011696
14.0,2.0,47.0,0.1,0.075,0.2,1.0,835.0,10.0,6.0,0.2467065868263473
14.0,2.0,48.0,0.1,0.075,0.2,1.0,837.0,14.0,7.0,0.24372759856630824
14.0,2.0,49.0,0.1,0.075,0.2,1.0,816.0,14.0,8.0,0.24877450980392157
14.0,2.0,50.0,0.1,0.075,0.2,1.0,813.0,12.0,5.0,0.24723247232472326
14.0,2.0,51.0,0.1,0.075,0.2,1.0,784.0,12.0,4.0,0.25
14.0,2.0,52.0,0.1,0.075,0.2,1.0,781.0,11.0,6.0,0.2471190781049936
14.0,3.0,1.0,0.1,0.075,0.2,1.0,770.0,15.0,7.0,0.2532467532467532
14.0,3.0,2.0,0.1,0.075,0.2,1.0,770.0,17.0,11.0,0.24805194805194805
14.0,3.0,3.0,0.1,0.075,0.2,1.0,746.0,14.0,7.0,0.2479892761394102
14.0,3.0,4.0,0.1,0.075,0.2,1.0,746.0,14.0,7.0,0.2453083109919571
14.0,3.0,5.0,0.1,0.075,0.2,1.0,734.0,10.0,5.0,0.24795640326975477
14.0,3.0,6.0,0.1,0.075,0.2,1.0,725.0,12.0,5.0,0.24413793103448275
14.0,3.0,7.0,0.1,0.075,0.2,1.0,730.0,14.0,5.0,0.25068493150684934
14.0,3.0,8.0,0.1,0.075,0.2,1.0,716.0,14.0,6.0,0.24860335195530725
14.0,3.0,9.0,0.1,0.075,0.2,1.0,710.0,14.0,10.0,0.2535211267605634
14.0,3.0,10.0,0.1,0.075,0.2,1.0,697.0,14.0,10.0,0.25107604017216645
14.0,3.0,11.0,0.1,0.075,0.2,1.0,694.0,17.0,9.0,0.2564841498559078
14.0,3.0,12.0,0.1,0.075,0.2,1.0,667.0,15.0,5.0,0.25487256371814093
14.0,3.0,13.0,0.1,0.075,0.2,1.0,666.0,15.0,4.0,0.25975975975975973
14.0,3.0,14.0,0.1,0.075,0.2,1.0,650.0,14.0,3.0,0.2569230769230769
14.0,3.0,15.0,0.1,0.075,0.2,1.0,652.0,13.0,6.0,0.2607361963190184
14.0,3.0,16.0,0.1,0.075,0.2,1.0,645.0,12.0,6.0,0.25426356589147286
14.0,3.0,17.0,0.1,0.075,0.2,1.0,647.0,15.0,8.0,0.2596599690880989
14.0,3.0,18.0,0.1,0.075,0.2,1.0,636.0,14.0,5.0,0.2578616352201258
14.0,3.0,19.0,0.1,0.075,0.2,1.0,638.0,12.0,7.0,0.2617554858934169
14.0,3.0,20.0,0.1,0.075,0.2,1.0,1195.0,15.0,4.0,0.13556485355648534
14.0,3.0,21.0,0.1,0.075,0.2,1.0,1172.0,20.0,6.0,0.13907849829351535
14.0,3.0,22.0,0.1,0.075,0.2,1.0,1149.0,20.0,6.0,0.13489991296779807
14.0,3.0,23.0,0.1,0.075,0.2,1.0,1133.0,20.0,11.0,0.13945278022947927
14.0,3.0,24.0,0.1,0.075,0.2,1.0,1093.0,20.0,8.0,0.13357731015553523
14.0,3.0,25.0,0.1,0.075,0.2,1.0,1066.0,22.0,11.0,0.1378986866791745
14.0,3.0,26.0,0.1,0.075,0.2,1.0,1037.0,20.0,11.0,0.1369334619093539
14.0,3.0,27.0,0.1,0.075,0.2,1.0,1032.0,24.0,9.0,0.1385658914728682
14.0,3.0,28.0,0.1,0.075,0.2,1.0,1005.0,18.0,8.0,0.1373134328358209
14.0,3.0,29.0,0.1,0.075,0.2,1.0,992.0,14.0,6.0,0.13911290322580644
14.0,3.0,30.0,0.1,0.075,0.2,1.0,955.0,16.0,8.0,0.13926701570680627
14.0,3.0,31.0,0.1,0.075,0.2,1.0,921.0,14.0,7.0,0.14006514657980457
14.0,3.0,32.0,0.1,0.075,0.2,1.0,919.0,14.0,7.0,0.13928182807399347
14.0,3.0,33.0,0.1,0.075,0.2,1.0,879.0,11.0,7.0,0.14334470989761092
14.0,3.0,34.0,0.1,0.075,0.2,1.0,849.0,9.0,7.0,0.14605418138987045
14.0,3.0,35.0,0.1,0.075,0.2,1.0,853.0,10.0,6.0,0.14302461899179367
14.0,3.0,36.0,0.1,0.075,0.2,1.0,837.0,8.0,4.0,0.14575866188769415
14.0,3.0,37.0,0.1,0.075,0.2,1.0,812.0,8.0,4.0,0.14655172413793102
14.0,3.0,38.0,0.1,0.075,0.2,1.0,808.0,9.0,4.0,0.14356435643564355
14.0,3.0,39.0,0.1,0.075,0.2,1.0,783.0,9.0,4.0,0.14814814814814814
14.0,3.0,40.0,0.1,0.075,0.2,1.0,782.0,5.0,1.0,0.1432225063938619
14.0,3.0,41.0,0.1,0.075,0.2,1.0,761.0,8.0,4.0,0.14060446780551905
14.0,3.0,42.0,0.1,0.075,0.2,1.0,772.0,7.0,3.0,0.13989637305699482
14.0,3.0,43.0,0.1,0.075,0.2,1.0,740.0,8.0,5.0,0.13918918918918918
14.0,3.0,44.0,0.1,0.075,0.2,1.0,738.0,12.0,5.0,0.13821138211382114
14.0,3.0,45.0,0.1,0.075,0.2,1.0,725.0,13.0,6.0,0.20551724137931035
14.0,3.0,46.0,0.1,0.075,0.2,1.0,711.0,13.0,4.0,0.2011251758087201
14.0,3.0,47.0,0.1,0.075,0.2,1.0,700.0,12.0,8.0,0.20285714285714285
14.0,3.0,48.0,0.1,0.075,0.2,1.0,688.0,9.0,6.0,0.20348837209302326
14.0,3.0,49.0,0.1,0.075,0.2,1.0,661.0,9.0,5.0,0.2102874432677761
14.0,3.0,50.0,0.1,0.075,0.2,1.0,667.0,5.0,3.0,0.20389805097451275
14.0,3.0,51.0,0.1,0.075,0.2,1.0,649.0,5.0,3.0,0.20801232665639446
14.0,3.0,52.0,0.1,0.075,0.2,1.0,654.0,5.0,4.0,0.20336391437308868
14.0,4.0,1.0,0.1,0.075,0.2,1.0,639.0,5.0,2.0,0.20970266040688576
14.0,4.0,2.0,0.1,0.075,0.2,1.0,627.0,3.0,1.0,0.2025518341307815
14.0,4.0,3.0,0.1,0.075,0.2,1.0,617.0,5.0,2.0,0.21231766612641814
14.0,4.0,4.0,0.1,0.075,0.2,1.0,623.0,5.0,3.0,0.20224719101123595
14.0,4.0,5.0,0.1,0.075,0.2,1.0,594.0,4.0,4.0,0.2053872053872054
14.0,4.0,6.0,0.1,0.075,0.2,1.0,596.0,4.0,3.0,0.19798657718120805
14.0,4.0,7.0,0.1,0.075,0.2,1.0,588.0,3.0,2.0,0.20748299319727892
14.0,4.0,8.0,0.1,0.075,0.2,1.0,581.0,1.0,0.0,0.20481927710843373
14.0,4.0,9.0,0.1,0.075,0.2,1.0,570.0,1.0,0.0,0.20877192982456141
14.0,4.0,10.0,0.1,0.075,0.2,1.0,566.0,0.0,0.0,0.20141342756183744
14.0,4.0,11.0,0.1,0.075,0.2,1.0,562.0,3.0,1.0,0.20818505338078291
14.0,4.0,12.0,0.1,0.075,0.2,1.0,549.0,0.0,0.0,0.2058287795992714
14.0,4.0,13.0,0.1,0.075,0.2,1.0,543.0,3.0,1.0,0.20626151012891344
14.0,4.0,14.0,0.1,0.075,0.2,1.0,542.0,0.0,0.0,0.2066420664206642
14.0,4.0,15.0,0.1,0.075,0.2,1.0,539.0,3.0,0.0,0.20593692022263452
14.0,4.0,16.0,0.1,0.075,0.2,1.0,534.0,0.0,0.0,0.20411985018726592
14.0,4.0,17.0,0.1,0.075,0.2,1.0,532.0,4.0,2.0,0.20488721804511278
14.0,4.0,18.0,0.1,0.075,0.2,1.0,534.0,0.0,0.0,0.20224719101123595
14.0,4.0,19.0,0.1,0.075,0.2,1.0,528.0,3.0,2.0,0.20833333333333334
14.0,4.0,20.0,0.1,0.075,0.2,1.0,1022.0,0.0,0.0,0.10567514677103718
14.0,4.0,21.0,0.1,0.075,0.2,1.0,967.0,1.0,1.0,0.11271975180972078
14.0,4.0,22.0,0.1,0.075,0.2,1.0,975.0,0.0,0.0,0.10358974358974359
14.0,4.0,23.0,0.1,0.075,0.2,1.0,933.0,0.0,0.0,0.11039657020364416
14.0,4.0,24.0,0.1,0.075,0.2,1.0,909.0,0.0,0.0,0.10671067106710672
14.0,4.0,25.0,0.1,0.075,0.2,1.0,896.0,0.0,0.0,0.10825892857142858
14.0,4.0,26.0,0.1,0.075,0.2,1.0,874.0,0.0,0.0,0.10640732265446225
14.0,4.0,27.0,0.1,0.075,0.2,1.0,864.0,0.0,0.0,0.1087962962962963
14.0,4.0,28.0,0.1,0.075,0.2,1.0,779.0,0.0,0.0,0.10911424903722722
14.0,4.0,29.0,0.1,0.075,0.2,1.0,780.0,0.0,0.0,0.11025641025641025
14.0,4.0,30.0,0.1,0.075,0.2,1.0,764.0,0.0,0.0,0.1099476439790576
14.0,4.0,31.0,0.1,0.075,0.2,1.0,761.0,0.0,0.0,0.11038107752956636
14.0,4.0,32.0,0.1,0.075,0.2,1.0,746.0,0.0,0.0,0.1126005361930295
14.0,4.0,33.0,0.1,0.075,0.2,1.0,741.0,0.0,0.0,0.10931174089068826
14.0,4.0,34.0,0.1,0.075,0.2,1.0,734.0,0.0,0.0,0.11171662125340599
14.0,4.0,35.0,0.1,0.075,0.2,1.0,734.0,0.0,0.0,0.10762942779291552
14.0,4.0,36.0,0.1,0.075,0.2,1.0,725.0,0.0,0.0,0.1103448275862069
14.0,4.0,37.0,0.1,0.075,0.2,1.0,726.0,0.0,0.0,0.10606060606060606
14.0,4.0,38.0,0.1,0.075,0.2,1.0,718.0,0.0,0.0,0.10584958217270195
14.0,4.0,39.0,0.1,0.075,0.2,1.0,717.0,0.0,0.0,0.10181311018131102
14.0,4.0,40.0,0.1,0.075,0.2,1.0,698.0,0.0,0.0,0.10458452722063037
14.0,4.0,41.0,0.1,0.075,0.2,1.0,699.0,0.0,0.0,0.10157367668097282
14.0,4.0,42.0,0.1,0.075,0.2,1.0,687.0,0.0,0.0,0.10189228529839883
14.0,4.0,43.0,0.1,0.075,0.2,1.0,695.0,0.0,0.0,0.10215827338129496
14.0,4.0,44.0,0.1,0.075,0.2,1.0,681.0,0.0,0.0,0.09985315712187959
14.0,4.0,45.0,0.1,0.075,0.2,1.0,673.0,0.0,0.0,0.1649331352154532
14.0,4.0,46.0,0.1,0.075,0.2,1.0,648.0,0.0,0.0,0.16666666666666666
14.0,4.0,47.0,0.1,0.075,0.2,1.0,653.0,0.0,0.0,0.1638591117917305
14.0,4.0,48.0,0.1,0.075,0.2,1.0,645.0,0.0,0.0,0.16744186046511628
14.0,4.0,49.0,0.1,0.075,0.2,1.0,635.0,0.0,0.0,0.15905511811023623
14.0,4.0,50.0,0.1,0.075,0.2,1.0,636.0,0.0,0.0,0.16352201257861634
14.0,4.0,51.0,0.1,0.075,0.2,1.0,630.0,0.0,0.0,0.15555555555555556
14.0,4.0,52.0,0.1,0.075,0.2,1.0,631.0,0.0,0.0,0.1600633914421553
14.0,5.0,1.0,0.1,0.075,0.2,1.0,628.0,0.0,0.0,0.15445859872611464
14.0,5.0,2.0,0.1,0.075,0.2,1.0,616.0,0.0,0.0,0.16233766233766234
14.0,5.0,3.0,0.1,0.075,0.2,1.0,613.0,0.0,0.0,0.1566068515497553
14.0,5.0,4.0,0.1,0.075,0.2,1.0,611.0,0.0,0.0,0.16039279869067102
14.0,5.0,5.0,0.1,0.075,0.2,1.0,593.0,0.0,0.0,0.1551433389544688
14.0,5.0,6.0,0.1,0.075,0.2,1.0,597.0,0.0,0.0,0.15912897822445563
14.0,5.0,7.0,0.1,0.075,0.2,1.0,592.0,0.0,0.0,0.1554054054054054
14.0,5.0,8.0,0.1,0.075,0.2,1.0,590.0,0.0,0.0,0.16101694915254236
14.0,5.0,9.0,0.1,0.075,0.2,1.0,577.0,0.0,0.0,0.1611785095320624
14.0,5.0,10.0,0.1,0.075,0.2,1.0,580.0,0.0,0.0,0.16034482758620688
14.0,5.0,11.0,0.1,0.075,0.2,1.0,569.0,0.0,0.0,0.1616871704745167
14.0,5.0,12.0,0.1,0.075,0.2,1.0,548.0,0.0,0.0,0.1624087591240876
14.0,5.0,13.0,0.1,0.075,0.2,1.0,541.0,0.0,0.0,0.1645101663585952
14.0,5.0,14.0,0.1,0.075,0.2,1.0,545.0,0.0,0.0,0.163302752293578
14.0,5.0,15.0,0.1,0.075,0.2,1.0,537.0,0.0,0.0,0.1601489757914339
14.0,5.0,16.0,0.1,0.075,0.2,1.0,544.0,0.0,0.0,0.1636029411764706
14.0,5.0,17.0,0.1,0.075,0.2,1.0,535.0,0.0,0.0,0.1588785046728972
14.0,5.0,18.0,0.1,0.075,0.2,1.0,541.0,0.0,0.0,0.16266173752310537
14.0,5.0,19.0,0.1,0.075,0.2,1.0,532.0,0.0,0.0,0.15977443609022557
14.0,5.0,20.0,0.1,0.075,0.2,1.0,1009.0,0.0,0.0,0.08721506442021804
14.0,5.0,21.0,0.1,0.075,0.2,1.0,947.0,0.0,0.0,0.0897571277719113
14.0,5.0,22.0,0.1,0.075,0.2,1.0,955.0,0.0,0.0,0.08795811518324607
14.0,5.0,23.0,0.1,0.075,0.2,1.0,913.0,0.0,0.0,0.0887185104052574
14.0,5.0,24.0,0.1,0.075,0.2,1.0,912.0,0.0,0.0,0.09210526315789473
14.0,5.0,25.0,0.1,0.075,0.2,1.0,839.0,0.0,0.0,0.09415971394517282
14.0,5.0,26.0,0.1,0.075,0.2,1.0,820.0,0.0,0.0,0.09390243902439024
14.0,5.0,27.0,0.1,0.075,0.2,1.0,747.0,0.0,0.0,0.09504685408299866
14.0,5.0,28.0,0.1,0.075,0.2,1.0,774.0,0.0,0.0,0.09431524547803617
14.0,5.0,29.0,0.1,0.075,0.2,1.0,725.0,0.0,0.0,0.09655172413793103
14.0,5.0,30.0,0.1,0.075,0.2,1.0,760.0,0.0,0.0,0.09473684210526316
14.0,5.0,31.0,0.1,0.075,0.2,1.0,692.0,0.0,0.0,0.09826589595375723
14.0,5.0,32.0,0.1,0.075,0.2,1.0,695.0,0.0,0.0,0.09784172661870504
14.0,5.0,33.0,0.1,0.075,0.2,1.0,648.0,0.0,0.0,0.10185185185185185
14.0,5.0,34.0,0.1,0.075,0.2,1.0,663.0,0.0,0.0,0.09954751131221719
14.0,5.0,35.0,0.1,0.075,0.2,1.0,631.0,0.0,0.0,0.10301109350237718
14.0,5.0,36.0,0.1,0.075,0.2,1.0,615.0,0.0,0.0,0.1073170731707317
14.0,5.0,37.0,0.1,0.075,0.2,1.0,609.0,0.0,0.0,0.10673234811165845
14.0,5.0,38.0,0.1,0.075,0.2,1.0,615.0,0.0,0.0,0.1073170731707317
14.0,5.0,39.0,0.1,0.075,0.2,1.0,606.0,0.0,0.0,0.10726072607260725
14.0,5.0,40.0,0.1,0.075,0.2,1.0,614.0,0.0,0.0,0.10749185667752444
14.0,5.0,41.0,0.1,0.075,0.2,1.0,608.0,0.0,0.0,0.1069078947368421
14.0,5.0,42.0,0.1,0.075,0.2,1.0,615.0,0.0,0.0,0.1073170731707317
14.0,5.0,43.0,0.1,0.075,0.2,1.0,606.0,0.0,0.0,0.10726072607260725
14.0,5.0,44.0,0.1,0.075,0.2,1.0,614.0,0.0,0.0,0.10749185667752444
14.0,5.0,45.0,0.1,0.075,0.2,1.0,607.0,0.0,0.0,0.1828665568369028
14.0,5.0,46.0,0.1,0.075,0.2,1.0,614.0,0.0,0.0,0.1791530944625407
14.0,5.0,47.0,0.1,0.075,0.2,1.0,594.0,0.0,0.0,0.18181818181818182
14.0,5.0,48.0,0.1,0.075,0.2,1.0,581.0,0.0,0.0,0.18072289156626506
14.0,5.0,49.0,0.1,0.075,0.2,1.0,594.0,0.0,0.0,0.18181818181818182
14.0,5.0,50.0,0.1,0.075,0.2,1.0,582.0,0.0,0.0,0.18041237113402062
14.0,5.0,51.0,0.1,0.075,0.2,1.0,591.0,0.0,0.0,0.18274111675126903
14.0,5.0,52.0,0.1,0.075,0.2,1.0,576.0,0.0,0.0,0.18229166666666666
14.0,6.0,1.0,0.1,0.075,0.2,1.0,587.0,0.0,0.0,0.18057921635434412
14.0,6.0,2.0,0.1,0.075,0.2,1.0,555.0,0.0,0.0,0.18198198198198198
14.0,6.0,3.0,0.1,0.075,0.2,1.0,572.0,0.0,0.0,0.18006993006993008
14.0,6.0,4.0,0.1,0.075,0.2,1.0,550.0,0.0,0.0,0.18
14.0,6.0,5.0,0.1,0.075,0.2,1.0,543.0,0.0,0.0,0.18232044198895028
14.0,6.0,6.0,0.1,0.075,0.2,1.0,525.0,0.0,0.0,0.17904761904761904
14.0,6.0,7.0,0.1,0.075,0.2,1.0,542.0,0.0,0.0,0.18081180811808117
14.0,6.0,8.0,0.1,0.075,0.2,1.0,520.0,0.0,0.0,0.18076923076923077
14.0,6.0,9.0,0.1,0.075,0.2,1.0,539.0,0.0,0.0,0.17996289424860853
14.0,6.0,10.0,0.1,0.075,0.2,1.0,510.0,0.0,0.0,0.18235294117647058
14.0,6.0,11.0,0.1,0.075,0.2,1.0,535.0,0.0,0.0,0.18130841121495328
14.0,6.0,12.0,0.1,0.075,0.2,1.0,507.0,0.0,0.0,0.1834319526627219
14.0,6.0,13.0,0.1,0.075,0.2,1.0,531.0,0.0,0.0,0.18267419962335216
14.0,6.0,14.0,0.1,0.075,0.2,1.0,506.0,0.0,0.0,0.18379446640316205
14.0,6.0,15.0,0.1,0.075,0.2,1.0,527.0,0.0,0.0,0.1840607210626186
14.0,6.0,16.0,0.1,0.075,0.2,1.0,501.0,0.0,0.0,0.18363273453093812
14.0,6.0,17.0,0.1,0.075,0.2,1.0,525.0,0.0,0.0,0.18285714285714286
14.0,6.0,18.0,0.1,0.075,0.2,1.0,502.0,0.0,0.0,0.18326693227091634
14.0,6.0,19.0,0.1,0.075,0.2,1.0,525.0,0.0,0.0,0.18285714285714286
14.0,6.0,20.0,0.1,0.075,0.2,1.0,932.0,0.0,0.0,0.09871244635193133
14.0,6.0,21.0,0.1,0.075,0.2,1.0,931.0,0.0,0.0,0.09989258861439312
14.0,6.0,22.0,0.1,0.075,0.2,1.0,896.0,0.0,0.0,0.09933035714285714
14.0,6.0,23.0,0.1,0.075,0.2,1.0,932.0,0.0,0.0,0.09978540772532189
14.0,6.0,24.0,0.1,0.075,0.2,1.0,880.0,0.0,0.0,0.1
14.0,6.0,25.0,0.1,0.075,0.2,1.0,892.0,0.0,0.0,0.10201793721973094
14.0,6.0,26.0,0.1,0.075,0.2,1.0,843.0,0.0,0.0,0.10083036773428232
14.0,6.0,27.0,0.1,0.075,0.2,1.0,857.0,0.0,0.0,0.10385064177362893
14.0,6.0,28.0,0.1,0.075,0.2,1.0,832.0,0.0,0.0,0.10096153846153846
14.0,6.0,29.0,0.1,0.075,0.2,1.0,841.0,0.0,0.0,0.10463733650416171
14.0,6.0,30.0,0.1,0.075,0.2,1.0,821.0,0.0,0.0,0.1023142509135201
14.0,6.0,31.0,0.1,0.075,0.2,1.0,810.0,0.0,0.0,0.10740740740740741
14.0,6.0,32.0,0.1,0.075,0.2,1.0,792.0,0.0,0.0,0.09974747474747475
14.0,6.0,33.0,0.1,0.075,0.2,1.0,784.0,0.0,0.0,0.10714285714285714
14.0,6.0,34.0,0.1,0.075,0.2,1.0,752.0,0.0,0.0,0.10505319148936171
14.0,6.0,35.0,0.1,0.075,0.2,1.0,735.0,0.0,0.0,0.11292517006802721
14.0,6.0,36.0,0.1,0.075,0.2,1.0,706.0,0.0,0.0,0.11048158640226628
14.0,6.0,37.0,0.1,0.075,0.2,1.0,723.0,0.0,0.0,0.11479944674965421
14.0,6.0,38.0,0.1,0.075,0.2,1.0,696.0,0.0,0.0,0.11206896551724138
14.0,6.0,39.0,0.1,0.075,0.2,1.0,711.0,0.0,0.0,0.11673699015471167
14.0,6.0,40.0,0.1,0.075,0.2,1.0,682.0,0.0,0.0,0.11436950146627566
14.0,6.0,41.0,0.1,0.075,0.2,1.0,695.0,0.0,0.0,0.11798561151079137
14.0,6.0,42.0,0.1,0.075,0.2,1.0,681.0,0.0,0.0,0.1130690161527166
14.0,6.0,43.0,0.1,0.075,0.2,1.0,693.0,0.0,0.0,0.11688311688311688
14.0,6.0,44.0,0.1,0.075,0.2,1.0,667.0,0.0,0.0,0.11094452773613193
14.0,6.0,45.0,0.1,0.075,0.2,1.0,666.0,0.0,0.0,0.2042042042042042
14.0,6.0,46.0,0.1,0.075,0.2,1.0,660.0,0.0,0.0,0.1984848484848485
14.0,6.0,47.0,0.1,0.075,0.2,1.0,657.0,0.0,0.0,0.2054794520547945
14.0,6.0,48.0,0.1,0.075,0.2,1.0,658.0,0.0,0.0,0.19908814589665655
14.0,6.0,49.0,0.1,0.075,0.2,1.0,655.0,0.0,0.0,0.20305343511450383
14.0,6.0,50.0,0.1,0.075,0.2,1.0,654.0,0.0,0.0,0.20030581039755352
14.0,6.0,51.0,0.1,0.075,0.2,1.0,651.0,0.0,0.0,0.20583717357910905
14.0,6.0,52.0,0.1,0.075,0.2,1.0,648.0,0.0,0.0,0.19598765432098766
14.0,7.0,1.0,0.1,0.075,0.2,1.0,636.0,0.0,0.0,0.20125786163522014
14.0,7.0,2.0,0.1,0.075,0.2,1.0,636.0,0.0,0.0,0.1949685534591195
14.0,7.0,3.0,0.1,0.075,0.2,1.0,633.0,0.0,0.0,0.20063191153238547
14.0,7.0,4.0,0.1,0.075,0.2,1.0,624.0,0.0,0.0,0.1955128205128205
14.0,7.0,5.0,0.1,0.075,0.2,1.0,622.0,0.0,0.0,0.20257234726688103
14.0,7.0,6.0,0.1,0.075,0.2,1.0,610.0,0.0,0.0,0.19672131147540983
14.0,7.0,7.0,0.1,0.075,0.2,1.0,609.0,0.0,0.0,0.20361247947454844
14.0,7.0,8.0,0.1,0.075,0.2,1.0,608.0,0.0,0.0,0.19736842105263158
14.0,7.0,9.0,0.1,0.075,0.2,1.0,609.0,0.0,0.0,0.20361247947454844
14.0,7.0,10.0,0.1,0.075,0.2,1.0,602.0,0.0,0.0,0.2009966777408638
14.0,7.0,11.0,0.1,0.075,0.2,1.0,601.0,0.0,0.0,0.20133111480865223
14.0,7.0,12.0,0.1,0.075,0.2,1.0,599.0,0.0,0.0,0.1986644407345576
14.0,7.0,13.0,0.1,0.075,0.2,1.0,596.0,0.0,0.0,0.20134228187919462
14.0,7.0,14.0,0.1,0.075,0.2,1.0,594.0,0.0,0.0,0.20033670033670034
14.0,7.0,15.0,0.1,0.075,0.2,1.0,592.0,0.0,0.0,0.20270270270270271
14.0,7.0,16.0,0.1,0.075,0.2,1.0,594.0,0.0,0.0,0.19865319865319866
14.0,7.0,17.0,0.1,0.075,0.2,1.0,590.0,0.0,0.0,0.2033898305084746
14.0,7.0,18.0,0.1,0.075,0.2,1.0,589.0,0.0,0.0,0.1969439728353141
14.0,7.0,19.0,0.1,0.075,0.2,1.0,592.0,0.0,0.0,0.20439189189189189
14.0,7.0,20.0,0.1,0.075,0.2,1.0,1153.0,0.0,0.0,0.1023417172593235
14.0,7.0,21.0,0.1,0.075,0.2,1.0,1136.0,0.0,0.0,0.10651408450704225
14.0,7.0,22.0,0.1,0.075,0.2,1.0,1116.0,0.0,0.0,0.10215053763440861
14.0,7.0,23.0,0.1,0.075,0.2,1.0,1082.0,0.0,0.0,0.10813308687615526
14.0,7.0,24.0,0.1,0.075,0.2,1.0,1076.0,0.0,0.0,0.10408921933085502
14.0,7.0,25.0,0.1,0.075,0.2,1.0,1062.0,0.0,0.0,0.10922787193973635
14.0,7.0,26.0,0.1,0.075,0.2,1.0,1026.0,0.0,0.0,0.10428849902534112
14.0,7.0,27.0,0.1,0.075,0.2,1.0,1011.0,0.0,0.0,0.11177052423343224
14.0,7.0,28.0,0.1,0.075,0.2,1.0,1013.0,0.0,0.0,0.10562685093780849
14.0,7.0,29.0,0.1,0.075,0.2,1.0,1009.0,0.0,0.0,0.11199207135777998
14.0,7.0,30.0,0.1,0.075,0.2,1.0,1001.0,0.0,0.0,0.10789210789210789
14.0,7.0,31.0,0.1,0.075,0.2,1.0,977.0,0.0,0.0,0.11361310133060389
14.0,7.0,32.0,0.1,0.075,0.2,1.0,953.0,0.0,0.0,0.10598111227701994
14.0,7.0,33.0,0.1,0.075,0.2,1.0,959.0,0.0,0.0,0.1105318039624609
14.0,7.0,34.0,0.1,0.075,0.2,1.0,922.0,0.0,0.0,0.10845986984815618
14.0,7.0,35.0,0.1,0.075,0.2,1.0,902.0,0.0,0.0,0.11529933481152993
14.0,7.0,36.0,0.1,0.075,0.2,1.0,883.0,0.0,0.0,0.10985277463193659
14.0,7.0,37.0,0.1,0.075,0.2,1.0,876.0,0.0,0.0,0.11529680365296803
14.0,7.0,38.0,0.1,0.075,0.2,1.0,842.0,0.0,0.0,0.11282660332541568
14.0,7.0,39.0,0.1,0.075,0.2,1.0,849.0,0.0,0.0,0.11896348645465253
14.0,7.0,40.0,0.1,0.075,0.2,1.0,830.0,0.0,0.0,0.1144578313253012
14.0,7.0,41.0,0.1,0.075,0.2,1.0,812.0,0.0,0.0,0.11945812807881774
14.0,7.0,42.0,0.1,0.075,0.2,1.0,784.0,0.0,0.0,0.11352040816326531
14.0,7.0,43.0,0.1,0.075,0.2,1.0,789.0,0.0,0.0,0.11660329531051965
14.0,7.0,44.0,0.1,0.075,0.2,1.0,785.0,0.0,0.0,0.11337579617834395
14.0,7.0,45.0,0.1,0.075,0.2,1.0,783.0,0.0,0.0,0.17624521072796934
14.0,7.0,46.0,0.1,0.075,0.2,1.0,754.0,0.0,0.0,0.17506631299734748
14.0,7.0,47.0,0.1,0.075,0.2,1.0,748.0,0.0,0.0,0.17914438502673796
14.0,7.0,48.0,0.1,0.075,0.2,1.0,737.0,0.0,0.0,0.17774762550881953
14.0,7.0,49.0,0.1,0.075,0.2,1.0,745.0,0.0,0.0,0.17852348993288591
14.0,7.0,50.0,0.1,0.075,0.2,1.0,735.0,0.0,0.0,0.1782312925170068
14.0,7.0,51.0,0.1,0.075,0.2,1.0,745.0,0.0,0.0,0.17852348993288591
14.0,7.0,52.0,0.1,0.075,0.2,1.0,731.0,0.0,0.0,0.17647058823529413
14.0,8.0,1.0,0.1,0.075,0.2,1.0,743.0,0.0,0.0,0.17765814266487215
14.0,8.0,2.0,0.1,0.075,0.2,1.0,731.0,0.0,0.0,0.17647058823529413
14.0,8.0,3.0,0.1,0.075,0.2,1.0,722.0,0.0,0.0,0.1772853185595568
14.0,8.0,4.0,0.1,0.075,0.2,1.0,715.0,0.0,0.0,0.17342657342657342
14.0,8.0,5.0,0.1,0.075,0.2,1.0,709.0,0.0,0.0,0.1763046544428773
14.0,8.0,6.0,0.1,0.075,0.2,1.0,716.0,0.0,0.0,0.17318435754189945
14.0,8.0,7.0,0.1,0.075,0.2,1.0,698.0,0.0,0.0,0.17765042979942694
14.0,8.0,8.0,0.1,0.075,0.2,1.0,700.0,0.0,0.0,0.1742857142857143
14.0,8.0,9.0,0.1,0.075,0.2,1.0,693.0,0.0,0.0,0.17893217893217894
14.0,8.0,10.0,0.1,0.075,0.2,1.0,682.0,0.0,0.0,0.1774193548387097
14.0,8.0,11.0,0.1,0.075,0.2,1.0,685.0,0.0,0.0,0.17956204379562044
14.0,8.0,12.0,0.1,0.075,0.2,1.0,680.0,0.0,0.0,0.17794117647058824
14.0,8.0,13.0,0.1,0.075,0.2,1.0,680.0,0.0,0.0,0.18088235294117647
14.0,8.0,14.0,0.1,0.075,0.2,1.0,677.0,0.0,0.0,0.17872968980797638
14.0,8.0,15.0,0.1,0.075,0.2,1.0,679.0,0.0,0.0,0.18114874815905743
14.0,8.0,16.0,0.1,0.075,0.2,1.0,676.0,0.0,0.0,0.17899408284023668
14.0,8.0,17.0,0.1,0.075,0.2,1.0,676.0,0.0,0.0,0.1819526627218935
14.0,8.0,18.0,0.1,0.075,0.2,1.0,673.0,0.0,0.0,0.17979197622585438
14.0,8.0,19.0,0.1,0.075,0.2,1.0,673.0,0.0,0.0,0.1827637444279346
14.0,8.0,20.0,0.1,0.075,0.2,1.0,1226.0,0.0,0.0,0.09869494290375204
14.0,8.0,21.0,0.1,0.075,0.2,1.0,1182.0,0.0,0.0,0.09983079526226735
14.0,8.0,22.0,0.1,0.075,0.2,1.0,1169.0,0.0,0.0,0.09923011120615911
14.0,8.0,23.0,0.1,0.075,0.2,1.0,1131.0,0.0,0.0,0.09902740937223696
14.0,8.0,24.0,0.1,0.075,0.2,1.0,1133.0,0.0,0.0,0.0970873786407767
14.0,8.0,25.0,0.1,0.075,0.2,1.0,1129.0,0.0,0.0,0.09920283436669619
14.0,8.0,26.0,0.1,0.075,0.2,1.0,1109.0,0.0,0.0,0.09558160504959423
14.0,8.0,27.0,0.1,0.075,0.2,1.0,1087.0,0.0,0.0,0.0984360625574977
14.0,8.0,28.0,0.1,0.075,0.2,1.0,1082.0,0.0,0.0,0.09611829944547134
14.0,8.0,29.0,0.1,0.075,0.2,1.0,1055.0,0.0,0.0,0.0995260663507109
14.0,8.0,30.0,0.1,0.075,0.2,1.0,1044.0,0.0,0.0,0.09865900383141762
14.0,8.0,31.0,0.1,0.075,0.2,1.0,1050.0,0.0,0.0,0.1
14.0,8.0,32.0,0.1,0.075,0.2,1.0,1001.0,0.0,0.0,0.1008991008991009
14.0,8.0,33.0,0.1,0.075,0.2,1.0,967.0,0.0,0.0,0.10548086866597725
14.0,8.0,34.0,0.1,0.075,0.2,1.0,962.0,0.0,0.0,0.10291060291060292
14.0,8.0,35.0,0.1,0.075,0.2,1.0,966.0,0.0,0.0,0.10559006211180125
14.0,8.0,36.0,0.1,0.075,0.2,1.0,914.0,0.0,0.0,0.1050328227571116
14.0,8.0,37.0,0.1,0.075,0.2,1.0,919.0,0.0,0.0,0.10772578890097932
14.0,8.0,38.0,0.1,0.075,0.2,1.0,888.0,0.0,0.0,0.10585585585585586
14.0,8.0,39.0,0.1,0.075,0.2,1.0,893.0,0.0,0.0,0.10862262038073908
14.0,8.0,40.0,0.1,0.075,0.2,1.0,888.0,0.0,0.0,0.10585585585585586
14.0,8.0,41.0,0.1,0.075,0.2,1.0,875.0,0.0,0.0,0.10971428571428571
14.0,8.0,42.0,0.1,0.075,0.2,1.0,875.0,0.0,0.0,0.10628571428571429
14.0,8.0,43.0,0.1,0.075,0.2,1.0,850.0,0.0,0.0,0.11058823529411765
14.0,8.0,44.0,0.1,0.075,0.2,1.0,865.0,0.0,0.0,0.10635838150289018
14.0,8.0,45.0,0.1,0.075,0.2,1.0,837.0,0.0,0.0,0.1768219832735962
14.0,8.0,46.0,0.1,0.075,0.2,1.0,840.0,0.0,0.0,0.17142857142857143
14.0,8.0,47.0,0.1,0.075,0.2,1.0,825.0,0.0,0.0,0.1781818181818182
14.0,8.0,48.0,0.1,0.075,0.2,1.0,828.0,0.0,0.0,0.17391304347826086
14.0,8.0,49.0,0.1,0.075,0.2,1.0,812.0,0.0,0.0,0.1810344827586207
14.0,8.0,50.0,0.1,0.075,0.2,1.0,822.0,0.0,0.0,0.17518248175182483
14.0,8.0,51.0,0.1,0.075,0.2,1.0,814.0,0.0,0.0,0.18058968058968058
14.0,8.0,52.0,0.1,0.075,0.2,1.0,818.0,0.0,0.0,0.17603911980440098
14.0,9.0,1.0,0.1,0.075,0.2,1.0,815.0,0.0,0.0,0.18036809815950922
14.0,9.0,2.0,0.1,0.075,0.2,1.0,820.0,0.0,0.0,0.17560975609756097
14.0,9.0,3.0,0.1,0.075,0.2,1.0,792.0,0.0,0.0,0.18055555555555555
14.0,9.0,4.0,0.1,0.075,0.2,1.0,799.0,0.0,0.0,0.17521902377972465
14.0,9.0,5.0,0.1,0.075,0.2,1.0,788.0,0.0,0.0,0.1814720812182741
14.0,9.0,6.0,0.1,0.075,0.2,1.0,784.0,0.0,0.0,0.17346938775510204
14.0,9.0,7.0,0.1,0.075,0.2,1.0,771.0,0.0,0.0,0.17898832684824903
14.0,9.0,8.0,0.1,0.075,0.2,1.0,780.0,0.0,0.0,0.17435897435897435
14.0,9.0,9.0,0.1,0.075,0.2,1.0,762.0,0.0,0.0,0.18110236220472442
14.0,9.0,10.0,0.1,0.075,0.2,1.0,767.0,0.0,0.0,0.1773142112125163
14.0,9.0,11.0,0.1,0.075,0.2,1.0,757.0,0.0,0.0,0.18229854689564068
14.0,9.0,12.0,0.1,0.075,0.2,1.0,763.0,0.0,0.0,0.1782437745740498
14.0,9.0,13.0,0.1,0.075,0.2,1.0,756.0,0.0,0.0,0.18253968253968253
14.0,9.0,14.0,0.1,0.075,0.2,1.0,761.0,0.0,0.0,0.17871222076215507
14.0,9.0,15.0,0.1,0.075,0.2,1.0,746.0,0.0,0.0,0.17828418230563003
14.0,9.0,16.0,0.1,0.075,0.2,1.0,752.0,0.0,0.0,0.17420212765957446
14.0,9.0,17.0,0.1,0.075,0.2,1.0,741.0,0.0,0.0,0.1794871794871795
14.0,9.0,18.0,0.1,0.075,0.2,1.0,750.0,0.0,0.0,0.17466666666666666
14.0,9.0,19.0,0.1,0.075,0.2,1.0,727.0,0.0,0.0,0.18019257221458046
14.0,9.0,20.0,0.1,0.075,0.2,1.0,1378.0,0.0,0.0,0.08853410740203194
14.0,9.0,21.0,0.1,0.075,0.2,1.0,1253.0,0.0,0.0,0.09018355945730247
14.0,9.0,22.0,0.1,0.075,0.2,1.0,1197.0,0.0,0.0,0.0885547201336675
14.0,9.0,23.0,0.1,0.075,0.2,1.0,1164.0,0.0,0.0,0.09106529209621993
14.0,9.0,24.0,0.1,0.075,0.2,1.0,1151.0,0.0,0.0,0.09122502172024327
14.0,9.0,25.0,0.1,0.075,0.2,1.0,1083.0,0.0,0.0,0.09141274238227147
14.0,9.0,26.0,0.1,0.075,0.2,1.0,1064.0,0.0,0.0,0.08834586466165413
14.0,9.0,27.0,0.1,0.075,0.2,1.0,1021.0,0.0,0.0,0.0920666013712047
14.0,9.0,28.0,0.1,0.075,0.2,1.0,980.0,0.0,0.0,0.09285714285714286
14.0,9.0,29.0,0.1,0.075,0.2,1.0,966.0,0.0,0.0,0.09523809523809523
14.0,9.0,30.0,0.1,0.075,0.2,1.0,949.0,0.0,0.0,0.09483667017913593
14.0,9.0,31.0,0.1,0.075,0.2,1.0,932.0,0.0,0.0,0.09871244635193133
14.0,9.0,32.0,0.1,0.075,0.2,1.0,894.0,0.0,0.0,0.10067114093959731
14.0,9.0,33.0,0.1,0.075,0.2,1.0,874.0,0.0,0.0,0.10411899313501144
14.0,9.0,34.0,0.1,0.075,0.2,1.0,830.0,0.0,0.0,0.10240963855421686
14.0,9.0,35.0,0.1,0.075,0.2,1.0,830.0,0.0,0.0,0.10481927710843374
14.0,9.0,36.0,0.1,0.075,0.2,1.0,829.0,0.0,0.0,0.10253317249698432
14.0,9.0,37.0,0.1,0.075,0.2,1.0,833.0,0.0,0.0,0.10444177671068428
14.0,9.0,38.0,0.1,0.075,0.2,1.0,815.0,0.0,0.0,0.10306748466257669
14.0,9.0,39.0,0.1,0.075,0.2,1.0,819.0,0.0,0.0,0.10500610500610501
14.0,9.0,40.0,0.1,0.075,0.2,1.0,816.0,0.0,0.0,0.10294117647058823
14.0,9.0,41.0,0.1,0.075,0.2,1.0,816.0,0.0,0.0,0.1053921568627451
14.0,9.0,42.0,0.1,0.075,0.2,1.0,820.0,0.0,0.0,0.1024390243902439
14.0,9.0,43.0,0.1,0.075,0.2,1.0,804.0,0.0,0.0,0.10696517412935323
14.0,9.0,44.0,0.1,0.075,0.2,1.0,809.0,0.0,0.0,0.103831891223733
14.0,9.0,45.0,0.1,0.075,0.2,1.0,803.0,0.0,0.0,0.17683686176836863
14.0,9.0,46.0,0.1,0.075,0.2,1.0,809.0,0.0,0.0,0.173053152039555
14.0,9.0,47.0,0.1,0.075,0.2,1.0,803.0,0.0,0.0,0.17683686176836863
14.0,9.0,48.0,0.1,0.075,0.2,1.0,810.0,0.0,0.0,0.1728395061728395
14.0,9.0,49.0,0.1,0.075,0.2,1.0,791.0,0.0,0.0,0.17572692793931732
14.0,9.0,50.0,0.1,0.075,0.2,1.0,795.0,0.0,0.0,0.1710691823899371
14.0,9.0,51.0,0.1,0.075,0.2,1.0,791.0,0.0,0.0,0.17572692793931732
14.0,9.0,52.0,0.1,0.075,0.2,1.0,788.0,0.0,0.0,0.17258883248730963
14.0,10.0,1.0,0.1,0.075,0.2,1.0,780.0,0.0,0.0,0.1782051282051282
14.0,10.0,2.0,0.1,0.075,0.2,1.0,759.0,0.0,0.0,0.17391304347826086
14.0,10.0,3.0,0.1,0.075,0.2,1.0,756.0,0.0,0.0,0.17857142857142858
14.0,10.0,4.0,0.1,0.075,0.2,1.0,756.0,0.0,0.0,0.1746031746031746
14.0,10.0,5.0,0.1,0.075,0.2,1.0,754.0,0.0,0.0,0.17904509283819628
14.0,10.0,6.0,0.1,0.075,0.2,1.0,756.0,0.0,0.0,0.1746031746031746
14.0,10.0,7.0,0.1,0.075,0.2,1.0,754.0,0.0,0.0,0.17904509283819628
14.0,10.0,8.0,0.1,0.075,0.2,1.0,753.0,0.0,0.0,0.1752988047808765
14.0,10.0,9.0,0.1,0.075,0.2,1.0,751.0,0.0,0.0,0.17842876165113183
14.0,10.0,10.0,0.1,0.075,0.2,1.0,751.0,0.0,0.0,0.17576564580559254
14.0,10.0,11.0,0.1,0.075,0.2,1.0,750.0,0.0,0.0,0.17866666666666667
14.0,10.0,12.0,0.1,0.075,0.2,1.0,745.0,0.0,0.0,0.17718120805369128
14.0,10.0,13.0,0.1,0.075,0.2,1.0,751.0,0.0,0.0,0.17842876165113183
14.0,10.0,14.0,0.1,0.075,0.2,1.0,745.0,0.0,0.0,0.17718120805369128
14.0,10.0,15.0,0.1,0.075,0.2,1.0,747.0,0.0,0.0,0.17938420348058903
14.0,10.0,16.0,0.1,0.075,0.2,1.0,744.0,0.0,0.0,0.1774193548387097
14.0,10.0,17.0,0.1,0.075,0.2,1.0,747.0,0.0,0.0,0.17938420348058903
14.0,10.0,18.0,0.1,0.075,0.2,1.0,742.0,0.0,0.0,0.1778975741239892
14.0,10.0,19.0,0.1,0.075,0.2,1.0,743.0,0.0,0.0,0.180349932705249
14.0,10.0,20.0,0.1,0.075,0.2,1.0,1352.0,0.0,0.0,0.09319526627218935
14.0,10.0,21.0,0.1,0.075,0.2,1.0,1274.0,0.0,0.0,0.09497645211930926
14.0,10.0,22.0,0.1,0.075,0.2,1.0,1250.0,0.0,0.0,0.0912
14.0,10.0,23.0,0.1,0.075,0.2,1.0,1213.0,0.0,0.0,0.09480626545754328
14.0,10.0,24.0,0.1,0.075,0.2,1.0,1195.0,0.0,0.0,0.09372384937238494
14.0,10.0,25.0,0.1,0.075,0.2,1.0,1168.0,0.0,0.0,0.0976027397260274
14.0,10.0,26.0,0.1,0.075,0.2,1.0,1163.0,0.0,0.0,0.09544282029234738
14.0,10.0,27.0,0.1,0.075,0.2,1.0,1113.0,0.0,0.0,0.09973045822102426
14.0,10.0,28.0,0.1,0.075,0.2,1.0,1109.0,0.0,0.0,0.09558160504959423
14.0,10.0,29.0,0.1,0.075,0.2,1.0,1078.0,0.0,0.0,0.09833024118738404
14.0,10.0,30.0,0.1,0.075,0.2,1.0,1058.0,0.0,0.0,0.09735349716446125
14.0,10.0,31.0,0.1,0.075,0.2,1.0,1027.0,0.0,0.0,0.10223953261927946
14.0,10.0,32.0,0.1,0.075,0.2,1.0,1025.0,0.0,0.0,0.09951219512195122
14.0,10.0,33.0,0.1,0.075,0.2,1.0,1007.0,0.0,0.0,0.1012909632571996
14.0,10.0,34.0,0.1,0.075,0.2,1.0,995.0,0.0,0.0,0.09949748743718594
14.0,10.0,35.0,0.1,0.075,0.2,1.0,947.0,0.0,0.0,0.10665258711721225
14.0,10.0,36.0,0.1,0.075,0.2,1.0,940.0,0.0,0.0,0.10425531914893617
14.0,10.0,37.0,0.1,0.075,0.2,1.0,929.0,0.0,0.0,0.1054897739504844
14.0,10.0,38.0,0.1,0.075,0.2,1.0,925.0,0.0,0.0,0.10378378378378378
14.0,10.0,39.0,0.1,0.075,0.2,1.0,926.0,0.0,0.0,0.10583153347732181
14.0,10.0,40.0,0.1,0.075,0.2,1.0,906.0,0.0,0.0,0.10596026490066225
14.0,10.0,41.0,0.1,0.075,0.2,1.0,916.0,0.0,0.0,0.10698689956331878
14.0,10.0,42.0,0.1,0.075,0.2,1.0,897.0,0.0,0.0,0.10590858416945373
14.0,10.0,43.0,0.1,0.075,0.2,1.0,895.0,0.0,0.0,0.10726256983240223
14.0,10.0,44.0,0.1,0.075,0.2,1.0,884.0,0.0,0.0,0.10633484162895927
14.0,10.0,45.0,0.1,0.075,0.2,1.0,894.0,0.0,0.0,0.16331096196868009
14.0,10.0,46.0,0.1,0.075,0.2,1.0,872.0,0.0,0.0,0.16399082568807338
14.0,10.0,47.0,0.1,0.075,0.2,1.0,882.0,0.0,0.0,0.1655328798185941
14.0,10.0,48.0,0.1,0.075,0.2,1.0,871.0,0.0,0.0,0.16417910447761194
14.0,10.0,49.0,0.1,0.075,0.2,1.0,882.0,0.0,0.0,0.1655328798185941
14.0,10.0,50.0,0.1,0.075,0.2,1.0,872.0,0.0,0.0,0.16399082568807338
14.0,10.0,51.0,0.1,0.075,0.2,1.0,883.0,0.0,0.0,0.16534541336353342
14.0,10.0,52.0,0.1,0.075,0.2,1.0,870.0,0.0,0.0,0.16436781609195403
15.0,1.0,1.0,0.1,0.075,0.2,1.0,5167.0,57.0,13.0,0.0950261273466228
15.0,1.0,2.0,0.1,0.075,0.2,1.0,5121.0,69.0,27.0,0.09548916227299356
15.0,1.0,3.0,0.1,0.075,0.2,1.0,5109.0,91.0,42.0,0.09590917987864553
15.0,1.0,4.0,0.1,0.075,0.2,1.0,5011.0,113.0,40.0,0.09858311714228697
15.0,1.0,5.0,0.1,0.075,0.2,1.0,5104.0,128.0,44.0,0.10148902821316615
15.0,1.0,6.0,0.1,0.075,0.2,1.0,4970.0,158.0,54.0,0.1
15.0,1.0,7.0,0.1,0.075,0.2,1.0,4884.0,189.0,68.0,0.10073710073710074
15.0,1.0,8.0,0.1,0.075,0.2,1.0,4741.0,219.0,75.0,0.10166631512339169
15.0,1.0,9.0,0.1,0.075,0.2,1.0,4579.0,248.0,87.0,0.10220572177331295
15.0,1.0,10.0,0.1,0.075,0.2,1.0,4335.0,263.0,107.0,0.10219146482122261
15.0,1.0,11.0,0.1,0.075,0.2,1.0,4220.0,290.0,123.0,0.10497630331753555
15.0,1.0,12.0,0.1,0.075,0.2,1.0,4029.0,296.0,144.0,0.10399602879126334
15.0,1.0,13.0,0.1,0.075,0.2,1.0,3921.0,317.0,150.0,0.1063504208110176
15.0,1.0,14.0,0.1,0.075,0.2,1.0,3790.0,342.0,164.0,0.10554089709762533
15.0,1.0,15.0,0.1,0.075,0.2,1.0,3673.0,348.0,161.0,0.10672474816226518
15.0,1.0,16.0,0.1,0.075,0.2,1.0,3568.0,369.0,181.0,0.10846412556053811
15.0,1.0,17.0,0.1,0.075,0.2,1.0,3471.0,373.0,183.0,0.11178334773840391
15.0,1.0,18.0,0.1,0.075,0.2,1.0,3304.0,374.0,171.0,0.11349878934624698
15.0,1.0,19.0,0.1,0.075,0.2,1.0,3175.0,328.0,155.0,0.11653543307086614
15.0,1.0,20.0,0.1,0.075,0.2,1.0,5767.0,315.0,165.0,0.06363794000346801
15.0,1.0,21.0,0.1,0.075,0.2,1.0,5414.0,375.0,162.0,0.06538603620243813
15.0,1.0,22.0,0.1,0.075,0.2,1.0,5141.0,430.0,157.0,0.06749659599299747
15.0,1.0,23.0,0.1,0.075,0.2,1.0,4851.0,446.0,165.0,0.06823335394763966
15.0,1.0,24.0,0.1,0.075,0.2,1.0,4546.0,456.0,182.0,0.0708315002199736
15.0,1.0,25.0,0.1,0.075,0.2,1.0,4327.0,467.0,191.0,0.07233649179570141
15.0,1.0,26.0,0.1,0.075,0.2,1.0,4089.0,492.0,207.0,0.07532404010760577
15.0,1.0,27.0,0.1,0.075,0.2,1.0,3911.0,507.0,198.0,0.07747379186908719
15.0,1.0,28.0,0.1,0.075,0.2,1.0,3671.0,513.0,200.0,0.07981476436938165
15.0,1.0,29.0,0.1,0.075,0.2,1.0,3509.0,534.0,215.0,0.08207466514676547
15.0,1.0,30.0,0.1,0.075,0.2,1.0,3378.0,593.0,252.0,0.08407341622261694
15.0,1.0,31.0,0.1,0.075,0.2,1.0,3148.0,611.0,262.0,0.08831003811944091
15.0,1.0,32.0,0.1,0.075,0.2,1.0,2953.0,611.0,268.0,0.09109380291229259
15.0,1.0,33.0,0.1,0.075,0.2,1.0,2788.0,620.0,282.0,0.09648493543758967
15.0,1.0,34.0,0.1,0.075,0.2,1.0,2561.0,588.0,281.0,0.10113237016790316
15.0,1.0,35.0,0.1,0.075,0.2,1.0,2384.0,575.0,265.0,0.1078020134228188
15.0,1.0,36.0,0.1,0.075,0.2,1.0,2221.0,528.0,260.0,0.11346240432237731
15.0,1.0,37.0,0.1,0.075,0.2,1.0,2099.0,494.0,242.0,0.12053358742258218
15.0,1.0,38.0,0.1,0.075,0.2,1.0,1965.0,475.0,227.0,0.12620865139949108
15.0,1.0,39.0,0.1,0.075,0.2,1.0,1819.0,418.0,205.0,0.13688840021990104
15.0,1.0,40.0,0.1,0.075,0.2,1.0,1726.0,398.0,211.0,0.14310544611819234
15.0,1.0,41.0,0.1,0.075,0.2,1.0,1643.0,379.0,197.0,0.14972611077297626
15.0,1.0,42.0,0.1,0.075,0.2,1.0,1536.0,341.0,185.0,0.15885416666666666
15.0,1.0,43.0,0.1,0.075,0.2,1.0,1460.0,321.0,169.0,0.1636986301369863
15.0,1.0,44.0,0.1,0.075,0.2,1.0,1380.0,300.0,153.0,0.17173913043478262
15.0,1.0,45.0,0.1,0.075,0.2,1.0,1286.0,258.0,127.0,0.23716951788491447
15.0,1.0,46.0,0.1,0.075,0.2,1.0,1209.0,211.0,118.0,0.24234904880066171
15.0,1.0,47.0,0.1,0.075,0.2,1.0,1154.0,198.0,114.0,0.25043327556325823
15.0,1.0,48.0,0.1,0.075,0.2,1.0,1103.0,167.0,101.0,0.25929283771532186
15.0,1.0,49.0,0.1,0.075,0.2,1.0,1054.0,135.0,85.0,0.2666034155597723
15.0,1.0,50.0,0.1,0.075,0.2,1.0,1003.0,116.0,68.0,0.2741774675972084
15.0,1.0,51.0,0.1,0.075,0.2,1.0,971.0,105.0,55.0,0.2801235839340886
15.0,1.0,52.0,0.1,0.075,0.2,1.0,943.0,90.0,51.0,0.2841993637327678
15.0,2.0,1.0,0.1,0.075,0.2,1.0,915.0,74.0,42.0,0.2896174863387978
15.0,2.0,2.0,0.1,0.075,0.2,1.0,892.0,68.0,41.0,0.2937219730941704
15.0,2.0,3.0,0.1,0.075,0.2,1.0,858.0,49.0,31.0,0.3041958041958042
15.0,2.0,4.0,0.1,0.075,0.2,1.0,839.0,46.0,26.0,0.3063170441001192
15.0,2.0,5.0,0.1,0.075,0.2,1.0,825.0,42.0,25.0,0.3115151515151515
15.0,2.0,6.0,0.1,0.075,0.2,1.0,803.0,31.0,21.0,0.3150684931506849
15.0,2.0,7.0,0.1,0.075,0.2,1.0,782.0,30.0,23.0,0.31841432225063937
15.0,2.0,8.0,0.1,0.075,0.2,1.0,771.0,32.0,18.0,0.31906614785992216
15.0,2.0,9.0,0.1,0.075,0.2,1.0,754.0,24.0,12.0,0.3222811671087533
15.0,2.0,10.0,0.1,0.075,0.2,1.0,732.0,18.0,5.0,0.32650273224043713
15.0,2.0,11.0,0.1,0.075,0.2,1.0,727.0,16.0,9.0,0.3218707015130674
15.0,2.0,12.0,0.1,0.075,0.2,1.0,709.0,16.0,9.0,0.32722143864598024
15.0,2.0,13.0,0.1,0.075,0.2,1.0,707.0,16.0,10.0,0.32956152758132956
15.0,2.0,14.0,0.1,0.075,0.2,1.0,693.0,10.0,7.0,0.3333333333333333
15.0,2.0,15.0,0.1,0.075,0.2,1.0,690.0,8.0,5.0,0.3318840579710145
15.0,2.0,16.0,0.1,0.075,0.2,1.0,677.0,9.0,6.0,0.3308714918759232
15.0,2.0,17.0,0.1,0.075,0.2,1.0,676.0,7.0,3.0,0.3328402366863905
15.0,2.0,18.0,0.1,0.075,0.2,1.0,665.0,7.0,2.0,0.33383458646616543
15.0,2.0,19.0,0.1,0.075,0.2,1.0,667.0,5.0,1.0,0.3328335832083958
15.0,2.0,20.0,0.1,0.075,0.2,1.0,1224.0,4.0,4.0,0.1781045751633987
15.0,2.0,21.0,0.1,0.075,0.2,1.0,1207.0,7.0,4.0,0.18061309030654515
15.0,2.0,22.0,0.1,0.075,0.2,1.0,1205.0,8.0,4.0,0.17925311203319502
15.0,2.0,23.0,0.1,0.075,0.2,1.0,1183.0,6.0,2.0,0.1808960270498732
15.0,2.0,24.0,0.1,0.075,0.2,1.0,1171.0,6.0,3.0,0.18018787361229718
15.0,2.0,25.0,0.1,0.075,0.2,1.0,1179.0,7.0,2.0,0.179813401187447
15.0,2.0,26.0,0.1,0.075,0.2,1.0,1144.0,8.0,3.0,0.18269230769230768
15.0,2.0,27.0,0.1,0.075,0.2,1.0,1145.0,7.0,5.0,0.1799126637554585
15.0,2.0,28.0,0.1,0.075,0.2,1.0,1120.0,8.0,6.0,0.18303571428571427
15.0,2.0,29.0,0.1,0.075,0.2,1.0,1121.0,8.0,4.0,0.1793041926851026
15.0,2.0,30.0,0.1,0.075,0.2,1.0,1107.0,6.0,2.0,0.18066847335140018
15.0,2.0,31.0,0.1,0.075,0.2,1.0,1100.0,5.0,1.0,0.17909090909090908
15.0,2.0,32.0,0.1,0.075,0.2,1.0,1093.0,5.0,2.0,0.18298261665141813
15.0,2.0,33.0,0.1,0.075,0.2,1.0,1074.0,6.0,3.0,0.1824953445065177
15.0,2.0,34.0,0.1,0.075,0.2,1.0,1053.0,7.0,4.0,0.18518518518518517
15.0,2.0,35.0,0.1,0.075,0.2,1.0,1063.0,7.0,5.0,0.18438381937911572
15.0,2.0,36.0,0.1,0.075,0.2,1.0,1045.0,7.0,3.0,0.18660287081339713
15.0,2.0,37.0,0.1,0.075,0.2,1.0,1049.0,10.0,2.0,0.18589132507149667
15.0,2.0,38.0,0.1,0.075,0.2,1.0,1041.0,8.0,2.0,0.18635926993275698
15.0,2.0,39.0,0.1,0.075,0.2,1.0,1021.0,8.0,3.0,0.188050930460333
15.0,2.0,40.0,0.1,0.075,0.2,1.0,995.0,10.0,7.0,0.1879396984924623
15.0,2.0,41.0,0.1,0.075,0.2,1.0,976.0,9.0,6.0,0.1915983606557377
15.0,2.0,42.0,0.1,0.075,0.2,1.0,932.0,10.0,6.0,0.194206008583691
15.0,2.0,43.0,0.1,0.075,0.2,1.0,928.0,5.0,1.0,0.19181034482758622
15.0,2.0,44.0,0.1,0.075,0.2,1.0,925.0,4.0,1.0,0.1935135135135135
15.0,2.0,45.0,0.1,0.075,0.2,1.0,912.0,4.0,2.0,0.2565789473684211
15.0,2.0,46.0,0.1,0.075,0.2,1.0,904.0,5.0,4.0,0.2555309734513274
15.0,2.0,47.0,0.1,0.075,0.2,1.0,891.0,6.0,3.0,0.2547699214365881
15.0,2.0,48.0,0.1,0.075,0.2,1.0,880.0,6.0,4.0,0.25227272727272726
15.0,2.0,49.0,0.1,0.075,0.2,1.0,865.0,4.0,2.0,0.2543352601156069
15.0,2.0,50.0,0.1,0.075,0.2,1.0,843.0,4.0,2.0,0.2538552787663108
15.0,2.0,51.0,0.1,0.075,0.2,1.0,826.0,2.0,0.0,0.25544794188861986
15.0,2.0,52.0,0.1,0.075,0.2,1.0,821.0,2.0,1.0,0.2496954933008526
15.0,3.0,1.0,0.1,0.075,0.2,1.0,814.0,3.0,2.0,0.2493857493857494
15.0,3.0,2.0,0.1,0.075,0.2,1.0,814.0,3.0,2.0,0.2493857493857494
15.0,3.0,3.0,0.1,0.075,0.2,1.0,804.0,4.0,1.0,0.25
15.0,3.0,4.0,0.1,0.075,0.2,1.0,801.0,4.0,0.0,0.24968789013732834
15.0,3.0,5.0,0.1,0.075,0.2,1.0,799.0,4.0,1.0,0.2503128911138924
15.0,3.0,6.0,0.1,0.075,0.2,1.0,792.0,7.0,2.0,0.2474747474747475
15.0,3.0,7.0,0.1,0.075,0.2,1.0,788.0,8.0,3.0,0.24746192893401014
15.0,3.0,8.0,0.1,0.075,0.2,1.0,777.0,7.0,3.0,0.24581724581724582
15.0,3.0,9.0,0.1,0.075,0.2,1.0,773.0,7.0,3.0,0.2445019404915912
15.0,3.0,10.0,0.1,0.075,0.2,1.0,760.0,9.0,5.0,0.24473684210526317
15.0,3.0,11.0,0.1,0.075,0.2,1.0,754.0,9.0,5.0,0.246684350132626
15.0,3.0,12.0,0.1,0.075,0.2,1.0,745.0,10.0,6.0,0.2442953020134228
15.0,3.0,13.0,0.1,0.075,0.2,1.0,738.0,7.0,4.0,0.24796747967479674
15.0,3.0,14.0,0.1,0.075,0.2,1.0,727.0,11.0,5.0,0.24759284731774414
15.0,3.0,15.0,0.1,0.075,0.2,1.0,725.0,10.0,5.0,0.25103448275862067
15.0,3.0,16.0,0.1,0.075,0.2,1.0,720.0,10.0,4.0,0.24722222222222223
15.0,3.0,17.0,0.1,0.075,0.2,1.0,718.0,9.0,3.0,0.25069637883008355
15.0,3.0,18.0,0.1,0.075,0.2,1.0,709.0,7.0,2.0,0.24964739069111425
15.0,3.0,19.0,0.1,0.075,0.2,1.0,708.0,8.0,3.0,0.25
15.0,3.0,20.0,0.1,0.075,0.2,1.0,1345.0,9.0,6.0,0.12862453531598514
15.0,3.0,21.0,0.1,0.075,0.2,1.0,1322.0,11.0,6.0,0.1308623298033283
15.0,3.0,22.0,0.1,0.075,0.2,1.0,1287.0,17.0,5.0,0.13286713286713286
15.0,3.0,23.0,0.1,0.075,0.2,1.0,1264.0,15.0,3.0,0.13528481012658228
15.0,3.0,24.0,0.1,0.075,0.2,1.0,1225.0,15.0,4.0,0.13551020408163264
15.0,3.0,25.0,0.1,0.075,0.2,1.0,1207.0,17.0,7.0,0.1375310687655344
15.0,3.0,26.0,0.1,0.075,0.2,1.0,1179.0,17.0,8.0,0.13740458015267176
15.0,3.0,27.0,0.1,0.075,0.2,1.0,1165.0,18.0,8.0,0.1407725321888412
15.0,3.0,28.0,0.1,0.075,0.2,1.0,1156.0,18.0,8.0,0.13927335640138408
15.0,3.0,29.0,0.1,0.075,0.2,1.0,1154.0,20.0,9.0,0.14038128249566725
15.0,3.0,30.0,0.1,0.075,0.2,1.0,1142.0,22.0,12.0,0.138353765323993
15.0,3.0,31.0,0.1,0.075,0.2,1.0,1106.0,24.0,11.0,0.14195298372513562
15.0,3.0,32.0,0.1,0.075,0.2,1.0,1062.0,24.0,9.0,0.14030131826741996
15.0,3.0,33.0,0.1,0.075,0.2,1.0,1061.0,24.0,8.0,0.1423185673892554
15.0,3.0,34.0,0.1,0.075,0.2,1.0,1013.0,27.0,13.0,0.140177690029615
15.0,3.0,35.0,0.1,0.075,0.2,1.0,995.0,29.0,17.0,0.14271356783919598
15.0,3.0,36.0,0.1,0.075,0.2,1.0,961.0,26.0,15.0,0.14568158168574402
15.0,3.0,37.0,0.1,0.075,0.2,1.0,918.0,26.0,13.0,0.1503267973856209
15.0,3.0,38.0,0.1,0.075,0.2,1.0,902.0,22.0,11.0,0.15077605321507762
15.0,3.0,39.0,0.1,0.075,0.2,1.0,895.0,24.0,12.0,0.15195530726256984
15.0,3.0,40.0,0.1,0.075,0.2,1.0,883.0,26.0,10.0,0.15175537938844846
15.0,3.0,41.0,0.1,0.075,0.2,1.0,854.0,24.0,9.0,0.1557377049180328
15.0,3.0,42.0,0.1,0.075,0.2,1.0,841.0,20.0,10.0,0.1581450653983353
15.0,3.0,43.0,0.1,0.075,0.2,1.0,830.0,17.0,8.0,0.1578313253012048
15.0,3.0,44.0,0.1,0.075,0.2,1.0,818.0,17.0,8.0,0.15770171149144255
15.0,3.0,45.0,0.1,0.075,0.2,1.0,792.0,12.0,7.0,0.21464646464646464
15.0,3.0,46.0,0.1,0.075,0.2,1.0,774.0,16.0,9.0,0.2157622739018088
15.0,3.0,47.0,0.1,0.075,0.2,1.0,777.0,21.0,7.0,0.21492921492921493
15.0,3.0,48.0,0.1,0.075,0.2,1.0,754.0,19.0,4.0,0.21618037135278514
15.0,3.0,49.0,0.1,0.075,0.2,1.0,742.0,21.0,7.0,0.2183288409703504
15.0,3.0,50.0,0.1,0.075,0.2,1.0,705.0,21.0,10.0,0.21560283687943263
15.0,3.0,51.0,0.1,0.075,0.2,1.0,698.0,20.0,11.0,0.2148997134670487
15.0,3.0,52.0,0.1,0.075,0.2,1.0,680.0,16.0,11.0,0.21764705882352942
15.0,4.0,1.0,0.1,0.075,0.2,1.0,674.0,14.0,9.0,0.21810089020771514
15.0,4.0,2.0,0.1,0.075,0.2,1.0,670.0,13.0,7.0,0.21940298507462686
15.0,4.0,3.0,0.1,0.075,0.2,1.0,660.0,9.0,5.0,0.21818181818181817
15.0,4.0,4.0,0.1,0.075,0.2,1.0,657.0,10.0,5.0,0.2191780821917808
15.0,4.0,5.0,0.1,0.075,0.2,1.0,653.0,8.0,5.0,0.21898928024502298
15.0,4.0,6.0,0.1,0.075,0.2,1.0,643.0,7.0,5.0,0.2192846034214619
15.0,4.0,7.0,0.1,0.075,0.2,1.0,637.0,6.0,5.0,0.2150706436420722
15.0,4.0,8.0,0.1,0.075,0.2,1.0,627.0,6.0,3.0,0.215311004784689
15.0,4.0,9.0,0.1,0.075,0.2,1.0,618.0,4.0,2.0,0.21359223300970873
15.0,4.0,10.0,0.1,0.075,0.2,1.0,615.0,3.0,1.0,0.216260162601626
15.0,4.0,11.0,0.1,0.075,0.2,1.0,607.0,3.0,2.0,0.21746293245469522
15.0,4.0,12.0,0.1,0.075,0.2,1.0,600.0,2.0,1.0,0.22
15.0,4.0,13.0,0.1,0.075,0.2,1.0,596.0,2.0,1.0,0.21644295302013422
15.0,4.0,14.0,0.1,0.075,0.2,1.0,598.0,1.0,0.0,0.21739130434782608
15.0,4.0,15.0,0.1,0.075,0.2,1.0,595.0,1.0,0.0,0.21512605042016808
15.0,4.0,16.0,0.1,0.075,0.2,1.0,595.0,1.0,0.0,0.21512605042016808
15.0,4.0,17.0,0.1,0.075,0.2,1.0,589.0,1.0,0.0,0.21561969439728354
15.0,4.0,18.0,0.1,0.075,0.2,1.0,592.0,1.0,1.0,0.21621621621621623
15.0,4.0,19.0,0.1,0.075,0.2,1.0,585.0,1.0,1.0,0.2153846153846154
15.0,4.0,20.0,0.1,0.075,0.2,1.0,1076.0,1.0,1.0,0.11617100371747212
15.0,4.0,21.0,0.1,0.075,0.2,1.0,1047.0,0.0,0.0,0.1174785100286533
15.0,4.0,22.0,0.1,0.075,0.2,1.0,1027.0,0.0,0.0,0.11684518013631938
15.0,4.0,23.0,0.1,0.075,0.2,1.0,990.0,0.0,0.0,0.11717171717171718
15.0,4.0,24.0,0.1,0.075,0.2,1.0,982.0,0.0,0.0,0.11914460285132383
15.0,4.0,25.0,0.1,0.075,0.2,1.0,964.0,0.0,0.0,0.11825726141078838
15.0,4.0,26.0,0.1,0.075,0.2,1.0,967.0,0.0,0.0,0.11995863495346432
15.0,4.0,27.0,0.1,0.075,0.2,1.0,948.0,0.0,0.0,0.11814345991561181
15.0,4.0,28.0,0.1,0.075,0.2,1.0,929.0,0.0,0.0,0.1216361679224973
15.0,4.0,29.0,0.1,0.075,0.2,1.0,905.0,0.0,0.0,0.12154696132596685
15.0,4.0,30.0,0.1,0.075,0.2,1.0,910.0,0.0,0.0,0.12087912087912088
15.0,4.0,31.0,0.1,0.075,0.2,1.0,870.0,0.0,0.0,0.12183908045977011
15.0,4.0,32.0,0.1,0.075,0.2,1.0,884.0,0.0,0.0,0.12330316742081449
15.0,4.0,33.0,0.1,0.075,0.2,1.0,835.0,0.0,0.0,0.12215568862275449
15.0,4.0,34.0,0.1,0.075,0.2,1.0,846.0,0.0,0.0,0.12174940898345153
15.0,4.0,35.0,0.1,0.075,0.2,1.0,821.0,0.0,0.0,0.12058465286236297
15.0,4.0,36.0,0.1,0.075,0.2,1.0,825.0,0.0,0.0,0.12242424242424242
15.0,4.0,37.0,0.1,0.075,0.2,1.0,789.0,0.0,0.0,0.12040557667934093
15.0,4.0,38.0,0.1,0.075,0.2,1.0,789.0,0.0,0.0,0.12167300380228137
15.0,4.0,39.0,0.1,0.075,0.2,1.0,774.0,0.0,0.0,0.11886304909560723
15.0,4.0,40.0,0.1,0.075,0.2,1.0,778.0,0.0,0.0,0.12210796915167095
15.0,4.0,41.0,0.1,0.075,0.2,1.0,767.0,0.0,0.0,0.11994784876140809
15.0,4.0,42.0,0.1,0.075,0.2,1.0,768.0,0.0,0.0,0.12109375
15.0,4.0,43.0,0.1,0.075,0.2,1.0,757.0,0.0,0.0,0.11624834874504623
15.0,4.0,44.0,0.1,0.075,0.2,1.0,766.0,0.0,0.0,0.1174934725848564
15.0,4.0,45.0,0.1,0.075,0.2,1.0,734.0,0.0,0.0,0.18119891008174388
15.0,4.0,46.0,0.1,0.075,0.2,1.0,726.0,0.0,0.0,0.18457300275482094
15.0,4.0,47.0,0.1,0.075,0.2,1.0,694.0,0.0,0.0,0.18587896253602307
15.0,4.0,48.0,0.1,0.075,0.2,1.0,687.0,0.0,0.0,0.18340611353711792
15.0,4.0,49.0,0.1,0.075,0.2,1.0,668.0,0.0,0.0,0.18562874251497005
15.0,4.0,50.0,0.1,0.075,0.2,1.0,675.0,0.0,0.0,0.18222222222222223
15.0,4.0,51.0,0.1,0.075,0.2,1.0,643.0,0.0,0.0,0.18040435458786935
15.0,4.0,52.0,0.1,0.075,0.2,1.0,655.0,0.0,0.0,0.1801526717557252
15.0,5.0,1.0,0.1,0.075,0.2,1.0,621.0,0.0,0.0,0.1819645732689211
15.0,5.0,2.0,0.1,0.075,0.2,1.0,628.0,0.0,0.0,0.17993630573248406
15.0,5.0,3.0,0.1,0.075,0.2,1.0,617.0,0.0,0.0,0.17990275526742303
15.0,5.0,4.0,0.1,0.075,0.2,1.0,611.0,0.0,0.0,0.18330605564648117
15.0,5.0,5.0,0.1,0.075,0.2,1.0,598.0,0.0,0.0,0.18227424749163879
15.0,5.0,6.0,0.1,0.075,0.2,1.0,602.0,0.0,0.0,0.18272425249169436
15.0,5.0,7.0,0.1,0.075,0.2,1.0,591.0,0.0,0.0,0.18274111675126903
15.0,5.0,8.0,0.1,0.075,0.2,1.0,592.0,0.0,0.0,0.18243243243243243
15.0,5.0,9.0,0.1,0.075,0.2,1.0,580.0,0.0,0.0,0.1810344827586207
15.0,5.0,10.0,0.1,0.075,0.2,1.0,582.0,0.0,0.0,0.18384879725085912
15.0,5.0,11.0,0.1,0.075,0.2,1.0,575.0,0.0,0.0,0.1808695652173913
15.0,5.0,12.0,0.1,0.075,0.2,1.0,568.0,0.0,0.0,0.18661971830985916
15.0,5.0,13.0,0.1,0.075,0.2,1.0,562.0,0.0,0.0,0.18327402135231316
15.0,5.0,14.0,0.1,0.075,0.2,1.0,557.0,0.0,0.0,0.18850987432675045
15.0,5.0,15.0,0.1,0.075,0.2,1.0,556.0,0.0,0.0,0.18345323741007194
15.0,5.0,16.0,0.1,0.075,0.2,1.0,550.0,0.0,0.0,0.18363636363636363
15.0,5.0,17.0,0.1,0.075,0.2,1.0,550.0,0.0,0.0,0.18
15.0,5.0,18.0,0.1,0.075,0.2,1.0,548.0,0.0,0.0,0.1843065693430657
15.0,5.0,19.0,0.1,0.075,0.2,1.0,537.0,0.0,0.0,0.18063314711359404
15.0,5.0,20.0,0.1,0.075,0.2,1.0,954.0,0.0,0.0,0.10272536687631027
15.0,5.0,21.0,0.1,0.075,0.2,1.0,919.0,0.0,0.0,0.10119695321001088
15.0,5.0,22.0,0.1,0.075,0.2,1.0,909.0,0.0,0.0,0.10451045104510451
15.0,5.0,23.0,0.1,0.075,0.2,1.0,884.0,0.0,0.0,0.10294117647058823
15.0,5.0,24.0,0.1,0.075,0.2,1.0,861.0,0.0,0.0,0.10452961672473868
15.0,5.0,25.0,0.1,0.075,0.2,1.0,843.0,0.0,0.0,0.10438908659549229
15.0,5.0,26.0,0.1,0.075,0.2,1.0,824.0,0.0,0.0,0.10436893203883495
15.0,5.0,27.0,0.1,0.075,0.2,1.0,804.0,0.0,0.0,0.10323383084577115
15.0,5.0,28.0,0.1,0.075,0.2,1.0,737.0,0.0,0.0,0.1044776119402985
15.0,5.0,29.0,0.1,0.075,0.2,1.0,737.0,0.0,0.0,0.10176390773405698
15.0,5.0,30.0,0.1,0.075,0.2,1.0,708.0,0.0,0.0,0.10310734463276836
15.0,5.0,31.0,0.1,0.075,0.2,1.0,697.0,0.0,0.0,0.10329985652797705
15.0,5.0,32.0,0.1,0.075,0.2,1.0,690.0,0.0,0.0,0.10579710144927536
15.0,5.0,33.0,0.1,0.075,0.2,1.0,677.0,0.0,0.0,0.1019202363367799
15.0,5.0,34.0,0.1,0.075,0.2,1.0,671.0,0.0,0.0,0.10283159463487332
15.0,5.0,35.0,0.1,0.075,0.2,1.0,670.0,0.0,0.0,0.1
15.0,5.0,36.0,0.1,0.075,0.2,1.0,657.0,0.0,0.0,0.1035007610350076
15.0,5.0,37.0,0.1,0.075,0.2,1.0,646.0,0.0,0.0,0.10061919504643962
15.0,5.0,38.0,0.1,0.075,0.2,1.0,626.0,0.0,0.0,0.10383386581469649
15.0,5.0,39.0,0.1,0.075,0.2,1.0,629.0,0.0,0.0,0.10174880763116058
15.0,5.0,40.0,0.1,0.075,0.2,1.0,622.0,0.0,0.0,0.1045016077170418
15.0,5.0,41.0,0.1,0.075,0.2,1.0,598.0,0.0,0.0,0.10535117056856187
15.0,5.0,42.0,0.1,0.075,0.2,1.0,590.0,0.0,0.0,0.10677966101694915
15.0,5.0,43.0,0.1,0.075,0.2,1.0,585.0,0.0,0.0,0.10256410256410256
15.0,5.0,44.0,0.1,0.075,0.2,1.0,589.0,0.0,0.0,0.10186757215619695
15.0,5.0,45.0,0.1,0.075,0.2,1.0,583.0,0.0,0.0,0.1646655231560892
15.0,5.0,46.0,0.1,0.075,0.2,1.0,573.0,0.0,0.0,0.16055846422338568
15.0,5.0,47.0,0.1,0.075,0.2,1.0,567.0,0.0,0.0,0.16049382716049382
15.0,5.0,48.0,0.1,0.075,0.2,1.0,570.0,0.0,0.0,0.16140350877192983
15.0,5.0,49.0,0.1,0.075,0.2,1.0,561.0,0.0,0.0,0.1586452762923351
15.0,5.0,50.0,0.1,0.075,0.2,1.0,567.0,0.0,0.0,0.16049382716049382
15.0,5.0,51.0,0.1,0.075,0.2,1.0,558.0,0.0,0.0,0.15949820788530467
15.0,5.0,52.0,0.1,0.075,0.2,1.0,554.0,0.0,0.0,0.16064981949458484
15.0,6.0,1.0,0.1,0.075,0.2,1.0,555.0,0.0,0.0,0.16036036036036036
15.0,6.0,2.0,0.1,0.075,0.2,1.0,553.0,0.0,0.0,0.1609403254972875
15.0,6.0,3.0,0.1,0.075,0.2,1.0,552.0,0.0,0.0,0.161231884057971
15.0,6.0,4.0,0.1,0.075,0.2,1.0,539.0,0.0,0.0,0.1614100185528757
15.0,6.0,5.0,0.1,0.075,0.2,1.0,538.0,0.0,0.0,0.15985130111524162
15.0,6.0,6.0,0.1,0.075,0.2,1.0,525.0,0.0,0.0,0.1619047619047619
15.0,6.0,7.0,0.1,0.075,0.2,1.0,526.0,0.0,0.0,0.1634980988593156
15.0,6.0,8.0,0.1,0.075,0.2,1.0,507.0,0.0,0.0,0.16370808678500987
15.0,6.0,9.0,0.1,0.075,0.2,1.0,505.0,0.0,0.0,0.16633663366336635
15.0,6.0,10.0,0.1,0.075,0.2,1.0,500.0,0.0,0.0,0.166
15.0,6.0,11.0,0.1,0.075,0.2,1.0,501.0,0.0,0.0,0.16766467065868262
15.0,6.0,12.0,0.1,0.075,0.2,1.0,498.0,0.0,0.0,0.16666666666666666
15.0,6.0,13.0,0.1,0.075,0.2,1.0,498.0,0.0,0.0,0.1686746987951807
15.0,6.0,14.0,0.1,0.075,0.2,1.0,493.0,0.0,0.0,0.16835699797160245
15.0,6.0,15.0,0.1,0.075,0.2,1.0,488.0,0.0,0.0,0.17008196721311475
15.0,6.0,16.0,0.1,0.075,0.2,1.0,481.0,0.0,0.0,0.1704781704781705
15.0,6.0,17.0,0.1,0.075,0.2,1.0,484.0,0.0,0.0,0.16735537190082644
15.0,6.0,18.0,0.1,0.075,0.2,1.0,476.0,0.0,0.0,0.16806722689075632
15.0,6.0,19.0,0.1,0.075,0.2,1.0,481.0,0.0,0.0,0.1683991683991684
15.0,6.0,20.0,0.1,0.075,0.2,1.0,833.0,0.0,0.0,0.09603841536614646
15.0,6.0,21.0,0.1,0.075,0.2,1.0,790.0,0.0,0.0,0.10126582278481013
15.0,6.0,22.0,0.1,0.075,0.2,1.0,756.0,0.0,0.0,0.10449735449735449
15.0,6.0,23.0,0.1,0.075,0.2,1.0,757.0,0.0,0.0,0.10568031704095113
15.0,6.0,24.0,0.1,0.075,0.2,1.0,759.0,0.0,0.0,0.10408432147562582
15.0,6.0,25.0,0.1,0.075,0.2,1.0,730.0,0.0,0.0,0.10273972602739725
15.0,6.0,26.0,0.1,0.075,0.2,1.0,700.0,0.0,0.0,0.10714285714285714
15.0,6.0,27.0,0.1,0.075,0.2,1.0,697.0,0.0,0.0,0.10473457675753228
15.0,6.0,28.0,0.1,0.075,0.2,1.0,675.0,0.0,0.0,0.10962962962962963
15.0,6.0,29.0,0.1,0.075,0.2,1.0,675.0,0.0,0.0,0.10814814814814815
15.0,6.0,30.0,0.1,0.075,0.2,1.0,671.0,0.0,0.0,0.11028315946348734
15.0,6.0,31.0,0.1,0.075,0.2,1.0,649.0,0.0,0.0,0.10631741140215717
15.0,6.0,32.0,0.1,0.075,0.2,1.0,634.0,0.0,0.0,0.11041009463722397
15.0,6.0,33.0,0.1,0.075,0.2,1.0,626.0,0.0,0.0,0.10702875399361023
15.0,6.0,34.0,0.1,0.075,0.2,1.0,624.0,0.0,0.0,0.10416666666666667
15.0,6.0,35.0,0.1,0.075,0.2,1.0,618.0,0.0,0.0,0.10355987055016182
15.0,6.0,36.0,0.1,0.075,0.2,1.0,625.0,0.0,0.0,0.104
15.0,6.0,37.0,0.1,0.075,0.2,1.0,601.0,0.0,0.0,0.10316139767054909
15.0,6.0,38.0,0.1,0.075,0.2,1.0,595.0,0.0,0.0,0.10252100840336134
15.0,6.0,39.0,0.1,0.075,0.2,1.0,586.0,0.0,0.0,0.09897610921501707
15.0,6.0,40.0,0.1,0.075,0.2,1.0,566.0,0.0,0.0,0.10247349823321555
15.0,6.0,41.0,0.1,0.075,0.2,1.0,557.0,0.0,0.0,0.10233393177737882
15.0,6.0,42.0,0.1,0.075,0.2,1.0,552.0,0.0,0.0,0.10507246376811594
15.0,6.0,43.0,0.1,0.075,0.2,1.0,542.0,0.0,0.0,0.10516605166051661
15.0,6.0,44.0,0.1,0.075,0.2,1.0,553.0,0.0,0.0,0.10488245931283906
15.0,6.0,45.0,0.1,0.075,0.2,1.0,544.0,0.0,0.0,0.18382352941176472
15.0,6.0,46.0,0.1,0.075,0.2,1.0,555.0,0.0,0.0,0.18558558558558558
15.0,6.0,47.0,0.1,0.075,0.2,1.0,544.0,0.0,0.0,0.18382352941176472
15.0,6.0,48.0,0.1,0.075,0.2,1.0,557.0,0.0,0.0,0.1867145421903052
15.0,6.0,49.0,0.1,0.075,0.2,1.0,545.0,0.0,0.0,0.1853211009174312
15.0,6.0,50.0,0.1,0.075,0.2,1.0,554.0,0.0,0.0,0.18772563176895307
15.0,6.0,51.0,0.1,0.075,0.2,1.0,542.0,0.0,0.0,0.1863468634686347
15.0,6.0,52.0,0.1,0.075,0.2,1.0,551.0,0.0,0.0,0.18874773139745918
15.0,7.0,1.0,0.1,0.075,0.2,1.0,541.0,0.0,0.0,0.1866913123844732
15.0,7.0,2.0,0.1,0.075,0.2,1.0,548.0,0.0,0.0,0.18613138686131386
15.0,7.0,3.0,0.1,0.075,0.2,1.0,526.0,0.0,0.0,0.18631178707224336
15.0,7.0,4.0,0.1,0.075,0.2,1.0,533.0,0.0,0.0,0.18761726078799248
15.0,7.0,5.0,0.1,0.075,0.2,1.0,523.0,0.0,0.0,0.1835564053537285
15.0,7.0,6.0,0.1,0.075,0.2,1.0,521.0,0.0,0.0,0.18618042226487524
15.0,7.0,7.0,0.1,0.075,0.2,1.0,511.0,0.0,0.0,0.18395303326810175
15.0,7.0,8.0,0.1,0.075,0.2,1.0,516.0,0.0,0.0,0.18604651162790697
15.0,7.0,9.0,0.1,0.075,0.2,1.0,509.0,0.0,0.0,0.18467583497053044
15.0,7.0,10.0,0.1,0.075,0.2,1.0,513.0,0.0,0.0,0.1871345029239766
15.0,7.0,11.0,0.1,0.075,0.2,1.0,501.0,0.0,0.0,0.18762475049900199
15.0,7.0,12.0,0.1,0.075,0.2,1.0,497.0,0.0,0.0,0.18712273641851107
15.0,7.0,13.0,0.1,0.075,0.2,1.0,484.0,0.0,0.0,0.18388429752066116
15.0,7.0,14.0,0.1,0.075,0.2,1.0,494.0,0.0,0.0,0.18218623481781376
15.0,7.0,15.0,0.1,0.075,0.2,1.0,483.0,0.0,0.0,0.18426501035196688
15.0,7.0,16.0,0.1,0.075,0.2,1.0,492.0,0.0,0.0,0.18089430894308944
15.0,7.0,17.0,0.1,0.075,0.2,1.0,483.0,0.0,0.0,0.18426501035196688
15.0,7.0,18.0,0.1,0.075,0.2,1.0,491.0,0.0,0.0,0.17922606924643583
15.0,7.0,19.0,0.1,0.075,0.2,1.0,482.0,0.0,0.0,0.1825726141078838
15.0,7.0,20.0,0.1,0.075,0.2,1.0,843.0,0.0,0.0,0.10438908659549229
15.0,7.0,21.0,0.1,0.075,0.2,1.0,813.0,0.0,0.0,0.1057810578105781
15.0,7.0,22.0,0.1,0.075,0.2,1.0,796.0,0.0,0.0,0.10552763819095477
15.0,7.0,23.0,0.1,0.075,0.2,1.0,800.0,0.0,0.0,0.105
15.0,7.0,24.0,0.1,0.075,0.2,1.0,789.0,0.0,0.0,0.10646387832699619
15.0,7.0,25.0,0.1,0.075,0.2,1.0,776.0,0.0,0.0,0.10695876288659793
15.0,7.0,26.0,0.1,0.075,0.2,1.0,734.0,0.0,0.0,0.10899182561307902
15.0,7.0,27.0,0.1,0.075,0.2,1.0,717.0,0.0,0.0,0.1101813110181311
15.0,7.0,28.0,0.1,0.075,0.2,1.0,708.0,0.0,0.0,0.11016949152542373
15.0,7.0,29.0,0.1,0.075,0.2,1.0,698.0,0.0,0.0,0.11174785100286533
15.0,7.0,30.0,0.1,0.075,0.2,1.0,667.0,0.0,0.0,0.11094452773613193
15.0,7.0,31.0,0.1,0.075,0.2,1.0,669.0,0.0,0.0,0.11061285500747384
15.0,7.0,32.0,0.1,0.075,0.2,1.0,648.0,0.0,0.0,0.11265432098765432
15.0,7.0,33.0,0.1,0.075,0.2,1.0,652.0,0.0,0.0,0.11349693251533742
15.0,7.0,34.0,0.1,0.075,0.2,1.0,612.0,0.0,0.0,0.11601307189542484
15.0,7.0,35.0,0.1,0.075,0.2,1.0,609.0,0.0,0.0,0.11822660098522167
15.0,7.0,36.0,0.1,0.075,0.2,1.0,600.0,0.0,0.0,0.11833333333333333
15.0,7.0,37.0,0.1,0.075,0.2,1.0,608.0,0.0,0.0,0.11677631578947369
15.0,7.0,38.0,0.1,0.075,0.2,1.0,599.0,0.0,0.0,0.11686143572621036
15.0,7.0,39.0,0.1,0.075,0.2,1.0,608.0,0.0,0.0,0.11677631578947369
15.0,7.0,40.0,0.1,0.075,0.2,1.0,595.0,0.0,0.0,0.11596638655462185
15.0,7.0,41.0,0.1,0.075,0.2,1.0,601.0,0.0,0.0,0.11314475873544093
15.0,7.0,42.0,0.1,0.075,0.2,1.0,593.0,0.0,0.0,0.11467116357504216
15.0,7.0,43.0,0.1,0.075,0.2,1.0,588.0,0.0,0.0,0.11734693877551021
15.0,7.0,44.0,0.1,0.075,0.2,1.0,576.0,0.0,0.0,0.11805555555555555
15.0,7.0,45.0,0.1,0.075,0.2,1.0,571.0,0.0,0.0,0.2031523642732049
15.0,7.0,46.0,0.1,0.075,0.2,1.0,568.0,0.0,0.0,0.20422535211267606
15.0,7.0,47.0,0.1,0.075,0.2,1.0,571.0,0.0,0.0,0.2031523642732049
15.0,7.0,48.0,0.1,0.075,0.2,1.0,568.0,0.0,0.0,0.20422535211267606
15.0,7.0,49.0,0.1,0.075,0.2,1.0,564.0,0.0,0.0,0.20212765957446807
15.0,7.0,50.0,0.1,0.075,0.2,1.0,564.0,0.0,0.0,0.20390070921985815
15.0,7.0,51.0,0.1,0.075,0.2,1.0,563.0,0.0,0.0,0.2024866785079929
15.0,7.0,52.0,0.1,0.075,0.2,1.0,563.0,0.0,0.0,0.20426287744227353
15.0,8.0,1.0,0.1,0.075,0.2,1.0,562.0,0.0,0.0,0.20284697508896798
15.0,8.0,2.0,0.1,0.075,0.2,1.0,564.0,0.0,0.0,0.20390070921985815
15.0,8.0,3.0,0.1,0.075,0.2,1.0,562.0,0.0,0.0,0.20106761565836298
15.0,8.0,4.0,0.1,0.075,0.2,1.0,564.0,0.0,0.0,0.20390070921985815
15.0,8.0,5.0,0.1,0.075,0.2,1.0,563.0,0.0,0.0,0.2024866785079929
15.0,8.0,6.0,0.1,0.075,0.2,1.0,563.0,0.0,0.0,0.20426287744227353
15.0,8.0,7.0,0.1,0.075,0.2,1.0,560.0,0.0,0.0,0.2017857142857143
15.0,8.0,8.0,0.1,0.075,0.2,1.0,546.0,0.0,0.0,0.1978021978021978
15.0,8.0,9.0,0.1,0.075,0.2,1.0,549.0,0.0,0.0,0.19854280510018216
15.0,8.0,10.0,0.1,0.075,0.2,1.0,537.0,0.0,0.0,0.19925512104283055
15.0,8.0,11.0,0.1,0.075,0.2,1.0,542.0,0.0,0.0,0.2011070110701107
15.0,8.0,12.0,0.1,0.075,0.2,1.0,535.0,0.0,0.0,0.2
15.0,8.0,13.0,0.1,0.075,0.2,1.0,540.0,0.0,0.0,0.20185185185185187
15.0,8.0,14.0,0.1,0.075,0.2,1.0,534.0,0.0,0.0,0.20037453183520598
15.0,8.0,15.0,0.1,0.075,0.2,1.0,537.0,0.0,0.0,0.20297951582867785
15.0,8.0,16.0,0.1,0.075,0.2,1.0,535.0,0.0,0.0,0.2
15.0,8.0,17.0,0.1,0.075,0.2,1.0,537.0,0.0,0.0,0.2011173184357542
15.0,8.0,18.0,0.1,0.075,0.2,1.0,535.0,0.0,0.0,0.2
15.0,8.0,19.0,0.1,0.075,0.2,1.0,537.0,0.0,0.0,0.20297951582867785
15.0,8.0,20.0,0.1,0.075,0.2,1.0,993.0,0.0,0.0,0.10775427995971802
15.0,8.0,21.0,0.1,0.075,0.2,1.0,982.0,0.0,0.0,0.109979633401222
15.0,8.0,22.0,0.1,0.075,0.2,1.0,957.0,0.0,0.0,0.109717868338558
15.0,8.0,23.0,0.1,0.075,0.2,1.0,938.0,0.0,0.0,0.11300639658848614
15.0,8.0,24.0,0.1,0.075,0.2,1.0,887.0,0.0,0.0,0.11499436302142052
15.0,8.0,25.0,0.1,0.075,0.2,1.0,877.0,0.0,0.0,0.11744583808437856
15.0,8.0,26.0,0.1,0.075,0.2,1.0,854.0,0.0,0.0,0.11592505854800937
15.0,8.0,27.0,0.1,0.075,0.2,1.0,841.0,0.0,0.0,0.12009512485136742
15.0,8.0,28.0,0.1,0.075,0.2,1.0,827.0,0.0,0.0,0.11729141475211609
15.0,8.0,29.0,0.1,0.075,0.2,1.0,791.0,0.0,0.0,0.12262958280657396
15.0,8.0,30.0,0.1,0.075,0.2,1.0,800.0,0.0,0.0,0.11875
15.0,8.0,31.0,0.1,0.075,0.2,1.0,781.0,0.0,0.0,0.12291933418693982
15.0,8.0,32.0,0.1,0.075,0.2,1.0,776.0,0.0,0.0,0.1211340206185567
15.0,8.0,33.0,0.1,0.075,0.2,1.0,784.0,0.0,0.0,0.12244897959183673
15.0,8.0,34.0,0.1,0.075,0.2,1.0,780.0,0.0,0.0,0.12051282051282051
15.0,8.0,35.0,0.1,0.075,0.2,1.0,758.0,0.0,0.0,0.12532981530343007
15.0,8.0,36.0,0.1,0.075,0.2,1.0,753.0,0.0,0.0,0.12350597609561753
15.0,8.0,37.0,0.1,0.075,0.2,1.0,758.0,0.0,0.0,0.12532981530343007
15.0,8.0,38.0,0.1,0.075,0.2,1.0,741.0,0.0,0.0,0.12280701754385964
15.0,8.0,39.0,0.1,0.075,0.2,1.0,742.0,0.0,0.0,0.12533692722371967
15.0,8.0,40.0,0.1,0.075,0.2,1.0,738.0,0.0,0.0,0.12330623306233063
15.0,8.0,41.0,0.1,0.075,0.2,1.0,726.0,0.0,0.0,0.12672176308539945
15.0,8.0,42.0,0.1,0.075,0.2,1.0,726.0,0.0,0.0,0.12396694214876033
15.0,8.0,43.0,0.1,0.075,0.2,1.0,707.0,0.0,0.0,0.12588401697312587
15.0,8.0,44.0,0.1,0.075,0.2,1.0,712.0,0.0,0.0,0.12219101123595505
15.0,8.0,45.0,0.1,0.075,0.2,1.0,689.0,0.0,0.0,0.19013062409288825
15.0,8.0,46.0,0.1,0.075,0.2,1.0,685.0,0.0,0.0,0.18394160583941604
15.0,8.0,47.0,0.1,0.075,0.2,1.0,685.0,0.0,0.0,0.18686131386861313
15.0,8.0,48.0,0.1,0.075,0.2,1.0,673.0,0.0,0.0,0.18722139673105498
15.0,8.0,49.0,0.1,0.075,0.2,1.0,647.0,0.0,0.0,0.19165378670788252
15.0,8.0,50.0,0.1,0.075,0.2,1.0,654.0,0.0,0.0,0.18807339449541285
15.0,8.0,51.0,0.1,0.075,0.2,1.0,646.0,0.0,0.0,0.19349845201238391
15.0,8.0,52.0,0.1,0.075,0.2,1.0,650.0,0.0,0.0,0.18923076923076923
15.0,9.0,1.0,0.1,0.075,0.2,1.0,644.0,0.0,0.0,0.19409937888198758
15.0,9.0,2.0,0.1,0.075,0.2,1.0,650.0,0.0,0.0,0.18923076923076923
15.0,9.0,3.0,0.1,0.075,0.2,1.0,637.0,0.0,0.0,0.19309262166405022
15.0,9.0,4.0,0.1,0.075,0.2,1.0,626.0,0.0,0.0,0.19169329073482427
15.0,9.0,5.0,0.1,0.075,0.2,1.0,624.0,0.0,0.0,0.1955128205128205
15.0,9.0,6.0,0.1,0.075,0.2,1.0,627.0,0.0,0.0,0.19138755980861244
15.0,9.0,7.0,0.1,0.075,0.2,1.0,625.0,0.0,0.0,0.1952
15.0,9.0,8.0,0.1,0.075,0.2,1.0,623.0,0.0,0.0,0.1926163723916533
15.0,9.0,9.0,0.1,0.075,0.2,1.0,620.0,0.0,0.0,0.1967741935483871
15.0,9.0,10.0,0.1,0.075,0.2,1.0,621.0,0.0,0.0,0.1932367149758454
15.0,9.0,11.0,0.1,0.075,0.2,1.0,617.0,0.0,0.0,0.19773095623987033
15.0,9.0,12.0,0.1,0.075,0.2,1.0,603.0,0.0,0.0,0.19734660033167495
15.0,9.0,13.0,0.1,0.075,0.2,1.0,599.0,0.0,0.0,0.1986644407345576
15.0,9.0,14.0,0.1,0.075,0.2,1.0,603.0,0.0,0.0,0.1956882255389718
15.0,9.0,15.0,0.1,0.075,0.2,1.0,601.0,0.0,0.0,0.20133111480865223
15.0,9.0,16.0,0.1,0.075,0.2,1.0,605.0,0.0,0.0,0.19669421487603306
15.0,9.0,17.0,0.1,0.075,0.2,1.0,601.0,0.0,0.0,0.19966722129783693
15.0,9.0,18.0,0.1,0.075,0.2,1.0,603.0,0.0,0.0,0.19734660033167495
15.0,9.0,19.0,0.1,0.075,0.2,1.0,599.0,0.0,0.0,0.2003338898163606
15.0,9.0,20.0,0.1,0.075,0.2,1.0,1045.0,0.0,0.0,0.11100478468899522
15.0,9.0,21.0,0.1,0.075,0.2,1.0,983.0,0.0,0.0,0.11698880976602238
15.0,9.0,22.0,0.1,0.075,0.2,1.0,993.0,0.0,0.0,0.11379657603222558
15.0,9.0,23.0,0.1,0.075,0.2,1.0,969.0,0.0,0.0,0.11764705882352941
15.0,9.0,24.0,0.1,0.075,0.2,1.0,964.0,0.0,0.0,0.11618257261410789
15.0,9.0,25.0,0.1,0.075,0.2,1.0,877.0,0.0,0.0,0.1265678449258837
15.0,9.0,26.0,0.1,0.075,0.2,1.0,854.0,0.0,0.0,0.12412177985948478
15.0,9.0,27.0,0.1,0.075,0.2,1.0,850.0,0.0,0.0,0.12705882352941175
15.0,9.0,28.0,0.1,0.075,0.2,1.0,840.0,0.0,0.0,0.125
15.0,9.0,29.0,0.1,0.075,0.2,1.0,811.0,0.0,0.0,0.12946979038224415
15.0,9.0,30.0,0.1,0.075,0.2,1.0,804.0,0.0,0.0,0.12686567164179105
15.0,9.0,31.0,0.1,0.075,0.2,1.0,811.0,0.0,0.0,0.12946979038224415
15.0,9.0,32.0,0.1,0.075,0.2,1.0,776.0,0.0,0.0,0.12757731958762886
15.0,9.0,33.0,0.1,0.075,0.2,1.0,778.0,0.0,0.0,0.12982005141388175
15.0,9.0,34.0,0.1,0.075,0.2,1.0,775.0,0.0,0.0,0.12774193548387097
15.0,9.0,35.0,0.1,0.075,0.2,1.0,755.0,0.0,0.0,0.12980132450331125
15.0,9.0,36.0,0.1,0.075,0.2,1.0,743.0,0.0,0.0,0.1278600269179004
15.0,9.0,37.0,0.1,0.075,0.2,1.0,713.0,0.0,0.0,0.13604488078541374
15.0,9.0,38.0,0.1,0.075,0.2,1.0,698.0,0.0,0.0,0.1318051575931232
15.0,9.0,39.0,0.1,0.075,0.2,1.0,705.0,0.0,0.0,0.1347517730496454
15.0,9.0,40.0,0.1,0.075,0.2,1.0,698.0,0.0,0.0,0.1318051575931232
15.0,9.0,41.0,0.1,0.075,0.2,1.0,705.0,0.0,0.0,0.1347517730496454
15.0,9.0,42.0,0.1,0.075,0.2,1.0,701.0,0.0,0.0,0.1312410841654779
15.0,9.0,43.0,0.1,0.075,0.2,1.0,692.0,0.0,0.0,0.1315028901734104
15.0,9.0,44.0,0.1,0.075,0.2,1.0,687.0,0.0,0.0,0.12954876273653565
15.0,9.0,45.0,0.1,0.075,0.2,1.0,680.0,0.0,0.0,0.19264705882352942
15.0,9.0,46.0,0.1,0.075,0.2,1.0,674.0,0.0,0.0,0.19287833827893175
15.0,9.0,47.0,0.1,0.075,0.2,1.0,668.0,0.0,0.0,0.19311377245508982
15.0,9.0,48.0,0.1,0.075,0.2,1.0,662.0,0.0,0.0,0.1933534743202417
15.0,9.0,49.0,0.1,0.075,0.2,1.0,667.0,0.0,0.0,0.1934032983508246
15.0,9.0,50.0,0.1,0.075,0.2,1.0,663.0,0.0,0.0,0.19306184012066366
15.0,9.0,51.0,0.1,0.075,0.2,1.0,669.0,0.0,0.0,0.19282511210762332
15.0,9.0,52.0,0.1,0.075,0.2,1.0,661.0,0.0,0.0,0.19364599092284418
15.0,10.0,1.0,0.1,0.075,0.2,1.0,659.0,0.0,0.0,0.19271623672230653
15.0,10.0,2.0,0.1,0.075,0.2,1.0,661.0,0.0,0.0,0.19364599092284418
15.0,10.0,3.0,0.1,0.075,0.2,1.0,659.0,0.0,0.0,0.19271623672230653
15.0,10.0,4.0,0.1,0.075,0.2,1.0,661.0,0.0,0.0,0.19364599092284418
15.0,10.0,5.0,0.1,0.075,0.2,1.0,657.0,0.0,0.0,0.1933028919330289
15.0,10.0,6.0,0.1,0.075,0.2,1.0,658.0,0.0,0.0,0.1945288753799392
15.0,10.0,7.0,0.1,0.075,0.2,1.0,656.0,0.0,0.0,0.19359756097560976
15.0,10.0,8.0,0.1,0.075,0.2,1.0,653.0,0.0,0.0,0.19601837672281777
15.0,10.0,9.0,0.1,0.075,0.2,1.0,637.0,0.0,0.0,0.19152276295133439
15.0,10.0,10.0,0.1,0.075,0.2,1.0,639.0,0.0,0.0,0.19405320813771518
15.0,10.0,11.0,0.1,0.075,0.2,1.0,637.0,0.0,0.0,0.19152276295133439
15.0,10.0,12.0,0.1,0.075,0.2,1.0,637.0,0.0,0.0,0.19309262166405022
15.0,10.0,13.0,0.1,0.075,0.2,1.0,624.0,0.0,0.0,0.19391025641025642
15.0,10.0,14.0,0.1,0.075,0.2,1.0,624.0,0.0,0.0,0.1971153846153846
15.0,10.0,15.0,0.1,0.075,0.2,1.0,624.0,0.0,0.0,0.1955128205128205
15.0,10.0,16.0,0.1,0.075,0.2,1.0,625.0,0.0,0.0,0.1968
15.0,10.0,17.0,0.1,0.075,0.2,1.0,624.0,0.0,0.0,0.1955128205128205
15.0,10.0,18.0,0.1,0.075,0.2,1.0,625.0,0.0,0.0,0.1968
15.0,10.0,19.0,0.1,0.075,0.2,1.0,624.0,0.0,0.0,0.1955128205128205
15.0,10.0,20.0,0.1,0.075,0.2,1.0,1031.0,0.0,0.0,0.10572259941804074
15.0,10.0,21.0,0.1,0.075,0.2,1.0,998.0,0.0,0.0,0.1062124248496994
15.0,10.0,22.0,0.1,0.075,0.2,1.0,981.0,0.0,0.0,0.109072375127421
15.0,10.0,23.0,0.1,0.075,0.2,1.0,971.0,0.0,0.0,0.10916580844490216
15.0,10.0,24.0,0.1,0.075,0.2,1.0,950.0,0.0,0.0,0.11157894736842106
15.0,10.0,25.0,0.1,0.075,0.2,1.0,918.0,0.0,0.0,0.11002178649237472
15.0,10.0,26.0,0.1,0.075,0.2,1.0,894.0,0.0,0.0,0.11409395973154363
15.0,10.0,27.0,0.1,0.075,0.2,1.0,881.0,0.0,0.0,0.11237230419977298
15.0,10.0,28.0,0.1,0.075,0.2,1.0,851.0,0.0,0.0,0.1128084606345476
15.0,10.0,29.0,0.1,0.075,0.2,1.0,858.0,0.0,0.0,0.11072261072261072
15.0,10.0,30.0,0.1,0.075,0.2,1.0,839.0,0.0,0.0,0.11203814064362336
15.0,10.0,31.0,0.1,0.075,0.2,1.0,809.0,0.0,0.0,0.11248454882571075
15.0,10.0,32.0,0.1,0.075,0.2,1.0,771.0,0.0,0.0,0.11802853437094682
15.0,10.0,33.0,0.1,0.075,0.2,1.0,775.0,0.0,0.0,0.11612903225806452
15.0,10.0,34.0,0.1,0.075,0.2,1.0,758.0,0.0,0.0,0.12005277044854881
15.0,10.0,35.0,0.1,0.075,0.2,1.0,761.0,0.0,0.0,0.11826544021024968
15.0,10.0,36.0,0.1,0.075,0.2,1.0,759.0,0.0,0.0,0.11989459815546773
15.0,10.0,37.0,0.1,0.075,0.2,1.0,761.0,0.0,0.0,0.11826544021024968
15.0,10.0,38.0,0.1,0.075,0.2,1.0,757.0,0.0,0.0,0.1202113606340819
15.0,10.0,39.0,0.1,0.075,0.2,1.0,760.0,0.0,0.0,0.11710526315789474
15.0,10.0,40.0,0.1,0.075,0.2,1.0,745.0,0.0,0.0,0.11812080536912752
15.0,10.0,41.0,0.1,0.075,0.2,1.0,751.0,0.0,0.0,0.11584553928095873
15.0,10.0,42.0,0.1,0.075,0.2,1.0,731.0,0.0,0.0,0.11901504787961696
15.0,10.0,43.0,0.1,0.075,0.2,1.0,736.0,0.0,0.0,0.11684782608695653
15.0,10.0,44.0,0.1,0.075,0.2,1.0,730.0,0.0,0.0,0.11917808219178082
15.0,10.0,45.0,0.1,0.075,0.2,1.0,723.0,0.0,0.0,0.19225449515905949
15.0,10.0,46.0,0.1,0.075,0.2,1.0,722.0,0.0,0.0,0.19390581717451524
15.0,10.0,47.0,0.1,0.075,0.2,1.0,708.0,0.0,0.0,0.19350282485875706
15.0,10.0,48.0,0.1,0.075,0.2,1.0,695.0,0.0,0.0,0.1971223021582734
15.0,10.0,49.0,0.1,0.075,0.2,1.0,695.0,0.0,0.0,0.19568345323741007
15.0,10.0,50.0,0.1,0.075,0.2,1.0,694.0,0.0,0.0,0.19740634005763688
15.0,10.0,51.0,0.1,0.075,0.2,1.0,688.0,0.0,0.0,0.19767441860465115
15.0,10.0,52.0,0.1,0.075,0.2,1.0,688.0,0.0,0.0,0.19912790697674418
16.0,1.0,1.0,0.1,0.075,0.2,1.0,5145.0,51.0,10.0,0.09834791059280855
16.0,1.0,2.0,0.1,0.075,0.2,1.0,5077.0,55.0,20.0,0.0986803230254087
16.0,1.0,3.0,0.1,0.075,0.2,1.0,5065.0,87.0,36.0,0.09733464955577492
16.0,1.0,4.0,0.1,0.075,0.2,1.0,5023.0,102.0,41.0,0.09854668524785984
16.0,1.0,5.0,0.1,0.075,0.2,1.0,4995.0,121.0,49.0,0.0994994994994995
16.0,1.0,6.0,0.1,0.075,0.2,1.0,4837.0,153.0,53.0,0.1017159396320033
16.0,1.0,7.0,0.1,0.075,0.2,1.0,4608.0,161.0,62.0,0.10221354166666667
16.0,1.0,8.0,0.1,0.075,0.2,1.0,4461.0,193.0,72.0,0.10356422326832548
16.0,1.0,9.0,0.1,0.075,0.2,1.0,4289.0,225.0,78.0,0.1039869433434367
16.0,1.0,10.0,0.1,0.075,0.2,1.0,4110.0,240.0,87.0,0.10583941605839416
16.0,1.0,11.0,0.1,0.075,0.2,1.0,4043.0,254.0,107.0,0.10709868909225823
16.0,1.0,12.0,0.1,0.075,0.2,1.0,3905.0,281.0,117.0,0.1088348271446863
16.0,1.0,13.0,0.1,0.075,0.2,1.0,3754.0,267.0,127.0,0.11108151305274375
16.0,1.0,14.0,0.1,0.075,0.2,1.0,3613.0,279.0,129.0,0.11320232493772488
16.0,1.0,15.0,0.1,0.075,0.2,1.0,3523.0,279.0,141.0,0.11325574794209481
16.0,1.0,16.0,0.1,0.075,0.2,1.0,3372.0,285.0,133.0,0.11476868327402136
16.0,1.0,17.0,0.1,0.075,0.2,1.0,3307.0,283.0,134.0,0.11702449349863925
16.0,1.0,18.0,0.1,0.075,0.2,1.0,3218.0,271.0,131.0,0.11932877563704164
16.0,1.0,19.0,0.1,0.075,0.2,1.0,3174.0,262.0,134.0,0.12066792690611217
16.0,1.0,20.0,0.1,0.075,0.2,1.0,5843.0,249.0,128.0,0.06469279479719323
16.0,1.0,21.0,0.1,0.075,0.2,1.0,5459.0,299.0,114.0,0.06631251144898333
16.0,1.0,22.0,0.1,0.075,0.2,1.0,5187.0,293.0,116.0,0.06631964526701369
16.0,1.0,23.0,0.1,0.075,0.2,1.0,4985.0,305.0,125.0,0.06820461384152457
16.0,1.0,24.0,0.1,0.075,0.2,1.0,4754.0,332.0,136.0,0.06878418174169121
16.0,1.0,25.0,0.1,0.075,0.2,1.0,4471.0,352.0,142.0,0.06933571907850593
16.0,1.0,26.0,0.1,0.075,0.2,1.0,4221.0,381.0,149.0,0.07083629471689173
16.0,1.0,27.0,0.1,0.075,0.2,1.0,3998.0,388.0,155.0,0.07378689344672336
16.0,1.0,28.0,0.1,0.075,0.2,1.0,3813.0,415.0,182.0,0.07343299239444008
16.0,1.0,29.0,0.1,0.075,0.2,1.0,3612.0,429.0,204.0,0.07613510520487264
16.0,1.0,30.0,0.1,0.075,0.2,1.0,3473.0,441.0,212.0,0.07803052116325943
16.0,1.0,31.0,0.1,0.075,0.2,1.0,3214.0,402.0,188.0,0.08182949595519602
16.0,1.0,32.0,0.1,0.075,0.2,1.0,3025.0,389.0,176.0,0.08330578512396694
16.0,1.0,33.0,0.1,0.075,0.2,1.0,2890.0,369.0,171.0,0.0847750865051903
16.0,1.0,34.0,0.1,0.075,0.2,1.0,2802.0,368.0,183.0,0.0867237687366167
16.0,1.0,35.0,0.1,0.075,0.2,1.0,2653.0,353.0,164.0,0.08970976253298153
16.0,1.0,36.0,0.1,0.075,0.2,1.0,2565.0,363.0,168.0,0.09239766081871345
16.0,1.0,37.0,0.1,0.075,0.2,1.0,2431.0,340.0,156.0,0.09502262443438914
16.0,1.0,38.0,0.1,0.075,0.2,1.0,2328.0,332.0,160.0,0.0975085910652921
16.0,1.0,39.0,0.1,0.075,0.2,1.0,2227.0,318.0,152.0,0.10148181409968568
16.0,1.0,40.0,0.1,0.075,0.2,1.0,2134.0,295.0,139.0,0.1049671977507029
16.0,1.0,41.0,0.1,0.075,0.2,1.0,2033.0,287.0,144.0,0.10772257747171668
16.0,1.0,42.0,0.1,0.075,0.2,1.0,1938.0,268.0,138.0,0.10939112487100103
16.0,1.0,43.0,0.1,0.075,0.2,1.0,1852.0,257.0,130.0,0.11339092872570194
16.0,1.0,44.0,0.1,0.075,0.2,1.0,1766.0,248.0,113.0,0.11947904869762174
16.0,1.0,45.0,0.1,0.075,0.2,1.0,1685.0,242.0,123.0,0.1916913946587537
16.0,1.0,46.0,0.1,0.075,0.2,1.0,1605.0,222.0,121.0,0.1956386292834891
16.0,1.0,47.0,0.1,0.075,0.2,1.0,1550.0,207.0,113.0,0.19548387096774195
16.0,1.0,48.0,0.1,0.075,0.2,1.0,1486.0,183.0,91.0,0.20524899057873486
16.0,1.0,49.0,0.1,0.075,0.2,1.0,1413.0,160.0,86.0,0.20452937013446568
16.0,1.0,50.0,0.1,0.075,0.2,1.0,1383.0,154.0,92.0,0.20824295010845986
16.0,1.0,51.0,0.1,0.075,0.2,1.0,1339.0,151.0,80.0,0.21209858103061988
16.0,1.0,52.0,0.1,0.075,0.2,1.0,1297.0,129.0,67.0,0.2181958365458751
16.0,2.0,1.0,0.1,0.075,0.2,1.0,1244.0,114.0,57.0,0.22347266881028938
16.0,2.0,2.0,0.1,0.075,0.2,1.0,1233.0,114.0,59.0,0.2222222222222222
16.0,2.0,3.0,0.1,0.075,0.2,1.0,1186.0,100.0,58.0,0.22765598650927488
16.0,2.0,4.0,0.1,0.075,0.2,1.0,1166.0,92.0,52.0,0.23156089193825044
16.0,2.0,5.0,0.1,0.075,0.2,1.0,1137.0,86.0,50.0,0.23482849604221637
16.0,2.0,6.0,0.1,0.075,0.2,1.0,1104.0,84.0,45.0,0.23822463768115942
16.0,2.0,7.0,0.1,0.075,0.2,1.0,1075.0,74.0,40.0,0.24465116279069768
16.0,2.0,8.0,0.1,0.075,0.2,1.0,1054.0,69.0,40.0,0.2495256166982922
16.0,2.0,9.0,0.1,0.075,0.2,1.0,1028.0,62.0,31.0,0.2529182879377432
16.0,2.0,10.0,0.1,0.075,0.2,1.0,1012.0,56.0,28.0,0.2549407114624506
16.0,2.0,11.0,0.1,0.075,0.2,1.0,987.0,47.0,19.0,0.26038500506585616
16.0,2.0,12.0,0.1,0.075,0.2,1.0,978.0,47.0,22.0,0.26482617586912066
16.0,2.0,13.0,0.1,0.075,0.2,1.0,961.0,43.0,28.0,0.26742976066597296
16.0,2.0,14.0,0.1,0.075,0.2,1.0,949.0,43.0,25.0,0.2708113804004215
16.0,2.0,15.0,0.1,0.075,0.2,1.0,934.0,38.0,21.0,0.27194860813704497
16.0,2.0,16.0,0.1,0.075,0.2,1.0,910.0,37.0,14.0,0.27912087912087913
16.0,2.0,17.0,0.1,0.075,0.2,1.0,899.0,34.0,13.0,0.27919911012235815
16.0,2.0,18.0,0.1,0.075,0.2,1.0,899.0,35.0,17.0,0.2803114571746385
16.0,2.0,19.0,0.1,0.075,0.2,1.0,887.0,36.0,15.0,0.27959413754227735
16.0,2.0,20.0,0.1,0.075,0.2,1.0,1662.0,36.0,21.0,0.1486161251504212
16.0,2.0,21.0,0.1,0.075,0.2,1.0,1606.0,44.0,18.0,0.15006226650062265
16.0,2.0,22.0,0.1,0.075,0.2,1.0,1559.0,48.0,23.0,0.150096215522771
16.0,2.0,23.0,0.1,0.075,0.2,1.0,1503.0,49.0,21.0,0.15169660678642716
16.0,2.0,24.0,0.1,0.075,0.2,1.0,1433.0,49.0,18.0,0.15561758548499652
16.0,2.0,25.0,0.1,0.075,0.2,1.0,1378.0,54.0,18.0,0.1567489114658926
16.0,2.0,26.0,0.1,0.075,0.2,1.0,1316.0,57.0,20.0,0.1595744680851064
16.0,2.0,27.0,0.1,0.075,0.2,1.0,1278.0,60.0,22.0,0.1572769953051643
16.0,2.0,28.0,0.1,0.075,0.2,1.0,1238.0,66.0,25.0,0.1583198707592892
16.0,2.0,29.0,0.1,0.075,0.2,1.0,1205.0,63.0,28.0,0.16265560165975104
16.0,2.0,30.0,0.1,0.075,0.2,1.0,1185.0,63.0,32.0,0.16455696202531644
16.0,2.0,31.0,0.1,0.075,0.2,1.0,1151.0,68.0,35.0,0.16941789748045177
16.0,2.0,32.0,0.1,0.075,0.2,1.0,1137.0,69.0,31.0,0.16974494283201408
16.0,2.0,33.0,0.1,0.075,0.2,1.0,1110.0,67.0,32.0,0.17117117117117117
16.0,2.0,34.0,0.1,0.075,0.2,1.0,1102.0,64.0,38.0,0.1724137931034483
16.0,2.0,35.0,0.1,0.075,0.2,1.0,1063.0,68.0,37.0,0.17779868297271872
16.0,2.0,36.0,0.1,0.075,0.2,1.0,1061.0,66.0,31.0,0.17907634307257306
16.0,2.0,37.0,0.1,0.075,0.2,1.0,1037.0,56.0,23.0,0.18225650916104147
16.0,2.0,38.0,0.1,0.075,0.2,1.0,1016.0,49.0,24.0,0.18208661417322836
16.0,2.0,39.0,0.1,0.075,0.2,1.0,971.0,52.0,24.0,0.1874356333676622
16.0,2.0,40.0,0.1,0.075,0.2,1.0,961.0,58.0,28.0,0.18938605619146723
16.0,2.0,41.0,0.1,0.075,0.2,1.0,930.0,59.0,26.0,0.1924731182795699
16.0,2.0,42.0,0.1,0.075,0.2,1.0,909.0,62.0,24.0,0.19471947194719472
16.0,2.0,43.0,0.1,0.075,0.2,1.0,861.0,52.0,21.0,0.19744483159117304
16.0,2.0,44.0,0.1,0.075,0.2,1.0,851.0,52.0,28.0,0.19858989424206816
16.0,2.0,45.0,0.1,0.075,0.2,1.0,830.0,57.0,34.0,0.26506024096385544
16.0,2.0,46.0,0.1,0.075,0.2,1.0,826.0,51.0,30.0,0.26634382566585957
16.0,2.0,47.0,0.1,0.075,0.2,1.0,797.0,37.0,17.0,0.2722710163111669
16.0,2.0,48.0,0.1,0.075,0.2,1.0,789.0,32.0,16.0,0.27249683143219267
16.0,2.0,49.0,0.1,0.075,0.2,1.0,776.0,33.0,15.0,0.27835051546391754
16.0,2.0,50.0,0.1,0.075,0.2,1.0,776.0,35.0,18.0,0.27448453608247425
16.0,2.0,51.0,0.1,0.075,0.2,1.0,756.0,31.0,13.0,0.2777777777777778
16.0,2.0,52.0,0.1,0.075,0.2,1.0,751.0,30.0,19.0,0.27430093209054596
16.0,3.0,1.0,0.1,0.075,0.2,1.0,736.0,26.0,19.0,0.27853260869565216
16.0,3.0,2.0,0.1,0.075,0.2,1.0,725.0,22.0,15.0,0.2772413793103448
16.0,3.0,3.0,0.1,0.075,0.2,1.0,703.0,14.0,8.0,0.28165007112375534
16.0,3.0,4.0,0.1,0.075,0.2,1.0,700.0,10.0,8.0,0.2814285714285714
16.0,3.0,5.0,0.1,0.075,0.2,1.0,689.0,10.0,7.0,0.2830188679245283
16.0,3.0,6.0,0.1,0.075,0.2,1.0,689.0,9.0,6.0,0.28156748911465895
16.0,3.0,7.0,0.1,0.075,0.2,1.0,668.0,4.0,4.0,0.28293413173652693
16.0,3.0,8.0,0.1,0.075,0.2,1.0,664.0,5.0,4.0,0.2816265060240964
16.0,3.0,9.0,0.1,0.075,0.2,1.0,649.0,4.0,4.0,0.27889060092449924
16.0,3.0,10.0,0.1,0.075,0.2,1.0,646.0,2.0,1.0,0.28173374613003094
16.0,3.0,11.0,0.1,0.075,0.2,1.0,637.0,1.0,0.0,0.28414442700156983
16.0,3.0,12.0,0.1,0.075,0.2,1.0,637.0,1.0,1.0,0.28414442700156983
16.0,3.0,13.0,0.1,0.075,0.2,1.0,624.0,1.0,1.0,0.28205128205128205
16.0,3.0,14.0,0.1,0.075,0.2,1.0,626.0,1.0,1.0,0.2779552715654952
16.0,3.0,15.0,0.1,0.075,0.2,1.0,618.0,0.0,0.0,0.2783171521035599
16.0,3.0,16.0,0.1,0.075,0.2,1.0,616.0,0.0,0.0,0.275974025974026
16.0,3.0,17.0,0.1,0.075,0.2,1.0,612.0,0.0,0.0,0.2761437908496732
16.0,3.0,18.0,0.1,0.075,0.2,1.0,614.0,0.0,0.0,0.2768729641693811
16.0,3.0,19.0,0.1,0.075,0.2,1.0,607.0,0.0,0.0,0.2784184514003295
16.0,3.0,20.0,0.1,0.075,0.2,1.0,1138.0,0.0,0.0,0.14674868189806678
16.0,3.0,21.0,0.1,0.075,0.2,1.0,1121.0,0.0,0.0,0.14897413024085637
16.0,3.0,22.0,0.1,0.075,0.2,1.0,1123.0,0.0,0.0,0.14870881567230632
16.0,3.0,23.0,0.1,0.075,0.2,1.0,1113.0,0.0,0.0,0.1500449236298293
16.0,3.0,24.0,0.1,0.075,0.2,1.0,1082.0,0.0,0.0,0.14695009242144177
16.0,3.0,25.0,0.1,0.075,0.2,1.0,1027.0,0.0,0.0,0.15092502434274585
16.0,3.0,26.0,0.1,0.075,0.2,1.0,1022.0,0.0,0.0,0.1506849315068493
16.0,3.0,27.0,0.1,0.075,0.2,1.0,997.0,0.0,0.0,0.15245737211634905
16.0,3.0,28.0,0.1,0.075,0.2,1.0,993.0,0.0,0.0,0.14904330312185296
16.0,3.0,29.0,0.1,0.075,0.2,1.0,980.0,0.0,0.0,0.1510204081632653
16.0,3.0,30.0,0.1,0.075,0.2,1.0,988.0,0.0,0.0,0.14979757085020243
16.0,3.0,31.0,0.1,0.075,0.2,1.0,976.0,0.0,0.0,0.14959016393442623
16.0,3.0,32.0,0.1,0.075,0.2,1.0,982.0,0.0,0.0,0.14765784114052954
16.0,3.0,33.0,0.1,0.075,0.2,1.0,973.0,0.0,0.0,0.14799588900308325
16.0,3.0,34.0,0.1,0.075,0.2,1.0,960.0,0.0,0.0,0.14791666666666667
16.0,3.0,35.0,0.1,0.075,0.2,1.0,936.0,0.0,0.0,0.1452991452991453
16.0,3.0,36.0,0.1,0.075,0.2,1.0,928.0,0.0,0.0,0.14439655172413793
16.0,3.0,37.0,0.1,0.075,0.2,1.0,903.0,0.0,0.0,0.14396456256921372
16.0,3.0,38.0,0.1,0.075,0.2,1.0,885.0,0.0,0.0,0.1423728813559322
16.0,3.0,39.0,0.1,0.075,0.2,1.0,858.0,0.0,0.0,0.1456876456876457
16.0,3.0,40.0,0.1,0.075,0.2,1.0,827.0,0.0,0.0,0.1475211608222491
16.0,3.0,41.0,0.1,0.075,0.2,1.0,804.0,0.0,0.0,0.14925373134328357
16.0,3.0,42.0,0.1,0.075,0.2,1.0,794.0,0.0,0.0,0.1473551637279597
16.0,3.0,43.0,0.1,0.075,0.2,1.0,787.0,0.0,0.0,0.1473951715374841
16.0,3.0,44.0,0.1,0.075,0.2,1.0,764.0,0.0,0.0,0.14659685863874344
16.0,3.0,45.0,0.1,0.075,0.2,1.0,748.0,0.0,0.0,0.2018716577540107
16.0,3.0,46.0,0.1,0.075,0.2,1.0,746.0,0.0,0.0,0.20509383378016086
16.0,3.0,47.0,0.1,0.075,0.2,1.0,715.0,0.0,0.0,0.2
16.0,3.0,48.0,0.1,0.075,0.2,1.0,699.0,0.0,0.0,0.20457796852646637
16.0,3.0,49.0,0.1,0.075,0.2,1.0,677.0,0.0,0.0,0.20088626292466766
16.0,3.0,50.0,0.1,0.075,0.2,1.0,672.0,0.0,0.0,0.20089285714285715
16.0,3.0,51.0,0.1,0.075,0.2,1.0,670.0,0.0,0.0,0.19701492537313434
16.0,3.0,52.0,0.1,0.075,0.2,1.0,667.0,0.0,0.0,0.19790104947526238
16.0,4.0,1.0,0.1,0.075,0.2,1.0,663.0,0.0,0.0,0.1975867269984917
16.0,4.0,2.0,0.1,0.075,0.2,1.0,648.0,0.0,0.0,0.2006172839506173
16.0,4.0,3.0,0.1,0.075,0.2,1.0,628.0,0.0,0.0,0.20063694267515925
16.0,4.0,4.0,0.1,0.075,0.2,1.0,625.0,0.0,0.0,0.2032
16.0,4.0,5.0,0.1,0.075,0.2,1.0,616.0,0.0,0.0,0.2012987012987013
16.0,4.0,6.0,0.1,0.075,0.2,1.0,619.0,0.0,0.0,0.2035541195476575
16.0,4.0,7.0,0.1,0.075,0.2,1.0,613.0,0.0,0.0,0.200652528548124
16.0,4.0,8.0,0.1,0.075,0.2,1.0,615.0,0.0,0.0,0.2032520325203252
16.0,4.0,9.0,0.1,0.075,0.2,1.0,606.0,0.0,0.0,0.19636963696369636
16.0,4.0,10.0,0.1,0.075,0.2,1.0,603.0,0.0,0.0,0.20066334991708126
16.0,4.0,11.0,0.1,0.075,0.2,1.0,585.0,0.0,0.0,0.2
16.0,4.0,12.0,0.1,0.075,0.2,1.0,588.0,0.0,0.0,0.20238095238095238
16.0,4.0,13.0,0.1,0.075,0.2,1.0,582.0,0.0,0.0,0.19931271477663232
16.0,4.0,14.0,0.1,0.075,0.2,1.0,579.0,0.0,0.0,0.20552677029360966
16.0,4.0,15.0,0.1,0.075,0.2,1.0,572.0,0.0,0.0,0.20279720279720279
16.0,4.0,16.0,0.1,0.075,0.2,1.0,572.0,0.0,0.0,0.2062937062937063
16.0,4.0,17.0,0.1,0.075,0.2,1.0,567.0,0.0,0.0,0.20105820105820105
16.0,4.0,18.0,0.1,0.075,0.2,1.0,568.0,0.0,0.0,0.20422535211267606
16.0,4.0,19.0,0.1,0.075,0.2,1.0,551.0,0.0,0.0,0.1996370235934664
16.0,4.0,20.0,0.1,0.075,0.2,1.0,1052.0,0.0,0.0,0.10551330798479087
16.0,4.0,21.0,0.1,0.075,0.2,1.0,1020.0,0.0,0.0,0.10392156862745099
16.0,4.0,22.0,0.1,0.075,0.2,1.0,988.0,0.0,0.0,0.1062753036437247
16.0,4.0,23.0,0.1,0.075,0.2,1.0,980.0,0.0,0.0,0.10306122448979592
16.0,4.0,24.0,0.1,0.075,0.2,1.0,952.0,0.0,0.0,0.10189075630252101
16.0,4.0,25.0,0.1,0.075,0.2,1.0,926.0,0.0,0.0,0.09935205183585313
16.0,4.0,26.0,0.1,0.075,0.2,1.0,921.0,0.0,0.0,0.10314875135722042
16.0,4.0,27.0,0.1,0.075,0.2,1.0,887.0,0.0,0.0,0.10146561443066517
16.0,4.0,28.0,0.1,0.075,0.2,1.0,835.0,0.0,0.0,0.10419161676646707
16.0,4.0,29.0,0.1,0.075,0.2,1.0,819.0,0.0,0.0,0.10012210012210013
16.0,4.0,30.0,0.1,0.075,0.2,1.0,811.0,0.0,0.0,0.10357583230579531
16.0,4.0,31.0,0.1,0.075,0.2,1.0,788.0,0.0,0.0,0.10152284263959391
16.0,4.0,32.0,0.1,0.075,0.2,1.0,757.0,0.0,0.0,0.10435931307793923
16.0,4.0,33.0,0.1,0.075,0.2,1.0,752.0,0.0,0.0,0.10106382978723404
16.0,4.0,34.0,0.1,0.075,0.2,1.0,754.0,0.0,0.0,0.10477453580901856
16.0,4.0,35.0,0.1,0.075,0.2,1.0,751.0,0.0,0.0,0.09986684420772303
16.0,4.0,36.0,0.1,0.075,0.2,1.0,744.0,0.0,0.0,0.10483870967741936
16.0,4.0,37.0,0.1,0.075,0.2,1.0,711.0,0.0,0.0,0.09985935302390998
16.0,4.0,38.0,0.1,0.075,0.2,1.0,703.0,0.0,0.0,0.10526315789473684
16.0,4.0,39.0,0.1,0.075,0.2,1.0,688.0,0.0,0.0,0.09883720930232558
16.0,4.0,40.0,0.1,0.075,0.2,1.0,698.0,0.0,0.0,0.1017191977077364
16.0,4.0,41.0,0.1,0.075,0.2,1.0,694.0,0.0,0.0,0.09798270893371758
16.0,4.0,42.0,0.1,0.075,0.2,1.0,683.0,0.0,0.0,0.10102489019033675
16.0,4.0,43.0,0.1,0.075,0.2,1.0,673.0,0.0,0.0,0.09806835066864784
16.0,4.0,44.0,0.1,0.075,0.2,1.0,676.0,0.0,0.0,0.10207100591715976
16.0,4.0,45.0,0.1,0.075,0.2,1.0,670.0,0.0,0.0,0.14925373134328357
16.0,4.0,46.0,0.1,0.075,0.2,1.0,672.0,0.0,0.0,0.15029761904761904
16.0,4.0,47.0,0.1,0.075,0.2,1.0,667.0,0.0,0.0,0.1469265367316342
16.0,4.0,48.0,0.1,0.075,0.2,1.0,664.0,0.0,0.0,0.14759036144578314
16.0,4.0,49.0,0.1,0.075,0.2,1.0,656.0,0.0,0.0,0.1448170731707317
16.0,4.0,50.0,0.1,0.075,0.2,1.0,660.0,0.0,0.0,0.14393939393939395
16.0,4.0,51.0,0.1,0.075,0.2,1.0,653.0,0.0,0.0,0.1439509954058193
16.0,4.0,52.0,0.1,0.075,0.2,1.0,645.0,0.0,0.0,0.14573643410852713
16.0,5.0,1.0,0.1,0.075,0.2,1.0,636.0,0.0,0.0,0.14150943396226415
16.0,5.0,2.0,0.1,0.075,0.2,1.0,634.0,0.0,0.0,0.14037854889589904
16.0,5.0,3.0,0.1,0.075,0.2,1.0,624.0,0.0,0.0,0.13942307692307693
16.0,5.0,4.0,0.1,0.075,0.2,1.0,629.0,0.0,0.0,0.13990461049284578
16.0,5.0,5.0,0.1,0.075,0.2,1.0,620.0,0.0,0.0,0.13870967741935483
16.0,5.0,6.0,0.1,0.075,0.2,1.0,625.0,0.0,0.0,0.1408
16.0,5.0,7.0,0.1,0.075,0.2,1.0,619.0,0.0,0.0,0.13731825525040386
16.0,5.0,8.0,0.1,0.075,0.2,1.0,615.0,0.0,0.0,0.13983739837398373
16.0,5.0,9.0,0.1,0.075,0.2,1.0,612.0,0.0,0.0,0.13562091503267973
16.0,5.0,10.0,0.1,0.075,0.2,1.0,608.0,0.0,0.0,0.13815789473684212
16.0,5.0,11.0,0.1,0.075,0.2,1.0,597.0,0.0,0.0,0.1323283082077052
16.0,5.0,12.0,0.1,0.075,0.2,1.0,598.0,0.0,0.0,0.1354515050167224
16.0,5.0,13.0,0.1,0.075,0.2,1.0,592.0,0.0,0.0,0.13175675675675674
16.0,5.0,14.0,0.1,0.075,0.2,1.0,592.0,0.0,0.0,0.13513513513513514
16.0,5.0,15.0,0.1,0.075,0.2,1.0,591.0,0.0,0.0,0.1319796954314721
16.0,5.0,16.0,0.1,0.075,0.2,1.0,591.0,0.0,0.0,0.1353637901861252
16.0,5.0,17.0,0.1,0.075,0.2,1.0,593.0,0.0,0.0,0.1315345699831366
16.0,5.0,18.0,0.1,0.075,0.2,1.0,577.0,0.0,0.0,0.13344887348353554
16.0,5.0,19.0,0.1,0.075,0.2,1.0,580.0,0.0,0.0,0.12931034482758622
16.0,5.0,20.0,0.1,0.075,0.2,1.0,1081.0,0.0,0.0,0.07123034227567067
16.0,5.0,21.0,0.1,0.075,0.2,1.0,1065.0,0.0,0.0,0.0676056338028169
16.0,5.0,22.0,0.1,0.075,0.2,1.0,1070.0,0.0,0.0,0.0691588785046729
16.0,5.0,23.0,0.1,0.075,0.2,1.0,1066.0,0.0,0.0,0.0675422138836773
16.0,5.0,24.0,0.1,0.075,0.2,1.0,1051.0,0.0,0.0,0.06945765937202664
16.0,5.0,25.0,0.1,0.075,0.2,1.0,1048.0,0.0,0.0,0.06774809160305344
16.0,5.0,26.0,0.1,0.075,0.2,1.0,1050.0,0.0,0.0,0.06952380952380953
16.0,5.0,27.0,0.1,0.075,0.2,1.0,1010.0,0.0,0.0,0.06732673267326733
16.0,5.0,28.0,0.1,0.075,0.2,1.0,1000.0,0.0,0.0,0.07
16.0,5.0,29.0,0.1,0.075,0.2,1.0,934.0,0.0,0.0,0.06638115631691649
16.0,5.0,30.0,0.1,0.075,0.2,1.0,924.0,0.0,0.0,0.06926406926406926
16.0,5.0,31.0,0.1,0.075,0.2,1.0,916.0,0.0,0.0,0.0665938864628821
16.0,5.0,32.0,0.1,0.075,0.2,1.0,906.0,0.0,0.0,0.0695364238410596
16.0,5.0,33.0,0.1,0.075,0.2,1.0,907.0,0.0,0.0,0.06615214994487321
16.0,5.0,34.0,0.1,0.075,0.2,1.0,888.0,0.0,0.0,0.06981981981981981
16.0,5.0,35.0,0.1,0.075,0.2,1.0,891.0,0.0,0.0,0.06734006734006734
16.0,5.0,36.0,0.1,0.075,0.2,1.0,879.0,0.0,0.0,0.06939704209328783
16.0,5.0,37.0,0.1,0.075,0.2,1.0,858.0,0.0,0.0,0.06876456876456877
16.0,5.0,38.0,0.1,0.075,0.2,1.0,842.0,0.0,0.0,0.07244655581947744
16.0,5.0,39.0,0.1,0.075,0.2,1.0,797.0,0.0,0.0,0.07026348808030113
16.0,5.0,40.0,0.1,0.075,0.2,1.0,795.0,0.0,0.0,0.0729559748427673
16.0,5.0,41.0,0.1,0.075,0.2,1.0,771.0,0.0,0.0,0.07263294422827497
16.0,5.0,42.0,0.1,0.075,0.2,1.0,760.0,0.0,0.0,0.075
16.0,5.0,43.0,0.1,0.075,0.2,1.0,748.0,0.0,0.0,0.07219251336898395
16.0,5.0,44.0,0.1,0.075,0.2,1.0,711.0,0.0,0.0,0.07876230661040788
16.0,5.0,45.0,0.1,0.075,0.2,1.0,709.0,0.0,0.0,0.1466854724964739
16.0,5.0,46.0,0.1,0.075,0.2,1.0,700.0,0.0,0.0,0.14714285714285713
16.0,5.0,47.0,0.1,0.075,0.2,1.0,692.0,0.0,0.0,0.14595375722543352
16.0,5.0,48.0,0.1,0.075,0.2,1.0,697.0,0.0,0.0,0.1449067431850789
16.0,5.0,49.0,0.1,0.075,0.2,1.0,687.0,0.0,0.0,0.14410480349344978
16.0,5.0,50.0,0.1,0.075,0.2,1.0,691.0,0.0,0.0,0.14327062228654125
16.0,5.0,51.0,0.1,0.075,0.2,1.0,680.0,0.0,0.0,0.14411764705882352
16.0,5.0,52.0,0.1,0.075,0.2,1.0,681.0,0.0,0.0,0.14243759177679882
16.0,6.0,1.0,0.1,0.075,0.2,1.0,670.0,0.0,0.0,0.14328358208955225
16.0,6.0,2.0,0.1,0.075,0.2,1.0,676.0,0.0,0.0,0.14349112426035504
16.0,6.0,3.0,0.1,0.075,0.2,1.0,667.0,0.0,0.0,0.14392803598200898
16.0,6.0,4.0,0.1,0.075,0.2,1.0,671.0,0.0,0.0,0.14456035767511177
16.0,6.0,5.0,0.1,0.075,0.2,1.0,658.0,0.0,0.0,0.1458966565349544
16.0,6.0,6.0,0.1,0.075,0.2,1.0,663.0,0.0,0.0,0.14328808446455504
16.0,6.0,7.0,0.1,0.075,0.2,1.0,653.0,0.0,0.0,0.14088820826952528
16.0,6.0,8.0,0.1,0.075,0.2,1.0,654.0,0.0,0.0,0.14220183486238533
16.0,6.0,9.0,0.1,0.075,0.2,1.0,646.0,0.0,0.0,0.14241486068111456
16.0,6.0,10.0,0.1,0.075,0.2,1.0,654.0,0.0,0.0,0.1437308868501529
16.0,6.0,11.0,0.1,0.075,0.2,1.0,643.0,0.0,0.0,0.14463452566096424
16.0,6.0,12.0,0.1,0.075,0.2,1.0,647.0,0.0,0.0,0.14528593508500773
16.0,6.0,13.0,0.1,0.075,0.2,1.0,642.0,0.0,0.0,0.14485981308411214
16.0,6.0,14.0,0.1,0.075,0.2,1.0,642.0,0.0,0.0,0.14641744548286603
16.0,6.0,15.0,0.1,0.075,0.2,1.0,636.0,0.0,0.0,0.14465408805031446
16.0,6.0,16.0,0.1,0.075,0.2,1.0,640.0,0.0,0.0,0.1453125
16.0,6.0,17.0,0.1,0.075,0.2,1.0,635.0,0.0,0.0,0.14488188976377953
16.0,6.0,18.0,0.1,0.075,0.2,1.0,640.0,0.0,0.0,0.1453125
16.0,6.0,19.0,0.1,0.075,0.2,1.0,634.0,0.0,0.0,0.14511041009463724
16.0,6.0,20.0,0.1,0.075,0.2,1.0,1207.0,0.0,0.0,0.07705053852526926
16.0,6.0,21.0,0.1,0.075,0.2,1.0,1111.0,0.0,0.0,0.07920792079207921
16.0,6.0,22.0,0.1,0.075,0.2,1.0,1086.0,0.0,0.0,0.08195211786372007
16.0,6.0,23.0,0.1,0.075,0.2,1.0,1052.0,0.0,0.0,0.08269961977186312
16.0,6.0,24.0,0.1,0.075,0.2,1.0,1046.0,0.0,0.0,0.0841300191204589
16.0,6.0,25.0,0.1,0.075,0.2,1.0,1009.0,0.0,0.0,0.08523290386521308
16.0,6.0,26.0,0.1,0.075,0.2,1.0,990.0,0.0,0.0,0.08787878787878788
16.0,6.0,27.0,0.1,0.075,0.2,1.0,944.0,0.0,0.0,0.09110169491525423
16.0,6.0,28.0,0.1,0.075,0.2,1.0,918.0,0.0,0.0,0.08932461873638345
16.0,6.0,29.0,0.1,0.075,0.2,1.0,908.0,0.0,0.0,0.0881057268722467
16.0,6.0,30.0,0.1,0.075,0.2,1.0,885.0,0.0,0.0,0.08926553672316384
16.0,6.0,31.0,0.1,0.075,0.2,1.0,859.0,0.0,0.0,0.08498253783469151
16.0,6.0,32.0,0.1,0.075,0.2,1.0,844.0,0.0,0.0,0.08767772511848342
16.0,6.0,33.0,0.1,0.075,0.2,1.0,844.0,0.0,0.0,0.08767772511848342
16.0,6.0,34.0,0.1,0.075,0.2,1.0,832.0,0.0,0.0,0.0889423076923077
16.0,6.0,35.0,0.1,0.075,0.2,1.0,829.0,0.0,0.0,0.08805790108564536
16.0,6.0,36.0,0.1,0.075,0.2,1.0,814.0,0.0,0.0,0.085995085995086
16.0,6.0,37.0,0.1,0.075,0.2,1.0,791.0,0.0,0.0,0.08343868520859671
16.0,6.0,38.0,0.1,0.075,0.2,1.0,781.0,0.0,0.0,0.08322663252240717
16.0,6.0,39.0,0.1,0.075,0.2,1.0,780.0,0.0,0.0,0.08333333333333333
16.0,6.0,40.0,0.1,0.075,0.2,1.0,777.0,0.0,0.0,0.08236808236808237
16.0,6.0,41.0,0.1,0.075,0.2,1.0,763.0,0.0,0.0,0.08387942332896461
16.0,6.0,42.0,0.1,0.075,0.2,1.0,747.0,0.0,0.0,0.08299866131191433
16.0,6.0,43.0,0.1,0.075,0.2,1.0,746.0,0.0,0.0,0.08310991957104558
16.0,6.0,44.0,0.1,0.075,0.2,1.0,732.0,0.0,0.0,0.08469945355191257
16.0,6.0,45.0,0.1,0.075,0.2,1.0,729.0,0.0,0.0,0.14540466392318244
16.0,6.0,46.0,0.1,0.075,0.2,1.0,728.0,0.0,0.0,0.14285714285714285
16.0,6.0,47.0,0.1,0.075,0.2,1.0,716.0,0.0,0.0,0.14106145251396648
16.0,6.0,48.0,0.1,0.075,0.2,1.0,717.0,0.0,0.0,0.14086471408647142
16.0,6.0,49.0,0.1,0.075,0.2,1.0,715.0,0.0,0.0,0.14125874125874127
16.0,6.0,50.0,0.1,0.075,0.2,1.0,716.0,0.0,0.0,0.14106145251396648
16.0,6.0,51.0,0.1,0.075,0.2,1.0,714.0,0.0,0.0,0.14145658263305322
16.0,6.0,52.0,0.1,0.075,0.2,1.0,700.0,0.0,0.0,0.14285714285714285
16.0,7.0,1.0,0.1,0.075,0.2,1.0,692.0,0.0,0.0,0.14017341040462428
16.0,7.0,2.0,0.1,0.075,0.2,1.0,693.0,0.0,0.0,0.13997113997113997
16.0,7.0,3.0,0.1,0.075,0.2,1.0,692.0,0.0,0.0,0.14017341040462428
16.0,7.0,4.0,0.1,0.075,0.2,1.0,693.0,0.0,0.0,0.13997113997113997
16.0,7.0,5.0,0.1,0.075,0.2,1.0,688.0,0.0,0.0,0.13953488372093023
16.0,7.0,6.0,0.1,0.075,0.2,1.0,689.0,0.0,0.0,0.13933236574746008
16.0,7.0,7.0,0.1,0.075,0.2,1.0,687.0,0.0,0.0,0.13828238719068414
16.0,7.0,8.0,0.1,0.075,0.2,1.0,672.0,0.0,0.0,0.14136904761904762
16.0,7.0,9.0,0.1,0.075,0.2,1.0,670.0,0.0,0.0,0.1417910447761194
16.0,7.0,10.0,0.1,0.075,0.2,1.0,670.0,0.0,0.0,0.14029850746268657
16.0,7.0,11.0,0.1,0.075,0.2,1.0,666.0,0.0,0.0,0.14114114114114115
16.0,7.0,12.0,0.1,0.075,0.2,1.0,666.0,0.0,0.0,0.14114114114114115
16.0,7.0,13.0,0.1,0.075,0.2,1.0,664.0,0.0,0.0,0.14156626506024098
16.0,7.0,14.0,0.1,0.075,0.2,1.0,652.0,0.0,0.0,0.14263803680981596
16.0,7.0,15.0,0.1,0.075,0.2,1.0,651.0,0.0,0.0,0.14285714285714285
16.0,7.0,16.0,0.1,0.075,0.2,1.0,650.0,0.0,0.0,0.14307692307692307
16.0,7.0,17.0,0.1,0.075,0.2,1.0,650.0,0.0,0.0,0.14307692307692307
16.0,7.0,18.0,0.1,0.075,0.2,1.0,651.0,0.0,0.0,0.14285714285714285
16.0,7.0,19.0,0.1,0.075,0.2,1.0,650.0,0.0,0.0,0.14307692307692307
16.0,7.0,20.0,0.1,0.075,0.2,1.0,1189.0,0.0,0.0,0.0782169890664424
16.0,7.0,21.0,0.1,0.075,0.2,1.0,1137.0,0.0,0.0,0.07827616534740545
16.0,7.0,22.0,0.1,0.075,0.2,1.0,1108.0,0.0,0.0,0.07851985559566788
16.0,7.0,23.0,0.1,0.075,0.2,1.0,1064.0,0.0,0.0,0.08082706766917293
16.0,7.0,24.0,0.1,0.075,0.2,1.0,1037.0,0.0,0.0,0.07907425265188042
16.0,7.0,25.0,0.1,0.075,0.2,1.0,1037.0,0.0,0.0,0.07907425265188042
16.0,7.0,26.0,0.1,0.075,0.2,1.0,1025.0,0.0,0.0,0.07804878048780488
16.0,7.0,27.0,0.1,0.075,0.2,1.0,1019.0,0.0,0.0,0.07850834151128558
16.0,7.0,28.0,0.1,0.075,0.2,1.0,1005.0,0.0,0.0,0.07860696517412935
16.0,7.0,29.0,0.1,0.075,0.2,1.0,973.0,0.0,0.0,0.07810894141829394
16.0,7.0,30.0,0.1,0.075,0.2,1.0,968.0,0.0,0.0,0.07954545454545454
16.0,7.0,31.0,0.1,0.075,0.2,1.0,965.0,0.0,0.0,0.07875647668393783
16.0,7.0,32.0,0.1,0.075,0.2,1.0,956.0,0.0,0.0,0.08054393305439331
16.0,7.0,33.0,0.1,0.075,0.2,1.0,943.0,0.0,0.0,0.07953340402969247
16.0,7.0,34.0,0.1,0.075,0.2,1.0,923.0,0.0,0.0,0.08017334777898158
16.0,7.0,35.0,0.1,0.075,0.2,1.0,922.0,0.0,0.0,0.08026030368763558
16.0,7.0,36.0,0.1,0.075,0.2,1.0,905.0,0.0,0.0,0.08176795580110498
16.0,7.0,37.0,0.1,0.075,0.2,1.0,881.0,0.0,0.0,0.08172531214528944
16.0,7.0,38.0,0.1,0.075,0.2,1.0,880.0,0.0,0.0,0.08181818181818182
16.0,7.0,39.0,0.1,0.075,0.2,1.0,874.0,0.0,0.0,0.08009153318077804
16.0,7.0,40.0,0.1,0.075,0.2,1.0,847.0,0.0,0.0,0.07910271546635184
16.0,7.0,41.0,0.1,0.075,0.2,1.0,848.0,0.0,0.0,0.07900943396226415
16.0,7.0,42.0,0.1,0.075,0.2,1.0,837.0,0.0,0.0,0.08004778972520908
16.0,7.0,43.0,0.1,0.075,0.2,1.0,822.0,0.0,0.0,0.08029197080291971
16.0,7.0,44.0,0.1,0.075,0.2,1.0,806.0,0.0,0.0,0.0794044665012407
16.0,7.0,45.0,0.1,0.075,0.2,1.0,806.0,0.0,0.0,0.13523573200992556
16.0,7.0,46.0,0.1,0.075,0.2,1.0,798.0,0.0,0.0,0.13659147869674185
16.0,7.0,47.0,0.1,0.075,0.2,1.0,794.0,0.0,0.0,0.13727959697732997
16.0,7.0,48.0,0.1,0.075,0.2,1.0,771.0,0.0,0.0,0.13878080415045396
16.0,7.0,49.0,0.1,0.075,0.2,1.0,750.0,0.0,0.0,0.13866666666666666
16.0,7.0,50.0,0.1,0.075,0.2,1.0,735.0,0.0,0.0,0.1401360544217687
16.0,7.0,51.0,0.1,0.075,0.2,1.0,736.0,0.0,0.0,0.13994565217391305
16.0,7.0,52.0,0.1,0.075,0.2,1.0,735.0,0.0,0.0,0.1401360544217687
16.0,8.0,1.0,0.1,0.075,0.2,1.0,736.0,0.0,0.0,0.13994565217391305
16.0,8.0,2.0,0.1,0.075,0.2,1.0,722.0,0.0,0.0,0.13988919667590027
16.0,8.0,3.0,0.1,0.075,0.2,1.0,717.0,0.0,0.0,0.1394700139470014
16.0,8.0,4.0,0.1,0.075,0.2,1.0,715.0,0.0,0.0,0.13986013986013987
16.0,8.0,5.0,0.1,0.075,0.2,1.0,715.0,0.0,0.0,0.13986013986013987
16.0,8.0,6.0,0.1,0.075,0.2,1.0,714.0,0.0,0.0,0.1400560224089636
16.0,8.0,7.0,0.1,0.075,0.2,1.0,703.0,0.0,0.0,0.14082503556187767
16.0,8.0,8.0,0.1,0.075,0.2,1.0,702.0,0.0,0.0,0.1396011396011396
16.0,8.0,9.0,0.1,0.075,0.2,1.0,701.0,0.0,0.0,0.1398002853067047
16.0,8.0,10.0,0.1,0.075,0.2,1.0,701.0,0.0,0.0,0.1398002853067047
16.0,8.0,11.0,0.1,0.075,0.2,1.0,701.0,0.0,0.0,0.1398002853067047
16.0,8.0,12.0,0.1,0.075,0.2,1.0,687.0,0.0,0.0,0.14264919941775836
16.0,8.0,13.0,0.1,0.075,0.2,1.0,675.0,0.0,0.0,0.1437037037037037
16.0,8.0,14.0,0.1,0.075,0.2,1.0,674.0,0.0,0.0,0.14391691394658754
16.0,8.0,15.0,0.1,0.075,0.2,1.0,673.0,0.0,0.0,0.14413075780089152
16.0,8.0,16.0,0.1,0.075,0.2,1.0,674.0,0.0,0.0,0.14391691394658754
16.0,8.0,17.0,0.1,0.075,0.2,1.0,673.0,0.0,0.0,0.14413075780089152
16.0,8.0,18.0,0.1,0.075,0.2,1.0,673.0,0.0,0.0,0.14413075780089152
16.0,8.0,19.0,0.1,0.075,0.2,1.0,657.0,0.0,0.0,0.1430745814307458
16.0,8.0,20.0,0.1,0.075,0.2,1.0,1167.0,0.0,0.0,0.0805484147386461
16.0,8.0,21.0,0.1,0.075,0.2,1.0,1126.0,0.0,0.0,0.08170515097690942
16.0,8.0,22.0,0.1,0.075,0.2,1.0,1082.0,0.0,0.0,0.08040665434380777
16.0,8.0,23.0,0.1,0.075,0.2,1.0,1049.0,0.0,0.0,0.07721639656816015
16.0,8.0,24.0,0.1,0.075,0.2,1.0,1010.0,0.0,0.0,0.0801980198019802
16.0,8.0,25.0,0.1,0.075,0.2,1.0,1001.0,0.0,0.0,0.07992007992007992
16.0,8.0,26.0,0.1,0.075,0.2,1.0,952.0,0.0,0.0,0.08088235294117647
16.0,8.0,27.0,0.1,0.075,0.2,1.0,925.0,0.0,0.0,0.08324324324324324
16.0,8.0,28.0,0.1,0.075,0.2,1.0,911.0,0.0,0.0,0.0845225027442371
16.0,8.0,29.0,0.1,0.075,0.2,1.0,864.0,0.0,0.0,0.08680555555555555
16.0,8.0,30.0,0.1,0.075,0.2,1.0,869.0,0.0,0.0,0.08630609896432681
16.0,8.0,31.0,0.1,0.075,0.2,1.0,851.0,0.0,0.0,0.0881316098707403
16.0,8.0,32.0,0.1,0.075,0.2,1.0,819.0,0.0,0.0,0.08791208791208792
16.0,8.0,33.0,0.1,0.075,0.2,1.0,788.0,0.0,0.0,0.0901015228426396
16.0,8.0,34.0,0.1,0.075,0.2,1.0,781.0,0.0,0.0,0.08962868117797695
16.0,8.0,35.0,0.1,0.075,0.2,1.0,780.0,0.0,0.0,0.08974358974358974
16.0,8.0,36.0,0.1,0.075,0.2,1.0,773.0,0.0,0.0,0.09055627425614489
16.0,8.0,37.0,0.1,0.075,0.2,1.0,780.0,0.0,0.0,0.08974358974358974
16.0,8.0,38.0,0.1,0.075,0.2,1.0,753.0,0.0,0.0,0.0903054448871182
16.0,8.0,39.0,0.1,0.075,0.2,1.0,746.0,0.0,0.0,0.09115281501340483
16.0,8.0,40.0,0.1,0.075,0.2,1.0,739.0,0.0,0.0,0.09201623815967523
16.0,8.0,41.0,0.1,0.075,0.2,1.0,720.0,0.0,0.0,0.09444444444444444
16.0,8.0,42.0,0.1,0.075,0.2,1.0,720.0,0.0,0.0,0.09444444444444444
16.0,8.0,43.0,0.1,0.075,0.2,1.0,720.0,0.0,0.0,0.09444444444444444
16.0,8.0,44.0,0.1,0.075,0.2,1.0,718.0,0.0,0.0,0.0947075208913649
16.0,8.0,45.0,0.1,0.075,0.2,1.0,719.0,0.0,0.0,0.16968011126564672
16.0,8.0,46.0,0.1,0.075,0.2,1.0,721.0,0.0,0.0,0.16920943134535368
16.0,8.0,47.0,0.1,0.075,0.2,1.0,719.0,0.0,0.0,0.16968011126564672
16.0,8.0,48.0,0.1,0.075,0.2,1.0,718.0,0.0,0.0,0.16852367688022285
16.0,8.0,49.0,0.1,0.075,0.2,1.0,719.0,0.0,0.0,0.16968011126564672
16.0,8.0,50.0,0.1,0.075,0.2,1.0,714.0,0.0,0.0,0.17086834733893558
16.0,8.0,51.0,0.1,0.075,0.2,1.0,719.0,0.0,0.0,0.16968011126564672
16.0,8.0,52.0,0.1,0.075,0.2,1.0,701.0,0.0,0.0,0.17261055634807418
16.0,9.0,1.0,0.1,0.075,0.2,1.0,694.0,0.0,0.0,0.17435158501440923
16.0,9.0,2.0,0.1,0.075,0.2,1.0,689.0,0.0,0.0,0.17561683599419448
16.0,9.0,3.0,0.1,0.075,0.2,1.0,694.0,0.0,0.0,0.17435158501440923
16.0,9.0,4.0,0.1,0.075,0.2,1.0,688.0,0.0,0.0,0.17587209302325582
16.0,9.0,5.0,0.1,0.075,0.2,1.0,695.0,0.0,0.0,0.17410071942446043
16.0,9.0,6.0,0.1,0.075,0.2,1.0,687.0,0.0,0.0,0.17612809315866085
16.0,9.0,7.0,0.1,0.075,0.2,1.0,692.0,0.0,0.0,0.17341040462427745
16.0,9.0,8.0,0.1,0.075,0.2,1.0,688.0,0.0,0.0,0.17587209302325582
16.0,9.0,9.0,0.1,0.075,0.2,1.0,691.0,0.0,0.0,0.1736613603473227
16.0,9.0,10.0,0.1,0.075,0.2,1.0,688.0,0.0,0.0,0.17587209302325582
16.0,9.0,11.0,0.1,0.075,0.2,1.0,691.0,0.0,0.0,0.17510853835021709
16.0,9.0,12.0,0.1,0.075,0.2,1.0,688.0,0.0,0.0,0.17587209302325582
16.0,9.0,13.0,0.1,0.075,0.2,1.0,690.0,0.0,0.0,0.1753623188405797
16.0,9.0,14.0,0.1,0.075,0.2,1.0,688.0,0.0,0.0,0.1744186046511628
16.0,9.0,15.0,0.1,0.075,0.2,1.0,687.0,0.0,0.0,0.17467248908296942
16.0,9.0,16.0,0.1,0.075,0.2,1.0,687.0,0.0,0.0,0.17467248908296942
16.0,9.0,17.0,0.1,0.075,0.2,1.0,688.0,0.0,0.0,0.1744186046511628
16.0,9.0,18.0,0.1,0.075,0.2,1.0,687.0,0.0,0.0,0.17467248908296942
16.0,9.0,19.0,0.1,0.075,0.2,1.0,676.0,0.0,0.0,0.17455621301775148
16.0,9.0,20.0,0.1,0.075,0.2,1.0,1257.0,0.0,0.0,0.09069212410501193
16.0,9.0,21.0,0.1,0.075,0.2,1.0,1239.0,0.0,0.0,0.08958837772397095
16.0,9.0,22.0,0.1,0.075,0.2,1.0,1224.0,0.0,0.0,0.08986928104575163
16.0,9.0,23.0,0.1,0.075,0.2,1.0,1159.0,0.0,0.0,0.091458153580673
16.0,9.0,24.0,0.1,0.075,0.2,1.0,1153.0,0.0,0.0,0.09193408499566348
16.0,9.0,25.0,0.1,0.075,0.2,1.0,1122.0,0.0,0.0,0.09358288770053476
16.0,9.0,26.0,0.1,0.075,0.2,1.0,1104.0,0.0,0.0,0.09329710144927536
16.0,9.0,27.0,0.1,0.075,0.2,1.0,1053.0,0.0,0.0,0.0949667616334283
16.0,9.0,28.0,0.1,0.075,0.2,1.0,1023.0,0.0,0.0,0.09286412512218964
16.0,9.0,29.0,0.1,0.075,0.2,1.0,1011.0,0.0,0.0,0.09396636993076163
16.0,9.0,30.0,0.1,0.075,0.2,1.0,1014.0,0.0,0.0,0.09270216962524655
16.0,9.0,31.0,0.1,0.075,0.2,1.0,1002.0,0.0,0.0,0.09381237524950099
16.0,9.0,32.0,0.1,0.075,0.2,1.0,1010.0,0.0,0.0,0.09306930693069307
16.0,9.0,33.0,0.1,0.075,0.2,1.0,983.0,0.0,0.0,0.09257375381485249
16.0,9.0,34.0,0.1,0.075,0.2,1.0,996.0,0.0,0.0,0.09136546184738956
16.0,9.0,35.0,0.1,0.075,0.2,1.0,984.0,0.0,0.0,0.09247967479674797
16.0,9.0,36.0,0.1,0.075,0.2,1.0,978.0,0.0,0.0,0.08895705521472393
16.0,9.0,37.0,0.1,0.075,0.2,1.0,956.0,0.0,0.0,0.0899581589958159
16.0,9.0,38.0,0.1,0.075,0.2,1.0,918.0,0.0,0.0,0.09259259259259259
16.0,9.0,39.0,0.1,0.075,0.2,1.0,887.0,0.0,0.0,0.09582863585118377
16.0,9.0,40.0,0.1,0.075,0.2,1.0,885.0,0.0,0.0,0.096045197740113
16.0,9.0,41.0,0.1,0.075,0.2,1.0,866.0,0.0,0.0,0.09699769053117784
16.0,9.0,42.0,0.1,0.075,0.2,1.0,872.0,0.0,0.0,0.0963302752293578
16.0,9.0,43.0,0.1,0.075,0.2,1.0,839.0,0.0,0.0,0.09892729439809297
16.0,9.0,44.0,0.1,0.075,0.2,1.0,832.0,0.0,0.0,0.09615384615384616
16.0,9.0,45.0,0.1,0.075,0.2,1.0,825.0,0.0,0.0,0.14666666666666667
16.0,9.0,46.0,0.1,0.075,0.2,1.0,834.0,0.0,0.0,0.145083932853717
16.0,9.0,47.0,0.1,0.075,0.2,1.0,795.0,0.0,0.0,0.1509433962264151
16.0,9.0,48.0,0.1,0.075,0.2,1.0,806.0,0.0,0.0,0.1488833746898263
16.0,9.0,49.0,0.1,0.075,0.2,1.0,795.0,0.0,0.0,0.1509433962264151
16.0,9.0,50.0,0.1,0.075,0.2,1.0,792.0,0.0,0.0,0.15025252525252525
16.0,9.0,51.0,0.1,0.075,0.2,1.0,773.0,0.0,0.0,0.15135834411384216
16.0,9.0,52.0,0.1,0.075,0.2,1.0,777.0,0.0,0.0,0.15057915057915058
16.0,10.0,1.0,0.1,0.075,0.2,1.0,771.0,0.0,0.0,0.1517509727626459
16.0,10.0,2.0,0.1,0.075,0.2,1.0,778.0,0.0,0.0,0.15038560411311053
16.0,10.0,3.0,0.1,0.075,0.2,1.0,767.0,0.0,0.0,0.15254237288135594
16.0,10.0,4.0,0.1,0.075,0.2,1.0,761.0,0.0,0.0,0.14848883048620237
16.0,10.0,5.0,0.1,0.075,0.2,1.0,742.0,0.0,0.0,0.15363881401617252
16.0,10.0,6.0,0.1,0.075,0.2,1.0,750.0,0.0,0.0,0.152
16.0,10.0,7.0,0.1,0.075,0.2,1.0,741.0,0.0,0.0,0.15384615384615385
16.0,10.0,8.0,0.1,0.075,0.2,1.0,744.0,0.0,0.0,0.1532258064516129
16.0,10.0,9.0,0.1,0.075,0.2,1.0,741.0,0.0,0.0,0.15384615384615385
16.0,10.0,10.0,0.1,0.075,0.2,1.0,742.0,0.0,0.0,0.15363881401617252
16.0,10.0,11.0,0.1,0.075,0.2,1.0,729.0,0.0,0.0,0.15363511659807957
16.0,10.0,12.0,0.1,0.075,0.2,1.0,725.0,0.0,0.0,0.15310344827586206
16.0,10.0,13.0,0.1,0.075,0.2,1.0,723.0,0.0,0.0,0.15491009681881052
16.0,10.0,14.0,0.1,0.075,0.2,1.0,717.0,0.0,0.0,0.15620641562064155
16.0,10.0,15.0,0.1,0.075,0.2,1.0,716.0,0.0,0.0,0.1564245810055866
16.0,10.0,16.0,0.1,0.075,0.2,1.0,718.0,0.0,0.0,0.15598885793871867
16.0,10.0,17.0,0.1,0.075,0.2,1.0,717.0,0.0,0.0,0.15620641562064155
16.0,10.0,18.0,0.1,0.075,0.2,1.0,707.0,0.0,0.0,0.157001414427157
16.0,10.0,19.0,0.1,0.075,0.2,1.0,706.0,0.0,0.0,0.15722379603399433
16.0,10.0,20.0,0.1,0.075,0.2,1.0,1270.0,0.0,0.0,0.08110236220472442
16.0,10.0,21.0,0.1,0.075,0.2,1.0,1258.0,0.0,0.0,0.08108108108108109
16.0,10.0,22.0,0.1,0.075,0.2,1.0,1196.0,0.0,0.0,0.08444816053511706
16.0,10.0,23.0,0.1,0.075,0.2,1.0,1181.0,0.0,0.0,0.0838272650296359
16.0,10.0,24.0,0.1,0.075,0.2,1.0,1156.0,0.0,0.0,0.08391003460207612
16.0,10.0,25.0,0.1,0.075,0.2,1.0,1148.0,0.0,0.0,0.08275261324041812
16.0,10.0,26.0,0.1,0.075,0.2,1.0,1067.0,0.0,0.0,0.08528584817244611
16.0,10.0,27.0,0.1,0.075,0.2,1.0,1068.0,0.0,0.0,0.0852059925093633
16.0,10.0,28.0,0.1,0.075,0.2,1.0,1047.0,0.0,0.0,0.08691499522445081
16.0,10.0,29.0,0.1,0.075,0.2,1.0,1016.0,0.0,0.0,0.08858267716535433
16.0,10.0,30.0,0.1,0.075,0.2,1.0,1012.0,0.0,0.0,0.08893280632411067
16.0,10.0,31.0,0.1,0.075,0.2,1.0,960.0,0.0,0.0,0.08958333333333333
16.0,10.0,32.0,0.1,0.075,0.2,1.0,956.0,0.0,0.0,0.0899581589958159
16.0,10.0,33.0,0.1,0.075,0.2,1.0,928.0,0.0,0.0,0.09051724137931035
16.0,10.0,34.0,0.1,0.075,0.2,1.0,919.0,0.0,0.0,0.09031556039173014
16.0,10.0,35.0,0.1,0.075,0.2,1.0,903.0,0.0,0.0,0.09080841638981174
16.0,10.0,36.0,0.1,0.075,0.2,1.0,852.0,0.0,0.0,0.09507042253521127
16.0,10.0,37.0,0.1,0.075,0.2,1.0,837.0,0.0,0.0,0.0967741935483871
16.0,10.0,38.0,0.1,0.075,0.2,1.0,841.0,0.0,0.0,0.09631391200951249
16.0,10.0,39.0,0.1,0.075,0.2,1.0,813.0,0.0,0.0,0.0984009840098401
16.0,10.0,40.0,0.1,0.075,0.2,1.0,815.0,0.0,0.0,0.09815950920245399
16.0,10.0,41.0,0.1,0.075,0.2,1.0,786.0,0.0,0.0,0.1005089058524173
16.0,10.0,42.0,0.1,0.075,0.2,1.0,787.0,0.0,0.0,0.10038119440914867
16.0,10.0,43.0,0.1,0.075,0.2,1.0,786.0,0.0,0.0,0.1005089058524173
16.0,10.0,44.0,0.1,0.075,0.2,1.0,772.0,0.0,0.0,0.10233160621761658
16.0,10.0,45.0,0.1,0.075,0.2,1.0,772.0,0.0,0.0,0.17746113989637305
16.0,10.0,46.0,0.1,0.075,0.2,1.0,776.0,0.0,0.0,0.17783505154639176
16.0,10.0,47.0,0.1,0.075,0.2,1.0,772.0,0.0,0.0,0.17746113989637305
16.0,10.0,48.0,0.1,0.075,0.2,1.0,777.0,0.0,0.0,0.1776061776061776
16.0,10.0,49.0,0.1,0.075,0.2,1.0,756.0,0.0,0.0,0.1746031746031746
16.0,10.0,50.0,0.1,0.075,0.2,1.0,761.0,0.0,0.0,0.1747700394218134
16.0,10.0,51.0,0.1,0.075,0.2,1.0,758.0,0.0,0.0,0.1741424802110818
16.0,10.0,52.0,0.1,0.075,0.2,1.0,761.0,0.0,0.0,0.1747700394218134
17.0,1.0,1.0,0.1,0.075,0.2,1.0,5190.0,56.0,10.0,0.09865125240847784
17.0,1.0,2.0,0.1,0.075,0.2,1.0,5127.0,65.0,28.0,0.09752291788570314
17.0,1.0,3.0,0.1,0.075,0.2,1.0,5096.0,94.0,39.0,0.09850863422291994
17.0,1.0,4.0,0.1,0.075,0.2,1.0,5049.0,108.0,42.0,0.10041592394533572
17.0,1.0,5.0,0.1,0.075,0.2,1.0,5030.0,129.0,41.0,0.10019880715705766
17.0,1.0,6.0,0.1,0.075,0.2,1.0,4960.0,172.0,56.0,0.10100806451612904
17.0,1.0,7.0,0.1,0.075,0.2,1.0,4758.0,211.0,71.0,0.10130306851618327
17.0,1.0,8.0,0.1,0.075,0.2,1.0,4660.0,248.0,85.0,0.10257510729613734
17.0,1.0,9.0,0.1,0.075,0.2,1.0,4491.0,271.0,97.0,0.10331774660431975
17.0,1.0,10.0,0.1,0.075,0.2,1.0,4318.0,326.0,118.0,0.10606762389995368
17.0,1.0,11.0,0.1,0.075,0.2,1.0,4187.0,362.0,149.0,0.10580367805111059
17.0,1.0,12.0,0.1,0.075,0.2,1.0,4038.0,397.0,175.0,0.10698365527488855
17.0,1.0,13.0,0.1,0.075,0.2,1.0,3886.0,406.0,183.0,0.10756562017498714
17.0,1.0,14.0,0.1,0.075,0.2,1.0,3806.0,422.0,188.0,0.11061481870730426
17.0,1.0,15.0,0.1,0.075,0.2,1.0,3629.0,444.0,188.0,0.11104987599889776
17.0,1.0,16.0,0.1,0.075,0.2,1.0,3547.0,457.0,197.0,0.11418099802650127
17.0,1.0,17.0,0.1,0.075,0.2,1.0,3386.0,458.0,203.0,0.116066154754873
17.0,1.0,18.0,0.1,0.075,0.2,1.0,3311.0,458.0,214.0,0.11929930534581698
17.0,1.0,19.0,0.1,0.075,0.2,1.0,3160.0,464.0,231.0,0.12056962025316456
17.0,1.0,20.0,0.1,0.075,0.2,1.0,5767.0,428.0,224.0,0.06502514305531472
17.0,1.0,21.0,0.1,0.075,0.2,1.0,5322.0,518.0,217.0,0.06557685080796694
17.0,1.0,22.0,0.1,0.075,0.2,1.0,4941.0,552.0,209.0,0.06860959319975714
17.0,1.0,23.0,0.1,0.075,0.2,1.0,4643.0,575.0,214.0,0.07021322420848589
17.0,1.0,24.0,0.1,0.075,0.2,1.0,4372.0,586.0,229.0,0.07250686184812442
17.0,1.0,25.0,0.1,0.075,0.2,1.0,4005.0,574.0,255.0,0.07465667915106117
17.0,1.0,26.0,0.1,0.075,0.2,1.0,3787.0,573.0,265.0,0.07710588856614735
17.0,1.0,27.0,0.1,0.075,0.2,1.0,3564.0,626.0,261.0,0.08052749719416386
17.0,1.0,28.0,0.1,0.075,0.2,1.0,3377.0,633.0,273.0,0.08380219129404798
17.0,1.0,29.0,0.1,0.075,0.2,1.0,3114.0,583.0,269.0,0.08670520231213873
17.0,1.0,30.0,0.1,0.075,0.2,1.0,2944.0,579.0,274.0,0.08933423913043478
17.0,1.0,31.0,0.1,0.075,0.2,1.0,2747.0,553.0,272.0,0.09319257371678194
17.0,1.0,32.0,0.1,0.075,0.2,1.0,2640.0,549.0,266.0,0.09734848484848485
17.0,1.0,33.0,0.1,0.075,0.2,1.0,2424.0,523.0,251.0,0.10272277227722772
17.0,1.0,34.0,0.1,0.075,0.2,1.0,2298.0,510.0,231.0,0.10748476936466493
17.0,1.0,35.0,0.1,0.075,0.2,1.0,2149.0,477.0,239.0,0.11307584923220103
17.0,1.0,36.0,0.1,0.075,0.2,1.0,2035.0,451.0,234.0,0.1194103194103194
17.0,1.0,37.0,0.1,0.075,0.2,1.0,1907.0,421.0,214.0,0.1263765076035658
17.0,1.0,38.0,0.1,0.075,0.2,1.0,1786.0,376.0,185.0,0.13381858902575589
17.0,1.0,39.0,0.1,0.075,0.2,1.0,1676.0,328.0,171.0,0.13961813842482101
17.0,1.0,40.0,0.1,0.075,0.2,1.0,1591.0,305.0,167.0,0.147705845380264
17.0,1.0,41.0,0.1,0.075,0.2,1.0,1500.0,282.0,153.0,0.15266666666666667
17.0,1.0,42.0,0.1,0.075,0.2,1.0,1423.0,245.0,142.0,0.16163035839775122
17.0,1.0,43.0,0.1,0.075,0.2,1.0,1327.0,217.0,121.0,0.1680482290881688
17.0,1.0,44.0,0.1,0.075,0.2,1.0,1280.0,199.0,108.0,0.175
17.0,1.0,45.0,0.1,0.075,0.2,1.0,1188.0,173.0,95.0,0.25
17.0,1.0,46.0,0.1,0.075,0.2,1.0,1130.0,152.0,87.0,0.2592920353982301
17.0,1.0,47.0,0.1,0.075,0.2,1.0,1082.0,141.0,76.0,0.2643253234750462
17.0,1.0,48.0,0.1,0.075,0.2,1.0,1042.0,114.0,67.0,0.2658349328214971
17.0,1.0,49.0,0.1,0.075,0.2,1.0,1007.0,98.0,55.0,0.27209533267130087
17.0,1.0,50.0,0.1,0.075,0.2,1.0,971.0,86.0,53.0,0.2760041194644696
17.0,1.0,51.0,0.1,0.075,0.2,1.0,937.0,84.0,42.0,0.27961579509071505
17.0,1.0,52.0,0.1,0.075,0.2,1.0,913.0,82.0,39.0,0.2847754654983571
17.0,2.0,1.0,0.1,0.075,0.2,1.0,883.0,74.0,36.0,0.2944507361268403
17.0,2.0,2.0,0.1,0.075,0.2,1.0,849.0,62.0,30.0,0.3003533568904594
17.0,2.0,3.0,0.1,0.075,0.2,1.0,839.0,58.0,32.0,0.3063170441001192
17.0,2.0,4.0,0.1,0.075,0.2,1.0,824.0,50.0,27.0,0.3106796116504854
17.0,2.0,5.0,0.1,0.075,0.2,1.0,804.0,48.0,29.0,0.31218905472636815
17.0,2.0,6.0,0.1,0.075,0.2,1.0,792.0,39.0,26.0,0.31691919191919193
17.0,2.0,7.0,0.1,0.075,0.2,1.0,782.0,33.0,24.0,0.31841432225063937
17.0,2.0,8.0,0.1,0.075,0.2,1.0,766.0,22.0,14.0,0.3237597911227154
17.0,2.0,9.0,0.1,0.075,0.2,1.0,753.0,17.0,13.0,0.3280212483399734
17.0,2.0,10.0,0.1,0.075,0.2,1.0,734.0,14.0,9.0,0.33651226158038144
17.0,2.0,11.0,0.1,0.075,0.2,1.0,732.0,16.0,10.0,0.33469945355191255
17.0,2.0,12.0,0.1,0.075,0.2,1.0,717.0,11.0,7.0,0.34309623430962344
17.0,2.0,13.0,0.1,0.075,0.2,1.0,710.0,13.0,5.0,0.3436619718309859
17.0,2.0,14.0,0.1,0.075,0.2,1.0,703.0,10.0,4.0,0.34708392603129445
17.0,2.0,15.0,0.1,0.075,0.2,1.0,701.0,9.0,5.0,0.34522111269614836
17.0,2.0,16.0,0.1,0.075,0.2,1.0,693.0,11.0,9.0,0.3477633477633478
17.0,2.0,17.0,0.1,0.075,0.2,1.0,688.0,11.0,8.0,0.34738372093023256
17.0,2.0,18.0,0.1,0.075,0.2,1.0,685.0,10.0,6.0,0.3518248175182482
17.0,2.0,19.0,0.1,0.075,0.2,1.0,678.0,7.0,2.0,0.35103244837758113
17.0,2.0,20.0,0.1,0.075,0.2,1.0,1273.0,6.0,2.0,0.1885310290652003
17.0,2.0,21.0,0.1,0.075,0.2,1.0,1243.0,4.0,1.0,0.18744971842316976
17.0,2.0,22.0,0.1,0.075,0.2,1.0,1238.0,4.0,2.0,0.18659127625201938
17.0,2.0,23.0,0.1,0.075,0.2,1.0,1209.0,6.0,4.0,0.18775847808105872
17.0,2.0,24.0,0.1,0.075,0.2,1.0,1186.0,5.0,3.0,0.1905564924114671
17.0,2.0,25.0,0.1,0.075,0.2,1.0,1186.0,5.0,3.0,0.18887015177065766
17.0,2.0,26.0,0.1,0.075,0.2,1.0,1169.0,3.0,1.0,0.1899059024807528
17.0,2.0,27.0,0.1,0.075,0.2,1.0,1162.0,4.0,1.0,0.1901893287435456
17.0,2.0,28.0,0.1,0.075,0.2,1.0,1136.0,3.0,0.0,0.19014084507042253
17.0,2.0,29.0,0.1,0.075,0.2,1.0,1105.0,3.0,2.0,0.19095022624434388
17.0,2.0,30.0,0.1,0.075,0.2,1.0,1095.0,3.0,2.0,0.1917808219178082
17.0,2.0,31.0,0.1,0.075,0.2,1.0,1093.0,4.0,2.0,0.19121683440073192
17.0,2.0,32.0,0.1,0.075,0.2,1.0,1069.0,1.0,1.0,0.19457436856875585
17.0,2.0,33.0,0.1,0.075,0.2,1.0,1063.0,2.0,1.0,0.19379115710253997
17.0,2.0,34.0,0.1,0.075,0.2,1.0,1060.0,3.0,2.0,0.19339622641509435
17.0,2.0,35.0,0.1,0.075,0.2,1.0,1059.0,2.0,1.0,0.1935788479697828
17.0,2.0,36.0,0.1,0.075,0.2,1.0,1043.0,3.0,1.0,0.19463087248322147
17.0,2.0,37.0,0.1,0.075,0.2,1.0,1021.0,1.0,1.0,0.19882468168462292
17.0,2.0,38.0,0.1,0.075,0.2,1.0,995.0,3.0,1.0,0.2
17.0,2.0,39.0,0.1,0.075,0.2,1.0,997.0,3.0,1.0,0.20060180541624875
17.0,2.0,40.0,0.1,0.075,0.2,1.0,940.0,3.0,1.0,0.20851063829787234
17.0,2.0,41.0,0.1,0.075,0.2,1.0,946.0,3.0,2.0,0.20613107822410148
17.0,2.0,42.0,0.1,0.075,0.2,1.0,924.0,4.0,2.0,0.20887445887445888
17.0,2.0,43.0,0.1,0.075,0.2,1.0,918.0,3.0,1.0,0.20697167755991286
17.0,2.0,44.0,0.1,0.075,0.2,1.0,900.0,2.0,1.0,0.2088888888888889
17.0,2.0,45.0,0.1,0.075,0.2,1.0,901.0,2.0,2.0,0.2763596004439512
17.0,2.0,46.0,0.1,0.075,0.2,1.0,870.0,4.0,2.0,0.27586206896551724
17.0,2.0,47.0,0.1,0.075,0.2,1.0,875.0,4.0,1.0,0.2742857142857143
17.0,2.0,48.0,0.1,0.075,0.2,1.0,844.0,1.0,0.0,0.28080568720379145
17.0,2.0,49.0,0.1,0.075,0.2,1.0,849.0,1.0,0.0,0.2791519434628975
17.0,2.0,50.0,0.1,0.075,0.2,1.0,828.0,1.0,0.0,0.28140096618357485
17.0,2.0,51.0,0.1,0.075,0.2,1.0,829.0,1.0,1.0,0.2810615199034982
17.0,2.0,52.0,0.1,0.075,0.2,1.0,817.0,1.0,1.0,0.2827417380660955
17.0,3.0,1.0,0.1,0.075,0.2,1.0,816.0,1.0,1.0,0.28431372549019607
17.0,3.0,2.0,0.1,0.075,0.2,1.0,800.0,0.0,0.0,0.2825
17.0,3.0,3.0,0.1,0.075,0.2,1.0,805.0,0.0,0.0,0.2819875776397516
17.0,3.0,4.0,0.1,0.075,0.2,1.0,794.0,0.0,0.0,0.2795969773299748
17.0,3.0,5.0,0.1,0.075,0.2,1.0,795.0,0.0,0.0,0.28176100628930817
17.0,3.0,6.0,0.1,0.075,0.2,1.0,786.0,0.0,0.0,0.2824427480916031
17.0,3.0,7.0,0.1,0.075,0.2,1.0,790.0,0.0,0.0,0.28227848101265823
17.0,3.0,8.0,0.1,0.075,0.2,1.0,778.0,0.0,0.0,0.2814910025706941
17.0,3.0,9.0,0.1,0.075,0.2,1.0,776.0,0.0,0.0,0.27835051546391754
17.0,3.0,10.0,0.1,0.075,0.2,1.0,768.0,0.0,0.0,0.28125
17.0,3.0,11.0,0.1,0.075,0.2,1.0,765.0,0.0,0.0,0.28104575163398693
17.0,3.0,12.0,0.1,0.075,0.2,1.0,755.0,0.0,0.0,0.28211920529801326
17.0,3.0,13.0,0.1,0.075,0.2,1.0,754.0,0.0,0.0,0.27984084880636606
17.0,3.0,14.0,0.1,0.075,0.2,1.0,749.0,0.0,0.0,0.2803738317757009
17.0,3.0,15.0,0.1,0.075,0.2,1.0,752.0,0.0,0.0,0.2779255319148936
17.0,3.0,16.0,0.1,0.075,0.2,1.0,744.0,0.0,0.0,0.2782258064516129
17.0,3.0,17.0,0.1,0.075,0.2,1.0,745.0,0.0,0.0,0.2778523489932886
17.0,3.0,18.0,0.1,0.075,0.2,1.0,740.0,0.0,0.0,0.27837837837837837
17.0,3.0,19.0,0.1,0.075,0.2,1.0,741.0,0.0,0.0,0.27800269905533065
17.0,3.0,20.0,0.1,0.075,0.2,1.0,1440.0,0.0,0.0,0.14166666666666666
17.0,3.0,21.0,0.1,0.075,0.2,1.0,1376.0,0.0,0.0,0.14534883720930233
17.0,3.0,22.0,0.1,0.075,0.2,1.0,1358.0,0.0,0.0,0.14285714285714285
17.0,3.0,23.0,0.1,0.075,0.2,1.0,1323.0,0.0,0.0,0.1436130007558579
17.0,3.0,24.0,0.1,0.075,0.2,1.0,1295.0,0.0,0.0,0.14362934362934363
17.0,3.0,25.0,0.1,0.075,0.2,1.0,1246.0,0.0,0.0,0.14847512038523275
17.0,3.0,26.0,0.1,0.075,0.2,1.0,1232.0,0.0,0.0,0.14935064935064934
17.0,3.0,27.0,0.1,0.075,0.2,1.0,1217.0,0.0,0.0,0.14790468364831552
17.0,3.0,28.0,0.1,0.075,0.2,1.0,1212.0,0.0,0.0,0.14686468646864687
17.0,3.0,29.0,0.1,0.075,0.2,1.0,1187.0,0.0,0.0,0.14743049705139005
17.0,3.0,30.0,0.1,0.075,0.2,1.0,1165.0,0.0,0.0,0.14678111587982834
17.0,3.0,31.0,0.1,0.075,0.2,1.0,1149.0,0.0,0.0,0.14708442123585727
17.0,3.0,32.0,0.1,0.075,0.2,1.0,1126.0,0.0,0.0,0.14653641207815277
17.0,3.0,33.0,0.1,0.075,0.2,1.0,1111.0,0.0,0.0,0.1476147614761476
17.0,3.0,34.0,0.1,0.075,0.2,1.0,1097.0,0.0,0.0,0.14676390154968094
17.0,3.0,35.0,0.1,0.075,0.2,1.0,1062.0,0.0,0.0,0.1487758945386064
17.0,3.0,36.0,0.1,0.075,0.2,1.0,1030.0,0.0,0.0,0.14951456310679612
17.0,3.0,37.0,0.1,0.075,0.2,1.0,1015.0,0.0,0.0,0.14876847290640394
17.0,3.0,38.0,0.1,0.075,0.2,1.0,1021.0,0.0,0.0,0.14789422135161606
17.0,3.0,39.0,0.1,0.075,0.2,1.0,1006.0,0.0,0.0,0.14612326043737575
17.0,3.0,40.0,0.1,0.075,0.2,1.0,992.0,0.0,0.0,0.14516129032258066
17.0,3.0,41.0,0.1,0.075,0.2,1.0,973.0,0.0,0.0,0.14696813977389517
17.0,3.0,42.0,0.1,0.075,0.2,1.0,959.0,0.0,0.0,0.14181438998957246
17.0,3.0,43.0,0.1,0.075,0.2,1.0,919.0,0.0,0.0,0.14472252448313383
17.0,3.0,44.0,0.1,0.075,0.2,1.0,919.0,0.0,0.0,0.14363438520130578
17.0,3.0,45.0,0.1,0.075,0.2,1.0,914.0,0.0,0.0,0.2089715536105033
17.0,3.0,46.0,0.1,0.075,0.2,1.0,902.0,0.0,0.0,0.20620842572062084
17.0,3.0,47.0,0.1,0.075,0.2,1.0,867.0,0.0,0.0,0.20761245674740483
17.0,3.0,48.0,0.1,0.075,0.2,1.0,849.0,0.0,0.0,0.2061248527679623
17.0,3.0,49.0,0.1,0.075,0.2,1.0,846.0,0.0,0.0,0.20685579196217493
17.0,3.0,50.0,0.1,0.075,0.2,1.0,841.0,0.0,0.0,0.20332936979785968
17.0,3.0,51.0,0.1,0.075,0.2,1.0,836.0,0.0,0.0,0.20813397129186603
17.0,3.0,52.0,0.1,0.075,0.2,1.0,827.0,0.0,0.0,0.20556227327690446
17.0,4.0,1.0,0.1,0.075,0.2,1.0,824.0,0.0,0.0,0.2087378640776699
17.0,4.0,2.0,0.1,0.075,0.2,1.0,805.0,0.0,0.0,0.2062111801242236
17.0,4.0,3.0,0.1,0.075,0.2,1.0,797.0,0.0,0.0,0.205771643663739
17.0,4.0,4.0,0.1,0.075,0.2,1.0,787.0,0.0,0.0,0.204574332909784
17.0,4.0,5.0,0.1,0.075,0.2,1.0,791.0,0.0,0.0,0.20353982300884957
17.0,4.0,6.0,0.1,0.075,0.2,1.0,781.0,0.0,0.0,0.19846350832266324
17.0,4.0,7.0,0.1,0.075,0.2,1.0,786.0,0.0,0.0,0.2010178117048346
17.0,4.0,8.0,0.1,0.075,0.2,1.0,774.0,0.0,0.0,0.19767441860465115
17.0,4.0,9.0,0.1,0.075,0.2,1.0,759.0,0.0,0.0,0.2028985507246377
17.0,4.0,10.0,0.1,0.075,0.2,1.0,749.0,0.0,0.0,0.20293724966622162
17.0,4.0,11.0,0.1,0.075,0.2,1.0,748.0,0.0,0.0,0.20588235294117646
17.0,4.0,12.0,0.1,0.075,0.2,1.0,734.0,0.0,0.0,0.20572207084468666
17.0,4.0,13.0,0.1,0.075,0.2,1.0,733.0,0.0,0.0,0.208731241473397
17.0,4.0,14.0,0.1,0.075,0.2,1.0,725.0,0.0,0.0,0.20413793103448277
17.0,4.0,15.0,0.1,0.075,0.2,1.0,727.0,0.0,0.0,0.2063273727647868
17.0,4.0,16.0,0.1,0.075,0.2,1.0,720.0,0.0,0.0,0.20416666666666666
17.0,4.0,17.0,0.1,0.075,0.2,1.0,723.0,0.0,0.0,0.20470262793914246
17.0,4.0,18.0,0.1,0.075,0.2,1.0,700.0,0.0,0.0,0.2057142857142857
17.0,4.0,19.0,0.1,0.075,0.2,1.0,699.0,0.0,0.0,0.20743919885550788
17.0,4.0,20.0,0.1,0.075,0.2,1.0,1295.0,0.0,0.0,0.10965250965250965
17.0,4.0,21.0,0.1,0.075,0.2,1.0,1234.0,0.0,0.0,0.11507293354943274
17.0,4.0,22.0,0.1,0.075,0.2,1.0,1218.0,0.0,0.0,0.11412151067323481
17.0,4.0,23.0,0.1,0.075,0.2,1.0,1186.0,0.0,0.0,0.11720067453625632
17.0,4.0,24.0,0.1,0.075,0.2,1.0,1191.0,0.0,0.0,0.11502938706968933
17.0,4.0,25.0,0.1,0.075,0.2,1.0,1175.0,0.0,0.0,0.11574468085106383
17.0,4.0,26.0,0.1,0.075,0.2,1.0,1158.0,0.0,0.0,0.11312607944732297
17.0,4.0,27.0,0.1,0.075,0.2,1.0,1133.0,0.0,0.0,0.11650485436893204
17.0,4.0,28.0,0.1,0.075,0.2,1.0,1110.0,0.0,0.0,0.11261261261261261
17.0,4.0,29.0,0.1,0.075,0.2,1.0,1085.0,0.0,0.0,0.1152073732718894
17.0,4.0,30.0,0.1,0.075,0.2,1.0,1038.0,0.0,0.0,0.11560693641618497
17.0,4.0,31.0,0.1,0.075,0.2,1.0,1027.0,0.0,0.0,0.11879259980525804
17.0,4.0,32.0,0.1,0.075,0.2,1.0,983.0,0.0,0.0,0.11800610376398779
17.0,4.0,33.0,0.1,0.075,0.2,1.0,981.0,0.0,0.0,0.11926605504587157
17.0,4.0,34.0,0.1,0.075,0.2,1.0,968.0,0.0,0.0,0.11570247933884298
17.0,4.0,35.0,0.1,0.075,0.2,1.0,972.0,0.0,0.0,0.1183127572016461
17.0,4.0,36.0,0.1,0.075,0.2,1.0,952.0,0.0,0.0,0.11659663865546219
17.0,4.0,37.0,0.1,0.075,0.2,1.0,945.0,0.0,0.0,0.11746031746031746
17.0,4.0,38.0,0.1,0.075,0.2,1.0,921.0,0.0,0.0,0.11617806731813246
17.0,4.0,39.0,0.1,0.075,0.2,1.0,924.0,0.0,0.0,0.11904761904761904
17.0,4.0,40.0,0.1,0.075,0.2,1.0,911.0,0.0,0.0,0.1163556531284303
17.0,4.0,41.0,0.1,0.075,0.2,1.0,895.0,0.0,0.0,0.1217877094972067
17.0,4.0,42.0,0.1,0.075,0.2,1.0,896.0,0.0,0.0,0.12053571428571429
17.0,4.0,43.0,0.1,0.075,0.2,1.0,877.0,0.0,0.0,0.12200684150513112
17.0,4.0,44.0,0.1,0.075,0.2,1.0,857.0,0.0,0.0,0.12252042007001167
17.0,4.0,45.0,0.1,0.075,0.2,1.0,833.0,0.0,0.0,0.1872749099639856
17.0,4.0,46.0,0.1,0.075,0.2,1.0,820.0,0.0,0.0,0.18658536585365854
17.0,4.0,47.0,0.1,0.075,0.2,1.0,812.0,0.0,0.0,0.18472906403940886
17.0,4.0,48.0,0.1,0.075,0.2,1.0,795.0,0.0,0.0,0.1811320754716981
17.0,4.0,49.0,0.1,0.075,0.2,1.0,804.0,0.0,0.0,0.18159203980099503
17.0,4.0,50.0,0.1,0.075,0.2,1.0,794.0,0.0,0.0,0.181360201511335
17.0,4.0,51.0,0.1,0.075,0.2,1.0,791.0,0.0,0.0,0.18331226295828065
17.0,4.0,52.0,0.1,0.075,0.2,1.0,778.0,0.0,0.0,0.18251928020565553
17.0,5.0,1.0,0.1,0.075,0.2,1.0,784.0,0.0,0.0,0.18239795918367346
17.0,5.0,2.0,0.1,0.075,0.2,1.0,770.0,0.0,0.0,0.18181818181818182
17.0,5.0,3.0,0.1,0.075,0.2,1.0,765.0,0.0,0.0,0.1843137254901961
17.0,5.0,4.0,0.1,0.075,0.2,1.0,755.0,0.0,0.0,0.18410596026490067
17.0,5.0,5.0,0.1,0.075,0.2,1.0,763.0,0.0,0.0,0.1834862385321101
17.0,5.0,6.0,0.1,0.075,0.2,1.0,743.0,0.0,0.0,0.18438761776581428
17.0,5.0,7.0,0.1,0.075,0.2,1.0,750.0,0.0,0.0,0.184
17.0,5.0,8.0,0.1,0.075,0.2,1.0,724.0,0.0,0.0,0.18922651933701656
17.0,5.0,9.0,0.1,0.075,0.2,1.0,715.0,0.0,0.0,0.1902097902097902
17.0,5.0,10.0,0.1,0.075,0.2,1.0,686.0,0.0,0.0,0.18950437317784258
17.0,5.0,11.0,0.1,0.075,0.2,1.0,685.0,0.0,0.0,0.1897810218978102
17.0,5.0,12.0,0.1,0.075,0.2,1.0,662.0,0.0,0.0,0.18731117824773413
17.0,5.0,13.0,0.1,0.075,0.2,1.0,658.0,0.0,0.0,0.1838905775075988
17.0,5.0,14.0,0.1,0.075,0.2,1.0,654.0,0.0,0.0,0.18501529051987767
17.0,5.0,15.0,0.1,0.075,0.2,1.0,646.0,0.0,0.0,0.1873065015479876
17.0,5.0,16.0,0.1,0.075,0.2,1.0,641.0,0.0,0.0,0.18876755070202808
17.0,5.0,17.0,0.1,0.075,0.2,1.0,645.0,0.0,0.0,0.1875968992248062
17.0,5.0,18.0,0.1,0.075,0.2,1.0,639.0,0.0,0.0,0.18779342723004694
17.0,5.0,19.0,0.1,0.075,0.2,1.0,643.0,0.0,0.0,0.18662519440124417
17.0,5.0,20.0,0.1,0.075,0.2,1.0,1158.0,0.0,0.0,0.10362694300518134
17.0,5.0,21.0,0.1,0.075,0.2,1.0,1157.0,0.0,0.0,0.10198789974070872
17.0,5.0,22.0,0.1,0.075,0.2,1.0,1132.0,0.0,0.0,0.10247349823321555
17.0,5.0,23.0,0.1,0.075,0.2,1.0,1094.0,0.0,0.0,0.10054844606946983
17.0,5.0,24.0,0.1,0.075,0.2,1.0,1043.0,0.0,0.0,0.10450623202301054
17.0,5.0,25.0,0.1,0.075,0.2,1.0,1049.0,0.0,0.0,0.10390848427073403
17.0,5.0,26.0,0.1,0.075,0.2,1.0,970.0,0.0,0.0,0.10618556701030928
17.0,5.0,27.0,0.1,0.075,0.2,1.0,953.0,0.0,0.0,0.10388247639034627
17.0,5.0,28.0,0.1,0.075,0.2,1.0,939.0,0.0,0.0,0.10543130990415335
17.0,5.0,29.0,0.1,0.075,0.2,1.0,946.0,0.0,0.0,0.10465116279069768
17.0,5.0,30.0,0.1,0.075,0.2,1.0,938.0,0.0,0.0,0.1044776119402985
17.0,5.0,31.0,0.1,0.075,0.2,1.0,918.0,0.0,0.0,0.10239651416122005
17.0,5.0,32.0,0.1,0.075,0.2,1.0,878.0,0.0,0.0,0.09908883826879271
17.0,5.0,33.0,0.1,0.075,0.2,1.0,857.0,0.0,0.0,0.09684947491248541
17.0,5.0,34.0,0.1,0.075,0.2,1.0,825.0,0.0,0.0,0.1006060606060606
17.0,5.0,35.0,0.1,0.075,0.2,1.0,834.0,0.0,0.0,0.09952038369304557
17.0,5.0,36.0,0.1,0.075,0.2,1.0,812.0,0.0,0.0,0.1022167487684729
17.0,5.0,37.0,0.1,0.075,0.2,1.0,812.0,0.0,0.0,0.09975369458128079
17.0,5.0,38.0,0.1,0.075,0.2,1.0,785.0,0.0,0.0,0.10318471337579618
17.0,5.0,39.0,0.1,0.075,0.2,1.0,796.0,0.0,0.0,0.10175879396984924
17.0,5.0,40.0,0.1,0.075,0.2,1.0,780.0,0.0,0.0,0.10256410256410256
17.0,5.0,41.0,0.1,0.075,0.2,1.0,782.0,0.0,0.0,0.09846547314578005
17.0,5.0,42.0,0.1,0.075,0.2,1.0,752.0,0.0,0.0,0.09840425531914894
17.0,5.0,43.0,0.1,0.075,0.2,1.0,763.0,0.0,0.0,0.09567496723460026
17.0,5.0,44.0,0.1,0.075,0.2,1.0,731.0,0.0,0.0,0.09849521203830369
17.0,5.0,45.0,0.1,0.075,0.2,1.0,731.0,0.0,0.0,0.16142270861833105
17.0,5.0,46.0,0.1,0.075,0.2,1.0,718.0,0.0,0.0,0.16295264623955433
17.0,5.0,47.0,0.1,0.075,0.2,1.0,725.0,0.0,0.0,0.16137931034482758
17.0,5.0,48.0,0.1,0.075,0.2,1.0,714.0,0.0,0.0,0.1638655462184874
17.0,5.0,49.0,0.1,0.075,0.2,1.0,718.0,0.0,0.0,0.1615598885793872
17.0,5.0,50.0,0.1,0.075,0.2,1.0,677.0,0.0,0.0,0.16691285081240767
17.0,5.0,51.0,0.1,0.075,0.2,1.0,673.0,0.0,0.0,0.16790490341753342
17.0,5.0,52.0,0.1,0.075,0.2,1.0,663.0,0.0,0.0,0.1689291101055807
17.0,6.0,1.0,0.1,0.075,0.2,1.0,670.0,0.0,0.0,0.16716417910447762
17.0,6.0,2.0,0.1,0.075,0.2,1.0,660.0,0.0,0.0,0.1696969696969697
17.0,6.0,3.0,0.1,0.075,0.2,1.0,668.0,0.0,0.0,0.16766467065868262
17.0,6.0,4.0,0.1,0.075,0.2,1.0,654.0,0.0,0.0,0.1636085626911315
17.0,6.0,5.0,0.1,0.075,0.2,1.0,662.0,0.0,0.0,0.16314199395770393
17.0,6.0,6.0,0.1,0.075,0.2,1.0,647.0,0.0,0.0,0.16537867078825347
17.0,6.0,7.0,0.1,0.075,0.2,1.0,654.0,0.0,0.0,0.1636085626911315
17.0,6.0,8.0,0.1,0.075,0.2,1.0,640.0,0.0,0.0,0.165625
17.0,6.0,9.0,0.1,0.075,0.2,1.0,647.0,0.0,0.0,0.16537867078825347
17.0,6.0,10.0,0.1,0.075,0.2,1.0,635.0,0.0,0.0,0.16535433070866143
17.0,6.0,11.0,0.1,0.075,0.2,1.0,642.0,0.0,0.0,0.16510903426791276
17.0,6.0,12.0,0.1,0.075,0.2,1.0,630.0,0.0,0.0,0.16666666666666666
17.0,6.0,13.0,0.1,0.075,0.2,1.0,633.0,0.0,0.0,0.16587677725118483
17.0,6.0,14.0,0.1,0.075,0.2,1.0,628.0,0.0,0.0,0.16560509554140126
17.0,6.0,15.0,0.1,0.075,0.2,1.0,631.0,0.0,0.0,0.1664025356576862
17.0,6.0,16.0,0.1,0.075,0.2,1.0,627.0,0.0,0.0,0.16586921850079744
17.0,6.0,17.0,0.1,0.075,0.2,1.0,629.0,0.0,0.0,0.1669316375198728
17.0,6.0,18.0,0.1,0.075,0.2,1.0,622.0,0.0,0.0,0.16559485530546625
17.0,6.0,19.0,0.1,0.075,0.2,1.0,624.0,0.0,0.0,0.16506410256410256
17.0,6.0,20.0,0.1,0.075,0.2,1.0,1079.0,0.0,0.0,0.09267840593141798
17.0,6.0,21.0,0.1,0.075,0.2,1.0,1067.0,0.0,0.0,0.09372071227741331
17.0,6.0,22.0,0.1,0.075,0.2,1.0,1045.0,0.0,0.0,0.09473684210526316
17.0,6.0,23.0,0.1,0.075,0.2,1.0,1021.0,0.0,0.0,0.0979431929480901
17.0,6.0,24.0,0.1,0.075,0.2,1.0,1001.0,0.0,0.0,0.0969030969030969
17.0,6.0,25.0,0.1,0.075,0.2,1.0,974.0,0.0,0.0,0.09958932238193019
17.0,6.0,26.0,0.1,0.075,0.2,1.0,944.0,0.0,0.0,0.1016949152542373
17.0,6.0,27.0,0.1,0.075,0.2,1.0,946.0,0.0,0.0,0.1014799154334038
17.0,6.0,28.0,0.1,0.075,0.2,1.0,920.0,0.0,0.0,0.10326086956521739
17.0,6.0,29.0,0.1,0.075,0.2,1.0,903.0,0.0,0.0,0.10188261351052048
17.0,6.0,30.0,0.1,0.075,0.2,1.0,872.0,0.0,0.0,0.10206422018348624
17.0,6.0,31.0,0.1,0.075,0.2,1.0,878.0,0.0,0.0,0.09908883826879271
17.0,6.0,32.0,0.1,0.075,0.2,1.0,863.0,0.0,0.0,0.0996523754345307
17.0,6.0,33.0,0.1,0.075,0.2,1.0,856.0,0.0,0.0,0.10046728971962617
17.0,6.0,34.0,0.1,0.075,0.2,1.0,825.0,0.0,0.0,0.10303030303030303
17.0,6.0,35.0,0.1,0.075,0.2,1.0,819.0,0.0,0.0,0.10378510378510379
17.0,6.0,36.0,0.1,0.075,0.2,1.0,782.0,0.0,0.0,0.10741687979539642
17.0,6.0,37.0,0.1,0.075,0.2,1.0,787.0,0.0,0.0,0.10546378653113088
17.0,6.0,38.0,0.1,0.075,0.2,1.0,779.0,0.0,0.0,0.10911424903722722
17.0,6.0,39.0,0.1,0.075,0.2,1.0,762.0,0.0,0.0,0.10498687664041995
17.0,6.0,40.0,0.1,0.075,0.2,1.0,745.0,0.0,0.0,0.1087248322147651
17.0,6.0,41.0,0.1,0.075,0.2,1.0,756.0,0.0,0.0,0.10714285714285714
17.0,6.0,42.0,0.1,0.075,0.2,1.0,742.0,0.0,0.0,0.1091644204851752
17.0,6.0,43.0,0.1,0.075,0.2,1.0,746.0,0.0,0.0,0.10455764075067024
17.0,6.0,44.0,0.1,0.075,0.2,1.0,725.0,0.0,0.0,0.10620689655172413
17.0,6.0,45.0,0.1,0.075,0.2,1.0,706.0,0.0,0.0,0.17988668555240794
17.0,6.0,46.0,0.1,0.075,0.2,1.0,686.0,0.0,0.0,0.18221574344023322
17.0,6.0,47.0,0.1,0.075,0.2,1.0,694.0,0.0,0.0,0.1786743515850144
17.0,6.0,48.0,0.1,0.075,0.2,1.0,679.0,0.0,0.0,0.18262150220913106
17.0,6.0,49.0,0.1,0.075,0.2,1.0,686.0,0.0,0.0,0.18075801749271136
17.0,6.0,50.0,0.1,0.075,0.2,1.0,656.0,0.0,0.0,0.1798780487804878
17.0,6.0,51.0,0.1,0.075,0.2,1.0,667.0,0.0,0.0,0.17691154422788605
17.0,6.0,52.0,0.1,0.075,0.2,1.0,656.0,0.0,0.0,0.1798780487804878
17.0,7.0,1.0,0.1,0.075,0.2,1.0,640.0,0.0,0.0,0.178125
17.0,7.0,2.0,0.1,0.075,0.2,1.0,622.0,0.0,0.0,0.18167202572347266
17.0,7.0,3.0,0.1,0.075,0.2,1.0,632.0,0.0,0.0,0.1787974683544304
17.0,7.0,4.0,0.1,0.075,0.2,1.0,620.0,0.0,0.0,0.18225806451612903
17.0,7.0,5.0,0.1,0.075,0.2,1.0,632.0,0.0,0.0,0.1787974683544304
17.0,7.0,6.0,0.1,0.075,0.2,1.0,618.0,0.0,0.0,0.18284789644012944
17.0,7.0,7.0,0.1,0.075,0.2,1.0,629.0,0.0,0.0,0.17965023847376788
17.0,7.0,8.0,0.1,0.075,0.2,1.0,614.0,0.0,0.0,0.18241042345276873
17.0,7.0,9.0,0.1,0.075,0.2,1.0,623.0,0.0,0.0,0.1797752808988764
17.0,7.0,10.0,0.1,0.075,0.2,1.0,616.0,0.0,0.0,0.18181818181818182
17.0,7.0,11.0,0.1,0.075,0.2,1.0,621.0,0.0,0.0,0.178743961352657
17.0,7.0,12.0,0.1,0.075,0.2,1.0,613.0,0.0,0.0,0.18107667210440456
17.0,7.0,13.0,0.1,0.075,0.2,1.0,617.0,0.0,0.0,0.1766612641815235
17.0,7.0,14.0,0.1,0.075,0.2,1.0,611.0,0.0,0.0,0.18003273322422259
17.0,7.0,15.0,0.1,0.075,0.2,1.0,616.0,0.0,0.0,0.17694805194805194
17.0,7.0,16.0,0.1,0.075,0.2,1.0,611.0,0.0,0.0,0.18003273322422259
17.0,7.0,17.0,0.1,0.075,0.2,1.0,615.0,0.0,0.0,0.1772357723577236
17.0,7.0,18.0,0.1,0.075,0.2,1.0,611.0,0.0,0.0,0.18003273322422259
17.0,7.0,19.0,0.1,0.075,0.2,1.0,614.0,0.0,0.0,0.1758957654723127
17.0,7.0,20.0,0.1,0.075,0.2,1.0,1112.0,0.0,0.0,0.09802158273381295
17.0,7.0,21.0,0.1,0.075,0.2,1.0,1092.0,0.0,0.0,0.09798534798534798
17.0,7.0,22.0,0.1,0.075,0.2,1.0,1081.0,0.0,0.0,0.0971322849213691
17.0,7.0,23.0,0.1,0.075,0.2,1.0,1051.0,0.0,0.0,0.0960989533777355
17.0,7.0,24.0,0.1,0.075,0.2,1.0,1039.0,0.0,0.0,0.09624639076034648
17.0,7.0,25.0,0.1,0.075,0.2,1.0,999.0,0.0,0.0,0.09509509509509509
17.0,7.0,26.0,0.1,0.075,0.2,1.0,937.0,0.0,0.0,0.09711846318036287
17.0,7.0,27.0,0.1,0.075,0.2,1.0,924.0,0.0,0.0,0.09740259740259741
17.0,7.0,28.0,0.1,0.075,0.2,1.0,910.0,0.0,0.0,0.0967032967032967
17.0,7.0,29.0,0.1,0.075,0.2,1.0,878.0,0.0,0.0,0.0979498861047836
17.0,7.0,30.0,0.1,0.075,0.2,1.0,854.0,0.0,0.0,0.10070257611241218
17.0,7.0,31.0,0.1,0.075,0.2,1.0,829.0,0.0,0.0,0.10253317249698432
17.0,7.0,32.0,0.1,0.075,0.2,1.0,818.0,0.0,0.0,0.1039119804400978
17.0,7.0,33.0,0.1,0.075,0.2,1.0,816.0,0.0,0.0,0.10294117647058823
17.0,7.0,34.0,0.1,0.075,0.2,1.0,793.0,0.0,0.0,0.10718789407313997
17.0,7.0,35.0,0.1,0.075,0.2,1.0,769.0,0.0,0.0,0.10273081924577374
17.0,7.0,36.0,0.1,0.075,0.2,1.0,756.0,0.0,0.0,0.10449735449735449
17.0,7.0,37.0,0.1,0.075,0.2,1.0,714.0,0.0,0.0,0.10644257703081232
17.0,7.0,38.0,0.1,0.075,0.2,1.0,722.0,0.0,0.0,0.10664819944598337
17.0,7.0,39.0,0.1,0.075,0.2,1.0,712.0,0.0,0.0,0.10674157303370786
17.0,7.0,40.0,0.1,0.075,0.2,1.0,720.0,0.0,0.0,0.10555555555555556
17.0,7.0,41.0,0.1,0.075,0.2,1.0,700.0,0.0,0.0,0.10571428571428572
17.0,7.0,42.0,0.1,0.075,0.2,1.0,708.0,0.0,0.0,0.10451977401129943
17.0,7.0,43.0,0.1,0.075,0.2,1.0,699.0,0.0,0.0,0.1044349070100143
17.0,7.0,44.0,0.1,0.075,0.2,1.0,707.0,0.0,0.0,0.10325318246110325
17.0,7.0,45.0,0.1,0.075,0.2,1.0,699.0,0.0,0.0,0.15164520743919885
17.0,7.0,46.0,0.1,0.075,0.2,1.0,695.0,0.0,0.0,0.15251798561151078
17.0,7.0,47.0,0.1,0.075,0.2,1.0,687.0,0.0,0.0,0.15138282387190685
17.0,7.0,48.0,0.1,0.075,0.2,1.0,683.0,0.0,0.0,0.15373352855051245
17.0,7.0,49.0,0.1,0.075,0.2,1.0,675.0,0.0,0.0,0.15259259259259259
17.0,7.0,50.0,0.1,0.075,0.2,1.0,680.0,0.0,0.0,0.15441176470588236
17.0,7.0,51.0,0.1,0.075,0.2,1.0,675.0,0.0,0.0,0.15259259259259259
17.0,7.0,52.0,0.1,0.075,0.2,1.0,680.0,0.0,0.0,0.15441176470588236
17.0,8.0,1.0,0.1,0.075,0.2,1.0,676.0,0.0,0.0,0.15236686390532544
17.0,8.0,2.0,0.1,0.075,0.2,1.0,681.0,0.0,0.0,0.15418502202643172
17.0,8.0,3.0,0.1,0.075,0.2,1.0,665.0,0.0,0.0,0.15037593984962405
17.0,8.0,4.0,0.1,0.075,0.2,1.0,669.0,0.0,0.0,0.15246636771300448
17.0,8.0,5.0,0.1,0.075,0.2,1.0,665.0,0.0,0.0,0.15037593984962405
17.0,8.0,6.0,0.1,0.075,0.2,1.0,668.0,0.0,0.0,0.15269461077844312
17.0,8.0,7.0,0.1,0.075,0.2,1.0,664.0,0.0,0.0,0.15060240963855423
17.0,8.0,8.0,0.1,0.075,0.2,1.0,663.0,0.0,0.0,0.15384615384615385
17.0,8.0,9.0,0.1,0.075,0.2,1.0,660.0,0.0,0.0,0.15151515151515152
17.0,8.0,10.0,0.1,0.075,0.2,1.0,661.0,0.0,0.0,0.15431164901664146
17.0,8.0,11.0,0.1,0.075,0.2,1.0,657.0,0.0,0.0,0.1491628614916286
17.0,8.0,12.0,0.1,0.075,0.2,1.0,659.0,0.0,0.0,0.15326251896813353
17.0,8.0,13.0,0.1,0.075,0.2,1.0,657.0,0.0,0.0,0.1506849315068493
17.0,8.0,14.0,0.1,0.075,0.2,1.0,657.0,0.0,0.0,0.1537290715372907
17.0,8.0,15.0,0.1,0.075,0.2,1.0,655.0,0.0,0.0,0.15114503816793892
17.0,8.0,16.0,0.1,0.075,0.2,1.0,657.0,0.0,0.0,0.1537290715372907
17.0,8.0,17.0,0.1,0.075,0.2,1.0,654.0,0.0,0.0,0.15137614678899083
17.0,8.0,18.0,0.1,0.075,0.2,1.0,657.0,0.0,0.0,0.1537290715372907
17.0,8.0,19.0,0.1,0.075,0.2,1.0,641.0,0.0,0.0,0.1544461778471139
17.0,8.0,20.0,0.1,0.075,0.2,1.0,1202.0,0.0,0.0,0.08402662229617304
17.0,8.0,21.0,0.1,0.075,0.2,1.0,1175.0,0.0,0.0,0.08340425531914894
17.0,8.0,22.0,0.1,0.075,0.2,1.0,1114.0,0.0,0.0,0.08886894075403949
17.0,8.0,23.0,0.1,0.075,0.2,1.0,1100.0,0.0,0.0,0.08818181818181818
17.0,8.0,24.0,0.1,0.075,0.2,1.0,1075.0,0.0,0.0,0.09116279069767441
17.0,8.0,25.0,0.1,0.075,0.2,1.0,1021.0,0.0,0.0,0.0920666013712047
17.0,8.0,26.0,0.1,0.075,0.2,1.0,970.0,0.0,0.0,0.09690721649484536
17.0,8.0,27.0,0.1,0.075,0.2,1.0,942.0,0.0,0.0,0.09766454352441614
17.0,8.0,28.0,0.1,0.075,0.2,1.0,937.0,0.0,0.0,0.10032017075773746
17.0,8.0,29.0,0.1,0.075,0.2,1.0,939.0,0.0,0.0,0.0979765708200213
17.0,8.0,30.0,0.1,0.075,0.2,1.0,929.0,0.0,0.0,0.10010764262648009
17.0,8.0,31.0,0.1,0.075,0.2,1.0,928.0,0.0,0.0,0.0980603448275862
17.0,8.0,32.0,0.1,0.075,0.2,1.0,902.0,0.0,0.0,0.10310421286031042
17.0,8.0,33.0,0.1,0.075,0.2,1.0,901.0,0.0,0.0,0.10099889012208657
17.0,8.0,34.0,0.1,0.075,0.2,1.0,903.0,0.0,0.0,0.10299003322259136
17.0,8.0,35.0,0.1,0.075,0.2,1.0,888.0,0.0,0.0,0.10022522522522523
17.0,8.0,36.0,0.1,0.075,0.2,1.0,890.0,0.0,0.0,0.10224719101123596
17.0,8.0,37.0,0.1,0.075,0.2,1.0,888.0,0.0,0.0,0.10022522522522523
17.0,8.0,38.0,0.1,0.075,0.2,1.0,855.0,0.0,0.0,0.10058479532163743
17.0,8.0,39.0,0.1,0.075,0.2,1.0,826.0,0.0,0.0,0.1016949152542373
17.0,8.0,40.0,0.1,0.075,0.2,1.0,813.0,0.0,0.0,0.1057810578105781
17.0,8.0,41.0,0.1,0.075,0.2,1.0,808.0,0.0,0.0,0.10272277227722772
17.0,8.0,42.0,0.1,0.075,0.2,1.0,800.0,0.0,0.0,0.105
17.0,8.0,43.0,0.1,0.075,0.2,1.0,794.0,0.0,0.0,0.10201511335012595
17.0,8.0,44.0,0.1,0.075,0.2,1.0,800.0,0.0,0.0,0.105
17.0,8.0,45.0,0.1,0.075,0.2,1.0,795.0,0.0,0.0,0.17861635220125785
17.0,8.0,46.0,0.1,0.075,0.2,1.0,798.0,0.0,0.0,0.18045112781954886
17.0,8.0,47.0,0.1,0.075,0.2,1.0,795.0,0.0,0.0,0.17861635220125785
17.0,8.0,48.0,0.1,0.075,0.2,1.0,787.0,0.0,0.0,0.18170266836086404
17.0,8.0,49.0,0.1,0.075,0.2,1.0,768.0,0.0,0.0,0.18359375
17.0,8.0,50.0,0.1,0.075,0.2,1.0,768.0,0.0,0.0,0.18619791666666666
17.0,8.0,51.0,0.1,0.075,0.2,1.0,767.0,0.0,0.0,0.18383311603650587
17.0,8.0,52.0,0.1,0.075,0.2,1.0,767.0,0.0,0.0,0.18513689700130379
17.0,9.0,1.0,0.1,0.075,0.2,1.0,767.0,0.0,0.0,0.18383311603650587
17.0,9.0,2.0,0.1,0.075,0.2,1.0,766.0,0.0,0.0,0.185378590078329
17.0,9.0,3.0,0.1,0.075,0.2,1.0,767.0,0.0,0.0,0.18383311603650587
17.0,9.0,4.0,0.1,0.075,0.2,1.0,767.0,0.0,0.0,0.18513689700130379
17.0,9.0,5.0,0.1,0.075,0.2,1.0,768.0,0.0,0.0,0.18359375
17.0,9.0,6.0,0.1,0.075,0.2,1.0,767.0,0.0,0.0,0.18513689700130379
17.0,9.0,7.0,0.1,0.075,0.2,1.0,768.0,0.0,0.0,0.18359375
17.0,9.0,8.0,0.1,0.075,0.2,1.0,767.0,0.0,0.0,0.18513689700130379
17.0,9.0,9.0,0.1,0.075,0.2,1.0,765.0,0.0,0.0,0.1843137254901961
17.0,9.0,10.0,0.1,0.075,0.2,1.0,760.0,0.0,0.0,0.1868421052631579
17.0,9.0,11.0,0.1,0.075,0.2,1.0,748.0,0.0,0.0,0.18449197860962566
17.0,9.0,12.0,0.1,0.075,0.2,1.0,742.0,0.0,0.0,0.18598382749326145
17.0,9.0,13.0,0.1,0.075,0.2,1.0,744.0,0.0,0.0,0.18413978494623656
17.0,9.0,14.0,0.1,0.075,0.2,1.0,742.0,0.0,0.0,0.18598382749326145
17.0,9.0,15.0,0.1,0.075,0.2,1.0,741.0,0.0,0.0,0.18488529014844804
17.0,9.0,16.0,0.1,0.075,0.2,1.0,740.0,0.0,0.0,0.1864864864864865
17.0,9.0,17.0,0.1,0.075,0.2,1.0,739.0,0.0,0.0,0.18403247631935046
17.0,9.0,18.0,0.1,0.075,0.2,1.0,738.0,0.0,0.0,0.1856368563685637
17.0,9.0,19.0,0.1,0.075,0.2,1.0,739.0,0.0,0.0,0.18403247631935046
17.0,9.0,20.0,0.1,0.075,0.2,1.0,1267.0,0.0,0.0,0.10576164167324388
17.0,9.0,21.0,0.1,0.075,0.2,1.0,1257.0,0.0,0.0,0.10342084327764518
17.0,9.0,22.0,0.1,0.075,0.2,1.0,1198.0,0.0,0.0,0.10601001669449082
17.0,9.0,23.0,0.1,0.075,0.2,1.0,1165.0,0.0,0.0,0.10643776824034334
17.0,9.0,24.0,0.1,0.075,0.2,1.0,1148.0,0.0,0.0,0.10888501742160278
17.0,9.0,25.0,0.1,0.075,0.2,1.0,1098.0,0.0,0.0,0.1092896174863388
17.0,9.0,26.0,0.1,0.075,0.2,1.0,1083.0,0.0,0.0,0.11172668513388735
17.0,9.0,27.0,0.1,0.075,0.2,1.0,1061.0,0.0,0.0,0.1112158341187559
17.0,9.0,28.0,0.1,0.075,0.2,1.0,1048.0,0.0,0.0,0.11164122137404581
17.0,9.0,29.0,0.1,0.075,0.2,1.0,1023.0,0.0,0.0,0.10948191593352884
17.0,9.0,30.0,0.1,0.075,0.2,1.0,1032.0,0.0,0.0,0.11143410852713179
17.0,9.0,31.0,0.1,0.075,0.2,1.0,1011.0,0.0,0.0,0.10880316518298715
17.0,9.0,32.0,0.1,0.075,0.2,1.0,926.0,0.0,0.0,0.11663066954643629
17.0,9.0,33.0,0.1,0.075,0.2,1.0,899.0,0.0,0.0,0.11568409343715239
17.0,9.0,34.0,0.1,0.075,0.2,1.0,908.0,0.0,0.0,0.11784140969162996
17.0,9.0,35.0,0.1,0.075,0.2,1.0,875.0,0.0,0.0,0.11657142857142858
17.0,9.0,36.0,0.1,0.075,0.2,1.0,885.0,0.0,0.0,0.11864406779661017
17.0,9.0,37.0,0.1,0.075,0.2,1.0,876.0,0.0,0.0,0.11643835616438356
17.0,9.0,38.0,0.1,0.075,0.2,1.0,885.0,0.0,0.0,0.11864406779661017
17.0,9.0,39.0,0.1,0.075,0.2,1.0,875.0,0.0,0.0,0.11657142857142858
17.0,9.0,40.0,0.1,0.075,0.2,1.0,885.0,0.0,0.0,0.11864406779661017
17.0,9.0,41.0,0.1,0.075,0.2,1.0,848.0,0.0,0.0,0.1179245283018868
17.0,9.0,42.0,0.1,0.075,0.2,1.0,856.0,0.0,0.0,0.12032710280373832
17.0,9.0,43.0,0.1,0.075,0.2,1.0,833.0,0.0,0.0,0.12004801920768307
17.0,9.0,44.0,0.1,0.075,0.2,1.0,842.0,0.0,0.0,0.12232779097387174
17.0,9.0,45.0,0.1,0.075,0.2,1.0,809.0,0.0,0.0,0.19283065512978986
17.0,9.0,46.0,0.1,0.075,0.2,1.0,817.0,0.0,0.0,0.19461444308445533
17.0,9.0,47.0,0.1,0.075,0.2,1.0,809.0,0.0,0.0,0.19283065512978986
17.0,9.0,48.0,0.1,0.075,0.2,1.0,817.0,0.0,0.0,0.19461444308445533
17.0,9.0,49.0,0.1,0.075,0.2,1.0,810.0,0.0,0.0,0.1925925925925926
17.0,9.0,50.0,0.1,0.075,0.2,1.0,812.0,0.0,0.0,0.1958128078817734
17.0,9.0,51.0,0.1,0.075,0.2,1.0,804.0,0.0,0.0,0.19402985074626866
17.0,9.0,52.0,0.1,0.075,0.2,1.0,812.0,0.0,0.0,0.1958128078817734
17.0,10.0,1.0,0.1,0.075,0.2,1.0,803.0,0.0,0.0,0.19427148194271482
17.0,10.0,2.0,0.1,0.075,0.2,1.0,808.0,0.0,0.0,0.19554455445544555
17.0,10.0,3.0,0.1,0.075,0.2,1.0,798.0,0.0,0.0,0.19423558897243107
17.0,10.0,4.0,0.1,0.075,0.2,1.0,807.0,0.0,0.0,0.19578686493184635
17.0,10.0,5.0,0.1,0.075,0.2,1.0,798.0,0.0,0.0,0.19423558897243107
17.0,10.0,6.0,0.1,0.075,0.2,1.0,807.0,0.0,0.0,0.19578686493184635
17.0,10.0,7.0,0.1,0.075,0.2,1.0,799.0,0.0,0.0,0.19524405506883605
17.0,10.0,8.0,0.1,0.075,0.2,1.0,805.0,0.0,0.0,0.19627329192546583
17.0,10.0,9.0,0.1,0.075,0.2,1.0,797.0,0.0,0.0,0.19573400250941028
17.0,10.0,10.0,0.1,0.075,0.2,1.0,802.0,0.0,0.0,0.1970074812967581
17.0,10.0,11.0,0.1,0.075,0.2,1.0,794.0,0.0,0.0,0.1964735516372796
17.0,10.0,12.0,0.1,0.075,0.2,1.0,797.0,0.0,0.0,0.19824341279799249
17.0,10.0,13.0,0.1,0.075,0.2,1.0,776.0,0.0,0.0,0.19974226804123713
17.0,10.0,14.0,0.1,0.075,0.2,1.0,781.0,0.0,0.0,0.20102432778489115
17.0,10.0,15.0,0.1,0.075,0.2,1.0,774.0,0.0,0.0,0.20025839793281655
17.0,10.0,16.0,0.1,0.075,0.2,1.0,780.0,0.0,0.0,0.2012820512820513
17.0,10.0,17.0,0.1,0.075,0.2,1.0,774.0,0.0,0.0,0.20025839793281655
17.0,10.0,18.0,0.1,0.075,0.2,1.0,780.0,0.0,0.0,0.2012820512820513
17.0,10.0,19.0,0.1,0.075,0.2,1.0,773.0,0.0,0.0,0.20051746442432083
17.0,10.0,20.0,0.1,0.075,0.2,1.0,1322.0,0.0,0.0,0.10741301059001512
17.0,10.0,21.0,0.1,0.075,0.2,1.0,1273.0,0.0,0.0,0.10840534171249018
17.0,10.0,22.0,0.1,0.075,0.2,1.0,1234.0,0.0,0.0,0.1094003241491086
17.0,10.0,23.0,0.1,0.075,0.2,1.0,1206.0,0.0,0.0,0.10862354892205639
17.0,10.0,24.0,0.1,0.075,0.2,1.0,1155.0,0.0,0.0,0.11341991341991342
17.0,10.0,25.0,0.1,0.075,0.2,1.0,1129.0,0.0,0.0,0.11426040744021258
17.0,10.0,26.0,0.1,0.075,0.2,1.0,1132.0,0.0,0.0,0.11484098939929328
17.0,10.0,27.0,0.1,0.075,0.2,1.0,1100.0,0.0,0.0,0.11636363636363636
17.0,10.0,28.0,0.1,0.075,0.2,1.0,1075.0,0.0,0.0,0.11627906976744186
17.0,10.0,29.0,0.1,0.075,0.2,1.0,1048.0,0.0,0.0,0.11545801526717557
17.0,10.0,30.0,0.1,0.075,0.2,1.0,1051.0,0.0,0.0,0.11607992388201713
17.0,10.0,31.0,0.1,0.075,0.2,1.0,1036.0,0.0,0.0,0.11583011583011583
17.0,10.0,32.0,0.1,0.075,0.2,1.0,1050.0,0.0,0.0,0.11619047619047619
17.0,10.0,33.0,0.1,0.075,0.2,1.0,1008.0,0.0,0.0,0.11607142857142858
17.0,10.0,34.0,0.1,0.075,0.2,1.0,1005.0,0.0,0.0,0.11840796019900497
17.0,10.0,35.0,0.1,0.075,0.2,1.0,985.0,0.0,0.0,0.11878172588832488
17.0,10.0,36.0,0.1,0.075,0.2,1.0,992.0,0.0,0.0,0.11995967741935484
17.0,10.0,37.0,0.1,0.075,0.2,1.0,973.0,0.0,0.0,0.12024665981500514
17.0,10.0,38.0,0.1,0.075,0.2,1.0,991.0,0.0,0.0,0.11907164480322906
17.0,10.0,39.0,0.1,0.075,0.2,1.0,942.0,0.0,0.0,0.12208067940552017
17.0,10.0,40.0,0.1,0.075,0.2,1.0,961.0,0.0,0.0,0.12174817898022892
17.0,10.0,41.0,0.1,0.075,0.2,1.0,936.0,0.0,0.0,0.12072649572649573
17.0,10.0,42.0,0.1,0.075,0.2,1.0,949.0,0.0,0.0,0.12118018967334036
17.0,10.0,43.0,0.1,0.075,0.2,1.0,935.0,0.0,0.0,0.12085561497326203
17.0,10.0,44.0,0.1,0.075,0.2,1.0,938.0,0.0,0.0,0.12153518123667377
17.0,10.0,45.0,0.1,0.075,0.2,1.0,922.0,0.0,0.0,0.19414316702819956
17.0,10.0,46.0,0.1,0.075,0.2,1.0,937.0,0.0,0.0,0.19423692636072573
17.0,10.0,47.0,0.1,0.075,0.2,1.0,911.0,0.0,0.0,0.1964873765093304
17.0,10.0,48.0,0.1,0.075,0.2,1.0,926.0,0.0,0.0,0.19654427645788336
17.0,10.0,49.0,0.1,0.075,0.2,1.0,900.0,0.0,0.0,0.19666666666666666
17.0,10.0,50.0,0.1,0.075,0.2,1.0,889.0,0.0,0.0,0.19910011248593926
17.0,10.0,51.0,0.1,0.075,0.2,1.0,881.0,0.0,0.0,0.19863791146424517
17.0,10.0,52.0,0.1,0.075,0.2,1.0,873.0,0.0,0.0,0.1981672394043528
18.0,1.0,1.0,0.1,0.075,0.2,1.0,5277.0,53.0,8.0,0.09626681826795527
18.0,1.0,2.0,0.1,0.075,0.2,1.0,5255.0,63.0,22.0,0.0972407231208373
18.0,1.0,3.0,0.1,0.075,0.2,1.0,5187.0,75.0,35.0,0.09755157123578176
18.0,1.0,4.0,0.1,0.075,0.2,1.0,5179.0,100.0,42.0,0.09924695887236919
18.0,1.0,5.0,0.1,0.075,0.2,1.0,5136.0,124.0,46.0,0.10085669781931464
18.0,1.0,6.0,0.1,0.075,0.2,1.0,5028.0,156.0,44.0,0.10103420843277645
18.0,1.0,7.0,0.1,0.075,0.2,1.0,4901.0,193.0,67.0,0.10099979596000816
18.0,1.0,8.0,0.1,0.075,0.2,1.0,4719.0,216.0,76.0,0.1010807374443738
18.0,1.0,9.0,0.1,0.075,0.2,1.0,4490.0,232.0,90.0,0.10289532293986638
18.0,1.0,10.0,0.1,0.075,0.2,1.0,4350.0,258.0,105.0,0.10275862068965518
18.0,1.0,11.0,0.1,0.075,0.2,1.0,4223.0,285.0,118.0,0.10277054226852948
18.0,1.0,12.0,0.1,0.075,0.2,1.0,4046.0,294.0,132.0,0.10454770143351458
18.0,1.0,13.0,0.1,0.075,0.2,1.0,3928.0,322.0,141.0,0.10616089613034624
18.0,1.0,14.0,0.1,0.075,0.2,1.0,3780.0,342.0,158.0,0.10608465608465609
18.0,1.0,15.0,0.1,0.075,0.2,1.0,3693.0,356.0,151.0,0.10668832927159491
18.0,1.0,16.0,0.1,0.075,0.2,1.0,3537.0,379.0,159.0,0.10884930732258977
18.0,1.0,17.0,0.1,0.075,0.2,1.0,3461.0,394.0,173.0,0.11095059231436001
18.0,1.0,18.0,0.1,0.075,0.2,1.0,3348.0,402.0,193.0,0.11409796893667862
18.0,1.0,19.0,0.1,0.075,0.2,1.0,3293.0,428.0,203.0,0.11509262071059824
18.0,1.0,20.0,0.1,0.075,0.2,1.0,6040.0,425.0,211.0,0.062086092715231786
18.0,1.0,21.0,0.1,0.075,0.2,1.0,5577.0,513.0,188.0,0.064550833781603
18.0,1.0,22.0,0.1,0.075,0.2,1.0,5209.0,561.0,200.0,0.06469571894797466
18.0,1.0,23.0,0.1,0.075,0.2,1.0,4793.0,601.0,233.0,0.06738994366784895
18.0,1.0,24.0,0.1,0.075,0.2,1.0,4570.0,662.0,253.0,0.0700218818380744
18.0,1.0,25.0,0.1,0.075,0.2,1.0,4267.0,679.0,279.0,0.07358800093742676
18.0,1.0,26.0,0.1,0.075,0.2,1.0,4019.0,693.0,298.0,0.07564070664344365
18.0,1.0,27.0,0.1,0.075,0.2,1.0,3781.0,742.0,317.0,0.07855064797672573
18.0,1.0,28.0,0.1,0.075,0.2,1.0,3513.0,724.0,311.0,0.08397381155707373
18.0,1.0,29.0,0.1,0.075,0.2,1.0,3253.0,695.0,311.0,0.08761143559790963
18.0,1.0,30.0,0.1,0.075,0.2,1.0,3080.0,719.0,339.0,0.09058441558441559
18.0,1.0,31.0,0.1,0.075,0.2,1.0,2867.0,702.0,337.0,0.09452389257063132
18.0,1.0,32.0,0.1,0.075,0.2,1.0,2693.0,682.0,334.0,0.09988860007426661
18.0,1.0,33.0,0.1,0.075,0.2,1.0,2474.0,634.0,318.0,0.10428455941794665
18.0,1.0,34.0,0.1,0.075,0.2,1.0,2268.0,596.0,306.0,0.11199294532627865
18.0,1.0,35.0,0.1,0.075,0.2,1.0,2127.0,551.0,294.0,0.11988716502115655
18.0,1.0,36.0,0.1,0.075,0.2,1.0,1967.0,518.0,253.0,0.12760549059481444
18.0,1.0,37.0,0.1,0.075,0.2,1.0,1821.0,473.0,232.0,0.13618890719384955
18.0,1.0,38.0,0.1,0.075,0.2,1.0,1683.0,415.0,203.0,0.1467617349970291
18.0,1.0,39.0,0.1,0.075,0.2,1.0,1592.0,397.0,221.0,0.15326633165829145
18.0,1.0,40.0,0.1,0.075,0.2,1.0,1486.0,364.0,194.0,0.16285329744279947
18.0,1.0,41.0,0.1,0.075,0.2,1.0,1383.0,341.0,180.0,0.1749819233550253
18.0,1.0,42.0,0.1,0.075,0.2,1.0,1270.0,278.0,141.0,0.18818897637795276
18.0,1.0,43.0,0.1,0.075,0.2,1.0,1205.0,252.0,134.0,0.1975103734439834
18.0,1.0,44.0,0.1,0.075,0.2,1.0,1123.0,219.0,117.0,0.21282279608192342
18.0,1.0,45.0,0.1,0.075,0.2,1.0,1074.0,201.0,116.0,0.2774674115456238
18.0,1.0,46.0,0.1,0.075,0.2,1.0,1015.0,166.0,101.0,0.2896551724137931
18.0,1.0,47.0,0.1,0.075,0.2,1.0,949.0,133.0,84.0,0.3013698630136986
18.0,1.0,48.0,0.1,0.075,0.2,1.0,900.0,109.0,71.0,0.31333333333333335
18.0,1.0,49.0,0.1,0.075,0.2,1.0,844.0,90.0,51.0,0.31990521327014215
18.0,1.0,50.0,0.1,0.075,0.2,1.0,818.0,80.0,41.0,0.3276283618581907
18.0,1.0,51.0,0.1,0.075,0.2,1.0,788.0,62.0,31.0,0.3350253807106599
18.0,1.0,52.0,0.1,0.075,0.2,1.0,774.0,53.0,27.0,0.3359173126614987
18.0,2.0,1.0,0.1,0.075,0.2,1.0,759.0,47.0,26.0,0.3438735177865613
18.0,2.0,2.0,0.1,0.075,0.2,1.0,745.0,40.0,27.0,0.34496644295302015
18.0,2.0,3.0,0.1,0.075,0.2,1.0,735.0,39.0,26.0,0.3523809523809524
18.0,2.0,4.0,0.1,0.075,0.2,1.0,718.0,35.0,20.0,0.34818941504178275
18.0,2.0,5.0,0.1,0.075,0.2,1.0,707.0,32.0,14.0,0.355021216407355
18.0,2.0,6.0,0.1,0.075,0.2,1.0,686.0,30.0,14.0,0.3498542274052478
18.0,2.0,7.0,0.1,0.075,0.2,1.0,678.0,30.0,17.0,0.35398230088495575
18.0,2.0,8.0,0.1,0.075,0.2,1.0,661.0,26.0,16.0,0.34493192133131617
18.0,2.0,9.0,0.1,0.075,0.2,1.0,654.0,26.0,15.0,0.3532110091743119
18.0,2.0,10.0,0.1,0.075,0.2,1.0,636.0,20.0,9.0,0.3522012578616352
18.0,2.0,11.0,0.1,0.075,0.2,1.0,628.0,22.0,11.0,0.35828025477707004
18.0,2.0,12.0,0.1,0.075,0.2,1.0,616.0,18.0,8.0,0.3538961038961039
18.0,2.0,13.0,0.1,0.075,0.2,1.0,614.0,21.0,11.0,0.3583061889250814
18.0,2.0,14.0,0.1,0.075,0.2,1.0,604.0,19.0,8.0,0.35596026490066224
18.0,2.0,15.0,0.1,0.075,0.2,1.0,602.0,23.0,9.0,0.36046511627906974
18.0,2.0,16.0,0.1,0.075,0.2,1.0,591.0,18.0,7.0,0.3553299492385787
18.0,2.0,17.0,0.1,0.075,0.2,1.0,583.0,17.0,9.0,0.36192109777015435
18.0,2.0,18.0,0.1,0.075,0.2,1.0,573.0,14.0,9.0,0.3542757417102967
18.0,2.0,19.0,0.1,0.075,0.2,1.0,574.0,17.0,11.0,0.3606271777003484
18.0,2.0,20.0,0.1,0.075,0.2,1.0,994.0,13.0,7.0,0.2022132796780684
18.0,2.0,21.0,0.1,0.075,0.2,1.0,972.0,15.0,7.0,0.205761316872428
18.0,2.0,22.0,0.1,0.075,0.2,1.0,918.0,20.0,7.0,0.20588235294117646
18.0,2.0,23.0,0.1,0.075,0.2,1.0,920.0,24.0,6.0,0.20869565217391303
18.0,2.0,24.0,0.1,0.075,0.2,1.0,885.0,21.0,4.0,0.21016949152542372
18.0,2.0,25.0,0.1,0.075,0.2,1.0,883.0,24.0,6.0,0.2129105322763307
18.0,2.0,26.0,0.1,0.075,0.2,1.0,872.0,26.0,11.0,0.21100917431192662
18.0,2.0,27.0,0.1,0.075,0.2,1.0,873.0,31.0,17.0,0.21305841924398625
18.0,2.0,28.0,0.1,0.075,0.2,1.0,850.0,33.0,17.0,0.21411764705882352
18.0,2.0,29.0,0.1,0.075,0.2,1.0,856.0,32.0,15.0,0.21728971962616822
18.0,2.0,30.0,0.1,0.075,0.2,1.0,827.0,33.0,16.0,0.21523579201934703
18.0,2.0,31.0,0.1,0.075,0.2,1.0,830.0,32.0,15.0,0.21927710843373494
18.0,2.0,32.0,0.1,0.075,0.2,1.0,807.0,35.0,15.0,0.21685254027261464
18.0,2.0,33.0,0.1,0.075,0.2,1.0,801.0,33.0,16.0,0.2222222222222222
18.0,2.0,34.0,0.1,0.075,0.2,1.0,772.0,28.0,17.0,0.22409326424870465
18.0,2.0,35.0,0.1,0.075,0.2,1.0,779.0,28.0,17.0,0.22721437740693196
18.0,2.0,36.0,0.1,0.075,0.2,1.0,759.0,26.0,12.0,0.22529644268774704
18.0,2.0,37.0,0.1,0.075,0.2,1.0,766.0,24.0,10.0,0.23237597911227154
18.0,2.0,38.0,0.1,0.075,0.2,1.0,741.0,20.0,10.0,0.2321187584345479
18.0,2.0,39.0,0.1,0.075,0.2,1.0,730.0,23.0,16.0,0.23972602739726026
18.0,2.0,40.0,0.1,0.075,0.2,1.0,713.0,21.0,14.0,0.23983169705469845
18.0,2.0,41.0,0.1,0.075,0.2,1.0,702.0,24.0,13.0,0.24643874643874644
18.0,2.0,42.0,0.1,0.075,0.2,1.0,679.0,16.0,8.0,0.24300441826215022
18.0,2.0,43.0,0.1,0.075,0.2,1.0,669.0,13.0,6.0,0.25112107623318386
18.0,2.0,44.0,0.1,0.075,0.2,1.0,659.0,10.0,5.0,0.24582701062215478
18.0,2.0,45.0,0.1,0.075,0.2,1.0,641.0,10.0,4.0,0.31045241809672386
18.0,2.0,46.0,0.1,0.075,0.2,1.0,637.0,6.0,2.0,0.3076923076923077
18.0,2.0,47.0,0.1,0.075,0.2,1.0,608.0,8.0,4.0,0.3157894736842105
18.0,2.0,48.0,0.1,0.075,0.2,1.0,592.0,4.0,1.0,0.3091216216216216
18.0,2.0,49.0,0.1,0.075,0.2,1.0,600.0,11.0,5.0,0.31166666666666665
18.0,2.0,50.0,0.1,0.075,0.2,1.0,590.0,9.0,4.0,0.3101694915254237
18.0,2.0,51.0,0.1,0.075,0.2,1.0,589.0,14.0,6.0,0.3140916808149406
18.0,2.0,52.0,0.1,0.075,0.2,1.0,578.0,8.0,3.0,0.3079584775086505
18.0,3.0,1.0,0.1,0.075,0.2,1.0,572.0,10.0,4.0,0.3129370629370629
18.0,3.0,2.0,0.1,0.075,0.2,1.0,571.0,6.0,4.0,0.30472854640980734
18.0,3.0,3.0,0.1,0.075,0.2,1.0,557.0,9.0,5.0,0.3105924596050269
18.0,3.0,4.0,0.1,0.075,0.2,1.0,554.0,4.0,2.0,0.30685920577617326
18.0,3.0,5.0,0.1,0.075,0.2,1.0,551.0,6.0,4.0,0.3121597096188748
18.0,3.0,6.0,0.1,0.075,0.2,1.0,539.0,3.0,1.0,0.30241187384044527
18.0,3.0,7.0,0.1,0.075,0.2,1.0,536.0,6.0,2.0,0.30783582089552236
18.0,3.0,8.0,0.1,0.075,0.2,1.0,530.0,2.0,0.0,0.3018867924528302
18.0,3.0,9.0,0.1,0.075,0.2,1.0,528.0,4.0,3.0,0.3106060606060606
18.0,3.0,10.0,0.1,0.075,0.2,1.0,527.0,5.0,3.0,0.29601518026565465
18.0,3.0,11.0,0.1,0.075,0.2,1.0,519.0,8.0,3.0,0.30828516377649323
18.0,3.0,12.0,0.1,0.075,0.2,1.0,519.0,6.0,2.0,0.29672447013487474
18.0,3.0,13.0,0.1,0.075,0.2,1.0,514.0,5.0,2.0,0.3093385214007782
18.0,3.0,14.0,0.1,0.075,0.2,1.0,515.0,6.0,5.0,0.29902912621359223
18.0,3.0,15.0,0.1,0.075,0.2,1.0,505.0,4.0,2.0,0.3108910891089109
18.0,3.0,16.0,0.1,0.075,0.2,1.0,506.0,8.0,3.0,0.30237154150197626
18.0,3.0,17.0,0.1,0.075,0.2,1.0,498.0,5.0,2.0,0.3132530120481928
18.0,3.0,18.0,0.1,0.075,0.2,1.0,500.0,6.0,2.0,0.3
18.0,3.0,19.0,0.1,0.075,0.2,1.0,494.0,5.0,3.0,0.3076923076923077
18.0,3.0,20.0,0.1,0.075,0.2,1.0,921.0,4.0,2.0,0.16069489685124863
18.0,3.0,21.0,0.1,0.075,0.2,1.0,921.0,3.0,1.0,0.16395222584147665
18.0,3.0,22.0,0.1,0.075,0.2,1.0,915.0,9.0,2.0,0.15956284153005465
18.0,3.0,23.0,0.1,0.075,0.2,1.0,918.0,6.0,4.0,0.16339869281045752
18.0,3.0,24.0,0.1,0.075,0.2,1.0,896.0,4.0,3.0,0.16294642857142858
18.0,3.0,25.0,0.1,0.075,0.2,1.0,869.0,0.0,0.0,0.1668584579976985
18.0,3.0,26.0,0.1,0.075,0.2,1.0,854.0,1.0,1.0,0.16627634660421545
18.0,3.0,27.0,0.1,0.075,0.2,1.0,806.0,0.0,0.0,0.1687344913151365
18.0,3.0,28.0,0.1,0.075,0.2,1.0,790.0,1.0,0.0,0.17088607594936708
18.0,3.0,29.0,0.1,0.075,0.2,1.0,799.0,0.0,0.0,0.16896120150187735
18.0,3.0,30.0,0.1,0.075,0.2,1.0,786.0,1.0,1.0,0.1692111959287532
18.0,3.0,31.0,0.1,0.075,0.2,1.0,782.0,0.0,0.0,0.170076726342711
18.0,3.0,32.0,0.1,0.075,0.2,1.0,764.0,1.0,1.0,0.17146596858638743
18.0,3.0,33.0,0.1,0.075,0.2,1.0,758.0,0.0,0.0,0.16754617414248021
18.0,3.0,34.0,0.1,0.075,0.2,1.0,718.0,0.0,0.0,0.16573816155988857
18.0,3.0,35.0,0.1,0.075,0.2,1.0,727.0,0.0,0.0,0.16368638239339753
18.0,3.0,36.0,0.1,0.075,0.2,1.0,703.0,0.0,0.0,0.16358463726884778
18.0,3.0,37.0,0.1,0.075,0.2,1.0,695.0,0.0,0.0,0.16402877697841728
18.0,3.0,38.0,0.1,0.075,0.2,1.0,674.0,0.0,0.0,0.16468842729970326
18.0,3.0,39.0,0.1,0.075,0.2,1.0,673.0,0.0,0.0,0.16344725111441308
18.0,3.0,40.0,0.1,0.075,0.2,1.0,636.0,0.0,0.0,0.16823899371069181
18.0,3.0,41.0,0.1,0.075,0.2,1.0,638.0,0.0,0.0,0.16300940438871472
18.0,3.0,42.0,0.1,0.075,0.2,1.0,632.0,0.0,0.0,0.1629746835443038
18.0,3.0,43.0,0.1,0.075,0.2,1.0,636.0,0.0,0.0,0.1619496855345912
18.0,3.0,44.0,0.1,0.075,0.2,1.0,631.0,0.0,0.0,0.1648177496038035
18.0,3.0,45.0,0.1,0.075,0.2,1.0,629.0,0.0,0.0,0.24960254372019078
18.0,3.0,46.0,0.1,0.075,0.2,1.0,614.0,0.0,0.0,0.252442996742671
18.0,3.0,47.0,0.1,0.075,0.2,1.0,617.0,0.0,0.0,0.25121555915721233
18.0,3.0,48.0,0.1,0.075,0.2,1.0,606.0,0.0,0.0,0.2524752475247525
18.0,3.0,49.0,0.1,0.075,0.2,1.0,612.0,0.0,0.0,0.24673202614379086
18.0,3.0,50.0,0.1,0.075,0.2,1.0,598.0,0.0,0.0,0.24749163879598662
18.0,3.0,51.0,0.1,0.075,0.2,1.0,603.0,0.0,0.0,0.24875621890547264
18.0,3.0,52.0,0.1,0.075,0.2,1.0,579.0,0.0,0.0,0.24870466321243523
18.0,4.0,1.0,0.1,0.075,0.2,1.0,584.0,0.0,0.0,0.25
18.0,4.0,2.0,0.1,0.075,0.2,1.0,572.0,0.0,0.0,0.24825174825174826
18.0,4.0,3.0,0.1,0.075,0.2,1.0,566.0,0.0,0.0,0.2508833922261484
18.0,4.0,4.0,0.1,0.075,0.2,1.0,551.0,0.0,0.0,0.24863883847549909
18.0,4.0,5.0,0.1,0.075,0.2,1.0,561.0,0.0,0.0,0.25133689839572193
18.0,4.0,6.0,0.1,0.075,0.2,1.0,545.0,0.0,0.0,0.24954128440366974
18.0,4.0,7.0,0.1,0.075,0.2,1.0,542.0,0.0,0.0,0.25276752767527677
18.0,4.0,8.0,0.1,0.075,0.2,1.0,511.0,0.0,0.0,0.2563600782778865
18.0,4.0,9.0,0.1,0.075,0.2,1.0,519.0,0.0,0.0,0.26011560693641617
18.0,4.0,10.0,0.1,0.075,0.2,1.0,511.0,0.0,0.0,0.2563600782778865
18.0,4.0,11.0,0.1,0.075,0.2,1.0,518.0,0.0,0.0,0.2606177606177606
18.0,4.0,12.0,0.1,0.075,0.2,1.0,506.0,0.0,0.0,0.25889328063241107
18.0,4.0,13.0,0.1,0.075,0.2,1.0,499.0,0.0,0.0,0.2605210420841683
18.0,4.0,14.0,0.1,0.075,0.2,1.0,495.0,0.0,0.0,0.2606060606060606
18.0,4.0,15.0,0.1,0.075,0.2,1.0,493.0,0.0,0.0,0.2616632860040568
18.0,4.0,16.0,0.1,0.075,0.2,1.0,490.0,0.0,0.0,0.2612244897959184
18.0,4.0,17.0,0.1,0.075,0.2,1.0,490.0,0.0,0.0,0.25918367346938775
18.0,4.0,18.0,0.1,0.075,0.2,1.0,484.0,0.0,0.0,0.25826446280991733
18.0,4.0,19.0,0.1,0.075,0.2,1.0,488.0,0.0,0.0,0.26024590163934425
18.0,4.0,20.0,0.1,0.075,0.2,1.0,960.0,0.0,0.0,0.12916666666666668
18.0,4.0,21.0,0.1,0.075,0.2,1.0,965.0,0.0,0.0,0.1305699481865285
18.0,4.0,22.0,0.1,0.075,0.2,1.0,901.0,0.0,0.0,0.12763596004439512
18.0,4.0,23.0,0.1,0.075,0.2,1.0,890.0,0.0,0.0,0.1303370786516854
18.0,4.0,24.0,0.1,0.075,0.2,1.0,873.0,0.0,0.0,0.13058419243986255
18.0,4.0,25.0,0.1,0.075,0.2,1.0,877.0,0.0,0.0,0.13112884834663627
18.0,4.0,26.0,0.1,0.075,0.2,1.0,865.0,0.0,0.0,0.12947976878612716
18.0,4.0,27.0,0.1,0.075,0.2,1.0,854.0,0.0,0.0,0.13114754098360656
18.0,4.0,28.0,0.1,0.075,0.2,1.0,854.0,0.0,0.0,0.1288056206088993
18.0,4.0,29.0,0.1,0.075,0.2,1.0,854.0,0.0,0.0,0.13114754098360656
18.0,4.0,30.0,0.1,0.075,0.2,1.0,817.0,0.0,0.0,0.12974296205630356
18.0,4.0,31.0,0.1,0.075,0.2,1.0,814.0,0.0,0.0,0.13022113022113022
18.0,4.0,32.0,0.1,0.075,0.2,1.0,816.0,0.0,0.0,0.12867647058823528
18.0,4.0,33.0,0.1,0.075,0.2,1.0,793.0,0.0,0.0,0.12988650693568726
18.0,4.0,34.0,0.1,0.075,0.2,1.0,797.0,0.0,0.0,0.12923462986198245
18.0,4.0,35.0,0.1,0.075,0.2,1.0,781.0,0.0,0.0,0.13188220230473752
18.0,4.0,36.0,0.1,0.075,0.2,1.0,757.0,0.0,0.0,0.12945838837516513
18.0,4.0,37.0,0.1,0.075,0.2,1.0,766.0,0.0,0.0,0.13054830287206268
18.0,4.0,38.0,0.1,0.075,0.2,1.0,742.0,0.0,0.0,0.1307277628032345
18.0,4.0,39.0,0.1,0.075,0.2,1.0,749.0,0.0,0.0,0.1308411214953271
18.0,4.0,40.0,0.1,0.075,0.2,1.0,735.0,0.0,0.0,0.1292517006802721
18.0,4.0,41.0,0.1,0.075,0.2,1.0,744.0,0.0,0.0,0.1303763440860215
18.0,4.0,42.0,0.1,0.075,0.2,1.0,736.0,0.0,0.0,0.12907608695652173
18.0,4.0,43.0,0.1,0.075,0.2,1.0,740.0,0.0,0.0,0.12972972972972974
18.0,4.0,44.0,0.1,0.075,0.2,1.0,725.0,0.0,0.0,0.1296551724137931
18.0,4.0,45.0,0.1,0.075,0.2,1.0,725.0,0.0,0.0,0.18482758620689654
18.0,4.0,46.0,0.1,0.075,0.2,1.0,701.0,0.0,0.0,0.1825962910128388
18.0,4.0,47.0,0.1,0.075,0.2,1.0,695.0,0.0,0.0,0.1841726618705036
18.0,4.0,48.0,0.1,0.075,0.2,1.0,685.0,0.0,0.0,0.18394160583941604
18.0,4.0,49.0,0.1,0.075,0.2,1.0,687.0,0.0,0.0,0.1848617176128093
18.0,4.0,50.0,0.1,0.075,0.2,1.0,679.0,0.0,0.0,0.18409425625920472
18.0,4.0,51.0,0.1,0.075,0.2,1.0,685.0,0.0,0.0,0.18394160583941604
18.0,4.0,52.0,0.1,0.075,0.2,1.0,654.0,0.0,0.0,0.18807339449541285
18.0,5.0,1.0,0.1,0.075,0.2,1.0,642.0,0.0,0.0,0.19003115264797507
18.0,5.0,2.0,0.1,0.075,0.2,1.0,620.0,0.0,0.0,0.19032258064516128
18.0,5.0,3.0,0.1,0.075,0.2,1.0,612.0,0.0,0.0,0.1977124183006536
18.0,5.0,4.0,0.1,0.075,0.2,1.0,600.0,0.0,0.0,0.19333333333333333
18.0,5.0,5.0,0.1,0.075,0.2,1.0,594.0,0.0,0.0,0.19696969696969696
18.0,5.0,6.0,0.1,0.075,0.2,1.0,581.0,0.0,0.0,0.18932874354561102
18.0,5.0,7.0,0.1,0.075,0.2,1.0,588.0,0.0,0.0,0.19727891156462585
18.0,5.0,8.0,0.1,0.075,0.2,1.0,572.0,0.0,0.0,0.19230769230769232
18.0,5.0,9.0,0.1,0.075,0.2,1.0,579.0,0.0,0.0,0.19861830742659758
18.0,5.0,10.0,0.1,0.075,0.2,1.0,568.0,0.0,0.0,0.19014084507042253
18.0,5.0,11.0,0.1,0.075,0.2,1.0,576.0,0.0,0.0,0.19791666666666666
18.0,5.0,12.0,0.1,0.075,0.2,1.0,568.0,0.0,0.0,0.19014084507042253
18.0,5.0,13.0,0.1,0.075,0.2,1.0,563.0,0.0,0.0,0.1989342806394316
18.0,5.0,14.0,0.1,0.075,0.2,1.0,551.0,0.0,0.0,0.19056261343012704
18.0,5.0,15.0,0.1,0.075,0.2,1.0,558.0,0.0,0.0,0.1989247311827957
18.0,5.0,16.0,0.1,0.075,0.2,1.0,548.0,0.0,0.0,0.19160583941605838
18.0,5.0,17.0,0.1,0.075,0.2,1.0,557.0,0.0,0.0,0.1992818671454219
18.0,5.0,18.0,0.1,0.075,0.2,1.0,545.0,0.0,0.0,0.1926605504587156
18.0,5.0,19.0,0.1,0.075,0.2,1.0,553.0,0.0,0.0,0.19891500904159132
18.0,5.0,20.0,0.1,0.075,0.2,1.0,1033.0,0.0,0.0,0.10261374636979671
18.0,5.0,21.0,0.1,0.075,0.2,1.0,1043.0,0.0,0.0,0.10546500479386385
18.0,5.0,22.0,0.1,0.075,0.2,1.0,984.0,0.0,0.0,0.10467479674796748
18.0,5.0,23.0,0.1,0.075,0.2,1.0,982.0,0.0,0.0,0.10896130346232179
18.0,5.0,24.0,0.1,0.075,0.2,1.0,959.0,0.0,0.0,0.10636079249217935
18.0,5.0,25.0,0.1,0.075,0.2,1.0,941.0,0.0,0.0,0.11052072263549416
18.0,5.0,26.0,0.1,0.075,0.2,1.0,930.0,0.0,0.0,0.10752688172043011
18.0,5.0,27.0,0.1,0.075,0.2,1.0,915.0,0.0,0.0,0.11256830601092896
18.0,5.0,28.0,0.1,0.075,0.2,1.0,903.0,0.0,0.0,0.10963455149501661
18.0,5.0,29.0,0.1,0.075,0.2,1.0,902.0,0.0,0.0,0.11419068736141907
18.0,5.0,30.0,0.1,0.075,0.2,1.0,889.0,0.0,0.0,0.11136107986501688
18.0,5.0,31.0,0.1,0.075,0.2,1.0,876.0,0.0,0.0,0.11529680365296803
18.0,5.0,32.0,0.1,0.075,0.2,1.0,864.0,0.0,0.0,0.11226851851851852
18.0,5.0,33.0,0.1,0.075,0.2,1.0,864.0,0.0,0.0,0.11574074074074074
18.0,5.0,34.0,0.1,0.075,0.2,1.0,843.0,0.0,0.0,0.11387900355871886
18.0,5.0,35.0,0.1,0.075,0.2,1.0,840.0,0.0,0.0,0.11666666666666667
18.0,5.0,36.0,0.1,0.075,0.2,1.0,827.0,0.0,0.0,0.1124546553808948
18.0,5.0,37.0,0.1,0.075,0.2,1.0,825.0,0.0,0.0,0.11515151515151516
18.0,5.0,38.0,0.1,0.075,0.2,1.0,821.0,0.0,0.0,0.1120584652862363
18.0,5.0,39.0,0.1,0.075,0.2,1.0,815.0,0.0,0.0,0.11411042944785275
18.0,5.0,40.0,0.1,0.075,0.2,1.0,814.0,0.0,0.0,0.10933660933660934
18.0,5.0,41.0,0.1,0.075,0.2,1.0,791.0,0.0,0.0,0.11378002528445007
18.0,5.0,42.0,0.1,0.075,0.2,1.0,745.0,0.0,0.0,0.11409395973154363
18.0,5.0,43.0,0.1,0.075,0.2,1.0,738.0,0.0,0.0,0.11788617886178862
18.0,5.0,44.0,0.1,0.075,0.2,1.0,742.0,0.0,0.0,0.11455525606469003
18.0,5.0,45.0,0.1,0.075,0.2,1.0,719.0,0.0,0.0,0.1933240611961057
18.0,5.0,46.0,0.1,0.075,0.2,1.0,709.0,0.0,0.0,0.18758815232722145
18.0,5.0,47.0,0.1,0.075,0.2,1.0,708.0,0.0,0.0,0.192090395480226
18.0,5.0,48.0,0.1,0.075,0.2,1.0,709.0,0.0,0.0,0.18758815232722145
18.0,5.0,49.0,0.1,0.075,0.2,1.0,683.0,0.0,0.0,0.191800878477306
18.0,5.0,50.0,0.1,0.075,0.2,1.0,682.0,0.0,0.0,0.18621700879765396
18.0,5.0,51.0,0.1,0.075,0.2,1.0,682.0,0.0,0.0,0.18914956011730205
18.0,5.0,52.0,0.1,0.075,0.2,1.0,681.0,0.0,0.0,0.18502202643171806
18.0,6.0,1.0,0.1,0.075,0.2,1.0,681.0,0.0,0.0,0.1894273127753304
18.0,6.0,2.0,0.1,0.075,0.2,1.0,679.0,0.0,0.0,0.18556701030927836
18.0,6.0,3.0,0.1,0.075,0.2,1.0,680.0,0.0,0.0,0.18823529411764706
18.0,6.0,4.0,0.1,0.075,0.2,1.0,679.0,0.0,0.0,0.18409425625920472
18.0,6.0,5.0,0.1,0.075,0.2,1.0,677.0,0.0,0.0,0.18906942392909898
18.0,6.0,6.0,0.1,0.075,0.2,1.0,676.0,0.0,0.0,0.1849112426035503
18.0,6.0,7.0,0.1,0.075,0.2,1.0,675.0,0.0,0.0,0.18962962962962962
18.0,6.0,8.0,0.1,0.075,0.2,1.0,658.0,0.0,0.0,0.18541033434650456
18.0,6.0,9.0,0.1,0.075,0.2,1.0,648.0,0.0,0.0,0.18981481481481483
18.0,6.0,10.0,0.1,0.075,0.2,1.0,647.0,0.0,0.0,0.18547140649149924
18.0,6.0,11.0,0.1,0.075,0.2,1.0,646.0,0.0,0.0,0.18885448916408668
18.0,6.0,12.0,0.1,0.075,0.2,1.0,645.0,0.0,0.0,0.18449612403100776
18.0,6.0,13.0,0.1,0.075,0.2,1.0,644.0,0.0,0.0,0.18944099378881987
18.0,6.0,14.0,0.1,0.075,0.2,1.0,642.0,0.0,0.0,0.1853582554517134
18.0,6.0,15.0,0.1,0.075,0.2,1.0,638.0,0.0,0.0,0.1896551724137931
18.0,6.0,16.0,0.1,0.075,0.2,1.0,637.0,0.0,0.0,0.18524332810047095
18.0,6.0,17.0,0.1,0.075,0.2,1.0,633.0,0.0,0.0,0.1895734597156398
18.0,6.0,18.0,0.1,0.075,0.2,1.0,633.0,0.0,0.0,0.18641390205371247
18.0,6.0,19.0,0.1,0.075,0.2,1.0,632.0,0.0,0.0,0.189873417721519
18.0,6.0,20.0,0.1,0.075,0.2,1.0,1161.0,0.0,0.0,0.09732988802756244
18.0,6.0,21.0,0.1,0.075,0.2,1.0,1123.0,0.0,0.0,0.1006233303650935
18.0,6.0,22.0,0.1,0.075,0.2,1.0,1070.0,0.0,0.0,0.09813084112149532
18.0,6.0,23.0,0.1,0.075,0.2,1.0,1043.0,0.0,0.0,0.10162991371045062
18.0,6.0,24.0,0.1,0.075,0.2,1.0,1020.0,0.0,0.0,0.10098039215686275
18.0,6.0,25.0,0.1,0.075,0.2,1.0,1013.0,0.0,0.0,0.10266535044422508
18.0,6.0,26.0,0.1,0.075,0.2,1.0,999.0,0.0,0.0,0.0990990990990991
18.0,6.0,27.0,0.1,0.075,0.2,1.0,998.0,0.0,0.0,0.10120240480961924
18.0,6.0,28.0,0.1,0.075,0.2,1.0,997.0,0.0,0.0,0.09929789368104312
18.0,6.0,29.0,0.1,0.075,0.2,1.0,976.0,0.0,0.0,0.1014344262295082
18.0,6.0,30.0,0.1,0.075,0.2,1.0,984.0,0.0,0.0,0.09857723577235772
18.0,6.0,31.0,0.1,0.075,0.2,1.0,966.0,0.0,0.0,0.10144927536231885
18.0,6.0,32.0,0.1,0.075,0.2,1.0,946.0,0.0,0.0,0.09936575052854123
18.0,6.0,33.0,0.1,0.075,0.2,1.0,914.0,0.0,0.0,0.10284463894967177
18.0,6.0,34.0,0.1,0.075,0.2,1.0,920.0,0.0,0.0,0.09891304347826087
18.0,6.0,35.0,0.1,0.075,0.2,1.0,914.0,0.0,0.0,0.10175054704595186
18.0,6.0,36.0,0.1,0.075,0.2,1.0,901.0,0.0,0.0,0.09988901220865705
18.0,6.0,37.0,0.1,0.075,0.2,1.0,898.0,0.0,0.0,0.10356347438752785
18.0,6.0,38.0,0.1,0.075,0.2,1.0,900.0,0.0,0.0,0.09888888888888889
18.0,6.0,39.0,0.1,0.075,0.2,1.0,886.0,0.0,0.0,0.10270880361173815
18.0,6.0,40.0,0.1,0.075,0.2,1.0,885.0,0.0,0.0,0.09830508474576272
18.0,6.0,41.0,0.1,0.075,0.2,1.0,859.0,0.0,0.0,0.10244470314318975
18.0,6.0,42.0,0.1,0.075,0.2,1.0,844.0,0.0,0.0,0.10071090047393365
18.0,6.0,43.0,0.1,0.075,0.2,1.0,853.0,0.0,0.0,0.10199296600234467
18.0,6.0,44.0,0.1,0.075,0.2,1.0,804.0,0.0,0.0,0.10074626865671642
18.0,6.0,45.0,0.1,0.075,0.2,1.0,810.0,0.0,0.0,0.17160493827160495
18.0,6.0,46.0,0.1,0.075,0.2,1.0,797.0,0.0,0.0,0.16938519447929737
18.0,6.0,47.0,0.1,0.075,0.2,1.0,796.0,0.0,0.0,0.16959798994974876
18.0,6.0,48.0,0.1,0.075,0.2,1.0,784.0,0.0,0.0,0.1683673469387755
18.0,6.0,49.0,0.1,0.075,0.2,1.0,786.0,0.0,0.0,0.16793893129770993
18.0,6.0,50.0,0.1,0.075,0.2,1.0,781.0,0.0,0.0,0.16645326504481434
18.0,6.0,51.0,0.1,0.075,0.2,1.0,779.0,0.0,0.0,0.1668806161745828
18.0,6.0,52.0,0.1,0.075,0.2,1.0,777.0,0.0,0.0,0.16731016731016732
18.0,7.0,1.0,0.1,0.075,0.2,1.0,774.0,0.0,0.0,0.16795865633074936
18.0,7.0,2.0,0.1,0.075,0.2,1.0,776.0,0.0,0.0,0.16752577319587628
18.0,7.0,3.0,0.1,0.075,0.2,1.0,754.0,0.0,0.0,0.16843501326259946
18.0,7.0,4.0,0.1,0.075,0.2,1.0,751.0,0.0,0.0,0.17177097203728361
18.0,7.0,5.0,0.1,0.075,0.2,1.0,739.0,0.0,0.0,0.17050067658998647
18.0,7.0,6.0,0.1,0.075,0.2,1.0,743.0,0.0,0.0,0.1695827725437416
18.0,7.0,7.0,0.1,0.075,0.2,1.0,737.0,0.0,0.0,0.16960651289009498
18.0,7.0,8.0,0.1,0.075,0.2,1.0,734.0,0.0,0.0,0.17029972752043596
18.0,7.0,9.0,0.1,0.075,0.2,1.0,729.0,0.0,0.0,0.1700960219478738
18.0,7.0,10.0,0.1,0.075,0.2,1.0,719.0,0.0,0.0,0.16689847009735745
18.0,7.0,11.0,0.1,0.075,0.2,1.0,713.0,0.0,0.0,0.16830294530154277
18.0,7.0,12.0,0.1,0.075,0.2,1.0,717.0,0.0,0.0,0.16596931659693165
18.0,7.0,13.0,0.1,0.075,0.2,1.0,710.0,0.0,0.0,0.1676056338028169
18.0,7.0,14.0,0.1,0.075,0.2,1.0,715.0,0.0,0.0,0.16363636363636364
18.0,7.0,15.0,0.1,0.075,0.2,1.0,705.0,0.0,0.0,0.16879432624113475
18.0,7.0,16.0,0.1,0.075,0.2,1.0,711.0,0.0,0.0,0.16455696202531644
18.0,7.0,17.0,0.1,0.075,0.2,1.0,701.0,0.0,0.0,0.16975748930099857
18.0,7.0,18.0,0.1,0.075,0.2,1.0,706.0,0.0,0.0,0.16572237960339944
18.0,7.0,19.0,0.1,0.075,0.2,1.0,700.0,0.0,0.0,0.16857142857142857
18.0,7.0,20.0,0.1,0.075,0.2,1.0,1331.0,0.0,0.0,0.08715251690458302
18.0,7.0,21.0,0.1,0.075,0.2,1.0,1237.0,0.0,0.0,0.09054163298302344
18.0,7.0,22.0,0.1,0.075,0.2,1.0,1231.0,0.0,0.0,0.08692120227457352
18.0,7.0,23.0,0.1,0.075,0.2,1.0,1196.0,0.0,0.0,0.0903010033444816
18.0,7.0,24.0,0.1,0.075,0.2,1.0,1218.0,0.0,0.0,0.08702791461412152
18.0,7.0,25.0,0.1,0.075,0.2,1.0,1196.0,0.0,0.0,0.0903010033444816
18.0,7.0,26.0,0.1,0.075,0.2,1.0,1157.0,0.0,0.0,0.09075194468452895
18.0,7.0,27.0,0.1,0.075,0.2,1.0,1112.0,0.0,0.0,0.09262589928057553
18.0,7.0,28.0,0.1,0.075,0.2,1.0,1058.0,0.0,0.0,0.09073724007561437
18.0,7.0,29.0,0.1,0.075,0.2,1.0,1016.0,0.0,0.0,0.09448818897637795
18.0,7.0,30.0,0.1,0.075,0.2,1.0,1024.0,0.0,0.0,0.0927734375
18.0,7.0,31.0,0.1,0.075,0.2,1.0,1001.0,0.0,0.0,0.0939060939060939
18.0,7.0,32.0,0.1,0.075,0.2,1.0,986.0,0.0,0.0,0.0922920892494929
18.0,7.0,33.0,0.1,0.075,0.2,1.0,966.0,0.0,0.0,0.09627329192546584
18.0,7.0,34.0,0.1,0.075,0.2,1.0,973.0,0.0,0.0,0.09455292908530319
18.0,7.0,35.0,0.1,0.075,0.2,1.0,953.0,0.0,0.0,0.09758656873032528
18.0,7.0,36.0,0.1,0.075,0.2,1.0,949.0,0.0,0.0,0.09694415173867228
18.0,7.0,37.0,0.1,0.075,0.2,1.0,918.0,0.0,0.0,0.09912854030501089
18.0,7.0,38.0,0.1,0.075,0.2,1.0,922.0,0.0,0.0,0.09652928416485901
18.0,7.0,39.0,0.1,0.075,0.2,1.0,899.0,0.0,0.0,0.0967741935483871
18.0,7.0,40.0,0.1,0.075,0.2,1.0,883.0,0.0,0.0,0.09626274065685164
18.0,7.0,41.0,0.1,0.075,0.2,1.0,862.0,0.0,0.0,0.0951276102088167
18.0,7.0,42.0,0.1,0.075,0.2,1.0,847.0,0.0,0.0,0.09563164108618655
18.0,7.0,43.0,0.1,0.075,0.2,1.0,847.0,0.0,0.0,0.09445100354191263
18.0,7.0,44.0,0.1,0.075,0.2,1.0,826.0,0.0,0.0,0.09443099273607748
18.0,7.0,45.0,0.1,0.075,0.2,1.0,803.0,0.0,0.0,0.13325031133250312
18.0,7.0,46.0,0.1,0.075,0.2,1.0,765.0,0.0,0.0,0.13725490196078433
18.0,7.0,47.0,0.1,0.075,0.2,1.0,760.0,0.0,0.0,0.1368421052631579
18.0,7.0,48.0,0.1,0.075,0.2,1.0,743.0,0.0,0.0,0.13593539703903096
18.0,7.0,49.0,0.1,0.075,0.2,1.0,751.0,0.0,0.0,0.13581890812250333
18.0,7.0,50.0,0.1,0.075,0.2,1.0,743.0,0.0,0.0,0.13458950201884254
18.0,7.0,51.0,0.1,0.075,0.2,1.0,750.0,0.0,0.0,0.13333333333333333
18.0,7.0,52.0,0.1,0.075,0.2,1.0,741.0,0.0,0.0,0.1349527665317139
18.0,8.0,1.0,0.1,0.075,0.2,1.0,737.0,0.0,0.0,0.13297150610583447
18.0,8.0,2.0,0.1,0.075,0.2,1.0,728.0,0.0,0.0,0.13598901098901098
18.0,8.0,3.0,0.1,0.075,0.2,1.0,733.0,0.0,0.0,0.13096862210095497
18.0,8.0,4.0,0.1,0.075,0.2,1.0,723.0,0.0,0.0,0.13416320885200553
18.0,8.0,5.0,0.1,0.075,0.2,1.0,731.0,0.0,0.0,0.13132694938440492
18.0,8.0,6.0,0.1,0.075,0.2,1.0,721.0,0.0,0.0,0.13453536754507628
18.0,8.0,7.0,0.1,0.075,0.2,1.0,728.0,0.0,0.0,0.13186813186813187
18.0,8.0,8.0,0.1,0.075,0.2,1.0,715.0,0.0,0.0,0.13566433566433567
18.0,8.0,9.0,0.1,0.075,0.2,1.0,722.0,0.0,0.0,0.1329639889196676
18.0,8.0,10.0,0.1,0.075,0.2,1.0,713.0,0.0,0.0,0.13604488078541374
18.0,8.0,11.0,0.1,0.075,0.2,1.0,714.0,0.0,0.0,0.13445378151260504
18.0,8.0,12.0,0.1,0.075,0.2,1.0,709.0,0.0,0.0,0.1368124118476728
18.0,8.0,13.0,0.1,0.075,0.2,1.0,713.0,0.0,0.0,0.13464235624123422
18.0,8.0,14.0,0.1,0.075,0.2,1.0,706.0,0.0,0.0,0.13739376770538245
18.0,8.0,15.0,0.1,0.075,0.2,1.0,710.0,0.0,0.0,0.1352112676056338
18.0,8.0,16.0,0.1,0.075,0.2,1.0,704.0,0.0,0.0,0.1377840909090909
18.0,8.0,17.0,0.1,0.075,0.2,1.0,710.0,0.0,0.0,0.1352112676056338
18.0,8.0,18.0,0.1,0.075,0.2,1.0,704.0,0.0,0.0,0.1377840909090909
18.0,8.0,19.0,0.1,0.075,0.2,1.0,709.0,0.0,0.0,0.13540197461212977
18.0,8.0,20.0,0.1,0.075,0.2,1.0,1272.0,0.0,0.0,0.07625786163522012
18.0,8.0,21.0,0.1,0.075,0.2,1.0,1267.0,0.0,0.0,0.07576953433307025
18.0,8.0,22.0,0.1,0.075,0.2,1.0,1224.0,0.0,0.0,0.07679738562091504
18.0,8.0,23.0,0.1,0.075,0.2,1.0,1203.0,0.0,0.0,0.07481296758104738
18.0,8.0,24.0,0.1,0.075,0.2,1.0,1162.0,0.0,0.0,0.076592082616179
18.0,8.0,25.0,0.1,0.075,0.2,1.0,1147.0,0.0,0.0,0.07672188317349608
18.0,8.0,26.0,0.1,0.075,0.2,1.0,1138.0,0.0,0.0,0.07820738137082602
18.0,8.0,27.0,0.1,0.075,0.2,1.0,1134.0,0.0,0.0,0.07760141093474426
18.0,8.0,28.0,0.1,0.075,0.2,1.0,1098.0,0.0,0.0,0.08014571948998178
18.0,8.0,29.0,0.1,0.075,0.2,1.0,1025.0,0.0,0.0,0.08097560975609756
18.0,8.0,30.0,0.1,0.075,0.2,1.0,990.0,0.0,0.0,0.08181818181818182
18.0,8.0,31.0,0.1,0.075,0.2,1.0,975.0,0.0,0.0,0.08205128205128205
18.0,8.0,32.0,0.1,0.075,0.2,1.0,945.0,0.0,0.0,0.0835978835978836
18.0,8.0,33.0,0.1,0.075,0.2,1.0,933.0,0.0,0.0,0.08252947481243302
18.0,8.0,34.0,0.1,0.075,0.2,1.0,936.0,0.0,0.0,0.08333333333333333
18.0,8.0,35.0,0.1,0.075,0.2,1.0,933.0,0.0,0.0,0.08252947481243302
18.0,8.0,36.0,0.1,0.075,0.2,1.0,936.0,0.0,0.0,0.08333333333333333
18.0,8.0,37.0,0.1,0.075,0.2,1.0,934.0,0.0,0.0,0.08244111349036402
18.0,8.0,38.0,0.1,0.075,0.2,1.0,925.0,0.0,0.0,0.08324324324324324
18.0,8.0,39.0,0.1,0.075,0.2,1.0,912.0,0.0,0.0,0.08223684210526316
18.0,8.0,40.0,0.1,0.075,0.2,1.0,902.0,0.0,0.0,0.08314855875831485
18.0,8.0,41.0,0.1,0.075,0.2,1.0,900.0,0.0,0.0,0.08222222222222222
18.0,8.0,42.0,0.1,0.075,0.2,1.0,879.0,0.0,0.0,0.08418657565415244
18.0,8.0,43.0,0.1,0.075,0.2,1.0,877.0,0.0,0.0,0.08323831242873432
18.0,8.0,44.0,0.1,0.075,0.2,1.0,879.0,0.0,0.0,0.08418657565415244
18.0,8.0,45.0,0.1,0.075,0.2,1.0,863.0,0.0,0.0,0.15179606025492468
18.0,8.0,46.0,0.1,0.075,0.2,1.0,866.0,0.0,0.0,0.1535796766743649
18.0,8.0,47.0,0.1,0.075,0.2,1.0,838.0,0.0,0.0,0.15393794749403342
18.0,8.0,48.0,0.1,0.075,0.2,1.0,840.0,0.0,0.0,0.15595238095238095
18.0,8.0,49.0,0.1,0.075,0.2,1.0,838.0,0.0,0.0,0.15393794749403342
18.0,8.0,50.0,0.1,0.075,0.2,1.0,839.0,0.0,0.0,0.15613825983313467
18.0,8.0,51.0,0.1,0.075,0.2,1.0,826.0,0.0,0.0,0.1549636803874092
18.0,8.0,52.0,0.1,0.075,0.2,1.0,829.0,0.0,0.0,0.15681544028950542
18.0,9.0,1.0,0.1,0.075,0.2,1.0,826.0,0.0,0.0,0.1549636803874092
18.0,9.0,2.0,0.1,0.075,0.2,1.0,829.0,0.0,0.0,0.15681544028950542
18.0,9.0,3.0,0.1,0.075,0.2,1.0,825.0,0.0,0.0,0.15393939393939393
18.0,9.0,4.0,0.1,0.075,0.2,1.0,827.0,0.0,0.0,0.15598548972188633
18.0,9.0,5.0,0.1,0.075,0.2,1.0,811.0,0.0,0.0,0.15536374845869297
18.0,9.0,6.0,0.1,0.075,0.2,1.0,812.0,0.0,0.0,0.15763546798029557
18.0,9.0,7.0,0.1,0.075,0.2,1.0,810.0,0.0,0.0,0.15555555555555556
18.0,9.0,8.0,0.1,0.075,0.2,1.0,810.0,0.0,0.0,0.15679012345679014
18.0,9.0,9.0,0.1,0.075,0.2,1.0,809.0,0.0,0.0,0.15451174289245984
18.0,9.0,10.0,0.1,0.075,0.2,1.0,812.0,0.0,0.0,0.1564039408866995
18.0,9.0,11.0,0.1,0.075,0.2,1.0,805.0,0.0,0.0,0.15527950310559005
18.0,9.0,12.0,0.1,0.075,0.2,1.0,807.0,0.0,0.0,0.15737298636926889
18.0,9.0,13.0,0.1,0.075,0.2,1.0,804.0,0.0,0.0,0.15547263681592038
18.0,9.0,14.0,0.1,0.075,0.2,1.0,805.0,0.0,0.0,0.1577639751552795
18.0,9.0,15.0,0.1,0.075,0.2,1.0,791.0,0.0,0.0,0.1554993678887484
18.0,9.0,16.0,0.1,0.075,0.2,1.0,792.0,0.0,0.0,0.15782828282828282
18.0,9.0,17.0,0.1,0.075,0.2,1.0,790.0,0.0,0.0,0.15569620253164557
18.0,9.0,18.0,0.1,0.075,0.2,1.0,794.0,0.0,0.0,0.1574307304785894
18.0,9.0,19.0,0.1,0.075,0.2,1.0,790.0,0.0,0.0,0.15569620253164557
18.0,9.0,20.0,0.1,0.075,0.2,1.0,1412.0,0.0,0.0,0.08427762039660057
18.0,9.0,21.0,0.1,0.075,0.2,1.0,1354.0,0.0,0.0,0.08493353028064993
18.0,9.0,22.0,0.1,0.075,0.2,1.0,1278.0,0.0,0.0,0.08607198748043818
18.0,9.0,23.0,0.1,0.075,0.2,1.0,1259.0,0.0,0.0,0.0857823669579031
18.0,9.0,24.0,0.1,0.075,0.2,1.0,1253.0,0.0,0.0,0.0853950518754988
18.0,9.0,25.0,0.1,0.075,0.2,1.0,1224.0,0.0,0.0,0.08333333333333333
18.0,9.0,26.0,0.1,0.075,0.2,1.0,1173.0,0.0,0.0,0.08269394714407502
18.0,9.0,27.0,0.1,0.075,0.2,1.0,1121.0,0.0,0.0,0.08117752007136485
18.0,9.0,28.0,0.1,0.075,0.2,1.0,1108.0,0.0,0.0,0.08212996389891697
18.0,9.0,29.0,0.1,0.075,0.2,1.0,1075.0,0.0,0.0,0.08186046511627906
18.0,9.0,30.0,0.1,0.075,0.2,1.0,1075.0,0.0,0.0,0.08186046511627906
18.0,9.0,31.0,0.1,0.075,0.2,1.0,1046.0,0.0,0.0,0.0841300191204589
18.0,9.0,32.0,0.1,0.075,0.2,1.0,1045.0,0.0,0.0,0.08421052631578947
18.0,9.0,33.0,0.1,0.075,0.2,1.0,1028.0,0.0,0.0,0.08365758754863813
18.0,9.0,34.0,0.1,0.075,0.2,1.0,1017.0,0.0,0.0,0.08456243854473942
18.0,9.0,35.0,0.1,0.075,0.2,1.0,992.0,0.0,0.0,0.08568548387096774
18.0,9.0,36.0,0.1,0.075,0.2,1.0,974.0,0.0,0.0,0.08624229979466119
18.0,9.0,37.0,0.1,0.075,0.2,1.0,961.0,0.0,0.0,0.08532778355879292
18.0,9.0,38.0,0.1,0.075,0.2,1.0,947.0,0.0,0.0,0.08553326293558607
18.0,9.0,39.0,0.1,0.075,0.2,1.0,936.0,0.0,0.0,0.08547008547008547
18.0,9.0,40.0,0.1,0.075,0.2,1.0,913.0,0.0,0.0,0.08543263964950712
18.0,9.0,41.0,0.1,0.075,0.2,1.0,913.0,0.0,0.0,0.08543263964950712
18.0,9.0,42.0,0.1,0.075,0.2,1.0,913.0,0.0,0.0,0.08543263964950712
18.0,9.0,43.0,0.1,0.075,0.2,1.0,913.0,0.0,0.0,0.08543263964950712
18.0,9.0,44.0,0.1,0.075,0.2,1.0,902.0,0.0,0.0,0.08536585365853659
18.0,9.0,45.0,0.1,0.075,0.2,1.0,874.0,0.0,0.0,0.15102974828375287
18.0,9.0,46.0,0.1,0.075,0.2,1.0,874.0,0.0,0.0,0.15102974828375287
18.0,9.0,47.0,0.1,0.075,0.2,1.0,858.0,0.0,0.0,0.15034965034965034
18.0,9.0,48.0,0.1,0.075,0.2,1.0,858.0,0.0,0.0,0.15034965034965034
18.0,9.0,49.0,0.1,0.075,0.2,1.0,858.0,0.0,0.0,0.15034965034965034
18.0,9.0,50.0,0.1,0.075,0.2,1.0,850.0,0.0,0.0,0.15058823529411763
18.0,9.0,51.0,0.1,0.075,0.2,1.0,856.0,0.0,0.0,0.14953271028037382
18.0,9.0,52.0,0.1,0.075,0.2,1.0,850.0,0.0,0.0,0.15058823529411763
18.0,10.0,1.0,0.1,0.075,0.2,1.0,856.0,0.0,0.0,0.14953271028037382
18.0,10.0,2.0,0.1,0.075,0.2,1.0,838.0,0.0,0.0,0.15274463007159905
18.0,10.0,3.0,0.1,0.075,0.2,1.0,840.0,0.0,0.0,0.1523809523809524
18.0,10.0,4.0,0.1,0.075,0.2,1.0,830.0,0.0,0.0,0.1530120481927711
18.0,10.0,5.0,0.1,0.075,0.2,1.0,837.0,0.0,0.0,0.15173237753882915
18.0,10.0,6.0,0.1,0.075,0.2,1.0,829.0,0.0,0.0,0.15319662243667068
18.0,10.0,7.0,0.1,0.075,0.2,1.0,832.0,0.0,0.0,0.15264423076923078
18.0,10.0,8.0,0.1,0.075,0.2,1.0,813.0,0.0,0.0,0.15375153751537515
18.0,10.0,9.0,0.1,0.075,0.2,1.0,816.0,0.0,0.0,0.15318627450980393
18.0,10.0,10.0,0.1,0.075,0.2,1.0,811.0,0.0,0.0,0.15413070283600494
18.0,10.0,11.0,0.1,0.075,0.2,1.0,813.0,0.0,0.0,0.15375153751537515
18.0,10.0,12.0,0.1,0.075,0.2,1.0,806.0,0.0,0.0,0.15508684863523572
18.0,10.0,13.0,0.1,0.075,0.2,1.0,813.0,0.0,0.0,0.15375153751537515
18.0,10.0,14.0,0.1,0.075,0.2,1.0,805.0,0.0,0.0,0.15527950310559005
18.0,10.0,15.0,0.1,0.075,0.2,1.0,809.0,0.0,0.0,0.15451174289245984
18.0,10.0,16.0,0.1,0.075,0.2,1.0,805.0,0.0,0.0,0.15527950310559005
18.0,10.0,17.0,0.1,0.075,0.2,1.0,809.0,0.0,0.0,0.15451174289245984
18.0,10.0,18.0,0.1,0.075,0.2,1.0,803.0,0.0,0.0,0.15566625155666253
18.0,10.0,19.0,0.1,0.075,0.2,1.0,807.0,0.0,0.0,0.15489467162329615
18.0,10.0,20.0,0.1,0.075,0.2,1.0,1406.0,0.0,0.0,0.0860597439544808
18.0,10.0,21.0,0.1,0.075,0.2,1.0,1377.0,0.0,0.0,0.08569353667392883
18.0,10.0,22.0,0.1,0.075,0.2,1.0,1361.0,0.0,0.0,0.0852314474650992
18.0,10.0,23.0,0.1,0.075,0.2,1.0,1351.0,0.0,0.0,0.0851221317542561
18.0,10.0,24.0,0.1,0.075,0.2,1.0,1327.0,0.0,0.0,0.08515448379804069
18.0,10.0,25.0,0.1,0.075,0.2,1.0,1295.0,0.0,0.0,0.08571428571428572
18.0,10.0,26.0,0.1,0.075,0.2,1.0,1273.0,0.0,0.0,0.08562450903377848
18.0,10.0,27.0,0.1,0.075,0.2,1.0,1197.0,0.0,0.0,0.0885547201336675
18.0,10.0,28.0,0.1,0.075,0.2,1.0,1194.0,0.0,0.0,0.08710217755443886
18.0,10.0,29.0,0.1,0.075,0.2,1.0,1185.0,0.0,0.0,0.08776371308016878
18.0,10.0,30.0,0.1,0.075,0.2,1.0,1169.0,0.0,0.0,0.08810949529512403
18.0,10.0,31.0,0.1,0.075,0.2,1.0,1124.0,0.0,0.0,0.0898576512455516
18.0,10.0,32.0,0.1,0.075,0.2,1.0,1128.0,0.0,0.0,0.08953900709219859
18.0,10.0,33.0,0.1,0.075,0.2,1.0,1111.0,0.0,0.0,0.09000900090009001
18.0,10.0,34.0,0.1,0.075,0.2,1.0,1115.0,0.0,0.0,0.08968609865470852
18.0,10.0,35.0,0.1,0.075,0.2,1.0,1052.0,0.0,0.0,0.09125475285171103
18.0,10.0,36.0,0.1,0.075,0.2,1.0,1056.0,0.0,0.0,0.09090909090909091
18.0,10.0,37.0,0.1,0.075,0.2,1.0,1039.0,0.0,0.0,0.09239653512993262
18.0,10.0,38.0,0.1,0.075,0.2,1.0,1043.0,0.0,0.0,0.09204218600191755
18.0,10.0,39.0,0.1,0.075,0.2,1.0,1018.0,0.0,0.0,0.09430255402750491
18.0,10.0,40.0,0.1,0.075,0.2,1.0,1021.0,0.0,0.0,0.0940254652301665
18.0,10.0,41.0,0.1,0.075,0.2,1.0,992.0,0.0,0.0,0.09475806451612903
18.0,10.0,42.0,0.1,0.075,0.2,1.0,983.0,0.0,0.0,0.09562563580874874
18.0,10.0,43.0,0.1,0.075,0.2,1.0,967.0,0.0,0.0,0.09513960703205791
18.0,10.0,44.0,0.1,0.075,0.2,1.0,956.0,0.0,0.0,0.09623430962343096
18.0,10.0,45.0,0.1,0.075,0.2,1.0,967.0,0.0,0.0,0.14581178903826267
18.0,10.0,46.0,0.1,0.075,0.2,1.0,945.0,0.0,0.0,0.14497354497354498
18.0,10.0,47.0,0.1,0.075,0.2,1.0,956.0,0.0,0.0,0.14435146443514643
18.0,10.0,48.0,0.1,0.075,0.2,1.0,931.0,0.0,0.0,0.14500537056928034
18.0,10.0,49.0,0.1,0.075,0.2,1.0,930.0,0.0,0.0,0.14408602150537633
18.0,10.0,50.0,0.1,0.075,0.2,1.0,918.0,0.0,0.0,0.144880174291939
18.0,10.0,51.0,0.1,0.075,0.2,1.0,931.0,0.0,0.0,0.1439312567132116
18.0,10.0,52.0,0.1,0.075,0.2,1.0,908.0,0.0,0.0,0.14427312775330398
19.0,1.0,1.0,0.1,0.075,0.2,1.0,5083.0,49.0,8.0,0.09895730867597875
19.0,1.0,2.0,0.1,0.075,0.2,1.0,5054.0,53.0,21.0,0.0999208547685002
19.0,1.0,3.0,0.1,0.075,0.2,1.0,4946.0,68.0,32.0,0.09967650626769106
19.0,1.0,4.0,0.1,0.075,0.2,1.0,4858.0,86.0,40.0,0.10168793742280774
19.0,1.0,5.0,0.1,0.075,0.2,1.0,4882.0,114.0,42.0,0.10180253994264646
19.0,1.0,6.0,0.1,0.075,0.2,1.0,4755.0,154.0,44.0,0.10094637223974763
19.0,1.0,7.0,0.1,0.075,0.2,1.0,4555.0,162.0,54.0,0.10076838638858397
19.0,1.0,8.0,0.1,0.075,0.2,1.0,4325.0,193.0,60.0,0.10358381502890174
19.0,1.0,9.0,0.1,0.075,0.2,1.0,4216.0,212.0,91.0,0.10460151802656546
19.0,1.0,10.0,0.1,0.075,0.2,1.0,4030.0,211.0,90.0,0.1054590570719603
19.0,1.0,11.0,0.1,0.075,0.2,1.0,3938.0,249.0,105.0,0.10690705942102591
19.0,1.0,12.0,0.1,0.075,0.2,1.0,3802.0,256.0,94.0,0.10862703840084166
19.0,1.0,13.0,0.1,0.075,0.2,1.0,3702.0,293.0,106.0,0.1091301998919503
19.0,1.0,14.0,0.1,0.075,0.2,1.0,3573.0,318.0,128.0,0.11195074167366359
19.0,1.0,15.0,0.1,0.075,0.2,1.0,3534.0,330.0,166.0,0.11092246745897001
19.0,1.0,16.0,0.1,0.075,0.2,1.0,3403.0,338.0,175.0,0.11342932706435498
19.0,1.0,17.0,0.1,0.075,0.2,1.0,3342.0,335.0,178.0,0.11490125673249552
19.0,1.0,18.0,0.1,0.075,0.2,1.0,3237.0,313.0,164.0,0.11862835959221502
19.0,1.0,19.0,0.1,0.075,0.2,1.0,3158.0,298.0,154.0,0.12032932235592148
19.0,1.0,20.0,0.1,0.075,0.2,1.0,5729.0,279.0,152.0,0.06632920230406703
19.0,1.0,21.0,0.1,0.075,0.2,1.0,5292.0,308.0,129.0,0.06764928193499622
19.0,1.0,22.0,0.1,0.075,0.2,1.0,4975.0,340.0,130.0,0.07055276381909548
19.0,1.0,23.0,0.1,0.075,0.2,1.0,4767.0,357.0,141.0,0.07258233689951751
19.0,1.0,24.0,0.1,0.075,0.2,1.0,4586.0,414.0,168.0,0.07348451809856084
19.0,1.0,25.0,0.1,0.075,0.2,1.0,4381.0,399.0,177.0,0.07486875142661492
19.0,1.0,26.0,0.1,0.075,0.2,1.0,4176.0,422.0,168.0,0.07734674329501916
19.0,1.0,27.0,0.1,0.075,0.2,1.0,3925.0,428.0,165.0,0.07898089171974522
19.0,1.0,28.0,0.1,0.075,0.2,1.0,3745.0,425.0,179.0,0.08117489986648865
19.0,1.0,29.0,0.1,0.075,0.2,1.0,3522.0,431.0,197.0,0.08262350936967632
19.0,1.0,30.0,0.1,0.075,0.2,1.0,3324.0,437.0,195.0,0.08543922984356198
19.0,1.0,31.0,0.1,0.075,0.2,1.0,3200.0,428.0,195.0,0.088125
19.0,1.0,32.0,0.1,0.075,0.2,1.0,3037.0,445.0,201.0,0.09153770167928878
19.0,1.0,33.0,0.1,0.075,0.2,1.0,2891.0,437.0,193.0,0.09408509166378416
19.0,1.0,34.0,0.1,0.075,0.2,1.0,2744.0,450.0,195.0,0.09693877551020408
19.0,1.0,35.0,0.1,0.075,0.2,1.0,2606.0,443.0,184.0,0.102455871066769
19.0,1.0,36.0,0.1,0.075,0.2,1.0,2492.0,438.0,200.0,0.10313001605136436
19.0,1.0,37.0,0.1,0.075,0.2,1.0,2365.0,419.0,197.0,0.10951374207188161
19.0,1.0,38.0,0.1,0.075,0.2,1.0,2268.0,450.0,219.0,0.11243386243386243
19.0,1.0,39.0,0.1,0.075,0.2,1.0,2125.0,433.0,207.0,0.11952941176470588
19.0,1.0,40.0,0.1,0.075,0.2,1.0,2028.0,409.0,198.0,0.1227810650887574
19.0,1.0,41.0,0.1,0.075,0.2,1.0,1915.0,393.0,196.0,0.1289817232375979
19.0,1.0,42.0,0.1,0.075,0.2,1.0,1830.0,379.0,185.0,0.13333333333333333
19.0,1.0,43.0,0.1,0.075,0.2,1.0,1742.0,352.0,178.0,0.14006888633754305
19.0,1.0,44.0,0.1,0.075,0.2,1.0,1653.0,315.0,176.0,0.14458560193587416
19.0,1.0,45.0,0.1,0.075,0.2,1.0,1569.0,297.0,166.0,0.21669853409815168
19.0,1.0,46.0,0.1,0.075,0.2,1.0,1494.0,286.0,152.0,0.22021419009370816
19.0,1.0,47.0,0.1,0.075,0.2,1.0,1413.0,255.0,136.0,0.23142250530785563
19.0,1.0,48.0,0.1,0.075,0.2,1.0,1349.0,240.0,130.0,0.23498888065233506
19.0,1.0,49.0,0.1,0.075,0.2,1.0,1297.0,219.0,120.0,0.2382420971472629
19.0,1.0,50.0,0.1,0.075,0.2,1.0,1246.0,207.0,114.0,0.24157303370786518
19.0,1.0,51.0,0.1,0.075,0.2,1.0,1204.0,190.0,104.0,0.25083056478405313
19.0,1.0,52.0,0.1,0.075,0.2,1.0,1140.0,173.0,92.0,0.2543859649122807
19.0,2.0,1.0,0.1,0.075,0.2,1.0,1102.0,151.0,79.0,0.26678765880217786
19.0,2.0,2.0,0.1,0.075,0.2,1.0,1068.0,130.0,81.0,0.2687265917602996
19.0,2.0,3.0,0.1,0.075,0.2,1.0,1039.0,118.0,68.0,0.2781520692974013
19.0,2.0,4.0,0.1,0.075,0.2,1.0,1006.0,100.0,65.0,0.2823061630218688
19.0,2.0,5.0,0.1,0.075,0.2,1.0,977.0,78.0,44.0,0.2937563971340839
19.0,2.0,6.0,0.1,0.075,0.2,1.0,956.0,70.0,39.0,0.29497907949790797
19.0,2.0,7.0,0.1,0.075,0.2,1.0,934.0,58.0,31.0,0.3029978586723769
19.0,2.0,8.0,0.1,0.075,0.2,1.0,913.0,54.0,28.0,0.3044906900328587
19.0,2.0,9.0,0.1,0.075,0.2,1.0,900.0,47.0,29.0,0.3111111111111111
19.0,2.0,10.0,0.1,0.075,0.2,1.0,878.0,40.0,22.0,0.3120728929384966
19.0,2.0,11.0,0.1,0.075,0.2,1.0,864.0,39.0,22.0,0.32175925925925924
19.0,2.0,12.0,0.1,0.075,0.2,1.0,845.0,32.0,16.0,0.3183431952662722
19.0,2.0,13.0,0.1,0.075,0.2,1.0,832.0,29.0,13.0,0.31850961538461536
19.0,2.0,14.0,0.1,0.075,0.2,1.0,824.0,28.0,12.0,0.316747572815534
19.0,2.0,15.0,0.1,0.075,0.2,1.0,816.0,26.0,16.0,0.31985294117647056
19.0,2.0,16.0,0.1,0.075,0.2,1.0,810.0,24.0,16.0,0.3172839506172839
19.0,2.0,17.0,0.1,0.075,0.2,1.0,800.0,24.0,14.0,0.32125
19.0,2.0,18.0,0.1,0.075,0.2,1.0,793.0,15.0,7.0,0.32156368221941994
19.0,2.0,19.0,0.1,0.075,0.2,1.0,782.0,12.0,7.0,0.32608695652173914
19.0,2.0,20.0,0.1,0.075,0.2,1.0,1359.0,12.0,9.0,0.18322295805739514
19.0,2.0,21.0,0.1,0.075,0.2,1.0,1305.0,14.0,7.0,0.18697318007662836
19.0,2.0,22.0,0.1,0.075,0.2,1.0,1283.0,12.0,5.0,0.18706157443491817
19.0,2.0,23.0,0.1,0.075,0.2,1.0,1269.0,9.0,3.0,0.19227738376674547
19.0,2.0,24.0,0.1,0.075,0.2,1.0,1248.0,8.0,4.0,0.19230769230769232
19.0,2.0,25.0,0.1,0.075,0.2,1.0,1224.0,7.0,5.0,0.19444444444444445
19.0,2.0,26.0,0.1,0.075,0.2,1.0,1214.0,7.0,5.0,0.18945634266886327
19.0,2.0,27.0,0.1,0.075,0.2,1.0,1174.0,7.0,3.0,0.19420783645655879
19.0,2.0,28.0,0.1,0.075,0.2,1.0,1162.0,8.0,3.0,0.193631669535284
19.0,2.0,29.0,0.1,0.075,0.2,1.0,1151.0,7.0,4.0,0.19461337966985232
19.0,2.0,30.0,0.1,0.075,0.2,1.0,1152.0,7.0,5.0,0.19270833333333334
19.0,2.0,31.0,0.1,0.075,0.2,1.0,1137.0,7.0,3.0,0.1943711521547933
19.0,2.0,32.0,0.1,0.075,0.2,1.0,1133.0,6.0,2.0,0.1941747572815534
19.0,2.0,33.0,0.1,0.075,0.2,1.0,1099.0,3.0,2.0,0.19836214740673339
19.0,2.0,34.0,0.1,0.075,0.2,1.0,1104.0,3.0,2.0,0.19655797101449277
19.0,2.0,35.0,0.1,0.075,0.2,1.0,1097.0,2.0,1.0,0.19690063810391978
19.0,2.0,36.0,0.1,0.075,0.2,1.0,1096.0,2.0,1.0,0.19708029197080293
19.0,2.0,37.0,0.1,0.075,0.2,1.0,1084.0,2.0,1.0,0.19464944649446494
19.0,2.0,38.0,0.1,0.075,0.2,1.0,1078.0,2.0,1.0,0.19480519480519481
19.0,2.0,39.0,0.1,0.075,0.2,1.0,1044.0,1.0,1.0,0.19923371647509577
19.0,2.0,40.0,0.1,0.075,0.2,1.0,1044.0,1.0,1.0,0.19923371647509577
19.0,2.0,41.0,0.1,0.075,0.2,1.0,1035.0,1.0,1.0,0.2
19.0,2.0,42.0,0.1,0.075,0.2,1.0,1036.0,1.0,0.0,0.20077220077220076
19.0,2.0,43.0,0.1,0.075,0.2,1.0,1035.0,1.0,0.0,0.2
19.0,2.0,44.0,0.1,0.075,0.2,1.0,1030.0,1.0,0.0,0.20097087378640777
19.0,2.0,45.0,0.1,0.075,0.2,1.0,1029.0,1.0,0.0,0.2594752186588921
19.0,2.0,46.0,0.1,0.075,0.2,1.0,1025.0,1.0,0.0,0.25951219512195123
19.0,2.0,47.0,0.1,0.075,0.2,1.0,1005.0,1.0,0.0,0.26169154228855723
19.0,2.0,48.0,0.1,0.075,0.2,1.0,1008.0,1.0,0.0,0.25992063492063494
19.0,2.0,49.0,0.1,0.075,0.2,1.0,998.0,1.0,1.0,0.2605210420841683
19.0,2.0,50.0,0.1,0.075,0.2,1.0,997.0,1.0,1.0,0.2577733199598796
19.0,2.0,51.0,0.1,0.075,0.2,1.0,988.0,1.0,1.0,0.25708502024291496
19.0,2.0,52.0,0.1,0.075,0.2,1.0,988.0,0.0,0.0,0.25809716599190285
19.0,3.0,1.0,0.1,0.075,0.2,1.0,979.0,0.0,0.0,0.25842696629213485
19.0,3.0,2.0,0.1,0.075,0.2,1.0,969.0,0.0,0.0,0.25696594427244585
19.0,3.0,3.0,0.1,0.075,0.2,1.0,959.0,0.0,0.0,0.25651720542231493
19.0,3.0,4.0,0.1,0.075,0.2,1.0,961.0,0.0,0.0,0.25494276795005205
19.0,3.0,5.0,0.1,0.075,0.2,1.0,937.0,0.0,0.0,0.256136606189968
19.0,3.0,6.0,0.1,0.075,0.2,1.0,937.0,0.0,0.0,0.2550693703308431
19.0,3.0,7.0,0.1,0.075,0.2,1.0,918.0,0.0,0.0,0.25163398692810457
19.0,3.0,8.0,0.1,0.075,0.2,1.0,923.0,0.0,0.0,0.2513542795232936
19.0,3.0,9.0,0.1,0.075,0.2,1.0,905.0,0.0,0.0,0.24861878453038674
19.0,3.0,10.0,0.1,0.075,0.2,1.0,899.0,0.0,0.0,0.24916573971078976
19.0,3.0,11.0,0.1,0.075,0.2,1.0,892.0,0.0,0.0,0.24775784753363228
19.0,3.0,12.0,0.1,0.075,0.2,1.0,884.0,0.0,0.0,0.248868778280543
19.0,3.0,13.0,0.1,0.075,0.2,1.0,883.0,0.0,0.0,0.2480181200453001
19.0,3.0,14.0,0.1,0.075,0.2,1.0,880.0,0.0,0.0,0.24886363636363637
19.0,3.0,15.0,0.1,0.075,0.2,1.0,876.0,0.0,0.0,0.2465753424657534
19.0,3.0,16.0,0.1,0.075,0.2,1.0,877.0,0.0,0.0,0.24743443557582667
19.0,3.0,17.0,0.1,0.075,0.2,1.0,872.0,0.0,0.0,0.24541284403669725
19.0,3.0,18.0,0.1,0.075,0.2,1.0,875.0,0.0,0.0,0.24685714285714286
19.0,3.0,19.0,0.1,0.075,0.2,1.0,870.0,0.0,0.0,0.2471264367816092
19.0,3.0,20.0,0.1,0.075,0.2,1.0,1560.0,0.0,0.0,0.13846153846153847
19.0,3.0,21.0,0.1,0.075,0.2,1.0,1539.0,0.0,0.0,0.13775178687459388
19.0,3.0,22.0,0.1,0.075,0.2,1.0,1510.0,0.0,0.0,0.13774834437086092
19.0,3.0,23.0,0.1,0.075,0.2,1.0,1470.0,0.0,0.0,0.13741496598639455
19.0,3.0,24.0,0.1,0.075,0.2,1.0,1416.0,0.0,0.0,0.13771186440677965
19.0,3.0,25.0,0.1,0.075,0.2,1.0,1399.0,0.0,0.0,0.13795568263045033
19.0,3.0,26.0,0.1,0.075,0.2,1.0,1345.0,0.0,0.0,0.13680297397769517
19.0,3.0,27.0,0.1,0.075,0.2,1.0,1344.0,0.0,0.0,0.13690476190476192
19.0,3.0,28.0,0.1,0.075,0.2,1.0,1316.0,0.0,0.0,0.13677811550151975
19.0,3.0,29.0,0.1,0.075,0.2,1.0,1303.0,0.0,0.0,0.13891020721412126
19.0,3.0,30.0,0.1,0.075,0.2,1.0,1279.0,0.0,0.0,0.1383893666927287
19.0,3.0,31.0,0.1,0.075,0.2,1.0,1272.0,0.0,0.0,0.13836477987421383
19.0,3.0,32.0,0.1,0.075,0.2,1.0,1262.0,0.0,0.0,0.1386687797147385
19.0,3.0,33.0,0.1,0.075,0.2,1.0,1253.0,0.0,0.0,0.1380686352753392
19.0,3.0,34.0,0.1,0.075,0.2,1.0,1248.0,0.0,0.0,0.13942307692307693
19.0,3.0,35.0,0.1,0.075,0.2,1.0,1239.0,0.0,0.0,0.13962873284907182
19.0,3.0,36.0,0.1,0.075,0.2,1.0,1206.0,0.0,0.0,0.14096185737976782
19.0,3.0,37.0,0.1,0.075,0.2,1.0,1186.0,0.0,0.0,0.1391231028667791
19.0,3.0,38.0,0.1,0.075,0.2,1.0,1165.0,0.0,0.0,0.13991416309012875
19.0,3.0,39.0,0.1,0.075,0.2,1.0,1165.0,0.0,0.0,0.13991416309012875
19.0,3.0,40.0,0.1,0.075,0.2,1.0,1146.0,0.0,0.0,0.1387434554973822
19.0,3.0,41.0,0.1,0.075,0.2,1.0,1134.0,0.0,0.0,0.1402116402116402
19.0,3.0,42.0,0.1,0.075,0.2,1.0,1111.0,0.0,0.0,0.1395139513951395
19.0,3.0,43.0,0.1,0.075,0.2,1.0,1084.0,0.0,0.0,0.1411439114391144
19.0,3.0,44.0,0.1,0.075,0.2,1.0,1082.0,0.0,0.0,0.1414048059149723
19.0,3.0,45.0,0.1,0.075,0.2,1.0,1070.0,0.0,0.0,0.20841121495327103
19.0,3.0,46.0,0.1,0.075,0.2,1.0,1044.0,0.0,0.0,0.20881226053639848
19.0,3.0,47.0,0.1,0.075,0.2,1.0,1029.0,0.0,0.0,0.2108843537414966
19.0,3.0,48.0,0.1,0.075,0.2,1.0,1017.0,0.0,0.0,0.21140609636184857
19.0,3.0,49.0,0.1,0.075,0.2,1.0,1007.0,0.0,0.0,0.21251241310824232
19.0,3.0,50.0,0.1,0.075,0.2,1.0,1002.0,0.0,0.0,0.21057884231536927
19.0,3.0,51.0,0.1,0.075,0.2,1.0,990.0,0.0,0.0,0.2111111111111111
19.0,3.0,52.0,0.1,0.075,0.2,1.0,985.0,0.0,0.0,0.20710659898477157
19.0,4.0,1.0,0.1,0.075,0.2,1.0,980.0,0.0,0.0,0.21020408163265306
19.0,4.0,2.0,0.1,0.075,0.2,1.0,963.0,0.0,0.0,0.205607476635514
19.0,4.0,3.0,0.1,0.075,0.2,1.0,960.0,0.0,0.0,0.20833333333333334
19.0,4.0,4.0,0.1,0.075,0.2,1.0,956.0,0.0,0.0,0.20606694560669456
19.0,4.0,5.0,0.1,0.075,0.2,1.0,943.0,0.0,0.0,0.20890774125132555
19.0,4.0,6.0,0.1,0.075,0.2,1.0,938.0,0.0,0.0,0.2068230277185501
19.0,4.0,7.0,0.1,0.075,0.2,1.0,938.0,0.0,0.0,0.208955223880597
19.0,4.0,8.0,0.1,0.075,0.2,1.0,927.0,0.0,0.0,0.20496224379719524
19.0,4.0,9.0,0.1,0.075,0.2,1.0,927.0,0.0,0.0,0.20711974110032363
19.0,4.0,10.0,0.1,0.075,0.2,1.0,921.0,0.0,0.0,0.20195439739413681
19.0,4.0,11.0,0.1,0.075,0.2,1.0,919.0,0.0,0.0,0.20565832426550598
19.0,4.0,12.0,0.1,0.075,0.2,1.0,898.0,0.0,0.0,0.20489977728285078
19.0,4.0,13.0,0.1,0.075,0.2,1.0,899.0,0.0,0.0,0.20800889877641823
19.0,4.0,14.0,0.1,0.075,0.2,1.0,879.0,0.0,0.0,0.20477815699658702
19.0,4.0,15.0,0.1,0.075,0.2,1.0,880.0,0.0,0.0,0.20795454545454545
19.0,4.0,16.0,0.1,0.075,0.2,1.0,864.0,0.0,0.0,0.20717592592592593
19.0,4.0,17.0,0.1,0.075,0.2,1.0,865.0,0.0,0.0,0.21040462427745665
19.0,4.0,18.0,0.1,0.075,0.2,1.0,857.0,0.0,0.0,0.20653442240373396
19.0,4.0,19.0,0.1,0.075,0.2,1.0,857.0,0.0,0.0,0.2100350058343057
19.0,4.0,20.0,0.1,0.075,0.2,1.0,1609.0,0.0,0.0,0.1093847110006215
19.0,4.0,21.0,0.1,0.075,0.2,1.0,1569.0,0.0,0.0,0.11026131293817719
19.0,4.0,22.0,0.1,0.075,0.2,1.0,1533.0,0.0,0.0,0.10893672537508153
19.0,4.0,23.0,0.1,0.075,0.2,1.0,1470.0,0.0,0.0,0.1108843537414966
19.0,4.0,24.0,0.1,0.075,0.2,1.0,1417.0,0.0,0.0,0.11150317572335922
19.0,4.0,25.0,0.1,0.075,0.2,1.0,1369.0,0.0,0.0,0.1139517896274653
19.0,4.0,26.0,0.1,0.075,0.2,1.0,1345.0,0.0,0.0,0.1137546468401487
19.0,4.0,27.0,0.1,0.075,0.2,1.0,1297.0,0.0,0.0,0.1156515034695451
19.0,4.0,28.0,0.1,0.075,0.2,1.0,1281.0,0.0,0.0,0.11397345823575332
19.0,4.0,29.0,0.1,0.075,0.2,1.0,1263.0,0.0,0.0,0.11480601741884403
19.0,4.0,30.0,0.1,0.075,0.2,1.0,1237.0,0.0,0.0,0.11479385610347616
19.0,4.0,31.0,0.1,0.075,0.2,1.0,1229.0,0.0,0.0,0.11554109031733116
19.0,4.0,32.0,0.1,0.075,0.2,1.0,1182.0,0.0,0.0,0.11505922165820642
19.0,4.0,33.0,0.1,0.075,0.2,1.0,1169.0,0.0,0.0,0.11548331907613345
19.0,4.0,34.0,0.1,0.075,0.2,1.0,1127.0,0.0,0.0,0.11623779946761313
19.0,4.0,35.0,0.1,0.075,0.2,1.0,1106.0,0.0,0.0,0.1166365280289331
19.0,4.0,36.0,0.1,0.075,0.2,1.0,1087.0,0.0,0.0,0.11683532658693652
19.0,4.0,37.0,0.1,0.075,0.2,1.0,1048.0,0.0,0.0,0.11927480916030535
19.0,4.0,38.0,0.1,0.075,0.2,1.0,1044.0,0.0,0.0,0.11781609195402298
19.0,4.0,39.0,0.1,0.075,0.2,1.0,1041.0,0.0,0.0,0.11911623439000961
19.0,4.0,40.0,0.1,0.075,0.2,1.0,1030.0,0.0,0.0,0.11650485436893204
19.0,4.0,41.0,0.1,0.075,0.2,1.0,1022.0,0.0,0.0,0.11643835616438356
19.0,4.0,42.0,0.1,0.075,0.2,1.0,1020.0,0.0,0.0,0.11470588235294117
19.0,4.0,43.0,0.1,0.075,0.2,1.0,1007.0,0.0,0.0,0.11519364448857994
19.0,4.0,44.0,0.1,0.075,0.2,1.0,1006.0,0.0,0.0,0.11332007952286283
19.0,4.0,45.0,0.1,0.075,0.2,1.0,989.0,0.0,0.0,0.17997977755308392
19.0,4.0,46.0,0.1,0.075,0.2,1.0,957.0,0.0,0.0,0.17763845350052246
19.0,4.0,47.0,0.1,0.075,0.2,1.0,953.0,0.0,0.0,0.1794333683105981
19.0,4.0,48.0,0.1,0.075,0.2,1.0,927.0,0.0,0.0,0.18015102481121897
19.0,4.0,49.0,0.1,0.075,0.2,1.0,901.0,0.0,0.0,0.18312985571587126
19.0,4.0,50.0,0.1,0.075,0.2,1.0,897.0,0.0,0.0,0.1794871794871795
19.0,4.0,51.0,0.1,0.075,0.2,1.0,895.0,0.0,0.0,0.18212290502793296
19.0,4.0,52.0,0.1,0.075,0.2,1.0,890.0,0.0,0.0,0.1797752808988764
19.0,5.0,1.0,0.1,0.075,0.2,1.0,876.0,0.0,0.0,0.1815068493150685
19.0,5.0,2.0,0.1,0.075,0.2,1.0,871.0,0.0,0.0,0.17795637198622274
19.0,5.0,3.0,0.1,0.075,0.2,1.0,870.0,0.0,0.0,0.1793103448275862
19.0,5.0,4.0,0.1,0.075,0.2,1.0,867.0,0.0,0.0,0.1776239907727797
19.0,5.0,5.0,0.1,0.075,0.2,1.0,866.0,0.0,0.0,0.1789838337182448
19.0,5.0,6.0,0.1,0.075,0.2,1.0,863.0,0.0,0.0,0.1761297798377752
19.0,5.0,7.0,0.1,0.075,0.2,1.0,863.0,0.0,0.0,0.17844727694090382
19.0,5.0,8.0,0.1,0.075,0.2,1.0,858.0,0.0,0.0,0.175990675990676
19.0,5.0,9.0,0.1,0.075,0.2,1.0,849.0,0.0,0.0,0.18021201413427562
19.0,5.0,10.0,0.1,0.075,0.2,1.0,842.0,0.0,0.0,0.17933491686460806
19.0,5.0,11.0,0.1,0.075,0.2,1.0,843.0,0.0,0.0,0.18149466192170818
19.0,5.0,12.0,0.1,0.075,0.2,1.0,836.0,0.0,0.0,0.17942583732057416
19.0,5.0,13.0,0.1,0.075,0.2,1.0,836.0,0.0,0.0,0.18181818181818182
19.0,5.0,14.0,0.1,0.075,0.2,1.0,834.0,0.0,0.0,0.17985611510791366
19.0,5.0,15.0,0.1,0.075,0.2,1.0,833.0,0.0,0.0,0.18247298919567828
19.0,5.0,16.0,0.1,0.075,0.2,1.0,832.0,0.0,0.0,0.17908653846153846
19.0,5.0,17.0,0.1,0.075,0.2,1.0,832.0,0.0,0.0,0.1814903846153846
19.0,5.0,18.0,0.1,0.075,0.2,1.0,830.0,0.0,0.0,0.17951807228915662
19.0,5.0,19.0,0.1,0.075,0.2,1.0,830.0,0.0,0.0,0.1819277108433735
19.0,5.0,20.0,0.1,0.075,0.2,1.0,1524.0,0.0,0.0,0.09711286089238845
19.0,5.0,21.0,0.1,0.075,0.2,1.0,1474.0,0.0,0.0,0.09905020352781546
19.0,5.0,22.0,0.1,0.075,0.2,1.0,1412.0,0.0,0.0,0.09985835694050992
19.0,5.0,23.0,0.1,0.075,0.2,1.0,1340.0,0.0,0.0,0.10074626865671642
19.0,5.0,24.0,0.1,0.075,0.2,1.0,1306.0,0.0,0.0,0.1003062787136294
19.0,5.0,25.0,0.1,0.075,0.2,1.0,1271.0,0.0,0.0,0.1022816679779701
19.0,5.0,26.0,0.1,0.075,0.2,1.0,1198.0,0.0,0.0,0.1010016694490818
19.0,5.0,27.0,0.1,0.075,0.2,1.0,1149.0,0.0,0.0,0.10443864229765012
19.0,5.0,28.0,0.1,0.075,0.2,1.0,1096.0,0.0,0.0,0.1031021897810219
19.0,5.0,29.0,0.1,0.075,0.2,1.0,1042.0,0.0,0.0,0.1036468330134357
19.0,5.0,30.0,0.1,0.075,0.2,1.0,1038.0,0.0,0.0,0.10404624277456648
19.0,5.0,31.0,0.1,0.075,0.2,1.0,1022.0,0.0,0.0,0.10567514677103718
19.0,5.0,32.0,0.1,0.075,0.2,1.0,979.0,0.0,0.0,0.10725229826353422
19.0,5.0,33.0,0.1,0.075,0.2,1.0,966.0,0.0,0.0,0.10869565217391304
19.0,5.0,34.0,0.1,0.075,0.2,1.0,953.0,0.0,0.0,0.10912906610703044
19.0,5.0,35.0,0.1,0.075,0.2,1.0,954.0,0.0,0.0,0.11006289308176101
19.0,5.0,36.0,0.1,0.075,0.2,1.0,938.0,0.0,0.0,0.10980810234541578
19.0,5.0,37.0,0.1,0.075,0.2,1.0,940.0,0.0,0.0,0.11063829787234042
19.0,5.0,38.0,0.1,0.075,0.2,1.0,916.0,0.0,0.0,0.11026200873362445
19.0,5.0,39.0,0.1,0.075,0.2,1.0,918.0,0.0,0.0,0.1111111111111111
19.0,5.0,40.0,0.1,0.075,0.2,1.0,906.0,0.0,0.0,0.10816777041942605
19.0,5.0,41.0,0.1,0.075,0.2,1.0,879.0,0.0,0.0,0.10921501706484642
19.0,5.0,42.0,0.1,0.075,0.2,1.0,853.0,0.0,0.0,0.10550996483001172
19.0,5.0,43.0,0.1,0.075,0.2,1.0,852.0,0.0,0.0,0.107981220657277
19.0,5.0,44.0,0.1,0.075,0.2,1.0,836.0,0.0,0.0,0.1076555023923445
19.0,5.0,45.0,0.1,0.075,0.2,1.0,810.0,0.0,0.0,0.18641975308641975
19.0,5.0,46.0,0.1,0.075,0.2,1.0,801.0,0.0,0.0,0.18476903870162298
19.0,5.0,47.0,0.1,0.075,0.2,1.0,805.0,0.0,0.0,0.18633540372670807
19.0,5.0,48.0,0.1,0.075,0.2,1.0,771.0,0.0,0.0,0.1828793774319066
19.0,5.0,49.0,0.1,0.075,0.2,1.0,771.0,0.0,0.0,0.18417639429312582
19.0,5.0,50.0,0.1,0.075,0.2,1.0,763.0,0.0,0.0,0.18086500655307994
19.0,5.0,51.0,0.1,0.075,0.2,1.0,763.0,0.0,0.0,0.182175622542595
19.0,5.0,52.0,0.1,0.075,0.2,1.0,742.0,0.0,0.0,0.1792452830188679
19.0,6.0,1.0,0.1,0.075,0.2,1.0,745.0,0.0,0.0,0.18120805369127516
19.0,6.0,2.0,0.1,0.075,0.2,1.0,723.0,0.0,0.0,0.17842323651452283
19.0,6.0,3.0,0.1,0.075,0.2,1.0,712.0,0.0,0.0,0.1797752808988764
19.0,6.0,4.0,0.1,0.075,0.2,1.0,704.0,0.0,0.0,0.17755681818181818
19.0,6.0,5.0,0.1,0.075,0.2,1.0,709.0,0.0,0.0,0.17912552891396333
19.0,6.0,6.0,0.1,0.075,0.2,1.0,700.0,0.0,0.0,0.17714285714285713
19.0,6.0,7.0,0.1,0.075,0.2,1.0,702.0,0.0,0.0,0.1794871794871795
19.0,6.0,8.0,0.1,0.075,0.2,1.0,691.0,0.0,0.0,0.17655571635311143
19.0,6.0,9.0,0.1,0.075,0.2,1.0,694.0,0.0,0.0,0.17723342939481268
19.0,6.0,10.0,0.1,0.075,0.2,1.0,688.0,0.0,0.0,0.17587209302325582
19.0,6.0,11.0,0.1,0.075,0.2,1.0,670.0,0.0,0.0,0.17164179104477612
19.0,6.0,12.0,0.1,0.075,0.2,1.0,665.0,0.0,0.0,0.17142857142857143
19.0,6.0,13.0,0.1,0.075,0.2,1.0,667.0,0.0,0.0,0.1724137931034483
19.0,6.0,14.0,0.1,0.075,0.2,1.0,663.0,0.0,0.0,0.17194570135746606
19.0,6.0,15.0,0.1,0.075,0.2,1.0,663.0,0.0,0.0,0.17194570135746606
19.0,6.0,16.0,0.1,0.075,0.2,1.0,660.0,0.0,0.0,0.1712121212121212
19.0,6.0,17.0,0.1,0.075,0.2,1.0,662.0,0.0,0.0,0.17220543806646527
19.0,6.0,18.0,0.1,0.075,0.2,1.0,657.0,0.0,0.0,0.1719939117199391
19.0,6.0,19.0,0.1,0.075,0.2,1.0,661.0,0.0,0.0,0.17246596066565809
19.0,6.0,20.0,0.1,0.075,0.2,1.0,1210.0,0.0,0.0,0.09256198347107437
19.0,6.0,21.0,0.1,0.075,0.2,1.0,1173.0,0.0,0.0,0.09462915601023018
19.0,6.0,22.0,0.1,0.075,0.2,1.0,1148.0,0.0,0.0,0.09581881533101046
19.0,6.0,23.0,0.1,0.075,0.2,1.0,1143.0,0.0,0.0,0.09536307961504811
19.0,6.0,24.0,0.1,0.075,0.2,1.0,1097.0,0.0,0.0,0.09115770282588878
19.0,6.0,25.0,0.1,0.075,0.2,1.0,1074.0,0.0,0.0,0.09124767225325885
19.0,6.0,26.0,0.1,0.075,0.2,1.0,1065.0,0.0,0.0,0.09107981220657277
19.0,6.0,27.0,0.1,0.075,0.2,1.0,1030.0,0.0,0.0,0.09223300970873786
19.0,6.0,28.0,0.1,0.075,0.2,1.0,1013.0,0.0,0.0,0.09180651530108588
19.0,6.0,29.0,0.1,0.075,0.2,1.0,989.0,0.0,0.0,0.09201213346814964
19.0,6.0,30.0,0.1,0.075,0.2,1.0,944.0,0.0,0.0,0.09216101694915255
19.0,6.0,31.0,0.1,0.075,0.2,1.0,940.0,0.0,0.0,0.0925531914893617
19.0,6.0,32.0,0.1,0.075,0.2,1.0,931.0,0.0,0.0,0.09129967776584318
19.0,6.0,33.0,0.1,0.075,0.2,1.0,917.0,0.0,0.0,0.0916030534351145
19.0,6.0,34.0,0.1,0.075,0.2,1.0,912.0,0.0,0.0,0.09210526315789473
19.0,6.0,35.0,0.1,0.075,0.2,1.0,907.0,0.0,0.0,0.0926130099228225
19.0,6.0,36.0,0.1,0.075,0.2,1.0,892.0,0.0,0.0,0.09192825112107623
19.0,6.0,37.0,0.1,0.075,0.2,1.0,878.0,0.0,0.0,0.09225512528473805
19.0,6.0,38.0,0.1,0.075,0.2,1.0,880.0,0.0,0.0,0.09204545454545454
19.0,6.0,39.0,0.1,0.075,0.2,1.0,867.0,0.0,0.0,0.0922722029988466
19.0,6.0,40.0,0.1,0.075,0.2,1.0,841.0,0.0,0.0,0.093935790725327
19.0,6.0,41.0,0.1,0.075,0.2,1.0,836.0,0.0,0.0,0.09449760765550239
19.0,6.0,42.0,0.1,0.075,0.2,1.0,826.0,0.0,0.0,0.09443099273607748
19.0,6.0,43.0,0.1,0.075,0.2,1.0,811.0,0.0,0.0,0.09494451294697903
19.0,6.0,44.0,0.1,0.075,0.2,1.0,813.0,0.0,0.0,0.09471094710947109
19.0,6.0,45.0,0.1,0.075,0.2,1.0,796.0,0.0,0.0,0.16457286432160803
19.0,6.0,46.0,0.1,0.075,0.2,1.0,798.0,0.0,0.0,0.16416040100250626
19.0,6.0,47.0,0.1,0.075,0.2,1.0,784.0,0.0,0.0,0.16709183673469388
19.0,6.0,48.0,0.1,0.075,0.2,1.0,786.0,0.0,0.0,0.16666666666666666
19.0,6.0,49.0,0.1,0.075,0.2,1.0,770.0,0.0,0.0,0.16753246753246753
19.0,6.0,50.0,0.1,0.075,0.2,1.0,760.0,0.0,0.0,0.16842105263157894
19.0,6.0,51.0,0.1,0.075,0.2,1.0,759.0,0.0,0.0,0.1686429512516469
19.0,6.0,52.0,0.1,0.075,0.2,1.0,759.0,0.0,0.0,0.1686429512516469
19.0,7.0,1.0,0.1,0.075,0.2,1.0,755.0,0.0,0.0,0.16821192052980133
19.0,7.0,2.0,0.1,0.075,0.2,1.0,752.0,0.0,0.0,0.16888297872340424
19.0,7.0,3.0,0.1,0.075,0.2,1.0,751.0,0.0,0.0,0.16910785619174434
19.0,7.0,4.0,0.1,0.075,0.2,1.0,752.0,0.0,0.0,0.16888297872340424
19.0,7.0,5.0,0.1,0.075,0.2,1.0,746.0,0.0,0.0,0.17024128686327078
19.0,7.0,6.0,0.1,0.075,0.2,1.0,746.0,0.0,0.0,0.17024128686327078
19.0,7.0,7.0,0.1,0.075,0.2,1.0,745.0,0.0,0.0,0.1704697986577181
19.0,7.0,8.0,0.1,0.075,0.2,1.0,730.0,0.0,0.0,0.16986301369863013
19.0,7.0,9.0,0.1,0.075,0.2,1.0,714.0,0.0,0.0,0.17086834733893558
19.0,7.0,10.0,0.1,0.075,0.2,1.0,715.0,0.0,0.0,0.17062937062937064
19.0,7.0,11.0,0.1,0.075,0.2,1.0,713.0,0.0,0.0,0.1697054698457223
19.0,7.0,12.0,0.1,0.075,0.2,1.0,713.0,0.0,0.0,0.1697054698457223
19.0,7.0,13.0,0.1,0.075,0.2,1.0,711.0,0.0,0.0,0.170182841068917
19.0,7.0,14.0,0.1,0.075,0.2,1.0,711.0,0.0,0.0,0.16877637130801687
19.0,7.0,15.0,0.1,0.075,0.2,1.0,710.0,0.0,0.0,0.16901408450704225
19.0,7.0,16.0,0.1,0.075,0.2,1.0,710.0,0.0,0.0,0.16901408450704225
19.0,7.0,17.0,0.1,0.075,0.2,1.0,708.0,0.0,0.0,0.1694915254237288
19.0,7.0,18.0,0.1,0.075,0.2,1.0,708.0,0.0,0.0,0.1694915254237288
19.0,7.0,19.0,0.1,0.075,0.2,1.0,707.0,0.0,0.0,0.16973125884016974
19.0,7.0,20.0,0.1,0.075,0.2,1.0,1327.0,0.0,0.0,0.0904295403165034
19.0,7.0,21.0,0.1,0.075,0.2,1.0,1283.0,0.0,0.0,0.09353078721745908
19.0,7.0,22.0,0.1,0.075,0.2,1.0,1240.0,0.0,0.0,0.09435483870967742
19.0,7.0,23.0,0.1,0.075,0.2,1.0,1146.0,0.0,0.0,0.0968586387434555
19.0,7.0,24.0,0.1,0.075,0.2,1.0,1121.0,0.0,0.0,0.09901873327386262
19.0,7.0,25.0,0.1,0.075,0.2,1.0,1107.0,0.0,0.0,0.0984643179765131
19.0,7.0,26.0,0.1,0.075,0.2,1.0,1107.0,0.0,0.0,0.0984643179765131
19.0,7.0,27.0,0.1,0.075,0.2,1.0,1055.0,0.0,0.0,0.1004739336492891
19.0,7.0,28.0,0.1,0.075,0.2,1.0,1057.0,0.0,0.0,0.10028382213812677
19.0,7.0,29.0,0.1,0.075,0.2,1.0,1042.0,0.0,0.0,0.09980806142034548
19.0,7.0,30.0,0.1,0.075,0.2,1.0,1017.0,0.0,0.0,0.10127826941986234
19.0,7.0,31.0,0.1,0.075,0.2,1.0,973.0,0.0,0.0,0.09969167523124357
19.0,7.0,32.0,0.1,0.075,0.2,1.0,929.0,0.0,0.0,0.10010764262648009
19.0,7.0,33.0,0.1,0.075,0.2,1.0,912.0,0.0,0.0,0.10087719298245613
19.0,7.0,34.0,0.1,0.075,0.2,1.0,896.0,0.0,0.0,0.10044642857142858
19.0,7.0,35.0,0.1,0.075,0.2,1.0,901.0,0.0,0.0,0.09877913429522753
19.0,7.0,36.0,0.1,0.075,0.2,1.0,902.0,0.0,0.0,0.09866962305986696
19.0,7.0,37.0,0.1,0.075,0.2,1.0,898.0,0.0,0.0,0.09799554565701558
19.0,7.0,38.0,0.1,0.075,0.2,1.0,890.0,0.0,0.0,0.1
19.0,7.0,39.0,0.1,0.075,0.2,1.0,848.0,0.0,0.0,0.10141509433962265
19.0,7.0,40.0,0.1,0.075,0.2,1.0,838.0,0.0,0.0,0.1026252983293556
19.0,7.0,41.0,0.1,0.075,0.2,1.0,819.0,0.0,0.0,0.09768009768009768
19.0,7.0,42.0,0.1,0.075,0.2,1.0,807.0,0.0,0.0,0.09789343246592318
19.0,7.0,43.0,0.1,0.075,0.2,1.0,791.0,0.0,0.0,0.0986093552465234
19.0,7.0,44.0,0.1,0.075,0.2,1.0,780.0,0.0,0.0,0.10128205128205128
19.0,7.0,45.0,0.1,0.075,0.2,1.0,764.0,0.0,0.0,0.18586387434554974
19.0,7.0,46.0,0.1,0.075,0.2,1.0,754.0,0.0,0.0,0.1883289124668435
19.0,7.0,47.0,0.1,0.075,0.2,1.0,754.0,0.0,0.0,0.1896551724137931
19.0,7.0,48.0,0.1,0.075,0.2,1.0,753.0,0.0,0.0,0.18725099601593626
19.0,7.0,49.0,0.1,0.075,0.2,1.0,740.0,0.0,0.0,0.18783783783783783
19.0,7.0,50.0,0.1,0.075,0.2,1.0,740.0,0.0,0.0,0.1891891891891892
19.0,7.0,51.0,0.1,0.075,0.2,1.0,739.0,0.0,0.0,0.18944519621109607
19.0,7.0,52.0,0.1,0.075,0.2,1.0,739.0,0.0,0.0,0.18944519621109607
19.0,8.0,1.0,0.1,0.075,0.2,1.0,735.0,0.0,0.0,0.18775510204081633
19.0,8.0,2.0,0.1,0.075,0.2,1.0,736.0,0.0,0.0,0.19021739130434784
19.0,8.0,3.0,0.1,0.075,0.2,1.0,736.0,0.0,0.0,0.19021739130434784
19.0,8.0,4.0,0.1,0.075,0.2,1.0,735.0,0.0,0.0,0.19047619047619047
19.0,8.0,5.0,0.1,0.075,0.2,1.0,734.0,0.0,0.0,0.1893732970027248
19.0,8.0,6.0,0.1,0.075,0.2,1.0,734.0,0.0,0.0,0.1907356948228883
19.0,8.0,7.0,0.1,0.075,0.2,1.0,735.0,0.0,0.0,0.19047619047619047
19.0,8.0,8.0,0.1,0.075,0.2,1.0,731.0,0.0,0.0,0.19151846785225718
19.0,8.0,9.0,0.1,0.075,0.2,1.0,731.0,0.0,0.0,0.19151846785225718
19.0,8.0,10.0,0.1,0.075,0.2,1.0,727.0,0.0,0.0,0.19257221458046767
19.0,8.0,11.0,0.1,0.075,0.2,1.0,727.0,0.0,0.0,0.19257221458046767
19.0,8.0,12.0,0.1,0.075,0.2,1.0,723.0,0.0,0.0,0.19363762102351315
19.0,8.0,13.0,0.1,0.075,0.2,1.0,722.0,0.0,0.0,0.1925207756232687
19.0,8.0,14.0,0.1,0.075,0.2,1.0,720.0,0.0,0.0,0.19444444444444445
19.0,8.0,15.0,0.1,0.075,0.2,1.0,721.0,0.0,0.0,0.1941747572815534
19.0,8.0,16.0,0.1,0.075,0.2,1.0,720.0,0.0,0.0,0.19305555555555556
19.0,8.0,17.0,0.1,0.075,0.2,1.0,719.0,0.0,0.0,0.19193324061196107
19.0,8.0,18.0,0.1,0.075,0.2,1.0,720.0,0.0,0.0,0.19305555555555556
19.0,8.0,19.0,0.1,0.075,0.2,1.0,721.0,0.0,0.0,0.1927877947295423
19.0,8.0,20.0,0.1,0.075,0.2,1.0,1301.0,0.0,0.0,0.10684089162182936
19.0,8.0,21.0,0.1,0.075,0.2,1.0,1230.0,0.0,0.0,0.11056910569105691
19.0,8.0,22.0,0.1,0.075,0.2,1.0,1220.0,0.0,0.0,0.11147540983606558
19.0,8.0,23.0,0.1,0.075,0.2,1.0,1179.0,0.0,0.0,0.11450381679389313
19.0,8.0,24.0,0.1,0.075,0.2,1.0,1170.0,0.0,0.0,0.11452991452991453
19.0,8.0,25.0,0.1,0.075,0.2,1.0,1151.0,0.0,0.0,0.11642050390964379
19.0,8.0,26.0,0.1,0.075,0.2,1.0,1130.0,0.0,0.0,0.11769911504424779
19.0,8.0,27.0,0.1,0.075,0.2,1.0,1127.0,0.0,0.0,0.11801242236024845
19.0,8.0,28.0,0.1,0.075,0.2,1.0,1109.0,0.0,0.0,0.11632100991884581
19.0,8.0,29.0,0.1,0.075,0.2,1.0,1097.0,0.0,0.0,0.11485870556061988
19.0,8.0,30.0,0.1,0.075,0.2,1.0,1085.0,0.0,0.0,0.11612903225806452
19.0,8.0,31.0,0.1,0.075,0.2,1.0,1067.0,0.0,0.0,0.11527647610121837
19.0,8.0,32.0,0.1,0.075,0.2,1.0,1060.0,0.0,0.0,0.11415094339622642
19.0,8.0,33.0,0.1,0.075,0.2,1.0,1007.0,0.0,0.0,0.11519364448857994
19.0,8.0,34.0,0.1,0.075,0.2,1.0,990.0,0.0,0.0,0.11616161616161616
19.0,8.0,35.0,0.1,0.075,0.2,1.0,987.0,0.0,0.0,0.11651469098277609
19.0,8.0,36.0,0.1,0.075,0.2,1.0,990.0,0.0,0.0,0.11616161616161616
19.0,8.0,37.0,0.1,0.075,0.2,1.0,986.0,0.0,0.0,0.11663286004056796
19.0,8.0,38.0,0.1,0.075,0.2,1.0,970.0,0.0,0.0,0.11752577319587629
19.0,8.0,39.0,0.1,0.075,0.2,1.0,967.0,0.0,0.0,0.11789038262668046
19.0,8.0,40.0,0.1,0.075,0.2,1.0,970.0,0.0,0.0,0.11752577319587629
19.0,8.0,41.0,0.1,0.075,0.2,1.0,966.0,0.0,0.0,0.11697722567287784
19.0,8.0,42.0,0.1,0.075,0.2,1.0,959.0,0.0,0.0,0.11678832116788321
19.0,8.0,43.0,0.1,0.075,0.2,1.0,928.0,0.0,0.0,0.11530172413793104
19.0,8.0,44.0,0.1,0.075,0.2,1.0,918.0,0.0,0.0,0.11655773420479303
19.0,8.0,45.0,0.1,0.075,0.2,1.0,888.0,0.0,0.0,0.1858108108108108
19.0,8.0,46.0,0.1,0.075,0.2,1.0,892.0,0.0,0.0,0.1860986547085202
19.0,8.0,47.0,0.1,0.075,0.2,1.0,887.0,0.0,0.0,0.18489289740698986
19.0,8.0,48.0,0.1,0.075,0.2,1.0,890.0,0.0,0.0,0.1853932584269663
19.0,8.0,49.0,0.1,0.075,0.2,1.0,874.0,0.0,0.0,0.18421052631578946
19.0,8.0,50.0,0.1,0.075,0.2,1.0,876.0,0.0,0.0,0.18378995433789955
19.0,8.0,51.0,0.1,0.075,0.2,1.0,858.0,0.0,0.0,0.1853146853146853
19.0,8.0,52.0,0.1,0.075,0.2,1.0,857.0,0.0,0.0,0.1855309218203034
19.0,9.0,1.0,0.1,0.075,0.2,1.0,855.0,0.0,0.0,0.18596491228070175
19.0,9.0,2.0,0.1,0.075,0.2,1.0,858.0,0.0,0.0,0.1853146853146853
19.0,9.0,3.0,0.1,0.075,0.2,1.0,831.0,0.0,0.0,0.18772563176895307
19.0,9.0,4.0,0.1,0.075,0.2,1.0,833.0,0.0,0.0,0.1872749099639856
19.0,9.0,5.0,0.1,0.075,0.2,1.0,829.0,0.0,0.0,0.1881785283474065
19.0,9.0,6.0,0.1,0.075,0.2,1.0,828.0,0.0,0.0,0.18840579710144928
19.0,9.0,7.0,0.1,0.075,0.2,1.0,826.0,0.0,0.0,0.18886198547215496
19.0,9.0,8.0,0.1,0.075,0.2,1.0,827.0,0.0,0.0,0.18863361547763
19.0,9.0,9.0,0.1,0.075,0.2,1.0,809.0,0.0,0.0,0.1915945611866502
19.0,9.0,10.0,0.1,0.075,0.2,1.0,810.0,0.0,0.0,0.19135802469135801
19.0,9.0,11.0,0.1,0.075,0.2,1.0,806.0,0.0,0.0,0.19230769230769232
19.0,9.0,12.0,0.1,0.075,0.2,1.0,806.0,0.0,0.0,0.19106699751861042
19.0,9.0,13.0,0.1,0.075,0.2,1.0,793.0,0.0,0.0,0.19419924337957126
19.0,9.0,14.0,0.1,0.075,0.2,1.0,795.0,0.0,0.0,0.19371069182389938
19.0,9.0,15.0,0.1,0.075,0.2,1.0,793.0,0.0,0.0,0.19419924337957126
19.0,9.0,16.0,0.1,0.075,0.2,1.0,794.0,0.0,0.0,0.19395465994962216
19.0,9.0,17.0,0.1,0.075,0.2,1.0,793.0,0.0,0.0,0.19419924337957126
19.0,9.0,18.0,0.1,0.075,0.2,1.0,794.0,0.0,0.0,0.19395465994962216
19.0,9.0,19.0,0.1,0.075,0.2,1.0,794.0,0.0,0.0,0.19395465994962216
19.0,9.0,20.0,0.1,0.075,0.2,1.0,1399.0,0.0,0.0,0.10221586847748391
19.0,9.0,21.0,0.1,0.075,0.2,1.0,1384.0,0.0,0.0,0.101878612716763
19.0,9.0,22.0,0.1,0.075,0.2,1.0,1341.0,0.0,0.0,0.10365398956002983
19.0,9.0,23.0,0.1,0.075,0.2,1.0,1329.0,0.0,0.0,0.1038374717832957
19.0,9.0,24.0,0.1,0.075,0.2,1.0,1317.0,0.0,0.0,0.10326499620349279
19.0,9.0,25.0,0.1,0.075,0.2,1.0,1269.0,0.0,0.0,0.10480693459416864
19.0,9.0,26.0,0.1,0.075,0.2,1.0,1204.0,0.0,0.0,0.1079734219269103
19.0,9.0,27.0,0.1,0.075,0.2,1.0,1191.0,0.0,0.0,0.109151973131822
19.0,9.0,28.0,0.1,0.075,0.2,1.0,1179.0,0.0,0.0,0.1102629346904156
19.0,9.0,29.0,0.1,0.075,0.2,1.0,1167.0,0.0,0.0,0.11053984575835475
19.0,9.0,30.0,0.1,0.075,0.2,1.0,1109.0,0.0,0.0,0.1145175834084761
19.0,9.0,31.0,0.1,0.075,0.2,1.0,1098.0,0.0,0.0,0.11566484517304189
19.0,9.0,32.0,0.1,0.075,0.2,1.0,1098.0,0.0,0.0,0.11566484517304189
19.0,9.0,33.0,0.1,0.075,0.2,1.0,1097.0,0.0,0.0,0.11577028258887875
19.0,9.0,34.0,0.1,0.075,0.2,1.0,1098.0,0.0,0.0,0.11566484517304189
19.0,9.0,35.0,0.1,0.075,0.2,1.0,1050.0,0.0,0.0,0.11428571428571428
19.0,9.0,36.0,0.1,0.075,0.2,1.0,1027.0,0.0,0.0,0.11587147030185005
19.0,9.0,37.0,0.1,0.075,0.2,1.0,1028.0,0.0,0.0,0.11575875486381323
19.0,9.0,38.0,0.1,0.075,0.2,1.0,1017.0,0.0,0.0,0.1160275319567355
19.0,9.0,39.0,0.1,0.075,0.2,1.0,1014.0,0.0,0.0,0.11637080867850098
19.0,9.0,40.0,0.1,0.075,0.2,1.0,995.0,0.0,0.0,0.11658291457286432
19.0,9.0,41.0,0.1,0.075,0.2,1.0,959.0,0.0,0.0,0.11783107403545359
19.0,9.0,42.0,0.1,0.075,0.2,1.0,960.0,0.0,0.0,0.11770833333333333
19.0,9.0,43.0,0.1,0.075,0.2,1.0,933.0,0.0,0.0,0.12004287245444802
19.0,9.0,44.0,0.1,0.075,0.2,1.0,918.0,0.0,0.0,0.12091503267973856
19.0,9.0,45.0,0.1,0.075,0.2,1.0,907.0,0.0,0.0,0.19514884233737598
19.0,9.0,46.0,0.1,0.075,0.2,1.0,905.0,0.0,0.0,0.19558011049723756
19.0,9.0,47.0,0.1,0.075,0.2,1.0,890.0,0.0,0.0,0.19662921348314608
19.0,9.0,48.0,0.1,0.075,0.2,1.0,876.0,0.0,0.0,0.19863013698630136
19.0,9.0,49.0,0.1,0.075,0.2,1.0,875.0,0.0,0.0,0.19885714285714284
19.0,9.0,50.0,0.1,0.075,0.2,1.0,874.0,0.0,0.0,0.19908466819221968
19.0,9.0,51.0,0.1,0.075,0.2,1.0,873.0,0.0,0.0,0.19931271477663232
19.0,9.0,52.0,0.1,0.075,0.2,1.0,869.0,0.0,0.0,0.2002301495972382
19.0,10.0,1.0,0.1,0.075,0.2,1.0,872.0,0.0,0.0,0.19954128440366972
19.0,10.0,2.0,0.1,0.075,0.2,1.0,870.0,0.0,0.0,0.2
19.0,10.0,3.0,0.1,0.075,0.2,1.0,873.0,0.0,0.0,0.19931271477663232
19.0,10.0,4.0,0.1,0.075,0.2,1.0,870.0,0.0,0.0,0.2
19.0,10.0,5.0,0.1,0.075,0.2,1.0,873.0,0.0,0.0,0.19931271477663232
19.0,10.0,6.0,0.1,0.075,0.2,1.0,855.0,0.0,0.0,0.2
19.0,10.0,7.0,0.1,0.075,0.2,1.0,860.0,0.0,0.0,0.2
19.0,10.0,8.0,0.1,0.075,0.2,1.0,855.0,0.0,0.0,0.2
19.0,10.0,9.0,0.1,0.075,0.2,1.0,856.0,0.0,0.0,0.19976635514018692
19.0,10.0,10.0,0.1,0.075,0.2,1.0,853.0,0.0,0.0,0.19929660023446658
19.0,10.0,11.0,0.1,0.075,0.2,1.0,855.0,0.0,0.0,0.2
19.0,10.0,12.0,0.1,0.075,0.2,1.0,853.0,0.0,0.0,0.19929660023446658
19.0,10.0,13.0,0.1,0.075,0.2,1.0,854.0,0.0,0.0,0.20023419203747073
19.0,10.0,14.0,0.1,0.075,0.2,1.0,849.0,0.0,0.0,0.20023557126030625
19.0,10.0,15.0,0.1,0.075,0.2,1.0,852.0,0.0,0.0,0.2007042253521127
19.0,10.0,16.0,0.1,0.075,0.2,1.0,849.0,0.0,0.0,0.20023557126030625
19.0,10.0,17.0,0.1,0.075,0.2,1.0,851.0,0.0,0.0,0.2009400705052879
19.0,10.0,18.0,0.1,0.075,0.2,1.0,847.0,0.0,0.0,0.20070838252656434
19.0,10.0,19.0,0.1,0.075,0.2,1.0,849.0,0.0,0.0,0.20141342756183744
19.0,10.0,20.0,0.1,0.075,0.2,1.0,1462.0,0.0,0.0,0.10738714090287278
19.0,10.0,21.0,0.1,0.075,0.2,1.0,1424.0,0.0,0.0,0.10955056179775281
19.0,10.0,22.0,0.1,0.075,0.2,1.0,1404.0,0.0,0.0,0.1103988603988604
19.0,10.0,23.0,0.1,0.075,0.2,1.0,1367.0,0.0,0.0,0.11119239209948793
19.0,10.0,24.0,0.1,0.075,0.2,1.0,1322.0,0.0,0.0,0.10968229954614221
19.0,10.0,25.0,0.1,0.075,0.2,1.0,1324.0,0.0,0.0,0.1095166163141994
19.0,10.0,26.0,0.1,0.075,0.2,1.0,1307.0,0.0,0.0,0.10864575363427698
19.0,10.0,27.0,0.1,0.075,0.2,1.0,1314.0,0.0,0.0,0.10882800608828005
19.0,10.0,28.0,0.1,0.075,0.2,1.0,1277.0,0.0,0.0,0.11119812059514488
19.0,10.0,29.0,0.1,0.075,0.2,1.0,1230.0,0.0,0.0,0.11544715447154472
19.0,10.0,30.0,0.1,0.075,0.2,1.0,1173.0,0.0,0.0,0.11508951406649616
19.0,10.0,31.0,0.1,0.075,0.2,1.0,1166.0,0.0,0.0,0.11492281303602059
19.0,10.0,32.0,0.1,0.075,0.2,1.0,1149.0,0.0,0.0,0.11575282854656223
19.0,10.0,33.0,0.1,0.075,0.2,1.0,1152.0,0.0,0.0,0.11631944444444445
19.0,10.0,34.0,0.1,0.075,0.2,1.0,1146.0,0.0,0.0,0.11605584642233857
19.0,10.0,35.0,0.1,0.075,0.2,1.0,1112.0,0.0,0.0,0.11510791366906475
19.0,10.0,36.0,0.1,0.075,0.2,1.0,1097.0,0.0,0.0,0.11577028258887875
19.0,10.0,37.0,0.1,0.075,0.2,1.0,1100.0,0.0,0.0,0.11636363636363636
19.0,10.0,38.0,0.1,0.075,0.2,1.0,1097.0,0.0,0.0,0.11577028258887875
19.0,10.0,39.0,0.1,0.075,0.2,1.0,1073.0,0.0,0.0,0.11742777260018639
19.0,10.0,40.0,0.1,0.075,0.2,1.0,1057.0,0.0,0.0,0.11825922421948912
19.0,10.0,41.0,0.1,0.075,0.2,1.0,1024.0,0.0,0.0,0.1220703125
19.0,10.0,42.0,0.1,0.075,0.2,1.0,1020.0,0.0,0.0,0.12156862745098039
19.0,10.0,43.0,0.1,0.075,0.2,1.0,1008.0,0.0,0.0,0.12400793650793651
19.0,10.0,44.0,0.1,0.075,0.2,1.0,996.0,0.0,0.0,0.12248995983935743
19.0,10.0,45.0,0.1,0.075,0.2,1.0,986.0,0.0,0.0,0.19066937119675456
19.0,10.0,46.0,0.1,0.075,0.2,1.0,961.0,0.0,0.0,0.18834547346514047
19.0,10.0,47.0,0.1,0.075,0.2,1.0,964.0,0.0,0.0,0.1887966804979253
19.0,10.0,48.0,0.1,0.075,0.2,1.0,961.0,0.0,0.0,0.18834547346514047
19.0,10.0,49.0,0.1,0.075,0.2,1.0,944.0,0.0,0.0,0.1917372881355932
19.0,10.0,50.0,0.1,0.075,0.2,1.0,939.0,0.0,0.0,0.19169329073482427
19.0,10.0,51.0,0.1,0.075,0.2,1.0,942.0,0.0,0.0,0.1921443736730361
19.0,10.0,52.0,0.1,0.075,0.2,1.0,939.0,0.0,0.0,0.19169329073482427
20.0,1.0,1.0,0.1,0.075,0.2,1.0,5336.0,55.0,6.0,0.11300599700149926
20.0,1.0,2.0,0.1,0.075,0.2,1.0,5268.0,60.0,15.0,0.11427486712224753
20.0,1.0,3.0,0.1,0.075,0.2,1.0,5169.0,67.0,28.0,0.114335461404527
20.0,1.0,4.0,0.1,0.075,0.2,1.0,4986.0,83.0,37.0,0.11552346570397112
20.0,1.0,5.0,0.1,0.075,0.2,1.0,4955.0,101.0,33.0,0.11745711402623613
20.0,1.0,6.0,0.1,0.075,0.2,1.0,4798.0,126.0,37.0,0.11900791996665278
20.0,1.0,7.0,0.1,0.075,0.2,1.0,4637.0,138.0,53.0,0.12119905111063188
20.0,1.0,8.0,0.1,0.075,0.2,1.0,4431.0,179.0,72.0,0.12254570074475288
20.0,1.0,9.0,0.1,0.075,0.2,1.0,4282.0,213.0,77.0,0.12120504437178889
20.0,1.0,10.0,0.1,0.075,0.2,1.0,4125.0,233.0,84.0,0.12096969696969696
20.0,1.0,11.0,0.1,0.075,0.2,1.0,3985.0,251.0,90.0,0.12170639899623588
20.0,1.0,12.0,0.1,0.075,0.2,1.0,3851.0,272.0,115.0,0.12334458582186444
20.0,1.0,13.0,0.1,0.075,0.2,1.0,3712.0,302.0,133.0,0.12338362068965517
20.0,1.0,14.0,0.1,0.075,0.2,1.0,3614.0,311.0,149.0,0.12589928057553956
20.0,1.0,15.0,0.1,0.075,0.2,1.0,3537.0,325.0,158.0,0.12779191405145604
20.0,1.0,16.0,0.1,0.075,0.2,1.0,3415.0,331.0,159.0,0.12884333821376281
20.0,1.0,17.0,0.1,0.075,0.2,1.0,3330.0,333.0,153.0,0.13153153153153152
20.0,1.0,18.0,0.1,0.075,0.2,1.0,3231.0,315.0,153.0,0.13308573197152584
20.0,1.0,19.0,0.1,0.075,0.2,1.0,3153.0,306.0,153.0,0.1363780526482715
20.0,1.0,20.0,0.1,0.075,0.2,1.0,5769.0,302.0,168.0,0.07314959265037269
20.0,1.0,21.0,0.1,0.075,0.2,1.0,5445.0,369.0,152.0,0.07548209366391184
20.0,1.0,22.0,0.1,0.075,0.2,1.0,5048.0,423.0,152.0,0.0768621236133122
20.0,1.0,23.0,0.1,0.075,0.2,1.0,4794.0,431.0,172.0,0.08176887776387151
20.0,1.0,24.0,0.1,0.075,0.2,1.0,4532.0,480.0,197.0,0.08274492497793469
20.0,1.0,25.0,0.1,0.075,0.2,1.0,4333.0,539.0,219.0,0.08677590583891069
20.0,1.0,26.0,0.1,0.075,0.2,1.0,4064.0,544.0,221.0,0.09030511811023623
20.0,1.0,27.0,0.1,0.075,0.2,1.0,3901.0,547.0,239.0,0.09254037426300948
20.0,1.0,28.0,0.1,0.075,0.2,1.0,3658.0,531.0,243.0,0.09622744669218151
20.0,1.0,29.0,0.1,0.075,0.2,1.0,3498.0,574.0,253.0,0.0989136649514008
20.0,1.0,30.0,0.1,0.075,0.2,1.0,3252.0,577.0,237.0,0.10209102091020911
20.0,1.0,31.0,0.1,0.075,0.2,1.0,3123.0,610.0,247.0,0.10310598783221261
20.0,1.0,32.0,0.1,0.075,0.2,1.0,2961.0,629.0,280.0,0.10739614994934144
20.0,1.0,33.0,0.1,0.075,0.2,1.0,2801.0,640.0,287.0,0.10996072831131738
20.0,1.0,34.0,0.1,0.075,0.2,1.0,2675.0,635.0,312.0,0.11476635514018692
20.0,1.0,35.0,0.1,0.075,0.2,1.0,2495.0,616.0,287.0,0.1218436873747495
20.0,1.0,36.0,0.1,0.075,0.2,1.0,2362.0,584.0,289.0,0.12658763759525826
20.0,1.0,37.0,0.1,0.075,0.2,1.0,2185.0,543.0,274.0,0.13455377574370708
20.0,1.0,38.0,0.1,0.075,0.2,1.0,2072.0,505.0,262.0,0.1414092664092664
20.0,1.0,39.0,0.1,0.075,0.2,1.0,1920.0,471.0,258.0,0.15104166666666666
20.0,1.0,40.0,0.1,0.075,0.2,1.0,1776.0,430.0,222.0,0.16216216216216217
20.0,1.0,41.0,0.1,0.075,0.2,1.0,1632.0,382.0,211.0,0.1721813725490196
20.0,1.0,42.0,0.1,0.075,0.2,1.0,1532.0,345.0,175.0,0.18407310704960836
20.0,1.0,43.0,0.1,0.075,0.2,1.0,1425.0,303.0,171.0,0.19508771929824562
20.0,1.0,44.0,0.1,0.075,0.2,1.0,1320.0,252.0,139.0,0.20909090909090908
20.0,1.0,45.0,0.1,0.075,0.2,1.0,1257.0,228.0,136.0,0.2680986475735879
20.0,1.0,46.0,0.1,0.075,0.2,1.0,1182.0,194.0,104.0,0.2825719120135364
20.0,1.0,47.0,0.1,0.075,0.2,1.0,1115.0,176.0,86.0,0.29417040358744395
20.0,1.0,48.0,0.1,0.075,0.2,1.0,1065.0,143.0,71.0,0.30422535211267604
20.0,1.0,49.0,0.1,0.075,0.2,1.0,1027.0,126.0,69.0,0.31061343719571566
20.0,1.0,50.0,0.1,0.075,0.2,1.0,1005.0,115.0,66.0,0.3144278606965174
20.0,1.0,51.0,0.1,0.075,0.2,1.0,979.0,97.0,62.0,0.32175689479060265
20.0,1.0,52.0,0.1,0.075,0.2,1.0,944.0,79.0,55.0,0.3273305084745763
20.0,2.0,1.0,0.1,0.075,0.2,1.0,912.0,72.0,45.0,0.3344298245614035
20.0,2.0,2.0,0.1,0.075,0.2,1.0,879.0,61.0,34.0,0.3447098976109215
20.0,2.0,3.0,0.1,0.075,0.2,1.0,854.0,54.0,27.0,0.351288056206089
20.0,2.0,4.0,0.1,0.075,0.2,1.0,824.0,49.0,24.0,0.35194174757281554
20.0,2.0,5.0,0.1,0.075,0.2,1.0,816.0,44.0,21.0,0.3553921568627451
20.0,2.0,6.0,0.1,0.075,0.2,1.0,803.0,42.0,23.0,0.3561643835616438
20.0,2.0,7.0,0.1,0.075,0.2,1.0,795.0,37.0,20.0,0.3622641509433962
20.0,2.0,8.0,0.1,0.075,0.2,1.0,771.0,30.0,19.0,0.3657587548638132
20.0,2.0,9.0,0.1,0.075,0.2,1.0,757.0,23.0,15.0,0.3725231175693527
20.0,2.0,10.0,0.1,0.075,0.2,1.0,748.0,21.0,13.0,0.37433155080213903
20.0,2.0,11.0,0.1,0.075,0.2,1.0,741.0,16.0,11.0,0.37516869095816463
20.0,2.0,12.0,0.1,0.075,0.2,1.0,731.0,13.0,10.0,0.3789329685362517
20.0,2.0,13.0,0.1,0.075,0.2,1.0,725.0,10.0,6.0,0.383448275862069
20.0,2.0,14.0,0.1,0.075,0.2,1.0,714.0,8.0,6.0,0.38235294117647056
20.0,2.0,15.0,0.1,0.075,0.2,1.0,709.0,5.0,2.0,0.383638928067701
20.0,2.0,16.0,0.1,0.075,0.2,1.0,704.0,5.0,4.0,0.38636363636363635
20.0,2.0,17.0,0.1,0.075,0.2,1.0,700.0,4.0,2.0,0.38285714285714284
20.0,2.0,18.0,0.1,0.075,0.2,1.0,692.0,4.0,3.0,0.3872832369942196
20.0,2.0,19.0,0.1,0.075,0.2,1.0,685.0,2.0,1.0,0.3883211678832117
20.0,2.0,20.0,0.1,0.075,0.2,1.0,1266.0,2.0,2.0,0.21248025276461296
20.0,2.0,21.0,0.1,0.075,0.2,1.0,1236.0,2.0,1.0,0.21035598705501618
20.0,2.0,22.0,0.1,0.075,0.2,1.0,1222.0,2.0,1.0,0.2144026186579378
20.0,2.0,23.0,0.1,0.075,0.2,1.0,1198.0,0.0,0.0,0.21118530884808012
20.0,2.0,24.0,0.1,0.075,0.2,1.0,1169.0,0.0,0.0,0.21043627031650983
20.0,2.0,25.0,0.1,0.075,0.2,1.0,1112.0,0.0,0.0,0.21402877697841727
20.0,2.0,26.0,0.1,0.075,0.2,1.0,1104.0,0.0,0.0,0.21557971014492755
20.0,2.0,27.0,0.1,0.075,0.2,1.0,1096.0,0.0,0.0,0.21624087591240876
20.0,2.0,28.0,0.1,0.075,0.2,1.0,1084.0,0.0,0.0,0.2158671586715867
20.0,2.0,29.0,0.1,0.075,0.2,1.0,1075.0,0.0,0.0,0.21488372093023256
20.0,2.0,30.0,0.1,0.075,0.2,1.0,1065.0,0.0,0.0,0.215962441314554
20.0,2.0,31.0,0.1,0.075,0.2,1.0,1049.0,0.0,0.0,0.21544327931363202
20.0,2.0,32.0,0.1,0.075,0.2,1.0,1034.0,0.0,0.0,0.2127659574468085
20.0,2.0,33.0,0.1,0.075,0.2,1.0,1017.0,0.0,0.0,0.21337266470009833
20.0,2.0,34.0,0.1,0.075,0.2,1.0,1005.0,0.0,0.0,0.2099502487562189
20.0,2.0,35.0,0.1,0.075,0.2,1.0,990.0,0.0,0.0,0.2101010101010101
20.0,2.0,36.0,0.1,0.075,0.2,1.0,978.0,0.0,0.0,0.21063394683026584
20.0,2.0,37.0,0.1,0.075,0.2,1.0,984.0,0.0,0.0,0.20833333333333334
20.0,2.0,38.0,0.1,0.075,0.2,1.0,966.0,0.0,0.0,0.20910973084886128
20.0,2.0,39.0,0.1,0.075,0.2,1.0,955.0,0.0,0.0,0.2094240837696335
20.0,2.0,40.0,0.1,0.075,0.2,1.0,929.0,0.0,0.0,0.2109795479009688
20.0,2.0,41.0,0.1,0.075,0.2,1.0,925.0,0.0,0.0,0.20864864864864865
20.0,2.0,42.0,0.1,0.075,0.2,1.0,893.0,0.0,0.0,0.20940649496080627
20.0,2.0,43.0,0.1,0.075,0.2,1.0,888.0,0.0,0.0,0.21058558558558557
20.0,2.0,44.0,0.1,0.075,0.2,1.0,867.0,0.0,0.0,0.21107266435986158
20.0,2.0,45.0,0.1,0.075,0.2,1.0,856.0,0.0,0.0,0.272196261682243
20.0,2.0,46.0,0.1,0.075,0.2,1.0,860.0,0.0,0.0,0.26744186046511625
20.0,2.0,47.0,0.1,0.075,0.2,1.0,840.0,0.0,0.0,0.27380952380952384
20.0,2.0,48.0,0.1,0.075,0.2,1.0,840.0,0.0,0.0,0.26666666666666666
20.0,2.0,49.0,0.1,0.075,0.2,1.0,833.0,0.0,0.0,0.2725090036014406
20.0,2.0,50.0,0.1,0.075,0.2,1.0,837.0,0.0,0.0,0.26523297491039427
20.0,2.0,51.0,0.1,0.075,0.2,1.0,833.0,0.0,0.0,0.27010804321728693
20.0,2.0,52.0,0.1,0.075,0.2,1.0,821.0,0.0,0.0,0.2679658952496955
20.0,3.0,1.0,0.1,0.075,0.2,1.0,813.0,0.0,0.0,0.2693726937269373
20.0,3.0,2.0,0.1,0.075,0.2,1.0,803.0,0.0,0.0,0.26899128268991285
20.0,3.0,3.0,0.1,0.075,0.2,1.0,800.0,0.0,0.0,0.27125
20.0,3.0,4.0,0.1,0.075,0.2,1.0,788.0,0.0,0.0,0.2703045685279188
20.0,3.0,5.0,0.1,0.075,0.2,1.0,788.0,0.0,0.0,0.27284263959390864
20.0,3.0,6.0,0.1,0.075,0.2,1.0,779.0,0.0,0.0,0.2682926829268293
20.0,3.0,7.0,0.1,0.075,0.2,1.0,783.0,0.0,0.0,0.2707535121328225
20.0,3.0,8.0,0.1,0.075,0.2,1.0,778.0,0.0,0.0,0.2686375321336761
20.0,3.0,9.0,0.1,0.075,0.2,1.0,776.0,0.0,0.0,0.26804123711340205
20.0,3.0,10.0,0.1,0.075,0.2,1.0,770.0,0.0,0.0,0.2649350649350649
20.0,3.0,11.0,0.1,0.075,0.2,1.0,766.0,0.0,0.0,0.2689295039164491
20.0,3.0,12.0,0.1,0.075,0.2,1.0,755.0,0.0,0.0,0.2635761589403974
20.0,3.0,13.0,0.1,0.075,0.2,1.0,746.0,0.0,0.0,0.2680965147453083
20.0,3.0,14.0,0.1,0.075,0.2,1.0,744.0,0.0,0.0,0.2647849462365591
20.0,3.0,15.0,0.1,0.075,0.2,1.0,737.0,0.0,0.0,0.27137042062415195
20.0,3.0,16.0,0.1,0.075,0.2,1.0,737.0,0.0,0.0,0.2672998643147897
20.0,3.0,17.0,0.1,0.075,0.2,1.0,734.0,0.0,0.0,0.26975476839237056
20.0,3.0,18.0,0.1,0.075,0.2,1.0,733.0,0.0,0.0,0.2673942701227831
20.0,3.0,19.0,0.1,0.075,0.2,1.0,727.0,0.0,0.0,0.26822558459422285
20.0,3.0,20.0,0.1,0.075,0.2,1.0,1328.0,0.0,0.0,0.1460843373493976
20.0,3.0,21.0,0.1,0.075,0.2,1.0,1260.0,0.0,0.0,0.1523809523809524
20.0,3.0,22.0,0.1,0.075,0.2,1.0,1230.0,0.0,0.0,0.15121951219512195
20.0,3.0,23.0,0.1,0.075,0.2,1.0,1210.0,0.0,0.0,0.15289256198347106
20.0,3.0,24.0,0.1,0.075,0.2,1.0,1206.0,0.0,0.0,0.1517412935323383
20.0,3.0,25.0,0.1,0.075,0.2,1.0,1189.0,0.0,0.0,0.15222876366694701
20.0,3.0,26.0,0.1,0.075,0.2,1.0,1191.0,0.0,0.0,0.1494542401343409
20.0,3.0,27.0,0.1,0.075,0.2,1.0,1183.0,0.0,0.0,0.15046491969568893
20.0,3.0,28.0,0.1,0.075,0.2,1.0,1173.0,0.0,0.0,0.15004262574595056
20.0,3.0,29.0,0.1,0.075,0.2,1.0,1143.0,0.0,0.0,0.15310586176727908
20.0,3.0,30.0,0.1,0.075,0.2,1.0,1145.0,0.0,0.0,0.15109170305676856
20.0,3.0,31.0,0.1,0.075,0.2,1.0,1142.0,0.0,0.0,0.15061295971978983
20.0,3.0,32.0,0.1,0.075,0.2,1.0,1125.0,0.0,0.0,0.1511111111111111
20.0,3.0,33.0,0.1,0.075,0.2,1.0,1093.0,0.0,0.0,0.1537053979871912
20.0,3.0,34.0,0.1,0.075,0.2,1.0,1032.0,0.0,0.0,0.1560077519379845
20.0,3.0,35.0,0.1,0.075,0.2,1.0,1039.0,0.0,0.0,0.15688161693936478
20.0,3.0,36.0,0.1,0.075,0.2,1.0,1023.0,0.0,0.0,0.15542521994134897
20.0,3.0,37.0,0.1,0.075,0.2,1.0,1012.0,0.0,0.0,0.15810276679841898
20.0,3.0,38.0,0.1,0.075,0.2,1.0,997.0,0.0,0.0,0.15446339017051153
20.0,3.0,39.0,0.1,0.075,0.2,1.0,987.0,0.0,0.0,0.160081053698075
20.0,3.0,40.0,0.1,0.075,0.2,1.0,972.0,0.0,0.0,0.15534979423868311
20.0,3.0,41.0,0.1,0.075,0.2,1.0,960.0,0.0,0.0,0.15416666666666667
20.0,3.0,42.0,0.1,0.075,0.2,1.0,897.0,0.0,0.0,0.15607580824972128
20.0,3.0,43.0,0.1,0.075,0.2,1.0,885.0,0.0,0.0,0.15819209039548024
20.0,3.0,44.0,0.1,0.075,0.2,1.0,869.0,0.0,0.0,0.15995397008055237
20.0,3.0,45.0,0.1,0.075,0.2,1.0,842.0,0.0,0.0,0.22802850356294538
20.0,3.0,46.0,0.1,0.075,0.2,1.0,811.0,0.0,0.0,0.2318125770653514
20.0,3.0,47.0,0.1,0.075,0.2,1.0,797.0,0.0,0.0,0.23337515683814303
20.0,3.0,48.0,0.1,0.075,0.2,1.0,797.0,0.0,0.0,0.23212045169385195
20.0,3.0,49.0,0.1,0.075,0.2,1.0,775.0,0.0,0.0,0.2296774193548387
20.0,3.0,50.0,0.1,0.075,0.2,1.0,752.0,0.0,0.0,0.2327127659574468
20.0,3.0,51.0,0.1,0.075,0.2,1.0,748.0,0.0,0.0,0.23128342245989306
20.0,3.0,52.0,0.1,0.075,0.2,1.0,719.0,0.0,0.0,0.2364394993045897
20.0,4.0,1.0,0.1,0.075,0.2,1.0,710.0,0.0,0.0,0.23380281690140844
20.0,4.0,2.0,0.1,0.075,0.2,1.0,690.0,0.0,0.0,0.23333333333333334
20.0,4.0,3.0,0.1,0.075,0.2,1.0,690.0,0.0,0.0,0.23768115942028986
20.0,4.0,4.0,0.1,0.075,0.2,1.0,682.0,0.0,0.0,0.23460410557184752
20.0,4.0,5.0,0.1,0.075,0.2,1.0,686.0,0.0,0.0,0.23760932944606414
20.0,4.0,6.0,0.1,0.075,0.2,1.0,676.0,0.0,0.0,0.23372781065088757
20.0,4.0,7.0,0.1,0.075,0.2,1.0,668.0,0.0,0.0,0.23802395209580837
20.0,4.0,8.0,0.1,0.075,0.2,1.0,652.0,0.0,0.0,0.23466257668711657
20.0,4.0,9.0,0.1,0.075,0.2,1.0,657.0,0.0,0.0,0.2374429223744292
20.0,4.0,10.0,0.1,0.075,0.2,1.0,648.0,0.0,0.0,0.2330246913580247
20.0,4.0,11.0,0.1,0.075,0.2,1.0,643.0,0.0,0.0,0.23483670295489892
20.0,4.0,12.0,0.1,0.075,0.2,1.0,635.0,0.0,0.0,0.231496062992126
20.0,4.0,13.0,0.1,0.075,0.2,1.0,621.0,0.0,0.0,0.23671497584541062
20.0,4.0,14.0,0.1,0.075,0.2,1.0,615.0,0.0,0.0,0.23252032520325203
20.0,4.0,15.0,0.1,0.075,0.2,1.0,613.0,0.0,0.0,0.23491027732463296
20.0,4.0,16.0,0.1,0.075,0.2,1.0,607.0,0.0,0.0,0.23064250411861614
20.0,4.0,17.0,0.1,0.075,0.2,1.0,610.0,0.0,0.0,0.2360655737704918
20.0,4.0,18.0,0.1,0.075,0.2,1.0,605.0,0.0,0.0,0.23140495867768596
20.0,4.0,19.0,0.1,0.075,0.2,1.0,608.0,0.0,0.0,0.23519736842105263
20.0,4.0,20.0,0.1,0.075,0.2,1.0,1090.0,0.0,0.0,0.12752293577981652
20.0,4.0,21.0,0.1,0.075,0.2,1.0,1043.0,0.0,0.0,0.13135186960690318
20.0,4.0,22.0,0.1,0.075,0.2,1.0,1021.0,0.0,0.0,0.12928501469147893
20.0,4.0,23.0,0.1,0.075,0.2,1.0,1017.0,0.0,0.0,0.13274336283185842
20.0,4.0,24.0,0.1,0.075,0.2,1.0,959.0,0.0,0.0,0.12825860271115747
20.0,4.0,25.0,0.1,0.075,0.2,1.0,932.0,0.0,0.0,0.13412017167381973
20.0,4.0,26.0,0.1,0.075,0.2,1.0,929.0,0.0,0.0,0.1302475780409042
20.0,4.0,27.0,0.1,0.075,0.2,1.0,919.0,0.0,0.0,0.13275299238302501
20.0,4.0,28.0,0.1,0.075,0.2,1.0,908.0,0.0,0.0,0.1299559471365639
20.0,4.0,29.0,0.1,0.075,0.2,1.0,917.0,0.0,0.0,0.1341330425299891
20.0,4.0,30.0,0.1,0.075,0.2,1.0,888.0,0.0,0.0,0.13175675675675674
20.0,4.0,31.0,0.1,0.075,0.2,1.0,883.0,0.0,0.0,0.13590033975084936
20.0,4.0,32.0,0.1,0.075,0.2,1.0,839.0,0.0,0.0,0.13230035756853398
20.0,4.0,33.0,0.1,0.075,0.2,1.0,841.0,0.0,0.0,0.13436385255648037
20.0,4.0,34.0,0.1,0.075,0.2,1.0,810.0,0.0,0.0,0.13209876543209875
20.0,4.0,35.0,0.1,0.075,0.2,1.0,805.0,0.0,0.0,0.1341614906832298
20.0,4.0,36.0,0.1,0.075,0.2,1.0,781.0,0.0,0.0,0.1357234314980794
20.0,4.0,37.0,0.1,0.075,0.2,1.0,777.0,0.0,0.0,0.1377091377091377
20.0,4.0,38.0,0.1,0.075,0.2,1.0,747.0,0.0,0.0,0.1392235609103079
20.0,4.0,39.0,0.1,0.075,0.2,1.0,750.0,0.0,0.0,0.14
20.0,4.0,40.0,0.1,0.075,0.2,1.0,726.0,0.0,0.0,0.14049586776859505
20.0,4.0,41.0,0.1,0.075,0.2,1.0,738.0,0.0,0.0,0.14092140921409213
20.0,4.0,42.0,0.1,0.075,0.2,1.0,716.0,0.0,0.0,0.14106145251396648
20.0,4.0,43.0,0.1,0.075,0.2,1.0,718.0,0.0,0.0,0.1392757660167131
20.0,4.0,44.0,0.1,0.075,0.2,1.0,691.0,0.0,0.0,0.13748191027496381
20.0,4.0,45.0,0.1,0.075,0.2,1.0,693.0,0.0,0.0,0.2077922077922078
20.0,4.0,46.0,0.1,0.075,0.2,1.0,687.0,0.0,0.0,0.2066957787481805
20.0,4.0,47.0,0.1,0.075,0.2,1.0,686.0,0.0,0.0,0.20699708454810495
20.0,4.0,48.0,0.1,0.075,0.2,1.0,679.0,0.0,0.0,0.203240058910162
20.0,4.0,49.0,0.1,0.075,0.2,1.0,680.0,0.0,0.0,0.20588235294117646
20.0,4.0,50.0,0.1,0.075,0.2,1.0,675.0,0.0,0.0,0.2
20.0,4.0,51.0,0.1,0.075,0.2,1.0,670.0,0.0,0.0,0.2044776119402985
20.0,4.0,52.0,0.1,0.075,0.2,1.0,673.0,0.0,0.0,0.19910846953937592
20.0,5.0,1.0,0.1,0.075,0.2,1.0,660.0,0.0,0.0,0.20606060606060606
20.0,5.0,2.0,0.1,0.075,0.2,1.0,657.0,0.0,0.0,0.2024353120243531
20.0,5.0,3.0,0.1,0.075,0.2,1.0,656.0,0.0,0.0,0.20579268292682926
20.0,5.0,4.0,0.1,0.075,0.2,1.0,654.0,0.0,0.0,0.20030581039755352
20.0,5.0,5.0,0.1,0.075,0.2,1.0,653.0,0.0,0.0,0.20520673813169985
20.0,5.0,6.0,0.1,0.075,0.2,1.0,649.0,0.0,0.0,0.20184899845916796
20.0,5.0,7.0,0.1,0.075,0.2,1.0,649.0,0.0,0.0,0.2049306625577812
20.0,5.0,8.0,0.1,0.075,0.2,1.0,645.0,0.0,0.0,0.20155038759689922
20.0,5.0,9.0,0.1,0.075,0.2,1.0,641.0,0.0,0.0,0.20436817472698907
20.0,5.0,10.0,0.1,0.075,0.2,1.0,639.0,0.0,0.0,0.20187793427230047
20.0,5.0,11.0,0.1,0.075,0.2,1.0,639.0,0.0,0.0,0.20500782472613457
20.0,5.0,12.0,0.1,0.075,0.2,1.0,637.0,0.0,0.0,0.20251177394034536
20.0,5.0,13.0,0.1,0.075,0.2,1.0,635.0,0.0,0.0,0.2062992125984252
20.0,5.0,14.0,0.1,0.075,0.2,1.0,632.0,0.0,0.0,0.20253164556962025
20.0,5.0,15.0,0.1,0.075,0.2,1.0,630.0,0.0,0.0,0.20634920634920634
20.0,5.0,16.0,0.1,0.075,0.2,1.0,632.0,0.0,0.0,0.20253164556962025
20.0,5.0,17.0,0.1,0.075,0.2,1.0,630.0,0.0,0.0,0.20634920634920634
20.0,5.0,18.0,0.1,0.075,0.2,1.0,624.0,0.0,0.0,0.20352564102564102
20.0,5.0,19.0,0.1,0.075,0.2,1.0,624.0,0.0,0.0,0.20512820512820512
20.0,5.0,20.0,0.1,0.075,0.2,1.0,1095.0,0.0,0.0,0.11232876712328767
20.0,5.0,21.0,0.1,0.075,0.2,1.0,1069.0,0.0,0.0,0.11693171188026193
20.0,5.0,22.0,0.1,0.075,0.2,1.0,1058.0,0.0,0.0,0.11247637051039698
20.0,5.0,23.0,0.1,0.075,0.2,1.0,1016.0,0.0,0.0,0.11614173228346457
20.0,5.0,24.0,0.1,0.075,0.2,1.0,977.0,0.0,0.0,0.11566018423746162
20.0,5.0,25.0,0.1,0.075,0.2,1.0,990.0,0.0,0.0,0.11414141414141414
20.0,5.0,26.0,0.1,0.075,0.2,1.0,972.0,0.0,0.0,0.11316872427983539
20.0,5.0,27.0,0.1,0.075,0.2,1.0,953.0,0.0,0.0,0.11437565582371459
20.0,5.0,28.0,0.1,0.075,0.2,1.0,925.0,0.0,0.0,0.11567567567567567
20.0,5.0,29.0,0.1,0.075,0.2,1.0,893.0,0.0,0.0,0.11758118701007839
20.0,5.0,30.0,0.1,0.075,0.2,1.0,865.0,0.0,0.0,0.12369942196531791
20.0,5.0,31.0,0.1,0.075,0.2,1.0,848.0,0.0,0.0,0.12617924528301888
20.0,5.0,32.0,0.1,0.075,0.2,1.0,832.0,0.0,0.0,0.12620192307692307
20.0,5.0,33.0,0.1,0.075,0.2,1.0,837.0,0.0,0.0,0.12544802867383512
20.0,5.0,34.0,0.1,0.075,0.2,1.0,820.0,0.0,0.0,0.12682926829268293
20.0,5.0,35.0,0.1,0.075,0.2,1.0,792.0,0.0,0.0,0.12878787878787878
20.0,5.0,36.0,0.1,0.075,0.2,1.0,779.0,0.0,0.0,0.13093709884467267
20.0,5.0,37.0,0.1,0.075,0.2,1.0,770.0,0.0,0.0,0.12987012987012986
20.0,5.0,38.0,0.1,0.075,0.2,1.0,734.0,0.0,0.0,0.1307901907356948
20.0,5.0,39.0,0.1,0.075,0.2,1.0,736.0,0.0,0.0,0.12907608695652173
20.0,5.0,40.0,0.1,0.075,0.2,1.0,718.0,0.0,0.0,0.13509749303621169
20.0,5.0,41.0,0.1,0.075,0.2,1.0,714.0,0.0,0.0,0.13025210084033614
20.0,5.0,42.0,0.1,0.075,0.2,1.0,706.0,0.0,0.0,0.13456090651558072
20.0,5.0,43.0,0.1,0.075,0.2,1.0,701.0,0.0,0.0,0.1326676176890157
20.0,5.0,44.0,0.1,0.075,0.2,1.0,674.0,0.0,0.0,0.13649851632047477
20.0,5.0,45.0,0.1,0.075,0.2,1.0,654.0,0.0,0.0,0.21100917431192662
20.0,5.0,46.0,0.1,0.075,0.2,1.0,647.0,0.0,0.0,0.21020092735703247
20.0,5.0,47.0,0.1,0.075,0.2,1.0,631.0,0.0,0.0,0.20602218700475436
20.0,5.0,48.0,0.1,0.075,0.2,1.0,640.0,0.0,0.0,0.2046875
20.0,5.0,49.0,0.1,0.075,0.2,1.0,623.0,0.0,0.0,0.20706260032102727
20.0,5.0,50.0,0.1,0.075,0.2,1.0,630.0,0.0,0.0,0.20476190476190476
20.0,5.0,51.0,0.1,0.075,0.2,1.0,614.0,0.0,0.0,0.20846905537459284
20.0,5.0,52.0,0.1,0.075,0.2,1.0,618.0,0.0,0.0,0.2087378640776699
20.0,6.0,1.0,0.1,0.075,0.2,1.0,603.0,0.0,0.0,0.208955223880597
20.0,6.0,2.0,0.1,0.075,0.2,1.0,608.0,0.0,0.0,0.20559210526315788
20.0,6.0,3.0,0.1,0.075,0.2,1.0,594.0,0.0,0.0,0.20875420875420875
20.0,6.0,4.0,0.1,0.075,0.2,1.0,583.0,0.0,0.0,0.21269296740994853
20.0,6.0,5.0,0.1,0.075,0.2,1.0,588.0,0.0,0.0,0.20748299319727892
20.0,6.0,6.0,0.1,0.075,0.2,1.0,582.0,0.0,0.0,0.211340206185567
20.0,6.0,7.0,0.1,0.075,0.2,1.0,583.0,0.0,0.0,0.2109777015437393
20.0,6.0,8.0,0.1,0.075,0.2,1.0,576.0,0.0,0.0,0.21006944444444445
20.0,6.0,9.0,0.1,0.075,0.2,1.0,574.0,0.0,0.0,0.20905923344947736
20.0,6.0,10.0,0.1,0.075,0.2,1.0,571.0,0.0,0.0,0.20490367775831875
20.0,6.0,11.0,0.1,0.075,0.2,1.0,570.0,0.0,0.0,0.20175438596491227
20.0,6.0,12.0,0.1,0.075,0.2,1.0,566.0,0.0,0.0,0.2049469964664311
20.0,6.0,13.0,0.1,0.075,0.2,1.0,564.0,0.0,0.0,0.20390070921985815
20.0,6.0,14.0,0.1,0.075,0.2,1.0,560.0,0.0,0.0,0.20357142857142857
20.0,6.0,15.0,0.1,0.075,0.2,1.0,561.0,0.0,0.0,0.20677361853832443
20.0,6.0,16.0,0.1,0.075,0.2,1.0,558.0,0.0,0.0,0.20430107526881722
20.0,6.0,17.0,0.1,0.075,0.2,1.0,561.0,0.0,0.0,0.20677361853832443
20.0,6.0,18.0,0.1,0.075,0.2,1.0,557.0,0.0,0.0,0.20107719928186715
20.0,6.0,19.0,0.1,0.075,0.2,1.0,555.0,0.0,0.0,0.2018018018018018
20.0,6.0,20.0,0.1,0.075,0.2,1.0,1008.0,0.0,0.0,0.10912698412698413
20.0,6.0,21.0,0.1,0.075,0.2,1.0,976.0,0.0,0.0,0.11168032786885246
20.0,6.0,22.0,0.1,0.075,0.2,1.0,949.0,0.0,0.0,0.1095890410958904
20.0,6.0,23.0,0.1,0.075,0.2,1.0,931.0,0.0,0.0,0.11278195488721804
20.0,6.0,24.0,0.1,0.075,0.2,1.0,886.0,0.0,0.0,0.11738148984198646
20.0,6.0,25.0,0.1,0.075,0.2,1.0,855.0,0.0,0.0,0.11461988304093568
20.0,6.0,26.0,0.1,0.075,0.2,1.0,840.0,0.0,0.0,0.11666666666666667
20.0,6.0,27.0,0.1,0.075,0.2,1.0,833.0,0.0,0.0,0.11404561824729892
20.0,6.0,28.0,0.1,0.075,0.2,1.0,812.0,0.0,0.0,0.11945812807881774
20.0,6.0,29.0,0.1,0.075,0.2,1.0,803.0,0.0,0.0,0.11581569115815692
20.0,6.0,30.0,0.1,0.075,0.2,1.0,795.0,0.0,0.0,0.11823899371069183
20.0,6.0,31.0,0.1,0.075,0.2,1.0,785.0,0.0,0.0,0.11337579617834395
20.0,6.0,32.0,0.1,0.075,0.2,1.0,742.0,0.0,0.0,0.11725067385444744
20.0,6.0,33.0,0.1,0.075,0.2,1.0,711.0,0.0,0.0,0.11673699015471167
20.0,6.0,34.0,0.1,0.075,0.2,1.0,688.0,0.0,0.0,0.12063953488372094
20.0,6.0,35.0,0.1,0.075,0.2,1.0,677.0,0.0,0.0,0.11816838995568685
20.0,6.0,36.0,0.1,0.075,0.2,1.0,645.0,0.0,0.0,0.12403100775193798
20.0,6.0,37.0,0.1,0.075,0.2,1.0,638.0,0.0,0.0,0.1206896551724138
20.0,6.0,38.0,0.1,0.075,0.2,1.0,643.0,0.0,0.0,0.12286158631415241
20.0,6.0,39.0,0.1,0.075,0.2,1.0,630.0,0.0,0.0,0.11904761904761904
20.0,6.0,40.0,0.1,0.075,0.2,1.0,631.0,0.0,0.0,0.12202852614896989
20.0,6.0,41.0,0.1,0.075,0.2,1.0,611.0,0.0,0.0,0.11947626841243862
20.0,6.0,42.0,0.1,0.075,0.2,1.0,618.0,0.0,0.0,0.11974110032362459
20.0,6.0,43.0,0.1,0.075,0.2,1.0,597.0,0.0,0.0,0.12060301507537688
20.0,6.0,44.0,0.1,0.075,0.2,1.0,596.0,0.0,0.0,0.12248322147651007
20.0,6.0,45.0,0.1,0.075,0.2,1.0,596.0,0.0,0.0,0.16610738255033558
20.0,6.0,46.0,0.1,0.075,0.2,1.0,595.0,0.0,0.0,0.173109243697479
20.0,6.0,47.0,0.1,0.075,0.2,1.0,580.0,0.0,0.0,0.16379310344827586
20.0,6.0,48.0,0.1,0.075,0.2,1.0,566.0,0.0,0.0,0.17491166077738515
20.0,6.0,49.0,0.1,0.075,0.2,1.0,564.0,0.0,0.0,0.16489361702127658
20.0,6.0,50.0,0.1,0.075,0.2,1.0,564.0,0.0,0.0,0.17198581560283688
20.0,6.0,51.0,0.1,0.075,0.2,1.0,546.0,0.0,0.0,0.1684981684981685
20.0,6.0,52.0,0.1,0.075,0.2,1.0,547.0,0.0,0.0,0.1773308957952468
20.0,7.0,1.0,0.1,0.075,0.2,1.0,540.0,0.0,0.0,0.1685185185185185
20.0,7.0,2.0,0.1,0.075,0.2,1.0,542.0,0.0,0.0,0.17896678966789667
20.0,7.0,3.0,0.1,0.075,0.2,1.0,541.0,0.0,0.0,0.16635859519408502
20.0,7.0,4.0,0.1,0.075,0.2,1.0,537.0,0.0,0.0,0.18063314711359404
20.0,7.0,5.0,0.1,0.075,0.2,1.0,541.0,0.0,0.0,0.16820702402957485
20.0,7.0,6.0,0.1,0.075,0.2,1.0,527.0,0.0,0.0,0.18026565464895636
20.0,7.0,7.0,0.1,0.075,0.2,1.0,524.0,0.0,0.0,0.1736641221374046
20.0,7.0,8.0,0.1,0.075,0.2,1.0,520.0,0.0,0.0,0.18269230769230768
20.0,7.0,9.0,0.1,0.075,0.2,1.0,519.0,0.0,0.0,0.17533718689788053
20.0,7.0,10.0,0.1,0.075,0.2,1.0,519.0,0.0,0.0,0.18497109826589594
20.0,7.0,11.0,0.1,0.075,0.2,1.0,518.0,0.0,0.0,0.17567567567567569
20.0,7.0,12.0,0.1,0.075,0.2,1.0,515.0,0.0,0.0,0.18640776699029127
20.0,7.0,13.0,0.1,0.075,0.2,1.0,514.0,0.0,0.0,0.17509727626459143
20.0,7.0,14.0,0.1,0.075,0.2,1.0,512.0,0.0,0.0,0.1875
20.0,7.0,15.0,0.1,0.075,0.2,1.0,514.0,0.0,0.0,0.17509727626459143
20.0,7.0,16.0,0.1,0.075,0.2,1.0,507.0,0.0,0.0,0.1873767258382643
20.0,7.0,17.0,0.1,0.075,0.2,1.0,514.0,0.0,0.0,0.17509727626459143
20.0,7.0,18.0,0.1,0.075,0.2,1.0,507.0,0.0,0.0,0.1854043392504931
20.0,7.0,19.0,0.1,0.075,0.2,1.0,512.0,0.0,0.0,0.17578125
20.0,7.0,20.0,0.1,0.075,0.2,1.0,875.0,0.0,0.0,0.10742857142857143
20.0,7.0,21.0,0.1,0.075,0.2,1.0,877.0,0.0,0.0,0.10262257696693272
20.0,7.0,22.0,0.1,0.075,0.2,1.0,870.0,0.0,0.0,0.10804597701149425
20.0,7.0,23.0,0.1,0.075,0.2,1.0,846.0,0.0,0.0,0.10401891252955082
20.0,7.0,24.0,0.1,0.075,0.2,1.0,832.0,0.0,0.0,0.10817307692307693
20.0,7.0,25.0,0.1,0.075,0.2,1.0,817.0,0.0,0.0,0.10771113831089352
20.0,7.0,26.0,0.1,0.075,0.2,1.0,814.0,0.0,0.0,0.10687960687960688
20.0,7.0,27.0,0.1,0.075,0.2,1.0,811.0,0.0,0.0,0.10357583230579531
20.0,7.0,28.0,0.1,0.075,0.2,1.0,775.0,0.0,0.0,0.10967741935483871
20.0,7.0,29.0,0.1,0.075,0.2,1.0,773.0,0.0,0.0,0.1073738680465718
20.0,7.0,30.0,0.1,0.075,0.2,1.0,764.0,0.0,0.0,0.11125654450261781
20.0,7.0,31.0,0.1,0.075,0.2,1.0,757.0,0.0,0.0,0.10700132100396301
20.0,7.0,32.0,0.1,0.075,0.2,1.0,764.0,0.0,0.0,0.11125654450261781
20.0,7.0,33.0,0.1,0.075,0.2,1.0,733.0,0.0,0.0,0.10641200545702592
20.0,7.0,34.0,0.1,0.075,0.2,1.0,691.0,0.0,0.0,0.11287988422575977
20.0,7.0,35.0,0.1,0.075,0.2,1.0,678.0,0.0,0.0,0.10619469026548672
20.0,7.0,36.0,0.1,0.075,0.2,1.0,680.0,0.0,0.0,0.11176470588235295
20.0,7.0,37.0,0.1,0.075,0.2,1.0,664.0,0.0,0.0,0.10843373493975904
20.0,7.0,38.0,0.1,0.075,0.2,1.0,666.0,0.0,0.0,0.11411411411411411
20.0,7.0,39.0,0.1,0.075,0.2,1.0,661.0,0.0,0.0,0.10892586989409984
20.0,7.0,40.0,0.1,0.075,0.2,1.0,661.0,0.0,0.0,0.11346444780635401
20.0,7.0,41.0,0.1,0.075,0.2,1.0,657.0,0.0,0.0,0.1080669710806697
20.0,7.0,42.0,0.1,0.075,0.2,1.0,665.0,0.0,0.0,0.11428571428571428
20.0,7.0,43.0,0.1,0.075,0.2,1.0,652.0,0.0,0.0,0.10889570552147239
20.0,7.0,44.0,0.1,0.075,0.2,1.0,663.0,0.0,0.0,0.11463046757164404
20.0,7.0,45.0,0.1,0.075,0.2,1.0,653.0,0.0,0.0,0.1776416539050536
20.0,7.0,46.0,0.1,0.075,0.2,1.0,666.0,0.0,0.0,0.17717717717717718
20.0,7.0,47.0,0.1,0.075,0.2,1.0,651.0,0.0,0.0,0.1781874039938556
20.0,7.0,48.0,0.1,0.075,0.2,1.0,660.0,0.0,0.0,0.1787878787878788
20.0,7.0,49.0,0.1,0.075,0.2,1.0,656.0,0.0,0.0,0.17682926829268292
20.0,7.0,50.0,0.1,0.075,0.2,1.0,660.0,0.0,0.0,0.1803030303030303
20.0,7.0,51.0,0.1,0.075,0.2,1.0,645.0,0.0,0.0,0.17674418604651163
20.0,7.0,52.0,0.1,0.075,0.2,1.0,653.0,0.0,0.0,0.1807044410413476
20.0,8.0,1.0,0.1,0.075,0.2,1.0,632.0,0.0,0.0,0.18037974683544303
20.0,8.0,2.0,0.1,0.075,0.2,1.0,628.0,0.0,0.0,0.18949044585987262
20.0,8.0,3.0,0.1,0.075,0.2,1.0,617.0,0.0,0.0,0.18638573743922204
20.0,8.0,4.0,0.1,0.075,0.2,1.0,619.0,0.0,0.0,0.1890145395799677
20.0,8.0,5.0,0.1,0.075,0.2,1.0,611.0,0.0,0.0,0.18494271685761046
20.0,8.0,6.0,0.1,0.075,0.2,1.0,618.0,0.0,0.0,0.18608414239482202
20.0,8.0,7.0,0.1,0.075,0.2,1.0,596.0,0.0,0.0,0.18624161073825504
20.0,8.0,8.0,0.1,0.075,0.2,1.0,604.0,0.0,0.0,0.18874172185430463
20.0,8.0,9.0,0.1,0.075,0.2,1.0,590.0,0.0,0.0,0.1864406779661017
20.0,8.0,10.0,0.1,0.075,0.2,1.0,603.0,0.0,0.0,0.18739635157545606
20.0,8.0,11.0,0.1,0.075,0.2,1.0,589.0,0.0,0.0,0.1867572156196944
20.0,8.0,12.0,0.1,0.075,0.2,1.0,586.0,0.0,0.0,0.189419795221843
20.0,8.0,13.0,0.1,0.075,0.2,1.0,575.0,0.0,0.0,0.18782608695652173
20.0,8.0,14.0,0.1,0.075,0.2,1.0,586.0,0.0,0.0,0.189419795221843
20.0,8.0,15.0,0.1,0.075,0.2,1.0,574.0,0.0,0.0,0.18989547038327526
20.0,8.0,16.0,0.1,0.075,0.2,1.0,589.0,0.0,0.0,0.19015280135823429
20.0,8.0,17.0,0.1,0.075,0.2,1.0,574.0,0.0,0.0,0.18989547038327526
20.0,8.0,18.0,0.1,0.075,0.2,1.0,586.0,0.0,0.0,0.19112627986348124
20.0,8.0,19.0,0.1,0.075,0.2,1.0,579.0,0.0,0.0,0.18825561312607944
20.0,8.0,20.0,0.1,0.075,0.2,1.0,1058.0,0.0,0.0,0.10586011342155009
20.0,8.0,21.0,0.1,0.075,0.2,1.0,1025.0,0.0,0.0,0.10341463414634146
20.0,8.0,22.0,0.1,0.075,0.2,1.0,1017.0,0.0,0.0,0.10619469026548672
20.0,8.0,23.0,0.1,0.075,0.2,1.0,962.0,0.0,0.0,0.10706860706860707
20.0,8.0,24.0,0.1,0.075,0.2,1.0,948.0,0.0,0.0,0.11075949367088607
20.0,8.0,25.0,0.1,0.075,0.2,1.0,932.0,0.0,0.0,0.10944206008583691
20.0,8.0,26.0,0.1,0.075,0.2,1.0,924.0,0.0,0.0,0.11255411255411256
20.0,8.0,27.0,0.1,0.075,0.2,1.0,908.0,0.0,0.0,0.11013215859030837
20.0,8.0,28.0,0.1,0.075,0.2,1.0,896.0,0.0,0.0,0.11495535714285714
20.0,8.0,29.0,0.1,0.075,0.2,1.0,873.0,0.0,0.0,0.10996563573883161
20.0,8.0,30.0,0.1,0.075,0.2,1.0,888.0,0.0,0.0,0.11486486486486487
20.0,8.0,31.0,0.1,0.075,0.2,1.0,874.0,0.0,0.0,0.10869565217391304
20.0,8.0,32.0,0.1,0.075,0.2,1.0,888.0,0.0,0.0,0.11486486486486487
20.0,8.0,33.0,0.1,0.075,0.2,1.0,858.0,0.0,0.0,0.10722610722610723
20.0,8.0,34.0,0.1,0.075,0.2,1.0,880.0,0.0,0.0,0.11363636363636363
20.0,8.0,35.0,0.1,0.075,0.2,1.0,855.0,0.0,0.0,0.10760233918128655
20.0,8.0,36.0,0.1,0.075,0.2,1.0,866.0,0.0,0.0,0.11547344110854503
20.0,8.0,37.0,0.1,0.075,0.2,1.0,847.0,0.0,0.0,0.10861865407319952
20.0,8.0,38.0,0.1,0.075,0.2,1.0,812.0,0.0,0.0,0.11945812807881774
20.0,8.0,39.0,0.1,0.075,0.2,1.0,802.0,0.0,0.0,0.11221945137157108
20.0,8.0,40.0,0.1,0.075,0.2,1.0,812.0,0.0,0.0,0.1206896551724138
20.0,8.0,41.0,0.1,0.075,0.2,1.0,778.0,0.0,0.0,0.11182519280205655
20.0,8.0,42.0,0.1,0.075,0.2,1.0,786.0,0.0,0.0,0.11959287531806616
20.0,8.0,43.0,0.1,0.075,0.2,1.0,764.0,0.0,0.0,0.11387434554973822
20.0,8.0,44.0,0.1,0.075,0.2,1.0,759.0,0.0,0.0,0.1225296442687747
20.0,8.0,45.0,0.1,0.075,0.2,1.0,742.0,0.0,0.0,0.19946091644204852
20.0,8.0,46.0,0.1,0.075,0.2,1.0,722.0,0.0,0.0,0.20914127423822715
20.0,8.0,47.0,0.1,0.075,0.2,1.0,720.0,0.0,0.0,0.20416666666666666
20.0,8.0,48.0,0.1,0.075,0.2,1.0,719.0,0.0,0.0,0.21001390820584145
20.0,8.0,49.0,0.1,0.075,0.2,1.0,705.0,0.0,0.0,0.20567375886524822
20.0,8.0,50.0,0.1,0.075,0.2,1.0,707.0,0.0,0.0,0.21216407355021216
20.0,8.0,51.0,0.1,0.075,0.2,1.0,703.0,0.0,0.0,0.20625889046941678
20.0,8.0,52.0,0.1,0.075,0.2,1.0,703.0,0.0,0.0,0.21337126600284495
20.0,9.0,1.0,0.1,0.075,0.2,1.0,700.0,0.0,0.0,0.20714285714285716
20.0,9.0,2.0,0.1,0.075,0.2,1.0,702.0,0.0,0.0,0.21225071225071226
20.0,9.0,3.0,0.1,0.075,0.2,1.0,695.0,0.0,0.0,0.20719424460431654
20.0,9.0,4.0,0.1,0.075,0.2,1.0,699.0,0.0,0.0,0.21602288984263232
20.0,9.0,5.0,0.1,0.075,0.2,1.0,694.0,0.0,0.0,0.207492795389049
20.0,9.0,6.0,0.1,0.075,0.2,1.0,694.0,0.0,0.0,0.21613832853025935
20.0,9.0,7.0,0.1,0.075,0.2,1.0,690.0,0.0,0.0,0.20579710144927535
20.0,9.0,8.0,0.1,0.075,0.2,1.0,677.0,0.0,0.0,0.22156573116691286
20.0,9.0,9.0,0.1,0.075,0.2,1.0,670.0,0.0,0.0,0.21492537313432836
20.0,9.0,10.0,0.1,0.075,0.2,1.0,674.0,0.0,0.0,0.22106824925816024
20.0,9.0,11.0,0.1,0.075,0.2,1.0,669.0,0.0,0.0,0.21524663677130046
20.0,9.0,12.0,0.1,0.075,0.2,1.0,673.0,0.0,0.0,0.22288261515601784
20.0,9.0,13.0,0.1,0.075,0.2,1.0,666.0,0.0,0.0,0.2147147147147147
20.0,9.0,14.0,0.1,0.075,0.2,1.0,673.0,0.0,0.0,0.22288261515601784
20.0,9.0,15.0,0.1,0.075,0.2,1.0,665.0,0.0,0.0,0.21353383458646616
20.0,9.0,16.0,0.1,0.075,0.2,1.0,660.0,0.0,0.0,0.22272727272727272
20.0,9.0,17.0,0.1,0.075,0.2,1.0,649.0,0.0,0.0,0.21263482280431434
20.0,9.0,18.0,0.1,0.075,0.2,1.0,646.0,0.0,0.0,0.22445820433436534
20.0,9.0,19.0,0.1,0.075,0.2,1.0,636.0,0.0,0.0,0.21540880503144655
20.0,9.0,20.0,0.1,0.075,0.2,1.0,1085.0,0.0,0.0,0.12350230414746544
20.0,9.0,21.0,0.1,0.075,0.2,1.0,1064.0,0.0,0.0,0.12030075187969924
20.0,9.0,22.0,0.1,0.075,0.2,1.0,995.0,0.0,0.0,0.12864321608040202
20.0,9.0,23.0,0.1,0.075,0.2,1.0,987.0,0.0,0.0,0.12462006079027356
20.0,9.0,24.0,0.1,0.075,0.2,1.0,965.0,0.0,0.0,0.1305699481865285
20.0,9.0,25.0,0.1,0.075,0.2,1.0,974.0,0.0,0.0,0.1273100616016427
20.0,9.0,26.0,0.1,0.075,0.2,1.0,943.0,0.0,0.0,0.13043478260869565
20.0,9.0,27.0,0.1,0.075,0.2,1.0,946.0,0.0,0.0,0.13002114164904863
20.0,9.0,28.0,0.1,0.075,0.2,1.0,936.0,0.0,0.0,0.13034188034188035
20.0,9.0,29.0,0.1,0.075,0.2,1.0,947.0,0.0,0.0,0.12988384371700107
20.0,9.0,30.0,0.1,0.075,0.2,1.0,943.0,0.0,0.0,0.12937433722163308
20.0,9.0,31.0,0.1,0.075,0.2,1.0,929.0,0.0,0.0,0.12917115177610333
20.0,9.0,32.0,0.1,0.075,0.2,1.0,906.0,0.0,0.0,0.1291390728476821
20.0,9.0,33.0,0.1,0.075,0.2,1.0,902.0,0.0,0.0,0.12971175166297116
20.0,9.0,34.0,0.1,0.075,0.2,1.0,888.0,0.0,0.0,0.12950450450450451
20.0,9.0,35.0,0.1,0.075,0.2,1.0,874.0,0.0,0.0,0.12929061784897025
20.0,9.0,36.0,0.1,0.075,0.2,1.0,872.0,0.0,0.0,0.12844036697247707
20.0,9.0,37.0,0.1,0.075,0.2,1.0,858.0,0.0,0.0,0.12937062937062938
20.0,9.0,38.0,0.1,0.075,0.2,1.0,814.0,0.0,0.0,0.13267813267813267
20.0,9.0,39.0,0.1,0.075,0.2,1.0,805.0,0.0,0.0,0.13291925465838508
20.0,9.0,40.0,0.1,0.075,0.2,1.0,779.0,0.0,0.0,0.13478818998716302
20.0,9.0,41.0,0.1,0.075,0.2,1.0,759.0,0.0,0.0,0.13306982872200263
20.0,9.0,42.0,0.1,0.075,0.2,1.0,753.0,0.0,0.0,0.13545816733067728
20.0,9.0,43.0,0.1,0.075,0.2,1.0,751.0,0.0,0.0,0.13315579227696406
20.0,9.0,44.0,0.1,0.075,0.2,1.0,753.0,0.0,0.0,0.13545816733067728
20.0,9.0,45.0,0.1,0.075,0.2,1.0,724.0,0.0,0.0,0.2058011049723757
20.0,9.0,46.0,0.1,0.075,0.2,1.0,699.0,0.0,0.0,0.2117310443490701
20.0,9.0,47.0,0.1,0.075,0.2,1.0,683.0,0.0,0.0,0.20497803806734993
20.0,9.0,48.0,0.1,0.075,0.2,1.0,687.0,0.0,0.0,0.21106259097525473
20.0,9.0,49.0,0.1,0.075,0.2,1.0,651.0,0.0,0.0,0.2119815668202765
20.0,9.0,50.0,0.1,0.075,0.2,1.0,650.0,0.0,0.0,0.2153846153846154
20.0,9.0,51.0,0.1,0.075,0.2,1.0,651.0,0.0,0.0,0.2119815668202765
20.0,9.0,52.0,0.1,0.075,0.2,1.0,651.0,0.0,0.0,0.21505376344086022
20.0,10.0,1.0,0.1,0.075,0.2,1.0,655.0,0.0,0.0,0.21374045801526717
20.0,10.0,2.0,0.1,0.075,0.2,1.0,650.0,0.0,0.0,0.2123076923076923
20.0,10.0,3.0,0.1,0.075,0.2,1.0,649.0,0.0,0.0,0.21417565485362094
20.0,10.0,4.0,0.1,0.075,0.2,1.0,629.0,0.0,0.0,0.21303656597774245
20.0,10.0,5.0,0.1,0.075,0.2,1.0,632.0,0.0,0.0,0.2120253164556962
20.0,10.0,6.0,0.1,0.075,0.2,1.0,627.0,0.0,0.0,0.21371610845295055
20.0,10.0,7.0,0.1,0.075,0.2,1.0,631.0,0.0,0.0,0.21394611727416799
20.0,10.0,8.0,0.1,0.075,0.2,1.0,622.0,0.0,0.0,0.21221864951768488
20.0,10.0,9.0,0.1,0.075,0.2,1.0,627.0,0.0,0.0,0.215311004784689
20.0,10.0,10.0,0.1,0.075,0.2,1.0,622.0,0.0,0.0,0.21382636655948553
20.0,10.0,11.0,0.1,0.075,0.2,1.0,624.0,0.0,0.0,0.21794871794871795
20.0,10.0,12.0,0.1,0.075,0.2,1.0,619.0,0.0,0.0,0.21324717285945072
20.0,10.0,13.0,0.1,0.075,0.2,1.0,618.0,0.0,0.0,0.22006472491909385
20.0,10.0,14.0,0.1,0.075,0.2,1.0,617.0,0.0,0.0,0.21231766612641814
20.0,10.0,15.0,0.1,0.075,0.2,1.0,616.0,0.0,0.0,0.22077922077922077
20.0,10.0,16.0,0.1,0.075,0.2,1.0,618.0,0.0,0.0,0.215210355987055
20.0,10.0,17.0,0.1,0.075,0.2,1.0,614.0,0.0,0.0,0.21986970684039087
20.0,10.0,18.0,0.1,0.075,0.2,1.0,613.0,0.0,0.0,0.2137030995106036
20.0,10.0,19.0,0.1,0.075,0.2,1.0,613.0,0.0,0.0,0.22022838499184338
20.0,10.0,20.0,0.1,0.075,0.2,1.0,1031.0,0.0,0.0,0.11542192046556742
20.0,10.0,21.0,0.1,0.075,0.2,1.0,979.0,0.0,0.0,0.11746680286006128
20.0,10.0,22.0,0.1,0.075,0.2,1.0,966.0,0.0,0.0,0.11387163561076605
20.0,10.0,23.0,0.1,0.075,0.2,1.0,965.0,0.0,0.0,0.11917098445595854
20.0,10.0,24.0,0.1,0.075,0.2,1.0,932.0,0.0,0.0,0.11587982832618025
20.0,10.0,25.0,0.1,0.075,0.2,1.0,930.0,0.0,0.0,0.11935483870967742
20.0,10.0,26.0,0.1,0.075,0.2,1.0,866.0,0.0,0.0,0.11778290993071594
20.0,10.0,27.0,0.1,0.075,0.2,1.0,877.0,0.0,0.0,0.12086659064994298
20.0,10.0,28.0,0.1,0.075,0.2,1.0,846.0,0.0,0.0,0.11702127659574468
20.0,10.0,29.0,0.1,0.075,0.2,1.0,852.0,0.0,0.0,0.12089201877934272
20.0,10.0,30.0,0.1,0.075,0.2,1.0,831.0,0.0,0.0,0.11672683513838748
20.0,10.0,31.0,0.1,0.075,0.2,1.0,836.0,0.0,0.0,0.11842105263157894
20.0,10.0,32.0,0.1,0.075,0.2,1.0,822.0,0.0,0.0,0.11800486618004866
20.0,10.0,33.0,0.1,0.075,0.2,1.0,847.0,0.0,0.0,0.1180637544273908
20.0,10.0,34.0,0.1,0.075,0.2,1.0,794.0,0.0,0.0,0.11712846347607053
20.0,10.0,35.0,0.1,0.075,0.2,1.0,823.0,0.0,0.0,0.1166464155528554
20.0,10.0,36.0,0.1,0.075,0.2,1.0,797.0,0.0,0.0,0.1191969887076537
20.0,10.0,37.0,0.1,0.075,0.2,1.0,821.0,0.0,0.0,0.11571254567600488
20.0,10.0,38.0,0.1,0.075,0.2,1.0,784.0,0.0,0.0,0.1211734693877551
20.0,10.0,39.0,0.1,0.075,0.2,1.0,788.0,0.0,0.0,0.12055837563451777
20.0,10.0,40.0,0.1,0.075,0.2,1.0,775.0,0.0,0.0,0.11870967741935484
20.0,10.0,41.0,0.1,0.075,0.2,1.0,787.0,0.0,0.0,0.1207115628970775
20.0,10.0,42.0,0.1,0.075,0.2,1.0,762.0,0.0,0.0,0.11811023622047244
20.0,10.0,43.0,0.1,0.075,0.2,1.0,773.0,0.0,0.0,0.11901681759379043
20.0,10.0,44.0,0.1,0.075,0.2,1.0,762.0,0.0,0.0,0.1194225721784777
20.0,10.0,45.0,0.1,0.075,0.2,1.0,770.0,0.0,0.0,0.18051948051948052
20.0,10.0,46.0,0.1,0.075,0.2,1.0,761.0,0.0,0.0,0.1800262812089356
20.0,10.0,47.0,0.1,0.075,0.2,1.0,771.0,0.0,0.0,0.18028534370946822
20.0,10.0,48.0,0.1,0.075,0.2,1.0,751.0,0.0,0.0,0.17976031957390146
20.0,10.0,49.0,0.1,0.075,0.2,1.0,760.0,0.0,0.0,0.17894736842105263
20.0,10.0,50.0,0.1,0.075,0.2,1.0,745.0,0.0,0.0,0.17718120805369128
20.0,10.0,51.0,0.1,0.075,0.2,1.0,750.0,0.0,0.0,0.17733333333333334
20.0,10.0,52.0,0.1,0.075,0.2,1.0,747.0,0.0,0.0,0.17670682730923695
21.0,1.0,1.0,0.1,0.075,0.2,1.0,5101.0,45.0,4.0,0.09096255636149775
21.0,1.0,2.0,0.1,0.075,0.2,1.0,4998.0,52.0,16.0,0.09223689475790316
21.0,1.0,3.0,0.1,0.075,0.2,1.0,4927.0,64.0,28.0,0.09214532169677288
21.0,1.0,4.0,0.1,0.075,0.2,1.0,4924.0,86.0,34.0,0.09301380991064176
21.0,1.0,5.0,0.1,0.075,0.2,1.0,4889.0,117.0,33.0,0.0949069339333197
21.0,1.0,6.0,0.1,0.075,0.2,1.0,4806.0,136.0,41.0,0.09696213066999584
21.0,1.0,7.0,0.1,0.075,0.2,1.0,4722.0,153.0,56.0,0.09678102498941127
21.0,1.0,8.0,0.1,0.075,0.2,1.0,4601.0,169.0,69.0,0.0988915453162356
21.0,1.0,9.0,0.1,0.075,0.2,1.0,4520.0,194.0,84.0,0.09778761061946903
21.0,1.0,10.0,0.1,0.075,0.2,1.0,4432.0,225.0,87.0,0.09927797833935018
21.0,1.0,11.0,0.1,0.075,0.2,1.0,4273.0,260.0,109.0,0.09946173648490522
21.0,1.0,12.0,0.1,0.075,0.2,1.0,4102.0,254.0,115.0,0.098488542174549
21.0,1.0,13.0,0.1,0.075,0.2,1.0,3974.0,283.0,130.0,0.09864116758933066
21.0,1.0,14.0,0.1,0.075,0.2,1.0,3868.0,283.0,126.0,0.10005170630816959
21.0,1.0,15.0,0.1,0.075,0.2,1.0,3730.0,319.0,133.0,0.1002680965147453
21.0,1.0,16.0,0.1,0.075,0.2,1.0,3640.0,323.0,137.0,0.10247252747252747
21.0,1.0,17.0,0.1,0.075,0.2,1.0,3530.0,342.0,164.0,0.10424929178470255
21.0,1.0,18.0,0.1,0.075,0.2,1.0,3421.0,338.0,158.0,0.10610932475884244
21.0,1.0,19.0,0.1,0.075,0.2,1.0,3304.0,337.0,173.0,0.10653753026634383
21.0,1.0,20.0,0.1,0.075,0.2,1.0,6015.0,306.0,152.0,0.057190357439733996
21.0,1.0,21.0,0.1,0.075,0.2,1.0,5635.0,386.0,151.0,0.057852706299911266
21.0,1.0,22.0,0.1,0.075,0.2,1.0,5343.0,403.0,152.0,0.058955642897248736
21.0,1.0,23.0,0.1,0.075,0.2,1.0,5059.0,423.0,165.0,0.06127693220003953
21.0,1.0,24.0,0.1,0.075,0.2,1.0,4824.0,451.0,184.0,0.06218905472636816
21.0,1.0,25.0,0.1,0.075,0.2,1.0,4547.0,480.0,209.0,0.06465801627446668
21.0,1.0,26.0,0.1,0.075,0.2,1.0,4297.0,511.0,209.0,0.0670235047707703
21.0,1.0,27.0,0.1,0.075,0.2,1.0,3992.0,506.0,208.0,0.06813627254509018
21.0,1.0,28.0,0.1,0.075,0.2,1.0,3788.0,503.0,207.0,0.06969376979936642
21.0,1.0,29.0,0.1,0.075,0.2,1.0,3588.0,499.0,226.0,0.07079152731326645
21.0,1.0,30.0,0.1,0.075,0.2,1.0,3447.0,496.0,231.0,0.07339715694807078
21.0,1.0,31.0,0.1,0.075,0.2,1.0,3276.0,489.0,229.0,0.07539682539682539
21.0,1.0,32.0,0.1,0.075,0.2,1.0,3080.0,468.0,210.0,0.07824675324675325
21.0,1.0,33.0,0.1,0.075,0.2,1.0,2908.0,444.0,205.0,0.07977991746905089
21.0,1.0,34.0,0.1,0.075,0.2,1.0,2781.0,453.0,211.0,0.08198489751887811
21.0,1.0,35.0,0.1,0.075,0.2,1.0,2626.0,426.0,200.0,0.08682406702208682
21.0,1.0,36.0,0.1,0.075,0.2,1.0,2464.0,397.0,192.0,0.09050324675324675
21.0,1.0,37.0,0.1,0.075,0.2,1.0,2351.0,388.0,195.0,0.09485325393449597
21.0,1.0,38.0,0.1,0.075,0.2,1.0,2219.0,386.0,184.0,0.09959441189725102
21.0,1.0,39.0,0.1,0.075,0.2,1.0,2130.0,383.0,180.0,0.10328638497652583
21.0,1.0,40.0,0.1,0.075,0.2,1.0,1995.0,372.0,179.0,0.10726817042606517
21.0,1.0,41.0,0.1,0.075,0.2,1.0,1888.0,363.0,186.0,0.11122881355932203
21.0,1.0,42.0,0.1,0.075,0.2,1.0,1795.0,368.0,176.0,0.11643454038997214
21.0,1.0,43.0,0.1,0.075,0.2,1.0,1699.0,344.0,163.0,0.12124779281930548
21.0,1.0,44.0,0.1,0.075,0.2,1.0,1622.0,322.0,158.0,0.12700369913686807
21.0,1.0,45.0,0.1,0.075,0.2,1.0,1545.0,302.0,151.0,0.19676375404530744
21.0,1.0,46.0,0.1,0.075,0.2,1.0,1449.0,280.0,142.0,0.20358868184955142
21.0,1.0,47.0,0.1,0.075,0.2,1.0,1380.0,258.0,131.0,0.2072463768115942
21.0,1.0,48.0,0.1,0.075,0.2,1.0,1306.0,241.0,129.0,0.21439509954058192
21.0,1.0,49.0,0.1,0.075,0.2,1.0,1237.0,209.0,114.0,0.2198868229587712
21.0,1.0,50.0,0.1,0.075,0.2,1.0,1186.0,188.0,93.0,0.22596964586846544
21.0,1.0,51.0,0.1,0.075,0.2,1.0,1141.0,165.0,79.0,0.23400525854513585
21.0,1.0,52.0,0.1,0.075,0.2,1.0,1100.0,154.0,80.0,0.2381818181818182
21.0,2.0,1.0,0.1,0.075,0.2,1.0,1053.0,136.0,83.0,0.245014245014245
21.0,2.0,2.0,0.1,0.075,0.2,1.0,1027.0,129.0,89.0,0.24634858812074
21.0,2.0,3.0,0.1,0.075,0.2,1.0,992.0,108.0,74.0,0.2560483870967742
21.0,2.0,4.0,0.1,0.075,0.2,1.0,956.0,88.0,54.0,0.2594142259414226
21.0,2.0,5.0,0.1,0.075,0.2,1.0,921.0,67.0,38.0,0.2681867535287731
21.0,2.0,6.0,0.1,0.075,0.2,1.0,899.0,60.0,30.0,0.27030033370411566
21.0,2.0,7.0,0.1,0.075,0.2,1.0,880.0,53.0,33.0,0.2772727272727273
21.0,2.0,8.0,0.1,0.075,0.2,1.0,871.0,48.0,28.0,0.2766934557979334
21.0,2.0,9.0,0.1,0.075,0.2,1.0,856.0,44.0,22.0,0.2850467289719626
21.0,2.0,10.0,0.1,0.075,0.2,1.0,840.0,40.0,18.0,0.2869047619047619
21.0,2.0,11.0,0.1,0.075,0.2,1.0,822.0,43.0,17.0,0.29075425790754256
21.0,2.0,12.0,0.1,0.075,0.2,1.0,816.0,40.0,22.0,0.28921568627450983
21.0,2.0,13.0,0.1,0.075,0.2,1.0,802.0,37.0,17.0,0.2955112219451372
21.0,2.0,14.0,0.1,0.075,0.2,1.0,801.0,36.0,18.0,0.29463171036204744
21.0,2.0,15.0,0.1,0.075,0.2,1.0,786.0,28.0,16.0,0.30025445292620867
21.0,2.0,16.0,0.1,0.075,0.2,1.0,778.0,26.0,16.0,0.2982005141388175
21.0,2.0,17.0,0.1,0.075,0.2,1.0,770.0,26.0,15.0,0.3038961038961039
21.0,2.0,18.0,0.1,0.075,0.2,1.0,765.0,25.0,11.0,0.30196078431372547
21.0,2.0,19.0,0.1,0.075,0.2,1.0,751.0,22.0,8.0,0.3062583222370173
21.0,2.0,20.0,0.1,0.075,0.2,1.0,1355.0,20.0,10.0,0.16752767527675277
21.0,2.0,21.0,0.1,0.075,0.2,1.0,1308.0,23.0,9.0,0.1712538226299694
21.0,2.0,22.0,0.1,0.075,0.2,1.0,1292.0,23.0,10.0,0.17105263157894737
21.0,2.0,23.0,0.1,0.075,0.2,1.0,1288.0,24.0,7.0,0.17236024844720496
21.0,2.0,24.0,0.1,0.075,0.2,1.0,1259.0,27.0,9.0,0.17235901509134233
21.0,2.0,25.0,0.1,0.075,0.2,1.0,1186.0,27.0,10.0,0.17622259696458684
21.0,2.0,26.0,0.1,0.075,0.2,1.0,1168.0,32.0,10.0,0.175513698630137
21.0,2.0,27.0,0.1,0.075,0.2,1.0,1155.0,27.0,13.0,0.17922077922077922
21.0,2.0,28.0,0.1,0.075,0.2,1.0,1142.0,29.0,14.0,0.18038528896672504
21.0,2.0,29.0,0.1,0.075,0.2,1.0,1135.0,33.0,16.0,0.18237885462555067
21.0,2.0,30.0,0.1,0.075,0.2,1.0,1123.0,32.0,11.0,0.1798753339269813
21.0,2.0,31.0,0.1,0.075,0.2,1.0,1121.0,28.0,14.0,0.18198037466547726
21.0,2.0,32.0,0.1,0.075,0.2,1.0,1086.0,23.0,11.0,0.18232044198895028
21.0,2.0,33.0,0.1,0.075,0.2,1.0,1070.0,28.0,12.0,0.18411214953271027
21.0,2.0,34.0,0.1,0.075,0.2,1.0,1042.0,27.0,8.0,0.18618042226487524
21.0,2.0,35.0,0.1,0.075,0.2,1.0,1036.0,28.0,12.0,0.18436293436293436
21.0,2.0,36.0,0.1,0.075,0.2,1.0,1009.0,29.0,12.0,0.18830525272547077
21.0,2.0,37.0,0.1,0.075,0.2,1.0,999.0,30.0,18.0,0.1891891891891892
21.0,2.0,38.0,0.1,0.075,0.2,1.0,976.0,33.0,18.0,0.1915983606557377
21.0,2.0,39.0,0.1,0.075,0.2,1.0,976.0,34.0,19.0,0.19467213114754098
21.0,2.0,40.0,0.1,0.075,0.2,1.0,952.0,26.0,14.0,0.1953781512605042
21.0,2.0,41.0,0.1,0.075,0.2,1.0,938.0,25.0,14.0,0.19616204690831557
21.0,2.0,42.0,0.1,0.075,0.2,1.0,923.0,29.0,11.0,0.19826652221018418
21.0,2.0,43.0,0.1,0.075,0.2,1.0,916.0,31.0,9.0,0.19541484716157206
21.0,2.0,44.0,0.1,0.075,0.2,1.0,898.0,32.0,14.0,0.19933184855233854
21.0,2.0,45.0,0.1,0.075,0.2,1.0,892.0,35.0,17.0,0.257847533632287
21.0,2.0,46.0,0.1,0.075,0.2,1.0,883.0,35.0,17.0,0.26160815402038506
21.0,2.0,47.0,0.1,0.075,0.2,1.0,867.0,27.0,11.0,0.2629757785467128
21.0,2.0,48.0,0.1,0.075,0.2,1.0,863.0,25.0,13.0,0.2665121668597914
21.0,2.0,49.0,0.1,0.075,0.2,1.0,857.0,25.0,13.0,0.2637106184364061
21.0,2.0,50.0,0.1,0.075,0.2,1.0,849.0,27.0,12.0,0.26855123674911663
21.0,2.0,51.0,0.1,0.075,0.2,1.0,822.0,24.0,12.0,0.2664233576642336
21.0,2.0,52.0,0.1,0.075,0.2,1.0,805.0,22.0,13.0,0.2732919254658385
21.0,3.0,1.0,0.1,0.075,0.2,1.0,798.0,20.0,13.0,0.2719298245614035
21.0,3.0,2.0,0.1,0.075,0.2,1.0,789.0,16.0,9.0,0.2750316856780735
21.0,3.0,3.0,0.1,0.075,0.2,1.0,766.0,13.0,6.0,0.2754569190600522
21.0,3.0,4.0,0.1,0.075,0.2,1.0,757.0,12.0,4.0,0.2774108322324967
21.0,3.0,5.0,0.1,0.075,0.2,1.0,750.0,11.0,4.0,0.27466666666666667
21.0,3.0,6.0,0.1,0.075,0.2,1.0,744.0,10.0,6.0,0.2768817204301075
21.0,3.0,7.0,0.1,0.075,0.2,1.0,749.0,10.0,7.0,0.2750333778371162
21.0,3.0,8.0,0.1,0.075,0.2,1.0,739.0,10.0,8.0,0.2774018944519621
21.0,3.0,9.0,0.1,0.075,0.2,1.0,727.0,8.0,6.0,0.2764786795048143
21.0,3.0,10.0,0.1,0.075,0.2,1.0,720.0,6.0,5.0,0.2791666666666667
21.0,3.0,11.0,0.1,0.075,0.2,1.0,715.0,3.0,3.0,0.27692307692307694
21.0,3.0,12.0,0.1,0.075,0.2,1.0,709.0,5.0,2.0,0.27926657263751764
21.0,3.0,13.0,0.1,0.075,0.2,1.0,708.0,6.0,1.0,0.2768361581920904
21.0,3.0,14.0,0.1,0.075,0.2,1.0,707.0,6.0,0.0,0.27864214992927866
21.0,3.0,15.0,0.1,0.075,0.2,1.0,703.0,6.0,2.0,0.2759601706970128
21.0,3.0,16.0,0.1,0.075,0.2,1.0,702.0,7.0,5.0,0.2777777777777778
21.0,3.0,17.0,0.1,0.075,0.2,1.0,699.0,11.0,5.0,0.27467811158798283
21.0,3.0,18.0,0.1,0.075,0.2,1.0,683.0,12.0,4.0,0.27232796486090777
21.0,3.0,19.0,0.1,0.075,0.2,1.0,673.0,10.0,4.0,0.2674591381872214
21.0,3.0,20.0,0.1,0.075,0.2,1.0,1223.0,10.0,6.0,0.14799672935404742
21.0,3.0,21.0,0.1,0.075,0.2,1.0,1198.0,8.0,4.0,0.14691151919866444
21.0,3.0,22.0,0.1,0.075,0.2,1.0,1177.0,7.0,5.0,0.15208156329651656
21.0,3.0,23.0,0.1,0.075,0.2,1.0,1153.0,7.0,5.0,0.14657415437987859
21.0,3.0,24.0,0.1,0.075,0.2,1.0,1086.0,7.0,5.0,0.15561694290976058
21.0,3.0,25.0,0.1,0.075,0.2,1.0,1072.0,6.0,3.0,0.15205223880597016
21.0,3.0,26.0,0.1,0.075,0.2,1.0,1045.0,7.0,1.0,0.15789473684210525
21.0,3.0,27.0,0.1,0.075,0.2,1.0,1014.0,7.0,1.0,0.15483234714003946
21.0,3.0,28.0,0.1,0.075,0.2,1.0,1014.0,8.0,2.0,0.15680473372781065
21.0,3.0,29.0,0.1,0.075,0.2,1.0,1007.0,8.0,5.0,0.1529294935451837
21.0,3.0,30.0,0.1,0.075,0.2,1.0,984.0,13.0,5.0,0.1565040650406504
21.0,3.0,31.0,0.1,0.075,0.2,1.0,937.0,13.0,7.0,0.15474919957310565
21.0,3.0,32.0,0.1,0.075,0.2,1.0,892.0,10.0,6.0,0.16367713004484305
21.0,3.0,33.0,0.1,0.075,0.2,1.0,891.0,11.0,6.0,0.15937149270482603
21.0,3.0,34.0,0.1,0.075,0.2,1.0,885.0,9.0,4.0,0.1638418079096045
21.0,3.0,35.0,0.1,0.075,0.2,1.0,866.0,10.0,3.0,0.1605080831408776
21.0,3.0,36.0,0.1,0.075,0.2,1.0,841.0,10.0,3.0,0.16646848989298454
21.0,3.0,37.0,0.1,0.075,0.2,1.0,834.0,9.0,2.0,0.1606714628297362
21.0,3.0,38.0,0.1,0.075,0.2,1.0,804.0,10.0,5.0,0.16791044776119404
21.0,3.0,39.0,0.1,0.075,0.2,1.0,791.0,9.0,7.0,0.16561314791403287
21.0,3.0,40.0,0.1,0.075,0.2,1.0,776.0,12.0,8.0,0.16881443298969073
21.0,3.0,41.0,0.1,0.075,0.2,1.0,768.0,10.0,7.0,0.16796875
21.0,3.0,42.0,0.1,0.075,0.2,1.0,760.0,8.0,6.0,0.16973684210526316
21.0,3.0,43.0,0.1,0.075,0.2,1.0,760.0,13.0,5.0,0.16710526315789473
21.0,3.0,44.0,0.1,0.075,0.2,1.0,755.0,15.0,6.0,0.17086092715231788
21.0,3.0,45.0,0.1,0.075,0.2,1.0,731.0,14.0,7.0,0.22845417236662108
21.0,3.0,46.0,0.1,0.075,0.2,1.0,729.0,13.0,9.0,0.22908093278463648
21.0,3.0,47.0,0.1,0.075,0.2,1.0,716.0,12.0,6.0,0.22486033519553073
21.0,3.0,48.0,0.1,0.075,0.2,1.0,698.0,7.0,4.0,0.22349570200573066
21.0,3.0,49.0,0.1,0.075,0.2,1.0,677.0,8.0,4.0,0.22304283604135894
21.0,3.0,50.0,0.1,0.075,0.2,1.0,681.0,9.0,5.0,0.22320117474302498
21.0,3.0,51.0,0.1,0.075,0.2,1.0,650.0,11.0,4.0,0.22615384615384615
21.0,3.0,52.0,0.1,0.075,0.2,1.0,653.0,10.0,3.0,0.22817764165390506
21.0,4.0,1.0,0.1,0.075,0.2,1.0,643.0,11.0,4.0,0.2255054432348367
21.0,4.0,2.0,0.1,0.075,0.2,1.0,639.0,10.0,5.0,0.22848200312989045
21.0,4.0,3.0,0.1,0.075,0.2,1.0,631.0,9.0,5.0,0.2266244057052298
21.0,4.0,4.0,0.1,0.075,0.2,1.0,633.0,8.0,5.0,0.22906793048973143
21.0,4.0,5.0,0.1,0.075,0.2,1.0,626.0,7.0,5.0,0.2268370607028754
21.0,4.0,6.0,0.1,0.075,0.2,1.0,627.0,7.0,5.0,0.23125996810207336
21.0,4.0,7.0,0.1,0.075,0.2,1.0,617.0,6.0,4.0,0.22852512155591573
21.0,4.0,8.0,0.1,0.075,0.2,1.0,612.0,6.0,2.0,0.23039215686274508
21.0,4.0,9.0,0.1,0.075,0.2,1.0,605.0,5.0,3.0,0.22975206611570248
21.0,4.0,10.0,0.1,0.075,0.2,1.0,601.0,5.0,3.0,0.23460898502495842
21.0,4.0,11.0,0.1,0.075,0.2,1.0,593.0,8.0,4.0,0.23102866779089376
21.0,4.0,12.0,0.1,0.075,0.2,1.0,578.0,10.0,3.0,0.23183391003460208
21.0,4.0,13.0,0.1,0.075,0.2,1.0,570.0,9.0,5.0,0.22982456140350876
21.0,4.0,14.0,0.1,0.075,0.2,1.0,572.0,11.0,5.0,0.23251748251748253
21.0,4.0,15.0,0.1,0.075,0.2,1.0,566.0,11.0,5.0,0.22791519434628976
21.0,4.0,16.0,0.1,0.075,0.2,1.0,563.0,9.0,4.0,0.23090586145648312
21.0,4.0,17.0,0.1,0.075,0.2,1.0,543.0,9.0,6.0,0.2265193370165746
21.0,4.0,18.0,0.1,0.075,0.2,1.0,544.0,11.0,6.0,0.23345588235294118
21.0,4.0,19.0,0.1,0.075,0.2,1.0,538.0,11.0,6.0,0.22676579925650558
21.0,4.0,20.0,0.1,0.075,0.2,1.0,1028.0,9.0,3.0,0.12159533073929961
21.0,4.0,21.0,0.1,0.075,0.2,1.0,932.0,11.0,3.0,0.12339055793991416
21.0,4.0,22.0,0.1,0.075,0.2,1.0,924.0,11.0,4.0,0.12554112554112554
21.0,4.0,23.0,0.1,0.075,0.2,1.0,864.0,11.0,5.0,0.125
21.0,4.0,24.0,0.1,0.075,0.2,1.0,856.0,12.0,4.0,0.12850467289719625
21.0,4.0,25.0,0.1,0.075,0.2,1.0,795.0,11.0,3.0,0.12452830188679245
21.0,4.0,26.0,0.1,0.075,0.2,1.0,785.0,12.0,4.0,0.12611464968152866
21.0,4.0,27.0,0.1,0.075,0.2,1.0,746.0,14.0,8.0,0.12332439678284182
21.0,4.0,28.0,0.1,0.075,0.2,1.0,740.0,17.0,11.0,0.12432432432432433
21.0,4.0,29.0,0.1,0.075,0.2,1.0,707.0,22.0,10.0,0.1272984441301273
21.0,4.0,30.0,0.1,0.075,0.2,1.0,692.0,24.0,8.0,0.1315028901734104
21.0,4.0,31.0,0.1,0.075,0.2,1.0,677.0,22.0,5.0,0.1329394387001477
21.0,4.0,32.0,0.1,0.075,0.2,1.0,653.0,21.0,12.0,0.13782542113323124
21.0,4.0,33.0,0.1,0.075,0.2,1.0,643.0,25.0,13.0,0.1368584758942457
21.0,4.0,34.0,0.1,0.075,0.2,1.0,637.0,31.0,17.0,0.13971742543171115
21.0,4.0,35.0,0.1,0.075,0.2,1.0,602.0,26.0,14.0,0.13953488372093023
21.0,4.0,36.0,0.1,0.075,0.2,1.0,575.0,30.0,14.0,0.15130434782608695
21.0,4.0,37.0,0.1,0.075,0.2,1.0,547.0,24.0,8.0,0.1425959780621572
21.0,4.0,38.0,0.1,0.075,0.2,1.0,521.0,21.0,6.0,0.14779270633397312
21.0,4.0,39.0,0.1,0.075,0.2,1.0,507.0,19.0,6.0,0.15187376725838264
21.0,4.0,40.0,0.1,0.075,0.2,1.0,483.0,20.0,8.0,0.15113871635610765
21.0,4.0,41.0,0.1,0.075,0.2,1.0,493.0,18.0,8.0,0.15010141987829614
21.0,4.0,42.0,0.1,0.075,0.2,1.0,471.0,18.0,8.0,0.1464968152866242
21.0,4.0,43.0,0.1,0.075,0.2,1.0,469.0,19.0,10.0,0.14925373134328357
21.0,4.0,44.0,0.1,0.075,0.2,1.0,465.0,21.0,10.0,0.14838709677419354
21.0,4.0,45.0,0.1,0.075,0.2,1.0,455.0,20.0,8.0,0.21318681318681318
21.0,4.0,46.0,0.1,0.075,0.2,1.0,432.0,19.0,7.0,0.21296296296296297
21.0,4.0,47.0,0.1,0.075,0.2,1.0,433.0,18.0,14.0,0.21709006928406466
21.0,4.0,48.0,0.1,0.075,0.2,1.0,426.0,18.0,12.0,0.20892018779342722
21.0,4.0,49.0,0.1,0.075,0.2,1.0,426.0,16.0,9.0,0.21830985915492956
21.0,4.0,50.0,0.1,0.075,0.2,1.0,412.0,10.0,3.0,0.21844660194174756
21.0,4.0,51.0,0.1,0.075,0.2,1.0,413.0,12.0,3.0,0.22276029055690072
21.0,4.0,52.0,0.1,0.075,0.2,1.0,410.0,11.0,3.0,0.21951219512195122
21.0,5.0,1.0,0.1,0.075,0.2,1.0,409.0,9.0,4.0,0.22249388753056235
21.0,5.0,2.0,0.1,0.075,0.2,1.0,405.0,12.0,8.0,0.21728395061728395
21.0,5.0,3.0,0.1,0.075,0.2,1.0,404.0,11.0,9.0,0.2202970297029703
21.0,5.0,4.0,0.1,0.075,0.2,1.0,396.0,12.0,6.0,0.21717171717171718
21.0,5.0,5.0,0.1,0.075,0.2,1.0,394.0,9.0,4.0,0.22081218274111675
21.0,5.0,6.0,0.1,0.075,0.2,1.0,391.0,9.0,3.0,0.21994884910485935
21.0,5.0,7.0,0.1,0.075,0.2,1.0,391.0,10.0,5.0,0.22250639386189258
21.0,5.0,8.0,0.1,0.075,0.2,1.0,384.0,8.0,4.0,0.22135416666666666
21.0,5.0,9.0,0.1,0.075,0.2,1.0,379.0,9.0,5.0,0.22691292875989447
21.0,5.0,10.0,0.1,0.075,0.2,1.0,363.0,6.0,5.0,0.22865013774104684
21.0,5.0,11.0,0.1,0.075,0.2,1.0,360.0,6.0,4.0,0.2361111111111111
21.0,5.0,12.0,0.1,0.075,0.2,1.0,360.0,4.0,3.0,0.23055555555555557
21.0,5.0,13.0,0.1,0.075,0.2,1.0,354.0,5.0,2.0,0.23728813559322035
21.0,5.0,14.0,0.1,0.075,0.2,1.0,355.0,3.0,1.0,0.23098591549295774
21.0,5.0,15.0,0.1,0.075,0.2,1.0,352.0,4.0,2.0,0.23579545454545456
21.0,5.0,16.0,0.1,0.075,0.2,1.0,351.0,3.0,1.0,0.22792022792022792
21.0,5.0,17.0,0.1,0.075,0.2,1.0,349.0,6.0,3.0,0.2349570200573066
21.0,5.0,18.0,0.1,0.075,0.2,1.0,349.0,7.0,3.0,0.22636103151862463
21.0,5.0,19.0,0.1,0.075,0.2,1.0,345.0,8.0,4.0,0.2318840579710145
21.0,5.0,20.0,0.1,0.075,0.2,1.0,597.0,7.0,3.0,0.1323283082077052
21.0,5.0,21.0,0.1,0.075,0.2,1.0,588.0,6.0,4.0,0.1377551020408163
21.0,5.0,22.0,0.1,0.075,0.2,1.0,589.0,6.0,3.0,0.1307300509337861
21.0,5.0,23.0,0.1,0.075,0.2,1.0,581.0,9.0,3.0,0.1359724612736661
21.0,5.0,24.0,0.1,0.075,0.2,1.0,582.0,7.0,3.0,0.13058419243986255
21.0,5.0,25.0,0.1,0.075,0.2,1.0,575.0,6.0,3.0,0.1373913043478261
21.0,5.0,26.0,0.1,0.075,0.2,1.0,567.0,7.0,3.0,0.13051146384479717
21.0,5.0,27.0,0.1,0.075,0.2,1.0,548.0,5.0,2.0,0.1386861313868613
21.0,5.0,28.0,0.1,0.075,0.2,1.0,511.0,3.0,0.0,0.14481409001956946
21.0,5.0,29.0,0.1,0.075,0.2,1.0,492.0,3.0,2.0,0.1524390243902439
21.0,5.0,30.0,0.1,0.075,0.2,1.0,497.0,3.0,2.0,0.1448692152917505
21.0,5.0,31.0,0.1,0.075,0.2,1.0,488.0,4.0,3.0,0.15368852459016394
21.0,5.0,32.0,0.1,0.075,0.2,1.0,495.0,2.0,1.0,0.14747474747474748
21.0,5.0,33.0,0.1,0.075,0.2,1.0,489.0,2.0,1.0,0.15337423312883436
21.0,5.0,34.0,0.1,0.075,0.2,1.0,487.0,1.0,0.0,0.14784394250513347
21.0,5.0,35.0,0.1,0.075,0.2,1.0,487.0,1.0,1.0,0.15195071868583163
21.0,5.0,36.0,0.1,0.075,0.2,1.0,471.0,1.0,1.0,0.14861995753715498
21.0,5.0,37.0,0.1,0.075,0.2,1.0,457.0,2.0,1.0,0.15317286652078774
21.0,5.0,38.0,0.1,0.075,0.2,1.0,448.0,1.0,0.0,0.14955357142857142
21.0,5.0,39.0,0.1,0.075,0.2,1.0,446.0,1.0,0.0,0.15246636771300448
21.0,5.0,40.0,0.1,0.075,0.2,1.0,445.0,1.0,1.0,0.14606741573033707
21.0,5.0,41.0,0.1,0.075,0.2,1.0,442.0,2.0,1.0,0.1493212669683258
21.0,5.0,42.0,0.1,0.075,0.2,1.0,445.0,2.0,1.0,0.14606741573033707
21.0,5.0,43.0,0.1,0.075,0.2,1.0,419.0,3.0,0.0,0.15274463007159905
21.0,5.0,44.0,0.1,0.075,0.2,1.0,419.0,3.0,1.0,0.15035799522673032
21.0,5.0,45.0,0.1,0.075,0.2,1.0,416.0,3.0,2.0,0.21153846153846154
21.0,5.0,46.0,0.1,0.075,0.2,1.0,415.0,5.0,2.0,0.21445783132530122
21.0,5.0,47.0,0.1,0.075,0.2,1.0,413.0,4.0,2.0,0.21307506053268765
21.0,5.0,48.0,0.1,0.075,0.2,1.0,410.0,3.0,3.0,0.21707317073170732
21.0,5.0,49.0,0.1,0.075,0.2,1.0,399.0,5.0,3.0,0.21804511278195488
21.0,5.0,50.0,0.1,0.075,0.2,1.0,395.0,4.0,2.0,0.21772151898734177
21.0,5.0,51.0,0.1,0.075,0.2,1.0,393.0,2.0,0.0,0.21374045801526717
21.0,5.0,52.0,0.1,0.075,0.2,1.0,393.0,2.0,1.0,0.21628498727735368
21.0,6.0,1.0,0.1,0.075,0.2,1.0,393.0,2.0,2.0,0.21374045801526717
21.0,6.0,2.0,0.1,0.075,0.2,1.0,392.0,3.0,2.0,0.21683673469387754
21.0,6.0,3.0,0.1,0.075,0.2,1.0,390.0,3.0,1.0,0.2153846153846154
21.0,6.0,4.0,0.1,0.075,0.2,1.0,389.0,3.0,1.0,0.2185089974293059
21.0,6.0,5.0,0.1,0.075,0.2,1.0,389.0,4.0,2.0,0.2159383033419023
21.0,6.0,6.0,0.1,0.075,0.2,1.0,375.0,5.0,3.0,0.216
21.0,6.0,7.0,0.1,0.075,0.2,1.0,374.0,4.0,2.0,0.21122994652406418
21.0,6.0,8.0,0.1,0.075,0.2,1.0,370.0,3.0,1.0,0.21351351351351353
21.0,6.0,9.0,0.1,0.075,0.2,1.0,366.0,2.0,1.0,0.21584699453551912
21.0,6.0,10.0,0.1,0.075,0.2,1.0,361.0,2.0,2.0,0.2188365650969529
21.0,6.0,11.0,0.1,0.075,0.2,1.0,344.0,5.0,2.0,0.21511627906976744
21.0,6.0,12.0,0.1,0.075,0.2,1.0,343.0,5.0,1.0,0.21865889212827988
21.0,6.0,13.0,0.1,0.075,0.2,1.0,340.0,5.0,1.0,0.21470588235294116
21.0,6.0,14.0,0.1,0.075,0.2,1.0,341.0,5.0,2.0,0.21700879765395895
21.0,6.0,15.0,0.1,0.075,0.2,1.0,340.0,5.0,4.0,0.21764705882352942
21.0,6.0,16.0,0.1,0.075,0.2,1.0,340.0,4.0,3.0,0.22058823529411764
21.0,6.0,17.0,0.1,0.075,0.2,1.0,337.0,4.0,2.0,0.2166172106824926
21.0,6.0,18.0,0.1,0.075,0.2,1.0,336.0,3.0,0.0,0.22023809523809523
21.0,6.0,19.0,0.1,0.075,0.2,1.0,335.0,3.0,1.0,0.21791044776119403
21.0,6.0,20.0,0.1,0.075,0.2,1.0,553.0,3.0,1.0,0.13562386980108498
21.0,6.0,21.0,0.1,0.075,0.2,1.0,558.0,3.0,1.0,0.12903225806451613
21.0,6.0,22.0,0.1,0.075,0.2,1.0,523.0,2.0,2.0,0.13193116634799235
21.0,6.0,23.0,0.1,0.075,0.2,1.0,525.0,3.0,2.0,0.12761904761904763
21.0,6.0,24.0,0.1,0.075,0.2,1.0,517.0,3.0,2.0,0.12959381044487428
21.0,6.0,25.0,0.1,0.075,0.2,1.0,508.0,2.0,1.0,0.12598425196850394
21.0,6.0,26.0,0.1,0.075,0.2,1.0,472.0,4.0,1.0,0.1292372881355932
21.0,6.0,27.0,0.1,0.075,0.2,1.0,469.0,5.0,1.0,0.13219616204690832
21.0,6.0,28.0,0.1,0.075,0.2,1.0,452.0,6.0,0.0,0.13716814159292035
21.0,6.0,29.0,0.1,0.075,0.2,1.0,455.0,6.0,3.0,0.13626373626373625
21.0,6.0,30.0,0.1,0.075,0.2,1.0,446.0,8.0,3.0,0.13228699551569506
21.0,6.0,31.0,0.1,0.075,0.2,1.0,452.0,9.0,4.0,0.13495575221238937
21.0,6.0,32.0,0.1,0.075,0.2,1.0,430.0,12.0,2.0,0.13488372093023257
21.0,6.0,33.0,0.1,0.075,0.2,1.0,435.0,15.0,4.0,0.13333333333333333
21.0,6.0,34.0,0.1,0.075,0.2,1.0,424.0,18.0,5.0,0.13679245283018868
21.0,6.0,35.0,0.1,0.075,0.2,1.0,429.0,20.0,8.0,0.1351981351981352
21.0,6.0,36.0,0.1,0.075,0.2,1.0,423.0,19.0,8.0,0.13711583924349882
21.0,6.0,37.0,0.1,0.075,0.2,1.0,417.0,22.0,9.0,0.13908872901678657
21.0,6.0,38.0,0.1,0.075,0.2,1.0,417.0,23.0,13.0,0.13908872901678657
21.0,6.0,39.0,0.1,0.075,0.2,1.0,401.0,26.0,13.0,0.14214463840399003
21.0,6.0,40.0,0.1,0.075,0.2,1.0,382.0,21.0,10.0,0.1387434554973822
21.0,6.0,41.0,0.1,0.075,0.2,1.0,370.0,15.0,8.0,0.14324324324324325
21.0,6.0,42.0,0.1,0.075,0.2,1.0,367.0,16.0,9.0,0.1444141689373297
21.0,6.0,43.0,0.1,0.075,0.2,1.0,354.0,14.0,7.0,0.1497175141242938
21.0,6.0,44.0,0.1,0.075,0.2,1.0,332.0,7.0,2.0,0.15963855421686746
21.0,6.0,45.0,0.1,0.075,0.2,1.0,328.0,9.0,4.0,0.23170731707317074
21.0,6.0,46.0,0.1,0.075,0.2,1.0,319.0,9.0,5.0,0.23197492163009403
21.0,6.0,47.0,0.1,0.075,0.2,1.0,316.0,9.0,6.0,0.2310126582278481
21.0,6.0,48.0,0.1,0.075,0.2,1.0,312.0,8.0,6.0,0.22435897435897437
21.0,6.0,49.0,0.1,0.075,0.2,1.0,307.0,7.0,5.0,0.2182410423452769
21.0,6.0,50.0,0.1,0.075,0.2,1.0,305.0,4.0,2.0,0.22295081967213115
21.0,6.0,51.0,0.1,0.075,0.2,1.0,298.0,3.0,2.0,0.21476510067114093
21.0,6.0,52.0,0.1,0.075,0.2,1.0,299.0,2.0,1.0,0.21739130434782608
21.0,7.0,1.0,0.1,0.075,0.2,1.0,292.0,2.0,2.0,0.21575342465753425
21.0,7.0,2.0,0.1,0.075,0.2,1.0,292.0,1.0,1.0,0.21575342465753425
21.0,7.0,3.0,0.1,0.075,0.2,1.0,290.0,1.0,1.0,0.21379310344827587
21.0,7.0,4.0,0.1,0.075,0.2,1.0,292.0,1.0,0.0,0.21575342465753425
21.0,7.0,5.0,0.1,0.075,0.2,1.0,289.0,1.0,0.0,0.21107266435986158
21.0,7.0,6.0,0.1,0.075,0.2,1.0,288.0,1.0,1.0,0.20833333333333334
21.0,7.0,7.0,0.1,0.075,0.2,1.0,283.0,2.0,1.0,0.20848056537102475
21.0,7.0,8.0,0.1,0.075,0.2,1.0,280.0,3.0,1.0,0.21071428571428572
21.0,7.0,9.0,0.1,0.075,0.2,1.0,274.0,5.0,1.0,0.2116788321167883
21.0,7.0,10.0,0.1,0.075,0.2,1.0,275.0,6.0,1.0,0.21454545454545454
21.0,7.0,11.0,0.1,0.075,0.2,1.0,273.0,7.0,3.0,0.2087912087912088
21.0,7.0,12.0,0.1,0.075,0.2,1.0,273.0,6.0,3.0,0.21245421245421245
21.0,7.0,13.0,0.1,0.075,0.2,1.0,272.0,6.0,3.0,0.20955882352941177
21.0,7.0,14.0,0.1,0.075,0.2,1.0,260.0,0.0,0.0,0.2076923076923077
21.0,7.0,15.0,0.1,0.075,0.2,1.0,259.0,0.0,0.0,0.20463320463320464
21.0,7.0,16.0,0.1,0.075,0.2,1.0,260.0,0.0,0.0,0.2076923076923077
21.0,7.0,17.0,0.1,0.075,0.2,1.0,258.0,0.0,0.0,0.2054263565891473
21.0,7.0,18.0,0.1,0.075,0.2,1.0,259.0,0.0,0.0,0.2084942084942085
21.0,7.0,19.0,0.1,0.075,0.2,1.0,258.0,0.0,0.0,0.2054263565891473
21.0,7.0,20.0,0.1,0.075,0.2,1.0,430.0,0.0,0.0,0.12325581395348838
21.0,7.0,21.0,0.1,0.075,0.2,1.0,428.0,0.0,0.0,0.12149532710280374
21.0,7.0,22.0,0.1,0.075,0.2,1.0,430.0,0.0,0.0,0.12325581395348838
21.0,7.0,23.0,0.1,0.075,0.2,1.0,406.0,0.0,0.0,0.12807881773399016
21.0,7.0,24.0,0.1,0.075,0.2,1.0,395.0,0.0,0.0,0.13164556962025317
21.0,7.0,25.0,0.1,0.075,0.2,1.0,382.0,0.0,0.0,0.1256544502617801
21.0,7.0,26.0,0.1,0.075,0.2,1.0,385.0,0.0,0.0,0.12467532467532468
21.0,7.0,27.0,0.1,0.075,0.2,1.0,381.0,0.0,0.0,0.12335958005249344
21.0,7.0,28.0,0.1,0.075,0.2,1.0,384.0,0.0,0.0,0.125
21.0,7.0,29.0,0.1,0.075,0.2,1.0,383.0,0.0,0.0,0.1227154046997389
21.0,7.0,30.0,0.1,0.075,0.2,1.0,370.0,0.0,0.0,0.12702702702702703
21.0,7.0,31.0,0.1,0.075,0.2,1.0,369.0,0.0,0.0,0.12466124661246612
21.0,7.0,32.0,0.1,0.075,0.2,1.0,370.0,0.0,0.0,0.12702702702702703
21.0,7.0,33.0,0.1,0.075,0.2,1.0,352.0,0.0,0.0,0.125
21.0,7.0,34.0,0.1,0.075,0.2,1.0,353.0,0.0,0.0,0.1274787535410765
21.0,7.0,35.0,0.1,0.075,0.2,1.0,352.0,0.0,0.0,0.125
21.0,7.0,36.0,0.1,0.075,0.2,1.0,352.0,0.0,0.0,0.1278409090909091
21.0,7.0,37.0,0.1,0.075,0.2,1.0,339.0,0.0,0.0,0.12389380530973451
21.0,7.0,38.0,0.1,0.075,0.2,1.0,323.0,0.0,0.0,0.11764705882352941
21.0,7.0,39.0,0.1,0.075,0.2,1.0,318.0,0.0,0.0,0.11635220125786164
21.0,7.0,40.0,0.1,0.075,0.2,1.0,318.0,0.0,0.0,0.11949685534591195
21.0,7.0,41.0,0.1,0.075,0.2,1.0,315.0,0.0,0.0,0.11428571428571428
21.0,7.0,42.0,0.1,0.075,0.2,1.0,318.0,0.0,0.0,0.11949685534591195
21.0,7.0,43.0,0.1,0.075,0.2,1.0,316.0,0.0,0.0,0.11708860759493671
21.0,7.0,44.0,0.1,0.075,0.2,1.0,318.0,0.0,0.0,0.11949685534591195
21.0,7.0,45.0,0.1,0.075,0.2,1.0,316.0,0.0,0.0,0.18670886075949367
21.0,7.0,46.0,0.1,0.075,0.2,1.0,318.0,0.0,0.0,0.18867924528301888
21.0,7.0,47.0,0.1,0.075,0.2,1.0,305.0,0.0,0.0,0.1901639344262295
21.0,7.0,48.0,0.1,0.075,0.2,1.0,307.0,0.0,0.0,0.19218241042345277
21.0,7.0,49.0,0.1,0.075,0.2,1.0,302.0,0.0,0.0,0.18874172185430463
21.0,7.0,50.0,0.1,0.075,0.2,1.0,303.0,0.0,0.0,0.19141914191419143
21.0,7.0,51.0,0.1,0.075,0.2,1.0,299.0,0.0,0.0,0.19063545150501673
21.0,7.0,52.0,0.1,0.075,0.2,1.0,299.0,0.0,0.0,0.19063545150501673
21.0,8.0,1.0,0.1,0.075,0.2,1.0,297.0,0.0,0.0,0.18855218855218855
21.0,8.0,2.0,0.1,0.075,0.2,1.0,299.0,0.0,0.0,0.19063545150501673
21.0,8.0,3.0,0.1,0.075,0.2,1.0,297.0,0.0,0.0,0.18855218855218855
21.0,8.0,4.0,0.1,0.075,0.2,1.0,299.0,0.0,0.0,0.19063545150501673
21.0,8.0,5.0,0.1,0.075,0.2,1.0,294.0,0.0,0.0,0.1836734693877551
21.0,8.0,6.0,0.1,0.075,0.2,1.0,297.0,0.0,0.0,0.18855218855218855
21.0,8.0,7.0,0.1,0.075,0.2,1.0,293.0,0.0,0.0,0.18430034129692832
21.0,8.0,8.0,0.1,0.075,0.2,1.0,296.0,0.0,0.0,0.19256756756756757
21.0,8.0,9.0,0.1,0.075,0.2,1.0,290.0,0.0,0.0,0.18620689655172415
21.0,8.0,10.0,0.1,0.075,0.2,1.0,291.0,0.0,0.0,0.1958762886597938
21.0,8.0,11.0,0.1,0.075,0.2,1.0,283.0,0.0,0.0,0.19081272084805653
21.0,8.0,12.0,0.1,0.075,0.2,1.0,290.0,0.0,0.0,0.19310344827586207
21.0,8.0,13.0,0.1,0.075,0.2,1.0,284.0,0.0,0.0,0.19014084507042253
21.0,8.0,14.0,0.1,0.075,0.2,1.0,286.0,0.0,0.0,0.1958041958041958
21.0,8.0,15.0,0.1,0.075,0.2,1.0,282.0,0.0,0.0,0.19148936170212766
21.0,8.0,16.0,0.1,0.075,0.2,1.0,285.0,0.0,0.0,0.19649122807017544
21.0,8.0,17.0,0.1,0.075,0.2,1.0,283.0,0.0,0.0,0.19081272084805653
21.0,8.0,18.0,0.1,0.075,0.2,1.0,285.0,0.0,0.0,0.19649122807017544
21.0,8.0,19.0,0.1,0.075,0.2,1.0,283.0,0.0,0.0,0.19081272084805653
21.0,8.0,20.0,0.1,0.075,0.2,1.0,500.0,0.0,0.0,0.112
21.0,8.0,21.0,0.1,0.075,0.2,1.0,467.0,0.0,0.0,0.11349036402569593
21.0,8.0,22.0,0.1,0.075,0.2,1.0,469.0,0.0,0.0,0.11727078891257996
21.0,8.0,23.0,0.1,0.075,0.2,1.0,466.0,0.0,0.0,0.11373390557939914
21.0,8.0,24.0,0.1,0.075,0.2,1.0,457.0,0.0,0.0,0.11816192560175055
21.0,8.0,25.0,0.1,0.075,0.2,1.0,420.0,0.0,0.0,0.11666666666666667
21.0,8.0,26.0,0.1,0.075,0.2,1.0,403.0,0.0,0.0,0.12406947890818859
21.0,8.0,27.0,0.1,0.075,0.2,1.0,398.0,0.0,0.0,0.12060301507537688
21.0,8.0,28.0,0.1,0.075,0.2,1.0,403.0,0.0,0.0,0.12406947890818859
21.0,8.0,29.0,0.1,0.075,0.2,1.0,398.0,0.0,0.0,0.12060301507537688
21.0,8.0,30.0,0.1,0.075,0.2,1.0,402.0,0.0,0.0,0.12437810945273632
21.0,8.0,31.0,0.1,0.075,0.2,1.0,398.0,0.0,0.0,0.12060301507537688
21.0,8.0,32.0,0.1,0.075,0.2,1.0,388.0,0.0,0.0,0.1211340206185567
21.0,8.0,33.0,0.1,0.075,0.2,1.0,384.0,0.0,0.0,0.1171875
21.0,8.0,34.0,0.1,0.075,0.2,1.0,387.0,0.0,0.0,0.12144702842377261
21.0,8.0,35.0,0.1,0.075,0.2,1.0,383.0,0.0,0.0,0.1174934725848564
21.0,8.0,36.0,0.1,0.075,0.2,1.0,389.0,0.0,0.0,0.12082262210796915
21.0,8.0,37.0,0.1,0.075,0.2,1.0,383.0,0.0,0.0,0.1174934725848564
21.0,8.0,38.0,0.1,0.075,0.2,1.0,389.0,0.0,0.0,0.12082262210796915
21.0,8.0,39.0,0.1,0.075,0.2,1.0,383.0,0.0,0.0,0.1174934725848564
21.0,8.0,40.0,0.1,0.075,0.2,1.0,388.0,0.0,0.0,0.1211340206185567
21.0,8.0,41.0,0.1,0.075,0.2,1.0,383.0,0.0,0.0,0.1174934725848564
21.0,8.0,42.0,0.1,0.075,0.2,1.0,388.0,0.0,0.0,0.1211340206185567
21.0,8.0,43.0,0.1,0.075,0.2,1.0,383.0,0.0,0.0,0.1174934725848564
21.0,8.0,44.0,0.1,0.075,0.2,1.0,370.0,0.0,0.0,0.12432432432432433
21.0,8.0,45.0,0.1,0.075,0.2,1.0,356.0,0.0,0.0,0.2050561797752809
21.0,8.0,46.0,0.1,0.075,0.2,1.0,359.0,0.0,0.0,0.20612813370473537
21.0,8.0,47.0,0.1,0.075,0.2,1.0,356.0,0.0,0.0,0.2050561797752809
21.0,8.0,48.0,0.1,0.075,0.2,1.0,359.0,0.0,0.0,0.20612813370473537
21.0,8.0,49.0,0.1,0.075,0.2,1.0,353.0,0.0,0.0,0.20679886685552407
21.0,8.0,50.0,0.1,0.075,0.2,1.0,361.0,0.0,0.0,0.20498614958448755
21.0,8.0,51.0,0.1,0.075,0.2,1.0,350.0,0.0,0.0,0.20857142857142857
21.0,8.0,52.0,0.1,0.075,0.2,1.0,355.0,0.0,0.0,0.2084507042253521
21.0,9.0,1.0,0.1,0.075,0.2,1.0,350.0,0.0,0.0,0.20857142857142857
21.0,9.0,2.0,0.1,0.075,0.2,1.0,355.0,0.0,0.0,0.2084507042253521
21.0,9.0,3.0,0.1,0.075,0.2,1.0,348.0,0.0,0.0,0.20977011494252873
21.0,9.0,4.0,0.1,0.075,0.2,1.0,351.0,0.0,0.0,0.20797720797720798
21.0,9.0,5.0,0.1,0.075,0.2,1.0,345.0,0.0,0.0,0.20869565217391303
21.0,9.0,6.0,0.1,0.075,0.2,1.0,351.0,0.0,0.0,0.20797720797720798
21.0,9.0,7.0,0.1,0.075,0.2,1.0,345.0,0.0,0.0,0.20869565217391303
21.0,9.0,8.0,0.1,0.075,0.2,1.0,350.0,0.0,0.0,0.20857142857142857
21.0,9.0,9.0,0.1,0.075,0.2,1.0,337.0,0.0,0.0,0.21364985163204747
21.0,9.0,10.0,0.1,0.075,0.2,1.0,338.0,0.0,0.0,0.21597633136094674
21.0,9.0,11.0,0.1,0.075,0.2,1.0,331.0,0.0,0.0,0.2175226586102719
21.0,9.0,12.0,0.1,0.075,0.2,1.0,335.0,0.0,0.0,0.21791044776119403
21.0,9.0,13.0,0.1,0.075,0.2,1.0,331.0,0.0,0.0,0.2175226586102719
21.0,9.0,14.0,0.1,0.075,0.2,1.0,335.0,0.0,0.0,0.21791044776119403
21.0,9.0,15.0,0.1,0.075,0.2,1.0,331.0,0.0,0.0,0.2175226586102719
21.0,9.0,16.0,0.1,0.075,0.2,1.0,335.0,0.0,0.0,0.21791044776119403
21.0,9.0,17.0,0.1,0.075,0.2,1.0,330.0,0.0,0.0,0.21818181818181817
21.0,9.0,18.0,0.1,0.075,0.2,1.0,333.0,0.0,0.0,0.21921921921921922
21.0,9.0,19.0,0.1,0.075,0.2,1.0,329.0,0.0,0.0,0.2188449848024316
21.0,9.0,20.0,0.1,0.075,0.2,1.0,599.0,0.0,0.0,0.11018363939899833
21.0,9.0,21.0,0.1,0.075,0.2,1.0,590.0,0.0,0.0,0.11016949152542373
21.0,9.0,22.0,0.1,0.075,0.2,1.0,563.0,0.0,0.0,0.11545293072824156
21.0,9.0,23.0,0.1,0.075,0.2,1.0,513.0,0.0,0.0,0.11500974658869395
21.0,9.0,24.0,0.1,0.075,0.2,1.0,486.0,0.0,0.0,0.11522633744855967
21.0,9.0,25.0,0.1,0.075,0.2,1.0,473.0,0.0,0.0,0.11627906976744186
21.0,9.0,26.0,0.1,0.075,0.2,1.0,472.0,0.0,0.0,0.11440677966101695
21.0,9.0,27.0,0.1,0.075,0.2,1.0,460.0,0.0,0.0,0.11521739130434783
21.0,9.0,28.0,0.1,0.075,0.2,1.0,461.0,0.0,0.0,0.11279826464208242
21.0,9.0,29.0,0.1,0.075,0.2,1.0,460.0,0.0,0.0,0.11521739130434783
21.0,9.0,30.0,0.1,0.075,0.2,1.0,461.0,0.0,0.0,0.11279826464208242
21.0,9.0,31.0,0.1,0.075,0.2,1.0,460.0,0.0,0.0,0.11521739130434783
21.0,9.0,32.0,0.1,0.075,0.2,1.0,461.0,0.0,0.0,0.11279826464208242
21.0,9.0,33.0,0.1,0.075,0.2,1.0,460.0,0.0,0.0,0.11521739130434783
21.0,9.0,34.0,0.1,0.075,0.2,1.0,455.0,0.0,0.0,0.11428571428571428
21.0,9.0,35.0,0.1,0.075,0.2,1.0,426.0,0.0,0.0,0.11971830985915492
21.0,9.0,36.0,0.1,0.075,0.2,1.0,427.0,0.0,0.0,0.117096018735363
21.0,9.0,37.0,0.1,0.075,0.2,1.0,414.0,0.0,0.0,0.12077294685990338
21.0,9.0,38.0,0.1,0.075,0.2,1.0,415.0,0.0,0.0,0.1180722891566265
21.0,9.0,39.0,0.1,0.075,0.2,1.0,414.0,0.0,0.0,0.12077294685990338
21.0,9.0,40.0,0.1,0.075,0.2,1.0,415.0,0.0,0.0,0.1180722891566265
21.0,9.0,41.0,0.1,0.075,0.2,1.0,387.0,0.0,0.0,0.12403100775193798
21.0,9.0,42.0,0.1,0.075,0.2,1.0,388.0,0.0,0.0,0.1211340206185567
21.0,9.0,43.0,0.1,0.075,0.2,1.0,387.0,0.0,0.0,0.12403100775193798
21.0,9.0,44.0,0.1,0.075,0.2,1.0,377.0,0.0,0.0,0.1246684350132626
21.0,9.0,45.0,0.1,0.075,0.2,1.0,376.0,0.0,0.0,0.2047872340425532
21.0,9.0,46.0,0.1,0.075,0.2,1.0,377.0,0.0,0.0,0.20159151193633953
21.0,9.0,47.0,0.1,0.075,0.2,1.0,376.0,0.0,0.0,0.2047872340425532
21.0,9.0,48.0,0.1,0.075,0.2,1.0,361.0,0.0,0.0,0.1994459833795014
21.0,9.0,49.0,0.1,0.075,0.2,1.0,360.0,0.0,0.0,0.20277777777777778
21.0,9.0,50.0,0.1,0.075,0.2,1.0,357.0,0.0,0.0,0.20168067226890757
21.0,9.0,51.0,0.1,0.075,0.2,1.0,360.0,0.0,0.0,0.20277777777777778
21.0,9.0,52.0,0.1,0.075,0.2,1.0,356.0,0.0,0.0,0.20224719101123595
21.0,10.0,1.0,0.1,0.075,0.2,1.0,356.0,0.0,0.0,0.2050561797752809
21.0,10.0,2.0,0.1,0.075,0.2,1.0,350.0,0.0,0.0,0.2057142857142857
21.0,10.0,3.0,0.1,0.075,0.2,1.0,352.0,0.0,0.0,0.20738636363636365
21.0,10.0,4.0,0.1,0.075,0.2,1.0,352.0,0.0,0.0,0.20454545454545456
21.0,10.0,5.0,0.1,0.075,0.2,1.0,337.0,0.0,0.0,0.20474777448071216
21.0,10.0,6.0,0.1,0.075,0.2,1.0,335.0,0.0,0.0,0.2
21.0,10.0,7.0,0.1,0.075,0.2,1.0,333.0,0.0,0.0,0.2072072072072072
21.0,10.0,8.0,0.1,0.075,0.2,1.0,331.0,0.0,0.0,0.20241691842900303
21.0,10.0,9.0,0.1,0.075,0.2,1.0,330.0,0.0,0.0,0.20909090909090908
21.0,10.0,10.0,0.1,0.075,0.2,1.0,328.0,0.0,0.0,0.20426829268292682
21.0,10.0,11.0,0.1,0.075,0.2,1.0,329.0,0.0,0.0,0.20972644376899696
21.0,10.0,12.0,0.1,0.075,0.2,1.0,325.0,0.0,0.0,0.20615384615384616
21.0,10.0,13.0,0.1,0.075,0.2,1.0,327.0,0.0,0.0,0.21100917431192662
21.0,10.0,14.0,0.1,0.075,0.2,1.0,326.0,0.0,0.0,0.2085889570552147
21.0,10.0,15.0,0.1,0.075,0.2,1.0,326.0,0.0,0.0,0.2085889570552147
21.0,10.0,16.0,0.1,0.075,0.2,1.0,325.0,0.0,0.0,0.20923076923076922
21.0,10.0,17.0,0.1,0.075,0.2,1.0,324.0,0.0,0.0,0.20987654320987653
21.0,10.0,18.0,0.1,0.075,0.2,1.0,325.0,0.0,0.0,0.20923076923076922
21.0,10.0,19.0,0.1,0.075,0.2,1.0,324.0,0.0,0.0,0.20987654320987653
21.0,10.0,20.0,0.1,0.075,0.2,1.0,544.0,0.0,0.0,0.11213235294117647
21.0,10.0,21.0,0.1,0.075,0.2,1.0,532.0,0.0,0.0,0.11466165413533834
21.0,10.0,22.0,0.1,0.075,0.2,1.0,509.0,0.0,0.0,0.11591355599214145
21.0,10.0,23.0,0.1,0.075,0.2,1.0,510.0,0.0,0.0,0.11568627450980393
21.0,10.0,24.0,0.1,0.075,0.2,1.0,496.0,0.0,0.0,0.11290322580645161
21.0,10.0,25.0,0.1,0.075,0.2,1.0,497.0,0.0,0.0,0.11267605633802817
21.0,10.0,26.0,0.1,0.075,0.2,1.0,496.0,0.0,0.0,0.11290322580645161
21.0,10.0,27.0,0.1,0.075,0.2,1.0,486.0,0.0,0.0,0.11316872427983539
21.0,10.0,28.0,0.1,0.075,0.2,1.0,471.0,0.0,0.0,0.11252653927813164
21.0,10.0,29.0,0.1,0.075,0.2,1.0,472.0,0.0,0.0,0.11228813559322035
21.0,10.0,30.0,0.1,0.075,0.2,1.0,458.0,0.0,0.0,0.11353711790393013
21.0,10.0,31.0,0.1,0.075,0.2,1.0,459.0,0.0,0.0,0.11328976034858387
21.0,10.0,32.0,0.1,0.075,0.2,1.0,436.0,0.0,0.0,0.11467889908256881
21.0,10.0,33.0,0.1,0.075,0.2,1.0,424.0,0.0,0.0,0.1179245283018868
21.0,10.0,34.0,0.1,0.075,0.2,1.0,423.0,0.0,0.0,0.1182033096926714
21.0,10.0,35.0,0.1,0.075,0.2,1.0,410.0,0.0,0.0,0.11707317073170732
21.0,10.0,36.0,0.1,0.075,0.2,1.0,408.0,0.0,0.0,0.11764705882352941
21.0,10.0,37.0,0.1,0.075,0.2,1.0,410.0,0.0,0.0,0.11707317073170732
21.0,10.0,38.0,0.1,0.075,0.2,1.0,408.0,0.0,0.0,0.11764705882352941
21.0,10.0,39.0,0.1,0.075,0.2,1.0,410.0,0.0,0.0,0.11707317073170732
21.0,10.0,40.0,0.1,0.075,0.2,1.0,408.0,0.0,0.0,0.11764705882352941
21.0,10.0,41.0,0.1,0.075,0.2,1.0,410.0,0.0,0.0,0.11707317073170732
21.0,10.0,42.0,0.1,0.075,0.2,1.0,408.0,0.0,0.0,0.11764705882352941
21.0,10.0,43.0,0.1,0.075,0.2,1.0,410.0,0.0,0.0,0.11707317073170732
21.0,10.0,44.0,0.1,0.075,0.2,1.0,394.0,0.0,0.0,0.116751269035533
21.0,10.0,45.0,0.1,0.075,0.2,1.0,385.0,0.0,0.0,0.18441558441558442
21.0,10.0,46.0,0.1,0.075,0.2,1.0,371.0,0.0,0.0,0.18059299191374664
21.0,10.0,47.0,0.1,0.075,0.2,1.0,373.0,0.0,0.0,0.18230563002680966
21.0,10.0,48.0,0.1,0.075,0.2,1.0,370.0,0.0,0.0,0.1810810810810811
21.0,10.0,49.0,0.1,0.075,0.2,1.0,371.0,0.0,0.0,0.18328840970350405
21.0,10.0,50.0,0.1,0.075,0.2,1.0,371.0,0.0,0.0,0.18059299191374664
21.0,10.0,51.0,0.1,0.075,0.2,1.0,372.0,0.0,0.0,0.1827956989247312
21.0,10.0,52.0,0.1,0.075,0.2,1.0,370.0,0.0,0.0,0.1810810810810811
22.0,1.0,1.0,0.1,0.075,0.2,1.0,5106.0,51.0,8.0,0.09870740305522914
22.0,1.0,2.0,0.1,0.075,0.2,1.0,5083.0,55.0,19.0,0.10013771394845564
22.0,1.0,3.0,0.1,0.075,0.2,1.0,5033.0,73.0,30.0,0.1011325253328035
22.0,1.0,4.0,0.1,0.075,0.2,1.0,4999.0,105.0,33.0,0.10142028405681136
22.0,1.0,5.0,0.1,0.075,0.2,1.0,5100.0,141.0,40.0,0.10196078431372549
22.0,1.0,6.0,0.1,0.075,0.2,1.0,5020.0,169.0,54.0,0.10418326693227091
22.0,1.0,7.0,0.1,0.075,0.2,1.0,4924.0,197.0,82.0,0.10438667749796914
22.0,1.0,8.0,0.1,0.075,0.2,1.0,4821.0,241.0,92.0,0.10516490354698195
22.0,1.0,9.0,0.1,0.075,0.2,1.0,4645.0,280.0,89.0,0.10527448869752422
22.0,1.0,10.0,0.1,0.075,0.2,1.0,4582.0,297.0,111.0,0.10672195547795722
22.0,1.0,11.0,0.1,0.075,0.2,1.0,4410.0,323.0,134.0,0.10793650793650794
22.0,1.0,12.0,0.1,0.075,0.2,1.0,4326.0,357.0,167.0,0.10933888118354138
22.0,1.0,13.0,0.1,0.075,0.2,1.0,4101.0,384.0,157.0,0.1097293343087052
22.0,1.0,14.0,0.1,0.075,0.2,1.0,3992.0,387.0,172.0,0.11022044088176353
22.0,1.0,15.0,0.1,0.075,0.2,1.0,3758.0,385.0,190.0,0.11255987227248536
22.0,1.0,16.0,0.1,0.075,0.2,1.0,3679.0,402.0,197.0,0.11470508290296276
22.0,1.0,17.0,0.1,0.075,0.2,1.0,3554.0,397.0,186.0,0.11592571750140687
22.0,1.0,18.0,0.1,0.075,0.2,1.0,3467.0,373.0,187.0,0.11941159503893857
22.0,1.0,19.0,0.1,0.075,0.2,1.0,3345.0,371.0,191.0,0.12047832585949178
22.0,1.0,20.0,0.1,0.075,0.2,1.0,6265.0,369.0,188.0,0.0644852354349561
22.0,1.0,21.0,0.1,0.075,0.2,1.0,5986.0,466.0,173.0,0.06598730370865352
22.0,1.0,22.0,0.1,0.075,0.2,1.0,5663.0,484.0,180.0,0.06833833657072223
22.0,1.0,23.0,0.1,0.075,0.2,1.0,5287.0,542.0,200.0,0.06960469075089842
22.0,1.0,24.0,0.1,0.075,0.2,1.0,4975.0,606.0,228.0,0.07135678391959799
22.0,1.0,25.0,0.1,0.075,0.2,1.0,4670.0,625.0,253.0,0.0734475374732334
22.0,1.0,26.0,0.1,0.075,0.2,1.0,4368.0,643.0,284.0,0.07623626373626374
22.0,1.0,27.0,0.1,0.075,0.2,1.0,4132.0,653.0,296.0,0.08010648596321394
22.0,1.0,28.0,0.1,0.075,0.2,1.0,3907.0,658.0,312.0,0.08292807780906065
22.0,1.0,29.0,0.1,0.075,0.2,1.0,3644.0,691.0,307.0,0.08644346871569704
22.0,1.0,30.0,0.1,0.075,0.2,1.0,3435.0,705.0,312.0,0.0911208151382824
22.0,1.0,31.0,0.1,0.075,0.2,1.0,3205.0,672.0,315.0,0.09547581903276131
22.0,1.0,32.0,0.1,0.075,0.2,1.0,2996.0,659.0,317.0,0.09946595460614152
22.0,1.0,33.0,0.1,0.075,0.2,1.0,2778.0,649.0,294.0,0.10583153347732181
22.0,1.0,34.0,0.1,0.075,0.2,1.0,2605.0,608.0,264.0,0.11055662188099807
22.0,1.0,35.0,0.1,0.075,0.2,1.0,2429.0,549.0,273.0,0.11774392754219844
22.0,1.0,36.0,0.1,0.075,0.2,1.0,2305.0,505.0,271.0,0.12321041214750543
22.0,1.0,37.0,0.1,0.075,0.2,1.0,2128.0,472.0,270.0,0.13063909774436092
22.0,1.0,38.0,0.1,0.075,0.2,1.0,1998.0,443.0,238.0,0.13913913913913914
22.0,1.0,39.0,0.1,0.075,0.2,1.0,1857.0,390.0,207.0,0.1464728056004308
22.0,1.0,40.0,0.1,0.075,0.2,1.0,1726.0,334.0,179.0,0.15758980301274622
22.0,1.0,41.0,0.1,0.075,0.2,1.0,1640.0,314.0,160.0,0.16402439024390245
22.0,1.0,42.0,0.1,0.075,0.2,1.0,1544.0,283.0,139.0,0.172279792746114
22.0,1.0,43.0,0.1,0.075,0.2,1.0,1489.0,265.0,138.0,0.17931497649429148
22.0,1.0,44.0,0.1,0.075,0.2,1.0,1424.0,246.0,133.0,0.18890449438202248
22.0,1.0,45.0,0.1,0.075,0.2,1.0,1362.0,251.0,122.0,0.2621145374449339
22.0,1.0,46.0,0.1,0.075,0.2,1.0,1292.0,209.0,105.0,0.26625386996904027
22.0,1.0,47.0,0.1,0.075,0.2,1.0,1212.0,177.0,96.0,0.2731023102310231
22.0,1.0,48.0,0.1,0.075,0.2,1.0,1160.0,166.0,100.0,0.2775862068965517
22.0,1.0,49.0,0.1,0.075,0.2,1.0,1132.0,141.0,88.0,0.2835689045936396
22.0,1.0,50.0,0.1,0.075,0.2,1.0,1083.0,130.0,74.0,0.2899353647276085
22.0,1.0,51.0,0.1,0.075,0.2,1.0,1043.0,109.0,59.0,0.2962607861936721
22.0,1.0,52.0,0.1,0.075,0.2,1.0,1002.0,97.0,56.0,0.3023952095808383
22.0,2.0,1.0,0.1,0.075,0.2,1.0,982.0,91.0,51.0,0.3065173116089613
22.0,2.0,2.0,0.1,0.075,0.2,1.0,949.0,85.0,44.0,0.31401475237091675
22.0,2.0,3.0,0.1,0.075,0.2,1.0,934.0,72.0,40.0,0.3169164882226981
22.0,2.0,4.0,0.1,0.075,0.2,1.0,907.0,72.0,40.0,0.3219404630650496
22.0,2.0,5.0,0.1,0.075,0.2,1.0,898.0,62.0,38.0,0.3262806236080178
22.0,2.0,6.0,0.1,0.075,0.2,1.0,862.0,59.0,35.0,0.3352668213457077
22.0,2.0,7.0,0.1,0.075,0.2,1.0,857.0,57.0,31.0,0.34072345390898484
22.0,2.0,8.0,0.1,0.075,0.2,1.0,821.0,48.0,25.0,0.3459196102314251
22.0,2.0,9.0,0.1,0.075,0.2,1.0,818.0,39.0,23.0,0.3484107579462103
22.0,2.0,10.0,0.1,0.075,0.2,1.0,793.0,31.0,19.0,0.35687263556116017
22.0,2.0,11.0,0.1,0.075,0.2,1.0,789.0,28.0,17.0,0.3561470215462611
22.0,2.0,12.0,0.1,0.075,0.2,1.0,770.0,22.0,11.0,0.36623376623376624
22.0,2.0,13.0,0.1,0.075,0.2,1.0,764.0,18.0,13.0,0.36387434554973824
22.0,2.0,14.0,0.1,0.075,0.2,1.0,748.0,14.0,10.0,0.3689839572192513
22.0,2.0,15.0,0.1,0.075,0.2,1.0,752.0,13.0,10.0,0.36436170212765956
22.0,2.0,16.0,0.1,0.075,0.2,1.0,733.0,8.0,4.0,0.3710777626193724
22.0,2.0,17.0,0.1,0.075,0.2,1.0,733.0,6.0,2.0,0.3656207366984993
22.0,2.0,18.0,0.1,0.075,0.2,1.0,721.0,4.0,1.0,0.36893203883495146
22.0,2.0,19.0,0.1,0.075,0.2,1.0,726.0,4.0,2.0,0.3650137741046832
22.0,2.0,20.0,0.1,0.075,0.2,1.0,1280.0,4.0,3.0,0.20625
22.0,2.0,21.0,0.1,0.075,0.2,1.0,1245.0,4.0,3.0,0.20481927710843373
22.0,2.0,22.0,0.1,0.075,0.2,1.0,1236.0,6.0,2.0,0.20711974110032363
22.0,2.0,23.0,0.1,0.075,0.2,1.0,1220.0,6.0,1.0,0.2040983606557377
22.0,2.0,24.0,0.1,0.075,0.2,1.0,1210.0,5.0,0.0,0.20826446280991737
22.0,2.0,25.0,0.1,0.075,0.2,1.0,1187.0,5.0,1.0,0.20893007582139847
22.0,2.0,26.0,0.1,0.075,0.2,1.0,1183.0,5.0,3.0,0.2087912087912088
22.0,2.0,27.0,0.1,0.075,0.2,1.0,1169.0,7.0,4.0,0.21385799828913601
22.0,2.0,28.0,0.1,0.075,0.2,1.0,1153.0,7.0,3.0,0.21162185602775369
22.0,2.0,29.0,0.1,0.075,0.2,1.0,1089.0,7.0,1.0,0.2157943067033976
22.0,2.0,30.0,0.1,0.075,0.2,1.0,1078.0,6.0,1.0,0.21335807050092764
22.0,2.0,31.0,0.1,0.075,0.2,1.0,1043.0,6.0,3.0,0.21572387344199426
22.0,2.0,32.0,0.1,0.075,0.2,1.0,1041.0,8.0,4.0,0.21517771373679154
22.0,2.0,33.0,0.1,0.075,0.2,1.0,1032.0,10.0,4.0,0.21608527131782945
22.0,2.0,34.0,0.1,0.075,0.2,1.0,1028.0,8.0,4.0,0.2169260700389105
22.0,2.0,35.0,0.1,0.075,0.2,1.0,988.0,7.0,5.0,0.2216599190283401
22.0,2.0,36.0,0.1,0.075,0.2,1.0,996.0,7.0,4.0,0.21987951807228914
22.0,2.0,37.0,0.1,0.075,0.2,1.0,970.0,6.0,3.0,0.22268041237113403
22.0,2.0,38.0,0.1,0.075,0.2,1.0,973.0,6.0,1.0,0.2199383350462487
22.0,2.0,39.0,0.1,0.075,0.2,1.0,918.0,7.0,4.0,0.22440087145969498
22.0,2.0,40.0,0.1,0.075,0.2,1.0,920.0,11.0,3.0,0.22608695652173913
22.0,2.0,41.0,0.1,0.075,0.2,1.0,897.0,13.0,5.0,0.22742474916387959
22.0,2.0,42.0,0.1,0.075,0.2,1.0,900.0,12.0,3.0,0.22666666666666666
22.0,2.0,43.0,0.1,0.075,0.2,1.0,855.0,10.0,3.0,0.2304093567251462
22.0,2.0,44.0,0.1,0.075,0.2,1.0,859.0,12.0,7.0,0.22933643771827705
22.0,2.0,45.0,0.1,0.075,0.2,1.0,836.0,12.0,8.0,0.28588516746411485
22.0,2.0,46.0,0.1,0.075,0.2,1.0,841.0,10.0,9.0,0.28299643281807374
22.0,2.0,47.0,0.1,0.075,0.2,1.0,814.0,7.0,5.0,0.28501228501228504
22.0,2.0,48.0,0.1,0.075,0.2,1.0,815.0,4.0,4.0,0.28588957055214725
22.0,2.0,49.0,0.1,0.075,0.2,1.0,797.0,6.0,1.0,0.2860727728983689
22.0,2.0,50.0,0.1,0.075,0.2,1.0,803.0,7.0,4.0,0.28268991282689915
22.0,2.0,51.0,0.1,0.075,0.2,1.0,786.0,8.0,3.0,0.2837150127226463
22.0,2.0,52.0,0.1,0.075,0.2,1.0,797.0,9.0,5.0,0.27854454203262236
22.0,3.0,1.0,0.1,0.075,0.2,1.0,775.0,7.0,5.0,0.28258064516129033
22.0,3.0,2.0,0.1,0.075,0.2,1.0,778.0,7.0,6.0,0.2763496143958869
22.0,3.0,3.0,0.1,0.075,0.2,1.0,755.0,6.0,4.0,0.27947019867549666
22.0,3.0,4.0,0.1,0.075,0.2,1.0,753.0,3.0,1.0,0.2788844621513944
22.0,3.0,5.0,0.1,0.075,0.2,1.0,743.0,2.0,2.0,0.27860026917900405
22.0,3.0,6.0,0.1,0.075,0.2,1.0,742.0,2.0,2.0,0.2803234501347709
22.0,3.0,7.0,0.1,0.075,0.2,1.0,728.0,2.0,2.0,0.2815934065934066
22.0,3.0,8.0,0.1,0.075,0.2,1.0,721.0,0.0,0.0,0.2801664355062413
22.0,3.0,9.0,0.1,0.075,0.2,1.0,709.0,0.0,0.0,0.2778561354019746
22.0,3.0,10.0,0.1,0.075,0.2,1.0,707.0,0.0,0.0,0.2743988684582744
22.0,3.0,11.0,0.1,0.075,0.2,1.0,686.0,0.0,0.0,0.27988338192419826
22.0,3.0,12.0,0.1,0.075,0.2,1.0,686.0,0.0,0.0,0.27696793002915454
22.0,3.0,13.0,0.1,0.075,0.2,1.0,668.0,0.0,0.0,0.27844311377245506
22.0,3.0,14.0,0.1,0.075,0.2,1.0,672.0,0.0,0.0,0.2767857142857143
22.0,3.0,15.0,0.1,0.075,0.2,1.0,662.0,0.0,0.0,0.27794561933534745
22.0,3.0,16.0,0.1,0.075,0.2,1.0,668.0,0.0,0.0,0.2754491017964072
22.0,3.0,17.0,0.1,0.075,0.2,1.0,659.0,0.0,0.0,0.27921092564491656
22.0,3.0,18.0,0.1,0.075,0.2,1.0,661.0,0.0,0.0,0.2813918305597579
22.0,3.0,19.0,0.1,0.075,0.2,1.0,654.0,0.0,0.0,0.2798165137614679
22.0,3.0,20.0,0.1,0.075,0.2,1.0,1260.0,0.0,0.0,0.14761904761904762
22.0,3.0,21.0,0.1,0.075,0.2,1.0,1214.0,0.0,0.0,0.14662273476112025
22.0,3.0,22.0,0.1,0.075,0.2,1.0,1203.0,0.0,0.0,0.1487946799667498
22.0,3.0,23.0,0.1,0.075,0.2,1.0,1190.0,0.0,0.0,0.14789915966386555
22.0,3.0,24.0,0.1,0.075,0.2,1.0,1181.0,0.0,0.0,0.14902624894157493
22.0,3.0,25.0,0.1,0.075,0.2,1.0,1150.0,0.0,0.0,0.1443478260869565
22.0,3.0,26.0,0.1,0.075,0.2,1.0,1125.0,0.0,0.0,0.14933333333333335
22.0,3.0,27.0,0.1,0.075,0.2,1.0,1084.0,0.0,0.0,0.14852398523985239
22.0,3.0,28.0,0.1,0.075,0.2,1.0,1097.0,0.0,0.0,0.14949863263445762
22.0,3.0,29.0,0.1,0.075,0.2,1.0,1071.0,0.0,0.0,0.1503267973856209
22.0,3.0,30.0,0.1,0.075,0.2,1.0,1065.0,0.0,0.0,0.1511737089201878
22.0,3.0,31.0,0.1,0.075,0.2,1.0,1025.0,0.0,0.0,0.1521951219512195
22.0,3.0,32.0,0.1,0.075,0.2,1.0,1005.0,0.0,0.0,0.15124378109452735
22.0,3.0,33.0,0.1,0.075,0.2,1.0,977.0,0.0,0.0,0.1555783009211873
22.0,3.0,34.0,0.1,0.075,0.2,1.0,958.0,0.0,0.0,0.1544885177453027
22.0,3.0,35.0,0.1,0.075,0.2,1.0,932.0,0.0,0.0,0.15343347639484978
22.0,3.0,36.0,0.1,0.075,0.2,1.0,922.0,0.0,0.0,0.15184381778741865
22.0,3.0,37.0,0.1,0.075,0.2,1.0,898.0,0.0,0.0,0.15033407572383073
22.0,3.0,38.0,0.1,0.075,0.2,1.0,889.0,0.0,0.0,0.14960629921259844
22.0,3.0,39.0,0.1,0.075,0.2,1.0,873.0,0.0,0.0,0.15005727376861397
22.0,3.0,40.0,0.1,0.075,0.2,1.0,867.0,0.0,0.0,0.14994232987312572
22.0,3.0,41.0,0.1,0.075,0.2,1.0,841.0,0.0,0.0,0.14982164090368608
22.0,3.0,42.0,0.1,0.075,0.2,1.0,834.0,0.0,0.0,0.1510791366906475
22.0,3.0,43.0,0.1,0.075,0.2,1.0,833.0,0.0,0.0,0.15126050420168066
22.0,3.0,44.0,0.1,0.075,0.2,1.0,807.0,0.0,0.0,0.1524163568773234
22.0,3.0,45.0,0.1,0.075,0.2,1.0,793.0,0.0,0.0,0.23203026481715006
22.0,3.0,46.0,0.1,0.075,0.2,1.0,785.0,0.0,0.0,0.2318471337579618
22.0,3.0,47.0,0.1,0.075,0.2,1.0,754.0,0.0,0.0,0.23342175066312998
22.0,3.0,48.0,0.1,0.075,0.2,1.0,739.0,0.0,0.0,0.23004059539918809
22.0,3.0,49.0,0.1,0.075,0.2,1.0,726.0,0.0,0.0,0.23002754820936638
22.0,3.0,50.0,0.1,0.075,0.2,1.0,720.0,0.0,0.0,0.2263888888888889
22.0,3.0,51.0,0.1,0.075,0.2,1.0,714.0,0.0,0.0,0.23109243697478993
22.0,3.0,52.0,0.1,0.075,0.2,1.0,705.0,0.0,0.0,0.225531914893617
22.0,4.0,1.0,0.1,0.075,0.2,1.0,702.0,0.0,0.0,0.22934472934472935
22.0,4.0,2.0,0.1,0.075,0.2,1.0,698.0,0.0,0.0,0.22492836676217765
22.0,4.0,3.0,0.1,0.075,0.2,1.0,696.0,0.0,0.0,0.22557471264367815
22.0,4.0,4.0,0.1,0.075,0.2,1.0,686.0,0.0,0.0,0.21865889212827988
22.0,4.0,5.0,0.1,0.075,0.2,1.0,677.0,0.0,0.0,0.22008862629246675
22.0,4.0,6.0,0.1,0.075,0.2,1.0,671.0,0.0,0.0,0.21758569299552907
22.0,4.0,7.0,0.1,0.075,0.2,1.0,665.0,0.0,0.0,0.21954887218045113
22.0,4.0,8.0,0.1,0.075,0.2,1.0,660.0,0.0,0.0,0.21818181818181817
22.0,4.0,9.0,0.1,0.075,0.2,1.0,656.0,0.0,0.0,0.21951219512195122
22.0,4.0,10.0,0.1,0.075,0.2,1.0,651.0,0.0,0.0,0.2196620583717358
22.0,4.0,11.0,0.1,0.075,0.2,1.0,646.0,0.0,0.0,0.21671826625386997
22.0,4.0,12.0,0.1,0.075,0.2,1.0,644.0,0.0,0.0,0.21739130434782608
22.0,4.0,13.0,0.1,0.075,0.2,1.0,635.0,0.0,0.0,0.215748031496063
22.0,4.0,14.0,0.1,0.075,0.2,1.0,635.0,0.0,0.0,0.215748031496063
22.0,4.0,15.0,0.1,0.075,0.2,1.0,626.0,0.0,0.0,0.21405750798722045
22.0,4.0,16.0,0.1,0.075,0.2,1.0,625.0,0.0,0.0,0.2144
22.0,4.0,17.0,0.1,0.075,0.2,1.0,617.0,0.0,0.0,0.21231766612641814
22.0,4.0,18.0,0.1,0.075,0.2,1.0,617.0,0.0,0.0,0.21393841166936792
22.0,4.0,19.0,0.1,0.075,0.2,1.0,611.0,0.0,0.0,0.21112929623567922
22.0,4.0,20.0,0.1,0.075,0.2,1.0,1171.0,0.0,0.0,0.11101622544833475
22.0,4.0,21.0,0.1,0.075,0.2,1.0,1150.0,0.0,0.0,0.11130434782608696
22.0,4.0,22.0,0.1,0.075,0.2,1.0,1123.0,0.0,0.0,0.11130899376669635
22.0,4.0,23.0,0.1,0.075,0.2,1.0,1086.0,0.0,0.0,0.11233885819521179
22.0,4.0,24.0,0.1,0.075,0.2,1.0,1076.0,0.0,0.0,0.11152416356877323
22.0,4.0,25.0,0.1,0.075,0.2,1.0,1047.0,0.0,0.0,0.11365807067812798
22.0,4.0,26.0,0.1,0.075,0.2,1.0,1030.0,0.0,0.0,0.11165048543689321
22.0,4.0,27.0,0.1,0.075,0.2,1.0,1029.0,0.0,0.0,0.1098153547133139
22.0,4.0,28.0,0.1,0.075,0.2,1.0,1007.0,0.0,0.0,0.11022840119165839
22.0,4.0,29.0,0.1,0.075,0.2,1.0,992.0,0.0,0.0,0.11088709677419355
22.0,4.0,30.0,0.1,0.075,0.2,1.0,986.0,0.0,0.0,0.10851926977687627
22.0,4.0,31.0,0.1,0.075,0.2,1.0,974.0,0.0,0.0,0.11396303901437371
22.0,4.0,32.0,0.1,0.075,0.2,1.0,965.0,0.0,0.0,0.11088082901554404
22.0,4.0,33.0,0.1,0.075,0.2,1.0,943.0,0.0,0.0,0.11346765641569459
22.0,4.0,34.0,0.1,0.075,0.2,1.0,945.0,0.0,0.0,0.1111111111111111
22.0,4.0,35.0,0.1,0.075,0.2,1.0,918.0,0.0,0.0,0.11546840958605664
22.0,4.0,36.0,0.1,0.075,0.2,1.0,905.0,0.0,0.0,0.11049723756906077
22.0,4.0,37.0,0.1,0.075,0.2,1.0,893.0,0.0,0.0,0.11310190369540873
22.0,4.0,38.0,0.1,0.075,0.2,1.0,876.0,0.0,0.0,0.11073059360730593
22.0,4.0,39.0,0.1,0.075,0.2,1.0,858.0,0.0,0.0,0.11655011655011654
22.0,4.0,40.0,0.1,0.075,0.2,1.0,842.0,0.0,0.0,0.11163895486935867
22.0,4.0,41.0,0.1,0.075,0.2,1.0,837.0,0.0,0.0,0.11230585424133811
22.0,4.0,42.0,0.1,0.075,0.2,1.0,824.0,0.0,0.0,0.10922330097087378
22.0,4.0,43.0,0.1,0.075,0.2,1.0,823.0,0.0,0.0,0.1117861482381531
22.0,4.0,44.0,0.1,0.075,0.2,1.0,813.0,0.0,0.0,0.11316113161131611
22.0,4.0,45.0,0.1,0.075,0.2,1.0,773.0,0.0,0.0,0.16946959896507116
22.0,4.0,46.0,0.1,0.075,0.2,1.0,770.0,0.0,0.0,0.17402597402597403
22.0,4.0,47.0,0.1,0.075,0.2,1.0,771.0,0.0,0.0,0.16990920881971466
22.0,4.0,48.0,0.1,0.075,0.2,1.0,765.0,0.0,0.0,0.17516339869281045
22.0,4.0,49.0,0.1,0.075,0.2,1.0,741.0,0.0,0.0,0.16869095816464239
22.0,4.0,50.0,0.1,0.075,0.2,1.0,732.0,0.0,0.0,0.16666666666666666
22.0,4.0,51.0,0.1,0.075,0.2,1.0,708.0,0.0,0.0,0.1652542372881356
22.0,4.0,52.0,0.1,0.075,0.2,1.0,700.0,0.0,0.0,0.16
22.0,5.0,1.0,0.1,0.075,0.2,1.0,696.0,0.0,0.0,0.15804597701149425
22.0,5.0,2.0,0.1,0.075,0.2,1.0,695.0,0.0,0.0,0.15971223021582734
22.0,5.0,3.0,0.1,0.075,0.2,1.0,686.0,0.0,0.0,0.1588921282798834
22.0,5.0,4.0,0.1,0.075,0.2,1.0,686.0,0.0,0.0,0.15597667638483964
22.0,5.0,5.0,0.1,0.075,0.2,1.0,669.0,0.0,0.0,0.15844544095665172
22.0,5.0,6.0,0.1,0.075,0.2,1.0,669.0,0.0,0.0,0.1554559043348281
22.0,5.0,7.0,0.1,0.075,0.2,1.0,660.0,0.0,0.0,0.15606060606060607
22.0,5.0,8.0,0.1,0.075,0.2,1.0,661.0,0.0,0.0,0.1573373676248109
22.0,5.0,9.0,0.1,0.075,0.2,1.0,649.0,0.0,0.0,0.15870570107858242
22.0,5.0,10.0,0.1,0.075,0.2,1.0,659.0,0.0,0.0,0.15629742033383914
22.0,5.0,11.0,0.1,0.075,0.2,1.0,646.0,0.0,0.0,0.15789473684210525
22.0,5.0,12.0,0.1,0.075,0.2,1.0,642.0,0.0,0.0,0.1573208722741433
22.0,5.0,13.0,0.1,0.075,0.2,1.0,637.0,0.0,0.0,0.15855572998430142
22.0,5.0,14.0,0.1,0.075,0.2,1.0,634.0,0.0,0.0,0.15772870662460567
22.0,5.0,15.0,0.1,0.075,0.2,1.0,633.0,0.0,0.0,0.15955766192733017
22.0,5.0,16.0,0.1,0.075,0.2,1.0,613.0,0.0,0.0,0.16150081566068517
22.0,5.0,17.0,0.1,0.075,0.2,1.0,620.0,0.0,0.0,0.16129032258064516
22.0,5.0,18.0,0.1,0.075,0.2,1.0,611.0,0.0,0.0,0.16202945990180032
22.0,5.0,19.0,0.1,0.075,0.2,1.0,616.0,0.0,0.0,0.16071428571428573
22.0,5.0,20.0,0.1,0.075,0.2,1.0,1119.0,0.0,0.0,0.08757819481680071
22.0,5.0,21.0,0.1,0.075,0.2,1.0,1084.0,0.0,0.0,0.08671586715867159
22.0,5.0,22.0,0.1,0.075,0.2,1.0,1022.0,0.0,0.0,0.09001956947162426
22.0,5.0,23.0,0.1,0.075,0.2,1.0,1020.0,0.0,0.0,0.09019607843137255
22.0,5.0,24.0,0.1,0.075,0.2,1.0,970.0,0.0,0.0,0.09072164948453608
22.0,5.0,25.0,0.1,0.075,0.2,1.0,968.0,0.0,0.0,0.09194214876033058
22.0,5.0,26.0,0.1,0.075,0.2,1.0,902.0,0.0,0.0,0.09534368070953436
22.0,5.0,27.0,0.1,0.075,0.2,1.0,885.0,0.0,0.0,0.096045197740113
22.0,5.0,28.0,0.1,0.075,0.2,1.0,857.0,0.0,0.0,0.09801633605600933
22.0,5.0,29.0,0.1,0.075,0.2,1.0,876.0,0.0,0.0,0.09703196347031963
22.0,5.0,30.0,0.1,0.075,0.2,1.0,857.0,0.0,0.0,0.09801633605600933
22.0,5.0,31.0,0.1,0.075,0.2,1.0,840.0,0.0,0.0,0.09404761904761905
22.0,5.0,32.0,0.1,0.075,0.2,1.0,823.0,0.0,0.0,0.09477521263669501
22.0,5.0,33.0,0.1,0.075,0.2,1.0,824.0,0.0,0.0,0.09466019417475728
22.0,5.0,34.0,0.1,0.075,0.2,1.0,818.0,0.0,0.0,0.09535452322738386
22.0,5.0,35.0,0.1,0.075,0.2,1.0,824.0,0.0,0.0,0.09223300970873786
22.0,5.0,36.0,0.1,0.075,0.2,1.0,804.0,0.0,0.0,0.09328358208955224
22.0,5.0,37.0,0.1,0.075,0.2,1.0,799.0,0.0,0.0,0.09386733416770963
22.0,5.0,38.0,0.1,0.075,0.2,1.0,795.0,0.0,0.0,0.09433962264150944
22.0,5.0,39.0,0.1,0.075,0.2,1.0,800.0,0.0,0.0,0.09375
22.0,5.0,40.0,0.1,0.075,0.2,1.0,784.0,0.0,0.0,0.09311224489795919
22.0,5.0,41.0,0.1,0.075,0.2,1.0,789.0,0.0,0.0,0.09252217997465145
22.0,5.0,42.0,0.1,0.075,0.2,1.0,760.0,0.0,0.0,0.09342105263157895
22.0,5.0,43.0,0.1,0.075,0.2,1.0,768.0,0.0,0.0,0.09244791666666667
22.0,5.0,44.0,0.1,0.075,0.2,1.0,747.0,0.0,0.0,0.09504685408299866
22.0,5.0,45.0,0.1,0.075,0.2,1.0,754.0,0.0,0.0,0.15119363395225463
22.0,5.0,46.0,0.1,0.075,0.2,1.0,749.0,0.0,0.0,0.15620827770360482
22.0,5.0,47.0,0.1,0.075,0.2,1.0,751.0,0.0,0.0,0.151797603195739
22.0,5.0,48.0,0.1,0.075,0.2,1.0,742.0,0.0,0.0,0.15633423180592992
22.0,5.0,49.0,0.1,0.075,0.2,1.0,747.0,0.0,0.0,0.15528781793842034
22.0,5.0,50.0,0.1,0.075,0.2,1.0,740.0,0.0,0.0,0.1554054054054054
22.0,5.0,51.0,0.1,0.075,0.2,1.0,745.0,0.0,0.0,0.15436241610738255
22.0,5.0,52.0,0.1,0.075,0.2,1.0,739.0,0.0,0.0,0.15967523680649526
22.0,6.0,1.0,0.1,0.075,0.2,1.0,732.0,0.0,0.0,0.1557377049180328
22.0,6.0,2.0,0.1,0.075,0.2,1.0,724.0,0.0,0.0,0.16022099447513813
22.0,6.0,3.0,0.1,0.075,0.2,1.0,722.0,0.0,0.0,0.1523545706371191
22.0,6.0,4.0,0.1,0.075,0.2,1.0,720.0,0.0,0.0,0.15833333333333333
22.0,6.0,5.0,0.1,0.075,0.2,1.0,718.0,0.0,0.0,0.1532033426183844
22.0,6.0,6.0,0.1,0.075,0.2,1.0,691.0,0.0,0.0,0.1476121562952243
22.0,6.0,7.0,0.1,0.075,0.2,1.0,689.0,0.0,0.0,0.14223512336719885
22.0,6.0,8.0,0.1,0.075,0.2,1.0,688.0,0.0,0.0,0.14680232558139536
22.0,6.0,9.0,0.1,0.075,0.2,1.0,673.0,0.0,0.0,0.14561664190193166
22.0,6.0,10.0,0.1,0.075,0.2,1.0,672.0,0.0,0.0,0.15029761904761904
22.0,6.0,11.0,0.1,0.075,0.2,1.0,674.0,0.0,0.0,0.14540059347181009
22.0,6.0,12.0,0.1,0.075,0.2,1.0,669.0,0.0,0.0,0.14947683109118087
22.0,6.0,13.0,0.1,0.075,0.2,1.0,673.0,0.0,0.0,0.14710252600297177
22.0,6.0,14.0,0.1,0.075,0.2,1.0,665.0,0.0,0.0,0.14887218045112782
22.0,6.0,15.0,0.1,0.075,0.2,1.0,669.0,0.0,0.0,0.14798206278026907
22.0,6.0,16.0,0.1,0.075,0.2,1.0,664.0,0.0,0.0,0.15060240963855423
22.0,6.0,17.0,0.1,0.075,0.2,1.0,664.0,0.0,0.0,0.14759036144578314
22.0,6.0,18.0,0.1,0.075,0.2,1.0,660.0,0.0,0.0,0.15
22.0,6.0,19.0,0.1,0.075,0.2,1.0,660.0,0.0,0.0,0.14545454545454545
22.0,6.0,20.0,0.1,0.075,0.2,1.0,1170.0,0.0,0.0,0.08376068376068375
22.0,6.0,21.0,0.1,0.075,0.2,1.0,1127.0,0.0,0.0,0.08429458740017746
22.0,6.0,22.0,0.1,0.075,0.2,1.0,1126.0,0.0,0.0,0.08614564831261101
22.0,6.0,23.0,0.1,0.075,0.2,1.0,1124.0,0.0,0.0,0.08451957295373666
22.0,6.0,24.0,0.1,0.075,0.2,1.0,1120.0,0.0,0.0,0.08571428571428572
22.0,6.0,25.0,0.1,0.075,0.2,1.0,1077.0,0.0,0.0,0.08356545961002786
22.0,6.0,26.0,0.1,0.075,0.2,1.0,1075.0,0.0,0.0,0.08558139534883721
22.0,6.0,27.0,0.1,0.075,0.2,1.0,1001.0,0.0,0.0,0.08691308691308691
22.0,6.0,28.0,0.1,0.075,0.2,1.0,987.0,0.0,0.0,0.09017223910840932
22.0,6.0,29.0,0.1,0.075,0.2,1.0,967.0,0.0,0.0,0.08686659772492245
22.0,6.0,30.0,0.1,0.075,0.2,1.0,939.0,0.0,0.0,0.09052183173588925
22.0,6.0,31.0,0.1,0.075,0.2,1.0,937.0,0.0,0.0,0.09071504802561366
22.0,6.0,32.0,0.1,0.075,0.2,1.0,905.0,0.0,0.0,0.09281767955801105
22.0,6.0,33.0,0.1,0.075,0.2,1.0,901.0,0.0,0.0,0.0932297447280799
22.0,6.0,34.0,0.1,0.075,0.2,1.0,906.0,0.0,0.0,0.09271523178807947
22.0,6.0,35.0,0.1,0.075,0.2,1.0,890.0,0.0,0.0,0.09101123595505618
22.0,6.0,36.0,0.1,0.075,0.2,1.0,875.0,0.0,0.0,0.09028571428571429
22.0,6.0,37.0,0.1,0.075,0.2,1.0,863.0,0.0,0.0,0.0880648899188876
22.0,6.0,38.0,0.1,0.075,0.2,1.0,849.0,0.0,0.0,0.0895170789163722
22.0,6.0,39.0,0.1,0.075,0.2,1.0,836.0,0.0,0.0,0.08732057416267942
22.0,6.0,40.0,0.1,0.075,0.2,1.0,825.0,0.0,0.0,0.08848484848484849
22.0,6.0,41.0,0.1,0.075,0.2,1.0,819.0,0.0,0.0,0.08913308913308914
22.0,6.0,42.0,0.1,0.075,0.2,1.0,796.0,0.0,0.0,0.08793969849246232
22.0,6.0,43.0,0.1,0.075,0.2,1.0,805.0,0.0,0.0,0.08819875776397515
22.0,6.0,44.0,0.1,0.075,0.2,1.0,788.0,0.0,0.0,0.08883248730964467
22.0,6.0,45.0,0.1,0.075,0.2,1.0,764.0,0.0,0.0,0.14397905759162305
22.0,6.0,46.0,0.1,0.075,0.2,1.0,759.0,0.0,0.0,0.14492753623188406
22.0,6.0,47.0,0.1,0.075,0.2,1.0,762.0,0.0,0.0,0.14435695538057744
22.0,6.0,48.0,0.1,0.075,0.2,1.0,758.0,0.0,0.0,0.14116094986807387
22.0,6.0,49.0,0.1,0.075,0.2,1.0,748.0,0.0,0.0,0.13903743315508021
22.0,6.0,50.0,0.1,0.075,0.2,1.0,749.0,0.0,0.0,0.14018691588785046
22.0,6.0,51.0,0.1,0.075,0.2,1.0,751.0,0.0,0.0,0.13581890812250333
22.0,6.0,52.0,0.1,0.075,0.2,1.0,736.0,0.0,0.0,0.13722826086956522
22.0,7.0,1.0,0.1,0.075,0.2,1.0,740.0,0.0,0.0,0.13513513513513514
22.0,7.0,2.0,0.1,0.075,0.2,1.0,736.0,0.0,0.0,0.13722826086956522
22.0,7.0,3.0,0.1,0.075,0.2,1.0,740.0,0.0,0.0,0.13513513513513514
22.0,7.0,4.0,0.1,0.075,0.2,1.0,734.0,0.0,0.0,0.13896457765667575
22.0,7.0,5.0,0.1,0.075,0.2,1.0,736.0,0.0,0.0,0.13451086956521738
22.0,7.0,6.0,0.1,0.075,0.2,1.0,728.0,0.0,0.0,0.13736263736263737
22.0,7.0,7.0,0.1,0.075,0.2,1.0,731.0,0.0,0.0,0.1326949384404925
22.0,7.0,8.0,0.1,0.075,0.2,1.0,722.0,0.0,0.0,0.13573407202216067
22.0,7.0,9.0,0.1,0.075,0.2,1.0,727.0,0.0,0.0,0.13342503438789546
22.0,7.0,10.0,0.1,0.075,0.2,1.0,722.0,0.0,0.0,0.13573407202216067
22.0,7.0,11.0,0.1,0.075,0.2,1.0,709.0,0.0,0.0,0.1311706629055007
22.0,7.0,12.0,0.1,0.075,0.2,1.0,697.0,0.0,0.0,0.13199426111908177
22.0,7.0,13.0,0.1,0.075,0.2,1.0,695.0,0.0,0.0,0.13093525179856116
22.0,7.0,14.0,0.1,0.075,0.2,1.0,690.0,0.0,0.0,0.1318840579710145
22.0,7.0,15.0,0.1,0.075,0.2,1.0,690.0,0.0,0.0,0.1318840579710145
22.0,7.0,16.0,0.1,0.075,0.2,1.0,674.0,0.0,0.0,0.13649851632047477
22.0,7.0,17.0,0.1,0.075,0.2,1.0,678.0,0.0,0.0,0.13274336283185842
22.0,7.0,18.0,0.1,0.075,0.2,1.0,673.0,0.0,0.0,0.13670133729569092
22.0,7.0,19.0,0.1,0.075,0.2,1.0,667.0,0.0,0.0,0.136431784107946
22.0,7.0,20.0,0.1,0.075,0.2,1.0,1159.0,0.0,0.0,0.07851596203623813
22.0,7.0,21.0,0.1,0.075,0.2,1.0,1157.0,0.0,0.0,0.07778738115816768
22.0,7.0,22.0,0.1,0.075,0.2,1.0,1103.0,0.0,0.0,0.07978241160471441
22.0,7.0,23.0,0.1,0.075,0.2,1.0,1112.0,0.0,0.0,0.07733812949640288
22.0,7.0,24.0,0.1,0.075,0.2,1.0,1063.0,0.0,0.0,0.07902163687676388
22.0,7.0,25.0,0.1,0.075,0.2,1.0,1055.0,0.0,0.0,0.08056872037914692
22.0,7.0,26.0,0.1,0.075,0.2,1.0,1026.0,0.0,0.0,0.08187134502923976
22.0,7.0,27.0,0.1,0.075,0.2,1.0,1041.0,0.0,0.0,0.07973102785782901
22.0,7.0,28.0,0.1,0.075,0.2,1.0,1008.0,0.0,0.0,0.08035714285714286
22.0,7.0,29.0,0.1,0.075,0.2,1.0,1026.0,0.0,0.0,0.07894736842105263
22.0,7.0,30.0,0.1,0.075,0.2,1.0,980.0,0.0,0.0,0.0826530612244898
22.0,7.0,31.0,0.1,0.075,0.2,1.0,989.0,0.0,0.0,0.0788675429726997
22.0,7.0,32.0,0.1,0.075,0.2,1.0,941.0,0.0,0.0,0.077577045696068
22.0,7.0,33.0,0.1,0.075,0.2,1.0,930.0,0.0,0.0,0.07741935483870968
22.0,7.0,34.0,0.1,0.075,0.2,1.0,914.0,0.0,0.0,0.0787746170678337
22.0,7.0,35.0,0.1,0.075,0.2,1.0,910.0,0.0,0.0,0.07692307692307693
22.0,7.0,36.0,0.1,0.075,0.2,1.0,879.0,0.0,0.0,0.07622298065984073
22.0,7.0,37.0,0.1,0.075,0.2,1.0,882.0,0.0,0.0,0.07482993197278912
22.0,7.0,38.0,0.1,0.075,0.2,1.0,872.0,0.0,0.0,0.0768348623853211
22.0,7.0,39.0,0.1,0.075,0.2,1.0,864.0,0.0,0.0,0.07407407407407407
22.0,7.0,40.0,0.1,0.075,0.2,1.0,848.0,0.0,0.0,0.07193396226415094
22.0,7.0,41.0,0.1,0.075,0.2,1.0,854.0,0.0,0.0,0.07142857142857142
22.0,7.0,42.0,0.1,0.075,0.2,1.0,844.0,0.0,0.0,0.07109004739336493
22.0,7.0,43.0,0.1,0.075,0.2,1.0,853.0,0.0,0.0,0.07151230949589683
22.0,7.0,44.0,0.1,0.075,0.2,1.0,842.0,0.0,0.0,0.07007125890736342
22.0,7.0,45.0,0.1,0.075,0.2,1.0,852.0,0.0,0.0,0.15610328638497653
22.0,7.0,46.0,0.1,0.075,0.2,1.0,840.0,0.0,0.0,0.15357142857142858
22.0,7.0,47.0,0.1,0.075,0.2,1.0,837.0,0.0,0.0,0.15531660692951016
22.0,7.0,48.0,0.1,0.075,0.2,1.0,826.0,0.0,0.0,0.15375302663438256
22.0,7.0,49.0,0.1,0.075,0.2,1.0,832.0,0.0,0.0,0.15504807692307693
22.0,7.0,50.0,0.1,0.075,0.2,1.0,825.0,0.0,0.0,0.15393939393939393
22.0,7.0,51.0,0.1,0.075,0.2,1.0,831.0,0.0,0.0,0.1552346570397112
22.0,7.0,52.0,0.1,0.075,0.2,1.0,819.0,0.0,0.0,0.15506715506715507
22.0,8.0,1.0,0.1,0.075,0.2,1.0,820.0,0.0,0.0,0.15609756097560976
22.0,8.0,2.0,0.1,0.075,0.2,1.0,814.0,0.0,0.0,0.15601965601965603
22.0,8.0,3.0,0.1,0.075,0.2,1.0,821.0,0.0,0.0,0.1559074299634592
22.0,8.0,4.0,0.1,0.075,0.2,1.0,815.0,0.0,0.0,0.1558282208588957
22.0,8.0,5.0,0.1,0.075,0.2,1.0,797.0,0.0,0.0,0.15809284818067754
22.0,8.0,6.0,0.1,0.075,0.2,1.0,792.0,0.0,0.0,0.15782828282828282
22.0,8.0,7.0,0.1,0.075,0.2,1.0,796.0,0.0,0.0,0.15829145728643215
22.0,8.0,8.0,0.1,0.075,0.2,1.0,790.0,0.0,0.0,0.1569620253164557
22.0,8.0,9.0,0.1,0.075,0.2,1.0,782.0,0.0,0.0,0.1547314578005115
22.0,8.0,10.0,0.1,0.075,0.2,1.0,773.0,0.0,0.0,0.15523932729624837
22.0,8.0,11.0,0.1,0.075,0.2,1.0,774.0,0.0,0.0,0.15633074935400518
22.0,8.0,12.0,0.1,0.075,0.2,1.0,766.0,0.0,0.0,0.1566579634464752
22.0,8.0,13.0,0.1,0.075,0.2,1.0,770.0,0.0,0.0,0.15714285714285714
22.0,8.0,14.0,0.1,0.075,0.2,1.0,764.0,0.0,0.0,0.15706806282722513
22.0,8.0,15.0,0.1,0.075,0.2,1.0,768.0,0.0,0.0,0.15755208333333334
22.0,8.0,16.0,0.1,0.075,0.2,1.0,762.0,0.0,0.0,0.15748031496062992
22.0,8.0,17.0,0.1,0.075,0.2,1.0,764.0,0.0,0.0,0.15837696335078533
22.0,8.0,18.0,0.1,0.075,0.2,1.0,756.0,0.0,0.0,0.15873015873015872
22.0,8.0,19.0,0.1,0.075,0.2,1.0,765.0,0.0,0.0,0.15816993464052287
22.0,8.0,20.0,0.1,0.075,0.2,1.0,1418.0,0.0,0.0,0.0846262341325811
22.0,8.0,21.0,0.1,0.075,0.2,1.0,1357.0,0.0,0.0,0.0847457627118644
22.0,8.0,22.0,0.1,0.075,0.2,1.0,1316.0,0.0,0.0,0.08434650455927052
22.0,8.0,23.0,0.1,0.075,0.2,1.0,1249.0,0.0,0.0,0.08166533226581266
22.0,8.0,24.0,0.1,0.075,0.2,1.0,1232.0,0.0,0.0,0.08198051948051949
22.0,8.0,25.0,0.1,0.075,0.2,1.0,1230.0,0.0,0.0,0.08292682926829269
22.0,8.0,26.0,0.1,0.075,0.2,1.0,1175.0,0.0,0.0,0.0825531914893617
22.0,8.0,27.0,0.1,0.075,0.2,1.0,1161.0,0.0,0.0,0.0818260120585702
22.0,8.0,28.0,0.1,0.075,0.2,1.0,1120.0,0.0,0.0,0.08303571428571428
22.0,8.0,29.0,0.1,0.075,0.2,1.0,1093.0,0.0,0.0,0.08325709057639524
22.0,8.0,30.0,0.1,0.075,0.2,1.0,1080.0,0.0,0.0,0.08425925925925926
22.0,8.0,31.0,0.1,0.075,0.2,1.0,1065.0,0.0,0.0,0.08544600938967137
22.0,8.0,32.0,0.1,0.075,0.2,1.0,1054.0,0.0,0.0,0.08538899430740038
22.0,8.0,33.0,0.1,0.075,0.2,1.0,1021.0,0.0,0.0,0.08521057786483839
22.0,8.0,34.0,0.1,0.075,0.2,1.0,1025.0,0.0,0.0,0.08487804878048781
22.0,8.0,35.0,0.1,0.075,0.2,1.0,1022.0,0.0,0.0,0.08512720156555773
22.0,8.0,36.0,0.1,0.075,0.2,1.0,996.0,0.0,0.0,0.08734939759036145
22.0,8.0,37.0,0.1,0.075,0.2,1.0,982.0,0.0,0.0,0.0855397148676171
22.0,8.0,38.0,0.1,0.075,0.2,1.0,985.0,0.0,0.0,0.08527918781725888
22.0,8.0,39.0,0.1,0.075,0.2,1.0,982.0,0.0,0.0,0.0855397148676171
22.0,8.0,40.0,0.1,0.075,0.2,1.0,956.0,0.0,0.0,0.08577405857740586
22.0,8.0,41.0,0.1,0.075,0.2,1.0,919.0,0.0,0.0,0.08378672470076169
22.0,8.0,42.0,0.1,0.075,0.2,1.0,907.0,0.0,0.0,0.08269018743109151
22.0,8.0,43.0,0.1,0.075,0.2,1.0,893.0,0.0,0.0,0.08174692049272117
22.0,8.0,44.0,0.1,0.075,0.2,1.0,859.0,0.0,0.0,0.08032596041909197
22.0,8.0,45.0,0.1,0.075,0.2,1.0,839.0,0.0,0.0,0.14898688915375446
22.0,8.0,46.0,0.1,0.075,0.2,1.0,830.0,0.0,0.0,0.15060240963855423
22.0,8.0,47.0,0.1,0.075,0.2,1.0,825.0,0.0,0.0,0.15151515151515152
22.0,8.0,48.0,0.1,0.075,0.2,1.0,814.0,0.0,0.0,0.15233415233415235
22.0,8.0,49.0,0.1,0.075,0.2,1.0,808.0,0.0,0.0,0.15222772277227722
22.0,8.0,50.0,0.1,0.075,0.2,1.0,818.0,0.0,0.0,0.15158924205378974
22.0,8.0,51.0,0.1,0.075,0.2,1.0,809.0,0.0,0.0,0.15203955500618047
22.0,8.0,52.0,0.1,0.075,0.2,1.0,816.0,0.0,0.0,0.15196078431372548
22.0,9.0,1.0,0.1,0.075,0.2,1.0,810.0,0.0,0.0,0.15308641975308643
22.0,9.0,2.0,0.1,0.075,0.2,1.0,812.0,0.0,0.0,0.15147783251231528
22.0,9.0,3.0,0.1,0.075,0.2,1.0,807.0,0.0,0.0,0.1536555142503098
22.0,9.0,4.0,0.1,0.075,0.2,1.0,799.0,0.0,0.0,0.15269086357947434
22.0,9.0,5.0,0.1,0.075,0.2,1.0,795.0,0.0,0.0,0.15345911949685534
22.0,9.0,6.0,0.1,0.075,0.2,1.0,798.0,0.0,0.0,0.15288220551378445
22.0,9.0,7.0,0.1,0.075,0.2,1.0,790.0,0.0,0.0,0.15443037974683543
22.0,9.0,8.0,0.1,0.075,0.2,1.0,792.0,0.0,0.0,0.15404040404040403
22.0,9.0,9.0,0.1,0.075,0.2,1.0,786.0,0.0,0.0,0.15521628498727735
22.0,9.0,10.0,0.1,0.075,0.2,1.0,774.0,0.0,0.0,0.15633074935400518
22.0,9.0,11.0,0.1,0.075,0.2,1.0,767.0,0.0,0.0,0.1577574967405476
22.0,9.0,12.0,0.1,0.075,0.2,1.0,768.0,0.0,0.0,0.15625
22.0,9.0,13.0,0.1,0.075,0.2,1.0,762.0,0.0,0.0,0.15748031496062992
22.0,9.0,14.0,0.1,0.075,0.2,1.0,766.0,0.0,0.0,0.1566579634464752
22.0,9.0,15.0,0.1,0.075,0.2,1.0,759.0,0.0,0.0,0.15810276679841898
22.0,9.0,16.0,0.1,0.075,0.2,1.0,760.0,0.0,0.0,0.15789473684210525
22.0,9.0,17.0,0.1,0.075,0.2,1.0,754.0,0.0,0.0,0.15915119363395225
22.0,9.0,18.0,0.1,0.075,0.2,1.0,758.0,0.0,0.0,0.15699208443271767
22.0,9.0,19.0,0.1,0.075,0.2,1.0,753.0,0.0,0.0,0.15803452855245684
22.0,9.0,20.0,0.1,0.075,0.2,1.0,1335.0,0.0,0.0,0.0853932584269663
22.0,9.0,21.0,0.1,0.075,0.2,1.0,1310.0,0.0,0.0,0.08702290076335878
22.0,9.0,22.0,0.1,0.075,0.2,1.0,1291.0,0.0,0.0,0.08752904725019364
22.0,9.0,23.0,0.1,0.075,0.2,1.0,1287.0,0.0,0.0,0.08780108780108781
22.0,9.0,24.0,0.1,0.075,0.2,1.0,1238.0,0.0,0.0,0.0864297253634895
22.0,9.0,25.0,0.1,0.075,0.2,1.0,1211.0,0.0,0.0,0.08835672997522709
22.0,9.0,26.0,0.1,0.075,0.2,1.0,1205.0,0.0,0.0,0.08879668049792531
22.0,9.0,27.0,0.1,0.075,0.2,1.0,1174.0,0.0,0.0,0.09028960817717206
22.0,9.0,28.0,0.1,0.075,0.2,1.0,1150.0,0.0,0.0,0.09130434782608696
22.0,9.0,29.0,0.1,0.075,0.2,1.0,1120.0,0.0,0.0,0.09196428571428572
22.0,9.0,30.0,0.1,0.075,0.2,1.0,1107.0,0.0,0.0,0.0930442637759711
22.0,9.0,31.0,0.1,0.075,0.2,1.0,1101.0,0.0,0.0,0.09355131698455948
22.0,9.0,32.0,0.1,0.075,0.2,1.0,1092.0,0.0,0.0,0.09340659340659341
22.0,9.0,33.0,0.1,0.075,0.2,1.0,1037.0,0.0,0.0,0.09739633558341369
22.0,9.0,34.0,0.1,0.075,0.2,1.0,1020.0,0.0,0.0,0.09705882352941177
22.0,9.0,35.0,0.1,0.075,0.2,1.0,1011.0,0.0,0.0,0.09792284866468842
22.0,9.0,36.0,0.1,0.075,0.2,1.0,1017.0,0.0,0.0,0.09537856440511308
22.0,9.0,37.0,0.1,0.075,0.2,1.0,985.0,0.0,0.0,0.09746192893401015
22.0,9.0,38.0,0.1,0.075,0.2,1.0,992.0,0.0,0.0,0.0967741935483871
22.0,9.0,39.0,0.1,0.075,0.2,1.0,982.0,0.0,0.0,0.09674134419551934
22.0,9.0,40.0,0.1,0.075,0.2,1.0,976.0,0.0,0.0,0.09836065573770492
22.0,9.0,41.0,0.1,0.075,0.2,1.0,947.0,0.0,0.0,0.09926082365364308
22.0,9.0,42.0,0.1,0.075,0.2,1.0,928.0,0.0,0.0,0.10021551724137931
22.0,9.0,43.0,0.1,0.075,0.2,1.0,909.0,0.0,0.0,0.10121012101210121
22.0,9.0,44.0,0.1,0.075,0.2,1.0,889.0,0.0,0.0,0.10123734533183353
22.0,9.0,45.0,0.1,0.075,0.2,1.0,869.0,0.0,0.0,0.17261219792865362
22.0,9.0,46.0,0.1,0.075,0.2,1.0,876.0,0.0,0.0,0.1735159817351598
22.0,9.0,47.0,0.1,0.075,0.2,1.0,840.0,0.0,0.0,0.1738095238095238
22.0,9.0,48.0,0.1,0.075,0.2,1.0,842.0,0.0,0.0,0.17577197149643706
22.0,9.0,49.0,0.1,0.075,0.2,1.0,840.0,0.0,0.0,0.1738095238095238
22.0,9.0,50.0,0.1,0.075,0.2,1.0,841.0,0.0,0.0,0.17360285374554102
22.0,9.0,51.0,0.1,0.075,0.2,1.0,836.0,0.0,0.0,0.17464114832535885
22.0,9.0,52.0,0.1,0.075,0.2,1.0,834.0,0.0,0.0,0.1750599520383693
22.0,10.0,1.0,0.1,0.075,0.2,1.0,828.0,0.0,0.0,0.17632850241545894
22.0,10.0,2.0,0.1,0.075,0.2,1.0,835.0,0.0,0.0,0.17604790419161676
22.0,10.0,3.0,0.1,0.075,0.2,1.0,816.0,0.0,0.0,0.17647058823529413
22.0,10.0,4.0,0.1,0.075,0.2,1.0,821.0,0.0,0.0,0.17661388550548113
22.0,10.0,5.0,0.1,0.075,0.2,1.0,816.0,0.0,0.0,0.17647058823529413
22.0,10.0,6.0,0.1,0.075,0.2,1.0,822.0,0.0,0.0,0.17639902676399027
22.0,10.0,7.0,0.1,0.075,0.2,1.0,815.0,0.0,0.0,0.1754601226993865
22.0,10.0,8.0,0.1,0.075,0.2,1.0,819.0,0.0,0.0,0.17704517704517705
22.0,10.0,9.0,0.1,0.075,0.2,1.0,810.0,0.0,0.0,0.1765432098765432
22.0,10.0,10.0,0.1,0.075,0.2,1.0,814.0,0.0,0.0,0.17813267813267813
22.0,10.0,11.0,0.1,0.075,0.2,1.0,808.0,0.0,0.0,0.1782178217821782
22.0,10.0,12.0,0.1,0.075,0.2,1.0,811.0,0.0,0.0,0.17755856966707767
22.0,10.0,13.0,0.1,0.075,0.2,1.0,801.0,0.0,0.0,0.1797752808988764
22.0,10.0,14.0,0.1,0.075,0.2,1.0,804.0,0.0,0.0,0.1791044776119403
22.0,10.0,15.0,0.1,0.075,0.2,1.0,797.0,0.0,0.0,0.1806775407779172
22.0,10.0,16.0,0.1,0.075,0.2,1.0,803.0,0.0,0.0,0.1793275217932752
22.0,10.0,17.0,0.1,0.075,0.2,1.0,795.0,0.0,0.0,0.1811320754716981
22.0,10.0,18.0,0.1,0.075,0.2,1.0,790.0,0.0,0.0,0.17848101265822786
22.0,10.0,19.0,0.1,0.075,0.2,1.0,785.0,0.0,0.0,0.17834394904458598
22.0,10.0,20.0,0.1,0.075,0.2,1.0,1294.0,0.0,0.0,0.10123647604327667
22.0,10.0,21.0,0.1,0.075,0.2,1.0,1261.0,0.0,0.0,0.10388580491673276
22.0,10.0,22.0,0.1,0.075,0.2,1.0,1224.0,0.0,0.0,0.10620915032679738
22.0,10.0,23.0,0.1,0.075,0.2,1.0,1208.0,0.0,0.0,0.10513245033112582
22.0,10.0,24.0,0.1,0.075,0.2,1.0,1201.0,0.0,0.0,0.10657785179017486
22.0,10.0,25.0,0.1,0.075,0.2,1.0,1158.0,0.0,0.0,0.10535405872193437
22.0,10.0,26.0,0.1,0.075,0.2,1.0,1155.0,0.0,0.0,0.10735930735930736
22.0,10.0,27.0,0.1,0.075,0.2,1.0,1126.0,0.0,0.0,0.10568383658969804
22.0,10.0,28.0,0.1,0.075,0.2,1.0,1118.0,0.0,0.0,0.11001788908765653
22.0,10.0,29.0,0.1,0.075,0.2,1.0,1090.0,0.0,0.0,0.10917431192660551
22.0,10.0,30.0,0.1,0.075,0.2,1.0,1106.0,0.0,0.0,0.10940325497287523
22.0,10.0,31.0,0.1,0.075,0.2,1.0,1069.0,0.0,0.0,0.10851262862488306
22.0,10.0,32.0,0.1,0.075,0.2,1.0,1088.0,0.0,0.0,0.10845588235294118
22.0,10.0,33.0,0.1,0.075,0.2,1.0,1045.0,0.0,0.0,0.11004784688995216
22.0,10.0,34.0,0.1,0.075,0.2,1.0,1046.0,0.0,0.0,0.11089866156787763
22.0,10.0,35.0,0.1,0.075,0.2,1.0,1029.0,0.0,0.0,0.11078717201166181
22.0,10.0,36.0,0.1,0.075,0.2,1.0,1043.0,0.0,0.0,0.1112176414189837
22.0,10.0,37.0,0.1,0.075,0.2,1.0,1029.0,0.0,0.0,0.1098153547133139
22.0,10.0,38.0,0.1,0.075,0.2,1.0,1034.0,0.0,0.0,0.11218568665377177
22.0,10.0,39.0,0.1,0.075,0.2,1.0,1027.0,0.0,0.0,0.11002921129503408
22.0,10.0,40.0,0.1,0.075,0.2,1.0,1020.0,0.0,0.0,0.11274509803921569
22.0,10.0,41.0,0.1,0.075,0.2,1.0,1002.0,0.0,0.0,0.11177644710578842
22.0,10.0,42.0,0.1,0.075,0.2,1.0,969.0,0.0,0.0,0.11558307533539731
22.0,10.0,43.0,0.1,0.075,0.2,1.0,964.0,0.0,0.0,0.11307053941908714
22.0,10.0,44.0,0.1,0.075,0.2,1.0,970.0,0.0,0.0,0.11443298969072165
22.0,10.0,45.0,0.1,0.075,0.2,1.0,965.0,0.0,0.0,0.1927461139896373
22.0,10.0,46.0,0.1,0.075,0.2,1.0,970.0,0.0,0.0,0.19381443298969073
22.0,10.0,47.0,0.1,0.075,0.2,1.0,962.0,0.0,0.0,0.19230769230769232
22.0,10.0,48.0,0.1,0.075,0.2,1.0,969.0,0.0,0.0,0.19298245614035087
22.0,10.0,49.0,0.1,0.075,0.2,1.0,962.0,0.0,0.0,0.19334719334719336
22.0,10.0,50.0,0.1,0.075,0.2,1.0,971.0,0.0,0.0,0.19361483007209063
22.0,10.0,51.0,0.1,0.075,0.2,1.0,962.0,0.0,0.0,0.19334719334719336
22.0,10.0,52.0,0.1,0.075,0.2,1.0,972.0,0.0,0.0,0.19444444444444445
23.0,1.0,1.0,0.1,0.075,0.2,1.0,5122.0,50.0,6.0,0.09898477157360407
23.0,1.0,2.0,0.1,0.075,0.2,1.0,5037.0,54.0,19.0,0.0996624975183641
23.0,1.0,3.0,0.1,0.075,0.2,1.0,4981.0,64.0,31.0,0.09997992371009837
23.0,1.0,4.0,0.1,0.075,0.2,1.0,4961.0,98.0,31.0,0.10219713767385608
23.0,1.0,5.0,0.1,0.075,0.2,1.0,4994.0,118.0,39.0,0.10252302763315979
23.0,1.0,6.0,0.1,0.075,0.2,1.0,4928.0,138.0,41.0,0.10551948051948051
23.0,1.0,7.0,0.1,0.075,0.2,1.0,4787.0,173.0,56.0,0.10465844996866513
23.0,1.0,8.0,0.1,0.075,0.2,1.0,4662.0,202.0,72.0,0.10746460746460747
23.0,1.0,9.0,0.1,0.075,0.2,1.0,4467.0,225.0,81.0,0.10700693978061339
23.0,1.0,10.0,0.1,0.075,0.2,1.0,4357.0,260.0,103.0,0.10901996786779894
23.0,1.0,11.0,0.1,0.075,0.2,1.0,4248.0,274.0,124.0,0.10922787193973635
23.0,1.0,12.0,0.1,0.075,0.2,1.0,4017.0,309.0,129.0,0.11127707244212098
23.0,1.0,13.0,0.1,0.075,0.2,1.0,3863.0,308.0,130.0,0.10975925446544137
23.0,1.0,14.0,0.1,0.075,0.2,1.0,3779.0,321.0,135.0,0.1114051336332363
23.0,1.0,15.0,0.1,0.075,0.2,1.0,3649.0,333.0,152.0,0.11153740750890655
23.0,1.0,16.0,0.1,0.075,0.2,1.0,3587.0,334.0,167.0,0.1140228603289657
23.0,1.0,17.0,0.1,0.075,0.2,1.0,3497.0,337.0,159.0,0.11466971690020017
23.0,1.0,18.0,0.1,0.075,0.2,1.0,3403.0,343.0,167.0,0.11783720246841023
23.0,1.0,19.0,0.1,0.075,0.2,1.0,3332.0,338.0,166.0,0.11944777911164466
23.0,1.0,20.0,0.1,0.075,0.2,1.0,6231.0,340.0,166.0,0.06323222596693949
23.0,1.0,21.0,0.1,0.075,0.2,1.0,5827.0,410.0,143.0,0.06349751158400549
23.0,1.0,22.0,0.1,0.075,0.2,1.0,5402.0,444.0,155.0,0.06664198445020363
23.0,1.0,23.0,0.1,0.075,0.2,1.0,5254.0,497.0,182.0,0.0673772363913209
23.0,1.0,24.0,0.1,0.075,0.2,1.0,4896.0,543.0,213.0,0.06801470588235294
23.0,1.0,25.0,0.1,0.075,0.2,1.0,4662.0,592.0,234.0,0.07014157014157014
23.0,1.0,26.0,0.1,0.075,0.2,1.0,4303.0,582.0,241.0,0.07273994887287939
23.0,1.0,27.0,0.1,0.075,0.2,1.0,4008.0,593.0,252.0,0.07634730538922156
23.0,1.0,28.0,0.1,0.075,0.2,1.0,3824.0,578.0,253.0,0.07923640167364017
23.0,1.0,29.0,0.1,0.075,0.2,1.0,3585.0,589.0,251.0,0.08172942817294282
23.0,1.0,30.0,0.1,0.075,0.2,1.0,3400.0,588.0,267.0,0.08529411764705883
23.0,1.0,31.0,0.1,0.075,0.2,1.0,3187.0,590.0,274.0,0.08973956699090054
23.0,1.0,32.0,0.1,0.075,0.2,1.0,3054.0,615.0,286.0,0.09266535690897185
23.0,1.0,33.0,0.1,0.075,0.2,1.0,2867.0,579.0,257.0,0.09731426578304848
23.0,1.0,34.0,0.1,0.075,0.2,1.0,2716.0,559.0,252.0,0.101620029455081
23.0,1.0,35.0,0.1,0.075,0.2,1.0,2595.0,526.0,262.0,0.10558766859344894
23.0,1.0,36.0,0.1,0.075,0.2,1.0,2440.0,497.0,258.0,0.10942622950819672
23.0,1.0,37.0,0.1,0.075,0.2,1.0,2262.0,448.0,230.0,0.11671087533156499
23.0,1.0,38.0,0.1,0.075,0.2,1.0,2092.0,416.0,205.0,0.12237093690248566
23.0,1.0,39.0,0.1,0.075,0.2,1.0,1989.0,406.0,194.0,0.1297134238310709
23.0,1.0,40.0,0.1,0.075,0.2,1.0,1875.0,379.0,196.0,0.13333333333333333
23.0,1.0,41.0,0.1,0.075,0.2,1.0,1778.0,352.0,185.0,0.14285714285714285
23.0,1.0,42.0,0.1,0.075,0.2,1.0,1686.0,317.0,171.0,0.14827995255041518
23.0,1.0,43.0,0.1,0.075,0.2,1.0,1574.0,266.0,142.0,0.1588310038119441
23.0,1.0,44.0,0.1,0.075,0.2,1.0,1508.0,236.0,127.0,0.16379310344827586
23.0,1.0,45.0,0.1,0.075,0.2,1.0,1453.0,222.0,116.0,0.2339986235375086
23.0,1.0,46.0,0.1,0.075,0.2,1.0,1387.0,193.0,94.0,0.23936553713049746
23.0,1.0,47.0,0.1,0.075,0.2,1.0,1344.0,177.0,90.0,0.24553571428571427
23.0,1.0,48.0,0.1,0.075,0.2,1.0,1281.0,165.0,82.0,0.25136612021857924
23.0,1.0,49.0,0.1,0.075,0.2,1.0,1250.0,153.0,82.0,0.2568
23.0,1.0,50.0,0.1,0.075,0.2,1.0,1211.0,141.0,78.0,0.26094137076796037
23.0,1.0,51.0,0.1,0.075,0.2,1.0,1183.0,128.0,71.0,0.26373626373626374
23.0,1.0,52.0,0.1,0.075,0.2,1.0,1148.0,108.0,62.0,0.2700348432055749
23.0,2.0,1.0,0.1,0.075,0.2,1.0,1121.0,95.0,57.0,0.272078501338091
23.0,2.0,2.0,0.1,0.075,0.2,1.0,1091.0,89.0,44.0,0.27406049495875345
23.0,2.0,3.0,0.1,0.075,0.2,1.0,1058.0,79.0,39.0,0.276937618147448
23.0,2.0,4.0,0.1,0.075,0.2,1.0,1032.0,63.0,30.0,0.27906976744186046
23.0,2.0,5.0,0.1,0.075,0.2,1.0,1024.0,66.0,37.0,0.283203125
23.0,2.0,6.0,0.1,0.075,0.2,1.0,1001.0,58.0,35.0,0.2827172827172827
23.0,2.0,7.0,0.1,0.075,0.2,1.0,987.0,60.0,31.0,0.2907801418439716
23.0,2.0,8.0,0.1,0.075,0.2,1.0,962.0,43.0,28.0,0.29313929313929316
23.0,2.0,9.0,0.1,0.075,0.2,1.0,944.0,39.0,22.0,0.3008474576271186
23.0,2.0,10.0,0.1,0.075,0.2,1.0,934.0,37.0,23.0,0.2987152034261242
23.0,2.0,11.0,0.1,0.075,0.2,1.0,919.0,29.0,16.0,0.3068552774755169
23.0,2.0,12.0,0.1,0.075,0.2,1.0,911.0,27.0,14.0,0.3040614709110867
23.0,2.0,13.0,0.1,0.075,0.2,1.0,901.0,23.0,13.0,0.31076581576026635
23.0,2.0,14.0,0.1,0.075,0.2,1.0,891.0,18.0,9.0,0.3063973063973064
23.0,2.0,15.0,0.1,0.075,0.2,1.0,883.0,18.0,11.0,0.3103057757644394
23.0,2.0,16.0,0.1,0.075,0.2,1.0,873.0,14.0,6.0,0.30927835051546393
23.0,2.0,17.0,0.1,0.075,0.2,1.0,863.0,14.0,11.0,0.3128621089223638
23.0,2.0,18.0,0.1,0.075,0.2,1.0,858.0,11.0,9.0,0.30885780885780884
23.0,2.0,19.0,0.1,0.075,0.2,1.0,851.0,13.0,9.0,0.31609870740305523
23.0,2.0,20.0,0.1,0.075,0.2,1.0,1474.0,7.0,3.0,0.18046132971506107
23.0,2.0,21.0,0.1,0.075,0.2,1.0,1397.0,8.0,2.0,0.18396564065855406
23.0,2.0,22.0,0.1,0.075,0.2,1.0,1387.0,10.0,3.0,0.18312905551550107
23.0,2.0,23.0,0.1,0.075,0.2,1.0,1369.0,12.0,4.0,0.183345507669832
23.0,2.0,24.0,0.1,0.075,0.2,1.0,1344.0,12.0,4.0,0.18601190476190477
23.0,2.0,25.0,0.1,0.075,0.2,1.0,1311.0,10.0,4.0,0.18916857360793288
23.0,2.0,26.0,0.1,0.075,0.2,1.0,1305.0,12.0,5.0,0.18773946360153257
23.0,2.0,27.0,0.1,0.075,0.2,1.0,1280.0,11.0,7.0,0.18828125
23.0,2.0,28.0,0.1,0.075,0.2,1.0,1272.0,13.0,4.0,0.18632075471698112
23.0,2.0,29.0,0.1,0.075,0.2,1.0,1256.0,12.0,6.0,0.18710191082802546
23.0,2.0,30.0,0.1,0.075,0.2,1.0,1258.0,10.0,8.0,0.18600953895071543
23.0,2.0,31.0,0.1,0.075,0.2,1.0,1249.0,16.0,9.0,0.18734987990392313
23.0,2.0,32.0,0.1,0.075,0.2,1.0,1252.0,20.0,6.0,0.1869009584664537
23.0,2.0,33.0,0.1,0.075,0.2,1.0,1234.0,16.0,6.0,0.18962722852512157
23.0,2.0,34.0,0.1,0.075,0.2,1.0,1221.0,19.0,10.0,0.18673218673218672
23.0,2.0,35.0,0.1,0.075,0.2,1.0,1195.0,21.0,12.0,0.18828451882845187
23.0,2.0,36.0,0.1,0.075,0.2,1.0,1173.0,21.0,10.0,0.19011082693947143
23.0,2.0,37.0,0.1,0.075,0.2,1.0,1145.0,21.0,9.0,0.18951965065502183
23.0,2.0,38.0,0.1,0.075,0.2,1.0,1142.0,20.0,9.0,0.19176882661996497
23.0,2.0,39.0,0.1,0.075,0.2,1.0,1122.0,19.0,10.0,0.19073083778966132
23.0,2.0,40.0,0.1,0.075,0.2,1.0,1126.0,18.0,13.0,0.19094138543516873
23.0,2.0,41.0,0.1,0.075,0.2,1.0,1093.0,15.0,11.0,0.19304666056724612
23.0,2.0,42.0,0.1,0.075,0.2,1.0,1103.0,11.0,10.0,0.1931097008159565
23.0,2.0,43.0,0.1,0.075,0.2,1.0,1065.0,6.0,5.0,0.19248826291079812
23.0,2.0,44.0,0.1,0.075,0.2,1.0,1080.0,5.0,5.0,0.1925925925925926
23.0,2.0,45.0,0.1,0.075,0.2,1.0,1037.0,3.0,2.0,0.26422372227579555
23.0,2.0,46.0,0.1,0.075,0.2,1.0,1055.0,2.0,1.0,0.25971563981042656
23.0,2.0,47.0,0.1,0.075,0.2,1.0,1016.0,1.0,0.0,0.2618110236220472
23.0,2.0,48.0,0.1,0.075,0.2,1.0,1024.0,1.0,0.0,0.26171875
23.0,2.0,49.0,0.1,0.075,0.2,1.0,1001.0,1.0,0.0,0.2597402597402597
23.0,2.0,50.0,0.1,0.075,0.2,1.0,992.0,1.0,1.0,0.2590725806451613
23.0,2.0,51.0,0.1,0.075,0.2,1.0,977.0,1.0,1.0,0.2579324462640737
23.0,2.0,52.0,0.1,0.075,0.2,1.0,978.0,1.0,1.0,0.25766871165644173
23.0,3.0,1.0,0.1,0.075,0.2,1.0,971.0,0.0,0.0,0.2554067971163749
23.0,3.0,2.0,0.1,0.075,0.2,1.0,962.0,0.0,0.0,0.25675675675675674
23.0,3.0,3.0,0.1,0.075,0.2,1.0,953.0,0.0,0.0,0.2539349422875131
23.0,3.0,4.0,0.1,0.075,0.2,1.0,950.0,0.0,0.0,0.2557894736842105
23.0,3.0,5.0,0.1,0.075,0.2,1.0,949.0,0.0,0.0,0.2518440463645943
23.0,3.0,6.0,0.1,0.075,0.2,1.0,947.0,0.0,0.0,0.25237592397043296
23.0,3.0,7.0,0.1,0.075,0.2,1.0,943.0,0.0,0.0,0.2513255567338282
23.0,3.0,8.0,0.1,0.075,0.2,1.0,928.0,0.0,0.0,0.2521551724137931
23.0,3.0,9.0,0.1,0.075,0.2,1.0,920.0,0.0,0.0,0.2510869565217391
23.0,3.0,10.0,0.1,0.075,0.2,1.0,913.0,0.0,0.0,0.24863088718510407
23.0,3.0,11.0,0.1,0.075,0.2,1.0,901.0,0.0,0.0,0.24750277469478357
23.0,3.0,12.0,0.1,0.075,0.2,1.0,896.0,0.0,0.0,0.24888392857142858
23.0,3.0,13.0,0.1,0.075,0.2,1.0,892.0,0.0,0.0,0.24775784753363228
23.0,3.0,14.0,0.1,0.075,0.2,1.0,892.0,0.0,0.0,0.24887892376681614
23.0,3.0,15.0,0.1,0.075,0.2,1.0,890.0,0.0,0.0,0.24831460674157305
23.0,3.0,16.0,0.1,0.075,0.2,1.0,888.0,0.0,0.0,0.24774774774774774
23.0,3.0,17.0,0.1,0.075,0.2,1.0,885.0,0.0,0.0,0.24632768361581922
23.0,3.0,18.0,0.1,0.075,0.2,1.0,866.0,0.0,0.0,0.25057736720554274
23.0,3.0,19.0,0.1,0.075,0.2,1.0,864.0,0.0,0.0,0.25
23.0,3.0,20.0,0.1,0.075,0.2,1.0,1592.0,0.0,0.0,0.1350502512562814
23.0,3.0,21.0,0.1,0.075,0.2,1.0,1534.0,0.0,0.0,0.13428943937418514
23.0,3.0,22.0,0.1,0.075,0.2,1.0,1543.0,0.0,0.0,0.13285806869734285
23.0,3.0,23.0,0.1,0.075,0.2,1.0,1489.0,0.0,0.0,0.13498992612491606
23.0,3.0,24.0,0.1,0.075,0.2,1.0,1474.0,0.0,0.0,0.13297150610583447
23.0,3.0,25.0,0.1,0.075,0.2,1.0,1438.0,0.0,0.0,0.1349095966620306
23.0,3.0,26.0,0.1,0.075,0.2,1.0,1412.0,0.0,0.0,0.13456090651558072
23.0,3.0,27.0,0.1,0.075,0.2,1.0,1409.0,0.0,0.0,0.13413768630234207
23.0,3.0,28.0,0.1,0.075,0.2,1.0,1392.0,0.0,0.0,0.1343390804597701
23.0,3.0,29.0,0.1,0.075,0.2,1.0,1365.0,0.0,0.0,0.13333333333333333
23.0,3.0,30.0,0.1,0.075,0.2,1.0,1332.0,0.0,0.0,0.1373873873873874
23.0,3.0,31.0,0.1,0.075,0.2,1.0,1325.0,0.0,0.0,0.13660377358490566
23.0,3.0,32.0,0.1,0.075,0.2,1.0,1322.0,0.0,0.0,0.13918305597579425
23.0,3.0,33.0,0.1,0.075,0.2,1.0,1305.0,0.0,0.0,0.1371647509578544
23.0,3.0,34.0,0.1,0.075,0.2,1.0,1225.0,0.0,0.0,0.1436734693877551
23.0,3.0,35.0,0.1,0.075,0.2,1.0,1219.0,0.0,0.0,0.13945857260049221
23.0,3.0,36.0,0.1,0.075,0.2,1.0,1211.0,0.0,0.0,0.14203137902559868
23.0,3.0,37.0,0.1,0.075,0.2,1.0,1185.0,0.0,0.0,0.140084388185654
23.0,3.0,38.0,0.1,0.075,0.2,1.0,1172.0,0.0,0.0,0.14249146757679182
23.0,3.0,39.0,0.1,0.075,0.2,1.0,1163.0,0.0,0.0,0.14015477214101463
23.0,3.0,40.0,0.1,0.075,0.2,1.0,1146.0,0.0,0.0,0.14048865619546247
23.0,3.0,41.0,0.1,0.075,0.2,1.0,1135.0,0.0,0.0,0.13744493392070484
23.0,3.0,42.0,0.1,0.075,0.2,1.0,1123.0,0.0,0.0,0.1371326803205699
23.0,3.0,43.0,0.1,0.075,0.2,1.0,1030.0,0.0,0.0,0.13980582524271845
23.0,3.0,44.0,0.1,0.075,0.2,1.0,1041.0,0.0,0.0,0.14024975984630164
23.0,3.0,45.0,0.1,0.075,0.2,1.0,1026.0,0.0,0.0,0.1968810916179337
23.0,3.0,46.0,0.1,0.075,0.2,1.0,1031.0,0.0,0.0,0.1959262851600388
23.0,3.0,47.0,0.1,0.075,0.2,1.0,999.0,0.0,0.0,0.1961961961961962
23.0,3.0,48.0,0.1,0.075,0.2,1.0,979.0,0.0,0.0,0.195097037793667
23.0,3.0,49.0,0.1,0.075,0.2,1.0,957.0,0.0,0.0,0.19644723092998956
23.0,3.0,50.0,0.1,0.075,0.2,1.0,963.0,0.0,0.0,0.19730010384215993
23.0,3.0,51.0,0.1,0.075,0.2,1.0,946.0,0.0,0.0,0.19767441860465115
23.0,3.0,52.0,0.1,0.075,0.2,1.0,951.0,0.0,0.0,0.19978969505783387
23.0,4.0,1.0,0.1,0.075,0.2,1.0,935.0,0.0,0.0,0.19786096256684493
23.0,4.0,2.0,0.1,0.075,0.2,1.0,943.0,0.0,0.0,0.19724284199363734
23.0,4.0,3.0,0.1,0.075,0.2,1.0,931.0,0.0,0.0,0.19656283566058003
23.0,4.0,4.0,0.1,0.075,0.2,1.0,937.0,0.0,0.0,0.19743863393810032
23.0,4.0,5.0,0.1,0.075,0.2,1.0,926.0,0.0,0.0,0.19654427645788336
23.0,4.0,6.0,0.1,0.075,0.2,1.0,934.0,0.0,0.0,0.19593147751605997
23.0,4.0,7.0,0.1,0.075,0.2,1.0,917.0,0.0,0.0,0.19520174482006544
23.0,4.0,8.0,0.1,0.075,0.2,1.0,922.0,0.0,0.0,0.19305856832971802
23.0,4.0,9.0,0.1,0.075,0.2,1.0,897.0,0.0,0.0,0.19620958751393533
23.0,4.0,10.0,0.1,0.075,0.2,1.0,899.0,0.0,0.0,0.19243604004449388
23.0,4.0,11.0,0.1,0.075,0.2,1.0,877.0,0.0,0.0,0.19270239452679588
23.0,4.0,12.0,0.1,0.075,0.2,1.0,892.0,0.0,0.0,0.19170403587443946
23.0,4.0,13.0,0.1,0.075,0.2,1.0,874.0,0.0,0.0,0.1945080091533181
23.0,4.0,14.0,0.1,0.075,0.2,1.0,880.0,0.0,0.0,0.19090909090909092
23.0,4.0,15.0,0.1,0.075,0.2,1.0,869.0,0.0,0.0,0.19217491369390102
23.0,4.0,16.0,0.1,0.075,0.2,1.0,877.0,0.0,0.0,0.18928164196123148
23.0,4.0,17.0,0.1,0.075,0.2,1.0,864.0,0.0,0.0,0.1909722222222222
23.0,4.0,18.0,0.1,0.075,0.2,1.0,871.0,0.0,0.0,0.19058553386911595
23.0,4.0,19.0,0.1,0.075,0.2,1.0,856.0,0.0,0.0,0.18925233644859812
23.0,4.0,20.0,0.1,0.075,0.2,1.0,1477.0,0.0,0.0,0.10968178740690589
23.0,4.0,21.0,0.1,0.075,0.2,1.0,1430.0,0.0,0.0,0.10839160839160839
23.0,4.0,22.0,0.1,0.075,0.2,1.0,1427.0,0.0,0.0,0.10861948142957253
23.0,4.0,23.0,0.1,0.075,0.2,1.0,1364.0,0.0,0.0,0.10997067448680352
23.0,4.0,24.0,0.1,0.075,0.2,1.0,1365.0,0.0,0.0,0.10915750915750916
23.0,4.0,25.0,0.1,0.075,0.2,1.0,1338.0,0.0,0.0,0.10837070254110613
23.0,4.0,26.0,0.1,0.075,0.2,1.0,1298.0,0.0,0.0,0.11171032357473036
23.0,4.0,27.0,0.1,0.075,0.2,1.0,1250.0,0.0,0.0,0.1104
23.0,4.0,28.0,0.1,0.075,0.2,1.0,1239.0,0.0,0.0,0.11380145278450363
23.0,4.0,29.0,0.1,0.075,0.2,1.0,1205.0,0.0,0.0,0.11286307053941909
23.0,4.0,30.0,0.1,0.075,0.2,1.0,1204.0,0.0,0.0,0.11461794019933555
23.0,4.0,31.0,0.1,0.075,0.2,1.0,1184.0,0.0,0.0,0.11402027027027027
23.0,4.0,32.0,0.1,0.075,0.2,1.0,1183.0,0.0,0.0,0.1158072696534235
23.0,4.0,33.0,0.1,0.075,0.2,1.0,1168.0,0.0,0.0,0.11215753424657535
23.0,4.0,34.0,0.1,0.075,0.2,1.0,1143.0,0.0,0.0,0.11811023622047244
23.0,4.0,35.0,0.1,0.075,0.2,1.0,1118.0,0.0,0.0,0.11091234347048301
23.0,4.0,36.0,0.1,0.075,0.2,1.0,1113.0,0.0,0.0,0.11230907457322552
23.0,4.0,37.0,0.1,0.075,0.2,1.0,1058.0,0.0,0.0,0.10680529300567108
23.0,4.0,38.0,0.1,0.075,0.2,1.0,1060.0,0.0,0.0,0.11226415094339623
23.0,4.0,39.0,0.1,0.075,0.2,1.0,1039.0,0.0,0.0,0.109720885466795
23.0,4.0,40.0,0.1,0.075,0.2,1.0,1037.0,0.0,0.0,0.1128254580520733
23.0,4.0,41.0,0.1,0.075,0.2,1.0,1031.0,0.0,0.0,0.10863239573229874
23.0,4.0,42.0,0.1,0.075,0.2,1.0,1023.0,0.0,0.0,0.11436950146627566
23.0,4.0,43.0,0.1,0.075,0.2,1.0,1017.0,0.0,0.0,0.10914454277286136
23.0,4.0,44.0,0.1,0.075,0.2,1.0,995.0,0.0,0.0,0.11557788944723618
23.0,4.0,45.0,0.1,0.075,0.2,1.0,971.0,0.0,0.0,0.1822863027806385
23.0,4.0,46.0,0.1,0.075,0.2,1.0,946.0,0.0,0.0,0.18710359408033828
23.0,4.0,47.0,0.1,0.075,0.2,1.0,922.0,0.0,0.0,0.17678958785249457
23.0,4.0,48.0,0.1,0.075,0.2,1.0,916.0,0.0,0.0,0.18231441048034935
23.0,4.0,49.0,0.1,0.075,0.2,1.0,902.0,0.0,0.0,0.17738359201773837
23.0,4.0,50.0,0.1,0.075,0.2,1.0,899.0,0.0,0.0,0.18242491657397109
23.0,4.0,51.0,0.1,0.075,0.2,1.0,871.0,0.0,0.0,0.17336394948335246
23.0,4.0,52.0,0.1,0.075,0.2,1.0,880.0,0.0,0.0,0.1806818181818182
23.0,5.0,1.0,0.1,0.075,0.2,1.0,862.0,0.0,0.0,0.17633410672853828
23.0,5.0,2.0,0.1,0.075,0.2,1.0,861.0,0.0,0.0,0.1800232288037166
23.0,5.0,3.0,0.1,0.075,0.2,1.0,855.0,0.0,0.0,0.17660818713450294
23.0,5.0,4.0,0.1,0.075,0.2,1.0,851.0,0.0,0.0,0.1809635722679201
23.0,5.0,5.0,0.1,0.075,0.2,1.0,828.0,0.0,0.0,0.18115942028985507
23.0,5.0,6.0,0.1,0.075,0.2,1.0,831.0,0.0,0.0,0.18170878459687123
23.0,5.0,7.0,0.1,0.075,0.2,1.0,821.0,0.0,0.0,0.18026796589524968
23.0,5.0,8.0,0.1,0.075,0.2,1.0,824.0,0.0,0.0,0.1808252427184466
23.0,5.0,9.0,0.1,0.075,0.2,1.0,810.0,0.0,0.0,0.17901234567901234
23.0,5.0,10.0,0.1,0.075,0.2,1.0,817.0,0.0,0.0,0.18115055079559364
23.0,5.0,11.0,0.1,0.075,0.2,1.0,804.0,0.0,0.0,0.18034825870646767
23.0,5.0,12.0,0.1,0.075,0.2,1.0,811.0,0.0,0.0,0.18249075215782984
23.0,5.0,13.0,0.1,0.075,0.2,1.0,801.0,0.0,0.0,0.18102372034956304
23.0,5.0,14.0,0.1,0.075,0.2,1.0,809.0,0.0,0.0,0.18046971569839307
23.0,5.0,15.0,0.1,0.075,0.2,1.0,793.0,0.0,0.0,0.18032786885245902
23.0,5.0,16.0,0.1,0.075,0.2,1.0,804.0,0.0,0.0,0.18159203980099503
23.0,5.0,17.0,0.1,0.075,0.2,1.0,792.0,0.0,0.0,0.18055555555555555
23.0,5.0,18.0,0.1,0.075,0.2,1.0,805.0,0.0,0.0,0.1813664596273292
23.0,5.0,19.0,0.1,0.075,0.2,1.0,790.0,0.0,0.0,0.1810126582278481
23.0,5.0,20.0,0.1,0.075,0.2,1.0,1447.0,0.0,0.0,0.10089841050449205
23.0,5.0,21.0,0.1,0.075,0.2,1.0,1403.0,0.0,0.0,0.10049893086243764
23.0,5.0,22.0,0.1,0.075,0.2,1.0,1370.0,0.0,0.0,0.10145985401459855
23.0,5.0,23.0,0.1,0.075,0.2,1.0,1320.0,0.0,0.0,0.10227272727272728
23.0,5.0,24.0,0.1,0.075,0.2,1.0,1277.0,0.0,0.0,0.09866875489428348
23.0,5.0,25.0,0.1,0.075,0.2,1.0,1166.0,0.0,0.0,0.10463121783876501
23.0,5.0,26.0,0.1,0.075,0.2,1.0,1171.0,0.0,0.0,0.10418445772843724
23.0,5.0,27.0,0.1,0.075,0.2,1.0,1125.0,0.0,0.0,0.10666666666666667
23.0,5.0,28.0,0.1,0.075,0.2,1.0,1133.0,0.0,0.0,0.10414827890556046
23.0,5.0,29.0,0.1,0.075,0.2,1.0,1104.0,0.0,0.0,0.10869565217391304
23.0,5.0,30.0,0.1,0.075,0.2,1.0,1097.0,0.0,0.0,0.10300820419325434
23.0,5.0,31.0,0.1,0.075,0.2,1.0,1070.0,0.0,0.0,0.10747663551401869
23.0,5.0,32.0,0.1,0.075,0.2,1.0,1067.0,0.0,0.0,0.10028116213683223
23.0,5.0,33.0,0.1,0.075,0.2,1.0,1049.0,0.0,0.0,0.10390848427073403
23.0,5.0,34.0,0.1,0.075,0.2,1.0,1056.0,0.0,0.0,0.09943181818181818
23.0,5.0,35.0,0.1,0.075,0.2,1.0,1004.0,0.0,0.0,0.10458167330677291
23.0,5.0,36.0,0.1,0.075,0.2,1.0,989.0,0.0,0.0,0.10111223458038422
23.0,5.0,37.0,0.1,0.075,0.2,1.0,967.0,0.0,0.0,0.10548086866597725
23.0,5.0,38.0,0.1,0.075,0.2,1.0,981.0,0.0,0.0,0.0998980632008155
23.0,5.0,39.0,0.1,0.075,0.2,1.0,940.0,0.0,0.0,0.10638297872340426
23.0,5.0,40.0,0.1,0.075,0.2,1.0,923.0,0.0,0.0,0.10292524377031419
23.0,5.0,41.0,0.1,0.075,0.2,1.0,931.0,0.0,0.0,0.10633727175080558
23.0,5.0,42.0,0.1,0.075,0.2,1.0,888.0,0.0,0.0,0.0990990990990991
23.0,5.0,43.0,0.1,0.075,0.2,1.0,886.0,0.0,0.0,0.10496613995485328
23.0,5.0,44.0,0.1,0.075,0.2,1.0,860.0,0.0,0.0,0.10348837209302325
23.0,5.0,45.0,0.1,0.075,0.2,1.0,829.0,0.0,0.0,0.17370325693606756
23.0,5.0,46.0,0.1,0.075,0.2,1.0,793.0,0.0,0.0,0.17276166456494324
23.0,5.0,47.0,0.1,0.075,0.2,1.0,803.0,0.0,0.0,0.17559153175591533
23.0,5.0,48.0,0.1,0.075,0.2,1.0,775.0,0.0,0.0,0.17419354838709677
23.0,5.0,49.0,0.1,0.075,0.2,1.0,785.0,0.0,0.0,0.1770700636942675
23.0,5.0,50.0,0.1,0.075,0.2,1.0,768.0,0.0,0.0,0.17838541666666666
23.0,5.0,51.0,0.1,0.075,0.2,1.0,786.0,0.0,0.0,0.17684478371501272
23.0,5.0,52.0,0.1,0.075,0.2,1.0,765.0,0.0,0.0,0.17647058823529413
23.0,6.0,1.0,0.1,0.075,0.2,1.0,782.0,0.0,0.0,0.17774936061381075
23.0,6.0,2.0,0.1,0.075,0.2,1.0,764.0,0.0,0.0,0.17539267015706805
23.0,6.0,3.0,0.1,0.075,0.2,1.0,763.0,0.0,0.0,0.1743119266055046
23.0,6.0,4.0,0.1,0.075,0.2,1.0,762.0,0.0,0.0,0.17454068241469817
23.0,6.0,5.0,0.1,0.075,0.2,1.0,751.0,0.0,0.0,0.17576564580559254
23.0,6.0,6.0,0.1,0.075,0.2,1.0,734.0,0.0,0.0,0.1771117166212534
23.0,6.0,7.0,0.1,0.075,0.2,1.0,719.0,0.0,0.0,0.17663421418636996
23.0,6.0,8.0,0.1,0.075,0.2,1.0,725.0,0.0,0.0,0.17793103448275863
23.0,6.0,9.0,0.1,0.075,0.2,1.0,700.0,0.0,0.0,0.18142857142857144
23.0,6.0,10.0,0.1,0.075,0.2,1.0,706.0,0.0,0.0,0.17988668555240794
23.0,6.0,11.0,0.1,0.075,0.2,1.0,697.0,0.0,0.0,0.1793400286944046
23.0,6.0,12.0,0.1,0.075,0.2,1.0,702.0,0.0,0.0,0.18091168091168092
23.0,6.0,13.0,0.1,0.075,0.2,1.0,695.0,0.0,0.0,0.17985611510791366
23.0,6.0,14.0,0.1,0.075,0.2,1.0,701.0,0.0,0.0,0.181169757489301
23.0,6.0,15.0,0.1,0.075,0.2,1.0,689.0,0.0,0.0,0.18142235123367198
23.0,6.0,16.0,0.1,0.075,0.2,1.0,687.0,0.0,0.0,0.1819505094614265
23.0,6.0,17.0,0.1,0.075,0.2,1.0,679.0,0.0,0.0,0.18114874815905743
23.0,6.0,18.0,0.1,0.075,0.2,1.0,687.0,0.0,0.0,0.1819505094614265
23.0,6.0,19.0,0.1,0.075,0.2,1.0,678.0,0.0,0.0,0.17994100294985252
23.0,6.0,20.0,0.1,0.075,0.2,1.0,1222.0,0.0,0.0,0.09983633387888707
23.0,6.0,21.0,0.1,0.075,0.2,1.0,1171.0,0.0,0.0,0.10162254483347566
23.0,6.0,22.0,0.1,0.075,0.2,1.0,1165.0,0.0,0.0,0.10300429184549356
23.0,6.0,23.0,0.1,0.075,0.2,1.0,1148.0,0.0,0.0,0.10278745644599303
23.0,6.0,24.0,0.1,0.075,0.2,1.0,1127.0,0.0,0.0,0.10381543921916593
23.0,6.0,25.0,0.1,0.075,0.2,1.0,1046.0,0.0,0.0,0.10516252390057361
23.0,6.0,26.0,0.1,0.075,0.2,1.0,1061.0,0.0,0.0,0.10461828463713478
23.0,6.0,27.0,0.1,0.075,0.2,1.0,1031.0,0.0,0.0,0.1037827352085354
23.0,6.0,28.0,0.1,0.075,0.2,1.0,1049.0,0.0,0.0,0.10486177311725453
23.0,6.0,29.0,0.1,0.075,0.2,1.0,1030.0,0.0,0.0,0.1029126213592233
23.0,6.0,30.0,0.1,0.075,0.2,1.0,1038.0,0.0,0.0,0.10211946050096339
23.0,6.0,31.0,0.1,0.075,0.2,1.0,997.0,0.0,0.0,0.10130391173520562
23.0,6.0,32.0,0.1,0.075,0.2,1.0,1002.0,0.0,0.0,0.10379241516966067
23.0,6.0,33.0,0.1,0.075,0.2,1.0,973.0,0.0,0.0,0.10174717368961973
23.0,6.0,34.0,0.1,0.075,0.2,1.0,973.0,0.0,0.0,0.10380267214799589
23.0,6.0,35.0,0.1,0.075,0.2,1.0,937.0,0.0,0.0,0.10245464247598719
23.0,6.0,36.0,0.1,0.075,0.2,1.0,888.0,0.0,0.0,0.10810810810810811
23.0,6.0,37.0,0.1,0.075,0.2,1.0,850.0,0.0,0.0,0.10705882352941176
23.0,6.0,38.0,0.1,0.075,0.2,1.0,841.0,0.0,0.0,0.10939357907253269
23.0,6.0,39.0,0.1,0.075,0.2,1.0,815.0,0.0,0.0,0.10429447852760736
23.0,6.0,40.0,0.1,0.075,0.2,1.0,822.0,0.0,0.0,0.10948905109489052
23.0,6.0,41.0,0.1,0.075,0.2,1.0,803.0,0.0,0.0,0.10709838107098381
23.0,6.0,42.0,0.1,0.075,0.2,1.0,807.0,0.0,0.0,0.10780669144981413
23.0,6.0,43.0,0.1,0.075,0.2,1.0,798.0,0.0,0.0,0.10526315789473684
23.0,6.0,44.0,0.1,0.075,0.2,1.0,804.0,0.0,0.0,0.10696517412935323
23.0,6.0,45.0,0.1,0.075,0.2,1.0,796.0,0.0,0.0,0.1658291457286432
23.0,6.0,46.0,0.1,0.075,0.2,1.0,801.0,0.0,0.0,0.16729088639200998
23.0,6.0,47.0,0.1,0.075,0.2,1.0,796.0,0.0,0.0,0.1658291457286432
23.0,6.0,48.0,0.1,0.075,0.2,1.0,756.0,0.0,0.0,0.16534391534391535
23.0,6.0,49.0,0.1,0.075,0.2,1.0,751.0,0.0,0.0,0.16378162450066577
23.0,6.0,50.0,0.1,0.075,0.2,1.0,739.0,0.0,0.0,0.16644113667117727
23.0,6.0,51.0,0.1,0.075,0.2,1.0,736.0,0.0,0.0,0.16304347826086957
23.0,6.0,52.0,0.1,0.075,0.2,1.0,736.0,0.0,0.0,0.1644021739130435
23.0,7.0,1.0,0.1,0.075,0.2,1.0,732.0,0.0,0.0,0.16256830601092895
23.0,7.0,2.0,0.1,0.075,0.2,1.0,711.0,0.0,0.0,0.17158931082981715
23.0,7.0,3.0,0.1,0.075,0.2,1.0,708.0,0.0,0.0,0.16666666666666666
23.0,7.0,4.0,0.1,0.075,0.2,1.0,705.0,0.0,0.0,0.16879432624113475
23.0,7.0,5.0,0.1,0.075,0.2,1.0,705.0,0.0,0.0,0.16595744680851063
23.0,7.0,6.0,0.1,0.075,0.2,1.0,707.0,0.0,0.0,0.17114568599717114
23.0,7.0,7.0,0.1,0.075,0.2,1.0,705.0,0.0,0.0,0.16595744680851063
23.0,7.0,8.0,0.1,0.075,0.2,1.0,695.0,0.0,0.0,0.1683453237410072
23.0,7.0,9.0,0.1,0.075,0.2,1.0,697.0,0.0,0.0,0.1649928263988522
23.0,7.0,10.0,0.1,0.075,0.2,1.0,689.0,0.0,0.0,0.1683599419448476
23.0,7.0,11.0,0.1,0.075,0.2,1.0,693.0,0.0,0.0,0.1645021645021645
23.0,7.0,12.0,0.1,0.075,0.2,1.0,683.0,0.0,0.0,0.1698389458272328
23.0,7.0,13.0,0.1,0.075,0.2,1.0,687.0,0.0,0.0,0.16448326055312956
23.0,7.0,14.0,0.1,0.075,0.2,1.0,681.0,0.0,0.0,0.16740088105726872
23.0,7.0,15.0,0.1,0.075,0.2,1.0,687.0,0.0,0.0,0.16448326055312956
23.0,7.0,16.0,0.1,0.075,0.2,1.0,679.0,0.0,0.0,0.16642120765832105
23.0,7.0,17.0,0.1,0.075,0.2,1.0,683.0,0.0,0.0,0.16251830161054173
23.0,7.0,18.0,0.1,0.075,0.2,1.0,679.0,0.0,0.0,0.16789396170839468
23.0,7.0,19.0,0.1,0.075,0.2,1.0,684.0,0.0,0.0,0.16374269005847952
23.0,7.0,20.0,0.1,0.075,0.2,1.0,1213.0,0.0,0.0,0.09480626545754328
23.0,7.0,21.0,0.1,0.075,0.2,1.0,1196.0,0.0,0.0,0.09197324414715718
23.0,7.0,22.0,0.1,0.075,0.2,1.0,1205.0,0.0,0.0,0.0954356846473029
23.0,7.0,23.0,0.1,0.075,0.2,1.0,1195.0,0.0,0.0,0.09205020920502092
23.0,7.0,24.0,0.1,0.075,0.2,1.0,1182.0,0.0,0.0,0.09560067681895093
23.0,7.0,25.0,0.1,0.075,0.2,1.0,1104.0,0.0,0.0,0.09873188405797101
23.0,7.0,26.0,0.1,0.075,0.2,1.0,1049.0,0.0,0.0,0.10295519542421354
23.0,7.0,27.0,0.1,0.075,0.2,1.0,1015.0,0.0,0.0,0.10443349753694581
23.0,7.0,28.0,0.1,0.075,0.2,1.0,1008.0,0.0,0.0,0.10615079365079365
23.0,7.0,29.0,0.1,0.075,0.2,1.0,975.0,0.0,0.0,0.1076923076923077
23.0,7.0,30.0,0.1,0.075,0.2,1.0,957.0,0.0,0.0,0.11076280041797283
23.0,7.0,31.0,0.1,0.075,0.2,1.0,932.0,0.0,0.0,0.10944206008583691
23.0,7.0,32.0,0.1,0.075,0.2,1.0,944.0,0.0,0.0,0.11122881355932203
23.0,7.0,33.0,0.1,0.075,0.2,1.0,920.0,0.0,0.0,0.1108695652173913
23.0,7.0,34.0,0.1,0.075,0.2,1.0,927.0,0.0,0.0,0.11003236245954692
23.0,7.0,35.0,0.1,0.075,0.2,1.0,891.0,0.0,0.0,0.11335578002244669
23.0,7.0,36.0,0.1,0.075,0.2,1.0,886.0,0.0,0.0,0.11399548532731377
23.0,7.0,37.0,0.1,0.075,0.2,1.0,874.0,0.0,0.0,0.11441647597254005
23.0,7.0,38.0,0.1,0.075,0.2,1.0,886.0,0.0,0.0,0.11399548532731377
23.0,7.0,39.0,0.1,0.075,0.2,1.0,862.0,0.0,0.0,0.11600928074245939
23.0,7.0,40.0,0.1,0.075,0.2,1.0,863.0,0.0,0.0,0.11471610660486674
23.0,7.0,41.0,0.1,0.075,0.2,1.0,855.0,0.0,0.0,0.11461988304093568
23.0,7.0,42.0,0.1,0.075,0.2,1.0,833.0,0.0,0.0,0.11644657863145258
23.0,7.0,43.0,0.1,0.075,0.2,1.0,835.0,0.0,0.0,0.11497005988023952
23.0,7.0,44.0,0.1,0.075,0.2,1.0,816.0,0.0,0.0,0.11887254901960784
23.0,7.0,45.0,0.1,0.075,0.2,1.0,797.0,0.0,0.0,0.20702634880803011
23.0,7.0,46.0,0.1,0.075,0.2,1.0,785.0,0.0,0.0,0.20764331210191084
23.0,7.0,47.0,0.1,0.075,0.2,1.0,794.0,0.0,0.0,0.20780856423173805
23.0,7.0,48.0,0.1,0.075,0.2,1.0,776.0,0.0,0.0,0.20618556701030927
23.0,7.0,49.0,0.1,0.075,0.2,1.0,770.0,0.0,0.0,0.2077922077922078
23.0,7.0,50.0,0.1,0.075,0.2,1.0,756.0,0.0,0.0,0.20767195767195767
23.0,7.0,51.0,0.1,0.075,0.2,1.0,767.0,0.0,0.0,0.20860495436766624
23.0,7.0,52.0,0.1,0.075,0.2,1.0,756.0,0.0,0.0,0.20767195767195767
23.0,8.0,1.0,0.1,0.075,0.2,1.0,765.0,0.0,0.0,0.20784313725490197
23.0,8.0,2.0,0.1,0.075,0.2,1.0,755.0,0.0,0.0,0.20927152317880796
23.0,8.0,3.0,0.1,0.075,0.2,1.0,762.0,0.0,0.0,0.2099737532808399
23.0,8.0,4.0,0.1,0.075,0.2,1.0,757.0,0.0,0.0,0.20871862615587847
23.0,8.0,5.0,0.1,0.075,0.2,1.0,761.0,0.0,0.0,0.2102496714848883
23.0,8.0,6.0,0.1,0.075,0.2,1.0,756.0,0.0,0.0,0.20767195767195767
23.0,8.0,7.0,0.1,0.075,0.2,1.0,760.0,0.0,0.0,0.20921052631578949
23.0,8.0,8.0,0.1,0.075,0.2,1.0,752.0,0.0,0.0,0.2074468085106383
23.0,8.0,9.0,0.1,0.075,0.2,1.0,755.0,0.0,0.0,0.21059602649006623
23.0,8.0,10.0,0.1,0.075,0.2,1.0,751.0,0.0,0.0,0.20639147802929428
23.0,8.0,11.0,0.1,0.075,0.2,1.0,716.0,0.0,0.0,0.21368715083798884
23.0,8.0,12.0,0.1,0.075,0.2,1.0,711.0,0.0,0.0,0.2109704641350211
23.0,8.0,13.0,0.1,0.075,0.2,1.0,710.0,0.0,0.0,0.2140845070422535
23.0,8.0,14.0,0.1,0.075,0.2,1.0,709.0,0.0,0.0,0.21156558533145275
23.0,8.0,15.0,0.1,0.075,0.2,1.0,708.0,0.0,0.0,0.21610169491525424
23.0,8.0,16.0,0.1,0.075,0.2,1.0,697.0,0.0,0.0,0.21377331420373027
23.0,8.0,17.0,0.1,0.075,0.2,1.0,698.0,0.0,0.0,0.2163323782234957
23.0,8.0,18.0,0.1,0.075,0.2,1.0,698.0,0.0,0.0,0.2148997134670487
23.0,8.0,19.0,0.1,0.075,0.2,1.0,681.0,0.0,0.0,0.21879588839941264
23.0,8.0,20.0,0.1,0.075,0.2,1.0,1135.0,0.0,0.0,0.12599118942731277
23.0,8.0,21.0,0.1,0.075,0.2,1.0,1092.0,0.0,0.0,0.12912087912087913
23.0,8.0,22.0,0.1,0.075,0.2,1.0,1067.0,0.0,0.0,0.1302717900656045
23.0,8.0,23.0,0.1,0.075,0.2,1.0,1058.0,0.0,0.0,0.1323251417769376
23.0,8.0,24.0,0.1,0.075,0.2,1.0,1032.0,0.0,0.0,0.13372093023255813
23.0,8.0,25.0,0.1,0.075,0.2,1.0,1021.0,0.0,0.0,0.13320274240940255
23.0,8.0,26.0,0.1,0.075,0.2,1.0,1024.0,0.0,0.0,0.1318359375
23.0,8.0,27.0,0.1,0.075,0.2,1.0,1003.0,0.0,0.0,0.13359920239282153
23.0,8.0,28.0,0.1,0.075,0.2,1.0,1009.0,0.0,0.0,0.13280475718533202
23.0,8.0,29.0,0.1,0.075,0.2,1.0,1006.0,0.0,0.0,0.1341948310139165
23.0,8.0,30.0,0.1,0.075,0.2,1.0,981.0,0.0,0.0,0.1325178389398573
23.0,8.0,31.0,0.1,0.075,0.2,1.0,940.0,0.0,0.0,0.1351063829787234
23.0,8.0,32.0,0.1,0.075,0.2,1.0,940.0,0.0,0.0,0.13404255319148936
23.0,8.0,33.0,0.1,0.075,0.2,1.0,918.0,0.0,0.0,0.13507625272331156
23.0,8.0,34.0,0.1,0.075,0.2,1.0,918.0,0.0,0.0,0.13398692810457516
23.0,8.0,35.0,0.1,0.075,0.2,1.0,919.0,0.0,0.0,0.1338411316648531
23.0,8.0,36.0,0.1,0.075,0.2,1.0,866.0,0.0,0.0,0.13625866050808313
23.0,8.0,37.0,0.1,0.075,0.2,1.0,876.0,0.0,0.0,0.1358447488584475
23.0,8.0,38.0,0.1,0.075,0.2,1.0,865.0,0.0,0.0,0.13641618497109825
23.0,8.0,39.0,0.1,0.075,0.2,1.0,849.0,0.0,0.0,0.13780918727915195
23.0,8.0,40.0,0.1,0.075,0.2,1.0,850.0,0.0,0.0,0.13647058823529412
23.0,8.0,41.0,0.1,0.075,0.2,1.0,846.0,0.0,0.0,0.13829787234042554
23.0,8.0,42.0,0.1,0.075,0.2,1.0,823.0,0.0,0.0,0.14094775212636695
23.0,8.0,43.0,0.1,0.075,0.2,1.0,822.0,0.0,0.0,0.1435523114355231
23.0,8.0,44.0,0.1,0.075,0.2,1.0,821.0,0.0,0.0,0.14007308160779536
23.0,8.0,45.0,0.1,0.075,0.2,1.0,806.0,0.0,0.0,0.20967741935483872
23.0,8.0,46.0,0.1,0.075,0.2,1.0,806.0,0.0,0.0,0.20719602977667495
23.0,8.0,47.0,0.1,0.075,0.2,1.0,805.0,0.0,0.0,0.20869565217391303
23.0,8.0,48.0,0.1,0.075,0.2,1.0,792.0,0.0,0.0,0.20707070707070707
23.0,8.0,49.0,0.1,0.075,0.2,1.0,781.0,0.0,0.0,0.21254801536491677
23.0,8.0,50.0,0.1,0.075,0.2,1.0,779.0,0.0,0.0,0.21052631578947367
23.0,8.0,51.0,0.1,0.075,0.2,1.0,778.0,0.0,0.0,0.2120822622107969
23.0,8.0,52.0,0.1,0.075,0.2,1.0,774.0,0.0,0.0,0.21059431524547803
23.0,9.0,1.0,0.1,0.075,0.2,1.0,773.0,0.0,0.0,0.21345407503234154
23.0,9.0,2.0,0.1,0.075,0.2,1.0,773.0,0.0,0.0,0.2095730918499353
23.0,9.0,3.0,0.1,0.075,0.2,1.0,771.0,0.0,0.0,0.2140077821011673
23.0,9.0,4.0,0.1,0.075,0.2,1.0,769.0,0.0,0.0,0.21196358907672302
23.0,9.0,5.0,0.1,0.075,0.2,1.0,769.0,0.0,0.0,0.21456436931079323
23.0,9.0,6.0,0.1,0.075,0.2,1.0,768.0,0.0,0.0,0.21223958333333334
23.0,9.0,7.0,0.1,0.075,0.2,1.0,769.0,0.0,0.0,0.21456436931079323
23.0,9.0,8.0,0.1,0.075,0.2,1.0,762.0,0.0,0.0,0.2125984251968504
23.0,9.0,9.0,0.1,0.075,0.2,1.0,763.0,0.0,0.0,0.2162516382699869
23.0,9.0,10.0,0.1,0.075,0.2,1.0,761.0,0.0,0.0,0.21287779237844942
23.0,9.0,11.0,0.1,0.075,0.2,1.0,764.0,0.0,0.0,0.21596858638743455
23.0,9.0,12.0,0.1,0.075,0.2,1.0,762.0,0.0,0.0,0.21391076115485563
23.0,9.0,13.0,0.1,0.075,0.2,1.0,762.0,0.0,0.0,0.21653543307086615
23.0,9.0,14.0,0.1,0.075,0.2,1.0,760.0,0.0,0.0,0.21447368421052632
23.0,9.0,15.0,0.1,0.075,0.2,1.0,760.0,0.0,0.0,0.21710526315789475
23.0,9.0,16.0,0.1,0.075,0.2,1.0,760.0,0.0,0.0,0.21447368421052632
23.0,9.0,17.0,0.1,0.075,0.2,1.0,760.0,0.0,0.0,0.21710526315789475
23.0,9.0,18.0,0.1,0.075,0.2,1.0,757.0,0.0,0.0,0.21532364597093792
23.0,9.0,19.0,0.1,0.075,0.2,1.0,759.0,0.0,0.0,0.21739130434782608
23.0,9.0,20.0,0.1,0.075,0.2,1.0,1300.0,0.0,0.0,0.11923076923076924
23.0,9.0,21.0,0.1,0.075,0.2,1.0,1263.0,0.0,0.0,0.1227236737925574
23.0,9.0,22.0,0.1,0.075,0.2,1.0,1246.0,0.0,0.0,0.12279293739967898
23.0,9.0,23.0,0.1,0.075,0.2,1.0,1197.0,0.0,0.0,0.12280701754385964
23.0,9.0,24.0,0.1,0.075,0.2,1.0,1166.0,0.0,0.0,0.12521440823327615
23.0,9.0,25.0,0.1,0.075,0.2,1.0,1130.0,0.0,0.0,0.12477876106194691
23.0,9.0,26.0,0.1,0.075,0.2,1.0,1130.0,0.0,0.0,0.12389380530973451
23.0,9.0,27.0,0.1,0.075,0.2,1.0,1122.0,0.0,0.0,0.1265597147950089
23.0,9.0,28.0,0.1,0.075,0.2,1.0,1107.0,0.0,0.0,0.12466124661246612
23.0,9.0,29.0,0.1,0.075,0.2,1.0,1068.0,0.0,0.0,0.1254681647940075
23.0,9.0,30.0,0.1,0.075,0.2,1.0,1049.0,0.0,0.0,0.12583412774070543
23.0,9.0,31.0,0.1,0.075,0.2,1.0,1039.0,0.0,0.0,0.1260827718960539
23.0,9.0,32.0,0.1,0.075,0.2,1.0,1035.0,0.0,0.0,0.12367149758454106
23.0,9.0,33.0,0.1,0.075,0.2,1.0,1015.0,0.0,0.0,0.12807881773399016
23.0,9.0,34.0,0.1,0.075,0.2,1.0,996.0,0.0,0.0,0.12751004016064257
23.0,9.0,35.0,0.1,0.075,0.2,1.0,997.0,0.0,0.0,0.1283851554663992
23.0,9.0,36.0,0.1,0.075,0.2,1.0,997.0,0.0,0.0,0.12637913741223672
23.0,9.0,37.0,0.1,0.075,0.2,1.0,1001.0,0.0,0.0,0.12887112887112886
23.0,9.0,38.0,0.1,0.075,0.2,1.0,982.0,0.0,0.0,0.12830957230142567
23.0,9.0,39.0,0.1,0.075,0.2,1.0,964.0,0.0,0.0,0.13278008298755187
23.0,9.0,40.0,0.1,0.075,0.2,1.0,965.0,0.0,0.0,0.1305699481865285
23.0,9.0,41.0,0.1,0.075,0.2,1.0,961.0,0.0,0.0,0.13215400624349635
23.0,9.0,42.0,0.1,0.075,0.2,1.0,931.0,0.0,0.0,0.13426423200859292
23.0,9.0,43.0,0.1,0.075,0.2,1.0,932.0,0.0,0.0,0.13626609442060086
23.0,9.0,44.0,0.1,0.075,0.2,1.0,892.0,0.0,0.0,0.13565022421524664
23.0,9.0,45.0,0.1,0.075,0.2,1.0,883.0,0.0,0.0,0.2015855039637599
23.0,9.0,46.0,0.1,0.075,0.2,1.0,867.0,0.0,0.0,0.19838523644752018
23.0,9.0,47.0,0.1,0.075,0.2,1.0,850.0,0.0,0.0,0.2
23.0,9.0,48.0,0.1,0.075,0.2,1.0,835.0,0.0,0.0,0.19401197604790418
23.0,9.0,49.0,0.1,0.075,0.2,1.0,836.0,0.0,0.0,0.19736842105263158
23.0,9.0,50.0,0.1,0.075,0.2,1.0,833.0,0.0,0.0,0.19327731092436976
23.0,9.0,51.0,0.1,0.075,0.2,1.0,835.0,0.0,0.0,0.19760479041916168
23.0,9.0,52.0,0.1,0.075,0.2,1.0,834.0,0.0,0.0,0.19304556354916066
23.0,10.0,1.0,0.1,0.075,0.2,1.0,835.0,0.0,0.0,0.19760479041916168
23.0,10.0,2.0,0.1,0.075,0.2,1.0,820.0,0.0,0.0,0.19634146341463415
23.0,10.0,3.0,0.1,0.075,0.2,1.0,823.0,0.0,0.0,0.20048602673147023
23.0,10.0,4.0,0.1,0.075,0.2,1.0,820.0,0.0,0.0,0.19634146341463415
23.0,10.0,5.0,0.1,0.075,0.2,1.0,821.0,0.0,0.0,0.20219244823386115
23.0,10.0,6.0,0.1,0.075,0.2,1.0,819.0,0.0,0.0,0.1978021978021978
23.0,10.0,7.0,0.1,0.075,0.2,1.0,817.0,0.0,0.0,0.20195838433292534
23.0,10.0,8.0,0.1,0.075,0.2,1.0,815.0,0.0,0.0,0.19877300613496932
23.0,10.0,9.0,0.1,0.075,0.2,1.0,809.0,0.0,0.0,0.20519159456118666
23.0,10.0,10.0,0.1,0.075,0.2,1.0,808.0,0.0,0.0,0.19925742574257427
23.0,10.0,11.0,0.1,0.075,0.2,1.0,799.0,0.0,0.0,0.20525657071339173
23.0,10.0,12.0,0.1,0.075,0.2,1.0,793.0,0.0,0.0,0.201765447667087
23.0,10.0,13.0,0.1,0.075,0.2,1.0,783.0,0.0,0.0,0.20561941251596424
23.0,10.0,14.0,0.1,0.075,0.2,1.0,792.0,0.0,0.0,0.20202020202020202
23.0,10.0,15.0,0.1,0.075,0.2,1.0,785.0,0.0,0.0,0.20764331210191084
23.0,10.0,16.0,0.1,0.075,0.2,1.0,789.0,0.0,0.0,0.20278833967046894
23.0,10.0,17.0,0.1,0.075,0.2,1.0,781.0,0.0,0.0,0.2087067861715749
23.0,10.0,18.0,0.1,0.075,0.2,1.0,789.0,0.0,0.0,0.20278833967046894
23.0,10.0,19.0,0.1,0.075,0.2,1.0,783.0,0.0,0.0,0.2081736909323116
23.0,10.0,20.0,0.1,0.075,0.2,1.0,1357.0,0.0,0.0,0.10759027266028003
23.0,10.0,21.0,0.1,0.075,0.2,1.0,1306.0,0.0,0.0,0.11179173047473201
23.0,10.0,22.0,0.1,0.075,0.2,1.0,1240.0,0.0,0.0,0.11129032258064517
23.0,10.0,23.0,0.1,0.075,0.2,1.0,1216.0,0.0,0.0,0.11101973684210527
23.0,10.0,24.0,0.1,0.075,0.2,1.0,1198.0,0.0,0.0,0.10934891485809682
23.0,10.0,25.0,0.1,0.075,0.2,1.0,1173.0,0.0,0.0,0.1082693947144075
23.0,10.0,26.0,0.1,0.075,0.2,1.0,1158.0,0.0,0.0,0.1070811744386874
23.0,10.0,27.0,0.1,0.075,0.2,1.0,1160.0,0.0,0.0,0.10862068965517241
23.0,10.0,28.0,0.1,0.075,0.2,1.0,1145.0,0.0,0.0,0.10829694323144105
23.0,10.0,29.0,0.1,0.075,0.2,1.0,1130.0,0.0,0.0,0.11150442477876106
23.0,10.0,30.0,0.1,0.075,0.2,1.0,1086.0,0.0,0.0,0.11141804788213629
23.0,10.0,31.0,0.1,0.075,0.2,1.0,1086.0,0.0,0.0,0.1141804788213628
23.0,10.0,32.0,0.1,0.075,0.2,1.0,1067.0,0.0,0.0,0.11246485473289597
23.0,10.0,33.0,0.1,0.075,0.2,1.0,1068.0,0.0,0.0,0.1151685393258427
23.0,10.0,34.0,0.1,0.075,0.2,1.0,1067.0,0.0,0.0,0.11152764761012184
23.0,10.0,35.0,0.1,0.075,0.2,1.0,1062.0,0.0,0.0,0.11581920903954802
23.0,10.0,36.0,0.1,0.075,0.2,1.0,1027.0,0.0,0.0,0.11587147030185005
23.0,10.0,37.0,0.1,0.075,0.2,1.0,1013.0,0.0,0.0,0.1194471865745311
23.0,10.0,38.0,0.1,0.075,0.2,1.0,1004.0,0.0,0.0,0.11653386454183266
23.0,10.0,39.0,0.1,0.075,0.2,1.0,1001.0,0.0,0.0,0.11988011988011989
23.0,10.0,40.0,0.1,0.075,0.2,1.0,999.0,0.0,0.0,0.11711711711711711
23.0,10.0,41.0,0.1,0.075,0.2,1.0,976.0,0.0,0.0,0.12090163934426229
23.0,10.0,42.0,0.1,0.075,0.2,1.0,958.0,0.0,0.0,0.11795407098121086
23.0,10.0,43.0,0.1,0.075,0.2,1.0,954.0,0.0,0.0,0.12054507337526206
23.0,10.0,44.0,0.1,0.075,0.2,1.0,946.0,0.0,0.0,0.11945031712473574
23.0,10.0,45.0,0.1,0.075,0.2,1.0,946.0,0.0,0.0,0.19133192389006343
23.0,10.0,46.0,0.1,0.075,0.2,1.0,941.0,0.0,0.0,0.19128586609989373
23.0,10.0,47.0,0.1,0.075,0.2,1.0,934.0,0.0,0.0,0.1905781584582441
23.0,10.0,48.0,0.1,0.075,0.2,1.0,927.0,0.0,0.0,0.18985976267529667
23.0,10.0,49.0,0.1,0.075,0.2,1.0,918.0,0.0,0.0,0.19281045751633988
23.0,10.0,50.0,0.1,0.075,0.2,1.0,916.0,0.0,0.0,0.19104803493449782
23.0,10.0,51.0,0.1,0.075,0.2,1.0,916.0,0.0,0.0,0.19213973799126638
23.0,10.0,52.0,0.1,0.075,0.2,1.0,913.0,0.0,0.0,0.19058050383351588
24.0,1.0,1.0,0.1,0.075,0.2,1.0,5094.0,53.0,4.0,0.09874361994503338
24.0,1.0,2.0,0.1,0.075,0.2,1.0,5066.0,53.0,14.0,0.0986971969996052
24.0,1.0,3.0,0.1,0.075,0.2,1.0,5061.0,71.0,32.0,0.09859711519462556
24.0,1.0,4.0,0.1,0.075,0.2,1.0,5031.0,97.0,42.0,0.09898628503279666
24.0,1.0,5.0,0.1,0.075,0.2,1.0,5035.0,117.0,40.0,0.09990069513406157
24.0,1.0,6.0,0.1,0.075,0.2,1.0,4934.0,127.0,47.0,0.1021483583299554
24.0,1.0,7.0,0.1,0.075,0.2,1.0,4778.0,146.0,55.0,0.10171619924654668
24.0,1.0,8.0,0.1,0.075,0.2,1.0,4623.0,161.0,71.0,0.10144927536231885
24.0,1.0,9.0,0.1,0.075,0.2,1.0,4505.0,184.0,70.0,0.10166481687014428
24.0,1.0,10.0,0.1,0.075,0.2,1.0,4396.0,203.0,76.0,0.10145586897179254
24.0,1.0,11.0,0.1,0.075,0.2,1.0,4270.0,233.0,87.0,0.10398126463700234
24.0,1.0,12.0,0.1,0.075,0.2,1.0,4111.0,265.0,102.0,0.10532717100462174
24.0,1.0,13.0,0.1,0.075,0.2,1.0,3955.0,286.0,131.0,0.10568900126422251
24.0,1.0,14.0,0.1,0.075,0.2,1.0,3863.0,299.0,136.0,0.10742945896971266
24.0,1.0,15.0,0.1,0.075,0.2,1.0,3722.0,318.0,141.0,0.10746910263299302
24.0,1.0,16.0,0.1,0.075,0.2,1.0,3633.0,305.0,134.0,0.10872557115331682
24.0,1.0,17.0,0.1,0.075,0.2,1.0,3535.0,316.0,146.0,0.1106082036775106
24.0,1.0,18.0,0.1,0.075,0.2,1.0,3373.0,327.0,152.0,0.11206640972428106
24.0,1.0,19.0,0.1,0.075,0.2,1.0,3258.0,328.0,162.0,0.11387354205033763
24.0,1.0,20.0,0.1,0.075,0.2,1.0,6038.0,321.0,162.0,0.058959920503477974
24.0,1.0,21.0,0.1,0.075,0.2,1.0,5473.0,409.0,161.0,0.0608441439795359
24.0,1.0,22.0,0.1,0.075,0.2,1.0,5093.0,450.0,171.0,0.06283133712939329
24.0,1.0,23.0,0.1,0.075,0.2,1.0,4776.0,460.0,188.0,0.065536013400335
24.0,1.0,24.0,0.1,0.075,0.2,1.0,4413.0,464.0,184.0,0.06548832993428506
24.0,1.0,25.0,0.1,0.075,0.2,1.0,4287.0,494.0,203.0,0.06764637275484021
24.0,1.0,26.0,0.1,0.075,0.2,1.0,4096.0,525.0,209.0,0.069580078125
24.0,1.0,27.0,0.1,0.075,0.2,1.0,3927.0,555.0,242.0,0.07028265851795264
24.0,1.0,28.0,0.1,0.075,0.2,1.0,3691.0,573.0,227.0,0.072879978325657
24.0,1.0,29.0,0.1,0.075,0.2,1.0,3500.0,590.0,248.0,0.07571428571428572
24.0,1.0,30.0,0.1,0.075,0.2,1.0,3297.0,594.0,236.0,0.07855626326963906
24.0,1.0,31.0,0.1,0.075,0.2,1.0,3121.0,592.0,269.0,0.08170458186478692
24.0,1.0,32.0,0.1,0.075,0.2,1.0,2932.0,546.0,273.0,0.08594815825375171
24.0,1.0,33.0,0.1,0.075,0.2,1.0,2830.0,545.0,281.0,0.08869257950530035
24.0,1.0,34.0,0.1,0.075,0.2,1.0,2658.0,529.0,251.0,0.09292701279157262
24.0,1.0,35.0,0.1,0.075,0.2,1.0,2494.0,498.0,230.0,0.09903769045709704
24.0,1.0,36.0,0.1,0.075,0.2,1.0,2351.0,483.0,224.0,0.10336027222458528
24.0,1.0,37.0,0.1,0.075,0.2,1.0,2224.0,466.0,215.0,0.1079136690647482
24.0,1.0,38.0,0.1,0.075,0.2,1.0,2103.0,459.0,226.0,0.11079410366143605
24.0,1.0,39.0,0.1,0.075,0.2,1.0,1971.0,438.0,218.0,0.11821410451547437
24.0,1.0,40.0,0.1,0.075,0.2,1.0,1869.0,414.0,214.0,0.1198501872659176
24.0,1.0,41.0,0.1,0.075,0.2,1.0,1755.0,362.0,181.0,0.1282051282051282
24.0,1.0,42.0,0.1,0.075,0.2,1.0,1659.0,334.0,179.0,0.13321277878239904
24.0,1.0,43.0,0.1,0.075,0.2,1.0,1562.0,299.0,166.0,0.13956466069142126
24.0,1.0,44.0,0.1,0.075,0.2,1.0,1493.0,290.0,149.0,0.14668452779638314
24.0,1.0,45.0,0.1,0.075,0.2,1.0,1409.0,287.0,134.0,0.22356281050390348
24.0,1.0,46.0,0.1,0.075,0.2,1.0,1354.0,264.0,126.0,0.22821270310192024
24.0,1.0,47.0,0.1,0.075,0.2,1.0,1286.0,238.0,121.0,0.23872472783825816
24.0,1.0,48.0,0.1,0.075,0.2,1.0,1235.0,205.0,129.0,0.242914979757085
24.0,1.0,49.0,0.1,0.075,0.2,1.0,1150.0,167.0,111.0,0.25130434782608696
24.0,1.0,50.0,0.1,0.075,0.2,1.0,1103.0,145.0,91.0,0.2556663644605621
24.0,1.0,51.0,0.1,0.075,0.2,1.0,1061.0,121.0,69.0,0.26201696512723843
24.0,1.0,52.0,0.1,0.075,0.2,1.0,1007.0,101.0,49.0,0.26812313803376364
24.0,2.0,1.0,0.1,0.075,0.2,1.0,979.0,91.0,50.0,0.27374872318692545
24.0,2.0,2.0,0.1,0.075,0.2,1.0,956.0,78.0,46.0,0.27824267782426776
24.0,2.0,3.0,0.1,0.075,0.2,1.0,939.0,73.0,44.0,0.28115015974440893
24.0,2.0,4.0,0.1,0.075,0.2,1.0,909.0,56.0,36.0,0.28492849284928495
24.0,2.0,5.0,0.1,0.075,0.2,1.0,882.0,50.0,31.0,0.2891156462585034
24.0,2.0,6.0,0.1,0.075,0.2,1.0,854.0,46.0,25.0,0.297423887587822
24.0,2.0,7.0,0.1,0.075,0.2,1.0,840.0,39.0,21.0,0.3
24.0,2.0,8.0,0.1,0.075,0.2,1.0,827.0,32.0,21.0,0.3047158403869408
24.0,2.0,9.0,0.1,0.075,0.2,1.0,814.0,26.0,16.0,0.3071253071253071
24.0,2.0,10.0,0.1,0.075,0.2,1.0,800.0,20.0,12.0,0.3125
24.0,2.0,11.0,0.1,0.075,0.2,1.0,785.0,15.0,6.0,0.3159235668789809
24.0,2.0,12.0,0.1,0.075,0.2,1.0,782.0,13.0,10.0,0.31585677749360613
24.0,2.0,13.0,0.1,0.075,0.2,1.0,773.0,13.0,8.0,0.3169469598965071
24.0,2.0,14.0,0.1,0.075,0.2,1.0,768.0,12.0,9.0,0.3177083333333333
24.0,2.0,15.0,0.1,0.075,0.2,1.0,756.0,8.0,5.0,0.31746031746031744
24.0,2.0,16.0,0.1,0.075,0.2,1.0,754.0,7.0,4.0,0.3222811671087533
24.0,2.0,17.0,0.1,0.075,0.2,1.0,749.0,6.0,4.0,0.3190921228304406
24.0,2.0,18.0,0.1,0.075,0.2,1.0,740.0,5.0,2.0,0.32297297297297295
24.0,2.0,19.0,0.1,0.075,0.2,1.0,739.0,6.0,3.0,0.31799729364005414
24.0,2.0,20.0,0.1,0.075,0.2,1.0,1357.0,4.0,1.0,0.17391304347826086
24.0,2.0,21.0,0.1,0.075,0.2,1.0,1329.0,4.0,3.0,0.17155756207674944
24.0,2.0,22.0,0.1,0.075,0.2,1.0,1305.0,5.0,2.0,0.17164750957854405
24.0,2.0,23.0,0.1,0.075,0.2,1.0,1266.0,5.0,2.0,0.165086887835703
24.0,2.0,24.0,0.1,0.075,0.2,1.0,1242.0,5.0,1.0,0.1682769726247987
24.0,2.0,25.0,0.1,0.075,0.2,1.0,1223.0,5.0,4.0,0.16843826655764513
24.0,2.0,26.0,0.1,0.075,0.2,1.0,1186.0,8.0,5.0,0.16779089376053963
24.0,2.0,27.0,0.1,0.075,0.2,1.0,1166.0,7.0,5.0,0.16981132075471697
24.0,2.0,28.0,0.1,0.075,0.2,1.0,1143.0,4.0,3.0,0.16885389326334208
24.0,2.0,29.0,0.1,0.075,0.2,1.0,1143.0,4.0,2.0,0.1679790026246719
24.0,2.0,30.0,0.1,0.075,0.2,1.0,1108.0,6.0,3.0,0.17057761732851986
24.0,2.0,31.0,0.1,0.075,0.2,1.0,1107.0,6.0,3.0,0.16531165311653118
24.0,2.0,32.0,0.1,0.075,0.2,1.0,1083.0,5.0,3.0,0.1680517082179132
24.0,2.0,33.0,0.1,0.075,0.2,1.0,1071.0,6.0,1.0,0.16619981325863678
24.0,2.0,34.0,0.1,0.075,0.2,1.0,1070.0,6.0,2.0,0.16822429906542055
24.0,2.0,35.0,0.1,0.075,0.2,1.0,1044.0,7.0,4.0,0.16379310344827586
24.0,2.0,36.0,0.1,0.075,0.2,1.0,1007.0,7.0,6.0,0.16385302879841113
24.0,2.0,37.0,0.1,0.075,0.2,1.0,974.0,10.0,5.0,0.16632443531827515
24.0,2.0,38.0,0.1,0.075,0.2,1.0,967.0,8.0,4.0,0.16856256463288521
24.0,2.0,39.0,0.1,0.075,0.2,1.0,959.0,7.0,3.0,0.16579770594369134
24.0,2.0,40.0,0.1,0.075,0.2,1.0,948.0,10.0,3.0,0.16561181434599156
24.0,2.0,41.0,0.1,0.075,0.2,1.0,934.0,9.0,3.0,0.16274089935760172
24.0,2.0,42.0,0.1,0.075,0.2,1.0,912.0,9.0,1.0,0.16337719298245615
24.0,2.0,43.0,0.1,0.075,0.2,1.0,909.0,9.0,4.0,0.16501650165016502
24.0,2.0,44.0,0.1,0.075,0.2,1.0,896.0,10.0,6.0,0.16183035714285715
24.0,2.0,45.0,0.1,0.075,0.2,1.0,901.0,15.0,7.0,0.2142064372918979
24.0,2.0,46.0,0.1,0.075,0.2,1.0,876.0,16.0,6.0,0.2146118721461187
24.0,2.0,47.0,0.1,0.075,0.2,1.0,870.0,17.0,7.0,0.21839080459770116
24.0,2.0,48.0,0.1,0.075,0.2,1.0,853.0,18.0,11.0,0.21805392731535755
24.0,2.0,49.0,0.1,0.075,0.2,1.0,848.0,19.0,8.0,0.21816037735849056
24.0,2.0,50.0,0.1,0.075,0.2,1.0,836.0,17.0,7.0,0.21770334928229665
24.0,2.0,51.0,0.1,0.075,0.2,1.0,830.0,15.0,8.0,0.21566265060240963
24.0,2.0,52.0,0.1,0.075,0.2,1.0,823.0,17.0,11.0,0.2174969623329283
24.0,3.0,1.0,0.1,0.075,0.2,1.0,816.0,17.0,13.0,0.21691176470588236
24.0,3.0,2.0,0.1,0.075,0.2,1.0,811.0,16.0,10.0,0.21948212083847102
24.0,3.0,3.0,0.1,0.075,0.2,1.0,806.0,14.0,6.0,0.21836228287841192
24.0,3.0,4.0,0.1,0.075,0.2,1.0,796.0,14.0,7.0,0.22110552763819097
24.0,3.0,5.0,0.1,0.075,0.2,1.0,791.0,15.0,6.0,0.21744627054361568
24.0,3.0,6.0,0.1,0.075,0.2,1.0,777.0,7.0,3.0,0.22265122265122264
24.0,3.0,7.0,0.1,0.075,0.2,1.0,769.0,4.0,1.0,0.21846553966189858
24.0,3.0,8.0,0.1,0.075,0.2,1.0,760.0,4.0,4.0,0.2236842105263158
24.0,3.0,9.0,0.1,0.075,0.2,1.0,737.0,5.0,4.0,0.22116689280868385
24.0,3.0,10.0,0.1,0.075,0.2,1.0,737.0,9.0,3.0,0.22388059701492538
24.0,3.0,11.0,0.1,0.075,0.2,1.0,725.0,6.0,2.0,0.22344827586206897
24.0,3.0,12.0,0.1,0.075,0.2,1.0,722.0,7.0,2.0,0.22714681440443213
24.0,3.0,13.0,0.1,0.075,0.2,1.0,714.0,8.0,3.0,0.22268907563025211
24.0,3.0,14.0,0.1,0.075,0.2,1.0,714.0,6.0,4.0,0.22549019607843138
24.0,3.0,15.0,0.1,0.075,0.2,1.0,709.0,7.0,5.0,0.22284908321579688
24.0,3.0,16.0,0.1,0.075,0.2,1.0,708.0,6.0,6.0,0.22598870056497175
24.0,3.0,17.0,0.1,0.075,0.2,1.0,702.0,3.0,3.0,0.22364672364672364
24.0,3.0,18.0,0.1,0.075,0.2,1.0,687.0,2.0,2.0,0.22416302765647744
24.0,3.0,19.0,0.1,0.075,0.2,1.0,683.0,0.0,0.0,0.2240117130307467
24.0,3.0,20.0,0.1,0.075,0.2,1.0,1259.0,0.0,0.0,0.11834789515488484
24.0,3.0,21.0,0.1,0.075,0.2,1.0,1259.0,0.0,0.0,0.11675933280381255
24.0,3.0,22.0,0.1,0.075,0.2,1.0,1238.0,0.0,0.0,0.12035541195476575
24.0,3.0,23.0,0.1,0.075,0.2,1.0,1189.0,0.0,0.0,0.12195121951219512
24.0,3.0,24.0,0.1,0.075,0.2,1.0,1162.0,0.0,0.0,0.11876075731497418
24.0,3.0,25.0,0.1,0.075,0.2,1.0,1123.0,0.0,0.0,0.1157613535173642
24.0,3.0,26.0,0.1,0.075,0.2,1.0,1064.0,0.0,0.0,0.11842105263157894
24.0,3.0,27.0,0.1,0.075,0.2,1.0,1024.0,0.0,0.0,0.119140625
24.0,3.0,28.0,0.1,0.075,0.2,1.0,1022.0,0.0,0.0,0.12035225048923678
24.0,3.0,29.0,0.1,0.075,0.2,1.0,1011.0,0.0,0.0,0.11869436201780416
24.0,3.0,30.0,0.1,0.075,0.2,1.0,1019.0,0.0,0.0,0.1197252208047105
24.0,3.0,31.0,0.1,0.075,0.2,1.0,1007.0,0.0,0.0,0.11916583912611718
24.0,3.0,32.0,0.1,0.075,0.2,1.0,1004.0,0.0,0.0,0.1205179282868526
24.0,3.0,33.0,0.1,0.075,0.2,1.0,996.0,0.0,0.0,0.11947791164658635
24.0,3.0,34.0,0.1,0.075,0.2,1.0,998.0,0.0,0.0,0.12024048096192384
24.0,3.0,35.0,0.1,0.075,0.2,1.0,976.0,0.0,0.0,0.11885245901639344
24.0,3.0,36.0,0.1,0.075,0.2,1.0,970.0,0.0,0.0,0.12061855670103093
24.0,3.0,37.0,0.1,0.075,0.2,1.0,951.0,0.0,0.0,0.11987381703470032
24.0,3.0,38.0,0.1,0.075,0.2,1.0,893.0,0.0,0.0,0.12094064949608063
24.0,3.0,39.0,0.1,0.075,0.2,1.0,867.0,0.0,0.0,0.11995386389850057
24.0,3.0,40.0,0.1,0.075,0.2,1.0,869.0,0.0,0.0,0.11967779056386652
24.0,3.0,41.0,0.1,0.075,0.2,1.0,855.0,0.0,0.0,0.11812865497076024
24.0,3.0,42.0,0.1,0.075,0.2,1.0,829.0,0.0,0.0,0.12062726176115803
24.0,3.0,43.0,0.1,0.075,0.2,1.0,822.0,0.0,0.0,0.1192214111922141
24.0,3.0,44.0,0.1,0.075,0.2,1.0,806.0,0.0,0.0,0.12531017369727046
24.0,3.0,45.0,0.1,0.075,0.2,1.0,793.0,0.0,0.0,0.18158890290037832
24.0,3.0,46.0,0.1,0.075,0.2,1.0,796.0,0.0,0.0,0.17964824120603015
24.0,3.0,47.0,0.1,0.075,0.2,1.0,770.0,0.0,0.0,0.17792207792207793
24.0,3.0,48.0,0.1,0.075,0.2,1.0,764.0,0.0,0.0,0.17539267015706805
24.0,3.0,49.0,0.1,0.075,0.2,1.0,736.0,0.0,0.0,0.1766304347826087
24.0,3.0,50.0,0.1,0.075,0.2,1.0,726.0,0.0,0.0,0.1790633608815427
24.0,3.0,51.0,0.1,0.075,0.2,1.0,721.0,0.0,0.0,0.17614424410540916
24.0,3.0,52.0,0.1,0.075,0.2,1.0,716.0,0.0,0.0,0.17737430167597765
24.0,4.0,1.0,0.1,0.075,0.2,1.0,710.0,0.0,0.0,0.1732394366197183
24.0,4.0,2.0,0.1,0.075,0.2,1.0,704.0,0.0,0.0,0.17897727272727273
24.0,4.0,3.0,0.1,0.075,0.2,1.0,706.0,0.0,0.0,0.17422096317280453
24.0,4.0,4.0,0.1,0.075,0.2,1.0,702.0,0.0,0.0,0.1794871794871795
24.0,4.0,5.0,0.1,0.075,0.2,1.0,703.0,0.0,0.0,0.17354196301564723
24.0,4.0,6.0,0.1,0.075,0.2,1.0,697.0,0.0,0.0,0.17647058823529413
24.0,4.0,7.0,0.1,0.075,0.2,1.0,686.0,0.0,0.0,0.17201166180758018
24.0,4.0,8.0,0.1,0.075,0.2,1.0,679.0,0.0,0.0,0.17378497790868924
24.0,4.0,9.0,0.1,0.075,0.2,1.0,676.0,0.0,0.0,0.16863905325443787
24.0,4.0,10.0,0.1,0.075,0.2,1.0,671.0,0.0,0.0,0.16840536512667661
24.0,4.0,11.0,0.1,0.075,0.2,1.0,673.0,0.0,0.0,0.16939078751857356
24.0,4.0,12.0,0.1,0.075,0.2,1.0,653.0,0.0,0.0,0.16539050535987748
24.0,4.0,13.0,0.1,0.075,0.2,1.0,654.0,0.0,0.0,0.1651376146788991
24.0,4.0,14.0,0.1,0.075,0.2,1.0,645.0,0.0,0.0,0.16434108527131783
24.0,4.0,15.0,0.1,0.075,0.2,1.0,652.0,0.0,0.0,0.16257668711656442
24.0,4.0,16.0,0.1,0.075,0.2,1.0,643.0,0.0,0.0,0.16485225505443235
24.0,4.0,17.0,0.1,0.075,0.2,1.0,648.0,0.0,0.0,0.16049382716049382
24.0,4.0,18.0,0.1,0.075,0.2,1.0,605.0,0.0,0.0,0.16198347107438016
24.0,4.0,19.0,0.1,0.075,0.2,1.0,609.0,0.0,0.0,0.1592775041050903
24.0,4.0,20.0,0.1,0.075,0.2,1.0,1184.0,0.0,0.0,0.08108108108108109
24.0,4.0,21.0,0.1,0.075,0.2,1.0,1169.0,0.0,0.0,0.08297690333618478
24.0,4.0,22.0,0.1,0.075,0.2,1.0,1114.0,0.0,0.0,0.08527827648114901
24.0,4.0,23.0,0.1,0.075,0.2,1.0,1098.0,0.0,0.0,0.08743169398907104
24.0,4.0,24.0,0.1,0.075,0.2,1.0,1041.0,0.0,0.0,0.08741594620557157
24.0,4.0,25.0,0.1,0.075,0.2,1.0,998.0,0.0,0.0,0.08917835671342686
24.0,4.0,26.0,0.1,0.075,0.2,1.0,984.0,0.0,0.0,0.09044715447154472
24.0,4.0,27.0,0.1,0.075,0.2,1.0,949.0,0.0,0.0,0.0916754478398314
24.0,4.0,28.0,0.1,0.075,0.2,1.0,925.0,0.0,0.0,0.09297297297297297
24.0,4.0,29.0,0.1,0.075,0.2,1.0,883.0,0.0,0.0,0.09173272933182333
24.0,4.0,30.0,0.1,0.075,0.2,1.0,847.0,0.0,0.0,0.09681227863046045
24.0,4.0,31.0,0.1,0.075,0.2,1.0,841.0,0.0,0.0,0.093935790725327
24.0,4.0,32.0,0.1,0.075,0.2,1.0,811.0,0.0,0.0,0.0998766954377312
24.0,4.0,33.0,0.1,0.075,0.2,1.0,809.0,0.0,0.0,0.09765142150803462
24.0,4.0,34.0,0.1,0.075,0.2,1.0,796.0,0.0,0.0,0.0992462311557789
24.0,4.0,35.0,0.1,0.075,0.2,1.0,807.0,0.0,0.0,0.09665427509293681
24.0,4.0,36.0,0.1,0.075,0.2,1.0,786.0,0.0,0.0,0.1005089058524173
24.0,4.0,37.0,0.1,0.075,0.2,1.0,781.0,0.0,0.0,0.09603072983354674
24.0,4.0,38.0,0.1,0.075,0.2,1.0,773.0,0.0,0.0,0.09831824062095731
24.0,4.0,39.0,0.1,0.075,0.2,1.0,773.0,0.0,0.0,0.09314359637774904
24.0,4.0,40.0,0.1,0.075,0.2,1.0,754.0,0.0,0.0,0.09814323607427056
24.0,4.0,41.0,0.1,0.075,0.2,1.0,753.0,0.0,0.0,0.09428950863213811
24.0,4.0,42.0,0.1,0.075,0.2,1.0,738.0,0.0,0.0,0.1016260162601626
24.0,4.0,43.0,0.1,0.075,0.2,1.0,707.0,0.0,0.0,0.09759547383309759
24.0,4.0,44.0,0.1,0.075,0.2,1.0,709.0,0.0,0.0,0.1001410437235543
24.0,4.0,45.0,0.1,0.075,0.2,1.0,681.0,0.0,0.0,0.1527165932452276
24.0,4.0,46.0,0.1,0.075,0.2,1.0,644.0,0.0,0.0,0.15372670807453417
24.0,4.0,47.0,0.1,0.075,0.2,1.0,635.0,0.0,0.0,0.14488188976377953
24.0,4.0,48.0,0.1,0.075,0.2,1.0,634.0,0.0,0.0,0.1498422712933754
24.0,4.0,49.0,0.1,0.075,0.2,1.0,632.0,0.0,0.0,0.14556962025316456
24.0,4.0,50.0,0.1,0.075,0.2,1.0,628.0,0.0,0.0,0.1464968152866242
24.0,4.0,51.0,0.1,0.075,0.2,1.0,614.0,0.0,0.0,0.14332247557003258
24.0,4.0,52.0,0.1,0.075,0.2,1.0,614.0,0.0,0.0,0.1449511400651466
24.0,5.0,1.0,0.1,0.075,0.2,1.0,609.0,0.0,0.0,0.1444991789819376
24.0,5.0,2.0,0.1,0.075,0.2,1.0,611.0,0.0,0.0,0.14566284779050737
24.0,5.0,3.0,0.1,0.075,0.2,1.0,609.0,0.0,0.0,0.1444991789819376
24.0,5.0,4.0,0.1,0.075,0.2,1.0,609.0,0.0,0.0,0.14614121510673234
24.0,5.0,5.0,0.1,0.075,0.2,1.0,597.0,0.0,0.0,0.1457286432160804
24.0,5.0,6.0,0.1,0.075,0.2,1.0,592.0,0.0,0.0,0.14695945945945946
24.0,5.0,7.0,0.1,0.075,0.2,1.0,593.0,0.0,0.0,0.1467116357504216
24.0,5.0,8.0,0.1,0.075,0.2,1.0,588.0,0.0,0.0,0.14795918367346939
24.0,5.0,9.0,0.1,0.075,0.2,1.0,583.0,0.0,0.0,0.14922813036020582
24.0,5.0,10.0,0.1,0.075,0.2,1.0,578.0,0.0,0.0,0.14878892733564014
24.0,5.0,11.0,0.1,0.075,0.2,1.0,558.0,0.0,0.0,0.14874551971326164
24.0,5.0,12.0,0.1,0.075,0.2,1.0,557.0,0.0,0.0,0.15080789946140036
24.0,5.0,13.0,0.1,0.075,0.2,1.0,557.0,0.0,0.0,0.1490125673249551
24.0,5.0,14.0,0.1,0.075,0.2,1.0,552.0,0.0,0.0,0.1503623188405797
24.0,5.0,15.0,0.1,0.075,0.2,1.0,554.0,0.0,0.0,0.148014440433213
24.0,5.0,16.0,0.1,0.075,0.2,1.0,549.0,0.0,0.0,0.1493624772313297
24.0,5.0,17.0,0.1,0.075,0.2,1.0,553.0,0.0,0.0,0.14828209764918626
24.0,5.0,18.0,0.1,0.075,0.2,1.0,548.0,0.0,0.0,0.1478102189781022
24.0,5.0,19.0,0.1,0.075,0.2,1.0,538.0,0.0,0.0,0.14869888475836432
24.0,5.0,20.0,0.1,0.075,0.2,1.0,1038.0,0.0,0.0,0.07707129094412331
24.0,5.0,21.0,0.1,0.075,0.2,1.0,1015.0,0.0,0.0,0.07586206896551724
24.0,5.0,22.0,0.1,0.075,0.2,1.0,998.0,0.0,0.0,0.07615230460921844
24.0,5.0,23.0,0.1,0.075,0.2,1.0,967.0,0.0,0.0,0.07549120992761117
24.0,5.0,24.0,0.1,0.075,0.2,1.0,958.0,0.0,0.0,0.07620041753653445
24.0,5.0,25.0,0.1,0.075,0.2,1.0,938.0,0.0,0.0,0.07782515991471216
24.0,5.0,26.0,0.1,0.075,0.2,1.0,885.0,0.0,0.0,0.0768361581920904
24.0,5.0,27.0,0.1,0.075,0.2,1.0,897.0,0.0,0.0,0.07803790412486064
24.0,5.0,28.0,0.1,0.075,0.2,1.0,881.0,0.0,0.0,0.0771850170261067
24.0,5.0,29.0,0.1,0.075,0.2,1.0,897.0,0.0,0.0,0.07803790412486064
24.0,5.0,30.0,0.1,0.075,0.2,1.0,865.0,0.0,0.0,0.07861271676300578
24.0,5.0,31.0,0.1,0.075,0.2,1.0,880.0,0.0,0.0,0.07954545454545454
24.0,5.0,32.0,0.1,0.075,0.2,1.0,864.0,0.0,0.0,0.0787037037037037
24.0,5.0,33.0,0.1,0.075,0.2,1.0,842.0,0.0,0.0,0.08076009501187649
24.0,5.0,34.0,0.1,0.075,0.2,1.0,847.0,0.0,0.0,0.07792207792207792
24.0,5.0,35.0,0.1,0.075,0.2,1.0,825.0,0.0,0.0,0.08
24.0,5.0,36.0,0.1,0.075,0.2,1.0,819.0,0.0,0.0,0.07814407814407814
24.0,5.0,37.0,0.1,0.075,0.2,1.0,808.0,0.0,0.0,0.08044554455445545
24.0,5.0,38.0,0.1,0.075,0.2,1.0,796.0,0.0,0.0,0.08040201005025126
24.0,5.0,39.0,0.1,0.075,0.2,1.0,789.0,0.0,0.0,0.08111533586818757
24.0,5.0,40.0,0.1,0.075,0.2,1.0,760.0,0.0,0.0,0.08157894736842106
24.0,5.0,41.0,0.1,0.075,0.2,1.0,754.0,0.0,0.0,0.08355437665782493
24.0,5.0,42.0,0.1,0.075,0.2,1.0,758.0,0.0,0.0,0.08179419525065963
24.0,5.0,43.0,0.1,0.075,0.2,1.0,755.0,0.0,0.0,0.08344370860927153
24.0,5.0,44.0,0.1,0.075,0.2,1.0,759.0,0.0,0.0,0.08168642951251646
24.0,5.0,45.0,0.1,0.075,0.2,1.0,754.0,0.0,0.0,0.16180371352785147
24.0,5.0,46.0,0.1,0.075,0.2,1.0,727.0,0.0,0.0,0.16643741403026135
24.0,5.0,47.0,0.1,0.075,0.2,1.0,703.0,0.0,0.0,0.17069701280227595
24.0,5.0,48.0,0.1,0.075,0.2,1.0,709.0,0.0,0.0,0.1692524682651622
24.0,5.0,49.0,0.1,0.075,0.2,1.0,700.0,0.0,0.0,0.17142857142857143
24.0,5.0,50.0,0.1,0.075,0.2,1.0,704.0,0.0,0.0,0.1690340909090909
24.0,5.0,51.0,0.1,0.075,0.2,1.0,693.0,0.0,0.0,0.17027417027417027
24.0,5.0,52.0,0.1,0.075,0.2,1.0,684.0,0.0,0.0,0.1695906432748538
24.0,6.0,1.0,0.1,0.075,0.2,1.0,663.0,0.0,0.0,0.17647058823529413
24.0,6.0,2.0,0.1,0.075,0.2,1.0,672.0,0.0,0.0,0.17261904761904762
24.0,6.0,3.0,0.1,0.075,0.2,1.0,660.0,0.0,0.0,0.17575757575757575
24.0,6.0,4.0,0.1,0.075,0.2,1.0,665.0,0.0,0.0,0.17293233082706766
24.0,6.0,5.0,0.1,0.075,0.2,1.0,655.0,0.0,0.0,0.17709923664122137
24.0,6.0,6.0,0.1,0.075,0.2,1.0,663.0,0.0,0.0,0.17345399698340874
24.0,6.0,7.0,0.1,0.075,0.2,1.0,651.0,0.0,0.0,0.1781874039938556
24.0,6.0,8.0,0.1,0.075,0.2,1.0,661.0,0.0,0.0,0.17397881996974282
24.0,6.0,9.0,0.1,0.075,0.2,1.0,632.0,0.0,0.0,0.18354430379746836
24.0,6.0,10.0,0.1,0.075,0.2,1.0,635.0,0.0,0.0,0.18110236220472442
24.0,6.0,11.0,0.1,0.075,0.2,1.0,631.0,0.0,0.0,0.1838351822503962
24.0,6.0,12.0,0.1,0.075,0.2,1.0,633.0,0.0,0.0,0.18009478672985782
24.0,6.0,13.0,0.1,0.075,0.2,1.0,622.0,0.0,0.0,0.1864951768488746
24.0,6.0,14.0,0.1,0.075,0.2,1.0,617.0,0.0,0.0,0.1847649918962723
24.0,6.0,15.0,0.1,0.075,0.2,1.0,612.0,0.0,0.0,0.1895424836601307
24.0,6.0,16.0,0.1,0.075,0.2,1.0,615.0,0.0,0.0,0.18536585365853658
24.0,6.0,17.0,0.1,0.075,0.2,1.0,609.0,0.0,0.0,0.19047619047619047
24.0,6.0,18.0,0.1,0.075,0.2,1.0,614.0,0.0,0.0,0.18566775244299674
24.0,6.0,19.0,0.1,0.075,0.2,1.0,610.0,0.0,0.0,0.1901639344262295
24.0,6.0,20.0,0.1,0.075,0.2,1.0,1141.0,0.0,0.0,0.09991235758106924
24.0,6.0,21.0,0.1,0.075,0.2,1.0,1124.0,0.0,0.0,0.10320284697508897
24.0,6.0,22.0,0.1,0.075,0.2,1.0,1108.0,0.0,0.0,0.10288808664259928
24.0,6.0,23.0,0.1,0.075,0.2,1.0,1106.0,0.0,0.0,0.10307414104882459
24.0,6.0,24.0,0.1,0.075,0.2,1.0,1070.0,0.0,0.0,0.10373831775700934
24.0,6.0,25.0,0.1,0.075,0.2,1.0,1055.0,0.0,0.0,0.1061611374407583
24.0,6.0,26.0,0.1,0.075,0.2,1.0,1013.0,0.0,0.0,0.10858835143139191
24.0,6.0,27.0,0.1,0.075,0.2,1.0,981.0,0.0,0.0,0.10805300713557595
24.0,6.0,28.0,0.1,0.075,0.2,1.0,966.0,0.0,0.0,0.10869565217391304
24.0,6.0,29.0,0.1,0.075,0.2,1.0,966.0,0.0,0.0,0.10869565217391304
24.0,6.0,30.0,0.1,0.075,0.2,1.0,923.0,0.0,0.0,0.1105092091007584
24.0,6.0,31.0,0.1,0.075,0.2,1.0,920.0,0.0,0.0,0.11195652173913044
24.0,6.0,32.0,0.1,0.075,0.2,1.0,907.0,0.0,0.0,0.11245865490628446
24.0,6.0,33.0,0.1,0.075,0.2,1.0,905.0,0.0,0.0,0.1138121546961326
24.0,6.0,34.0,0.1,0.075,0.2,1.0,906.0,0.0,0.0,0.11147902869757174
24.0,6.0,35.0,0.1,0.075,0.2,1.0,907.0,0.0,0.0,0.11245865490628446
24.0,6.0,36.0,0.1,0.075,0.2,1.0,885.0,0.0,0.0,0.11186440677966102
24.0,6.0,37.0,0.1,0.075,0.2,1.0,875.0,0.0,0.0,0.11428571428571428
24.0,6.0,38.0,0.1,0.075,0.2,1.0,847.0,0.0,0.0,0.11570247933884298
24.0,6.0,39.0,0.1,0.075,0.2,1.0,826.0,0.0,0.0,0.1162227602905569
24.0,6.0,40.0,0.1,0.075,0.2,1.0,814.0,0.0,0.0,0.11425061425061425
24.0,6.0,41.0,0.1,0.075,0.2,1.0,797.0,0.0,0.0,0.11794228356336262
24.0,6.0,42.0,0.1,0.075,0.2,1.0,781.0,0.0,0.0,0.117797695262484
24.0,6.0,43.0,0.1,0.075,0.2,1.0,755.0,0.0,0.0,0.12185430463576159
24.0,6.0,44.0,0.1,0.075,0.2,1.0,756.0,0.0,0.0,0.12301587301587301
24.0,6.0,45.0,0.1,0.075,0.2,1.0,750.0,0.0,0.0,0.18266666666666667
24.0,6.0,46.0,0.1,0.075,0.2,1.0,755.0,0.0,0.0,0.1827814569536424
24.0,6.0,47.0,0.1,0.075,0.2,1.0,736.0,0.0,0.0,0.18206521739130435
24.0,6.0,48.0,0.1,0.075,0.2,1.0,727.0,0.0,0.0,0.1843191196698762
24.0,6.0,49.0,0.1,0.075,0.2,1.0,707.0,0.0,0.0,0.18104667609618105
24.0,6.0,50.0,0.1,0.075,0.2,1.0,706.0,0.0,0.0,0.18271954674220964
24.0,6.0,51.0,0.1,0.075,0.2,1.0,704.0,0.0,0.0,0.18181818181818182
24.0,6.0,52.0,0.1,0.075,0.2,1.0,707.0,0.0,0.0,0.18528995756718528
24.0,7.0,1.0,0.1,0.075,0.2,1.0,703.0,0.0,0.0,0.18207681365576103
24.0,7.0,2.0,0.1,0.075,0.2,1.0,701.0,0.0,0.0,0.1825962910128388
24.0,7.0,3.0,0.1,0.075,0.2,1.0,681.0,0.0,0.0,0.18208516886930984
24.0,7.0,4.0,0.1,0.075,0.2,1.0,679.0,0.0,0.0,0.18114874815905743
24.0,7.0,5.0,0.1,0.075,0.2,1.0,666.0,0.0,0.0,0.18018018018018017
24.0,7.0,6.0,0.1,0.075,0.2,1.0,664.0,0.0,0.0,0.18072289156626506
24.0,7.0,7.0,0.1,0.075,0.2,1.0,661.0,0.0,0.0,0.1800302571860817
24.0,7.0,8.0,0.1,0.075,0.2,1.0,662.0,0.0,0.0,0.1797583081570997
24.0,7.0,9.0,0.1,0.075,0.2,1.0,655.0,0.0,0.0,0.1801526717557252
24.0,7.0,10.0,0.1,0.075,0.2,1.0,658.0,0.0,0.0,0.18085106382978725
24.0,7.0,11.0,0.1,0.075,0.2,1.0,651.0,0.0,0.0,0.17972350230414746
24.0,7.0,12.0,0.1,0.075,0.2,1.0,640.0,0.0,0.0,0.1796875
24.0,7.0,13.0,0.1,0.075,0.2,1.0,633.0,0.0,0.0,0.18009478672985782
24.0,7.0,14.0,0.1,0.075,0.2,1.0,634.0,0.0,0.0,0.17823343848580442
24.0,7.0,15.0,0.1,0.075,0.2,1.0,627.0,0.0,0.0,0.17703349282296652
24.0,7.0,16.0,0.1,0.075,0.2,1.0,631.0,0.0,0.0,0.179080824088748
24.0,7.0,17.0,0.1,0.075,0.2,1.0,625.0,0.0,0.0,0.1776
24.0,7.0,18.0,0.1,0.075,0.2,1.0,629.0,0.0,0.0,0.17965023847376788
24.0,7.0,19.0,0.1,0.075,0.2,1.0,624.0,0.0,0.0,0.1762820512820513
24.0,7.0,20.0,0.1,0.075,0.2,1.0,1192.0,0.0,0.0,0.09395973154362416
24.0,7.0,21.0,0.1,0.075,0.2,1.0,1125.0,0.0,0.0,0.09422222222222222
24.0,7.0,22.0,0.1,0.075,0.2,1.0,1119.0,0.0,0.0,0.09740840035746202
24.0,7.0,23.0,0.1,0.075,0.2,1.0,1107.0,0.0,0.0,0.0948509485094851
24.0,7.0,24.0,0.1,0.075,0.2,1.0,1067.0,0.0,0.0,0.09746954076850985
24.0,7.0,25.0,0.1,0.075,0.2,1.0,995.0,0.0,0.0,0.09547738693467336
24.0,7.0,26.0,0.1,0.075,0.2,1.0,987.0,0.0,0.0,0.0972644376899696
24.0,7.0,27.0,0.1,0.075,0.2,1.0,996.0,0.0,0.0,0.09437751004016064
24.0,7.0,28.0,0.1,0.075,0.2,1.0,948.0,0.0,0.0,0.10021097046413502
24.0,7.0,29.0,0.1,0.075,0.2,1.0,962.0,0.0,0.0,0.09667359667359668
24.0,7.0,30.0,0.1,0.075,0.2,1.0,948.0,0.0,0.0,0.10021097046413502
24.0,7.0,31.0,0.1,0.075,0.2,1.0,926.0,0.0,0.0,0.09611231101511879
24.0,7.0,32.0,0.1,0.075,0.2,1.0,852.0,0.0,0.0,0.10093896713615023
24.0,7.0,33.0,0.1,0.075,0.2,1.0,866.0,0.0,0.0,0.09699769053117784
24.0,7.0,34.0,0.1,0.075,0.2,1.0,810.0,0.0,0.0,0.10246913580246914
24.0,7.0,35.0,0.1,0.075,0.2,1.0,811.0,0.0,0.0,0.0998766954377312
24.0,7.0,36.0,0.1,0.075,0.2,1.0,802.0,0.0,0.0,0.10349127182044887
24.0,7.0,37.0,0.1,0.075,0.2,1.0,811.0,0.0,0.0,0.0998766954377312
24.0,7.0,38.0,0.1,0.075,0.2,1.0,803.0,0.0,0.0,0.10336239103362391
24.0,7.0,39.0,0.1,0.075,0.2,1.0,798.0,0.0,0.0,0.10025062656641603
24.0,7.0,40.0,0.1,0.075,0.2,1.0,761.0,0.0,0.0,0.1038107752956636
24.0,7.0,41.0,0.1,0.075,0.2,1.0,746.0,0.0,0.0,0.10187667560321716
24.0,7.0,42.0,0.1,0.075,0.2,1.0,733.0,0.0,0.0,0.10368349249658936
24.0,7.0,43.0,0.1,0.075,0.2,1.0,717.0,0.0,0.0,0.10460251046025104
24.0,7.0,44.0,0.1,0.075,0.2,1.0,717.0,0.0,0.0,0.100418410041841
24.0,7.0,45.0,0.1,0.075,0.2,1.0,703.0,0.0,0.0,0.17496443812233287
24.0,7.0,46.0,0.1,0.075,0.2,1.0,697.0,0.0,0.0,0.17360114777618366
24.0,7.0,47.0,0.1,0.075,0.2,1.0,676.0,0.0,0.0,0.17455621301775148
24.0,7.0,48.0,0.1,0.075,0.2,1.0,663.0,0.0,0.0,0.17647058823529413
24.0,7.0,49.0,0.1,0.075,0.2,1.0,661.0,0.0,0.0,0.17549167927382753
24.0,7.0,50.0,0.1,0.075,0.2,1.0,648.0,0.0,0.0,0.17746913580246915
24.0,7.0,51.0,0.1,0.075,0.2,1.0,644.0,0.0,0.0,0.17701863354037267
24.0,7.0,52.0,0.1,0.075,0.2,1.0,634.0,0.0,0.0,0.17981072555205047
24.0,8.0,1.0,0.1,0.075,0.2,1.0,635.0,0.0,0.0,0.1795275590551181
24.0,8.0,2.0,0.1,0.075,0.2,1.0,632.0,0.0,0.0,0.17721518987341772
24.0,8.0,3.0,0.1,0.075,0.2,1.0,632.0,0.0,0.0,0.1787974683544304
24.0,8.0,4.0,0.1,0.075,0.2,1.0,630.0,0.0,0.0,0.17936507936507937
24.0,8.0,5.0,0.1,0.075,0.2,1.0,631.0,0.0,0.0,0.179080824088748
24.0,8.0,6.0,0.1,0.075,0.2,1.0,632.0,0.0,0.0,0.1787974683544304
24.0,8.0,7.0,0.1,0.075,0.2,1.0,617.0,0.0,0.0,0.17828200972447325
24.0,8.0,8.0,0.1,0.075,0.2,1.0,612.0,0.0,0.0,0.18137254901960784
24.0,8.0,9.0,0.1,0.075,0.2,1.0,604.0,0.0,0.0,0.1804635761589404
24.0,8.0,10.0,0.1,0.075,0.2,1.0,608.0,0.0,0.0,0.17927631578947367
24.0,8.0,11.0,0.1,0.075,0.2,1.0,601.0,0.0,0.0,0.17970049916805325
24.0,8.0,12.0,0.1,0.075,0.2,1.0,607.0,0.0,0.0,0.1812191103789127
24.0,8.0,13.0,0.1,0.075,0.2,1.0,580.0,0.0,0.0,0.17413793103448275
24.0,8.0,14.0,0.1,0.075,0.2,1.0,588.0,0.0,0.0,0.17517006802721088
24.0,8.0,15.0,0.1,0.075,0.2,1.0,575.0,0.0,0.0,0.17565217391304347
24.0,8.0,16.0,0.1,0.075,0.2,1.0,586.0,0.0,0.0,0.1757679180887372
24.0,8.0,17.0,0.1,0.075,0.2,1.0,575.0,0.0,0.0,0.17739130434782607
24.0,8.0,18.0,0.1,0.075,0.2,1.0,584.0,0.0,0.0,0.17294520547945205
24.0,8.0,19.0,0.1,0.075,0.2,1.0,578.0,0.0,0.0,0.1782006920415225
24.0,8.0,20.0,0.1,0.075,0.2,1.0,1043.0,0.0,0.0,0.09683604985618409
24.0,8.0,21.0,0.1,0.075,0.2,1.0,1012.0,0.0,0.0,0.09980237154150198
24.0,8.0,22.0,0.1,0.075,0.2,1.0,962.0,0.0,0.0,0.10187110187110188
24.0,8.0,23.0,0.1,0.075,0.2,1.0,940.0,0.0,0.0,0.10425531914893617
24.0,8.0,24.0,0.1,0.075,0.2,1.0,926.0,0.0,0.0,0.10475161987041037
24.0,8.0,25.0,0.1,0.075,0.2,1.0,928.0,0.0,0.0,0.10452586206896551
24.0,8.0,26.0,0.1,0.075,0.2,1.0,914.0,0.0,0.0,0.1050328227571116
24.0,8.0,27.0,0.1,0.075,0.2,1.0,882.0,0.0,0.0,0.10770975056689343
24.0,8.0,28.0,0.1,0.075,0.2,1.0,856.0,0.0,0.0,0.10747663551401869
24.0,8.0,29.0,0.1,0.075,0.2,1.0,844.0,0.0,0.0,0.10900473933649289
24.0,8.0,30.0,0.1,0.075,0.2,1.0,821.0,0.0,0.0,0.1120584652862363
24.0,8.0,31.0,0.1,0.075,0.2,1.0,783.0,0.0,0.0,0.1136653895274585
24.0,8.0,32.0,0.1,0.075,0.2,1.0,759.0,0.0,0.0,0.11330698287220026
24.0,8.0,33.0,0.1,0.075,0.2,1.0,758.0,0.0,0.0,0.11345646437994723
24.0,8.0,34.0,0.1,0.075,0.2,1.0,763.0,0.0,0.0,0.1127129750982962
24.0,8.0,35.0,0.1,0.075,0.2,1.0,758.0,0.0,0.0,0.11345646437994723
24.0,8.0,36.0,0.1,0.075,0.2,1.0,764.0,0.0,0.0,0.112565445026178
24.0,8.0,37.0,0.1,0.075,0.2,1.0,758.0,0.0,0.0,0.11345646437994723
24.0,8.0,38.0,0.1,0.075,0.2,1.0,737.0,0.0,0.0,0.11668928086838534
24.0,8.0,39.0,0.1,0.075,0.2,1.0,731.0,0.0,0.0,0.11764705882352941
24.0,8.0,40.0,0.1,0.075,0.2,1.0,691.0,0.0,0.0,0.12156295224312591
24.0,8.0,41.0,0.1,0.075,0.2,1.0,680.0,0.0,0.0,0.12352941176470589
24.0,8.0,42.0,0.1,0.075,0.2,1.0,691.0,0.0,0.0,0.12156295224312591
24.0,8.0,43.0,0.1,0.075,0.2,1.0,685.0,0.0,0.0,0.12262773722627737
24.0,8.0,44.0,0.1,0.075,0.2,1.0,685.0,0.0,0.0,0.12262773722627737
24.0,8.0,45.0,0.1,0.075,0.2,1.0,677.0,0.0,0.0,0.19940915805022155
24.0,8.0,46.0,0.1,0.075,0.2,1.0,678.0,0.0,0.0,0.1976401179941003
24.0,8.0,47.0,0.1,0.075,0.2,1.0,671.0,0.0,0.0,0.19970193740685543
24.0,8.0,48.0,0.1,0.075,0.2,1.0,678.0,0.0,0.0,0.1976401179941003
24.0,8.0,49.0,0.1,0.075,0.2,1.0,677.0,0.0,0.0,0.19940915805022155
24.0,8.0,50.0,0.1,0.075,0.2,1.0,670.0,0.0,0.0,0.19701492537313434
24.0,8.0,51.0,0.1,0.075,0.2,1.0,677.0,0.0,0.0,0.19940915805022155
24.0,8.0,52.0,0.1,0.075,0.2,1.0,669.0,0.0,0.0,0.19730941704035873
24.0,9.0,1.0,0.1,0.075,0.2,1.0,676.0,0.0,0.0,0.1997041420118343
24.0,9.0,2.0,0.1,0.075,0.2,1.0,668.0,0.0,0.0,0.19610778443113772
24.0,9.0,3.0,0.1,0.075,0.2,1.0,674.0,0.0,0.0,0.20029673590504452
24.0,9.0,4.0,0.1,0.075,0.2,1.0,669.0,0.0,0.0,0.19581464872944693
24.0,9.0,5.0,0.1,0.075,0.2,1.0,672.0,0.0,0.0,0.19940476190476192
24.0,9.0,6.0,0.1,0.075,0.2,1.0,668.0,0.0,0.0,0.19610778443113772
24.0,9.0,7.0,0.1,0.075,0.2,1.0,671.0,0.0,0.0,0.20119225037257824
24.0,9.0,8.0,0.1,0.075,0.2,1.0,663.0,0.0,0.0,0.19607843137254902
24.0,9.0,9.0,0.1,0.075,0.2,1.0,664.0,0.0,0.0,0.20180722891566266
24.0,9.0,10.0,0.1,0.075,0.2,1.0,635.0,0.0,0.0,0.2
24.0,9.0,11.0,0.1,0.075,0.2,1.0,639.0,0.0,0.0,0.20500782472613457
24.0,9.0,12.0,0.1,0.075,0.2,1.0,635.0,0.0,0.0,0.2015748031496063
24.0,9.0,13.0,0.1,0.075,0.2,1.0,638.0,0.0,0.0,0.20376175548589343
24.0,9.0,14.0,0.1,0.075,0.2,1.0,630.0,0.0,0.0,0.2015873015873016
24.0,9.0,15.0,0.1,0.075,0.2,1.0,638.0,0.0,0.0,0.20376175548589343
24.0,9.0,16.0,0.1,0.075,0.2,1.0,630.0,0.0,0.0,0.2015873015873016
24.0,9.0,17.0,0.1,0.075,0.2,1.0,637.0,0.0,0.0,0.20251177394034536
24.0,9.0,18.0,0.1,0.075,0.2,1.0,630.0,0.0,0.0,0.20317460317460317
24.0,9.0,19.0,0.1,0.075,0.2,1.0,637.0,0.0,0.0,0.20408163265306123
24.0,9.0,20.0,0.1,0.075,0.2,1.0,1069.0,0.0,0.0,0.11506080449017773
24.0,9.0,21.0,0.1,0.075,0.2,1.0,1042.0,0.0,0.0,0.11708253358925144
24.0,9.0,22.0,0.1,0.075,0.2,1.0,1027.0,0.0,0.0,0.11684518013631938
24.0,9.0,23.0,0.1,0.075,0.2,1.0,1002.0,0.0,0.0,0.1217564870259481
24.0,9.0,24.0,0.1,0.075,0.2,1.0,989.0,0.0,0.0,0.12032355915065723
24.0,9.0,25.0,0.1,0.075,0.2,1.0,977.0,0.0,0.0,0.12077789150460594
24.0,9.0,26.0,0.1,0.075,0.2,1.0,989.0,0.0,0.0,0.12133468149646107
24.0,9.0,27.0,0.1,0.075,0.2,1.0,908.0,0.0,0.0,0.12665198237885464
24.0,9.0,28.0,0.1,0.075,0.2,1.0,895.0,0.0,0.0,0.12960893854748604
24.0,9.0,29.0,0.1,0.075,0.2,1.0,893.0,0.0,0.0,0.12877939529675253
24.0,9.0,30.0,0.1,0.075,0.2,1.0,894.0,0.0,0.0,0.1297539149888143
24.0,9.0,31.0,0.1,0.075,0.2,1.0,872.0,0.0,0.0,0.13073394495412843
24.0,9.0,32.0,0.1,0.075,0.2,1.0,876.0,0.0,0.0,0.1324200913242009
24.0,9.0,33.0,0.1,0.075,0.2,1.0,843.0,0.0,0.0,0.13404507710557534
24.0,9.0,34.0,0.1,0.075,0.2,1.0,816.0,0.0,0.0,0.13970588235294118
24.0,9.0,35.0,0.1,0.075,0.2,1.0,801.0,0.0,0.0,0.1373283395755306
24.0,9.0,36.0,0.1,0.075,0.2,1.0,792.0,0.0,0.0,0.14015151515151514
24.0,9.0,37.0,0.1,0.075,0.2,1.0,780.0,0.0,0.0,0.13974358974358975
24.0,9.0,38.0,0.1,0.075,0.2,1.0,769.0,0.0,0.0,0.14434330299089726
24.0,9.0,39.0,0.1,0.075,0.2,1.0,766.0,0.0,0.0,0.1409921671018277
24.0,9.0,40.0,0.1,0.075,0.2,1.0,770.0,0.0,0.0,0.14415584415584415
24.0,9.0,41.0,0.1,0.075,0.2,1.0,767.0,0.0,0.0,0.1421121251629726
24.0,9.0,42.0,0.1,0.075,0.2,1.0,757.0,0.0,0.0,0.1453104359313078
24.0,9.0,43.0,0.1,0.075,0.2,1.0,744.0,0.0,0.0,0.14112903225806453
24.0,9.0,44.0,0.1,0.075,0.2,1.0,744.0,0.0,0.0,0.14112903225806453
24.0,9.0,45.0,0.1,0.075,0.2,1.0,743.0,0.0,0.0,0.2193808882907133
24.0,9.0,46.0,0.1,0.075,0.2,1.0,732.0,0.0,0.0,0.22131147540983606
24.0,9.0,47.0,0.1,0.075,0.2,1.0,731.0,0.0,0.0,0.22024623803009577
24.0,9.0,48.0,0.1,0.075,0.2,1.0,720.0,0.0,0.0,0.21944444444444444
24.0,9.0,49.0,0.1,0.075,0.2,1.0,720.0,0.0,0.0,0.21944444444444444
24.0,9.0,50.0,0.1,0.075,0.2,1.0,719.0,0.0,0.0,0.21974965229485396
24.0,9.0,51.0,0.1,0.075,0.2,1.0,718.0,0.0,0.0,0.2200557103064067
24.0,9.0,52.0,0.1,0.075,0.2,1.0,720.0,0.0,0.0,0.21944444444444444
24.0,10.0,1.0,0.1,0.075,0.2,1.0,719.0,0.0,0.0,0.21974965229485396
24.0,10.0,2.0,0.1,0.075,0.2,1.0,721.0,0.0,0.0,0.21914008321775313
24.0,10.0,3.0,0.1,0.075,0.2,1.0,718.0,0.0,0.0,0.2200557103064067
24.0,10.0,4.0,0.1,0.075,0.2,1.0,718.0,0.0,0.0,0.2200557103064067
24.0,10.0,5.0,0.1,0.075,0.2,1.0,716.0,0.0,0.0,0.2206703910614525
24.0,10.0,6.0,0.1,0.075,0.2,1.0,716.0,0.0,0.0,0.21927374301675978
24.0,10.0,7.0,0.1,0.075,0.2,1.0,716.0,0.0,0.0,0.2206703910614525
24.0,10.0,8.0,0.1,0.075,0.2,1.0,714.0,0.0,0.0,0.21988795518207283
24.0,10.0,9.0,0.1,0.075,0.2,1.0,710.0,0.0,0.0,0.22253521126760564
24.0,10.0,10.0,0.1,0.075,0.2,1.0,695.0,0.0,0.0,0.22014388489208633
24.0,10.0,11.0,0.1,0.075,0.2,1.0,695.0,0.0,0.0,0.22158273381294963
24.0,10.0,12.0,0.1,0.075,0.2,1.0,695.0,0.0,0.0,0.22014388489208633
24.0,10.0,13.0,0.1,0.075,0.2,1.0,692.0,0.0,0.0,0.22254335260115607
24.0,10.0,14.0,0.1,0.075,0.2,1.0,691.0,0.0,0.0,0.21852387843704776
24.0,10.0,15.0,0.1,0.075,0.2,1.0,689.0,0.0,0.0,0.22351233671988388
24.0,10.0,16.0,0.1,0.075,0.2,1.0,688.0,0.0,0.0,0.2180232558139535
24.0,10.0,17.0,0.1,0.075,0.2,1.0,672.0,0.0,0.0,0.22172619047619047
24.0,10.0,18.0,0.1,0.075,0.2,1.0,663.0,0.0,0.0,0.2187028657616893
24.0,10.0,19.0,0.1,0.075,0.2,1.0,660.0,0.0,0.0,0.22424242424242424
24.0,10.0,20.0,0.1,0.075,0.2,1.0,1110.0,0.0,0.0,0.11621621621621622
24.0,10.0,21.0,0.1,0.075,0.2,1.0,1064.0,0.0,0.0,0.11842105263157894
24.0,10.0,22.0,0.1,0.075,0.2,1.0,1034.0,0.0,0.0,0.11411992263056092
24.0,10.0,23.0,0.1,0.075,0.2,1.0,1022.0,0.0,0.0,0.11741682974559686
24.0,10.0,24.0,0.1,0.075,0.2,1.0,969.0,0.0,0.0,0.11764705882352941
24.0,10.0,25.0,0.1,0.075,0.2,1.0,949.0,0.0,0.0,0.11801896733403583
24.0,10.0,26.0,0.1,0.075,0.2,1.0,955.0,0.0,0.0,0.11727748691099477
24.0,10.0,27.0,0.1,0.075,0.2,1.0,941.0,0.0,0.0,0.11689691817215728
24.0,10.0,28.0,0.1,0.075,0.2,1.0,931.0,0.0,0.0,0.11707841031149302
24.0,10.0,29.0,0.1,0.075,0.2,1.0,899.0,0.0,0.0,0.11790878754171301
24.0,10.0,30.0,0.1,0.075,0.2,1.0,863.0,0.0,0.0,0.12282734646581692
24.0,10.0,31.0,0.1,0.075,0.2,1.0,838.0,0.0,0.0,0.12171837708830549
24.0,10.0,32.0,0.1,0.075,0.2,1.0,808.0,0.0,0.0,0.12747524752475248
24.0,10.0,33.0,0.1,0.075,0.2,1.0,777.0,0.0,0.0,0.12612612612612611
24.0,10.0,34.0,0.1,0.075,0.2,1.0,780.0,0.0,0.0,0.1282051282051282
24.0,10.0,35.0,0.1,0.075,0.2,1.0,775.0,0.0,0.0,0.12516129032258064
24.0,10.0,36.0,0.1,0.075,0.2,1.0,739.0,0.0,0.0,0.13396481732070364
24.0,10.0,37.0,0.1,0.075,0.2,1.0,738.0,0.0,0.0,0.13414634146341464
24.0,10.0,38.0,0.1,0.075,0.2,1.0,738.0,0.0,0.0,0.13279132791327913
24.0,10.0,39.0,0.1,0.075,0.2,1.0,738.0,0.0,0.0,0.13414634146341464
24.0,10.0,40.0,0.1,0.075,0.2,1.0,739.0,0.0,0.0,0.13261163734776726
24.0,10.0,41.0,0.1,0.075,0.2,1.0,738.0,0.0,0.0,0.13414634146341464
24.0,10.0,42.0,0.1,0.075,0.2,1.0,741.0,0.0,0.0,0.13225371120107962
24.0,10.0,43.0,0.1,0.075,0.2,1.0,736.0,0.0,0.0,0.13451086956521738
24.0,10.0,44.0,0.1,0.075,0.2,1.0,717.0,0.0,0.0,0.13389121338912133
24.0,10.0,45.0,0.1,0.075,0.2,1.0,714.0,0.0,0.0,0.1876750700280112
24.0,10.0,46.0,0.1,0.075,0.2,1.0,717.0,0.0,0.0,0.18828451882845187
24.0,10.0,47.0,0.1,0.075,0.2,1.0,714.0,0.0,0.0,0.1876750700280112
24.0,10.0,48.0,0.1,0.075,0.2,1.0,699.0,0.0,0.0,0.18741058655221746
24.0,10.0,49.0,0.1,0.075,0.2,1.0,692.0,0.0,0.0,0.18641618497109827
24.0,10.0,50.0,0.1,0.075,0.2,1.0,699.0,0.0,0.0,0.18741058655221746
24.0,10.0,51.0,0.1,0.075,0.2,1.0,691.0,0.0,0.0,0.18813314037626627
24.0,10.0,52.0,0.1,0.075,0.2,1.0,696.0,0.0,0.0,0.1853448275862069
25.0,1.0,1.0,0.1,0.075,0.2,1.0,5112.0,46.0,5.0,0.09663536776212832
25.0,1.0,2.0,0.1,0.075,0.2,1.0,5098.0,52.0,14.0,0.0982738328756375
25.0,1.0,3.0,0.1,0.075,0.2,1.0,5014.0,64.0,31.0,0.09852413242919825
25.0,1.0,4.0,0.1,0.075,0.2,1.0,4995.0,90.0,37.0,0.0998998998998999
25.0,1.0,5.0,0.1,0.075,0.2,1.0,5027.0,131.0,42.0,0.10065645514223195
25.0,1.0,6.0,0.1,0.075,0.2,1.0,4910.0,153.0,48.0,0.10325865580448065
25.0,1.0,7.0,0.1,0.075,0.2,1.0,4811.0,193.0,57.0,0.10372064019954272
25.0,1.0,8.0,0.1,0.075,0.2,1.0,4675.0,229.0,84.0,0.10288770053475936
25.0,1.0,9.0,0.1,0.075,0.2,1.0,4500.0,271.0,114.0,0.10333333333333333
25.0,1.0,10.0,0.1,0.075,0.2,1.0,4307.0,317.0,129.0,0.1026236359414906
25.0,1.0,11.0,0.1,0.075,0.2,1.0,4099.0,340.0,132.0,0.10417174920712369
25.0,1.0,12.0,0.1,0.075,0.2,1.0,4001.0,338.0,131.0,0.10497375656085979
25.0,1.0,13.0,0.1,0.075,0.2,1.0,3946.0,371.0,147.0,0.10770400405473897
25.0,1.0,14.0,0.1,0.075,0.2,1.0,3794.0,386.0,167.0,0.10727464417501317
25.0,1.0,15.0,0.1,0.075,0.2,1.0,3722.0,407.0,203.0,0.11096184846856529
25.0,1.0,16.0,0.1,0.075,0.2,1.0,3595.0,439.0,208.0,0.1109874826147427
25.0,1.0,17.0,0.1,0.075,0.2,1.0,3494.0,434.0,199.0,0.11448196908986835
25.0,1.0,18.0,0.1,0.075,0.2,1.0,3358.0,407.0,177.0,0.11643835616438356
25.0,1.0,19.0,0.1,0.075,0.2,1.0,3285.0,407.0,198.0,0.1202435312024353
25.0,1.0,20.0,0.1,0.075,0.2,1.0,6046.0,402.0,212.0,0.0628514720476348
25.0,1.0,21.0,0.1,0.075,0.2,1.0,5682.0,458.0,194.0,0.06476592749032031
25.0,1.0,22.0,0.1,0.075,0.2,1.0,5334.0,495.0,177.0,0.06749156355455568
25.0,1.0,23.0,0.1,0.075,0.2,1.0,4964.0,514.0,182.0,0.06889605157131345
25.0,1.0,24.0,0.1,0.075,0.2,1.0,4653.0,527.0,212.0,0.06984741027294218
25.0,1.0,25.0,0.1,0.075,0.2,1.0,4430.0,574.0,231.0,0.07110609480812641
25.0,1.0,26.0,0.1,0.075,0.2,1.0,4193.0,585.0,242.0,0.07345575959933222
25.0,1.0,27.0,0.1,0.075,0.2,1.0,4036.0,611.0,255.0,0.07556987115956393
25.0,1.0,28.0,0.1,0.075,0.2,1.0,3752.0,606.0,278.0,0.07782515991471216
25.0,1.0,29.0,0.1,0.075,0.2,1.0,3522.0,621.0,280.0,0.0820556501987507
25.0,1.0,30.0,0.1,0.075,0.2,1.0,3274.0,611.0,280.0,0.08643860720830789
25.0,1.0,31.0,0.1,0.075,0.2,1.0,3103.0,576.0,267.0,0.08991298743151789
25.0,1.0,32.0,0.1,0.075,0.2,1.0,2930.0,547.0,269.0,0.09385665529010238
25.0,1.0,33.0,0.1,0.075,0.2,1.0,2789.0,554.0,249.0,0.09680889207601291
25.0,1.0,34.0,0.1,0.075,0.2,1.0,2631.0,514.0,250.0,0.10148232611174458
25.0,1.0,35.0,0.1,0.075,0.2,1.0,2481.0,498.0,225.0,0.10318419991938735
25.0,1.0,36.0,0.1,0.075,0.2,1.0,2312.0,473.0,221.0,0.10986159169550173
25.0,1.0,37.0,0.1,0.075,0.2,1.0,2197.0,437.0,201.0,0.11242603550295859
25.0,1.0,38.0,0.1,0.075,0.2,1.0,2087.0,416.0,210.0,0.11787254432199329
25.0,1.0,39.0,0.1,0.075,0.2,1.0,1994.0,403.0,205.0,0.12186559679037111
25.0,1.0,40.0,0.1,0.075,0.2,1.0,1872.0,382.0,187.0,0.12767094017094016
25.0,1.0,41.0,0.1,0.075,0.2,1.0,1770.0,349.0,168.0,0.13559322033898305
25.0,1.0,42.0,0.1,0.075,0.2,1.0,1651.0,316.0,153.0,0.14233797698364628
25.0,1.0,43.0,0.1,0.075,0.2,1.0,1599.0,295.0,164.0,0.14696685428392744
25.0,1.0,44.0,0.1,0.075,0.2,1.0,1495.0,266.0,139.0,0.15451505016722408
25.0,1.0,45.0,0.1,0.075,0.2,1.0,1425.0,268.0,132.0,0.23719298245614034
25.0,1.0,46.0,0.1,0.075,0.2,1.0,1331.0,235.0,115.0,0.2501878287002254
25.0,1.0,47.0,0.1,0.075,0.2,1.0,1279.0,219.0,112.0,0.25645035183737297
25.0,1.0,48.0,0.1,0.075,0.2,1.0,1207.0,190.0,101.0,0.2651201325600663
25.0,1.0,49.0,0.1,0.075,0.2,1.0,1149.0,168.0,96.0,0.2689295039164491
25.0,1.0,50.0,0.1,0.075,0.2,1.0,1105.0,157.0,94.0,0.27782805429864255
25.0,1.0,51.0,0.1,0.075,0.2,1.0,1067.0,141.0,83.0,0.2858481724461106
25.0,1.0,52.0,0.1,0.075,0.2,1.0,1024.0,130.0,72.0,0.2919921875
25.0,2.0,1.0,0.1,0.075,0.2,1.0,989.0,112.0,57.0,0.30535894843276035
25.0,2.0,2.0,0.1,0.075,0.2,1.0,954.0,98.0,54.0,0.31027253668763105
25.0,2.0,3.0,0.1,0.075,0.2,1.0,929.0,91.0,48.0,0.3218514531754575
25.0,2.0,4.0,0.1,0.075,0.2,1.0,909.0,80.0,45.0,0.32233223322332233
25.0,2.0,5.0,0.1,0.075,0.2,1.0,886.0,70.0,44.0,0.3340857787810384
25.0,2.0,6.0,0.1,0.075,0.2,1.0,864.0,63.0,39.0,0.33449074074074076
25.0,2.0,7.0,0.1,0.075,0.2,1.0,842.0,56.0,35.0,0.34560570071258906
25.0,2.0,8.0,0.1,0.075,0.2,1.0,817.0,47.0,28.0,0.3488372093023256
25.0,2.0,9.0,0.1,0.075,0.2,1.0,799.0,44.0,24.0,0.3591989987484355
25.0,2.0,10.0,0.1,0.075,0.2,1.0,777.0,40.0,21.0,0.36164736164736166
25.0,2.0,11.0,0.1,0.075,0.2,1.0,761.0,34.0,16.0,0.3692509855453351
25.0,2.0,12.0,0.1,0.075,0.2,1.0,741.0,34.0,18.0,0.37112010796221323
25.0,2.0,13.0,0.1,0.075,0.2,1.0,725.0,37.0,22.0,0.37655172413793103
25.0,2.0,14.0,0.1,0.075,0.2,1.0,717.0,42.0,24.0,0.37656903765690375
25.0,2.0,15.0,0.1,0.075,0.2,1.0,707.0,36.0,20.0,0.38189533239038187
25.0,2.0,16.0,0.1,0.075,0.2,1.0,685.0,27.0,17.0,0.3854014598540146
25.0,2.0,17.0,0.1,0.075,0.2,1.0,681.0,24.0,15.0,0.39060205580029367
25.0,2.0,18.0,0.1,0.075,0.2,1.0,672.0,23.0,14.0,0.3913690476190476
25.0,2.0,19.0,0.1,0.075,0.2,1.0,662.0,16.0,8.0,0.3987915407854985
25.0,2.0,20.0,0.1,0.075,0.2,1.0,1220.0,16.0,6.0,0.21311475409836064
25.0,2.0,21.0,0.1,0.075,0.2,1.0,1210.0,13.0,7.0,0.21735537190082643
25.0,2.0,22.0,0.1,0.075,0.2,1.0,1199.0,17.0,7.0,0.21684737281067556
25.0,2.0,23.0,0.1,0.075,0.2,1.0,1172.0,30.0,8.0,0.22184300341296928
25.0,2.0,24.0,0.1,0.075,0.2,1.0,1169.0,31.0,10.0,0.21899059024807527
25.0,2.0,25.0,0.1,0.075,0.2,1.0,1145.0,37.0,14.0,0.2244541484716157
25.0,2.0,26.0,0.1,0.075,0.2,1.0,1141.0,39.0,20.0,0.21998247151621383
25.0,2.0,27.0,0.1,0.075,0.2,1.0,1092.0,37.0,15.0,0.22527472527472528
25.0,2.0,28.0,0.1,0.075,0.2,1.0,1080.0,32.0,16.0,0.21944444444444444
25.0,2.0,29.0,0.1,0.075,0.2,1.0,1023.0,28.0,12.0,0.2316715542521994
25.0,2.0,30.0,0.1,0.075,0.2,1.0,1018.0,30.0,15.0,0.22396856581532418
25.0,2.0,31.0,0.1,0.075,0.2,1.0,962.0,33.0,13.0,0.23180873180873182
25.0,2.0,32.0,0.1,0.075,0.2,1.0,963.0,32.0,15.0,0.22949117341640707
25.0,2.0,33.0,0.1,0.075,0.2,1.0,929.0,32.0,17.0,0.23681377825618946
25.0,2.0,34.0,0.1,0.075,0.2,1.0,918.0,33.0,17.0,0.23420479302832245
25.0,2.0,35.0,0.1,0.075,0.2,1.0,889.0,32.0,17.0,0.23847019122609675
25.0,2.0,36.0,0.1,0.075,0.2,1.0,877.0,27.0,13.0,0.23831242873432154
25.0,2.0,37.0,0.1,0.075,0.2,1.0,837.0,24.0,12.0,0.24014336917562723
25.0,2.0,38.0,0.1,0.075,0.2,1.0,830.0,24.0,9.0,0.24096385542168675
25.0,2.0,39.0,0.1,0.075,0.2,1.0,812.0,24.0,13.0,0.24261083743842365
25.0,2.0,40.0,0.1,0.075,0.2,1.0,811.0,23.0,11.0,0.2441430332922318
25.0,2.0,41.0,0.1,0.075,0.2,1.0,795.0,23.0,11.0,0.24654088050314465
25.0,2.0,42.0,0.1,0.075,0.2,1.0,769.0,19.0,10.0,0.247074122236671
25.0,2.0,43.0,0.1,0.075,0.2,1.0,747.0,17.0,9.0,0.2543507362784471
25.0,2.0,44.0,0.1,0.075,0.2,1.0,741.0,18.0,8.0,0.2496626180836707
25.0,2.0,45.0,0.1,0.075,0.2,1.0,708.0,11.0,6.0,0.326271186440678
25.0,2.0,46.0,0.1,0.075,0.2,1.0,708.0,13.0,9.0,0.3248587570621469
25.0,2.0,47.0,0.1,0.075,0.2,1.0,709.0,14.0,8.0,0.32722143864598024
25.0,2.0,48.0,0.1,0.075,0.2,1.0,687.0,15.0,5.0,0.3304221251819505
25.0,2.0,49.0,0.1,0.075,0.2,1.0,677.0,13.0,2.0,0.33382570162481534
25.0,2.0,50.0,0.1,0.075,0.2,1.0,675.0,13.0,6.0,0.32592592592592595
25.0,2.0,51.0,0.1,0.075,0.2,1.0,665.0,13.0,9.0,0.3323308270676692
25.0,2.0,52.0,0.1,0.075,0.2,1.0,663.0,16.0,9.0,0.3273001508295626
25.0,3.0,1.0,0.1,0.075,0.2,1.0,646.0,15.0,6.0,0.33436532507739936
25.0,3.0,2.0,0.1,0.075,0.2,1.0,647.0,12.0,4.0,0.3323029366306028
25.0,3.0,3.0,0.1,0.075,0.2,1.0,636.0,12.0,6.0,0.33647798742138363
25.0,3.0,4.0,0.1,0.075,0.2,1.0,632.0,12.0,7.0,0.33544303797468356
25.0,3.0,5.0,0.1,0.075,0.2,1.0,621.0,13.0,8.0,0.33816425120772947
25.0,3.0,6.0,0.1,0.075,0.2,1.0,621.0,14.0,6.0,0.3333333333333333
25.0,3.0,7.0,0.1,0.075,0.2,1.0,608.0,11.0,4.0,0.3404605263157895
25.0,3.0,8.0,0.1,0.075,0.2,1.0,603.0,8.0,5.0,0.33499170812603646
25.0,3.0,9.0,0.1,0.075,0.2,1.0,593.0,10.0,5.0,0.3440134907251265
25.0,3.0,10.0,0.1,0.075,0.2,1.0,588.0,10.0,7.0,0.34183673469387754
25.0,3.0,11.0,0.1,0.075,0.2,1.0,581.0,9.0,5.0,0.3476764199655766
25.0,3.0,12.0,0.1,0.075,0.2,1.0,575.0,8.0,6.0,0.3443478260869565
25.0,3.0,13.0,0.1,0.075,0.2,1.0,572.0,6.0,4.0,0.3513986013986014
25.0,3.0,14.0,0.1,0.075,0.2,1.0,566.0,6.0,4.0,0.3462897526501767
25.0,3.0,15.0,0.1,0.075,0.2,1.0,565.0,6.0,2.0,0.35398230088495575
25.0,3.0,16.0,0.1,0.075,0.2,1.0,559.0,6.0,2.0,0.35062611806797855
25.0,3.0,17.0,0.1,0.075,0.2,1.0,559.0,5.0,1.0,0.35778175313059035
25.0,3.0,18.0,0.1,0.075,0.2,1.0,557.0,5.0,3.0,0.3500897666068223
25.0,3.0,19.0,0.1,0.075,0.2,1.0,552.0,4.0,3.0,0.35688405797101447
25.0,3.0,20.0,0.1,0.075,0.2,1.0,1079.0,5.0,4.0,0.1788693234476367
25.0,3.0,21.0,0.1,0.075,0.2,1.0,1067.0,7.0,2.0,0.1836925960637301
25.0,3.0,22.0,0.1,0.075,0.2,1.0,1055.0,7.0,2.0,0.1791469194312796
25.0,3.0,23.0,0.1,0.075,0.2,1.0,1032.0,8.0,4.0,0.18604651162790697
25.0,3.0,24.0,0.1,0.075,0.2,1.0,1032.0,9.0,5.0,0.18023255813953487
25.0,3.0,25.0,0.1,0.075,0.2,1.0,946.0,13.0,7.0,0.19556025369978858
25.0,3.0,26.0,0.1,0.075,0.2,1.0,939.0,12.0,5.0,0.18849840255591055
25.0,3.0,27.0,0.1,0.075,0.2,1.0,926.0,12.0,5.0,0.19654427645788336
25.0,3.0,28.0,0.1,0.075,0.2,1.0,912.0,9.0,3.0,0.19078947368421054
25.0,3.0,29.0,0.1,0.075,0.2,1.0,901.0,10.0,4.0,0.1997780244173141
25.0,3.0,30.0,0.1,0.075,0.2,1.0,882.0,11.0,5.0,0.19047619047619047
25.0,3.0,31.0,0.1,0.075,0.2,1.0,880.0,15.0,7.0,0.19545454545454546
25.0,3.0,32.0,0.1,0.075,0.2,1.0,855.0,16.0,5.0,0.19415204678362574
25.0,3.0,33.0,0.1,0.075,0.2,1.0,856.0,17.0,4.0,0.19976635514018692
25.0,3.0,34.0,0.1,0.075,0.2,1.0,833.0,16.0,4.0,0.19687875150060025
25.0,3.0,35.0,0.1,0.075,0.2,1.0,818.0,17.0,9.0,0.20048899755501223
25.0,3.0,36.0,0.1,0.075,0.2,1.0,784.0,18.0,10.0,0.20153061224489796
25.0,3.0,37.0,0.1,0.075,0.2,1.0,787.0,22.0,10.0,0.20330368487928843
25.0,3.0,38.0,0.1,0.075,0.2,1.0,767.0,21.0,7.0,0.2046936114732725
25.0,3.0,39.0,0.1,0.075,0.2,1.0,765.0,17.0,5.0,0.20130718954248367
25.0,3.0,40.0,0.1,0.075,0.2,1.0,746.0,19.0,5.0,0.1970509383378016
25.0,3.0,41.0,0.1,0.075,0.2,1.0,739.0,20.0,7.0,0.20162381596752368
25.0,3.0,42.0,0.1,0.075,0.2,1.0,723.0,22.0,10.0,0.1991701244813278
25.0,3.0,43.0,0.1,0.075,0.2,1.0,713.0,20.0,11.0,0.20336605890603085
25.0,3.0,44.0,0.1,0.075,0.2,1.0,690.0,21.0,11.0,0.2
25.0,3.0,45.0,0.1,0.075,0.2,1.0,679.0,22.0,8.0,0.27982326951399117
25.0,3.0,46.0,0.1,0.075,0.2,1.0,661.0,18.0,8.0,0.27685325264750377
25.0,3.0,47.0,0.1,0.075,0.2,1.0,640.0,16.0,8.0,0.2796875
25.0,3.0,48.0,0.1,0.075,0.2,1.0,616.0,17.0,9.0,0.2775974025974026
25.0,3.0,49.0,0.1,0.075,0.2,1.0,599.0,17.0,9.0,0.27879799666110183
25.0,3.0,50.0,0.1,0.075,0.2,1.0,596.0,16.0,9.0,0.27348993288590606
25.0,3.0,51.0,0.1,0.075,0.2,1.0,591.0,18.0,8.0,0.27918781725888325
25.0,3.0,52.0,0.1,0.075,0.2,1.0,585.0,17.0,8.0,0.27350427350427353
25.0,4.0,1.0,0.1,0.075,0.2,1.0,577.0,12.0,3.0,0.2824956672443674
25.0,4.0,2.0,0.1,0.075,0.2,1.0,577.0,12.0,3.0,0.2755632582322357
25.0,4.0,3.0,0.1,0.075,0.2,1.0,572.0,9.0,3.0,0.28321678321678323
25.0,4.0,4.0,0.1,0.075,0.2,1.0,571.0,10.0,6.0,0.27495621716287216
25.0,4.0,5.0,0.1,0.075,0.2,1.0,564.0,11.0,8.0,0.28191489361702127
25.0,4.0,6.0,0.1,0.075,0.2,1.0,563.0,11.0,7.0,0.27353463587921845
25.0,4.0,7.0,0.1,0.075,0.2,1.0,555.0,9.0,4.0,0.2828828828828829
25.0,4.0,8.0,0.1,0.075,0.2,1.0,557.0,7.0,3.0,0.2764811490125673
25.0,4.0,9.0,0.1,0.075,0.2,1.0,553.0,6.0,3.0,0.28390596745027125
25.0,4.0,10.0,0.1,0.075,0.2,1.0,544.0,6.0,3.0,0.2775735294117647
25.0,4.0,11.0,0.1,0.075,0.2,1.0,541.0,4.0,3.0,0.28650646950092423
25.0,4.0,12.0,0.1,0.075,0.2,1.0,535.0,3.0,2.0,0.2803738317757009
25.0,4.0,13.0,0.1,0.075,0.2,1.0,534.0,4.0,2.0,0.2883895131086142
25.0,4.0,14.0,0.1,0.075,0.2,1.0,529.0,3.0,0.0,0.27977315689981097
25.0,4.0,15.0,0.1,0.075,0.2,1.0,528.0,3.0,2.0,0.2859848484848485
25.0,4.0,16.0,0.1,0.075,0.2,1.0,523.0,4.0,3.0,0.27915869980879543
25.0,4.0,17.0,0.1,0.075,0.2,1.0,524.0,4.0,3.0,0.2862595419847328
25.0,4.0,18.0,0.1,0.075,0.2,1.0,518.0,1.0,1.0,0.2799227799227799
25.0,4.0,19.0,0.1,0.075,0.2,1.0,515.0,0.0,0.0,0.2854368932038835
25.0,4.0,20.0,0.1,0.075,0.2,1.0,899.0,0.0,0.0,0.15906562847608455
25.0,4.0,21.0,0.1,0.075,0.2,1.0,888.0,0.0,0.0,0.16441441441441443
25.0,4.0,22.0,0.1,0.075,0.2,1.0,883.0,0.0,0.0,0.16194790486976218
25.0,4.0,23.0,0.1,0.075,0.2,1.0,855.0,0.0,0.0,0.16608187134502925
25.0,4.0,24.0,0.1,0.075,0.2,1.0,819.0,0.0,0.0,0.15995115995115994
25.0,4.0,25.0,0.1,0.075,0.2,1.0,816.0,0.0,0.0,0.16544117647058823
25.0,4.0,26.0,0.1,0.075,0.2,1.0,784.0,0.0,0.0,0.15816326530612246
25.0,4.0,27.0,0.1,0.075,0.2,1.0,784.0,0.0,0.0,0.16198979591836735
25.0,4.0,28.0,0.1,0.075,0.2,1.0,780.0,0.0,0.0,0.15512820512820513
25.0,4.0,29.0,0.1,0.075,0.2,1.0,775.0,0.0,0.0,0.16129032258064516
25.0,4.0,30.0,0.1,0.075,0.2,1.0,775.0,0.0,0.0,0.15612903225806452
25.0,4.0,31.0,0.1,0.075,0.2,1.0,741.0,0.0,0.0,0.1592442645074224
25.0,4.0,32.0,0.1,0.075,0.2,1.0,744.0,0.0,0.0,0.15725806451612903
25.0,4.0,33.0,0.1,0.075,0.2,1.0,726.0,0.0,0.0,0.16115702479338842
25.0,4.0,34.0,0.1,0.075,0.2,1.0,714.0,0.0,0.0,0.16106442577030813
25.0,4.0,35.0,0.1,0.075,0.2,1.0,696.0,0.0,0.0,0.16379310344827586
25.0,4.0,36.0,0.1,0.075,0.2,1.0,684.0,0.0,0.0,0.1608187134502924
25.0,4.0,37.0,0.1,0.075,0.2,1.0,670.0,0.0,0.0,0.16119402985074627
25.0,4.0,38.0,0.1,0.075,0.2,1.0,671.0,0.0,0.0,0.16095380029806258
25.0,4.0,39.0,0.1,0.075,0.2,1.0,666.0,0.0,0.0,0.16066066066066065
25.0,4.0,40.0,0.1,0.075,0.2,1.0,665.0,0.0,0.0,0.15789473684210525
25.0,4.0,41.0,0.1,0.075,0.2,1.0,651.0,0.0,0.0,0.15360983102918588
25.0,4.0,42.0,0.1,0.075,0.2,1.0,650.0,0.0,0.0,0.1523076923076923
25.0,4.0,43.0,0.1,0.075,0.2,1.0,649.0,0.0,0.0,0.15408320493066255
25.0,4.0,44.0,0.1,0.075,0.2,1.0,643.0,0.0,0.0,0.15241057542768274
25.0,4.0,45.0,0.1,0.075,0.2,1.0,641.0,0.0,0.0,0.19656786271450857
25.0,4.0,46.0,0.1,0.075,0.2,1.0,619.0,0.0,0.0,0.1938610662358643
25.0,4.0,47.0,0.1,0.075,0.2,1.0,604.0,0.0,0.0,0.19701986754966888
25.0,4.0,48.0,0.1,0.075,0.2,1.0,600.0,0.0,0.0,0.19333333333333333
25.0,4.0,49.0,0.1,0.075,0.2,1.0,597.0,0.0,0.0,0.19765494137353434
25.0,4.0,50.0,0.1,0.075,0.2,1.0,568.0,0.0,0.0,0.198943661971831
25.0,4.0,51.0,0.1,0.075,0.2,1.0,563.0,0.0,0.0,0.1989342806394316
25.0,4.0,52.0,0.1,0.075,0.2,1.0,565.0,0.0,0.0,0.19646017699115045
25.0,5.0,1.0,0.1,0.075,0.2,1.0,559.0,0.0,0.0,0.1967799642218247
25.0,5.0,2.0,0.1,0.075,0.2,1.0,561.0,0.0,0.0,0.19607843137254902
25.0,5.0,3.0,0.1,0.075,0.2,1.0,556.0,0.0,0.0,0.1960431654676259
25.0,5.0,4.0,0.1,0.075,0.2,1.0,557.0,0.0,0.0,0.19569120287253142
25.0,5.0,5.0,0.1,0.075,0.2,1.0,553.0,0.0,0.0,0.19529837251356238
25.0,5.0,6.0,0.1,0.075,0.2,1.0,545.0,0.0,0.0,0.1981651376146789
25.0,5.0,7.0,0.1,0.075,0.2,1.0,541.0,0.0,0.0,0.19408502772643252
25.0,5.0,8.0,0.1,0.075,0.2,1.0,537.0,0.0,0.0,0.19366852886405958
25.0,5.0,9.0,0.1,0.075,0.2,1.0,529.0,0.0,0.0,0.19659735349716445
25.0,5.0,10.0,0.1,0.075,0.2,1.0,527.0,0.0,0.0,0.1954459203036053
25.0,5.0,11.0,0.1,0.075,0.2,1.0,516.0,0.0,0.0,0.19767441860465115
25.0,5.0,12.0,0.1,0.075,0.2,1.0,515.0,0.0,0.0,0.19805825242718447
25.0,5.0,13.0,0.1,0.075,0.2,1.0,511.0,0.0,0.0,0.19765166340508805
25.0,5.0,14.0,0.1,0.075,0.2,1.0,512.0,0.0,0.0,0.19921875
25.0,5.0,15.0,0.1,0.075,0.2,1.0,508.0,0.0,0.0,0.19881889763779528
25.0,5.0,16.0,0.1,0.075,0.2,1.0,511.0,0.0,0.0,0.19960861056751467
25.0,5.0,17.0,0.1,0.075,0.2,1.0,507.0,0.0,0.0,0.1992110453648915
25.0,5.0,18.0,0.1,0.075,0.2,1.0,511.0,0.0,0.0,0.19960861056751467
25.0,5.0,19.0,0.1,0.075,0.2,1.0,506.0,0.0,0.0,0.19960474308300397
25.0,5.0,20.0,0.1,0.075,0.2,1.0,957.0,0.0,0.0,0.10658307210031348
25.0,5.0,21.0,0.1,0.075,0.2,1.0,908.0,0.0,0.0,0.10792951541850221
25.0,5.0,22.0,0.1,0.075,0.2,1.0,906.0,0.0,0.0,0.10927152317880795
25.0,5.0,23.0,0.1,0.075,0.2,1.0,899.0,0.0,0.0,0.1067853170189099
25.0,5.0,24.0,0.1,0.075,0.2,1.0,898.0,0.0,0.0,0.10801781737193764
25.0,5.0,25.0,0.1,0.075,0.2,1.0,805.0,0.0,0.0,0.10683229813664596
25.0,5.0,26.0,0.1,0.075,0.2,1.0,797.0,0.0,0.0,0.10915934755332497
25.0,5.0,27.0,0.1,0.075,0.2,1.0,795.0,0.0,0.0,0.11069182389937107
25.0,5.0,28.0,0.1,0.075,0.2,1.0,795.0,0.0,0.0,0.10943396226415095
25.0,5.0,29.0,0.1,0.075,0.2,1.0,781.0,0.0,0.0,0.1088348271446863
25.0,5.0,30.0,0.1,0.075,0.2,1.0,765.0,0.0,0.0,0.10718954248366012
25.0,5.0,31.0,0.1,0.075,0.2,1.0,763.0,0.0,0.0,0.10878112712975098
25.0,5.0,32.0,0.1,0.075,0.2,1.0,738.0,0.0,0.0,0.10840108401084012
25.0,5.0,33.0,0.1,0.075,0.2,1.0,704.0,0.0,0.0,0.10795454545454546
25.0,5.0,34.0,0.1,0.075,0.2,1.0,702.0,0.0,0.0,0.10541310541310542
25.0,5.0,35.0,0.1,0.075,0.2,1.0,701.0,0.0,0.0,0.10699001426533523
25.0,5.0,36.0,0.1,0.075,0.2,1.0,701.0,0.0,0.0,0.10556348074179743
25.0,5.0,37.0,0.1,0.075,0.2,1.0,695.0,0.0,0.0,0.10503597122302158
25.0,5.0,38.0,0.1,0.075,0.2,1.0,671.0,0.0,0.0,0.10730253353204174
25.0,5.0,39.0,0.1,0.075,0.2,1.0,658.0,0.0,0.0,0.10790273556231003
25.0,5.0,40.0,0.1,0.075,0.2,1.0,656.0,0.0,0.0,0.10670731707317073
25.0,5.0,41.0,0.1,0.075,0.2,1.0,657.0,0.0,0.0,0.1080669710806697
25.0,5.0,42.0,0.1,0.075,0.2,1.0,657.0,0.0,0.0,0.1080669710806697
25.0,5.0,43.0,0.1,0.075,0.2,1.0,626.0,0.0,0.0,0.10862619808306709
25.0,5.0,44.0,0.1,0.075,0.2,1.0,623.0,0.0,0.0,0.10914927768860354
25.0,5.0,45.0,0.1,0.075,0.2,1.0,616.0,0.0,0.0,0.18831168831168832
25.0,5.0,46.0,0.1,0.075,0.2,1.0,614.0,0.0,0.0,0.18892508143322476
25.0,5.0,47.0,0.1,0.075,0.2,1.0,610.0,0.0,0.0,0.1885245901639344
25.0,5.0,48.0,0.1,0.075,0.2,1.0,610.0,0.0,0.0,0.1901639344262295
25.0,5.0,49.0,0.1,0.075,0.2,1.0,595.0,0.0,0.0,0.1899159663865546
25.0,5.0,50.0,0.1,0.075,0.2,1.0,597.0,0.0,0.0,0.19262981574539365
25.0,5.0,51.0,0.1,0.075,0.2,1.0,593.0,0.0,0.0,0.19224283305227655
25.0,5.0,52.0,0.1,0.075,0.2,1.0,595.0,0.0,0.0,0.19327731092436976
25.0,6.0,1.0,0.1,0.075,0.2,1.0,593.0,0.0,0.0,0.19224283305227655
25.0,6.0,2.0,0.1,0.075,0.2,1.0,594.0,0.0,0.0,0.1919191919191919
25.0,6.0,3.0,0.1,0.075,0.2,1.0,589.0,0.0,0.0,0.19015280135823429
25.0,6.0,4.0,0.1,0.075,0.2,1.0,590.0,0.0,0.0,0.18983050847457628
25.0,6.0,5.0,0.1,0.075,0.2,1.0,586.0,0.0,0.0,0.18771331058020477
25.0,6.0,6.0,0.1,0.075,0.2,1.0,587.0,0.0,0.0,0.18739352640545145
25.0,6.0,7.0,0.1,0.075,0.2,1.0,584.0,0.0,0.0,0.18493150684931506
25.0,6.0,8.0,0.1,0.075,0.2,1.0,584.0,0.0,0.0,0.18664383561643835
25.0,6.0,9.0,0.1,0.075,0.2,1.0,583.0,0.0,0.0,0.18524871355060035
25.0,6.0,10.0,0.1,0.075,0.2,1.0,568.0,0.0,0.0,0.18661971830985916
25.0,6.0,11.0,0.1,0.075,0.2,1.0,565.0,0.0,0.0,0.18584070796460178
25.0,6.0,12.0,0.1,0.075,0.2,1.0,562.0,0.0,0.0,0.18505338078291814
25.0,6.0,13.0,0.1,0.075,0.2,1.0,560.0,0.0,0.0,0.18392857142857144
25.0,6.0,14.0,0.1,0.075,0.2,1.0,559.0,0.0,0.0,0.18604651162790697
25.0,6.0,15.0,0.1,0.075,0.2,1.0,555.0,0.0,0.0,0.1837837837837838
25.0,6.0,16.0,0.1,0.075,0.2,1.0,554.0,0.0,0.0,0.18411552346570398
25.0,6.0,17.0,0.1,0.075,0.2,1.0,550.0,0.0,0.0,0.18363636363636363
25.0,6.0,18.0,0.1,0.075,0.2,1.0,553.0,0.0,0.0,0.1844484629294756
25.0,6.0,19.0,0.1,0.075,0.2,1.0,549.0,0.0,0.0,0.18397085610200364
25.0,6.0,20.0,0.1,0.075,0.2,1.0,1021.0,0.0,0.0,0.09990205680705191
25.0,6.0,21.0,0.1,0.075,0.2,1.0,999.0,0.0,0.0,0.0960960960960961
25.0,6.0,22.0,0.1,0.075,0.2,1.0,936.0,0.0,0.0,0.09615384615384616
25.0,6.0,23.0,0.1,0.075,0.2,1.0,898.0,0.0,0.0,0.0957683741648107
25.0,6.0,24.0,0.1,0.075,0.2,1.0,879.0,0.0,0.0,0.09783845278725825
25.0,6.0,25.0,0.1,0.075,0.2,1.0,860.0,0.0,0.0,0.09767441860465116
25.0,6.0,26.0,0.1,0.075,0.2,1.0,823.0,0.0,0.0,0.10206561360874848
25.0,6.0,27.0,0.1,0.075,0.2,1.0,817.0,0.0,0.0,0.1003671970624235
25.0,6.0,28.0,0.1,0.075,0.2,1.0,820.0,0.0,0.0,0.10121951219512196
25.0,6.0,29.0,0.1,0.075,0.2,1.0,798.0,0.0,0.0,0.10275689223057644
25.0,6.0,30.0,0.1,0.075,0.2,1.0,802.0,0.0,0.0,0.10349127182044887
25.0,6.0,31.0,0.1,0.075,0.2,1.0,778.0,0.0,0.0,0.10539845758354756
25.0,6.0,32.0,0.1,0.075,0.2,1.0,767.0,0.0,0.0,0.10821382007822686
25.0,6.0,33.0,0.1,0.075,0.2,1.0,741.0,0.0,0.0,0.10931174089068826
25.0,6.0,34.0,0.1,0.075,0.2,1.0,704.0,0.0,0.0,0.10369318181818182
25.0,6.0,35.0,0.1,0.075,0.2,1.0,682.0,0.0,0.0,0.10410557184750734
25.0,6.0,36.0,0.1,0.075,0.2,1.0,674.0,0.0,0.0,0.10237388724035608
25.0,6.0,37.0,0.1,0.075,0.2,1.0,668.0,0.0,0.0,0.10029940119760479
25.0,6.0,38.0,0.1,0.075,0.2,1.0,665.0,0.0,0.0,0.10225563909774436
25.0,6.0,39.0,0.1,0.075,0.2,1.0,659.0,0.0,0.0,0.10166919575113809
25.0,6.0,40.0,0.1,0.075,0.2,1.0,658.0,0.0,0.0,0.1033434650455927
25.0,6.0,41.0,0.1,0.075,0.2,1.0,653.0,0.0,0.0,0.10107197549770292
25.0,6.0,42.0,0.1,0.075,0.2,1.0,654.0,0.0,0.0,0.10244648318042814
25.0,6.0,43.0,0.1,0.075,0.2,1.0,650.0,0.0,0.0,0.10153846153846154
25.0,6.0,44.0,0.1,0.075,0.2,1.0,635.0,0.0,0.0,0.10393700787401575
25.0,6.0,45.0,0.1,0.075,0.2,1.0,616.0,0.0,0.0,0.17532467532467533
25.0,6.0,46.0,0.1,0.075,0.2,1.0,617.0,0.0,0.0,0.1766612641815235
25.0,6.0,47.0,0.1,0.075,0.2,1.0,615.0,0.0,0.0,0.17560975609756097
25.0,6.0,48.0,0.1,0.075,0.2,1.0,621.0,0.0,0.0,0.17552334943639292
25.0,6.0,49.0,0.1,0.075,0.2,1.0,604.0,0.0,0.0,0.173841059602649
25.0,6.0,50.0,0.1,0.075,0.2,1.0,608.0,0.0,0.0,0.17269736842105263
25.0,6.0,51.0,0.1,0.075,0.2,1.0,607.0,0.0,0.0,0.171334431630972
25.0,6.0,52.0,0.1,0.075,0.2,1.0,605.0,0.0,0.0,0.17024793388429751
25.0,7.0,1.0,0.1,0.075,0.2,1.0,604.0,0.0,0.0,0.16887417218543047
25.0,7.0,2.0,0.1,0.075,0.2,1.0,603.0,0.0,0.0,0.1691542288557214
25.0,7.0,3.0,0.1,0.075,0.2,1.0,600.0,0.0,0.0,0.16666666666666666
25.0,7.0,4.0,0.1,0.075,0.2,1.0,586.0,0.0,0.0,0.1689419795221843
25.0,7.0,5.0,0.1,0.075,0.2,1.0,584.0,0.0,0.0,0.1660958904109589
25.0,7.0,6.0,0.1,0.075,0.2,1.0,585.0,0.0,0.0,0.1675213675213675
25.0,7.0,7.0,0.1,0.075,0.2,1.0,584.0,0.0,0.0,0.1660958904109589
25.0,7.0,8.0,0.1,0.075,0.2,1.0,574.0,0.0,0.0,0.16550522648083624
25.0,7.0,9.0,0.1,0.075,0.2,1.0,571.0,0.0,0.0,0.1628721541155867
25.0,7.0,10.0,0.1,0.075,0.2,1.0,570.0,0.0,0.0,0.1631578947368421
25.0,7.0,11.0,0.1,0.075,0.2,1.0,567.0,0.0,0.0,0.16225749559082892
25.0,7.0,12.0,0.1,0.075,0.2,1.0,566.0,0.0,0.0,0.1625441696113074
25.0,7.0,13.0,0.1,0.075,0.2,1.0,561.0,0.0,0.0,0.1622103386809269
25.0,7.0,14.0,0.1,0.075,0.2,1.0,562.0,0.0,0.0,0.16370106761565836
25.0,7.0,15.0,0.1,0.075,0.2,1.0,560.0,0.0,0.0,0.1625
25.0,7.0,16.0,0.1,0.075,0.2,1.0,559.0,0.0,0.0,0.16457960644007155
25.0,7.0,17.0,0.1,0.075,0.2,1.0,558.0,0.0,0.0,0.16308243727598568
25.0,7.0,18.0,0.1,0.075,0.2,1.0,559.0,0.0,0.0,0.16457960644007155
25.0,7.0,19.0,0.1,0.075,0.2,1.0,557.0,0.0,0.0,0.1615798922800718
25.0,7.0,20.0,0.1,0.075,0.2,1.0,992.0,0.0,0.0,0.09173387096774194
25.0,7.0,21.0,0.1,0.075,0.2,1.0,947.0,0.0,0.0,0.0897571277719113
25.0,7.0,22.0,0.1,0.075,0.2,1.0,949.0,0.0,0.0,0.09062170706006323
25.0,7.0,23.0,0.1,0.075,0.2,1.0,905.0,0.0,0.0,0.09281767955801105
25.0,7.0,24.0,0.1,0.075,0.2,1.0,894.0,0.0,0.0,0.09172259507829977
25.0,7.0,25.0,0.1,0.075,0.2,1.0,886.0,0.0,0.0,0.09029345372460497
25.0,7.0,26.0,0.1,0.075,0.2,1.0,876.0,0.0,0.0,0.09246575342465753
25.0,7.0,27.0,0.1,0.075,0.2,1.0,875.0,0.0,0.0,0.09142857142857143
25.0,7.0,28.0,0.1,0.075,0.2,1.0,865.0,0.0,0.0,0.09248554913294797
25.0,7.0,29.0,0.1,0.075,0.2,1.0,839.0,0.0,0.0,0.09415971394517282
25.0,7.0,30.0,0.1,0.075,0.2,1.0,789.0,0.0,0.0,0.09632446134347275
25.0,7.0,31.0,0.1,0.075,0.2,1.0,789.0,0.0,0.0,0.09505703422053231
25.0,7.0,32.0,0.1,0.075,0.2,1.0,775.0,0.0,0.0,0.09806451612903226
25.0,7.0,33.0,0.1,0.075,0.2,1.0,774.0,0.0,0.0,0.09689922480620156
25.0,7.0,34.0,0.1,0.075,0.2,1.0,762.0,0.0,0.0,0.0984251968503937
25.0,7.0,35.0,0.1,0.075,0.2,1.0,751.0,0.0,0.0,0.0985352862849534
25.0,7.0,36.0,0.1,0.075,0.2,1.0,722.0,0.0,0.0,0.10249307479224377
25.0,7.0,37.0,0.1,0.075,0.2,1.0,710.0,0.0,0.0,0.1028169014084507
25.0,7.0,38.0,0.1,0.075,0.2,1.0,698.0,0.0,0.0,0.10458452722063037
25.0,7.0,39.0,0.1,0.075,0.2,1.0,698.0,0.0,0.0,0.10315186246418338
25.0,7.0,40.0,0.1,0.075,0.2,1.0,672.0,0.0,0.0,0.1056547619047619
25.0,7.0,41.0,0.1,0.075,0.2,1.0,673.0,0.0,0.0,0.10401188707280833
25.0,7.0,42.0,0.1,0.075,0.2,1.0,672.0,0.0,0.0,0.1056547619047619
25.0,7.0,43.0,0.1,0.075,0.2,1.0,643.0,0.0,0.0,0.1057542768273717
25.0,7.0,44.0,0.1,0.075,0.2,1.0,643.0,0.0,0.0,0.10730948678071539
25.0,7.0,45.0,0.1,0.075,0.2,1.0,643.0,0.0,0.0,0.17262830482115085
25.0,7.0,46.0,0.1,0.075,0.2,1.0,641.0,0.0,0.0,0.1747269890795632
25.0,7.0,47.0,0.1,0.075,0.2,1.0,628.0,0.0,0.0,0.17197452229299362
25.0,7.0,48.0,0.1,0.075,0.2,1.0,616.0,0.0,0.0,0.17532467532467533
25.0,7.0,49.0,0.1,0.075,0.2,1.0,618.0,0.0,0.0,0.17475728155339806
25.0,7.0,50.0,0.1,0.075,0.2,1.0,616.0,0.0,0.0,0.17532467532467533
25.0,7.0,51.0,0.1,0.075,0.2,1.0,614.0,0.0,0.0,0.1758957654723127
25.0,7.0,52.0,0.1,0.075,0.2,1.0,611.0,0.0,0.0,0.1751227495908347
25.0,8.0,1.0,0.1,0.075,0.2,1.0,612.0,0.0,0.0,0.17483660130718953
25.0,8.0,2.0,0.1,0.075,0.2,1.0,611.0,0.0,0.0,0.1751227495908347
25.0,8.0,3.0,0.1,0.075,0.2,1.0,610.0,0.0,0.0,0.17540983606557378
25.0,8.0,4.0,0.1,0.075,0.2,1.0,607.0,0.0,0.0,0.17627677100494235
25.0,8.0,5.0,0.1,0.075,0.2,1.0,606.0,0.0,0.0,0.17656765676567657
25.0,8.0,6.0,0.1,0.075,0.2,1.0,604.0,0.0,0.0,0.17549668874172186
25.0,8.0,7.0,0.1,0.075,0.2,1.0,604.0,0.0,0.0,0.17549668874172186
25.0,8.0,8.0,0.1,0.075,0.2,1.0,603.0,0.0,0.0,0.175787728026534
25.0,8.0,9.0,0.1,0.075,0.2,1.0,598.0,0.0,0.0,0.17725752508361203
25.0,8.0,10.0,0.1,0.075,0.2,1.0,584.0,0.0,0.0,0.1797945205479452
25.0,8.0,11.0,0.1,0.075,0.2,1.0,582.0,0.0,0.0,0.17869415807560138
25.0,8.0,12.0,0.1,0.075,0.2,1.0,582.0,0.0,0.0,0.17869415807560138
25.0,8.0,13.0,0.1,0.075,0.2,1.0,579.0,0.0,0.0,0.17962003454231434
25.0,8.0,14.0,0.1,0.075,0.2,1.0,577.0,0.0,0.0,0.18024263431542462
25.0,8.0,15.0,0.1,0.075,0.2,1.0,565.0,0.0,0.0,0.18230088495575222
25.0,8.0,16.0,0.1,0.075,0.2,1.0,563.0,0.0,0.0,0.18294849023090587
25.0,8.0,17.0,0.1,0.075,0.2,1.0,565.0,0.0,0.0,0.18230088495575222
25.0,8.0,18.0,0.1,0.075,0.2,1.0,564.0,0.0,0.0,0.18262411347517732
25.0,8.0,19.0,0.1,0.075,0.2,1.0,564.0,0.0,0.0,0.18085106382978725
25.0,8.0,20.0,0.1,0.075,0.2,1.0,1033.0,0.0,0.0,0.09874152952565343
25.0,8.0,21.0,0.1,0.075,0.2,1.0,1001.0,0.0,0.0,0.0989010989010989
25.0,8.0,22.0,0.1,0.075,0.2,1.0,977.0,0.0,0.0,0.10030706243602866
25.0,8.0,23.0,0.1,0.075,0.2,1.0,939.0,0.0,0.0,0.10010649627263046
25.0,8.0,24.0,0.1,0.075,0.2,1.0,919.0,0.0,0.0,0.10228509249183895
25.0,8.0,25.0,0.1,0.075,0.2,1.0,921.0,0.0,0.0,0.10206297502714441
25.0,8.0,26.0,0.1,0.075,0.2,1.0,920.0,0.0,0.0,0.10217391304347827
25.0,8.0,27.0,0.1,0.075,0.2,1.0,888.0,0.0,0.0,0.10135135135135136
25.0,8.0,28.0,0.1,0.075,0.2,1.0,873.0,0.0,0.0,0.09965635738831616
25.0,8.0,29.0,0.1,0.075,0.2,1.0,873.0,0.0,0.0,0.10080183276059565
25.0,8.0,30.0,0.1,0.075,0.2,1.0,846.0,0.0,0.0,0.10047281323877069
25.0,8.0,31.0,0.1,0.075,0.2,1.0,844.0,0.0,0.0,0.10071090047393365
25.0,8.0,32.0,0.1,0.075,0.2,1.0,832.0,0.0,0.0,0.10096153846153846
25.0,8.0,33.0,0.1,0.075,0.2,1.0,821.0,0.0,0.0,0.10109622411693057
25.0,8.0,34.0,0.1,0.075,0.2,1.0,821.0,0.0,0.0,0.10109622411693057
25.0,8.0,35.0,0.1,0.075,0.2,1.0,821.0,0.0,0.0,0.10109622411693057
25.0,8.0,36.0,0.1,0.075,0.2,1.0,820.0,0.0,0.0,0.1
25.0,8.0,37.0,0.1,0.075,0.2,1.0,808.0,0.0,0.0,0.09777227722772278
25.0,8.0,38.0,0.1,0.075,0.2,1.0,790.0,0.0,0.0,0.1
25.0,8.0,39.0,0.1,0.075,0.2,1.0,779.0,0.0,0.0,0.10141206675224647
25.0,8.0,40.0,0.1,0.075,0.2,1.0,766.0,0.0,0.0,0.1031331592689295
25.0,8.0,41.0,0.1,0.075,0.2,1.0,743.0,0.0,0.0,0.10228802153432032
25.0,8.0,42.0,0.1,0.075,0.2,1.0,716.0,0.0,0.0,0.10474860335195531
25.0,8.0,43.0,0.1,0.075,0.2,1.0,716.0,0.0,0.0,0.10474860335195531
25.0,8.0,44.0,0.1,0.075,0.2,1.0,705.0,0.0,0.0,0.10638297872340426
25.0,8.0,45.0,0.1,0.075,0.2,1.0,693.0,0.0,0.0,0.1746031746031746
25.0,8.0,46.0,0.1,0.075,0.2,1.0,693.0,0.0,0.0,0.1746031746031746
25.0,8.0,47.0,0.1,0.075,0.2,1.0,692.0,0.0,0.0,0.17485549132947978
25.0,8.0,48.0,0.1,0.075,0.2,1.0,680.0,0.0,0.0,0.175
25.0,8.0,49.0,0.1,0.075,0.2,1.0,680.0,0.0,0.0,0.175
25.0,8.0,50.0,0.1,0.075,0.2,1.0,678.0,0.0,0.0,0.17404129793510326
25.0,8.0,51.0,0.1,0.075,0.2,1.0,679.0,0.0,0.0,0.17378497790868924
25.0,8.0,52.0,0.1,0.075,0.2,1.0,679.0,0.0,0.0,0.17378497790868924
25.0,9.0,1.0,0.1,0.075,0.2,1.0,679.0,0.0,0.0,0.17378497790868924
25.0,9.0,2.0,0.1,0.075,0.2,1.0,677.0,0.0,0.0,0.17429837518463812
25.0,9.0,3.0,0.1,0.075,0.2,1.0,664.0,0.0,0.0,0.1716867469879518
25.0,9.0,4.0,0.1,0.075,0.2,1.0,662.0,0.0,0.0,0.17220543806646527
25.0,9.0,5.0,0.1,0.075,0.2,1.0,661.0,0.0,0.0,0.17246596066565809
25.0,9.0,6.0,0.1,0.075,0.2,1.0,661.0,0.0,0.0,0.17246596066565809
25.0,9.0,7.0,0.1,0.075,0.2,1.0,659.0,0.0,0.0,0.17298937784522003
25.0,9.0,8.0,0.1,0.075,0.2,1.0,656.0,0.0,0.0,0.17378048780487804
25.0,9.0,9.0,0.1,0.075,0.2,1.0,656.0,0.0,0.0,0.17378048780487804
25.0,9.0,10.0,0.1,0.075,0.2,1.0,652.0,0.0,0.0,0.17484662576687116
25.0,9.0,11.0,0.1,0.075,0.2,1.0,639.0,0.0,0.0,0.17683881064162754
25.0,9.0,12.0,0.1,0.075,0.2,1.0,638.0,0.0,0.0,0.17711598746081506
25.0,9.0,13.0,0.1,0.075,0.2,1.0,638.0,0.0,0.0,0.17711598746081506
25.0,9.0,14.0,0.1,0.075,0.2,1.0,638.0,0.0,0.0,0.17711598746081506
25.0,9.0,15.0,0.1,0.075,0.2,1.0,637.0,0.0,0.0,0.17739403453689168
25.0,9.0,16.0,0.1,0.075,0.2,1.0,637.0,0.0,0.0,0.17739403453689168
25.0,9.0,17.0,0.1,0.075,0.2,1.0,637.0,0.0,0.0,0.17739403453689168
25.0,9.0,18.0,0.1,0.075,0.2,1.0,636.0,0.0,0.0,0.17767295597484276
25.0,9.0,19.0,0.1,0.075,0.2,1.0,637.0,0.0,0.0,0.17739403453689168
25.0,9.0,20.0,0.1,0.075,0.2,1.0,1206.0,0.0,0.0,0.0912106135986733
25.0,9.0,21.0,0.1,0.075,0.2,1.0,1196.0,0.0,0.0,0.09197324414715718
25.0,9.0,22.0,0.1,0.075,0.2,1.0,1138.0,0.0,0.0,0.09226713532513181
25.0,9.0,23.0,0.1,0.075,0.2,1.0,1047.0,0.0,0.0,0.0964660936007641
25.0,9.0,24.0,0.1,0.075,0.2,1.0,993.0,0.0,0.0,0.0986908358509567
25.0,9.0,25.0,0.1,0.075,0.2,1.0,970.0,0.0,0.0,0.1
25.0,9.0,26.0,0.1,0.075,0.2,1.0,965.0,0.0,0.0,0.09948186528497409
25.0,9.0,27.0,0.1,0.075,0.2,1.0,930.0,0.0,0.0,0.10215053763440861
25.0,9.0,28.0,0.1,0.075,0.2,1.0,912.0,0.0,0.0,0.10307017543859649
25.0,9.0,29.0,0.1,0.075,0.2,1.0,894.0,0.0,0.0,0.10514541387024609
25.0,9.0,30.0,0.1,0.075,0.2,1.0,893.0,0.0,0.0,0.10526315789473684
25.0,9.0,31.0,0.1,0.075,0.2,1.0,842.0,0.0,0.0,0.10688836104513064
25.0,9.0,32.0,0.1,0.075,0.2,1.0,830.0,0.0,0.0,0.10602409638554217
25.0,9.0,33.0,0.1,0.075,0.2,1.0,819.0,0.0,0.0,0.10744810744810745
25.0,9.0,34.0,0.1,0.075,0.2,1.0,793.0,0.0,0.0,0.10970996216897856
25.0,9.0,35.0,0.1,0.075,0.2,1.0,756.0,0.0,0.0,0.11507936507936507
25.0,9.0,36.0,0.1,0.075,0.2,1.0,752.0,0.0,0.0,0.11436170212765957
25.0,9.0,37.0,0.1,0.075,0.2,1.0,756.0,0.0,0.0,0.11507936507936507
25.0,9.0,38.0,0.1,0.075,0.2,1.0,729.0,0.0,0.0,0.11796982167352538
25.0,9.0,39.0,0.1,0.075,0.2,1.0,722.0,0.0,0.0,0.12049861495844875
25.0,9.0,40.0,0.1,0.075,0.2,1.0,718.0,0.0,0.0,0.11977715877437325
25.0,9.0,41.0,0.1,0.075,0.2,1.0,722.0,0.0,0.0,0.12049861495844875
25.0,9.0,42.0,0.1,0.075,0.2,1.0,702.0,0.0,0.0,0.12108262108262108
25.0,9.0,43.0,0.1,0.075,0.2,1.0,706.0,0.0,0.0,0.12181303116147309
25.0,9.0,44.0,0.1,0.075,0.2,1.0,702.0,0.0,0.0,0.12108262108262108
25.0,9.0,45.0,0.1,0.075,0.2,1.0,706.0,0.0,0.0,0.18413597733711048
25.0,9.0,46.0,0.1,0.075,0.2,1.0,678.0,0.0,0.0,0.1873156342182891
25.0,9.0,47.0,0.1,0.075,0.2,1.0,681.0,0.0,0.0,0.18795888399412627
25.0,9.0,48.0,0.1,0.075,0.2,1.0,678.0,0.0,0.0,0.1873156342182891
25.0,9.0,49.0,0.1,0.075,0.2,1.0,681.0,0.0,0.0,0.18795888399412627
25.0,9.0,50.0,0.1,0.075,0.2,1.0,678.0,0.0,0.0,0.1873156342182891
25.0,9.0,51.0,0.1,0.075,0.2,1.0,668.0,0.0,0.0,0.18712574850299402
25.0,9.0,52.0,0.1,0.075,0.2,1.0,666.0,0.0,0.0,0.18618618618618618
25.0,10.0,1.0,0.1,0.075,0.2,1.0,667.0,0.0,0.0,0.1874062968515742
25.0,10.0,2.0,0.1,0.075,0.2,1.0,666.0,0.0,0.0,0.18618618618618618
25.0,10.0,3.0,0.1,0.075,0.2,1.0,667.0,0.0,0.0,0.1874062968515742
25.0,10.0,4.0,0.1,0.075,0.2,1.0,666.0,0.0,0.0,0.18618618618618618
25.0,10.0,5.0,0.1,0.075,0.2,1.0,667.0,0.0,0.0,0.1874062968515742
25.0,10.0,6.0,0.1,0.075,0.2,1.0,664.0,0.0,0.0,0.18674698795180722
25.0,10.0,7.0,0.1,0.075,0.2,1.0,666.0,0.0,0.0,0.18768768768768768
25.0,10.0,8.0,0.1,0.075,0.2,1.0,661.0,0.0,0.0,0.1875945537065053
25.0,10.0,9.0,0.1,0.075,0.2,1.0,657.0,0.0,0.0,0.1887366818873668
25.0,10.0,10.0,0.1,0.075,0.2,1.0,651.0,0.0,0.0,0.1889400921658986
25.0,10.0,11.0,0.1,0.075,0.2,1.0,651.0,0.0,0.0,0.19047619047619047
25.0,10.0,12.0,0.1,0.075,0.2,1.0,650.0,0.0,0.0,0.18923076923076923
25.0,10.0,13.0,0.1,0.075,0.2,1.0,639.0,0.0,0.0,0.19248826291079812
25.0,10.0,14.0,0.1,0.075,0.2,1.0,625.0,0.0,0.0,0.1936
25.0,10.0,15.0,0.1,0.075,0.2,1.0,626.0,0.0,0.0,0.19488817891373802
25.0,10.0,16.0,0.1,0.075,0.2,1.0,624.0,0.0,0.0,0.19391025641025642
25.0,10.0,17.0,0.1,0.075,0.2,1.0,613.0,0.0,0.0,0.19249592169657423
25.0,10.0,18.0,0.1,0.075,0.2,1.0,613.0,0.0,0.0,0.19086460032626426
25.0,10.0,19.0,0.1,0.075,0.2,1.0,613.0,0.0,0.0,0.19249592169657423
25.0,10.0,20.0,0.1,0.075,0.2,1.0,1099.0,0.0,0.0,0.10009099181073704
25.0,10.0,21.0,0.1,0.075,0.2,1.0,1101.0,0.0,0.0,0.1008174386920981
25.0,10.0,22.0,0.1,0.075,0.2,1.0,1098.0,0.0,0.0,0.10018214936247723
25.0,10.0,23.0,0.1,0.075,0.2,1.0,1090.0,0.0,0.0,0.1018348623853211
25.0,10.0,24.0,0.1,0.075,0.2,1.0,1076.0,0.0,0.0,0.10130111524163568
25.0,10.0,25.0,0.1,0.075,0.2,1.0,1065.0,0.0,0.0,0.10328638497652583
25.0,10.0,26.0,0.1,0.075,0.2,1.0,1049.0,0.0,0.0,0.10104861773117255
25.0,10.0,27.0,0.1,0.075,0.2,1.0,1003.0,0.0,0.0,0.1036889332003988
25.0,10.0,28.0,0.1,0.075,0.2,1.0,967.0,0.0,0.0,0.10651499482936919
25.0,10.0,29.0,0.1,0.075,0.2,1.0,959.0,0.0,0.0,0.10740354535974973
25.0,10.0,30.0,0.1,0.075,0.2,1.0,930.0,0.0,0.0,0.10967741935483871
25.0,10.0,31.0,0.1,0.075,0.2,1.0,933.0,0.0,0.0,0.11039657020364416
25.0,10.0,32.0,0.1,0.075,0.2,1.0,899.0,0.0,0.0,0.11123470522803114
25.0,10.0,33.0,0.1,0.075,0.2,1.0,902.0,0.0,0.0,0.11197339246119734
25.0,10.0,34.0,0.1,0.075,0.2,1.0,899.0,0.0,0.0,0.11123470522803114
25.0,10.0,35.0,0.1,0.075,0.2,1.0,891.0,0.0,0.0,0.11335578002244669
25.0,10.0,36.0,0.1,0.075,0.2,1.0,888.0,0.0,0.0,0.11261261261261261
25.0,10.0,37.0,0.1,0.075,0.2,1.0,872.0,0.0,0.0,0.1158256880733945
25.0,10.0,38.0,0.1,0.075,0.2,1.0,867.0,0.0,0.0,0.11534025374855825
25.0,10.0,39.0,0.1,0.075,0.2,1.0,870.0,0.0,0.0,0.11609195402298851
25.0,10.0,40.0,0.1,0.075,0.2,1.0,856.0,0.0,0.0,0.11565420560747663
25.0,10.0,41.0,0.1,0.075,0.2,1.0,859.0,0.0,0.0,0.11641443538998836
25.0,10.0,42.0,0.1,0.075,0.2,1.0,859.0,0.0,0.0,0.11641443538998836
25.0,10.0,43.0,0.1,0.075,0.2,1.0,845.0,0.0,0.0,0.11479289940828402
25.0,10.0,44.0,0.1,0.075,0.2,1.0,845.0,0.0,0.0,0.11479289940828402
25.0,10.0,45.0,0.1,0.075,0.2,1.0,794.0,0.0,0.0,0.1977329974811083
25.0,10.0,46.0,0.1,0.075,0.2,1.0,782.0,0.0,0.0,0.1969309462915601
25.0,10.0,47.0,0.1,0.075,0.2,1.0,782.0,0.0,0.0,0.1969309462915601
25.0,10.0,48.0,0.1,0.075,0.2,1.0,782.0,0.0,0.0,0.1969309462915601
25.0,10.0,49.0,0.1,0.075,0.2,1.0,782.0,0.0,0.0,0.1969309462915601
25.0,10.0,50.0,0.1,0.075,0.2,1.0,768.0,0.0,0.0,0.19921875
25.0,10.0,51.0,0.1,0.075,0.2,1.0,767.0,0.0,0.0,0.19947848761408082
25.0,10.0,52.0,0.1,0.075,0.2,1.0,752.0,0.0,0.0,0.19946808510638298
26.0,1.0,1.0,0.1,0.075,0.2,1.0,5269.0,52.0,8.0,0.10096792560258114
26.0,1.0,2.0,0.1,0.075,0.2,1.0,5238.0,57.0,18.0,0.10061092019854906
26.0,1.0,3.0,0.1,0.075,0.2,1.0,5146.0,82.0,33.0,0.10163233579479207
26.0,1.0,4.0,0.1,0.075,0.2,1.0,5153.0,97.0,45.0,0.10246458373762857
26.0,1.0,5.0,0.1,0.075,0.2,1.0,5180.0,125.0,49.0,0.10366795366795367
26.0,1.0,6.0,0.1,0.075,0.2,1.0,5042.0,146.0,56.0,0.10412534708449028
26.0,1.0,7.0,0.1,0.075,0.2,1.0,4920.0,176.0,52.0,0.10528455284552846
26.0,1.0,8.0,0.1,0.075,0.2,1.0,4743.0,200.0,67.0,0.10373181530676787
26.0,1.0,9.0,0.1,0.075,0.2,1.0,4628.0,219.0,90.0,0.10587726879861711
26.0,1.0,10.0,0.1,0.075,0.2,1.0,4494.0,271.0,102.0,0.1054739652870494
26.0,1.0,11.0,0.1,0.075,0.2,1.0,4402.0,302.0,116.0,0.10631531122217174
26.0,1.0,12.0,0.1,0.075,0.2,1.0,4261.0,305.0,129.0,0.10912931236798873
26.0,1.0,13.0,0.1,0.075,0.2,1.0,4182.0,347.0,145.0,0.10999521759923482
26.0,1.0,14.0,0.1,0.075,0.2,1.0,4057.0,373.0,151.0,0.11067291101799359
26.0,1.0,15.0,0.1,0.075,0.2,1.0,3939.0,367.0,162.0,0.1117034780401117
26.0,1.0,16.0,0.1,0.075,0.2,1.0,3842.0,385.0,191.0,0.11322228006246747
26.0,1.0,17.0,0.1,0.075,0.2,1.0,3726.0,402.0,199.0,0.1156736446591519
26.0,1.0,18.0,0.1,0.075,0.2,1.0,3624.0,377.0,191.0,0.1183774834437086
26.0,1.0,19.0,0.1,0.075,0.2,1.0,3530.0,362.0,196.0,0.12096317280453257
26.0,1.0,20.0,0.1,0.075,0.2,1.0,6492.0,350.0,184.0,0.06454097350585336
26.0,1.0,21.0,0.1,0.075,0.2,1.0,5972.0,413.0,173.0,0.06714668452779639
26.0,1.0,22.0,0.1,0.075,0.2,1.0,5643.0,428.0,161.0,0.06982101718943824
26.0,1.0,23.0,0.1,0.075,0.2,1.0,5218.0,457.0,170.0,0.07186661556151783
26.0,1.0,24.0,0.1,0.075,0.2,1.0,4980.0,501.0,197.0,0.07289156626506024
26.0,1.0,25.0,0.1,0.075,0.2,1.0,4641.0,522.0,205.0,0.07476836888601594
26.0,1.0,26.0,0.1,0.075,0.2,1.0,4383.0,529.0,229.0,0.0784850558977869
26.0,1.0,27.0,0.1,0.075,0.2,1.0,4100.0,559.0,241.0,0.07902439024390244
26.0,1.0,28.0,0.1,0.075,0.2,1.0,3830.0,552.0,242.0,0.08067885117493473
26.0,1.0,29.0,0.1,0.075,0.2,1.0,3598.0,562.0,240.0,0.0839355197331851
26.0,1.0,30.0,0.1,0.075,0.2,1.0,3382.0,560.0,244.0,0.08752217622708457
26.0,1.0,31.0,0.1,0.075,0.2,1.0,3134.0,546.0,246.0,0.08934269304403318
26.0,1.0,32.0,0.1,0.075,0.2,1.0,3012.0,573.0,287.0,0.09362549800796813
26.0,1.0,33.0,0.1,0.075,0.2,1.0,2834.0,562.0,278.0,0.09844742413549754
26.0,1.0,34.0,0.1,0.075,0.2,1.0,2705.0,522.0,249.0,0.10351201478743069
26.0,1.0,35.0,0.1,0.075,0.2,1.0,2500.0,482.0,217.0,0.11
26.0,1.0,36.0,0.1,0.075,0.2,1.0,2394.0,473.0,232.0,0.11445279866332497
26.0,1.0,37.0,0.1,0.075,0.2,1.0,2242.0,455.0,233.0,0.12265834076717216
26.0,1.0,38.0,0.1,0.075,0.2,1.0,2077.0,434.0,223.0,0.1271064034665383
26.0,1.0,39.0,0.1,0.075,0.2,1.0,1947.0,402.0,202.0,0.13507960965588084
26.0,1.0,40.0,0.1,0.075,0.2,1.0,1858.0,386.0,182.0,0.13885898815931108
26.0,1.0,41.0,0.1,0.075,0.2,1.0,1714.0,334.0,161.0,0.147024504084014
26.0,1.0,42.0,0.1,0.075,0.2,1.0,1617.0,314.0,162.0,0.15398886827458255
26.0,1.0,43.0,0.1,0.075,0.2,1.0,1543.0,313.0,162.0,0.1594296824368114
26.0,1.0,44.0,0.1,0.075,0.2,1.0,1480.0,309.0,157.0,0.16486486486486487
26.0,1.0,45.0,0.1,0.075,0.2,1.0,1379.0,275.0,129.0,0.24583031182015955
26.0,1.0,46.0,0.1,0.075,0.2,1.0,1278.0,235.0,117.0,0.25273865414710484
26.0,1.0,47.0,0.1,0.075,0.2,1.0,1231.0,208.0,113.0,0.26563769293257516
26.0,1.0,48.0,0.1,0.075,0.2,1.0,1185.0,197.0,114.0,0.2683544303797468
26.0,1.0,49.0,0.1,0.075,0.2,1.0,1136.0,181.0,96.0,0.28169014084507044
26.0,1.0,50.0,0.1,0.075,0.2,1.0,1085.0,157.0,83.0,0.28755760368663597
26.0,1.0,51.0,0.1,0.075,0.2,1.0,1034.0,141.0,66.0,0.2978723404255319
26.0,1.0,52.0,0.1,0.075,0.2,1.0,1000.0,134.0,72.0,0.298
26.0,2.0,1.0,0.1,0.075,0.2,1.0,956.0,110.0,62.0,0.3179916317991632
26.0,2.0,2.0,0.1,0.075,0.2,1.0,941.0,110.0,64.0,0.3145589798087141
26.0,2.0,3.0,0.1,0.075,0.2,1.0,904.0,93.0,54.0,0.3252212389380531
26.0,2.0,4.0,0.1,0.075,0.2,1.0,879.0,82.0,46.0,0.3242320819112628
26.0,2.0,5.0,0.1,0.075,0.2,1.0,864.0,82.0,50.0,0.33564814814814814
26.0,2.0,6.0,0.1,0.075,0.2,1.0,841.0,73.0,45.0,0.33531510107015455
26.0,2.0,7.0,0.1,0.075,0.2,1.0,821.0,70.0,36.0,0.34835566382460414
26.0,2.0,8.0,0.1,0.075,0.2,1.0,797.0,55.0,32.0,0.35006273525721454
26.0,2.0,9.0,0.1,0.075,0.2,1.0,774.0,43.0,25.0,0.36175710594315247
26.0,2.0,10.0,0.1,0.075,0.2,1.0,764.0,44.0,30.0,0.35340314136125656
26.0,2.0,11.0,0.1,0.075,0.2,1.0,746.0,34.0,22.0,0.3646112600536193
26.0,2.0,12.0,0.1,0.075,0.2,1.0,737.0,32.0,22.0,0.36363636363636365
26.0,2.0,13.0,0.1,0.075,0.2,1.0,726.0,25.0,16.0,0.371900826446281
26.0,2.0,14.0,0.1,0.075,0.2,1.0,714.0,19.0,11.0,0.37254901960784315
26.0,2.0,15.0,0.1,0.075,0.2,1.0,706.0,16.0,9.0,0.38243626062322944
26.0,2.0,16.0,0.1,0.075,0.2,1.0,698.0,15.0,8.0,0.3753581661891118
26.0,2.0,17.0,0.1,0.075,0.2,1.0,694.0,15.0,6.0,0.3861671469740634
26.0,2.0,18.0,0.1,0.075,0.2,1.0,687.0,12.0,3.0,0.37700145560407566
26.0,2.0,19.0,0.1,0.075,0.2,1.0,684.0,12.0,5.0,0.38596491228070173
26.0,2.0,20.0,0.1,0.075,0.2,1.0,1292.0,10.0,6.0,0.19736842105263158
26.0,2.0,21.0,0.1,0.075,0.2,1.0,1276.0,11.0,9.0,0.20454545454545456
26.0,2.0,22.0,0.1,0.075,0.2,1.0,1231.0,11.0,6.0,0.20146222583265638
26.0,2.0,23.0,0.1,0.075,0.2,1.0,1223.0,12.0,6.0,0.20686835650040883
26.0,2.0,24.0,0.1,0.075,0.2,1.0,1193.0,11.0,5.0,0.20452640402347025
26.0,2.0,25.0,0.1,0.075,0.2,1.0,1178.0,12.0,8.0,0.20543293718166383
26.0,2.0,26.0,0.1,0.075,0.2,1.0,1173.0,12.0,7.0,0.2028985507246377
26.0,2.0,27.0,0.1,0.075,0.2,1.0,1164.0,13.0,5.0,0.20618556701030927
26.0,2.0,28.0,0.1,0.075,0.2,1.0,1117.0,9.0,4.0,0.20680393912264997
26.0,2.0,29.0,0.1,0.075,0.2,1.0,1129.0,13.0,7.0,0.20549158547387067
26.0,2.0,30.0,0.1,0.075,0.2,1.0,1072.0,14.0,6.0,0.208955223880597
26.0,2.0,31.0,0.1,0.075,0.2,1.0,1052.0,16.0,6.0,0.21007604562737642
26.0,2.0,32.0,0.1,0.075,0.2,1.0,1026.0,19.0,6.0,0.21052631578947367
26.0,2.0,33.0,0.1,0.075,0.2,1.0,1006.0,15.0,6.0,0.20974155069582506
26.0,2.0,34.0,0.1,0.075,0.2,1.0,985.0,15.0,5.0,0.21421319796954313
26.0,2.0,35.0,0.1,0.075,0.2,1.0,982.0,16.0,6.0,0.21384928716904278
26.0,2.0,36.0,0.1,0.075,0.2,1.0,943.0,16.0,9.0,0.21845174973488865
26.0,2.0,37.0,0.1,0.075,0.2,1.0,941.0,17.0,9.0,0.2146652497343252
26.0,2.0,38.0,0.1,0.075,0.2,1.0,925.0,16.0,9.0,0.21621621621621623
26.0,2.0,39.0,0.1,0.075,0.2,1.0,921.0,16.0,8.0,0.21389793702497287
26.0,2.0,40.0,0.1,0.075,0.2,1.0,898.0,15.0,7.0,0.2182628062360802
26.0,2.0,41.0,0.1,0.075,0.2,1.0,890.0,14.0,5.0,0.21685393258426966
26.0,2.0,42.0,0.1,0.075,0.2,1.0,870.0,9.0,5.0,0.2206896551724138
26.0,2.0,43.0,0.1,0.075,0.2,1.0,852.0,10.0,7.0,0.21948356807511737
26.0,2.0,44.0,0.1,0.075,0.2,1.0,850.0,11.0,5.0,0.2223529411764706
26.0,2.0,45.0,0.1,0.075,0.2,1.0,826.0,12.0,3.0,0.28329297820823246
26.0,2.0,46.0,0.1,0.075,0.2,1.0,821.0,10.0,3.0,0.28258221680876977
26.0,2.0,47.0,0.1,0.075,0.2,1.0,809.0,10.0,4.0,0.2843016069221261
26.0,2.0,48.0,0.1,0.075,0.2,1.0,796.0,13.0,7.0,0.28266331658291455
26.0,2.0,49.0,0.1,0.075,0.2,1.0,793.0,12.0,8.0,0.27742749054224464
26.0,2.0,50.0,0.1,0.075,0.2,1.0,791.0,15.0,7.0,0.27939317319848295
26.0,2.0,51.0,0.1,0.075,0.2,1.0,776.0,12.0,4.0,0.27963917525773196
26.0,2.0,52.0,0.1,0.075,0.2,1.0,769.0,10.0,6.0,0.2808842652795839
26.0,3.0,1.0,0.1,0.075,0.2,1.0,762.0,14.0,7.0,0.28083989501312334
26.0,3.0,2.0,0.1,0.075,0.2,1.0,763.0,14.0,7.0,0.27916120576671033
26.0,3.0,3.0,0.1,0.075,0.2,1.0,752.0,10.0,4.0,0.28191489361702127
26.0,3.0,4.0,0.1,0.075,0.2,1.0,748.0,11.0,4.0,0.27807486631016043
26.0,3.0,5.0,0.1,0.075,0.2,1.0,747.0,10.0,6.0,0.2824631860776439
26.0,3.0,6.0,0.1,0.075,0.2,1.0,729.0,8.0,6.0,0.2784636488340192
26.0,3.0,7.0,0.1,0.075,0.2,1.0,728.0,9.0,5.0,0.2815934065934066
26.0,3.0,8.0,0.1,0.075,0.2,1.0,706.0,7.0,3.0,0.2790368271954674
26.0,3.0,9.0,0.1,0.075,0.2,1.0,703.0,7.0,2.0,0.2844950213371266
26.0,3.0,10.0,0.1,0.075,0.2,1.0,697.0,8.0,2.0,0.2812051649928264
26.0,3.0,11.0,0.1,0.075,0.2,1.0,684.0,10.0,3.0,0.29239766081871343
26.0,3.0,12.0,0.1,0.075,0.2,1.0,675.0,9.0,5.0,0.28888888888888886
26.0,3.0,13.0,0.1,0.075,0.2,1.0,675.0,10.0,6.0,0.29333333333333333
26.0,3.0,14.0,0.1,0.075,0.2,1.0,669.0,10.0,5.0,0.28998505231689087
26.0,3.0,15.0,0.1,0.075,0.2,1.0,670.0,8.0,6.0,0.29402985074626864
26.0,3.0,16.0,0.1,0.075,0.2,1.0,663.0,8.0,5.0,0.2911010558069382
26.0,3.0,17.0,0.1,0.075,0.2,1.0,666.0,8.0,5.0,0.2927927927927928
26.0,3.0,18.0,0.1,0.075,0.2,1.0,653.0,4.0,3.0,0.29249617151607965
26.0,3.0,19.0,0.1,0.075,0.2,1.0,657.0,4.0,3.0,0.2937595129375951
26.0,3.0,20.0,0.1,0.075,0.2,1.0,1179.0,6.0,3.0,0.15267175572519084
26.0,3.0,21.0,0.1,0.075,0.2,1.0,1185.0,4.0,1.0,0.15358649789029535
26.0,3.0,22.0,0.1,0.075,0.2,1.0,1117.0,6.0,2.0,0.153088630259624
26.0,3.0,23.0,0.1,0.075,0.2,1.0,1089.0,5.0,2.0,0.15426997245179064
26.0,3.0,24.0,0.1,0.075,0.2,1.0,1065.0,5.0,2.0,0.15586854460093896
26.0,3.0,25.0,0.1,0.075,0.2,1.0,1057.0,4.0,1.0,0.15799432355723747
26.0,3.0,26.0,0.1,0.075,0.2,1.0,1013.0,4.0,3.0,0.16090819348469892
26.0,3.0,27.0,0.1,0.075,0.2,1.0,1012.0,4.0,3.0,0.1590909090909091
26.0,3.0,28.0,0.1,0.075,0.2,1.0,992.0,6.0,3.0,0.15826612903225806
26.0,3.0,29.0,0.1,0.075,0.2,1.0,987.0,9.0,2.0,0.15501519756838905
26.0,3.0,30.0,0.1,0.075,0.2,1.0,961.0,12.0,2.0,0.15608740894901144
26.0,3.0,31.0,0.1,0.075,0.2,1.0,932.0,11.0,3.0,0.15987124463519314
26.0,3.0,32.0,0.1,0.075,0.2,1.0,917.0,12.0,4.0,0.15921483097055616
26.0,3.0,33.0,0.1,0.075,0.2,1.0,914.0,13.0,9.0,0.15973741794310722
26.0,3.0,34.0,0.1,0.075,0.2,1.0,897.0,16.0,7.0,0.1605351170568562
26.0,3.0,35.0,0.1,0.075,0.2,1.0,865.0,19.0,8.0,0.1606936416184971
26.0,3.0,36.0,0.1,0.075,0.2,1.0,860.0,15.0,5.0,0.15930232558139534
26.0,3.0,37.0,0.1,0.075,0.2,1.0,840.0,17.0,7.0,0.1619047619047619
26.0,3.0,38.0,0.1,0.075,0.2,1.0,841.0,19.0,7.0,0.15695600475624258
26.0,3.0,39.0,0.1,0.075,0.2,1.0,829.0,21.0,9.0,0.15922798552472858
26.0,3.0,40.0,0.1,0.075,0.2,1.0,822.0,21.0,9.0,0.15936739659367397
26.0,3.0,41.0,0.1,0.075,0.2,1.0,812.0,23.0,10.0,0.15886699507389163
26.0,3.0,42.0,0.1,0.075,0.2,1.0,780.0,31.0,12.0,0.15897435897435896
26.0,3.0,43.0,0.1,0.075,0.2,1.0,758.0,35.0,18.0,0.16358839050131926
26.0,3.0,44.0,0.1,0.075,0.2,1.0,746.0,38.0,19.0,0.15951742627345844
26.0,3.0,45.0,0.1,0.075,0.2,1.0,724.0,38.0,21.0,0.23756906077348067
26.0,3.0,46.0,0.1,0.075,0.2,1.0,691.0,37.0,13.0,0.2402315484804631
26.0,3.0,47.0,0.1,0.075,0.2,1.0,676.0,39.0,13.0,0.2470414201183432
26.0,3.0,48.0,0.1,0.075,0.2,1.0,659.0,34.0,16.0,0.2503793626707132
26.0,3.0,49.0,0.1,0.075,0.2,1.0,635.0,36.0,18.0,0.24881889763779527
26.0,3.0,50.0,0.1,0.075,0.2,1.0,631.0,37.0,19.0,0.24881141045958796
26.0,3.0,51.0,0.1,0.075,0.2,1.0,619.0,32.0,19.0,0.2552504038772213
26.0,3.0,52.0,0.1,0.075,0.2,1.0,607.0,31.0,18.0,0.2553542009884679
26.0,4.0,1.0,0.1,0.075,0.2,1.0,588.0,28.0,16.0,0.2602040816326531
26.0,4.0,2.0,0.1,0.075,0.2,1.0,578.0,22.0,11.0,0.26124567474048443
26.0,4.0,3.0,0.1,0.075,0.2,1.0,567.0,20.0,9.0,0.26278659611992944
26.0,4.0,4.0,0.1,0.075,0.2,1.0,556.0,16.0,6.0,0.2643884892086331
26.0,4.0,5.0,0.1,0.075,0.2,1.0,561.0,13.0,5.0,0.26559714795008915
26.0,4.0,6.0,0.1,0.075,0.2,1.0,551.0,11.0,7.0,0.26497277676951
26.0,4.0,7.0,0.1,0.075,0.2,1.0,555.0,11.0,8.0,0.2648648648648649
26.0,4.0,8.0,0.1,0.075,0.2,1.0,544.0,11.0,7.0,0.26838235294117646
26.0,4.0,9.0,0.1,0.075,0.2,1.0,541.0,10.0,3.0,0.27171903881700554
26.0,4.0,10.0,0.1,0.075,0.2,1.0,533.0,8.0,4.0,0.27392120075046905
26.0,4.0,11.0,0.1,0.075,0.2,1.0,531.0,8.0,5.0,0.2693032015065913
26.0,4.0,12.0,0.1,0.075,0.2,1.0,524.0,11.0,6.0,0.26717557251908397
26.0,4.0,13.0,0.1,0.075,0.2,1.0,522.0,9.0,5.0,0.2720306513409962
26.0,4.0,14.0,0.1,0.075,0.2,1.0,514.0,7.0,3.0,0.2704280155642023
26.0,4.0,15.0,0.1,0.075,0.2,1.0,514.0,6.0,2.0,0.2723735408560311
26.0,4.0,16.0,0.1,0.075,0.2,1.0,507.0,4.0,1.0,0.27218934911242604
26.0,4.0,17.0,0.1,0.075,0.2,1.0,511.0,5.0,2.0,0.273972602739726
26.0,4.0,18.0,0.1,0.075,0.2,1.0,503.0,5.0,3.0,0.268389662027833
26.0,4.0,19.0,0.1,0.075,0.2,1.0,504.0,4.0,2.0,0.2718253968253968
26.0,4.0,20.0,0.1,0.075,0.2,1.0,926.0,4.0,2.0,0.14362850971922247
26.0,4.0,21.0,0.1,0.075,0.2,1.0,914.0,4.0,2.0,0.14660831509846828
26.0,4.0,22.0,0.1,0.075,0.2,1.0,897.0,4.0,3.0,0.14604236343366778
26.0,4.0,23.0,0.1,0.075,0.2,1.0,829.0,3.0,2.0,0.14957780458383596
26.0,4.0,24.0,0.1,0.075,0.2,1.0,835.0,2.0,1.0,0.14491017964071856
26.0,4.0,25.0,0.1,0.075,0.2,1.0,800.0,1.0,1.0,0.1475
26.0,4.0,26.0,0.1,0.075,0.2,1.0,772.0,1.0,1.0,0.15025906735751296
26.0,4.0,27.0,0.1,0.075,0.2,1.0,757.0,4.0,1.0,0.154557463672391
26.0,4.0,28.0,0.1,0.075,0.2,1.0,764.0,4.0,0.0,0.14921465968586387
26.0,4.0,29.0,0.1,0.075,0.2,1.0,742.0,4.0,3.0,0.15633423180592992
26.0,4.0,30.0,0.1,0.075,0.2,1.0,749.0,8.0,3.0,0.1548731642189586
26.0,4.0,31.0,0.1,0.075,0.2,1.0,742.0,8.0,5.0,0.15633423180592992
26.0,4.0,32.0,0.1,0.075,0.2,1.0,735.0,6.0,2.0,0.15782312925170067
26.0,4.0,33.0,0.1,0.075,0.2,1.0,719.0,6.0,3.0,0.15577190542420027
26.0,4.0,34.0,0.1,0.075,0.2,1.0,702.0,4.0,3.0,0.15527065527065528
26.0,4.0,35.0,0.1,0.075,0.2,1.0,674.0,5.0,3.0,0.15875370919881307
26.0,4.0,36.0,0.1,0.075,0.2,1.0,659.0,9.0,2.0,0.15933232169954475
26.0,4.0,37.0,0.1,0.075,0.2,1.0,646.0,9.0,2.0,0.16563467492260062
26.0,4.0,38.0,0.1,0.075,0.2,1.0,634.0,9.0,4.0,0.16246056782334384
26.0,4.0,39.0,0.1,0.075,0.2,1.0,611.0,9.0,4.0,0.1685761047463175
26.0,4.0,40.0,0.1,0.075,0.2,1.0,616.0,11.0,5.0,0.16558441558441558
26.0,4.0,41.0,0.1,0.075,0.2,1.0,601.0,11.0,6.0,0.16971713810316139
26.0,4.0,42.0,0.1,0.075,0.2,1.0,603.0,10.0,7.0,0.16749585406301823
26.0,4.0,43.0,0.1,0.075,0.2,1.0,583.0,9.0,6.0,0.17495711835334476
26.0,4.0,44.0,0.1,0.075,0.2,1.0,584.0,8.0,4.0,0.17123287671232876
26.0,4.0,45.0,0.1,0.075,0.2,1.0,576.0,6.0,2.0,0.2378472222222222
26.0,4.0,46.0,0.1,0.075,0.2,1.0,580.0,5.0,3.0,0.23620689655172414
26.0,4.0,47.0,0.1,0.075,0.2,1.0,568.0,6.0,4.0,0.24119718309859156
26.0,4.0,48.0,0.1,0.075,0.2,1.0,578.0,7.0,4.0,0.2370242214532872
26.0,4.0,49.0,0.1,0.075,0.2,1.0,549.0,5.0,3.0,0.2495446265938069
26.0,4.0,50.0,0.1,0.075,0.2,1.0,550.0,3.0,3.0,0.24545454545454545
26.0,4.0,51.0,0.1,0.075,0.2,1.0,538.0,3.0,3.0,0.24907063197026022
26.0,4.0,52.0,0.1,0.075,0.2,1.0,538.0,2.0,2.0,0.241635687732342
26.0,5.0,1.0,0.1,0.075,0.2,1.0,530.0,1.0,0.0,0.2490566037735849
26.0,5.0,2.0,0.1,0.075,0.2,1.0,528.0,1.0,0.0,0.24431818181818182
26.0,5.0,3.0,0.1,0.075,0.2,1.0,525.0,1.0,0.0,0.24761904761904763
26.0,5.0,4.0,0.1,0.075,0.2,1.0,523.0,1.0,0.0,0.2447418738049713
26.0,5.0,5.0,0.1,0.075,0.2,1.0,520.0,1.0,0.0,0.24615384615384617
26.0,5.0,6.0,0.1,0.075,0.2,1.0,522.0,1.0,0.0,0.2413793103448276
26.0,5.0,7.0,0.1,0.075,0.2,1.0,508.0,1.0,1.0,0.24803149606299213
26.0,5.0,8.0,0.1,0.075,0.2,1.0,512.0,1.0,1.0,0.2421875
26.0,5.0,9.0,0.1,0.075,0.2,1.0,503.0,1.0,1.0,0.24453280318091453
26.0,5.0,10.0,0.1,0.075,0.2,1.0,503.0,0.0,0.0,0.24453280318091453
26.0,5.0,11.0,0.1,0.075,0.2,1.0,497.0,0.0,0.0,0.24748490945674045
26.0,5.0,12.0,0.1,0.075,0.2,1.0,494.0,0.0,0.0,0.24898785425101214
26.0,5.0,13.0,0.1,0.075,0.2,1.0,485.0,0.0,0.0,0.2515463917525773
26.0,5.0,14.0,0.1,0.075,0.2,1.0,486.0,0.0,0.0,0.24897119341563786
26.0,5.0,15.0,0.1,0.075,0.2,1.0,480.0,0.0,0.0,0.24583333333333332
26.0,5.0,16.0,0.1,0.075,0.2,1.0,483.0,0.0,0.0,0.2463768115942029
26.0,5.0,17.0,0.1,0.075,0.2,1.0,479.0,0.0,0.0,0.24425887265135698
26.0,5.0,18.0,0.1,0.075,0.2,1.0,480.0,0.0,0.0,0.24583333333333332
26.0,5.0,19.0,0.1,0.075,0.2,1.0,477.0,0.0,0.0,0.24528301886792453
26.0,5.0,20.0,0.1,0.075,0.2,1.0,891.0,0.0,0.0,0.12906846240179573
26.0,5.0,21.0,0.1,0.075,0.2,1.0,859.0,0.0,0.0,0.13154831199068684
26.0,5.0,22.0,0.1,0.075,0.2,1.0,802.0,0.0,0.0,0.13591022443890274
26.0,5.0,23.0,0.1,0.075,0.2,1.0,773.0,0.0,0.0,0.1371280724450194
26.0,5.0,24.0,0.1,0.075,0.2,1.0,762.0,0.0,0.0,0.13648293963254593
26.0,5.0,25.0,0.1,0.075,0.2,1.0,724.0,0.0,0.0,0.13674033149171272
26.0,5.0,26.0,0.1,0.075,0.2,1.0,735.0,0.0,0.0,0.13741496598639455
26.0,5.0,27.0,0.1,0.075,0.2,1.0,720.0,0.0,0.0,0.1375
26.0,5.0,28.0,0.1,0.075,0.2,1.0,738.0,0.0,0.0,0.13550135501355012
26.0,5.0,29.0,0.1,0.075,0.2,1.0,718.0,0.0,0.0,0.13509749303621169
26.0,5.0,30.0,0.1,0.075,0.2,1.0,731.0,0.0,0.0,0.1354309165526676
26.0,5.0,31.0,0.1,0.075,0.2,1.0,717.0,0.0,0.0,0.13528591352859135
26.0,5.0,32.0,0.1,0.075,0.2,1.0,731.0,0.0,0.0,0.1354309165526676
26.0,5.0,33.0,0.1,0.075,0.2,1.0,709.0,0.0,0.0,0.13399153737658676
26.0,5.0,34.0,0.1,0.075,0.2,1.0,699.0,0.0,0.0,0.13161659513590845
26.0,5.0,35.0,0.1,0.075,0.2,1.0,681.0,0.0,0.0,0.13362701908957417
26.0,5.0,36.0,0.1,0.075,0.2,1.0,671.0,0.0,0.0,0.13263785394932937
26.0,5.0,37.0,0.1,0.075,0.2,1.0,655.0,0.0,0.0,0.13129770992366413
26.0,5.0,38.0,0.1,0.075,0.2,1.0,657.0,0.0,0.0,0.1308980213089802
26.0,5.0,39.0,0.1,0.075,0.2,1.0,644.0,0.0,0.0,0.13198757763975155
26.0,5.0,40.0,0.1,0.075,0.2,1.0,640.0,0.0,0.0,0.1328125
26.0,5.0,41.0,0.1,0.075,0.2,1.0,636.0,0.0,0.0,0.1320754716981132
26.0,5.0,42.0,0.1,0.075,0.2,1.0,628.0,0.0,0.0,0.1337579617834395
26.0,5.0,43.0,0.1,0.075,0.2,1.0,625.0,0.0,0.0,0.1312
26.0,5.0,44.0,0.1,0.075,0.2,1.0,619.0,0.0,0.0,0.13570274636510501
26.0,5.0,45.0,0.1,0.075,0.2,1.0,607.0,0.0,0.0,0.20098846787479407
26.0,5.0,46.0,0.1,0.075,0.2,1.0,597.0,0.0,0.0,0.20603015075376885
26.0,5.0,47.0,0.1,0.075,0.2,1.0,579.0,0.0,0.0,0.20379965457685664
26.0,5.0,48.0,0.1,0.075,0.2,1.0,580.0,0.0,0.0,0.20517241379310344
26.0,5.0,49.0,0.1,0.075,0.2,1.0,571.0,0.0,0.0,0.2031523642732049
26.0,5.0,50.0,0.1,0.075,0.2,1.0,562.0,0.0,0.0,0.20106761565836298
26.0,5.0,51.0,0.1,0.075,0.2,1.0,554.0,0.0,0.0,0.20397111913357402
26.0,5.0,52.0,0.1,0.075,0.2,1.0,548.0,0.0,0.0,0.2062043795620438
26.0,6.0,1.0,0.1,0.075,0.2,1.0,548.0,0.0,0.0,0.2062043795620438
26.0,6.0,2.0,0.1,0.075,0.2,1.0,540.0,0.0,0.0,0.2037037037037037
26.0,6.0,3.0,0.1,0.075,0.2,1.0,541.0,0.0,0.0,0.2033271719038817
26.0,6.0,4.0,0.1,0.075,0.2,1.0,534.0,0.0,0.0,0.20224719101123595
26.0,6.0,5.0,0.1,0.075,0.2,1.0,535.0,0.0,0.0,0.20186915887850468
26.0,6.0,6.0,0.1,0.075,0.2,1.0,531.0,0.0,0.0,0.2015065913370998
26.0,6.0,7.0,0.1,0.075,0.2,1.0,532.0,0.0,0.0,0.20112781954887218
26.0,6.0,8.0,0.1,0.075,0.2,1.0,525.0,0.0,0.0,0.2019047619047619
26.0,6.0,9.0,0.1,0.075,0.2,1.0,522.0,0.0,0.0,0.20114942528735633
26.0,6.0,10.0,0.1,0.075,0.2,1.0,520.0,0.0,0.0,0.2
26.0,6.0,11.0,0.1,0.075,0.2,1.0,519.0,0.0,0.0,0.19845857418111754
26.0,6.0,12.0,0.1,0.075,0.2,1.0,518.0,0.0,0.0,0.20077220077220076
26.0,6.0,13.0,0.1,0.075,0.2,1.0,516.0,0.0,0.0,0.1996124031007752
26.0,6.0,14.0,0.1,0.075,0.2,1.0,516.0,0.0,0.0,0.20155038759689922
26.0,6.0,15.0,0.1,0.075,0.2,1.0,499.0,0.0,0.0,0.20040080160320642
26.0,6.0,16.0,0.1,0.075,0.2,1.0,497.0,0.0,0.0,0.19718309859154928
26.0,6.0,17.0,0.1,0.075,0.2,1.0,496.0,0.0,0.0,0.1975806451612903
26.0,6.0,18.0,0.1,0.075,0.2,1.0,495.0,0.0,0.0,0.19797979797979798
26.0,6.0,19.0,0.1,0.075,0.2,1.0,494.0,0.0,0.0,0.19838056680161945
26.0,6.0,20.0,0.1,0.075,0.2,1.0,900.0,0.0,0.0,0.10777777777777778
26.0,6.0,21.0,0.1,0.075,0.2,1.0,861.0,0.0,0.0,0.10801393728222997
26.0,6.0,22.0,0.1,0.075,0.2,1.0,839.0,0.0,0.0,0.11084624553039332
26.0,6.0,23.0,0.1,0.075,0.2,1.0,825.0,0.0,0.0,0.10909090909090909
26.0,6.0,24.0,0.1,0.075,0.2,1.0,797.0,0.0,0.0,0.11166875784190715
26.0,6.0,25.0,0.1,0.075,0.2,1.0,763.0,0.0,0.0,0.10747051114023591
26.0,6.0,26.0,0.1,0.075,0.2,1.0,757.0,0.0,0.0,0.1096433289299868
26.0,6.0,27.0,0.1,0.075,0.2,1.0,742.0,0.0,0.0,0.1091644204851752
26.0,6.0,28.0,0.1,0.075,0.2,1.0,723.0,0.0,0.0,0.11341632088520055
26.0,6.0,29.0,0.1,0.075,0.2,1.0,710.0,0.0,0.0,0.10985915492957747
26.0,6.0,30.0,0.1,0.075,0.2,1.0,708.0,0.0,0.0,0.1115819209039548
26.0,6.0,31.0,0.1,0.075,0.2,1.0,692.0,0.0,0.0,0.1069364161849711
26.0,6.0,32.0,0.1,0.075,0.2,1.0,674.0,0.0,0.0,0.10979228486646884
26.0,6.0,33.0,0.1,0.075,0.2,1.0,680.0,0.0,0.0,0.10441176470588236
26.0,6.0,34.0,0.1,0.075,0.2,1.0,666.0,0.0,0.0,0.10810810810810811
26.0,6.0,35.0,0.1,0.075,0.2,1.0,638.0,0.0,0.0,0.10815047021943573
26.0,6.0,36.0,0.1,0.075,0.2,1.0,626.0,0.0,0.0,0.11182108626198083
26.0,6.0,37.0,0.1,0.075,0.2,1.0,611.0,0.0,0.0,0.11129296235679215
26.0,6.0,38.0,0.1,0.075,0.2,1.0,597.0,0.0,0.0,0.11557788944723618
26.0,6.0,39.0,0.1,0.075,0.2,1.0,599.0,0.0,0.0,0.11018363939899833
26.0,6.0,40.0,0.1,0.075,0.2,1.0,588.0,0.0,0.0,0.11224489795918367
26.0,6.0,41.0,0.1,0.075,0.2,1.0,595.0,0.0,0.0,0.1092436974789916
26.0,6.0,42.0,0.1,0.075,0.2,1.0,579.0,0.0,0.0,0.11053540587219343
26.0,6.0,43.0,0.1,0.075,0.2,1.0,590.0,0.0,0.0,0.10847457627118644
26.0,6.0,44.0,0.1,0.075,0.2,1.0,576.0,0.0,0.0,0.1111111111111111
26.0,6.0,45.0,0.1,0.075,0.2,1.0,583.0,0.0,0.0,0.18181818181818182
26.0,6.0,46.0,0.1,0.075,0.2,1.0,571.0,0.0,0.0,0.18563922942206654
26.0,6.0,47.0,0.1,0.075,0.2,1.0,575.0,0.0,0.0,0.1826086956521739
26.0,6.0,48.0,0.1,0.075,0.2,1.0,558.0,0.0,0.0,0.1863799283154122
26.0,6.0,49.0,0.1,0.075,0.2,1.0,563.0,0.0,0.0,0.18294849023090587
26.0,6.0,50.0,0.1,0.075,0.2,1.0,556.0,0.0,0.0,0.18345323741007194
26.0,6.0,51.0,0.1,0.075,0.2,1.0,562.0,0.0,0.0,0.18149466192170818
26.0,6.0,52.0,0.1,0.075,0.2,1.0,556.0,0.0,0.0,0.18345323741007194
26.0,7.0,1.0,0.1,0.075,0.2,1.0,559.0,0.0,0.0,0.1806797853309481
26.0,7.0,2.0,0.1,0.075,0.2,1.0,553.0,0.0,0.0,0.18264014466546113
26.0,7.0,3.0,0.1,0.075,0.2,1.0,557.0,0.0,0.0,0.17953321364452424
26.0,7.0,4.0,0.1,0.075,0.2,1.0,549.0,0.0,0.0,0.18214936247723132
26.0,7.0,5.0,0.1,0.075,0.2,1.0,553.0,0.0,0.0,0.17721518987341772
26.0,7.0,6.0,0.1,0.075,0.2,1.0,544.0,0.0,0.0,0.17830882352941177
26.0,7.0,7.0,0.1,0.075,0.2,1.0,548.0,0.0,0.0,0.17335766423357665
26.0,7.0,8.0,0.1,0.075,0.2,1.0,542.0,0.0,0.0,0.1752767527675277
26.0,7.0,9.0,0.1,0.075,0.2,1.0,542.0,0.0,0.0,0.17158671586715868
26.0,7.0,10.0,0.1,0.075,0.2,1.0,528.0,0.0,0.0,0.17992424242424243
26.0,7.0,11.0,0.1,0.075,0.2,1.0,525.0,0.0,0.0,0.17523809523809525
26.0,7.0,12.0,0.1,0.075,0.2,1.0,521.0,0.0,0.0,0.18042226487523993
26.0,7.0,13.0,0.1,0.075,0.2,1.0,524.0,0.0,0.0,0.17557251908396945
26.0,7.0,14.0,0.1,0.075,0.2,1.0,519.0,0.0,0.0,0.1791907514450867
26.0,7.0,15.0,0.1,0.075,0.2,1.0,522.0,0.0,0.0,0.1743295019157088
26.0,7.0,16.0,0.1,0.075,0.2,1.0,518.0,0.0,0.0,0.17953667953667954
26.0,7.0,17.0,0.1,0.075,0.2,1.0,521.0,0.0,0.0,0.1746641074856046
26.0,7.0,18.0,0.1,0.075,0.2,1.0,518.0,0.0,0.0,0.1776061776061776
26.0,7.0,19.0,0.1,0.075,0.2,1.0,520.0,0.0,0.0,0.17307692307692307
26.0,7.0,20.0,0.1,0.075,0.2,1.0,975.0,0.0,0.0,0.09333333333333334
26.0,7.0,21.0,0.1,0.075,0.2,1.0,946.0,0.0,0.0,0.09090909090909091
26.0,7.0,22.0,0.1,0.075,0.2,1.0,939.0,0.0,0.0,0.0926517571884984
26.0,7.0,23.0,0.1,0.075,0.2,1.0,944.0,0.0,0.0,0.09110169491525423
26.0,7.0,24.0,0.1,0.075,0.2,1.0,930.0,0.0,0.0,0.09247311827956989
26.0,7.0,25.0,0.1,0.075,0.2,1.0,930.0,0.0,0.0,0.08924731182795699
26.0,7.0,26.0,0.1,0.075,0.2,1.0,916.0,0.0,0.0,0.0927947598253275
26.0,7.0,27.0,0.1,0.075,0.2,1.0,896.0,0.0,0.0,0.09040178571428571
26.0,7.0,28.0,0.1,0.075,0.2,1.0,883.0,0.0,0.0,0.09173272933182333
26.0,7.0,29.0,0.1,0.075,0.2,1.0,848.0,0.0,0.0,0.09080188679245282
26.0,7.0,30.0,0.1,0.075,0.2,1.0,829.0,0.0,0.0,0.09408926417370325
26.0,7.0,31.0,0.1,0.075,0.2,1.0,825.0,0.0,0.0,0.09212121212121212
26.0,7.0,32.0,0.1,0.075,0.2,1.0,804.0,0.0,0.0,0.09203980099502487
26.0,7.0,33.0,0.1,0.075,0.2,1.0,771.0,0.0,0.0,0.08819714656290532
26.0,7.0,34.0,0.1,0.075,0.2,1.0,767.0,0.0,0.0,0.08996088657105607
26.0,7.0,35.0,0.1,0.075,0.2,1.0,749.0,0.0,0.0,0.08811748998664887
26.0,7.0,36.0,0.1,0.075,0.2,1.0,709.0,0.0,0.0,0.0930888575458392
26.0,7.0,37.0,0.1,0.075,0.2,1.0,699.0,0.0,0.0,0.09012875536480687
26.0,7.0,38.0,0.1,0.075,0.2,1.0,703.0,0.0,0.0,0.09246088193456614
26.0,7.0,39.0,0.1,0.075,0.2,1.0,682.0,0.0,0.0,0.09090909090909091
26.0,7.0,40.0,0.1,0.075,0.2,1.0,679.0,0.0,0.0,0.09278350515463918
26.0,7.0,41.0,0.1,0.075,0.2,1.0,671.0,0.0,0.0,0.08792846497764531
26.0,7.0,42.0,0.1,0.075,0.2,1.0,668.0,0.0,0.0,0.09431137724550898
26.0,7.0,43.0,0.1,0.075,0.2,1.0,659.0,0.0,0.0,0.08952959028831563
26.0,7.0,44.0,0.1,0.075,0.2,1.0,657.0,0.0,0.0,0.0943683409436834
26.0,7.0,45.0,0.1,0.075,0.2,1.0,648.0,0.0,0.0,0.16203703703703703
26.0,7.0,46.0,0.1,0.075,0.2,1.0,651.0,0.0,0.0,0.16436251920122888
26.0,7.0,47.0,0.1,0.075,0.2,1.0,623.0,0.0,0.0,0.15730337078651685
26.0,7.0,48.0,0.1,0.075,0.2,1.0,627.0,0.0,0.0,0.1594896331738437
26.0,7.0,49.0,0.1,0.075,0.2,1.0,620.0,0.0,0.0,0.15645161290322582
26.0,7.0,50.0,0.1,0.075,0.2,1.0,625.0,0.0,0.0,0.16
26.0,7.0,51.0,0.1,0.075,0.2,1.0,620.0,0.0,0.0,0.15645161290322582
26.0,7.0,52.0,0.1,0.075,0.2,1.0,607.0,0.0,0.0,0.15980230642504117
26.0,8.0,1.0,0.1,0.075,0.2,1.0,600.0,0.0,0.0,0.15666666666666668
26.0,8.0,2.0,0.1,0.075,0.2,1.0,605.0,0.0,0.0,0.16033057851239668
26.0,8.0,3.0,0.1,0.075,0.2,1.0,598.0,0.0,0.0,0.15719063545150502
26.0,8.0,4.0,0.1,0.075,0.2,1.0,590.0,0.0,0.0,0.15932203389830507
26.0,8.0,5.0,0.1,0.075,0.2,1.0,581.0,0.0,0.0,0.1549053356282272
26.0,8.0,6.0,0.1,0.075,0.2,1.0,584.0,0.0,0.0,0.16095890410958905
26.0,8.0,7.0,0.1,0.075,0.2,1.0,577.0,0.0,0.0,0.1559792027729636
26.0,8.0,8.0,0.1,0.075,0.2,1.0,582.0,0.0,0.0,0.15807560137457044
26.0,8.0,9.0,0.1,0.075,0.2,1.0,569.0,0.0,0.0,0.15641476274165203
26.0,8.0,10.0,0.1,0.075,0.2,1.0,574.0,0.0,0.0,0.1602787456445993
26.0,8.0,11.0,0.1,0.075,0.2,1.0,565.0,0.0,0.0,0.15752212389380532
26.0,8.0,12.0,0.1,0.075,0.2,1.0,570.0,0.0,0.0,0.15964912280701754
26.0,8.0,13.0,0.1,0.075,0.2,1.0,560.0,0.0,0.0,0.15892857142857142
26.0,8.0,14.0,0.1,0.075,0.2,1.0,563.0,0.0,0.0,0.16163410301953818
26.0,8.0,15.0,0.1,0.075,0.2,1.0,546.0,0.0,0.0,0.16117216117216118
26.0,8.0,16.0,0.1,0.075,0.2,1.0,551.0,0.0,0.0,0.16333938294010888
26.0,8.0,17.0,0.1,0.075,0.2,1.0,546.0,0.0,0.0,0.16117216117216118
26.0,8.0,18.0,0.1,0.075,0.2,1.0,549.0,0.0,0.0,0.16393442622950818
26.0,8.0,19.0,0.1,0.075,0.2,1.0,530.0,0.0,0.0,0.16226415094339622
26.0,8.0,20.0,0.1,0.075,0.2,1.0,967.0,0.0,0.0,0.09100310237849017
26.0,8.0,21.0,0.1,0.075,0.2,1.0,942.0,0.0,0.0,0.09129511677282377
26.0,8.0,22.0,0.1,0.075,0.2,1.0,922.0,0.0,0.0,0.09436008676789588
26.0,8.0,23.0,0.1,0.075,0.2,1.0,873.0,0.0,0.0,0.09736540664375716
26.0,8.0,24.0,0.1,0.075,0.2,1.0,855.0,0.0,0.0,0.10175438596491228
26.0,8.0,25.0,0.1,0.075,0.2,1.0,842.0,0.0,0.0,0.09857482185273159
26.0,8.0,26.0,0.1,0.075,0.2,1.0,798.0,0.0,0.0,0.10651629072681704
26.0,8.0,27.0,0.1,0.075,0.2,1.0,787.0,0.0,0.0,0.10419313850063533
26.0,8.0,28.0,0.1,0.075,0.2,1.0,785.0,0.0,0.0,0.1070063694267516
26.0,8.0,29.0,0.1,0.075,0.2,1.0,771.0,0.0,0.0,0.10505836575875487
26.0,8.0,30.0,0.1,0.075,0.2,1.0,773.0,0.0,0.0,0.1073738680465718
26.0,8.0,31.0,0.1,0.075,0.2,1.0,758.0,0.0,0.0,0.10554089709762533
26.0,8.0,32.0,0.1,0.075,0.2,1.0,748.0,0.0,0.0,0.10962566844919786
26.0,8.0,33.0,0.1,0.075,0.2,1.0,743.0,0.0,0.0,0.10767160161507403
26.0,8.0,34.0,0.1,0.075,0.2,1.0,733.0,0.0,0.0,0.11050477489768076
26.0,8.0,35.0,0.1,0.075,0.2,1.0,705.0,0.0,0.0,0.10921985815602837
26.0,8.0,36.0,0.1,0.075,0.2,1.0,695.0,0.0,0.0,0.11223021582733812
26.0,8.0,37.0,0.1,0.075,0.2,1.0,692.0,0.0,0.0,0.10982658959537572
26.0,8.0,38.0,0.1,0.075,0.2,1.0,695.0,0.0,0.0,0.11223021582733812
26.0,8.0,39.0,0.1,0.075,0.2,1.0,692.0,0.0,0.0,0.10982658959537572
26.0,8.0,40.0,0.1,0.075,0.2,1.0,695.0,0.0,0.0,0.11223021582733812
26.0,8.0,41.0,0.1,0.075,0.2,1.0,692.0,0.0,0.0,0.10982658959537572
26.0,8.0,42.0,0.1,0.075,0.2,1.0,695.0,0.0,0.0,0.11223021582733812
26.0,8.0,43.0,0.1,0.075,0.2,1.0,692.0,0.0,0.0,0.10982658959537572
26.0,8.0,44.0,0.1,0.075,0.2,1.0,684.0,0.0,0.0,0.11257309941520467
26.0,8.0,45.0,0.1,0.075,0.2,1.0,662.0,0.0,0.0,0.18126888217522658
26.0,8.0,46.0,0.1,0.075,0.2,1.0,665.0,0.0,0.0,0.18345864661654135
26.0,8.0,47.0,0.1,0.075,0.2,1.0,639.0,0.0,0.0,0.18622848200312989
26.0,8.0,48.0,0.1,0.075,0.2,1.0,641.0,0.0,0.0,0.18876755070202808
26.0,8.0,49.0,0.1,0.075,0.2,1.0,639.0,0.0,0.0,0.18622848200312989
26.0,8.0,50.0,0.1,0.075,0.2,1.0,636.0,0.0,0.0,0.19025157232704404
26.0,8.0,51.0,0.1,0.075,0.2,1.0,637.0,0.0,0.0,0.18681318681318682
26.0,8.0,52.0,0.1,0.075,0.2,1.0,616.0,0.0,0.0,0.19318181818181818
26.0,9.0,1.0,0.1,0.075,0.2,1.0,617.0,0.0,0.0,0.18962722852512157
26.0,9.0,2.0,0.1,0.075,0.2,1.0,614.0,0.0,0.0,0.19381107491856678
26.0,9.0,3.0,0.1,0.075,0.2,1.0,615.0,0.0,0.0,0.1902439024390244
26.0,9.0,4.0,0.1,0.075,0.2,1.0,613.0,0.0,0.0,0.19412724306688417
26.0,9.0,5.0,0.1,0.075,0.2,1.0,615.0,0.0,0.0,0.1902439024390244
26.0,9.0,6.0,0.1,0.075,0.2,1.0,610.0,0.0,0.0,0.19508196721311474
26.0,9.0,7.0,0.1,0.075,0.2,1.0,613.0,0.0,0.0,0.19086460032626426
26.0,9.0,8.0,0.1,0.075,0.2,1.0,609.0,0.0,0.0,0.19540229885057472
26.0,9.0,9.0,0.1,0.075,0.2,1.0,606.0,0.0,0.0,0.19306930693069307
26.0,9.0,10.0,0.1,0.075,0.2,1.0,605.0,0.0,0.0,0.19669421487603306
26.0,9.0,11.0,0.1,0.075,0.2,1.0,603.0,0.0,0.0,0.19402985074626866
26.0,9.0,12.0,0.1,0.075,0.2,1.0,599.0,0.0,0.0,0.1986644407345576
26.0,9.0,13.0,0.1,0.075,0.2,1.0,588.0,0.0,0.0,0.19727891156462585
26.0,9.0,14.0,0.1,0.075,0.2,1.0,581.0,0.0,0.0,0.20137693631669534
26.0,9.0,15.0,0.1,0.075,0.2,1.0,584.0,0.0,0.0,0.19863013698630136
26.0,9.0,16.0,0.1,0.075,0.2,1.0,582.0,0.0,0.0,0.2027491408934708
26.0,9.0,17.0,0.1,0.075,0.2,1.0,582.0,0.0,0.0,0.19931271477663232
26.0,9.0,18.0,0.1,0.075,0.2,1.0,580.0,0.0,0.0,0.20172413793103447
26.0,9.0,19.0,0.1,0.075,0.2,1.0,581.0,0.0,0.0,0.19793459552495696
26.0,9.0,20.0,0.1,0.075,0.2,1.0,1032.0,0.0,0.0,0.10852713178294573
26.0,9.0,21.0,0.1,0.075,0.2,1.0,987.0,0.0,0.0,0.10638297872340426
26.0,9.0,22.0,0.1,0.075,0.2,1.0,953.0,0.0,0.0,0.10598111227701994
26.0,9.0,23.0,0.1,0.075,0.2,1.0,941.0,0.0,0.0,0.10520722635494155
26.0,9.0,24.0,0.1,0.075,0.2,1.0,924.0,0.0,0.0,0.10930735930735931
26.0,9.0,25.0,0.1,0.075,0.2,1.0,849.0,0.0,0.0,0.10954063604240283
26.0,9.0,26.0,0.1,0.075,0.2,1.0,817.0,0.0,0.0,0.11260709914320685
26.0,9.0,27.0,0.1,0.075,0.2,1.0,832.0,0.0,0.0,0.11057692307692307
26.0,9.0,28.0,0.1,0.075,0.2,1.0,830.0,0.0,0.0,0.1108433734939759
26.0,9.0,29.0,0.1,0.075,0.2,1.0,830.0,0.0,0.0,0.1108433734939759
26.0,9.0,30.0,0.1,0.075,0.2,1.0,830.0,0.0,0.0,0.1108433734939759
26.0,9.0,31.0,0.1,0.075,0.2,1.0,830.0,0.0,0.0,0.1108433734939759
26.0,9.0,32.0,0.1,0.075,0.2,1.0,830.0,0.0,0.0,0.1108433734939759
26.0,9.0,33.0,0.1,0.075,0.2,1.0,784.0,0.0,0.0,0.11224489795918367
26.0,9.0,34.0,0.1,0.075,0.2,1.0,774.0,0.0,0.0,0.1124031007751938
26.0,9.0,35.0,0.1,0.075,0.2,1.0,770.0,0.0,0.0,0.11298701298701298
26.0,9.0,36.0,0.1,0.075,0.2,1.0,763.0,0.0,0.0,0.11402359108781127
26.0,9.0,37.0,0.1,0.075,0.2,1.0,759.0,0.0,0.0,0.11462450592885376
26.0,9.0,38.0,0.1,0.075,0.2,1.0,749.0,0.0,0.0,0.11481975967957277
26.0,9.0,39.0,0.1,0.075,0.2,1.0,745.0,0.0,0.0,0.11543624161073826
26.0,9.0,40.0,0.1,0.075,0.2,1.0,749.0,0.0,0.0,0.11481975967957277
26.0,9.0,41.0,0.1,0.075,0.2,1.0,745.0,0.0,0.0,0.11543624161073826
26.0,9.0,42.0,0.1,0.075,0.2,1.0,749.0,0.0,0.0,0.11481975967957277
26.0,9.0,43.0,0.1,0.075,0.2,1.0,733.0,0.0,0.0,0.11732605729877217
26.0,9.0,44.0,0.1,0.075,0.2,1.0,736.0,0.0,0.0,0.11684782608695653
26.0,9.0,45.0,0.1,0.075,0.2,1.0,733.0,0.0,0.0,0.20054570259208732
26.0,9.0,46.0,0.1,0.075,0.2,1.0,736.0,0.0,0.0,0.20380434782608695
26.0,9.0,47.0,0.1,0.075,0.2,1.0,722.0,0.0,0.0,0.20221606648199447
26.0,9.0,48.0,0.1,0.075,0.2,1.0,711.0,0.0,0.0,0.2039381153305204
26.0,9.0,49.0,0.1,0.075,0.2,1.0,708.0,0.0,0.0,0.20056497175141244
26.0,9.0,50.0,0.1,0.075,0.2,1.0,712.0,0.0,0.0,0.20365168539325842
26.0,9.0,51.0,0.1,0.075,0.2,1.0,708.0,0.0,0.0,0.2019774011299435
26.0,9.0,52.0,0.1,0.075,0.2,1.0,709.0,0.0,0.0,0.20451339915373765
26.0,10.0,1.0,0.1,0.075,0.2,1.0,703.0,0.0,0.0,0.2034139402560455
26.0,10.0,2.0,0.1,0.075,0.2,1.0,703.0,0.0,0.0,0.20483641536273114
26.0,10.0,3.0,0.1,0.075,0.2,1.0,700.0,0.0,0.0,0.20285714285714285
26.0,10.0,4.0,0.1,0.075,0.2,1.0,703.0,0.0,0.0,0.20483641536273114
26.0,10.0,5.0,0.1,0.075,0.2,1.0,702.0,0.0,0.0,0.2022792022792023
26.0,10.0,6.0,0.1,0.075,0.2,1.0,702.0,0.0,0.0,0.20512820512820512
26.0,10.0,7.0,0.1,0.075,0.2,1.0,701.0,0.0,0.0,0.20256776034236804
26.0,10.0,8.0,0.1,0.075,0.2,1.0,683.0,0.0,0.0,0.20937042459736457
26.0,10.0,9.0,0.1,0.075,0.2,1.0,680.0,0.0,0.0,0.2073529411764706
26.0,10.0,10.0,0.1,0.075,0.2,1.0,675.0,0.0,0.0,0.21185185185185185
26.0,10.0,11.0,0.1,0.075,0.2,1.0,673.0,0.0,0.0,0.20802377414561665
26.0,10.0,12.0,0.1,0.075,0.2,1.0,672.0,0.0,0.0,0.2113095238095238
26.0,10.0,13.0,0.1,0.075,0.2,1.0,671.0,0.0,0.0,0.20864381520119224
26.0,10.0,14.0,0.1,0.075,0.2,1.0,670.0,0.0,0.0,0.21194029850746268
26.0,10.0,15.0,0.1,0.075,0.2,1.0,672.0,0.0,0.0,0.20833333333333334
26.0,10.0,16.0,0.1,0.075,0.2,1.0,671.0,0.0,0.0,0.21162444113263784
26.0,10.0,17.0,0.1,0.075,0.2,1.0,672.0,0.0,0.0,0.20833333333333334
26.0,10.0,18.0,0.1,0.075,0.2,1.0,670.0,0.0,0.0,0.21194029850746268
26.0,10.0,19.0,0.1,0.075,0.2,1.0,671.0,0.0,0.0,0.20864381520119224
26.0,10.0,20.0,0.1,0.075,0.2,1.0,1190.0,0.0,0.0,0.10840336134453782
26.0,10.0,21.0,0.1,0.075,0.2,1.0,1174.0,0.0,0.0,0.10817717206132879
26.0,10.0,22.0,0.1,0.075,0.2,1.0,1165.0,0.0,0.0,0.10901287553648069
26.0,10.0,23.0,0.1,0.075,0.2,1.0,1156.0,0.0,0.0,0.10726643598615918
26.0,10.0,24.0,0.1,0.075,0.2,1.0,1114.0,0.0,0.0,0.11131059245960502
26.0,10.0,25.0,0.1,0.075,0.2,1.0,1081.0,0.0,0.0,0.11008325624421832
26.0,10.0,26.0,0.1,0.075,0.2,1.0,1032.0,0.0,0.0,0.1124031007751938
26.0,10.0,27.0,0.1,0.075,0.2,1.0,1027.0,0.0,0.0,0.11002921129503408
26.0,10.0,28.0,0.1,0.075,0.2,1.0,995.0,0.0,0.0,0.1135678391959799
26.0,10.0,29.0,0.1,0.075,0.2,1.0,973.0,0.0,0.0,0.1130524152106886
26.0,10.0,30.0,0.1,0.075,0.2,1.0,977.0,0.0,0.0,0.11566018423746162
26.0,10.0,31.0,0.1,0.075,0.2,1.0,972.0,0.0,0.0,0.11316872427983539
26.0,10.0,32.0,0.1,0.075,0.2,1.0,956.0,0.0,0.0,0.11610878661087866
26.0,10.0,33.0,0.1,0.075,0.2,1.0,930.0,0.0,0.0,0.11612903225806452
26.0,10.0,34.0,0.1,0.075,0.2,1.0,910.0,0.0,0.0,0.11758241758241758
26.0,10.0,35.0,0.1,0.075,0.2,1.0,864.0,0.0,0.0,0.11805555555555555
26.0,10.0,36.0,0.1,0.075,0.2,1.0,868.0,0.0,0.0,0.11981566820276497
26.0,10.0,37.0,0.1,0.075,0.2,1.0,861.0,0.0,0.0,0.11846689895470383
26.0,10.0,38.0,0.1,0.075,0.2,1.0,856.0,0.0,0.0,0.12149532710280374
26.0,10.0,39.0,0.1,0.075,0.2,1.0,835.0,0.0,0.0,0.12095808383233533
26.0,10.0,40.0,0.1,0.075,0.2,1.0,831.0,0.0,0.0,0.12274368231046931
26.0,10.0,41.0,0.1,0.075,0.2,1.0,813.0,0.0,0.0,0.12177121771217712
26.0,10.0,42.0,0.1,0.075,0.2,1.0,819.0,0.0,0.0,0.12332112332112333
26.0,10.0,43.0,0.1,0.075,0.2,1.0,813.0,0.0,0.0,0.12177121771217712
26.0,10.0,44.0,0.1,0.075,0.2,1.0,807.0,0.0,0.0,0.12391573729863693
26.0,10.0,45.0,0.1,0.075,0.2,1.0,802.0,0.0,0.0,0.18453865336658354
26.0,10.0,46.0,0.1,0.075,0.2,1.0,807.0,0.0,0.0,0.18587360594795538
26.0,10.0,47.0,0.1,0.075,0.2,1.0,778.0,0.0,0.0,0.18894601542416453
26.0,10.0,48.0,0.1,0.075,0.2,1.0,782.0,0.0,0.0,0.19053708439897699
26.0,10.0,49.0,0.1,0.075,0.2,1.0,776.0,0.0,0.0,0.18943298969072164
26.0,10.0,50.0,0.1,0.075,0.2,1.0,768.0,0.0,0.0,0.19140625
26.0,10.0,51.0,0.1,0.075,0.2,1.0,764.0,0.0,0.0,0.18979057591623036
26.0,10.0,52.0,0.1,0.075,0.2,1.0,766.0,0.0,0.0,0.1906005221932115
27.0,1.0,1.0,0.1,0.075,0.2,1.0,5134.0,51.0,8.0,0.10050642773665758
27.0,1.0,2.0,0.1,0.075,0.2,1.0,5132.0,60.0,17.0,0.1015198752922837
27.0,1.0,3.0,0.1,0.075,0.2,1.0,5095.0,87.0,38.0,0.10107948969578018
27.0,1.0,4.0,0.1,0.075,0.2,1.0,5003.0,112.0,41.0,0.09934039576254247
27.0,1.0,5.0,0.1,0.075,0.2,1.0,4981.0,147.0,47.0,0.10078297530616342
27.0,1.0,6.0,0.1,0.075,0.2,1.0,4841.0,179.0,52.0,0.10121875645527784
27.0,1.0,7.0,0.1,0.075,0.2,1.0,4774.0,226.0,82.0,0.10159195643066611
27.0,1.0,8.0,0.1,0.075,0.2,1.0,4644.0,301.0,96.0,0.10378983634797588
27.0,1.0,9.0,0.1,0.075,0.2,1.0,4540.0,365.0,128.0,0.10440528634361233
27.0,1.0,10.0,0.1,0.075,0.2,1.0,4339.0,394.0,139.0,0.10532380732887762
27.0,1.0,11.0,0.1,0.075,0.2,1.0,4239.0,453.0,182.0,0.1063930172210427
27.0,1.0,12.0,0.1,0.075,0.2,1.0,4096.0,477.0,211.0,0.107421875
27.0,1.0,13.0,0.1,0.075,0.2,1.0,3942.0,467.0,217.0,0.10781329274479959
27.0,1.0,14.0,0.1,0.075,0.2,1.0,3811.0,483.0,238.0,0.1091577013907111
27.0,1.0,15.0,0.1,0.075,0.2,1.0,3683.0,495.0,227.0,0.1107792560412707
27.0,1.0,16.0,0.1,0.075,0.2,1.0,3546.0,484.0,233.0,0.1119571347997744
27.0,1.0,17.0,0.1,0.075,0.2,1.0,3427.0,458.0,204.0,0.1143857601400642
27.0,1.0,18.0,0.1,0.075,0.2,1.0,3300.0,458.0,225.0,0.11818181818181818
27.0,1.0,19.0,0.1,0.075,0.2,1.0,3123.0,433.0,224.0,0.12071725904578931
27.0,1.0,20.0,0.1,0.075,0.2,1.0,5797.0,408.0,222.0,0.06417112299465241
27.0,1.0,21.0,0.1,0.075,0.2,1.0,5227.0,486.0,199.0,0.06676870097570307
27.0,1.0,22.0,0.1,0.075,0.2,1.0,4881.0,516.0,191.0,0.07068223724646588
27.0,1.0,23.0,0.1,0.075,0.2,1.0,4504.0,507.0,193.0,0.07482238010657194
27.0,1.0,24.0,0.1,0.075,0.2,1.0,4235.0,522.0,218.0,0.07792207792207792
27.0,1.0,25.0,0.1,0.075,0.2,1.0,4052.0,560.0,250.0,0.07922013820335637
27.0,1.0,26.0,0.1,0.075,0.2,1.0,3813.0,568.0,245.0,0.08366115919223709
27.0,1.0,27.0,0.1,0.075,0.2,1.0,3588.0,558.0,240.0,0.08695652173913043
27.0,1.0,28.0,0.1,0.075,0.2,1.0,3359.0,539.0,241.0,0.09258707948794284
27.0,1.0,29.0,0.1,0.075,0.2,1.0,3170.0,550.0,245.0,0.09621451104100946
27.0,1.0,30.0,0.1,0.075,0.2,1.0,3015.0,564.0,250.0,0.10149253731343283
27.0,1.0,31.0,0.1,0.075,0.2,1.0,2827.0,565.0,251.0,0.10541209762999647
27.0,1.0,32.0,0.1,0.075,0.2,1.0,2721.0,565.0,269.0,0.10915104740904079
27.0,1.0,33.0,0.1,0.075,0.2,1.0,2540.0,545.0,276.0,0.11299212598425197
27.0,1.0,34.0,0.1,0.075,0.2,1.0,2386.0,530.0,259.0,0.11902766135792121
27.0,1.0,35.0,0.1,0.075,0.2,1.0,2265.0,498.0,245.0,0.12406181015452539
27.0,1.0,36.0,0.1,0.075,0.2,1.0,2099.0,456.0,222.0,0.13292043830395425
27.0,1.0,37.0,0.1,0.075,0.2,1.0,1994.0,427.0,204.0,0.137913741223671
27.0,1.0,38.0,0.1,0.075,0.2,1.0,1876.0,404.0,184.0,0.1455223880597015
27.0,1.0,39.0,0.1,0.075,0.2,1.0,1774.0,393.0,173.0,0.15050732807215333
27.0,1.0,40.0,0.1,0.075,0.2,1.0,1688.0,375.0,182.0,0.15876777251184834
27.0,1.0,41.0,0.1,0.075,0.2,1.0,1604.0,355.0,176.0,0.16521197007481297
27.0,1.0,42.0,0.1,0.075,0.2,1.0,1460.0,305.0,165.0,0.17602739726027397
27.0,1.0,43.0,0.1,0.075,0.2,1.0,1391.0,269.0,147.0,0.1833213515456506
27.0,1.0,44.0,0.1,0.075,0.2,1.0,1295.0,241.0,143.0,0.19227799227799228
27.0,1.0,45.0,0.1,0.075,0.2,1.0,1205.0,187.0,106.0,0.2697095435684647
27.0,1.0,46.0,0.1,0.075,0.2,1.0,1119.0,164.0,95.0,0.27882037533512066
27.0,1.0,47.0,0.1,0.075,0.2,1.0,1084.0,143.0,85.0,0.283210332103321
27.0,1.0,48.0,0.1,0.075,0.2,1.0,1033.0,127.0,69.0,0.2942884801548887
27.0,1.0,49.0,0.1,0.075,0.2,1.0,998.0,110.0,62.0,0.29759519038076154
27.0,1.0,50.0,0.1,0.075,0.2,1.0,962.0,87.0,46.0,0.30457380457380456
27.0,1.0,51.0,0.1,0.075,0.2,1.0,952.0,87.0,45.0,0.30567226890756305
27.0,1.0,52.0,0.1,0.075,0.2,1.0,923.0,73.0,41.0,0.31094257854821233
27.0,2.0,1.0,0.1,0.075,0.2,1.0,910.0,66.0,40.0,0.3142857142857143
27.0,2.0,2.0,0.1,0.075,0.2,1.0,884.0,57.0,39.0,0.3190045248868778
27.0,2.0,3.0,0.1,0.075,0.2,1.0,868.0,53.0,30.0,0.3225806451612903
27.0,2.0,4.0,0.1,0.075,0.2,1.0,848.0,48.0,22.0,0.330188679245283
27.0,2.0,5.0,0.1,0.075,0.2,1.0,836.0,39.0,19.0,0.33373205741626794
27.0,2.0,6.0,0.1,0.075,0.2,1.0,825.0,35.0,21.0,0.3381818181818182
27.0,2.0,7.0,0.1,0.075,0.2,1.0,821.0,32.0,21.0,0.3386114494518879
27.0,2.0,8.0,0.1,0.075,0.2,1.0,803.0,26.0,19.0,0.3424657534246575
27.0,2.0,9.0,0.1,0.075,0.2,1.0,794.0,20.0,14.0,0.34760705289672544
27.0,2.0,10.0,0.1,0.075,0.2,1.0,780.0,17.0,8.0,0.35
27.0,2.0,11.0,0.1,0.075,0.2,1.0,764.0,14.0,5.0,0.35471204188481675
27.0,2.0,12.0,0.1,0.075,0.2,1.0,759.0,12.0,5.0,0.3544137022397892
27.0,2.0,13.0,0.1,0.075,0.2,1.0,755.0,13.0,10.0,0.3536423841059603
27.0,2.0,14.0,0.1,0.075,0.2,1.0,754.0,11.0,8.0,0.35278514588859416
27.0,2.0,15.0,0.1,0.075,0.2,1.0,749.0,9.0,6.0,0.35246995994659547
27.0,2.0,16.0,0.1,0.075,0.2,1.0,743.0,4.0,2.0,0.3553162853297443
27.0,2.0,17.0,0.1,0.075,0.2,1.0,740.0,3.0,2.0,0.35405405405405405
27.0,2.0,18.0,0.1,0.075,0.2,1.0,740.0,3.0,3.0,0.35405405405405405
27.0,2.0,19.0,0.1,0.075,0.2,1.0,731.0,2.0,2.0,0.3543091655266758
27.0,2.0,20.0,0.1,0.075,0.2,1.0,1356.0,1.0,1.0,0.19100294985250738
27.0,2.0,21.0,0.1,0.075,0.2,1.0,1356.0,2.0,0.0,0.18952802359882007
27.0,2.0,22.0,0.1,0.075,0.2,1.0,1323.0,2.0,0.0,0.1927437641723356
27.0,2.0,23.0,0.1,0.075,0.2,1.0,1330.0,2.0,0.0,0.19172932330827067
27.0,2.0,24.0,0.1,0.075,0.2,1.0,1299.0,2.0,0.0,0.19168591224018475
27.0,2.0,25.0,0.1,0.075,0.2,1.0,1284.0,2.0,0.0,0.1923676012461059
27.0,2.0,26.0,0.1,0.075,0.2,1.0,1271.0,2.0,1.0,0.1911880409126672
27.0,2.0,27.0,0.1,0.075,0.2,1.0,1255.0,3.0,2.0,0.19123505976095617
27.0,2.0,28.0,0.1,0.075,0.2,1.0,1216.0,6.0,2.0,0.1924342105263158
27.0,2.0,29.0,0.1,0.075,0.2,1.0,1184.0,6.0,2.0,0.19172297297297297
27.0,2.0,30.0,0.1,0.075,0.2,1.0,1180.0,5.0,1.0,0.19322033898305085
27.0,2.0,31.0,0.1,0.075,0.2,1.0,1169.0,5.0,4.0,0.19161676646706588
27.0,2.0,32.0,0.1,0.075,0.2,1.0,1135.0,7.0,4.0,0.1920704845814978
27.0,2.0,33.0,0.1,0.075,0.2,1.0,1121.0,8.0,4.0,0.19090098126672614
27.0,2.0,34.0,0.1,0.075,0.2,1.0,1101.0,5.0,1.0,0.1916439600363306
27.0,2.0,35.0,0.1,0.075,0.2,1.0,1086.0,5.0,0.0,0.19152854511970535
27.0,2.0,36.0,0.1,0.075,0.2,1.0,1062.0,5.0,3.0,0.1967984934086629
27.0,2.0,37.0,0.1,0.075,0.2,1.0,1044.0,4.0,3.0,0.19348659003831417
27.0,2.0,38.0,0.1,0.075,0.2,1.0,1033.0,4.0,3.0,0.19748305905130686
27.0,2.0,39.0,0.1,0.075,0.2,1.0,1024.0,3.0,2.0,0.1962890625
27.0,2.0,40.0,0.1,0.075,0.2,1.0,987.0,2.0,1.0,0.19858156028368795
27.0,2.0,41.0,0.1,0.075,0.2,1.0,987.0,2.0,2.0,0.1945288753799392
27.0,2.0,42.0,0.1,0.075,0.2,1.0,975.0,4.0,1.0,0.19794871794871796
27.0,2.0,43.0,0.1,0.075,0.2,1.0,976.0,4.0,1.0,0.19364754098360656
27.0,2.0,44.0,0.1,0.075,0.2,1.0,951.0,3.0,1.0,0.19873817034700317
27.0,2.0,45.0,0.1,0.075,0.2,1.0,946.0,3.0,1.0,0.2526427061310782
27.0,2.0,46.0,0.1,0.075,0.2,1.0,948.0,3.0,1.0,0.25316455696202533
27.0,2.0,47.0,0.1,0.075,0.2,1.0,942.0,2.0,0.0,0.2505307855626327
27.0,2.0,48.0,0.1,0.075,0.2,1.0,930.0,2.0,1.0,0.24946236559139784
27.0,2.0,49.0,0.1,0.075,0.2,1.0,907.0,3.0,1.0,0.24696802646085997
27.0,2.0,50.0,0.1,0.075,0.2,1.0,901.0,3.0,2.0,0.24528301886792453
27.0,2.0,51.0,0.1,0.075,0.2,1.0,901.0,3.0,2.0,0.24528301886792453
27.0,2.0,52.0,0.1,0.075,0.2,1.0,889.0,4.0,2.0,0.24296962879640044
27.0,3.0,1.0,0.1,0.075,0.2,1.0,880.0,4.0,2.0,0.24204545454545454
27.0,3.0,2.0,0.1,0.075,0.2,1.0,871.0,4.0,1.0,0.24110218140068887
27.0,3.0,3.0,0.1,0.075,0.2,1.0,867.0,5.0,2.0,0.23990772779700115
27.0,3.0,4.0,0.1,0.075,0.2,1.0,852.0,5.0,1.0,0.24061032863849766
27.0,3.0,5.0,0.1,0.075,0.2,1.0,839.0,5.0,1.0,0.2359952324195471
27.0,3.0,6.0,0.1,0.075,0.2,1.0,835.0,4.0,2.0,0.23832335329341317
27.0,3.0,7.0,0.1,0.075,0.2,1.0,832.0,4.0,2.0,0.234375
27.0,3.0,8.0,0.1,0.075,0.2,1.0,823.0,4.0,3.0,0.23815309842041313
27.0,3.0,9.0,0.1,0.075,0.2,1.0,815.0,2.0,1.0,0.23558282208588957
27.0,3.0,10.0,0.1,0.075,0.2,1.0,810.0,3.0,1.0,0.2382716049382716
27.0,3.0,11.0,0.1,0.075,0.2,1.0,805.0,2.0,0.0,0.2360248447204969
27.0,3.0,12.0,0.1,0.075,0.2,1.0,800.0,2.0,0.0,0.24
27.0,3.0,13.0,0.1,0.075,0.2,1.0,794.0,2.0,2.0,0.2367758186397985
27.0,3.0,14.0,0.1,0.075,0.2,1.0,793.0,3.0,2.0,0.23581336696090793
27.0,3.0,15.0,0.1,0.075,0.2,1.0,793.0,4.0,2.0,0.23455233291298866
27.0,3.0,16.0,0.1,0.075,0.2,1.0,788.0,4.0,0.0,0.23477157360406092
27.0,3.0,17.0,0.1,0.075,0.2,1.0,786.0,4.0,1.0,0.23536895674300254
27.0,3.0,18.0,0.1,0.075,0.2,1.0,783.0,4.0,2.0,0.23754789272030652
27.0,3.0,19.0,0.1,0.075,0.2,1.0,776.0,6.0,3.0,0.23582474226804123
27.0,3.0,20.0,0.1,0.075,0.2,1.0,1482.0,7.0,3.0,0.1241565452091768
27.0,3.0,21.0,0.1,0.075,0.2,1.0,1454.0,9.0,2.0,0.12379642365887207
27.0,3.0,22.0,0.1,0.075,0.2,1.0,1392.0,11.0,1.0,0.12643678160919541
27.0,3.0,23.0,0.1,0.075,0.2,1.0,1391.0,11.0,5.0,0.12652767792954708
27.0,3.0,24.0,0.1,0.075,0.2,1.0,1374.0,17.0,6.0,0.12809315866084425
27.0,3.0,25.0,0.1,0.075,0.2,1.0,1352.0,15.0,8.0,0.128698224852071
27.0,3.0,26.0,0.1,0.075,0.2,1.0,1314.0,15.0,6.0,0.1324200913242009
27.0,3.0,27.0,0.1,0.075,0.2,1.0,1272.0,14.0,5.0,0.13128930817610063
27.0,3.0,28.0,0.1,0.075,0.2,1.0,1214.0,13.0,6.0,0.12932454695222406
27.0,3.0,29.0,0.1,0.075,0.2,1.0,1194.0,15.0,5.0,0.1306532663316583
27.0,3.0,30.0,0.1,0.075,0.2,1.0,1188.0,17.0,7.0,0.12794612794612795
27.0,3.0,31.0,0.1,0.075,0.2,1.0,1174.0,16.0,6.0,0.12691652470187392
27.0,3.0,32.0,0.1,0.075,0.2,1.0,1164.0,16.0,9.0,0.12972508591065293
27.0,3.0,33.0,0.1,0.075,0.2,1.0,1129.0,19.0,9.0,0.1275465013286094
27.0,3.0,34.0,0.1,0.075,0.2,1.0,1117.0,24.0,7.0,0.12981199641897942
27.0,3.0,35.0,0.1,0.075,0.2,1.0,1098.0,23.0,9.0,0.12932604735883424
27.0,3.0,36.0,0.1,0.075,0.2,1.0,1080.0,32.0,11.0,0.13148148148148148
27.0,3.0,37.0,0.1,0.075,0.2,1.0,1029.0,32.0,12.0,0.13411078717201166
27.0,3.0,38.0,0.1,0.075,0.2,1.0,1017.0,31.0,17.0,0.13667649950835792
27.0,3.0,39.0,0.1,0.075,0.2,1.0,1005.0,32.0,16.0,0.13532338308457711
27.0,3.0,40.0,0.1,0.075,0.2,1.0,1007.0,37.0,21.0,0.13803376365441908
27.0,3.0,41.0,0.1,0.075,0.2,1.0,961.0,35.0,15.0,0.1404786680541103
27.0,3.0,42.0,0.1,0.075,0.2,1.0,940.0,37.0,13.0,0.1425531914893617
27.0,3.0,43.0,0.1,0.075,0.2,1.0,923.0,33.0,19.0,0.14301191765980498
27.0,3.0,44.0,0.1,0.075,0.2,1.0,925.0,36.0,19.0,0.1437837837837838
27.0,3.0,45.0,0.1,0.075,0.2,1.0,912.0,44.0,19.0,0.21271929824561403
27.0,3.0,46.0,0.1,0.075,0.2,1.0,870.0,35.0,11.0,0.21724137931034482
27.0,3.0,47.0,0.1,0.075,0.2,1.0,845.0,35.0,18.0,0.22011834319526627
27.0,3.0,48.0,0.1,0.075,0.2,1.0,856.0,46.0,26.0,0.2161214953271028
27.0,3.0,49.0,0.1,0.075,0.2,1.0,830.0,50.0,26.0,0.21807228915662652
27.0,3.0,50.0,0.1,0.075,0.2,1.0,823.0,45.0,21.0,0.21992709599027946
27.0,3.0,51.0,0.1,0.075,0.2,1.0,803.0,40.0,16.0,0.2191780821917808
27.0,3.0,52.0,0.1,0.075,0.2,1.0,801.0,35.0,19.0,0.2222222222222222
27.0,4.0,1.0,0.1,0.075,0.2,1.0,788.0,32.0,20.0,0.22208121827411167
27.0,4.0,2.0,0.1,0.075,0.2,1.0,789.0,31.0,19.0,0.2217997465145754
27.0,4.0,3.0,0.1,0.075,0.2,1.0,770.0,27.0,16.0,0.22337662337662337
27.0,4.0,4.0,0.1,0.075,0.2,1.0,768.0,25.0,12.0,0.22265625
27.0,4.0,5.0,0.1,0.075,0.2,1.0,752.0,27.0,13.0,0.21941489361702127
27.0,4.0,6.0,0.1,0.075,0.2,1.0,754.0,27.0,13.0,0.22281167108753316
27.0,4.0,7.0,0.1,0.075,0.2,1.0,739.0,31.0,17.0,0.2232746955345061
27.0,4.0,8.0,0.1,0.075,0.2,1.0,740.0,31.0,18.0,0.22297297297297297
27.0,4.0,9.0,0.1,0.075,0.2,1.0,727.0,26.0,15.0,0.22420907840440166
27.0,4.0,10.0,0.1,0.075,0.2,1.0,722.0,21.0,14.0,0.22437673130193905
27.0,4.0,11.0,0.1,0.075,0.2,1.0,706.0,18.0,10.0,0.2237960339943343
27.0,4.0,12.0,0.1,0.075,0.2,1.0,704.0,18.0,9.0,0.22443181818181818
27.0,4.0,13.0,0.1,0.075,0.2,1.0,694.0,14.0,7.0,0.22622478386167147
27.0,4.0,14.0,0.1,0.075,0.2,1.0,696.0,14.0,7.0,0.22701149425287356
27.0,4.0,15.0,0.1,0.075,0.2,1.0,687.0,13.0,6.0,0.22707423580786026
27.0,4.0,16.0,0.1,0.075,0.2,1.0,684.0,12.0,4.0,0.22807017543859648
27.0,4.0,17.0,0.1,0.075,0.2,1.0,679.0,12.0,7.0,0.22827687776141384
27.0,4.0,18.0,0.1,0.075,0.2,1.0,679.0,13.0,9.0,0.22827687776141384
27.0,4.0,19.0,0.1,0.075,0.2,1.0,670.0,15.0,9.0,0.22835820895522388
27.0,4.0,20.0,0.1,0.075,0.2,1.0,1245.0,13.0,8.0,0.12369477911646587
27.0,4.0,21.0,0.1,0.075,0.2,1.0,1186.0,11.0,6.0,0.12478920741989882
27.0,4.0,22.0,0.1,0.075,0.2,1.0,1181.0,15.0,6.0,0.12362404741744284
27.0,4.0,23.0,0.1,0.075,0.2,1.0,1155.0,17.0,5.0,0.12467532467532468
27.0,4.0,24.0,0.1,0.075,0.2,1.0,1141.0,17.0,5.0,0.12445223488168274
27.0,4.0,25.0,0.1,0.075,0.2,1.0,1139.0,19.0,7.0,0.12467076382791922
27.0,4.0,26.0,0.1,0.075,0.2,1.0,1122.0,20.0,8.0,0.12566844919786097
27.0,4.0,27.0,0.1,0.075,0.2,1.0,1109.0,23.0,11.0,0.12623985572587917
27.0,4.0,28.0,0.1,0.075,0.2,1.0,1081.0,23.0,10.0,0.1267345050878816
27.0,4.0,29.0,0.1,0.075,0.2,1.0,1059.0,24.0,10.0,0.12842304060434373
27.0,4.0,30.0,0.1,0.075,0.2,1.0,1033.0,25.0,9.0,0.12778315585672798
27.0,4.0,31.0,0.1,0.075,0.2,1.0,1020.0,29.0,9.0,0.12941176470588237
27.0,4.0,32.0,0.1,0.075,0.2,1.0,1014.0,27.0,12.0,0.1282051282051282
27.0,4.0,33.0,0.1,0.075,0.2,1.0,967.0,24.0,9.0,0.13236814891416754
27.0,4.0,34.0,0.1,0.075,0.2,1.0,931.0,22.0,8.0,0.12996777658431793
27.0,4.0,35.0,0.1,0.075,0.2,1.0,911.0,20.0,10.0,0.13391877058177826
27.0,4.0,36.0,0.1,0.075,0.2,1.0,898.0,30.0,13.0,0.13140311804008908
27.0,4.0,37.0,0.1,0.075,0.2,1.0,900.0,36.0,14.0,0.13555555555555557
27.0,4.0,38.0,0.1,0.075,0.2,1.0,874.0,33.0,9.0,0.13501144164759726
27.0,4.0,39.0,0.1,0.075,0.2,1.0,865.0,33.0,12.0,0.13872832369942195
27.0,4.0,40.0,0.1,0.075,0.2,1.0,838.0,40.0,10.0,0.1360381861575179
27.0,4.0,41.0,0.1,0.075,0.2,1.0,837.0,45.0,17.0,0.13978494623655913
27.0,4.0,42.0,0.1,0.075,0.2,1.0,807.0,51.0,20.0,0.1412639405204461
27.0,4.0,43.0,0.1,0.075,0.2,1.0,795.0,46.0,19.0,0.14339622641509434
27.0,4.0,44.0,0.1,0.075,0.2,1.0,759.0,42.0,23.0,0.14492753623188406
27.0,4.0,45.0,0.1,0.075,0.2,1.0,756.0,41.0,18.0,0.21031746031746032
27.0,4.0,46.0,0.1,0.075,0.2,1.0,731.0,45.0,22.0,0.2106703146374829
27.0,4.0,47.0,0.1,0.075,0.2,1.0,708.0,39.0,21.0,0.21468926553672316
27.0,4.0,48.0,0.1,0.075,0.2,1.0,689.0,39.0,23.0,0.216255442670537
27.0,4.0,49.0,0.1,0.075,0.2,1.0,684.0,31.0,20.0,0.2149122807017544
27.0,4.0,50.0,0.1,0.075,0.2,1.0,668.0,25.0,17.0,0.218562874251497
27.0,4.0,51.0,0.1,0.075,0.2,1.0,659.0,20.0,12.0,0.22154779969650987
27.0,4.0,52.0,0.1,0.075,0.2,1.0,646.0,15.0,8.0,0.22445820433436534
27.0,5.0,1.0,0.1,0.075,0.2,1.0,645.0,13.0,5.0,0.22325581395348837
27.0,5.0,2.0,0.1,0.075,0.2,1.0,625.0,11.0,4.0,0.2224
27.0,5.0,3.0,0.1,0.075,0.2,1.0,624.0,9.0,5.0,0.21955128205128205
27.0,5.0,4.0,0.1,0.075,0.2,1.0,619.0,11.0,7.0,0.22132471728594508
27.0,5.0,5.0,0.1,0.075,0.2,1.0,619.0,10.0,9.0,0.21809369951534732
27.0,5.0,6.0,0.1,0.075,0.2,1.0,613.0,10.0,6.0,0.22022838499184338
27.0,5.0,7.0,0.1,0.075,0.2,1.0,613.0,10.0,3.0,0.22022838499184338
27.0,5.0,8.0,0.1,0.075,0.2,1.0,604.0,9.0,2.0,0.22350993377483444
27.0,5.0,9.0,0.1,0.075,0.2,1.0,607.0,9.0,4.0,0.22240527182866557
27.0,5.0,10.0,0.1,0.075,0.2,1.0,600.0,11.0,6.0,0.225
27.0,5.0,11.0,0.1,0.075,0.2,1.0,600.0,9.0,6.0,0.22333333333333333
27.0,5.0,12.0,0.1,0.075,0.2,1.0,594.0,9.0,5.0,0.2255892255892256
27.0,5.0,13.0,0.1,0.075,0.2,1.0,591.0,8.0,4.0,0.22673434856175972
27.0,5.0,14.0,0.1,0.075,0.2,1.0,586.0,7.0,2.0,0.22866894197952217
27.0,5.0,15.0,0.1,0.075,0.2,1.0,587.0,9.0,1.0,0.22657580919931858
27.0,5.0,16.0,0.1,0.075,0.2,1.0,584.0,9.0,4.0,0.22773972602739725
27.0,5.0,17.0,0.1,0.075,0.2,1.0,574.0,10.0,7.0,0.2264808362369338
27.0,5.0,18.0,0.1,0.075,0.2,1.0,568.0,11.0,9.0,0.22535211267605634
27.0,5.0,19.0,0.1,0.075,0.2,1.0,570.0,9.0,6.0,0.22631578947368422
27.0,5.0,20.0,0.1,0.075,0.2,1.0,1068.0,8.0,3.0,0.1198501872659176
27.0,5.0,21.0,0.1,0.075,0.2,1.0,1014.0,8.0,2.0,0.1203155818540434
27.0,5.0,22.0,0.1,0.075,0.2,1.0,974.0,5.0,4.0,0.12114989733059549
27.0,5.0,23.0,0.1,0.075,0.2,1.0,977.0,6.0,4.0,0.1187308085977482
27.0,5.0,24.0,0.1,0.075,0.2,1.0,936.0,6.0,3.0,0.12286324786324786
27.0,5.0,25.0,0.1,0.075,0.2,1.0,932.0,3.0,2.0,0.12017167381974249
27.0,5.0,26.0,0.1,0.075,0.2,1.0,925.0,5.0,2.0,0.12
27.0,5.0,27.0,0.1,0.075,0.2,1.0,909.0,8.0,2.0,0.11991199119911991
27.0,5.0,28.0,0.1,0.075,0.2,1.0,901.0,7.0,0.0,0.1220865704772475
27.0,5.0,29.0,0.1,0.075,0.2,1.0,899.0,7.0,3.0,0.12124582869855395
27.0,5.0,30.0,0.1,0.075,0.2,1.0,894.0,9.0,4.0,0.12192393736017897
27.0,5.0,31.0,0.1,0.075,0.2,1.0,884.0,15.0,5.0,0.12330316742081449
27.0,5.0,32.0,0.1,0.075,0.2,1.0,863.0,18.0,5.0,0.12398609501738123
27.0,5.0,33.0,0.1,0.075,0.2,1.0,862.0,19.0,6.0,0.12412993039443156
27.0,5.0,34.0,0.1,0.075,0.2,1.0,853.0,24.0,7.0,0.123094958968347
27.0,5.0,35.0,0.1,0.075,0.2,1.0,856.0,27.0,7.0,0.12383177570093458
27.0,5.0,36.0,0.1,0.075,0.2,1.0,832.0,34.0,12.0,0.125
27.0,5.0,37.0,0.1,0.075,0.2,1.0,809.0,33.0,14.0,0.1260815822002472
27.0,5.0,38.0,0.1,0.075,0.2,1.0,792.0,38.0,16.0,0.12626262626262627
27.0,5.0,39.0,0.1,0.075,0.2,1.0,784.0,42.0,17.0,0.12627551020408162
27.0,5.0,40.0,0.1,0.075,0.2,1.0,773.0,43.0,17.0,0.12677878395860284
27.0,5.0,41.0,0.1,0.075,0.2,1.0,762.0,48.0,22.0,0.12992125984251968
27.0,5.0,42.0,0.1,0.075,0.2,1.0,730.0,53.0,24.0,0.13424657534246576
27.0,5.0,43.0,0.1,0.075,0.2,1.0,719.0,57.0,24.0,0.13630041724617525
27.0,5.0,44.0,0.1,0.075,0.2,1.0,696.0,51.0,26.0,0.13936781609195403
27.0,5.0,45.0,0.1,0.075,0.2,1.0,680.0,41.0,22.0,0.21470588235294116
27.0,5.0,46.0,0.1,0.075,0.2,1.0,657.0,36.0,21.0,0.2191780821917808
27.0,5.0,47.0,0.1,0.075,0.2,1.0,657.0,29.0,17.0,0.2176560121765601
27.0,5.0,48.0,0.1,0.075,0.2,1.0,619.0,24.0,13.0,0.22294022617124395
27.0,5.0,49.0,0.1,0.075,0.2,1.0,619.0,22.0,11.0,0.22132471728594508
27.0,5.0,50.0,0.1,0.075,0.2,1.0,603.0,19.0,9.0,0.22388059701492538
27.0,5.0,51.0,0.1,0.075,0.2,1.0,601.0,16.0,8.0,0.22296173044925124
27.0,5.0,52.0,0.1,0.075,0.2,1.0,584.0,15.0,9.0,0.22773972602739725
27.0,6.0,1.0,0.1,0.075,0.2,1.0,585.0,16.0,9.0,0.22735042735042735
27.0,6.0,2.0,0.1,0.075,0.2,1.0,577.0,15.0,10.0,0.23050259965337955
27.0,6.0,3.0,0.1,0.075,0.2,1.0,577.0,13.0,7.0,0.23050259965337955
27.0,6.0,4.0,0.1,0.075,0.2,1.0,567.0,11.0,5.0,0.2310405643738977
27.0,6.0,5.0,0.1,0.075,0.2,1.0,554.0,6.0,4.0,0.23104693140794225
27.0,6.0,6.0,0.1,0.075,0.2,1.0,551.0,5.0,4.0,0.2323049001814882
27.0,6.0,7.0,0.1,0.075,0.2,1.0,551.0,4.0,4.0,0.2323049001814882
27.0,6.0,8.0,0.1,0.075,0.2,1.0,544.0,2.0,2.0,0.23529411764705882
27.0,6.0,9.0,0.1,0.075,0.2,1.0,544.0,1.0,1.0,0.23345588235294118
27.0,6.0,10.0,0.1,0.075,0.2,1.0,526.0,0.0,0.0,0.23574144486692014
27.0,6.0,11.0,0.1,0.075,0.2,1.0,529.0,0.0,0.0,0.23629489603024575
27.0,6.0,12.0,0.1,0.075,0.2,1.0,524.0,0.0,0.0,0.23473282442748092
27.0,6.0,13.0,0.1,0.075,0.2,1.0,523.0,0.0,0.0,0.2332695984703633
27.0,6.0,14.0,0.1,0.075,0.2,1.0,522.0,0.0,0.0,0.23371647509578544
27.0,6.0,15.0,0.1,0.075,0.2,1.0,523.0,0.0,0.0,0.2332695984703633
27.0,6.0,16.0,0.1,0.075,0.2,1.0,519.0,0.0,0.0,0.23314065510597304
27.0,6.0,17.0,0.1,0.075,0.2,1.0,522.0,0.0,0.0,0.23180076628352492
27.0,6.0,18.0,0.1,0.075,0.2,1.0,517.0,0.0,0.0,0.23210831721470018
27.0,6.0,19.0,0.1,0.075,0.2,1.0,520.0,0.0,0.0,0.2326923076923077
27.0,6.0,20.0,0.1,0.075,0.2,1.0,957.0,0.0,0.0,0.12539184952978055
27.0,6.0,21.0,0.1,0.075,0.2,1.0,921.0,0.0,0.0,0.1237785016286645
27.0,6.0,22.0,0.1,0.075,0.2,1.0,859.0,0.0,0.0,0.12922002328288706
27.0,6.0,23.0,0.1,0.075,0.2,1.0,848.0,0.0,0.0,0.12853773584905662
27.0,6.0,24.0,0.1,0.075,0.2,1.0,822.0,0.0,0.0,0.13260340632603407
27.0,6.0,25.0,0.1,0.075,0.2,1.0,811.0,0.0,0.0,0.13316892725030827
27.0,6.0,26.0,0.1,0.075,0.2,1.0,796.0,0.0,0.0,0.13190954773869346
27.0,6.0,27.0,0.1,0.075,0.2,1.0,788.0,0.0,0.0,0.13451776649746192
27.0,6.0,28.0,0.1,0.075,0.2,1.0,756.0,0.0,0.0,0.13624338624338625
27.0,6.0,29.0,0.1,0.075,0.2,1.0,740.0,0.0,0.0,0.13783783783783785
27.0,6.0,30.0,0.1,0.075,0.2,1.0,727.0,0.0,0.0,0.14030261348005502
27.0,6.0,31.0,0.1,0.075,0.2,1.0,713.0,0.0,0.0,0.1402524544179523
27.0,6.0,32.0,0.1,0.075,0.2,1.0,704.0,0.0,0.0,0.1434659090909091
27.0,6.0,33.0,0.1,0.075,0.2,1.0,689.0,0.0,0.0,0.14368650217706821
27.0,6.0,34.0,0.1,0.075,0.2,1.0,679.0,0.0,0.0,0.14432989690721648
27.0,6.0,35.0,0.1,0.075,0.2,1.0,664.0,0.0,0.0,0.14457831325301204
27.0,6.0,36.0,0.1,0.075,0.2,1.0,664.0,0.0,0.0,0.14457831325301204
27.0,6.0,37.0,0.1,0.075,0.2,1.0,663.0,0.0,0.0,0.14479638009049775
27.0,6.0,38.0,0.1,0.075,0.2,1.0,657.0,0.0,0.0,0.1445966514459665
27.0,6.0,39.0,0.1,0.075,0.2,1.0,648.0,0.0,0.0,0.1419753086419753
27.0,6.0,40.0,0.1,0.075,0.2,1.0,653.0,0.0,0.0,0.14241960183767227
27.0,6.0,41.0,0.1,0.075,0.2,1.0,644.0,0.0,0.0,0.14285714285714285
27.0,6.0,42.0,0.1,0.075,0.2,1.0,644.0,0.0,0.0,0.14440993788819875
27.0,6.0,43.0,0.1,0.075,0.2,1.0,633.0,0.0,0.0,0.14375987361769352
27.0,6.0,44.0,0.1,0.075,0.2,1.0,633.0,0.0,0.0,0.14533965244865718
27.0,6.0,45.0,0.1,0.075,0.2,1.0,627.0,0.0,0.0,0.20095693779904306
27.0,6.0,46.0,0.1,0.075,0.2,1.0,630.0,0.0,0.0,0.20317460317460317
27.0,6.0,47.0,0.1,0.075,0.2,1.0,623.0,0.0,0.0,0.19903691813804172
27.0,6.0,48.0,0.1,0.075,0.2,1.0,629.0,0.0,0.0,0.20031796502384738
27.0,6.0,49.0,0.1,0.075,0.2,1.0,617.0,0.0,0.0,0.19773095623987033
27.0,6.0,50.0,0.1,0.075,0.2,1.0,621.0,0.0,0.0,0.1996779388083736
27.0,6.0,51.0,0.1,0.075,0.2,1.0,596.0,0.0,0.0,0.19630872483221476
27.0,6.0,52.0,0.1,0.075,0.2,1.0,597.0,0.0,0.0,0.19932998324958123
27.0,7.0,1.0,0.1,0.075,0.2,1.0,593.0,0.0,0.0,0.1973018549747049
27.0,7.0,2.0,0.1,0.075,0.2,1.0,597.0,0.0,0.0,0.19932998324958123
27.0,7.0,3.0,0.1,0.075,0.2,1.0,592.0,0.0,0.0,0.19594594594594594
27.0,7.0,4.0,0.1,0.075,0.2,1.0,594.0,0.0,0.0,0.19696969696969696
27.0,7.0,5.0,0.1,0.075,0.2,1.0,591.0,0.0,0.0,0.19458544839255498
27.0,7.0,6.0,0.1,0.075,0.2,1.0,594.0,0.0,0.0,0.19696969696969696
27.0,7.0,7.0,0.1,0.075,0.2,1.0,568.0,0.0,0.0,0.1936619718309859
27.0,7.0,8.0,0.1,0.075,0.2,1.0,569.0,0.0,0.0,0.19332161687170474
27.0,7.0,9.0,0.1,0.075,0.2,1.0,563.0,0.0,0.0,0.19182948490230906
27.0,7.0,10.0,0.1,0.075,0.2,1.0,567.0,0.0,0.0,0.19576719576719576
27.0,7.0,11.0,0.1,0.075,0.2,1.0,560.0,0.0,0.0,0.19285714285714287
27.0,7.0,12.0,0.1,0.075,0.2,1.0,565.0,0.0,0.0,0.19469026548672566
27.0,7.0,13.0,0.1,0.075,0.2,1.0,559.0,0.0,0.0,0.19320214669051877
27.0,7.0,14.0,0.1,0.075,0.2,1.0,563.0,0.0,0.0,0.19538188277087035
27.0,7.0,15.0,0.1,0.075,0.2,1.0,559.0,0.0,0.0,0.19320214669051877
27.0,7.0,16.0,0.1,0.075,0.2,1.0,563.0,0.0,0.0,0.19538188277087035
27.0,7.0,17.0,0.1,0.075,0.2,1.0,559.0,0.0,0.0,0.19141323792486584
27.0,7.0,18.0,0.1,0.075,0.2,1.0,549.0,0.0,0.0,0.19489981785063754
27.0,7.0,19.0,0.1,0.075,0.2,1.0,544.0,0.0,0.0,0.18933823529411764
27.0,7.0,20.0,0.1,0.075,0.2,1.0,998.0,0.0,0.0,0.10521042084168336
27.0,7.0,21.0,0.1,0.075,0.2,1.0,995.0,0.0,0.0,0.1035175879396985
27.0,7.0,22.0,0.1,0.075,0.2,1.0,974.0,0.0,0.0,0.10472279260780287
27.0,7.0,23.0,0.1,0.075,0.2,1.0,952.0,0.0,0.0,0.10609243697478991
27.0,7.0,24.0,0.1,0.075,0.2,1.0,913.0,0.0,0.0,0.10514786418400876
27.0,7.0,25.0,0.1,0.075,0.2,1.0,893.0,0.0,0.0,0.1019036954087346
27.0,7.0,26.0,0.1,0.075,0.2,1.0,854.0,0.0,0.0,0.10655737704918032
27.0,7.0,27.0,0.1,0.075,0.2,1.0,845.0,0.0,0.0,0.10650887573964497
27.0,7.0,28.0,0.1,0.075,0.2,1.0,811.0,0.0,0.0,0.10850801479654747
27.0,7.0,29.0,0.1,0.075,0.2,1.0,819.0,0.0,0.0,0.10622710622710622
27.0,7.0,30.0,0.1,0.075,0.2,1.0,815.0,0.0,0.0,0.1067484662576687
27.0,7.0,31.0,0.1,0.075,0.2,1.0,781.0,0.0,0.0,0.11011523687580026
27.0,7.0,32.0,0.1,0.075,0.2,1.0,769.0,0.0,0.0,0.11313394018205461
27.0,7.0,33.0,0.1,0.075,0.2,1.0,767.0,0.0,0.0,0.11082138200782268
27.0,7.0,34.0,0.1,0.075,0.2,1.0,756.0,0.0,0.0,0.11375661375661375
27.0,7.0,35.0,0.1,0.075,0.2,1.0,748.0,0.0,0.0,0.11229946524064172
27.0,7.0,36.0,0.1,0.075,0.2,1.0,756.0,0.0,0.0,0.11375661375661375
27.0,7.0,37.0,0.1,0.075,0.2,1.0,753.0,0.0,0.0,0.11288180610889774
27.0,7.0,38.0,0.1,0.075,0.2,1.0,744.0,0.0,0.0,0.11424731182795698
27.0,7.0,39.0,0.1,0.075,0.2,1.0,728.0,0.0,0.0,0.11263736263736264
27.0,7.0,40.0,0.1,0.075,0.2,1.0,726.0,0.0,0.0,0.11432506887052342
27.0,7.0,41.0,0.1,0.075,0.2,1.0,728.0,0.0,0.0,0.11263736263736264
27.0,7.0,42.0,0.1,0.075,0.2,1.0,713.0,0.0,0.0,0.11360448807854137
27.0,7.0,43.0,0.1,0.075,0.2,1.0,716.0,0.0,0.0,0.11452513966480447
27.0,7.0,44.0,0.1,0.075,0.2,1.0,706.0,0.0,0.0,0.11614730878186968
27.0,7.0,45.0,0.1,0.075,0.2,1.0,704.0,0.0,0.0,0.16761363636363635
27.0,7.0,46.0,0.1,0.075,0.2,1.0,687.0,0.0,0.0,0.16739446870451238
27.0,7.0,47.0,0.1,0.075,0.2,1.0,690.0,0.0,0.0,0.16666666666666666
27.0,7.0,48.0,0.1,0.075,0.2,1.0,668.0,0.0,0.0,0.16766467065868262
27.0,7.0,49.0,0.1,0.075,0.2,1.0,665.0,0.0,0.0,0.16691729323308271
27.0,7.0,50.0,0.1,0.075,0.2,1.0,669.0,0.0,0.0,0.16890881913303438
27.0,7.0,51.0,0.1,0.075,0.2,1.0,660.0,0.0,0.0,0.16818181818181818
27.0,7.0,52.0,0.1,0.075,0.2,1.0,653.0,0.0,0.0,0.17304747320061256
27.0,8.0,1.0,0.1,0.075,0.2,1.0,651.0,0.0,0.0,0.17050691244239632
27.0,8.0,2.0,0.1,0.075,0.2,1.0,653.0,0.0,0.0,0.17304747320061256
27.0,8.0,3.0,0.1,0.075,0.2,1.0,637.0,0.0,0.0,0.16797488226059654
27.0,8.0,4.0,0.1,0.075,0.2,1.0,625.0,0.0,0.0,0.1728
27.0,8.0,5.0,0.1,0.075,0.2,1.0,622.0,0.0,0.0,0.17041800643086816
27.0,8.0,6.0,0.1,0.075,0.2,1.0,612.0,0.0,0.0,0.17320261437908496
27.0,8.0,7.0,0.1,0.075,0.2,1.0,610.0,0.0,0.0,0.1721311475409836
27.0,8.0,8.0,0.1,0.075,0.2,1.0,608.0,0.0,0.0,0.17598684210526316
27.0,8.0,9.0,0.1,0.075,0.2,1.0,606.0,0.0,0.0,0.17326732673267325
27.0,8.0,10.0,0.1,0.075,0.2,1.0,604.0,0.0,0.0,0.17549668874172186
27.0,8.0,11.0,0.1,0.075,0.2,1.0,590.0,0.0,0.0,0.1711864406779661
27.0,8.0,12.0,0.1,0.075,0.2,1.0,591.0,0.0,0.0,0.17428087986463622
27.0,8.0,13.0,0.1,0.075,0.2,1.0,590.0,0.0,0.0,0.1711864406779661
27.0,8.0,14.0,0.1,0.075,0.2,1.0,588.0,0.0,0.0,0.17517006802721088
27.0,8.0,15.0,0.1,0.075,0.2,1.0,589.0,0.0,0.0,0.17147707979626486
27.0,8.0,16.0,0.1,0.075,0.2,1.0,588.0,0.0,0.0,0.17517006802721088
27.0,8.0,17.0,0.1,0.075,0.2,1.0,588.0,0.0,0.0,0.1717687074829932
27.0,8.0,18.0,0.1,0.075,0.2,1.0,587.0,0.0,0.0,0.1737649063032368
27.0,8.0,19.0,0.1,0.075,0.2,1.0,586.0,0.0,0.0,0.17235494880546076
27.0,8.0,20.0,0.1,0.075,0.2,1.0,1091.0,0.0,0.0,0.09440879926672777
27.0,8.0,21.0,0.1,0.075,0.2,1.0,1062.0,0.0,0.0,0.09322033898305085
27.0,8.0,22.0,0.1,0.075,0.2,1.0,1040.0,0.0,0.0,0.09615384615384616
27.0,8.0,23.0,0.1,0.075,0.2,1.0,1020.0,0.0,0.0,0.09607843137254903
27.0,8.0,24.0,0.1,0.075,0.2,1.0,1001.0,0.0,0.0,0.0979020979020979
27.0,8.0,25.0,0.1,0.075,0.2,1.0,973.0,0.0,0.0,0.09660842754367935
27.0,8.0,26.0,0.1,0.075,0.2,1.0,947.0,0.0,0.0,0.09714889123548047
27.0,8.0,27.0,0.1,0.075,0.2,1.0,911.0,0.0,0.0,0.09659714599341383
27.0,8.0,28.0,0.1,0.075,0.2,1.0,863.0,0.0,0.0,0.10312862108922363
27.0,8.0,29.0,0.1,0.075,0.2,1.0,841.0,0.0,0.0,0.10344827586206896
27.0,8.0,30.0,0.1,0.075,0.2,1.0,813.0,0.0,0.0,0.1057810578105781
27.0,8.0,31.0,0.1,0.075,0.2,1.0,793.0,0.0,0.0,0.10466582597730138
27.0,8.0,32.0,0.1,0.075,0.2,1.0,799.0,0.0,0.0,0.10763454317897372
27.0,8.0,33.0,0.1,0.075,0.2,1.0,796.0,0.0,0.0,0.10552763819095477
27.0,8.0,34.0,0.1,0.075,0.2,1.0,787.0,0.0,0.0,0.10800508259212198
27.0,8.0,35.0,0.1,0.075,0.2,1.0,779.0,0.0,0.0,0.10783055198973042
27.0,8.0,36.0,0.1,0.075,0.2,1.0,786.0,0.0,0.0,0.10814249363867684
27.0,8.0,37.0,0.1,0.075,0.2,1.0,775.0,0.0,0.0,0.10709677419354839
27.0,8.0,38.0,0.1,0.075,0.2,1.0,761.0,0.0,0.0,0.11038107752956636
27.0,8.0,39.0,0.1,0.075,0.2,1.0,751.0,0.0,0.0,0.10918774966711052
27.0,8.0,40.0,0.1,0.075,0.2,1.0,747.0,0.0,0.0,0.11244979919678715
27.0,8.0,41.0,0.1,0.075,0.2,1.0,745.0,0.0,0.0,0.11140939597315436
27.0,8.0,42.0,0.1,0.075,0.2,1.0,739.0,0.0,0.0,0.11366711772665765
27.0,8.0,43.0,0.1,0.075,0.2,1.0,745.0,0.0,0.0,0.11140939597315436
27.0,8.0,44.0,0.1,0.075,0.2,1.0,734.0,0.0,0.0,0.11444141689373297
27.0,8.0,45.0,0.1,0.075,0.2,1.0,719.0,0.0,0.0,0.19749652294853964
27.0,8.0,46.0,0.1,0.075,0.2,1.0,715.0,0.0,0.0,0.2
27.0,8.0,47.0,0.1,0.075,0.2,1.0,719.0,0.0,0.0,0.19749652294853964
27.0,8.0,48.0,0.1,0.075,0.2,1.0,721.0,0.0,0.0,0.19833564493758668
27.0,8.0,49.0,0.1,0.075,0.2,1.0,719.0,0.0,0.0,0.19749652294853964
27.0,8.0,50.0,0.1,0.075,0.2,1.0,719.0,0.0,0.0,0.19888734353268428
27.0,8.0,51.0,0.1,0.075,0.2,1.0,720.0,0.0,0.0,0.19722222222222222
27.0,8.0,52.0,0.1,0.075,0.2,1.0,720.0,0.0,0.0,0.1986111111111111
27.0,9.0,1.0,0.1,0.075,0.2,1.0,717.0,0.0,0.0,0.19665271966527198
27.0,9.0,2.0,0.1,0.075,0.2,1.0,720.0,0.0,0.0,0.2
27.0,9.0,3.0,0.1,0.075,0.2,1.0,717.0,0.0,0.0,0.19525801952580196
27.0,9.0,4.0,0.1,0.075,0.2,1.0,699.0,0.0,0.0,0.1988555078683834
27.0,9.0,5.0,0.1,0.075,0.2,1.0,685.0,0.0,0.0,0.19416058394160585
27.0,9.0,6.0,0.1,0.075,0.2,1.0,686.0,0.0,0.0,0.1967930029154519
27.0,9.0,7.0,0.1,0.075,0.2,1.0,686.0,0.0,0.0,0.19533527696793002
27.0,9.0,8.0,0.1,0.075,0.2,1.0,673.0,0.0,0.0,0.1961367013372957
27.0,9.0,9.0,0.1,0.075,0.2,1.0,670.0,0.0,0.0,0.19552238805970149
27.0,9.0,10.0,0.1,0.075,0.2,1.0,664.0,0.0,0.0,0.19728915662650603
27.0,9.0,11.0,0.1,0.075,0.2,1.0,663.0,0.0,0.0,0.19607843137254902
27.0,9.0,12.0,0.1,0.075,0.2,1.0,663.0,0.0,0.0,0.1975867269984917
27.0,9.0,13.0,0.1,0.075,0.2,1.0,659.0,0.0,0.0,0.19423368740515934
27.0,9.0,14.0,0.1,0.075,0.2,1.0,659.0,0.0,0.0,0.19878603945371776
27.0,9.0,15.0,0.1,0.075,0.2,1.0,659.0,0.0,0.0,0.19726858877086495
27.0,9.0,16.0,0.1,0.075,0.2,1.0,658.0,0.0,0.0,0.19756838905775076
27.0,9.0,17.0,0.1,0.075,0.2,1.0,659.0,0.0,0.0,0.19726858877086495
27.0,9.0,18.0,0.1,0.075,0.2,1.0,659.0,0.0,0.0,0.20030349013657056
27.0,9.0,19.0,0.1,0.075,0.2,1.0,647.0,0.0,0.0,0.19629057187017002
27.0,9.0,20.0,0.1,0.075,0.2,1.0,1172.0,0.0,0.0,0.09897610921501707
27.0,9.0,21.0,0.1,0.075,0.2,1.0,1126.0,0.0,0.0,0.10124333925399645
27.0,9.0,22.0,0.1,0.075,0.2,1.0,1092.0,0.0,0.0,0.1043956043956044
27.0,9.0,23.0,0.1,0.075,0.2,1.0,1051.0,0.0,0.0,0.1027592768791627
27.0,9.0,24.0,0.1,0.075,0.2,1.0,1039.0,0.0,0.0,0.10587102983638114
27.0,9.0,25.0,0.1,0.075,0.2,1.0,996.0,0.0,0.0,0.10441767068273092
27.0,9.0,26.0,0.1,0.075,0.2,1.0,961.0,0.0,0.0,0.10926118626430802
27.0,9.0,27.0,0.1,0.075,0.2,1.0,955.0,0.0,0.0,0.1068062827225131
27.0,9.0,28.0,0.1,0.075,0.2,1.0,946.0,0.0,0.0,0.10993657505285412
27.0,9.0,29.0,0.1,0.075,0.2,1.0,866.0,0.0,0.0,0.11200923787528869
27.0,9.0,30.0,0.1,0.075,0.2,1.0,868.0,0.0,0.0,0.11405529953917051
27.0,9.0,31.0,0.1,0.075,0.2,1.0,862.0,0.0,0.0,0.11136890951276102
27.0,9.0,32.0,0.1,0.075,0.2,1.0,844.0,0.0,0.0,0.11611374407582939
27.0,9.0,33.0,0.1,0.075,0.2,1.0,838.0,0.0,0.0,0.11455847255369929
27.0,9.0,34.0,0.1,0.075,0.2,1.0,824.0,0.0,0.0,0.11893203883495146
27.0,9.0,35.0,0.1,0.075,0.2,1.0,801.0,0.0,0.0,0.11610486891385768
27.0,9.0,36.0,0.1,0.075,0.2,1.0,795.0,0.0,0.0,0.11949685534591195
27.0,9.0,37.0,0.1,0.075,0.2,1.0,789.0,0.0,0.0,0.11660329531051965
27.0,9.0,38.0,0.1,0.075,0.2,1.0,773.0,0.0,0.0,0.1203104786545925
27.0,9.0,39.0,0.1,0.075,0.2,1.0,772.0,0.0,0.0,0.11787564766839378
27.0,9.0,40.0,0.1,0.075,0.2,1.0,773.0,0.0,0.0,0.1203104786545925
27.0,9.0,41.0,0.1,0.075,0.2,1.0,756.0,0.0,0.0,0.12037037037037036
27.0,9.0,42.0,0.1,0.075,0.2,1.0,754.0,0.0,0.0,0.1220159151193634
27.0,9.0,43.0,0.1,0.075,0.2,1.0,745.0,0.0,0.0,0.12080536912751678
27.0,9.0,44.0,0.1,0.075,0.2,1.0,731.0,0.0,0.0,0.12448700410396717
27.0,9.0,45.0,0.1,0.075,0.2,1.0,716.0,0.0,0.0,0.16620111731843576
27.0,9.0,46.0,0.1,0.075,0.2,1.0,720.0,0.0,0.0,0.16666666666666666
27.0,9.0,47.0,0.1,0.075,0.2,1.0,704.0,0.0,0.0,0.16477272727272727
27.0,9.0,48.0,0.1,0.075,0.2,1.0,704.0,0.0,0.0,0.16477272727272727
27.0,9.0,49.0,0.1,0.075,0.2,1.0,704.0,0.0,0.0,0.16477272727272727
27.0,9.0,50.0,0.1,0.075,0.2,1.0,705.0,0.0,0.0,0.16595744680851063
27.0,9.0,51.0,0.1,0.075,0.2,1.0,691.0,0.0,0.0,0.16642547033285093
27.0,9.0,52.0,0.1,0.075,0.2,1.0,694.0,0.0,0.0,0.1685878962536023
27.0,10.0,1.0,0.1,0.075,0.2,1.0,689.0,0.0,0.0,0.1683599419448476
27.0,10.0,2.0,0.1,0.075,0.2,1.0,693.0,0.0,0.0,0.16883116883116883
27.0,10.0,3.0,0.1,0.075,0.2,1.0,689.0,0.0,0.0,0.1683599419448476
27.0,10.0,4.0,0.1,0.075,0.2,1.0,682.0,0.0,0.0,0.17155425219941348
27.0,10.0,5.0,0.1,0.075,0.2,1.0,678.0,0.0,0.0,0.1710914454277286
27.0,10.0,6.0,0.1,0.075,0.2,1.0,681.0,0.0,0.0,0.17180616740088106
27.0,10.0,7.0,0.1,0.075,0.2,1.0,678.0,0.0,0.0,0.1710914454277286
27.0,10.0,8.0,0.1,0.075,0.2,1.0,667.0,0.0,0.0,0.1724137931034483
27.0,10.0,9.0,0.1,0.075,0.2,1.0,659.0,0.0,0.0,0.17298937784522003
27.0,10.0,10.0,0.1,0.075,0.2,1.0,662.0,0.0,0.0,0.17371601208459214
27.0,10.0,11.0,0.1,0.075,0.2,1.0,645.0,0.0,0.0,0.17674418604651163
27.0,10.0,12.0,0.1,0.075,0.2,1.0,646.0,0.0,0.0,0.17647058823529413
27.0,10.0,13.0,0.1,0.075,0.2,1.0,639.0,0.0,0.0,0.17683881064162754
27.0,10.0,14.0,0.1,0.075,0.2,1.0,641.0,0.0,0.0,0.17784711388455537
27.0,10.0,15.0,0.1,0.075,0.2,1.0,639.0,0.0,0.0,0.17683881064162754
27.0,10.0,16.0,0.1,0.075,0.2,1.0,641.0,0.0,0.0,0.17784711388455537
27.0,10.0,17.0,0.1,0.075,0.2,1.0,626.0,0.0,0.0,0.17891373801916932
27.0,10.0,18.0,0.1,0.075,0.2,1.0,631.0,0.0,0.0,0.179080824088748
27.0,10.0,19.0,0.1,0.075,0.2,1.0,627.0,0.0,0.0,0.17862838915470494
27.0,10.0,20.0,0.1,0.075,0.2,1.0,1081.0,0.0,0.0,0.09250693802035152
27.0,10.0,21.0,0.1,0.075,0.2,1.0,1066.0,0.0,0.0,0.08911819887429644
27.0,10.0,22.0,0.1,0.075,0.2,1.0,1025.0,0.0,0.0,0.0897560975609756
27.0,10.0,23.0,0.1,0.075,0.2,1.0,995.0,0.0,0.0,0.09045226130653267
27.0,10.0,24.0,0.1,0.075,0.2,1.0,970.0,0.0,0.0,0.09072164948453608
27.0,10.0,25.0,0.1,0.075,0.2,1.0,930.0,0.0,0.0,0.0913978494623656
27.0,10.0,26.0,0.1,0.075,0.2,1.0,919.0,0.0,0.0,0.09249183895538629
27.0,10.0,27.0,0.1,0.075,0.2,1.0,889.0,0.0,0.0,0.09111361079865017
27.0,10.0,28.0,0.1,0.075,0.2,1.0,877.0,0.0,0.0,0.09122006841505131
27.0,10.0,29.0,0.1,0.075,0.2,1.0,864.0,0.0,0.0,0.09027777777777778
27.0,10.0,30.0,0.1,0.075,0.2,1.0,865.0,0.0,0.0,0.09132947976878612
27.0,10.0,31.0,0.1,0.075,0.2,1.0,864.0,0.0,0.0,0.09027777777777778
27.0,10.0,32.0,0.1,0.075,0.2,1.0,828.0,0.0,0.0,0.09420289855072464
27.0,10.0,33.0,0.1,0.075,0.2,1.0,822.0,0.0,0.0,0.09367396593673966
27.0,10.0,34.0,0.1,0.075,0.2,1.0,828.0,0.0,0.0,0.09420289855072464
27.0,10.0,35.0,0.1,0.075,0.2,1.0,824.0,0.0,0.0,0.09344660194174757
27.0,10.0,36.0,0.1,0.075,0.2,1.0,812.0,0.0,0.0,0.09482758620689655
27.0,10.0,37.0,0.1,0.075,0.2,1.0,798.0,0.0,0.0,0.09523809523809523
27.0,10.0,38.0,0.1,0.075,0.2,1.0,803.0,0.0,0.0,0.0958904109589041
27.0,10.0,39.0,0.1,0.075,0.2,1.0,799.0,0.0,0.0,0.0951188986232791
27.0,10.0,40.0,0.1,0.075,0.2,1.0,803.0,0.0,0.0,0.0958904109589041
27.0,10.0,41.0,0.1,0.075,0.2,1.0,799.0,0.0,0.0,0.0951188986232791
27.0,10.0,42.0,0.1,0.075,0.2,1.0,803.0,0.0,0.0,0.0958904109589041
27.0,10.0,43.0,0.1,0.075,0.2,1.0,785.0,0.0,0.0,0.09426751592356689
27.0,10.0,44.0,0.1,0.075,0.2,1.0,778.0,0.0,0.0,0.09640102827763496
27.0,10.0,45.0,0.1,0.075,0.2,1.0,772.0,0.0,0.0,0.1489637305699482
27.0,10.0,46.0,0.1,0.075,0.2,1.0,766.0,0.0,0.0,0.1514360313315927
27.0,10.0,47.0,0.1,0.075,0.2,1.0,759.0,0.0,0.0,0.15151515151515152
27.0,10.0,48.0,0.1,0.075,0.2,1.0,754.0,0.0,0.0,0.15384615384615385
27.0,10.0,49.0,0.1,0.075,0.2,1.0,748.0,0.0,0.0,0.1537433155080214
27.0,10.0,50.0,0.1,0.075,0.2,1.0,752.0,0.0,0.0,0.15425531914893617
27.0,10.0,51.0,0.1,0.075,0.2,1.0,734.0,0.0,0.0,0.1539509536784741
27.0,10.0,52.0,0.1,0.075,0.2,1.0,725.0,0.0,0.0,0.15586206896551724
28.0,1.0,1.0,0.1,0.075,0.2,1.0,5089.0,49.0,7.0,0.09569660051090588
28.0,1.0,2.0,0.1,0.075,0.2,1.0,5040.0,57.0,19.0,0.09484126984126984
28.0,1.0,3.0,0.1,0.075,0.2,1.0,4985.0,75.0,28.0,0.09548645937813441
28.0,1.0,4.0,0.1,0.075,0.2,1.0,4880.0,92.0,33.0,0.0942622950819672
28.0,1.0,5.0,0.1,0.075,0.2,1.0,4890.0,117.0,37.0,0.09734151329243354
28.0,1.0,6.0,0.1,0.075,0.2,1.0,4795.0,142.0,54.0,0.09614181438998957
28.0,1.0,7.0,0.1,0.075,0.2,1.0,4664.0,188.0,56.0,0.09798456260720412
28.0,1.0,8.0,0.1,0.075,0.2,1.0,4525.0,215.0,76.0,0.09657458563535912
28.0,1.0,9.0,0.1,0.075,0.2,1.0,4316.0,224.0,79.0,0.09823911028730306
28.0,1.0,10.0,0.1,0.075,0.2,1.0,4200.0,258.0,109.0,0.09785714285714285
28.0,1.0,11.0,0.1,0.075,0.2,1.0,4091.0,293.0,123.0,0.10095331214861893
28.0,1.0,12.0,0.1,0.075,0.2,1.0,3903.0,324.0,126.0,0.10017934921854983
28.0,1.0,13.0,0.1,0.075,0.2,1.0,3815.0,346.0,141.0,0.10222804718217562
28.0,1.0,14.0,0.1,0.075,0.2,1.0,3638.0,342.0,151.0,0.10307861462341947
28.0,1.0,15.0,0.1,0.075,0.2,1.0,3558.0,348.0,161.0,0.10652051714446319
28.0,1.0,16.0,0.1,0.075,0.2,1.0,3454.0,347.0,164.0,0.10480602200347423
28.0,1.0,17.0,0.1,0.075,0.2,1.0,3346.0,338.0,171.0,0.1087866108786611
28.0,1.0,18.0,0.1,0.075,0.2,1.0,3230.0,340.0,166.0,0.10990712074303406
28.0,1.0,19.0,0.1,0.075,0.2,1.0,3144.0,337.0,167.0,0.1138676844783715
28.0,1.0,20.0,0.1,0.075,0.2,1.0,5713.0,316.0,151.0,0.06021354804831087
28.0,1.0,21.0,0.1,0.075,0.2,1.0,5356.0,352.0,155.0,0.062359970126960415
28.0,1.0,22.0,0.1,0.075,0.2,1.0,4966.0,391.0,150.0,0.06161900926298832
28.0,1.0,23.0,0.1,0.075,0.2,1.0,4753.0,428.0,161.0,0.06353881758889122
28.0,1.0,24.0,0.1,0.075,0.2,1.0,4482.0,430.0,167.0,0.0642570281124498
28.0,1.0,25.0,0.1,0.075,0.2,1.0,4255.0,457.0,194.0,0.0672150411280846
28.0,1.0,26.0,0.1,0.075,0.2,1.0,4033.0,449.0,212.0,0.0691792710141334
28.0,1.0,27.0,0.1,0.075,0.2,1.0,3796.0,454.0,202.0,0.07033719704952582
28.0,1.0,28.0,0.1,0.075,0.2,1.0,3624.0,447.0,214.0,0.07201986754966887
28.0,1.0,29.0,0.1,0.075,0.2,1.0,3464.0,418.0,193.0,0.07361431870669746
28.0,1.0,30.0,0.1,0.075,0.2,1.0,3325.0,461.0,197.0,0.07639097744360902
28.0,1.0,31.0,0.1,0.075,0.2,1.0,3114.0,438.0,174.0,0.07931920359666024
28.0,1.0,32.0,0.1,0.075,0.2,1.0,2946.0,448.0,180.0,0.08316361167684996
28.0,1.0,33.0,0.1,0.075,0.2,1.0,2806.0,442.0,197.0,0.08588738417676407
28.0,1.0,34.0,0.1,0.075,0.2,1.0,2651.0,435.0,215.0,0.08902301018483591
28.0,1.0,35.0,0.1,0.075,0.2,1.0,2552.0,443.0,230.0,0.09051724137931035
28.0,1.0,36.0,0.1,0.075,0.2,1.0,2396.0,421.0,205.0,0.09515859766277128
28.0,1.0,37.0,0.1,0.075,0.2,1.0,2244.0,408.0,201.0,0.09848484848484848
28.0,1.0,38.0,0.1,0.075,0.2,1.0,2132.0,385.0,182.0,0.10318949343339587
28.0,1.0,39.0,0.1,0.075,0.2,1.0,2002.0,369.0,190.0,0.11038961038961038
28.0,1.0,40.0,0.1,0.075,0.2,1.0,1880.0,341.0,169.0,0.1148936170212766
28.0,1.0,41.0,0.1,0.075,0.2,1.0,1774.0,308.0,169.0,0.12063134160090191
28.0,1.0,42.0,0.1,0.075,0.2,1.0,1662.0,296.0,151.0,0.12755716004813478
28.0,1.0,43.0,0.1,0.075,0.2,1.0,1575.0,260.0,137.0,0.13396825396825396
28.0,1.0,44.0,0.1,0.075,0.2,1.0,1500.0,232.0,121.0,0.14
28.0,1.0,45.0,0.1,0.075,0.2,1.0,1430.0,229.0,123.0,0.2076923076923077
28.0,1.0,46.0,0.1,0.075,0.2,1.0,1378.0,215.0,110.0,0.2104499274310595
28.0,1.0,47.0,0.1,0.075,0.2,1.0,1287.0,194.0,107.0,0.2191142191142191
28.0,1.0,48.0,0.1,0.075,0.2,1.0,1236.0,171.0,90.0,0.22330097087378642
28.0,1.0,49.0,0.1,0.075,0.2,1.0,1174.0,159.0,85.0,0.22998296422487224
28.0,1.0,50.0,0.1,0.075,0.2,1.0,1137.0,146.0,76.0,0.2339489885664028
28.0,1.0,51.0,0.1,0.075,0.2,1.0,1099.0,135.0,74.0,0.2383985441310282
28.0,1.0,52.0,0.1,0.075,0.2,1.0,1055.0,124.0,66.0,0.24454976303317535
28.0,2.0,1.0,0.1,0.075,0.2,1.0,1022.0,117.0,57.0,0.2465753424657534
28.0,2.0,2.0,0.1,0.075,0.2,1.0,990.0,105.0,53.0,0.25252525252525254
28.0,2.0,3.0,0.1,0.075,0.2,1.0,954.0,95.0,61.0,0.25681341719077566
28.0,2.0,4.0,0.1,0.075,0.2,1.0,933.0,91.0,62.0,0.25937834941050375
28.0,2.0,5.0,0.1,0.075,0.2,1.0,898.0,82.0,50.0,0.26280623608017817
28.0,2.0,6.0,0.1,0.075,0.2,1.0,868.0,59.0,35.0,0.2695852534562212
28.0,2.0,7.0,0.1,0.075,0.2,1.0,837.0,47.0,26.0,0.2747909199522103
28.0,2.0,8.0,0.1,0.075,0.2,1.0,827.0,41.0,27.0,0.2781136638452237
28.0,2.0,9.0,0.1,0.075,0.2,1.0,805.0,35.0,21.0,0.2819875776397516
28.0,2.0,10.0,0.1,0.075,0.2,1.0,789.0,33.0,19.0,0.28390367553865653
28.0,2.0,11.0,0.1,0.075,0.2,1.0,774.0,27.0,13.0,0.2868217054263566
28.0,2.0,12.0,0.1,0.075,0.2,1.0,763.0,22.0,12.0,0.28833551769331583
28.0,2.0,13.0,0.1,0.075,0.2,1.0,752.0,19.0,10.0,0.2898936170212766
28.0,2.0,14.0,0.1,0.075,0.2,1.0,745.0,17.0,11.0,0.287248322147651
28.0,2.0,15.0,0.1,0.075,0.2,1.0,730.0,14.0,9.0,0.2863013698630137
28.0,2.0,16.0,0.1,0.075,0.2,1.0,723.0,13.0,9.0,0.28492392807745504
28.0,2.0,17.0,0.1,0.075,0.2,1.0,709.0,11.0,6.0,0.2849083215796897
28.0,2.0,18.0,0.1,0.075,0.2,1.0,698.0,9.0,4.0,0.2851002865329513
28.0,2.0,19.0,0.1,0.075,0.2,1.0,693.0,8.0,3.0,0.2842712842712843
28.0,2.0,20.0,0.1,0.075,0.2,1.0,1281.0,7.0,3.0,0.15144418423106948
28.0,2.0,21.0,0.1,0.075,0.2,1.0,1252.0,8.0,4.0,0.1509584664536741
28.0,2.0,22.0,0.1,0.075,0.2,1.0,1210.0,6.0,3.0,0.15206611570247933
28.0,2.0,23.0,0.1,0.075,0.2,1.0,1196.0,6.0,4.0,0.15301003344481606
28.0,2.0,24.0,0.1,0.075,0.2,1.0,1175.0,7.0,2.0,0.15319148936170213
28.0,2.0,25.0,0.1,0.075,0.2,1.0,1151.0,8.0,2.0,0.15464813205907907
28.0,2.0,26.0,0.1,0.075,0.2,1.0,1142.0,10.0,0.0,0.15236427320490367
28.0,2.0,27.0,0.1,0.075,0.2,1.0,1109.0,10.0,5.0,0.15599639314697927
28.0,2.0,28.0,0.1,0.075,0.2,1.0,1099.0,11.0,7.0,0.15559599636032756
28.0,2.0,29.0,0.1,0.075,0.2,1.0,1052.0,15.0,9.0,0.15874524714828897
28.0,2.0,30.0,0.1,0.075,0.2,1.0,1032.0,13.0,5.0,0.1618217054263566
28.0,2.0,31.0,0.1,0.075,0.2,1.0,1024.0,11.0,6.0,0.16015625
28.0,2.0,32.0,0.1,0.075,0.2,1.0,1015.0,9.0,5.0,0.16157635467980297
28.0,2.0,33.0,0.1,0.075,0.2,1.0,999.0,9.0,5.0,0.16016016016016016
28.0,2.0,34.0,0.1,0.075,0.2,1.0,950.0,10.0,5.0,0.16526315789473683
28.0,2.0,35.0,0.1,0.075,0.2,1.0,927.0,9.0,4.0,0.16828478964401294
28.0,2.0,36.0,0.1,0.075,0.2,1.0,912.0,11.0,4.0,0.16885964912280702
28.0,2.0,37.0,0.1,0.075,0.2,1.0,908.0,9.0,6.0,0.1696035242290749
28.0,2.0,38.0,0.1,0.075,0.2,1.0,900.0,8.0,6.0,0.16777777777777778
28.0,2.0,39.0,0.1,0.075,0.2,1.0,890.0,8.0,6.0,0.1696629213483146
28.0,2.0,40.0,0.1,0.075,0.2,1.0,890.0,4.0,3.0,0.1662921348314607
28.0,2.0,41.0,0.1,0.075,0.2,1.0,870.0,3.0,2.0,0.17126436781609194
28.0,2.0,42.0,0.1,0.075,0.2,1.0,859.0,3.0,1.0,0.16763678696158324
28.0,2.0,43.0,0.1,0.075,0.2,1.0,845.0,2.0,1.0,0.16923076923076924
28.0,2.0,44.0,0.1,0.075,0.2,1.0,844.0,2.0,2.0,0.1670616113744076
28.0,2.0,45.0,0.1,0.075,0.2,1.0,832.0,3.0,2.0,0.23677884615384615
28.0,2.0,46.0,0.1,0.075,0.2,1.0,811.0,3.0,1.0,0.23674475955610358
28.0,2.0,47.0,0.1,0.075,0.2,1.0,786.0,2.0,0.0,0.2430025445292621
28.0,2.0,48.0,0.1,0.075,0.2,1.0,788.0,2.0,0.0,0.23857868020304568
28.0,2.0,49.0,0.1,0.075,0.2,1.0,769.0,2.0,2.0,0.24187256176853056
28.0,2.0,50.0,0.1,0.075,0.2,1.0,759.0,2.0,2.0,0.24110671936758893
28.0,2.0,51.0,0.1,0.075,0.2,1.0,741.0,2.0,2.0,0.242914979757085
28.0,2.0,52.0,0.1,0.075,0.2,1.0,732.0,0.0,0.0,0.24453551912568305
28.0,3.0,1.0,0.1,0.075,0.2,1.0,722.0,0.0,0.0,0.2451523545706371
28.0,3.0,2.0,0.1,0.075,0.2,1.0,718.0,0.0,0.0,0.24094707520891365
28.0,3.0,3.0,0.1,0.075,0.2,1.0,703.0,0.0,0.0,0.24466571834992887
28.0,3.0,4.0,0.1,0.075,0.2,1.0,706.0,0.0,0.0,0.23937677053824363
28.0,3.0,5.0,0.1,0.075,0.2,1.0,690.0,0.0,0.0,0.24202898550724639
28.0,3.0,6.0,0.1,0.075,0.2,1.0,691.0,0.0,0.0,0.2402315484804631
28.0,3.0,7.0,0.1,0.075,0.2,1.0,683.0,0.0,0.0,0.2430453879941435
28.0,3.0,8.0,0.1,0.075,0.2,1.0,679.0,0.0,0.0,0.24005891016200295
28.0,3.0,9.0,0.1,0.075,0.2,1.0,666.0,0.0,0.0,0.24174174174174173
28.0,3.0,10.0,0.1,0.075,0.2,1.0,667.0,0.0,0.0,0.2413793103448276
28.0,3.0,11.0,0.1,0.075,0.2,1.0,655.0,0.0,0.0,0.24122137404580152
28.0,3.0,12.0,0.1,0.075,0.2,1.0,648.0,0.0,0.0,0.24074074074074073
28.0,3.0,13.0,0.1,0.075,0.2,1.0,626.0,0.0,0.0,0.24281150159744408
28.0,3.0,14.0,0.1,0.075,0.2,1.0,634.0,0.0,0.0,0.24290220820189273
28.0,3.0,15.0,0.1,0.075,0.2,1.0,626.0,0.0,0.0,0.24281150159744408
28.0,3.0,16.0,0.1,0.075,0.2,1.0,629.0,0.0,0.0,0.24324324324324326
28.0,3.0,17.0,0.1,0.075,0.2,1.0,619.0,0.0,0.0,0.24394184168012925
28.0,3.0,18.0,0.1,0.075,0.2,1.0,615.0,0.0,0.0,0.24552845528455283
28.0,3.0,19.0,0.1,0.075,0.2,1.0,600.0,0.0,0.0,0.245
28.0,3.0,20.0,0.1,0.075,0.2,1.0,1079.0,0.0,0.0,0.13623725671918444
28.0,3.0,21.0,0.1,0.075,0.2,1.0,1051.0,0.0,0.0,0.1379638439581351
28.0,3.0,22.0,0.1,0.075,0.2,1.0,1015.0,0.0,0.0,0.1399014778325123
28.0,3.0,23.0,0.1,0.075,0.2,1.0,991.0,0.0,0.0,0.14228052472250252
28.0,3.0,24.0,0.1,0.075,0.2,1.0,986.0,0.0,0.0,0.1440162271805274
28.0,3.0,25.0,0.1,0.075,0.2,1.0,972.0,0.0,0.0,0.1440329218106996
28.0,3.0,26.0,0.1,0.075,0.2,1.0,968.0,0.0,0.0,0.14359504132231404
28.0,3.0,27.0,0.1,0.075,0.2,1.0,955.0,0.0,0.0,0.14136125654450263
28.0,3.0,28.0,0.1,0.075,0.2,1.0,935.0,0.0,0.0,0.14224598930481283
28.0,3.0,29.0,0.1,0.075,0.2,1.0,932.0,0.0,0.0,0.14377682403433475
28.0,3.0,30.0,0.1,0.075,0.2,1.0,911.0,0.0,0.0,0.14270032930845225
28.0,3.0,31.0,0.1,0.075,0.2,1.0,903.0,0.0,0.0,0.14285714285714285
28.0,3.0,32.0,0.1,0.075,0.2,1.0,897.0,0.0,0.0,0.14381270903010032
28.0,3.0,33.0,0.1,0.075,0.2,1.0,887.0,0.0,0.0,0.14430665163472378
28.0,3.0,34.0,0.1,0.075,0.2,1.0,872.0,0.0,0.0,0.14105504587155962
28.0,3.0,35.0,0.1,0.075,0.2,1.0,853.0,0.0,0.0,0.141852286049238
28.0,3.0,36.0,0.1,0.075,0.2,1.0,854.0,0.0,0.0,0.14168618266978922
28.0,3.0,37.0,0.1,0.075,0.2,1.0,839.0,0.0,0.0,0.14421930870083433
28.0,3.0,38.0,0.1,0.075,0.2,1.0,821.0,0.0,0.0,0.14372716199756394
28.0,3.0,39.0,0.1,0.075,0.2,1.0,793.0,0.0,0.0,0.14627994955863807
28.0,3.0,40.0,0.1,0.075,0.2,1.0,774.0,0.0,0.0,0.14470284237726097
28.0,3.0,41.0,0.1,0.075,0.2,1.0,765.0,0.0,0.0,0.1437908496732026
28.0,3.0,42.0,0.1,0.075,0.2,1.0,749.0,0.0,0.0,0.14285714285714285
28.0,3.0,43.0,0.1,0.075,0.2,1.0,725.0,0.0,0.0,0.14344827586206896
28.0,3.0,44.0,0.1,0.075,0.2,1.0,719.0,0.0,0.0,0.14603616133518776
28.0,3.0,45.0,0.1,0.075,0.2,1.0,690.0,0.0,0.0,0.20144927536231885
28.0,3.0,46.0,0.1,0.075,0.2,1.0,697.0,0.0,0.0,0.1951219512195122
28.0,3.0,47.0,0.1,0.075,0.2,1.0,680.0,0.0,0.0,0.19852941176470587
28.0,3.0,48.0,0.1,0.075,0.2,1.0,683.0,0.0,0.0,0.19326500732064422
28.0,3.0,49.0,0.1,0.075,0.2,1.0,674.0,0.0,0.0,0.1943620178041543
28.0,3.0,50.0,0.1,0.075,0.2,1.0,680.0,0.0,0.0,0.18970588235294117
28.0,3.0,51.0,0.1,0.075,0.2,1.0,659.0,0.0,0.0,0.18816388467374812
28.0,3.0,52.0,0.1,0.075,0.2,1.0,665.0,0.0,0.0,0.18796992481203006
28.0,4.0,1.0,0.1,0.075,0.2,1.0,654.0,0.0,0.0,0.18807339449541285
28.0,4.0,2.0,0.1,0.075,0.2,1.0,656.0,0.0,0.0,0.18902439024390244
28.0,4.0,3.0,0.1,0.075,0.2,1.0,645.0,0.0,0.0,0.18604651162790697
28.0,4.0,4.0,0.1,0.075,0.2,1.0,653.0,0.0,0.0,0.18529862174578868
28.0,4.0,5.0,0.1,0.075,0.2,1.0,631.0,0.0,0.0,0.18700475435816163
28.0,4.0,6.0,0.1,0.075,0.2,1.0,634.0,0.0,0.0,0.18769716088328076
28.0,4.0,7.0,0.1,0.075,0.2,1.0,616.0,0.0,0.0,0.18668831168831168
28.0,4.0,8.0,0.1,0.075,0.2,1.0,620.0,0.0,0.0,0.18870967741935485
28.0,4.0,9.0,0.1,0.075,0.2,1.0,607.0,0.0,0.0,0.18616144975288304
28.0,4.0,10.0,0.1,0.075,0.2,1.0,595.0,0.0,0.0,0.1915966386554622
28.0,4.0,11.0,0.1,0.075,0.2,1.0,584.0,0.0,0.0,0.18835616438356165
28.0,4.0,12.0,0.1,0.075,0.2,1.0,590.0,0.0,0.0,0.19152542372881357
28.0,4.0,13.0,0.1,0.075,0.2,1.0,578.0,0.0,0.0,0.18858131487889274
28.0,4.0,14.0,0.1,0.075,0.2,1.0,575.0,0.0,0.0,0.19130434782608696
28.0,4.0,15.0,0.1,0.075,0.2,1.0,565.0,0.0,0.0,0.18938053097345134
28.0,4.0,16.0,0.1,0.075,0.2,1.0,570.0,0.0,0.0,0.18947368421052632
28.0,4.0,17.0,0.1,0.075,0.2,1.0,560.0,0.0,0.0,0.18571428571428572
28.0,4.0,18.0,0.1,0.075,0.2,1.0,561.0,0.0,0.0,0.1889483065953654
28.0,4.0,19.0,0.1,0.075,0.2,1.0,541.0,0.0,0.0,0.18484288354898337
28.0,4.0,20.0,0.1,0.075,0.2,1.0,1018.0,0.0,0.0,0.10117878192534381
28.0,4.0,21.0,0.1,0.075,0.2,1.0,998.0,0.0,0.0,0.09719438877755511
28.0,4.0,22.0,0.1,0.075,0.2,1.0,989.0,0.0,0.0,0.09706774519716886
28.0,4.0,23.0,0.1,0.075,0.2,1.0,992.0,0.0,0.0,0.09576612903225806
28.0,4.0,24.0,0.1,0.075,0.2,1.0,971.0,0.0,0.0,0.09783728115345006
28.0,4.0,25.0,0.1,0.075,0.2,1.0,930.0,0.0,0.0,0.0967741935483871
28.0,4.0,26.0,0.1,0.075,0.2,1.0,919.0,0.0,0.0,0.10010881392818281
28.0,4.0,27.0,0.1,0.075,0.2,1.0,855.0,0.0,0.0,0.10058479532163743
28.0,4.0,28.0,0.1,0.075,0.2,1.0,835.0,0.0,0.0,0.1029940119760479
28.0,4.0,29.0,0.1,0.075,0.2,1.0,829.0,0.0,0.0,0.10132689987937274
28.0,4.0,30.0,0.1,0.075,0.2,1.0,831.0,0.0,0.0,0.10348977135980746
28.0,4.0,31.0,0.1,0.075,0.2,1.0,801.0,0.0,0.0,0.10237203495630462
28.0,4.0,32.0,0.1,0.075,0.2,1.0,810.0,0.0,0.0,0.10493827160493827
28.0,4.0,33.0,0.1,0.075,0.2,1.0,778.0,0.0,0.0,0.10025706940874037
28.0,4.0,34.0,0.1,0.075,0.2,1.0,781.0,0.0,0.0,0.0998719590268886
28.0,4.0,35.0,0.1,0.075,0.2,1.0,750.0,0.0,0.0,0.10133333333333333
28.0,4.0,36.0,0.1,0.075,0.2,1.0,723.0,0.0,0.0,0.09820193637621023
28.0,4.0,37.0,0.1,0.075,0.2,1.0,733.0,0.0,0.0,0.09822646657571624
28.0,4.0,38.0,0.1,0.075,0.2,1.0,710.0,0.0,0.0,0.09718309859154929
28.0,4.0,39.0,0.1,0.075,0.2,1.0,706.0,0.0,0.0,0.09773371104815864
28.0,4.0,40.0,0.1,0.075,0.2,1.0,707.0,0.0,0.0,0.09618104667609619
28.0,4.0,41.0,0.1,0.075,0.2,1.0,696.0,0.0,0.0,0.09626436781609195
28.0,4.0,42.0,0.1,0.075,0.2,1.0,696.0,0.0,0.0,0.09626436781609195
28.0,4.0,43.0,0.1,0.075,0.2,1.0,679.0,0.0,0.0,0.09720176730486009
28.0,4.0,44.0,0.1,0.075,0.2,1.0,679.0,0.0,0.0,0.09720176730486009
28.0,4.0,45.0,0.1,0.075,0.2,1.0,677.0,0.0,0.0,0.1757754800590842
28.0,4.0,46.0,0.1,0.075,0.2,1.0,660.0,0.0,0.0,0.17272727272727273
28.0,4.0,47.0,0.1,0.075,0.2,1.0,643.0,0.0,0.0,0.17418351477449456
28.0,4.0,48.0,0.1,0.075,0.2,1.0,640.0,0.0,0.0,0.1703125
28.0,4.0,49.0,0.1,0.075,0.2,1.0,623.0,0.0,0.0,0.17335473515248795
28.0,4.0,50.0,0.1,0.075,0.2,1.0,610.0,0.0,0.0,0.16721311475409836
28.0,4.0,51.0,0.1,0.075,0.2,1.0,616.0,0.0,0.0,0.17207792207792208
28.0,4.0,52.0,0.1,0.075,0.2,1.0,601.0,0.0,0.0,0.16472545757071547
28.0,5.0,1.0,0.1,0.075,0.2,1.0,611.0,0.0,0.0,0.1718494271685761
28.0,5.0,2.0,0.1,0.075,0.2,1.0,593.0,0.0,0.0,0.16694772344013492
28.0,5.0,3.0,0.1,0.075,0.2,1.0,602.0,0.0,0.0,0.17109634551495018
28.0,5.0,4.0,0.1,0.075,0.2,1.0,585.0,0.0,0.0,0.1658119658119658
28.0,5.0,5.0,0.1,0.075,0.2,1.0,575.0,0.0,0.0,0.17043478260869566
28.0,5.0,6.0,0.1,0.075,0.2,1.0,558.0,0.0,0.0,0.16666666666666666
28.0,5.0,7.0,0.1,0.075,0.2,1.0,570.0,0.0,0.0,0.17192982456140352
28.0,5.0,8.0,0.1,0.075,0.2,1.0,550.0,0.0,0.0,0.16545454545454547
28.0,5.0,9.0,0.1,0.075,0.2,1.0,558.0,0.0,0.0,0.17025089605734767
28.0,5.0,10.0,0.1,0.075,0.2,1.0,541.0,0.0,0.0,0.16635859519408502
28.0,5.0,11.0,0.1,0.075,0.2,1.0,552.0,0.0,0.0,0.1721014492753623
28.0,5.0,12.0,0.1,0.075,0.2,1.0,539.0,0.0,0.0,0.16697588126159554
28.0,5.0,13.0,0.1,0.075,0.2,1.0,548.0,0.0,0.0,0.17335766423357665
28.0,5.0,14.0,0.1,0.075,0.2,1.0,535.0,0.0,0.0,0.16635514018691588
28.0,5.0,15.0,0.1,0.075,0.2,1.0,543.0,0.0,0.0,0.1712707182320442
28.0,5.0,16.0,0.1,0.075,0.2,1.0,532.0,0.0,0.0,0.16541353383458646
28.0,5.0,17.0,0.1,0.075,0.2,1.0,542.0,0.0,0.0,0.17343173431734318
28.0,5.0,18.0,0.1,0.075,0.2,1.0,532.0,0.0,0.0,0.16541353383458646
28.0,5.0,19.0,0.1,0.075,0.2,1.0,539.0,0.0,0.0,0.17439703153988867
28.0,5.0,20.0,0.1,0.075,0.2,1.0,954.0,0.0,0.0,0.09224318658280922
28.0,5.0,21.0,0.1,0.075,0.2,1.0,965.0,0.0,0.0,0.09740932642487046
28.0,5.0,22.0,0.1,0.075,0.2,1.0,940.0,0.0,0.0,0.09361702127659574
28.0,5.0,23.0,0.1,0.075,0.2,1.0,952.0,0.0,0.0,0.09873949579831932
28.0,5.0,24.0,0.1,0.075,0.2,1.0,897.0,0.0,0.0,0.09587513935340022
28.0,5.0,25.0,0.1,0.075,0.2,1.0,904.0,0.0,0.0,0.10287610619469026
28.0,5.0,26.0,0.1,0.075,0.2,1.0,862.0,0.0,0.0,0.09860788863109049
28.0,5.0,27.0,0.1,0.075,0.2,1.0,873.0,0.0,0.0,0.10309278350515463
28.0,5.0,28.0,0.1,0.075,0.2,1.0,843.0,0.0,0.0,0.09845788849347568
28.0,5.0,29.0,0.1,0.075,0.2,1.0,867.0,0.0,0.0,0.10380622837370242
28.0,5.0,30.0,0.1,0.075,0.2,1.0,835.0,0.0,0.0,0.09820359281437126
28.0,5.0,31.0,0.1,0.075,0.2,1.0,849.0,0.0,0.0,0.10365135453474676
28.0,5.0,32.0,0.1,0.075,0.2,1.0,807.0,0.0,0.0,0.09789343246592318
28.0,5.0,33.0,0.1,0.075,0.2,1.0,808.0,0.0,0.0,0.10643564356435643
28.0,5.0,34.0,0.1,0.075,0.2,1.0,778.0,0.0,0.0,0.10154241645244216
28.0,5.0,35.0,0.1,0.075,0.2,1.0,768.0,0.0,0.0,0.109375
28.0,5.0,36.0,0.1,0.075,0.2,1.0,696.0,0.0,0.0,0.10344827586206896
28.0,5.0,37.0,0.1,0.075,0.2,1.0,712.0,0.0,0.0,0.11095505617977527
28.0,5.0,38.0,0.1,0.075,0.2,1.0,686.0,0.0,0.0,0.10495626822157435
28.0,5.0,39.0,0.1,0.075,0.2,1.0,709.0,0.0,0.0,0.11001410437235543
28.0,5.0,40.0,0.1,0.075,0.2,1.0,691.0,0.0,0.0,0.10419681620839363
28.0,5.0,41.0,0.1,0.075,0.2,1.0,709.0,0.0,0.0,0.11142454160789844
28.0,5.0,42.0,0.1,0.075,0.2,1.0,686.0,0.0,0.0,0.10495626822157435
28.0,5.0,43.0,0.1,0.075,0.2,1.0,695.0,0.0,0.0,0.11223021582733812
28.0,5.0,44.0,0.1,0.075,0.2,1.0,665.0,0.0,0.0,0.10526315789473684
28.0,5.0,45.0,0.1,0.075,0.2,1.0,680.0,0.0,0.0,0.19117647058823528
28.0,5.0,46.0,0.1,0.075,0.2,1.0,647.0,0.0,0.0,0.18238021638330756
28.0,5.0,47.0,0.1,0.075,0.2,1.0,665.0,0.0,0.0,0.19097744360902255
28.0,5.0,48.0,0.1,0.075,0.2,1.0,640.0,0.0,0.0,0.18125
28.0,5.0,49.0,0.1,0.075,0.2,1.0,644.0,0.0,0.0,0.19409937888198758
28.0,5.0,50.0,0.1,0.075,0.2,1.0,637.0,0.0,0.0,0.17896389324960754
28.0,5.0,51.0,0.1,0.075,0.2,1.0,641.0,0.0,0.0,0.19032761310452417
28.0,5.0,52.0,0.1,0.075,0.2,1.0,631.0,0.0,0.0,0.1774960380348653
28.0,6.0,1.0,0.1,0.075,0.2,1.0,624.0,0.0,0.0,0.19391025641025642
28.0,6.0,2.0,0.1,0.075,0.2,1.0,612.0,0.0,0.0,0.1830065359477124
28.0,6.0,3.0,0.1,0.075,0.2,1.0,618.0,0.0,0.0,0.19579288025889968
28.0,6.0,4.0,0.1,0.075,0.2,1.0,603.0,0.0,0.0,0.18407960199004975
28.0,6.0,5.0,0.1,0.075,0.2,1.0,606.0,0.0,0.0,0.19471947194719472
28.0,6.0,6.0,0.1,0.075,0.2,1.0,589.0,0.0,0.0,0.18505942275042445
28.0,6.0,7.0,0.1,0.075,0.2,1.0,583.0,0.0,0.0,0.18696397941680962
28.0,6.0,8.0,0.1,0.075,0.2,1.0,574.0,0.0,0.0,0.18292682926829268
28.0,6.0,9.0,0.1,0.075,0.2,1.0,565.0,0.0,0.0,0.184070796460177
28.0,6.0,10.0,0.1,0.075,0.2,1.0,567.0,0.0,0.0,0.18518518518518517
28.0,6.0,11.0,0.1,0.075,0.2,1.0,556.0,0.0,0.0,0.18345323741007194
28.0,6.0,12.0,0.1,0.075,0.2,1.0,563.0,0.0,0.0,0.1847246891651865
28.0,6.0,13.0,0.1,0.075,0.2,1.0,552.0,0.0,0.0,0.18297101449275363
28.0,6.0,14.0,0.1,0.075,0.2,1.0,562.0,0.0,0.0,0.18505338078291814
28.0,6.0,15.0,0.1,0.075,0.2,1.0,553.0,0.0,0.0,0.18264014466546113
28.0,6.0,16.0,0.1,0.075,0.2,1.0,549.0,0.0,0.0,0.18761384335154827
28.0,6.0,17.0,0.1,0.075,0.2,1.0,538.0,0.0,0.0,0.18587360594795538
28.0,6.0,18.0,0.1,0.075,0.2,1.0,547.0,0.0,0.0,0.1882998171846435
28.0,6.0,19.0,0.1,0.075,0.2,1.0,537.0,0.0,0.0,0.18435754189944134
28.0,6.0,20.0,0.1,0.075,0.2,1.0,1009.0,0.0,0.0,0.10009910802775025
28.0,6.0,21.0,0.1,0.075,0.2,1.0,967.0,0.0,0.0,0.09927611168562564
28.0,6.0,22.0,0.1,0.075,0.2,1.0,939.0,0.0,0.0,0.09904153354632587
28.0,6.0,23.0,0.1,0.075,0.2,1.0,899.0,0.0,0.0,0.09899888765294772
28.0,6.0,24.0,0.1,0.075,0.2,1.0,888.0,0.0,0.0,0.10135135135135136
28.0,6.0,25.0,0.1,0.075,0.2,1.0,847.0,0.0,0.0,0.10271546635182999
28.0,6.0,26.0,0.1,0.075,0.2,1.0,843.0,0.0,0.0,0.10320284697508897
28.0,6.0,27.0,0.1,0.075,0.2,1.0,827.0,0.0,0.0,0.09915356711003627
28.0,6.0,28.0,0.1,0.075,0.2,1.0,837.0,0.0,0.0,0.1015531660692951
28.0,6.0,29.0,0.1,0.075,0.2,1.0,824.0,0.0,0.0,0.09951456310679611
28.0,6.0,30.0,0.1,0.075,0.2,1.0,818.0,0.0,0.0,0.097799511002445
28.0,6.0,31.0,0.1,0.075,0.2,1.0,778.0,0.0,0.0,0.09511568123393316
28.0,6.0,32.0,0.1,0.075,0.2,1.0,781.0,0.0,0.0,0.09603072983354674
28.0,6.0,33.0,0.1,0.075,0.2,1.0,742.0,0.0,0.0,0.09433962264150944
28.0,6.0,34.0,0.1,0.075,0.2,1.0,751.0,0.0,0.0,0.09454061251664447
28.0,6.0,35.0,0.1,0.075,0.2,1.0,729.0,0.0,0.0,0.09465020576131687
28.0,6.0,36.0,0.1,0.075,0.2,1.0,709.0,0.0,0.0,0.09167842031029619
28.0,6.0,37.0,0.1,0.075,0.2,1.0,691.0,0.0,0.0,0.0955137481910275
28.0,6.0,38.0,0.1,0.075,0.2,1.0,683.0,0.0,0.0,0.0951683748169839
28.0,6.0,39.0,0.1,0.075,0.2,1.0,679.0,0.0,0.0,0.09425625920471281
28.0,6.0,40.0,0.1,0.075,0.2,1.0,670.0,0.0,0.0,0.0955223880597015
28.0,6.0,41.0,0.1,0.075,0.2,1.0,653.0,0.0,0.0,0.09800918836140889
28.0,6.0,42.0,0.1,0.075,0.2,1.0,639.0,0.0,0.0,0.09859154929577464
28.0,6.0,43.0,0.1,0.075,0.2,1.0,630.0,0.0,0.0,0.1
28.0,6.0,44.0,0.1,0.075,0.2,1.0,631.0,0.0,0.0,0.098256735340729
28.0,6.0,45.0,0.1,0.075,0.2,1.0,623.0,0.0,0.0,0.1637239165329053
28.0,6.0,46.0,0.1,0.075,0.2,1.0,606.0,0.0,0.0,0.16501650165016502
28.0,6.0,47.0,0.1,0.075,0.2,1.0,599.0,0.0,0.0,0.1636060100166945
28.0,6.0,48.0,0.1,0.075,0.2,1.0,589.0,0.0,0.0,0.16298811544991512
28.0,6.0,49.0,0.1,0.075,0.2,1.0,586.0,0.0,0.0,0.16382252559726962
28.0,6.0,50.0,0.1,0.075,0.2,1.0,587.0,0.0,0.0,0.1635434412265758
28.0,6.0,51.0,0.1,0.075,0.2,1.0,579.0,0.0,0.0,0.16407599309153714
28.0,6.0,52.0,0.1,0.075,0.2,1.0,565.0,0.0,0.0,0.16283185840707964
28.0,7.0,1.0,0.1,0.075,0.2,1.0,555.0,0.0,0.0,0.16396396396396395
28.0,7.0,2.0,0.1,0.075,0.2,1.0,557.0,0.0,0.0,0.16337522441651706
28.0,7.0,3.0,0.1,0.075,0.2,1.0,542.0,0.0,0.0,0.16789667896678967
28.0,7.0,4.0,0.1,0.075,0.2,1.0,543.0,0.0,0.0,0.16758747697974216
28.0,7.0,5.0,0.1,0.075,0.2,1.0,540.0,0.0,0.0,0.1685185185185185
28.0,7.0,6.0,0.1,0.075,0.2,1.0,529.0,0.0,0.0,0.17013232514177692
28.0,7.0,7.0,0.1,0.075,0.2,1.0,526.0,0.0,0.0,0.17110266159695817
28.0,7.0,8.0,0.1,0.075,0.2,1.0,527.0,0.0,0.0,0.17077798861480076
28.0,7.0,9.0,0.1,0.075,0.2,1.0,522.0,0.0,0.0,0.1724137931034483
28.0,7.0,10.0,0.1,0.075,0.2,1.0,523.0,0.0,0.0,0.1701720841300191
28.0,7.0,11.0,0.1,0.075,0.2,1.0,520.0,0.0,0.0,0.16923076923076924
28.0,7.0,12.0,0.1,0.075,0.2,1.0,520.0,0.0,0.0,0.16923076923076924
28.0,7.0,13.0,0.1,0.075,0.2,1.0,520.0,0.0,0.0,0.16923076923076924
28.0,7.0,14.0,0.1,0.075,0.2,1.0,507.0,0.0,0.0,0.16962524654832348
28.0,7.0,15.0,0.1,0.075,0.2,1.0,507.0,0.0,0.0,0.16962524654832348
28.0,7.0,16.0,0.1,0.075,0.2,1.0,507.0,0.0,0.0,0.16765285996055226
28.0,7.0,17.0,0.1,0.075,0.2,1.0,507.0,0.0,0.0,0.16962524654832348
28.0,7.0,18.0,0.1,0.075,0.2,1.0,506.0,0.0,0.0,0.16798418972332016
28.0,7.0,19.0,0.1,0.075,0.2,1.0,508.0,0.0,0.0,0.16929133858267717
28.0,7.0,20.0,0.1,0.075,0.2,1.0,936.0,0.0,0.0,0.09081196581196581
28.0,7.0,21.0,0.1,0.075,0.2,1.0,908.0,0.0,0.0,0.09140969162995595
28.0,7.0,22.0,0.1,0.075,0.2,1.0,891.0,0.0,0.0,0.0920314253647587
28.0,7.0,23.0,0.1,0.075,0.2,1.0,879.0,0.0,0.0,0.09442548350398179
28.0,7.0,24.0,0.1,0.075,0.2,1.0,878.0,0.0,0.0,0.09339407744874716
28.0,7.0,25.0,0.1,0.075,0.2,1.0,855.0,0.0,0.0,0.09473684210526316
28.0,7.0,26.0,0.1,0.075,0.2,1.0,835.0,0.0,0.0,0.09580838323353294
28.0,7.0,27.0,0.1,0.075,0.2,1.0,818.0,0.0,0.0,0.097799511002445
28.0,7.0,28.0,0.1,0.075,0.2,1.0,805.0,0.0,0.0,0.09813664596273292
28.0,7.0,29.0,0.1,0.075,0.2,1.0,805.0,0.0,0.0,0.09937888198757763
28.0,7.0,30.0,0.1,0.075,0.2,1.0,791.0,0.0,0.0,0.0986093552465234
28.0,7.0,31.0,0.1,0.075,0.2,1.0,764.0,0.0,0.0,0.0968586387434555
28.0,7.0,32.0,0.1,0.075,0.2,1.0,752.0,0.0,0.0,0.09707446808510638
28.0,7.0,33.0,0.1,0.075,0.2,1.0,747.0,0.0,0.0,0.09772423025435073
28.0,7.0,34.0,0.1,0.075,0.2,1.0,736.0,0.0,0.0,0.09646739130434782
28.0,7.0,35.0,0.1,0.075,0.2,1.0,741.0,0.0,0.0,0.09716599190283401
28.0,7.0,36.0,0.1,0.075,0.2,1.0,733.0,0.0,0.0,0.0941336971350614
28.0,7.0,37.0,0.1,0.075,0.2,1.0,674.0,0.0,0.0,0.09495548961424333
28.0,7.0,38.0,0.1,0.075,0.2,1.0,665.0,0.0,0.0,0.0962406015037594
28.0,7.0,39.0,0.1,0.075,0.2,1.0,645.0,0.0,0.0,0.09767441860465116
28.0,7.0,40.0,0.1,0.075,0.2,1.0,610.0,0.0,0.0,0.10163934426229508
28.0,7.0,41.0,0.1,0.075,0.2,1.0,591.0,0.0,0.0,0.09813874788494077
28.0,7.0,42.0,0.1,0.075,0.2,1.0,597.0,0.0,0.0,0.09547738693467336
28.0,7.0,43.0,0.1,0.075,0.2,1.0,588.0,0.0,0.0,0.0935374149659864
28.0,7.0,44.0,0.1,0.075,0.2,1.0,595.0,0.0,0.0,0.09411764705882353
28.0,7.0,45.0,0.1,0.075,0.2,1.0,576.0,0.0,0.0,0.16145833333333334
28.0,7.0,46.0,0.1,0.075,0.2,1.0,584.0,0.0,0.0,0.15924657534246575
28.0,7.0,47.0,0.1,0.075,0.2,1.0,570.0,0.0,0.0,0.16140350877192983
28.0,7.0,48.0,0.1,0.075,0.2,1.0,574.0,0.0,0.0,0.15853658536585366
28.0,7.0,49.0,0.1,0.075,0.2,1.0,546.0,0.0,0.0,0.1684981684981685
28.0,7.0,50.0,0.1,0.075,0.2,1.0,530.0,0.0,0.0,0.16226415094339622
28.0,7.0,51.0,0.1,0.075,0.2,1.0,509.0,0.0,0.0,0.16306483300589392
28.0,7.0,52.0,0.1,0.075,0.2,1.0,495.0,0.0,0.0,0.16363636363636364
28.0,8.0,1.0,0.1,0.075,0.2,1.0,495.0,0.0,0.0,0.16565656565656567
28.0,8.0,2.0,0.1,0.075,0.2,1.0,494.0,0.0,0.0,0.16396761133603238
28.0,8.0,3.0,0.1,0.075,0.2,1.0,494.0,0.0,0.0,0.16396761133603238
28.0,8.0,4.0,0.1,0.075,0.2,1.0,492.0,0.0,0.0,0.16260162601626016
28.0,8.0,5.0,0.1,0.075,0.2,1.0,492.0,0.0,0.0,0.16463414634146342
28.0,8.0,6.0,0.1,0.075,0.2,1.0,490.0,0.0,0.0,0.1653061224489796
28.0,8.0,7.0,0.1,0.075,0.2,1.0,489.0,0.0,0.0,0.16359918200409
28.0,8.0,8.0,0.1,0.075,0.2,1.0,488.0,0.0,0.0,0.16393442622950818
28.0,8.0,9.0,0.1,0.075,0.2,1.0,481.0,0.0,0.0,0.16424116424116425
28.0,8.0,10.0,0.1,0.075,0.2,1.0,480.0,0.0,0.0,0.16458333333333333
28.0,8.0,11.0,0.1,0.075,0.2,1.0,480.0,0.0,0.0,0.16666666666666666
28.0,8.0,12.0,0.1,0.075,0.2,1.0,479.0,0.0,0.0,0.1649269311064718
28.0,8.0,13.0,0.1,0.075,0.2,1.0,479.0,0.0,0.0,0.16701461377870563
28.0,8.0,14.0,0.1,0.075,0.2,1.0,477.0,0.0,0.0,0.16561844863731656
28.0,8.0,15.0,0.1,0.075,0.2,1.0,477.0,0.0,0.0,0.16771488469601678
28.0,8.0,16.0,0.1,0.075,0.2,1.0,465.0,0.0,0.0,0.16559139784946236
28.0,8.0,17.0,0.1,0.075,0.2,1.0,464.0,0.0,0.0,0.16594827586206898
28.0,8.0,18.0,0.1,0.075,0.2,1.0,464.0,0.0,0.0,0.16379310344827586
28.0,8.0,19.0,0.1,0.075,0.2,1.0,466.0,0.0,0.0,0.16523605150214593
28.0,8.0,20.0,0.1,0.075,0.2,1.0,841.0,0.0,0.0,0.09155766944114149
28.0,8.0,21.0,0.1,0.075,0.2,1.0,842.0,0.0,0.0,0.09144893111638955
28.0,8.0,22.0,0.1,0.075,0.2,1.0,780.0,0.0,0.0,0.09102564102564102
28.0,8.0,23.0,0.1,0.075,0.2,1.0,764.0,0.0,0.0,0.09293193717277487
28.0,8.0,24.0,0.1,0.075,0.2,1.0,732.0,0.0,0.0,0.0942622950819672
28.0,8.0,25.0,0.1,0.075,0.2,1.0,729.0,0.0,0.0,0.09602194787379972
28.0,8.0,26.0,0.1,0.075,0.2,1.0,689.0,0.0,0.0,0.09433962264150944
28.0,8.0,27.0,0.1,0.075,0.2,1.0,692.0,0.0,0.0,0.0968208092485549
28.0,8.0,28.0,0.1,0.075,0.2,1.0,643.0,0.0,0.0,0.09642301710730948
28.0,8.0,29.0,0.1,0.075,0.2,1.0,644.0,0.0,0.0,0.09627329192546584
28.0,8.0,30.0,0.1,0.075,0.2,1.0,625.0,0.0,0.0,0.0976
28.0,8.0,31.0,0.1,0.075,0.2,1.0,619.0,0.0,0.0,0.09854604200323101
28.0,8.0,32.0,0.1,0.075,0.2,1.0,618.0,0.0,0.0,0.09870550161812297
28.0,8.0,33.0,0.1,0.075,0.2,1.0,613.0,0.0,0.0,0.10114192495921696
28.0,8.0,34.0,0.1,0.075,0.2,1.0,600.0,0.0,0.0,0.10166666666666667
28.0,8.0,35.0,0.1,0.075,0.2,1.0,608.0,0.0,0.0,0.10032894736842106
28.0,8.0,36.0,0.1,0.075,0.2,1.0,599.0,0.0,0.0,0.1001669449081803
28.0,8.0,37.0,0.1,0.075,0.2,1.0,609.0,0.0,0.0,0.10180623973727422
28.0,8.0,38.0,0.1,0.075,0.2,1.0,594.0,0.0,0.0,0.09932659932659933
28.0,8.0,39.0,0.1,0.075,0.2,1.0,597.0,0.0,0.0,0.10217755443886097
28.0,8.0,40.0,0.1,0.075,0.2,1.0,590.0,0.0,0.0,0.09830508474576272
28.0,8.0,41.0,0.1,0.075,0.2,1.0,578.0,0.0,0.0,0.0986159169550173
28.0,8.0,42.0,0.1,0.075,0.2,1.0,575.0,0.0,0.0,0.09565217391304348
28.0,8.0,43.0,0.1,0.075,0.2,1.0,578.0,0.0,0.0,0.0986159169550173
28.0,8.0,44.0,0.1,0.075,0.2,1.0,575.0,0.0,0.0,0.09565217391304348
28.0,8.0,45.0,0.1,0.075,0.2,1.0,577.0,0.0,0.0,0.17677642980935876
28.0,8.0,46.0,0.1,0.075,0.2,1.0,564.0,0.0,0.0,0.17553191489361702
28.0,8.0,47.0,0.1,0.075,0.2,1.0,553.0,0.0,0.0,0.17902350813743217
28.0,8.0,48.0,0.1,0.075,0.2,1.0,540.0,0.0,0.0,0.17777777777777778
28.0,8.0,49.0,0.1,0.075,0.2,1.0,542.0,0.0,0.0,0.18081180811808117
28.0,8.0,50.0,0.1,0.075,0.2,1.0,541.0,0.0,0.0,0.17929759704251386
28.0,8.0,51.0,0.1,0.075,0.2,1.0,540.0,0.0,0.0,0.1814814814814815
28.0,8.0,52.0,0.1,0.075,0.2,1.0,538.0,0.0,0.0,0.17843866171003717
28.0,9.0,1.0,0.1,0.075,0.2,1.0,539.0,0.0,0.0,0.1836734693877551
28.0,9.0,2.0,0.1,0.075,0.2,1.0,539.0,0.0,0.0,0.17996289424860853
28.0,9.0,3.0,0.1,0.075,0.2,1.0,539.0,0.0,0.0,0.18181818181818182
28.0,9.0,4.0,0.1,0.075,0.2,1.0,538.0,0.0,0.0,0.18029739776951673
28.0,9.0,5.0,0.1,0.075,0.2,1.0,539.0,0.0,0.0,0.1836734693877551
28.0,9.0,6.0,0.1,0.075,0.2,1.0,536.0,0.0,0.0,0.18097014925373134
28.0,9.0,7.0,0.1,0.075,0.2,1.0,533.0,0.0,0.0,0.18386491557223264
28.0,9.0,8.0,0.1,0.075,0.2,1.0,533.0,0.0,0.0,0.1801125703564728
28.0,9.0,9.0,0.1,0.075,0.2,1.0,533.0,0.0,0.0,0.18574108818011256
28.0,9.0,10.0,0.1,0.075,0.2,1.0,513.0,0.0,0.0,0.18323586744639375
28.0,9.0,11.0,0.1,0.075,0.2,1.0,516.0,0.0,0.0,0.187984496124031
28.0,9.0,12.0,0.1,0.075,0.2,1.0,510.0,0.0,0.0,0.18627450980392157
28.0,9.0,13.0,0.1,0.075,0.2,1.0,512.0,0.0,0.0,0.189453125
28.0,9.0,14.0,0.1,0.075,0.2,1.0,499.0,0.0,0.0,0.1903807615230461
28.0,9.0,15.0,0.1,0.075,0.2,1.0,497.0,0.0,0.0,0.19517102615694165
28.0,9.0,16.0,0.1,0.075,0.2,1.0,496.0,0.0,0.0,0.19153225806451613
28.0,9.0,17.0,0.1,0.075,0.2,1.0,496.0,0.0,0.0,0.19556451612903225
28.0,9.0,18.0,0.1,0.075,0.2,1.0,496.0,0.0,0.0,0.19153225806451613
28.0,9.0,19.0,0.1,0.075,0.2,1.0,498.0,0.0,0.0,0.19477911646586346
28.0,9.0,20.0,0.1,0.075,0.2,1.0,825.0,0.0,0.0,0.10424242424242425
28.0,9.0,21.0,0.1,0.075,0.2,1.0,768.0,0.0,0.0,0.11067708333333333
28.0,9.0,22.0,0.1,0.075,0.2,1.0,754.0,0.0,0.0,0.10875331564986737
28.0,9.0,23.0,0.1,0.075,0.2,1.0,701.0,0.0,0.0,0.11412268188302425
28.0,9.0,24.0,0.1,0.075,0.2,1.0,698.0,0.0,0.0,0.11031518624641834
28.0,9.0,25.0,0.1,0.075,0.2,1.0,654.0,0.0,0.0,0.1162079510703364
28.0,9.0,26.0,0.1,0.075,0.2,1.0,620.0,0.0,0.0,0.11451612903225807
28.0,9.0,27.0,0.1,0.075,0.2,1.0,623.0,0.0,0.0,0.11717495987158909
28.0,9.0,28.0,0.1,0.075,0.2,1.0,627.0,0.0,0.0,0.11323763955342903
28.0,9.0,29.0,0.1,0.075,0.2,1.0,629.0,0.0,0.0,0.11605723370429252
28.0,9.0,30.0,0.1,0.075,0.2,1.0,618.0,0.0,0.0,0.11488673139158576
28.0,9.0,31.0,0.1,0.075,0.2,1.0,616.0,0.0,0.0,0.11525974025974026
28.0,9.0,32.0,0.1,0.075,0.2,1.0,607.0,0.0,0.0,0.11367380560131796
28.0,9.0,33.0,0.1,0.075,0.2,1.0,598.0,0.0,0.0,0.11872909698996656
28.0,9.0,34.0,0.1,0.075,0.2,1.0,567.0,0.0,0.0,0.11992945326278659
28.0,9.0,35.0,0.1,0.075,0.2,1.0,558.0,0.0,0.0,0.12544802867383512
28.0,9.0,36.0,0.1,0.075,0.2,1.0,556.0,0.0,0.0,0.1223021582733813
28.0,9.0,37.0,0.1,0.075,0.2,1.0,558.0,0.0,0.0,0.12544802867383512
28.0,9.0,38.0,0.1,0.075,0.2,1.0,555.0,0.0,0.0,0.12252252252252252
28.0,9.0,39.0,0.1,0.075,0.2,1.0,558.0,0.0,0.0,0.12544802867383512
28.0,9.0,40.0,0.1,0.075,0.2,1.0,557.0,0.0,0.0,0.12208258527827648
28.0,9.0,41.0,0.1,0.075,0.2,1.0,558.0,0.0,0.0,0.12544802867383512
28.0,9.0,42.0,0.1,0.075,0.2,1.0,542.0,0.0,0.0,0.12361623616236163
28.0,9.0,43.0,0.1,0.075,0.2,1.0,542.0,0.0,0.0,0.12546125461254612
28.0,9.0,44.0,0.1,0.075,0.2,1.0,541.0,0.0,0.0,0.12199630314232902
28.0,9.0,45.0,0.1,0.075,0.2,1.0,542.0,0.0,0.0,0.1974169741697417
28.0,9.0,46.0,0.1,0.075,0.2,1.0,542.0,0.0,0.0,0.19557195571955718
28.0,9.0,47.0,0.1,0.075,0.2,1.0,543.0,0.0,0.0,0.19889502762430938
28.0,9.0,48.0,0.1,0.075,0.2,1.0,528.0,0.0,0.0,0.20075757575757575
28.0,9.0,49.0,0.1,0.075,0.2,1.0,528.0,0.0,0.0,0.20454545454545456
28.0,9.0,50.0,0.1,0.075,0.2,1.0,527.0,0.0,0.0,0.20113851992409867
28.0,9.0,51.0,0.1,0.075,0.2,1.0,528.0,0.0,0.0,0.20265151515151514
28.0,9.0,52.0,0.1,0.075,0.2,1.0,526.0,0.0,0.0,0.20152091254752852
28.0,10.0,1.0,0.1,0.075,0.2,1.0,528.0,0.0,0.0,0.20454545454545456
28.0,10.0,2.0,0.1,0.075,0.2,1.0,522.0,0.0,0.0,0.20114942528735633
28.0,10.0,3.0,0.1,0.075,0.2,1.0,522.0,0.0,0.0,0.20689655172413793
28.0,10.0,4.0,0.1,0.075,0.2,1.0,516.0,0.0,0.0,0.1996124031007752
28.0,10.0,5.0,0.1,0.075,0.2,1.0,517.0,0.0,0.0,0.20309477756286268
28.0,10.0,6.0,0.1,0.075,0.2,1.0,517.0,0.0,0.0,0.2011605415860735
28.0,10.0,7.0,0.1,0.075,0.2,1.0,516.0,0.0,0.0,0.2054263565891473
28.0,10.0,8.0,0.1,0.075,0.2,1.0,514.0,0.0,0.0,0.20233463035019456
28.0,10.0,9.0,0.1,0.075,0.2,1.0,516.0,0.0,0.0,0.2054263565891473
28.0,10.0,10.0,0.1,0.075,0.2,1.0,496.0,0.0,0.0,0.2056451612903226
28.0,10.0,11.0,0.1,0.075,0.2,1.0,500.0,0.0,0.0,0.21
28.0,10.0,12.0,0.1,0.075,0.2,1.0,495.0,0.0,0.0,0.2080808080808081
28.0,10.0,13.0,0.1,0.075,0.2,1.0,501.0,0.0,0.0,0.20958083832335328
28.0,10.0,14.0,0.1,0.075,0.2,1.0,496.0,0.0,0.0,0.20766129032258066
28.0,10.0,15.0,0.1,0.075,0.2,1.0,499.0,0.0,0.0,0.21042084168336672
28.0,10.0,16.0,0.1,0.075,0.2,1.0,494.0,0.0,0.0,0.20850202429149797
28.0,10.0,17.0,0.1,0.075,0.2,1.0,499.0,0.0,0.0,0.21042084168336672
28.0,10.0,18.0,0.1,0.075,0.2,1.0,494.0,0.0,0.0,0.20850202429149797
28.0,10.0,19.0,0.1,0.075,0.2,1.0,501.0,0.0,0.0,0.20958083832335328
28.0,10.0,20.0,0.1,0.075,0.2,1.0,843.0,0.0,0.0,0.11150652431791222
28.0,10.0,21.0,0.1,0.075,0.2,1.0,853.0,0.0,0.0,0.11371629542790153
28.0,10.0,22.0,0.1,0.075,0.2,1.0,825.0,0.0,0.0,0.11151515151515151
28.0,10.0,23.0,0.1,0.075,0.2,1.0,829.0,0.0,0.0,0.11338962605548854
28.0,10.0,24.0,0.1,0.075,0.2,1.0,810.0,0.0,0.0,0.1111111111111111
28.0,10.0,25.0,0.1,0.075,0.2,1.0,797.0,0.0,0.0,0.11292346298619825
28.0,10.0,26.0,0.1,0.075,0.2,1.0,791.0,0.0,0.0,0.11125158027812895
28.0,10.0,27.0,0.1,0.075,0.2,1.0,771.0,0.0,0.0,0.11543450064850844
28.0,10.0,28.0,0.1,0.075,0.2,1.0,745.0,0.0,0.0,0.11409395973154363
28.0,10.0,29.0,0.1,0.075,0.2,1.0,729.0,0.0,0.0,0.11659807956104253
28.0,10.0,30.0,0.1,0.075,0.2,1.0,715.0,0.0,0.0,0.11888111888111888
28.0,10.0,31.0,0.1,0.075,0.2,1.0,703.0,0.0,0.0,0.12091038406827881
28.0,10.0,32.0,0.1,0.075,0.2,1.0,701.0,0.0,0.0,0.11982881597717546
28.0,10.0,33.0,0.1,0.075,0.2,1.0,703.0,0.0,0.0,0.12233285917496443
28.0,10.0,34.0,0.1,0.075,0.2,1.0,690.0,0.0,0.0,0.12028985507246377
28.0,10.0,35.0,0.1,0.075,0.2,1.0,651.0,0.0,0.0,0.12749615975422426
28.0,10.0,36.0,0.1,0.075,0.2,1.0,652.0,0.0,0.0,0.12576687116564417
28.0,10.0,37.0,0.1,0.075,0.2,1.0,655.0,0.0,0.0,0.1282442748091603
28.0,10.0,38.0,0.1,0.075,0.2,1.0,653.0,0.0,0.0,0.12710566615620214
28.0,10.0,39.0,0.1,0.075,0.2,1.0,656.0,0.0,0.0,0.12957317073170732
28.0,10.0,40.0,0.1,0.075,0.2,1.0,640.0,0.0,0.0,0.1265625
28.0,10.0,41.0,0.1,0.075,0.2,1.0,642.0,0.0,0.0,0.1292834890965732
28.0,10.0,42.0,0.1,0.075,0.2,1.0,639.0,0.0,0.0,0.1267605633802817
28.0,10.0,43.0,0.1,0.075,0.2,1.0,616.0,0.0,0.0,0.1331168831168831
28.0,10.0,44.0,0.1,0.075,0.2,1.0,596.0,0.0,0.0,0.1325503355704698
28.0,10.0,45.0,0.1,0.075,0.2,1.0,599.0,0.0,0.0,0.21202003338898165
28.0,10.0,46.0,0.1,0.075,0.2,1.0,592.0,0.0,0.0,0.20777027027027026
28.0,10.0,47.0,0.1,0.075,0.2,1.0,595.0,0.0,0.0,0.21176470588235294
28.0,10.0,48.0,0.1,0.075,0.2,1.0,595.0,0.0,0.0,0.20672268907563024
28.0,10.0,49.0,0.1,0.075,0.2,1.0,598.0,0.0,0.0,0.21070234113712374
28.0,10.0,50.0,0.1,0.075,0.2,1.0,595.0,0.0,0.0,0.20672268907563024
28.0,10.0,51.0,0.1,0.075,0.2,1.0,604.0,0.0,0.0,0.21026490066225165
28.0,10.0,52.0,0.1,0.075,0.2,1.0,593.0,0.0,0.0,0.2057335581787521
29.0,1.0,1.0,0.1,0.075,0.2,1.0,5074.0,53.0,7.0,0.09657075285770596
29.0,1.0,2.0,0.1,0.075,0.2,1.0,5057.0,60.0,23.0,0.09788412102036781
29.0,1.0,3.0,0.1,0.075,0.2,1.0,4972.0,75.0,33.0,0.09774738535800483
29.0,1.0,4.0,0.1,0.075,0.2,1.0,4893.0,85.0,34.0,0.09871244635193133
29.0,1.0,5.0,0.1,0.075,0.2,1.0,4908.0,125.0,38.0,0.10024449877750612
29.0,1.0,6.0,0.1,0.075,0.2,1.0,4747.0,159.0,50.0,0.10195913208342111
29.0,1.0,7.0,0.1,0.075,0.2,1.0,4636.0,196.0,60.0,0.10181190681622088
29.0,1.0,8.0,0.1,0.075,0.2,1.0,4494.0,231.0,87.0,0.10347129506008011
29.0,1.0,9.0,0.1,0.075,0.2,1.0,4364.0,281.0,96.0,0.10242896425297891
29.0,1.0,10.0,0.1,0.075,0.2,1.0,4267.0,353.0,125.0,0.10264823060698383
29.0,1.0,11.0,0.1,0.075,0.2,1.0,4071.0,362.0,137.0,0.10341439449766641
29.0,1.0,12.0,0.1,0.075,0.2,1.0,3963.0,404.0,164.0,0.1047186474892758
29.0,1.0,13.0,0.1,0.075,0.2,1.0,3847.0,433.0,189.0,0.10657655315830518
29.0,1.0,14.0,0.1,0.075,0.2,1.0,3727.0,453.0,190.0,0.10893480010732493
29.0,1.0,15.0,0.1,0.075,0.2,1.0,3597.0,452.0,210.0,0.11036975257158743
29.0,1.0,16.0,0.1,0.075,0.2,1.0,3484.0,464.0,202.0,0.11366245694603903
29.0,1.0,17.0,0.1,0.075,0.2,1.0,3360.0,481.0,228.0,0.11547619047619048
29.0,1.0,18.0,0.1,0.075,0.2,1.0,3246.0,472.0,236.0,0.11860751694393099
29.0,1.0,19.0,0.1,0.075,0.2,1.0,3148.0,481.0,243.0,0.12039390088945362
29.0,1.0,20.0,0.1,0.075,0.2,1.0,5733.0,462.0,227.0,0.06523635095063667
29.0,1.0,21.0,0.1,0.075,0.2,1.0,5329.0,522.0,199.0,0.0673672358791518
29.0,1.0,22.0,0.1,0.075,0.2,1.0,5006.0,554.0,220.0,0.06951658010387535
29.0,1.0,23.0,0.1,0.075,0.2,1.0,4732.0,624.0,253.0,0.07269653423499578
29.0,1.0,24.0,0.1,0.075,0.2,1.0,4473.0,627.0,256.0,0.07556449809970937
29.0,1.0,25.0,0.1,0.075,0.2,1.0,4171.0,651.0,288.0,0.0786382162550947
29.0,1.0,26.0,0.1,0.075,0.2,1.0,3876.0,660.0,297.0,0.07997936016511868
29.0,1.0,27.0,0.1,0.075,0.2,1.0,3632.0,669.0,311.0,0.08094713656387666
29.0,1.0,28.0,0.1,0.075,0.2,1.0,3392.0,673.0,294.0,0.08461084905660378
29.0,1.0,29.0,0.1,0.075,0.2,1.0,3195.0,646.0,301.0,0.08763693270735524
29.0,1.0,30.0,0.1,0.075,0.2,1.0,3017.0,631.0,280.0,0.09081869406695393
29.0,1.0,31.0,0.1,0.075,0.2,1.0,2831.0,602.0,280.0,0.0960791239844578
29.0,1.0,32.0,0.1,0.075,0.2,1.0,2639.0,552.0,274.0,0.10155361879499811
29.0,1.0,33.0,0.1,0.075,0.2,1.0,2452.0,521.0,279.0,0.10807504078303426
29.0,1.0,34.0,0.1,0.075,0.2,1.0,2334.0,497.0,253.0,0.11396743787489289
29.0,1.0,35.0,0.1,0.075,0.2,1.0,2140.0,454.0,235.0,0.12196261682242991
29.0,1.0,36.0,0.1,0.075,0.2,1.0,2011.0,411.0,215.0,0.12829438090502238
29.0,1.0,37.0,0.1,0.075,0.2,1.0,1897.0,395.0,207.0,0.13442277279915657
29.0,1.0,38.0,0.1,0.075,0.2,1.0,1782.0,355.0,172.0,0.1419753086419753
29.0,1.0,39.0,0.1,0.075,0.2,1.0,1685.0,321.0,163.0,0.14955489614243322
29.0,1.0,40.0,0.1,0.075,0.2,1.0,1581.0,290.0,134.0,0.1555977229601518
29.0,1.0,41.0,0.1,0.075,0.2,1.0,1525.0,278.0,136.0,0.16065573770491803
29.0,1.0,42.0,0.1,0.075,0.2,1.0,1436.0,259.0,128.0,0.1692200557103064
29.0,1.0,43.0,0.1,0.075,0.2,1.0,1377.0,252.0,132.0,0.17647058823529413
29.0,1.0,44.0,0.1,0.075,0.2,1.0,1313.0,229.0,113.0,0.1827875095201828
29.0,1.0,45.0,0.1,0.075,0.2,1.0,1217.0,194.0,106.0,0.2637633525061627
29.0,1.0,46.0,0.1,0.075,0.2,1.0,1161.0,172.0,101.0,0.2721791559000861
29.0,1.0,47.0,0.1,0.075,0.2,1.0,1114.0,157.0,92.0,0.27827648114901254
29.0,1.0,48.0,0.1,0.075,0.2,1.0,1067.0,128.0,75.0,0.29053420805998126
29.0,1.0,49.0,0.1,0.075,0.2,1.0,1014.0,102.0,58.0,0.30177514792899407
29.0,1.0,50.0,0.1,0.075,0.2,1.0,994.0,91.0,50.0,0.306841046277666
29.0,1.0,51.0,0.1,0.075,0.2,1.0,952.0,76.0,41.0,0.31932773109243695
29.0,1.0,52.0,0.1,0.075,0.2,1.0,932.0,67.0,41.0,0.3261802575107296
29.0,2.0,1.0,0.1,0.075,0.2,1.0,908.0,61.0,40.0,0.3314977973568282
29.0,2.0,2.0,0.1,0.075,0.2,1.0,892.0,52.0,32.0,0.336322869955157
29.0,2.0,3.0,0.1,0.075,0.2,1.0,868.0,42.0,27.0,0.3444700460829493
29.0,2.0,4.0,0.1,0.075,0.2,1.0,847.0,31.0,22.0,0.35182998819362454
29.0,2.0,5.0,0.1,0.075,0.2,1.0,835.0,30.0,20.0,0.35808383233532937
29.0,2.0,6.0,0.1,0.075,0.2,1.0,824.0,22.0,13.0,0.3616504854368932
29.0,2.0,7.0,0.1,0.075,0.2,1.0,803.0,16.0,8.0,0.36612702366127026
29.0,2.0,8.0,0.1,0.075,0.2,1.0,801.0,13.0,7.0,0.3682896379525593
29.0,2.0,9.0,0.1,0.075,0.2,1.0,794.0,11.0,8.0,0.36649874055415615
29.0,2.0,10.0,0.1,0.075,0.2,1.0,790.0,10.0,8.0,0.369620253164557
29.0,2.0,11.0,0.1,0.075,0.2,1.0,780.0,11.0,7.0,0.36923076923076925
29.0,2.0,12.0,0.1,0.075,0.2,1.0,771.0,11.0,4.0,0.36964980544747084
29.0,2.0,13.0,0.1,0.075,0.2,1.0,764.0,9.0,3.0,0.3717277486910995
29.0,2.0,14.0,0.1,0.075,0.2,1.0,762.0,8.0,2.0,0.37401574803149606
29.0,2.0,15.0,0.1,0.075,0.2,1.0,755.0,10.0,4.0,0.37350993377483444
29.0,2.0,16.0,0.1,0.075,0.2,1.0,748.0,8.0,4.0,0.37566844919786097
29.0,2.0,17.0,0.1,0.075,0.2,1.0,744.0,10.0,7.0,0.3736559139784946
29.0,2.0,18.0,0.1,0.075,0.2,1.0,742.0,8.0,7.0,0.37331536388140163
29.0,2.0,19.0,0.1,0.075,0.2,1.0,736.0,6.0,6.0,0.37228260869565216
29.0,2.0,20.0,0.1,0.075,0.2,1.0,1357.0,3.0,3.0,0.2019159911569639
29.0,2.0,21.0,0.1,0.075,0.2,1.0,1324.0,1.0,1.0,0.20241691842900303
29.0,2.0,22.0,0.1,0.075,0.2,1.0,1323.0,0.0,0.0,0.20105820105820105
29.0,2.0,23.0,0.1,0.075,0.2,1.0,1303.0,0.0,0.0,0.2003069838833461
29.0,2.0,24.0,0.1,0.075,0.2,1.0,1293.0,0.0,0.0,0.20108275328692962
29.0,2.0,25.0,0.1,0.075,0.2,1.0,1281.0,0.0,0.0,0.20374707259953162
29.0,2.0,26.0,0.1,0.075,0.2,1.0,1260.0,0.0,0.0,0.20476190476190476
29.0,2.0,27.0,0.1,0.075,0.2,1.0,1239.0,0.0,0.0,0.20581113801452786
29.0,2.0,28.0,0.1,0.075,0.2,1.0,1220.0,0.0,0.0,0.19918032786885245
29.0,2.0,29.0,0.1,0.075,0.2,1.0,1206.0,0.0,0.0,0.1998341625207297
29.0,2.0,30.0,0.1,0.075,0.2,1.0,1195.0,0.0,0.0,0.199163179916318
29.0,2.0,31.0,0.1,0.075,0.2,1.0,1169.0,0.0,0.0,0.20102651839178784
29.0,2.0,32.0,0.1,0.075,0.2,1.0,1157.0,0.0,0.0,0.1996542783059637
29.0,2.0,33.0,0.1,0.075,0.2,1.0,1142.0,0.0,0.0,0.19964973730297722
29.0,2.0,34.0,0.1,0.075,0.2,1.0,1117.0,0.0,0.0,0.19874664279319607
29.0,2.0,35.0,0.1,0.075,0.2,1.0,1097.0,0.0,0.0,0.19872379216043756
29.0,2.0,36.0,0.1,0.075,0.2,1.0,1095.0,0.0,0.0,0.19908675799086759
29.0,2.0,37.0,0.1,0.075,0.2,1.0,1075.0,0.0,0.0,0.20093023255813955
29.0,2.0,38.0,0.1,0.075,0.2,1.0,1064.0,0.0,0.0,0.19924812030075187
29.0,2.0,39.0,0.1,0.075,0.2,1.0,1055.0,0.0,0.0,0.2
29.0,2.0,40.0,0.1,0.075,0.2,1.0,1042.0,0.0,0.0,0.19961612284069097
29.0,2.0,41.0,0.1,0.075,0.2,1.0,1028.0,0.0,0.0,0.20038910505836577
29.0,2.0,42.0,0.1,0.075,0.2,1.0,993.0,0.0,0.0,0.20241691842900303
29.0,2.0,43.0,0.1,0.075,0.2,1.0,979.0,0.0,0.0,0.20224719101123595
29.0,2.0,44.0,0.1,0.075,0.2,1.0,964.0,0.0,0.0,0.2012448132780083
29.0,2.0,45.0,0.1,0.075,0.2,1.0,961.0,0.0,0.0,0.2559833506763788
29.0,2.0,46.0,0.1,0.075,0.2,1.0,955.0,0.0,0.0,0.2544502617801047
29.0,2.0,47.0,0.1,0.075,0.2,1.0,953.0,0.0,0.0,0.2539349422875131
29.0,2.0,48.0,0.1,0.075,0.2,1.0,941.0,0.0,0.0,0.25398512221041447
29.0,2.0,49.0,0.1,0.075,0.2,1.0,941.0,0.0,0.0,0.24867162592986186
29.0,2.0,50.0,0.1,0.075,0.2,1.0,932.0,0.0,0.0,0.2478540772532189
29.0,2.0,51.0,0.1,0.075,0.2,1.0,932.0,0.0,0.0,0.2446351931330472
29.0,2.0,52.0,0.1,0.075,0.2,1.0,921.0,0.0,0.0,0.24647122692725298
29.0,3.0,1.0,0.1,0.075,0.2,1.0,913.0,0.0,0.0,0.24644030668127054
29.0,3.0,2.0,0.1,0.075,0.2,1.0,899.0,0.0,0.0,0.24582869855394884
29.0,3.0,3.0,0.1,0.075,0.2,1.0,906.0,0.0,0.0,0.24392935982339956
29.0,3.0,4.0,0.1,0.075,0.2,1.0,899.0,0.0,0.0,0.24694104560622915
29.0,3.0,5.0,0.1,0.075,0.2,1.0,896.0,0.0,0.0,0.24553571428571427
29.0,3.0,6.0,0.1,0.075,0.2,1.0,886.0,0.0,0.0,0.24379232505643342
29.0,3.0,7.0,0.1,0.075,0.2,1.0,885.0,0.0,0.0,0.24067796610169492
29.0,3.0,8.0,0.1,0.075,0.2,1.0,877.0,0.0,0.0,0.24287343215507412
29.0,3.0,9.0,0.1,0.075,0.2,1.0,860.0,0.0,0.0,0.2441860465116279
29.0,3.0,10.0,0.1,0.075,0.2,1.0,849.0,0.0,0.0,0.24617196702002356
29.0,3.0,11.0,0.1,0.075,0.2,1.0,845.0,0.0,0.0,0.24497041420118343
29.0,3.0,12.0,0.1,0.075,0.2,1.0,835.0,0.0,0.0,0.24550898203592814
29.0,3.0,13.0,0.1,0.075,0.2,1.0,829.0,0.0,0.0,0.24728588661037396
29.0,3.0,14.0,0.1,0.075,0.2,1.0,821.0,0.0,0.0,0.24482338611449453
29.0,3.0,15.0,0.1,0.075,0.2,1.0,820.0,0.0,0.0,0.24634146341463414
29.0,3.0,16.0,0.1,0.075,0.2,1.0,813.0,0.0,0.0,0.24600246002460024
29.0,3.0,17.0,0.1,0.075,0.2,1.0,811.0,0.0,0.0,0.2466091245376079
29.0,3.0,18.0,0.1,0.075,0.2,1.0,802.0,0.0,0.0,0.24438902743142144
29.0,3.0,19.0,0.1,0.075,0.2,1.0,804.0,0.0,0.0,0.24502487562189054
29.0,3.0,20.0,0.1,0.075,0.2,1.0,1493.0,0.0,0.0,0.130609511051574
29.0,3.0,21.0,0.1,0.075,0.2,1.0,1471.0,0.0,0.0,0.12984364377974167
29.0,3.0,22.0,0.1,0.075,0.2,1.0,1420.0,0.0,0.0,0.13028169014084506
29.0,3.0,23.0,0.1,0.075,0.2,1.0,1401.0,0.0,0.0,0.13133476088508209
29.0,3.0,24.0,0.1,0.075,0.2,1.0,1372.0,0.0,0.0,0.1326530612244898
29.0,3.0,25.0,0.1,0.075,0.2,1.0,1339.0,0.0,0.0,0.1344286781179985
29.0,3.0,26.0,0.1,0.075,0.2,1.0,1320.0,0.0,0.0,0.1340909090909091
29.0,3.0,27.0,0.1,0.075,0.2,1.0,1298.0,0.0,0.0,0.13559322033898305
29.0,3.0,28.0,0.1,0.075,0.2,1.0,1247.0,0.0,0.0,0.13793103448275862
29.0,3.0,29.0,0.1,0.075,0.2,1.0,1218.0,0.0,0.0,0.14203612479474548
29.0,3.0,30.0,0.1,0.075,0.2,1.0,1216.0,0.0,0.0,0.140625
29.0,3.0,31.0,0.1,0.075,0.2,1.0,1182.0,0.0,0.0,0.13874788494077833
29.0,3.0,32.0,0.1,0.075,0.2,1.0,1170.0,0.0,0.0,0.13931623931623932
29.0,3.0,33.0,0.1,0.075,0.2,1.0,1147.0,0.0,0.0,0.14036617262423715
29.0,3.0,34.0,0.1,0.075,0.2,1.0,1145.0,0.0,0.0,0.1406113537117904
29.0,3.0,35.0,0.1,0.075,0.2,1.0,1079.0,0.0,0.0,0.14272474513438368
29.0,3.0,36.0,0.1,0.075,0.2,1.0,1076.0,0.0,0.0,0.1421933085501859
29.0,3.0,37.0,0.1,0.075,0.2,1.0,1076.0,0.0,0.0,0.1421933085501859
29.0,3.0,38.0,0.1,0.075,0.2,1.0,1060.0,0.0,0.0,0.14245283018867924
29.0,3.0,39.0,0.1,0.075,0.2,1.0,1031.0,0.0,0.0,0.14354995150339475
29.0,3.0,40.0,0.1,0.075,0.2,1.0,1024.0,0.0,0.0,0.142578125
29.0,3.0,41.0,0.1,0.075,0.2,1.0,1017.0,0.0,0.0,0.14257620452310718
29.0,3.0,42.0,0.1,0.075,0.2,1.0,998.0,0.0,0.0,0.1402805611222445
29.0,3.0,43.0,0.1,0.075,0.2,1.0,989.0,0.0,0.0,0.14054600606673406
29.0,3.0,44.0,0.1,0.075,0.2,1.0,971.0,0.0,0.0,0.1400617919670443
29.0,3.0,45.0,0.1,0.075,0.2,1.0,948.0,0.0,0.0,0.20253164556962025
29.0,3.0,46.0,0.1,0.075,0.2,1.0,941.0,0.0,0.0,0.20191285866099895
29.0,3.0,47.0,0.1,0.075,0.2,1.0,924.0,0.0,0.0,0.20238095238095238
29.0,3.0,48.0,0.1,0.075,0.2,1.0,901.0,0.0,0.0,0.20310765815760268
29.0,3.0,49.0,0.1,0.075,0.2,1.0,888.0,0.0,0.0,0.20495495495495494
29.0,3.0,50.0,0.1,0.075,0.2,1.0,882.0,0.0,0.0,0.20408163265306123
29.0,3.0,51.0,0.1,0.075,0.2,1.0,878.0,0.0,0.0,0.2072892938496583
29.0,3.0,52.0,0.1,0.075,0.2,1.0,867.0,0.0,0.0,0.20876585928489041
29.0,4.0,1.0,0.1,0.075,0.2,1.0,862.0,0.0,0.0,0.2088167053364269
29.0,4.0,2.0,0.1,0.075,0.2,1.0,856.0,0.0,0.0,0.2091121495327103
29.0,4.0,3.0,0.1,0.075,0.2,1.0,858.0,0.0,0.0,0.2097902097902098
29.0,4.0,4.0,0.1,0.075,0.2,1.0,847.0,0.0,0.0,0.21251475796930341
29.0,4.0,5.0,0.1,0.075,0.2,1.0,848.0,0.0,0.0,0.21226415094339623
29.0,4.0,6.0,0.1,0.075,0.2,1.0,839.0,0.0,0.0,0.21096543504171633
29.0,4.0,7.0,0.1,0.075,0.2,1.0,841.0,0.0,0.0,0.21046373365041618
29.0,4.0,8.0,0.1,0.075,0.2,1.0,830.0,0.0,0.0,0.21084337349397592
29.0,4.0,9.0,0.1,0.075,0.2,1.0,825.0,0.0,0.0,0.2096969696969697
29.0,4.0,10.0,0.1,0.075,0.2,1.0,820.0,0.0,0.0,0.20853658536585365
29.0,4.0,11.0,0.1,0.075,0.2,1.0,820.0,0.0,0.0,0.2073170731707317
29.0,4.0,12.0,0.1,0.075,0.2,1.0,814.0,0.0,0.0,0.20884520884520885
29.0,4.0,13.0,0.1,0.075,0.2,1.0,809.0,0.0,0.0,0.2027194066749073
29.0,4.0,14.0,0.1,0.075,0.2,1.0,810.0,0.0,0.0,0.20493827160493827
29.0,4.0,15.0,0.1,0.075,0.2,1.0,804.0,0.0,0.0,0.2027363184079602
29.0,4.0,16.0,0.1,0.075,0.2,1.0,802.0,0.0,0.0,0.20324189526184538
29.0,4.0,17.0,0.1,0.075,0.2,1.0,798.0,0.0,0.0,0.20050125313283207
29.0,4.0,18.0,0.1,0.075,0.2,1.0,793.0,0.0,0.0,0.2030264817150063
29.0,4.0,19.0,0.1,0.075,0.2,1.0,794.0,0.0,0.0,0.20025188916876574
29.0,4.0,20.0,0.1,0.075,0.2,1.0,1462.0,0.0,0.0,0.10738714090287278
29.0,4.0,21.0,0.1,0.075,0.2,1.0,1453.0,0.0,0.0,0.10736407432897453
29.0,4.0,22.0,0.1,0.075,0.2,1.0,1386.0,0.0,0.0,0.1111111111111111
29.0,4.0,23.0,0.1,0.075,0.2,1.0,1373.0,0.0,0.0,0.11143481427530955
29.0,4.0,24.0,0.1,0.075,0.2,1.0,1342.0,0.0,0.0,0.11102831594634874
29.0,4.0,25.0,0.1,0.075,0.2,1.0,1298.0,0.0,0.0,0.11093990755007704
29.0,4.0,26.0,0.1,0.075,0.2,1.0,1257.0,0.0,0.0,0.11376292760540971
29.0,4.0,27.0,0.1,0.075,0.2,1.0,1233.0,0.0,0.0,0.11192214111922141
29.0,4.0,28.0,0.1,0.075,0.2,1.0,1227.0,0.0,0.0,0.1132844335778321
29.0,4.0,29.0,0.1,0.075,0.2,1.0,1203.0,0.0,0.0,0.10972568578553615
29.0,4.0,30.0,0.1,0.075,0.2,1.0,1188.0,0.0,0.0,0.1111111111111111
29.0,4.0,31.0,0.1,0.075,0.2,1.0,1189.0,0.0,0.0,0.10765349032800672
29.0,4.0,32.0,0.1,0.075,0.2,1.0,1167.0,0.0,0.0,0.10882604970008569
29.0,4.0,33.0,0.1,0.075,0.2,1.0,1162.0,0.0,0.0,0.10585197934595525
29.0,4.0,34.0,0.1,0.075,0.2,1.0,1135.0,0.0,0.0,0.11101321585903083
29.0,4.0,35.0,0.1,0.075,0.2,1.0,1134.0,0.0,0.0,0.10846560846560846
29.0,4.0,36.0,0.1,0.075,0.2,1.0,1111.0,0.0,0.0,0.1116111611161116
29.0,4.0,37.0,0.1,0.075,0.2,1.0,1070.0,0.0,0.0,0.1102803738317757
29.0,4.0,38.0,0.1,0.075,0.2,1.0,1052.0,0.0,0.0,0.11216730038022814
29.0,4.0,39.0,0.1,0.075,0.2,1.0,1049.0,0.0,0.0,0.109628217349857
29.0,4.0,40.0,0.1,0.075,0.2,1.0,1026.0,0.0,0.0,0.11208576998050682
29.0,4.0,41.0,0.1,0.075,0.2,1.0,1005.0,0.0,0.0,0.11144278606965174
29.0,4.0,42.0,0.1,0.075,0.2,1.0,980.0,0.0,0.0,0.11632653061224489
29.0,4.0,43.0,0.1,0.075,0.2,1.0,950.0,0.0,0.0,0.11368421052631579
29.0,4.0,44.0,0.1,0.075,0.2,1.0,942.0,0.0,0.0,0.11571125265392782
29.0,4.0,45.0,0.1,0.075,0.2,1.0,949.0,0.0,0.0,0.1970495258166491
29.0,4.0,46.0,0.1,0.075,0.2,1.0,941.0,0.0,0.0,0.20085015940488843
29.0,4.0,47.0,0.1,0.075,0.2,1.0,933.0,0.0,0.0,0.19935691318327975
29.0,4.0,48.0,0.1,0.075,0.2,1.0,914.0,0.0,0.0,0.20350109409190373
29.0,4.0,49.0,0.1,0.075,0.2,1.0,896.0,0.0,0.0,0.20200892857142858
29.0,4.0,50.0,0.1,0.075,0.2,1.0,875.0,0.0,0.0,0.2057142857142857
29.0,4.0,51.0,0.1,0.075,0.2,1.0,867.0,0.0,0.0,0.20530565167243367
29.0,4.0,52.0,0.1,0.075,0.2,1.0,868.0,0.0,0.0,0.2073732718894009
29.0,5.0,1.0,0.1,0.075,0.2,1.0,862.0,0.0,0.0,0.20533642691415313
29.0,5.0,2.0,0.1,0.075,0.2,1.0,862.0,0.0,0.0,0.20649651972157773
29.0,5.0,3.0,0.1,0.075,0.2,1.0,855.0,0.0,0.0,0.2046783625730994
29.0,5.0,4.0,0.1,0.075,0.2,1.0,857.0,0.0,0.0,0.20536756126021002
29.0,5.0,5.0,0.1,0.075,0.2,1.0,853.0,0.0,0.0,0.20398593200468934
29.0,5.0,6.0,0.1,0.075,0.2,1.0,857.0,0.0,0.0,0.20536756126021002
29.0,5.0,7.0,0.1,0.075,0.2,1.0,851.0,0.0,0.0,0.20329024676850763
29.0,5.0,8.0,0.1,0.075,0.2,1.0,855.0,0.0,0.0,0.2046783625730994
29.0,5.0,9.0,0.1,0.075,0.2,1.0,847.0,0.0,0.0,0.20070838252656434
29.0,5.0,10.0,0.1,0.075,0.2,1.0,849.0,0.0,0.0,0.20259128386336867
29.0,5.0,11.0,0.1,0.075,0.2,1.0,841.0,0.0,0.0,0.20095124851367419
29.0,5.0,12.0,0.1,0.075,0.2,1.0,843.0,0.0,0.0,0.2040332147093713
29.0,5.0,13.0,0.1,0.075,0.2,1.0,825.0,0.0,0.0,0.20484848484848484
29.0,5.0,14.0,0.1,0.075,0.2,1.0,825.0,0.0,0.0,0.20484848484848484
29.0,5.0,15.0,0.1,0.075,0.2,1.0,820.0,0.0,0.0,0.2048780487804878
29.0,5.0,16.0,0.1,0.075,0.2,1.0,809.0,0.0,0.0,0.20642768850432633
29.0,5.0,17.0,0.1,0.075,0.2,1.0,805.0,0.0,0.0,0.20496894409937888
29.0,5.0,18.0,0.1,0.075,0.2,1.0,806.0,0.0,0.0,0.20595533498759305
29.0,5.0,19.0,0.1,0.075,0.2,1.0,799.0,0.0,0.0,0.20525657071339173
29.0,5.0,20.0,0.1,0.075,0.2,1.0,1499.0,0.0,0.0,0.1094062708472315
29.0,5.0,21.0,0.1,0.075,0.2,1.0,1449.0,0.0,0.0,0.11042097998619738
29.0,5.0,22.0,0.1,0.075,0.2,1.0,1444.0,0.0,0.0,0.11080332409972299
29.0,5.0,23.0,0.1,0.075,0.2,1.0,1382.0,0.0,0.0,0.11143270622286541
29.0,5.0,24.0,0.1,0.075,0.2,1.0,1336.0,0.0,0.0,0.11002994011976049
29.0,5.0,25.0,0.1,0.075,0.2,1.0,1333.0,0.0,0.0,0.10952738184546136
29.0,5.0,26.0,0.1,0.075,0.2,1.0,1309.0,0.0,0.0,0.10847975553857907
29.0,5.0,27.0,0.1,0.075,0.2,1.0,1290.0,0.0,0.0,0.11085271317829458
29.0,5.0,28.0,0.1,0.075,0.2,1.0,1243.0,0.0,0.0,0.11343523732904263
29.0,5.0,29.0,0.1,0.075,0.2,1.0,1233.0,0.0,0.0,0.11192214111922141
29.0,5.0,30.0,0.1,0.075,0.2,1.0,1193.0,0.0,0.0,0.11316010058675607
29.0,5.0,31.0,0.1,0.075,0.2,1.0,1199.0,0.0,0.0,0.1134278565471226
29.0,5.0,32.0,0.1,0.075,0.2,1.0,1185.0,0.0,0.0,0.11392405063291139
29.0,5.0,33.0,0.1,0.075,0.2,1.0,1162.0,0.0,0.0,0.11359724612736662
29.0,5.0,34.0,0.1,0.075,0.2,1.0,1156.0,0.0,0.0,0.11418685121107267
29.0,5.0,35.0,0.1,0.075,0.2,1.0,1142.0,0.0,0.0,0.11471103327495621
29.0,5.0,36.0,0.1,0.075,0.2,1.0,1092.0,0.0,0.0,0.11446886446886446
29.0,5.0,37.0,0.1,0.075,0.2,1.0,1100.0,0.0,0.0,0.11545454545454545
29.0,5.0,38.0,0.1,0.075,0.2,1.0,1084.0,0.0,0.0,0.11439114391143912
29.0,5.0,39.0,0.1,0.075,0.2,1.0,1079.0,0.0,0.0,0.11677479147358666
29.0,5.0,40.0,0.1,0.075,0.2,1.0,1056.0,0.0,0.0,0.11458333333333333
29.0,5.0,41.0,0.1,0.075,0.2,1.0,1058.0,0.0,0.0,0.11720226843100189
29.0,5.0,42.0,0.1,0.075,0.2,1.0,1050.0,0.0,0.0,0.11523809523809524
29.0,5.0,43.0,0.1,0.075,0.2,1.0,1031.0,0.0,0.0,0.11930164888457807
29.0,5.0,44.0,0.1,0.075,0.2,1.0,1012.0,0.0,0.0,0.11758893280632411
29.0,5.0,45.0,0.1,0.075,0.2,1.0,1009.0,0.0,0.0,0.18533201189296333
29.0,5.0,46.0,0.1,0.075,0.2,1.0,961.0,0.0,0.0,0.1841831425598335
29.0,5.0,47.0,0.1,0.075,0.2,1.0,960.0,0.0,0.0,0.18333333333333332
29.0,5.0,48.0,0.1,0.075,0.2,1.0,956.0,0.0,0.0,0.1799163179916318
29.0,5.0,49.0,0.1,0.075,0.2,1.0,948.0,0.0,0.0,0.18143459915611815
29.0,5.0,50.0,0.1,0.075,0.2,1.0,942.0,0.0,0.0,0.17940552016985137
29.0,5.0,51.0,0.1,0.075,0.2,1.0,923.0,0.0,0.0,0.18309859154929578
29.0,5.0,52.0,0.1,0.075,0.2,1.0,905.0,0.0,0.0,0.18342541436464088
29.0,6.0,1.0,0.1,0.075,0.2,1.0,901.0,0.0,0.0,0.18423973362930077
29.0,6.0,2.0,0.1,0.075,0.2,1.0,880.0,0.0,0.0,0.18181818181818182
29.0,6.0,3.0,0.1,0.075,0.2,1.0,882.0,0.0,0.0,0.1836734693877551
29.0,6.0,4.0,0.1,0.075,0.2,1.0,879.0,0.0,0.0,0.18088737201365188
29.0,6.0,5.0,0.1,0.075,0.2,1.0,853.0,0.0,0.0,0.182883939038687
29.0,6.0,6.0,0.1,0.075,0.2,1.0,850.0,0.0,0.0,0.1811764705882353
29.0,6.0,7.0,0.1,0.075,0.2,1.0,852.0,0.0,0.0,0.18309859154929578
29.0,6.0,8.0,0.1,0.075,0.2,1.0,847.0,0.0,0.0,0.18181818181818182
29.0,6.0,9.0,0.1,0.075,0.2,1.0,847.0,0.0,0.0,0.18299881936245574
29.0,6.0,10.0,0.1,0.075,0.2,1.0,839.0,0.0,0.0,0.18116805721096543
29.0,6.0,11.0,0.1,0.075,0.2,1.0,840.0,0.0,0.0,0.18333333333333332
29.0,6.0,12.0,0.1,0.075,0.2,1.0,834.0,0.0,0.0,0.18225419664268586
29.0,6.0,13.0,0.1,0.075,0.2,1.0,832.0,0.0,0.0,0.18509615384615385
29.0,6.0,14.0,0.1,0.075,0.2,1.0,827.0,0.0,0.0,0.1837968561064087
29.0,6.0,15.0,0.1,0.075,0.2,1.0,828.0,0.0,0.0,0.18357487922705315
29.0,6.0,16.0,0.1,0.075,0.2,1.0,824.0,0.0,0.0,0.18325242718446602
29.0,6.0,17.0,0.1,0.075,0.2,1.0,812.0,0.0,0.0,0.18226600985221675
29.0,6.0,18.0,0.1,0.075,0.2,1.0,810.0,0.0,0.0,0.1814814814814815
29.0,6.0,19.0,0.1,0.075,0.2,1.0,807.0,0.0,0.0,0.1821561338289963
29.0,6.0,20.0,0.1,0.075,0.2,1.0,1480.0,0.0,0.0,0.09932432432432432
29.0,6.0,21.0,0.1,0.075,0.2,1.0,1445.0,0.0,0.0,0.10173010380622838
29.0,6.0,22.0,0.1,0.075,0.2,1.0,1374.0,0.0,0.0,0.10407569141193596
29.0,6.0,23.0,0.1,0.075,0.2,1.0,1323.0,0.0,0.0,0.10279667422524566
29.0,6.0,24.0,0.1,0.075,0.2,1.0,1281.0,0.0,0.0,0.10226385636221702
29.0,6.0,25.0,0.1,0.075,0.2,1.0,1255.0,0.0,0.0,0.10438247011952191
29.0,6.0,26.0,0.1,0.075,0.2,1.0,1219.0,0.0,0.0,0.10500410172272355
29.0,6.0,27.0,0.1,0.075,0.2,1.0,1198.0,0.0,0.0,0.10434056761268781
29.0,6.0,28.0,0.1,0.075,0.2,1.0,1183.0,0.0,0.0,0.10481825866441251
29.0,6.0,29.0,0.1,0.075,0.2,1.0,1182.0,0.0,0.0,0.10575296108291032
29.0,6.0,30.0,0.1,0.075,0.2,1.0,1169.0,0.0,0.0,0.10607356715141146
29.0,6.0,31.0,0.1,0.075,0.2,1.0,1180.0,0.0,0.0,0.10677966101694915
29.0,6.0,32.0,0.1,0.075,0.2,1.0,1158.0,0.0,0.0,0.10535405872193437
29.0,6.0,33.0,0.1,0.075,0.2,1.0,1121.0,0.0,0.0,0.1079393398751115
29.0,6.0,34.0,0.1,0.075,0.2,1.0,1112.0,0.0,0.0,0.1079136690647482
29.0,6.0,35.0,0.1,0.075,0.2,1.0,1091.0,0.0,0.0,0.10907424381301559
29.0,6.0,36.0,0.1,0.075,0.2,1.0,1062.0,0.0,0.0,0.11016949152542373
29.0,6.0,37.0,0.1,0.075,0.2,1.0,1056.0,0.0,0.0,0.10890151515151515
29.0,6.0,38.0,0.1,0.075,0.2,1.0,1024.0,0.0,0.0,0.107421875
29.0,6.0,39.0,0.1,0.075,0.2,1.0,1031.0,0.0,0.0,0.1066925315227934
29.0,6.0,40.0,0.1,0.075,0.2,1.0,1009.0,0.0,0.0,0.10703666997026759
29.0,6.0,41.0,0.1,0.075,0.2,1.0,996.0,0.0,0.0,0.10742971887550201
29.0,6.0,42.0,0.1,0.075,0.2,1.0,986.0,0.0,0.0,0.10547667342799188
29.0,6.0,43.0,0.1,0.075,0.2,1.0,930.0,0.0,0.0,0.1010752688172043
29.0,6.0,44.0,0.1,0.075,0.2,1.0,926.0,0.0,0.0,0.10367170626349892
29.0,6.0,45.0,0.1,0.075,0.2,1.0,921.0,0.0,0.0,0.16720955483170466
29.0,6.0,46.0,0.1,0.075,0.2,1.0,910.0,0.0,0.0,0.16813186813186815
29.0,6.0,47.0,0.1,0.075,0.2,1.0,907.0,0.0,0.0,0.16648291069459759
29.0,6.0,48.0,0.1,0.075,0.2,1.0,895.0,0.0,0.0,0.1653631284916201
29.0,6.0,49.0,0.1,0.075,0.2,1.0,871.0,0.0,0.0,0.1618828932261768
29.0,6.0,50.0,0.1,0.075,0.2,1.0,872.0,0.0,0.0,0.16399082568807338
29.0,6.0,51.0,0.1,0.075,0.2,1.0,849.0,0.0,0.0,0.15901060070671377
29.0,6.0,52.0,0.1,0.075,0.2,1.0,850.0,0.0,0.0,0.1623529411764706
29.0,7.0,1.0,0.1,0.075,0.2,1.0,845.0,0.0,0.0,0.15976331360946747
29.0,7.0,2.0,0.1,0.075,0.2,1.0,846.0,0.0,0.0,0.16193853427895982
29.0,7.0,3.0,0.1,0.075,0.2,1.0,839.0,0.0,0.0,0.15971394517282478
29.0,7.0,4.0,0.1,0.075,0.2,1.0,839.0,0.0,0.0,0.16209773539928488
29.0,7.0,5.0,0.1,0.075,0.2,1.0,825.0,0.0,0.0,0.16242424242424242
29.0,7.0,6.0,0.1,0.075,0.2,1.0,827.0,0.0,0.0,0.1656590084643289
29.0,7.0,7.0,0.1,0.075,0.2,1.0,823.0,0.0,0.0,0.16281895504252733
29.0,7.0,8.0,0.1,0.075,0.2,1.0,821.0,0.0,0.0,0.1656516443361754
29.0,7.0,9.0,0.1,0.075,0.2,1.0,819.0,0.0,0.0,0.16361416361416362
29.0,7.0,10.0,0.1,0.075,0.2,1.0,816.0,0.0,0.0,0.16666666666666666
29.0,7.0,11.0,0.1,0.075,0.2,1.0,814.0,0.0,0.0,0.16461916461916462
29.0,7.0,12.0,0.1,0.075,0.2,1.0,812.0,0.0,0.0,0.16748768472906403
29.0,7.0,13.0,0.1,0.075,0.2,1.0,807.0,0.0,0.0,0.16480793060718713
29.0,7.0,14.0,0.1,0.075,0.2,1.0,805.0,0.0,0.0,0.16645962732919253
29.0,7.0,15.0,0.1,0.075,0.2,1.0,802.0,0.0,0.0,0.1658354114713217
29.0,7.0,16.0,0.1,0.075,0.2,1.0,799.0,0.0,0.0,0.16645807259073842
29.0,7.0,17.0,0.1,0.075,0.2,1.0,796.0,0.0,0.0,0.1670854271356784
29.0,7.0,18.0,0.1,0.075,0.2,1.0,780.0,0.0,0.0,0.16923076923076924
29.0,7.0,19.0,0.1,0.075,0.2,1.0,780.0,0.0,0.0,0.16923076923076924
29.0,7.0,20.0,0.1,0.075,0.2,1.0,1365.0,0.0,0.0,0.0967032967032967
29.0,7.0,21.0,0.1,0.075,0.2,1.0,1351.0,0.0,0.0,0.09548482605477424
29.0,7.0,22.0,0.1,0.075,0.2,1.0,1285.0,0.0,0.0,0.09571984435797666
29.0,7.0,23.0,0.1,0.075,0.2,1.0,1238.0,0.0,0.0,0.09773828756058159
29.0,7.0,24.0,0.1,0.075,0.2,1.0,1223.0,0.0,0.0,0.09811937857726902
29.0,7.0,25.0,0.1,0.075,0.2,1.0,1213.0,0.0,0.0,0.09727947238252267
29.0,7.0,26.0,0.1,0.075,0.2,1.0,1189.0,0.0,0.0,0.09840201850294365
29.0,7.0,27.0,0.1,0.075,0.2,1.0,1137.0,0.0,0.0,0.10290237467018469
29.0,7.0,28.0,0.1,0.075,0.2,1.0,1121.0,0.0,0.0,0.1016949152542373
29.0,7.0,29.0,0.1,0.075,0.2,1.0,1111.0,0.0,0.0,0.10261026102610261
29.0,7.0,30.0,0.1,0.075,0.2,1.0,1111.0,0.0,0.0,0.10261026102610261
29.0,7.0,31.0,0.1,0.075,0.2,1.0,1085.0,0.0,0.0,0.10138248847926268
29.0,7.0,32.0,0.1,0.075,0.2,1.0,1084.0,0.0,0.0,0.1014760147601476
29.0,7.0,33.0,0.1,0.075,0.2,1.0,1058.0,0.0,0.0,0.10396975425330812
29.0,7.0,34.0,0.1,0.075,0.2,1.0,1055.0,0.0,0.0,0.1033175355450237
29.0,7.0,35.0,0.1,0.075,0.2,1.0,1030.0,0.0,0.0,0.10485436893203884
29.0,7.0,36.0,0.1,0.075,0.2,1.0,1028.0,0.0,0.0,0.10505836575875487
29.0,7.0,37.0,0.1,0.075,0.2,1.0,1019.0,0.0,0.0,0.10598626104023552
29.0,7.0,38.0,0.1,0.075,0.2,1.0,967.0,0.0,0.0,0.10961737331954498
29.0,7.0,39.0,0.1,0.075,0.2,1.0,968.0,0.0,0.0,0.10847107438016529
29.0,7.0,40.0,0.1,0.075,0.2,1.0,967.0,0.0,0.0,0.10961737331954498
29.0,7.0,41.0,0.1,0.075,0.2,1.0,951.0,0.0,0.0,0.11041009463722397
29.0,7.0,42.0,0.1,0.075,0.2,1.0,949.0,0.0,0.0,0.11064278187565858
29.0,7.0,43.0,0.1,0.075,0.2,1.0,940.0,0.0,0.0,0.11063829787234042
29.0,7.0,44.0,0.1,0.075,0.2,1.0,937.0,0.0,0.0,0.11099252934898612
29.0,7.0,45.0,0.1,0.075,0.2,1.0,939.0,0.0,0.0,0.1799787007454739
29.0,7.0,46.0,0.1,0.075,0.2,1.0,937.0,0.0,0.0,0.17929562433297758
29.0,7.0,47.0,0.1,0.075,0.2,1.0,927.0,0.0,0.0,0.1790722761596548
29.0,7.0,48.0,0.1,0.075,0.2,1.0,925.0,0.0,0.0,0.1783783783783784
29.0,7.0,49.0,0.1,0.075,0.2,1.0,926.0,0.0,0.0,0.17926565874730022
29.0,7.0,50.0,0.1,0.075,0.2,1.0,911.0,0.0,0.0,0.1800219538968167
29.0,7.0,51.0,0.1,0.075,0.2,1.0,908.0,0.0,0.0,0.1817180616740088
29.0,7.0,52.0,0.1,0.075,0.2,1.0,905.0,0.0,0.0,0.18121546961325966
29.0,8.0,1.0,0.1,0.075,0.2,1.0,900.0,0.0,0.0,0.1811111111111111
29.0,8.0,2.0,0.1,0.075,0.2,1.0,884.0,0.0,0.0,0.17986425339366516
29.0,8.0,3.0,0.1,0.075,0.2,1.0,881.0,0.0,0.0,0.1793416572077185
29.0,8.0,4.0,0.1,0.075,0.2,1.0,880.0,0.0,0.0,0.1784090909090909
29.0,8.0,5.0,0.1,0.075,0.2,1.0,881.0,0.0,0.0,0.1793416572077185
29.0,8.0,6.0,0.1,0.075,0.2,1.0,879.0,0.0,0.0,0.17861205915813425
29.0,8.0,7.0,0.1,0.075,0.2,1.0,880.0,0.0,0.0,0.17954545454545454
29.0,8.0,8.0,0.1,0.075,0.2,1.0,876.0,0.0,0.0,0.17922374429223745
29.0,8.0,9.0,0.1,0.075,0.2,1.0,873.0,0.0,0.0,0.17983963344788087
29.0,8.0,10.0,0.1,0.075,0.2,1.0,867.0,0.0,0.0,0.17993079584775087
29.0,8.0,11.0,0.1,0.075,0.2,1.0,849.0,0.0,0.0,0.18256772673733804
29.0,8.0,12.0,0.1,0.075,0.2,1.0,846.0,0.0,0.0,0.18203309692671396
29.0,8.0,13.0,0.1,0.075,0.2,1.0,844.0,0.0,0.0,0.18364928909952608
29.0,8.0,14.0,0.1,0.075,0.2,1.0,842.0,0.0,0.0,0.1828978622327791
29.0,8.0,15.0,0.1,0.075,0.2,1.0,843.0,0.0,0.0,0.18386714116251482
29.0,8.0,16.0,0.1,0.075,0.2,1.0,838.0,0.0,0.0,0.18377088305489261
29.0,8.0,17.0,0.1,0.075,0.2,1.0,842.0,0.0,0.0,0.1840855106888361
29.0,8.0,18.0,0.1,0.075,0.2,1.0,835.0,0.0,0.0,0.1844311377245509
29.0,8.0,19.0,0.1,0.075,0.2,1.0,840.0,0.0,0.0,0.18452380952380953
29.0,8.0,20.0,0.1,0.075,0.2,1.0,1440.0,0.0,0.0,0.10694444444444444
29.0,8.0,21.0,0.1,0.075,0.2,1.0,1368.0,0.0,0.0,0.1118421052631579
29.0,8.0,22.0,0.1,0.075,0.2,1.0,1311.0,0.0,0.0,0.11136536994660565
29.0,8.0,23.0,0.1,0.075,0.2,1.0,1293.0,0.0,0.0,0.11291569992266048
29.0,8.0,24.0,0.1,0.075,0.2,1.0,1297.0,0.0,0.0,0.1110254433307633
29.0,8.0,25.0,0.1,0.075,0.2,1.0,1279.0,0.0,0.0,0.11415168100078187
29.0,8.0,26.0,0.1,0.075,0.2,1.0,1260.0,0.0,0.0,0.11349206349206349
29.0,8.0,27.0,0.1,0.075,0.2,1.0,1238.0,0.0,0.0,0.11631663974151858
29.0,8.0,28.0,0.1,0.075,0.2,1.0,1207.0,0.0,0.0,0.115990057995029
29.0,8.0,29.0,0.1,0.075,0.2,1.0,1167.0,0.0,0.0,0.11568123393316196
29.0,8.0,30.0,0.1,0.075,0.2,1.0,1150.0,0.0,0.0,0.11478260869565217
29.0,8.0,31.0,0.1,0.075,0.2,1.0,1113.0,0.0,0.0,0.12039532794249776
29.0,8.0,32.0,0.1,0.075,0.2,1.0,1112.0,0.0,0.0,0.11780575539568346
29.0,8.0,33.0,0.1,0.075,0.2,1.0,1111.0,0.0,0.0,0.12061206120612061
29.0,8.0,34.0,0.1,0.075,0.2,1.0,1082.0,0.0,0.0,0.11829944547134935
29.0,8.0,35.0,0.1,0.075,0.2,1.0,1082.0,0.0,0.0,0.12107208872458411
29.0,8.0,36.0,0.1,0.075,0.2,1.0,1067.0,0.0,0.0,0.1190253045923149
29.0,8.0,37.0,0.1,0.075,0.2,1.0,1067.0,0.0,0.0,0.1218369259606373
29.0,8.0,38.0,0.1,0.075,0.2,1.0,1056.0,0.0,0.0,0.12026515151515152
29.0,8.0,39.0,0.1,0.075,0.2,1.0,1046.0,0.0,0.0,0.124282982791587
29.0,8.0,40.0,0.1,0.075,0.2,1.0,1033.0,0.0,0.0,0.12294288480154889
29.0,8.0,41.0,0.1,0.075,0.2,1.0,990.0,0.0,0.0,0.1303030303030303
29.0,8.0,42.0,0.1,0.075,0.2,1.0,988.0,0.0,0.0,0.12753036437246965
29.0,8.0,43.0,0.1,0.075,0.2,1.0,963.0,0.0,0.0,0.13395638629283488
29.0,8.0,44.0,0.1,0.075,0.2,1.0,960.0,0.0,0.0,0.13125
29.0,8.0,45.0,0.1,0.075,0.2,1.0,951.0,0.0,0.0,0.20294426919032596
29.0,8.0,46.0,0.1,0.075,0.2,1.0,931.0,0.0,0.0,0.200859291084855
29.0,8.0,47.0,0.1,0.075,0.2,1.0,936.0,0.0,0.0,0.202991452991453
29.0,8.0,48.0,0.1,0.075,0.2,1.0,920.0,0.0,0.0,0.1967391304347826
29.0,8.0,49.0,0.1,0.075,0.2,1.0,923.0,0.0,0.0,0.19826652221018418
29.0,8.0,50.0,0.1,0.075,0.2,1.0,919.0,0.0,0.0,0.1969532100108814
29.0,8.0,51.0,0.1,0.075,0.2,1.0,917.0,0.0,0.0,0.19956379498364232
29.0,8.0,52.0,0.1,0.075,0.2,1.0,914.0,0.0,0.0,0.19693654266958424
29.0,9.0,1.0,0.1,0.075,0.2,1.0,918.0,0.0,0.0,0.20043572984749455
29.0,9.0,2.0,0.1,0.075,0.2,1.0,902.0,0.0,0.0,0.1984478935698448
29.0,9.0,3.0,0.1,0.075,0.2,1.0,905.0,0.0,0.0,0.2022099447513812
29.0,9.0,4.0,0.1,0.075,0.2,1.0,900.0,0.0,0.0,0.1988888888888889
29.0,9.0,5.0,0.1,0.075,0.2,1.0,904.0,0.0,0.0,0.20243362831858408
29.0,9.0,6.0,0.1,0.075,0.2,1.0,897.0,0.0,0.0,0.1995540691192865
29.0,9.0,7.0,0.1,0.075,0.2,1.0,901.0,0.0,0.0,0.20310765815760268
29.0,9.0,8.0,0.1,0.075,0.2,1.0,879.0,0.0,0.0,0.2025028441410694
29.0,9.0,9.0,0.1,0.075,0.2,1.0,883.0,0.0,0.0,0.20611551528878821
29.0,9.0,10.0,0.1,0.075,0.2,1.0,875.0,0.0,0.0,0.20342857142857143
29.0,9.0,11.0,0.1,0.075,0.2,1.0,879.0,0.0,0.0,0.20705346985210465
29.0,9.0,12.0,0.1,0.075,0.2,1.0,872.0,0.0,0.0,0.20412844036697247
29.0,9.0,13.0,0.1,0.075,0.2,1.0,867.0,0.0,0.0,0.20645905420991925
29.0,9.0,14.0,0.1,0.075,0.2,1.0,859.0,0.0,0.0,0.20372526193247964
29.0,9.0,15.0,0.1,0.075,0.2,1.0,866.0,0.0,0.0,0.2066974595842956
29.0,9.0,16.0,0.1,0.075,0.2,1.0,859.0,0.0,0.0,0.20372526193247964
29.0,9.0,17.0,0.1,0.075,0.2,1.0,863.0,0.0,0.0,0.20625724217844726
29.0,9.0,18.0,0.1,0.075,0.2,1.0,856.0,0.0,0.0,0.2044392523364486
29.0,9.0,19.0,0.1,0.075,0.2,1.0,861.0,0.0,0.0,0.2067363530778165
29.0,9.0,20.0,0.1,0.075,0.2,1.0,1434.0,0.0,0.0,0.11436541143654114
29.0,9.0,21.0,0.1,0.075,0.2,1.0,1349.0,0.0,0.0,0.11934766493699037
29.0,9.0,22.0,0.1,0.075,0.2,1.0,1329.0,0.0,0.0,0.11963882618510158
29.0,9.0,23.0,0.1,0.075,0.2,1.0,1270.0,0.0,0.0,0.1220472440944882
29.0,9.0,24.0,0.1,0.075,0.2,1.0,1259.0,0.0,0.0,0.11914217633042097
29.0,9.0,25.0,0.1,0.075,0.2,1.0,1234.0,0.0,0.0,0.12155591572123177
29.0,9.0,26.0,0.1,0.075,0.2,1.0,1201.0,0.0,0.0,0.12156536219816819
29.0,9.0,27.0,0.1,0.075,0.2,1.0,1199.0,0.0,0.0,0.12343619683069225
29.0,9.0,28.0,0.1,0.075,0.2,1.0,1146.0,0.0,0.0,0.12478184991273997
29.0,9.0,29.0,0.1,0.075,0.2,1.0,1108.0,0.0,0.0,0.1272563176895307
29.0,9.0,30.0,0.1,0.075,0.2,1.0,1101.0,0.0,0.0,0.12534059945504086
29.0,9.0,31.0,0.1,0.075,0.2,1.0,1095.0,0.0,0.0,0.12876712328767123
29.0,9.0,32.0,0.1,0.075,0.2,1.0,1095.0,0.0,0.0,0.12694063926940638
29.0,9.0,33.0,0.1,0.075,0.2,1.0,1095.0,0.0,0.0,0.12876712328767123
29.0,9.0,34.0,0.1,0.075,0.2,1.0,1093.0,0.0,0.0,0.12717291857273558
29.0,9.0,35.0,0.1,0.075,0.2,1.0,1074.0,0.0,0.0,0.13128491620111732
29.0,9.0,36.0,0.1,0.075,0.2,1.0,1030.0,0.0,0.0,0.12815533980582525
29.0,9.0,37.0,0.1,0.075,0.2,1.0,1032.0,0.0,0.0,0.1298449612403101
29.0,9.0,38.0,0.1,0.075,0.2,1.0,1031.0,0.0,0.0,0.1280310378273521
29.0,9.0,39.0,0.1,0.075,0.2,1.0,1016.0,0.0,0.0,0.12992125984251968
29.0,9.0,40.0,0.1,0.075,0.2,1.0,1006.0,0.0,0.0,0.1272365805168986
29.0,9.0,41.0,0.1,0.075,0.2,1.0,1004.0,0.0,0.0,0.1294820717131474
29.0,9.0,42.0,0.1,0.075,0.2,1.0,998.0,0.0,0.0,0.12725450901803606
29.0,9.0,43.0,0.1,0.075,0.2,1.0,1004.0,0.0,0.0,0.1294820717131474
29.0,9.0,44.0,0.1,0.075,0.2,1.0,994.0,0.0,0.0,0.12877263581488935
29.0,9.0,45.0,0.1,0.075,0.2,1.0,981.0,0.0,0.0,0.20489296636085627
29.0,9.0,46.0,0.1,0.075,0.2,1.0,985.0,0.0,0.0,0.2020304568527919
29.0,9.0,47.0,0.1,0.075,0.2,1.0,981.0,0.0,0.0,0.20489296636085627
29.0,9.0,48.0,0.1,0.075,0.2,1.0,984.0,0.0,0.0,0.20223577235772358
29.0,9.0,49.0,0.1,0.075,0.2,1.0,970.0,0.0,0.0,0.20515463917525772
29.0,9.0,50.0,0.1,0.075,0.2,1.0,968.0,0.0,0.0,0.2024793388429752
29.0,9.0,51.0,0.1,0.075,0.2,1.0,952.0,0.0,0.0,0.20483193277310924
29.0,9.0,52.0,0.1,0.075,0.2,1.0,949.0,0.0,0.0,0.20337197049525815
29.0,10.0,1.0,0.1,0.075,0.2,1.0,949.0,0.0,0.0,0.2054794520547945
29.0,10.0,2.0,0.1,0.075,0.2,1.0,948.0,0.0,0.0,0.20358649789029537
29.0,10.0,3.0,0.1,0.075,0.2,1.0,948.0,0.0,0.0,0.20569620253164558
29.0,10.0,4.0,0.1,0.075,0.2,1.0,948.0,0.0,0.0,0.20358649789029537
29.0,10.0,5.0,0.1,0.075,0.2,1.0,948.0,0.0,0.0,0.20569620253164558
29.0,10.0,6.0,0.1,0.075,0.2,1.0,948.0,0.0,0.0,0.20358649789029537
29.0,10.0,7.0,0.1,0.075,0.2,1.0,948.0,0.0,0.0,0.20569620253164558
29.0,10.0,8.0,0.1,0.075,0.2,1.0,947.0,0.0,0.0,0.20380147835269272
29.0,10.0,9.0,0.1,0.075,0.2,1.0,943.0,0.0,0.0,0.2067868504772004
29.0,10.0,10.0,0.1,0.075,0.2,1.0,940.0,0.0,0.0,0.2053191489361702
29.0,10.0,11.0,0.1,0.075,0.2,1.0,940.0,0.0,0.0,0.2074468085106383
29.0,10.0,12.0,0.1,0.075,0.2,1.0,938.0,0.0,0.0,0.20575692963752665
29.0,10.0,13.0,0.1,0.075,0.2,1.0,939.0,0.0,0.0,0.20766773162939298
29.0,10.0,14.0,0.1,0.075,0.2,1.0,933.0,0.0,0.0,0.20685959271168275
29.0,10.0,15.0,0.1,0.075,0.2,1.0,935.0,0.0,0.0,0.20855614973262032
29.0,10.0,16.0,0.1,0.075,0.2,1.0,931.0,0.0,0.0,0.20730397422126745
29.0,10.0,17.0,0.1,0.075,0.2,1.0,917.0,0.0,0.0,0.2093784078516903
29.0,10.0,18.0,0.1,0.075,0.2,1.0,913.0,0.0,0.0,0.20920043811610076
29.0,10.0,19.0,0.1,0.075,0.2,1.0,912.0,0.0,0.0,0.20942982456140352
29.0,10.0,20.0,0.1,0.075,0.2,1.0,1586.0,0.0,0.0,0.11097099621689786
29.0,10.0,21.0,0.1,0.075,0.2,1.0,1531.0,0.0,0.0,0.11038536903984324
29.0,10.0,22.0,0.1,0.075,0.2,1.0,1520.0,0.0,0.0,0.11052631578947368
29.0,10.0,23.0,0.1,0.075,0.2,1.0,1510.0,0.0,0.0,0.11059602649006622
29.0,10.0,24.0,0.1,0.075,0.2,1.0,1447.0,0.0,0.0,0.11057360055286801
29.0,10.0,25.0,0.1,0.075,0.2,1.0,1448.0,0.0,0.0,0.1111878453038674
29.0,10.0,26.0,0.1,0.075,0.2,1.0,1433.0,0.0,0.0,0.11095603628750872
29.0,10.0,27.0,0.1,0.075,0.2,1.0,1410.0,0.0,0.0,0.1099290780141844
29.0,10.0,28.0,0.1,0.075,0.2,1.0,1366.0,0.0,0.0,0.11200585651537336
29.0,10.0,29.0,0.1,0.075,0.2,1.0,1302.0,0.0,0.0,0.11290322580645161
29.0,10.0,30.0,0.1,0.075,0.2,1.0,1279.0,0.0,0.0,0.11336982017200939
29.0,10.0,31.0,0.1,0.075,0.2,1.0,1258.0,0.0,0.0,0.11446740858505565
29.0,10.0,32.0,0.1,0.075,0.2,1.0,1190.0,0.0,0.0,0.11680672268907563
29.0,10.0,33.0,0.1,0.075,0.2,1.0,1180.0,0.0,0.0,0.11694915254237288
29.0,10.0,34.0,0.1,0.075,0.2,1.0,1152.0,0.0,0.0,0.11631944444444445
29.0,10.0,35.0,0.1,0.075,0.2,1.0,1144.0,0.0,0.0,0.11538461538461539
29.0,10.0,36.0,0.1,0.075,0.2,1.0,1116.0,0.0,0.0,0.11648745519713262
29.0,10.0,37.0,0.1,0.075,0.2,1.0,1120.0,0.0,0.0,0.11607142857142858
29.0,10.0,38.0,0.1,0.075,0.2,1.0,1120.0,0.0,0.0,0.11607142857142858
29.0,10.0,39.0,0.1,0.075,0.2,1.0,1094.0,0.0,0.0,0.11791590493601463
29.0,10.0,40.0,0.1,0.075,0.2,1.0,1094.0,0.0,0.0,0.11791590493601463
29.0,10.0,41.0,0.1,0.075,0.2,1.0,1068.0,0.0,0.0,0.11891385767790262
29.0,10.0,42.0,0.1,0.075,0.2,1.0,1068.0,0.0,0.0,0.11891385767790262
29.0,10.0,43.0,0.1,0.075,0.2,1.0,1065.0,0.0,0.0,0.11924882629107982
29.0,10.0,44.0,0.1,0.075,0.2,1.0,1068.0,0.0,0.0,0.11891385767790262
29.0,10.0,45.0,0.1,0.075,0.2,1.0,1043.0,0.0,0.0,0.19367209971236818
29.0,10.0,46.0,0.1,0.075,0.2,1.0,1046.0,0.0,0.0,0.1921606118546845
29.0,10.0,47.0,0.1,0.075,0.2,1.0,1040.0,0.0,0.0,0.19423076923076923
29.0,10.0,48.0,0.1,0.075,0.2,1.0,1027.0,0.0,0.0,0.1937682570593963
29.0,10.0,49.0,0.1,0.075,0.2,1.0,1025.0,0.0,0.0,0.1951219512195122
29.0,10.0,50.0,0.1,0.075,0.2,1.0,1028.0,0.0,0.0,0.193579766536965
29.0,10.0,51.0,0.1,0.075,0.2,1.0,1025.0,0.0,0.0,0.1951219512195122
29.0,10.0,52.0,0.1,0.075,0.2,1.0,1028.0,0.0,0.0,0.193579766536965
30.0,1.0,1.0,0.1,0.075,0.2,1.0,5247.0,57.0,12.0,0.0952925481227368
30.0,1.0,2.0,0.1,0.075,0.2,1.0,5204.0,65.0,25.0,0.09511913912375096
30.0,1.0,3.0,0.1,0.075,0.2,1.0,5140.0,93.0,39.0,0.09533073929961089
30.0,1.0,4.0,0.1,0.075,0.2,1.0,5113.0,125.0,40.0,0.09563856835517309
30.0,1.0,5.0,0.1,0.075,0.2,1.0,5067.0,164.0,48.0,0.09650680876258141
30.0,1.0,6.0,0.1,0.075,0.2,1.0,4890.0,181.0,59.0,0.10040899795501022
30.0,1.0,7.0,0.1,0.075,0.2,1.0,4716.0,231.0,79.0,0.0996607294317218
30.0,1.0,8.0,0.1,0.075,0.2,1.0,4567.0,281.0,99.0,0.10116049923363259
30.0,1.0,9.0,0.1,0.075,0.2,1.0,4365.0,298.0,113.0,0.10171821305841924
30.0,1.0,10.0,0.1,0.075,0.2,1.0,4206.0,326.0,125.0,0.10318592486923443
30.0,1.0,11.0,0.1,0.075,0.2,1.0,4124.0,366.0,142.0,0.1023278370514064
30.0,1.0,12.0,0.1,0.075,0.2,1.0,3963.0,414.0,165.0,0.10598031794095382
30.0,1.0,13.0,0.1,0.075,0.2,1.0,3873.0,458.0,181.0,0.10534469403563129
30.0,1.0,14.0,0.1,0.075,0.2,1.0,3616.0,459.0,196.0,0.10951327433628319
30.0,1.0,15.0,0.1,0.075,0.2,1.0,3492.0,474.0,214.0,0.10967926689576174
30.0,1.0,16.0,0.1,0.075,0.2,1.0,3389.0,499.0,233.0,0.11419297727943346
30.0,1.0,17.0,0.1,0.075,0.2,1.0,3277.0,502.0,241.0,0.11351846200793408
30.0,1.0,18.0,0.1,0.075,0.2,1.0,3107.0,491.0,240.0,0.12101705825555198
30.0,1.0,19.0,0.1,0.075,0.2,1.0,3003.0,479.0,256.0,0.12087912087912088
30.0,1.0,20.0,0.1,0.075,0.2,1.0,5387.0,482.0,242.0,0.06849823649526639
30.0,1.0,21.0,0.1,0.075,0.2,1.0,5004.0,543.0,218.0,0.06894484412470024
30.0,1.0,22.0,0.1,0.075,0.2,1.0,4678.0,565.0,205.0,0.07203933304831124
30.0,1.0,23.0,0.1,0.075,0.2,1.0,4421.0,565.0,215.0,0.07396516625197919
30.0,1.0,24.0,0.1,0.075,0.2,1.0,4198.0,619.0,248.0,0.07741781800857551
30.0,1.0,25.0,0.1,0.075,0.2,1.0,3977.0,644.0,264.0,0.08046266029670605
30.0,1.0,26.0,0.1,0.075,0.2,1.0,3658.0,643.0,293.0,0.0850191361399672
30.0,1.0,27.0,0.1,0.075,0.2,1.0,3452.0,612.0,302.0,0.08893395133256084
30.0,1.0,28.0,0.1,0.075,0.2,1.0,3233.0,593.0,292.0,0.09403031240334055
30.0,1.0,29.0,0.1,0.075,0.2,1.0,3045.0,556.0,260.0,0.09753694581280788
30.0,1.0,30.0,0.1,0.075,0.2,1.0,2792.0,514.0,250.0,0.10422636103151862
30.0,1.0,31.0,0.1,0.075,0.2,1.0,2613.0,466.0,225.0,0.1079219288174512
30.0,1.0,32.0,0.1,0.075,0.2,1.0,2470.0,444.0,213.0,0.1145748987854251
30.0,1.0,33.0,0.1,0.075,0.2,1.0,2295.0,423.0,178.0,0.12069716775599129
30.0,1.0,34.0,0.1,0.075,0.2,1.0,2165.0,415.0,204.0,0.125635103926097
30.0,1.0,35.0,0.1,0.075,0.2,1.0,2052.0,414.0,210.0,0.1286549707602339
30.0,1.0,36.0,0.1,0.075,0.2,1.0,1923.0,404.0,198.0,0.13468538741549663
30.0,1.0,37.0,0.1,0.075,0.2,1.0,1790.0,367.0,161.0,0.1435754189944134
30.0,1.0,38.0,0.1,0.075,0.2,1.0,1707.0,335.0,160.0,0.14938488576449913
30.0,1.0,39.0,0.1,0.075,0.2,1.0,1606.0,316.0,157.0,0.15504358655043587
30.0,1.0,40.0,0.1,0.075,0.2,1.0,1509.0,301.0,161.0,0.1610337972166998
30.0,1.0,41.0,0.1,0.075,0.2,1.0,1424.0,282.0,155.0,0.1678370786516854
30.0,1.0,42.0,0.1,0.075,0.2,1.0,1349.0,255.0,153.0,0.1793921423276501
30.0,1.0,43.0,0.1,0.075,0.2,1.0,1269.0,225.0,127.0,0.18833727344365642
30.0,1.0,44.0,0.1,0.075,0.2,1.0,1189.0,196.0,99.0,0.19932716568544995
30.0,1.0,45.0,0.1,0.075,0.2,1.0,1136.0,168.0,91.0,0.2711267605633803
30.0,1.0,46.0,0.1,0.075,0.2,1.0,1092.0,158.0,86.0,0.28113553113553114
30.0,1.0,47.0,0.1,0.075,0.2,1.0,1045.0,140.0,76.0,0.28708133971291866
30.0,1.0,48.0,0.1,0.075,0.2,1.0,999.0,121.0,60.0,0.2952952952952953
30.0,1.0,49.0,0.1,0.075,0.2,1.0,968.0,102.0,64.0,0.29958677685950413
30.0,1.0,50.0,0.1,0.075,0.2,1.0,929.0,95.0,53.0,0.30462863293864373
30.0,1.0,51.0,0.1,0.075,0.2,1.0,902.0,85.0,48.0,0.3082039911308204
30.0,1.0,52.0,0.1,0.075,0.2,1.0,867.0,68.0,35.0,0.31949250288350634
30.0,2.0,1.0,0.1,0.075,0.2,1.0,842.0,65.0,35.0,0.32304038004750596
30.0,2.0,2.0,0.1,0.075,0.2,1.0,829.0,62.0,29.0,0.3232810615199035
30.0,2.0,3.0,0.1,0.075,0.2,1.0,804.0,50.0,27.0,0.3283582089552239
30.0,2.0,4.0,0.1,0.075,0.2,1.0,794.0,45.0,23.0,0.33249370277078083
30.0,2.0,5.0,0.1,0.075,0.2,1.0,777.0,43.0,29.0,0.3333333333333333
30.0,2.0,6.0,0.1,0.075,0.2,1.0,767.0,35.0,25.0,0.3389830508474576
30.0,2.0,7.0,0.1,0.075,0.2,1.0,750.0,31.0,21.0,0.33866666666666667
30.0,2.0,8.0,0.1,0.075,0.2,1.0,734.0,22.0,13.0,0.3460490463215259
30.0,2.0,9.0,0.1,0.075,0.2,1.0,718.0,18.0,9.0,0.3467966573816156
30.0,2.0,10.0,0.1,0.075,0.2,1.0,710.0,17.0,11.0,0.3492957746478873
30.0,2.0,11.0,0.1,0.075,0.2,1.0,703.0,15.0,10.0,0.34992887624466573
30.0,2.0,12.0,0.1,0.075,0.2,1.0,691.0,17.0,10.0,0.34876989869753977
30.0,2.0,13.0,0.1,0.075,0.2,1.0,680.0,13.0,7.0,0.35294117647058826
30.0,2.0,14.0,0.1,0.075,0.2,1.0,677.0,13.0,6.0,0.35302806499261447
30.0,2.0,15.0,0.1,0.075,0.2,1.0,669.0,11.0,6.0,0.35874439461883406
30.0,2.0,16.0,0.1,0.075,0.2,1.0,664.0,9.0,5.0,0.35843373493975905
30.0,2.0,17.0,0.1,0.075,0.2,1.0,655.0,10.0,6.0,0.35419847328244275
30.0,2.0,18.0,0.1,0.075,0.2,1.0,644.0,8.0,3.0,0.35714285714285715
30.0,2.0,19.0,0.1,0.075,0.2,1.0,642.0,7.0,3.0,0.35358255451713394
30.0,2.0,20.0,0.1,0.075,0.2,1.0,1154.0,6.0,5.0,0.19324090121317158
30.0,2.0,21.0,0.1,0.075,0.2,1.0,1149.0,12.0,5.0,0.19495213228894692
30.0,2.0,22.0,0.1,0.075,0.2,1.0,1117.0,15.0,4.0,0.19247985675917637
30.0,2.0,23.0,0.1,0.075,0.2,1.0,1103.0,11.0,3.0,0.19401631912964643
30.0,2.0,24.0,0.1,0.075,0.2,1.0,1098.0,13.0,6.0,0.19489981785063754
30.0,2.0,25.0,0.1,0.075,0.2,1.0,1071.0,18.0,7.0,0.19794584500466852
30.0,2.0,26.0,0.1,0.075,0.2,1.0,1055.0,16.0,6.0,0.2009478672985782
30.0,2.0,27.0,0.1,0.075,0.2,1.0,1042.0,17.0,8.0,0.20057581573896352
30.0,2.0,28.0,0.1,0.075,0.2,1.0,1029.0,21.0,10.0,0.19922254616132168
30.0,2.0,29.0,0.1,0.075,0.2,1.0,1005.0,20.0,10.0,0.2019900497512438
30.0,2.0,30.0,0.1,0.075,0.2,1.0,965.0,16.0,9.0,0.20725388601036268
30.0,2.0,31.0,0.1,0.075,0.2,1.0,952.0,16.0,8.0,0.20483193277310924
30.0,2.0,32.0,0.1,0.075,0.2,1.0,934.0,15.0,9.0,0.20770877944325483
30.0,2.0,33.0,0.1,0.075,0.2,1.0,917.0,13.0,6.0,0.20610687022900764
30.0,2.0,34.0,0.1,0.075,0.2,1.0,910.0,11.0,6.0,0.20549450549450549
30.0,2.0,35.0,0.1,0.075,0.2,1.0,901.0,9.0,5.0,0.1997780244173141
30.0,2.0,36.0,0.1,0.075,0.2,1.0,873.0,8.0,5.0,0.2016036655211913
30.0,2.0,37.0,0.1,0.075,0.2,1.0,879.0,6.0,3.0,0.19681456200227532
30.0,2.0,38.0,0.1,0.075,0.2,1.0,828.0,6.0,4.0,0.2041062801932367
30.0,2.0,39.0,0.1,0.075,0.2,1.0,822.0,6.0,4.0,0.19829683698296838
30.0,2.0,40.0,0.1,0.075,0.2,1.0,782.0,8.0,4.0,0.20332480818414322
30.0,2.0,41.0,0.1,0.075,0.2,1.0,792.0,9.0,4.0,0.1994949494949495
30.0,2.0,42.0,0.1,0.075,0.2,1.0,770.0,7.0,3.0,0.20909090909090908
30.0,2.0,43.0,0.1,0.075,0.2,1.0,780.0,7.0,3.0,0.20384615384615384
30.0,2.0,44.0,0.1,0.075,0.2,1.0,762.0,8.0,3.0,0.2099737532808399
30.0,2.0,45.0,0.1,0.075,0.2,1.0,769.0,9.0,3.0,0.26788036410923277
30.0,2.0,46.0,0.1,0.075,0.2,1.0,758.0,12.0,5.0,0.2704485488126649
30.0,2.0,47.0,0.1,0.075,0.2,1.0,763.0,10.0,6.0,0.26605504587155965
30.0,2.0,48.0,0.1,0.075,0.2,1.0,743.0,10.0,8.0,0.27456258411843876
30.0,2.0,49.0,0.1,0.075,0.2,1.0,751.0,8.0,7.0,0.2663115845539281
30.0,2.0,50.0,0.1,0.075,0.2,1.0,722.0,7.0,5.0,0.2756232686980609
30.0,2.0,51.0,0.1,0.075,0.2,1.0,707.0,4.0,3.0,0.28005657708628007
30.0,2.0,52.0,0.1,0.075,0.2,1.0,696.0,3.0,3.0,0.2801724137931034
30.0,3.0,1.0,0.1,0.075,0.2,1.0,702.0,2.0,2.0,0.27635327635327633
30.0,3.0,2.0,0.1,0.075,0.2,1.0,682.0,2.0,1.0,0.28152492668621704
30.0,3.0,3.0,0.1,0.075,0.2,1.0,687.0,1.0,0.0,0.2780203784570597
30.0,3.0,4.0,0.1,0.075,0.2,1.0,671.0,1.0,0.0,0.2786885245901639
30.0,3.0,5.0,0.1,0.075,0.2,1.0,677.0,1.0,1.0,0.2776957163958641
30.0,3.0,6.0,0.1,0.075,0.2,1.0,653.0,1.0,1.0,0.2771822358346095
30.0,3.0,7.0,0.1,0.075,0.2,1.0,661.0,1.0,1.0,0.2753403933434191
30.0,3.0,8.0,0.1,0.075,0.2,1.0,635.0,0.0,0.0,0.2803149606299213
30.0,3.0,9.0,0.1,0.075,0.2,1.0,643.0,0.0,0.0,0.2737169517884914
30.0,3.0,10.0,0.1,0.075,0.2,1.0,623.0,0.0,0.0,0.27287319422150885
30.0,3.0,11.0,0.1,0.075,0.2,1.0,609.0,0.0,0.0,0.277504105090312
30.0,3.0,12.0,0.1,0.075,0.2,1.0,598.0,0.0,0.0,0.2809364548494983
30.0,3.0,13.0,0.1,0.075,0.2,1.0,595.0,0.0,0.0,0.280672268907563
30.0,3.0,14.0,0.1,0.075,0.2,1.0,591.0,0.0,0.0,0.27749576988155666
30.0,3.0,15.0,0.1,0.075,0.2,1.0,593.0,0.0,0.0,0.2799325463743676
30.0,3.0,16.0,0.1,0.075,0.2,1.0,587.0,0.0,0.0,0.2776831345826235
30.0,3.0,17.0,0.1,0.075,0.2,1.0,587.0,0.0,0.0,0.27938671209540034
30.0,3.0,18.0,0.1,0.075,0.2,1.0,584.0,0.0,0.0,0.2773972602739726
30.0,3.0,19.0,0.1,0.075,0.2,1.0,584.0,0.0,0.0,0.2756849315068493
30.0,3.0,20.0,0.1,0.075,0.2,1.0,1047.0,0.0,0.0,0.15281757402101243
30.0,3.0,21.0,0.1,0.075,0.2,1.0,1008.0,0.0,0.0,0.15376984126984128
30.0,3.0,22.0,0.1,0.075,0.2,1.0,952.0,0.0,0.0,0.15756302521008403
30.0,3.0,23.0,0.1,0.075,0.2,1.0,925.0,0.0,0.0,0.1589189189189189
30.0,3.0,24.0,0.1,0.075,0.2,1.0,899.0,0.0,0.0,0.15795328142380421
30.0,3.0,25.0,0.1,0.075,0.2,1.0,843.0,0.0,0.0,0.166073546856465
30.0,3.0,26.0,0.1,0.075,0.2,1.0,833.0,0.0,0.0,0.16566626650660263
30.0,3.0,27.0,0.1,0.075,0.2,1.0,825.0,0.0,0.0,0.16363636363636364
30.0,3.0,28.0,0.1,0.075,0.2,1.0,783.0,0.0,0.0,0.16347381864623245
30.0,3.0,29.0,0.1,0.075,0.2,1.0,790.0,0.0,0.0,0.15949367088607594
30.0,3.0,30.0,0.1,0.075,0.2,1.0,770.0,0.0,0.0,0.16103896103896104
30.0,3.0,31.0,0.1,0.075,0.2,1.0,759.0,0.0,0.0,0.16205533596837945
30.0,3.0,32.0,0.1,0.075,0.2,1.0,739.0,0.0,0.0,0.16373477672530445
30.0,3.0,33.0,0.1,0.075,0.2,1.0,734.0,0.0,0.0,0.16212534059945505
30.0,3.0,34.0,0.1,0.075,0.2,1.0,719.0,0.0,0.0,0.1599443671766342
30.0,3.0,35.0,0.1,0.075,0.2,1.0,702.0,0.0,0.0,0.16381766381766383
30.0,3.0,36.0,0.1,0.075,0.2,1.0,679.0,0.0,0.0,0.16494845360824742
30.0,3.0,37.0,0.1,0.075,0.2,1.0,662.0,0.0,0.0,0.1646525679758308
30.0,3.0,38.0,0.1,0.075,0.2,1.0,650.0,0.0,0.0,0.1646153846153846
30.0,3.0,39.0,0.1,0.075,0.2,1.0,637.0,0.0,0.0,0.16169544740973313
30.0,3.0,40.0,0.1,0.075,0.2,1.0,618.0,0.0,0.0,0.16666666666666666
30.0,3.0,41.0,0.1,0.075,0.2,1.0,600.0,0.0,0.0,0.165
30.0,3.0,42.0,0.1,0.075,0.2,1.0,589.0,0.0,0.0,0.16808149405772496
30.0,3.0,43.0,0.1,0.075,0.2,1.0,585.0,0.0,0.0,0.1658119658119658
30.0,3.0,44.0,0.1,0.075,0.2,1.0,582.0,0.0,0.0,0.16494845360824742
30.0,3.0,45.0,0.1,0.075,0.2,1.0,581.0,0.0,0.0,0.23752151462994836
30.0,3.0,46.0,0.1,0.075,0.2,1.0,563.0,0.0,0.0,0.23978685612788633
30.0,3.0,47.0,0.1,0.075,0.2,1.0,563.0,0.0,0.0,0.23978685612788633
30.0,3.0,48.0,0.1,0.075,0.2,1.0,556.0,0.0,0.0,0.24280575539568344
30.0,3.0,49.0,0.1,0.075,0.2,1.0,556.0,0.0,0.0,0.24100719424460432
30.0,3.0,50.0,0.1,0.075,0.2,1.0,543.0,0.0,0.0,0.24125230202578268
30.0,3.0,51.0,0.1,0.075,0.2,1.0,550.0,0.0,0.0,0.23636363636363636
30.0,3.0,52.0,0.1,0.075,0.2,1.0,540.0,0.0,0.0,0.2388888888888889
30.0,4.0,1.0,0.1,0.075,0.2,1.0,541.0,0.0,0.0,0.24029574861367836
30.0,4.0,2.0,0.1,0.075,0.2,1.0,530.0,0.0,0.0,0.24150943396226415
30.0,4.0,3.0,0.1,0.075,0.2,1.0,533.0,0.0,0.0,0.23827392120075047
30.0,4.0,4.0,0.1,0.075,0.2,1.0,528.0,0.0,0.0,0.24053030303030304
30.0,4.0,5.0,0.1,0.075,0.2,1.0,528.0,0.0,0.0,0.23863636363636365
30.0,4.0,6.0,0.1,0.075,0.2,1.0,519.0,0.0,0.0,0.24084778420038536
30.0,4.0,7.0,0.1,0.075,0.2,1.0,520.0,0.0,0.0,0.2403846153846154
30.0,4.0,8.0,0.1,0.075,0.2,1.0,510.0,0.0,0.0,0.2411764705882353
30.0,4.0,9.0,0.1,0.075,0.2,1.0,508.0,0.0,0.0,0.24015748031496062
30.0,4.0,10.0,0.1,0.075,0.2,1.0,505.0,0.0,0.0,0.24158415841584158
30.0,4.0,11.0,0.1,0.075,0.2,1.0,501.0,0.0,0.0,0.23952095808383234
30.0,4.0,12.0,0.1,0.075,0.2,1.0,495.0,0.0,0.0,0.24242424242424243
30.0,4.0,13.0,0.1,0.075,0.2,1.0,481.0,0.0,0.0,0.24532224532224534
30.0,4.0,14.0,0.1,0.075,0.2,1.0,479.0,0.0,0.0,0.24634655532359082
30.0,4.0,15.0,0.1,0.075,0.2,1.0,481.0,0.0,0.0,0.24532224532224534
30.0,4.0,16.0,0.1,0.075,0.2,1.0,478.0,0.0,0.0,0.24267782426778242
30.0,4.0,17.0,0.1,0.075,0.2,1.0,477.0,0.0,0.0,0.2431865828092243
30.0,4.0,18.0,0.1,0.075,0.2,1.0,473.0,0.0,0.0,0.24101479915433405
30.0,4.0,19.0,0.1,0.075,0.2,1.0,470.0,0.0,0.0,0.23617021276595745
30.0,4.0,20.0,0.1,0.075,0.2,1.0,856.0,0.0,0.0,0.12850467289719625
30.0,4.0,21.0,0.1,0.075,0.2,1.0,834.0,0.0,0.0,0.12709832134292565
30.0,4.0,22.0,0.1,0.075,0.2,1.0,822.0,0.0,0.0,0.12652068126520682
30.0,4.0,23.0,0.1,0.075,0.2,1.0,787.0,0.0,0.0,0.12833545108005082
30.0,4.0,24.0,0.1,0.075,0.2,1.0,781.0,0.0,0.0,0.12804097311139565
30.0,4.0,25.0,0.1,0.075,0.2,1.0,770.0,0.0,0.0,0.13376623376623376
30.0,4.0,26.0,0.1,0.075,0.2,1.0,745.0,0.0,0.0,0.13154362416107382
30.0,4.0,27.0,0.1,0.075,0.2,1.0,735.0,0.0,0.0,0.13197278911564625
30.0,4.0,28.0,0.1,0.075,0.2,1.0,691.0,0.0,0.0,0.12590448625180897
30.0,4.0,29.0,0.1,0.075,0.2,1.0,678.0,0.0,0.0,0.13126843657817108
30.0,4.0,30.0,0.1,0.075,0.2,1.0,663.0,0.0,0.0,0.12669683257918551
30.0,4.0,31.0,0.1,0.075,0.2,1.0,665.0,0.0,0.0,0.13233082706766916
30.0,4.0,32.0,0.1,0.075,0.2,1.0,640.0,0.0,0.0,0.125
30.0,4.0,33.0,0.1,0.075,0.2,1.0,631.0,0.0,0.0,0.13629160063391443
30.0,4.0,34.0,0.1,0.075,0.2,1.0,610.0,0.0,0.0,0.12950819672131147
30.0,4.0,35.0,0.1,0.075,0.2,1.0,609.0,0.0,0.0,0.1330049261083744
30.0,4.0,36.0,0.1,0.075,0.2,1.0,608.0,0.0,0.0,0.1299342105263158
30.0,4.0,37.0,0.1,0.075,0.2,1.0,583.0,0.0,0.0,0.13550600343053174
30.0,4.0,38.0,0.1,0.075,0.2,1.0,567.0,0.0,0.0,0.13227513227513227
30.0,4.0,39.0,0.1,0.075,0.2,1.0,569.0,0.0,0.0,0.13884007029876977
30.0,4.0,40.0,0.1,0.075,0.2,1.0,564.0,0.0,0.0,0.13297872340425532
30.0,4.0,41.0,0.1,0.075,0.2,1.0,563.0,0.0,0.0,0.13676731793960922
30.0,4.0,42.0,0.1,0.075,0.2,1.0,560.0,0.0,0.0,0.13035714285714287
30.0,4.0,43.0,0.1,0.075,0.2,1.0,561.0,0.0,0.0,0.1354723707664884
30.0,4.0,44.0,0.1,0.075,0.2,1.0,548.0,0.0,0.0,0.1332116788321168
30.0,4.0,45.0,0.1,0.075,0.2,1.0,561.0,0.0,0.0,0.19786096256684493
30.0,4.0,46.0,0.1,0.075,0.2,1.0,533.0,0.0,0.0,0.19699812382739212
30.0,4.0,47.0,0.1,0.075,0.2,1.0,536.0,0.0,0.0,0.19776119402985073
30.0,4.0,48.0,0.1,0.075,0.2,1.0,524.0,0.0,0.0,0.1965648854961832
30.0,4.0,49.0,0.1,0.075,0.2,1.0,530.0,0.0,0.0,0.2
30.0,4.0,50.0,0.1,0.075,0.2,1.0,514.0,0.0,0.0,0.19455252918287938
30.0,4.0,51.0,0.1,0.075,0.2,1.0,523.0,0.0,0.0,0.1950286806883365
30.0,4.0,52.0,0.1,0.075,0.2,1.0,508.0,0.0,0.0,0.1889763779527559
30.0,5.0,1.0,0.1,0.075,0.2,1.0,520.0,0.0,0.0,0.19230769230769232
30.0,5.0,2.0,0.1,0.075,0.2,1.0,501.0,0.0,0.0,0.18762475049900199
30.0,5.0,3.0,0.1,0.075,0.2,1.0,507.0,0.0,0.0,0.1952662721893491
30.0,5.0,4.0,0.1,0.075,0.2,1.0,494.0,0.0,0.0,0.1882591093117409
30.0,5.0,5.0,0.1,0.075,0.2,1.0,491.0,0.0,0.0,0.18737270875763748
30.0,5.0,6.0,0.1,0.075,0.2,1.0,489.0,0.0,0.0,0.1901840490797546
30.0,5.0,7.0,0.1,0.075,0.2,1.0,483.0,0.0,0.0,0.19047619047619047
30.0,5.0,8.0,0.1,0.075,0.2,1.0,478.0,0.0,0.0,0.1903765690376569
30.0,5.0,9.0,0.1,0.075,0.2,1.0,471.0,0.0,0.0,0.1910828025477707
30.0,5.0,10.0,0.1,0.075,0.2,1.0,467.0,0.0,0.0,0.18843683083511778
30.0,5.0,11.0,0.1,0.075,0.2,1.0,466.0,0.0,0.0,0.19313304721030042
30.0,5.0,12.0,0.1,0.075,0.2,1.0,460.0,0.0,0.0,0.19130434782608696
30.0,5.0,13.0,0.1,0.075,0.2,1.0,462.0,0.0,0.0,0.19264069264069264
30.0,5.0,14.0,0.1,0.075,0.2,1.0,459.0,0.0,0.0,0.1895424836601307
30.0,5.0,15.0,0.1,0.075,0.2,1.0,462.0,0.0,0.0,0.19264069264069264
30.0,5.0,16.0,0.1,0.075,0.2,1.0,455.0,0.0,0.0,0.189010989010989
30.0,5.0,17.0,0.1,0.075,0.2,1.0,459.0,0.0,0.0,0.19389978213507625
30.0,5.0,18.0,0.1,0.075,0.2,1.0,453.0,0.0,0.0,0.19205298013245034
30.0,5.0,19.0,0.1,0.075,0.2,1.0,456.0,0.0,0.0,0.19517543859649122
30.0,5.0,20.0,0.1,0.075,0.2,1.0,795.0,0.0,0.0,0.10817610062893082
30.0,5.0,21.0,0.1,0.075,0.2,1.0,785.0,0.0,0.0,0.10955414012738854
30.0,5.0,22.0,0.1,0.075,0.2,1.0,763.0,0.0,0.0,0.10615989515072084
30.0,5.0,23.0,0.1,0.075,0.2,1.0,751.0,0.0,0.0,0.1051930758988016
30.0,5.0,24.0,0.1,0.075,0.2,1.0,748.0,0.0,0.0,0.10294117647058823
30.0,5.0,25.0,0.1,0.075,0.2,1.0,722.0,0.0,0.0,0.10803324099722991
30.0,5.0,26.0,0.1,0.075,0.2,1.0,721.0,0.0,0.0,0.10679611650485436
30.0,5.0,27.0,0.1,0.075,0.2,1.0,718.0,0.0,0.0,0.10863509749303621
30.0,5.0,28.0,0.1,0.075,0.2,1.0,704.0,0.0,0.0,0.10795454545454546
30.0,5.0,29.0,0.1,0.075,0.2,1.0,704.0,0.0,0.0,0.10795454545454546
30.0,5.0,30.0,0.1,0.075,0.2,1.0,667.0,0.0,0.0,0.10944527736131934
30.0,5.0,31.0,0.1,0.075,0.2,1.0,674.0,0.0,0.0,0.10979228486646884
30.0,5.0,32.0,0.1,0.075,0.2,1.0,630.0,0.0,0.0,0.1126984126984127
30.0,5.0,33.0,0.1,0.075,0.2,1.0,645.0,0.0,0.0,0.11007751937984496
30.0,5.0,34.0,0.1,0.075,0.2,1.0,607.0,0.0,0.0,0.11367380560131796
30.0,5.0,35.0,0.1,0.075,0.2,1.0,620.0,0.0,0.0,0.11290322580645161
30.0,5.0,36.0,0.1,0.075,0.2,1.0,602.0,0.0,0.0,0.11461794019933555
30.0,5.0,37.0,0.1,0.075,0.2,1.0,618.0,0.0,0.0,0.11326860841423948
30.0,5.0,38.0,0.1,0.075,0.2,1.0,595.0,0.0,0.0,0.11428571428571428
30.0,5.0,39.0,0.1,0.075,0.2,1.0,591.0,0.0,0.0,0.10829103214890017
30.0,5.0,40.0,0.1,0.075,0.2,1.0,567.0,0.0,0.0,0.10582010582010581
30.0,5.0,41.0,0.1,0.075,0.2,1.0,564.0,0.0,0.0,0.10283687943262411
30.0,5.0,42.0,0.1,0.075,0.2,1.0,551.0,0.0,0.0,0.10526315789473684
30.0,5.0,43.0,0.1,0.075,0.2,1.0,549.0,0.0,0.0,0.10564663023679417
30.0,5.0,44.0,0.1,0.075,0.2,1.0,540.0,0.0,0.0,0.10555555555555556
30.0,5.0,45.0,0.1,0.075,0.2,1.0,541.0,0.0,0.0,0.20517560073937152
30.0,5.0,46.0,0.1,0.075,0.2,1.0,519.0,0.0,0.0,0.21001926782273603
30.0,5.0,47.0,0.1,0.075,0.2,1.0,525.0,0.0,0.0,0.2057142857142857
30.0,5.0,48.0,0.1,0.075,0.2,1.0,496.0,0.0,0.0,0.20766129032258066
30.0,5.0,49.0,0.1,0.075,0.2,1.0,509.0,0.0,0.0,0.20235756385068762
30.0,5.0,50.0,0.1,0.075,0.2,1.0,481.0,0.0,0.0,0.20374220374220375
30.0,5.0,51.0,0.1,0.075,0.2,1.0,490.0,0.0,0.0,0.2
30.0,5.0,52.0,0.1,0.075,0.2,1.0,479.0,0.0,0.0,0.20250521920668058
30.0,6.0,1.0,0.1,0.075,0.2,1.0,488.0,0.0,0.0,0.1987704918032787
30.0,6.0,2.0,0.1,0.075,0.2,1.0,475.0,0.0,0.0,0.20210526315789473
30.0,6.0,3.0,0.1,0.075,0.2,1.0,487.0,0.0,0.0,0.19917864476386038
30.0,6.0,4.0,0.1,0.075,0.2,1.0,471.0,0.0,0.0,0.20169851380042464
30.0,6.0,5.0,0.1,0.075,0.2,1.0,483.0,0.0,0.0,0.19875776397515527
30.0,6.0,6.0,0.1,0.075,0.2,1.0,467.0,0.0,0.0,0.2012847965738758
30.0,6.0,7.0,0.1,0.075,0.2,1.0,481.0,0.0,0.0,0.1995841995841996
30.0,6.0,8.0,0.1,0.075,0.2,1.0,463.0,0.0,0.0,0.20086393088552915
30.0,6.0,9.0,0.1,0.075,0.2,1.0,476.0,0.0,0.0,0.19957983193277312
30.0,6.0,10.0,0.1,0.075,0.2,1.0,457.0,0.0,0.0,0.20568927789934355
30.0,6.0,11.0,0.1,0.075,0.2,1.0,466.0,0.0,0.0,0.20386266094420602
30.0,6.0,12.0,0.1,0.075,0.2,1.0,452.0,0.0,0.0,0.2013274336283186
30.0,6.0,13.0,0.1,0.075,0.2,1.0,459.0,0.0,0.0,0.19825708061002179
30.0,6.0,14.0,0.1,0.075,0.2,1.0,454.0,0.0,0.0,0.2026431718061674
30.0,6.0,15.0,0.1,0.075,0.2,1.0,457.0,0.0,0.0,0.19912472647702406
30.0,6.0,16.0,0.1,0.075,0.2,1.0,450.0,0.0,0.0,0.2
30.0,6.0,17.0,0.1,0.075,0.2,1.0,455.0,0.0,0.0,0.1978021978021978
30.0,6.0,18.0,0.1,0.075,0.2,1.0,451.0,0.0,0.0,0.2017738359201774
30.0,6.0,19.0,0.1,0.075,0.2,1.0,455.0,0.0,0.0,0.1978021978021978
30.0,6.0,20.0,0.1,0.075,0.2,1.0,816.0,0.0,0.0,0.10784313725490197
30.0,6.0,21.0,0.1,0.075,0.2,1.0,812.0,0.0,0.0,0.10591133004926108
30.0,6.0,22.0,0.1,0.075,0.2,1.0,790.0,0.0,0.0,0.10759493670886076
30.0,6.0,23.0,0.1,0.075,0.2,1.0,794.0,0.0,0.0,0.1070528967254408
30.0,6.0,24.0,0.1,0.075,0.2,1.0,773.0,0.0,0.0,0.10866752910737387
30.0,6.0,25.0,0.1,0.075,0.2,1.0,777.0,0.0,0.0,0.1093951093951094
30.0,6.0,26.0,0.1,0.075,0.2,1.0,711.0,0.0,0.0,0.10829817158931083
30.0,6.0,27.0,0.1,0.075,0.2,1.0,712.0,0.0,0.0,0.10814606741573034
30.0,6.0,28.0,0.1,0.075,0.2,1.0,689.0,0.0,0.0,0.10885341074020319
30.0,6.0,29.0,0.1,0.075,0.2,1.0,704.0,0.0,0.0,0.10795454545454546
30.0,6.0,30.0,0.1,0.075,0.2,1.0,696.0,0.0,0.0,0.10919540229885058
30.0,6.0,31.0,0.1,0.075,0.2,1.0,698.0,0.0,0.0,0.10744985673352435
30.0,6.0,32.0,0.1,0.075,0.2,1.0,686.0,0.0,0.0,0.10932944606413994
30.0,6.0,33.0,0.1,0.075,0.2,1.0,696.0,0.0,0.0,0.10775862068965517
30.0,6.0,34.0,0.1,0.075,0.2,1.0,665.0,0.0,0.0,0.10977443609022557
30.0,6.0,35.0,0.1,0.075,0.2,1.0,649.0,0.0,0.0,0.10785824345146379
30.0,6.0,36.0,0.1,0.075,0.2,1.0,620.0,0.0,0.0,0.10806451612903226
30.0,6.0,37.0,0.1,0.075,0.2,1.0,593.0,0.0,0.0,0.1045531197301855
30.0,6.0,38.0,0.1,0.075,0.2,1.0,585.0,0.0,0.0,0.1094017094017094
30.0,6.0,39.0,0.1,0.075,0.2,1.0,585.0,0.0,0.0,0.10427350427350428
30.0,6.0,40.0,0.1,0.075,0.2,1.0,579.0,0.0,0.0,0.10880829015544041
30.0,6.0,41.0,0.1,0.075,0.2,1.0,579.0,0.0,0.0,0.10535405872193437
30.0,6.0,42.0,0.1,0.075,0.2,1.0,578.0,0.0,0.0,0.10899653979238755
30.0,6.0,43.0,0.1,0.075,0.2,1.0,567.0,0.0,0.0,0.10229276895943562
30.0,6.0,44.0,0.1,0.075,0.2,1.0,562.0,0.0,0.0,0.10498220640569395
30.0,6.0,45.0,0.1,0.075,0.2,1.0,565.0,0.0,0.0,0.1433628318584071
30.0,6.0,46.0,0.1,0.075,0.2,1.0,546.0,0.0,0.0,0.1446886446886447
30.0,6.0,47.0,0.1,0.075,0.2,1.0,548.0,0.0,0.0,0.14051094890510948
30.0,6.0,48.0,0.1,0.075,0.2,1.0,544.0,0.0,0.0,0.14338235294117646
30.0,6.0,49.0,0.1,0.075,0.2,1.0,548.0,0.0,0.0,0.14051094890510948
30.0,6.0,50.0,0.1,0.075,0.2,1.0,544.0,0.0,0.0,0.14338235294117646
30.0,6.0,51.0,0.1,0.075,0.2,1.0,538.0,0.0,0.0,0.1412639405204461
30.0,6.0,52.0,0.1,0.075,0.2,1.0,531.0,0.0,0.0,0.1431261770244821
30.0,7.0,1.0,0.1,0.075,0.2,1.0,532.0,0.0,0.0,0.13909774436090225
30.0,7.0,2.0,0.1,0.075,0.2,1.0,526.0,0.0,0.0,0.14068441064638784
30.0,7.0,3.0,0.1,0.075,0.2,1.0,523.0,0.0,0.0,0.13957934990439771
30.0,7.0,4.0,0.1,0.075,0.2,1.0,519.0,0.0,0.0,0.14258188824662812
30.0,7.0,5.0,0.1,0.075,0.2,1.0,516.0,0.0,0.0,0.13953488372093023
30.0,7.0,6.0,0.1,0.075,0.2,1.0,509.0,0.0,0.0,0.13948919449901767
30.0,7.0,7.0,0.1,0.075,0.2,1.0,502.0,0.0,0.0,0.14143426294820718
30.0,7.0,8.0,0.1,0.075,0.2,1.0,495.0,0.0,0.0,0.1393939393939394
30.0,7.0,9.0,0.1,0.075,0.2,1.0,480.0,0.0,0.0,0.14375
30.0,7.0,10.0,0.1,0.075,0.2,1.0,479.0,0.0,0.0,0.1419624217118998
30.0,7.0,11.0,0.1,0.075,0.2,1.0,474.0,0.0,0.0,0.14345991561181434
30.0,7.0,12.0,0.1,0.075,0.2,1.0,473.0,0.0,0.0,0.14587737843551796
30.0,7.0,13.0,0.1,0.075,0.2,1.0,470.0,0.0,0.0,0.14468085106382977
30.0,7.0,14.0,0.1,0.075,0.2,1.0,471.0,0.0,0.0,0.14437367303609341
30.0,7.0,15.0,0.1,0.075,0.2,1.0,468.0,0.0,0.0,0.14316239316239315
30.0,7.0,16.0,0.1,0.075,0.2,1.0,469.0,0.0,0.0,0.14498933901918976
30.0,7.0,17.0,0.1,0.075,0.2,1.0,466.0,0.0,0.0,0.14377682403433475
30.0,7.0,18.0,0.1,0.075,0.2,1.0,467.0,0.0,0.0,0.14346895074946467
30.0,7.0,19.0,0.1,0.075,0.2,1.0,465.0,0.0,0.0,0.14193548387096774
30.0,7.0,20.0,0.1,0.075,0.2,1.0,841.0,0.0,0.0,0.07847800237812129
30.0,7.0,21.0,0.1,0.075,0.2,1.0,834.0,0.0,0.0,0.07913669064748201
30.0,7.0,22.0,0.1,0.075,0.2,1.0,803.0,0.0,0.0,0.07970112079701121
30.0,7.0,23.0,0.1,0.075,0.2,1.0,784.0,0.0,0.0,0.0778061224489796
30.0,7.0,24.0,0.1,0.075,0.2,1.0,770.0,0.0,0.0,0.07792207792207792
30.0,7.0,25.0,0.1,0.075,0.2,1.0,726.0,0.0,0.0,0.081267217630854
30.0,7.0,26.0,0.1,0.075,0.2,1.0,697.0,0.0,0.0,0.07890961262553801
30.0,7.0,27.0,0.1,0.075,0.2,1.0,675.0,0.0,0.0,0.08148148148148149
30.0,7.0,28.0,0.1,0.075,0.2,1.0,664.0,0.0,0.0,0.08132530120481928
30.0,7.0,29.0,0.1,0.075,0.2,1.0,660.0,0.0,0.0,0.08333333333333333
30.0,7.0,30.0,0.1,0.075,0.2,1.0,647.0,0.0,0.0,0.08191653786707882
30.0,7.0,31.0,0.1,0.075,0.2,1.0,644.0,0.0,0.0,0.08385093167701864
30.0,7.0,32.0,0.1,0.075,0.2,1.0,644.0,0.0,0.0,0.08229813664596274
30.0,7.0,33.0,0.1,0.075,0.2,1.0,611.0,0.0,0.0,0.0851063829787234
30.0,7.0,34.0,0.1,0.075,0.2,1.0,603.0,0.0,0.0,0.08623548922056384
30.0,7.0,35.0,0.1,0.075,0.2,1.0,597.0,0.0,0.0,0.08710217755443886
30.0,7.0,36.0,0.1,0.075,0.2,1.0,596.0,0.0,0.0,0.08389261744966443
30.0,7.0,37.0,0.1,0.075,0.2,1.0,575.0,0.0,0.0,0.08695652173913043
30.0,7.0,38.0,0.1,0.075,0.2,1.0,578.0,0.0,0.0,0.0847750865051903
30.0,7.0,39.0,0.1,0.075,0.2,1.0,569.0,0.0,0.0,0.08787346221441125
30.0,7.0,40.0,0.1,0.075,0.2,1.0,574.0,0.0,0.0,0.08536585365853659
30.0,7.0,41.0,0.1,0.075,0.2,1.0,568.0,0.0,0.0,0.0880281690140845
30.0,7.0,42.0,0.1,0.075,0.2,1.0,557.0,0.0,0.0,0.0843806104129264
30.0,7.0,43.0,0.1,0.075,0.2,1.0,526.0,0.0,0.0,0.08365019011406843
30.0,7.0,44.0,0.1,0.075,0.2,1.0,515.0,0.0,0.0,0.08349514563106795
30.0,7.0,45.0,0.1,0.075,0.2,1.0,512.0,0.0,0.0,0.154296875
30.0,7.0,46.0,0.1,0.075,0.2,1.0,512.0,0.0,0.0,0.150390625
30.0,7.0,47.0,0.1,0.075,0.2,1.0,512.0,0.0,0.0,0.15625
30.0,7.0,48.0,0.1,0.075,0.2,1.0,510.0,0.0,0.0,0.15098039215686274
30.0,7.0,49.0,0.1,0.075,0.2,1.0,508.0,0.0,0.0,0.15551181102362205
30.0,7.0,50.0,0.1,0.075,0.2,1.0,501.0,0.0,0.0,0.15169660678642716
30.0,7.0,51.0,0.1,0.075,0.2,1.0,503.0,0.0,0.0,0.15705765407554673
30.0,7.0,52.0,0.1,0.075,0.2,1.0,485.0,0.0,0.0,0.15463917525773196
30.0,8.0,1.0,0.1,0.075,0.2,1.0,488.0,0.0,0.0,0.15778688524590165
30.0,8.0,2.0,0.1,0.075,0.2,1.0,478.0,0.0,0.0,0.15271966527196654
30.0,8.0,3.0,0.1,0.075,0.2,1.0,486.0,0.0,0.0,0.15843621399176955
30.0,8.0,4.0,0.1,0.075,0.2,1.0,477.0,0.0,0.0,0.1530398322851153
30.0,8.0,5.0,0.1,0.075,0.2,1.0,484.0,0.0,0.0,0.1590909090909091
30.0,8.0,6.0,0.1,0.075,0.2,1.0,477.0,0.0,0.0,0.1530398322851153
30.0,8.0,7.0,0.1,0.075,0.2,1.0,482.0,0.0,0.0,0.15975103734439833
30.0,8.0,8.0,0.1,0.075,0.2,1.0,467.0,0.0,0.0,0.15417558886509636
30.0,8.0,9.0,0.1,0.075,0.2,1.0,469.0,0.0,0.0,0.15991471215351813
30.0,8.0,10.0,0.1,0.075,0.2,1.0,464.0,0.0,0.0,0.15517241379310345
30.0,8.0,11.0,0.1,0.075,0.2,1.0,461.0,0.0,0.0,0.16268980477223427
30.0,8.0,12.0,0.1,0.075,0.2,1.0,455.0,0.0,0.0,0.15824175824175823
30.0,8.0,13.0,0.1,0.075,0.2,1.0,448.0,0.0,0.0,0.16294642857142858
30.0,8.0,14.0,0.1,0.075,0.2,1.0,442.0,0.0,0.0,0.1583710407239819
30.0,8.0,15.0,0.1,0.075,0.2,1.0,446.0,0.0,0.0,0.16367713004484305
30.0,8.0,16.0,0.1,0.075,0.2,1.0,442.0,0.0,0.0,0.1583710407239819
30.0,8.0,17.0,0.1,0.075,0.2,1.0,445.0,0.0,0.0,0.16404494382022472
30.0,8.0,18.0,0.1,0.075,0.2,1.0,441.0,0.0,0.0,0.15873015873015872
30.0,8.0,19.0,0.1,0.075,0.2,1.0,445.0,0.0,0.0,0.16404494382022472
30.0,8.0,20.0,0.1,0.075,0.2,1.0,788.0,0.0,0.0,0.08883248730964467
30.0,8.0,21.0,0.1,0.075,0.2,1.0,730.0,0.0,0.0,0.0958904109589041
30.0,8.0,22.0,0.1,0.075,0.2,1.0,707.0,0.0,0.0,0.0891089108910891
30.0,8.0,23.0,0.1,0.075,0.2,1.0,706.0,0.0,0.0,0.0906515580736544
30.0,8.0,24.0,0.1,0.075,0.2,1.0,685.0,0.0,0.0,0.08759124087591241
30.0,8.0,25.0,0.1,0.075,0.2,1.0,692.0,0.0,0.0,0.09104046242774566
30.0,8.0,26.0,0.1,0.075,0.2,1.0,685.0,0.0,0.0,0.08759124087591241
30.0,8.0,27.0,0.1,0.075,0.2,1.0,692.0,0.0,0.0,0.09104046242774566
30.0,8.0,28.0,0.1,0.075,0.2,1.0,674.0,0.0,0.0,0.08605341246290801
30.0,8.0,29.0,0.1,0.075,0.2,1.0,670.0,0.0,0.0,0.08955223880597014
30.0,8.0,30.0,0.1,0.075,0.2,1.0,662.0,0.0,0.0,0.08610271903323263
30.0,8.0,31.0,0.1,0.075,0.2,1.0,669.0,0.0,0.0,0.08968609865470852
30.0,8.0,32.0,0.1,0.075,0.2,1.0,648.0,0.0,0.0,0.08796296296296297
30.0,8.0,33.0,0.1,0.075,0.2,1.0,635.0,0.0,0.0,0.09133858267716535
30.0,8.0,34.0,0.1,0.075,0.2,1.0,630.0,0.0,0.0,0.0873015873015873
30.0,8.0,35.0,0.1,0.075,0.2,1.0,638.0,0.0,0.0,0.09090909090909091
30.0,8.0,36.0,0.1,0.075,0.2,1.0,618.0,0.0,0.0,0.08737864077669903
30.0,8.0,37.0,0.1,0.075,0.2,1.0,614.0,0.0,0.0,0.09283387622149837
30.0,8.0,38.0,0.1,0.075,0.2,1.0,581.0,0.0,0.0,0.08950086058519793
30.0,8.0,39.0,0.1,0.075,0.2,1.0,590.0,0.0,0.0,0.09322033898305085
30.0,8.0,40.0,0.1,0.075,0.2,1.0,582.0,0.0,0.0,0.08934707903780069
30.0,8.0,41.0,0.1,0.075,0.2,1.0,589.0,0.0,0.0,0.0933786078098472
30.0,8.0,42.0,0.1,0.075,0.2,1.0,568.0,0.0,0.0,0.09154929577464789
30.0,8.0,43.0,0.1,0.075,0.2,1.0,574.0,0.0,0.0,0.09581881533101046
30.0,8.0,44.0,0.1,0.075,0.2,1.0,567.0,0.0,0.0,0.09171075837742504
30.0,8.0,45.0,0.1,0.075,0.2,1.0,576.0,0.0,0.0,0.1440972222222222
30.0,8.0,46.0,0.1,0.075,0.2,1.0,568.0,0.0,0.0,0.13908450704225353
30.0,8.0,47.0,0.1,0.075,0.2,1.0,575.0,0.0,0.0,0.1443478260869565
30.0,8.0,48.0,0.1,0.075,0.2,1.0,567.0,0.0,0.0,0.13932980599647266
30.0,8.0,49.0,0.1,0.075,0.2,1.0,565.0,0.0,0.0,0.14513274336283186
30.0,8.0,50.0,0.1,0.075,0.2,1.0,553.0,0.0,0.0,0.13924050632911392
30.0,8.0,51.0,0.1,0.075,0.2,1.0,563.0,0.0,0.0,0.14564831261101244
30.0,8.0,52.0,0.1,0.075,0.2,1.0,550.0,0.0,0.0,0.14181818181818182
30.0,9.0,1.0,0.1,0.075,0.2,1.0,559.0,0.0,0.0,0.14669051878354203
30.0,9.0,2.0,0.1,0.075,0.2,1.0,548.0,0.0,0.0,0.14233576642335766
30.0,9.0,3.0,0.1,0.075,0.2,1.0,554.0,0.0,0.0,0.14620938628158844
30.0,9.0,4.0,0.1,0.075,0.2,1.0,543.0,0.0,0.0,0.143646408839779
30.0,9.0,5.0,0.1,0.075,0.2,1.0,553.0,0.0,0.0,0.14647377938517178
30.0,9.0,6.0,0.1,0.075,0.2,1.0,543.0,0.0,0.0,0.143646408839779
30.0,9.0,7.0,0.1,0.075,0.2,1.0,553.0,0.0,0.0,0.14647377938517178
30.0,9.0,8.0,0.1,0.075,0.2,1.0,537.0,0.0,0.0,0.1452513966480447
30.0,9.0,9.0,0.1,0.075,0.2,1.0,543.0,0.0,0.0,0.14917127071823205
30.0,9.0,10.0,0.1,0.075,0.2,1.0,532.0,0.0,0.0,0.14661654135338345
30.0,9.0,11.0,0.1,0.075,0.2,1.0,532.0,0.0,0.0,0.15225563909774437
30.0,9.0,12.0,0.1,0.075,0.2,1.0,510.0,0.0,0.0,0.14705882352941177
30.0,9.0,13.0,0.1,0.075,0.2,1.0,519.0,0.0,0.0,0.15414258188824662
30.0,9.0,14.0,0.1,0.075,0.2,1.0,510.0,0.0,0.0,0.14705882352941177
30.0,9.0,15.0,0.1,0.075,0.2,1.0,519.0,0.0,0.0,0.15414258188824662
30.0,9.0,16.0,0.1,0.075,0.2,1.0,512.0,0.0,0.0,0.146484375
30.0,9.0,17.0,0.1,0.075,0.2,1.0,518.0,0.0,0.0,0.15444015444015444
30.0,9.0,18.0,0.1,0.075,0.2,1.0,511.0,0.0,0.0,0.14677103718199608
30.0,9.0,19.0,0.1,0.075,0.2,1.0,518.0,0.0,0.0,0.15444015444015444
30.0,9.0,20.0,0.1,0.075,0.2,1.0,962.0,0.0,0.0,0.07380457380457381
30.0,9.0,21.0,0.1,0.075,0.2,1.0,945.0,0.0,0.0,0.07936507936507936
30.0,9.0,22.0,0.1,0.075,0.2,1.0,903.0,0.0,0.0,0.0753045404208195
30.0,9.0,23.0,0.1,0.075,0.2,1.0,929.0,0.0,0.0,0.07857911733046287
30.0,9.0,24.0,0.1,0.075,0.2,1.0,900.0,0.0,0.0,0.07555555555555556
30.0,9.0,25.0,0.1,0.075,0.2,1.0,917.0,0.0,0.0,0.07960741548527808
30.0,9.0,26.0,0.1,0.075,0.2,1.0,879.0,0.0,0.0,0.07622298065984073
30.0,9.0,27.0,0.1,0.075,0.2,1.0,899.0,0.0,0.0,0.08008898776418243
30.0,9.0,28.0,0.1,0.075,0.2,1.0,857.0,0.0,0.0,0.07817969661610269
30.0,9.0,29.0,0.1,0.075,0.2,1.0,888.0,0.0,0.0,0.08108108108108109
30.0,9.0,30.0,0.1,0.075,0.2,1.0,823.0,0.0,0.0,0.07897934386391252
30.0,9.0,31.0,0.1,0.075,0.2,1.0,847.0,0.0,0.0,0.08264462809917356
30.0,9.0,32.0,0.1,0.075,0.2,1.0,819.0,0.0,0.0,0.07936507936507936
30.0,9.0,33.0,0.1,0.075,0.2,1.0,821.0,0.0,0.0,0.0828258221680877
30.0,9.0,34.0,0.1,0.075,0.2,1.0,797.0,0.0,0.0,0.07904642409033877
30.0,9.0,35.0,0.1,0.075,0.2,1.0,782.0,0.0,0.0,0.08312020460358056
30.0,9.0,36.0,0.1,0.075,0.2,1.0,730.0,0.0,0.0,0.08356164383561644
30.0,9.0,37.0,0.1,0.075,0.2,1.0,741.0,0.0,0.0,0.08636977058029689
30.0,9.0,38.0,0.1,0.075,0.2,1.0,712.0,0.0,0.0,0.08567415730337079
30.0,9.0,39.0,0.1,0.075,0.2,1.0,723.0,0.0,0.0,0.08852005532503458
30.0,9.0,40.0,0.1,0.075,0.2,1.0,712.0,0.0,0.0,0.08567415730337079
30.0,9.0,41.0,0.1,0.075,0.2,1.0,712.0,0.0,0.0,0.08848314606741572
30.0,9.0,42.0,0.1,0.075,0.2,1.0,652.0,0.0,0.0,0.0843558282208589
30.0,9.0,43.0,0.1,0.075,0.2,1.0,671.0,0.0,0.0,0.08643815201192251
30.0,9.0,44.0,0.1,0.075,0.2,1.0,653.0,0.0,0.0,0.08575803981623277
30.0,9.0,45.0,0.1,0.075,0.2,1.0,649.0,0.0,0.0,0.16486902927580893
30.0,9.0,46.0,0.1,0.075,0.2,1.0,619.0,0.0,0.0,0.1680129240710824
30.0,9.0,47.0,0.1,0.075,0.2,1.0,625.0,0.0,0.0,0.1664
30.0,9.0,48.0,0.1,0.075,0.2,1.0,596.0,0.0,0.0,0.1644295302013423
30.0,9.0,49.0,0.1,0.075,0.2,1.0,601.0,0.0,0.0,0.16805324459234608
30.0,9.0,50.0,0.1,0.075,0.2,1.0,585.0,0.0,0.0,0.1675213675213675
30.0,9.0,51.0,0.1,0.075,0.2,1.0,590.0,0.0,0.0,0.16779661016949152
30.0,9.0,52.0,0.1,0.075,0.2,1.0,578.0,0.0,0.0,0.16782006920415224
30.0,10.0,1.0,0.1,0.075,0.2,1.0,585.0,0.0,0.0,0.16923076923076924
30.0,10.0,2.0,0.1,0.075,0.2,1.0,573.0,0.0,0.0,0.16928446771378708
30.0,10.0,3.0,0.1,0.075,0.2,1.0,581.0,0.0,0.0,0.1686746987951807
30.0,10.0,4.0,0.1,0.075,0.2,1.0,573.0,0.0,0.0,0.16928446771378708
30.0,10.0,5.0,0.1,0.075,0.2,1.0,581.0,0.0,0.0,0.1686746987951807
30.0,10.0,6.0,0.1,0.075,0.2,1.0,570.0,0.0,0.0,0.17017543859649123
30.0,10.0,7.0,0.1,0.075,0.2,1.0,580.0,0.0,0.0,0.1706896551724138
30.0,10.0,8.0,0.1,0.075,0.2,1.0,567.0,0.0,0.0,0.1710758377425044
30.0,10.0,9.0,0.1,0.075,0.2,1.0,577.0,0.0,0.0,0.17157712305025996
30.0,10.0,10.0,0.1,0.075,0.2,1.0,566.0,0.0,0.0,0.17137809187279152
30.0,10.0,11.0,0.1,0.075,0.2,1.0,571.0,0.0,0.0,0.1733800350262697
30.0,10.0,12.0,0.1,0.075,0.2,1.0,563.0,0.0,0.0,0.17229129662522202
30.0,10.0,13.0,0.1,0.075,0.2,1.0,571.0,0.0,0.0,0.1733800350262697
30.0,10.0,14.0,0.1,0.075,0.2,1.0,550.0,0.0,0.0,0.17636363636363636
30.0,10.0,15.0,0.1,0.075,0.2,1.0,558.0,0.0,0.0,0.17562724014336917
30.0,10.0,16.0,0.1,0.075,0.2,1.0,550.0,0.0,0.0,0.17636363636363636
30.0,10.0,17.0,0.1,0.075,0.2,1.0,561.0,0.0,0.0,0.17647058823529413
30.0,10.0,18.0,0.1,0.075,0.2,1.0,548.0,0.0,0.0,0.17518248175182483
30.0,10.0,19.0,0.1,0.075,0.2,1.0,558.0,0.0,0.0,0.17562724014336917
30.0,10.0,20.0,0.1,0.075,0.2,1.0,989.0,0.0,0.0,0.09504550050556117
30.0,10.0,21.0,0.1,0.075,0.2,1.0,980.0,0.0,0.0,0.09591836734693877
30.0,10.0,22.0,0.1,0.075,0.2,1.0,917.0,0.0,0.0,0.09814612868047982
30.0,10.0,23.0,0.1,0.075,0.2,1.0,932.0,0.0,0.0,0.09871244635193133
30.0,10.0,24.0,0.1,0.075,0.2,1.0,875.0,0.0,0.0,0.10057142857142858
30.0,10.0,25.0,0.1,0.075,0.2,1.0,894.0,0.0,0.0,0.1017897091722595
30.0,10.0,26.0,0.1,0.075,0.2,1.0,852.0,0.0,0.0,0.10211267605633803
30.0,10.0,27.0,0.1,0.075,0.2,1.0,840.0,0.0,0.0,0.10357142857142858
30.0,10.0,28.0,0.1,0.075,0.2,1.0,781.0,0.0,0.0,0.10499359795134443
30.0,10.0,29.0,0.1,0.075,0.2,1.0,807.0,0.0,0.0,0.10532837670384139
30.0,10.0,30.0,0.1,0.075,0.2,1.0,781.0,0.0,0.0,0.10499359795134443
30.0,10.0,31.0,0.1,0.075,0.2,1.0,791.0,0.0,0.0,0.10619469026548672
30.0,10.0,32.0,0.1,0.075,0.2,1.0,762.0,0.0,0.0,0.10761154855643044
30.0,10.0,33.0,0.1,0.075,0.2,1.0,775.0,0.0,0.0,0.10451612903225807
30.0,10.0,34.0,0.1,0.075,0.2,1.0,728.0,0.0,0.0,0.10851648351648352
30.0,10.0,35.0,0.1,0.075,0.2,1.0,750.0,0.0,0.0,0.108
30.0,10.0,36.0,0.1,0.075,0.2,1.0,703.0,0.0,0.0,0.11095305832147938
30.0,10.0,37.0,0.1,0.075,0.2,1.0,739.0,0.0,0.0,0.10960757780784844
30.0,10.0,38.0,0.1,0.075,0.2,1.0,702.0,0.0,0.0,0.1111111111111111
30.0,10.0,39.0,0.1,0.075,0.2,1.0,727.0,0.0,0.0,0.11004126547455295
30.0,10.0,40.0,0.1,0.075,0.2,1.0,702.0,0.0,0.0,0.1111111111111111
30.0,10.0,41.0,0.1,0.075,0.2,1.0,705.0,0.0,0.0,0.11063829787234042
30.0,10.0,42.0,0.1,0.075,0.2,1.0,685.0,0.0,0.0,0.11240875912408758
30.0,10.0,43.0,0.1,0.075,0.2,1.0,698.0,0.0,0.0,0.11031518624641834
30.0,10.0,44.0,0.1,0.075,0.2,1.0,685.0,0.0,0.0,0.11240875912408758
30.0,10.0,45.0,0.1,0.075,0.2,1.0,674.0,0.0,0.0,0.1824925816023739
30.0,10.0,46.0,0.1,0.075,0.2,1.0,672.0,0.0,0.0,0.18452380952380953
30.0,10.0,47.0,0.1,0.075,0.2,1.0,675.0,0.0,0.0,0.18222222222222223
30.0,10.0,48.0,0.1,0.075,0.2,1.0,661.0,0.0,0.0,0.18305597579425115
30.0,10.0,49.0,0.1,0.075,0.2,1.0,663.0,0.0,0.0,0.18099547511312217
30.0,10.0,50.0,0.1,0.075,0.2,1.0,666.0,0.0,0.0,0.1816816816816817
30.0,10.0,51.0,0.1,0.075,0.2,1.0,663.0,0.0,0.0,0.18099547511312217
30.0,10.0,52.0,0.1,0.075,0.2,1.0,664.0,0.0,0.0,0.1822289156626506
31.0,1.0,1.0,0.1,0.075,0.2,1.0,5195.0,51.0,7.0,0.10182868142444658
31.0,1.0,2.0,0.1,0.075,0.2,1.0,5134.0,52.0,14.0,0.10303856641994547
31.0,1.0,3.0,0.1,0.075,0.2,1.0,5078.0,62.0,29.0,0.10338716029933044
31.0,1.0,4.0,0.1,0.075,0.2,1.0,5036.0,87.0,26.0,0.10424940428911834
31.0,1.0,5.0,0.1,0.075,0.2,1.0,5095.0,120.0,41.0,0.1028459273797841
31.0,1.0,6.0,0.1,0.075,0.2,1.0,4986.0,140.0,40.0,0.10348977135980746
31.0,1.0,7.0,0.1,0.075,0.2,1.0,4859.0,178.0,56.0,0.10413665363243466
31.0,1.0,8.0,0.1,0.075,0.2,1.0,4725.0,223.0,75.0,0.10582010582010581
31.0,1.0,9.0,0.1,0.075,0.2,1.0,4557.0,264.0,101.0,0.10642966864165021
31.0,1.0,10.0,0.1,0.075,0.2,1.0,4431.0,305.0,123.0,0.10855337395621756
31.0,1.0,11.0,0.1,0.075,0.2,1.0,4322.0,333.0,138.0,0.1085145765849144
31.0,1.0,12.0,0.1,0.075,0.2,1.0,4202.0,344.0,140.0,0.1099476439790576
31.0,1.0,13.0,0.1,0.075,0.2,1.0,4071.0,374.0,157.0,0.11127487103905674
31.0,1.0,14.0,0.1,0.075,0.2,1.0,3981.0,389.0,179.0,0.11353931173072092
31.0,1.0,15.0,0.1,0.075,0.2,1.0,3892.0,401.0,184.0,0.11485097636176773
31.0,1.0,16.0,0.1,0.075,0.2,1.0,3742.0,393.0,191.0,0.11758417958311064
31.0,1.0,17.0,0.1,0.075,0.2,1.0,3574.0,359.0,173.0,0.11947397873531057
31.0,1.0,18.0,0.1,0.075,0.2,1.0,3478.0,345.0,181.0,0.12162162162162163
31.0,1.0,19.0,0.1,0.075,0.2,1.0,3351.0,319.0,167.0,0.12473888391524918
31.0,1.0,20.0,0.1,0.075,0.2,1.0,6224.0,312.0,164.0,0.06651670951156813
31.0,1.0,21.0,0.1,0.075,0.2,1.0,5601.0,368.0,141.0,0.07034458132476344
31.0,1.0,22.0,0.1,0.075,0.2,1.0,5350.0,403.0,149.0,0.07046728971962617
31.0,1.0,23.0,0.1,0.075,0.2,1.0,4994.0,409.0,146.0,0.07088506207448939
31.0,1.0,24.0,0.1,0.075,0.2,1.0,4725.0,464.0,173.0,0.07301587301587302
31.0,1.0,25.0,0.1,0.075,0.2,1.0,4478.0,485.0,180.0,0.07458686913800804
31.0,1.0,26.0,0.1,0.075,0.2,1.0,4307.0,504.0,197.0,0.07569073601114465
31.0,1.0,27.0,0.1,0.075,0.2,1.0,4072.0,527.0,230.0,0.07711198428290766
31.0,1.0,28.0,0.1,0.075,0.2,1.0,3781.0,526.0,242.0,0.08225337212377677
31.0,1.0,29.0,0.1,0.075,0.2,1.0,3641.0,548.0,249.0,0.08431749519362812
31.0,1.0,30.0,0.1,0.075,0.2,1.0,3469.0,577.0,243.0,0.08734505621216489
31.0,1.0,31.0,0.1,0.075,0.2,1.0,3365.0,593.0,246.0,0.08915304606240713
31.0,1.0,32.0,0.1,0.075,0.2,1.0,3212.0,600.0,256.0,0.09122042341220424
31.0,1.0,33.0,0.1,0.075,0.2,1.0,3056.0,572.0,268.0,0.09325916230366492
31.0,1.0,34.0,0.1,0.075,0.2,1.0,2840.0,559.0,286.0,0.09929577464788733
31.0,1.0,35.0,0.1,0.075,0.2,1.0,2686.0,555.0,263.0,0.10312732688011914
31.0,1.0,36.0,0.1,0.075,0.2,1.0,2524.0,506.0,253.0,0.10935023771790808
31.0,1.0,37.0,0.1,0.075,0.2,1.0,2397.0,476.0,224.0,0.11389236545682102
31.0,1.0,38.0,0.1,0.075,0.2,1.0,2263.0,454.0,224.0,0.11975254087494476
31.0,1.0,39.0,0.1,0.075,0.2,1.0,2134.0,402.0,205.0,0.1246485473289597
31.0,1.0,40.0,0.1,0.075,0.2,1.0,1999.0,385.0,188.0,0.1330665332666333
31.0,1.0,41.0,0.1,0.075,0.2,1.0,1885.0,373.0,177.0,0.13846153846153847
31.0,1.0,42.0,0.1,0.075,0.2,1.0,1765.0,340.0,153.0,0.14844192634560907
31.0,1.0,43.0,0.1,0.075,0.2,1.0,1690.0,312.0,155.0,0.14852071005917158
31.0,1.0,44.0,0.1,0.075,0.2,1.0,1602.0,297.0,156.0,0.15543071161048688
31.0,1.0,45.0,0.1,0.075,0.2,1.0,1541.0,280.0,156.0,0.21674237508111616
31.0,1.0,46.0,0.1,0.075,0.2,1.0,1465.0,263.0,133.0,0.22457337883959044
31.0,1.0,47.0,0.1,0.075,0.2,1.0,1390.0,238.0,126.0,0.23093525179856114
31.0,1.0,48.0,0.1,0.075,0.2,1.0,1331.0,217.0,113.0,0.23816679188580014
31.0,1.0,49.0,0.1,0.075,0.2,1.0,1240.0,189.0,105.0,0.25161290322580643
31.0,1.0,50.0,0.1,0.075,0.2,1.0,1195.0,175.0,94.0,0.25523012552301255
31.0,1.0,51.0,0.1,0.075,0.2,1.0,1153.0,159.0,97.0,0.26279271465741544
31.0,1.0,52.0,0.1,0.075,0.2,1.0,1109.0,140.0,82.0,0.26690712353471596
31.0,2.0,1.0,0.1,0.075,0.2,1.0,1054.0,131.0,69.0,0.27798861480075904
31.0,2.0,2.0,0.1,0.075,0.2,1.0,1022.0,113.0,53.0,0.28180039138943247
31.0,2.0,3.0,0.1,0.075,0.2,1.0,994.0,102.0,54.0,0.29074446680080485
31.0,2.0,4.0,0.1,0.075,0.2,1.0,972.0,98.0,43.0,0.294238683127572
31.0,2.0,5.0,0.1,0.075,0.2,1.0,947.0,97.0,51.0,0.3020063357972545
31.0,2.0,6.0,0.1,0.075,0.2,1.0,929.0,97.0,52.0,0.30570505920344454
31.0,2.0,7.0,0.1,0.075,0.2,1.0,912.0,93.0,55.0,0.31140350877192985
31.0,2.0,8.0,0.1,0.075,0.2,1.0,887.0,77.0,40.0,0.3179255918827508
31.0,2.0,9.0,0.1,0.075,0.2,1.0,862.0,65.0,33.0,0.3248259860788863
31.0,2.0,10.0,0.1,0.075,0.2,1.0,851.0,56.0,30.0,0.32784958871915393
31.0,2.0,11.0,0.1,0.075,0.2,1.0,836.0,52.0,33.0,0.33373205741626794
31.0,2.0,12.0,0.1,0.075,0.2,1.0,822.0,47.0,27.0,0.3381995133819951
31.0,2.0,13.0,0.1,0.075,0.2,1.0,804.0,42.0,24.0,0.3420398009950249
31.0,2.0,14.0,0.1,0.075,0.2,1.0,797.0,37.0,20.0,0.3437892095357591
31.0,2.0,15.0,0.1,0.075,0.2,1.0,783.0,33.0,18.0,0.3499361430395913
31.0,2.0,16.0,0.1,0.075,0.2,1.0,776.0,28.0,16.0,0.35051546391752575
31.0,2.0,17.0,0.1,0.075,0.2,1.0,764.0,22.0,12.0,0.35732984293193715
31.0,2.0,18.0,0.1,0.075,0.2,1.0,759.0,22.0,13.0,0.35177865612648224
31.0,2.0,19.0,0.1,0.075,0.2,1.0,747.0,18.0,13.0,0.35207496653279785
31.0,2.0,20.0,0.1,0.075,0.2,1.0,1350.0,19.0,10.0,0.19555555555555557
31.0,2.0,21.0,0.1,0.075,0.2,1.0,1331.0,16.0,8.0,0.19459053343350863
31.0,2.0,22.0,0.1,0.075,0.2,1.0,1292.0,18.0,6.0,0.1996904024767802
31.0,2.0,23.0,0.1,0.075,0.2,1.0,1279.0,19.0,9.0,0.1962470680218921
31.0,2.0,24.0,0.1,0.075,0.2,1.0,1260.0,21.0,8.0,0.1984126984126984
31.0,2.0,25.0,0.1,0.075,0.2,1.0,1270.0,24.0,8.0,0.1968503937007874
31.0,2.0,26.0,0.1,0.075,0.2,1.0,1237.0,26.0,10.0,0.19967663702506064
31.0,2.0,27.0,0.1,0.075,0.2,1.0,1231.0,32.0,12.0,0.20308692120227456
31.0,2.0,28.0,0.1,0.075,0.2,1.0,1193.0,32.0,16.0,0.1994970662196144
31.0,2.0,29.0,0.1,0.075,0.2,1.0,1126.0,36.0,13.0,0.19982238010657194
31.0,2.0,30.0,0.1,0.075,0.2,1.0,1083.0,38.0,16.0,0.19667590027700832
31.0,2.0,31.0,0.1,0.075,0.2,1.0,1094.0,38.0,16.0,0.2020109689213894
31.0,2.0,32.0,0.1,0.075,0.2,1.0,1076.0,39.0,22.0,0.19981412639405205
31.0,2.0,33.0,0.1,0.075,0.2,1.0,1068.0,36.0,23.0,0.20599250936329588
31.0,2.0,34.0,0.1,0.075,0.2,1.0,1047.0,39.0,20.0,0.2034383954154728
31.0,2.0,35.0,0.1,0.075,0.2,1.0,1025.0,31.0,12.0,0.2097560975609756
31.0,2.0,36.0,0.1,0.075,0.2,1.0,1005.0,31.0,9.0,0.208955223880597
31.0,2.0,37.0,0.1,0.075,0.2,1.0,1004.0,38.0,14.0,0.21215139442231076
31.0,2.0,38.0,0.1,0.075,0.2,1.0,992.0,43.0,13.0,0.21370967741935484
31.0,2.0,39.0,0.1,0.075,0.2,1.0,977.0,41.0,14.0,0.21494370522006143
31.0,2.0,40.0,0.1,0.075,0.2,1.0,956.0,44.0,19.0,0.21548117154811716
31.0,2.0,41.0,0.1,0.075,0.2,1.0,955.0,50.0,25.0,0.21675392670157068
31.0,2.0,42.0,0.1,0.075,0.2,1.0,935.0,60.0,27.0,0.21818181818181817
31.0,2.0,43.0,0.1,0.075,0.2,1.0,924.0,61.0,22.0,0.22186147186147187
31.0,2.0,44.0,0.1,0.075,0.2,1.0,913.0,67.0,25.0,0.22343921139101863
31.0,2.0,45.0,0.1,0.075,0.2,1.0,902.0,66.0,26.0,0.29046563192904656
31.0,2.0,46.0,0.1,0.075,0.2,1.0,864.0,64.0,32.0,0.2916666666666667
31.0,2.0,47.0,0.1,0.075,0.2,1.0,853.0,58.0,30.0,0.29425556858147717
31.0,2.0,48.0,0.1,0.075,0.2,1.0,789.0,50.0,27.0,0.29277566539923955
31.0,2.0,49.0,0.1,0.075,0.2,1.0,782.0,49.0,24.0,0.29923273657289
31.0,2.0,50.0,0.1,0.075,0.2,1.0,757.0,45.0,22.0,0.2998678996036988
31.0,2.0,51.0,0.1,0.075,0.2,1.0,742.0,38.0,17.0,0.3045822102425876
31.0,2.0,52.0,0.1,0.075,0.2,1.0,723.0,36.0,19.0,0.30428769017980634
31.0,3.0,1.0,0.1,0.075,0.2,1.0,724.0,36.0,23.0,0.30662983425414364
31.0,3.0,2.0,0.1,0.075,0.2,1.0,704.0,35.0,22.0,0.3068181818181818
31.0,3.0,3.0,0.1,0.075,0.2,1.0,705.0,29.0,18.0,0.30921985815602837
31.0,3.0,4.0,0.1,0.075,0.2,1.0,680.0,22.0,11.0,0.31323529411764706
31.0,3.0,5.0,0.1,0.075,0.2,1.0,686.0,20.0,10.0,0.3163265306122449
31.0,3.0,6.0,0.1,0.075,0.2,1.0,663.0,18.0,7.0,0.3137254901960784
31.0,3.0,7.0,0.1,0.075,0.2,1.0,673.0,23.0,13.0,0.3164933135215453
31.0,3.0,8.0,0.1,0.075,0.2,1.0,647.0,15.0,10.0,0.3168469860896445
31.0,3.0,9.0,0.1,0.075,0.2,1.0,657.0,21.0,12.0,0.3211567732115677
31.0,3.0,10.0,0.1,0.075,0.2,1.0,631.0,13.0,5.0,0.3201267828843106
31.0,3.0,11.0,0.1,0.075,0.2,1.0,638.0,14.0,5.0,0.329153605015674
31.0,3.0,12.0,0.1,0.075,0.2,1.0,623.0,13.0,8.0,0.32423756019261635
31.0,3.0,13.0,0.1,0.075,0.2,1.0,633.0,13.0,10.0,0.3285939968404423
31.0,3.0,14.0,0.1,0.075,0.2,1.0,617.0,9.0,6.0,0.32576985413290116
31.0,3.0,15.0,0.1,0.075,0.2,1.0,622.0,9.0,6.0,0.3279742765273312
31.0,3.0,16.0,0.1,0.075,0.2,1.0,608.0,7.0,3.0,0.3223684210526316
31.0,3.0,17.0,0.1,0.075,0.2,1.0,612.0,6.0,2.0,0.32679738562091504
31.0,3.0,18.0,0.1,0.075,0.2,1.0,598.0,4.0,1.0,0.32441471571906355
31.0,3.0,19.0,0.1,0.075,0.2,1.0,608.0,4.0,4.0,0.32894736842105265
31.0,3.0,20.0,0.1,0.075,0.2,1.0,1059.0,6.0,4.0,0.1813031161473088
31.0,3.0,21.0,0.1,0.075,0.2,1.0,1061.0,5.0,3.0,0.18473138548539114
31.0,3.0,22.0,0.1,0.075,0.2,1.0,1019.0,3.0,1.0,0.1844946025515211
31.0,3.0,23.0,0.1,0.075,0.2,1.0,1007.0,4.0,1.0,0.18371400198609733
31.0,3.0,24.0,0.1,0.075,0.2,1.0,984.0,4.0,2.0,0.1798780487804878
31.0,3.0,25.0,0.1,0.075,0.2,1.0,978.0,7.0,1.0,0.18404907975460122
31.0,3.0,26.0,0.1,0.075,0.2,1.0,963.0,9.0,1.0,0.1806853582554517
31.0,3.0,27.0,0.1,0.075,0.2,1.0,960.0,8.0,2.0,0.18333333333333332
31.0,3.0,28.0,0.1,0.075,0.2,1.0,934.0,7.0,4.0,0.18308351177730192
31.0,3.0,29.0,0.1,0.075,0.2,1.0,932.0,8.0,7.0,0.18562231759656653
31.0,3.0,30.0,0.1,0.075,0.2,1.0,921.0,10.0,5.0,0.18458197611292074
31.0,3.0,31.0,0.1,0.075,0.2,1.0,921.0,10.0,3.0,0.18458197611292074
31.0,3.0,32.0,0.1,0.075,0.2,1.0,912.0,12.0,2.0,0.18311403508771928
31.0,3.0,33.0,0.1,0.075,0.2,1.0,904.0,12.0,4.0,0.1836283185840708
31.0,3.0,34.0,0.1,0.075,0.2,1.0,875.0,12.0,3.0,0.18628571428571428
31.0,3.0,35.0,0.1,0.075,0.2,1.0,881.0,15.0,5.0,0.1872871736662883
31.0,3.0,36.0,0.1,0.075,0.2,1.0,858.0,12.0,4.0,0.18414918414918416
31.0,3.0,37.0,0.1,0.075,0.2,1.0,857.0,24.0,8.0,0.18903150525087514
31.0,3.0,38.0,0.1,0.075,0.2,1.0,840.0,22.0,11.0,0.18571428571428572
31.0,3.0,39.0,0.1,0.075,0.2,1.0,847.0,31.0,16.0,0.18890200708382526
31.0,3.0,40.0,0.1,0.075,0.2,1.0,829.0,27.0,12.0,0.18697225572979492
31.0,3.0,41.0,0.1,0.075,0.2,1.0,830.0,32.0,14.0,0.19156626506024096
31.0,3.0,42.0,0.1,0.075,0.2,1.0,813.0,34.0,10.0,0.1918819188191882
31.0,3.0,43.0,0.1,0.075,0.2,1.0,802.0,33.0,15.0,0.19576059850374064
31.0,3.0,44.0,0.1,0.075,0.2,1.0,779.0,36.0,14.0,0.19383825417201542
31.0,3.0,45.0,0.1,0.075,0.2,1.0,770.0,37.0,17.0,0.2623376623376623
31.0,3.0,46.0,0.1,0.075,0.2,1.0,764.0,36.0,14.0,0.2617801047120419
31.0,3.0,47.0,0.1,0.075,0.2,1.0,732.0,33.0,15.0,0.2691256830601093
31.0,3.0,48.0,0.1,0.075,0.2,1.0,714.0,33.0,15.0,0.26750700280112044
31.0,3.0,49.0,0.1,0.075,0.2,1.0,707.0,30.0,17.0,0.27015558698727016
31.0,3.0,50.0,0.1,0.075,0.2,1.0,694.0,31.0,14.0,0.26368876080691644
31.0,3.0,51.0,0.1,0.075,0.2,1.0,686.0,34.0,15.0,0.2696793002915452
31.0,3.0,52.0,0.1,0.075,0.2,1.0,677.0,34.0,11.0,0.2658788774002954
31.0,4.0,1.0,0.1,0.075,0.2,1.0,672.0,34.0,16.0,0.26785714285714285
31.0,4.0,2.0,0.1,0.075,0.2,1.0,667.0,30.0,12.0,0.26686656671664166
31.0,4.0,3.0,0.1,0.075,0.2,1.0,660.0,27.0,17.0,0.2696969696969697
31.0,4.0,4.0,0.1,0.075,0.2,1.0,648.0,18.0,14.0,0.26697530864197533
31.0,4.0,5.0,0.1,0.075,0.2,1.0,645.0,23.0,15.0,0.26976744186046514
31.0,4.0,6.0,0.1,0.075,0.2,1.0,637.0,16.0,9.0,0.2684458398744113
31.0,4.0,7.0,0.1,0.075,0.2,1.0,631.0,14.0,6.0,0.2757527733755943
31.0,4.0,8.0,0.1,0.075,0.2,1.0,620.0,16.0,5.0,0.2725806451612903
31.0,4.0,9.0,0.1,0.075,0.2,1.0,615.0,15.0,7.0,0.2764227642276423
31.0,4.0,10.0,0.1,0.075,0.2,1.0,612.0,13.0,7.0,0.272875816993464
31.0,4.0,11.0,0.1,0.075,0.2,1.0,607.0,15.0,11.0,0.27677100494233936
31.0,4.0,12.0,0.1,0.075,0.2,1.0,597.0,13.0,8.0,0.2747068676716918
31.0,4.0,13.0,0.1,0.075,0.2,1.0,592.0,13.0,5.0,0.27871621621621623
31.0,4.0,14.0,0.1,0.075,0.2,1.0,584.0,12.0,2.0,0.2756849315068493
31.0,4.0,15.0,0.1,0.075,0.2,1.0,582.0,11.0,5.0,0.27491408934707906
31.0,4.0,16.0,0.1,0.075,0.2,1.0,582.0,12.0,6.0,0.27147766323024053
31.0,4.0,17.0,0.1,0.075,0.2,1.0,578.0,13.0,7.0,0.27335640138408307
31.0,4.0,18.0,0.1,0.075,0.2,1.0,575.0,11.0,5.0,0.27304347826086955
31.0,4.0,19.0,0.1,0.075,0.2,1.0,572.0,11.0,6.0,0.2727272727272727
31.0,4.0,20.0,0.1,0.075,0.2,1.0,1075.0,13.0,6.0,0.14511627906976743
31.0,4.0,21.0,0.1,0.075,0.2,1.0,1042.0,26.0,5.0,0.14779270633397312
31.0,4.0,22.0,0.1,0.075,0.2,1.0,1006.0,24.0,5.0,0.15208747514910537
31.0,4.0,23.0,0.1,0.075,0.2,1.0,996.0,28.0,14.0,0.15160642570281124
31.0,4.0,24.0,0.1,0.075,0.2,1.0,957.0,23.0,15.0,0.15151515151515152
31.0,4.0,25.0,0.1,0.075,0.2,1.0,932.0,27.0,16.0,0.1555793991416309
31.0,4.0,26.0,0.1,0.075,0.2,1.0,914.0,21.0,10.0,0.1575492341356674
31.0,4.0,27.0,0.1,0.075,0.2,1.0,893.0,22.0,10.0,0.1612541993281075
31.0,4.0,28.0,0.1,0.075,0.2,1.0,889.0,19.0,9.0,0.16197975253093364
31.0,4.0,29.0,0.1,0.075,0.2,1.0,884.0,22.0,9.0,0.16402714932126697
31.0,4.0,30.0,0.1,0.075,0.2,1.0,879.0,20.0,11.0,0.161547212741752
31.0,4.0,31.0,0.1,0.075,0.2,1.0,853.0,20.0,11.0,0.16764361078546308
31.0,4.0,32.0,0.1,0.075,0.2,1.0,843.0,14.0,10.0,0.16370106761565836
31.0,4.0,33.0,0.1,0.075,0.2,1.0,827.0,13.0,5.0,0.16807738814993953
31.0,4.0,34.0,0.1,0.075,0.2,1.0,813.0,13.0,3.0,0.16236162361623616
31.0,4.0,35.0,0.1,0.075,0.2,1.0,805.0,14.0,4.0,0.16521739130434782
31.0,4.0,36.0,0.1,0.075,0.2,1.0,807.0,12.0,7.0,0.1623296158612144
31.0,4.0,37.0,0.1,0.075,0.2,1.0,791.0,18.0,10.0,0.16182048040455121
31.0,4.0,38.0,0.1,0.075,0.2,1.0,786.0,19.0,11.0,0.16030534351145037
31.0,4.0,39.0,0.1,0.075,0.2,1.0,757.0,19.0,7.0,0.166446499339498
31.0,4.0,40.0,0.1,0.075,0.2,1.0,734.0,20.0,6.0,0.1566757493188011
31.0,4.0,41.0,0.1,0.075,0.2,1.0,734.0,19.0,6.0,0.1566757493188011
31.0,4.0,42.0,0.1,0.075,0.2,1.0,716.0,19.0,10.0,0.1564245810055866
31.0,4.0,43.0,0.1,0.075,0.2,1.0,712.0,19.0,12.0,0.15589887640449437
31.0,4.0,44.0,0.1,0.075,0.2,1.0,696.0,18.0,11.0,0.15517241379310345
31.0,4.0,45.0,0.1,0.075,0.2,1.0,684.0,18.0,10.0,0.22514619883040934
31.0,4.0,46.0,0.1,0.075,0.2,1.0,666.0,17.0,8.0,0.22672672672672672
31.0,4.0,47.0,0.1,0.075,0.2,1.0,664.0,14.0,9.0,0.2289156626506024
31.0,4.0,48.0,0.1,0.075,0.2,1.0,656.0,13.0,5.0,0.22560975609756098
31.0,4.0,49.0,0.1,0.075,0.2,1.0,637.0,13.0,5.0,0.22919937205651492
31.0,4.0,50.0,0.1,0.075,0.2,1.0,635.0,10.0,3.0,0.22677165354330708
31.0,4.0,51.0,0.1,0.075,0.2,1.0,629.0,10.0,8.0,0.23211446740858505
31.0,4.0,52.0,0.1,0.075,0.2,1.0,630.0,12.0,7.0,0.22698412698412698
31.0,5.0,1.0,0.1,0.075,0.2,1.0,624.0,10.0,8.0,0.23076923076923078
31.0,5.0,2.0,0.1,0.075,0.2,1.0,620.0,12.0,4.0,0.22741935483870968
31.0,5.0,3.0,0.1,0.075,0.2,1.0,618.0,16.0,7.0,0.2313915857605178
31.0,5.0,4.0,0.1,0.075,0.2,1.0,615.0,17.0,7.0,0.22601626016260162
31.0,5.0,5.0,0.1,0.075,0.2,1.0,611.0,17.0,7.0,0.23240589198036007
31.0,5.0,6.0,0.1,0.075,0.2,1.0,608.0,20.0,7.0,0.22697368421052633
31.0,5.0,7.0,0.1,0.075,0.2,1.0,604.0,20.0,7.0,0.23178807947019867
31.0,5.0,8.0,0.1,0.075,0.2,1.0,597.0,22.0,13.0,0.22780569514237856
31.0,5.0,9.0,0.1,0.075,0.2,1.0,594.0,24.0,12.0,0.234006734006734
31.0,5.0,10.0,0.1,0.075,0.2,1.0,591.0,24.0,16.0,0.23011844331641285
31.0,5.0,11.0,0.1,0.075,0.2,1.0,568.0,21.0,12.0,0.23767605633802816
31.0,5.0,12.0,0.1,0.075,0.2,1.0,566.0,22.0,11.0,0.23674911660777384
31.0,5.0,13.0,0.1,0.075,0.2,1.0,557.0,19.0,6.0,0.24057450628366248
31.0,5.0,14.0,0.1,0.075,0.2,1.0,542.0,17.0,7.0,0.23431734317343172
31.0,5.0,15.0,0.1,0.075,0.2,1.0,548.0,17.0,8.0,0.24087591240875914
31.0,5.0,16.0,0.1,0.075,0.2,1.0,540.0,16.0,10.0,0.2351851851851852
31.0,5.0,17.0,0.1,0.075,0.2,1.0,542.0,13.0,9.0,0.24354243542435425
31.0,5.0,18.0,0.1,0.075,0.2,1.0,531.0,14.0,10.0,0.23728813559322035
31.0,5.0,19.0,0.1,0.075,0.2,1.0,532.0,12.0,7.0,0.2462406015037594
31.0,5.0,20.0,0.1,0.075,0.2,1.0,939.0,11.0,5.0,0.134185303514377
31.0,5.0,21.0,0.1,0.075,0.2,1.0,931.0,11.0,4.0,0.14070891514500536
31.0,5.0,22.0,0.1,0.075,0.2,1.0,918.0,12.0,5.0,0.13725490196078433
31.0,5.0,23.0,0.1,0.075,0.2,1.0,911.0,14.0,5.0,0.1437980241492865
31.0,5.0,24.0,0.1,0.075,0.2,1.0,892.0,13.0,6.0,0.13901345291479822
31.0,5.0,25.0,0.1,0.075,0.2,1.0,877.0,10.0,5.0,0.1402508551881414
31.0,5.0,26.0,0.1,0.075,0.2,1.0,840.0,13.0,5.0,0.14047619047619048
31.0,5.0,27.0,0.1,0.075,0.2,1.0,826.0,11.0,5.0,0.1440677966101695
31.0,5.0,28.0,0.1,0.075,0.2,1.0,798.0,10.0,4.0,0.14285714285714285
31.0,5.0,29.0,0.1,0.075,0.2,1.0,789.0,11.0,5.0,0.14702154626108999
31.0,5.0,30.0,0.1,0.075,0.2,1.0,771.0,9.0,3.0,0.14396887159533073
31.0,5.0,31.0,0.1,0.075,0.2,1.0,760.0,10.0,5.0,0.15
31.0,5.0,32.0,0.1,0.075,0.2,1.0,738.0,9.0,4.0,0.14905149051490515
31.0,5.0,33.0,0.1,0.075,0.2,1.0,710.0,8.0,3.0,0.15211267605633802
31.0,5.0,34.0,0.1,0.075,0.2,1.0,702.0,7.0,3.0,0.14957264957264957
31.0,5.0,35.0,0.1,0.075,0.2,1.0,693.0,7.0,3.0,0.15295815295815296
31.0,5.0,36.0,0.1,0.075,0.2,1.0,689.0,8.0,5.0,0.1509433962264151
31.0,5.0,37.0,0.1,0.075,0.2,1.0,690.0,7.0,3.0,0.1536231884057971
31.0,5.0,38.0,0.1,0.075,0.2,1.0,687.0,9.0,4.0,0.15138282387190685
31.0,5.0,39.0,0.1,0.075,0.2,1.0,687.0,8.0,3.0,0.15429403202328967
31.0,5.0,40.0,0.1,0.075,0.2,1.0,677.0,11.0,5.0,0.15066469719350073
31.0,5.0,41.0,0.1,0.075,0.2,1.0,677.0,11.0,6.0,0.15214180206794684
31.0,5.0,42.0,0.1,0.075,0.2,1.0,675.0,10.0,7.0,0.1511111111111111
31.0,5.0,43.0,0.1,0.075,0.2,1.0,650.0,10.0,6.0,0.1523076923076923
31.0,5.0,44.0,0.1,0.075,0.2,1.0,647.0,9.0,6.0,0.15146831530139104
31.0,5.0,45.0,0.1,0.075,0.2,1.0,630.0,9.0,4.0,0.20793650793650795
31.0,5.0,46.0,0.1,0.075,0.2,1.0,617.0,9.0,5.0,0.2025931928687196
31.0,5.0,47.0,0.1,0.075,0.2,1.0,602.0,8.0,3.0,0.2059800664451827
31.0,5.0,48.0,0.1,0.075,0.2,1.0,596.0,9.0,3.0,0.2080536912751678
31.0,5.0,49.0,0.1,0.075,0.2,1.0,571.0,10.0,2.0,0.2119089316987741
31.0,5.0,50.0,0.1,0.075,0.2,1.0,572.0,10.0,3.0,0.2097902097902098
31.0,5.0,51.0,0.1,0.075,0.2,1.0,569.0,10.0,4.0,0.20913884007029876
31.0,5.0,52.0,0.1,0.075,0.2,1.0,569.0,12.0,5.0,0.20738137082601055
31.0,6.0,1.0,0.1,0.075,0.2,1.0,566.0,13.0,7.0,0.20848056537102475
31.0,6.0,2.0,0.1,0.075,0.2,1.0,563.0,11.0,6.0,0.20426287744227353
31.0,6.0,3.0,0.1,0.075,0.2,1.0,557.0,13.0,5.0,0.20287253141831238
31.0,6.0,4.0,0.1,0.075,0.2,1.0,558.0,15.0,5.0,0.2025089605734767
31.0,6.0,5.0,0.1,0.075,0.2,1.0,550.0,13.0,6.0,0.20363636363636364
31.0,6.0,6.0,0.1,0.075,0.2,1.0,548.0,15.0,8.0,0.20072992700729927
31.0,6.0,7.0,0.1,0.075,0.2,1.0,532.0,13.0,9.0,0.20676691729323307
31.0,6.0,8.0,0.1,0.075,0.2,1.0,525.0,9.0,6.0,0.20761904761904762
31.0,6.0,9.0,0.1,0.075,0.2,1.0,522.0,11.0,6.0,0.210727969348659
31.0,6.0,10.0,0.1,0.075,0.2,1.0,521.0,10.0,4.0,0.2092130518234165
31.0,6.0,11.0,0.1,0.075,0.2,1.0,519.0,9.0,5.0,0.2138728323699422
31.0,6.0,12.0,0.1,0.075,0.2,1.0,517.0,8.0,7.0,0.21083172147001933
31.0,6.0,13.0,0.1,0.075,0.2,1.0,516.0,13.0,7.0,0.21511627906976744
31.0,6.0,14.0,0.1,0.075,0.2,1.0,513.0,12.0,6.0,0.21052631578947367
31.0,6.0,15.0,0.1,0.075,0.2,1.0,508.0,8.0,3.0,0.21653543307086615
31.0,6.0,16.0,0.1,0.075,0.2,1.0,507.0,8.0,3.0,0.21301775147928995
31.0,6.0,17.0,0.1,0.075,0.2,1.0,494.0,7.0,3.0,0.22267206477732793
31.0,6.0,18.0,0.1,0.075,0.2,1.0,495.0,8.0,3.0,0.21818181818181817
31.0,6.0,19.0,0.1,0.075,0.2,1.0,493.0,8.0,5.0,0.2231237322515213
31.0,6.0,20.0,0.1,0.075,0.2,1.0,866.0,8.0,6.0,0.12471131639722864
31.0,6.0,21.0,0.1,0.075,0.2,1.0,850.0,16.0,6.0,0.12941176470588237
31.0,6.0,22.0,0.1,0.075,0.2,1.0,832.0,22.0,4.0,0.125
31.0,6.0,23.0,0.1,0.075,0.2,1.0,810.0,26.0,5.0,0.12962962962962962
31.0,6.0,24.0,0.1,0.075,0.2,1.0,787.0,30.0,8.0,0.12706480304955528
31.0,6.0,25.0,0.1,0.075,0.2,1.0,770.0,36.0,17.0,0.13116883116883116
31.0,6.0,26.0,0.1,0.075,0.2,1.0,756.0,37.0,12.0,0.12698412698412698
31.0,6.0,27.0,0.1,0.075,0.2,1.0,750.0,41.0,20.0,0.13066666666666665
31.0,6.0,28.0,0.1,0.075,0.2,1.0,747.0,43.0,17.0,0.1285140562248996
31.0,6.0,29.0,0.1,0.075,0.2,1.0,692.0,34.0,16.0,0.12427745664739884
31.0,6.0,30.0,0.1,0.075,0.2,1.0,660.0,32.0,14.0,0.12575757575757576
31.0,6.0,31.0,0.1,0.075,0.2,1.0,652.0,30.0,16.0,0.12883435582822086
31.0,6.0,32.0,0.1,0.075,0.2,1.0,643.0,32.0,15.0,0.12597200622083982
31.0,6.0,33.0,0.1,0.075,0.2,1.0,639.0,32.0,17.0,0.1298904538341158
31.0,6.0,34.0,0.1,0.075,0.2,1.0,622.0,26.0,12.0,0.12861736334405144
31.0,6.0,35.0,0.1,0.075,0.2,1.0,594.0,25.0,12.0,0.13131313131313133
31.0,6.0,36.0,0.1,0.075,0.2,1.0,572.0,20.0,13.0,0.13111888111888112
31.0,6.0,37.0,0.1,0.075,0.2,1.0,551.0,19.0,14.0,0.13611615245009073
31.0,6.0,38.0,0.1,0.075,0.2,1.0,547.0,16.0,10.0,0.13345521023765997
31.0,6.0,39.0,0.1,0.075,0.2,1.0,539.0,13.0,5.0,0.137291280148423
31.0,6.0,40.0,0.1,0.075,0.2,1.0,525.0,10.0,5.0,0.13714285714285715
31.0,6.0,41.0,0.1,0.075,0.2,1.0,522.0,9.0,5.0,0.13984674329501914
31.0,6.0,42.0,0.1,0.075,0.2,1.0,506.0,8.0,4.0,0.14031620553359683
31.0,6.0,43.0,0.1,0.075,0.2,1.0,503.0,6.0,2.0,0.14512922465208747
31.0,6.0,44.0,0.1,0.075,0.2,1.0,501.0,7.0,3.0,0.13972055888223553
31.0,6.0,45.0,0.1,0.075,0.2,1.0,500.0,9.0,4.0,0.208
31.0,6.0,46.0,0.1,0.075,0.2,1.0,499.0,8.0,5.0,0.20240480961923848
31.0,6.0,47.0,0.1,0.075,0.2,1.0,485.0,6.0,3.0,0.21237113402061855
31.0,6.0,48.0,0.1,0.075,0.2,1.0,483.0,7.0,3.0,0.20496894409937888
31.0,6.0,49.0,0.1,0.075,0.2,1.0,482.0,6.0,2.0,0.21161825726141079
31.0,6.0,50.0,0.1,0.075,0.2,1.0,481.0,7.0,3.0,0.20374220374220375
31.0,6.0,51.0,0.1,0.075,0.2,1.0,480.0,6.0,3.0,0.2125
31.0,6.0,52.0,0.1,0.075,0.2,1.0,478.0,5.0,2.0,0.20292887029288703
31.0,7.0,1.0,0.1,0.075,0.2,1.0,477.0,4.0,2.0,0.21174004192872117
31.0,7.0,2.0,0.1,0.075,0.2,1.0,475.0,3.0,1.0,0.20210526315789473
31.0,7.0,3.0,0.1,0.075,0.2,1.0,476.0,3.0,1.0,0.20798319327731093
31.0,7.0,4.0,0.1,0.075,0.2,1.0,474.0,2.0,0.0,0.20464135021097046
31.0,7.0,5.0,0.1,0.075,0.2,1.0,475.0,2.0,2.0,0.20842105263157895
31.0,7.0,6.0,0.1,0.075,0.2,1.0,473.0,2.0,2.0,0.20507399577167018
31.0,7.0,7.0,0.1,0.075,0.2,1.0,475.0,3.0,2.0,0.20842105263157895
31.0,7.0,8.0,0.1,0.075,0.2,1.0,469.0,1.0,0.0,0.2068230277185501
31.0,7.0,9.0,0.1,0.075,0.2,1.0,471.0,1.0,1.0,0.208067940552017
31.0,7.0,10.0,0.1,0.075,0.2,1.0,470.0,2.0,1.0,0.20425531914893616
31.0,7.0,11.0,0.1,0.075,0.2,1.0,470.0,3.0,1.0,0.20851063829787234
31.0,7.0,12.0,0.1,0.075,0.2,1.0,469.0,2.0,1.0,0.2046908315565032
31.0,7.0,13.0,0.1,0.075,0.2,1.0,468.0,3.0,2.0,0.2094017094017094
31.0,7.0,14.0,0.1,0.075,0.2,1.0,468.0,4.0,2.0,0.20512820512820512
31.0,7.0,15.0,0.1,0.075,0.2,1.0,464.0,3.0,1.0,0.20905172413793102
31.0,7.0,16.0,0.1,0.075,0.2,1.0,466.0,2.0,0.0,0.20386266094420602
31.0,7.0,17.0,0.1,0.075,0.2,1.0,464.0,2.0,2.0,0.20905172413793102
31.0,7.0,18.0,0.1,0.075,0.2,1.0,466.0,3.0,2.0,0.20600858369098712
31.0,7.0,19.0,0.1,0.075,0.2,1.0,462.0,4.0,2.0,0.20995670995670995
31.0,7.0,20.0,0.1,0.075,0.2,1.0,807.0,3.0,0.0,0.11771995043370508
31.0,7.0,21.0,0.1,0.075,0.2,1.0,784.0,3.0,0.0,0.11989795918367346
31.0,7.0,22.0,0.1,0.075,0.2,1.0,792.0,3.0,0.0,0.11742424242424243
31.0,7.0,23.0,0.1,0.075,0.2,1.0,747.0,3.0,0.0,0.12315930388219545
31.0,7.0,24.0,0.1,0.075,0.2,1.0,766.0,3.0,1.0,0.12140992167101827
31.0,7.0,25.0,0.1,0.075,0.2,1.0,747.0,5.0,1.0,0.12315930388219545
31.0,7.0,26.0,0.1,0.075,0.2,1.0,737.0,5.0,3.0,0.12211668928086838
31.0,7.0,27.0,0.1,0.075,0.2,1.0,694.0,4.0,2.0,0.12247838616714697
31.0,7.0,28.0,0.1,0.075,0.2,1.0,713.0,4.0,3.0,0.12061711079943899
31.0,7.0,29.0,0.1,0.075,0.2,1.0,681.0,3.0,1.0,0.11747430249632893
31.0,7.0,30.0,0.1,0.075,0.2,1.0,692.0,4.0,1.0,0.11560693641618497
31.0,7.0,31.0,0.1,0.075,0.2,1.0,679.0,5.0,1.0,0.11634756995581738
31.0,7.0,32.0,0.1,0.075,0.2,1.0,673.0,3.0,0.0,0.11441307578008915
31.0,7.0,33.0,0.1,0.075,0.2,1.0,645.0,3.0,0.0,0.11937984496124031
31.0,7.0,34.0,0.1,0.075,0.2,1.0,644.0,3.0,1.0,0.11956521739130435
31.0,7.0,35.0,0.1,0.075,0.2,1.0,623.0,4.0,3.0,0.12359550561797752
31.0,7.0,36.0,0.1,0.075,0.2,1.0,606.0,6.0,3.0,0.12376237623762376
31.0,7.0,37.0,0.1,0.075,0.2,1.0,587.0,5.0,2.0,0.12776831345826234
31.0,7.0,38.0,0.1,0.075,0.2,1.0,594.0,4.0,1.0,0.12457912457912458
31.0,7.0,39.0,0.1,0.075,0.2,1.0,571.0,5.0,3.0,0.12784588441331
31.0,7.0,40.0,0.1,0.075,0.2,1.0,582.0,6.0,3.0,0.12371134020618557
31.0,7.0,41.0,0.1,0.075,0.2,1.0,571.0,5.0,2.0,0.12784588441331
31.0,7.0,42.0,0.1,0.075,0.2,1.0,561.0,1.0,1.0,0.12477718360071301
31.0,7.0,43.0,0.1,0.075,0.2,1.0,553.0,2.0,1.0,0.12839059674502712
31.0,7.0,44.0,0.1,0.075,0.2,1.0,561.0,2.0,1.0,0.12477718360071301
31.0,7.0,45.0,0.1,0.075,0.2,1.0,551.0,1.0,1.0,0.19782214156079855
31.0,7.0,46.0,0.1,0.075,0.2,1.0,560.0,1.0,1.0,0.19642857142857142
31.0,7.0,47.0,0.1,0.075,0.2,1.0,552.0,2.0,1.0,0.19746376811594202
31.0,7.0,48.0,0.1,0.075,0.2,1.0,558.0,2.0,1.0,0.1971326164874552
31.0,7.0,49.0,0.1,0.075,0.2,1.0,548.0,2.0,1.0,0.19525547445255476
31.0,7.0,50.0,0.1,0.075,0.2,1.0,556.0,1.0,0.0,0.1960431654676259
31.0,7.0,51.0,0.1,0.075,0.2,1.0,545.0,1.0,0.0,0.1944954128440367
31.0,7.0,52.0,0.1,0.075,0.2,1.0,556.0,1.0,1.0,0.1960431654676259
31.0,8.0,1.0,0.1,0.075,0.2,1.0,545.0,1.0,1.0,0.1944954128440367
31.0,8.0,2.0,0.1,0.075,0.2,1.0,555.0,2.0,1.0,0.1963963963963964
31.0,8.0,3.0,0.1,0.075,0.2,1.0,543.0,1.0,1.0,0.19521178637200737
31.0,8.0,4.0,0.1,0.075,0.2,1.0,554.0,1.0,1.0,0.1967509025270758
31.0,8.0,5.0,0.1,0.075,0.2,1.0,545.0,2.0,1.0,0.1963302752293578
31.0,8.0,6.0,0.1,0.075,0.2,1.0,551.0,1.0,0.0,0.19600725952813067
31.0,8.0,7.0,0.1,0.075,0.2,1.0,544.0,1.0,1.0,0.19852941176470587
31.0,8.0,8.0,0.1,0.075,0.2,1.0,547.0,1.0,1.0,0.1956124314442413
31.0,8.0,9.0,0.1,0.075,0.2,1.0,530.0,1.0,1.0,0.2
31.0,8.0,10.0,0.1,0.075,0.2,1.0,535.0,0.0,0.0,0.2
31.0,8.0,11.0,0.1,0.075,0.2,1.0,529.0,0.0,0.0,0.2003780718336484
31.0,8.0,12.0,0.1,0.075,0.2,1.0,535.0,0.0,0.0,0.2
31.0,8.0,13.0,0.1,0.075,0.2,1.0,526.0,0.0,0.0,0.20152091254752852
31.0,8.0,14.0,0.1,0.075,0.2,1.0,534.0,0.0,0.0,0.20037453183520598
31.0,8.0,15.0,0.1,0.075,0.2,1.0,529.0,0.0,0.0,0.19848771266540643
31.0,8.0,16.0,0.1,0.075,0.2,1.0,534.0,0.0,0.0,0.19850187265917604
31.0,8.0,17.0,0.1,0.075,0.2,1.0,526.0,0.0,0.0,0.19961977186311788
31.0,8.0,18.0,0.1,0.075,0.2,1.0,533.0,0.0,0.0,0.19887429643527205
31.0,8.0,19.0,0.1,0.075,0.2,1.0,530.0,0.0,0.0,0.2
31.0,8.0,20.0,0.1,0.075,0.2,1.0,978.0,0.0,0.0,0.10940695296523517
31.0,8.0,21.0,0.1,0.075,0.2,1.0,957.0,0.0,0.0,0.109717868338558
31.0,8.0,22.0,0.1,0.075,0.2,1.0,956.0,0.0,0.0,0.1108786610878661
31.0,8.0,23.0,0.1,0.075,0.2,1.0,913.0,0.0,0.0,0.11062431544359255
31.0,8.0,24.0,0.1,0.075,0.2,1.0,887.0,0.0,0.0,0.11386696730552424
31.0,8.0,25.0,0.1,0.075,0.2,1.0,860.0,0.0,0.0,0.11511627906976744
31.0,8.0,26.0,0.1,0.075,0.2,1.0,837.0,0.0,0.0,0.11708482676224612
31.0,8.0,27.0,0.1,0.075,0.2,1.0,802.0,0.0,0.0,0.11596009975062344
31.0,8.0,28.0,0.1,0.075,0.2,1.0,818.0,0.0,0.0,0.11613691931540342
31.0,8.0,29.0,0.1,0.075,0.2,1.0,797.0,0.0,0.0,0.11668757841907151
31.0,8.0,30.0,0.1,0.075,0.2,1.0,807.0,0.0,0.0,0.11648079306071871
31.0,8.0,31.0,0.1,0.075,0.2,1.0,796.0,0.0,0.0,0.11557788944723618
31.0,8.0,32.0,0.1,0.075,0.2,1.0,797.0,0.0,0.0,0.11794228356336262
31.0,8.0,33.0,0.1,0.075,0.2,1.0,757.0,0.0,0.0,0.11756935270805813
31.0,8.0,34.0,0.1,0.075,0.2,1.0,757.0,0.0,0.0,0.1215323645970938
31.0,8.0,35.0,0.1,0.075,0.2,1.0,720.0,0.0,0.0,0.12222222222222222
31.0,8.0,36.0,0.1,0.075,0.2,1.0,731.0,0.0,0.0,0.12311901504787962
31.0,8.0,37.0,0.1,0.075,0.2,1.0,700.0,0.0,0.0,0.12285714285714286
31.0,8.0,38.0,0.1,0.075,0.2,1.0,670.0,0.0,0.0,0.1253731343283582
31.0,8.0,39.0,0.1,0.075,0.2,1.0,676.0,0.0,0.0,0.1227810650887574
31.0,8.0,40.0,0.1,0.075,0.2,1.0,672.0,0.0,0.0,0.125
31.0,8.0,41.0,0.1,0.075,0.2,1.0,663.0,0.0,0.0,0.12518853695324283
31.0,8.0,42.0,0.1,0.075,0.2,1.0,669.0,0.0,0.0,0.12556053811659193
31.0,8.0,43.0,0.1,0.075,0.2,1.0,648.0,0.0,0.0,0.12191358024691358
31.0,8.0,44.0,0.1,0.075,0.2,1.0,654.0,0.0,0.0,0.12232415902140673
31.0,8.0,45.0,0.1,0.075,0.2,1.0,648.0,0.0,0.0,0.17592592592592593
31.0,8.0,46.0,0.1,0.075,0.2,1.0,642.0,0.0,0.0,0.17445482866043613
31.0,8.0,47.0,0.1,0.075,0.2,1.0,636.0,0.0,0.0,0.17452830188679244
31.0,8.0,48.0,0.1,0.075,0.2,1.0,642.0,0.0,0.0,0.17445482866043613
31.0,8.0,49.0,0.1,0.075,0.2,1.0,636.0,0.0,0.0,0.17452830188679244
31.0,8.0,50.0,0.1,0.075,0.2,1.0,641.0,0.0,0.0,0.1747269890795632
31.0,8.0,51.0,0.1,0.075,0.2,1.0,634.0,0.0,0.0,0.1750788643533123
31.0,8.0,52.0,0.1,0.075,0.2,1.0,640.0,0.0,0.0,0.175
31.0,9.0,1.0,0.1,0.075,0.2,1.0,636.0,0.0,0.0,0.17452830188679244
31.0,9.0,2.0,0.1,0.075,0.2,1.0,641.0,0.0,0.0,0.1747269890795632
31.0,9.0,3.0,0.1,0.075,0.2,1.0,636.0,0.0,0.0,0.17452830188679244
31.0,9.0,4.0,0.1,0.075,0.2,1.0,640.0,0.0,0.0,0.175
31.0,9.0,5.0,0.1,0.075,0.2,1.0,636.0,0.0,0.0,0.17452830188679244
31.0,9.0,6.0,0.1,0.075,0.2,1.0,641.0,0.0,0.0,0.1747269890795632
31.0,9.0,7.0,0.1,0.075,0.2,1.0,634.0,0.0,0.0,0.1750788643533123
31.0,9.0,8.0,0.1,0.075,0.2,1.0,628.0,0.0,0.0,0.1751592356687898
31.0,9.0,9.0,0.1,0.075,0.2,1.0,623.0,0.0,0.0,0.17495987158908508
31.0,9.0,10.0,0.1,0.075,0.2,1.0,626.0,0.0,0.0,0.17412140575079874
31.0,9.0,11.0,0.1,0.075,0.2,1.0,621.0,0.0,0.0,0.17552334943639292
31.0,9.0,12.0,0.1,0.075,0.2,1.0,614.0,0.0,0.0,0.17100977198697068
31.0,9.0,13.0,0.1,0.075,0.2,1.0,609.0,0.0,0.0,0.17405582922824303
31.0,9.0,14.0,0.1,0.075,0.2,1.0,613.0,0.0,0.0,0.17128874388254486
31.0,9.0,15.0,0.1,0.075,0.2,1.0,594.0,0.0,0.0,0.17676767676767677
31.0,9.0,16.0,0.1,0.075,0.2,1.0,596.0,0.0,0.0,0.17281879194630873
31.0,9.0,17.0,0.1,0.075,0.2,1.0,593.0,0.0,0.0,0.17706576728499157
31.0,9.0,18.0,0.1,0.075,0.2,1.0,595.0,0.0,0.0,0.173109243697479
31.0,9.0,19.0,0.1,0.075,0.2,1.0,593.0,0.0,0.0,0.17706576728499157
31.0,9.0,20.0,0.1,0.075,0.2,1.0,1031.0,0.0,0.0,0.09408341416100872
31.0,9.0,21.0,0.1,0.075,0.2,1.0,1002.0,0.0,0.0,0.09381237524950099
31.0,9.0,22.0,0.1,0.075,0.2,1.0,987.0,0.0,0.0,0.09321175278622088
31.0,9.0,23.0,0.1,0.075,0.2,1.0,981.0,0.0,0.0,0.09480122324159021
31.0,9.0,24.0,0.1,0.075,0.2,1.0,975.0,0.0,0.0,0.09333333333333334
31.0,9.0,25.0,0.1,0.075,0.2,1.0,954.0,0.0,0.0,0.09748427672955975
31.0,9.0,26.0,0.1,0.075,0.2,1.0,935.0,0.0,0.0,0.09411764705882353
31.0,9.0,27.0,0.1,0.075,0.2,1.0,930.0,0.0,0.0,0.09462365591397849
31.0,9.0,28.0,0.1,0.075,0.2,1.0,899.0,0.0,0.0,0.09566184649610679
31.0,9.0,29.0,0.1,0.075,0.2,1.0,906.0,0.0,0.0,0.09713024282560706
31.0,9.0,30.0,0.1,0.075,0.2,1.0,885.0,0.0,0.0,0.09717514124293786
31.0,9.0,31.0,0.1,0.075,0.2,1.0,891.0,0.0,0.0,0.09876543209876543
31.0,9.0,32.0,0.1,0.075,0.2,1.0,874.0,0.0,0.0,0.09839816933638444
31.0,9.0,33.0,0.1,0.075,0.2,1.0,881.0,0.0,0.0,0.09988649262202043
31.0,9.0,34.0,0.1,0.075,0.2,1.0,851.0,0.0,0.0,0.09518213866039953
31.0,9.0,35.0,0.1,0.075,0.2,1.0,843.0,0.0,0.0,0.09727164887307237
31.0,9.0,36.0,0.1,0.075,0.2,1.0,807.0,0.0,0.0,0.09665427509293681
31.0,9.0,37.0,0.1,0.075,0.2,1.0,814.0,0.0,0.0,0.09705159705159705
31.0,9.0,38.0,0.1,0.075,0.2,1.0,807.0,0.0,0.0,0.09665427509293681
31.0,9.0,39.0,0.1,0.075,0.2,1.0,815.0,0.0,0.0,0.09815950920245399
31.0,9.0,40.0,0.1,0.075,0.2,1.0,807.0,0.0,0.0,0.09665427509293681
31.0,9.0,41.0,0.1,0.075,0.2,1.0,815.0,0.0,0.0,0.09815950920245399
31.0,9.0,42.0,0.1,0.075,0.2,1.0,793.0,0.0,0.0,0.09709962168978563
31.0,9.0,43.0,0.1,0.075,0.2,1.0,789.0,0.0,0.0,0.09885931558935361
31.0,9.0,44.0,0.1,0.075,0.2,1.0,780.0,0.0,0.0,0.09743589743589744
31.0,9.0,45.0,0.1,0.075,0.2,1.0,787.0,0.0,0.0,0.1613722998729352
31.0,9.0,46.0,0.1,0.075,0.2,1.0,780.0,0.0,0.0,0.16025641025641027
31.0,9.0,47.0,0.1,0.075,0.2,1.0,787.0,0.0,0.0,0.16010165184243966
31.0,9.0,48.0,0.1,0.075,0.2,1.0,746.0,0.0,0.0,0.16219839142091153
31.0,9.0,49.0,0.1,0.075,0.2,1.0,753.0,0.0,0.0,0.16201859229747675
31.0,9.0,50.0,0.1,0.075,0.2,1.0,746.0,0.0,0.0,0.16219839142091153
31.0,9.0,51.0,0.1,0.075,0.2,1.0,746.0,0.0,0.0,0.16219839142091153
31.0,9.0,52.0,0.1,0.075,0.2,1.0,745.0,0.0,0.0,0.1610738255033557
31.0,10.0,1.0,0.1,0.075,0.2,1.0,746.0,0.0,0.0,0.16219839142091153
31.0,10.0,2.0,0.1,0.075,0.2,1.0,745.0,0.0,0.0,0.1610738255033557
31.0,10.0,3.0,0.1,0.075,0.2,1.0,746.0,0.0,0.0,0.16219839142091153
31.0,10.0,4.0,0.1,0.075,0.2,1.0,745.0,0.0,0.0,0.1610738255033557
31.0,10.0,5.0,0.1,0.075,0.2,1.0,746.0,0.0,0.0,0.16219839142091153
31.0,10.0,6.0,0.1,0.075,0.2,1.0,744.0,0.0,0.0,0.16129032258064516
31.0,10.0,7.0,0.1,0.075,0.2,1.0,746.0,0.0,0.0,0.16219839142091153
31.0,10.0,8.0,0.1,0.075,0.2,1.0,743.0,0.0,0.0,0.1601615074024226
31.0,10.0,9.0,0.1,0.075,0.2,1.0,745.0,0.0,0.0,0.16241610738255033
31.0,10.0,10.0,0.1,0.075,0.2,1.0,743.0,0.0,0.0,0.1601615074024226
31.0,10.0,11.0,0.1,0.075,0.2,1.0,723.0,0.0,0.0,0.16459197786998617
31.0,10.0,12.0,0.1,0.075,0.2,1.0,720.0,0.0,0.0,0.1625
31.0,10.0,13.0,0.1,0.075,0.2,1.0,722.0,0.0,0.0,0.16481994459833796
31.0,10.0,14.0,0.1,0.075,0.2,1.0,719.0,0.0,0.0,0.1627260083449235
31.0,10.0,15.0,0.1,0.075,0.2,1.0,721.0,0.0,0.0,0.1650485436893204
31.0,10.0,16.0,0.1,0.075,0.2,1.0,720.0,0.0,0.0,0.1625
31.0,10.0,17.0,0.1,0.075,0.2,1.0,711.0,0.0,0.0,0.16033755274261605
31.0,10.0,18.0,0.1,0.075,0.2,1.0,707.0,0.0,0.0,0.15841584158415842
31.0,10.0,19.0,0.1,0.075,0.2,1.0,710.0,0.0,0.0,0.16056338028169015
31.0,10.0,20.0,0.1,0.075,0.2,1.0,1261.0,0.0,0.0,0.07930214115781126
31.0,10.0,21.0,0.1,0.075,0.2,1.0,1263.0,0.0,0.0,0.07996832937450514
31.0,10.0,22.0,0.1,0.075,0.2,1.0,1194.0,0.0,0.0,0.08207705192629816
31.0,10.0,23.0,0.1,0.075,0.2,1.0,1157.0,0.0,0.0,0.0847018150388937
31.0,10.0,24.0,0.1,0.075,0.2,1.0,1115.0,0.0,0.0,0.08430493273542601
31.0,10.0,25.0,0.1,0.075,0.2,1.0,1096.0,0.0,0.0,0.08485401459854014
31.0,10.0,26.0,0.1,0.075,0.2,1.0,1063.0,0.0,0.0,0.08466603951081844
31.0,10.0,27.0,0.1,0.075,0.2,1.0,1040.0,0.0,0.0,0.08461538461538462
31.0,10.0,28.0,0.1,0.075,0.2,1.0,1028.0,0.0,0.0,0.08365758754863813
31.0,10.0,29.0,0.1,0.075,0.2,1.0,972.0,0.0,0.0,0.08641975308641975
31.0,10.0,30.0,0.1,0.075,0.2,1.0,927.0,0.0,0.0,0.08414239482200647
31.0,10.0,31.0,0.1,0.075,0.2,1.0,909.0,0.0,0.0,0.08690869086908691
31.0,10.0,32.0,0.1,0.075,0.2,1.0,914.0,0.0,0.0,0.08533916849015317
31.0,10.0,33.0,0.1,0.075,0.2,1.0,896.0,0.0,0.0,0.08816964285714286
31.0,10.0,34.0,0.1,0.075,0.2,1.0,872.0,0.0,0.0,0.08944954128440367
31.0,10.0,35.0,0.1,0.075,0.2,1.0,868.0,0.0,0.0,0.09101382488479262
31.0,10.0,36.0,0.1,0.075,0.2,1.0,860.0,0.0,0.0,0.09069767441860466
31.0,10.0,37.0,0.1,0.075,0.2,1.0,860.0,0.0,0.0,0.09186046511627907
31.0,10.0,38.0,0.1,0.075,0.2,1.0,858.0,0.0,0.0,0.09090909090909091
31.0,10.0,39.0,0.1,0.075,0.2,1.0,836.0,0.0,0.0,0.09449760765550239
31.0,10.0,40.0,0.1,0.075,0.2,1.0,836.0,0.0,0.0,0.09210526315789473
31.0,10.0,41.0,0.1,0.075,0.2,1.0,835.0,0.0,0.0,0.09461077844311377
31.0,10.0,42.0,0.1,0.075,0.2,1.0,827.0,0.0,0.0,0.094316807738815
31.0,10.0,43.0,0.1,0.075,0.2,1.0,824.0,0.0,0.0,0.09587378640776699
31.0,10.0,44.0,0.1,0.075,0.2,1.0,823.0,0.0,0.0,0.09477521263669501
31.0,10.0,45.0,0.1,0.075,0.2,1.0,810.0,0.0,0.0,0.17160493827160495
31.0,10.0,46.0,0.1,0.075,0.2,1.0,800.0,0.0,0.0,0.1675
31.0,10.0,47.0,0.1,0.075,0.2,1.0,770.0,0.0,0.0,0.17272727272727273
31.0,10.0,48.0,0.1,0.075,0.2,1.0,776.0,0.0,0.0,0.17010309278350516
31.0,10.0,49.0,0.1,0.075,0.2,1.0,769.0,0.0,0.0,0.1729518855656697
31.0,10.0,50.0,0.1,0.075,0.2,1.0,772.0,0.0,0.0,0.17098445595854922
31.0,10.0,51.0,0.1,0.075,0.2,1.0,768.0,0.0,0.0,0.17317708333333334
31.0,10.0,52.0,0.1,0.075,0.2,1.0,772.0,0.0,0.0,0.17098445595854922
32.0,1.0,1.0,0.1,0.075,0.2,1.0,5137.0,49.0,12.0,0.09227175394198948
32.0,1.0,2.0,0.1,0.075,0.2,1.0,5156.0,59.0,24.0,0.09425911559348332
32.0,1.0,3.0,0.1,0.075,0.2,1.0,5087.0,80.0,37.0,0.09632396304305091
32.0,1.0,4.0,0.1,0.075,0.2,1.0,5035.0,115.0,36.0,0.09831181727904667
32.0,1.0,5.0,0.1,0.075,0.2,1.0,5035.0,132.0,38.0,0.09930486593843098
32.0,1.0,6.0,0.1,0.075,0.2,1.0,4930.0,136.0,45.0,0.10081135902636917
32.0,1.0,7.0,0.1,0.075,0.2,1.0,4798.0,165.0,66.0,0.10170904543559817
32.0,1.0,8.0,0.1,0.075,0.2,1.0,4610.0,205.0,73.0,0.10368763557483732
32.0,1.0,9.0,0.1,0.075,0.2,1.0,4434.0,245.0,85.0,0.10532250789354984
32.0,1.0,10.0,0.1,0.075,0.2,1.0,4287.0,297.0,100.0,0.10450198273851179
32.0,1.0,11.0,0.1,0.075,0.2,1.0,4086.0,320.0,126.0,0.10646108663729809
32.0,1.0,12.0,0.1,0.075,0.2,1.0,3884.0,346.0,143.0,0.10710607621009269
32.0,1.0,13.0,0.1,0.075,0.2,1.0,3746.0,368.0,161.0,0.10945008008542445
32.0,1.0,14.0,0.1,0.075,0.2,1.0,3593.0,377.0,168.0,0.11021430559421097
32.0,1.0,15.0,0.1,0.075,0.2,1.0,3495.0,389.0,188.0,0.11502145922746781
32.0,1.0,16.0,0.1,0.075,0.2,1.0,3352.0,374.0,194.0,0.11336515513126491
32.0,1.0,17.0,0.1,0.075,0.2,1.0,3266.0,361.0,191.0,0.11788120024494794
32.0,1.0,18.0,0.1,0.075,0.2,1.0,3090.0,328.0,158.0,0.1203883495145631
32.0,1.0,19.0,0.1,0.075,0.2,1.0,2941.0,302.0,152.0,0.12512750765045902
32.0,1.0,20.0,0.1,0.075,0.2,1.0,5491.0,296.0,157.0,0.06465124749590238
32.0,1.0,21.0,0.1,0.075,0.2,1.0,5154.0,337.0,158.0,0.06635622817229336
32.0,1.0,22.0,0.1,0.075,0.2,1.0,4757.0,334.0,144.0,0.06789993693504309
32.0,1.0,23.0,0.1,0.075,0.2,1.0,4588.0,368.0,141.0,0.07040104620749782
32.0,1.0,24.0,0.1,0.075,0.2,1.0,4309.0,380.0,146.0,0.0728707356695289
32.0,1.0,25.0,0.1,0.075,0.2,1.0,4181.0,417.0,159.0,0.07462329586223392
32.0,1.0,26.0,0.1,0.075,0.2,1.0,3963.0,434.0,163.0,0.07696189755235933
32.0,1.0,27.0,0.1,0.075,0.2,1.0,3822.0,446.0,192.0,0.07901622187336473
32.0,1.0,28.0,0.1,0.075,0.2,1.0,3595.0,454.0,195.0,0.07955493741307372
32.0,1.0,29.0,0.1,0.075,0.2,1.0,3407.0,481.0,191.0,0.08218373936014088
32.0,1.0,30.0,0.1,0.075,0.2,1.0,3224.0,463.0,196.0,0.08405707196029777
32.0,1.0,31.0,0.1,0.075,0.2,1.0,3098.0,468.0,214.0,0.08618463524854746
32.0,1.0,32.0,0.1,0.075,0.2,1.0,2911.0,485.0,222.0,0.08828581243558914
32.0,1.0,33.0,0.1,0.075,0.2,1.0,2739.0,468.0,234.0,0.09236947791164658
32.0,1.0,34.0,0.1,0.075,0.2,1.0,2542.0,441.0,210.0,0.0955940204563336
32.0,1.0,35.0,0.1,0.075,0.2,1.0,2437.0,442.0,214.0,0.10053344275748871
32.0,1.0,36.0,0.1,0.075,0.2,1.0,2281.0,440.0,175.0,0.10346339324857519
32.0,1.0,37.0,0.1,0.075,0.2,1.0,2170.0,453.0,199.0,0.11013824884792627
32.0,1.0,38.0,0.1,0.075,0.2,1.0,2047.0,429.0,185.0,0.1162677088422081
32.0,1.0,39.0,0.1,0.075,0.2,1.0,1955.0,445.0,216.0,0.11815856777493607
32.0,1.0,40.0,0.1,0.075,0.2,1.0,1832.0,442.0,211.0,0.12445414847161572
32.0,1.0,41.0,0.1,0.075,0.2,1.0,1715.0,424.0,221.0,0.13119533527696792
32.0,1.0,42.0,0.1,0.075,0.2,1.0,1571.0,371.0,193.0,0.1400381922342457
32.0,1.0,43.0,0.1,0.075,0.2,1.0,1454.0,352.0,187.0,0.14924346629986246
32.0,1.0,44.0,0.1,0.075,0.2,1.0,1384.0,326.0,168.0,0.15606936416184972
32.0,1.0,45.0,0.1,0.075,0.2,1.0,1301.0,308.0,152.0,0.23059185242121444
32.0,1.0,46.0,0.1,0.075,0.2,1.0,1217.0,269.0,134.0,0.2407559572719803
32.0,1.0,47.0,0.1,0.075,0.2,1.0,1153.0,244.0,128.0,0.24804856895056374
32.0,1.0,48.0,0.1,0.075,0.2,1.0,1094.0,222.0,135.0,0.2595978062157221
32.0,1.0,49.0,0.1,0.075,0.2,1.0,1032.0,188.0,116.0,0.2655038759689923
32.0,1.0,50.0,0.1,0.075,0.2,1.0,985.0,168.0,93.0,0.2781725888324873
32.0,1.0,51.0,0.1,0.075,0.2,1.0,930.0,137.0,78.0,0.2860215053763441
32.0,1.0,52.0,0.1,0.075,0.2,1.0,900.0,125.0,65.0,0.29888888888888887
32.0,2.0,1.0,0.1,0.075,0.2,1.0,873.0,119.0,58.0,0.29782359679266895
32.0,2.0,2.0,0.1,0.075,0.2,1.0,844.0,93.0,48.0,0.3104265402843602
32.0,2.0,3.0,0.1,0.075,0.2,1.0,825.0,88.0,47.0,0.3115151515151515
32.0,2.0,4.0,0.1,0.075,0.2,1.0,813.0,83.0,44.0,0.31857318573185733
32.0,2.0,5.0,0.1,0.075,0.2,1.0,786.0,65.0,41.0,0.32188295165394404
32.0,2.0,6.0,0.1,0.075,0.2,1.0,768.0,54.0,38.0,0.3294270833333333
32.0,2.0,7.0,0.1,0.075,0.2,1.0,748.0,48.0,36.0,0.32754010695187163
32.0,2.0,8.0,0.1,0.075,0.2,1.0,728.0,34.0,21.0,0.33516483516483514
32.0,2.0,9.0,0.1,0.075,0.2,1.0,708.0,27.0,16.0,0.3347457627118644
32.0,2.0,10.0,0.1,0.075,0.2,1.0,702.0,22.0,12.0,0.34615384615384615
32.0,2.0,11.0,0.1,0.075,0.2,1.0,696.0,21.0,12.0,0.3390804597701149
32.0,2.0,12.0,0.1,0.075,0.2,1.0,685.0,17.0,6.0,0.34890510948905107
32.0,2.0,13.0,0.1,0.075,0.2,1.0,680.0,16.0,7.0,0.34411764705882353
32.0,2.0,14.0,0.1,0.075,0.2,1.0,679.0,15.0,5.0,0.35051546391752575
32.0,2.0,15.0,0.1,0.075,0.2,1.0,673.0,14.0,8.0,0.3447251114413076
32.0,2.0,16.0,0.1,0.075,0.2,1.0,670.0,12.0,8.0,0.35074626865671643
32.0,2.0,17.0,0.1,0.075,0.2,1.0,660.0,14.0,9.0,0.346969696969697
32.0,2.0,18.0,0.1,0.075,0.2,1.0,657.0,11.0,5.0,0.350076103500761
32.0,2.0,19.0,0.1,0.075,0.2,1.0,646.0,8.0,4.0,0.3498452012383901
32.0,2.0,20.0,0.1,0.075,0.2,1.0,1112.0,7.0,4.0,0.20323741007194246
32.0,2.0,21.0,0.1,0.075,0.2,1.0,1096.0,15.0,5.0,0.20164233576642335
32.0,2.0,22.0,0.1,0.075,0.2,1.0,1093.0,16.0,4.0,0.2031107044830741
32.0,2.0,23.0,0.1,0.075,0.2,1.0,1043.0,15.0,9.0,0.20709491850431447
32.0,2.0,24.0,0.1,0.075,0.2,1.0,1024.0,12.0,6.0,0.205078125
32.0,2.0,25.0,0.1,0.075,0.2,1.0,1002.0,12.0,5.0,0.20159680638722555
32.0,2.0,26.0,0.1,0.075,0.2,1.0,1002.0,6.0,1.0,0.20359281437125748
32.0,2.0,27.0,0.1,0.075,0.2,1.0,994.0,7.0,3.0,0.2012072434607646
32.0,2.0,28.0,0.1,0.075,0.2,1.0,996.0,7.0,4.0,0.20281124497991967
32.0,2.0,29.0,0.1,0.075,0.2,1.0,985.0,8.0,4.0,0.19898477157360406
32.0,2.0,30.0,0.1,0.075,0.2,1.0,983.0,6.0,4.0,0.19938962360122076
32.0,2.0,31.0,0.1,0.075,0.2,1.0,937.0,6.0,4.0,0.19530416221985059
32.0,2.0,32.0,0.1,0.075,0.2,1.0,955.0,5.0,4.0,0.1968586387434555
32.0,2.0,33.0,0.1,0.075,0.2,1.0,933.0,4.0,2.0,0.1982851018220793
32.0,2.0,34.0,0.1,0.075,0.2,1.0,940.0,3.0,3.0,0.2
32.0,2.0,35.0,0.1,0.075,0.2,1.0,917.0,2.0,2.0,0.19738276990185388
32.0,2.0,36.0,0.1,0.075,0.2,1.0,900.0,4.0,2.0,0.19777777777777777
32.0,2.0,37.0,0.1,0.075,0.2,1.0,859.0,3.0,1.0,0.1990686845168801
32.0,2.0,38.0,0.1,0.075,0.2,1.0,862.0,3.0,1.0,0.19489559164733178
32.0,2.0,39.0,0.1,0.075,0.2,1.0,840.0,3.0,1.0,0.19523809523809524
32.0,2.0,40.0,0.1,0.075,0.2,1.0,837.0,0.0,0.0,0.1959378733572282
32.0,2.0,41.0,0.1,0.075,0.2,1.0,832.0,0.0,0.0,0.19471153846153846
32.0,2.0,42.0,0.1,0.075,0.2,1.0,832.0,0.0,0.0,0.19471153846153846
32.0,2.0,43.0,0.1,0.075,0.2,1.0,815.0,0.0,0.0,0.1950920245398773
32.0,2.0,44.0,0.1,0.075,0.2,1.0,806.0,0.0,0.0,0.19727047146401985
32.0,2.0,45.0,0.1,0.075,0.2,1.0,798.0,0.0,0.0,0.2681704260651629
32.0,2.0,46.0,0.1,0.075,0.2,1.0,800.0,0.0,0.0,0.26625
32.0,2.0,47.0,0.1,0.075,0.2,1.0,785.0,0.0,0.0,0.267515923566879
32.0,2.0,48.0,0.1,0.075,0.2,1.0,779.0,0.0,0.0,0.2682926829268293
32.0,2.0,49.0,0.1,0.075,0.2,1.0,770.0,0.0,0.0,0.2714285714285714
32.0,2.0,50.0,0.1,0.075,0.2,1.0,761.0,0.0,0.0,0.2733245729303548
32.0,2.0,51.0,0.1,0.075,0.2,1.0,761.0,0.0,0.0,0.26938239159001315
32.0,2.0,52.0,0.1,0.075,0.2,1.0,748.0,0.0,0.0,0.2700534759358289
32.0,3.0,1.0,0.1,0.075,0.2,1.0,746.0,0.0,0.0,0.2667560321715818
32.0,3.0,2.0,0.1,0.075,0.2,1.0,739.0,0.0,0.0,0.2692828146143437
32.0,3.0,3.0,0.1,0.075,0.2,1.0,737.0,0.0,0.0,0.26594301221166894
32.0,3.0,4.0,0.1,0.075,0.2,1.0,730.0,0.0,0.0,0.2671232876712329
32.0,3.0,5.0,0.1,0.075,0.2,1.0,713.0,0.0,0.0,0.26227208976157085
32.0,3.0,6.0,0.1,0.075,0.2,1.0,710.0,0.0,0.0,0.2633802816901408
32.0,3.0,7.0,0.1,0.075,0.2,1.0,712.0,0.0,0.0,0.26264044943820225
32.0,3.0,8.0,0.1,0.075,0.2,1.0,704.0,0.0,0.0,0.26420454545454547
32.0,3.0,9.0,0.1,0.075,0.2,1.0,703.0,0.0,0.0,0.26173541963015645
32.0,3.0,10.0,0.1,0.075,0.2,1.0,701.0,0.0,0.0,0.2624821683309558
32.0,3.0,11.0,0.1,0.075,0.2,1.0,699.0,0.0,0.0,0.2632331902718169
32.0,3.0,12.0,0.1,0.075,0.2,1.0,696.0,0.0,0.0,0.26436781609195403
32.0,3.0,13.0,0.1,0.075,0.2,1.0,694.0,0.0,0.0,0.26368876080691644
32.0,3.0,14.0,0.1,0.075,0.2,1.0,685.0,0.0,0.0,0.26423357664233577
32.0,3.0,15.0,0.1,0.075,0.2,1.0,682.0,0.0,0.0,0.2668621700879765
32.0,3.0,16.0,0.1,0.075,0.2,1.0,675.0,0.0,0.0,0.2651851851851852
32.0,3.0,17.0,0.1,0.075,0.2,1.0,675.0,0.0,0.0,0.2651851851851852
32.0,3.0,18.0,0.1,0.075,0.2,1.0,669.0,0.0,0.0,0.26307922272047835
32.0,3.0,19.0,0.1,0.075,0.2,1.0,670.0,0.0,0.0,0.26119402985074625
32.0,3.0,20.0,0.1,0.075,0.2,1.0,1217.0,0.0,0.0,0.14133114215283485
32.0,3.0,21.0,0.1,0.075,0.2,1.0,1209.0,0.0,0.0,0.14061207609594706
32.0,3.0,22.0,0.1,0.075,0.2,1.0,1180.0,0.0,0.0,0.1423728813559322
32.0,3.0,23.0,0.1,0.075,0.2,1.0,1150.0,0.0,0.0,0.1443478260869565
32.0,3.0,24.0,0.1,0.075,0.2,1.0,1118.0,0.0,0.0,0.1449016100178891
32.0,3.0,25.0,0.1,0.075,0.2,1.0,1099.0,0.0,0.0,0.1410373066424022
32.0,3.0,26.0,0.1,0.075,0.2,1.0,1082.0,0.0,0.0,0.14602587800369685
32.0,3.0,27.0,0.1,0.075,0.2,1.0,1074.0,0.0,0.0,0.14152700186219738
32.0,3.0,28.0,0.1,0.075,0.2,1.0,1055.0,0.0,0.0,0.14502369668246445
32.0,3.0,29.0,0.1,0.075,0.2,1.0,1034.0,0.0,0.0,0.13926499032882012
32.0,3.0,30.0,0.1,0.075,0.2,1.0,994.0,0.0,0.0,0.14285714285714285
32.0,3.0,31.0,0.1,0.075,0.2,1.0,959.0,0.0,0.0,0.14285714285714285
32.0,3.0,32.0,0.1,0.075,0.2,1.0,928.0,0.0,0.0,0.1476293103448276
32.0,3.0,33.0,0.1,0.075,0.2,1.0,913.0,0.0,0.0,0.14457831325301204
32.0,3.0,34.0,0.1,0.075,0.2,1.0,910.0,0.0,0.0,0.14835164835164835
32.0,3.0,35.0,0.1,0.075,0.2,1.0,882.0,0.0,0.0,0.14285714285714285
32.0,3.0,36.0,0.1,0.075,0.2,1.0,887.0,0.0,0.0,0.14768883878241262
32.0,3.0,37.0,0.1,0.075,0.2,1.0,872.0,0.0,0.0,0.13990825688073394
32.0,3.0,38.0,0.1,0.075,0.2,1.0,850.0,0.0,0.0,0.14705882352941177
32.0,3.0,39.0,0.1,0.075,0.2,1.0,836.0,0.0,0.0,0.1423444976076555
32.0,3.0,40.0,0.1,0.075,0.2,1.0,783.0,0.0,0.0,0.14814814814814814
32.0,3.0,41.0,0.1,0.075,0.2,1.0,785.0,0.0,0.0,0.14267515923566879
32.0,3.0,42.0,0.1,0.075,0.2,1.0,767.0,0.0,0.0,0.1421121251629726
32.0,3.0,43.0,0.1,0.075,0.2,1.0,750.0,0.0,0.0,0.136
32.0,3.0,44.0,0.1,0.075,0.2,1.0,747.0,0.0,0.0,0.14190093708165996
32.0,3.0,45.0,0.1,0.075,0.2,1.0,746.0,0.0,0.0,0.2064343163538874
32.0,3.0,46.0,0.1,0.075,0.2,1.0,729.0,0.0,0.0,0.2139917695473251
32.0,3.0,47.0,0.1,0.075,0.2,1.0,727.0,0.0,0.0,0.2063273727647868
32.0,3.0,48.0,0.1,0.075,0.2,1.0,699.0,0.0,0.0,0.21602288984263232
32.0,3.0,49.0,0.1,0.075,0.2,1.0,690.0,0.0,0.0,0.20579710144927535
32.0,3.0,50.0,0.1,0.075,0.2,1.0,695.0,0.0,0.0,0.21294964028776978
32.0,3.0,51.0,0.1,0.075,0.2,1.0,685.0,0.0,0.0,0.2072992700729927
32.0,3.0,52.0,0.1,0.075,0.2,1.0,671.0,0.0,0.0,0.21311475409836064
32.0,4.0,1.0,0.1,0.075,0.2,1.0,666.0,0.0,0.0,0.2087087087087087
32.0,4.0,2.0,0.1,0.075,0.2,1.0,668.0,0.0,0.0,0.21407185628742514
32.0,4.0,3.0,0.1,0.075,0.2,1.0,661.0,0.0,0.0,0.2087745839636914
32.0,4.0,4.0,0.1,0.075,0.2,1.0,663.0,0.0,0.0,0.21266968325791855
32.0,4.0,5.0,0.1,0.075,0.2,1.0,658.0,0.0,0.0,0.20820668693009117
32.0,4.0,6.0,0.1,0.075,0.2,1.0,659.0,0.0,0.0,0.21396054628224584
32.0,4.0,7.0,0.1,0.075,0.2,1.0,655.0,0.0,0.0,0.20916030534351146
32.0,4.0,8.0,0.1,0.075,0.2,1.0,645.0,0.0,0.0,0.20930232558139536
32.0,4.0,9.0,0.1,0.075,0.2,1.0,636.0,0.0,0.0,0.2028301886792453
32.0,4.0,10.0,0.1,0.075,0.2,1.0,636.0,0.0,0.0,0.20911949685534592
32.0,4.0,11.0,0.1,0.075,0.2,1.0,632.0,0.0,0.0,0.20253164556962025
32.0,4.0,12.0,0.1,0.075,0.2,1.0,633.0,0.0,0.0,0.20853080568720378
32.0,4.0,13.0,0.1,0.075,0.2,1.0,629.0,0.0,0.0,0.20349761526232116
32.0,4.0,14.0,0.1,0.075,0.2,1.0,630.0,0.0,0.0,0.20952380952380953
32.0,4.0,15.0,0.1,0.075,0.2,1.0,626.0,0.0,0.0,0.20447284345047922
32.0,4.0,16.0,0.1,0.075,0.2,1.0,626.0,0.0,0.0,0.2108626198083067
32.0,4.0,17.0,0.1,0.075,0.2,1.0,624.0,0.0,0.0,0.20512820512820512
32.0,4.0,18.0,0.1,0.075,0.2,1.0,625.0,0.0,0.0,0.2112
32.0,4.0,19.0,0.1,0.075,0.2,1.0,623.0,0.0,0.0,0.20224719101123595
32.0,4.0,20.0,0.1,0.075,0.2,1.0,1135.0,0.0,0.0,0.11629955947136564
32.0,4.0,21.0,0.1,0.075,0.2,1.0,1101.0,0.0,0.0,0.11171662125340599
32.0,4.0,22.0,0.1,0.075,0.2,1.0,1089.0,0.0,0.0,0.1184573002754821
32.0,4.0,23.0,0.1,0.075,0.2,1.0,1072.0,0.0,0.0,0.11380597014925373
32.0,4.0,24.0,0.1,0.075,0.2,1.0,1071.0,0.0,0.0,0.11858076563958916
32.0,4.0,25.0,0.1,0.075,0.2,1.0,1056.0,0.0,0.0,0.11458333333333333
32.0,4.0,26.0,0.1,0.075,0.2,1.0,1001.0,0.0,0.0,0.12187812187812187
32.0,4.0,27.0,0.1,0.075,0.2,1.0,980.0,0.0,0.0,0.11836734693877551
32.0,4.0,28.0,0.1,0.075,0.2,1.0,960.0,0.0,0.0,0.11979166666666667
32.0,4.0,29.0,0.1,0.075,0.2,1.0,943.0,0.0,0.0,0.11346765641569459
32.0,4.0,30.0,0.1,0.075,0.2,1.0,924.0,0.0,0.0,0.11580086580086581
32.0,4.0,31.0,0.1,0.075,0.2,1.0,884.0,0.0,0.0,0.1165158371040724
32.0,4.0,32.0,0.1,0.075,0.2,1.0,860.0,0.0,0.0,0.12325581395348838
32.0,4.0,33.0,0.1,0.075,0.2,1.0,865.0,0.0,0.0,0.11676300578034682
32.0,4.0,34.0,0.1,0.075,0.2,1.0,855.0,0.0,0.0,0.1239766081871345
32.0,4.0,35.0,0.1,0.075,0.2,1.0,854.0,0.0,0.0,0.11592505854800937
32.0,4.0,36.0,0.1,0.075,0.2,1.0,845.0,0.0,0.0,0.12071005917159763
32.0,4.0,37.0,0.1,0.075,0.2,1.0,834.0,0.0,0.0,0.11630695443645084
32.0,4.0,38.0,0.1,0.075,0.2,1.0,832.0,0.0,0.0,0.12259615384615384
32.0,4.0,39.0,0.1,0.075,0.2,1.0,808.0,0.0,0.0,0.12004950495049505
32.0,4.0,40.0,0.1,0.075,0.2,1.0,803.0,0.0,0.0,0.12702366127023662
32.0,4.0,41.0,0.1,0.075,0.2,1.0,799.0,0.0,0.0,0.1214017521902378
32.0,4.0,42.0,0.1,0.075,0.2,1.0,784.0,0.0,0.0,0.1288265306122449
32.0,4.0,43.0,0.1,0.075,0.2,1.0,784.0,0.0,0.0,0.12244897959183673
32.0,4.0,44.0,0.1,0.075,0.2,1.0,746.0,0.0,0.0,0.128686327077748
32.0,4.0,45.0,0.1,0.075,0.2,1.0,736.0,0.0,0.0,0.19157608695652173
32.0,4.0,46.0,0.1,0.075,0.2,1.0,738.0,0.0,0.0,0.1937669376693767
32.0,4.0,47.0,0.1,0.075,0.2,1.0,710.0,0.0,0.0,0.19295774647887323
32.0,4.0,48.0,0.1,0.075,0.2,1.0,707.0,0.0,0.0,0.19519094766619519
32.0,4.0,49.0,0.1,0.075,0.2,1.0,683.0,0.0,0.0,0.18887262079062958
32.0,4.0,50.0,0.1,0.075,0.2,1.0,684.0,0.0,0.0,0.19444444444444445
32.0,4.0,51.0,0.1,0.075,0.2,1.0,682.0,0.0,0.0,0.187683284457478
32.0,4.0,52.0,0.1,0.075,0.2,1.0,679.0,0.0,0.0,0.18998527245949925
32.0,5.0,1.0,0.1,0.075,0.2,1.0,676.0,0.0,0.0,0.1834319526627219
32.0,5.0,2.0,0.1,0.075,0.2,1.0,665.0,0.0,0.0,0.19097744360902255
32.0,5.0,3.0,0.1,0.075,0.2,1.0,658.0,0.0,0.0,0.1838905775075988
32.0,5.0,4.0,0.1,0.075,0.2,1.0,658.0,0.0,0.0,0.1899696048632219
32.0,5.0,5.0,0.1,0.075,0.2,1.0,657.0,0.0,0.0,0.1841704718417047
32.0,5.0,6.0,0.1,0.075,0.2,1.0,644.0,0.0,0.0,0.19254658385093168
32.0,5.0,7.0,0.1,0.075,0.2,1.0,644.0,0.0,0.0,0.18633540372670807
32.0,5.0,8.0,0.1,0.075,0.2,1.0,633.0,0.0,0.0,0.19273301737756715
32.0,5.0,9.0,0.1,0.075,0.2,1.0,628.0,0.0,0.0,0.18789808917197454
32.0,5.0,10.0,0.1,0.075,0.2,1.0,626.0,0.0,0.0,0.19488817891373802
32.0,5.0,11.0,0.1,0.075,0.2,1.0,625.0,0.0,0.0,0.1888
32.0,5.0,12.0,0.1,0.075,0.2,1.0,622.0,0.0,0.0,0.19614147909967847
32.0,5.0,13.0,0.1,0.075,0.2,1.0,622.0,0.0,0.0,0.18971061093247588
32.0,5.0,14.0,0.1,0.075,0.2,1.0,610.0,0.0,0.0,0.19836065573770492
32.0,5.0,15.0,0.1,0.075,0.2,1.0,605.0,0.0,0.0,0.19173553719008266
32.0,5.0,16.0,0.1,0.075,0.2,1.0,606.0,0.0,0.0,0.19801980198019803
32.0,5.0,17.0,0.1,0.075,0.2,1.0,591.0,0.0,0.0,0.19458544839255498
32.0,5.0,18.0,0.1,0.075,0.2,1.0,584.0,0.0,0.0,0.20034246575342465
32.0,5.0,19.0,0.1,0.075,0.2,1.0,579.0,0.0,0.0,0.19516407599309155
32.0,5.0,20.0,0.1,0.075,0.2,1.0,1073.0,0.0,0.0,0.10904007455731593
32.0,5.0,21.0,0.1,0.075,0.2,1.0,1067.0,0.0,0.0,0.1049671977507029
32.0,5.0,22.0,0.1,0.075,0.2,1.0,1033.0,0.0,0.0,0.10551790900290416
32.0,5.0,23.0,0.1,0.075,0.2,1.0,1026.0,0.0,0.0,0.10623781676413255
32.0,5.0,24.0,0.1,0.075,0.2,1.0,994.0,0.0,0.0,0.10663983903420524
32.0,5.0,25.0,0.1,0.075,0.2,1.0,989.0,0.0,0.0,0.1051567239635996
32.0,5.0,26.0,0.1,0.075,0.2,1.0,970.0,0.0,0.0,0.10618556701030928
32.0,5.0,27.0,0.1,0.075,0.2,1.0,966.0,0.0,0.0,0.10766045548654245
32.0,5.0,28.0,0.1,0.075,0.2,1.0,905.0,0.0,0.0,0.10718232044198896
32.0,5.0,29.0,0.1,0.075,0.2,1.0,910.0,0.0,0.0,0.1054945054945055
32.0,5.0,30.0,0.1,0.075,0.2,1.0,904.0,0.0,0.0,0.10619469026548672
32.0,5.0,31.0,0.1,0.075,0.2,1.0,908.0,0.0,0.0,0.10572687224669604
32.0,5.0,32.0,0.1,0.075,0.2,1.0,892.0,0.0,0.0,0.10538116591928251
32.0,5.0,33.0,0.1,0.075,0.2,1.0,895.0,0.0,0.0,0.10502793296089385
32.0,5.0,34.0,0.1,0.075,0.2,1.0,877.0,0.0,0.0,0.10376282782212087
32.0,5.0,35.0,0.1,0.075,0.2,1.0,880.0,0.0,0.0,0.10340909090909091
32.0,5.0,36.0,0.1,0.075,0.2,1.0,875.0,0.0,0.0,0.10285714285714286
32.0,5.0,37.0,0.1,0.075,0.2,1.0,839.0,0.0,0.0,0.10607866507747318
32.0,5.0,38.0,0.1,0.075,0.2,1.0,815.0,0.0,0.0,0.10797546012269939
32.0,5.0,39.0,0.1,0.075,0.2,1.0,820.0,0.0,0.0,0.10853658536585366
32.0,5.0,40.0,0.1,0.075,0.2,1.0,807.0,0.0,0.0,0.10656753407682776
32.0,5.0,41.0,0.1,0.075,0.2,1.0,808.0,0.0,0.0,0.10643564356435643
32.0,5.0,42.0,0.1,0.075,0.2,1.0,783.0,0.0,0.0,0.10727969348659004
32.0,5.0,43.0,0.1,0.075,0.2,1.0,776.0,0.0,0.0,0.10695876288659793
32.0,5.0,44.0,0.1,0.075,0.2,1.0,773.0,0.0,0.0,0.1073738680465718
32.0,5.0,45.0,0.1,0.075,0.2,1.0,757.0,0.0,0.0,0.178335535006605
32.0,5.0,46.0,0.1,0.075,0.2,1.0,738.0,0.0,0.0,0.18292682926829268
32.0,5.0,47.0,0.1,0.075,0.2,1.0,725.0,0.0,0.0,0.17793103448275863
32.0,5.0,48.0,0.1,0.075,0.2,1.0,723.0,0.0,0.0,0.18118948824343015
32.0,5.0,49.0,0.1,0.075,0.2,1.0,714.0,0.0,0.0,0.17366946778711484
32.0,5.0,50.0,0.1,0.075,0.2,1.0,712.0,0.0,0.0,0.17837078651685392
32.0,5.0,51.0,0.1,0.075,0.2,1.0,701.0,0.0,0.0,0.17261055634807418
32.0,5.0,52.0,0.1,0.075,0.2,1.0,697.0,0.0,0.0,0.17647058823529413
32.0,6.0,1.0,0.1,0.075,0.2,1.0,697.0,0.0,0.0,0.17216642754662842
32.0,6.0,2.0,0.1,0.075,0.2,1.0,682.0,0.0,0.0,0.1774193548387097
32.0,6.0,3.0,0.1,0.075,0.2,1.0,681.0,0.0,0.0,0.17180616740088106
32.0,6.0,4.0,0.1,0.075,0.2,1.0,678.0,0.0,0.0,0.17699115044247787
32.0,6.0,5.0,0.1,0.075,0.2,1.0,678.0,0.0,0.0,0.17256637168141592
32.0,6.0,6.0,0.1,0.075,0.2,1.0,664.0,0.0,0.0,0.17771084337349397
32.0,6.0,7.0,0.1,0.075,0.2,1.0,650.0,0.0,0.0,0.1753846153846154
32.0,6.0,8.0,0.1,0.075,0.2,1.0,650.0,0.0,0.0,0.18
32.0,6.0,9.0,0.1,0.075,0.2,1.0,646.0,0.0,0.0,0.17492260061919504
32.0,6.0,10.0,0.1,0.075,0.2,1.0,649.0,0.0,0.0,0.17873651771956856
32.0,6.0,11.0,0.1,0.075,0.2,1.0,636.0,0.0,0.0,0.17767295597484276
32.0,6.0,12.0,0.1,0.075,0.2,1.0,642.0,0.0,0.0,0.1806853582554517
32.0,6.0,13.0,0.1,0.075,0.2,1.0,631.0,0.0,0.0,0.179080824088748
32.0,6.0,14.0,0.1,0.075,0.2,1.0,634.0,0.0,0.0,0.18138801261829654
32.0,6.0,15.0,0.1,0.075,0.2,1.0,627.0,0.0,0.0,0.18022328548644337
32.0,6.0,16.0,0.1,0.075,0.2,1.0,626.0,0.0,0.0,0.18370607028753994
32.0,6.0,17.0,0.1,0.075,0.2,1.0,624.0,0.0,0.0,0.18108974358974358
32.0,6.0,18.0,0.1,0.075,0.2,1.0,626.0,0.0,0.0,0.18370607028753994
32.0,6.0,19.0,0.1,0.075,0.2,1.0,609.0,0.0,0.0,0.1839080459770115
32.0,6.0,20.0,0.1,0.075,0.2,1.0,1170.0,0.0,0.0,0.09743589743589744
32.0,6.0,21.0,0.1,0.075,0.2,1.0,1096.0,0.0,0.0,0.09945255474452555
32.0,6.0,22.0,0.1,0.075,0.2,1.0,1068.0,0.0,0.0,0.10205992509363296
32.0,6.0,23.0,0.1,0.075,0.2,1.0,1054.0,0.0,0.0,0.10056925996204934
32.0,6.0,24.0,0.1,0.075,0.2,1.0,1025.0,0.0,0.0,0.10048780487804879
32.0,6.0,25.0,0.1,0.075,0.2,1.0,982.0,0.0,0.0,0.09979633401221996
32.0,6.0,26.0,0.1,0.075,0.2,1.0,993.0,0.0,0.0,0.09969788519637462
32.0,6.0,27.0,0.1,0.075,0.2,1.0,968.0,0.0,0.0,0.10227272727272728
32.0,6.0,28.0,0.1,0.075,0.2,1.0,959.0,0.0,0.0,0.10114702815432743
32.0,6.0,29.0,0.1,0.075,0.2,1.0,906.0,0.0,0.0,0.09933774834437085
32.0,6.0,30.0,0.1,0.075,0.2,1.0,894.0,0.0,0.0,0.09731543624161074
32.0,6.0,31.0,0.1,0.075,0.2,1.0,863.0,0.0,0.0,0.0996523754345307
32.0,6.0,32.0,0.1,0.075,0.2,1.0,868.0,0.0,0.0,0.097926267281106
32.0,6.0,33.0,0.1,0.075,0.2,1.0,810.0,0.0,0.0,0.09876543209876543
32.0,6.0,34.0,0.1,0.075,0.2,1.0,804.0,0.0,0.0,0.09825870646766169
32.0,6.0,35.0,0.1,0.075,0.2,1.0,788.0,0.0,0.0,0.10025380710659898
32.0,6.0,36.0,0.1,0.075,0.2,1.0,786.0,0.0,0.0,0.1005089058524173
32.0,6.0,37.0,0.1,0.075,0.2,1.0,772.0,0.0,0.0,0.09974093264248704
32.0,6.0,38.0,0.1,0.075,0.2,1.0,747.0,0.0,0.0,0.10307898259705489
32.0,6.0,39.0,0.1,0.075,0.2,1.0,741.0,0.0,0.0,0.1039136302294197
32.0,6.0,40.0,0.1,0.075,0.2,1.0,742.0,0.0,0.0,0.10377358490566038
32.0,6.0,41.0,0.1,0.075,0.2,1.0,740.0,0.0,0.0,0.10405405405405406
32.0,6.0,42.0,0.1,0.075,0.2,1.0,740.0,0.0,0.0,0.10270270270270271
32.0,6.0,43.0,0.1,0.075,0.2,1.0,726.0,0.0,0.0,0.1046831955922865
32.0,6.0,44.0,0.1,0.075,0.2,1.0,727.0,0.0,0.0,0.10453920220082531
32.0,6.0,45.0,0.1,0.075,0.2,1.0,725.0,0.0,0.0,0.1696551724137931
32.0,6.0,46.0,0.1,0.075,0.2,1.0,726.0,0.0,0.0,0.16666666666666666
32.0,6.0,47.0,0.1,0.075,0.2,1.0,723.0,0.0,0.0,0.17012448132780084
32.0,6.0,48.0,0.1,0.075,0.2,1.0,722.0,0.0,0.0,0.16759002770083103
32.0,6.0,49.0,0.1,0.075,0.2,1.0,721.0,0.0,0.0,0.17059639389736478
32.0,6.0,50.0,0.1,0.075,0.2,1.0,721.0,0.0,0.0,0.1664355062413315
32.0,6.0,51.0,0.1,0.075,0.2,1.0,719.0,0.0,0.0,0.16828929068150209
32.0,6.0,52.0,0.1,0.075,0.2,1.0,721.0,0.0,0.0,0.1664355062413315
32.0,7.0,1.0,0.1,0.075,0.2,1.0,707.0,0.0,0.0,0.1669024045261669
32.0,7.0,2.0,0.1,0.075,0.2,1.0,696.0,0.0,0.0,0.16522988505747127
32.0,7.0,3.0,0.1,0.075,0.2,1.0,692.0,0.0,0.0,0.16618497109826588
32.0,7.0,4.0,0.1,0.075,0.2,1.0,693.0,0.0,0.0,0.16305916305916307
32.0,7.0,5.0,0.1,0.075,0.2,1.0,690.0,0.0,0.0,0.16376811594202897
32.0,7.0,6.0,0.1,0.075,0.2,1.0,680.0,0.0,0.0,0.16470588235294117
32.0,7.0,7.0,0.1,0.075,0.2,1.0,678.0,0.0,0.0,0.16666666666666666
32.0,7.0,8.0,0.1,0.075,0.2,1.0,678.0,0.0,0.0,0.16519174041297935
32.0,7.0,9.0,0.1,0.075,0.2,1.0,673.0,0.0,0.0,0.16790490341753342
32.0,7.0,10.0,0.1,0.075,0.2,1.0,670.0,0.0,0.0,0.16716417910447762
32.0,7.0,11.0,0.1,0.075,0.2,1.0,669.0,0.0,0.0,0.16890881913303438
32.0,7.0,12.0,0.1,0.075,0.2,1.0,658.0,0.0,0.0,0.1656534954407295
32.0,7.0,13.0,0.1,0.075,0.2,1.0,651.0,0.0,0.0,0.1674347158218126
32.0,7.0,14.0,0.1,0.075,0.2,1.0,651.0,0.0,0.0,0.16589861751152074
32.0,7.0,15.0,0.1,0.075,0.2,1.0,649.0,0.0,0.0,0.16640986132511557
32.0,7.0,16.0,0.1,0.075,0.2,1.0,647.0,0.0,0.0,0.16537867078825347
32.0,7.0,17.0,0.1,0.075,0.2,1.0,633.0,0.0,0.0,0.17061611374407584
32.0,7.0,18.0,0.1,0.075,0.2,1.0,623.0,0.0,0.0,0.17014446227929375
32.0,7.0,19.0,0.1,0.075,0.2,1.0,620.0,0.0,0.0,0.17258064516129032
32.0,7.0,20.0,0.1,0.075,0.2,1.0,1179.0,0.0,0.0,0.0899067005937235
32.0,7.0,21.0,0.1,0.075,0.2,1.0,1146.0,0.0,0.0,0.09336823734729494
32.0,7.0,22.0,0.1,0.075,0.2,1.0,1152.0,0.0,0.0,0.0920138888888889
32.0,7.0,23.0,0.1,0.075,0.2,1.0,1109.0,0.0,0.0,0.09467989179440937
32.0,7.0,24.0,0.1,0.075,0.2,1.0,1091.0,0.0,0.0,0.09349220898258478
32.0,7.0,25.0,0.1,0.075,0.2,1.0,1046.0,0.0,0.0,0.09751434034416825
32.0,7.0,26.0,0.1,0.075,0.2,1.0,1035.0,0.0,0.0,0.09565217391304348
32.0,7.0,27.0,0.1,0.075,0.2,1.0,1014.0,0.0,0.0,0.10059171597633136
32.0,7.0,28.0,0.1,0.075,0.2,1.0,984.0,0.0,0.0,0.09654471544715447
32.0,7.0,29.0,0.1,0.075,0.2,1.0,962.0,0.0,0.0,0.10187110187110188
32.0,7.0,30.0,0.1,0.075,0.2,1.0,954.0,0.0,0.0,0.09958071278825996
32.0,7.0,31.0,0.1,0.075,0.2,1.0,938.0,0.0,0.0,0.10127931769722814
32.0,7.0,32.0,0.1,0.075,0.2,1.0,890.0,0.0,0.0,0.1
32.0,7.0,33.0,0.1,0.075,0.2,1.0,858.0,0.0,0.0,0.10023310023310024
32.0,7.0,34.0,0.1,0.075,0.2,1.0,850.0,0.0,0.0,0.0976470588235294
32.0,7.0,35.0,0.1,0.075,0.2,1.0,837.0,0.0,0.0,0.1027479091995221
32.0,7.0,36.0,0.1,0.075,0.2,1.0,829.0,0.0,0.0,0.10012062726176116
32.0,7.0,37.0,0.1,0.075,0.2,1.0,810.0,0.0,0.0,0.10246913580246914
32.0,7.0,38.0,0.1,0.075,0.2,1.0,794.0,0.0,0.0,0.10075566750629723
32.0,7.0,39.0,0.1,0.075,0.2,1.0,806.0,0.0,0.0,0.10421836228287841
32.0,7.0,40.0,0.1,0.075,0.2,1.0,794.0,0.0,0.0,0.09949622166246852
32.0,7.0,41.0,0.1,0.075,0.2,1.0,800.0,0.0,0.0,0.10125
32.0,7.0,42.0,0.1,0.075,0.2,1.0,776.0,0.0,0.0,0.09664948453608248
32.0,7.0,43.0,0.1,0.075,0.2,1.0,783.0,0.0,0.0,0.09961685823754789
32.0,7.0,44.0,0.1,0.075,0.2,1.0,773.0,0.0,0.0,0.09573091849935317
32.0,7.0,45.0,0.1,0.075,0.2,1.0,781.0,0.0,0.0,0.15749039692701663
32.0,7.0,46.0,0.1,0.075,0.2,1.0,773.0,0.0,0.0,0.15265200517464425
32.0,7.0,47.0,0.1,0.075,0.2,1.0,735.0,0.0,0.0,0.15782312925170067
32.0,7.0,48.0,0.1,0.075,0.2,1.0,711.0,0.0,0.0,0.15330520393811534
32.0,7.0,49.0,0.1,0.075,0.2,1.0,716.0,0.0,0.0,0.15921787709497207
32.0,7.0,50.0,0.1,0.075,0.2,1.0,696.0,0.0,0.0,0.15660919540229884
32.0,7.0,51.0,0.1,0.075,0.2,1.0,703.0,0.0,0.0,0.16073968705547653
32.0,7.0,52.0,0.1,0.075,0.2,1.0,693.0,0.0,0.0,0.15728715728715728
32.0,8.0,1.0,0.1,0.075,0.2,1.0,698.0,0.0,0.0,0.16189111747851004
32.0,8.0,2.0,0.1,0.075,0.2,1.0,693.0,0.0,0.0,0.15728715728715728
32.0,8.0,3.0,0.1,0.075,0.2,1.0,695.0,0.0,0.0,0.16402877697841728
32.0,8.0,4.0,0.1,0.075,0.2,1.0,690.0,0.0,0.0,0.1565217391304348
32.0,8.0,5.0,0.1,0.075,0.2,1.0,695.0,0.0,0.0,0.16258992805755396
32.0,8.0,6.0,0.1,0.075,0.2,1.0,690.0,0.0,0.0,0.1565217391304348
32.0,8.0,7.0,0.1,0.075,0.2,1.0,694.0,0.0,0.0,0.1628242074927954
32.0,8.0,8.0,0.1,0.075,0.2,1.0,686.0,0.0,0.0,0.15743440233236153
32.0,8.0,9.0,0.1,0.075,0.2,1.0,689.0,0.0,0.0,0.16545718432510886
32.0,8.0,10.0,0.1,0.075,0.2,1.0,686.0,0.0,0.0,0.15743440233236153
32.0,8.0,11.0,0.1,0.075,0.2,1.0,671.0,0.0,0.0,0.16840536512667661
32.0,8.0,12.0,0.1,0.075,0.2,1.0,659.0,0.0,0.0,0.16236722306525037
32.0,8.0,13.0,0.1,0.075,0.2,1.0,660.0,0.0,0.0,0.1696969696969697
32.0,8.0,14.0,0.1,0.075,0.2,1.0,652.0,0.0,0.0,0.16411042944785276
32.0,8.0,15.0,0.1,0.075,0.2,1.0,653.0,0.0,0.0,0.17151607963246554
32.0,8.0,16.0,0.1,0.075,0.2,1.0,650.0,0.0,0.0,0.16307692307692306
32.0,8.0,17.0,0.1,0.075,0.2,1.0,650.0,0.0,0.0,0.17076923076923076
32.0,8.0,18.0,0.1,0.075,0.2,1.0,648.0,0.0,0.0,0.16358024691358025
32.0,8.0,19.0,0.1,0.075,0.2,1.0,650.0,0.0,0.0,0.17076923076923076
32.0,8.0,20.0,0.1,0.075,0.2,1.0,1145.0,0.0,0.0,0.0925764192139738
32.0,8.0,21.0,0.1,0.075,0.2,1.0,1119.0,0.0,0.0,0.09830205540661305
32.0,8.0,22.0,0.1,0.075,0.2,1.0,1089.0,0.0,0.0,0.0945821854912764
32.0,8.0,23.0,0.1,0.075,0.2,1.0,1091.0,0.0,0.0,0.09899175068744272
32.0,8.0,24.0,0.1,0.075,0.2,1.0,1062.0,0.0,0.0,0.09416195856873823
32.0,8.0,25.0,0.1,0.075,0.2,1.0,1025.0,0.0,0.0,0.10146341463414635
32.0,8.0,26.0,0.1,0.075,0.2,1.0,995.0,0.0,0.0,0.10050251256281408
32.0,8.0,27.0,0.1,0.075,0.2,1.0,982.0,0.0,0.0,0.10692464358452139
32.0,8.0,28.0,0.1,0.075,0.2,1.0,967.0,0.0,0.0,0.10341261633919338
32.0,8.0,29.0,0.1,0.075,0.2,1.0,947.0,0.0,0.0,0.10665258711721225
32.0,8.0,30.0,0.1,0.075,0.2,1.0,921.0,0.0,0.0,0.10206297502714441
32.0,8.0,31.0,0.1,0.075,0.2,1.0,919.0,0.0,0.0,0.10772578890097932
32.0,8.0,32.0,0.1,0.075,0.2,1.0,905.0,0.0,0.0,0.10386740331491713
32.0,8.0,33.0,0.1,0.075,0.2,1.0,919.0,0.0,0.0,0.10772578890097932
32.0,8.0,34.0,0.1,0.075,0.2,1.0,893.0,0.0,0.0,0.10526315789473684
32.0,8.0,35.0,0.1,0.075,0.2,1.0,907.0,0.0,0.0,0.10804851157662625
32.0,8.0,36.0,0.1,0.075,0.2,1.0,878.0,0.0,0.0,0.10478359908883828
32.0,8.0,37.0,0.1,0.075,0.2,1.0,891.0,0.0,0.0,0.10774410774410774
32.0,8.0,38.0,0.1,0.075,0.2,1.0,878.0,0.0,0.0,0.10478359908883828
32.0,8.0,39.0,0.1,0.075,0.2,1.0,867.0,0.0,0.0,0.11072664359861592
32.0,8.0,40.0,0.1,0.075,0.2,1.0,853.0,0.0,0.0,0.10668229777256741
32.0,8.0,41.0,0.1,0.075,0.2,1.0,855.0,0.0,0.0,0.10994152046783626
32.0,8.0,42.0,0.1,0.075,0.2,1.0,829.0,0.0,0.0,0.10615199034981906
32.0,8.0,43.0,0.1,0.075,0.2,1.0,844.0,0.0,0.0,0.11018957345971564
32.0,8.0,44.0,0.1,0.075,0.2,1.0,829.0,0.0,0.0,0.10615199034981906
32.0,8.0,45.0,0.1,0.075,0.2,1.0,843.0,0.0,0.0,0.1874258600237248
32.0,8.0,46.0,0.1,0.075,0.2,1.0,829.0,0.0,0.0,0.18455971049457176
32.0,8.0,47.0,0.1,0.075,0.2,1.0,843.0,0.0,0.0,0.1874258600237248
32.0,8.0,48.0,0.1,0.075,0.2,1.0,829.0,0.0,0.0,0.18455971049457176
32.0,8.0,49.0,0.1,0.075,0.2,1.0,843.0,0.0,0.0,0.1874258600237248
32.0,8.0,50.0,0.1,0.075,0.2,1.0,831.0,0.0,0.0,0.1829121540312876
32.0,8.0,51.0,0.1,0.075,0.2,1.0,843.0,0.0,0.0,0.18623962040332148
32.0,8.0,52.0,0.1,0.075,0.2,1.0,830.0,0.0,0.0,0.18313253012048192
32.0,9.0,1.0,0.1,0.075,0.2,1.0,844.0,0.0,0.0,0.18601895734597157
32.0,9.0,2.0,0.1,0.075,0.2,1.0,830.0,0.0,0.0,0.18313253012048192
32.0,9.0,3.0,0.1,0.075,0.2,1.0,830.0,0.0,0.0,0.18674698795180722
32.0,9.0,4.0,0.1,0.075,0.2,1.0,815.0,0.0,0.0,0.18404907975460122
32.0,9.0,5.0,0.1,0.075,0.2,1.0,828.0,0.0,0.0,0.18719806763285024
32.0,9.0,6.0,0.1,0.075,0.2,1.0,812.0,0.0,0.0,0.18472906403940886
32.0,9.0,7.0,0.1,0.075,0.2,1.0,804.0,0.0,0.0,0.1865671641791045
32.0,9.0,8.0,0.1,0.075,0.2,1.0,799.0,0.0,0.0,0.18397997496871088
32.0,9.0,9.0,0.1,0.075,0.2,1.0,801.0,0.0,0.0,0.18726591760299627
32.0,9.0,10.0,0.1,0.075,0.2,1.0,797.0,0.0,0.0,0.18569636135508155
32.0,9.0,11.0,0.1,0.075,0.2,1.0,786.0,0.0,0.0,0.19083969465648856
32.0,9.0,12.0,0.1,0.075,0.2,1.0,771.0,0.0,0.0,0.1880674448767834
32.0,9.0,13.0,0.1,0.075,0.2,1.0,772.0,0.0,0.0,0.19041450777202074
32.0,9.0,14.0,0.1,0.075,0.2,1.0,750.0,0.0,0.0,0.188
32.0,9.0,15.0,0.1,0.075,0.2,1.0,749.0,0.0,0.0,0.18958611481975968
32.0,9.0,16.0,0.1,0.075,0.2,1.0,746.0,0.0,0.0,0.18900804289544235
32.0,9.0,17.0,0.1,0.075,0.2,1.0,747.0,0.0,0.0,0.19143239625167335
32.0,9.0,18.0,0.1,0.075,0.2,1.0,748.0,0.0,0.0,0.18850267379679145
32.0,9.0,19.0,0.1,0.075,0.2,1.0,749.0,0.0,0.0,0.1909212283044059
32.0,9.0,20.0,0.1,0.075,0.2,1.0,1362.0,0.0,0.0,0.09838472834067548
32.0,9.0,21.0,0.1,0.075,0.2,1.0,1355.0,0.0,0.0,0.1003690036900369
32.0,9.0,22.0,0.1,0.075,0.2,1.0,1324.0,0.0,0.0,0.10045317220543806
32.0,9.0,23.0,0.1,0.075,0.2,1.0,1303.0,0.0,0.0,0.10283960092095165
32.0,9.0,24.0,0.1,0.075,0.2,1.0,1300.0,0.0,0.0,0.10153846153846154
32.0,9.0,25.0,0.1,0.075,0.2,1.0,1281.0,0.0,0.0,0.10382513661202186
32.0,9.0,26.0,0.1,0.075,0.2,1.0,1273.0,0.0,0.0,0.10290652003142184
32.0,9.0,27.0,0.1,0.075,0.2,1.0,1241.0,0.0,0.0,0.10394842868654311
32.0,9.0,28.0,0.1,0.075,0.2,1.0,1163.0,0.0,0.0,0.10404127257093723
32.0,9.0,29.0,0.1,0.075,0.2,1.0,1157.0,0.0,0.0,0.10544511668107173
32.0,9.0,30.0,0.1,0.075,0.2,1.0,1108.0,0.0,0.0,0.10830324909747292
32.0,9.0,31.0,0.1,0.075,0.2,1.0,1055.0,0.0,0.0,0.11279620853080569
32.0,9.0,32.0,0.1,0.075,0.2,1.0,1037.0,0.0,0.0,0.1128254580520733
32.0,9.0,33.0,0.1,0.075,0.2,1.0,1044.0,0.0,0.0,0.11398467432950192
32.0,9.0,34.0,0.1,0.075,0.2,1.0,983.0,0.0,0.0,0.11393692777212615
32.0,9.0,35.0,0.1,0.075,0.2,1.0,990.0,0.0,0.0,0.11414141414141414
32.0,9.0,36.0,0.1,0.075,0.2,1.0,952.0,0.0,0.0,0.11554621848739496
32.0,9.0,37.0,0.1,0.075,0.2,1.0,937.0,0.0,0.0,0.11739594450373532
32.0,9.0,38.0,0.1,0.075,0.2,1.0,919.0,0.0,0.0,0.117519042437432
32.0,9.0,39.0,0.1,0.075,0.2,1.0,937.0,0.0,0.0,0.11739594450373532
32.0,9.0,40.0,0.1,0.075,0.2,1.0,878.0,0.0,0.0,0.12186788154897495
32.0,9.0,41.0,0.1,0.075,0.2,1.0,881.0,0.0,0.0,0.12258796821793416
32.0,9.0,42.0,0.1,0.075,0.2,1.0,862.0,0.0,0.0,0.12296983758700696
32.0,9.0,43.0,0.1,0.075,0.2,1.0,881.0,0.0,0.0,0.12258796821793416
32.0,9.0,44.0,0.1,0.075,0.2,1.0,862.0,0.0,0.0,0.12296983758700696
32.0,9.0,45.0,0.1,0.075,0.2,1.0,870.0,0.0,0.0,0.18275862068965518
32.0,9.0,46.0,0.1,0.075,0.2,1.0,840.0,0.0,0.0,0.18214285714285713
32.0,9.0,47.0,0.1,0.075,0.2,1.0,859.0,0.0,0.0,0.1839348079161816
32.0,9.0,48.0,0.1,0.075,0.2,1.0,840.0,0.0,0.0,0.18214285714285713
32.0,9.0,49.0,0.1,0.075,0.2,1.0,848.0,0.0,0.0,0.18278301886792453
32.0,9.0,50.0,0.1,0.075,0.2,1.0,834.0,0.0,0.0,0.17985611510791366
32.0,9.0,51.0,0.1,0.075,0.2,1.0,848.0,0.0,0.0,0.18278301886792453
32.0,9.0,52.0,0.1,0.075,0.2,1.0,828.0,0.0,0.0,0.18115942028985507
32.0,10.0,1.0,0.1,0.075,0.2,1.0,845.0,0.0,0.0,0.1834319526627219
32.0,10.0,2.0,0.1,0.075,0.2,1.0,823.0,0.0,0.0,0.1822600243013366
32.0,10.0,3.0,0.1,0.075,0.2,1.0,831.0,0.0,0.0,0.18531889290012032
32.0,10.0,4.0,0.1,0.075,0.2,1.0,808.0,0.0,0.0,0.1844059405940594
32.0,10.0,5.0,0.1,0.075,0.2,1.0,830.0,0.0,0.0,0.1855421686746988
32.0,10.0,6.0,0.1,0.075,0.2,1.0,808.0,0.0,0.0,0.1844059405940594
32.0,10.0,7.0,0.1,0.075,0.2,1.0,830.0,0.0,0.0,0.1855421686746988
32.0,10.0,8.0,0.1,0.075,0.2,1.0,806.0,0.0,0.0,0.184863523573201
32.0,10.0,9.0,0.1,0.075,0.2,1.0,829.0,0.0,0.0,0.18455971049457176
32.0,10.0,10.0,0.1,0.075,0.2,1.0,809.0,0.0,0.0,0.1841779975278121
32.0,10.0,11.0,0.1,0.075,0.2,1.0,828.0,0.0,0.0,0.18478260869565216
32.0,10.0,12.0,0.1,0.075,0.2,1.0,807.0,0.0,0.0,0.18463444857496902
32.0,10.0,13.0,0.1,0.075,0.2,1.0,825.0,0.0,0.0,0.18424242424242424
32.0,10.0,14.0,0.1,0.075,0.2,1.0,802.0,0.0,0.0,0.18453865336658354
32.0,10.0,15.0,0.1,0.075,0.2,1.0,817.0,0.0,0.0,0.18604651162790697
32.0,10.0,16.0,0.1,0.075,0.2,1.0,786.0,0.0,0.0,0.18575063613231552
32.0,10.0,17.0,0.1,0.075,0.2,1.0,803.0,0.0,0.0,0.18679950186799502
32.0,10.0,18.0,0.1,0.075,0.2,1.0,784.0,0.0,0.0,0.18622448979591838
32.0,10.0,19.0,0.1,0.075,0.2,1.0,799.0,0.0,0.0,0.18773466833541927
32.0,10.0,20.0,0.1,0.075,0.2,1.0,1349.0,0.0,0.0,0.10007412898443291
32.0,10.0,21.0,0.1,0.075,0.2,1.0,1361.0,0.0,0.0,0.10066127847171198
32.0,10.0,22.0,0.1,0.075,0.2,1.0,1259.0,0.0,0.0,0.10246227164416204
32.0,10.0,23.0,0.1,0.075,0.2,1.0,1257.0,0.0,0.0,0.10421638822593476
32.0,10.0,24.0,0.1,0.075,0.2,1.0,1197.0,0.0,0.0,0.10275689223057644
32.0,10.0,25.0,0.1,0.075,0.2,1.0,1152.0,0.0,0.0,0.10677083333333333
32.0,10.0,26.0,0.1,0.075,0.2,1.0,1081.0,0.0,0.0,0.10638297872340426
32.0,10.0,27.0,0.1,0.075,0.2,1.0,1038.0,0.0,0.0,0.10886319845857419
32.0,10.0,28.0,0.1,0.075,0.2,1.0,997.0,0.0,0.0,0.10932798395185557
32.0,10.0,29.0,0.1,0.075,0.2,1.0,997.0,0.0,0.0,0.11033099297893681
32.0,10.0,30.0,0.1,0.075,0.2,1.0,947.0,0.0,0.0,0.10876451953537487
32.0,10.0,31.0,0.1,0.075,0.2,1.0,951.0,0.0,0.0,0.10935856992639327
32.0,10.0,32.0,0.1,0.075,0.2,1.0,914.0,0.0,0.0,0.11050328227571116
32.0,10.0,33.0,0.1,0.075,0.2,1.0,913.0,0.0,0.0,0.11281489594742607
32.0,10.0,34.0,0.1,0.075,0.2,1.0,896.0,0.0,0.0,0.11160714285714286
32.0,10.0,35.0,0.1,0.075,0.2,1.0,902.0,0.0,0.0,0.1130820399113082
32.0,10.0,36.0,0.1,0.075,0.2,1.0,874.0,0.0,0.0,0.11327231121281464
32.0,10.0,37.0,0.1,0.075,0.2,1.0,877.0,0.0,0.0,0.11516533637400228
32.0,10.0,38.0,0.1,0.075,0.2,1.0,825.0,0.0,0.0,0.11393939393939394
32.0,10.0,39.0,0.1,0.075,0.2,1.0,827.0,0.0,0.0,0.11608222490931076
32.0,10.0,40.0,0.1,0.075,0.2,1.0,814.0,0.0,0.0,0.11425061425061425
32.0,10.0,41.0,0.1,0.075,0.2,1.0,816.0,0.0,0.0,0.11764705882352941
32.0,10.0,42.0,0.1,0.075,0.2,1.0,803.0,0.0,0.0,0.11581569115815692
32.0,10.0,43.0,0.1,0.075,0.2,1.0,816.0,0.0,0.0,0.11764705882352941
32.0,10.0,44.0,0.1,0.075,0.2,1.0,803.0,0.0,0.0,0.11581569115815692
32.0,10.0,45.0,0.1,0.075,0.2,1.0,816.0,0.0,0.0,0.19240196078431374
32.0,10.0,46.0,0.1,0.075,0.2,1.0,802.0,0.0,0.0,0.1882793017456359
32.0,10.0,47.0,0.1,0.075,0.2,1.0,805.0,0.0,0.0,0.1937888198757764
32.0,10.0,48.0,0.1,0.075,0.2,1.0,787.0,0.0,0.0,0.1880559085133418
32.0,10.0,49.0,0.1,0.075,0.2,1.0,791.0,0.0,0.0,0.1934260429835651
32.0,10.0,50.0,0.1,0.075,0.2,1.0,788.0,0.0,0.0,0.18781725888324874
32.0,10.0,51.0,0.1,0.075,0.2,1.0,790.0,0.0,0.0,0.19240506329113924
32.0,10.0,52.0,0.1,0.075,0.2,1.0,787.0,0.0,0.0,0.1880559085133418
33.0,1.0,1.0,0.1,0.075,0.2,1.0,5119.0,46.0,6.0,0.10099628833756594
33.0,1.0,2.0,0.1,0.075,0.2,1.0,5059.0,49.0,15.0,0.10199644198458194
33.0,1.0,3.0,0.1,0.075,0.2,1.0,5050.0,61.0,32.0,0.10336633663366336
33.0,1.0,4.0,0.1,0.075,0.2,1.0,4993.0,79.0,32.0,0.10414580412577609
33.0,1.0,5.0,0.1,0.075,0.2,1.0,5008.0,104.0,43.0,0.10223642172523961
33.0,1.0,6.0,0.1,0.075,0.2,1.0,4873.0,126.0,38.0,0.10404268417812436
33.0,1.0,7.0,0.1,0.075,0.2,1.0,4798.0,148.0,52.0,0.10400166736140058
33.0,1.0,8.0,0.1,0.075,0.2,1.0,4637.0,159.0,62.0,0.10373086047013155
33.0,1.0,9.0,0.1,0.075,0.2,1.0,4496.0,194.0,71.0,0.10431494661921709
33.0,1.0,10.0,0.1,0.075,0.2,1.0,4284.0,215.0,86.0,0.10457516339869281
33.0,1.0,11.0,0.1,0.075,0.2,1.0,4132.0,240.0,96.0,0.1074540174249758
33.0,1.0,12.0,0.1,0.075,0.2,1.0,3905.0,256.0,103.0,0.10704225352112676
33.0,1.0,13.0,0.1,0.075,0.2,1.0,3688.0,262.0,107.0,0.10873101952277657
33.0,1.0,14.0,0.1,0.075,0.2,1.0,3661.0,276.0,120.0,0.1089866156787763
33.0,1.0,15.0,0.1,0.075,0.2,1.0,3542.0,285.0,133.0,0.11038961038961038
33.0,1.0,16.0,0.1,0.075,0.2,1.0,3392.0,298.0,142.0,0.11025943396226415
33.0,1.0,17.0,0.1,0.075,0.2,1.0,3310.0,303.0,143.0,0.11208459214501511
33.0,1.0,18.0,0.1,0.075,0.2,1.0,3231.0,295.0,137.0,0.11389662643144537
33.0,1.0,19.0,0.1,0.075,0.2,1.0,3121.0,281.0,137.0,0.11630887536046139
33.0,1.0,20.0,0.1,0.075,0.2,1.0,5741.0,262.0,142.0,0.06288103117923707
33.0,1.0,21.0,0.1,0.075,0.2,1.0,5401.0,330.0,135.0,0.06424736159970376
33.0,1.0,22.0,0.1,0.075,0.2,1.0,5193.0,369.0,130.0,0.06547275178124398
33.0,1.0,23.0,0.1,0.075,0.2,1.0,4903.0,395.0,155.0,0.06710177442382215
33.0,1.0,24.0,0.1,0.075,0.2,1.0,4709.0,407.0,169.0,0.06837969844977702
33.0,1.0,25.0,0.1,0.075,0.2,1.0,4441.0,437.0,166.0,0.07070479621706822
33.0,1.0,26.0,0.1,0.075,0.2,1.0,4268.0,445.0,173.0,0.07286785379568884
33.0,1.0,27.0,0.1,0.075,0.2,1.0,4016.0,470.0,203.0,0.07395418326693227
33.0,1.0,28.0,0.1,0.075,0.2,1.0,3864.0,526.0,244.0,0.07634575569358178
33.0,1.0,29.0,0.1,0.075,0.2,1.0,3715.0,547.0,251.0,0.07806191117092867
33.0,1.0,30.0,0.1,0.075,0.2,1.0,3571.0,566.0,254.0,0.08064967796135536
33.0,1.0,31.0,0.1,0.075,0.2,1.0,3350.0,571.0,235.0,0.08298507462686568
33.0,1.0,32.0,0.1,0.075,0.2,1.0,3216.0,570.0,248.0,0.08426616915422885
33.0,1.0,33.0,0.1,0.075,0.2,1.0,2975.0,533.0,253.0,0.08873949579831933
33.0,1.0,34.0,0.1,0.075,0.2,1.0,2839.0,530.0,260.0,0.09193377949982388
33.0,1.0,35.0,0.1,0.075,0.2,1.0,2679.0,523.0,244.0,0.09555804404628593
33.0,1.0,36.0,0.1,0.075,0.2,1.0,2554.0,493.0,240.0,0.10023492560689115
33.0,1.0,37.0,0.1,0.075,0.2,1.0,2371.0,474.0,228.0,0.10459721636440321
33.0,1.0,38.0,0.1,0.075,0.2,1.0,2286.0,494.0,221.0,0.1084864391951006
33.0,1.0,39.0,0.1,0.075,0.2,1.0,2112.0,450.0,211.0,0.11505681818181818
33.0,1.0,40.0,0.1,0.075,0.2,1.0,2025.0,414.0,206.0,0.11753086419753087
33.0,1.0,41.0,0.1,0.075,0.2,1.0,1914.0,380.0,204.0,0.1238244514106583
33.0,1.0,42.0,0.1,0.075,0.2,1.0,1746.0,347.0,179.0,0.13058419243986255
33.0,1.0,43.0,0.1,0.075,0.2,1.0,1657.0,329.0,163.0,0.1363910681955341
33.0,1.0,44.0,0.1,0.075,0.2,1.0,1537.0,297.0,146.0,0.14378659726740403
33.0,1.0,45.0,0.1,0.075,0.2,1.0,1436.0,268.0,128.0,0.23050139275766016
33.0,1.0,46.0,0.1,0.075,0.2,1.0,1380.0,262.0,132.0,0.23623188405797102
33.0,1.0,47.0,0.1,0.075,0.2,1.0,1300.0,230.0,124.0,0.24307692307692308
33.0,1.0,48.0,0.1,0.075,0.2,1.0,1226.0,233.0,131.0,0.25040783034257746
33.0,1.0,49.0,0.1,0.075,0.2,1.0,1162.0,213.0,111.0,0.25817555938037867
33.0,1.0,50.0,0.1,0.075,0.2,1.0,1109.0,194.0,103.0,0.2678088367899008
33.0,1.0,51.0,0.1,0.075,0.2,1.0,1066.0,163.0,90.0,0.27392120075046905
33.0,1.0,52.0,0.1,0.075,0.2,1.0,1024.0,160.0,100.0,0.2822265625
33.0,2.0,1.0,0.1,0.075,0.2,1.0,995.0,151.0,77.0,0.2864321608040201
33.0,2.0,2.0,0.1,0.075,0.2,1.0,942.0,129.0,64.0,0.30254777070063693
33.0,2.0,3.0,0.1,0.075,0.2,1.0,919.0,119.0,59.0,0.3057671381936888
33.0,2.0,4.0,0.1,0.075,0.2,1.0,895.0,113.0,64.0,0.3139664804469274
33.0,2.0,5.0,0.1,0.075,0.2,1.0,869.0,102.0,54.0,0.31645569620253167
33.0,2.0,6.0,0.1,0.075,0.2,1.0,835.0,86.0,50.0,0.33652694610778444
33.0,2.0,7.0,0.1,0.075,0.2,1.0,819.0,78.0,50.0,0.3333333333333333
33.0,2.0,8.0,0.1,0.075,0.2,1.0,789.0,71.0,41.0,0.34980988593155893
33.0,2.0,9.0,0.1,0.075,0.2,1.0,767.0,54.0,32.0,0.3546284224250326
33.0,2.0,10.0,0.1,0.075,0.2,1.0,747.0,42.0,26.0,0.36813922356091033
33.0,2.0,11.0,0.1,0.075,0.2,1.0,742.0,38.0,26.0,0.3638814016172507
33.0,2.0,12.0,0.1,0.075,0.2,1.0,723.0,31.0,21.0,0.3748271092669433
33.0,2.0,13.0,0.1,0.075,0.2,1.0,713.0,26.0,18.0,0.3702664796633941
33.0,2.0,14.0,0.1,0.075,0.2,1.0,697.0,21.0,13.0,0.37733142037302725
33.0,2.0,15.0,0.1,0.075,0.2,1.0,694.0,18.0,9.0,0.3703170028818444
33.0,2.0,16.0,0.1,0.075,0.2,1.0,681.0,13.0,6.0,0.38179148311306904
33.0,2.0,17.0,0.1,0.075,0.2,1.0,682.0,12.0,7.0,0.3724340175953079
33.0,2.0,18.0,0.1,0.075,0.2,1.0,671.0,16.0,6.0,0.3830104321907601
33.0,2.0,19.0,0.1,0.075,0.2,1.0,670.0,13.0,6.0,0.3716417910447761
33.0,2.0,20.0,0.1,0.075,0.2,1.0,1169.0,14.0,6.0,0.21642429426860565
33.0,2.0,21.0,0.1,0.075,0.2,1.0,1154.0,17.0,9.0,0.21317157712305027
33.0,2.0,22.0,0.1,0.075,0.2,1.0,1119.0,20.0,12.0,0.21894548704200179
33.0,2.0,23.0,0.1,0.075,0.2,1.0,1096.0,24.0,13.0,0.21806569343065693
33.0,2.0,24.0,0.1,0.075,0.2,1.0,1083.0,27.0,11.0,0.22160664819944598
33.0,2.0,25.0,0.1,0.075,0.2,1.0,1054.0,23.0,8.0,0.22580645161290322
33.0,2.0,26.0,0.1,0.075,0.2,1.0,1053.0,22.0,12.0,0.22602089268755934
33.0,2.0,27.0,0.1,0.075,0.2,1.0,1026.0,27.0,14.0,0.22709551656920077
33.0,2.0,28.0,0.1,0.075,0.2,1.0,1029.0,29.0,16.0,0.22643343051506318
33.0,2.0,29.0,0.1,0.075,0.2,1.0,998.0,28.0,12.0,0.22845691382765532
33.0,2.0,30.0,0.1,0.075,0.2,1.0,996.0,32.0,14.0,0.22590361445783133
33.0,2.0,31.0,0.1,0.075,0.2,1.0,956.0,34.0,12.0,0.2290794979079498
33.0,2.0,32.0,0.1,0.075,0.2,1.0,946.0,37.0,20.0,0.2251585623678647
33.0,2.0,33.0,0.1,0.075,0.2,1.0,928.0,36.0,22.0,0.22844827586206898
33.0,2.0,34.0,0.1,0.075,0.2,1.0,932.0,46.0,22.0,0.22639484978540772
33.0,2.0,35.0,0.1,0.075,0.2,1.0,881.0,39.0,18.0,0.23496027241770714
33.0,2.0,36.0,0.1,0.075,0.2,1.0,873.0,33.0,14.0,0.23825887743413515
33.0,2.0,37.0,0.1,0.075,0.2,1.0,840.0,35.0,15.0,0.24166666666666667
33.0,2.0,38.0,0.1,0.075,0.2,1.0,845.0,34.0,18.0,0.24142011834319527
33.0,2.0,39.0,0.1,0.075,0.2,1.0,814.0,30.0,16.0,0.24447174447174447
33.0,2.0,40.0,0.1,0.075,0.2,1.0,813.0,33.0,17.0,0.24600246002460024
33.0,2.0,41.0,0.1,0.075,0.2,1.0,787.0,33.0,14.0,0.24904701397712833
33.0,2.0,42.0,0.1,0.075,0.2,1.0,789.0,32.0,16.0,0.2509505703422053
33.0,2.0,43.0,0.1,0.075,0.2,1.0,773.0,36.0,18.0,0.2522639068564036
33.0,2.0,44.0,0.1,0.075,0.2,1.0,774.0,32.0,19.0,0.25452196382428943
33.0,2.0,45.0,0.1,0.075,0.2,1.0,758.0,29.0,16.0,0.3232189973614776
33.0,2.0,46.0,0.1,0.075,0.2,1.0,751.0,25.0,12.0,0.3262316910785619
33.0,2.0,47.0,0.1,0.075,0.2,1.0,709.0,24.0,12.0,0.3314527503526093
33.0,2.0,48.0,0.1,0.075,0.2,1.0,704.0,21.0,8.0,0.3366477272727273
33.0,2.0,49.0,0.1,0.075,0.2,1.0,669.0,17.0,9.0,0.33781763826606875
33.0,2.0,50.0,0.1,0.075,0.2,1.0,669.0,12.0,7.0,0.3423019431988042
33.0,2.0,51.0,0.1,0.075,0.2,1.0,662.0,13.0,7.0,0.33987915407854985
33.0,2.0,52.0,0.1,0.075,0.2,1.0,660.0,11.0,7.0,0.3424242424242424
33.0,3.0,1.0,0.1,0.075,0.2,1.0,645.0,10.0,5.0,0.3457364341085271
33.0,3.0,2.0,0.1,0.075,0.2,1.0,650.0,11.0,6.0,0.3415384615384615
33.0,3.0,3.0,0.1,0.075,0.2,1.0,635.0,9.0,4.0,0.34488188976377954
33.0,3.0,4.0,0.1,0.075,0.2,1.0,637.0,9.0,6.0,0.3453689167974882
33.0,3.0,5.0,0.1,0.075,0.2,1.0,621.0,8.0,5.0,0.3462157809983897
33.0,3.0,6.0,0.1,0.075,0.2,1.0,624.0,10.0,3.0,0.34455128205128205
33.0,3.0,7.0,0.1,0.075,0.2,1.0,609.0,12.0,3.0,0.3448275862068966
33.0,3.0,8.0,0.1,0.075,0.2,1.0,595.0,9.0,5.0,0.346218487394958
33.0,3.0,9.0,0.1,0.075,0.2,1.0,589.0,12.0,7.0,0.34804753820033957
33.0,3.0,10.0,0.1,0.075,0.2,1.0,586.0,12.0,5.0,0.3464163822525597
33.0,3.0,11.0,0.1,0.075,0.2,1.0,559.0,13.0,3.0,0.35062611806797855
33.0,3.0,12.0,0.1,0.075,0.2,1.0,557.0,16.0,4.0,0.3464991023339318
33.0,3.0,13.0,0.1,0.075,0.2,1.0,548.0,16.0,8.0,0.35036496350364965
33.0,3.0,14.0,0.1,0.075,0.2,1.0,548.0,17.0,9.0,0.3467153284671533
33.0,3.0,15.0,0.1,0.075,0.2,1.0,540.0,18.0,9.0,0.35555555555555557
33.0,3.0,16.0,0.1,0.075,0.2,1.0,525.0,18.0,6.0,0.3523809523809524
33.0,3.0,17.0,0.1,0.075,0.2,1.0,515.0,17.0,11.0,0.3611650485436893
33.0,3.0,18.0,0.1,0.075,0.2,1.0,516.0,18.0,9.0,0.3507751937984496
33.0,3.0,19.0,0.1,0.075,0.2,1.0,503.0,17.0,9.0,0.35785288270377735
33.0,3.0,20.0,0.1,0.075,0.2,1.0,880.0,14.0,6.0,0.20227272727272727
33.0,3.0,21.0,0.1,0.075,0.2,1.0,864.0,22.0,9.0,0.2037037037037037
33.0,3.0,22.0,0.1,0.075,0.2,1.0,817.0,19.0,10.0,0.20807833537331702
33.0,3.0,23.0,0.1,0.075,0.2,1.0,817.0,21.0,10.0,0.20930232558139536
33.0,3.0,24.0,0.1,0.075,0.2,1.0,792.0,19.0,10.0,0.21085858585858586
33.0,3.0,25.0,0.1,0.075,0.2,1.0,789.0,18.0,7.0,0.21419518377693283
33.0,3.0,26.0,0.1,0.075,0.2,1.0,771.0,18.0,8.0,0.2127107652399481
33.0,3.0,27.0,0.1,0.075,0.2,1.0,761.0,17.0,9.0,0.21944809461235218
33.0,3.0,28.0,0.1,0.075,0.2,1.0,748.0,19.0,9.0,0.21657754010695188
33.0,3.0,29.0,0.1,0.075,0.2,1.0,755.0,22.0,11.0,0.22119205298013245
33.0,3.0,30.0,0.1,0.075,0.2,1.0,729.0,19.0,9.0,0.2194787379972565
33.0,3.0,31.0,0.1,0.075,0.2,1.0,736.0,22.0,11.0,0.22010869565217392
33.0,3.0,32.0,0.1,0.075,0.2,1.0,714.0,18.0,13.0,0.21568627450980393
33.0,3.0,33.0,0.1,0.075,0.2,1.0,705.0,15.0,9.0,0.22411347517730495
33.0,3.0,34.0,0.1,0.075,0.2,1.0,688.0,11.0,7.0,0.21656976744186046
33.0,3.0,35.0,0.1,0.075,0.2,1.0,669.0,8.0,3.0,0.2242152466367713
33.0,3.0,36.0,0.1,0.075,0.2,1.0,683.0,8.0,4.0,0.21961932650073207
33.0,3.0,37.0,0.1,0.075,0.2,1.0,650.0,11.0,5.0,0.22923076923076924
33.0,3.0,38.0,0.1,0.075,0.2,1.0,652.0,10.0,2.0,0.2254601226993865
33.0,3.0,39.0,0.1,0.075,0.2,1.0,642.0,9.0,3.0,0.23208722741433022
33.0,3.0,40.0,0.1,0.075,0.2,1.0,631.0,9.0,6.0,0.22503961965134706
33.0,3.0,41.0,0.1,0.075,0.2,1.0,610.0,12.0,8.0,0.24098360655737705
33.0,3.0,42.0,0.1,0.075,0.2,1.0,615.0,11.0,6.0,0.23089430894308943
33.0,3.0,43.0,0.1,0.075,0.2,1.0,602.0,8.0,2.0,0.24086378737541528
33.0,3.0,44.0,0.1,0.075,0.2,1.0,582.0,7.0,2.0,0.24054982817869416
33.0,3.0,45.0,0.1,0.075,0.2,1.0,569.0,7.0,3.0,0.29349736379613356
33.0,3.0,46.0,0.1,0.075,0.2,1.0,550.0,7.0,3.0,0.29818181818181816
33.0,3.0,47.0,0.1,0.075,0.2,1.0,543.0,3.0,3.0,0.2965009208103131
33.0,3.0,48.0,0.1,0.075,0.2,1.0,527.0,4.0,2.0,0.29601518026565465
33.0,3.0,49.0,0.1,0.075,0.2,1.0,536.0,4.0,2.0,0.2947761194029851
33.0,3.0,50.0,0.1,0.075,0.2,1.0,524.0,2.0,1.0,0.29389312977099236
33.0,3.0,51.0,0.1,0.075,0.2,1.0,521.0,2.0,1.0,0.28982725527831094
33.0,3.0,52.0,0.1,0.075,0.2,1.0,509.0,3.0,2.0,0.2868369351669941
33.0,4.0,1.0,0.1,0.075,0.2,1.0,510.0,2.0,1.0,0.28627450980392155
33.0,4.0,2.0,0.1,0.075,0.2,1.0,503.0,2.0,2.0,0.28429423459244535
33.0,4.0,3.0,0.1,0.075,0.2,1.0,502.0,2.0,1.0,0.28286852589641437
33.0,4.0,4.0,0.1,0.075,0.2,1.0,496.0,2.0,1.0,0.2842741935483871
33.0,4.0,5.0,0.1,0.075,0.2,1.0,496.0,1.0,0.0,0.28225806451612906
33.0,4.0,6.0,0.1,0.075,0.2,1.0,490.0,1.0,1.0,0.2816326530612245
33.0,4.0,7.0,0.1,0.075,0.2,1.0,492.0,1.0,1.0,0.2804878048780488
33.0,4.0,8.0,0.1,0.075,0.2,1.0,482.0,1.0,1.0,0.2821576763485477
33.0,4.0,9.0,0.1,0.075,0.2,1.0,486.0,0.0,0.0,0.27983539094650206
33.0,4.0,10.0,0.1,0.075,0.2,1.0,463.0,0.0,0.0,0.28509719222462204
33.0,4.0,11.0,0.1,0.075,0.2,1.0,477.0,0.0,0.0,0.2851153039832285
33.0,4.0,12.0,0.1,0.075,0.2,1.0,461.0,0.0,0.0,0.2841648590021692
33.0,4.0,13.0,0.1,0.075,0.2,1.0,468.0,0.0,0.0,0.2777777777777778
33.0,4.0,14.0,0.1,0.075,0.2,1.0,457.0,0.0,0.0,0.2800875273522976
33.0,4.0,15.0,0.1,0.075,0.2,1.0,467.0,0.0,0.0,0.278372591006424
33.0,4.0,16.0,0.1,0.075,0.2,1.0,457.0,0.0,0.0,0.2800875273522976
33.0,4.0,17.0,0.1,0.075,0.2,1.0,464.0,0.0,0.0,0.2823275862068966
33.0,4.0,18.0,0.1,0.075,0.2,1.0,454.0,0.0,0.0,0.2841409691629956
33.0,4.0,19.0,0.1,0.075,0.2,1.0,461.0,0.0,0.0,0.28199566160520606
33.0,4.0,20.0,0.1,0.075,0.2,1.0,862.0,0.0,0.0,0.14617169373549885
33.0,4.0,21.0,0.1,0.075,0.2,1.0,864.0,0.0,0.0,0.14814814814814814
33.0,4.0,22.0,0.1,0.075,0.2,1.0,836.0,0.0,0.0,0.1507177033492823
33.0,4.0,23.0,0.1,0.075,0.2,1.0,853.0,0.0,0.0,0.1488862837045721
33.0,4.0,24.0,0.1,0.075,0.2,1.0,800.0,0.0,0.0,0.15
33.0,4.0,25.0,0.1,0.075,0.2,1.0,827.0,0.0,0.0,0.1487303506650544
33.0,4.0,26.0,0.1,0.075,0.2,1.0,802.0,0.0,0.0,0.14962593516209477
33.0,4.0,27.0,0.1,0.075,0.2,1.0,824.0,0.0,0.0,0.14805825242718446
33.0,4.0,28.0,0.1,0.075,0.2,1.0,801.0,0.0,0.0,0.14856429463171036
33.0,4.0,29.0,0.1,0.075,0.2,1.0,795.0,0.0,0.0,0.1471698113207547
33.0,4.0,30.0,0.1,0.075,0.2,1.0,765.0,0.0,0.0,0.15163398692810456
33.0,4.0,31.0,0.1,0.075,0.2,1.0,762.0,0.0,0.0,0.14698162729658792
33.0,4.0,32.0,0.1,0.075,0.2,1.0,731.0,0.0,0.0,0.15595075239398085
33.0,4.0,33.0,0.1,0.075,0.2,1.0,704.0,0.0,0.0,0.15625
33.0,4.0,34.0,0.1,0.075,0.2,1.0,715.0,0.0,0.0,0.15524475524475526
33.0,4.0,35.0,0.1,0.075,0.2,1.0,688.0,0.0,0.0,0.15406976744186046
33.0,4.0,36.0,0.1,0.075,0.2,1.0,695.0,0.0,0.0,0.1553956834532374
33.0,4.0,37.0,0.1,0.075,0.2,1.0,670.0,0.0,0.0,0.15671641791044777
33.0,4.0,38.0,0.1,0.075,0.2,1.0,673.0,0.0,0.0,0.1575037147102526
33.0,4.0,39.0,0.1,0.075,0.2,1.0,648.0,0.0,0.0,0.1558641975308642
33.0,4.0,40.0,0.1,0.075,0.2,1.0,659.0,0.0,0.0,0.15781487101669195
33.0,4.0,41.0,0.1,0.075,0.2,1.0,634.0,0.0,0.0,0.15930599369085174
33.0,4.0,42.0,0.1,0.075,0.2,1.0,654.0,0.0,0.0,0.15902140672782875
33.0,4.0,43.0,0.1,0.075,0.2,1.0,603.0,0.0,0.0,0.1625207296849088
33.0,4.0,44.0,0.1,0.075,0.2,1.0,602.0,0.0,0.0,0.1644518272425249
33.0,4.0,45.0,0.1,0.075,0.2,1.0,587.0,0.0,0.0,0.22998296422487224
33.0,4.0,46.0,0.1,0.075,0.2,1.0,571.0,0.0,0.0,0.23642732049036777
33.0,4.0,47.0,0.1,0.075,0.2,1.0,558.0,0.0,0.0,0.23297491039426524
33.0,4.0,48.0,0.1,0.075,0.2,1.0,535.0,0.0,0.0,0.23738317757009345
33.0,4.0,49.0,0.1,0.075,0.2,1.0,509.0,0.0,0.0,0.23968565815324164
33.0,4.0,50.0,0.1,0.075,0.2,1.0,513.0,0.0,0.0,0.23586744639376217
33.0,4.0,51.0,0.1,0.075,0.2,1.0,508.0,0.0,0.0,0.23228346456692914
33.0,4.0,52.0,0.1,0.075,0.2,1.0,509.0,0.0,0.0,0.23772102161100198
33.0,5.0,1.0,0.1,0.075,0.2,1.0,501.0,0.0,0.0,0.23353293413173654
33.0,5.0,2.0,0.1,0.075,0.2,1.0,503.0,0.0,0.0,0.23856858846918488
33.0,5.0,3.0,0.1,0.075,0.2,1.0,497.0,0.0,0.0,0.23340040241448692
33.0,5.0,4.0,0.1,0.075,0.2,1.0,496.0,0.0,0.0,0.23588709677419356
33.0,5.0,5.0,0.1,0.075,0.2,1.0,479.0,0.0,0.0,0.23173277661795408
33.0,5.0,6.0,0.1,0.075,0.2,1.0,478.0,0.0,0.0,0.23640167364016737
33.0,5.0,7.0,0.1,0.075,0.2,1.0,474.0,0.0,0.0,0.2320675105485232
33.0,5.0,8.0,0.1,0.075,0.2,1.0,476.0,0.0,0.0,0.23529411764705882
33.0,5.0,9.0,0.1,0.075,0.2,1.0,468.0,0.0,0.0,0.23076923076923078
33.0,5.0,10.0,0.1,0.075,0.2,1.0,468.0,0.0,0.0,0.2329059829059829
33.0,5.0,11.0,0.1,0.075,0.2,1.0,462.0,0.0,0.0,0.22943722943722944
33.0,5.0,12.0,0.1,0.075,0.2,1.0,465.0,0.0,0.0,0.23225806451612904
33.0,5.0,13.0,0.1,0.075,0.2,1.0,463.0,0.0,0.0,0.22894168466522677
33.0,5.0,14.0,0.1,0.075,0.2,1.0,464.0,0.0,0.0,0.23275862068965517
33.0,5.0,15.0,0.1,0.075,0.2,1.0,461.0,0.0,0.0,0.2299349240780911
33.0,5.0,16.0,0.1,0.075,0.2,1.0,461.0,0.0,0.0,0.23210412147505424
33.0,5.0,17.0,0.1,0.075,0.2,1.0,459.0,0.0,0.0,0.22657952069716775
33.0,5.0,18.0,0.1,0.075,0.2,1.0,457.0,0.0,0.0,0.23413566739606126
33.0,5.0,19.0,0.1,0.075,0.2,1.0,454.0,0.0,0.0,0.22466960352422907
33.0,5.0,20.0,0.1,0.075,0.2,1.0,826.0,0.0,0.0,0.1271186440677966
33.0,5.0,21.0,0.1,0.075,0.2,1.0,817.0,0.0,0.0,0.12607099143206854
33.0,5.0,22.0,0.1,0.075,0.2,1.0,811.0,0.0,0.0,0.12700369913686807
33.0,5.0,23.0,0.1,0.075,0.2,1.0,800.0,0.0,0.0,0.125
33.0,5.0,24.0,0.1,0.075,0.2,1.0,793.0,0.0,0.0,0.1273644388398487
33.0,5.0,25.0,0.1,0.075,0.2,1.0,756.0,0.0,0.0,0.12698412698412698
33.0,5.0,26.0,0.1,0.075,0.2,1.0,742.0,0.0,0.0,0.1293800539083558
33.0,5.0,27.0,0.1,0.075,0.2,1.0,731.0,0.0,0.0,0.12859097127222982
33.0,5.0,28.0,0.1,0.075,0.2,1.0,716.0,0.0,0.0,0.1270949720670391
33.0,5.0,29.0,0.1,0.075,0.2,1.0,719.0,0.0,0.0,0.12656467315716272
33.0,5.0,30.0,0.1,0.075,0.2,1.0,703.0,0.0,0.0,0.1251778093883357
33.0,5.0,31.0,0.1,0.075,0.2,1.0,690.0,0.0,0.0,0.12318840579710146
33.0,5.0,32.0,0.1,0.075,0.2,1.0,669.0,0.0,0.0,0.12705530642750373
33.0,5.0,33.0,0.1,0.075,0.2,1.0,658.0,0.0,0.0,0.1276595744680851
33.0,5.0,34.0,0.1,0.075,0.2,1.0,649.0,0.0,0.0,0.13097072419106318
33.0,5.0,35.0,0.1,0.075,0.2,1.0,651.0,0.0,0.0,0.12903225806451613
33.0,5.0,36.0,0.1,0.075,0.2,1.0,649.0,0.0,0.0,0.13097072419106318
33.0,5.0,37.0,0.1,0.075,0.2,1.0,651.0,0.0,0.0,0.12903225806451613
33.0,5.0,38.0,0.1,0.075,0.2,1.0,645.0,0.0,0.0,0.13178294573643412
33.0,5.0,39.0,0.1,0.075,0.2,1.0,640.0,0.0,0.0,0.1265625
33.0,5.0,40.0,0.1,0.075,0.2,1.0,622.0,0.0,0.0,0.13183279742765272
33.0,5.0,41.0,0.1,0.075,0.2,1.0,620.0,0.0,0.0,0.12741935483870967
33.0,5.0,42.0,0.1,0.075,0.2,1.0,603.0,0.0,0.0,0.1310116086235489
33.0,5.0,43.0,0.1,0.075,0.2,1.0,607.0,0.0,0.0,0.13179571663920922
33.0,5.0,44.0,0.1,0.075,0.2,1.0,600.0,0.0,0.0,0.13166666666666665
33.0,5.0,45.0,0.1,0.075,0.2,1.0,605.0,0.0,0.0,0.20165289256198346
33.0,5.0,46.0,0.1,0.075,0.2,1.0,600.0,0.0,0.0,0.20333333333333334
33.0,5.0,47.0,0.1,0.075,0.2,1.0,602.0,0.0,0.0,0.2009966777408638
33.0,5.0,48.0,0.1,0.075,0.2,1.0,589.0,0.0,0.0,0.19864176570458403
33.0,5.0,49.0,0.1,0.075,0.2,1.0,581.0,0.0,0.0,0.1927710843373494
33.0,5.0,50.0,0.1,0.075,0.2,1.0,579.0,0.0,0.0,0.19689119170984457
33.0,5.0,51.0,0.1,0.075,0.2,1.0,576.0,0.0,0.0,0.1909722222222222
33.0,5.0,52.0,0.1,0.075,0.2,1.0,572.0,0.0,0.0,0.19230769230769232
33.0,6.0,1.0,0.1,0.075,0.2,1.0,573.0,0.0,0.0,0.19022687609075042
33.0,6.0,2.0,0.1,0.075,0.2,1.0,572.0,0.0,0.0,0.19055944055944055
33.0,6.0,3.0,0.1,0.075,0.2,1.0,570.0,0.0,0.0,0.18947368421052632
33.0,6.0,4.0,0.1,0.075,0.2,1.0,570.0,0.0,0.0,0.19298245614035087
33.0,6.0,5.0,0.1,0.075,0.2,1.0,567.0,0.0,0.0,0.19047619047619047
33.0,6.0,6.0,0.1,0.075,0.2,1.0,567.0,0.0,0.0,0.19223985890652556
33.0,6.0,7.0,0.1,0.075,0.2,1.0,563.0,0.0,0.0,0.1882770870337478
33.0,6.0,8.0,0.1,0.075,0.2,1.0,565.0,0.0,0.0,0.1929203539823009
33.0,6.0,9.0,0.1,0.075,0.2,1.0,558.0,0.0,0.0,0.18996415770609318
33.0,6.0,10.0,0.1,0.075,0.2,1.0,558.0,0.0,0.0,0.1935483870967742
33.0,6.0,11.0,0.1,0.075,0.2,1.0,555.0,0.0,0.0,0.1891891891891892
33.0,6.0,12.0,0.1,0.075,0.2,1.0,553.0,0.0,0.0,0.19349005424954793
33.0,6.0,13.0,0.1,0.075,0.2,1.0,546.0,0.0,0.0,0.18864468864468864
33.0,6.0,14.0,0.1,0.075,0.2,1.0,534.0,0.0,0.0,0.1947565543071161
33.0,6.0,15.0,0.1,0.075,0.2,1.0,519.0,0.0,0.0,0.18882466281310212
33.0,6.0,16.0,0.1,0.075,0.2,1.0,517.0,0.0,0.0,0.1895551257253385
33.0,6.0,17.0,0.1,0.075,0.2,1.0,516.0,0.0,0.0,0.187984496124031
33.0,6.0,18.0,0.1,0.075,0.2,1.0,517.0,0.0,0.0,0.19148936170212766
33.0,6.0,19.0,0.1,0.075,0.2,1.0,503.0,0.0,0.0,0.1848906560636183
33.0,6.0,20.0,0.1,0.075,0.2,1.0,912.0,0.0,0.0,0.10307017543859649
33.0,6.0,21.0,0.1,0.075,0.2,1.0,895.0,0.0,0.0,0.09944134078212291
33.0,6.0,22.0,0.1,0.075,0.2,1.0,893.0,0.0,0.0,0.10078387458006718
33.0,6.0,23.0,0.1,0.075,0.2,1.0,862.0,0.0,0.0,0.09976798143851508
33.0,6.0,24.0,0.1,0.075,0.2,1.0,836.0,0.0,0.0,0.10406698564593302
33.0,6.0,25.0,0.1,0.075,0.2,1.0,819.0,0.0,0.0,0.10378510378510379
33.0,6.0,26.0,0.1,0.075,0.2,1.0,819.0,0.0,0.0,0.10500610500610501
33.0,6.0,27.0,0.1,0.075,0.2,1.0,803.0,0.0,0.0,0.10336239103362391
33.0,6.0,28.0,0.1,0.075,0.2,1.0,801.0,0.0,0.0,0.10486891385767791
33.0,6.0,29.0,0.1,0.075,0.2,1.0,789.0,0.0,0.0,0.10392902408111533
33.0,6.0,30.0,0.1,0.075,0.2,1.0,777.0,0.0,0.0,0.10553410553410554
33.0,6.0,31.0,0.1,0.075,0.2,1.0,743.0,0.0,0.0,0.1009421265141319
33.0,6.0,32.0,0.1,0.075,0.2,1.0,725.0,0.0,0.0,0.10482758620689656
33.0,6.0,33.0,0.1,0.075,0.2,1.0,700.0,0.0,0.0,0.10571428571428572
33.0,6.0,34.0,0.1,0.075,0.2,1.0,698.0,0.0,0.0,0.10744985673352435
33.0,6.0,35.0,0.1,0.075,0.2,1.0,684.0,0.0,0.0,0.10526315789473684
33.0,6.0,36.0,0.1,0.075,0.2,1.0,685.0,0.0,0.0,0.10802919708029197
33.0,6.0,37.0,0.1,0.075,0.2,1.0,682.0,0.0,0.0,0.10410557184750734
33.0,6.0,38.0,0.1,0.075,0.2,1.0,688.0,0.0,0.0,0.10610465116279069
33.0,6.0,39.0,0.1,0.075,0.2,1.0,685.0,0.0,0.0,0.10364963503649635
33.0,6.0,40.0,0.1,0.075,0.2,1.0,686.0,0.0,0.0,0.10495626822157435
33.0,6.0,41.0,0.1,0.075,0.2,1.0,653.0,0.0,0.0,0.10566615620214395
33.0,6.0,42.0,0.1,0.075,0.2,1.0,650.0,0.0,0.0,0.10461538461538461
33.0,6.0,43.0,0.1,0.075,0.2,1.0,648.0,0.0,0.0,0.10339506172839506
33.0,6.0,44.0,0.1,0.075,0.2,1.0,627.0,0.0,0.0,0.10526315789473684
33.0,6.0,45.0,0.1,0.075,0.2,1.0,624.0,0.0,0.0,0.16826923076923078
33.0,6.0,46.0,0.1,0.075,0.2,1.0,603.0,0.0,0.0,0.17744610281923714
33.0,6.0,47.0,0.1,0.075,0.2,1.0,600.0,0.0,0.0,0.17166666666666666
33.0,6.0,48.0,0.1,0.075,0.2,1.0,599.0,0.0,0.0,0.17362270450751252
33.0,6.0,49.0,0.1,0.075,0.2,1.0,574.0,0.0,0.0,0.17073170731707318
33.0,6.0,50.0,0.1,0.075,0.2,1.0,561.0,0.0,0.0,0.17290552584670232
33.0,6.0,51.0,0.1,0.075,0.2,1.0,562.0,0.0,0.0,0.16903914590747332
33.0,6.0,52.0,0.1,0.075,0.2,1.0,558.0,0.0,0.0,0.17204301075268819
33.0,7.0,1.0,0.1,0.075,0.2,1.0,558.0,0.0,0.0,0.16845878136200718
33.0,7.0,2.0,0.1,0.075,0.2,1.0,553.0,0.0,0.0,0.1717902350813743
33.0,7.0,3.0,0.1,0.075,0.2,1.0,555.0,0.0,0.0,0.16756756756756758
33.0,7.0,4.0,0.1,0.075,0.2,1.0,552.0,0.0,0.0,0.1721014492753623
33.0,7.0,5.0,0.1,0.075,0.2,1.0,552.0,0.0,0.0,0.16847826086956522
33.0,7.0,6.0,0.1,0.075,0.2,1.0,550.0,0.0,0.0,0.1709090909090909
33.0,7.0,7.0,0.1,0.075,0.2,1.0,538.0,0.0,0.0,0.1691449814126394
33.0,7.0,8.0,0.1,0.075,0.2,1.0,536.0,0.0,0.0,0.17164179104477612
33.0,7.0,9.0,0.1,0.075,0.2,1.0,536.0,0.0,0.0,0.16791044776119404
33.0,7.0,10.0,0.1,0.075,0.2,1.0,528.0,0.0,0.0,0.17424242424242425
33.0,7.0,11.0,0.1,0.075,0.2,1.0,530.0,0.0,0.0,0.16792452830188678
33.0,7.0,12.0,0.1,0.075,0.2,1.0,526.0,0.0,0.0,0.17110266159695817
33.0,7.0,13.0,0.1,0.075,0.2,1.0,525.0,0.0,0.0,0.16380952380952382
33.0,7.0,14.0,0.1,0.075,0.2,1.0,524.0,0.0,0.0,0.16984732824427481
33.0,7.0,15.0,0.1,0.075,0.2,1.0,523.0,0.0,0.0,0.16443594646271512
33.0,7.0,16.0,0.1,0.075,0.2,1.0,500.0,0.0,0.0,0.172
33.0,7.0,17.0,0.1,0.075,0.2,1.0,500.0,0.0,0.0,0.166
33.0,7.0,18.0,0.1,0.075,0.2,1.0,502.0,0.0,0.0,0.17131474103585656
33.0,7.0,19.0,0.1,0.075,0.2,1.0,489.0,0.0,0.0,0.16973415132924335
33.0,7.0,20.0,0.1,0.075,0.2,1.0,856.0,0.0,0.0,0.10046728971962617
33.0,7.0,21.0,0.1,0.075,0.2,1.0,861.0,0.0,0.0,0.0975609756097561
33.0,7.0,22.0,0.1,0.075,0.2,1.0,839.0,0.0,0.0,0.10250297973778308
33.0,7.0,23.0,0.1,0.075,0.2,1.0,791.0,0.0,0.0,0.10240202275600506
33.0,7.0,24.0,0.1,0.075,0.2,1.0,763.0,0.0,0.0,0.10484927916120576
33.0,7.0,25.0,0.1,0.075,0.2,1.0,753.0,0.0,0.0,0.10358565737051793
33.0,7.0,26.0,0.1,0.075,0.2,1.0,768.0,0.0,0.0,0.10416666666666667
33.0,7.0,27.0,0.1,0.075,0.2,1.0,743.0,0.0,0.0,0.10363391655450875
33.0,7.0,28.0,0.1,0.075,0.2,1.0,749.0,0.0,0.0,0.1054739652870494
33.0,7.0,29.0,0.1,0.075,0.2,1.0,716.0,0.0,0.0,0.10474860335195531
33.0,7.0,30.0,0.1,0.075,0.2,1.0,686.0,0.0,0.0,0.10787172011661808
33.0,7.0,31.0,0.1,0.075,0.2,1.0,667.0,0.0,0.0,0.10944527736131934
33.0,7.0,32.0,0.1,0.075,0.2,1.0,674.0,0.0,0.0,0.10979228486646884
33.0,7.0,33.0,0.1,0.075,0.2,1.0,659.0,0.0,0.0,0.10925644916540213
33.0,7.0,34.0,0.1,0.075,0.2,1.0,648.0,0.0,0.0,0.1111111111111111
33.0,7.0,35.0,0.1,0.075,0.2,1.0,651.0,0.0,0.0,0.11059907834101383
33.0,7.0,36.0,0.1,0.075,0.2,1.0,629.0,0.0,0.0,0.11446740858505565
33.0,7.0,37.0,0.1,0.075,0.2,1.0,637.0,0.0,0.0,0.11145996860282574
33.0,7.0,38.0,0.1,0.075,0.2,1.0,593.0,0.0,0.0,0.11467116357504216
33.0,7.0,39.0,0.1,0.075,0.2,1.0,606.0,0.0,0.0,0.11386138613861387
33.0,7.0,40.0,0.1,0.075,0.2,1.0,604.0,0.0,0.0,0.11423841059602649
33.0,7.0,41.0,0.1,0.075,0.2,1.0,598.0,0.0,0.0,0.11371237458193979
33.0,7.0,42.0,0.1,0.075,0.2,1.0,576.0,0.0,0.0,0.1111111111111111
33.0,7.0,43.0,0.1,0.075,0.2,1.0,560.0,0.0,0.0,0.1125
33.0,7.0,44.0,0.1,0.075,0.2,1.0,558.0,0.0,0.0,0.1057347670250896
33.0,7.0,45.0,0.1,0.075,0.2,1.0,554.0,0.0,0.0,0.18953068592057762
33.0,7.0,46.0,0.1,0.075,0.2,1.0,555.0,0.0,0.0,0.1891891891891892
33.0,7.0,47.0,0.1,0.075,0.2,1.0,552.0,0.0,0.0,0.18840579710144928
33.0,7.0,48.0,0.1,0.075,0.2,1.0,541.0,0.0,0.0,0.18484288354898337
33.0,7.0,49.0,0.1,0.075,0.2,1.0,540.0,0.0,0.0,0.18703703703703703
33.0,7.0,50.0,0.1,0.075,0.2,1.0,543.0,0.0,0.0,0.1860036832412523
33.0,7.0,51.0,0.1,0.075,0.2,1.0,535.0,0.0,0.0,0.18504672897196262
33.0,7.0,52.0,0.1,0.075,0.2,1.0,541.0,0.0,0.0,0.1866913123844732
33.0,8.0,1.0,0.1,0.075,0.2,1.0,532.0,0.0,0.0,0.18233082706766918
33.0,8.0,2.0,0.1,0.075,0.2,1.0,539.0,0.0,0.0,0.17996289424860853
33.0,8.0,3.0,0.1,0.075,0.2,1.0,529.0,0.0,0.0,0.1833648393194707
33.0,8.0,4.0,0.1,0.075,0.2,1.0,539.0,0.0,0.0,0.18181818181818182
33.0,8.0,5.0,0.1,0.075,0.2,1.0,529.0,0.0,0.0,0.18525519848771266
33.0,8.0,6.0,0.1,0.075,0.2,1.0,538.0,0.0,0.0,0.18029739776951673
33.0,8.0,7.0,0.1,0.075,0.2,1.0,528.0,0.0,0.0,0.18371212121212122
33.0,8.0,8.0,0.1,0.075,0.2,1.0,528.0,0.0,0.0,0.18181818181818182
33.0,8.0,9.0,0.1,0.075,0.2,1.0,528.0,0.0,0.0,0.18371212121212122
33.0,8.0,10.0,0.1,0.075,0.2,1.0,524.0,0.0,0.0,0.183206106870229
33.0,8.0,11.0,0.1,0.075,0.2,1.0,521.0,0.0,0.0,0.18809980806142035
33.0,8.0,12.0,0.1,0.075,0.2,1.0,512.0,0.0,0.0,0.181640625
33.0,8.0,13.0,0.1,0.075,0.2,1.0,507.0,0.0,0.0,0.1834319526627219
33.0,8.0,14.0,0.1,0.075,0.2,1.0,511.0,0.0,0.0,0.18003913894324852
33.0,8.0,15.0,0.1,0.075,0.2,1.0,507.0,0.0,0.0,0.1834319526627219
33.0,8.0,16.0,0.1,0.075,0.2,1.0,512.0,0.0,0.0,0.181640625
33.0,8.0,17.0,0.1,0.075,0.2,1.0,502.0,0.0,0.0,0.1852589641434263
33.0,8.0,18.0,0.1,0.075,0.2,1.0,490.0,0.0,0.0,0.18571428571428572
33.0,8.0,19.0,0.1,0.075,0.2,1.0,490.0,0.0,0.0,0.18775510204081633
33.0,8.0,20.0,0.1,0.075,0.2,1.0,860.0,0.0,0.0,0.10697674418604651
33.0,8.0,21.0,0.1,0.075,0.2,1.0,790.0,0.0,0.0,0.11265822784810127
33.0,8.0,22.0,0.1,0.075,0.2,1.0,797.0,0.0,0.0,0.11041405269761606
33.0,8.0,23.0,0.1,0.075,0.2,1.0,780.0,0.0,0.0,0.11538461538461539
33.0,8.0,24.0,0.1,0.075,0.2,1.0,786.0,0.0,0.0,0.11323155216284987
33.0,8.0,25.0,0.1,0.075,0.2,1.0,723.0,0.0,0.0,0.11479944674965421
33.0,8.0,26.0,0.1,0.075,0.2,1.0,723.0,0.0,0.0,0.11065006915629322
33.0,8.0,27.0,0.1,0.075,0.2,1.0,707.0,0.0,0.0,0.1173974540311174
33.0,8.0,28.0,0.1,0.075,0.2,1.0,698.0,0.0,0.0,0.10888252148997135
33.0,8.0,29.0,0.1,0.075,0.2,1.0,696.0,0.0,0.0,0.11350574712643678
33.0,8.0,30.0,0.1,0.075,0.2,1.0,680.0,0.0,0.0,0.11176470588235295
33.0,8.0,31.0,0.1,0.075,0.2,1.0,691.0,0.0,0.0,0.11432706222865413
33.0,8.0,32.0,0.1,0.075,0.2,1.0,671.0,0.0,0.0,0.11326378539493294
33.0,8.0,33.0,0.1,0.075,0.2,1.0,694.0,0.0,0.0,0.1138328530259366
33.0,8.0,34.0,0.1,0.075,0.2,1.0,677.0,0.0,0.0,0.11225997045790251
33.0,8.0,35.0,0.1,0.075,0.2,1.0,678.0,0.0,0.0,0.11356932153392331
33.0,8.0,36.0,0.1,0.075,0.2,1.0,663.0,0.0,0.0,0.11161387631975868
33.0,8.0,37.0,0.1,0.075,0.2,1.0,673.0,0.0,0.0,0.11441307578008915
33.0,8.0,38.0,0.1,0.075,0.2,1.0,670.0,0.0,0.0,0.11194029850746269
33.0,8.0,39.0,0.1,0.075,0.2,1.0,675.0,0.0,0.0,0.11259259259259259
33.0,8.0,40.0,0.1,0.075,0.2,1.0,663.0,0.0,0.0,0.11312217194570136
33.0,8.0,41.0,0.1,0.075,0.2,1.0,662.0,0.0,0.0,0.1163141993957704
33.0,8.0,42.0,0.1,0.075,0.2,1.0,633.0,0.0,0.0,0.11374407582938388
33.0,8.0,43.0,0.1,0.075,0.2,1.0,635.0,0.0,0.0,0.11496062992125984
33.0,8.0,44.0,0.1,0.075,0.2,1.0,633.0,0.0,0.0,0.11374407582938388
33.0,8.0,45.0,0.1,0.075,0.2,1.0,631.0,0.0,0.0,0.19968304278922344
33.0,8.0,46.0,0.1,0.075,0.2,1.0,637.0,0.0,0.0,0.20094191522762953
33.0,8.0,47.0,0.1,0.075,0.2,1.0,633.0,0.0,0.0,0.1990521327014218
33.0,8.0,48.0,0.1,0.075,0.2,1.0,632.0,0.0,0.0,0.20253164556962025
33.0,8.0,49.0,0.1,0.075,0.2,1.0,632.0,0.0,0.0,0.19936708860759494
33.0,8.0,50.0,0.1,0.075,0.2,1.0,633.0,0.0,0.0,0.20221169036334913
33.0,8.0,51.0,0.1,0.075,0.2,1.0,635.0,0.0,0.0,0.2
33.0,8.0,52.0,0.1,0.075,0.2,1.0,632.0,0.0,0.0,0.20411392405063292
33.0,9.0,1.0,0.1,0.075,0.2,1.0,633.0,0.0,0.0,0.20063191153238547
33.0,9.0,2.0,0.1,0.075,0.2,1.0,628.0,0.0,0.0,0.20382165605095542
33.0,9.0,3.0,0.1,0.075,0.2,1.0,619.0,0.0,0.0,0.20032310177705978
33.0,9.0,4.0,0.1,0.075,0.2,1.0,613.0,0.0,0.0,0.20554649265905384
33.0,9.0,5.0,0.1,0.075,0.2,1.0,618.0,0.0,0.0,0.20064724919093851
33.0,9.0,6.0,0.1,0.075,0.2,1.0,612.0,0.0,0.0,0.20588235294117646
33.0,9.0,7.0,0.1,0.075,0.2,1.0,616.0,0.0,0.0,0.2012987012987013
33.0,9.0,8.0,0.1,0.075,0.2,1.0,604.0,0.0,0.0,0.20860927152317882
33.0,9.0,9.0,0.1,0.075,0.2,1.0,613.0,0.0,0.0,0.20228384991843393
33.0,9.0,10.0,0.1,0.075,0.2,1.0,597.0,0.0,0.0,0.21105527638190955
33.0,9.0,11.0,0.1,0.075,0.2,1.0,607.0,0.0,0.0,0.2042833607907743
33.0,9.0,12.0,0.1,0.075,0.2,1.0,596.0,0.0,0.0,0.21140939597315436
33.0,9.0,13.0,0.1,0.075,0.2,1.0,602.0,0.0,0.0,0.2059800664451827
33.0,9.0,14.0,0.1,0.075,0.2,1.0,598.0,0.0,0.0,0.21070234113712374
33.0,9.0,15.0,0.1,0.075,0.2,1.0,601.0,0.0,0.0,0.20632279534109818
33.0,9.0,16.0,0.1,0.075,0.2,1.0,587.0,0.0,0.0,0.21124361158432708
33.0,9.0,17.0,0.1,0.075,0.2,1.0,591.0,0.0,0.0,0.20642978003384094
33.0,9.0,18.0,0.1,0.075,0.2,1.0,585.0,0.0,0.0,0.21196581196581196
33.0,9.0,19.0,0.1,0.075,0.2,1.0,593.0,0.0,0.0,0.2057335581787521
33.0,9.0,20.0,0.1,0.075,0.2,1.0,1063.0,0.0,0.0,0.11194731890874883
33.0,9.0,21.0,0.1,0.075,0.2,1.0,1016.0,0.0,0.0,0.11318897637795275
33.0,9.0,22.0,0.1,0.075,0.2,1.0,958.0,0.0,0.0,0.11691022964509394
33.0,9.0,23.0,0.1,0.075,0.2,1.0,960.0,0.0,0.0,0.11458333333333333
33.0,9.0,24.0,0.1,0.075,0.2,1.0,960.0,0.0,0.0,0.11666666666666667
33.0,9.0,25.0,0.1,0.075,0.2,1.0,913.0,0.0,0.0,0.11610076670317634
33.0,9.0,26.0,0.1,0.075,0.2,1.0,899.0,0.0,0.0,0.11234705228031146
33.0,9.0,27.0,0.1,0.075,0.2,1.0,894.0,0.0,0.0,0.11297539149888143
33.0,9.0,28.0,0.1,0.075,0.2,1.0,876.0,0.0,0.0,0.11301369863013698
33.0,9.0,29.0,0.1,0.075,0.2,1.0,886.0,0.0,0.0,0.11060948081264109
33.0,9.0,30.0,0.1,0.075,0.2,1.0,862.0,0.0,0.0,0.1148491879350348
33.0,9.0,31.0,0.1,0.075,0.2,1.0,873.0,0.0,0.0,0.11225658648339061
33.0,9.0,32.0,0.1,0.075,0.2,1.0,863.0,0.0,0.0,0.11471610660486674
33.0,9.0,33.0,0.1,0.075,0.2,1.0,860.0,0.0,0.0,0.1127906976744186
33.0,9.0,34.0,0.1,0.075,0.2,1.0,842.0,0.0,0.0,0.1163895486935867
33.0,9.0,35.0,0.1,0.075,0.2,1.0,820.0,0.0,0.0,0.11707317073170732
33.0,9.0,36.0,0.1,0.075,0.2,1.0,812.0,0.0,0.0,0.11945812807881774
33.0,9.0,37.0,0.1,0.075,0.2,1.0,817.0,0.0,0.0,0.1175030599755202
33.0,9.0,38.0,0.1,0.075,0.2,1.0,792.0,0.0,0.0,0.12247474747474747
33.0,9.0,39.0,0.1,0.075,0.2,1.0,789.0,0.0,0.0,0.11913814955640051
33.0,9.0,40.0,0.1,0.075,0.2,1.0,768.0,0.0,0.0,0.12369791666666667
33.0,9.0,41.0,0.1,0.075,0.2,1.0,773.0,0.0,0.0,0.12160413971539456
33.0,9.0,42.0,0.1,0.075,0.2,1.0,743.0,0.0,0.0,0.12516823687752354
33.0,9.0,43.0,0.1,0.075,0.2,1.0,738.0,0.0,0.0,0.12466124661246612
33.0,9.0,44.0,0.1,0.075,0.2,1.0,702.0,0.0,0.0,0.12535612535612536
33.0,9.0,45.0,0.1,0.075,0.2,1.0,713.0,0.0,0.0,0.18513323983169705
33.0,9.0,46.0,0.1,0.075,0.2,1.0,706.0,0.0,0.0,0.18980169971671387
33.0,9.0,47.0,0.1,0.075,0.2,1.0,699.0,0.0,0.0,0.1859799713876967
33.0,9.0,48.0,0.1,0.075,0.2,1.0,706.0,0.0,0.0,0.19121813031161472
33.0,9.0,49.0,0.1,0.075,0.2,1.0,697.0,0.0,0.0,0.18651362984218078
33.0,9.0,50.0,0.1,0.075,0.2,1.0,707.0,0.0,0.0,0.19094766619519093
33.0,9.0,51.0,0.1,0.075,0.2,1.0,696.0,0.0,0.0,0.1867816091954023
33.0,9.0,52.0,0.1,0.075,0.2,1.0,701.0,0.0,0.0,0.19258202567760344
33.0,10.0,1.0,0.1,0.075,0.2,1.0,684.0,0.0,0.0,0.18859649122807018
33.0,10.0,2.0,0.1,0.075,0.2,1.0,687.0,0.0,0.0,0.1950509461426492
33.0,10.0,3.0,0.1,0.075,0.2,1.0,667.0,0.0,0.0,0.1904047976011994
33.0,10.0,4.0,0.1,0.075,0.2,1.0,666.0,0.0,0.0,0.19519519519519518
33.0,10.0,5.0,0.1,0.075,0.2,1.0,667.0,0.0,0.0,0.1904047976011994
33.0,10.0,6.0,0.1,0.075,0.2,1.0,664.0,0.0,0.0,0.19578313253012047
33.0,10.0,7.0,0.1,0.075,0.2,1.0,664.0,0.0,0.0,0.19126506024096385
33.0,10.0,8.0,0.1,0.075,0.2,1.0,661.0,0.0,0.0,0.1951588502269289
33.0,10.0,9.0,0.1,0.075,0.2,1.0,662.0,0.0,0.0,0.1903323262839879
33.0,10.0,10.0,0.1,0.075,0.2,1.0,657.0,0.0,0.0,0.1948249619482496
33.0,10.0,11.0,0.1,0.075,0.2,1.0,657.0,0.0,0.0,0.1902587519025875
33.0,10.0,12.0,0.1,0.075,0.2,1.0,649.0,0.0,0.0,0.19722650231124808
33.0,10.0,13.0,0.1,0.075,0.2,1.0,638.0,0.0,0.0,0.19278996865203762
33.0,10.0,14.0,0.1,0.075,0.2,1.0,634.0,0.0,0.0,0.20031545741324921
33.0,10.0,15.0,0.1,0.075,0.2,1.0,637.0,0.0,0.0,0.1946624803767661
33.0,10.0,16.0,0.1,0.075,0.2,1.0,631.0,0.0,0.0,0.19968304278922344
33.0,10.0,17.0,0.1,0.075,0.2,1.0,637.0,0.0,0.0,0.19623233908948196
33.0,10.0,18.0,0.1,0.075,0.2,1.0,629.0,0.0,0.0,0.1987281399046105
33.0,10.0,19.0,0.1,0.075,0.2,1.0,638.0,0.0,0.0,0.19592476489028213
33.0,10.0,20.0,0.1,0.075,0.2,1.0,1095.0,0.0,0.0,0.11050228310502283
33.0,10.0,21.0,0.1,0.075,0.2,1.0,1105.0,0.0,0.0,0.1076923076923077
33.0,10.0,22.0,0.1,0.075,0.2,1.0,1054.0,0.0,0.0,0.11195445920303605
33.0,10.0,23.0,0.1,0.075,0.2,1.0,1026.0,0.0,0.0,0.10916179337231968
33.0,10.0,24.0,0.1,0.075,0.2,1.0,967.0,0.0,0.0,0.11375387797311272
33.0,10.0,25.0,0.1,0.075,0.2,1.0,967.0,0.0,0.0,0.10961737331954498
33.0,10.0,26.0,0.1,0.075,0.2,1.0,937.0,0.0,0.0,0.1152614727854856
33.0,10.0,27.0,0.1,0.075,0.2,1.0,925.0,0.0,0.0,0.11459459459459459
33.0,10.0,28.0,0.1,0.075,0.2,1.0,902.0,0.0,0.0,0.11529933481152993
33.0,10.0,29.0,0.1,0.075,0.2,1.0,895.0,0.0,0.0,0.11284916201117319
33.0,10.0,30.0,0.1,0.075,0.2,1.0,893.0,0.0,0.0,0.11646136618141098
33.0,10.0,31.0,0.1,0.075,0.2,1.0,863.0,0.0,0.0,0.11355735805330243
33.0,10.0,32.0,0.1,0.075,0.2,1.0,834.0,0.0,0.0,0.11630695443645084
33.0,10.0,33.0,0.1,0.075,0.2,1.0,822.0,0.0,0.0,0.11435523114355231
33.0,10.0,34.0,0.1,0.075,0.2,1.0,816.0,0.0,0.0,0.11397058823529412
33.0,10.0,35.0,0.1,0.075,0.2,1.0,817.0,0.0,0.0,0.11383108935128519
33.0,10.0,36.0,0.1,0.075,0.2,1.0,821.0,0.0,0.0,0.11571254567600488
33.0,10.0,37.0,0.1,0.075,0.2,1.0,796.0,0.0,0.0,0.114321608040201
33.0,10.0,38.0,0.1,0.075,0.2,1.0,788.0,0.0,0.0,0.11928934010152284
33.0,10.0,39.0,0.1,0.075,0.2,1.0,787.0,0.0,0.0,0.1156289707750953
33.0,10.0,40.0,0.1,0.075,0.2,1.0,787.0,0.0,0.0,0.1181702668360864
33.0,10.0,41.0,0.1,0.075,0.2,1.0,786.0,0.0,0.0,0.11577608142493638
33.0,10.0,42.0,0.1,0.075,0.2,1.0,786.0,0.0,0.0,0.1183206106870229
33.0,10.0,43.0,0.1,0.075,0.2,1.0,772.0,0.0,0.0,0.11658031088082901
33.0,10.0,44.0,0.1,0.075,0.2,1.0,761.0,0.0,0.0,0.12089356110381078
33.0,10.0,45.0,0.1,0.075,0.2,1.0,761.0,0.0,0.0,0.1800262812089356
33.0,10.0,46.0,0.1,0.075,0.2,1.0,761.0,0.0,0.0,0.18396846254927726
33.0,10.0,47.0,0.1,0.075,0.2,1.0,764.0,0.0,0.0,0.1806282722513089
33.0,10.0,48.0,0.1,0.075,0.2,1.0,758.0,0.0,0.0,0.18337730870712401
33.0,10.0,49.0,0.1,0.075,0.2,1.0,750.0,0.0,0.0,0.184
33.0,10.0,50.0,0.1,0.075,0.2,1.0,749.0,0.0,0.0,0.1855807743658211
33.0,10.0,51.0,0.1,0.075,0.2,1.0,749.0,0.0,0.0,0.1829105473965287
33.0,10.0,52.0,0.1,0.075,0.2,1.0,747.0,0.0,0.0,0.18607764390896922
34.0,1.0,1.0,0.1,0.075,0.2,1.0,5214.0,53.0,5.0,0.10280015343306483
34.0,1.0,2.0,0.1,0.075,0.2,1.0,5185.0,55.0,22.0,0.1029893924783028
34.0,1.0,3.0,0.1,0.075,0.2,1.0,5152.0,76.0,29.0,0.10694875776397515
34.0,1.0,4.0,0.1,0.075,0.2,1.0,5081.0,98.0,37.0,0.10706553827986617
34.0,1.0,5.0,0.1,0.075,0.2,1.0,5094.0,113.0,39.0,0.10895170789163722
34.0,1.0,6.0,0.1,0.075,0.2,1.0,4911.0,146.0,51.0,0.11138261046630014
34.0,1.0,7.0,0.1,0.075,0.2,1.0,4806.0,183.0,60.0,0.11277569704535996
34.0,1.0,8.0,0.1,0.075,0.2,1.0,4704.0,221.0,77.0,0.1130952380952381
34.0,1.0,9.0,0.1,0.075,0.2,1.0,4484.0,258.0,97.0,0.11239964317573595
34.0,1.0,10.0,0.1,0.075,0.2,1.0,4335.0,303.0,128.0,0.11349480968858132
34.0,1.0,11.0,0.1,0.075,0.2,1.0,4129.0,321.0,142.0,0.11431339307338338
34.0,1.0,12.0,0.1,0.075,0.2,1.0,4010.0,330.0,146.0,0.11521197007481297
34.0,1.0,13.0,0.1,0.075,0.2,1.0,3911.0,345.0,154.0,0.11608284326259269
34.0,1.0,14.0,0.1,0.075,0.2,1.0,3812.0,365.0,161.0,0.11778593913955929
34.0,1.0,15.0,0.1,0.075,0.2,1.0,3741.0,398.0,177.0,0.11868484362469928
34.0,1.0,16.0,0.1,0.075,0.2,1.0,3600.0,389.0,180.0,0.12166666666666667
34.0,1.0,17.0,0.1,0.075,0.2,1.0,3479.0,373.0,195.0,0.12244897959183673
34.0,1.0,18.0,0.1,0.075,0.2,1.0,3337.0,373.0,180.0,0.12466287084207373
34.0,1.0,19.0,0.1,0.075,0.2,1.0,3206.0,359.0,173.0,0.12663755458515283
34.0,1.0,20.0,0.1,0.075,0.2,1.0,5894.0,345.0,169.0,0.06871394638615541
34.0,1.0,21.0,0.1,0.075,0.2,1.0,5445.0,395.0,171.0,0.06868686868686869
34.0,1.0,22.0,0.1,0.075,0.2,1.0,4921.0,426.0,160.0,0.07051412314570209
34.0,1.0,23.0,0.1,0.075,0.2,1.0,4696.0,418.0,163.0,0.07261499148211244
34.0,1.0,24.0,0.1,0.075,0.2,1.0,4436.0,431.0,182.0,0.07416591523895401
34.0,1.0,25.0,0.1,0.075,0.2,1.0,4169.0,433.0,197.0,0.07627728472055649
34.0,1.0,26.0,0.1,0.075,0.2,1.0,3982.0,454.0,208.0,0.07860371672526369
34.0,1.0,27.0,0.1,0.075,0.2,1.0,3730.0,473.0,194.0,0.08042895442359249
34.0,1.0,28.0,0.1,0.075,0.2,1.0,3528.0,495.0,191.0,0.08333333333333333
34.0,1.0,29.0,0.1,0.075,0.2,1.0,3356.0,496.0,207.0,0.08522050059594756
34.0,1.0,30.0,0.1,0.075,0.2,1.0,3226.0,515.0,237.0,0.08865468071915684
34.0,1.0,31.0,0.1,0.075,0.2,1.0,3022.0,526.0,236.0,0.09199205823957644
34.0,1.0,32.0,0.1,0.075,0.2,1.0,2863.0,504.0,232.0,0.09535452322738386
34.0,1.0,33.0,0.1,0.075,0.2,1.0,2672.0,489.0,210.0,0.10217065868263472
34.0,1.0,34.0,0.1,0.075,0.2,1.0,2532.0,489.0,229.0,0.10584518167456557
34.0,1.0,35.0,0.1,0.075,0.2,1.0,2423.0,499.0,230.0,0.1101939744118861
34.0,1.0,36.0,0.1,0.075,0.2,1.0,2310.0,493.0,229.0,0.11471861471861472
34.0,1.0,37.0,0.1,0.075,0.2,1.0,2156.0,463.0,209.0,0.12105751391465677
34.0,1.0,38.0,0.1,0.075,0.2,1.0,2062.0,441.0,219.0,0.12560620756547042
34.0,1.0,39.0,0.1,0.075,0.2,1.0,1946.0,443.0,229.0,0.13103802672147996
34.0,1.0,40.0,0.1,0.075,0.2,1.0,1838.0,406.0,215.0,0.13764961915125137
34.0,1.0,41.0,0.1,0.075,0.2,1.0,1691.0,369.0,189.0,0.14725014784151388
34.0,1.0,42.0,0.1,0.075,0.2,1.0,1590.0,329.0,161.0,0.15534591194968553
34.0,1.0,43.0,0.1,0.075,0.2,1.0,1506.0,302.0,143.0,0.16334661354581673
34.0,1.0,44.0,0.1,0.075,0.2,1.0,1422.0,271.0,136.0,0.1729957805907173
34.0,1.0,45.0,0.1,0.075,0.2,1.0,1353.0,263.0,132.0,0.24316334072431633
34.0,1.0,46.0,0.1,0.075,0.2,1.0,1273.0,229.0,116.0,0.25530243519245877
34.0,1.0,47.0,0.1,0.075,0.2,1.0,1191.0,205.0,104.0,0.2653232577665827
34.0,1.0,48.0,0.1,0.075,0.2,1.0,1161.0,184.0,108.0,0.268733850129199
34.0,1.0,49.0,0.1,0.075,0.2,1.0,1099.0,168.0,97.0,0.27661510464058237
34.0,1.0,50.0,0.1,0.075,0.2,1.0,1072.0,154.0,88.0,0.27611940298507465
34.0,1.0,51.0,0.1,0.075,0.2,1.0,1001.0,130.0,67.0,0.2917082917082917
34.0,1.0,52.0,0.1,0.075,0.2,1.0,977.0,113.0,57.0,0.2947799385875128
34.0,2.0,1.0,0.1,0.075,0.2,1.0,933.0,95.0,54.0,0.30760986066452306
34.0,2.0,2.0,0.1,0.075,0.2,1.0,916.0,85.0,52.0,0.3089519650655022
34.0,2.0,3.0,0.1,0.075,0.2,1.0,884.0,75.0,46.0,0.3167420814479638
34.0,2.0,4.0,0.1,0.075,0.2,1.0,865.0,59.0,38.0,0.3202312138728324
34.0,2.0,5.0,0.1,0.075,0.2,1.0,832.0,44.0,27.0,0.3293269230769231
34.0,2.0,6.0,0.1,0.075,0.2,1.0,826.0,37.0,22.0,0.3305084745762712
34.0,2.0,7.0,0.1,0.075,0.2,1.0,799.0,26.0,15.0,0.3354192740926158
34.0,2.0,8.0,0.1,0.075,0.2,1.0,791.0,25.0,14.0,0.33375474083438683
34.0,2.0,9.0,0.1,0.075,0.2,1.0,768.0,20.0,13.0,0.3346354166666667
34.0,2.0,10.0,0.1,0.075,0.2,1.0,751.0,18.0,11.0,0.3448735019973369
34.0,2.0,11.0,0.1,0.075,0.2,1.0,737.0,14.0,10.0,0.34328358208955223
34.0,2.0,12.0,0.1,0.075,0.2,1.0,724.0,12.0,7.0,0.34806629834254144
34.0,2.0,13.0,0.1,0.075,0.2,1.0,714.0,10.0,7.0,0.34593837535014005
34.0,2.0,14.0,0.1,0.075,0.2,1.0,711.0,8.0,4.0,0.34739803094233473
34.0,2.0,15.0,0.1,0.075,0.2,1.0,697.0,7.0,5.0,0.3472022955523673
34.0,2.0,16.0,0.1,0.075,0.2,1.0,695.0,5.0,5.0,0.34676258992805753
34.0,2.0,17.0,0.1,0.075,0.2,1.0,683.0,6.0,4.0,0.34992679355783307
34.0,2.0,18.0,0.1,0.075,0.2,1.0,686.0,4.0,4.0,0.3469387755102041
34.0,2.0,19.0,0.1,0.075,0.2,1.0,670.0,4.0,2.0,0.35074626865671643
34.0,2.0,20.0,0.1,0.075,0.2,1.0,1167.0,4.0,2.0,0.20137103684661525
34.0,2.0,21.0,0.1,0.075,0.2,1.0,1148.0,3.0,0.0,0.2038327526132404
34.0,2.0,22.0,0.1,0.075,0.2,1.0,1146.0,3.0,0.0,0.20506108202443282
34.0,2.0,23.0,0.1,0.075,0.2,1.0,1119.0,3.0,2.0,0.20822162645218945
34.0,2.0,24.0,0.1,0.075,0.2,1.0,1102.0,5.0,3.0,0.21052631578947367
34.0,2.0,25.0,0.1,0.075,0.2,1.0,1090.0,6.0,4.0,0.20917431192660552
34.0,2.0,26.0,0.1,0.075,0.2,1.0,1036.0,4.0,2.0,0.2171814671814672
34.0,2.0,27.0,0.1,0.075,0.2,1.0,1021.0,3.0,1.0,0.21547502448579825
34.0,2.0,28.0,0.1,0.075,0.2,1.0,1002.0,2.0,1.0,0.218562874251497
34.0,2.0,29.0,0.1,0.075,0.2,1.0,982.0,2.0,2.0,0.2209775967413442
34.0,2.0,30.0,0.1,0.075,0.2,1.0,969.0,2.0,2.0,0.2218782249742002
34.0,2.0,31.0,0.1,0.075,0.2,1.0,962.0,1.0,1.0,0.21933471933471935
34.0,2.0,32.0,0.1,0.075,0.2,1.0,964.0,0.0,0.0,0.21784232365145229
34.0,2.0,33.0,0.1,0.075,0.2,1.0,957.0,0.0,0.0,0.219435736677116
34.0,2.0,34.0,0.1,0.075,0.2,1.0,953.0,0.0,0.0,0.21720881427072403
34.0,2.0,35.0,0.1,0.075,0.2,1.0,943.0,0.0,0.0,0.2163308589607635
34.0,2.0,36.0,0.1,0.075,0.2,1.0,906.0,0.0,0.0,0.217439293598234
34.0,2.0,37.0,0.1,0.075,0.2,1.0,891.0,0.0,0.0,0.2222222222222222
34.0,2.0,38.0,0.1,0.075,0.2,1.0,896.0,0.0,0.0,0.22098214285714285
34.0,2.0,39.0,0.1,0.075,0.2,1.0,887.0,0.0,0.0,0.22209695603156707
34.0,2.0,40.0,0.1,0.075,0.2,1.0,882.0,0.0,0.0,0.22108843537414966
34.0,2.0,41.0,0.1,0.075,0.2,1.0,857.0,0.0,0.0,0.22637106184364061
34.0,2.0,42.0,0.1,0.075,0.2,1.0,855.0,0.0,0.0,0.22573099415204678
34.0,2.0,43.0,0.1,0.075,0.2,1.0,847.0,0.0,0.0,0.22668240850059032
34.0,2.0,44.0,0.1,0.075,0.2,1.0,853.0,0.0,0.0,0.2250879249706917
34.0,2.0,45.0,0.1,0.075,0.2,1.0,845.0,0.0,0.0,0.2757396449704142
34.0,2.0,46.0,0.1,0.075,0.2,1.0,841.0,0.0,0.0,0.27586206896551724
34.0,2.0,47.0,0.1,0.075,0.2,1.0,817.0,0.0,0.0,0.27539779681762544
34.0,2.0,48.0,0.1,0.075,0.2,1.0,799.0,0.0,0.0,0.2765957446808511
34.0,2.0,49.0,0.1,0.075,0.2,1.0,792.0,0.0,0.0,0.2765151515151515
34.0,2.0,50.0,0.1,0.075,0.2,1.0,778.0,0.0,0.0,0.2737789203084833
34.0,2.0,51.0,0.1,0.075,0.2,1.0,768.0,0.0,0.0,0.2747395833333333
34.0,2.0,52.0,0.1,0.075,0.2,1.0,765.0,0.0,0.0,0.27450980392156865
34.0,3.0,1.0,0.1,0.075,0.2,1.0,758.0,0.0,0.0,0.2757255936675462
34.0,3.0,2.0,0.1,0.075,0.2,1.0,754.0,0.0,0.0,0.2718832891246684
34.0,3.0,3.0,0.1,0.075,0.2,1.0,752.0,0.0,0.0,0.2752659574468085
34.0,3.0,4.0,0.1,0.075,0.2,1.0,744.0,0.0,0.0,0.27419354838709675
34.0,3.0,5.0,0.1,0.075,0.2,1.0,737.0,0.0,0.0,0.27137042062415195
34.0,3.0,6.0,0.1,0.075,0.2,1.0,734.0,0.0,0.0,0.273841961852861
34.0,3.0,7.0,0.1,0.075,0.2,1.0,731.0,0.0,0.0,0.2749658002735978
34.0,3.0,8.0,0.1,0.075,0.2,1.0,719.0,0.0,0.0,0.27399165507649514
34.0,3.0,9.0,0.1,0.075,0.2,1.0,716.0,0.0,0.0,0.2737430167597765
34.0,3.0,10.0,0.1,0.075,0.2,1.0,702.0,0.0,0.0,0.27635327635327633
34.0,3.0,11.0,0.1,0.075,0.2,1.0,695.0,0.0,0.0,0.27482014388489207
34.0,3.0,12.0,0.1,0.075,0.2,1.0,688.0,0.0,0.0,0.27761627906976744
34.0,3.0,13.0,0.1,0.075,0.2,1.0,688.0,0.0,0.0,0.27180232558139533
34.0,3.0,14.0,0.1,0.075,0.2,1.0,680.0,0.0,0.0,0.27058823529411763
34.0,3.0,15.0,0.1,0.075,0.2,1.0,680.0,0.0,0.0,0.27058823529411763
34.0,3.0,16.0,0.1,0.075,0.2,1.0,672.0,0.0,0.0,0.2693452380952381
34.0,3.0,17.0,0.1,0.075,0.2,1.0,673.0,0.0,0.0,0.2674591381872214
34.0,3.0,18.0,0.1,0.075,0.2,1.0,665.0,0.0,0.0,0.26917293233082706
34.0,3.0,19.0,0.1,0.075,0.2,1.0,663.0,0.0,0.0,0.2669683257918552
34.0,3.0,20.0,0.1,0.075,0.2,1.0,1193.0,0.0,0.0,0.14920368818105617
34.0,3.0,21.0,0.1,0.075,0.2,1.0,1135.0,0.0,0.0,0.1524229074889868
34.0,3.0,22.0,0.1,0.075,0.2,1.0,1130.0,0.0,0.0,0.15309734513274337
34.0,3.0,23.0,0.1,0.075,0.2,1.0,1107.0,0.0,0.0,0.15537488708220415
34.0,3.0,24.0,0.1,0.075,0.2,1.0,1101.0,0.0,0.0,0.1553133514986376
34.0,3.0,25.0,0.1,0.075,0.2,1.0,1081.0,0.0,0.0,0.15448658649398705
34.0,3.0,26.0,0.1,0.075,0.2,1.0,1072.0,0.0,0.0,0.15578358208955223
34.0,3.0,27.0,0.1,0.075,0.2,1.0,1034.0,0.0,0.0,0.1518375241779497
34.0,3.0,28.0,0.1,0.075,0.2,1.0,1035.0,0.0,0.0,0.1536231884057971
34.0,3.0,29.0,0.1,0.075,0.2,1.0,1032.0,0.0,0.0,0.15310077519379844
34.0,3.0,30.0,0.1,0.075,0.2,1.0,1010.0,0.0,0.0,0.15346534653465346
34.0,3.0,31.0,0.1,0.075,0.2,1.0,992.0,0.0,0.0,0.15120967741935484
34.0,3.0,32.0,0.1,0.075,0.2,1.0,960.0,0.0,0.0,0.146875
34.0,3.0,33.0,0.1,0.075,0.2,1.0,950.0,0.0,0.0,0.14526315789473684
34.0,3.0,34.0,0.1,0.075,0.2,1.0,928.0,0.0,0.0,0.14655172413793102
34.0,3.0,35.0,0.1,0.075,0.2,1.0,921.0,0.0,0.0,0.1465798045602606
34.0,3.0,36.0,0.1,0.075,0.2,1.0,919.0,0.0,0.0,0.14689880304678998
34.0,3.0,37.0,0.1,0.075,0.2,1.0,886.0,0.0,0.0,0.14785553047404063
34.0,3.0,38.0,0.1,0.075,0.2,1.0,867.0,0.0,0.0,0.14878892733564014
34.0,3.0,39.0,0.1,0.075,0.2,1.0,860.0,0.0,0.0,0.14534883720930233
34.0,3.0,40.0,0.1,0.075,0.2,1.0,837.0,0.0,0.0,0.14934289127837516
34.0,3.0,41.0,0.1,0.075,0.2,1.0,821.0,0.0,0.0,0.146163215590743
34.0,3.0,42.0,0.1,0.075,0.2,1.0,812.0,0.0,0.0,0.1477832512315271
34.0,3.0,43.0,0.1,0.075,0.2,1.0,796.0,0.0,0.0,0.1444723618090452
34.0,3.0,44.0,0.1,0.075,0.2,1.0,804.0,0.0,0.0,0.1480099502487562
34.0,3.0,45.0,0.1,0.075,0.2,1.0,776.0,0.0,0.0,0.211340206185567
34.0,3.0,46.0,0.1,0.075,0.2,1.0,769.0,0.0,0.0,0.21586475942782835
34.0,3.0,47.0,0.1,0.075,0.2,1.0,766.0,0.0,0.0,0.21148825065274152
34.0,3.0,48.0,0.1,0.075,0.2,1.0,762.0,0.0,0.0,0.21653543307086615
34.0,3.0,49.0,0.1,0.075,0.2,1.0,739.0,0.0,0.0,0.21380243572395127
34.0,3.0,50.0,0.1,0.075,0.2,1.0,732.0,0.0,0.0,0.21174863387978143
34.0,3.0,51.0,0.1,0.075,0.2,1.0,725.0,0.0,0.0,0.2110344827586207
34.0,3.0,52.0,0.1,0.075,0.2,1.0,718.0,0.0,0.0,0.20891364902506965
34.0,4.0,1.0,0.1,0.075,0.2,1.0,719.0,0.0,0.0,0.2086230876216968
34.0,4.0,2.0,0.1,0.075,0.2,1.0,708.0,0.0,0.0,0.20903954802259886
34.0,4.0,3.0,0.1,0.075,0.2,1.0,704.0,0.0,0.0,0.21164772727272727
34.0,4.0,4.0,0.1,0.075,0.2,1.0,701.0,0.0,0.0,0.20970042796005706
34.0,4.0,5.0,0.1,0.075,0.2,1.0,688.0,0.0,0.0,0.21220930232558138
34.0,4.0,6.0,0.1,0.075,0.2,1.0,673.0,0.0,0.0,0.212481426448737
34.0,4.0,7.0,0.1,0.075,0.2,1.0,665.0,0.0,0.0,0.21203007518796993
34.0,4.0,8.0,0.1,0.075,0.2,1.0,658.0,0.0,0.0,0.21124620060790272
34.0,4.0,9.0,0.1,0.075,0.2,1.0,651.0,0.0,0.0,0.2119815668202765
34.0,4.0,10.0,0.1,0.075,0.2,1.0,645.0,0.0,0.0,0.20465116279069767
34.0,4.0,11.0,0.1,0.075,0.2,1.0,628.0,0.0,0.0,0.2070063694267516
34.0,4.0,12.0,0.1,0.075,0.2,1.0,624.0,0.0,0.0,0.20512820512820512
34.0,4.0,13.0,0.1,0.075,0.2,1.0,623.0,0.0,0.0,0.20706260032102727
34.0,4.0,14.0,0.1,0.075,0.2,1.0,619.0,0.0,0.0,0.2035541195476575
34.0,4.0,15.0,0.1,0.075,0.2,1.0,619.0,0.0,0.0,0.20678513731825526
34.0,4.0,16.0,0.1,0.075,0.2,1.0,616.0,0.0,0.0,0.19967532467532467
34.0,4.0,17.0,0.1,0.075,0.2,1.0,602.0,0.0,0.0,0.2009966777408638
34.0,4.0,18.0,0.1,0.075,0.2,1.0,599.0,0.0,0.0,0.19365609348914858
34.0,4.0,19.0,0.1,0.075,0.2,1.0,591.0,0.0,0.0,0.19627749576988154
34.0,4.0,20.0,0.1,0.075,0.2,1.0,1122.0,0.0,0.0,0.10160427807486631
34.0,4.0,21.0,0.1,0.075,0.2,1.0,1113.0,0.0,0.0,0.10062893081761007
34.0,4.0,22.0,0.1,0.075,0.2,1.0,1022.0,0.0,0.0,0.09393346379647749
34.0,4.0,23.0,0.1,0.075,0.2,1.0,1012.0,0.0,0.0,0.09486166007905138
34.0,4.0,24.0,0.1,0.075,0.2,1.0,992.0,0.0,0.0,0.09274193548387097
34.0,4.0,25.0,0.1,0.075,0.2,1.0,994.0,0.0,0.0,0.09456740442655935
34.0,4.0,26.0,0.1,0.075,0.2,1.0,965.0,0.0,0.0,0.09326424870466321
34.0,4.0,27.0,0.1,0.075,0.2,1.0,955.0,0.0,0.0,0.09424083769633508
34.0,4.0,28.0,0.1,0.075,0.2,1.0,914.0,0.0,0.0,0.09299781181619256
34.0,4.0,29.0,0.1,0.075,0.2,1.0,905.0,0.0,0.0,0.09723756906077348
34.0,4.0,30.0,0.1,0.075,0.2,1.0,904.0,0.0,0.0,0.09623893805309734
34.0,4.0,31.0,0.1,0.075,0.2,1.0,907.0,0.0,0.0,0.09922822491730982
34.0,4.0,32.0,0.1,0.075,0.2,1.0,897.0,0.0,0.0,0.09698996655518395
34.0,4.0,33.0,0.1,0.075,0.2,1.0,904.0,0.0,0.0,0.09955752212389381
34.0,4.0,34.0,0.1,0.075,0.2,1.0,892.0,0.0,0.0,0.09977578475336323
34.0,4.0,35.0,0.1,0.075,0.2,1.0,892.0,0.0,0.0,0.09977578475336323
34.0,4.0,36.0,0.1,0.075,0.2,1.0,870.0,0.0,0.0,0.1
34.0,4.0,37.0,0.1,0.075,0.2,1.0,846.0,0.0,0.0,0.10283687943262411
34.0,4.0,38.0,0.1,0.075,0.2,1.0,833.0,0.0,0.0,0.10204081632653061
34.0,4.0,39.0,0.1,0.075,0.2,1.0,825.0,0.0,0.0,0.10181818181818182
34.0,4.0,40.0,0.1,0.075,0.2,1.0,816.0,0.0,0.0,0.10294117647058823
34.0,4.0,41.0,0.1,0.075,0.2,1.0,812.0,0.0,0.0,0.10098522167487685
34.0,4.0,42.0,0.1,0.075,0.2,1.0,762.0,0.0,0.0,0.10761154855643044
34.0,4.0,43.0,0.1,0.075,0.2,1.0,750.0,0.0,0.0,0.10666666666666667
34.0,4.0,44.0,0.1,0.075,0.2,1.0,720.0,0.0,0.0,0.10833333333333334
34.0,4.0,45.0,0.1,0.075,0.2,1.0,721.0,0.0,0.0,0.17198335644937587
34.0,4.0,46.0,0.1,0.075,0.2,1.0,707.0,0.0,0.0,0.1782178217821782
34.0,4.0,47.0,0.1,0.075,0.2,1.0,700.0,0.0,0.0,0.17142857142857143
34.0,4.0,48.0,0.1,0.075,0.2,1.0,688.0,0.0,0.0,0.17587209302325582
34.0,4.0,49.0,0.1,0.075,0.2,1.0,696.0,0.0,0.0,0.17097701149425287
34.0,4.0,50.0,0.1,0.075,0.2,1.0,674.0,0.0,0.0,0.17507418397626112
34.0,4.0,51.0,0.1,0.075,0.2,1.0,666.0,0.0,0.0,0.17267267267267267
34.0,4.0,52.0,0.1,0.075,0.2,1.0,667.0,0.0,0.0,0.17091454272863568
34.0,5.0,1.0,0.1,0.075,0.2,1.0,648.0,0.0,0.0,0.1712962962962963
34.0,5.0,2.0,0.1,0.075,0.2,1.0,650.0,0.0,0.0,0.1723076923076923
34.0,5.0,3.0,0.1,0.075,0.2,1.0,631.0,0.0,0.0,0.16798732171156894
34.0,5.0,4.0,0.1,0.075,0.2,1.0,633.0,0.0,0.0,0.17061611374407584
34.0,5.0,5.0,0.1,0.075,0.2,1.0,629.0,0.0,0.0,0.17011128775834658
34.0,5.0,6.0,0.1,0.075,0.2,1.0,627.0,0.0,0.0,0.1722488038277512
34.0,5.0,7.0,0.1,0.075,0.2,1.0,624.0,0.0,0.0,0.16826923076923078
34.0,5.0,8.0,0.1,0.075,0.2,1.0,618.0,0.0,0.0,0.17313915857605178
34.0,5.0,9.0,0.1,0.075,0.2,1.0,611.0,0.0,0.0,0.1718494271685761
34.0,5.0,10.0,0.1,0.075,0.2,1.0,610.0,0.0,0.0,0.1737704918032787
34.0,5.0,11.0,0.1,0.075,0.2,1.0,593.0,0.0,0.0,0.16863406408094436
34.0,5.0,12.0,0.1,0.075,0.2,1.0,594.0,0.0,0.0,0.17003367003367004
34.0,5.0,13.0,0.1,0.075,0.2,1.0,585.0,0.0,0.0,0.16923076923076924
34.0,5.0,14.0,0.1,0.075,0.2,1.0,578.0,0.0,0.0,0.16608996539792387
34.0,5.0,15.0,0.1,0.075,0.2,1.0,564.0,0.0,0.0,0.16666666666666666
34.0,5.0,16.0,0.1,0.075,0.2,1.0,570.0,0.0,0.0,0.16666666666666666
34.0,5.0,17.0,0.1,0.075,0.2,1.0,557.0,0.0,0.0,0.1651705565529623
34.0,5.0,18.0,0.1,0.075,0.2,1.0,563.0,0.0,0.0,0.16518650088809947
34.0,5.0,19.0,0.1,0.075,0.2,1.0,545.0,0.0,0.0,0.1651376146788991
34.0,5.0,20.0,0.1,0.075,0.2,1.0,999.0,0.0,0.0,0.09009009009009009
34.0,5.0,21.0,0.1,0.075,0.2,1.0,950.0,0.0,0.0,0.09157894736842105
34.0,5.0,22.0,0.1,0.075,0.2,1.0,936.0,0.0,0.0,0.09294871794871795
34.0,5.0,23.0,0.1,0.075,0.2,1.0,897.0,0.0,0.0,0.0947603121516165
34.0,5.0,24.0,0.1,0.075,0.2,1.0,893.0,0.0,0.0,0.09518477043673013
34.0,5.0,25.0,0.1,0.075,0.2,1.0,882.0,0.0,0.0,0.0963718820861678
34.0,5.0,26.0,0.1,0.075,0.2,1.0,872.0,0.0,0.0,0.09747706422018348
34.0,5.0,27.0,0.1,0.075,0.2,1.0,841.0,0.0,0.0,0.09631391200951249
34.0,5.0,28.0,0.1,0.075,0.2,1.0,845.0,0.0,0.0,0.09822485207100591
34.0,5.0,29.0,0.1,0.075,0.2,1.0,835.0,0.0,0.0,0.09820359281437126
34.0,5.0,30.0,0.1,0.075,0.2,1.0,803.0,0.0,0.0,0.10336239103362391
34.0,5.0,31.0,0.1,0.075,0.2,1.0,779.0,0.0,0.0,0.10397946084724005
34.0,5.0,32.0,0.1,0.075,0.2,1.0,779.0,0.0,0.0,0.10654685494223363
34.0,5.0,33.0,0.1,0.075,0.2,1.0,767.0,0.0,0.0,0.10560625814863103
34.0,5.0,34.0,0.1,0.075,0.2,1.0,775.0,0.0,0.0,0.10709677419354839
34.0,5.0,35.0,0.1,0.075,0.2,1.0,750.0,0.0,0.0,0.10533333333333333
34.0,5.0,36.0,0.1,0.075,0.2,1.0,751.0,0.0,0.0,0.10386151797603196
34.0,5.0,37.0,0.1,0.075,0.2,1.0,727.0,0.0,0.0,0.10591471801925723
34.0,5.0,38.0,0.1,0.075,0.2,1.0,743.0,0.0,0.0,0.10497981157469717
34.0,5.0,39.0,0.1,0.075,0.2,1.0,710.0,0.0,0.0,0.10985915492957747
34.0,5.0,40.0,0.1,0.075,0.2,1.0,712.0,0.0,0.0,0.10814606741573034
34.0,5.0,41.0,0.1,0.075,0.2,1.0,692.0,0.0,0.0,0.10982658959537572
34.0,5.0,42.0,0.1,0.075,0.2,1.0,700.0,0.0,0.0,0.10857142857142857
34.0,5.0,43.0,0.1,0.075,0.2,1.0,689.0,0.0,0.0,0.10885341074020319
34.0,5.0,44.0,0.1,0.075,0.2,1.0,687.0,0.0,0.0,0.10771470160116449
34.0,5.0,45.0,0.1,0.075,0.2,1.0,670.0,0.0,0.0,0.1701492537313433
34.0,5.0,46.0,0.1,0.075,0.2,1.0,678.0,0.0,0.0,0.16666666666666666
34.0,5.0,47.0,0.1,0.075,0.2,1.0,659.0,0.0,0.0,0.1669195751138088
34.0,5.0,48.0,0.1,0.075,0.2,1.0,653.0,0.0,0.0,0.1638591117917305
34.0,5.0,49.0,0.1,0.075,0.2,1.0,641.0,0.0,0.0,0.16536661466458658
34.0,5.0,50.0,0.1,0.075,0.2,1.0,650.0,0.0,0.0,0.16307692307692306
34.0,5.0,51.0,0.1,0.075,0.2,1.0,635.0,0.0,0.0,0.16535433070866143
34.0,5.0,52.0,0.1,0.075,0.2,1.0,632.0,0.0,0.0,0.1629746835443038
34.0,6.0,1.0,0.1,0.075,0.2,1.0,621.0,0.0,0.0,0.16586151368760063
34.0,6.0,2.0,0.1,0.075,0.2,1.0,628.0,0.0,0.0,0.16401273885350318
34.0,6.0,3.0,0.1,0.075,0.2,1.0,617.0,0.0,0.0,0.16693679092382496
34.0,6.0,4.0,0.1,0.075,0.2,1.0,627.0,0.0,0.0,0.16427432216905902
34.0,6.0,5.0,0.1,0.075,0.2,1.0,603.0,0.0,0.0,0.1691542288557214
34.0,6.0,6.0,0.1,0.075,0.2,1.0,611.0,0.0,0.0,0.16693944353518822
34.0,6.0,7.0,0.1,0.075,0.2,1.0,595.0,0.0,0.0,0.16974789915966387
34.0,6.0,8.0,0.1,0.075,0.2,1.0,604.0,0.0,0.0,0.1672185430463576
34.0,6.0,9.0,0.1,0.075,0.2,1.0,592.0,0.0,0.0,0.17060810810810811
34.0,6.0,10.0,0.1,0.075,0.2,1.0,599.0,0.0,0.0,0.1686143572621035
34.0,6.0,11.0,0.1,0.075,0.2,1.0,588.0,0.0,0.0,0.1717687074829932
34.0,6.0,12.0,0.1,0.075,0.2,1.0,591.0,0.0,0.0,0.1692047377326565
34.0,6.0,13.0,0.1,0.075,0.2,1.0,586.0,0.0,0.0,0.17064846416382254
34.0,6.0,14.0,0.1,0.075,0.2,1.0,590.0,0.0,0.0,0.16779661016949152
34.0,6.0,15.0,0.1,0.075,0.2,1.0,580.0,0.0,0.0,0.1706896551724138
34.0,6.0,16.0,0.1,0.075,0.2,1.0,571.0,0.0,0.0,0.17162872154115585
34.0,6.0,17.0,0.1,0.075,0.2,1.0,562.0,0.0,0.0,0.17437722419928825
34.0,6.0,18.0,0.1,0.075,0.2,1.0,567.0,0.0,0.0,0.1710758377425044
34.0,6.0,19.0,0.1,0.075,0.2,1.0,561.0,0.0,0.0,0.17290552584670232
34.0,6.0,20.0,0.1,0.075,0.2,1.0,1031.0,0.0,0.0,0.09311348205625607
34.0,6.0,21.0,0.1,0.075,0.2,1.0,1013.0,0.0,0.0,0.09378084896347483
34.0,6.0,22.0,0.1,0.075,0.2,1.0,991.0,0.0,0.0,0.09283551967709384
34.0,6.0,23.0,0.1,0.075,0.2,1.0,951.0,0.0,0.0,0.09568874868559411
34.0,6.0,24.0,0.1,0.075,0.2,1.0,942.0,0.0,0.0,0.09447983014861996
34.0,6.0,25.0,0.1,0.075,0.2,1.0,933.0,0.0,0.0,0.09539121114683816
34.0,6.0,26.0,0.1,0.075,0.2,1.0,940.0,0.0,0.0,0.09361702127659574
34.0,6.0,27.0,0.1,0.075,0.2,1.0,912.0,0.0,0.0,0.09320175438596491
34.0,6.0,28.0,0.1,0.075,0.2,1.0,912.0,0.0,0.0,0.09100877192982457
34.0,6.0,29.0,0.1,0.075,0.2,1.0,892.0,0.0,0.0,0.0930493273542601
34.0,6.0,30.0,0.1,0.075,0.2,1.0,898.0,0.0,0.0,0.09020044543429843
34.0,6.0,31.0,0.1,0.075,0.2,1.0,872.0,0.0,0.0,0.09288990825688073
34.0,6.0,32.0,0.1,0.075,0.2,1.0,864.0,0.0,0.0,0.09027777777777778
34.0,6.0,33.0,0.1,0.075,0.2,1.0,848.0,0.0,0.0,0.09316037735849056
34.0,6.0,34.0,0.1,0.075,0.2,1.0,805.0,0.0,0.0,0.09440993788819876
34.0,6.0,35.0,0.1,0.075,0.2,1.0,800.0,0.0,0.0,0.09625
34.0,6.0,36.0,0.1,0.075,0.2,1.0,790.0,0.0,0.0,0.09620253164556962
34.0,6.0,37.0,0.1,0.075,0.2,1.0,784.0,0.0,0.0,0.09821428571428571
34.0,6.0,38.0,0.1,0.075,0.2,1.0,786.0,0.0,0.0,0.09669211195928754
34.0,6.0,39.0,0.1,0.075,0.2,1.0,779.0,0.0,0.0,0.0975609756097561
34.0,6.0,40.0,0.1,0.075,0.2,1.0,746.0,0.0,0.0,0.09517426273458444
34.0,6.0,41.0,0.1,0.075,0.2,1.0,749.0,0.0,0.0,0.09612817089452604
34.0,6.0,42.0,0.1,0.075,0.2,1.0,730.0,0.0,0.0,0.09315068493150686
34.0,6.0,43.0,0.1,0.075,0.2,1.0,732.0,0.0,0.0,0.09562841530054644
34.0,6.0,44.0,0.1,0.075,0.2,1.0,730.0,0.0,0.0,0.09315068493150686
34.0,6.0,45.0,0.1,0.075,0.2,1.0,731.0,0.0,0.0,0.16552667578659372
34.0,6.0,46.0,0.1,0.075,0.2,1.0,730.0,0.0,0.0,0.16301369863013698
34.0,6.0,47.0,0.1,0.075,0.2,1.0,729.0,0.0,0.0,0.16598079561042525
34.0,6.0,48.0,0.1,0.075,0.2,1.0,716.0,0.0,0.0,0.1634078212290503
34.0,6.0,49.0,0.1,0.075,0.2,1.0,704.0,0.0,0.0,0.16619318181818182
34.0,6.0,50.0,0.1,0.075,0.2,1.0,705.0,0.0,0.0,0.16170212765957448
34.0,6.0,51.0,0.1,0.075,0.2,1.0,704.0,0.0,0.0,0.16619318181818182
34.0,6.0,52.0,0.1,0.075,0.2,1.0,703.0,0.0,0.0,0.16216216216216217
34.0,7.0,1.0,0.1,0.075,0.2,1.0,676.0,0.0,0.0,0.17011834319526628
34.0,7.0,2.0,0.1,0.075,0.2,1.0,675.0,0.0,0.0,0.16592592592592592
34.0,7.0,3.0,0.1,0.075,0.2,1.0,671.0,0.0,0.0,0.16989567809239942
34.0,7.0,4.0,0.1,0.075,0.2,1.0,672.0,0.0,0.0,0.1636904761904762
34.0,7.0,5.0,0.1,0.075,0.2,1.0,669.0,0.0,0.0,0.16741405082212257
34.0,7.0,6.0,0.1,0.075,0.2,1.0,658.0,0.0,0.0,0.16109422492401215
34.0,7.0,7.0,0.1,0.075,0.2,1.0,652.0,0.0,0.0,0.1656441717791411
34.0,7.0,8.0,0.1,0.075,0.2,1.0,650.0,0.0,0.0,0.16153846153846155
34.0,7.0,9.0,0.1,0.075,0.2,1.0,646.0,0.0,0.0,0.16718266253869968
34.0,7.0,10.0,0.1,0.075,0.2,1.0,647.0,0.0,0.0,0.160741885625966
34.0,7.0,11.0,0.1,0.075,0.2,1.0,645.0,0.0,0.0,0.16744186046511628
34.0,7.0,12.0,0.1,0.075,0.2,1.0,644.0,0.0,0.0,0.16149068322981366
34.0,7.0,13.0,0.1,0.075,0.2,1.0,637.0,0.0,0.0,0.16797488226059654
34.0,7.0,14.0,0.1,0.075,0.2,1.0,635.0,0.0,0.0,0.16220472440944883
34.0,7.0,15.0,0.1,0.075,0.2,1.0,631.0,0.0,0.0,0.16957210776545167
34.0,7.0,16.0,0.1,0.075,0.2,1.0,633.0,0.0,0.0,0.1627172195892575
34.0,7.0,17.0,0.1,0.075,0.2,1.0,619.0,0.0,0.0,0.17124394184168013
34.0,7.0,18.0,0.1,0.075,0.2,1.0,622.0,0.0,0.0,0.16559485530546625
34.0,7.0,19.0,0.1,0.075,0.2,1.0,616.0,0.0,0.0,0.17045454545454544
34.0,7.0,20.0,0.1,0.075,0.2,1.0,1157.0,0.0,0.0,0.08902333621434745
34.0,7.0,21.0,0.1,0.075,0.2,1.0,1116.0,0.0,0.0,0.09408602150537634
34.0,7.0,22.0,0.1,0.075,0.2,1.0,1103.0,0.0,0.0,0.09156844968268359
34.0,7.0,23.0,0.1,0.075,0.2,1.0,1050.0,0.0,0.0,0.0980952380952381
34.0,7.0,24.0,0.1,0.075,0.2,1.0,1010.0,0.0,0.0,0.09702970297029703
34.0,7.0,25.0,0.1,0.075,0.2,1.0,964.0,0.0,0.0,0.10062240663900415
34.0,7.0,26.0,0.1,0.075,0.2,1.0,961.0,0.0,0.0,0.09885535900104059
34.0,7.0,27.0,0.1,0.075,0.2,1.0,953.0,0.0,0.0,0.09968520461699895
34.0,7.0,28.0,0.1,0.075,0.2,1.0,957.0,0.0,0.0,0.09926854754440961
34.0,7.0,29.0,0.1,0.075,0.2,1.0,953.0,0.0,0.0,0.09968520461699895
34.0,7.0,30.0,0.1,0.075,0.2,1.0,948.0,0.0,0.0,0.09915611814345991
34.0,7.0,31.0,0.1,0.075,0.2,1.0,922.0,0.0,0.0,0.1019522776572668
34.0,7.0,32.0,0.1,0.075,0.2,1.0,930.0,0.0,0.0,0.1010752688172043
34.0,7.0,33.0,0.1,0.075,0.2,1.0,865.0,0.0,0.0,0.10520231213872833
34.0,7.0,34.0,0.1,0.075,0.2,1.0,848.0,0.0,0.0,0.10495283018867925
34.0,7.0,35.0,0.1,0.075,0.2,1.0,844.0,0.0,0.0,0.1066350710900474
34.0,7.0,36.0,0.1,0.075,0.2,1.0,831.0,0.0,0.0,0.10348977135980746
34.0,7.0,37.0,0.1,0.075,0.2,1.0,797.0,0.0,0.0,0.10915934755332497
34.0,7.0,38.0,0.1,0.075,0.2,1.0,793.0,0.0,0.0,0.10466582597730138
34.0,7.0,39.0,0.1,0.075,0.2,1.0,792.0,0.0,0.0,0.10858585858585859
34.0,7.0,40.0,0.1,0.075,0.2,1.0,789.0,0.0,0.0,0.10392902408111533
34.0,7.0,41.0,0.1,0.075,0.2,1.0,796.0,0.0,0.0,0.10804020100502512
34.0,7.0,42.0,0.1,0.075,0.2,1.0,787.0,0.0,0.0,0.10546378653113088
34.0,7.0,43.0,0.1,0.075,0.2,1.0,796.0,0.0,0.0,0.10804020100502512
34.0,7.0,44.0,0.1,0.075,0.2,1.0,798.0,0.0,0.0,0.10526315789473684
34.0,7.0,45.0,0.1,0.075,0.2,1.0,773.0,0.0,0.0,0.17464424320827943
34.0,7.0,46.0,0.1,0.075,0.2,1.0,786.0,0.0,0.0,0.1717557251908397
34.0,7.0,47.0,0.1,0.075,0.2,1.0,777.0,0.0,0.0,0.17374517374517376
34.0,7.0,48.0,0.1,0.075,0.2,1.0,751.0,0.0,0.0,0.16511318242343542
34.0,7.0,49.0,0.1,0.075,0.2,1.0,743.0,0.0,0.0,0.16689098250336473
34.0,7.0,50.0,0.1,0.075,0.2,1.0,753.0,0.0,0.0,0.1646746347941567
34.0,7.0,51.0,0.1,0.075,0.2,1.0,728.0,0.0,0.0,0.16895604395604397
34.0,7.0,52.0,0.1,0.075,0.2,1.0,738.0,0.0,0.0,0.16802168021680217
34.0,8.0,1.0,0.1,0.075,0.2,1.0,727.0,0.0,0.0,0.16918844566712518
34.0,8.0,2.0,0.1,0.075,0.2,1.0,737.0,0.0,0.0,0.16689280868385345
34.0,8.0,3.0,0.1,0.075,0.2,1.0,725.0,0.0,0.0,0.16827586206896553
34.0,8.0,4.0,0.1,0.075,0.2,1.0,734.0,0.0,0.0,0.167574931880109
34.0,8.0,5.0,0.1,0.075,0.2,1.0,717.0,0.0,0.0,0.1701534170153417
34.0,8.0,6.0,0.1,0.075,0.2,1.0,728.0,0.0,0.0,0.16758241758241757
34.0,8.0,7.0,0.1,0.075,0.2,1.0,715.0,0.0,0.0,0.16923076923076924
34.0,8.0,8.0,0.1,0.075,0.2,1.0,721.0,0.0,0.0,0.1678224687933426
34.0,8.0,9.0,0.1,0.075,0.2,1.0,712.0,0.0,0.0,0.16713483146067415
34.0,8.0,10.0,0.1,0.075,0.2,1.0,716.0,0.0,0.0,0.16759776536312848
34.0,8.0,11.0,0.1,0.075,0.2,1.0,697.0,0.0,0.0,0.16642754662840745
34.0,8.0,12.0,0.1,0.075,0.2,1.0,701.0,0.0,0.0,0.16547788873038516
34.0,8.0,13.0,0.1,0.075,0.2,1.0,693.0,0.0,0.0,0.1673881673881674
34.0,8.0,14.0,0.1,0.075,0.2,1.0,697.0,0.0,0.0,0.1649928263988522
34.0,8.0,15.0,0.1,0.075,0.2,1.0,690.0,0.0,0.0,0.1681159420289855
34.0,8.0,16.0,0.1,0.075,0.2,1.0,696.0,0.0,0.0,0.16522988505747127
34.0,8.0,17.0,0.1,0.075,0.2,1.0,688.0,0.0,0.0,0.1686046511627907
34.0,8.0,18.0,0.1,0.075,0.2,1.0,693.0,0.0,0.0,0.16594516594516595
34.0,8.0,19.0,0.1,0.075,0.2,1.0,689.0,0.0,0.0,0.1683599419448476
34.0,8.0,20.0,0.1,0.075,0.2,1.0,1276.0,0.0,0.0,0.08855799373040753
34.0,8.0,21.0,0.1,0.075,0.2,1.0,1236.0,0.0,0.0,0.09142394822006472
34.0,8.0,22.0,0.1,0.075,0.2,1.0,1197.0,0.0,0.0,0.09273182957393483
34.0,8.0,23.0,0.1,0.075,0.2,1.0,1173.0,0.0,0.0,0.09548167092924126
34.0,8.0,24.0,0.1,0.075,0.2,1.0,1147.0,0.0,0.0,0.0959023539668701
34.0,8.0,25.0,0.1,0.075,0.2,1.0,1108.0,0.0,0.0,0.0983754512635379
34.0,8.0,26.0,0.1,0.075,0.2,1.0,1107.0,0.0,0.0,0.0975609756097561
34.0,8.0,27.0,0.1,0.075,0.2,1.0,1020.0,0.0,0.0,0.10588235294117647
34.0,8.0,28.0,0.1,0.075,0.2,1.0,1029.0,0.0,0.0,0.10398445092322643
34.0,8.0,29.0,0.1,0.075,0.2,1.0,1019.0,0.0,0.0,0.10598626104023552
34.0,8.0,30.0,0.1,0.075,0.2,1.0,975.0,0.0,0.0,0.10666666666666667
34.0,8.0,31.0,0.1,0.075,0.2,1.0,964.0,0.0,0.0,0.10892116182572614
34.0,8.0,32.0,0.1,0.075,0.2,1.0,955.0,0.0,0.0,0.10890052356020942
34.0,8.0,33.0,0.1,0.075,0.2,1.0,941.0,0.0,0.0,0.11158342189160468
34.0,8.0,34.0,0.1,0.075,0.2,1.0,936.0,0.0,0.0,0.10897435897435898
34.0,8.0,35.0,0.1,0.075,0.2,1.0,908.0,0.0,0.0,0.11343612334801761
34.0,8.0,36.0,0.1,0.075,0.2,1.0,879.0,0.0,0.0,0.11262798634812286
34.0,8.0,37.0,0.1,0.075,0.2,1.0,868.0,0.0,0.0,0.1152073732718894
34.0,8.0,38.0,0.1,0.075,0.2,1.0,868.0,0.0,0.0,0.11290322580645161
34.0,8.0,39.0,0.1,0.075,0.2,1.0,840.0,0.0,0.0,0.11666666666666667
34.0,8.0,40.0,0.1,0.075,0.2,1.0,852.0,0.0,0.0,0.11384976525821597
34.0,8.0,41.0,0.1,0.075,0.2,1.0,841.0,0.0,0.0,0.11652794292508918
34.0,8.0,42.0,0.1,0.075,0.2,1.0,825.0,0.0,0.0,0.11757575757575757
34.0,8.0,43.0,0.1,0.075,0.2,1.0,803.0,0.0,0.0,0.12079701120797011
34.0,8.0,44.0,0.1,0.075,0.2,1.0,814.0,0.0,0.0,0.11793611793611794
34.0,8.0,45.0,0.1,0.075,0.2,1.0,793.0,0.0,0.0,0.18032786885245902
34.0,8.0,46.0,0.1,0.075,0.2,1.0,799.0,0.0,0.0,0.17897371714643304
34.0,8.0,47.0,0.1,0.075,0.2,1.0,793.0,0.0,0.0,0.18032786885245902
34.0,8.0,48.0,0.1,0.075,0.2,1.0,789.0,0.0,0.0,0.18124207858048164
34.0,8.0,49.0,0.1,0.075,0.2,1.0,782.0,0.0,0.0,0.18286445012787725
34.0,8.0,50.0,0.1,0.075,0.2,1.0,776.0,0.0,0.0,0.18298969072164947
34.0,8.0,51.0,0.1,0.075,0.2,1.0,771.0,0.0,0.0,0.18417639429312582
34.0,8.0,52.0,0.1,0.075,0.2,1.0,776.0,0.0,0.0,0.18298969072164947
34.0,9.0,1.0,0.1,0.075,0.2,1.0,769.0,0.0,0.0,0.1846553966189857
34.0,9.0,2.0,0.1,0.075,0.2,1.0,774.0,0.0,0.0,0.1834625322997416
34.0,9.0,3.0,0.1,0.075,0.2,1.0,768.0,0.0,0.0,0.18489583333333334
34.0,9.0,4.0,0.1,0.075,0.2,1.0,772.0,0.0,0.0,0.18393782383419688
34.0,9.0,5.0,0.1,0.075,0.2,1.0,766.0,0.0,0.0,0.185378590078329
34.0,9.0,6.0,0.1,0.075,0.2,1.0,767.0,0.0,0.0,0.18383311603650587
34.0,9.0,7.0,0.1,0.075,0.2,1.0,750.0,0.0,0.0,0.18533333333333332
34.0,9.0,8.0,0.1,0.075,0.2,1.0,753.0,0.0,0.0,0.1845949535192563
34.0,9.0,9.0,0.1,0.075,0.2,1.0,750.0,0.0,0.0,0.18533333333333332
34.0,9.0,10.0,0.1,0.075,0.2,1.0,752.0,0.0,0.0,0.1848404255319149
34.0,9.0,11.0,0.1,0.075,0.2,1.0,748.0,0.0,0.0,0.1858288770053476
34.0,9.0,12.0,0.1,0.075,0.2,1.0,751.0,0.0,0.0,0.18375499334221038
34.0,9.0,13.0,0.1,0.075,0.2,1.0,736.0,0.0,0.0,0.18206521739130435
34.0,9.0,14.0,0.1,0.075,0.2,1.0,736.0,0.0,0.0,0.18206521739130435
34.0,9.0,15.0,0.1,0.075,0.2,1.0,731.0,0.0,0.0,0.18057455540355677
34.0,9.0,16.0,0.1,0.075,0.2,1.0,738.0,0.0,0.0,0.18157181571815717
34.0,9.0,17.0,0.1,0.075,0.2,1.0,733.0,0.0,0.0,0.18144611186903137
34.0,9.0,18.0,0.1,0.075,0.2,1.0,734.0,0.0,0.0,0.18256130790190736
34.0,9.0,19.0,0.1,0.075,0.2,1.0,732.0,0.0,0.0,0.18169398907103826
34.0,9.0,20.0,0.1,0.075,0.2,1.0,1292.0,0.0,0.0,0.09752321981424149
34.0,9.0,21.0,0.1,0.075,0.2,1.0,1273.0,0.0,0.0,0.09819324430479183
34.0,9.0,22.0,0.1,0.075,0.2,1.0,1250.0,0.0,0.0,0.0992
34.0,9.0,23.0,0.1,0.075,0.2,1.0,1215.0,0.0,0.0,0.09958847736625515
34.0,9.0,24.0,0.1,0.075,0.2,1.0,1200.0,0.0,0.0,0.10166666666666667
34.0,9.0,25.0,0.1,0.075,0.2,1.0,1179.0,0.0,0.0,0.10178117048346055
34.0,9.0,26.0,0.1,0.075,0.2,1.0,1173.0,0.0,0.0,0.10230179028132992
34.0,9.0,27.0,0.1,0.075,0.2,1.0,1154.0,0.0,0.0,0.1022530329289428
34.0,9.0,28.0,0.1,0.075,0.2,1.0,1119.0,0.0,0.0,0.10366398570151922
34.0,9.0,29.0,0.1,0.075,0.2,1.0,1093.0,0.0,0.0,0.10521500457456541
34.0,9.0,30.0,0.1,0.075,0.2,1.0,1094.0,0.0,0.0,0.10603290676416818
34.0,9.0,31.0,0.1,0.075,0.2,1.0,1074.0,0.0,0.0,0.10707635009310987
34.0,9.0,32.0,0.1,0.075,0.2,1.0,1078.0,0.0,0.0,0.10760667903525047
34.0,9.0,33.0,0.1,0.075,0.2,1.0,1074.0,0.0,0.0,0.10707635009310987
34.0,9.0,34.0,0.1,0.075,0.2,1.0,1064.0,0.0,0.0,0.1080827067669173
34.0,9.0,35.0,0.1,0.075,0.2,1.0,1054.0,0.0,0.0,0.10815939278937381
34.0,9.0,36.0,0.1,0.075,0.2,1.0,1043.0,0.0,0.0,0.10930009587727708
34.0,9.0,37.0,0.1,0.075,0.2,1.0,1028.0,0.0,0.0,0.10797665369649806
34.0,9.0,38.0,0.1,0.075,0.2,1.0,1012.0,0.0,0.0,0.10770750988142293
34.0,9.0,39.0,0.1,0.075,0.2,1.0,1017.0,0.0,0.0,0.10914454277286136
34.0,9.0,40.0,0.1,0.075,0.2,1.0,1011.0,0.0,0.0,0.10682492581602374
34.0,9.0,41.0,0.1,0.075,0.2,1.0,1013.0,0.0,0.0,0.10957551826258638
34.0,9.0,42.0,0.1,0.075,0.2,1.0,1012.0,0.0,0.0,0.1067193675889328
34.0,9.0,43.0,0.1,0.075,0.2,1.0,980.0,0.0,0.0,0.11224489795918367
34.0,9.0,44.0,0.1,0.075,0.2,1.0,959.0,0.0,0.0,0.11157455683003129
34.0,9.0,45.0,0.1,0.075,0.2,1.0,957.0,0.0,0.0,0.1974921630094044
34.0,9.0,46.0,0.1,0.075,0.2,1.0,945.0,0.0,0.0,0.19576719576719576
34.0,9.0,47.0,0.1,0.075,0.2,1.0,942.0,0.0,0.0,0.19851380042462846
34.0,9.0,48.0,0.1,0.075,0.2,1.0,924.0,0.0,0.0,0.19913419913419914
34.0,9.0,49.0,0.1,0.075,0.2,1.0,920.0,0.0,0.0,0.20217391304347826
34.0,9.0,50.0,0.1,0.075,0.2,1.0,923.0,0.0,0.0,0.20043336944745396
34.0,9.0,51.0,0.1,0.075,0.2,1.0,919.0,0.0,0.0,0.20130576713819368
34.0,9.0,52.0,0.1,0.075,0.2,1.0,922.0,0.0,0.0,0.20065075921908893
34.0,10.0,1.0,0.1,0.075,0.2,1.0,918.0,0.0,0.0,0.20152505446623092
34.0,10.0,2.0,0.1,0.075,0.2,1.0,920.0,0.0,0.0,0.20108695652173914
34.0,10.0,3.0,0.1,0.075,0.2,1.0,908.0,0.0,0.0,0.20374449339207049
34.0,10.0,4.0,0.1,0.075,0.2,1.0,900.0,0.0,0.0,0.2011111111111111
34.0,10.0,5.0,0.1,0.075,0.2,1.0,882.0,0.0,0.0,0.20294784580498867
34.0,10.0,6.0,0.1,0.075,0.2,1.0,885.0,0.0,0.0,0.20225988700564973
34.0,10.0,7.0,0.1,0.075,0.2,1.0,879.0,0.0,0.0,0.2036405005688282
34.0,10.0,8.0,0.1,0.075,0.2,1.0,880.0,0.0,0.0,0.2034090909090909
34.0,10.0,9.0,0.1,0.075,0.2,1.0,872.0,0.0,0.0,0.20412844036697247
34.0,10.0,10.0,0.1,0.075,0.2,1.0,864.0,0.0,0.0,0.2048611111111111
34.0,10.0,11.0,0.1,0.075,0.2,1.0,860.0,0.0,0.0,0.2058139534883721
34.0,10.0,12.0,0.1,0.075,0.2,1.0,847.0,0.0,0.0,0.2077922077922078
34.0,10.0,13.0,0.1,0.075,0.2,1.0,832.0,0.0,0.0,0.21153846153846154
34.0,10.0,14.0,0.1,0.075,0.2,1.0,824.0,0.0,0.0,0.2111650485436893
34.0,10.0,15.0,0.1,0.075,0.2,1.0,816.0,0.0,0.0,0.21200980392156862
34.0,10.0,16.0,0.1,0.075,0.2,1.0,826.0,0.0,0.0,0.2106537530266344
34.0,10.0,17.0,0.1,0.075,0.2,1.0,804.0,0.0,0.0,0.21393034825870647
34.0,10.0,18.0,0.1,0.075,0.2,1.0,810.0,0.0,0.0,0.2123456790123457
34.0,10.0,19.0,0.1,0.075,0.2,1.0,802.0,0.0,0.0,0.21571072319201995
34.0,10.0,20.0,0.1,0.075,0.2,1.0,1471.0,0.0,0.0,0.1114887831407206
34.0,10.0,21.0,0.1,0.075,0.2,1.0,1386.0,0.0,0.0,0.11327561327561328
34.0,10.0,22.0,0.1,0.075,0.2,1.0,1381.0,0.0,0.0,0.11368573497465605
34.0,10.0,23.0,0.1,0.075,0.2,1.0,1327.0,0.0,0.0,0.11680482290881689
34.0,10.0,24.0,0.1,0.075,0.2,1.0,1288.0,0.0,0.0,0.11801242236024845
34.0,10.0,25.0,0.1,0.075,0.2,1.0,1253.0,0.0,0.0,0.11971268954509177
34.0,10.0,26.0,0.1,0.075,0.2,1.0,1236.0,0.0,0.0,0.11893203883495146
34.0,10.0,27.0,0.1,0.075,0.2,1.0,1228.0,0.0,0.0,0.11889250814332247
34.0,10.0,28.0,0.1,0.075,0.2,1.0,1199.0,0.0,0.0,0.12093411175979983
34.0,10.0,29.0,0.1,0.075,0.2,1.0,1191.0,0.0,0.0,0.12174643157010916
34.0,10.0,30.0,0.1,0.075,0.2,1.0,1142.0,0.0,0.0,0.1243432574430823
34.0,10.0,31.0,0.1,0.075,0.2,1.0,1138.0,0.0,0.0,0.12390158172231985
34.0,10.0,32.0,0.1,0.075,0.2,1.0,1101.0,0.0,0.0,0.12443233424159855
34.0,10.0,33.0,0.1,0.075,0.2,1.0,1098.0,0.0,0.0,0.12568306010928962
34.0,10.0,34.0,0.1,0.075,0.2,1.0,1046.0,0.0,0.0,0.12906309751434034
34.0,10.0,35.0,0.1,0.075,0.2,1.0,1048.0,0.0,0.0,0.12786259541984732
34.0,10.0,36.0,0.1,0.075,0.2,1.0,1008.0,0.0,0.0,0.12896825396825398
34.0,10.0,37.0,0.1,0.075,0.2,1.0,1007.0,0.0,0.0,0.13108242303872888
34.0,10.0,38.0,0.1,0.075,0.2,1.0,974.0,0.0,0.0,0.1324435318275154
34.0,10.0,39.0,0.1,0.075,0.2,1.0,983.0,0.0,0.0,0.13123092573753814
34.0,10.0,40.0,0.1,0.075,0.2,1.0,950.0,0.0,0.0,0.13473684210526315
34.0,10.0,41.0,0.1,0.075,0.2,1.0,971.0,0.0,0.0,0.13285272914521112
34.0,10.0,42.0,0.1,0.075,0.2,1.0,950.0,0.0,0.0,0.13473684210526315
34.0,10.0,43.0,0.1,0.075,0.2,1.0,958.0,0.0,0.0,0.1336116910229645
34.0,10.0,44.0,0.1,0.075,0.2,1.0,944.0,0.0,0.0,0.13453389830508475
34.0,10.0,45.0,0.1,0.075,0.2,1.0,954.0,0.0,0.0,0.1918238993710692
34.0,10.0,46.0,0.1,0.075,0.2,1.0,938.0,0.0,0.0,0.19509594882729211
34.0,10.0,47.0,0.1,0.075,0.2,1.0,937.0,0.0,0.0,0.19423692636072573
34.0,10.0,48.0,0.1,0.075,0.2,1.0,907.0,0.0,0.0,0.1940463065049614
34.0,10.0,49.0,0.1,0.075,0.2,1.0,887.0,0.0,0.0,0.19503945885005636
34.0,10.0,50.0,0.1,0.075,0.2,1.0,881.0,0.0,0.0,0.19750283768444948
34.0,10.0,51.0,0.1,0.075,0.2,1.0,876.0,0.0,0.0,0.1963470319634703
34.0,10.0,52.0,0.1,0.075,0.2,1.0,868.0,0.0,0.0,0.19470046082949308
35.0,1.0,1.0,0.1,0.075,0.2,1.0,5142.0,54.0,13.0,0.10618436406067679
35.0,1.0,2.0,0.1,0.075,0.2,1.0,5128.0,58.0,25.0,0.10647425897035881
35.0,1.0,3.0,0.1,0.075,0.2,1.0,5097.0,79.0,36.0,0.10712183637433785
35.0,1.0,4.0,0.1,0.075,0.2,1.0,5069.0,98.0,34.0,0.10751627539948708
35.0,1.0,5.0,0.1,0.075,0.2,1.0,5062.0,128.0,42.0,0.10746740418806795
35.0,1.0,6.0,0.1,0.075,0.2,1.0,4992.0,167.0,54.0,0.11017628205128205
35.0,1.0,7.0,0.1,0.075,0.2,1.0,4870.0,192.0,67.0,0.10882956878850103
35.0,1.0,8.0,0.1,0.075,0.2,1.0,4704.0,230.0,82.0,0.11011904761904762
35.0,1.0,9.0,0.1,0.075,0.2,1.0,4512.0,235.0,101.0,0.10904255319148937
35.0,1.0,10.0,0.1,0.075,0.2,1.0,4405.0,259.0,124.0,0.11259931895573212
35.0,1.0,11.0,0.1,0.075,0.2,1.0,4287.0,298.0,134.0,0.11149988336832284
35.0,1.0,12.0,0.1,0.075,0.2,1.0,4192.0,307.0,124.0,0.11307251908396947
35.0,1.0,13.0,0.1,0.075,0.2,1.0,4040.0,305.0,122.0,0.11287128712871287
35.0,1.0,14.0,0.1,0.075,0.2,1.0,3958.0,316.0,133.0,0.11571500757958565
35.0,1.0,15.0,0.1,0.075,0.2,1.0,3860.0,329.0,150.0,0.11476683937823834
35.0,1.0,16.0,0.1,0.075,0.2,1.0,3781.0,351.0,158.0,0.11822269240941549
35.0,1.0,17.0,0.1,0.075,0.2,1.0,3673.0,366.0,176.0,0.11815954260822216
35.0,1.0,18.0,0.1,0.075,0.2,1.0,3550.0,374.0,176.0,0.12338028169014084
35.0,1.0,19.0,0.1,0.075,0.2,1.0,3450.0,385.0,182.0,0.12318840579710146
35.0,1.0,20.0,0.1,0.075,0.2,1.0,6269.0,377.0,163.0,0.06795342159834104
35.0,1.0,21.0,0.1,0.075,0.2,1.0,5860.0,424.0,151.0,0.06928327645051195
35.0,1.0,22.0,0.1,0.075,0.2,1.0,5566.0,460.0,163.0,0.07114624505928854
35.0,1.0,23.0,0.1,0.075,0.2,1.0,5248.0,543.0,192.0,0.07336128048780488
35.0,1.0,24.0,0.1,0.075,0.2,1.0,4984.0,589.0,210.0,0.07664526484751204
35.0,1.0,25.0,0.1,0.075,0.2,1.0,4683.0,613.0,251.0,0.07772795216741404
35.0,1.0,26.0,0.1,0.075,0.2,1.0,4383.0,639.0,264.0,0.08076659822039699
35.0,1.0,27.0,0.1,0.075,0.2,1.0,4080.0,674.0,267.0,0.08333333333333333
35.0,1.0,28.0,0.1,0.075,0.2,1.0,3879.0,674.0,269.0,0.08739365815931942
35.0,1.0,29.0,0.1,0.075,0.2,1.0,3644.0,697.0,303.0,0.08863885839736553
35.0,1.0,30.0,0.1,0.075,0.2,1.0,3435.0,717.0,322.0,0.09170305676855896
35.0,1.0,31.0,0.1,0.075,0.2,1.0,3249.0,746.0,341.0,0.09726069559864574
35.0,1.0,32.0,0.1,0.075,0.2,1.0,2971.0,702.0,336.0,0.10097610232245036
35.0,1.0,33.0,0.1,0.075,0.2,1.0,2757.0,639.0,319.0,0.10627493652520856
35.0,1.0,34.0,0.1,0.075,0.2,1.0,2546.0,626.0,306.0,0.11115475255302436
35.0,1.0,35.0,0.1,0.075,0.2,1.0,2354.0,562.0,265.0,0.11894647408666101
35.0,1.0,36.0,0.1,0.075,0.2,1.0,2210.0,516.0,266.0,0.1248868778280543
35.0,1.0,37.0,0.1,0.075,0.2,1.0,2080.0,488.0,250.0,0.13221153846153846
35.0,1.0,38.0,0.1,0.075,0.2,1.0,1970.0,461.0,233.0,0.13807106598984772
35.0,1.0,39.0,0.1,0.075,0.2,1.0,1816.0,409.0,215.0,0.1486784140969163
35.0,1.0,40.0,0.1,0.075,0.2,1.0,1719.0,375.0,209.0,0.15590459569517162
35.0,1.0,41.0,0.1,0.075,0.2,1.0,1612.0,335.0,183.0,0.16377171215880892
35.0,1.0,42.0,0.1,0.075,0.2,1.0,1517.0,289.0,154.0,0.17073170731707318
35.0,1.0,43.0,0.1,0.075,0.2,1.0,1414.0,263.0,132.0,0.1867043847241867
35.0,1.0,44.0,0.1,0.075,0.2,1.0,1360.0,240.0,130.0,0.1889705882352941
35.0,1.0,45.0,0.1,0.075,0.2,1.0,1290.0,220.0,114.0,0.27364341085271315
35.0,1.0,46.0,0.1,0.075,0.2,1.0,1238.0,198.0,99.0,0.2778675282714055
35.0,1.0,47.0,0.1,0.075,0.2,1.0,1178.0,166.0,88.0,0.28777589134125636
35.0,1.0,48.0,0.1,0.075,0.2,1.0,1146.0,141.0,87.0,0.28883071553228623
35.0,1.0,49.0,0.1,0.075,0.2,1.0,1096.0,127.0,73.0,0.3001824817518248
35.0,1.0,50.0,0.1,0.075,0.2,1.0,1073.0,113.0,65.0,0.3019571295433364
35.0,1.0,51.0,0.1,0.075,0.2,1.0,1031.0,90.0,46.0,0.3123181377303589
35.0,1.0,52.0,0.1,0.075,0.2,1.0,1008.0,79.0,43.0,0.3115079365079365
35.0,2.0,1.0,0.1,0.075,0.2,1.0,978.0,74.0,39.0,0.3210633946830266
35.0,2.0,2.0,0.1,0.075,0.2,1.0,963.0,70.0,41.0,0.3177570093457944
35.0,2.0,3.0,0.1,0.075,0.2,1.0,939.0,60.0,34.0,0.329073482428115
35.0,2.0,4.0,0.1,0.075,0.2,1.0,931.0,57.0,27.0,0.32867883995703545
35.0,2.0,5.0,0.1,0.075,0.2,1.0,905.0,47.0,28.0,0.3370165745856354
35.0,2.0,6.0,0.1,0.075,0.2,1.0,894.0,50.0,28.0,0.3378076062639821
35.0,2.0,7.0,0.1,0.075,0.2,1.0,878.0,45.0,29.0,0.3439635535307517
35.0,2.0,8.0,0.1,0.075,0.2,1.0,863.0,35.0,20.0,0.3429895712630359
35.0,2.0,9.0,0.1,0.075,0.2,1.0,848.0,31.0,19.0,0.35141509433962265
35.0,2.0,10.0,0.1,0.075,0.2,1.0,842.0,26.0,17.0,0.3479809976247031
35.0,2.0,11.0,0.1,0.075,0.2,1.0,825.0,28.0,15.0,0.35515151515151516
35.0,2.0,12.0,0.1,0.075,0.2,1.0,819.0,24.0,16.0,0.3528693528693529
35.0,2.0,13.0,0.1,0.075,0.2,1.0,807.0,23.0,16.0,0.3593556381660471
35.0,2.0,14.0,0.1,0.075,0.2,1.0,797.0,24.0,13.0,0.35382685069008785
35.0,2.0,15.0,0.1,0.075,0.2,1.0,784.0,20.0,8.0,0.3622448979591837
35.0,2.0,16.0,0.1,0.075,0.2,1.0,781.0,17.0,6.0,0.35979513444302175
35.0,2.0,17.0,0.1,0.075,0.2,1.0,771.0,20.0,10.0,0.364461738002594
35.0,2.0,18.0,0.1,0.075,0.2,1.0,772.0,20.0,11.0,0.3588082901554404
35.0,2.0,19.0,0.1,0.075,0.2,1.0,762.0,17.0,9.0,0.3648293963254593
35.0,2.0,20.0,0.1,0.075,0.2,1.0,1325.0,13.0,11.0,0.2060377358490566
35.0,2.0,21.0,0.1,0.075,0.2,1.0,1292.0,13.0,10.0,0.21362229102167182
35.0,2.0,22.0,0.1,0.075,0.2,1.0,1271.0,14.0,8.0,0.21321793863099922
35.0,2.0,23.0,0.1,0.075,0.2,1.0,1259.0,10.0,3.0,0.21207307386814933
35.0,2.0,24.0,0.1,0.075,0.2,1.0,1259.0,11.0,4.0,0.2136616362192216
35.0,2.0,25.0,0.1,0.075,0.2,1.0,1243.0,15.0,7.0,0.21480289621882542
35.0,2.0,26.0,0.1,0.075,0.2,1.0,1216.0,12.0,8.0,0.21628289473684212
35.0,2.0,27.0,0.1,0.075,0.2,1.0,1206.0,11.0,5.0,0.21807628524046435
35.0,2.0,28.0,0.1,0.075,0.2,1.0,1187.0,13.0,7.0,0.21988205560235888
35.0,2.0,29.0,0.1,0.075,0.2,1.0,1166.0,13.0,7.0,0.2221269296740995
35.0,2.0,30.0,0.1,0.075,0.2,1.0,1145.0,18.0,9.0,0.2200873362445415
35.0,2.0,31.0,0.1,0.075,0.2,1.0,1149.0,17.0,5.0,0.22367275892080069
35.0,2.0,32.0,0.1,0.075,0.2,1.0,1115.0,15.0,8.0,0.2242152466367713
35.0,2.0,33.0,0.1,0.075,0.2,1.0,1090.0,16.0,10.0,0.22752293577981653
35.0,2.0,34.0,0.1,0.075,0.2,1.0,1071.0,19.0,10.0,0.223155929038282
35.0,2.0,35.0,0.1,0.075,0.2,1.0,1060.0,8.0,2.0,0.22641509433962265
35.0,2.0,36.0,0.1,0.075,0.2,1.0,1045.0,6.0,3.0,0.22392344497607655
35.0,2.0,37.0,0.1,0.075,0.2,1.0,1047.0,8.0,4.0,0.224450811843362
35.0,2.0,38.0,0.1,0.075,0.2,1.0,1033.0,10.0,4.0,0.22168441432720232
35.0,2.0,39.0,0.1,0.075,0.2,1.0,1027.0,10.0,4.0,0.22297955209347614
35.0,2.0,40.0,0.1,0.075,0.2,1.0,1004.0,8.0,5.0,0.22310756972111553
35.0,2.0,41.0,0.1,0.075,0.2,1.0,1021.0,14.0,6.0,0.22331047992164543
35.0,2.0,42.0,0.1,0.075,0.2,1.0,985.0,15.0,5.0,0.2233502538071066
35.0,2.0,43.0,0.1,0.075,0.2,1.0,984.0,14.0,6.0,0.22764227642276422
35.0,2.0,44.0,0.1,0.075,0.2,1.0,955.0,13.0,8.0,0.23141361256544501
35.0,2.0,45.0,0.1,0.075,0.2,1.0,960.0,19.0,9.0,0.30104166666666665
35.0,2.0,46.0,0.1,0.075,0.2,1.0,931.0,11.0,7.0,0.30934479054779807
35.0,2.0,47.0,0.1,0.075,0.2,1.0,940.0,15.0,7.0,0.30638297872340425
35.0,2.0,48.0,0.1,0.075,0.2,1.0,920.0,14.0,5.0,0.3076086956521739
35.0,2.0,49.0,0.1,0.075,0.2,1.0,901.0,10.0,4.0,0.3029966703662597
35.0,2.0,50.0,0.1,0.075,0.2,1.0,882.0,9.0,6.0,0.30385487528344673
35.0,2.0,51.0,0.1,0.075,0.2,1.0,881.0,10.0,7.0,0.3030646992054484
35.0,2.0,52.0,0.1,0.075,0.2,1.0,859.0,6.0,3.0,0.3061699650756694
35.0,3.0,1.0,0.1,0.075,0.2,1.0,855.0,2.0,1.0,0.3064327485380117
35.0,3.0,2.0,0.1,0.075,0.2,1.0,846.0,3.0,2.0,0.3061465721040189
35.0,3.0,3.0,0.1,0.075,0.2,1.0,846.0,3.0,2.0,0.3061465721040189
35.0,3.0,4.0,0.1,0.075,0.2,1.0,823.0,3.0,1.0,0.30741190765492105
35.0,3.0,5.0,0.1,0.075,0.2,1.0,825.0,2.0,0.0,0.30666666666666664
35.0,3.0,6.0,0.1,0.075,0.2,1.0,816.0,2.0,1.0,0.30637254901960786
35.0,3.0,7.0,0.1,0.075,0.2,1.0,817.0,2.0,2.0,0.30599755201958384
35.0,3.0,8.0,0.1,0.075,0.2,1.0,805.0,2.0,2.0,0.30434782608695654
35.0,3.0,9.0,0.1,0.075,0.2,1.0,799.0,1.0,1.0,0.3016270337922403
35.0,3.0,10.0,0.1,0.075,0.2,1.0,791.0,1.0,0.0,0.2996207332490518
35.0,3.0,11.0,0.1,0.075,0.2,1.0,783.0,1.0,0.0,0.2950191570881226
35.0,3.0,12.0,0.1,0.075,0.2,1.0,783.0,1.0,1.0,0.2950191570881226
35.0,3.0,13.0,0.1,0.075,0.2,1.0,782.0,1.0,1.0,0.29539641943734013
35.0,3.0,14.0,0.1,0.075,0.2,1.0,766.0,1.0,1.0,0.293733681462141
35.0,3.0,15.0,0.1,0.075,0.2,1.0,772.0,0.0,0.0,0.2927461139896373
35.0,3.0,16.0,0.1,0.075,0.2,1.0,755.0,0.0,0.0,0.29403973509933773
35.0,3.0,17.0,0.1,0.075,0.2,1.0,762.0,0.0,0.0,0.29658792650918636
35.0,3.0,18.0,0.1,0.075,0.2,1.0,751.0,0.0,0.0,0.29427430093209056
35.0,3.0,19.0,0.1,0.075,0.2,1.0,758.0,0.0,0.0,0.29815303430079154
35.0,3.0,20.0,0.1,0.075,0.2,1.0,1356.0,0.0,0.0,0.16224188790560473
35.0,3.0,21.0,0.1,0.075,0.2,1.0,1319.0,0.0,0.0,0.16603487490523122
35.0,3.0,22.0,0.1,0.075,0.2,1.0,1278.0,0.0,0.0,0.1643192488262911
35.0,3.0,23.0,0.1,0.075,0.2,1.0,1245.0,0.0,0.0,0.1678714859437751
35.0,3.0,24.0,0.1,0.075,0.2,1.0,1158.0,0.0,0.0,0.17012089810017272
35.0,3.0,25.0,0.1,0.075,0.2,1.0,1128.0,0.0,0.0,0.17287234042553193
35.0,3.0,26.0,0.1,0.075,0.2,1.0,1090.0,0.0,0.0,0.17155963302752295
35.0,3.0,27.0,0.1,0.075,0.2,1.0,1099.0,0.0,0.0,0.1737943585077343
35.0,3.0,28.0,0.1,0.075,0.2,1.0,1031.0,0.0,0.0,0.1755577109602328
35.0,3.0,29.0,0.1,0.075,0.2,1.0,1029.0,0.0,0.0,0.17881438289601556
35.0,3.0,30.0,0.1,0.075,0.2,1.0,999.0,0.0,0.0,0.17617617617617617
35.0,3.0,31.0,0.1,0.075,0.2,1.0,1008.0,0.0,0.0,0.1775793650793651
35.0,3.0,32.0,0.1,0.075,0.2,1.0,954.0,0.0,0.0,0.18029350104821804
35.0,3.0,33.0,0.1,0.075,0.2,1.0,938.0,0.0,0.0,0.18550106609808104
35.0,3.0,34.0,0.1,0.075,0.2,1.0,908.0,0.0,0.0,0.18502202643171806
35.0,3.0,35.0,0.1,0.075,0.2,1.0,899.0,0.0,0.0,0.18798665183537264
35.0,3.0,36.0,0.1,0.075,0.2,1.0,901.0,0.0,0.0,0.18091009988901222
35.0,3.0,37.0,0.1,0.075,0.2,1.0,894.0,0.0,0.0,0.18568232662192394
35.0,3.0,38.0,0.1,0.075,0.2,1.0,896.0,0.0,0.0,0.18303571428571427
35.0,3.0,39.0,0.1,0.075,0.2,1.0,883.0,0.0,0.0,0.1868629671574179
35.0,3.0,40.0,0.1,0.075,0.2,1.0,857.0,0.0,0.0,0.18319719953325556
35.0,3.0,41.0,0.1,0.075,0.2,1.0,827.0,0.0,0.0,0.18863361547763
35.0,3.0,42.0,0.1,0.075,0.2,1.0,806.0,0.0,0.0,0.18858560794044665
35.0,3.0,43.0,0.1,0.075,0.2,1.0,806.0,0.0,0.0,0.18982630272952852
35.0,3.0,44.0,0.1,0.075,0.2,1.0,789.0,0.0,0.0,0.18250950570342206
35.0,3.0,45.0,0.1,0.075,0.2,1.0,742.0,0.0,0.0,0.24393530997304583
35.0,3.0,46.0,0.1,0.075,0.2,1.0,740.0,0.0,0.0,0.2391891891891892
35.0,3.0,47.0,0.1,0.075,0.2,1.0,726.0,0.0,0.0,0.23829201101928374
35.0,3.0,48.0,0.1,0.075,0.2,1.0,724.0,0.0,0.0,0.23480662983425415
35.0,3.0,49.0,0.1,0.075,0.2,1.0,724.0,0.0,0.0,0.2361878453038674
35.0,3.0,50.0,0.1,0.075,0.2,1.0,719.0,0.0,0.0,0.2364394993045897
35.0,3.0,51.0,0.1,0.075,0.2,1.0,718.0,0.0,0.0,0.23537604456824512
35.0,3.0,52.0,0.1,0.075,0.2,1.0,714.0,0.0,0.0,0.23249299719887956
35.0,4.0,1.0,0.1,0.075,0.2,1.0,711.0,0.0,0.0,0.2320675105485232
35.0,4.0,2.0,0.1,0.075,0.2,1.0,712.0,0.0,0.0,0.2303370786516854
35.0,4.0,3.0,0.1,0.075,0.2,1.0,697.0,0.0,0.0,0.2381635581061693
35.0,4.0,4.0,0.1,0.075,0.2,1.0,691.0,0.0,0.0,0.23444283646888567
35.0,4.0,5.0,0.1,0.075,0.2,1.0,684.0,0.0,0.0,0.23976608187134502
35.0,4.0,6.0,0.1,0.075,0.2,1.0,684.0,0.0,0.0,0.2324561403508772
35.0,4.0,7.0,0.1,0.075,0.2,1.0,678.0,0.0,0.0,0.2359882005899705
35.0,4.0,8.0,0.1,0.075,0.2,1.0,670.0,0.0,0.0,0.23432835820895523
35.0,4.0,9.0,0.1,0.075,0.2,1.0,662.0,0.0,0.0,0.23867069486404835
35.0,4.0,10.0,0.1,0.075,0.2,1.0,662.0,0.0,0.0,0.23716012084592145
35.0,4.0,11.0,0.1,0.075,0.2,1.0,654.0,0.0,0.0,0.23853211009174313
35.0,4.0,12.0,0.1,0.075,0.2,1.0,657.0,0.0,0.0,0.2374429223744292
35.0,4.0,13.0,0.1,0.075,0.2,1.0,647.0,0.0,0.0,0.23956723338485317
35.0,4.0,14.0,0.1,0.075,0.2,1.0,652.0,0.0,0.0,0.23773006134969324
35.0,4.0,15.0,0.1,0.075,0.2,1.0,641.0,0.0,0.0,0.24024960998439937
35.0,4.0,16.0,0.1,0.075,0.2,1.0,635.0,0.0,0.0,0.24251968503937008
35.0,4.0,17.0,0.1,0.075,0.2,1.0,622.0,0.0,0.0,0.24437299035369775
35.0,4.0,18.0,0.1,0.075,0.2,1.0,633.0,0.0,0.0,0.24328593996840442
35.0,4.0,19.0,0.1,0.075,0.2,1.0,614.0,0.0,0.0,0.24429967426710097
35.0,4.0,20.0,0.1,0.075,0.2,1.0,1107.0,0.0,0.0,0.13730803974706413
35.0,4.0,21.0,0.1,0.075,0.2,1.0,1066.0,0.0,0.0,0.1397748592870544
35.0,4.0,22.0,0.1,0.075,0.2,1.0,1035.0,0.0,0.0,0.13816425120772946
35.0,4.0,23.0,0.1,0.075,0.2,1.0,991.0,0.0,0.0,0.1432896064581231
35.0,4.0,24.0,0.1,0.075,0.2,1.0,986.0,0.0,0.0,0.140973630831643
35.0,4.0,25.0,0.1,0.075,0.2,1.0,948.0,0.0,0.0,0.14135021097046413
35.0,4.0,26.0,0.1,0.075,0.2,1.0,958.0,0.0,0.0,0.13883089770354906
35.0,4.0,27.0,0.1,0.075,0.2,1.0,893.0,0.0,0.0,0.13885778275475924
35.0,4.0,28.0,0.1,0.075,0.2,1.0,906.0,0.0,0.0,0.1390728476821192
35.0,4.0,29.0,0.1,0.075,0.2,1.0,884.0,0.0,0.0,0.13914027149321267
35.0,4.0,30.0,0.1,0.075,0.2,1.0,880.0,0.0,0.0,0.13977272727272727
35.0,4.0,31.0,0.1,0.075,0.2,1.0,836.0,0.0,0.0,0.13995215311004786
35.0,4.0,32.0,0.1,0.075,0.2,1.0,827.0,0.0,0.0,0.14026602176541716
35.0,4.0,33.0,0.1,0.075,0.2,1.0,789.0,0.0,0.0,0.14195183776932827
35.0,4.0,34.0,0.1,0.075,0.2,1.0,800.0,0.0,0.0,0.1425
35.0,4.0,35.0,0.1,0.075,0.2,1.0,743.0,0.0,0.0,0.1440107671601615
35.0,4.0,36.0,0.1,0.075,0.2,1.0,755.0,0.0,0.0,0.14701986754966886
35.0,4.0,37.0,0.1,0.075,0.2,1.0,715.0,0.0,0.0,0.14405594405594405
35.0,4.0,38.0,0.1,0.075,0.2,1.0,711.0,0.0,0.0,0.14345991561181434
35.0,4.0,39.0,0.1,0.075,0.2,1.0,675.0,0.0,0.0,0.1437037037037037
35.0,4.0,40.0,0.1,0.075,0.2,1.0,674.0,0.0,0.0,0.142433234421365
35.0,4.0,41.0,0.1,0.075,0.2,1.0,669.0,0.0,0.0,0.14050822122571002
35.0,4.0,42.0,0.1,0.075,0.2,1.0,658.0,0.0,0.0,0.1398176291793313
35.0,4.0,43.0,0.1,0.075,0.2,1.0,652.0,0.0,0.0,0.1441717791411043
35.0,4.0,44.0,0.1,0.075,0.2,1.0,645.0,0.0,0.0,0.14573643410852713
35.0,4.0,45.0,0.1,0.075,0.2,1.0,636.0,0.0,0.0,0.21540880503144655
35.0,4.0,46.0,0.1,0.075,0.2,1.0,594.0,0.0,0.0,0.21548821548821548
35.0,4.0,47.0,0.1,0.075,0.2,1.0,580.0,0.0,0.0,0.21551724137931033
35.0,4.0,48.0,0.1,0.075,0.2,1.0,582.0,0.0,0.0,0.21477663230240548
35.0,4.0,49.0,0.1,0.075,0.2,1.0,575.0,0.0,0.0,0.21565217391304348
35.0,4.0,50.0,0.1,0.075,0.2,1.0,565.0,0.0,0.0,0.21061946902654868
35.0,4.0,51.0,0.1,0.075,0.2,1.0,565.0,0.0,0.0,0.21061946902654868
35.0,4.0,52.0,0.1,0.075,0.2,1.0,555.0,0.0,0.0,0.209009009009009
35.0,5.0,1.0,0.1,0.075,0.2,1.0,541.0,0.0,0.0,0.2144177449168207
35.0,5.0,2.0,0.1,0.075,0.2,1.0,537.0,0.0,0.0,0.21415270018621974
35.0,5.0,3.0,0.1,0.075,0.2,1.0,540.0,0.0,0.0,0.21481481481481482
35.0,5.0,4.0,0.1,0.075,0.2,1.0,537.0,0.0,0.0,0.21415270018621974
35.0,5.0,5.0,0.1,0.075,0.2,1.0,536.0,0.0,0.0,0.21641791044776118
35.0,5.0,6.0,0.1,0.075,0.2,1.0,530.0,0.0,0.0,0.2169811320754717
35.0,5.0,7.0,0.1,0.075,0.2,1.0,533.0,0.0,0.0,0.2176360225140713
35.0,5.0,8.0,0.1,0.075,0.2,1.0,525.0,0.0,0.0,0.21714285714285714
35.0,5.0,9.0,0.1,0.075,0.2,1.0,526.0,0.0,0.0,0.21673003802281368
35.0,5.0,10.0,0.1,0.075,0.2,1.0,522.0,0.0,0.0,0.2164750957854406
35.0,5.0,11.0,0.1,0.075,0.2,1.0,523.0,0.0,0.0,0.21414913957934992
35.0,5.0,12.0,0.1,0.075,0.2,1.0,525.0,0.0,0.0,0.21333333333333335
35.0,5.0,13.0,0.1,0.075,0.2,1.0,516.0,0.0,0.0,0.21511627906976744
35.0,5.0,14.0,0.1,0.075,0.2,1.0,518.0,0.0,0.0,0.2084942084942085
35.0,5.0,15.0,0.1,0.075,0.2,1.0,512.0,0.0,0.0,0.2109375
35.0,5.0,16.0,0.1,0.075,0.2,1.0,509.0,0.0,0.0,0.21414538310412573
35.0,5.0,17.0,0.1,0.075,0.2,1.0,510.0,0.0,0.0,0.21176470588235294
35.0,5.0,18.0,0.1,0.075,0.2,1.0,509.0,0.0,0.0,0.21218074656188604
35.0,5.0,19.0,0.1,0.075,0.2,1.0,509.0,0.0,0.0,0.21218074656188604
35.0,5.0,20.0,0.1,0.075,0.2,1.0,902.0,0.0,0.0,0.11529933481152993
35.0,5.0,21.0,0.1,0.075,0.2,1.0,912.0,0.0,0.0,0.11403508771929824
35.0,5.0,22.0,0.1,0.075,0.2,1.0,888.0,0.0,0.0,0.11373873873873874
35.0,5.0,23.0,0.1,0.075,0.2,1.0,853.0,0.0,0.0,0.1160609613130129
35.0,5.0,24.0,0.1,0.075,0.2,1.0,828.0,0.0,0.0,0.11714975845410629
35.0,5.0,25.0,0.1,0.075,0.2,1.0,834.0,0.0,0.0,0.11630695443645084
35.0,5.0,26.0,0.1,0.075,0.2,1.0,817.0,0.0,0.0,0.11872705018359853
35.0,5.0,27.0,0.1,0.075,0.2,1.0,817.0,0.0,0.0,0.11995104039167687
35.0,5.0,28.0,0.1,0.075,0.2,1.0,793.0,0.0,0.0,0.1223203026481715
35.0,5.0,29.0,0.1,0.075,0.2,1.0,760.0,0.0,0.0,0.12368421052631579
35.0,5.0,30.0,0.1,0.075,0.2,1.0,753.0,0.0,0.0,0.1248339973439575
35.0,5.0,31.0,0.1,0.075,0.2,1.0,737.0,0.0,0.0,0.12618724559023067
35.0,5.0,32.0,0.1,0.075,0.2,1.0,719.0,0.0,0.0,0.12656467315716272
35.0,5.0,33.0,0.1,0.075,0.2,1.0,709.0,0.0,0.0,0.12834978843441466
35.0,5.0,34.0,0.1,0.075,0.2,1.0,691.0,0.0,0.0,0.12590448625180897
35.0,5.0,35.0,0.1,0.075,0.2,1.0,675.0,0.0,0.0,0.1288888888888889
35.0,5.0,36.0,0.1,0.075,0.2,1.0,658.0,0.0,0.0,0.13069908814589665
35.0,5.0,37.0,0.1,0.075,0.2,1.0,658.0,0.0,0.0,0.13221884498480244
35.0,5.0,38.0,0.1,0.075,0.2,1.0,651.0,0.0,0.0,0.13210445468509985
35.0,5.0,39.0,0.1,0.075,0.2,1.0,652.0,0.0,0.0,0.1303680981595092
35.0,5.0,40.0,0.1,0.075,0.2,1.0,647.0,0.0,0.0,0.13292117465224113
35.0,5.0,41.0,0.1,0.075,0.2,1.0,652.0,0.0,0.0,0.1303680981595092
35.0,5.0,42.0,0.1,0.075,0.2,1.0,622.0,0.0,0.0,0.1382636655948553
35.0,5.0,43.0,0.1,0.075,0.2,1.0,613.0,0.0,0.0,0.13866231647634583
35.0,5.0,44.0,0.1,0.075,0.2,1.0,603.0,0.0,0.0,0.13764510779436154
35.0,5.0,45.0,0.1,0.075,0.2,1.0,609.0,0.0,0.0,0.19704433497536947
35.0,5.0,46.0,0.1,0.075,0.2,1.0,603.0,0.0,0.0,0.2023217247097844
35.0,5.0,47.0,0.1,0.075,0.2,1.0,603.0,0.0,0.0,0.19402985074626866
35.0,5.0,48.0,0.1,0.075,0.2,1.0,602.0,0.0,0.0,0.19601328903654486
35.0,5.0,49.0,0.1,0.075,0.2,1.0,603.0,0.0,0.0,0.19071310116086235
35.0,5.0,50.0,0.1,0.075,0.2,1.0,603.0,0.0,0.0,0.19734660033167495
35.0,5.0,51.0,0.1,0.075,0.2,1.0,596.0,0.0,0.0,0.1912751677852349
35.0,5.0,52.0,0.1,0.075,0.2,1.0,589.0,0.0,0.0,0.19524617996604415
35.0,6.0,1.0,0.1,0.075,0.2,1.0,575.0,0.0,0.0,0.18956521739130436
35.0,6.0,2.0,0.1,0.075,0.2,1.0,562.0,0.0,0.0,0.19395017793594305
35.0,6.0,3.0,0.1,0.075,0.2,1.0,556.0,0.0,0.0,0.18884892086330934
35.0,6.0,4.0,0.1,0.075,0.2,1.0,558.0,0.0,0.0,0.1953405017921147
35.0,6.0,5.0,0.1,0.075,0.2,1.0,554.0,0.0,0.0,0.19133574007220217
35.0,6.0,6.0,0.1,0.075,0.2,1.0,555.0,0.0,0.0,0.1963963963963964
35.0,6.0,7.0,0.1,0.075,0.2,1.0,553.0,0.0,0.0,0.189873417721519
35.0,6.0,8.0,0.1,0.075,0.2,1.0,551.0,0.0,0.0,0.19600725952813067
35.0,6.0,9.0,0.1,0.075,0.2,1.0,546.0,0.0,0.0,0.184981684981685
35.0,6.0,10.0,0.1,0.075,0.2,1.0,546.0,0.0,0.0,0.19413919413919414
35.0,6.0,11.0,0.1,0.075,0.2,1.0,544.0,0.0,0.0,0.18566176470588236
35.0,6.0,12.0,0.1,0.075,0.2,1.0,539.0,0.0,0.0,0.19109461966604824
35.0,6.0,13.0,0.1,0.075,0.2,1.0,538.0,0.0,0.0,0.18587360594795538
35.0,6.0,14.0,0.1,0.075,0.2,1.0,512.0,0.0,0.0,0.1875
35.0,6.0,15.0,0.1,0.075,0.2,1.0,511.0,0.0,0.0,0.18199608610567514
35.0,6.0,16.0,0.1,0.075,0.2,1.0,509.0,0.0,0.0,0.18860510805500982
35.0,6.0,17.0,0.1,0.075,0.2,1.0,495.0,0.0,0.0,0.18787878787878787
35.0,6.0,18.0,0.1,0.075,0.2,1.0,498.0,0.0,0.0,0.1927710843373494
35.0,6.0,19.0,0.1,0.075,0.2,1.0,499.0,0.0,0.0,0.1843687374749499
35.0,6.0,20.0,0.1,0.075,0.2,1.0,977.0,0.0,0.0,0.09723643807574207
35.0,6.0,21.0,0.1,0.075,0.2,1.0,913.0,0.0,0.0,0.09748083242059145
35.0,6.0,22.0,0.1,0.075,0.2,1.0,875.0,0.0,0.0,0.10171428571428572
35.0,6.0,23.0,0.1,0.075,0.2,1.0,853.0,0.0,0.0,0.09964830011723329
35.0,6.0,24.0,0.1,0.075,0.2,1.0,847.0,0.0,0.0,0.09917355371900827
35.0,6.0,25.0,0.1,0.075,0.2,1.0,803.0,0.0,0.0,0.09838107098381071
35.0,6.0,26.0,0.1,0.075,0.2,1.0,785.0,0.0,0.0,0.0980891719745223
35.0,6.0,27.0,0.1,0.075,0.2,1.0,766.0,0.0,0.0,0.09921671018276762
35.0,6.0,28.0,0.1,0.075,0.2,1.0,754.0,0.0,0.0,0.10212201591511937
35.0,6.0,29.0,0.1,0.075,0.2,1.0,751.0,0.0,0.0,0.10119840213049268
35.0,6.0,30.0,0.1,0.075,0.2,1.0,755.0,0.0,0.0,0.10198675496688742
35.0,6.0,31.0,0.1,0.075,0.2,1.0,752.0,0.0,0.0,0.10106382978723404
35.0,6.0,32.0,0.1,0.075,0.2,1.0,742.0,0.0,0.0,0.10242587601078167
35.0,6.0,33.0,0.1,0.075,0.2,1.0,720.0,0.0,0.0,0.10277777777777777
35.0,6.0,34.0,0.1,0.075,0.2,1.0,703.0,0.0,0.0,0.10526315789473684
35.0,6.0,35.0,0.1,0.075,0.2,1.0,704.0,0.0,0.0,0.10369318181818182
35.0,6.0,36.0,0.1,0.075,0.2,1.0,690.0,0.0,0.0,0.1072463768115942
35.0,6.0,37.0,0.1,0.075,0.2,1.0,691.0,0.0,0.0,0.10564399421128799
35.0,6.0,38.0,0.1,0.075,0.2,1.0,693.0,0.0,0.0,0.10678210678210678
35.0,6.0,39.0,0.1,0.075,0.2,1.0,684.0,0.0,0.0,0.10526315789473684
35.0,6.0,40.0,0.1,0.075,0.2,1.0,690.0,0.0,0.0,0.10579710144927536
35.0,6.0,41.0,0.1,0.075,0.2,1.0,679.0,0.0,0.0,0.10603829160530191
35.0,6.0,42.0,0.1,0.075,0.2,1.0,677.0,0.0,0.0,0.10782865583456426
35.0,6.0,43.0,0.1,0.075,0.2,1.0,673.0,0.0,0.0,0.10698365527488855
35.0,6.0,44.0,0.1,0.075,0.2,1.0,667.0,0.0,0.0,0.10794602698650675
35.0,6.0,45.0,0.1,0.075,0.2,1.0,661.0,0.0,0.0,0.17397881996974282
35.0,6.0,46.0,0.1,0.075,0.2,1.0,663.0,0.0,0.0,0.17345399698340874
35.0,6.0,47.0,0.1,0.075,0.2,1.0,662.0,0.0,0.0,0.17220543806646527
35.0,6.0,48.0,0.1,0.075,0.2,1.0,654.0,0.0,0.0,0.16972477064220184
35.0,6.0,49.0,0.1,0.075,0.2,1.0,648.0,0.0,0.0,0.1712962962962963
35.0,6.0,50.0,0.1,0.075,0.2,1.0,643.0,0.0,0.0,0.17107309486780714
35.0,6.0,51.0,0.1,0.075,0.2,1.0,647.0,0.0,0.0,0.16846986089644514
35.0,6.0,52.0,0.1,0.075,0.2,1.0,640.0,0.0,0.0,0.1703125
35.0,7.0,1.0,0.1,0.075,0.2,1.0,601.0,0.0,0.0,0.1713810316139767
35.0,7.0,2.0,0.1,0.075,0.2,1.0,597.0,0.0,0.0,0.17252931323283083
35.0,7.0,3.0,0.1,0.075,0.2,1.0,602.0,0.0,0.0,0.16611295681063123
35.0,7.0,4.0,0.1,0.075,0.2,1.0,593.0,0.0,0.0,0.16694772344013492
35.0,7.0,5.0,0.1,0.075,0.2,1.0,595.0,0.0,0.0,0.16638655462184873
35.0,7.0,6.0,0.1,0.075,0.2,1.0,592.0,0.0,0.0,0.16722972972972974
35.0,7.0,7.0,0.1,0.075,0.2,1.0,591.0,0.0,0.0,0.16751269035532995
35.0,7.0,8.0,0.1,0.075,0.2,1.0,589.0,0.0,0.0,0.16808149405772496
35.0,7.0,9.0,0.1,0.075,0.2,1.0,587.0,0.0,0.0,0.1686541737649063
35.0,7.0,10.0,0.1,0.075,0.2,1.0,582.0,0.0,0.0,0.17010309278350516
35.0,7.0,11.0,0.1,0.075,0.2,1.0,586.0,0.0,0.0,0.1689419795221843
35.0,7.0,12.0,0.1,0.075,0.2,1.0,580.0,0.0,0.0,0.1706896551724138
35.0,7.0,13.0,0.1,0.075,0.2,1.0,585.0,0.0,0.0,0.1675213675213675
35.0,7.0,14.0,0.1,0.075,0.2,1.0,576.0,0.0,0.0,0.1701388888888889
35.0,7.0,15.0,0.1,0.075,0.2,1.0,586.0,0.0,0.0,0.16723549488054607
35.0,7.0,16.0,0.1,0.075,0.2,1.0,579.0,0.0,0.0,0.1692573402417962
35.0,7.0,17.0,0.1,0.075,0.2,1.0,578.0,0.0,0.0,0.16782006920415224
35.0,7.0,18.0,0.1,0.075,0.2,1.0,576.0,0.0,0.0,0.1684027777777778
35.0,7.0,19.0,0.1,0.075,0.2,1.0,579.0,0.0,0.0,0.16753022452504318
35.0,7.0,20.0,0.1,0.075,0.2,1.0,1090.0,0.0,0.0,0.0889908256880734
35.0,7.0,21.0,0.1,0.075,0.2,1.0,1056.0,0.0,0.0,0.09090909090909091
35.0,7.0,22.0,0.1,0.075,0.2,1.0,1039.0,0.0,0.0,0.09239653512993262
35.0,7.0,23.0,0.1,0.075,0.2,1.0,1024.0,0.0,0.0,0.0927734375
35.0,7.0,24.0,0.1,0.075,0.2,1.0,955.0,0.0,0.0,0.09842931937172775
35.0,7.0,25.0,0.1,0.075,0.2,1.0,962.0,0.0,0.0,0.09771309771309772
35.0,7.0,26.0,0.1,0.075,0.2,1.0,936.0,0.0,0.0,0.09935897435897435
35.0,7.0,27.0,0.1,0.075,0.2,1.0,901.0,0.0,0.0,0.10099889012208657
35.0,7.0,28.0,0.1,0.075,0.2,1.0,908.0,0.0,0.0,0.10022026431718062
35.0,7.0,29.0,0.1,0.075,0.2,1.0,886.0,0.0,0.0,0.10158013544018059
35.0,7.0,30.0,0.1,0.075,0.2,1.0,877.0,0.0,0.0,0.10034207525655645
35.0,7.0,31.0,0.1,0.075,0.2,1.0,842.0,0.0,0.0,0.10451306413301663
35.0,7.0,32.0,0.1,0.075,0.2,1.0,854.0,0.0,0.0,0.10304449648711944
35.0,7.0,33.0,0.1,0.075,0.2,1.0,812.0,0.0,0.0,0.10467980295566502
35.0,7.0,34.0,0.1,0.075,0.2,1.0,796.0,0.0,0.0,0.10678391959798995
35.0,7.0,35.0,0.1,0.075,0.2,1.0,756.0,0.0,0.0,0.1111111111111111
35.0,7.0,36.0,0.1,0.075,0.2,1.0,750.0,0.0,0.0,0.11066666666666666
35.0,7.0,37.0,0.1,0.075,0.2,1.0,745.0,0.0,0.0,0.11140939597315436
35.0,7.0,38.0,0.1,0.075,0.2,1.0,751.0,0.0,0.0,0.11051930758988016
35.0,7.0,39.0,0.1,0.075,0.2,1.0,728.0,0.0,0.0,0.11401098901098901
35.0,7.0,40.0,0.1,0.075,0.2,1.0,740.0,0.0,0.0,0.11081081081081082
35.0,7.0,41.0,0.1,0.075,0.2,1.0,730.0,0.0,0.0,0.11095890410958904
35.0,7.0,42.0,0.1,0.075,0.2,1.0,733.0,0.0,0.0,0.10914051841746249
35.0,7.0,43.0,0.1,0.075,0.2,1.0,716.0,0.0,0.0,0.11033519553072625
35.0,7.0,44.0,0.1,0.075,0.2,1.0,719.0,0.0,0.0,0.10848400556328233
35.0,7.0,45.0,0.1,0.075,0.2,1.0,694.0,0.0,0.0,0.1786743515850144
35.0,7.0,46.0,0.1,0.075,0.2,1.0,717.0,0.0,0.0,0.17573221757322174
35.0,7.0,47.0,0.1,0.075,0.2,1.0,689.0,0.0,0.0,0.17851959361393324
35.0,7.0,48.0,0.1,0.075,0.2,1.0,710.0,0.0,0.0,0.176056338028169
35.0,7.0,49.0,0.1,0.075,0.2,1.0,683.0,0.0,0.0,0.1800878477306003
35.0,7.0,50.0,0.1,0.075,0.2,1.0,698.0,0.0,0.0,0.17765042979942694
35.0,7.0,51.0,0.1,0.075,0.2,1.0,681.0,0.0,0.0,0.17914831130690162
35.0,7.0,52.0,0.1,0.075,0.2,1.0,683.0,0.0,0.0,0.1800878477306003
35.0,8.0,1.0,0.1,0.075,0.2,1.0,669.0,0.0,0.0,0.18236173393124067
35.0,8.0,2.0,0.1,0.075,0.2,1.0,682.0,0.0,0.0,0.18035190615835778
35.0,8.0,3.0,0.1,0.075,0.2,1.0,669.0,0.0,0.0,0.18236173393124067
35.0,8.0,4.0,0.1,0.075,0.2,1.0,683.0,0.0,0.0,0.1815519765739385
35.0,8.0,5.0,0.1,0.075,0.2,1.0,666.0,0.0,0.0,0.1831831831831832
35.0,8.0,6.0,0.1,0.075,0.2,1.0,683.0,0.0,0.0,0.1815519765739385
35.0,8.0,7.0,0.1,0.075,0.2,1.0,667.0,0.0,0.0,0.18140929535232383
35.0,8.0,8.0,0.1,0.075,0.2,1.0,680.0,0.0,0.0,0.18235294117647058
35.0,8.0,9.0,0.1,0.075,0.2,1.0,666.0,0.0,0.0,0.1831831831831832
35.0,8.0,10.0,0.1,0.075,0.2,1.0,675.0,0.0,0.0,0.1837037037037037
35.0,8.0,11.0,0.1,0.075,0.2,1.0,644.0,0.0,0.0,0.18478260869565216
35.0,8.0,12.0,0.1,0.075,0.2,1.0,651.0,0.0,0.0,0.18433179723502305
35.0,8.0,13.0,0.1,0.075,0.2,1.0,647.0,0.0,0.0,0.1839258114374034
35.0,8.0,14.0,0.1,0.075,0.2,1.0,650.0,0.0,0.0,0.18461538461538463
35.0,8.0,15.0,0.1,0.075,0.2,1.0,644.0,0.0,0.0,0.18322981366459629
35.0,8.0,16.0,0.1,0.075,0.2,1.0,648.0,0.0,0.0,0.18518518518518517
35.0,8.0,17.0,0.1,0.075,0.2,1.0,644.0,0.0,0.0,0.18322981366459629
35.0,8.0,18.0,0.1,0.075,0.2,1.0,652.0,0.0,0.0,0.18404907975460122
35.0,8.0,19.0,0.1,0.075,0.2,1.0,643.0,0.0,0.0,0.18351477449455678
35.0,8.0,20.0,0.1,0.075,0.2,1.0,1168.0,0.0,0.0,0.10273972602739725
35.0,8.0,21.0,0.1,0.075,0.2,1.0,1147.0,0.0,0.0,0.1028770706190061
35.0,8.0,22.0,0.1,0.075,0.2,1.0,1134.0,0.0,0.0,0.10582010582010581
35.0,8.0,23.0,0.1,0.075,0.2,1.0,1084.0,0.0,0.0,0.10608856088560886
35.0,8.0,24.0,0.1,0.075,0.2,1.0,1067.0,0.0,0.0,0.1077788191190253
35.0,8.0,25.0,0.1,0.075,0.2,1.0,1023.0,0.0,0.0,0.1104594330400782
35.0,8.0,26.0,0.1,0.075,0.2,1.0,1027.0,0.0,0.0,0.11197663096397274
35.0,8.0,27.0,0.1,0.075,0.2,1.0,973.0,0.0,0.0,0.11202466598150052
35.0,8.0,28.0,0.1,0.075,0.2,1.0,980.0,0.0,0.0,0.11122448979591837
35.0,8.0,29.0,0.1,0.075,0.2,1.0,952.0,0.0,0.0,0.11134453781512606
35.0,8.0,30.0,0.1,0.075,0.2,1.0,944.0,0.0,0.0,0.11228813559322035
35.0,8.0,31.0,0.1,0.075,0.2,1.0,900.0,0.0,0.0,0.11666666666666667
35.0,8.0,32.0,0.1,0.075,0.2,1.0,907.0,0.0,0.0,0.11576626240352811
35.0,8.0,33.0,0.1,0.075,0.2,1.0,861.0,0.0,0.0,0.11846689895470383
35.0,8.0,34.0,0.1,0.075,0.2,1.0,839.0,0.0,0.0,0.12157330154946365
35.0,8.0,35.0,0.1,0.075,0.2,1.0,827.0,0.0,0.0,0.12333736396614269
35.0,8.0,36.0,0.1,0.075,0.2,1.0,826.0,0.0,0.0,0.12227602905569007
35.0,8.0,37.0,0.1,0.075,0.2,1.0,814.0,0.0,0.0,0.12407862407862408
35.0,8.0,38.0,0.1,0.075,0.2,1.0,830.0,0.0,0.0,0.1216867469879518
35.0,8.0,39.0,0.1,0.075,0.2,1.0,796.0,0.0,0.0,0.12688442211055276
35.0,8.0,40.0,0.1,0.075,0.2,1.0,806.0,0.0,0.0,0.12406947890818859
35.0,8.0,41.0,0.1,0.075,0.2,1.0,786.0,0.0,0.0,0.1272264631043257
35.0,8.0,42.0,0.1,0.075,0.2,1.0,803.0,0.0,0.0,0.12453300124533001
35.0,8.0,43.0,0.1,0.075,0.2,1.0,786.0,0.0,0.0,0.1272264631043257
35.0,8.0,44.0,0.1,0.075,0.2,1.0,787.0,0.0,0.0,0.12706480304955528
35.0,8.0,45.0,0.1,0.075,0.2,1.0,762.0,0.0,0.0,0.21391076115485563
35.0,8.0,46.0,0.1,0.075,0.2,1.0,785.0,0.0,0.0,0.21273885350318472
35.0,8.0,47.0,0.1,0.075,0.2,1.0,752.0,0.0,0.0,0.21409574468085107
35.0,8.0,48.0,0.1,0.075,0.2,1.0,743.0,0.0,0.0,0.2180349932705249
35.0,8.0,49.0,0.1,0.075,0.2,1.0,718.0,0.0,0.0,0.2200557103064067
35.0,8.0,50.0,0.1,0.075,0.2,1.0,733.0,0.0,0.0,0.22100954979536153
35.0,8.0,51.0,0.1,0.075,0.2,1.0,720.0,0.0,0.0,0.21944444444444444
35.0,8.0,52.0,0.1,0.075,0.2,1.0,734.0,0.0,0.0,0.22070844686648503
35.0,9.0,1.0,0.1,0.075,0.2,1.0,716.0,0.0,0.0,0.2206703910614525
35.0,9.0,2.0,0.1,0.075,0.2,1.0,732.0,0.0,0.0,0.22131147540983606
35.0,9.0,3.0,0.1,0.075,0.2,1.0,716.0,0.0,0.0,0.22206703910614525
35.0,9.0,4.0,0.1,0.075,0.2,1.0,712.0,0.0,0.0,0.22331460674157302
35.0,9.0,5.0,0.1,0.075,0.2,1.0,712.0,0.0,0.0,0.22331460674157302
35.0,9.0,6.0,0.1,0.075,0.2,1.0,714.0,0.0,0.0,0.22268907563025211
35.0,9.0,7.0,0.1,0.075,0.2,1.0,703.0,0.0,0.0,0.22190611664295876
35.0,9.0,8.0,0.1,0.075,0.2,1.0,701.0,0.0,0.0,0.2225392296718973
35.0,9.0,9.0,0.1,0.075,0.2,1.0,704.0,0.0,0.0,0.2215909090909091
35.0,9.0,10.0,0.1,0.075,0.2,1.0,698.0,0.0,0.0,0.22206303724928367
35.0,9.0,11.0,0.1,0.075,0.2,1.0,701.0,0.0,0.0,0.2225392296718973
35.0,9.0,12.0,0.1,0.075,0.2,1.0,694.0,0.0,0.0,0.2219020172910663
35.0,9.0,13.0,0.1,0.075,0.2,1.0,701.0,0.0,0.0,0.2211126961483595
35.0,9.0,14.0,0.1,0.075,0.2,1.0,698.0,0.0,0.0,0.22206303724928367
35.0,9.0,15.0,0.1,0.075,0.2,1.0,699.0,0.0,0.0,0.22031473533619456
35.0,9.0,16.0,0.1,0.075,0.2,1.0,686.0,0.0,0.0,0.2230320699708455
35.0,9.0,17.0,0.1,0.075,0.2,1.0,698.0,0.0,0.0,0.22206303724928367
35.0,9.0,18.0,0.1,0.075,0.2,1.0,690.0,0.0,0.0,0.22028985507246376
35.0,9.0,19.0,0.1,0.075,0.2,1.0,697.0,0.0,0.0,0.2223816355810617
35.0,9.0,20.0,0.1,0.075,0.2,1.0,1207.0,0.0,0.0,0.11930405965202982
35.0,9.0,21.0,0.1,0.075,0.2,1.0,1220.0,0.0,0.0,0.12049180327868853
35.0,9.0,22.0,0.1,0.075,0.2,1.0,1175.0,0.0,0.0,0.12
35.0,9.0,23.0,0.1,0.075,0.2,1.0,1143.0,0.0,0.0,0.1242344706911636
35.0,9.0,24.0,0.1,0.075,0.2,1.0,1096.0,0.0,0.0,0.125
35.0,9.0,25.0,0.1,0.075,0.2,1.0,1058.0,0.0,0.0,0.1266540642722117
35.0,9.0,26.0,0.1,0.075,0.2,1.0,1018.0,0.0,0.0,0.12475442043222004
35.0,9.0,27.0,0.1,0.075,0.2,1.0,994.0,0.0,0.0,0.12374245472837023
35.0,9.0,28.0,0.1,0.075,0.2,1.0,990.0,0.0,0.0,0.12323232323232323
35.0,9.0,29.0,0.1,0.075,0.2,1.0,1000.0,0.0,0.0,0.124
35.0,9.0,30.0,0.1,0.075,0.2,1.0,938.0,0.0,0.0,0.1279317697228145
35.0,9.0,31.0,0.1,0.075,0.2,1.0,952.0,0.0,0.0,0.12710084033613445
35.0,9.0,32.0,0.1,0.075,0.2,1.0,928.0,0.0,0.0,0.13038793103448276
35.0,9.0,33.0,0.1,0.075,0.2,1.0,918.0,0.0,0.0,0.13071895424836602
35.0,9.0,34.0,0.1,0.075,0.2,1.0,921.0,0.0,0.0,0.13137893593919653
35.0,9.0,35.0,0.1,0.075,0.2,1.0,909.0,0.0,0.0,0.13091309130913092
35.0,9.0,36.0,0.1,0.075,0.2,1.0,905.0,0.0,0.0,0.13038674033149172
35.0,9.0,37.0,0.1,0.075,0.2,1.0,881.0,0.0,0.0,0.13280363223609534
35.0,9.0,38.0,0.1,0.075,0.2,1.0,864.0,0.0,0.0,0.13310185185185186
35.0,9.0,39.0,0.1,0.075,0.2,1.0,865.0,0.0,0.0,0.13410404624277455
35.0,9.0,40.0,0.1,0.075,0.2,1.0,847.0,0.0,0.0,0.13105076741440377
35.0,9.0,41.0,0.1,0.075,0.2,1.0,859.0,0.0,0.0,0.13271245634458673
35.0,9.0,42.0,0.1,0.075,0.2,1.0,849.0,0.0,0.0,0.13191990577149587
35.0,9.0,43.0,0.1,0.075,0.2,1.0,859.0,0.0,0.0,0.13271245634458673
35.0,9.0,44.0,0.1,0.075,0.2,1.0,828.0,0.0,0.0,0.13526570048309178
35.0,9.0,45.0,0.1,0.075,0.2,1.0,835.0,0.0,0.0,0.2119760479041916
35.0,9.0,46.0,0.1,0.075,0.2,1.0,829.0,0.0,0.0,0.2074788902291918
35.0,9.0,47.0,0.1,0.075,0.2,1.0,818.0,0.0,0.0,0.2139364303178484
35.0,9.0,48.0,0.1,0.075,0.2,1.0,798.0,0.0,0.0,0.21303258145363407
35.0,9.0,49.0,0.1,0.075,0.2,1.0,769.0,0.0,0.0,0.21846553966189858
35.0,9.0,50.0,0.1,0.075,0.2,1.0,776.0,0.0,0.0,0.21649484536082475
35.0,9.0,51.0,0.1,0.075,0.2,1.0,770.0,0.0,0.0,0.21948051948051947
35.0,9.0,52.0,0.1,0.075,0.2,1.0,777.0,0.0,0.0,0.21621621621621623
35.0,10.0,1.0,0.1,0.075,0.2,1.0,758.0,0.0,0.0,0.22295514511873352
35.0,10.0,2.0,0.1,0.075,0.2,1.0,763.0,0.0,0.0,0.22018348623853212
35.0,10.0,3.0,0.1,0.075,0.2,1.0,757.0,0.0,0.0,0.22324966974900926
35.0,10.0,4.0,0.1,0.075,0.2,1.0,761.0,0.0,0.0,0.22076215505913271
35.0,10.0,5.0,0.1,0.075,0.2,1.0,757.0,0.0,0.0,0.22192866578599735
35.0,10.0,6.0,0.1,0.075,0.2,1.0,761.0,0.0,0.0,0.22076215505913271
35.0,10.0,7.0,0.1,0.075,0.2,1.0,752.0,0.0,0.0,0.22340425531914893
35.0,10.0,8.0,0.1,0.075,0.2,1.0,745.0,0.0,0.0,0.22550335570469798
35.0,10.0,9.0,0.1,0.075,0.2,1.0,739.0,0.0,0.0,0.2273342354533153
35.0,10.0,10.0,0.1,0.075,0.2,1.0,742.0,0.0,0.0,0.22641509433962265
35.0,10.0,11.0,0.1,0.075,0.2,1.0,734.0,0.0,0.0,0.23024523160762944
35.0,10.0,12.0,0.1,0.075,0.2,1.0,743.0,0.0,0.0,0.22611036339165544
35.0,10.0,13.0,0.1,0.075,0.2,1.0,733.0,0.0,0.0,0.2291950886766712
35.0,10.0,14.0,0.1,0.075,0.2,1.0,738.0,0.0,0.0,0.22764227642276422
35.0,10.0,15.0,0.1,0.075,0.2,1.0,725.0,0.0,0.0,0.2289655172413793
35.0,10.0,16.0,0.1,0.075,0.2,1.0,725.0,0.0,0.0,0.22620689655172413
35.0,10.0,17.0,0.1,0.075,0.2,1.0,723.0,0.0,0.0,0.22959889349930843
35.0,10.0,18.0,0.1,0.075,0.2,1.0,721.0,0.0,0.0,0.2260748959778086
35.0,10.0,19.0,0.1,0.075,0.2,1.0,722.0,0.0,0.0,0.2299168975069252
35.0,10.0,20.0,0.1,0.075,0.2,1.0,1278.0,0.0,0.0,0.11502347417840375
35.0,10.0,21.0,0.1,0.075,0.2,1.0,1254.0,0.0,0.0,0.11802232854864433
35.0,10.0,22.0,0.1,0.075,0.2,1.0,1206.0,0.0,0.0,0.11857379767827529
35.0,10.0,23.0,0.1,0.075,0.2,1.0,1193.0,0.0,0.0,0.12154233025984912
35.0,10.0,24.0,0.1,0.075,0.2,1.0,1154.0,0.0,0.0,0.11785095320623917
35.0,10.0,25.0,0.1,0.075,0.2,1.0,1050.0,0.0,0.0,0.12
35.0,10.0,26.0,0.1,0.075,0.2,1.0,1037.0,0.0,0.0,0.11957569913211186
35.0,10.0,27.0,0.1,0.075,0.2,1.0,1005.0,0.0,0.0,0.12437810945273632
35.0,10.0,28.0,0.1,0.075,0.2,1.0,994.0,0.0,0.0,0.1227364185110664
35.0,10.0,29.0,0.1,0.075,0.2,1.0,968.0,0.0,0.0,0.12603305785123967
35.0,10.0,30.0,0.1,0.075,0.2,1.0,980.0,0.0,0.0,0.12346938775510204
35.0,10.0,31.0,0.1,0.075,0.2,1.0,948.0,0.0,0.0,0.12869198312236288
35.0,10.0,32.0,0.1,0.075,0.2,1.0,965.0,0.0,0.0,0.12538860103626942
35.0,10.0,33.0,0.1,0.075,0.2,1.0,954.0,0.0,0.0,0.12683438155136267
35.0,10.0,34.0,0.1,0.075,0.2,1.0,935.0,0.0,0.0,0.12834224598930483
35.0,10.0,35.0,0.1,0.075,0.2,1.0,923.0,0.0,0.0,0.12892741061755147
35.0,10.0,36.0,0.1,0.075,0.2,1.0,930.0,0.0,0.0,0.12580645161290321
35.0,10.0,37.0,0.1,0.075,0.2,1.0,907.0,0.0,0.0,0.13120176405733186
35.0,10.0,38.0,0.1,0.075,0.2,1.0,896.0,0.0,0.0,0.12611607142857142
35.0,10.0,39.0,0.1,0.075,0.2,1.0,881.0,0.0,0.0,0.13166855845629966
35.0,10.0,40.0,0.1,0.075,0.2,1.0,879.0,0.0,0.0,0.1285551763367463
35.0,10.0,41.0,0.1,0.075,0.2,1.0,831.0,0.0,0.0,0.13237063778580024
35.0,10.0,42.0,0.1,0.075,0.2,1.0,856.0,0.0,0.0,0.12733644859813084
35.0,10.0,43.0,0.1,0.075,0.2,1.0,831.0,0.0,0.0,0.13237063778580024
35.0,10.0,44.0,0.1,0.075,0.2,1.0,851.0,0.0,0.0,0.12808460634547592
35.0,10.0,45.0,0.1,0.075,0.2,1.0,824.0,0.0,0.0,0.20388349514563106
35.0,10.0,46.0,0.1,0.075,0.2,1.0,810.0,0.0,0.0,0.20246913580246914
35.0,10.0,47.0,0.1,0.075,0.2,1.0,802.0,0.0,0.0,0.2082294264339152
35.0,10.0,48.0,0.1,0.075,0.2,1.0,807.0,0.0,0.0,0.20446096654275092
35.0,10.0,49.0,0.1,0.075,0.2,1.0,794.0,0.0,0.0,0.20780856423173805
35.0,10.0,50.0,0.1,0.075,0.2,1.0,801.0,0.0,0.0,0.20599250936329588
35.0,10.0,51.0,0.1,0.075,0.2,1.0,799.0,0.0,0.0,0.20775969962453067
35.0,10.0,52.0,0.1,0.075,0.2,1.0,785.0,0.0,0.0,0.2050955414012739
36.0,1.0,1.0,0.1,0.075,0.2,1.0,5301.0,51.0,9.0,0.09903791737408037
36.0,1.0,2.0,0.1,0.075,0.2,1.0,5268.0,55.0,24.0,0.09832953682611997
36.0,1.0,3.0,0.1,0.075,0.2,1.0,5114.0,78.0,33.0,0.09620649198279234
36.0,1.0,4.0,0.1,0.075,0.2,1.0,4999.0,94.0,30.0,0.09601920384076815
36.0,1.0,5.0,0.1,0.075,0.2,1.0,4960.0,129.0,36.0,0.09979838709677419
36.0,1.0,6.0,0.1,0.075,0.2,1.0,4840.0,160.0,50.0,0.1
36.0,1.0,7.0,0.1,0.075,0.2,1.0,4732.0,196.0,72.0,0.09953508030431107
36.0,1.0,8.0,0.1,0.075,0.2,1.0,4627.0,246.0,96.0,0.10028095958504431
36.0,1.0,9.0,0.1,0.075,0.2,1.0,4520.0,289.0,115.0,0.1002212389380531
36.0,1.0,10.0,0.1,0.075,0.2,1.0,4363.0,347.0,130.0,0.10153564061425624
36.0,1.0,11.0,0.1,0.075,0.2,1.0,4249.0,390.0,165.0,0.10167098140738998
36.0,1.0,12.0,0.1,0.075,0.2,1.0,4153.0,433.0,183.0,0.10402118950156514
36.0,1.0,13.0,0.1,0.075,0.2,1.0,3990.0,467.0,211.0,0.10350877192982456
36.0,1.0,14.0,0.1,0.075,0.2,1.0,3818.0,466.0,209.0,0.10843373493975904
36.0,1.0,15.0,0.1,0.075,0.2,1.0,3719.0,476.0,211.0,0.10836246302769562
36.0,1.0,16.0,0.1,0.075,0.2,1.0,3595.0,473.0,222.0,0.1129346314325452
36.0,1.0,17.0,0.1,0.075,0.2,1.0,3473.0,464.0,226.0,0.11171897494961129
36.0,1.0,18.0,0.1,0.075,0.2,1.0,3355.0,465.0,231.0,0.11594634873323398
36.0,1.0,19.0,0.1,0.075,0.2,1.0,3248.0,430.0,232.0,0.11637931034482758
36.0,1.0,20.0,0.1,0.075,0.2,1.0,5881.0,434.0,225.0,0.06631525250807686
36.0,1.0,21.0,0.1,0.075,0.2,1.0,5364.0,493.0,217.0,0.06543624161073826
36.0,1.0,22.0,0.1,0.075,0.2,1.0,5021.0,519.0,198.0,0.07050388368850827
36.0,1.0,23.0,0.1,0.075,0.2,1.0,4725.0,546.0,212.0,0.07238095238095238
36.0,1.0,24.0,0.1,0.075,0.2,1.0,4354.0,506.0,207.0,0.07671107028020212
36.0,1.0,25.0,0.1,0.075,0.2,1.0,4105.0,532.0,216.0,0.07917174177831912
36.0,1.0,26.0,0.1,0.075,0.2,1.0,3957.0,579.0,237.0,0.08364922921405105
36.0,1.0,27.0,0.1,0.075,0.2,1.0,3695.0,582.0,246.0,0.08552097428958051
36.0,1.0,28.0,0.1,0.075,0.2,1.0,3552.0,615.0,257.0,0.09009009009009009
36.0,1.0,29.0,0.1,0.075,0.2,1.0,3347.0,620.0,281.0,0.09082760681207051
36.0,1.0,30.0,0.1,0.075,0.2,1.0,3191.0,627.0,305.0,0.09464117831400815
36.0,1.0,31.0,0.1,0.075,0.2,1.0,2920.0,590.0,297.0,0.0976027397260274
36.0,1.0,32.0,0.1,0.075,0.2,1.0,2744.0,576.0,266.0,0.10276967930029154
36.0,1.0,33.0,0.1,0.075,0.2,1.0,2531.0,535.0,238.0,0.10904780719083366
36.0,1.0,34.0,0.1,0.075,0.2,1.0,2405.0,525.0,247.0,0.1130977130977131
36.0,1.0,35.0,0.1,0.075,0.2,1.0,2253.0,503.0,264.0,0.11673324456280515
36.0,1.0,36.0,0.1,0.075,0.2,1.0,2146.0,480.0,260.0,0.1244175209692451
36.0,1.0,37.0,0.1,0.075,0.2,1.0,2017.0,437.0,244.0,0.1294000991571641
36.0,1.0,38.0,0.1,0.075,0.2,1.0,1871.0,376.0,199.0,0.13949759486905397
36.0,1.0,39.0,0.1,0.075,0.2,1.0,1761.0,337.0,181.0,0.1459398069278819
36.0,1.0,40.0,0.1,0.075,0.2,1.0,1660.0,295.0,150.0,0.15481927710843374
36.0,1.0,41.0,0.1,0.075,0.2,1.0,1553.0,260.0,137.0,0.16355441081777206
36.0,1.0,42.0,0.1,0.075,0.2,1.0,1470.0,224.0,116.0,0.17414965986394557
36.0,1.0,43.0,0.1,0.075,0.2,1.0,1362.0,193.0,104.0,0.18208516886930984
36.0,1.0,44.0,0.1,0.075,0.2,1.0,1289.0,172.0,93.0,0.19239720713731576
36.0,1.0,45.0,0.1,0.075,0.2,1.0,1233.0,158.0,84.0,0.2660178426601784
36.0,1.0,46.0,0.1,0.075,0.2,1.0,1171.0,135.0,68.0,0.2783945345858241
36.0,1.0,47.0,0.1,0.075,0.2,1.0,1090.0,110.0,54.0,0.2908256880733945
36.0,1.0,48.0,0.1,0.075,0.2,1.0,1067.0,99.0,55.0,0.29896907216494845
36.0,1.0,49.0,0.1,0.075,0.2,1.0,1016.0,78.0,53.0,0.3080708661417323
36.0,1.0,50.0,0.1,0.075,0.2,1.0,1008.0,78.0,49.0,0.30853174603174605
36.0,1.0,51.0,0.1,0.075,0.2,1.0,977.0,70.0,45.0,0.3132036847492323
36.0,1.0,52.0,0.1,0.075,0.2,1.0,945.0,61.0,32.0,0.31851851851851853
36.0,2.0,1.0,0.1,0.075,0.2,1.0,927.0,58.0,28.0,0.3268608414239482
36.0,2.0,2.0,0.1,0.075,0.2,1.0,907.0,50.0,21.0,0.33076074972436603
36.0,2.0,3.0,0.1,0.075,0.2,1.0,895.0,47.0,26.0,0.3340782122905028
36.0,2.0,4.0,0.1,0.075,0.2,1.0,871.0,45.0,25.0,0.3421354764638347
36.0,2.0,5.0,0.1,0.075,0.2,1.0,860.0,38.0,22.0,0.3453488372093023
36.0,2.0,6.0,0.1,0.075,0.2,1.0,845.0,28.0,17.0,0.3502958579881657
36.0,2.0,7.0,0.1,0.075,0.2,1.0,833.0,28.0,18.0,0.3553421368547419
36.0,2.0,8.0,0.1,0.075,0.2,1.0,821.0,25.0,18.0,0.35809987819732036
36.0,2.0,9.0,0.1,0.075,0.2,1.0,809.0,21.0,14.0,0.3621755253399258
36.0,2.0,10.0,0.1,0.075,0.2,1.0,795.0,16.0,8.0,0.36477987421383645
36.0,2.0,11.0,0.1,0.075,0.2,1.0,789.0,14.0,5.0,0.3650190114068441
36.0,2.0,12.0,0.1,0.075,0.2,1.0,776.0,12.0,4.0,0.3646907216494845
36.0,2.0,13.0,0.1,0.075,0.2,1.0,774.0,11.0,8.0,0.36304909560723514
36.0,2.0,14.0,0.1,0.075,0.2,1.0,762.0,10.0,7.0,0.36351706036745407
36.0,2.0,15.0,0.1,0.075,0.2,1.0,759.0,9.0,7.0,0.36363636363636365
36.0,2.0,16.0,0.1,0.075,0.2,1.0,743.0,4.0,4.0,0.3674293405114401
36.0,2.0,17.0,0.1,0.075,0.2,1.0,741.0,3.0,3.0,0.36707152496626183
36.0,2.0,18.0,0.1,0.075,0.2,1.0,731.0,2.0,2.0,0.3625170998632011
36.0,2.0,19.0,0.1,0.075,0.2,1.0,730.0,1.0,0.0,0.363013698630137
36.0,2.0,20.0,0.1,0.075,0.2,1.0,1292.0,1.0,0.0,0.20356037151702785
36.0,2.0,21.0,0.1,0.075,0.2,1.0,1274.0,1.0,0.0,0.20565149136577707
36.0,2.0,22.0,0.1,0.075,0.2,1.0,1237.0,1.0,1.0,0.20452708164915118
36.0,2.0,23.0,0.1,0.075,0.2,1.0,1225.0,2.0,1.0,0.2057142857142857
36.0,2.0,24.0,0.1,0.075,0.2,1.0,1208.0,3.0,1.0,0.2052980132450331
36.0,2.0,25.0,0.1,0.075,0.2,1.0,1194.0,3.0,0.0,0.20770519262981574
36.0,2.0,26.0,0.1,0.075,0.2,1.0,1158.0,3.0,1.0,0.20552677029360966
36.0,2.0,27.0,0.1,0.075,0.2,1.0,1145.0,3.0,2.0,0.20786026200873362
36.0,2.0,28.0,0.1,0.075,0.2,1.0,1085.0,3.0,3.0,0.2073732718894009
36.0,2.0,29.0,0.1,0.075,0.2,1.0,1089.0,2.0,2.0,0.20844811753902662
36.0,2.0,30.0,0.1,0.075,0.2,1.0,1073.0,2.0,1.0,0.2059645852749301
36.0,2.0,31.0,0.1,0.075,0.2,1.0,1031.0,1.0,0.0,0.2104752667313288
36.0,2.0,32.0,0.1,0.075,0.2,1.0,1024.0,1.0,0.0,0.2119140625
36.0,2.0,33.0,0.1,0.075,0.2,1.0,1014.0,1.0,0.0,0.21203155818540434
36.0,2.0,34.0,0.1,0.075,0.2,1.0,994.0,1.0,0.0,0.2112676056338028
36.0,2.0,35.0,0.1,0.075,0.2,1.0,957.0,1.0,1.0,0.21839080459770116
36.0,2.0,36.0,0.1,0.075,0.2,1.0,948.0,1.0,1.0,0.21940928270042195
36.0,2.0,37.0,0.1,0.075,0.2,1.0,946.0,2.0,1.0,0.21881606765327696
36.0,2.0,38.0,0.1,0.075,0.2,1.0,917.0,3.0,0.0,0.22137404580152673
36.0,2.0,39.0,0.1,0.075,0.2,1.0,917.0,3.0,0.0,0.22137404580152673
36.0,2.0,40.0,0.1,0.075,0.2,1.0,887.0,3.0,0.0,0.2209695603156708
36.0,2.0,41.0,0.1,0.075,0.2,1.0,889.0,3.0,1.0,0.2204724409448819
36.0,2.0,42.0,0.1,0.075,0.2,1.0,868.0,3.0,1.0,0.22004608294930875
36.0,2.0,43.0,0.1,0.075,0.2,1.0,873.0,3.0,2.0,0.22107674684994272
36.0,2.0,44.0,0.1,0.075,0.2,1.0,847.0,1.0,1.0,0.2243211334120425
36.0,2.0,45.0,0.1,0.075,0.2,1.0,853.0,1.0,1.0,0.2813599062133646
36.0,2.0,46.0,0.1,0.075,0.2,1.0,799.0,0.0,0.0,0.2928660826032541
36.0,2.0,47.0,0.1,0.075,0.2,1.0,808.0,0.0,0.0,0.2896039603960396
36.0,2.0,48.0,0.1,0.075,0.2,1.0,788.0,0.0,0.0,0.2893401015228426
36.0,2.0,49.0,0.1,0.075,0.2,1.0,786.0,0.0,0.0,0.2875318066157761
36.0,2.0,50.0,0.1,0.075,0.2,1.0,774.0,0.0,0.0,0.2868217054263566
36.0,2.0,51.0,0.1,0.075,0.2,1.0,774.0,0.0,0.0,0.29069767441860467
36.0,2.0,52.0,0.1,0.075,0.2,1.0,749.0,0.0,0.0,0.2883845126835781
36.0,3.0,1.0,0.1,0.075,0.2,1.0,742.0,0.0,0.0,0.29110512129380056
36.0,3.0,2.0,0.1,0.075,0.2,1.0,731.0,0.0,0.0,0.29001367989056087
36.0,3.0,3.0,0.1,0.075,0.2,1.0,735.0,0.0,0.0,0.2897959183673469
36.0,3.0,4.0,0.1,0.075,0.2,1.0,727.0,0.0,0.0,0.2902338376891334
36.0,3.0,5.0,0.1,0.075,0.2,1.0,728.0,0.0,0.0,0.29120879120879123
36.0,3.0,6.0,0.1,0.075,0.2,1.0,713.0,0.0,0.0,0.2917251051893408
36.0,3.0,7.0,0.1,0.075,0.2,1.0,715.0,0.0,0.0,0.2895104895104895
36.0,3.0,8.0,0.1,0.075,0.2,1.0,702.0,0.0,0.0,0.28917378917378916
36.0,3.0,9.0,0.1,0.075,0.2,1.0,695.0,0.0,0.0,0.28776978417266186
36.0,3.0,10.0,0.1,0.075,0.2,1.0,685.0,0.0,0.0,0.2846715328467153
36.0,3.0,11.0,0.1,0.075,0.2,1.0,688.0,0.0,0.0,0.28488372093023256
36.0,3.0,12.0,0.1,0.075,0.2,1.0,673.0,0.0,0.0,0.2867756315007429
36.0,3.0,13.0,0.1,0.075,0.2,1.0,677.0,0.0,0.0,0.2880354505169867
36.0,3.0,14.0,0.1,0.075,0.2,1.0,667.0,0.0,0.0,0.2863568215892054
36.0,3.0,15.0,0.1,0.075,0.2,1.0,670.0,0.0,0.0,0.2880597014925373
36.0,3.0,16.0,0.1,0.075,0.2,1.0,658.0,0.0,0.0,0.2887537993920973
36.0,3.0,17.0,0.1,0.075,0.2,1.0,660.0,0.0,0.0,0.2878787878787879
36.0,3.0,18.0,0.1,0.075,0.2,1.0,654.0,0.0,0.0,0.2874617737003058
36.0,3.0,19.0,0.1,0.075,0.2,1.0,654.0,0.0,0.0,0.2874617737003058
36.0,3.0,20.0,0.1,0.075,0.2,1.0,1131.0,0.0,0.0,0.16357206012378425
36.0,3.0,21.0,0.1,0.075,0.2,1.0,1117.0,0.0,0.0,0.1647269471799463
36.0,3.0,22.0,0.1,0.075,0.2,1.0,1064.0,0.0,0.0,0.16635338345864661
36.0,3.0,23.0,0.1,0.075,0.2,1.0,1050.0,0.0,0.0,0.16952380952380952
36.0,3.0,24.0,0.1,0.075,0.2,1.0,1031.0,0.0,0.0,0.1687681862269641
36.0,3.0,25.0,0.1,0.075,0.2,1.0,1018.0,0.0,0.0,0.16994106090373282
36.0,3.0,26.0,0.1,0.075,0.2,1.0,1010.0,0.0,0.0,0.16732673267326734
36.0,3.0,27.0,0.1,0.075,0.2,1.0,1010.0,0.0,0.0,0.16831683168316833
36.0,3.0,28.0,0.1,0.075,0.2,1.0,1002.0,0.0,0.0,0.16766467065868262
36.0,3.0,29.0,0.1,0.075,0.2,1.0,997.0,0.0,0.0,0.16649949849548645
36.0,3.0,30.0,0.1,0.075,0.2,1.0,971.0,0.0,0.0,0.16683831101956745
36.0,3.0,31.0,0.1,0.075,0.2,1.0,967.0,0.0,0.0,0.16649431230610134
36.0,3.0,32.0,0.1,0.075,0.2,1.0,948.0,0.0,0.0,0.169831223628692
36.0,3.0,33.0,0.1,0.075,0.2,1.0,918.0,0.0,0.0,0.1721132897603486
36.0,3.0,34.0,0.1,0.075,0.2,1.0,907.0,0.0,0.0,0.17420066152149946
36.0,3.0,35.0,0.1,0.075,0.2,1.0,899.0,0.0,0.0,0.17130144605116795
36.0,3.0,36.0,0.1,0.075,0.2,1.0,890.0,0.0,0.0,0.17303370786516853
36.0,3.0,37.0,0.1,0.075,0.2,1.0,884.0,0.0,0.0,0.17081447963800905
36.0,3.0,38.0,0.1,0.075,0.2,1.0,877.0,0.0,0.0,0.16875712656784492
36.0,3.0,39.0,0.1,0.075,0.2,1.0,864.0,0.0,0.0,0.16782407407407407
36.0,3.0,40.0,0.1,0.075,0.2,1.0,851.0,0.0,0.0,0.17156286721504113
36.0,3.0,41.0,0.1,0.075,0.2,1.0,839.0,0.0,0.0,0.16924910607866508
36.0,3.0,42.0,0.1,0.075,0.2,1.0,812.0,0.0,0.0,0.16995073891625614
36.0,3.0,43.0,0.1,0.075,0.2,1.0,810.0,0.0,0.0,0.16913580246913582
36.0,3.0,44.0,0.1,0.075,0.2,1.0,793.0,0.0,0.0,0.17150063051702397
36.0,3.0,45.0,0.1,0.075,0.2,1.0,772.0,0.0,0.0,0.24611398963730569
36.0,3.0,46.0,0.1,0.075,0.2,1.0,771.0,0.0,0.0,0.24773022049286642
36.0,3.0,47.0,0.1,0.075,0.2,1.0,767.0,0.0,0.0,0.24771838331160365
36.0,3.0,48.0,0.1,0.075,0.2,1.0,744.0,0.0,0.0,0.25
36.0,3.0,49.0,0.1,0.075,0.2,1.0,748.0,0.0,0.0,0.25
36.0,3.0,50.0,0.1,0.075,0.2,1.0,733.0,0.0,0.0,0.25375170532060026
36.0,3.0,51.0,0.1,0.075,0.2,1.0,733.0,0.0,0.0,0.252387448840382
36.0,3.0,52.0,0.1,0.075,0.2,1.0,725.0,0.0,0.0,0.2537931034482759
36.0,4.0,1.0,0.1,0.075,0.2,1.0,727.0,0.0,0.0,0.2530949105914718
36.0,4.0,2.0,0.1,0.075,0.2,1.0,718.0,0.0,0.0,0.25348189415041783
36.0,4.0,3.0,0.1,0.075,0.2,1.0,721.0,0.0,0.0,0.2538141470180305
36.0,4.0,4.0,0.1,0.075,0.2,1.0,708.0,0.0,0.0,0.2542372881355932
36.0,4.0,5.0,0.1,0.075,0.2,1.0,715.0,0.0,0.0,0.25314685314685315
36.0,4.0,6.0,0.1,0.075,0.2,1.0,709.0,0.0,0.0,0.2538787023977433
36.0,4.0,7.0,0.1,0.075,0.2,1.0,716.0,0.0,0.0,0.2527932960893855
36.0,4.0,8.0,0.1,0.075,0.2,1.0,703.0,0.0,0.0,0.2546230440967283
36.0,4.0,9.0,0.1,0.075,0.2,1.0,702.0,0.0,0.0,0.2492877492877493
36.0,4.0,10.0,0.1,0.075,0.2,1.0,694.0,0.0,0.0,0.2507204610951009
36.0,4.0,11.0,0.1,0.075,0.2,1.0,698.0,0.0,0.0,0.2492836676217765
36.0,4.0,12.0,0.1,0.075,0.2,1.0,686.0,0.0,0.0,0.2521865889212828
36.0,4.0,13.0,0.1,0.075,0.2,1.0,690.0,0.0,0.0,0.2492753623188406
36.0,4.0,14.0,0.1,0.075,0.2,1.0,678.0,0.0,0.0,0.252212389380531
36.0,4.0,15.0,0.1,0.075,0.2,1.0,682.0,0.0,0.0,0.250733137829912
36.0,4.0,16.0,0.1,0.075,0.2,1.0,674.0,0.0,0.0,0.2507418397626113
36.0,4.0,17.0,0.1,0.075,0.2,1.0,679.0,0.0,0.0,0.24889543446244478
36.0,4.0,18.0,0.1,0.075,0.2,1.0,669.0,0.0,0.0,0.24663677130044842
36.0,4.0,19.0,0.1,0.075,0.2,1.0,674.0,0.0,0.0,0.24480712166172106
36.0,4.0,20.0,0.1,0.075,0.2,1.0,1209.0,0.0,0.0,0.13564929693961952
36.0,4.0,21.0,0.1,0.075,0.2,1.0,1168.0,0.0,0.0,0.13527397260273974
36.0,4.0,22.0,0.1,0.075,0.2,1.0,1135.0,0.0,0.0,0.13832599118942732
36.0,4.0,23.0,0.1,0.075,0.2,1.0,1131.0,0.0,0.0,0.13704686118479223
36.0,4.0,24.0,0.1,0.075,0.2,1.0,1103.0,0.0,0.0,0.1387126019945603
36.0,4.0,25.0,0.1,0.075,0.2,1.0,1096.0,0.0,0.0,0.13594890510948904
36.0,4.0,26.0,0.1,0.075,0.2,1.0,1084.0,0.0,0.0,0.13745387453874539
36.0,4.0,27.0,0.1,0.075,0.2,1.0,1072.0,0.0,0.0,0.13619402985074627
36.0,4.0,28.0,0.1,0.075,0.2,1.0,1050.0,0.0,0.0,0.13904761904761906
36.0,4.0,29.0,0.1,0.075,0.2,1.0,1019.0,0.0,0.0,0.13738959764474976
36.0,4.0,30.0,0.1,0.075,0.2,1.0,1001.0,0.0,0.0,0.13786213786213786
36.0,4.0,31.0,0.1,0.075,0.2,1.0,983.0,0.0,0.0,0.13835198372329605
36.0,4.0,32.0,0.1,0.075,0.2,1.0,975.0,0.0,0.0,0.13948717948717948
36.0,4.0,33.0,0.1,0.075,0.2,1.0,965.0,0.0,0.0,0.14093264248704662
36.0,4.0,34.0,0.1,0.075,0.2,1.0,950.0,0.0,0.0,0.13894736842105262
36.0,4.0,35.0,0.1,0.075,0.2,1.0,901.0,0.0,0.0,0.146503884572697
36.0,4.0,36.0,0.1,0.075,0.2,1.0,878.0,0.0,0.0,0.1480637813211845
36.0,4.0,37.0,0.1,0.075,0.2,1.0,869.0,0.0,0.0,0.1472957422324511
36.0,4.0,38.0,0.1,0.075,0.2,1.0,859.0,0.0,0.0,0.1490104772991851
36.0,4.0,39.0,0.1,0.075,0.2,1.0,843.0,0.0,0.0,0.14709371293001186
36.0,4.0,40.0,0.1,0.075,0.2,1.0,826.0,0.0,0.0,0.15012106537530268
36.0,4.0,41.0,0.1,0.075,0.2,1.0,807.0,0.0,0.0,0.14993804213135067
36.0,4.0,42.0,0.1,0.075,0.2,1.0,810.0,0.0,0.0,0.14938271604938272
36.0,4.0,43.0,0.1,0.075,0.2,1.0,786.0,0.0,0.0,0.15267175572519084
36.0,4.0,44.0,0.1,0.075,0.2,1.0,784.0,0.0,0.0,0.15178571428571427
36.0,4.0,45.0,0.1,0.075,0.2,1.0,774.0,0.0,0.0,0.22093023255813954
36.0,4.0,46.0,0.1,0.075,0.2,1.0,770.0,0.0,0.0,0.22077922077922077
36.0,4.0,47.0,0.1,0.075,0.2,1.0,762.0,0.0,0.0,0.22178477690288714
36.0,4.0,48.0,0.1,0.075,0.2,1.0,752.0,0.0,0.0,0.22340425531914893
36.0,4.0,49.0,0.1,0.075,0.2,1.0,746.0,0.0,0.0,0.2225201072386059
36.0,4.0,50.0,0.1,0.075,0.2,1.0,737.0,0.0,0.0,0.22388059701492538
36.0,4.0,51.0,0.1,0.075,0.2,1.0,734.0,0.0,0.0,0.21934604904632152
36.0,4.0,52.0,0.1,0.075,0.2,1.0,722.0,0.0,0.0,0.22022160664819945
36.0,5.0,1.0,0.1,0.075,0.2,1.0,723.0,0.0,0.0,0.21853388658367912
36.0,5.0,2.0,0.1,0.075,0.2,1.0,714.0,0.0,0.0,0.22128851540616246
36.0,5.0,3.0,0.1,0.075,0.2,1.0,715.0,0.0,0.0,0.21958041958041957
36.0,5.0,4.0,0.1,0.075,0.2,1.0,709.0,0.0,0.0,0.22002820874471085
36.0,5.0,5.0,0.1,0.075,0.2,1.0,711.0,0.0,0.0,0.2180028129395218
36.0,5.0,6.0,0.1,0.075,0.2,1.0,706.0,0.0,0.0,0.21813031161473087
36.0,5.0,7.0,0.1,0.075,0.2,1.0,709.0,0.0,0.0,0.2157968970380818
36.0,5.0,8.0,0.1,0.075,0.2,1.0,700.0,0.0,0.0,0.21714285714285714
36.0,5.0,9.0,0.1,0.075,0.2,1.0,699.0,0.0,0.0,0.2145922746781116
36.0,5.0,10.0,0.1,0.075,0.2,1.0,694.0,0.0,0.0,0.21613832853025935
36.0,5.0,11.0,0.1,0.075,0.2,1.0,694.0,0.0,0.0,0.21613832853025935
36.0,5.0,12.0,0.1,0.075,0.2,1.0,674.0,0.0,0.0,0.2166172106824926
36.0,5.0,13.0,0.1,0.075,0.2,1.0,676.0,0.0,0.0,0.21597633136094674
36.0,5.0,14.0,0.1,0.075,0.2,1.0,674.0,0.0,0.0,0.2166172106824926
36.0,5.0,15.0,0.1,0.075,0.2,1.0,674.0,0.0,0.0,0.21513353115727002
36.0,5.0,16.0,0.1,0.075,0.2,1.0,656.0,0.0,0.0,0.21951219512195122
36.0,5.0,17.0,0.1,0.075,0.2,1.0,654.0,0.0,0.0,0.22018348623853212
36.0,5.0,18.0,0.1,0.075,0.2,1.0,652.0,0.0,0.0,0.22085889570552147
36.0,5.0,19.0,0.1,0.075,0.2,1.0,653.0,0.0,0.0,0.22052067381316998
36.0,5.0,20.0,0.1,0.075,0.2,1.0,1192.0,0.0,0.0,0.12080536912751678
36.0,5.0,21.0,0.1,0.075,0.2,1.0,1148.0,0.0,0.0,0.12282229965156795
36.0,5.0,22.0,0.1,0.075,0.2,1.0,1113.0,0.0,0.0,0.12309074573225516
36.0,5.0,23.0,0.1,0.075,0.2,1.0,1102.0,0.0,0.0,0.12431941923774954
36.0,5.0,24.0,0.1,0.075,0.2,1.0,1061.0,0.0,0.0,0.12441093308199812
36.0,5.0,25.0,0.1,0.075,0.2,1.0,1037.0,0.0,0.0,0.12343297974927676
36.0,5.0,26.0,0.1,0.075,0.2,1.0,1027.0,0.0,0.0,0.12366114897760468
36.0,5.0,27.0,0.1,0.075,0.2,1.0,1021.0,0.0,0.0,0.12536728697355534
36.0,5.0,28.0,0.1,0.075,0.2,1.0,1011.0,0.0,0.0,0.12363996043521266
36.0,5.0,29.0,0.1,0.075,0.2,1.0,996.0,0.0,0.0,0.12449799196787148
36.0,5.0,30.0,0.1,0.075,0.2,1.0,994.0,0.0,0.0,0.12374245472837023
36.0,5.0,31.0,0.1,0.075,0.2,1.0,961.0,0.0,0.0,0.12903225806451613
36.0,5.0,32.0,0.1,0.075,0.2,1.0,931.0,0.0,0.0,0.1267454350161117
36.0,5.0,33.0,0.1,0.075,0.2,1.0,926.0,0.0,0.0,0.12742980561555076
36.0,5.0,34.0,0.1,0.075,0.2,1.0,861.0,0.0,0.0,0.1289198606271777
36.0,5.0,35.0,0.1,0.075,0.2,1.0,822.0,0.0,0.0,0.13138686131386862
36.0,5.0,36.0,0.1,0.075,0.2,1.0,778.0,0.0,0.0,0.13496143958868895
36.0,5.0,37.0,0.1,0.075,0.2,1.0,785.0,0.0,0.0,0.1337579617834395
36.0,5.0,38.0,0.1,0.075,0.2,1.0,771.0,0.0,0.0,0.13229571984435798
36.0,5.0,39.0,0.1,0.075,0.2,1.0,779.0,0.0,0.0,0.13478818998716302
36.0,5.0,40.0,0.1,0.075,0.2,1.0,768.0,0.0,0.0,0.1328125
36.0,5.0,41.0,0.1,0.075,0.2,1.0,761.0,0.0,0.0,0.1340341655716163
36.0,5.0,42.0,0.1,0.075,0.2,1.0,747.0,0.0,0.0,0.13520749665327977
36.0,5.0,43.0,0.1,0.075,0.2,1.0,753.0,0.0,0.0,0.1341301460823373
36.0,5.0,44.0,0.1,0.075,0.2,1.0,740.0,0.0,0.0,0.13378378378378378
36.0,5.0,45.0,0.1,0.075,0.2,1.0,735.0,0.0,0.0,0.2163265306122449
36.0,5.0,46.0,0.1,0.075,0.2,1.0,711.0,0.0,0.0,0.2180028129395218
36.0,5.0,47.0,0.1,0.075,0.2,1.0,717.0,0.0,0.0,0.2203626220362622
36.0,5.0,48.0,0.1,0.075,0.2,1.0,708.0,0.0,0.0,0.2189265536723164
36.0,5.0,49.0,0.1,0.075,0.2,1.0,716.0,0.0,0.0,0.2206703910614525
36.0,5.0,50.0,0.1,0.075,0.2,1.0,692.0,0.0,0.0,0.22254335260115607
36.0,5.0,51.0,0.1,0.075,0.2,1.0,686.0,0.0,0.0,0.22157434402332363
36.0,5.0,52.0,0.1,0.075,0.2,1.0,675.0,0.0,0.0,0.22074074074074074
36.0,6.0,1.0,0.1,0.075,0.2,1.0,681.0,0.0,0.0,0.22026431718061673
36.0,6.0,2.0,0.1,0.075,0.2,1.0,654.0,0.0,0.0,0.21559633027522937
36.0,6.0,3.0,0.1,0.075,0.2,1.0,662.0,0.0,0.0,0.2175226586102719
36.0,6.0,4.0,0.1,0.075,0.2,1.0,654.0,0.0,0.0,0.21559633027522937
36.0,6.0,5.0,0.1,0.075,0.2,1.0,660.0,0.0,0.0,0.21666666666666667
36.0,6.0,6.0,0.1,0.075,0.2,1.0,652.0,0.0,0.0,0.2147239263803681
36.0,6.0,7.0,0.1,0.075,0.2,1.0,660.0,0.0,0.0,0.21666666666666667
36.0,6.0,8.0,0.1,0.075,0.2,1.0,647.0,0.0,0.0,0.21483771251931993
36.0,6.0,9.0,0.1,0.075,0.2,1.0,656.0,0.0,0.0,0.21646341463414634
36.0,6.0,10.0,0.1,0.075,0.2,1.0,645.0,0.0,0.0,0.21395348837209302
36.0,6.0,11.0,0.1,0.075,0.2,1.0,652.0,0.0,0.0,0.21625766871165644
36.0,6.0,12.0,0.1,0.075,0.2,1.0,639.0,0.0,0.0,0.21283255086071987
36.0,6.0,13.0,0.1,0.075,0.2,1.0,645.0,0.0,0.0,0.21395348837209302
36.0,6.0,14.0,0.1,0.075,0.2,1.0,636.0,0.0,0.0,0.21226415094339623
36.0,6.0,15.0,0.1,0.075,0.2,1.0,644.0,0.0,0.0,0.21428571428571427
36.0,6.0,16.0,0.1,0.075,0.2,1.0,635.0,0.0,0.0,0.2125984251968504
36.0,6.0,17.0,0.1,0.075,0.2,1.0,642.0,0.0,0.0,0.21339563862928349
36.0,6.0,18.0,0.1,0.075,0.2,1.0,633.0,0.0,0.0,0.21169036334913113
36.0,6.0,19.0,0.1,0.075,0.2,1.0,638.0,0.0,0.0,0.2115987460815047
36.0,6.0,20.0,0.1,0.075,0.2,1.0,1104.0,0.0,0.0,0.11956521739130435
36.0,6.0,21.0,0.1,0.075,0.2,1.0,1044.0,0.0,0.0,0.11877394636015326
36.0,6.0,22.0,0.1,0.075,0.2,1.0,1020.0,0.0,0.0,0.11960784313725491
36.0,6.0,23.0,0.1,0.075,0.2,1.0,1005.0,0.0,0.0,0.11940298507462686
36.0,6.0,24.0,0.1,0.075,0.2,1.0,951.0,0.0,0.0,0.12092534174553102
36.0,6.0,25.0,0.1,0.075,0.2,1.0,907.0,0.0,0.0,0.11576626240352811
36.0,6.0,26.0,0.1,0.075,0.2,1.0,886.0,0.0,0.0,0.11851015801354402
36.0,6.0,27.0,0.1,0.075,0.2,1.0,873.0,0.0,0.0,0.12027491408934708
36.0,6.0,28.0,0.1,0.075,0.2,1.0,830.0,0.0,0.0,0.12289156626506025
36.0,6.0,29.0,0.1,0.075,0.2,1.0,829.0,0.0,0.0,0.1218335343787696
36.0,6.0,30.0,0.1,0.075,0.2,1.0,795.0,0.0,0.0,0.12452830188679245
36.0,6.0,31.0,0.1,0.075,0.2,1.0,800.0,0.0,0.0,0.1225
36.0,6.0,32.0,0.1,0.075,0.2,1.0,781.0,0.0,0.0,0.12291933418693982
36.0,6.0,33.0,0.1,0.075,0.2,1.0,774.0,0.0,0.0,0.12015503875968993
36.0,6.0,34.0,0.1,0.075,0.2,1.0,761.0,0.0,0.0,0.12089356110381078
36.0,6.0,35.0,0.1,0.075,0.2,1.0,765.0,0.0,0.0,0.12026143790849673
36.0,6.0,36.0,0.1,0.075,0.2,1.0,741.0,0.0,0.0,0.11875843454790823
36.0,6.0,37.0,0.1,0.075,0.2,1.0,748.0,0.0,0.0,0.1163101604278075
36.0,6.0,38.0,0.1,0.075,0.2,1.0,739.0,0.0,0.0,0.11772665764546685
36.0,6.0,39.0,0.1,0.075,0.2,1.0,719.0,0.0,0.0,0.11821974965229486
36.0,6.0,40.0,0.1,0.075,0.2,1.0,700.0,0.0,0.0,0.12142857142857143
36.0,6.0,41.0,0.1,0.075,0.2,1.0,702.0,0.0,0.0,0.12108262108262108
36.0,6.0,42.0,0.1,0.075,0.2,1.0,671.0,0.0,0.0,0.12369597615499255
36.0,6.0,43.0,0.1,0.075,0.2,1.0,672.0,0.0,0.0,0.12053571428571429
36.0,6.0,44.0,0.1,0.075,0.2,1.0,643.0,0.0,0.0,0.12597200622083982
36.0,6.0,45.0,0.1,0.075,0.2,1.0,645.0,0.0,0.0,0.18294573643410852
36.0,6.0,46.0,0.1,0.075,0.2,1.0,626.0,0.0,0.0,0.1853035143769968
36.0,6.0,47.0,0.1,0.075,0.2,1.0,639.0,0.0,0.0,0.18309859154929578
36.0,6.0,48.0,0.1,0.075,0.2,1.0,625.0,0.0,0.0,0.1856
36.0,6.0,49.0,0.1,0.075,0.2,1.0,627.0,0.0,0.0,0.1850079744816587
36.0,6.0,50.0,0.1,0.075,0.2,1.0,604.0,0.0,0.0,0.19039735099337748
36.0,6.0,51.0,0.1,0.075,0.2,1.0,609.0,0.0,0.0,0.18883415435139572
36.0,6.0,52.0,0.1,0.075,0.2,1.0,596.0,0.0,0.0,0.18791946308724833
36.0,7.0,1.0,0.1,0.075,0.2,1.0,584.0,0.0,0.0,0.18664383561643835
36.0,7.0,2.0,0.1,0.075,0.2,1.0,577.0,0.0,0.0,0.18717504332755633
36.0,7.0,3.0,0.1,0.075,0.2,1.0,582.0,0.0,0.0,0.18556701030927836
36.0,7.0,4.0,0.1,0.075,0.2,1.0,575.0,0.0,0.0,0.18782608695652173
36.0,7.0,5.0,0.1,0.075,0.2,1.0,570.0,0.0,0.0,0.18947368421052632
36.0,7.0,6.0,0.1,0.075,0.2,1.0,563.0,0.0,0.0,0.19182948490230906
36.0,7.0,7.0,0.1,0.075,0.2,1.0,569.0,0.0,0.0,0.18980667838312829
36.0,7.0,8.0,0.1,0.075,0.2,1.0,561.0,0.0,0.0,0.1925133689839572
36.0,7.0,9.0,0.1,0.075,0.2,1.0,565.0,0.0,0.0,0.1911504424778761
36.0,7.0,10.0,0.1,0.075,0.2,1.0,556.0,0.0,0.0,0.19424460431654678
36.0,7.0,11.0,0.1,0.075,0.2,1.0,562.0,0.0,0.0,0.19217081850533807
36.0,7.0,12.0,0.1,0.075,0.2,1.0,554.0,0.0,0.0,0.1931407942238267
36.0,7.0,13.0,0.1,0.075,0.2,1.0,561.0,0.0,0.0,0.19073083778966132
36.0,7.0,14.0,0.1,0.075,0.2,1.0,553.0,0.0,0.0,0.19168173598553345
36.0,7.0,15.0,0.1,0.075,0.2,1.0,559.0,0.0,0.0,0.18783542039355994
36.0,7.0,16.0,0.1,0.075,0.2,1.0,550.0,0.0,0.0,0.1890909090909091
36.0,7.0,17.0,0.1,0.075,0.2,1.0,556.0,0.0,0.0,0.18705035971223022
36.0,7.0,18.0,0.1,0.075,0.2,1.0,548.0,0.0,0.0,0.1897810218978102
36.0,7.0,19.0,0.1,0.075,0.2,1.0,556.0,0.0,0.0,0.18705035971223022
36.0,7.0,20.0,0.1,0.075,0.2,1.0,1003.0,0.0,0.0,0.1036889332003988
36.0,7.0,21.0,0.1,0.075,0.2,1.0,982.0,0.0,0.0,0.10285132382892057
36.0,7.0,22.0,0.1,0.075,0.2,1.0,956.0,0.0,0.0,0.10564853556485355
36.0,7.0,23.0,0.1,0.075,0.2,1.0,962.0,0.0,0.0,0.10395010395010396
36.0,7.0,24.0,0.1,0.075,0.2,1.0,944.0,0.0,0.0,0.1059322033898305
36.0,7.0,25.0,0.1,0.075,0.2,1.0,927.0,0.0,0.0,0.104638619201726
36.0,7.0,26.0,0.1,0.075,0.2,1.0,921.0,0.0,0.0,0.10640608034744843
36.0,7.0,27.0,0.1,0.075,0.2,1.0,872.0,0.0,0.0,0.10550458715596331
36.0,7.0,28.0,0.1,0.075,0.2,1.0,855.0,0.0,0.0,0.1064327485380117
36.0,7.0,29.0,0.1,0.075,0.2,1.0,838.0,0.0,0.0,0.10620525059665871
36.0,7.0,30.0,0.1,0.075,0.2,1.0,817.0,0.0,0.0,0.11015911872705018
36.0,7.0,31.0,0.1,0.075,0.2,1.0,810.0,0.0,0.0,0.10740740740740741
36.0,7.0,32.0,0.1,0.075,0.2,1.0,786.0,0.0,0.0,0.10687022900763359
36.0,7.0,33.0,0.1,0.075,0.2,1.0,798.0,0.0,0.0,0.10651629072681704
36.0,7.0,34.0,0.1,0.075,0.2,1.0,774.0,0.0,0.0,0.10852713178294573
36.0,7.0,35.0,0.1,0.075,0.2,1.0,768.0,0.0,0.0,0.10546875
36.0,7.0,36.0,0.1,0.075,0.2,1.0,757.0,0.0,0.0,0.10700132100396301
36.0,7.0,37.0,0.1,0.075,0.2,1.0,754.0,0.0,0.0,0.10610079575596817
36.0,7.0,38.0,0.1,0.075,0.2,1.0,750.0,0.0,0.0,0.108
36.0,7.0,39.0,0.1,0.075,0.2,1.0,748.0,0.0,0.0,0.10695187165775401
36.0,7.0,40.0,0.1,0.075,0.2,1.0,723.0,0.0,0.0,0.1078838174273859
36.0,7.0,41.0,0.1,0.075,0.2,1.0,720.0,0.0,0.0,0.10833333333333334
36.0,7.0,42.0,0.1,0.075,0.2,1.0,709.0,0.0,0.0,0.10860366713681241
36.0,7.0,43.0,0.1,0.075,0.2,1.0,696.0,0.0,0.0,0.10344827586206896
36.0,7.0,44.0,0.1,0.075,0.2,1.0,650.0,0.0,0.0,0.11076923076923077
36.0,7.0,45.0,0.1,0.075,0.2,1.0,636.0,0.0,0.0,0.1761006289308176
36.0,7.0,46.0,0.1,0.075,0.2,1.0,614.0,0.0,0.0,0.1791530944625407
36.0,7.0,47.0,0.1,0.075,0.2,1.0,617.0,0.0,0.0,0.17828200972447325
36.0,7.0,48.0,0.1,0.075,0.2,1.0,612.0,0.0,0.0,0.17973856209150327
36.0,7.0,49.0,0.1,0.075,0.2,1.0,615.0,0.0,0.0,0.17560975609756097
36.0,7.0,50.0,0.1,0.075,0.2,1.0,609.0,0.0,0.0,0.17733990147783252
36.0,7.0,51.0,0.1,0.075,0.2,1.0,612.0,0.0,0.0,0.17647058823529413
36.0,7.0,52.0,0.1,0.075,0.2,1.0,596.0,0.0,0.0,0.17953020134228187
36.0,8.0,1.0,0.1,0.075,0.2,1.0,582.0,0.0,0.0,0.17697594501718214
36.0,8.0,2.0,0.1,0.075,0.2,1.0,581.0,0.0,0.0,0.17728055077452667
36.0,8.0,3.0,0.1,0.075,0.2,1.0,577.0,0.0,0.0,0.17850953206239167
36.0,8.0,4.0,0.1,0.075,0.2,1.0,576.0,0.0,0.0,0.17881944444444445
36.0,8.0,5.0,0.1,0.075,0.2,1.0,573.0,0.0,0.0,0.17801047120418848
36.0,8.0,6.0,0.1,0.075,0.2,1.0,574.0,0.0,0.0,0.17770034843205576
36.0,8.0,7.0,0.1,0.075,0.2,1.0,570.0,0.0,0.0,0.17894736842105263
36.0,8.0,8.0,0.1,0.075,0.2,1.0,573.0,0.0,0.0,0.17801047120418848
36.0,8.0,9.0,0.1,0.075,0.2,1.0,567.0,0.0,0.0,0.1781305114638448
36.0,8.0,10.0,0.1,0.075,0.2,1.0,567.0,0.0,0.0,0.17989417989417988
36.0,8.0,11.0,0.1,0.075,0.2,1.0,551.0,0.0,0.0,0.17967332123411978
36.0,8.0,12.0,0.1,0.075,0.2,1.0,553.0,0.0,0.0,0.18083182640144665
36.0,8.0,13.0,0.1,0.075,0.2,1.0,550.0,0.0,0.0,0.18
36.0,8.0,14.0,0.1,0.075,0.2,1.0,553.0,0.0,0.0,0.18083182640144665
36.0,8.0,15.0,0.1,0.075,0.2,1.0,549.0,0.0,0.0,0.1785063752276867
36.0,8.0,16.0,0.1,0.075,0.2,1.0,554.0,0.0,0.0,0.18050541516245489
36.0,8.0,17.0,0.1,0.075,0.2,1.0,549.0,0.0,0.0,0.1785063752276867
36.0,8.0,18.0,0.1,0.075,0.2,1.0,554.0,0.0,0.0,0.18050541516245489
36.0,8.0,19.0,0.1,0.075,0.2,1.0,549.0,0.0,0.0,0.1785063752276867
36.0,8.0,20.0,0.1,0.075,0.2,1.0,992.0,0.0,0.0,0.10080645161290322
36.0,8.0,21.0,0.1,0.075,0.2,1.0,987.0,0.0,0.0,0.09929078014184398
36.0,8.0,22.0,0.1,0.075,0.2,1.0,978.0,0.0,0.0,0.09918200408997956
36.0,8.0,23.0,0.1,0.075,0.2,1.0,962.0,0.0,0.0,0.09875259875259876
36.0,8.0,24.0,0.1,0.075,0.2,1.0,953.0,0.0,0.0,0.09968520461699895
36.0,8.0,25.0,0.1,0.075,0.2,1.0,899.0,0.0,0.0,0.10233592880978866
36.0,8.0,26.0,0.1,0.075,0.2,1.0,891.0,0.0,0.0,0.10437710437710437
36.0,8.0,27.0,0.1,0.075,0.2,1.0,850.0,0.0,0.0,0.10588235294117647
36.0,8.0,28.0,0.1,0.075,0.2,1.0,844.0,0.0,0.0,0.10900473933649289
36.0,8.0,29.0,0.1,0.075,0.2,1.0,805.0,0.0,0.0,0.10683229813664596
36.0,8.0,30.0,0.1,0.075,0.2,1.0,806.0,0.0,0.0,0.10918114143920596
36.0,8.0,31.0,0.1,0.075,0.2,1.0,805.0,0.0,0.0,0.10683229813664596
36.0,8.0,32.0,0.1,0.075,0.2,1.0,789.0,0.0,0.0,0.11153358681875793
36.0,8.0,33.0,0.1,0.075,0.2,1.0,786.0,0.0,0.0,0.10941475826972011
36.0,8.0,34.0,0.1,0.075,0.2,1.0,789.0,0.0,0.0,0.11153358681875793
36.0,8.0,35.0,0.1,0.075,0.2,1.0,781.0,0.0,0.0,0.11011523687580026
36.0,8.0,36.0,0.1,0.075,0.2,1.0,788.0,0.0,0.0,0.1116751269035533
36.0,8.0,37.0,0.1,0.075,0.2,1.0,756.0,0.0,0.0,0.10846560846560846
36.0,8.0,38.0,0.1,0.075,0.2,1.0,763.0,0.0,0.0,0.11009174311926606
36.0,8.0,39.0,0.1,0.075,0.2,1.0,755.0,0.0,0.0,0.10860927152317881
36.0,8.0,40.0,0.1,0.075,0.2,1.0,752.0,0.0,0.0,0.11037234042553191
36.0,8.0,41.0,0.1,0.075,0.2,1.0,731.0,0.0,0.0,0.10807113543091655
36.0,8.0,42.0,0.1,0.075,0.2,1.0,740.0,0.0,0.0,0.10945945945945947
36.0,8.0,43.0,0.1,0.075,0.2,1.0,732.0,0.0,0.0,0.10792349726775956
36.0,8.0,44.0,0.1,0.075,0.2,1.0,739.0,0.0,0.0,0.10960757780784844
36.0,8.0,45.0,0.1,0.075,0.2,1.0,690.0,0.0,0.0,0.18405797101449275
36.0,8.0,46.0,0.1,0.075,0.2,1.0,673.0,0.0,0.0,0.1887072808320951
36.0,8.0,47.0,0.1,0.075,0.2,1.0,665.0,0.0,0.0,0.18646616541353384
36.0,8.0,48.0,0.1,0.075,0.2,1.0,659.0,0.0,0.0,0.19423368740515934
36.0,8.0,49.0,0.1,0.075,0.2,1.0,650.0,0.0,0.0,0.19076923076923077
36.0,8.0,50.0,0.1,0.075,0.2,1.0,659.0,0.0,0.0,0.19423368740515934
36.0,8.0,51.0,0.1,0.075,0.2,1.0,650.0,0.0,0.0,0.19076923076923077
36.0,8.0,52.0,0.1,0.075,0.2,1.0,656.0,0.0,0.0,0.1951219512195122
36.0,9.0,1.0,0.1,0.075,0.2,1.0,648.0,0.0,0.0,0.19135802469135801
36.0,9.0,2.0,0.1,0.075,0.2,1.0,656.0,0.0,0.0,0.1951219512195122
36.0,9.0,3.0,0.1,0.075,0.2,1.0,648.0,0.0,0.0,0.19135802469135801
36.0,9.0,4.0,0.1,0.075,0.2,1.0,654.0,0.0,0.0,0.19571865443425077
36.0,9.0,5.0,0.1,0.075,0.2,1.0,647.0,0.0,0.0,0.19165378670788252
36.0,9.0,6.0,0.1,0.075,0.2,1.0,641.0,0.0,0.0,0.19500780031201248
36.0,9.0,7.0,0.1,0.075,0.2,1.0,632.0,0.0,0.0,0.189873417721519
36.0,9.0,8.0,0.1,0.075,0.2,1.0,639.0,0.0,0.0,0.19561815336463223
36.0,9.0,9.0,0.1,0.075,0.2,1.0,617.0,0.0,0.0,0.18962722852512157
36.0,9.0,10.0,0.1,0.075,0.2,1.0,624.0,0.0,0.0,0.19230769230769232
36.0,9.0,11.0,0.1,0.075,0.2,1.0,601.0,0.0,0.0,0.194675540765391
36.0,9.0,12.0,0.1,0.075,0.2,1.0,603.0,0.0,0.0,0.19900497512437812
36.0,9.0,13.0,0.1,0.075,0.2,1.0,600.0,0.0,0.0,0.195
36.0,9.0,14.0,0.1,0.075,0.2,1.0,604.0,0.0,0.0,0.1986754966887417
36.0,9.0,15.0,0.1,0.075,0.2,1.0,598.0,0.0,0.0,0.1939799331103679
36.0,9.0,16.0,0.1,0.075,0.2,1.0,603.0,0.0,0.0,0.19900497512437812
36.0,9.0,17.0,0.1,0.075,0.2,1.0,598.0,0.0,0.0,0.1939799331103679
36.0,9.0,18.0,0.1,0.075,0.2,1.0,591.0,0.0,0.0,0.20304568527918782
36.0,9.0,19.0,0.1,0.075,0.2,1.0,587.0,0.0,0.0,0.19931856899488926
36.0,9.0,20.0,0.1,0.075,0.2,1.0,1045.0,0.0,0.0,0.10334928229665072
36.0,9.0,21.0,0.1,0.075,0.2,1.0,1034.0,0.0,0.0,0.10251450676982592
36.0,9.0,22.0,0.1,0.075,0.2,1.0,978.0,0.0,0.0,0.10736196319018405
36.0,9.0,23.0,0.1,0.075,0.2,1.0,964.0,0.0,0.0,0.10892116182572614
36.0,9.0,24.0,0.1,0.075,0.2,1.0,924.0,0.0,0.0,0.10930735930735931
36.0,9.0,25.0,0.1,0.075,0.2,1.0,912.0,0.0,0.0,0.11074561403508772
36.0,9.0,26.0,0.1,0.075,0.2,1.0,897.0,0.0,0.0,0.11259754738015608
36.0,9.0,27.0,0.1,0.075,0.2,1.0,899.0,0.0,0.0,0.11123470522803114
36.0,9.0,28.0,0.1,0.075,0.2,1.0,880.0,0.0,0.0,0.11363636363636363
36.0,9.0,29.0,0.1,0.075,0.2,1.0,872.0,0.0,0.0,0.11238532110091744
36.0,9.0,30.0,0.1,0.075,0.2,1.0,860.0,0.0,0.0,0.11511627906976744
36.0,9.0,31.0,0.1,0.075,0.2,1.0,864.0,0.0,0.0,0.11342592592592593
36.0,9.0,32.0,0.1,0.075,0.2,1.0,849.0,0.0,0.0,0.1154299175500589
36.0,9.0,33.0,0.1,0.075,0.2,1.0,815.0,0.0,0.0,0.11533742331288344
36.0,9.0,34.0,0.1,0.075,0.2,1.0,811.0,0.0,0.0,0.11713933415536375
36.0,9.0,35.0,0.1,0.075,0.2,1.0,802.0,0.0,0.0,0.11596009975062344
36.0,9.0,36.0,0.1,0.075,0.2,1.0,797.0,0.0,0.0,0.1191969887076537
36.0,9.0,37.0,0.1,0.075,0.2,1.0,787.0,0.0,0.0,0.11944091486658195
36.0,9.0,38.0,0.1,0.075,0.2,1.0,770.0,0.0,0.0,0.12207792207792208
36.0,9.0,39.0,0.1,0.075,0.2,1.0,779.0,0.0,0.0,0.12066752246469833
36.0,9.0,40.0,0.1,0.075,0.2,1.0,745.0,0.0,0.0,0.12483221476510067
36.0,9.0,41.0,0.1,0.075,0.2,1.0,748.0,0.0,0.0,0.12433155080213903
36.0,9.0,42.0,0.1,0.075,0.2,1.0,741.0,0.0,0.0,0.12550607287449392
36.0,9.0,43.0,0.1,0.075,0.2,1.0,736.0,0.0,0.0,0.125
36.0,9.0,44.0,0.1,0.075,0.2,1.0,720.0,0.0,0.0,0.125
36.0,9.0,45.0,0.1,0.075,0.2,1.0,713.0,0.0,0.0,0.20336605890603085
36.0,9.0,46.0,0.1,0.075,0.2,1.0,697.0,0.0,0.0,0.20373027259684362
36.0,9.0,47.0,0.1,0.075,0.2,1.0,702.0,0.0,0.0,0.2022792022792023
36.0,9.0,48.0,0.1,0.075,0.2,1.0,698.0,0.0,0.0,0.20487106017191978
36.0,9.0,49.0,0.1,0.075,0.2,1.0,701.0,0.0,0.0,0.20256776034236804
36.0,9.0,50.0,0.1,0.075,0.2,1.0,698.0,0.0,0.0,0.2034383954154728
36.0,9.0,51.0,0.1,0.075,0.2,1.0,699.0,0.0,0.0,0.20314735336194564
36.0,9.0,52.0,0.1,0.075,0.2,1.0,695.0,0.0,0.0,0.20431654676258992
36.0,10.0,1.0,0.1,0.075,0.2,1.0,685.0,0.0,0.0,0.2072992700729927
36.0,10.0,2.0,0.1,0.075,0.2,1.0,682.0,0.0,0.0,0.20967741935483872
36.0,10.0,3.0,0.1,0.075,0.2,1.0,684.0,0.0,0.0,0.20760233918128654
36.0,10.0,4.0,0.1,0.075,0.2,1.0,683.0,0.0,0.0,0.20937042459736457
36.0,10.0,5.0,0.1,0.075,0.2,1.0,686.0,0.0,0.0,0.20699708454810495
36.0,10.0,6.0,0.1,0.075,0.2,1.0,683.0,0.0,0.0,0.20937042459736457
36.0,10.0,7.0,0.1,0.075,0.2,1.0,684.0,0.0,0.0,0.20760233918128654
36.0,10.0,8.0,0.1,0.075,0.2,1.0,668.0,0.0,0.0,0.20958083832335328
36.0,10.0,9.0,0.1,0.075,0.2,1.0,653.0,0.0,0.0,0.20980091883614088
36.0,10.0,10.0,0.1,0.075,0.2,1.0,650.0,0.0,0.0,0.2123076923076923
36.0,10.0,11.0,0.1,0.075,0.2,1.0,638.0,0.0,0.0,0.21473354231974923
36.0,10.0,12.0,0.1,0.075,0.2,1.0,628.0,0.0,0.0,0.21656050955414013
36.0,10.0,13.0,0.1,0.075,0.2,1.0,615.0,0.0,0.0,0.21300813008130082
36.0,10.0,14.0,0.1,0.075,0.2,1.0,615.0,0.0,0.0,0.2146341463414634
36.0,10.0,15.0,0.1,0.075,0.2,1.0,615.0,0.0,0.0,0.21300813008130082
36.0,10.0,16.0,0.1,0.075,0.2,1.0,616.0,0.0,0.0,0.21428571428571427
36.0,10.0,17.0,0.1,0.075,0.2,1.0,614.0,0.0,0.0,0.21335504885993486
36.0,10.0,18.0,0.1,0.075,0.2,1.0,615.0,0.0,0.0,0.2146341463414634
36.0,10.0,19.0,0.1,0.075,0.2,1.0,614.0,0.0,0.0,0.21335504885993486
36.0,10.0,20.0,0.1,0.075,0.2,1.0,1152.0,0.0,0.0,0.1076388888888889
36.0,10.0,21.0,0.1,0.075,0.2,1.0,1091.0,0.0,0.0,0.10449129239230064
36.0,10.0,22.0,0.1,0.075,0.2,1.0,1042.0,0.0,0.0,0.10556621880998081
36.0,10.0,23.0,0.1,0.075,0.2,1.0,1020.0,0.0,0.0,0.10490196078431373
36.0,10.0,24.0,0.1,0.075,0.2,1.0,983.0,0.0,0.0,0.10478128179043744
36.0,10.0,25.0,0.1,0.075,0.2,1.0,958.0,0.0,0.0,0.10647181628392484
36.0,10.0,26.0,0.1,0.075,0.2,1.0,965.0,0.0,0.0,0.10673575129533679
36.0,10.0,27.0,0.1,0.075,0.2,1.0,941.0,0.0,0.0,0.10520722635494155
36.0,10.0,28.0,0.1,0.075,0.2,1.0,925.0,0.0,0.0,0.10594594594594595
36.0,10.0,29.0,0.1,0.075,0.2,1.0,910.0,0.0,0.0,0.10659340659340659
36.0,10.0,30.0,0.1,0.075,0.2,1.0,887.0,0.0,0.0,0.10822998872604284
36.0,10.0,31.0,0.1,0.075,0.2,1.0,883.0,0.0,0.0,0.10758776896942242
36.0,10.0,32.0,0.1,0.075,0.2,1.0,874.0,0.0,0.0,0.10869565217391304
36.0,10.0,33.0,0.1,0.075,0.2,1.0,866.0,0.0,0.0,0.10854503464203233
36.0,10.0,34.0,0.1,0.075,0.2,1.0,807.0,0.0,0.0,0.1090458488228005
36.0,10.0,35.0,0.1,0.075,0.2,1.0,818.0,0.0,0.0,0.10757946210268948
36.0,10.0,36.0,0.1,0.075,0.2,1.0,804.0,0.0,0.0,0.10820895522388059
36.0,10.0,37.0,0.1,0.075,0.2,1.0,783.0,0.0,0.0,0.1123882503192848
36.0,10.0,38.0,0.1,0.075,0.2,1.0,758.0,0.0,0.0,0.11477572559366754
36.0,10.0,39.0,0.1,0.075,0.2,1.0,771.0,0.0,0.0,0.11284046692607004
36.0,10.0,40.0,0.1,0.075,0.2,1.0,749.0,0.0,0.0,0.11615487316421896
36.0,10.0,41.0,0.1,0.075,0.2,1.0,749.0,0.0,0.0,0.11481975967957277
36.0,10.0,42.0,0.1,0.075,0.2,1.0,730.0,0.0,0.0,0.1178082191780822
36.0,10.0,43.0,0.1,0.075,0.2,1.0,727.0,0.0,0.0,0.1155433287482806
36.0,10.0,44.0,0.1,0.075,0.2,1.0,719.0,0.0,0.0,0.1168289290681502
36.0,10.0,45.0,0.1,0.075,0.2,1.0,727.0,0.0,0.0,0.1815680880330124
36.0,10.0,46.0,0.1,0.075,0.2,1.0,704.0,0.0,0.0,0.18323863636363635
36.0,10.0,47.0,0.1,0.075,0.2,1.0,701.0,0.0,0.0,0.181169757489301
36.0,10.0,48.0,0.1,0.075,0.2,1.0,693.0,0.0,0.0,0.18037518037518038
36.0,10.0,49.0,0.1,0.075,0.2,1.0,689.0,0.0,0.0,0.1799709724238026
36.0,10.0,50.0,0.1,0.075,0.2,1.0,664.0,0.0,0.0,0.18072289156626506
36.0,10.0,51.0,0.1,0.075,0.2,1.0,674.0,0.0,0.0,0.18100890207715134
36.0,10.0,52.0,0.1,0.075,0.2,1.0,652.0,0.0,0.0,0.1794478527607362
37.0,1.0,1.0,0.1,0.075,0.2,1.0,5261.0,50.0,10.0,0.09484888804409808
37.0,1.0,2.0,0.1,0.075,0.2,1.0,5212.0,58.0,22.0,0.09727551803530314
37.0,1.0,3.0,0.1,0.075,0.2,1.0,5162.0,72.0,34.0,0.09841146842309183
37.0,1.0,4.0,0.1,0.075,0.2,1.0,5059.0,100.0,38.0,0.09824075904328919
37.0,1.0,5.0,0.1,0.075,0.2,1.0,5099.0,147.0,47.0,0.10060796234555795
37.0,1.0,6.0,0.1,0.075,0.2,1.0,5019.0,196.0,57.0,0.10201235305837816
37.0,1.0,7.0,0.1,0.075,0.2,1.0,4855.0,231.0,79.0,0.10442842430484037
37.0,1.0,8.0,0.1,0.075,0.2,1.0,4730.0,273.0,111.0,0.10443974630021141
37.0,1.0,9.0,0.1,0.075,0.2,1.0,4503.0,318.0,138.0,0.10504108372196314
37.0,1.0,10.0,0.1,0.075,0.2,1.0,4326.0,346.0,130.0,0.10494683310217291
37.0,1.0,11.0,0.1,0.075,0.2,1.0,4118.0,366.0,139.0,0.1056338028169014
37.0,1.0,12.0,0.1,0.075,0.2,1.0,4019.0,398.0,155.0,0.10748942523015675
37.0,1.0,13.0,0.1,0.075,0.2,1.0,3911.0,418.0,189.0,0.10892354896445922
37.0,1.0,14.0,0.1,0.075,0.2,1.0,3797.0,420.0,196.0,0.10982354490387147
37.0,1.0,15.0,0.1,0.075,0.2,1.0,3647.0,424.0,203.0,0.11242116808335618
37.0,1.0,16.0,0.1,0.075,0.2,1.0,3552.0,424.0,199.0,0.11317567567567567
37.0,1.0,17.0,0.1,0.075,0.2,1.0,3417.0,399.0,198.0,0.11589113257243196
37.0,1.0,18.0,0.1,0.075,0.2,1.0,3314.0,378.0,197.0,0.1179843089921545
37.0,1.0,19.0,0.1,0.075,0.2,1.0,3186.0,369.0,197.0,0.1224105461393597
37.0,1.0,20.0,0.1,0.075,0.2,1.0,5923.0,350.0,178.0,0.06365017727502954
37.0,1.0,21.0,0.1,0.075,0.2,1.0,5443.0,381.0,152.0,0.06485394084144773
37.0,1.0,22.0,0.1,0.075,0.2,1.0,5152.0,420.0,151.0,0.06618788819875776
37.0,1.0,23.0,0.1,0.075,0.2,1.0,4798.0,445.0,152.0,0.06898707794914548
37.0,1.0,24.0,0.1,0.075,0.2,1.0,4549.0,448.0,176.0,0.06946581666300286
37.0,1.0,25.0,0.1,0.075,0.2,1.0,4364.0,482.0,195.0,0.07034830430797434
37.0,1.0,26.0,0.1,0.075,0.2,1.0,4143.0,509.0,214.0,0.07241129616220131
37.0,1.0,27.0,0.1,0.075,0.2,1.0,3933.0,521.0,225.0,0.07398932112890923
37.0,1.0,28.0,0.1,0.075,0.2,1.0,3675.0,516.0,228.0,0.07564625850340136
37.0,1.0,29.0,0.1,0.075,0.2,1.0,3465.0,506.0,216.0,0.07878787878787878
37.0,1.0,30.0,0.1,0.075,0.2,1.0,3306.0,517.0,232.0,0.08015728977616456
37.0,1.0,31.0,0.1,0.075,0.2,1.0,3123.0,528.0,243.0,0.08389369196285623
37.0,1.0,32.0,0.1,0.075,0.2,1.0,2981.0,531.0,239.0,0.0872190540087219
37.0,1.0,33.0,0.1,0.075,0.2,1.0,2862.0,534.0,229.0,0.09084556254367575
37.0,1.0,34.0,0.1,0.075,0.2,1.0,2693.0,527.0,229.0,0.09283327144448571
37.0,1.0,35.0,0.1,0.075,0.2,1.0,2580.0,516.0,245.0,0.09534883720930233
37.0,1.0,36.0,0.1,0.075,0.2,1.0,2447.0,518.0,251.0,0.10012259910093993
37.0,1.0,37.0,0.1,0.075,0.2,1.0,2336.0,525.0,256.0,0.1035958904109589
37.0,1.0,38.0,0.1,0.075,0.2,1.0,2207.0,527.0,239.0,0.10874490258269144
37.0,1.0,39.0,0.1,0.075,0.2,1.0,2080.0,479.0,232.0,0.11538461538461539
37.0,1.0,40.0,0.1,0.075,0.2,1.0,1939.0,437.0,225.0,0.1222279525528623
37.0,1.0,41.0,0.1,0.075,0.2,1.0,1818.0,411.0,216.0,0.1265126512651265
37.0,1.0,42.0,0.1,0.075,0.2,1.0,1706.0,386.0,216.0,0.1324736225087925
37.0,1.0,43.0,0.1,0.075,0.2,1.0,1585.0,339.0,185.0,0.14258675078864352
37.0,1.0,44.0,0.1,0.075,0.2,1.0,1500.0,314.0,169.0,0.14733333333333334
37.0,1.0,45.0,0.1,0.075,0.2,1.0,1415.0,278.0,147.0,0.223321554770318
37.0,1.0,46.0,0.1,0.075,0.2,1.0,1317.0,252.0,137.0,0.23386484434320426
37.0,1.0,47.0,0.1,0.075,0.2,1.0,1275.0,238.0,128.0,0.23607843137254902
37.0,1.0,48.0,0.1,0.075,0.2,1.0,1176.0,190.0,105.0,0.2508503401360544
37.0,1.0,49.0,0.1,0.075,0.2,1.0,1123.0,172.0,95.0,0.25378450578806766
37.0,1.0,50.0,0.1,0.075,0.2,1.0,1083.0,153.0,83.0,0.26038781163434904
37.0,1.0,51.0,0.1,0.075,0.2,1.0,1029.0,136.0,70.0,0.2691933916423712
37.0,1.0,52.0,0.1,0.075,0.2,1.0,991.0,107.0,62.0,0.2785065590312815
37.0,2.0,1.0,0.1,0.075,0.2,1.0,969.0,105.0,60.0,0.2776057791537668
37.0,2.0,2.0,0.1,0.075,0.2,1.0,938.0,93.0,52.0,0.2867803837953092
37.0,2.0,3.0,0.1,0.075,0.2,1.0,902.0,77.0,39.0,0.29379157427937913
37.0,2.0,4.0,0.1,0.075,0.2,1.0,875.0,65.0,36.0,0.3017142857142857
37.0,2.0,5.0,0.1,0.075,0.2,1.0,857.0,60.0,35.0,0.3033838973162194
37.0,2.0,6.0,0.1,0.075,0.2,1.0,841.0,50.0,34.0,0.3103448275862069
37.0,2.0,7.0,0.1,0.075,0.2,1.0,814.0,39.0,25.0,0.3132678132678133
37.0,2.0,8.0,0.1,0.075,0.2,1.0,795.0,31.0,19.0,0.32075471698113206
37.0,2.0,9.0,0.1,0.075,0.2,1.0,778.0,26.0,13.0,0.3226221079691517
37.0,2.0,10.0,0.1,0.075,0.2,1.0,758.0,24.0,9.0,0.32849604221635886
37.0,2.0,11.0,0.1,0.075,0.2,1.0,751.0,21.0,10.0,0.33155792276964047
37.0,2.0,12.0,0.1,0.075,0.2,1.0,739.0,20.0,12.0,0.33288227334235454
37.0,2.0,13.0,0.1,0.075,0.2,1.0,733.0,20.0,13.0,0.33424283765347884
37.0,2.0,14.0,0.1,0.075,0.2,1.0,719.0,15.0,11.0,0.33657858136300417
37.0,2.0,15.0,0.1,0.075,0.2,1.0,713.0,12.0,10.0,0.33520336605890605
37.0,2.0,16.0,0.1,0.075,0.2,1.0,704.0,9.0,7.0,0.3352272727272727
37.0,2.0,17.0,0.1,0.075,0.2,1.0,703.0,8.0,3.0,0.3357041251778094
37.0,2.0,18.0,0.1,0.075,0.2,1.0,691.0,6.0,2.0,0.33719247467438496
37.0,2.0,19.0,0.1,0.075,0.2,1.0,691.0,6.0,4.0,0.33719247467438496
37.0,2.0,20.0,0.1,0.075,0.2,1.0,1256.0,6.0,4.0,0.1839171974522293
37.0,2.0,21.0,0.1,0.075,0.2,1.0,1219.0,6.0,2.0,0.1837571780147662
37.0,2.0,22.0,0.1,0.075,0.2,1.0,1186.0,5.0,0.0,0.18887015177065766
37.0,2.0,23.0,0.1,0.075,0.2,1.0,1175.0,5.0,2.0,0.18723404255319148
37.0,2.0,24.0,0.1,0.075,0.2,1.0,1160.0,5.0,2.0,0.19137931034482758
37.0,2.0,25.0,0.1,0.075,0.2,1.0,1149.0,5.0,3.0,0.1888598781549173
37.0,2.0,26.0,0.1,0.075,0.2,1.0,1125.0,4.0,3.0,0.19111111111111112
37.0,2.0,27.0,0.1,0.075,0.2,1.0,1111.0,5.0,3.0,0.18991899189918993
37.0,2.0,28.0,0.1,0.075,0.2,1.0,1095.0,4.0,1.0,0.19269406392694063
37.0,2.0,29.0,0.1,0.075,0.2,1.0,1075.0,4.0,1.0,0.19162790697674417
37.0,2.0,30.0,0.1,0.075,0.2,1.0,1054.0,5.0,2.0,0.1954459203036053
37.0,2.0,31.0,0.1,0.075,0.2,1.0,1008.0,5.0,3.0,0.2013888888888889
37.0,2.0,32.0,0.1,0.075,0.2,1.0,1006.0,5.0,4.0,0.20178926441351888
37.0,2.0,33.0,0.1,0.075,0.2,1.0,1003.0,4.0,3.0,0.20139581256231306
37.0,2.0,34.0,0.1,0.075,0.2,1.0,991.0,3.0,2.0,0.1987891019172553
37.0,2.0,35.0,0.1,0.075,0.2,1.0,973.0,1.0,1.0,0.20041109969167523
37.0,2.0,36.0,0.1,0.075,0.2,1.0,949.0,1.0,1.0,0.20231822971549
37.0,2.0,37.0,0.1,0.075,0.2,1.0,942.0,1.0,1.0,0.20169851380042464
37.0,2.0,38.0,0.1,0.075,0.2,1.0,931.0,0.0,0.0,0.20408163265306123
37.0,2.0,39.0,0.1,0.075,0.2,1.0,918.0,0.0,0.0,0.2047930283224401
37.0,2.0,40.0,0.1,0.075,0.2,1.0,904.0,0.0,0.0,0.206858407079646
37.0,2.0,41.0,0.1,0.075,0.2,1.0,907.0,0.0,0.0,0.2061742006615215
37.0,2.0,42.0,0.1,0.075,0.2,1.0,875.0,0.0,0.0,0.20114285714285715
37.0,2.0,43.0,0.1,0.075,0.2,1.0,879.0,0.0,0.0,0.20136518771331058
37.0,2.0,44.0,0.1,0.075,0.2,1.0,873.0,0.0,0.0,0.20389461626575028
37.0,2.0,45.0,0.1,0.075,0.2,1.0,870.0,0.0,0.0,0.2620689655172414
37.0,2.0,46.0,0.1,0.075,0.2,1.0,865.0,0.0,0.0,0.2658959537572254
37.0,2.0,47.0,0.1,0.075,0.2,1.0,853.0,0.0,0.0,0.264947245017585
37.0,2.0,48.0,0.1,0.075,0.2,1.0,836.0,0.0,0.0,0.26674641148325356
37.0,2.0,49.0,0.1,0.075,0.2,1.0,824.0,0.0,0.0,0.2657766990291262
37.0,2.0,50.0,0.1,0.075,0.2,1.0,818.0,0.0,0.0,0.2665036674816626
37.0,2.0,51.0,0.1,0.075,0.2,1.0,815.0,0.0,0.0,0.2650306748466258
37.0,2.0,52.0,0.1,0.075,0.2,1.0,810.0,0.0,0.0,0.2679012345679012
37.0,3.0,1.0,0.1,0.075,0.2,1.0,803.0,0.0,0.0,0.26650062266500624
37.0,3.0,2.0,0.1,0.075,0.2,1.0,807.0,0.0,0.0,0.26765799256505574
37.0,3.0,3.0,0.1,0.075,0.2,1.0,803.0,0.0,0.0,0.26774595267745954
37.0,3.0,4.0,0.1,0.075,0.2,1.0,798.0,0.0,0.0,0.2681704260651629
37.0,3.0,5.0,0.1,0.075,0.2,1.0,791.0,0.0,0.0,0.2667509481668774
37.0,3.0,6.0,0.1,0.075,0.2,1.0,789.0,0.0,0.0,0.26489226869455007
37.0,3.0,7.0,0.1,0.075,0.2,1.0,783.0,0.0,0.0,0.26181353767560667
37.0,3.0,8.0,0.1,0.075,0.2,1.0,776.0,0.0,0.0,0.26288659793814434
37.0,3.0,9.0,0.1,0.075,0.2,1.0,771.0,0.0,0.0,0.2607003891050584
37.0,3.0,10.0,0.1,0.075,0.2,1.0,764.0,0.0,0.0,0.2630890052356021
37.0,3.0,11.0,0.1,0.075,0.2,1.0,762.0,0.0,0.0,0.26115485564304464
37.0,3.0,12.0,0.1,0.075,0.2,1.0,758.0,0.0,0.0,0.2612137203166227
37.0,3.0,13.0,0.1,0.075,0.2,1.0,748.0,0.0,0.0,0.2620320855614973
37.0,3.0,14.0,0.1,0.075,0.2,1.0,743.0,0.0,0.0,0.26244952893674295
37.0,3.0,15.0,0.1,0.075,0.2,1.0,743.0,0.0,0.0,0.2597577388963661
37.0,3.0,16.0,0.1,0.075,0.2,1.0,736.0,0.0,0.0,0.2608695652173913
37.0,3.0,17.0,0.1,0.075,0.2,1.0,738.0,0.0,0.0,0.2601626016260163
37.0,3.0,18.0,0.1,0.075,0.2,1.0,735.0,0.0,0.0,0.2598639455782313
37.0,3.0,19.0,0.1,0.075,0.2,1.0,734.0,0.0,0.0,0.25885558583106266
37.0,3.0,20.0,0.1,0.075,0.2,1.0,1355.0,0.0,0.0,0.14022140221402213
37.0,3.0,21.0,0.1,0.075,0.2,1.0,1336.0,0.0,0.0,0.13997005988023953
37.0,3.0,22.0,0.1,0.075,0.2,1.0,1292.0,0.0,0.0,0.13777089783281735
37.0,3.0,23.0,0.1,0.075,0.2,1.0,1251.0,0.0,0.0,0.1374900079936051
37.0,3.0,24.0,0.1,0.075,0.2,1.0,1235.0,0.0,0.0,0.13765182186234817
37.0,3.0,25.0,0.1,0.075,0.2,1.0,1178.0,0.0,0.0,0.14091680814940577
37.0,3.0,26.0,0.1,0.075,0.2,1.0,1176.0,0.0,0.0,0.141156462585034
37.0,3.0,27.0,0.1,0.075,0.2,1.0,1160.0,0.0,0.0,0.13793103448275862
37.0,3.0,28.0,0.1,0.075,0.2,1.0,1131.0,0.0,0.0,0.1361626878868258
37.0,3.0,29.0,0.1,0.075,0.2,1.0,1076.0,0.0,0.0,0.13568773234200743
37.0,3.0,30.0,0.1,0.075,0.2,1.0,1087.0,0.0,0.0,0.13339466421343146
37.0,3.0,31.0,0.1,0.075,0.2,1.0,1051.0,0.0,0.0,0.13415794481446242
37.0,3.0,32.0,0.1,0.075,0.2,1.0,1056.0,0.0,0.0,0.13352272727272727
37.0,3.0,33.0,0.1,0.075,0.2,1.0,1033.0,0.0,0.0,0.1345595353339787
37.0,3.0,34.0,0.1,0.075,0.2,1.0,1025.0,0.0,0.0,0.13463414634146342
37.0,3.0,35.0,0.1,0.075,0.2,1.0,1011.0,0.0,0.0,0.13649851632047477
37.0,3.0,36.0,0.1,0.075,0.2,1.0,999.0,0.0,0.0,0.13613613613613615
37.0,3.0,37.0,0.1,0.075,0.2,1.0,976.0,0.0,0.0,0.13934426229508196
37.0,3.0,38.0,0.1,0.075,0.2,1.0,966.0,0.0,0.0,0.13561076604554864
37.0,3.0,39.0,0.1,0.075,0.2,1.0,913.0,0.0,0.0,0.13472070098576122
37.0,3.0,40.0,0.1,0.075,0.2,1.0,898.0,0.0,0.0,0.133630289532294
37.0,3.0,41.0,0.1,0.075,0.2,1.0,887.0,0.0,0.0,0.13528748590755355
37.0,3.0,42.0,0.1,0.075,0.2,1.0,890.0,0.0,0.0,0.13258426966292136
37.0,3.0,43.0,0.1,0.075,0.2,1.0,882.0,0.0,0.0,0.13378684807256236
37.0,3.0,44.0,0.1,0.075,0.2,1.0,870.0,0.0,0.0,0.13218390804597702
37.0,3.0,45.0,0.1,0.075,0.2,1.0,859.0,0.0,0.0,0.18975552968568102
37.0,3.0,46.0,0.1,0.075,0.2,1.0,847.0,0.0,0.0,0.19008264462809918
37.0,3.0,47.0,0.1,0.075,0.2,1.0,839.0,0.0,0.0,0.18951132300357568
37.0,3.0,48.0,0.1,0.075,0.2,1.0,827.0,0.0,0.0,0.19105199516324062
37.0,3.0,49.0,0.1,0.075,0.2,1.0,819.0,0.0,0.0,0.18925518925518925
37.0,3.0,50.0,0.1,0.075,0.2,1.0,810.0,0.0,0.0,0.18888888888888888
37.0,3.0,51.0,0.1,0.075,0.2,1.0,807.0,0.0,0.0,0.18587360594795538
37.0,3.0,52.0,0.1,0.075,0.2,1.0,801.0,0.0,0.0,0.18601747815230962
37.0,4.0,1.0,0.1,0.075,0.2,1.0,801.0,0.0,0.0,0.18476903870162298
37.0,4.0,2.0,0.1,0.075,0.2,1.0,790.0,0.0,0.0,0.18734177215189873
37.0,4.0,3.0,0.1,0.075,0.2,1.0,796.0,0.0,0.0,0.18467336683417085
37.0,4.0,4.0,0.1,0.075,0.2,1.0,787.0,0.0,0.0,0.18678526048284624
37.0,4.0,5.0,0.1,0.075,0.2,1.0,790.0,0.0,0.0,0.1848101265822785
37.0,4.0,6.0,0.1,0.075,0.2,1.0,781.0,0.0,0.0,0.18693982074263765
37.0,4.0,7.0,0.1,0.075,0.2,1.0,786.0,0.0,0.0,0.18447837150127228
37.0,4.0,8.0,0.1,0.075,0.2,1.0,777.0,0.0,0.0,0.18532818532818532
37.0,4.0,9.0,0.1,0.075,0.2,1.0,771.0,0.0,0.0,0.18417639429312582
37.0,4.0,10.0,0.1,0.075,0.2,1.0,757.0,0.0,0.0,0.18758256274768825
37.0,4.0,11.0,0.1,0.075,0.2,1.0,760.0,0.0,0.0,0.18552631578947368
37.0,4.0,12.0,0.1,0.075,0.2,1.0,753.0,0.0,0.0,0.18592297476759628
37.0,4.0,13.0,0.1,0.075,0.2,1.0,742.0,0.0,0.0,0.18598382749326145
37.0,4.0,14.0,0.1,0.075,0.2,1.0,736.0,0.0,0.0,0.18614130434782608
37.0,4.0,15.0,0.1,0.075,0.2,1.0,737.0,0.0,0.0,0.18453188602442333
37.0,4.0,16.0,0.1,0.075,0.2,1.0,717.0,0.0,0.0,0.18688981868898186
37.0,4.0,17.0,0.1,0.075,0.2,1.0,719.0,0.0,0.0,0.18497913769123783
37.0,4.0,18.0,0.1,0.075,0.2,1.0,713.0,0.0,0.0,0.18513323983169705
37.0,4.0,19.0,0.1,0.075,0.2,1.0,713.0,0.0,0.0,0.18513323983169705
37.0,4.0,20.0,0.1,0.075,0.2,1.0,1259.0,0.0,0.0,0.10325655281969817
37.0,4.0,21.0,0.1,0.075,0.2,1.0,1246.0,0.0,0.0,0.1043338683788122
37.0,4.0,22.0,0.1,0.075,0.2,1.0,1232.0,0.0,0.0,0.10470779220779221
37.0,4.0,23.0,0.1,0.075,0.2,1.0,1215.0,0.0,0.0,0.10699588477366255
37.0,4.0,24.0,0.1,0.075,0.2,1.0,1200.0,0.0,0.0,0.1075
37.0,4.0,25.0,0.1,0.075,0.2,1.0,1190.0,0.0,0.0,0.10756302521008404
37.0,4.0,26.0,0.1,0.075,0.2,1.0,1165.0,0.0,0.0,0.1055793991416309
37.0,4.0,27.0,0.1,0.075,0.2,1.0,1135.0,0.0,0.0,0.10748898678414097
37.0,4.0,28.0,0.1,0.075,0.2,1.0,1094.0,0.0,0.0,0.10968921389396709
37.0,4.0,29.0,0.1,0.075,0.2,1.0,1069.0,0.0,0.0,0.11038353601496725
37.0,4.0,30.0,0.1,0.075,0.2,1.0,1062.0,0.0,0.0,0.10828625235404897
37.0,4.0,31.0,0.1,0.075,0.2,1.0,1044.0,0.0,0.0,0.10727969348659004
37.0,4.0,32.0,0.1,0.075,0.2,1.0,1033.0,0.0,0.0,0.10842207163601161
37.0,4.0,33.0,0.1,0.075,0.2,1.0,1039.0,0.0,0.0,0.1068334937439846
37.0,4.0,34.0,0.1,0.075,0.2,1.0,1028.0,0.0,0.0,0.10700389105058365
37.0,4.0,35.0,0.1,0.075,0.2,1.0,995.0,0.0,0.0,0.10653266331658291
37.0,4.0,36.0,0.1,0.075,0.2,1.0,975.0,0.0,0.0,0.10666666666666667
37.0,4.0,37.0,0.1,0.075,0.2,1.0,961.0,0.0,0.0,0.1040582726326743
37.0,4.0,38.0,0.1,0.075,0.2,1.0,948.0,0.0,0.0,0.10548523206751055
37.0,4.0,39.0,0.1,0.075,0.2,1.0,912.0,0.0,0.0,0.10855263157894737
37.0,4.0,40.0,0.1,0.075,0.2,1.0,898.0,0.0,0.0,0.1091314031180401
37.0,4.0,41.0,0.1,0.075,0.2,1.0,882.0,0.0,0.0,0.10657596371882086
37.0,4.0,42.0,0.1,0.075,0.2,1.0,881.0,0.0,0.0,0.10896708286038592
37.0,4.0,43.0,0.1,0.075,0.2,1.0,877.0,0.0,0.0,0.10718358038768529
37.0,4.0,44.0,0.1,0.075,0.2,1.0,874.0,0.0,0.0,0.10755148741418764
37.0,4.0,45.0,0.1,0.075,0.2,1.0,871.0,0.0,0.0,0.18369690011481057
37.0,4.0,46.0,0.1,0.075,0.2,1.0,870.0,0.0,0.0,0.1850574712643678
37.0,4.0,47.0,0.1,0.075,0.2,1.0,865.0,0.0,0.0,0.18497109826589594
37.0,4.0,48.0,0.1,0.075,0.2,1.0,848.0,0.0,0.0,0.18514150943396226
37.0,4.0,49.0,0.1,0.075,0.2,1.0,816.0,0.0,0.0,0.18137254901960784
37.0,4.0,50.0,0.1,0.075,0.2,1.0,815.0,0.0,0.0,0.18036809815950922
37.0,4.0,51.0,0.1,0.075,0.2,1.0,810.0,0.0,0.0,0.1814814814814815
37.0,4.0,52.0,0.1,0.075,0.2,1.0,812.0,0.0,0.0,0.1810344827586207
37.0,5.0,1.0,0.1,0.075,0.2,1.0,806.0,0.0,0.0,0.17990074441687345
37.0,5.0,2.0,0.1,0.075,0.2,1.0,808.0,0.0,0.0,0.1806930693069307
37.0,5.0,3.0,0.1,0.075,0.2,1.0,791.0,0.0,0.0,0.17825537294563842
37.0,5.0,4.0,0.1,0.075,0.2,1.0,780.0,0.0,0.0,0.17435897435897435
37.0,5.0,5.0,0.1,0.075,0.2,1.0,763.0,0.0,0.0,0.17562254259501967
37.0,5.0,6.0,0.1,0.075,0.2,1.0,766.0,0.0,0.0,0.1762402088772846
37.0,5.0,7.0,0.1,0.075,0.2,1.0,760.0,0.0,0.0,0.175
37.0,5.0,8.0,0.1,0.075,0.2,1.0,759.0,0.0,0.0,0.17523056653491437
37.0,5.0,9.0,0.1,0.075,0.2,1.0,752.0,0.0,0.0,0.17553191489361702
37.0,5.0,10.0,0.1,0.075,0.2,1.0,749.0,0.0,0.0,0.17489986648865152
37.0,5.0,11.0,0.1,0.075,0.2,1.0,745.0,0.0,0.0,0.17583892617449665
37.0,5.0,12.0,0.1,0.075,0.2,1.0,745.0,0.0,0.0,0.17315436241610738
37.0,5.0,13.0,0.1,0.075,0.2,1.0,742.0,0.0,0.0,0.1725067385444744
37.0,5.0,14.0,0.1,0.075,0.2,1.0,746.0,0.0,0.0,0.17158176943699732
37.0,5.0,15.0,0.1,0.075,0.2,1.0,740.0,0.0,0.0,0.17297297297297298
37.0,5.0,16.0,0.1,0.075,0.2,1.0,741.0,0.0,0.0,0.17139001349527666
37.0,5.0,17.0,0.1,0.075,0.2,1.0,729.0,0.0,0.0,0.1728395061728395
37.0,5.0,18.0,0.1,0.075,0.2,1.0,729.0,0.0,0.0,0.17146776406035666
37.0,5.0,19.0,0.1,0.075,0.2,1.0,725.0,0.0,0.0,0.17103448275862068
37.0,5.0,20.0,0.1,0.075,0.2,1.0,1260.0,0.0,0.0,0.09841269841269841
37.0,5.0,21.0,0.1,0.075,0.2,1.0,1250.0,0.0,0.0,0.0976
37.0,5.0,22.0,0.1,0.075,0.2,1.0,1250.0,0.0,0.0,0.0976
37.0,5.0,23.0,0.1,0.075,0.2,1.0,1224.0,0.0,0.0,0.09967320261437909
37.0,5.0,24.0,0.1,0.075,0.2,1.0,1213.0,0.0,0.0,0.0989282769991756
37.0,5.0,25.0,0.1,0.075,0.2,1.0,1169.0,0.0,0.0,0.09923011120615911
37.0,5.0,26.0,0.1,0.075,0.2,1.0,1150.0,0.0,0.0,0.09913043478260869
37.0,5.0,27.0,0.1,0.075,0.2,1.0,1138.0,0.0,0.0,0.10017574692442882
37.0,5.0,28.0,0.1,0.075,0.2,1.0,1127.0,0.0,0.0,0.09582963620230701
37.0,5.0,29.0,0.1,0.075,0.2,1.0,1097.0,0.0,0.0,0.09845031905195989
37.0,5.0,30.0,0.1,0.075,0.2,1.0,1104.0,0.0,0.0,0.09601449275362318
37.0,5.0,31.0,0.1,0.075,0.2,1.0,1077.0,0.0,0.0,0.0947075208913649
37.0,5.0,32.0,0.1,0.075,0.2,1.0,1095.0,0.0,0.0,0.09315068493150686
37.0,5.0,33.0,0.1,0.075,0.2,1.0,1069.0,0.0,0.0,0.09448082319925163
37.0,5.0,34.0,0.1,0.075,0.2,1.0,1063.0,0.0,0.0,0.09407337723424271
37.0,5.0,35.0,0.1,0.075,0.2,1.0,1018.0,0.0,0.0,0.09528487229862476
37.0,5.0,36.0,0.1,0.075,0.2,1.0,1020.0,0.0,0.0,0.09411764705882353
37.0,5.0,37.0,0.1,0.075,0.2,1.0,1002.0,0.0,0.0,0.0968063872255489
37.0,5.0,38.0,0.1,0.075,0.2,1.0,974.0,0.0,0.0,0.09137577002053388
37.0,5.0,39.0,0.1,0.075,0.2,1.0,970.0,0.0,0.0,0.09278350515463918
37.0,5.0,40.0,0.1,0.075,0.2,1.0,973.0,0.0,0.0,0.08941418293936279
37.0,5.0,41.0,0.1,0.075,0.2,1.0,971.0,0.0,0.0,0.09268795056642637
37.0,5.0,42.0,0.1,0.075,0.2,1.0,972.0,0.0,0.0,0.08950617283950617
37.0,5.0,43.0,0.1,0.075,0.2,1.0,967.0,0.0,0.0,0.09100310237849017
37.0,5.0,44.0,0.1,0.075,0.2,1.0,948.0,0.0,0.0,0.09071729957805907
37.0,5.0,45.0,0.1,0.075,0.2,1.0,949.0,0.0,0.0,0.16859852476290832
37.0,5.0,46.0,0.1,0.075,0.2,1.0,933.0,0.0,0.0,0.16720257234726688
37.0,5.0,47.0,0.1,0.075,0.2,1.0,912.0,0.0,0.0,0.17105263157894737
37.0,5.0,48.0,0.1,0.075,0.2,1.0,875.0,0.0,0.0,0.16914285714285715
37.0,5.0,49.0,0.1,0.075,0.2,1.0,867.0,0.0,0.0,0.17185697808535177
37.0,5.0,50.0,0.1,0.075,0.2,1.0,864.0,0.0,0.0,0.16898148148148148
37.0,5.0,51.0,0.1,0.075,0.2,1.0,858.0,0.0,0.0,0.17132867132867133
37.0,5.0,52.0,0.1,0.075,0.2,1.0,861.0,0.0,0.0,0.1672473867595819
37.0,6.0,1.0,0.1,0.075,0.2,1.0,853.0,0.0,0.0,0.16881594372801875
37.0,6.0,2.0,0.1,0.075,0.2,1.0,851.0,0.0,0.0,0.1645123384253819
37.0,6.0,3.0,0.1,0.075,0.2,1.0,849.0,0.0,0.0,0.16725559481743227
37.0,6.0,4.0,0.1,0.075,0.2,1.0,836.0,0.0,0.0,0.16267942583732056
37.0,6.0,5.0,0.1,0.075,0.2,1.0,833.0,0.0,0.0,0.16566626650660263
37.0,6.0,6.0,0.1,0.075,0.2,1.0,834.0,0.0,0.0,0.1618705035971223
37.0,6.0,7.0,0.1,0.075,0.2,1.0,832.0,0.0,0.0,0.16346153846153846
37.0,6.0,8.0,0.1,0.075,0.2,1.0,831.0,0.0,0.0,0.1624548736462094
37.0,6.0,9.0,0.1,0.075,0.2,1.0,827.0,0.0,0.0,0.16444981862152358
37.0,6.0,10.0,0.1,0.075,0.2,1.0,813.0,0.0,0.0,0.16359163591635917
37.0,6.0,11.0,0.1,0.075,0.2,1.0,787.0,0.0,0.0,0.16772554002541296
37.0,6.0,12.0,0.1,0.075,0.2,1.0,787.0,0.0,0.0,0.16518424396442186
37.0,6.0,13.0,0.1,0.075,0.2,1.0,785.0,0.0,0.0,0.1681528662420382
37.0,6.0,14.0,0.1,0.075,0.2,1.0,773.0,0.0,0.0,0.16817593790426907
37.0,6.0,15.0,0.1,0.075,0.2,1.0,758.0,0.0,0.0,0.17282321899736147
37.0,6.0,16.0,0.1,0.075,0.2,1.0,746.0,0.0,0.0,0.17158176943699732
37.0,6.0,17.0,0.1,0.075,0.2,1.0,745.0,0.0,0.0,0.174496644295302
37.0,6.0,18.0,0.1,0.075,0.2,1.0,745.0,0.0,0.0,0.17181208053691274
37.0,6.0,19.0,0.1,0.075,0.2,1.0,743.0,0.0,0.0,0.17362045760430686
37.0,6.0,20.0,0.1,0.075,0.2,1.0,1396.0,0.0,0.0,0.09240687679083094
37.0,6.0,21.0,0.1,0.075,0.2,1.0,1335.0,0.0,0.0,0.09438202247191012
37.0,6.0,22.0,0.1,0.075,0.2,1.0,1285.0,0.0,0.0,0.09416342412451362
37.0,6.0,23.0,0.1,0.075,0.2,1.0,1267.0,0.0,0.0,0.0962904498816101
37.0,6.0,24.0,0.1,0.075,0.2,1.0,1243.0,0.0,0.0,0.09654062751407884
37.0,6.0,25.0,0.1,0.075,0.2,1.0,1251.0,0.0,0.0,0.09672262190247802
37.0,6.0,26.0,0.1,0.075,0.2,1.0,1151.0,0.0,0.0,0.09730668983492616
37.0,6.0,27.0,0.1,0.075,0.2,1.0,1120.0,0.0,0.0,0.09732142857142857
37.0,6.0,28.0,0.1,0.075,0.2,1.0,1089.0,0.0,0.0,0.09825528007346189
37.0,6.0,29.0,0.1,0.075,0.2,1.0,1057.0,0.0,0.0,0.10312204351939451
37.0,6.0,30.0,0.1,0.075,0.2,1.0,1008.0,0.0,0.0,0.10416666666666667
37.0,6.0,31.0,0.1,0.075,0.2,1.0,984.0,0.0,0.0,0.09959349593495935
37.0,6.0,32.0,0.1,0.075,0.2,1.0,956.0,0.0,0.0,0.09832635983263599
37.0,6.0,33.0,0.1,0.075,0.2,1.0,929.0,0.0,0.0,0.09903121636167922
37.0,6.0,34.0,0.1,0.075,0.2,1.0,919.0,0.0,0.0,0.10010881392818281
37.0,6.0,35.0,0.1,0.075,0.2,1.0,897.0,0.0,0.0,0.10033444816053512
37.0,6.0,36.0,0.1,0.075,0.2,1.0,884.0,0.0,0.0,0.10067873303167421
37.0,6.0,37.0,0.1,0.075,0.2,1.0,861.0,0.0,0.0,0.10104529616724739
37.0,6.0,38.0,0.1,0.075,0.2,1.0,838.0,0.0,0.0,0.10381861575178998
37.0,6.0,39.0,0.1,0.075,0.2,1.0,834.0,0.0,0.0,0.10191846522781775
37.0,6.0,40.0,0.1,0.075,0.2,1.0,824.0,0.0,0.0,0.10436893203883495
37.0,6.0,41.0,0.1,0.075,0.2,1.0,821.0,0.0,0.0,0.10353227771010962
37.0,6.0,42.0,0.1,0.075,0.2,1.0,799.0,0.0,0.0,0.10513141426783479
37.0,6.0,43.0,0.1,0.075,0.2,1.0,794.0,0.0,0.0,0.1070528967254408
37.0,6.0,44.0,0.1,0.075,0.2,1.0,794.0,0.0,0.0,0.1070528967254408
37.0,6.0,45.0,0.1,0.075,0.2,1.0,774.0,0.0,0.0,0.16925064599483206
37.0,6.0,46.0,0.1,0.075,0.2,1.0,774.0,0.0,0.0,0.17054263565891473
37.0,6.0,47.0,0.1,0.075,0.2,1.0,772.0,0.0,0.0,0.16968911917098445
37.0,6.0,48.0,0.1,0.075,0.2,1.0,771.0,0.0,0.0,0.17120622568093385
37.0,6.0,49.0,0.1,0.075,0.2,1.0,768.0,0.0,0.0,0.17057291666666666
37.0,6.0,50.0,0.1,0.075,0.2,1.0,767.0,0.0,0.0,0.17079530638852672
37.0,6.0,51.0,0.1,0.075,0.2,1.0,763.0,0.0,0.0,0.17038007863695936
37.0,6.0,52.0,0.1,0.075,0.2,1.0,765.0,0.0,0.0,0.17124183006535948
37.0,7.0,1.0,0.1,0.075,0.2,1.0,757.0,0.0,0.0,0.17040951122853368
37.0,7.0,2.0,0.1,0.075,0.2,1.0,760.0,0.0,0.0,0.17105263157894737
37.0,7.0,3.0,0.1,0.075,0.2,1.0,754.0,0.0,0.0,0.16976127320954906
37.0,7.0,4.0,0.1,0.075,0.2,1.0,755.0,0.0,0.0,0.16821192052980133
37.0,7.0,5.0,0.1,0.075,0.2,1.0,750.0,0.0,0.0,0.168
37.0,7.0,6.0,0.1,0.075,0.2,1.0,754.0,0.0,0.0,0.16976127320954906
37.0,7.0,7.0,0.1,0.075,0.2,1.0,752.0,0.0,0.0,0.16888297872340424
37.0,7.0,8.0,0.1,0.075,0.2,1.0,738.0,0.0,0.0,0.17208672086720866
37.0,7.0,9.0,0.1,0.075,0.2,1.0,736.0,0.0,0.0,0.17119565217391305
37.0,7.0,10.0,0.1,0.075,0.2,1.0,737.0,0.0,0.0,0.1723202170963365
37.0,7.0,11.0,0.1,0.075,0.2,1.0,735.0,0.0,0.0,0.17142857142857143
37.0,7.0,12.0,0.1,0.075,0.2,1.0,734.0,0.0,0.0,0.17302452316076294
37.0,7.0,13.0,0.1,0.075,0.2,1.0,734.0,0.0,0.0,0.17166212534059946
37.0,7.0,14.0,0.1,0.075,0.2,1.0,720.0,0.0,0.0,0.17222222222222222
37.0,7.0,15.0,0.1,0.075,0.2,1.0,719.0,0.0,0.0,0.17107093184979139
37.0,7.0,16.0,0.1,0.075,0.2,1.0,704.0,0.0,0.0,0.17329545454545456
37.0,7.0,17.0,0.1,0.075,0.2,1.0,704.0,0.0,0.0,0.171875
37.0,7.0,18.0,0.1,0.075,0.2,1.0,702.0,0.0,0.0,0.1737891737891738
37.0,7.0,19.0,0.1,0.075,0.2,1.0,702.0,0.0,0.0,0.17236467236467237
37.0,7.0,20.0,0.1,0.075,0.2,1.0,1235.0,0.0,0.0,0.09878542510121457
37.0,7.0,21.0,0.1,0.075,0.2,1.0,1220.0,0.0,0.0,0.09672131147540984
37.0,7.0,22.0,0.1,0.075,0.2,1.0,1194.0,0.0,0.0,0.09798994974874371
37.0,7.0,23.0,0.1,0.075,0.2,1.0,1197.0,0.0,0.0,0.09690893901420217
37.0,7.0,24.0,0.1,0.075,0.2,1.0,1149.0,0.0,0.0,0.09660574412532637
37.0,7.0,25.0,0.1,0.075,0.2,1.0,1116.0,0.0,0.0,0.09587813620071685
37.0,7.0,26.0,0.1,0.075,0.2,1.0,1090.0,0.0,0.0,0.09541284403669725
37.0,7.0,27.0,0.1,0.075,0.2,1.0,1081.0,0.0,0.0,0.09435707678075855
37.0,7.0,28.0,0.1,0.075,0.2,1.0,1046.0,0.0,0.0,0.0965583173996176
37.0,7.0,29.0,0.1,0.075,0.2,1.0,1044.0,0.0,0.0,0.09578544061302682
37.0,7.0,30.0,0.1,0.075,0.2,1.0,1044.0,0.0,0.0,0.09578544061302682
37.0,7.0,31.0,0.1,0.075,0.2,1.0,1037.0,0.0,0.0,0.09546769527483125
37.0,7.0,32.0,0.1,0.075,0.2,1.0,1000.0,0.0,0.0,0.098
37.0,7.0,33.0,0.1,0.075,0.2,1.0,993.0,0.0,0.0,0.09768378650553877
37.0,7.0,34.0,0.1,0.075,0.2,1.0,995.0,0.0,0.0,0.09748743718592964
37.0,7.0,35.0,0.1,0.075,0.2,1.0,991.0,0.0,0.0,0.09788092835519677
37.0,7.0,36.0,0.1,0.075,0.2,1.0,989.0,0.0,0.0,0.0980788675429727
37.0,7.0,37.0,0.1,0.075,0.2,1.0,965.0,0.0,0.0,0.10051813471502591
37.0,7.0,38.0,0.1,0.075,0.2,1.0,963.0,0.0,0.0,0.10072689511941849
37.0,7.0,39.0,0.1,0.075,0.2,1.0,953.0,0.0,0.0,0.10178384050367262
37.0,7.0,40.0,0.1,0.075,0.2,1.0,961.0,0.0,0.0,0.10197710718002082
37.0,7.0,41.0,0.1,0.075,0.2,1.0,936.0,0.0,0.0,0.10363247863247864
37.0,7.0,42.0,0.1,0.075,0.2,1.0,933.0,0.0,0.0,0.10503751339764202
37.0,7.0,43.0,0.1,0.075,0.2,1.0,910.0,0.0,0.0,0.10659340659340659
37.0,7.0,44.0,0.1,0.075,0.2,1.0,900.0,0.0,0.0,0.10888888888888888
37.0,7.0,45.0,0.1,0.075,0.2,1.0,874.0,0.0,0.0,0.18192219679633867
37.0,7.0,46.0,0.1,0.075,0.2,1.0,886.0,0.0,0.0,0.18171557562076748
37.0,7.0,47.0,0.1,0.075,0.2,1.0,856.0,0.0,0.0,0.1810747663551402
37.0,7.0,48.0,0.1,0.075,0.2,1.0,842.0,0.0,0.0,0.18171021377672208
37.0,7.0,49.0,0.1,0.075,0.2,1.0,804.0,0.0,0.0,0.17537313432835822
37.0,7.0,50.0,0.1,0.075,0.2,1.0,803.0,0.0,0.0,0.17559153175591533
37.0,7.0,51.0,0.1,0.075,0.2,1.0,783.0,0.0,0.0,0.17624521072796934
37.0,7.0,52.0,0.1,0.075,0.2,1.0,789.0,0.0,0.0,0.17743979721166034
37.0,8.0,1.0,0.1,0.075,0.2,1.0,783.0,0.0,0.0,0.17624521072796934
37.0,8.0,2.0,0.1,0.075,0.2,1.0,789.0,0.0,0.0,0.17743979721166034
37.0,8.0,3.0,0.1,0.075,0.2,1.0,782.0,0.0,0.0,0.17647058823529413
37.0,8.0,4.0,0.1,0.075,0.2,1.0,775.0,0.0,0.0,0.17548387096774193
37.0,8.0,5.0,0.1,0.075,0.2,1.0,770.0,0.0,0.0,0.17532467532467533
37.0,8.0,6.0,0.1,0.075,0.2,1.0,775.0,0.0,0.0,0.17548387096774193
37.0,8.0,7.0,0.1,0.075,0.2,1.0,771.0,0.0,0.0,0.17509727626459143
37.0,8.0,8.0,0.1,0.075,0.2,1.0,769.0,0.0,0.0,0.1755526657997399
37.0,8.0,9.0,0.1,0.075,0.2,1.0,759.0,0.0,0.0,0.17523056653491437
37.0,8.0,10.0,0.1,0.075,0.2,1.0,760.0,0.0,0.0,0.17894736842105263
37.0,8.0,11.0,0.1,0.075,0.2,1.0,753.0,0.0,0.0,0.17795484727755645
37.0,8.0,12.0,0.1,0.075,0.2,1.0,759.0,0.0,0.0,0.17918313570487485
37.0,8.0,13.0,0.1,0.075,0.2,1.0,752.0,0.0,0.0,0.1768617021276596
37.0,8.0,14.0,0.1,0.075,0.2,1.0,755.0,0.0,0.0,0.17880794701986755
37.0,8.0,15.0,0.1,0.075,0.2,1.0,734.0,0.0,0.0,0.1771117166212534
37.0,8.0,16.0,0.1,0.075,0.2,1.0,736.0,0.0,0.0,0.1793478260869565
37.0,8.0,17.0,0.1,0.075,0.2,1.0,734.0,0.0,0.0,0.1771117166212534
37.0,8.0,18.0,0.1,0.075,0.2,1.0,736.0,0.0,0.0,0.1793478260869565
37.0,8.0,19.0,0.1,0.075,0.2,1.0,731.0,0.0,0.0,0.17783857729138167
37.0,8.0,20.0,0.1,0.075,0.2,1.0,1285.0,0.0,0.0,0.10272373540856031
37.0,8.0,21.0,0.1,0.075,0.2,1.0,1248.0,0.0,0.0,0.10336538461538461
37.0,8.0,22.0,0.1,0.075,0.2,1.0,1259.0,0.0,0.0,0.10405083399523431
37.0,8.0,23.0,0.1,0.075,0.2,1.0,1223.0,0.0,0.0,0.10466067048242028
37.0,8.0,24.0,0.1,0.075,0.2,1.0,1223.0,0.0,0.0,0.10629599345870809
37.0,8.0,25.0,0.1,0.075,0.2,1.0,1183.0,0.0,0.0,0.1073541842772612
37.0,8.0,26.0,0.1,0.075,0.2,1.0,1138.0,0.0,0.0,0.10896309314586995
37.0,8.0,27.0,0.1,0.075,0.2,1.0,1082.0,0.0,0.0,0.11090573012939002
37.0,8.0,28.0,0.1,0.075,0.2,1.0,1087.0,0.0,0.0,0.11131554737810488
37.0,8.0,29.0,0.1,0.075,0.2,1.0,1055.0,0.0,0.0,0.11279620853080569
37.0,8.0,30.0,0.1,0.075,0.2,1.0,1041.0,0.0,0.0,0.11239193083573487
37.0,8.0,31.0,0.1,0.075,0.2,1.0,993.0,0.0,0.0,0.11581067472306143
37.0,8.0,32.0,0.1,0.075,0.2,1.0,1010.0,0.0,0.0,0.11584158415841585
37.0,8.0,33.0,0.1,0.075,0.2,1.0,978.0,0.0,0.0,0.1165644171779141
37.0,8.0,34.0,0.1,0.075,0.2,1.0,960.0,0.0,0.0,0.11979166666666667
37.0,8.0,35.0,0.1,0.075,0.2,1.0,939.0,0.0,0.0,0.12140575079872204
37.0,8.0,36.0,0.1,0.075,0.2,1.0,934.0,0.0,0.0,0.12098501070663811
37.0,8.0,37.0,0.1,0.075,0.2,1.0,915.0,0.0,0.0,0.12131147540983607
37.0,8.0,38.0,0.1,0.075,0.2,1.0,898.0,0.0,0.0,0.12360801781737193
37.0,8.0,39.0,0.1,0.075,0.2,1.0,891.0,0.0,0.0,0.12345679012345678
37.0,8.0,40.0,0.1,0.075,0.2,1.0,871.0,0.0,0.0,0.12629161882893225
37.0,8.0,41.0,0.1,0.075,0.2,1.0,864.0,0.0,0.0,0.1261574074074074
37.0,8.0,42.0,0.1,0.075,0.2,1.0,859.0,0.0,0.0,0.12689173457508732
37.0,8.0,43.0,0.1,0.075,0.2,1.0,841.0,0.0,0.0,0.12841854934601665
37.0,8.0,44.0,0.1,0.075,0.2,1.0,849.0,0.0,0.0,0.12838633686690223
37.0,8.0,45.0,0.1,0.075,0.2,1.0,841.0,0.0,0.0,0.1961950059453032
37.0,8.0,46.0,0.1,0.075,0.2,1.0,850.0,0.0,0.0,0.19647058823529412
37.0,8.0,47.0,0.1,0.075,0.2,1.0,830.0,0.0,0.0,0.19518072289156627
37.0,8.0,48.0,0.1,0.075,0.2,1.0,839.0,0.0,0.0,0.19547079856972585
37.0,8.0,49.0,0.1,0.075,0.2,1.0,837.0,0.0,0.0,0.19474313022700118
37.0,8.0,50.0,0.1,0.075,0.2,1.0,840.0,0.0,0.0,0.19523809523809524
37.0,8.0,51.0,0.1,0.075,0.2,1.0,823.0,0.0,0.0,0.19441069258809235
37.0,8.0,52.0,0.1,0.075,0.2,1.0,827.0,0.0,0.0,0.1946795646916566
37.0,9.0,1.0,0.1,0.075,0.2,1.0,822.0,0.0,0.0,0.19464720194647203
37.0,9.0,2.0,0.1,0.075,0.2,1.0,826.0,0.0,0.0,0.19491525423728814
37.0,9.0,3.0,0.1,0.075,0.2,1.0,819.0,0.0,0.0,0.19536019536019536
37.0,9.0,4.0,0.1,0.075,0.2,1.0,822.0,0.0,0.0,0.19586374695863748
37.0,9.0,5.0,0.1,0.075,0.2,1.0,814.0,0.0,0.0,0.19656019656019655
37.0,9.0,6.0,0.1,0.075,0.2,1.0,819.0,0.0,0.0,0.19658119658119658
37.0,9.0,7.0,0.1,0.075,0.2,1.0,812.0,0.0,0.0,0.19704433497536947
37.0,9.0,8.0,0.1,0.075,0.2,1.0,816.0,0.0,0.0,0.19730392156862744
37.0,9.0,9.0,0.1,0.075,0.2,1.0,807.0,0.0,0.0,0.1982651796778191
37.0,9.0,10.0,0.1,0.075,0.2,1.0,813.0,0.0,0.0,0.1980319803198032
37.0,9.0,11.0,0.1,0.075,0.2,1.0,806.0,0.0,0.0,0.19851116625310175
37.0,9.0,12.0,0.1,0.075,0.2,1.0,811.0,0.0,0.0,0.19852034525277434
37.0,9.0,13.0,0.1,0.075,0.2,1.0,804.0,0.0,0.0,0.19900497512437812
37.0,9.0,14.0,0.1,0.075,0.2,1.0,808.0,0.0,0.0,0.19925742574257427
37.0,9.0,15.0,0.1,0.075,0.2,1.0,802.0,0.0,0.0,0.19950124688279303
37.0,9.0,16.0,0.1,0.075,0.2,1.0,805.0,0.0,0.0,0.2
37.0,9.0,17.0,0.1,0.075,0.2,1.0,803.0,0.0,0.0,0.199252801992528
37.0,9.0,18.0,0.1,0.075,0.2,1.0,805.0,0.0,0.0,0.2
37.0,9.0,19.0,0.1,0.075,0.2,1.0,802.0,0.0,0.0,0.19950124688279303
37.0,9.0,20.0,0.1,0.075,0.2,1.0,1330.0,0.0,0.0,0.11729323308270677
37.0,9.0,21.0,0.1,0.075,0.2,1.0,1283.0,0.0,0.0,0.11691348402182385
37.0,9.0,22.0,0.1,0.075,0.2,1.0,1269.0,0.0,0.0,0.1182033096926714
37.0,9.0,23.0,0.1,0.075,0.2,1.0,1208.0,0.0,0.0,0.11754966887417219
37.0,9.0,24.0,0.1,0.075,0.2,1.0,1198.0,0.0,0.0,0.11936560934891485
37.0,9.0,25.0,0.1,0.075,0.2,1.0,1184.0,0.0,0.0,0.11993243243243243
37.0,9.0,26.0,0.1,0.075,0.2,1.0,1162.0,0.0,0.0,0.12048192771084337
37.0,9.0,27.0,0.1,0.075,0.2,1.0,1132.0,0.0,0.0,0.12279151943462897
37.0,9.0,28.0,0.1,0.075,0.2,1.0,1134.0,0.0,0.0,0.12345679012345678
37.0,9.0,29.0,0.1,0.075,0.2,1.0,1120.0,0.0,0.0,0.12321428571428572
37.0,9.0,30.0,0.1,0.075,0.2,1.0,1087.0,0.0,0.0,0.125114995400184
37.0,9.0,31.0,0.1,0.075,0.2,1.0,1053.0,0.0,0.0,0.12725546058879392
37.0,9.0,32.0,0.1,0.075,0.2,1.0,1042.0,0.0,0.0,0.1295585412667946
37.0,9.0,33.0,0.1,0.075,0.2,1.0,1040.0,0.0,0.0,0.12884615384615383
37.0,9.0,34.0,0.1,0.075,0.2,1.0,1027.0,0.0,0.0,0.1314508276533593
37.0,9.0,35.0,0.1,0.075,0.2,1.0,1000.0,0.0,0.0,0.133
37.0,9.0,36.0,0.1,0.075,0.2,1.0,992.0,0.0,0.0,0.13306451612903225
37.0,9.0,37.0,0.1,0.075,0.2,1.0,985.0,0.0,0.0,0.132994923857868
37.0,9.0,38.0,0.1,0.075,0.2,1.0,988.0,0.0,0.0,0.13360323886639677
37.0,9.0,39.0,0.1,0.075,0.2,1.0,965.0,0.0,0.0,0.13471502590673576
37.0,9.0,40.0,0.1,0.075,0.2,1.0,943.0,0.0,0.0,0.13891834570519618
37.0,9.0,41.0,0.1,0.075,0.2,1.0,941.0,0.0,0.0,0.1381509032943677
37.0,9.0,42.0,0.1,0.075,0.2,1.0,943.0,0.0,0.0,0.13891834570519618
37.0,9.0,43.0,0.1,0.075,0.2,1.0,924.0,0.0,0.0,0.1406926406926407
37.0,9.0,44.0,0.1,0.075,0.2,1.0,929.0,0.0,0.0,0.14101184068891282
37.0,9.0,45.0,0.1,0.075,0.2,1.0,911.0,0.0,0.0,0.21185510428100987
37.0,9.0,46.0,0.1,0.075,0.2,1.0,904.0,0.0,0.0,0.21460176991150443
37.0,9.0,47.0,0.1,0.075,0.2,1.0,898.0,0.0,0.0,0.21380846325167038
37.0,9.0,48.0,0.1,0.075,0.2,1.0,904.0,0.0,0.0,0.21460176991150443
37.0,9.0,49.0,0.1,0.075,0.2,1.0,900.0,0.0,0.0,0.21333333333333335
37.0,9.0,50.0,0.1,0.075,0.2,1.0,886.0,0.0,0.0,0.21557562076749437
37.0,9.0,51.0,0.1,0.075,0.2,1.0,885.0,0.0,0.0,0.2135593220338983
37.0,9.0,52.0,0.1,0.075,0.2,1.0,883.0,0.0,0.0,0.21630804077010193
37.0,10.0,1.0,0.1,0.075,0.2,1.0,881.0,0.0,0.0,0.21452894438138478
37.0,10.0,2.0,0.1,0.075,0.2,1.0,882.0,0.0,0.0,0.2165532879818594
37.0,10.0,3.0,0.1,0.075,0.2,1.0,881.0,0.0,0.0,0.21452894438138478
37.0,10.0,4.0,0.1,0.075,0.2,1.0,869.0,0.0,0.0,0.21979286536248563
37.0,10.0,5.0,0.1,0.075,0.2,1.0,868.0,0.0,0.0,0.21774193548387097
37.0,10.0,6.0,0.1,0.075,0.2,1.0,868.0,0.0,0.0,0.22004608294930875
37.0,10.0,7.0,0.1,0.075,0.2,1.0,868.0,0.0,0.0,0.21774193548387097
37.0,10.0,8.0,0.1,0.075,0.2,1.0,868.0,0.0,0.0,0.22004608294930875
37.0,10.0,9.0,0.1,0.075,0.2,1.0,848.0,0.0,0.0,0.22169811320754718
37.0,10.0,10.0,0.1,0.075,0.2,1.0,851.0,0.0,0.0,0.22326674500587543
37.0,10.0,11.0,0.1,0.075,0.2,1.0,847.0,0.0,0.0,0.22195985832349469
37.0,10.0,12.0,0.1,0.075,0.2,1.0,840.0,0.0,0.0,0.22380952380952382
37.0,10.0,13.0,0.1,0.075,0.2,1.0,822.0,0.0,0.0,0.22384428223844283
37.0,10.0,14.0,0.1,0.075,0.2,1.0,824.0,0.0,0.0,0.22572815533980584
37.0,10.0,15.0,0.1,0.075,0.2,1.0,821.0,0.0,0.0,0.22289890377588306
37.0,10.0,16.0,0.1,0.075,0.2,1.0,824.0,0.0,0.0,0.22451456310679613
37.0,10.0,17.0,0.1,0.075,0.2,1.0,821.0,0.0,0.0,0.22289890377588306
37.0,10.0,18.0,0.1,0.075,0.2,1.0,822.0,0.0,0.0,0.22506082725060828
37.0,10.0,19.0,0.1,0.075,0.2,1.0,821.0,0.0,0.0,0.22289890377588306
37.0,10.0,20.0,0.1,0.075,0.2,1.0,1340.0,0.0,0.0,0.12313432835820895
37.0,10.0,21.0,0.1,0.075,0.2,1.0,1310.0,0.0,0.0,0.12213740458015267
37.0,10.0,22.0,0.1,0.075,0.2,1.0,1299.0,0.0,0.0,0.12317167051578137
37.0,10.0,23.0,0.1,0.075,0.2,1.0,1273.0,0.0,0.0,0.12254516889238021
37.0,10.0,24.0,0.1,0.075,0.2,1.0,1240.0,0.0,0.0,0.12419354838709677
37.0,10.0,25.0,0.1,0.075,0.2,1.0,1163.0,0.0,0.0,0.12467755803955288
37.0,10.0,26.0,0.1,0.075,0.2,1.0,1112.0,0.0,0.0,0.13129496402877697
37.0,10.0,27.0,0.1,0.075,0.2,1.0,1099.0,0.0,0.0,0.13011828935395814
37.0,10.0,28.0,0.1,0.075,0.2,1.0,1086.0,0.0,0.0,0.13351749539594843
37.0,10.0,29.0,0.1,0.075,0.2,1.0,1085.0,0.0,0.0,0.13179723502304147
37.0,10.0,30.0,0.1,0.075,0.2,1.0,1059.0,0.0,0.0,0.13503305004721436
37.0,10.0,31.0,0.1,0.075,0.2,1.0,1033.0,0.0,0.0,0.1355275895450145
37.0,10.0,32.0,0.1,0.075,0.2,1.0,1036.0,0.0,0.0,0.13706563706563707
37.0,10.0,33.0,0.1,0.075,0.2,1.0,1033.0,0.0,0.0,0.1355275895450145
37.0,10.0,34.0,0.1,0.075,0.2,1.0,1036.0,0.0,0.0,0.13706563706563707
37.0,10.0,35.0,0.1,0.075,0.2,1.0,1021.0,0.0,0.0,0.13516160626836435
37.0,10.0,36.0,0.1,0.075,0.2,1.0,996.0,0.0,0.0,0.14156626506024098
37.0,10.0,37.0,0.1,0.075,0.2,1.0,993.0,0.0,0.0,0.13997985901309165
37.0,10.0,38.0,0.1,0.075,0.2,1.0,996.0,0.0,0.0,0.14156626506024098
37.0,10.0,39.0,0.1,0.075,0.2,1.0,982.0,0.0,0.0,0.1415478615071283
37.0,10.0,40.0,0.1,0.075,0.2,1.0,955.0,0.0,0.0,0.14450261780104712
37.0,10.0,41.0,0.1,0.075,0.2,1.0,941.0,0.0,0.0,0.14452709883103082
37.0,10.0,42.0,0.1,0.075,0.2,1.0,945.0,0.0,0.0,0.14603174603174604
37.0,10.0,43.0,0.1,0.075,0.2,1.0,941.0,0.0,0.0,0.14452709883103082
37.0,10.0,44.0,0.1,0.075,0.2,1.0,932.0,0.0,0.0,0.148068669527897
37.0,10.0,45.0,0.1,0.075,0.2,1.0,929.0,0.0,0.0,0.2023681377825619
37.0,10.0,46.0,0.1,0.075,0.2,1.0,919.0,0.0,0.0,0.20348204570184983
37.0,10.0,47.0,0.1,0.075,0.2,1.0,904.0,0.0,0.0,0.20353982300884957
37.0,10.0,48.0,0.1,0.075,0.2,1.0,869.0,0.0,0.0,0.2094361334867664
37.0,10.0,49.0,0.1,0.075,0.2,1.0,867.0,0.0,0.0,0.20876585928489041
37.0,10.0,50.0,0.1,0.075,0.2,1.0,868.0,0.0,0.0,0.20967741935483872
37.0,10.0,51.0,0.1,0.075,0.2,1.0,865.0,0.0,0.0,0.2092485549132948
37.0,10.0,52.0,0.1,0.075,0.2,1.0,862.0,0.0,0.0,0.2099767981438515
38.0,1.0,1.0,0.1,0.075,0.2,1.0,5036.0,59.0,11.0,0.09710087370929309
38.0,1.0,2.0,0.1,0.075,0.2,1.0,4996.0,67.0,22.0,0.09647718174539632
38.0,1.0,3.0,0.1,0.075,0.2,1.0,4966.0,87.0,36.0,0.09746274667740637
38.0,1.0,4.0,0.1,0.075,0.2,1.0,4873.0,98.0,35.0,0.09809152472809357
38.0,1.0,5.0,0.1,0.075,0.2,1.0,4854.0,107.0,38.0,0.10094767202307375
38.0,1.0,6.0,0.1,0.075,0.2,1.0,4807.0,133.0,46.0,0.10047846889952153
38.0,1.0,7.0,0.1,0.075,0.2,1.0,4704.0,162.0,61.0,0.1016156462585034
38.0,1.0,8.0,0.1,0.075,0.2,1.0,4548.0,210.0,71.0,0.10004397537379067
38.0,1.0,9.0,0.1,0.075,0.2,1.0,4380.0,236.0,87.0,0.10136986301369863
38.0,1.0,10.0,0.1,0.075,0.2,1.0,4262.0,264.0,93.0,0.10159549507273581
38.0,1.0,11.0,0.1,0.075,0.2,1.0,4153.0,311.0,111.0,0.10137250180592343
38.0,1.0,12.0,0.1,0.075,0.2,1.0,4037.0,350.0,137.0,0.10131285608124845
38.0,1.0,13.0,0.1,0.075,0.2,1.0,3866.0,344.0,156.0,0.1024314536989136
38.0,1.0,14.0,0.1,0.075,0.2,1.0,3761.0,370.0,175.0,0.10342993884605159
38.0,1.0,15.0,0.1,0.075,0.2,1.0,3664.0,368.0,182.0,0.1050764192139738
38.0,1.0,16.0,0.1,0.075,0.2,1.0,3562.0,375.0,161.0,0.10724312184166199
38.0,1.0,17.0,0.1,0.075,0.2,1.0,3470.0,381.0,164.0,0.10979827089337175
38.0,1.0,18.0,0.1,0.075,0.2,1.0,3342.0,380.0,174.0,0.11101137043686415
38.0,1.0,19.0,0.1,0.075,0.2,1.0,3270.0,391.0,196.0,0.11314984709480122
38.0,1.0,20.0,0.1,0.075,0.2,1.0,6068.0,376.0,197.0,0.05932762030323006
38.0,1.0,21.0,0.1,0.075,0.2,1.0,5761.0,455.0,167.0,0.061968408262454436
38.0,1.0,22.0,0.1,0.075,0.2,1.0,5383.0,480.0,167.0,0.06297603566784321
38.0,1.0,23.0,0.1,0.075,0.2,1.0,5132.0,523.0,197.0,0.06508183943881528
38.0,1.0,24.0,0.1,0.075,0.2,1.0,4852.0,593.0,234.0,0.06657048639736192
38.0,1.0,25.0,0.1,0.075,0.2,1.0,4607.0,653.0,268.0,0.06815715215975689
38.0,1.0,26.0,0.1,0.075,0.2,1.0,4265.0,666.0,293.0,0.07198124267291911
38.0,1.0,27.0,0.1,0.075,0.2,1.0,4045.0,716.0,335.0,0.07342398022249691
38.0,1.0,28.0,0.1,0.075,0.2,1.0,3753.0,713.0,315.0,0.07780442312816413
38.0,1.0,29.0,0.1,0.075,0.2,1.0,3527.0,743.0,304.0,0.0816557981287213
38.0,1.0,30.0,0.1,0.075,0.2,1.0,3315.0,704.0,314.0,0.08536953242835596
38.0,1.0,31.0,0.1,0.075,0.2,1.0,3172.0,696.0,331.0,0.08827238335435057
38.0,1.0,32.0,0.1,0.075,0.2,1.0,3015.0,695.0,341.0,0.09220563847429519
38.0,1.0,33.0,0.1,0.075,0.2,1.0,2797.0,640.0,304.0,0.09617447264926707
38.0,1.0,34.0,0.1,0.075,0.2,1.0,2630.0,610.0,300.0,0.10076045627376426
38.0,1.0,35.0,0.1,0.075,0.2,1.0,2440.0,578.0,277.0,0.10655737704918032
38.0,1.0,36.0,0.1,0.075,0.2,1.0,2319.0,547.0,254.0,0.11211729193617939
38.0,1.0,37.0,0.1,0.075,0.2,1.0,2169.0,494.0,247.0,0.11848778238819732
38.0,1.0,38.0,0.1,0.075,0.2,1.0,2008.0,455.0,241.0,0.12649402390438247
38.0,1.0,39.0,0.1,0.075,0.2,1.0,1912.0,460.0,237.0,0.1307531380753138
38.0,1.0,40.0,0.1,0.075,0.2,1.0,1789.0,425.0,203.0,0.13974287311347122
38.0,1.0,41.0,0.1,0.075,0.2,1.0,1691.0,389.0,191.0,0.14725014784151388
38.0,1.0,42.0,0.1,0.075,0.2,1.0,1581.0,357.0,194.0,0.15306767868437698
38.0,1.0,43.0,0.1,0.075,0.2,1.0,1507.0,320.0,182.0,0.1619110816191108
38.0,1.0,44.0,0.1,0.075,0.2,1.0,1393.0,283.0,161.0,0.1730078966259871
38.0,1.0,45.0,0.1,0.075,0.2,1.0,1296.0,245.0,137.0,0.23996913580246915
38.0,1.0,46.0,0.1,0.075,0.2,1.0,1221.0,213.0,113.0,0.24324324324324326
38.0,1.0,47.0,0.1,0.075,0.2,1.0,1166.0,190.0,100.0,0.25471698113207547
38.0,1.0,48.0,0.1,0.075,0.2,1.0,1111.0,167.0,85.0,0.2583258325832583
38.0,1.0,49.0,0.1,0.075,0.2,1.0,1077.0,149.0,83.0,0.265552460538533
38.0,1.0,50.0,0.1,0.075,0.2,1.0,1042.0,140.0,80.0,0.2696737044145873
38.0,1.0,51.0,0.1,0.075,0.2,1.0,1004.0,130.0,73.0,0.27689243027888444
38.0,1.0,52.0,0.1,0.075,0.2,1.0,967.0,117.0,54.0,0.28335056876938985
38.0,2.0,1.0,0.1,0.075,0.2,1.0,940.0,99.0,58.0,0.28936170212765955
38.0,2.0,2.0,0.1,0.075,0.2,1.0,909.0,86.0,49.0,0.29372937293729373
38.0,2.0,3.0,0.1,0.075,0.2,1.0,896.0,85.0,55.0,0.29799107142857145
38.0,2.0,4.0,0.1,0.075,0.2,1.0,863.0,64.0,39.0,0.30359212050984935
38.0,2.0,5.0,0.1,0.075,0.2,1.0,842.0,51.0,33.0,0.30641330166270786
38.0,2.0,6.0,0.1,0.075,0.2,1.0,825.0,45.0,26.0,0.3090909090909091
38.0,2.0,7.0,0.1,0.075,0.2,1.0,807.0,38.0,20.0,0.3097893432465923
38.0,2.0,8.0,0.1,0.075,0.2,1.0,793.0,30.0,18.0,0.31399747793190413
38.0,2.0,9.0,0.1,0.075,0.2,1.0,783.0,26.0,13.0,0.31800766283524906
38.0,2.0,10.0,0.1,0.075,0.2,1.0,773.0,25.0,12.0,0.31953428201811124
38.0,2.0,11.0,0.1,0.075,0.2,1.0,759.0,21.0,14.0,0.3201581027667984
38.0,2.0,12.0,0.1,0.075,0.2,1.0,751.0,24.0,14.0,0.3235685752330226
38.0,2.0,13.0,0.1,0.075,0.2,1.0,745.0,23.0,12.0,0.3261744966442953
38.0,2.0,14.0,0.1,0.075,0.2,1.0,729.0,17.0,9.0,0.3319615912208505
38.0,2.0,15.0,0.1,0.075,0.2,1.0,726.0,18.0,9.0,0.3305785123966942
38.0,2.0,16.0,0.1,0.075,0.2,1.0,721.0,19.0,10.0,0.332871012482663
38.0,2.0,17.0,0.1,0.075,0.2,1.0,715.0,15.0,8.0,0.3328671328671329
38.0,2.0,18.0,0.1,0.075,0.2,1.0,706.0,14.0,10.0,0.3356940509915014
38.0,2.0,19.0,0.1,0.075,0.2,1.0,706.0,11.0,9.0,0.3356940509915014
38.0,2.0,20.0,0.1,0.075,0.2,1.0,1241.0,7.0,6.0,0.1909750201450443
38.0,2.0,21.0,0.1,0.075,0.2,1.0,1227.0,10.0,4.0,0.19070904645476772
38.0,2.0,22.0,0.1,0.075,0.2,1.0,1205.0,11.0,3.0,0.1933609958506224
38.0,2.0,23.0,0.1,0.075,0.2,1.0,1201.0,13.0,5.0,0.19400499583680267
38.0,2.0,24.0,0.1,0.075,0.2,1.0,1179.0,14.0,4.0,0.19338422391857507
38.0,2.0,25.0,0.1,0.075,0.2,1.0,1168.0,16.0,4.0,0.1969178082191781
38.0,2.0,26.0,0.1,0.075,0.2,1.0,1152.0,16.0,7.0,0.19270833333333334
38.0,2.0,27.0,0.1,0.075,0.2,1.0,1149.0,16.0,8.0,0.19669277632724108
38.0,2.0,28.0,0.1,0.075,0.2,1.0,1144.0,19.0,8.0,0.19318181818181818
38.0,2.0,29.0,0.1,0.075,0.2,1.0,1127.0,18.0,10.0,0.1960958296362023
38.0,2.0,30.0,0.1,0.075,0.2,1.0,1089.0,21.0,11.0,0.19651056014692378
38.0,2.0,31.0,0.1,0.075,0.2,1.0,1066.0,21.0,11.0,0.20075046904315197
38.0,2.0,32.0,0.1,0.075,0.2,1.0,1033.0,15.0,4.0,0.20232333010648595
38.0,2.0,33.0,0.1,0.075,0.2,1.0,1025.0,13.0,5.0,0.20585365853658535
38.0,2.0,34.0,0.1,0.075,0.2,1.0,1009.0,16.0,7.0,0.2051536174430129
38.0,2.0,35.0,0.1,0.075,0.2,1.0,1002.0,17.0,9.0,0.20459081836327345
38.0,2.0,36.0,0.1,0.075,0.2,1.0,983.0,20.0,9.0,0.20447609359104782
38.0,2.0,37.0,0.1,0.075,0.2,1.0,953.0,17.0,8.0,0.2098635886673662
38.0,2.0,38.0,0.1,0.075,0.2,1.0,926.0,15.0,7.0,0.20950323974082075
38.0,2.0,39.0,0.1,0.075,0.2,1.0,917.0,14.0,7.0,0.21155943293347873
38.0,2.0,40.0,0.1,0.075,0.2,1.0,882.0,17.0,5.0,0.21201814058956917
38.0,2.0,41.0,0.1,0.075,0.2,1.0,875.0,16.0,6.0,0.21714285714285714
38.0,2.0,42.0,0.1,0.075,0.2,1.0,861.0,14.0,6.0,0.2148664343786295
38.0,2.0,43.0,0.1,0.075,0.2,1.0,858.0,15.0,7.0,0.21445221445221446
38.0,2.0,44.0,0.1,0.075,0.2,1.0,852.0,13.0,5.0,0.2147887323943662
38.0,2.0,45.0,0.1,0.075,0.2,1.0,837.0,13.0,4.0,0.2712066905615293
38.0,2.0,46.0,0.1,0.075,0.2,1.0,836.0,12.0,7.0,0.27392344497607657
38.0,2.0,47.0,0.1,0.075,0.2,1.0,822.0,14.0,7.0,0.2761557177615572
38.0,2.0,48.0,0.1,0.075,0.2,1.0,818.0,15.0,9.0,0.2762836185819071
38.0,2.0,49.0,0.1,0.075,0.2,1.0,808.0,12.0,6.0,0.275990099009901
38.0,2.0,50.0,0.1,0.075,0.2,1.0,806.0,13.0,7.0,0.2729528535980149
38.0,2.0,51.0,0.1,0.075,0.2,1.0,792.0,10.0,6.0,0.2727272727272727
38.0,2.0,52.0,0.1,0.075,0.2,1.0,791.0,9.0,7.0,0.27054361567635904
38.0,3.0,1.0,0.1,0.075,0.2,1.0,779.0,7.0,6.0,0.26957637997432604
38.0,3.0,2.0,0.1,0.075,0.2,1.0,780.0,5.0,3.0,0.2692307692307692
38.0,3.0,3.0,0.1,0.075,0.2,1.0,763.0,4.0,3.0,0.2699868938401048
38.0,3.0,4.0,0.1,0.075,0.2,1.0,764.0,4.0,3.0,0.2683246073298429
38.0,3.0,5.0,0.1,0.075,0.2,1.0,754.0,8.0,3.0,0.26657824933687
38.0,3.0,6.0,0.1,0.075,0.2,1.0,757.0,6.0,1.0,0.26816380449141347
38.0,3.0,7.0,0.1,0.075,0.2,1.0,747.0,5.0,2.0,0.26907630522088355
38.0,3.0,8.0,0.1,0.075,0.2,1.0,747.0,7.0,2.0,0.27041499330655955
38.0,3.0,9.0,0.1,0.075,0.2,1.0,736.0,10.0,4.0,0.26902173913043476
38.0,3.0,10.0,0.1,0.075,0.2,1.0,737.0,9.0,4.0,0.2700135685210312
38.0,3.0,11.0,0.1,0.075,0.2,1.0,726.0,12.0,5.0,0.26721763085399447
38.0,3.0,12.0,0.1,0.075,0.2,1.0,731.0,11.0,7.0,0.2694938440492476
38.0,3.0,13.0,0.1,0.075,0.2,1.0,719.0,17.0,6.0,0.2698191933240612
38.0,3.0,14.0,0.1,0.075,0.2,1.0,723.0,19.0,8.0,0.27247579529737204
38.0,3.0,15.0,0.1,0.075,0.2,1.0,713.0,20.0,8.0,0.2720897615708275
38.0,3.0,16.0,0.1,0.075,0.2,1.0,716.0,19.0,11.0,0.2737430167597765
38.0,3.0,17.0,0.1,0.075,0.2,1.0,701.0,18.0,12.0,0.2738944365192582
38.0,3.0,18.0,0.1,0.075,0.2,1.0,700.0,14.0,11.0,0.27714285714285714
38.0,3.0,19.0,0.1,0.075,0.2,1.0,691.0,14.0,10.0,0.2778581765557164
38.0,3.0,20.0,0.1,0.075,0.2,1.0,1332.0,13.0,6.0,0.1463963963963964
38.0,3.0,21.0,0.1,0.075,0.2,1.0,1225.0,10.0,2.0,0.14775510204081632
38.0,3.0,22.0,0.1,0.075,0.2,1.0,1221.0,10.0,2.0,0.14742014742014742
38.0,3.0,23.0,0.1,0.075,0.2,1.0,1174.0,10.0,4.0,0.14821124361158433
38.0,3.0,24.0,0.1,0.075,0.2,1.0,1177.0,15.0,5.0,0.1469838572642311
38.0,3.0,25.0,0.1,0.075,0.2,1.0,1129.0,18.0,6.0,0.1488042515500443
38.0,3.0,26.0,0.1,0.075,0.2,1.0,1132.0,22.0,5.0,0.1501766784452297
38.0,3.0,27.0,0.1,0.075,0.2,1.0,1115.0,25.0,13.0,0.14798206278026907
38.0,3.0,28.0,0.1,0.075,0.2,1.0,1112.0,29.0,12.0,0.14928057553956833
38.0,3.0,29.0,0.1,0.075,0.2,1.0,1084.0,28.0,13.0,0.15129151291512916
38.0,3.0,30.0,0.1,0.075,0.2,1.0,1068.0,24.0,10.0,0.15543071161048688
38.0,3.0,31.0,0.1,0.075,0.2,1.0,1044.0,26.0,11.0,0.15421455938697318
38.0,3.0,32.0,0.1,0.075,0.2,1.0,1039.0,22.0,13.0,0.15784408084696824
38.0,3.0,33.0,0.1,0.075,0.2,1.0,1022.0,26.0,10.0,0.15459882583170254
38.0,3.0,34.0,0.1,0.075,0.2,1.0,1018.0,26.0,12.0,0.1581532416502947
38.0,3.0,35.0,0.1,0.075,0.2,1.0,986.0,20.0,14.0,0.1592292089249493
38.0,3.0,36.0,0.1,0.075,0.2,1.0,985.0,23.0,15.0,0.16142131979695432
38.0,3.0,37.0,0.1,0.075,0.2,1.0,958.0,20.0,11.0,0.162839248434238
38.0,3.0,38.0,0.1,0.075,0.2,1.0,940.0,16.0,5.0,0.16382978723404254
38.0,3.0,39.0,0.1,0.075,0.2,1.0,927.0,17.0,7.0,0.1650485436893204
38.0,3.0,40.0,0.1,0.075,0.2,1.0,918.0,19.0,9.0,0.16339869281045752
38.0,3.0,41.0,0.1,0.075,0.2,1.0,897.0,21.0,8.0,0.16387959866220736
38.0,3.0,42.0,0.1,0.075,0.2,1.0,879.0,22.0,6.0,0.16609783845278725
38.0,3.0,43.0,0.1,0.075,0.2,1.0,856.0,17.0,7.0,0.1647196261682243
38.0,3.0,44.0,0.1,0.075,0.2,1.0,849.0,21.0,12.0,0.16607773851590105
38.0,3.0,45.0,0.1,0.075,0.2,1.0,828.0,21.0,11.0,0.22584541062801933
38.0,3.0,46.0,0.1,0.075,0.2,1.0,817.0,19.0,9.0,0.22888616891064872
38.0,3.0,47.0,0.1,0.075,0.2,1.0,805.0,17.0,9.0,0.22732919254658385
38.0,3.0,48.0,0.1,0.075,0.2,1.0,805.0,16.0,10.0,0.22732919254658385
38.0,3.0,49.0,0.1,0.075,0.2,1.0,778.0,20.0,10.0,0.2262210796915167
38.0,3.0,50.0,0.1,0.075,0.2,1.0,771.0,21.0,8.0,0.22568093385214008
38.0,3.0,51.0,0.1,0.075,0.2,1.0,762.0,22.0,11.0,0.22572178477690288
38.0,3.0,52.0,0.1,0.075,0.2,1.0,761.0,24.0,12.0,0.22601839684625494
38.0,4.0,1.0,0.1,0.075,0.2,1.0,749.0,33.0,10.0,0.22696929238985314
38.0,4.0,2.0,0.1,0.075,0.2,1.0,746.0,28.0,10.0,0.23056300268096513
38.0,4.0,3.0,0.1,0.075,0.2,1.0,736.0,27.0,14.0,0.2269021739130435
38.0,4.0,4.0,0.1,0.075,0.2,1.0,735.0,27.0,16.0,0.22857142857142856
38.0,4.0,5.0,0.1,0.075,0.2,1.0,723.0,21.0,14.0,0.2268326417704011
38.0,4.0,6.0,0.1,0.075,0.2,1.0,718.0,17.0,11.0,0.2298050139275766
38.0,4.0,7.0,0.1,0.075,0.2,1.0,708.0,17.0,9.0,0.2288135593220339
38.0,4.0,8.0,0.1,0.075,0.2,1.0,707.0,14.0,8.0,0.23196605374823195
38.0,4.0,9.0,0.1,0.075,0.2,1.0,697.0,11.0,7.0,0.23242467718794835
38.0,4.0,10.0,0.1,0.075,0.2,1.0,698.0,13.0,8.0,0.23209169054441262
38.0,4.0,11.0,0.1,0.075,0.2,1.0,687.0,13.0,6.0,0.2314410480349345
38.0,4.0,12.0,0.1,0.075,0.2,1.0,688.0,11.0,5.0,0.23401162790697674
38.0,4.0,13.0,0.1,0.075,0.2,1.0,677.0,11.0,6.0,0.23338257016248154
38.0,4.0,14.0,0.1,0.075,0.2,1.0,681.0,10.0,5.0,0.23201174743024963
38.0,4.0,15.0,0.1,0.075,0.2,1.0,670.0,11.0,6.0,0.2298507462686567
38.0,4.0,16.0,0.1,0.075,0.2,1.0,673.0,8.0,4.0,0.23179791976225855
38.0,4.0,17.0,0.1,0.075,0.2,1.0,662.0,8.0,5.0,0.2326283987915408
38.0,4.0,18.0,0.1,0.075,0.2,1.0,663.0,7.0,3.0,0.23378582202111614
38.0,4.0,19.0,0.1,0.075,0.2,1.0,651.0,6.0,4.0,0.2350230414746544
38.0,4.0,20.0,0.1,0.075,0.2,1.0,1244.0,8.0,3.0,0.12459807073954984
38.0,4.0,21.0,0.1,0.075,0.2,1.0,1228.0,8.0,2.0,0.1245928338762215
38.0,4.0,22.0,0.1,0.075,0.2,1.0,1202.0,6.0,2.0,0.1264559068219634
38.0,4.0,23.0,0.1,0.075,0.2,1.0,1172.0,5.0,4.0,0.12542662116040956
38.0,4.0,24.0,0.1,0.075,0.2,1.0,1168.0,7.0,4.0,0.125
38.0,4.0,25.0,0.1,0.075,0.2,1.0,1123.0,6.0,3.0,0.12555654496883348
38.0,4.0,26.0,0.1,0.075,0.2,1.0,1102.0,4.0,2.0,0.12885662431941924
38.0,4.0,27.0,0.1,0.075,0.2,1.0,1070.0,6.0,3.0,0.12897196261682242
38.0,4.0,28.0,0.1,0.075,0.2,1.0,1047.0,5.0,2.0,0.12989493791786055
38.0,4.0,29.0,0.1,0.075,0.2,1.0,1019.0,4.0,1.0,0.13052011776251227
38.0,4.0,30.0,0.1,0.075,0.2,1.0,1008.0,4.0,2.0,0.13095238095238096
38.0,4.0,31.0,0.1,0.075,0.2,1.0,960.0,5.0,3.0,0.13229166666666667
38.0,4.0,32.0,0.1,0.075,0.2,1.0,938.0,6.0,4.0,0.13219616204690832
38.0,4.0,33.0,0.1,0.075,0.2,1.0,904.0,8.0,1.0,0.13163716814159293
38.0,4.0,34.0,0.1,0.075,0.2,1.0,891.0,7.0,2.0,0.1324354657687991
38.0,4.0,35.0,0.1,0.075,0.2,1.0,868.0,12.0,5.0,0.1336405529953917
38.0,4.0,36.0,0.1,0.075,0.2,1.0,869.0,16.0,7.0,0.1334867663981588
38.0,4.0,37.0,0.1,0.075,0.2,1.0,833.0,19.0,6.0,0.13085234093637454
38.0,4.0,38.0,0.1,0.075,0.2,1.0,813.0,19.0,10.0,0.13653136531365315
38.0,4.0,39.0,0.1,0.075,0.2,1.0,796.0,22.0,10.0,0.13819095477386933
38.0,4.0,40.0,0.1,0.075,0.2,1.0,789.0,23.0,12.0,0.14068441064638784
38.0,4.0,41.0,0.1,0.075,0.2,1.0,768.0,15.0,6.0,0.14192708333333334
38.0,4.0,42.0,0.1,0.075,0.2,1.0,769.0,14.0,8.0,0.14304291287386217
38.0,4.0,43.0,0.1,0.075,0.2,1.0,761.0,12.0,7.0,0.14323258869908015
38.0,4.0,44.0,0.1,0.075,0.2,1.0,733.0,10.0,7.0,0.14597544338335608
38.0,4.0,45.0,0.1,0.075,0.2,1.0,721.0,9.0,6.0,0.21081830790568654
38.0,4.0,46.0,0.1,0.075,0.2,1.0,716.0,7.0,6.0,0.21508379888268156
38.0,4.0,47.0,0.1,0.075,0.2,1.0,704.0,8.0,4.0,0.21306818181818182
38.0,4.0,48.0,0.1,0.075,0.2,1.0,694.0,5.0,2.0,0.21613832853025935
38.0,4.0,49.0,0.1,0.075,0.2,1.0,692.0,3.0,1.0,0.21820809248554912
38.0,4.0,50.0,0.1,0.075,0.2,1.0,688.0,3.0,2.0,0.21656976744186046
38.0,4.0,51.0,0.1,0.075,0.2,1.0,672.0,3.0,2.0,0.21279761904761904
38.0,4.0,52.0,0.1,0.075,0.2,1.0,673.0,2.0,2.0,0.2139673105497771
38.0,5.0,1.0,0.1,0.075,0.2,1.0,669.0,3.0,1.0,0.21225710014947682
38.0,5.0,2.0,0.1,0.075,0.2,1.0,670.0,3.0,1.0,0.21194029850746268
38.0,5.0,3.0,0.1,0.075,0.2,1.0,668.0,2.0,0.0,0.2125748502994012
38.0,5.0,4.0,0.1,0.075,0.2,1.0,665.0,2.0,1.0,0.21203007518796993
38.0,5.0,5.0,0.1,0.075,0.2,1.0,664.0,3.0,2.0,0.20933734939759036
38.0,5.0,6.0,0.1,0.075,0.2,1.0,665.0,3.0,2.0,0.21203007518796993
38.0,5.0,7.0,0.1,0.075,0.2,1.0,663.0,2.0,1.0,0.21116138763197587
38.0,5.0,8.0,0.1,0.075,0.2,1.0,657.0,1.0,0.0,0.2100456621004566
38.0,5.0,9.0,0.1,0.075,0.2,1.0,657.0,1.0,0.0,0.2100456621004566
38.0,5.0,10.0,0.1,0.075,0.2,1.0,645.0,1.0,0.0,0.21085271317829457
38.0,5.0,11.0,0.1,0.075,0.2,1.0,642.0,1.0,1.0,0.2102803738317757
38.0,5.0,12.0,0.1,0.075,0.2,1.0,643.0,1.0,1.0,0.208398133748056
38.0,5.0,13.0,0.1,0.075,0.2,1.0,637.0,1.0,1.0,0.20722135007849293
38.0,5.0,14.0,0.1,0.075,0.2,1.0,637.0,0.0,0.0,0.20565149136577707
38.0,5.0,15.0,0.1,0.075,0.2,1.0,636.0,0.0,0.0,0.20440251572327045
38.0,5.0,16.0,0.1,0.075,0.2,1.0,637.0,0.0,0.0,0.20565149136577707
38.0,5.0,17.0,0.1,0.075,0.2,1.0,634.0,0.0,0.0,0.20504731861198738
38.0,5.0,18.0,0.1,0.075,0.2,1.0,622.0,0.0,0.0,0.20739549839228297
38.0,5.0,19.0,0.1,0.075,0.2,1.0,616.0,0.0,0.0,0.20616883116883117
38.0,5.0,20.0,0.1,0.075,0.2,1.0,1153.0,0.0,0.0,0.11101474414570685
38.0,5.0,21.0,0.1,0.075,0.2,1.0,1158.0,0.0,0.0,0.10967184801381692
38.0,5.0,22.0,0.1,0.075,0.2,1.0,1135.0,0.0,0.0,0.11101321585903083
38.0,5.0,23.0,0.1,0.075,0.2,1.0,1112.0,0.0,0.0,0.11151079136690648
38.0,5.0,24.0,0.1,0.075,0.2,1.0,1065.0,0.0,0.0,0.11455399061032864
38.0,5.0,25.0,0.1,0.075,0.2,1.0,1004.0,0.0,0.0,0.11553784860557768
38.0,5.0,26.0,0.1,0.075,0.2,1.0,996.0,0.0,0.0,0.11646586345381527
38.0,5.0,27.0,0.1,0.075,0.2,1.0,983.0,0.0,0.0,0.11393692777212615
38.0,5.0,28.0,0.1,0.075,0.2,1.0,961.0,0.0,0.0,0.11550468262226847
38.0,5.0,29.0,0.1,0.075,0.2,1.0,958.0,0.0,0.0,0.11064718162839249
38.0,5.0,30.0,0.1,0.075,0.2,1.0,941.0,0.0,0.0,0.11052072263549416
38.0,5.0,31.0,0.1,0.075,0.2,1.0,930.0,0.0,0.0,0.1064516129032258
38.0,5.0,32.0,0.1,0.075,0.2,1.0,929.0,0.0,0.0,0.10656620021528525
38.0,5.0,33.0,0.1,0.075,0.2,1.0,908.0,0.0,0.0,0.10572687224669604
38.0,5.0,34.0,0.1,0.075,0.2,1.0,902.0,0.0,0.0,0.10753880266075388
38.0,5.0,35.0,0.1,0.075,0.2,1.0,905.0,0.0,0.0,0.10607734806629834
38.0,5.0,36.0,0.1,0.075,0.2,1.0,886.0,0.0,0.0,0.1072234762979684
38.0,5.0,37.0,0.1,0.075,0.2,1.0,890.0,0.0,0.0,0.10561797752808989
38.0,5.0,38.0,0.1,0.075,0.2,1.0,847.0,0.0,0.0,0.10979929161747344
38.0,5.0,39.0,0.1,0.075,0.2,1.0,843.0,0.0,0.0,0.10794780545670225
38.0,5.0,40.0,0.1,0.075,0.2,1.0,807.0,0.0,0.0,0.1090458488228005
38.0,5.0,41.0,0.1,0.075,0.2,1.0,808.0,0.0,0.0,0.10643564356435643
38.0,5.0,42.0,0.1,0.075,0.2,1.0,781.0,0.0,0.0,0.11139564660691421
38.0,5.0,43.0,0.1,0.075,0.2,1.0,783.0,0.0,0.0,0.10983397190293742
38.0,5.0,44.0,0.1,0.075,0.2,1.0,781.0,0.0,0.0,0.11139564660691421
38.0,5.0,45.0,0.1,0.075,0.2,1.0,782.0,0.0,0.0,0.1815856777493606
38.0,5.0,46.0,0.1,0.075,0.2,1.0,772.0,0.0,0.0,0.18134715025906736
38.0,5.0,47.0,0.1,0.075,0.2,1.0,768.0,0.0,0.0,0.18229166666666666
38.0,5.0,48.0,0.1,0.075,0.2,1.0,753.0,0.0,0.0,0.1806108897742364
38.0,5.0,49.0,0.1,0.075,0.2,1.0,743.0,0.0,0.0,0.1816958277254374
38.0,5.0,50.0,0.1,0.075,0.2,1.0,730.0,0.0,0.0,0.1821917808219178
38.0,5.0,51.0,0.1,0.075,0.2,1.0,713.0,0.0,0.0,0.18513323983169705
38.0,5.0,52.0,0.1,0.075,0.2,1.0,696.0,0.0,0.0,0.1882183908045977
38.0,6.0,1.0,0.1,0.075,0.2,1.0,682.0,0.0,0.0,0.18621700879765396
38.0,6.0,2.0,0.1,0.075,0.2,1.0,681.0,0.0,0.0,0.18795888399412627
38.0,6.0,3.0,0.1,0.075,0.2,1.0,665.0,0.0,0.0,0.18646616541353384
38.0,6.0,4.0,0.1,0.075,0.2,1.0,667.0,0.0,0.0,0.1874062968515742
38.0,6.0,5.0,0.1,0.075,0.2,1.0,666.0,0.0,0.0,0.18618618618618618
38.0,6.0,6.0,0.1,0.075,0.2,1.0,661.0,0.0,0.0,0.18456883509833585
38.0,6.0,7.0,0.1,0.075,0.2,1.0,657.0,0.0,0.0,0.1841704718417047
38.0,6.0,8.0,0.1,0.075,0.2,1.0,653.0,0.0,0.0,0.18529862174578868
38.0,6.0,9.0,0.1,0.075,0.2,1.0,652.0,0.0,0.0,0.18558282208588958
38.0,6.0,10.0,0.1,0.075,0.2,1.0,650.0,0.0,0.0,0.18461538461538463
38.0,6.0,11.0,0.1,0.075,0.2,1.0,634.0,0.0,0.0,0.18454258675078863
38.0,6.0,12.0,0.1,0.075,0.2,1.0,633.0,0.0,0.0,0.18641390205371247
38.0,6.0,13.0,0.1,0.075,0.2,1.0,632.0,0.0,0.0,0.18670886075949367
38.0,6.0,14.0,0.1,0.075,0.2,1.0,631.0,0.0,0.0,0.18700475435816163
38.0,6.0,15.0,0.1,0.075,0.2,1.0,630.0,0.0,0.0,0.18412698412698414
38.0,6.0,16.0,0.1,0.075,0.2,1.0,629.0,0.0,0.0,0.18600953895071543
38.0,6.0,17.0,0.1,0.075,0.2,1.0,627.0,0.0,0.0,0.18660287081339713
38.0,6.0,18.0,0.1,0.075,0.2,1.0,626.0,0.0,0.0,0.1853035143769968
38.0,6.0,19.0,0.1,0.075,0.2,1.0,627.0,0.0,0.0,0.18660287081339713
38.0,6.0,20.0,0.1,0.075,0.2,1.0,1182.0,0.0,0.0,0.09898477157360407
38.0,6.0,21.0,0.1,0.075,0.2,1.0,1163.0,0.0,0.0,0.09802235597592433
38.0,6.0,22.0,0.1,0.075,0.2,1.0,1107.0,0.0,0.0,0.0957542908762421
38.0,6.0,23.0,0.1,0.075,0.2,1.0,1098.0,0.0,0.0,0.0965391621129326
38.0,6.0,24.0,0.1,0.075,0.2,1.0,1075.0,0.0,0.0,0.09674418604651162
38.0,6.0,25.0,0.1,0.075,0.2,1.0,1036.0,0.0,0.0,0.09749034749034749
38.0,6.0,26.0,0.1,0.075,0.2,1.0,1037.0,0.0,0.0,0.09836065573770492
38.0,6.0,27.0,0.1,0.075,0.2,1.0,1025.0,0.0,0.0,0.09658536585365854
38.0,6.0,28.0,0.1,0.075,0.2,1.0,1009.0,0.0,0.0,0.09910802775024777
38.0,6.0,29.0,0.1,0.075,0.2,1.0,981.0,0.0,0.0,0.09887869520897044
38.0,6.0,30.0,0.1,0.075,0.2,1.0,918.0,0.0,0.0,0.10021786492374728
38.0,6.0,31.0,0.1,0.075,0.2,1.0,887.0,0.0,0.0,0.10259301014656144
38.0,6.0,32.0,0.1,0.075,0.2,1.0,861.0,0.0,0.0,0.10220673635307782
38.0,6.0,33.0,0.1,0.075,0.2,1.0,838.0,0.0,0.0,0.10143198090692124
38.0,6.0,34.0,0.1,0.075,0.2,1.0,832.0,0.0,0.0,0.09975961538461539
38.0,6.0,35.0,0.1,0.075,0.2,1.0,824.0,0.0,0.0,0.10315533980582524
38.0,6.0,36.0,0.1,0.075,0.2,1.0,810.0,0.0,0.0,0.10123456790123457
38.0,6.0,37.0,0.1,0.075,0.2,1.0,812.0,0.0,0.0,0.1022167487684729
38.0,6.0,38.0,0.1,0.075,0.2,1.0,801.0,0.0,0.0,0.10362047440699126
38.0,6.0,39.0,0.1,0.075,0.2,1.0,783.0,0.0,0.0,0.10217113665389528
38.0,6.0,40.0,0.1,0.075,0.2,1.0,765.0,0.0,0.0,0.10588235294117647
38.0,6.0,41.0,0.1,0.075,0.2,1.0,759.0,0.0,0.0,0.1067193675889328
38.0,6.0,42.0,0.1,0.075,0.2,1.0,761.0,0.0,0.0,0.10643889618922471
38.0,6.0,43.0,0.1,0.075,0.2,1.0,749.0,0.0,0.0,0.1081441922563418
38.0,6.0,44.0,0.1,0.075,0.2,1.0,733.0,0.0,0.0,0.10641200545702592
38.0,6.0,45.0,0.1,0.075,0.2,1.0,704.0,0.0,0.0,0.16761363636363635
38.0,6.0,46.0,0.1,0.075,0.2,1.0,705.0,0.0,0.0,0.16595744680851063
38.0,6.0,47.0,0.1,0.075,0.2,1.0,680.0,0.0,0.0,0.1661764705882353
38.0,6.0,48.0,0.1,0.075,0.2,1.0,677.0,0.0,0.0,0.16395864106351551
38.0,6.0,49.0,0.1,0.075,0.2,1.0,669.0,0.0,0.0,0.16591928251121077
38.0,6.0,50.0,0.1,0.075,0.2,1.0,672.0,0.0,0.0,0.16517857142857142
38.0,6.0,51.0,0.1,0.075,0.2,1.0,669.0,0.0,0.0,0.16442451420029897
38.0,6.0,52.0,0.1,0.075,0.2,1.0,671.0,0.0,0.0,0.16542473919523099
38.0,7.0,1.0,0.1,0.075,0.2,1.0,659.0,0.0,0.0,0.1669195751138088
38.0,7.0,2.0,0.1,0.075,0.2,1.0,649.0,0.0,0.0,0.1694915254237288
38.0,7.0,3.0,0.1,0.075,0.2,1.0,646.0,0.0,0.0,0.17027863777089783
38.0,7.0,4.0,0.1,0.075,0.2,1.0,648.0,0.0,0.0,0.1697530864197531
38.0,7.0,5.0,0.1,0.075,0.2,1.0,643.0,0.0,0.0,0.17107309486780714
38.0,7.0,6.0,0.1,0.075,0.2,1.0,634.0,0.0,0.0,0.17350157728706625
38.0,7.0,7.0,0.1,0.075,0.2,1.0,632.0,0.0,0.0,0.17405063291139242
38.0,7.0,8.0,0.1,0.075,0.2,1.0,632.0,0.0,0.0,0.17246835443037975
38.0,7.0,9.0,0.1,0.075,0.2,1.0,620.0,0.0,0.0,0.17580645161290323
38.0,7.0,10.0,0.1,0.075,0.2,1.0,623.0,0.0,0.0,0.17495987158908508
38.0,7.0,11.0,0.1,0.075,0.2,1.0,622.0,0.0,0.0,0.1752411575562701
38.0,7.0,12.0,0.1,0.075,0.2,1.0,622.0,0.0,0.0,0.1752411575562701
38.0,7.0,13.0,0.1,0.075,0.2,1.0,619.0,0.0,0.0,0.17609046849757673
38.0,7.0,14.0,0.1,0.075,0.2,1.0,608.0,0.0,0.0,0.17598684210526316
38.0,7.0,15.0,0.1,0.075,0.2,1.0,593.0,0.0,0.0,0.178752107925801
38.0,7.0,16.0,0.1,0.075,0.2,1.0,580.0,0.0,0.0,0.1793103448275862
38.0,7.0,17.0,0.1,0.075,0.2,1.0,577.0,0.0,0.0,0.17677642980935876
38.0,7.0,18.0,0.1,0.075,0.2,1.0,577.0,0.0,0.0,0.17504332755632582
38.0,7.0,19.0,0.1,0.075,0.2,1.0,577.0,0.0,0.0,0.17504332755632582
38.0,7.0,20.0,0.1,0.075,0.2,1.0,1105.0,0.0,0.0,0.09140271493212669
38.0,7.0,21.0,0.1,0.075,0.2,1.0,1070.0,0.0,0.0,0.09158878504672897
38.0,7.0,22.0,0.1,0.075,0.2,1.0,1068.0,0.0,0.0,0.0898876404494382
38.0,7.0,23.0,0.1,0.075,0.2,1.0,1011.0,0.0,0.0,0.09099901088031652
38.0,7.0,24.0,0.1,0.075,0.2,1.0,1007.0,0.0,0.0,0.09235352532274081
38.0,7.0,25.0,0.1,0.075,0.2,1.0,904.0,0.0,0.0,0.0918141592920354
38.0,7.0,26.0,0.1,0.075,0.2,1.0,867.0,0.0,0.0,0.0922722029988466
38.0,7.0,27.0,0.1,0.075,0.2,1.0,853.0,0.0,0.0,0.09378663540445487
38.0,7.0,28.0,0.1,0.075,0.2,1.0,839.0,0.0,0.0,0.09296781883194279
38.0,7.0,29.0,0.1,0.075,0.2,1.0,822.0,0.0,0.0,0.09367396593673966
38.0,7.0,30.0,0.1,0.075,0.2,1.0,824.0,0.0,0.0,0.09344660194174757
38.0,7.0,31.0,0.1,0.075,0.2,1.0,820.0,0.0,0.0,0.09390243902439024
38.0,7.0,32.0,0.1,0.075,0.2,1.0,811.0,0.0,0.0,0.09494451294697903
38.0,7.0,33.0,0.1,0.075,0.2,1.0,794.0,0.0,0.0,0.09697732997481108
38.0,7.0,34.0,0.1,0.075,0.2,1.0,796.0,0.0,0.0,0.09673366834170855
38.0,7.0,35.0,0.1,0.075,0.2,1.0,779.0,0.0,0.0,0.09884467265725289
38.0,7.0,36.0,0.1,0.075,0.2,1.0,769.0,0.0,0.0,0.09752925877763328
38.0,7.0,37.0,0.1,0.075,0.2,1.0,765.0,0.0,0.0,0.09673202614379085
38.0,7.0,38.0,0.1,0.075,0.2,1.0,744.0,0.0,0.0,0.0967741935483871
38.0,7.0,39.0,0.1,0.075,0.2,1.0,738.0,0.0,0.0,0.0975609756097561
38.0,7.0,40.0,0.1,0.075,0.2,1.0,738.0,0.0,0.0,0.09620596205962059
38.0,7.0,41.0,0.1,0.075,0.2,1.0,707.0,0.0,0.0,0.09759547383309759
38.0,7.0,42.0,0.1,0.075,0.2,1.0,711.0,0.0,0.0,0.0970464135021097
38.0,7.0,43.0,0.1,0.075,0.2,1.0,693.0,0.0,0.0,0.09812409812409813
38.0,7.0,44.0,0.1,0.075,0.2,1.0,681.0,0.0,0.0,0.09838472834067548
38.0,7.0,45.0,0.1,0.075,0.2,1.0,679.0,0.0,0.0,0.16936671575846834
38.0,7.0,46.0,0.1,0.075,0.2,1.0,664.0,0.0,0.0,0.16716867469879518
38.0,7.0,47.0,0.1,0.075,0.2,1.0,651.0,0.0,0.0,0.17204301075268819
38.0,7.0,48.0,0.1,0.075,0.2,1.0,638.0,0.0,0.0,0.16614420062695925
38.0,7.0,49.0,0.1,0.075,0.2,1.0,628.0,0.0,0.0,0.16719745222929935
38.0,7.0,50.0,0.1,0.075,0.2,1.0,629.0,0.0,0.0,0.16534181240063592
38.0,7.0,51.0,0.1,0.075,0.2,1.0,602.0,0.0,0.0,0.16943521594684385
38.0,7.0,52.0,0.1,0.075,0.2,1.0,604.0,0.0,0.0,0.1672185430463576
38.0,8.0,1.0,0.1,0.075,0.2,1.0,599.0,0.0,0.0,0.1686143572621035
38.0,8.0,2.0,0.1,0.075,0.2,1.0,601.0,0.0,0.0,0.16805324459234608
38.0,8.0,3.0,0.1,0.075,0.2,1.0,598.0,0.0,0.0,0.1688963210702341
38.0,8.0,4.0,0.1,0.075,0.2,1.0,601.0,0.0,0.0,0.16805324459234608
38.0,8.0,5.0,0.1,0.075,0.2,1.0,596.0,0.0,0.0,0.16946308724832215
38.0,8.0,6.0,0.1,0.075,0.2,1.0,588.0,0.0,0.0,0.1683673469387755
38.0,8.0,7.0,0.1,0.075,0.2,1.0,582.0,0.0,0.0,0.17010309278350516
38.0,8.0,8.0,0.1,0.075,0.2,1.0,587.0,0.0,0.0,0.1686541737649063
38.0,8.0,9.0,0.1,0.075,0.2,1.0,581.0,0.0,0.0,0.16695352839931152
38.0,8.0,10.0,0.1,0.075,0.2,1.0,584.0,0.0,0.0,0.1678082191780822
38.0,8.0,11.0,0.1,0.075,0.2,1.0,583.0,0.0,0.0,0.1680960548885077
38.0,8.0,12.0,0.1,0.075,0.2,1.0,584.0,0.0,0.0,0.1678082191780822
38.0,8.0,13.0,0.1,0.075,0.2,1.0,579.0,0.0,0.0,0.1692573402417962
38.0,8.0,14.0,0.1,0.075,0.2,1.0,581.0,0.0,0.0,0.1686746987951807
38.0,8.0,15.0,0.1,0.075,0.2,1.0,581.0,0.0,0.0,0.1686746987951807
38.0,8.0,16.0,0.1,0.075,0.2,1.0,569.0,0.0,0.0,0.1687170474516696
38.0,8.0,17.0,0.1,0.075,0.2,1.0,567.0,0.0,0.0,0.1693121693121693
38.0,8.0,18.0,0.1,0.075,0.2,1.0,566.0,0.0,0.0,0.1696113074204947
38.0,8.0,19.0,0.1,0.075,0.2,1.0,568.0,0.0,0.0,0.17077464788732394
38.0,8.0,20.0,0.1,0.075,0.2,1.0,990.0,0.0,0.0,0.09595959595959595
38.0,8.0,21.0,0.1,0.075,0.2,1.0,952.0,0.0,0.0,0.09873949579831932
38.0,8.0,22.0,0.1,0.075,0.2,1.0,904.0,0.0,0.0,0.10176991150442478
38.0,8.0,23.0,0.1,0.075,0.2,1.0,890.0,0.0,0.0,0.09662921348314607
38.0,8.0,24.0,0.1,0.075,0.2,1.0,835.0,0.0,0.0,0.09700598802395209
38.0,8.0,25.0,0.1,0.075,0.2,1.0,835.0,0.0,0.0,0.09461077844311377
38.0,8.0,26.0,0.1,0.075,0.2,1.0,800.0,0.0,0.0,0.09875
38.0,8.0,27.0,0.1,0.075,0.2,1.0,790.0,0.0,0.0,0.09873417721518987
38.0,8.0,28.0,0.1,0.075,0.2,1.0,779.0,0.0,0.0,0.10141206675224647
38.0,8.0,29.0,0.1,0.075,0.2,1.0,776.0,0.0,0.0,0.09922680412371133
38.0,8.0,30.0,0.1,0.075,0.2,1.0,751.0,0.0,0.0,0.09986684420772303
38.0,8.0,31.0,0.1,0.075,0.2,1.0,714.0,0.0,0.0,0.10364145658263306
38.0,8.0,32.0,0.1,0.075,0.2,1.0,717.0,0.0,0.0,0.10599721059972106
38.0,8.0,33.0,0.1,0.075,0.2,1.0,685.0,0.0,0.0,0.10656934306569343
38.0,8.0,34.0,0.1,0.075,0.2,1.0,686.0,0.0,0.0,0.10641399416909621
38.0,8.0,35.0,0.1,0.075,0.2,1.0,676.0,0.0,0.0,0.10798816568047337
38.0,8.0,36.0,0.1,0.075,0.2,1.0,678.0,0.0,0.0,0.10766961651917405
38.0,8.0,37.0,0.1,0.075,0.2,1.0,670.0,0.0,0.0,0.10895522388059702
38.0,8.0,38.0,0.1,0.075,0.2,1.0,673.0,0.0,0.0,0.10846953937592868
38.0,8.0,39.0,0.1,0.075,0.2,1.0,675.0,0.0,0.0,0.10814814814814815
38.0,8.0,40.0,0.1,0.075,0.2,1.0,677.0,0.0,0.0,0.10782865583456426
38.0,8.0,41.0,0.1,0.075,0.2,1.0,677.0,0.0,0.0,0.10782865583456426
38.0,8.0,42.0,0.1,0.075,0.2,1.0,675.0,0.0,0.0,0.10814814814814815
38.0,8.0,43.0,0.1,0.075,0.2,1.0,648.0,0.0,0.0,0.1095679012345679
38.0,8.0,44.0,0.1,0.075,0.2,1.0,646.0,0.0,0.0,0.10990712074303406
38.0,8.0,45.0,0.1,0.075,0.2,1.0,636.0,0.0,0.0,0.1792452830188679
38.0,8.0,46.0,0.1,0.075,0.2,1.0,638.0,0.0,0.0,0.18025078369905956
38.0,8.0,47.0,0.1,0.075,0.2,1.0,637.0,0.0,0.0,0.18053375196232338
38.0,8.0,48.0,0.1,0.075,0.2,1.0,635.0,0.0,0.0,0.18110236220472442
38.0,8.0,49.0,0.1,0.075,0.2,1.0,620.0,0.0,0.0,0.18064516129032257
38.0,8.0,50.0,0.1,0.075,0.2,1.0,622.0,0.0,0.0,0.18006430868167203
38.0,8.0,51.0,0.1,0.075,0.2,1.0,622.0,0.0,0.0,0.18006430868167203
38.0,8.0,52.0,0.1,0.075,0.2,1.0,623.0,0.0,0.0,0.1797752808988764
38.0,9.0,1.0,0.1,0.075,0.2,1.0,622.0,0.0,0.0,0.18006430868167203
38.0,9.0,2.0,0.1,0.075,0.2,1.0,611.0,0.0,0.0,0.18003273322422259
38.0,9.0,3.0,0.1,0.075,0.2,1.0,608.0,0.0,0.0,0.17927631578947367
38.0,9.0,4.0,0.1,0.075,0.2,1.0,608.0,0.0,0.0,0.17927631578947367
38.0,9.0,5.0,0.1,0.075,0.2,1.0,606.0,0.0,0.0,0.17986798679867988
38.0,9.0,6.0,0.1,0.075,0.2,1.0,609.0,0.0,0.0,0.18226600985221675
38.0,9.0,7.0,0.1,0.075,0.2,1.0,593.0,0.0,0.0,0.18043844856661045
38.0,9.0,8.0,0.1,0.075,0.2,1.0,596.0,0.0,0.0,0.18288590604026847
38.0,9.0,9.0,0.1,0.075,0.2,1.0,589.0,0.0,0.0,0.1799660441426146
38.0,9.0,10.0,0.1,0.075,0.2,1.0,591.0,0.0,0.0,0.1844331641285956
38.0,9.0,11.0,0.1,0.075,0.2,1.0,587.0,0.0,0.0,0.18228279386712096
38.0,9.0,12.0,0.1,0.075,0.2,1.0,579.0,0.0,0.0,0.18652849740932642
38.0,9.0,13.0,0.1,0.075,0.2,1.0,576.0,0.0,0.0,0.1857638888888889
38.0,9.0,14.0,0.1,0.075,0.2,1.0,580.0,0.0,0.0,0.18620689655172415
38.0,9.0,15.0,0.1,0.075,0.2,1.0,575.0,0.0,0.0,0.18608695652173912
38.0,9.0,16.0,0.1,0.075,0.2,1.0,578.0,0.0,0.0,0.18858131487889274
38.0,9.0,17.0,0.1,0.075,0.2,1.0,575.0,0.0,0.0,0.18608695652173912
38.0,9.0,18.0,0.1,0.075,0.2,1.0,578.0,0.0,0.0,0.185121107266436
38.0,9.0,19.0,0.1,0.075,0.2,1.0,574.0,0.0,0.0,0.18641114982578397
38.0,9.0,20.0,0.1,0.075,0.2,1.0,1022.0,0.0,0.0,0.09882583170254403
38.0,9.0,21.0,0.1,0.075,0.2,1.0,981.0,0.0,0.0,0.09887869520897044
38.0,9.0,22.0,0.1,0.075,0.2,1.0,966.0,0.0,0.0,0.10041407867494824
38.0,9.0,23.0,0.1,0.075,0.2,1.0,941.0,0.0,0.0,0.09989373007438895
38.0,9.0,24.0,0.1,0.075,0.2,1.0,947.0,0.0,0.0,0.10137275607180571
38.0,9.0,25.0,0.1,0.075,0.2,1.0,909.0,0.0,0.0,0.09790979097909791
38.0,9.0,26.0,0.1,0.075,0.2,1.0,862.0,0.0,0.0,0.10208816705336426
38.0,9.0,27.0,0.1,0.075,0.2,1.0,824.0,0.0,0.0,0.10558252427184465
38.0,9.0,28.0,0.1,0.075,0.2,1.0,824.0,0.0,0.0,0.10800970873786407
38.0,9.0,29.0,0.1,0.075,0.2,1.0,795.0,0.0,0.0,0.10566037735849057
38.0,9.0,30.0,0.1,0.075,0.2,1.0,785.0,0.0,0.0,0.10828025477707007
38.0,9.0,31.0,0.1,0.075,0.2,1.0,770.0,0.0,0.0,0.10649350649350649
38.0,9.0,32.0,0.1,0.075,0.2,1.0,771.0,0.0,0.0,0.10765239948119326
38.0,9.0,33.0,0.1,0.075,0.2,1.0,759.0,0.0,0.0,0.1067193675889328
38.0,9.0,34.0,0.1,0.075,0.2,1.0,757.0,0.0,0.0,0.1083223249669749
38.0,9.0,35.0,0.1,0.075,0.2,1.0,756.0,0.0,0.0,0.10714285714285714
38.0,9.0,36.0,0.1,0.075,0.2,1.0,762.0,0.0,0.0,0.10761154855643044
38.0,9.0,37.0,0.1,0.075,0.2,1.0,732.0,0.0,0.0,0.10792349726775956
38.0,9.0,38.0,0.1,0.075,0.2,1.0,717.0,0.0,0.0,0.1087866108786611
38.0,9.0,39.0,0.1,0.075,0.2,1.0,695.0,0.0,0.0,0.11079136690647481
38.0,9.0,40.0,0.1,0.075,0.2,1.0,697.0,0.0,0.0,0.10903873744619799
38.0,9.0,41.0,0.1,0.075,0.2,1.0,697.0,0.0,0.0,0.11047345767575323
38.0,9.0,42.0,0.1,0.075,0.2,1.0,690.0,0.0,0.0,0.11014492753623188
38.0,9.0,43.0,0.1,0.075,0.2,1.0,685.0,0.0,0.0,0.10802919708029197
38.0,9.0,44.0,0.1,0.075,0.2,1.0,689.0,0.0,0.0,0.10885341074020319
38.0,9.0,45.0,0.1,0.075,0.2,1.0,677.0,0.0,0.0,0.172821270310192
38.0,9.0,46.0,0.1,0.075,0.2,1.0,677.0,0.0,0.0,0.17429837518463812
38.0,9.0,47.0,0.1,0.075,0.2,1.0,676.0,0.0,0.0,0.17307692307692307
38.0,9.0,48.0,0.1,0.075,0.2,1.0,668.0,0.0,0.0,0.1721556886227545
38.0,9.0,49.0,0.1,0.075,0.2,1.0,664.0,0.0,0.0,0.1716867469879518
38.0,9.0,50.0,0.1,0.075,0.2,1.0,666.0,0.0,0.0,0.17267267267267267
38.0,9.0,51.0,0.1,0.075,0.2,1.0,655.0,0.0,0.0,0.17251908396946564
38.0,9.0,52.0,0.1,0.075,0.2,1.0,655.0,0.0,0.0,0.17557251908396945
38.0,10.0,1.0,0.1,0.075,0.2,1.0,651.0,0.0,0.0,0.17511520737327188
38.0,10.0,2.0,0.1,0.075,0.2,1.0,655.0,0.0,0.0,0.17557251908396945
38.0,10.0,3.0,0.1,0.075,0.2,1.0,653.0,0.0,0.0,0.17457886676875958
38.0,10.0,4.0,0.1,0.075,0.2,1.0,655.0,0.0,0.0,0.17557251908396945
38.0,10.0,5.0,0.1,0.075,0.2,1.0,654.0,0.0,0.0,0.1743119266055046
38.0,10.0,6.0,0.1,0.075,0.2,1.0,642.0,0.0,0.0,0.17757009345794392
38.0,10.0,7.0,0.1,0.075,0.2,1.0,641.0,0.0,0.0,0.17628705148205928
38.0,10.0,8.0,0.1,0.075,0.2,1.0,638.0,0.0,0.0,0.1786833855799373
38.0,10.0,9.0,0.1,0.075,0.2,1.0,638.0,0.0,0.0,0.17711598746081506
38.0,10.0,10.0,0.1,0.075,0.2,1.0,637.0,0.0,0.0,0.17896389324960754
38.0,10.0,11.0,0.1,0.075,0.2,1.0,633.0,0.0,0.0,0.17851500789889416
38.0,10.0,12.0,0.1,0.075,0.2,1.0,639.0,0.0,0.0,0.17683881064162754
38.0,10.0,13.0,0.1,0.075,0.2,1.0,634.0,0.0,0.0,0.17665615141955837
38.0,10.0,14.0,0.1,0.075,0.2,1.0,635.0,0.0,0.0,0.1795275590551181
38.0,10.0,15.0,0.1,0.075,0.2,1.0,625.0,0.0,0.0,0.1792
38.0,10.0,16.0,0.1,0.075,0.2,1.0,625.0,0.0,0.0,0.1808
38.0,10.0,17.0,0.1,0.075,0.2,1.0,627.0,0.0,0.0,0.17862838915470494
38.0,10.0,18.0,0.1,0.075,0.2,1.0,622.0,0.0,0.0,0.18167202572347266
38.0,10.0,19.0,0.1,0.075,0.2,1.0,624.0,0.0,0.0,0.1794871794871795
38.0,10.0,20.0,0.1,0.075,0.2,1.0,1077.0,0.0,0.0,0.09842154131847725
38.0,10.0,21.0,0.1,0.075,0.2,1.0,1026.0,0.0,0.0,0.09844054580896686
38.0,10.0,22.0,0.1,0.075,0.2,1.0,1018.0,0.0,0.0,0.09823182711198428
38.0,10.0,23.0,0.1,0.075,0.2,1.0,1009.0,0.0,0.0,0.09910802775024777
38.0,10.0,24.0,0.1,0.075,0.2,1.0,980.0,0.0,0.0,0.09897959183673469
38.0,10.0,25.0,0.1,0.075,0.2,1.0,958.0,0.0,0.0,0.10020876826722339
38.0,10.0,26.0,0.1,0.075,0.2,1.0,954.0,0.0,0.0,0.09853249475890985
38.0,10.0,27.0,0.1,0.075,0.2,1.0,953.0,0.0,0.0,0.09863588667366212
38.0,10.0,28.0,0.1,0.075,0.2,1.0,949.0,0.0,0.0,0.09905163329820864
38.0,10.0,29.0,0.1,0.075,0.2,1.0,942.0,0.0,0.0,0.09872611464968153
38.0,10.0,30.0,0.1,0.075,0.2,1.0,926.0,0.0,0.0,0.09827213822894168
38.0,10.0,31.0,0.1,0.075,0.2,1.0,922.0,0.0,0.0,0.09978308026030369
38.0,10.0,32.0,0.1,0.075,0.2,1.0,913.0,0.0,0.0,0.09967141292442497
38.0,10.0,33.0,0.1,0.075,0.2,1.0,908.0,0.0,0.0,0.1013215859030837
38.0,10.0,34.0,0.1,0.075,0.2,1.0,901.0,0.0,0.0,0.10099889012208657
38.0,10.0,35.0,0.1,0.075,0.2,1.0,891.0,0.0,0.0,0.10213243546576879
38.0,10.0,36.0,0.1,0.075,0.2,1.0,859.0,0.0,0.0,0.10477299185098952
38.0,10.0,37.0,0.1,0.075,0.2,1.0,849.0,0.0,0.0,0.10482921083627797
38.0,10.0,38.0,0.1,0.075,0.2,1.0,815.0,0.0,0.0,0.10797546012269939
38.0,10.0,39.0,0.1,0.075,0.2,1.0,804.0,0.0,0.0,0.10945273631840796
38.0,10.0,40.0,0.1,0.075,0.2,1.0,808.0,0.0,0.0,0.10891089108910891
38.0,10.0,41.0,0.1,0.075,0.2,1.0,790.0,0.0,0.0,0.11139240506329114
38.0,10.0,42.0,0.1,0.075,0.2,1.0,795.0,0.0,0.0,0.11069182389937107
38.0,10.0,43.0,0.1,0.075,0.2,1.0,778.0,0.0,0.0,0.11053984575835475
38.0,10.0,44.0,0.1,0.075,0.2,1.0,776.0,0.0,0.0,0.11082474226804123
38.0,10.0,45.0,0.1,0.075,0.2,1.0,779.0,0.0,0.0,0.1822849807445443
38.0,10.0,46.0,0.1,0.075,0.2,1.0,735.0,0.0,0.0,0.18503401360544217
38.0,10.0,47.0,0.1,0.075,0.2,1.0,725.0,0.0,0.0,0.18758620689655173
38.0,10.0,48.0,0.1,0.075,0.2,1.0,707.0,0.0,0.0,0.18811881188118812
38.0,10.0,49.0,0.1,0.075,0.2,1.0,694.0,0.0,0.0,0.19164265129682997
38.0,10.0,50.0,0.1,0.075,0.2,1.0,693.0,0.0,0.0,0.1919191919191919
38.0,10.0,51.0,0.1,0.075,0.2,1.0,697.0,0.0,0.0,0.19225251076040173
38.0,10.0,52.0,0.1,0.075,0.2,1.0,674.0,0.0,0.0,0.19584569732937684
39.0,1.0,1.0,0.1,0.075,0.2,1.0,5273.0,52.0,9.0,0.1027877868386118
39.0,1.0,2.0,0.1,0.075,0.2,1.0,5196.0,60.0,21.0,0.10392609699769054
39.0,1.0,3.0,0.1,0.075,0.2,1.0,5128.0,74.0,32.0,0.10354914196567863
39.0,1.0,4.0,0.1,0.075,0.2,1.0,5032.0,100.0,36.0,0.10572337042925278
39.0,1.0,5.0,0.1,0.075,0.2,1.0,5049.0,131.0,39.0,0.10853634383046147
39.0,1.0,6.0,0.1,0.075,0.2,1.0,4926.0,158.0,53.0,0.11002842062525375
39.0,1.0,7.0,0.1,0.075,0.2,1.0,4846.0,206.0,64.0,0.10957490713990921
39.0,1.0,8.0,0.1,0.075,0.2,1.0,4703.0,244.0,82.0,0.11248139485434828
39.0,1.0,9.0,0.1,0.075,0.2,1.0,4511.0,285.0,97.0,0.11017512746619375
39.0,1.0,10.0,0.1,0.075,0.2,1.0,4359.0,328.0,120.0,0.11332874512502868
39.0,1.0,11.0,0.1,0.075,0.2,1.0,4251.0,373.0,152.0,0.11314984709480122
39.0,1.0,12.0,0.1,0.075,0.2,1.0,4117.0,407.0,176.0,0.11440369200874423
39.0,1.0,13.0,0.1,0.075,0.2,1.0,3984.0,424.0,185.0,0.11370481927710843
39.0,1.0,14.0,0.1,0.075,0.2,1.0,3814.0,429.0,199.0,0.11903513371788149
39.0,1.0,15.0,0.1,0.075,0.2,1.0,3655.0,462.0,202.0,0.11956224350205198
39.0,1.0,16.0,0.1,0.075,0.2,1.0,3528.0,485.0,228.0,0.12188208616780045
39.0,1.0,17.0,0.1,0.075,0.2,1.0,3380.0,454.0,223.0,0.12337278106508875
39.0,1.0,18.0,0.1,0.075,0.2,1.0,3288.0,463.0,234.0,0.12621654501216545
39.0,1.0,19.0,0.1,0.075,0.2,1.0,3196.0,454.0,227.0,0.1285982478097622
39.0,1.0,20.0,0.1,0.075,0.2,1.0,5886.0,446.0,210.0,0.06965681277607882
39.0,1.0,21.0,0.1,0.075,0.2,1.0,5450.0,526.0,203.0,0.07321100917431193
39.0,1.0,22.0,0.1,0.075,0.2,1.0,5146.0,581.0,217.0,0.07500971628449281
39.0,1.0,23.0,0.1,0.075,0.2,1.0,4864.0,613.0,230.0,0.07771381578947369
39.0,1.0,24.0,0.1,0.075,0.2,1.0,4555.0,595.0,252.0,0.08122941822173436
39.0,1.0,25.0,0.1,0.075,0.2,1.0,4323.0,599.0,262.0,0.0837381448068471
39.0,1.0,26.0,0.1,0.075,0.2,1.0,4032.0,588.0,281.0,0.08754960317460317
39.0,1.0,27.0,0.1,0.075,0.2,1.0,3815.0,609.0,280.0,0.09121887287024902
39.0,1.0,28.0,0.1,0.075,0.2,1.0,3604.0,617.0,270.0,0.09406215316315206
39.0,1.0,29.0,0.1,0.075,0.2,1.0,3394.0,601.0,269.0,0.0981143193871538
39.0,1.0,30.0,0.1,0.075,0.2,1.0,3183.0,593.0,273.0,0.1024191014765944
39.0,1.0,31.0,0.1,0.075,0.2,1.0,2972.0,589.0,286.0,0.10733512786002691
39.0,1.0,32.0,0.1,0.075,0.2,1.0,2759.0,575.0,277.0,0.11272200072490032
39.0,1.0,33.0,0.1,0.075,0.2,1.0,2638.0,585.0,268.0,0.11599696739954511
39.0,1.0,34.0,0.1,0.075,0.2,1.0,2455.0,559.0,246.0,0.12382892057026476
39.0,1.0,35.0,0.1,0.075,0.2,1.0,2308.0,535.0,246.0,0.12998266897746968
39.0,1.0,36.0,0.1,0.075,0.2,1.0,2137.0,519.0,257.0,0.1357042583060365
39.0,1.0,37.0,0.1,0.075,0.2,1.0,1977.0,481.0,241.0,0.1456752655538695
39.0,1.0,38.0,0.1,0.075,0.2,1.0,1836.0,438.0,225.0,0.15522875816993464
39.0,1.0,39.0,0.1,0.075,0.2,1.0,1705.0,414.0,209.0,0.16480938416422286
39.0,1.0,40.0,0.1,0.075,0.2,1.0,1574.0,369.0,194.0,0.17471410419313851
39.0,1.0,41.0,0.1,0.075,0.2,1.0,1463.0,352.0,180.0,0.18660287081339713
39.0,1.0,42.0,0.1,0.075,0.2,1.0,1375.0,321.0,161.0,0.19636363636363635
39.0,1.0,43.0,0.1,0.075,0.2,1.0,1287.0,296.0,147.0,0.2066822066822067
39.0,1.0,44.0,0.1,0.075,0.2,1.0,1229.0,267.0,151.0,0.21399511798209928
39.0,1.0,45.0,0.1,0.075,0.2,1.0,1164.0,240.0,136.0,0.27835051546391754
39.0,1.0,46.0,0.1,0.075,0.2,1.0,1104.0,212.0,120.0,0.28804347826086957
39.0,1.0,47.0,0.1,0.075,0.2,1.0,1019.0,169.0,94.0,0.30912659470068693
39.0,1.0,48.0,0.1,0.075,0.2,1.0,980.0,145.0,89.0,0.3163265306122449
39.0,1.0,49.0,0.1,0.075,0.2,1.0,941.0,129.0,78.0,0.32518597236981933
39.0,1.0,50.0,0.1,0.075,0.2,1.0,912.0,106.0,63.0,0.33114035087719296
39.0,1.0,51.0,0.1,0.075,0.2,1.0,874.0,87.0,53.0,0.33981693363844395
39.0,1.0,52.0,0.1,0.075,0.2,1.0,868.0,78.0,44.0,0.3433179723502304
39.0,2.0,1.0,0.1,0.075,0.2,1.0,834.0,67.0,38.0,0.35251798561151076
39.0,2.0,2.0,0.1,0.075,0.2,1.0,823.0,60.0,30.0,0.3560145808019441
39.0,2.0,3.0,0.1,0.075,0.2,1.0,794.0,57.0,30.0,0.36397984886649876
39.0,2.0,4.0,0.1,0.075,0.2,1.0,789.0,48.0,22.0,0.3650190114068441
39.0,2.0,5.0,0.1,0.075,0.2,1.0,761.0,41.0,21.0,0.3679369250985545
39.0,2.0,6.0,0.1,0.075,0.2,1.0,763.0,34.0,22.0,0.36828309305373524
39.0,2.0,7.0,0.1,0.075,0.2,1.0,740.0,33.0,21.0,0.37432432432432433
39.0,2.0,8.0,0.1,0.075,0.2,1.0,736.0,31.0,17.0,0.375
39.0,2.0,9.0,0.1,0.075,0.2,1.0,715.0,25.0,11.0,0.38461538461538464
39.0,2.0,10.0,0.1,0.075,0.2,1.0,716.0,21.0,15.0,0.38268156424581007
39.0,2.0,11.0,0.1,0.075,0.2,1.0,699.0,19.0,16.0,0.3876967095851216
39.0,2.0,12.0,0.1,0.075,0.2,1.0,701.0,17.0,15.0,0.38231098430813126
39.0,2.0,13.0,0.1,0.075,0.2,1.0,685.0,11.0,7.0,0.39124087591240875
39.0,2.0,14.0,0.1,0.075,0.2,1.0,684.0,8.0,3.0,0.38742690058479534
39.0,2.0,15.0,0.1,0.075,0.2,1.0,673.0,6.0,3.0,0.3937592867756315
39.0,2.0,16.0,0.1,0.075,0.2,1.0,675.0,6.0,6.0,0.38814814814814813
39.0,2.0,17.0,0.1,0.075,0.2,1.0,663.0,7.0,5.0,0.39215686274509803
39.0,2.0,18.0,0.1,0.075,0.2,1.0,665.0,8.0,4.0,0.38646616541353385
39.0,2.0,19.0,0.1,0.075,0.2,1.0,653.0,6.0,1.0,0.3905053598774885
39.0,2.0,20.0,0.1,0.075,0.2,1.0,1196.0,6.0,2.0,0.21153846153846154
39.0,2.0,21.0,0.1,0.075,0.2,1.0,1167.0,5.0,1.0,0.2159383033419023
39.0,2.0,22.0,0.1,0.075,0.2,1.0,1147.0,5.0,2.0,0.2136006974716652
39.0,2.0,23.0,0.1,0.075,0.2,1.0,1104.0,6.0,3.0,0.21829710144927536
39.0,2.0,24.0,0.1,0.075,0.2,1.0,1120.0,6.0,4.0,0.21517857142857144
39.0,2.0,25.0,0.1,0.075,0.2,1.0,1093.0,8.0,3.0,0.21774931381518756
39.0,2.0,26.0,0.1,0.075,0.2,1.0,1063.0,8.0,1.0,0.21825023518344308
39.0,2.0,27.0,0.1,0.075,0.2,1.0,1043.0,7.0,3.0,0.2195589645254075
39.0,2.0,28.0,0.1,0.075,0.2,1.0,1059.0,10.0,5.0,0.21718602455146366
39.0,2.0,29.0,0.1,0.075,0.2,1.0,1006.0,11.0,6.0,0.21570576540755468
39.0,2.0,30.0,0.1,0.075,0.2,1.0,1002.0,10.0,5.0,0.21656686626746507
39.0,2.0,31.0,0.1,0.075,0.2,1.0,970.0,9.0,3.0,0.21958762886597938
39.0,2.0,32.0,0.1,0.075,0.2,1.0,979.0,12.0,5.0,0.21859039836567926
39.0,2.0,33.0,0.1,0.075,0.2,1.0,965.0,11.0,4.0,0.21658031088082902
39.0,2.0,34.0,0.1,0.075,0.2,1.0,959.0,14.0,6.0,0.21689259645464026
39.0,2.0,35.0,0.1,0.075,0.2,1.0,942.0,14.0,8.0,0.21656050955414013
39.0,2.0,36.0,0.1,0.075,0.2,1.0,938.0,16.0,9.0,0.21961620469083157
39.0,2.0,37.0,0.1,0.075,0.2,1.0,935.0,17.0,6.0,0.21818181818181817
39.0,2.0,38.0,0.1,0.075,0.2,1.0,919.0,16.0,5.0,0.21871599564744287
39.0,2.0,39.0,0.1,0.075,0.2,1.0,905.0,15.0,6.0,0.2176795580110497
39.0,2.0,40.0,0.1,0.075,0.2,1.0,880.0,21.0,10.0,0.22045454545454546
39.0,2.0,41.0,0.1,0.075,0.2,1.0,864.0,23.0,10.0,0.22106481481481483
39.0,2.0,42.0,0.1,0.075,0.2,1.0,863.0,25.0,14.0,0.22363847045191193
39.0,2.0,43.0,0.1,0.075,0.2,1.0,845.0,29.0,13.0,0.22485207100591717
39.0,2.0,44.0,0.1,0.075,0.2,1.0,844.0,36.0,12.0,0.22630331753554503
39.0,2.0,45.0,0.1,0.075,0.2,1.0,824.0,33.0,10.0,0.2961165048543689
39.0,2.0,46.0,0.1,0.075,0.2,1.0,819.0,32.0,18.0,0.29914529914529914
39.0,2.0,47.0,0.1,0.075,0.2,1.0,819.0,41.0,21.0,0.2967032967032967
39.0,2.0,48.0,0.1,0.075,0.2,1.0,800.0,41.0,17.0,0.30375
39.0,2.0,49.0,0.1,0.075,0.2,1.0,785.0,38.0,12.0,0.30445859872611464
39.0,2.0,50.0,0.1,0.075,0.2,1.0,776.0,36.0,16.0,0.3015463917525773
39.0,2.0,51.0,0.1,0.075,0.2,1.0,772.0,36.0,22.0,0.3018134715025907
39.0,2.0,52.0,0.1,0.075,0.2,1.0,752.0,38.0,21.0,0.30319148936170215
39.0,3.0,1.0,0.1,0.075,0.2,1.0,745.0,36.0,17.0,0.30604026845637583
39.0,3.0,2.0,0.1,0.075,0.2,1.0,733.0,32.0,14.0,0.3069577080491132
39.0,3.0,3.0,0.1,0.075,0.2,1.0,724.0,29.0,13.0,0.30662983425414364
39.0,3.0,4.0,0.1,0.075,0.2,1.0,717.0,27.0,15.0,0.3068340306834031
39.0,3.0,5.0,0.1,0.075,0.2,1.0,710.0,24.0,14.0,0.30704225352112674
39.0,3.0,6.0,0.1,0.075,0.2,1.0,703.0,22.0,13.0,0.310099573257468
39.0,3.0,7.0,0.1,0.075,0.2,1.0,695.0,18.0,12.0,0.3122302158273381
39.0,3.0,8.0,0.1,0.075,0.2,1.0,686.0,17.0,9.0,0.31486880466472306
39.0,3.0,9.0,0.1,0.075,0.2,1.0,685.0,15.0,9.0,0.31386861313868614
39.0,3.0,10.0,0.1,0.075,0.2,1.0,673.0,13.0,7.0,0.3135215453194651
39.0,3.0,11.0,0.1,0.075,0.2,1.0,668.0,13.0,10.0,0.312874251497006
39.0,3.0,12.0,0.1,0.075,0.2,1.0,662.0,13.0,8.0,0.31419939577039274
39.0,3.0,13.0,0.1,0.075,0.2,1.0,655.0,13.0,7.0,0.3114503816793893
39.0,3.0,14.0,0.1,0.075,0.2,1.0,651.0,12.0,3.0,0.31490015360983103
39.0,3.0,15.0,0.1,0.075,0.2,1.0,643.0,13.0,4.0,0.3110419906687403
39.0,3.0,16.0,0.1,0.075,0.2,1.0,639.0,13.0,5.0,0.3129890453834116
39.0,3.0,17.0,0.1,0.075,0.2,1.0,640.0,15.0,9.0,0.3109375
39.0,3.0,18.0,0.1,0.075,0.2,1.0,634.0,16.0,9.0,0.31230283911671924
39.0,3.0,19.0,0.1,0.075,0.2,1.0,628.0,16.0,7.0,0.31210191082802546
39.0,3.0,20.0,0.1,0.075,0.2,1.0,1116.0,16.0,6.0,0.17562724014336917
39.0,3.0,21.0,0.1,0.075,0.2,1.0,1079.0,13.0,6.0,0.17701575532900835
39.0,3.0,22.0,0.1,0.075,0.2,1.0,1061.0,17.0,8.0,0.17907634307257306
39.0,3.0,23.0,0.1,0.075,0.2,1.0,1012.0,21.0,8.0,0.18280632411067194
39.0,3.0,24.0,0.1,0.075,0.2,1.0,995.0,19.0,9.0,0.18592964824120603
39.0,3.0,25.0,0.1,0.075,0.2,1.0,987.0,20.0,10.0,0.18642350557244175
39.0,3.0,26.0,0.1,0.075,0.2,1.0,977.0,16.0,8.0,0.18935516888433981
39.0,3.0,27.0,0.1,0.075,0.2,1.0,955.0,14.0,7.0,0.187434554973822
39.0,3.0,28.0,0.1,0.075,0.2,1.0,937.0,13.0,5.0,0.192102454642476
39.0,3.0,29.0,0.1,0.075,0.2,1.0,920.0,16.0,5.0,0.1858695652173913
39.0,3.0,30.0,0.1,0.075,0.2,1.0,910.0,16.0,6.0,0.18681318681318682
39.0,3.0,31.0,0.1,0.075,0.2,1.0,898.0,17.0,7.0,0.18485523385300667
39.0,3.0,32.0,0.1,0.075,0.2,1.0,884.0,24.0,9.0,0.18665158371040724
39.0,3.0,33.0,0.1,0.075,0.2,1.0,855.0,21.0,10.0,0.1871345029239766
39.0,3.0,34.0,0.1,0.075,0.2,1.0,844.0,22.0,11.0,0.19075829383886256
39.0,3.0,35.0,0.1,0.075,0.2,1.0,840.0,20.0,10.0,0.19047619047619047
39.0,3.0,36.0,0.1,0.075,0.2,1.0,814.0,18.0,8.0,0.19533169533169534
39.0,3.0,37.0,0.1,0.075,0.2,1.0,801.0,17.0,7.0,0.19101123595505617
39.0,3.0,38.0,0.1,0.075,0.2,1.0,786.0,16.0,7.0,0.1946564885496183
39.0,3.0,39.0,0.1,0.075,0.2,1.0,760.0,18.0,7.0,0.18947368421052632
39.0,3.0,40.0,0.1,0.075,0.2,1.0,749.0,20.0,9.0,0.19359145527369825
39.0,3.0,41.0,0.1,0.075,0.2,1.0,726.0,28.0,12.0,0.19146005509641872
39.0,3.0,42.0,0.1,0.075,0.2,1.0,734.0,27.0,15.0,0.19346049046321526
39.0,3.0,43.0,0.1,0.075,0.2,1.0,686.0,25.0,17.0,0.20116618075801748
39.0,3.0,44.0,0.1,0.075,0.2,1.0,693.0,26.0,14.0,0.20057720057720058
39.0,3.0,45.0,0.1,0.075,0.2,1.0,664.0,19.0,10.0,0.2469879518072289
39.0,3.0,46.0,0.1,0.075,0.2,1.0,668.0,15.0,6.0,0.25149700598802394
39.0,3.0,47.0,0.1,0.075,0.2,1.0,638.0,16.0,6.0,0.2554858934169279
39.0,3.0,48.0,0.1,0.075,0.2,1.0,638.0,10.0,5.0,0.25705329153605017
39.0,3.0,49.0,0.1,0.075,0.2,1.0,619.0,12.0,6.0,0.26009693053311794
39.0,3.0,50.0,0.1,0.075,0.2,1.0,633.0,14.0,9.0,0.2575039494470774
39.0,3.0,51.0,0.1,0.075,0.2,1.0,624.0,12.0,8.0,0.2564102564102564
39.0,3.0,52.0,0.1,0.075,0.2,1.0,629.0,11.0,7.0,0.2575516693163752
39.0,4.0,1.0,0.1,0.075,0.2,1.0,617.0,6.0,5.0,0.2560777957860616
39.0,4.0,2.0,0.1,0.075,0.2,1.0,618.0,10.0,3.0,0.25728155339805825
39.0,4.0,3.0,0.1,0.075,0.2,1.0,613.0,12.0,4.0,0.2544861337683524
39.0,4.0,4.0,0.1,0.075,0.2,1.0,614.0,9.0,2.0,0.25895765472312704
39.0,4.0,5.0,0.1,0.075,0.2,1.0,605.0,10.0,4.0,0.2528925619834711
39.0,4.0,6.0,0.1,0.075,0.2,1.0,610.0,9.0,4.0,0.2573770491803279
39.0,4.0,7.0,0.1,0.075,0.2,1.0,598.0,11.0,6.0,0.2525083612040134
39.0,4.0,8.0,0.1,0.075,0.2,1.0,597.0,9.0,5.0,0.25963149078726966
39.0,4.0,9.0,0.1,0.075,0.2,1.0,589.0,9.0,5.0,0.25127334465195245
39.0,4.0,10.0,0.1,0.075,0.2,1.0,592.0,7.0,4.0,0.25675675675675674
39.0,4.0,11.0,0.1,0.075,0.2,1.0,581.0,8.0,5.0,0.2512908777969019
39.0,4.0,12.0,0.1,0.075,0.2,1.0,584.0,8.0,5.0,0.2568493150684932
39.0,4.0,13.0,0.1,0.075,0.2,1.0,576.0,7.0,3.0,0.2534722222222222
39.0,4.0,14.0,0.1,0.075,0.2,1.0,576.0,6.0,4.0,0.2604166666666667
39.0,4.0,15.0,0.1,0.075,0.2,1.0,571.0,7.0,3.0,0.25569176882662
39.0,4.0,16.0,0.1,0.075,0.2,1.0,573.0,9.0,4.0,0.2600349040139616
39.0,4.0,17.0,0.1,0.075,0.2,1.0,568.0,6.0,2.0,0.25528169014084506
39.0,4.0,18.0,0.1,0.075,0.2,1.0,567.0,6.0,3.0,0.25749559082892415
39.0,4.0,19.0,0.1,0.075,0.2,1.0,563.0,5.0,3.0,0.2539964476021314
39.0,4.0,20.0,0.1,0.075,0.2,1.0,1017.0,4.0,4.0,0.14060963618485742
39.0,4.0,21.0,0.1,0.075,0.2,1.0,950.0,7.0,3.0,0.13789473684210526
39.0,4.0,22.0,0.1,0.075,0.2,1.0,938.0,6.0,3.0,0.13859275053304904
39.0,4.0,23.0,0.1,0.075,0.2,1.0,916.0,4.0,1.0,0.1408296943231441
39.0,4.0,24.0,0.1,0.075,0.2,1.0,893.0,4.0,2.0,0.1422172452407615
39.0,4.0,25.0,0.1,0.075,0.2,1.0,898.0,5.0,2.0,0.14253897550111358
39.0,4.0,26.0,0.1,0.075,0.2,1.0,888.0,5.0,4.0,0.14301801801801803
39.0,4.0,27.0,0.1,0.075,0.2,1.0,896.0,5.0,4.0,0.14285714285714285
39.0,4.0,28.0,0.1,0.075,0.2,1.0,878.0,5.0,4.0,0.14350797266514806
39.0,4.0,29.0,0.1,0.075,0.2,1.0,867.0,6.0,2.0,0.14417531718569782
39.0,4.0,30.0,0.1,0.075,0.2,1.0,845.0,5.0,3.0,0.1467455621301775
39.0,4.0,31.0,0.1,0.075,0.2,1.0,838.0,7.0,2.0,0.1467780429594272
39.0,4.0,32.0,0.1,0.075,0.2,1.0,831.0,7.0,2.0,0.1444043321299639
39.0,4.0,33.0,0.1,0.075,0.2,1.0,832.0,6.0,1.0,0.14543269230769232
39.0,4.0,34.0,0.1,0.075,0.2,1.0,826.0,8.0,6.0,0.1440677966101695
39.0,4.0,35.0,0.1,0.075,0.2,1.0,828.0,10.0,6.0,0.1461352657004831
39.0,4.0,36.0,0.1,0.075,0.2,1.0,806.0,11.0,6.0,0.14392059553349876
39.0,4.0,37.0,0.1,0.075,0.2,1.0,783.0,6.0,1.0,0.14687100893997446
39.0,4.0,38.0,0.1,0.075,0.2,1.0,773.0,6.0,5.0,0.1461836998706339
39.0,4.0,39.0,0.1,0.075,0.2,1.0,768.0,9.0,5.0,0.14583333333333334
39.0,4.0,40.0,0.1,0.075,0.2,1.0,720.0,10.0,6.0,0.1486111111111111
39.0,4.0,41.0,0.1,0.075,0.2,1.0,710.0,5.0,2.0,0.15352112676056337
39.0,4.0,42.0,0.1,0.075,0.2,1.0,681.0,5.0,5.0,0.1527165932452276
39.0,4.0,43.0,0.1,0.075,0.2,1.0,677.0,4.0,4.0,0.15805022156573117
39.0,4.0,44.0,0.1,0.075,0.2,1.0,641.0,3.0,3.0,0.1622464898595944
39.0,4.0,45.0,0.1,0.075,0.2,1.0,641.0,0.0,0.0,0.2121684867394696
39.0,4.0,46.0,0.1,0.075,0.2,1.0,601.0,0.0,0.0,0.22129783693843594
39.0,4.0,47.0,0.1,0.075,0.2,1.0,603.0,0.0,0.0,0.22056384742951907
39.0,4.0,48.0,0.1,0.075,0.2,1.0,597.0,0.0,0.0,0.22110552763819097
39.0,4.0,49.0,0.1,0.075,0.2,1.0,598.0,0.0,0.0,0.22073578595317725
39.0,4.0,50.0,0.1,0.075,0.2,1.0,594.0,0.0,0.0,0.22053872053872053
39.0,4.0,51.0,0.1,0.075,0.2,1.0,599.0,0.0,0.0,0.21869782971619364
39.0,4.0,52.0,0.1,0.075,0.2,1.0,594.0,0.0,0.0,0.22053872053872053
39.0,5.0,1.0,0.1,0.075,0.2,1.0,581.0,0.0,0.0,0.22203098106712565
39.0,5.0,2.0,0.1,0.075,0.2,1.0,578.0,0.0,0.0,0.22145328719723184
39.0,5.0,3.0,0.1,0.075,0.2,1.0,578.0,0.0,0.0,0.21972318339100347
39.0,5.0,4.0,0.1,0.075,0.2,1.0,577.0,0.0,0.0,0.2218370883882149
39.0,5.0,5.0,0.1,0.075,0.2,1.0,578.0,0.0,0.0,0.21972318339100347
39.0,5.0,6.0,0.1,0.075,0.2,1.0,576.0,0.0,0.0,0.2204861111111111
39.0,5.0,7.0,0.1,0.075,0.2,1.0,575.0,0.0,0.0,0.21739130434782608
39.0,5.0,8.0,0.1,0.075,0.2,1.0,569.0,0.0,0.0,0.22144112478031636
39.0,5.0,9.0,0.1,0.075,0.2,1.0,567.0,0.0,0.0,0.2204585537918871
39.0,5.0,10.0,0.1,0.075,0.2,1.0,561.0,0.0,0.0,0.2192513368983957
39.0,5.0,11.0,0.1,0.075,0.2,1.0,545.0,0.0,0.0,0.22018348623853212
39.0,5.0,12.0,0.1,0.075,0.2,1.0,545.0,0.0,0.0,0.22201834862385322
39.0,5.0,13.0,0.1,0.075,0.2,1.0,544.0,0.0,0.0,0.21875
39.0,5.0,14.0,0.1,0.075,0.2,1.0,543.0,0.0,0.0,0.22099447513812154
39.0,5.0,15.0,0.1,0.075,0.2,1.0,541.0,0.0,0.0,0.2199630314232902
39.0,5.0,16.0,0.1,0.075,0.2,1.0,538.0,0.0,0.0,0.2211895910780669
39.0,5.0,17.0,0.1,0.075,0.2,1.0,541.0,0.0,0.0,0.21811460258780038
39.0,5.0,18.0,0.1,0.075,0.2,1.0,540.0,0.0,0.0,0.22037037037037038
39.0,5.0,19.0,0.1,0.075,0.2,1.0,538.0,0.0,0.0,0.21561338289962825
39.0,5.0,20.0,0.1,0.075,0.2,1.0,954.0,0.0,0.0,0.12264150943396226
39.0,5.0,21.0,0.1,0.075,0.2,1.0,951.0,0.0,0.0,0.12197686645636173
39.0,5.0,22.0,0.1,0.075,0.2,1.0,939.0,0.0,0.0,0.1235356762513312
39.0,5.0,23.0,0.1,0.075,0.2,1.0,919.0,0.0,0.0,0.12187159956474429
39.0,5.0,24.0,0.1,0.075,0.2,1.0,924.0,0.0,0.0,0.12229437229437229
39.0,5.0,25.0,0.1,0.075,0.2,1.0,921.0,0.0,0.0,0.12160694896851248
39.0,5.0,26.0,0.1,0.075,0.2,1.0,922.0,0.0,0.0,0.12039045553145336
39.0,5.0,27.0,0.1,0.075,0.2,1.0,878.0,0.0,0.0,0.12186788154897495
39.0,5.0,28.0,0.1,0.075,0.2,1.0,865.0,0.0,0.0,0.12369942196531791
39.0,5.0,29.0,0.1,0.075,0.2,1.0,849.0,0.0,0.0,0.12014134275618374
39.0,5.0,30.0,0.1,0.075,0.2,1.0,822.0,0.0,0.0,0.12165450121654502
39.0,5.0,31.0,0.1,0.075,0.2,1.0,813.0,0.0,0.0,0.12177121771217712
39.0,5.0,32.0,0.1,0.075,0.2,1.0,815.0,0.0,0.0,0.12147239263803682
39.0,5.0,33.0,0.1,0.075,0.2,1.0,800.0,0.0,0.0,0.1225
39.0,5.0,34.0,0.1,0.075,0.2,1.0,790.0,0.0,0.0,0.12278481012658228
39.0,5.0,35.0,0.1,0.075,0.2,1.0,787.0,0.0,0.0,0.12198221092757307
39.0,5.0,36.0,0.1,0.075,0.2,1.0,789.0,0.0,0.0,0.1229404309252218
39.0,5.0,37.0,0.1,0.075,0.2,1.0,786.0,0.0,0.0,0.12213740458015267
39.0,5.0,38.0,0.1,0.075,0.2,1.0,787.0,0.0,0.0,0.1207115628970775
39.0,5.0,39.0,0.1,0.075,0.2,1.0,774.0,0.0,0.0,0.12015503875968993
39.0,5.0,40.0,0.1,0.075,0.2,1.0,763.0,0.0,0.0,0.1218872870249017
39.0,5.0,41.0,0.1,0.075,0.2,1.0,762.0,0.0,0.0,0.1220472440944882
39.0,5.0,42.0,0.1,0.075,0.2,1.0,757.0,0.0,0.0,0.1215323645970938
39.0,5.0,43.0,0.1,0.075,0.2,1.0,747.0,0.0,0.0,0.12182061579651941
39.0,5.0,44.0,0.1,0.075,0.2,1.0,748.0,0.0,0.0,0.12165775401069519
39.0,5.0,45.0,0.1,0.075,0.2,1.0,717.0,0.0,0.0,0.19525801952580196
39.0,5.0,46.0,0.1,0.075,0.2,1.0,716.0,0.0,0.0,0.19692737430167598
39.0,5.0,47.0,0.1,0.075,0.2,1.0,713.0,0.0,0.0,0.1949509116409537
39.0,5.0,48.0,0.1,0.075,0.2,1.0,700.0,0.0,0.0,0.19428571428571428
39.0,5.0,49.0,0.1,0.075,0.2,1.0,697.0,0.0,0.0,0.19225251076040173
39.0,5.0,50.0,0.1,0.075,0.2,1.0,683.0,0.0,0.0,0.191800878477306
39.0,5.0,51.0,0.1,0.075,0.2,1.0,679.0,0.0,0.0,0.19145802650957292
39.0,5.0,52.0,0.1,0.075,0.2,1.0,678.0,0.0,0.0,0.19174041297935104
39.0,6.0,1.0,0.1,0.075,0.2,1.0,676.0,0.0,0.0,0.1908284023668639
39.0,6.0,2.0,0.1,0.075,0.2,1.0,676.0,0.0,0.0,0.1908284023668639
39.0,6.0,3.0,0.1,0.075,0.2,1.0,673.0,0.0,0.0,0.1901931649331352
39.0,6.0,4.0,0.1,0.075,0.2,1.0,671.0,0.0,0.0,0.18926974664679583
39.0,6.0,5.0,0.1,0.075,0.2,1.0,667.0,0.0,0.0,0.1889055472263868
39.0,6.0,6.0,0.1,0.075,0.2,1.0,669.0,0.0,0.0,0.1898355754857997
39.0,6.0,7.0,0.1,0.075,0.2,1.0,664.0,0.0,0.0,0.1897590361445783
39.0,6.0,8.0,0.1,0.075,0.2,1.0,649.0,0.0,0.0,0.1926040061633282
39.0,6.0,9.0,0.1,0.075,0.2,1.0,645.0,0.0,0.0,0.18914728682170542
39.0,6.0,10.0,0.1,0.075,0.2,1.0,643.0,0.0,0.0,0.19129082426127528
39.0,6.0,11.0,0.1,0.075,0.2,1.0,639.0,0.0,0.0,0.18935837245696402
39.0,6.0,12.0,0.1,0.075,0.2,1.0,639.0,0.0,0.0,0.19092331768388107
39.0,6.0,13.0,0.1,0.075,0.2,1.0,638.0,0.0,0.0,0.18808777429467086
39.0,6.0,14.0,0.1,0.075,0.2,1.0,639.0,0.0,0.0,0.18779342723004694
39.0,6.0,15.0,0.1,0.075,0.2,1.0,620.0,0.0,0.0,0.19193548387096773
39.0,6.0,16.0,0.1,0.075,0.2,1.0,620.0,0.0,0.0,0.19193548387096773
39.0,6.0,17.0,0.1,0.075,0.2,1.0,617.0,0.0,0.0,0.18962722852512157
39.0,6.0,18.0,0.1,0.075,0.2,1.0,619.0,0.0,0.0,0.19063004846526657
39.0,6.0,19.0,0.1,0.075,0.2,1.0,617.0,0.0,0.0,0.1880064829821718
39.0,6.0,20.0,0.1,0.075,0.2,1.0,1112.0,0.0,0.0,0.10431654676258993
39.0,6.0,21.0,0.1,0.075,0.2,1.0,1011.0,0.0,0.0,0.10880316518298715
39.0,6.0,22.0,0.1,0.075,0.2,1.0,983.0,0.0,0.0,0.10986775178026449
39.0,6.0,23.0,0.1,0.075,0.2,1.0,956.0,0.0,0.0,0.1108786610878661
39.0,6.0,24.0,0.1,0.075,0.2,1.0,940.0,0.0,0.0,0.11170212765957446
39.0,6.0,25.0,0.1,0.075,0.2,1.0,891.0,0.0,0.0,0.1111111111111111
39.0,6.0,26.0,0.1,0.075,0.2,1.0,881.0,0.0,0.0,0.11350737797956867
39.0,6.0,27.0,0.1,0.075,0.2,1.0,866.0,0.0,0.0,0.11316397228637413
39.0,6.0,28.0,0.1,0.075,0.2,1.0,841.0,0.0,0.0,0.11414982164090369
39.0,6.0,29.0,0.1,0.075,0.2,1.0,820.0,0.0,0.0,0.11341463414634147
39.0,6.0,30.0,0.1,0.075,0.2,1.0,803.0,0.0,0.0,0.11706102117061021
39.0,6.0,31.0,0.1,0.075,0.2,1.0,802.0,0.0,0.0,0.11596009975062344
39.0,6.0,32.0,0.1,0.075,0.2,1.0,769.0,0.0,0.0,0.11833550065019506
39.0,6.0,33.0,0.1,0.075,0.2,1.0,768.0,0.0,0.0,0.1171875
39.0,6.0,34.0,0.1,0.075,0.2,1.0,754.0,0.0,0.0,0.11936339522546419
39.0,6.0,35.0,0.1,0.075,0.2,1.0,740.0,0.0,0.0,0.12027027027027028
39.0,6.0,36.0,0.1,0.075,0.2,1.0,742.0,0.0,0.0,0.12129380053908356
39.0,6.0,37.0,0.1,0.075,0.2,1.0,739.0,0.0,0.0,0.12043301759133965
39.0,6.0,38.0,0.1,0.075,0.2,1.0,741.0,0.0,0.0,0.1214574898785425
39.0,6.0,39.0,0.1,0.075,0.2,1.0,738.0,0.0,0.0,0.11924119241192412
39.0,6.0,40.0,0.1,0.075,0.2,1.0,739.0,0.0,0.0,0.11907983761840325
39.0,6.0,41.0,0.1,0.075,0.2,1.0,738.0,0.0,0.0,0.11788617886178862
39.0,6.0,42.0,0.1,0.075,0.2,1.0,717.0,0.0,0.0,0.1199442119944212
39.0,6.0,43.0,0.1,0.075,0.2,1.0,716.0,0.0,0.0,0.11871508379888268
39.0,6.0,44.0,0.1,0.075,0.2,1.0,706.0,0.0,0.0,0.11898016997167139
39.0,6.0,45.0,0.1,0.075,0.2,1.0,694.0,0.0,0.0,0.1729106628242075
39.0,6.0,46.0,0.1,0.075,0.2,1.0,671.0,0.0,0.0,0.17585692995529062
39.0,6.0,47.0,0.1,0.075,0.2,1.0,669.0,0.0,0.0,0.17638266068759342
39.0,6.0,48.0,0.1,0.075,0.2,1.0,668.0,0.0,0.0,0.17664670658682635
39.0,6.0,49.0,0.1,0.075,0.2,1.0,651.0,0.0,0.0,0.1781874039938556
39.0,6.0,50.0,0.1,0.075,0.2,1.0,653.0,0.0,0.0,0.17917304747320062
39.0,6.0,51.0,0.1,0.075,0.2,1.0,647.0,0.0,0.0,0.17619783616692428
39.0,6.0,52.0,0.1,0.075,0.2,1.0,648.0,0.0,0.0,0.17746913580246915
39.0,7.0,1.0,0.1,0.075,0.2,1.0,642.0,0.0,0.0,0.17601246105919002
39.0,7.0,2.0,0.1,0.075,0.2,1.0,646.0,0.0,0.0,0.1780185758513932
39.0,7.0,3.0,0.1,0.075,0.2,1.0,642.0,0.0,0.0,0.17601246105919002
39.0,7.0,4.0,0.1,0.075,0.2,1.0,646.0,0.0,0.0,0.1780185758513932
39.0,7.0,5.0,0.1,0.075,0.2,1.0,642.0,0.0,0.0,0.17601246105919002
39.0,7.0,6.0,0.1,0.075,0.2,1.0,644.0,0.0,0.0,0.17857142857142858
39.0,7.0,7.0,0.1,0.075,0.2,1.0,630.0,0.0,0.0,0.17777777777777778
39.0,7.0,8.0,0.1,0.075,0.2,1.0,631.0,0.0,0.0,0.18066561014263074
39.0,7.0,9.0,0.1,0.075,0.2,1.0,628.0,0.0,0.0,0.1767515923566879
39.0,7.0,10.0,0.1,0.075,0.2,1.0,630.0,0.0,0.0,0.17936507936507937
39.0,7.0,11.0,0.1,0.075,0.2,1.0,617.0,0.0,0.0,0.1766612641815235
39.0,7.0,12.0,0.1,0.075,0.2,1.0,618.0,0.0,0.0,0.1796116504854369
39.0,7.0,13.0,0.1,0.075,0.2,1.0,617.0,0.0,0.0,0.1766612641815235
39.0,7.0,14.0,0.1,0.075,0.2,1.0,619.0,0.0,0.0,0.17932148626817448
39.0,7.0,15.0,0.1,0.075,0.2,1.0,617.0,0.0,0.0,0.1766612641815235
39.0,7.0,16.0,0.1,0.075,0.2,1.0,619.0,0.0,0.0,0.17932148626817448
39.0,7.0,17.0,0.1,0.075,0.2,1.0,615.0,0.0,0.0,0.1772357723577236
39.0,7.0,18.0,0.1,0.075,0.2,1.0,617.0,0.0,0.0,0.17990275526742303
39.0,7.0,19.0,0.1,0.075,0.2,1.0,600.0,0.0,0.0,0.17833333333333334
39.0,7.0,20.0,0.1,0.075,0.2,1.0,1091.0,0.0,0.0,0.09715857011915674
39.0,7.0,21.0,0.1,0.075,0.2,1.0,1090.0,0.0,0.0,0.09541284403669725
39.0,7.0,22.0,0.1,0.075,0.2,1.0,1069.0,0.0,0.0,0.09822263797942002
39.0,7.0,23.0,0.1,0.075,0.2,1.0,1027.0,0.0,0.0,0.09834469328140215
39.0,7.0,24.0,0.1,0.075,0.2,1.0,1017.0,0.0,0.0,0.10127826941986234
39.0,7.0,25.0,0.1,0.075,0.2,1.0,959.0,0.0,0.0,0.10010427528675704
39.0,7.0,26.0,0.1,0.075,0.2,1.0,959.0,0.0,0.0,0.10010427528675704
39.0,7.0,27.0,0.1,0.075,0.2,1.0,932.0,0.0,0.0,0.09871244635193133
39.0,7.0,28.0,0.1,0.075,0.2,1.0,896.0,0.0,0.0,0.09821428571428571
39.0,7.0,29.0,0.1,0.075,0.2,1.0,893.0,0.0,0.0,0.09630459126539753
39.0,7.0,30.0,0.1,0.075,0.2,1.0,877.0,0.0,0.0,0.10034207525655645
39.0,7.0,31.0,0.1,0.075,0.2,1.0,868.0,0.0,0.0,0.10023041474654378
39.0,7.0,32.0,0.1,0.075,0.2,1.0,848.0,0.0,0.0,0.09669811320754718
39.0,7.0,33.0,0.1,0.075,0.2,1.0,847.0,0.0,0.0,0.09327036599763873
39.0,7.0,34.0,0.1,0.075,0.2,1.0,819.0,0.0,0.0,0.09768009768009768
39.0,7.0,35.0,0.1,0.075,0.2,1.0,817.0,0.0,0.0,0.09547123623011015
39.0,7.0,36.0,0.1,0.075,0.2,1.0,806.0,0.0,0.0,0.09925558312655088
39.0,7.0,37.0,0.1,0.075,0.2,1.0,782.0,0.0,0.0,0.09846547314578005
39.0,7.0,38.0,0.1,0.075,0.2,1.0,781.0,0.0,0.0,0.0998719590268886
39.0,7.0,39.0,0.1,0.075,0.2,1.0,743.0,0.0,0.0,0.09959623149394348
39.0,7.0,40.0,0.1,0.075,0.2,1.0,747.0,0.0,0.0,0.10174029451137885
39.0,7.0,41.0,0.1,0.075,0.2,1.0,723.0,0.0,0.0,0.09681881051175657
39.0,7.0,42.0,0.1,0.075,0.2,1.0,728.0,0.0,0.0,0.10027472527472528
39.0,7.0,43.0,0.1,0.075,0.2,1.0,726.0,0.0,0.0,0.09779614325068871
39.0,7.0,44.0,0.1,0.075,0.2,1.0,715.0,0.0,0.0,0.0993006993006993
39.0,7.0,45.0,0.1,0.075,0.2,1.0,713.0,0.0,0.0,0.18092566619915848
39.0,7.0,46.0,0.1,0.075,0.2,1.0,715.0,0.0,0.0,0.18461538461538463
39.0,7.0,47.0,0.1,0.075,0.2,1.0,702.0,0.0,0.0,0.18376068376068377
39.0,7.0,48.0,0.1,0.075,0.2,1.0,681.0,0.0,0.0,0.1894273127753304
39.0,7.0,49.0,0.1,0.075,0.2,1.0,679.0,0.0,0.0,0.18556701030927836
39.0,7.0,50.0,0.1,0.075,0.2,1.0,679.0,0.0,0.0,0.187039764359352
39.0,7.0,51.0,0.1,0.075,0.2,1.0,673.0,0.0,0.0,0.1827637444279346
39.0,7.0,52.0,0.1,0.075,0.2,1.0,676.0,0.0,0.0,0.1863905325443787
39.0,8.0,1.0,0.1,0.075,0.2,1.0,673.0,0.0,0.0,0.1827637444279346
39.0,8.0,2.0,0.1,0.075,0.2,1.0,673.0,0.0,0.0,0.18424962852897475
39.0,8.0,3.0,0.1,0.075,0.2,1.0,669.0,0.0,0.0,0.18086696562032886
39.0,8.0,4.0,0.1,0.075,0.2,1.0,671.0,0.0,0.0,0.18479880774962743
39.0,8.0,5.0,0.1,0.075,0.2,1.0,656.0,0.0,0.0,0.1798780487804878
39.0,8.0,6.0,0.1,0.075,0.2,1.0,658.0,0.0,0.0,0.1838905775075988
39.0,8.0,7.0,0.1,0.075,0.2,1.0,655.0,0.0,0.0,0.1801526717557252
39.0,8.0,8.0,0.1,0.075,0.2,1.0,654.0,0.0,0.0,0.18501529051987767
39.0,8.0,9.0,0.1,0.075,0.2,1.0,650.0,0.0,0.0,0.18153846153846154
39.0,8.0,10.0,0.1,0.075,0.2,1.0,648.0,0.0,0.0,0.1867283950617284
39.0,8.0,11.0,0.1,0.075,0.2,1.0,645.0,0.0,0.0,0.18294573643410852
39.0,8.0,12.0,0.1,0.075,0.2,1.0,646.0,0.0,0.0,0.1873065015479876
39.0,8.0,13.0,0.1,0.075,0.2,1.0,643.0,0.0,0.0,0.18351477449455678
39.0,8.0,14.0,0.1,0.075,0.2,1.0,634.0,0.0,0.0,0.1861198738170347
39.0,8.0,15.0,0.1,0.075,0.2,1.0,632.0,0.0,0.0,0.1819620253164557
39.0,8.0,16.0,0.1,0.075,0.2,1.0,622.0,0.0,0.0,0.1864951768488746
39.0,8.0,17.0,0.1,0.075,0.2,1.0,619.0,0.0,0.0,0.1825525040387722
39.0,8.0,18.0,0.1,0.075,0.2,1.0,620.0,0.0,0.0,0.1870967741935484
39.0,8.0,19.0,0.1,0.075,0.2,1.0,617.0,0.0,0.0,0.18314424635332252
39.0,8.0,20.0,0.1,0.075,0.2,1.0,1131.0,0.0,0.0,0.10256410256410256
39.0,8.0,21.0,0.1,0.075,0.2,1.0,1111.0,0.0,0.0,0.09900990099009901
39.0,8.0,22.0,0.1,0.075,0.2,1.0,1115.0,0.0,0.0,0.10134529147982063
39.0,8.0,23.0,0.1,0.075,0.2,1.0,1103.0,0.0,0.0,0.09882139619220308
39.0,8.0,24.0,0.1,0.075,0.2,1.0,1013.0,0.0,0.0,0.1016781836130306
39.0,8.0,25.0,0.1,0.075,0.2,1.0,980.0,0.0,0.0,0.1
39.0,8.0,26.0,0.1,0.075,0.2,1.0,973.0,0.0,0.0,0.10277492291880781
39.0,8.0,27.0,0.1,0.075,0.2,1.0,960.0,0.0,0.0,0.1
39.0,8.0,28.0,0.1,0.075,0.2,1.0,923.0,0.0,0.0,0.10292524377031419
39.0,8.0,29.0,0.1,0.075,0.2,1.0,923.0,0.0,0.0,0.09967497291440953
39.0,8.0,30.0,0.1,0.075,0.2,1.0,906.0,0.0,0.0,0.10485651214128035
39.0,8.0,31.0,0.1,0.075,0.2,1.0,878.0,0.0,0.0,0.10136674259681093
39.0,8.0,32.0,0.1,0.075,0.2,1.0,882.0,0.0,0.0,0.10430839002267574
39.0,8.0,33.0,0.1,0.075,0.2,1.0,860.0,0.0,0.0,0.10232558139534884
39.0,8.0,34.0,0.1,0.075,0.2,1.0,848.0,0.0,0.0,0.10731132075471699
39.0,8.0,35.0,0.1,0.075,0.2,1.0,830.0,0.0,0.0,0.10481927710843374
39.0,8.0,36.0,0.1,0.075,0.2,1.0,816.0,0.0,0.0,0.10661764705882353
39.0,8.0,37.0,0.1,0.075,0.2,1.0,808.0,0.0,0.0,0.10272277227722772
39.0,8.0,38.0,0.1,0.075,0.2,1.0,797.0,0.0,0.0,0.10664993726474278
39.0,8.0,39.0,0.1,0.075,0.2,1.0,783.0,0.0,0.0,0.10472541507024266
39.0,8.0,40.0,0.1,0.075,0.2,1.0,786.0,0.0,0.0,0.10814249363867684
39.0,8.0,41.0,0.1,0.075,0.2,1.0,782.0,0.0,0.0,0.10485933503836317
39.0,8.0,42.0,0.1,0.075,0.2,1.0,768.0,0.0,0.0,0.11067708333333333
39.0,8.0,43.0,0.1,0.075,0.2,1.0,754.0,0.0,0.0,0.10344827586206896
39.0,8.0,44.0,0.1,0.075,0.2,1.0,753.0,0.0,0.0,0.10756972111553785
39.0,8.0,45.0,0.1,0.075,0.2,1.0,757.0,0.0,0.0,0.17701453104359313
39.0,8.0,46.0,0.1,0.075,0.2,1.0,744.0,0.0,0.0,0.1814516129032258
39.0,8.0,47.0,0.1,0.075,0.2,1.0,744.0,0.0,0.0,0.1774193548387097
39.0,8.0,48.0,0.1,0.075,0.2,1.0,744.0,0.0,0.0,0.1814516129032258
39.0,8.0,49.0,0.1,0.075,0.2,1.0,741.0,0.0,0.0,0.17813765182186234
39.0,8.0,50.0,0.1,0.075,0.2,1.0,745.0,0.0,0.0,0.18120805369127516
39.0,8.0,51.0,0.1,0.075,0.2,1.0,723.0,0.0,0.0,0.18118948824343015
39.0,8.0,52.0,0.1,0.075,0.2,1.0,709.0,0.0,0.0,0.1847672778561354
39.0,9.0,1.0,0.1,0.075,0.2,1.0,706.0,0.0,0.0,0.17847025495750707
39.0,9.0,2.0,0.1,0.075,0.2,1.0,707.0,0.0,0.0,0.18387553041018387
39.0,9.0,3.0,0.1,0.075,0.2,1.0,708.0,0.0,0.0,0.17937853107344634
39.0,9.0,4.0,0.1,0.075,0.2,1.0,707.0,0.0,0.0,0.18387553041018387
39.0,9.0,5.0,0.1,0.075,0.2,1.0,708.0,0.0,0.0,0.17937853107344634
39.0,9.0,6.0,0.1,0.075,0.2,1.0,706.0,0.0,0.0,0.18413597733711048
39.0,9.0,7.0,0.1,0.075,0.2,1.0,693.0,0.0,0.0,0.1774891774891775
39.0,9.0,8.0,0.1,0.075,0.2,1.0,685.0,0.0,0.0,0.18394160583941604
39.0,9.0,9.0,0.1,0.075,0.2,1.0,687.0,0.0,0.0,0.17612809315866085
39.0,9.0,10.0,0.1,0.075,0.2,1.0,685.0,0.0,0.0,0.17956204379562044
39.0,9.0,11.0,0.1,0.075,0.2,1.0,683.0,0.0,0.0,0.17569546120058566
39.0,9.0,12.0,0.1,0.075,0.2,1.0,679.0,0.0,0.0,0.18114874815905743
39.0,9.0,13.0,0.1,0.075,0.2,1.0,679.0,0.0,0.0,0.17673048600883653
39.0,9.0,14.0,0.1,0.075,0.2,1.0,676.0,0.0,0.0,0.1819526627218935
39.0,9.0,15.0,0.1,0.075,0.2,1.0,667.0,0.0,0.0,0.1724137931034483
39.0,9.0,16.0,0.1,0.075,0.2,1.0,665.0,0.0,0.0,0.1774436090225564
39.0,9.0,17.0,0.1,0.075,0.2,1.0,656.0,0.0,0.0,0.17073170731707318
39.0,9.0,18.0,0.1,0.075,0.2,1.0,656.0,0.0,0.0,0.17530487804878048
39.0,9.0,19.0,0.1,0.075,0.2,1.0,657.0,0.0,0.0,0.1704718417047184
39.0,9.0,20.0,0.1,0.075,0.2,1.0,1166.0,0.0,0.0,0.09519725557461406
39.0,9.0,21.0,0.1,0.075,0.2,1.0,1121.0,0.0,0.0,0.0927743086529884
39.0,9.0,22.0,0.1,0.075,0.2,1.0,1071.0,0.0,0.0,0.09710550887021475
39.0,9.0,23.0,0.1,0.075,0.2,1.0,1078.0,0.0,0.0,0.09276437847866419
39.0,9.0,24.0,0.1,0.075,0.2,1.0,1058.0,0.0,0.0,0.09829867674858223
39.0,9.0,25.0,0.1,0.075,0.2,1.0,1030.0,0.0,0.0,0.09611650485436893
39.0,9.0,26.0,0.1,0.075,0.2,1.0,1011.0,0.0,0.0,0.10089020771513353
39.0,9.0,27.0,0.1,0.075,0.2,1.0,976.0,0.0,0.0,0.09528688524590163
39.0,9.0,28.0,0.1,0.075,0.2,1.0,963.0,0.0,0.0,0.09968847352024922
39.0,9.0,29.0,0.1,0.075,0.2,1.0,945.0,0.0,0.0,0.09735449735449736
39.0,9.0,30.0,0.1,0.075,0.2,1.0,924.0,0.0,0.0,0.09740259740259741
39.0,9.0,31.0,0.1,0.075,0.2,1.0,916.0,0.0,0.0,0.09388646288209607
39.0,9.0,32.0,0.1,0.075,0.2,1.0,912.0,0.0,0.0,0.09758771929824561
39.0,9.0,33.0,0.1,0.075,0.2,1.0,885.0,0.0,0.0,0.096045197740113
39.0,9.0,34.0,0.1,0.075,0.2,1.0,896.0,0.0,0.0,0.09933035714285714
39.0,9.0,35.0,0.1,0.075,0.2,1.0,878.0,0.0,0.0,0.09681093394077449
39.0,9.0,36.0,0.1,0.075,0.2,1.0,890.0,0.0,0.0,0.1
39.0,9.0,37.0,0.1,0.075,0.2,1.0,865.0,0.0,0.0,0.09595375722543352
39.0,9.0,38.0,0.1,0.075,0.2,1.0,858.0,0.0,0.0,0.10023310023310024
39.0,9.0,39.0,0.1,0.075,0.2,1.0,838.0,0.0,0.0,0.09665871121718377
39.0,9.0,40.0,0.1,0.075,0.2,1.0,847.0,0.0,0.0,0.10035419126328217
39.0,9.0,41.0,0.1,0.075,0.2,1.0,822.0,0.0,0.0,0.09732360097323602
39.0,9.0,42.0,0.1,0.075,0.2,1.0,835.0,0.0,0.0,0.10059880239520957
39.0,9.0,43.0,0.1,0.075,0.2,1.0,812.0,0.0,0.0,0.09852216748768473
39.0,9.0,44.0,0.1,0.075,0.2,1.0,824.0,0.0,0.0,0.10072815533980582
39.0,9.0,45.0,0.1,0.075,0.2,1.0,810.0,0.0,0.0,0.19135802469135801
39.0,9.0,46.0,0.1,0.075,0.2,1.0,808.0,0.0,0.0,0.1905940594059406
39.0,9.0,47.0,0.1,0.075,0.2,1.0,796.0,0.0,0.0,0.19095477386934673
39.0,9.0,48.0,0.1,0.075,0.2,1.0,795.0,0.0,0.0,0.189937106918239
39.0,9.0,49.0,0.1,0.075,0.2,1.0,784.0,0.0,0.0,0.19005102040816327
39.0,9.0,50.0,0.1,0.075,0.2,1.0,799.0,0.0,0.0,0.18898623279098872
39.0,9.0,51.0,0.1,0.075,0.2,1.0,769.0,0.0,0.0,0.18855656697009102
39.0,9.0,52.0,0.1,0.075,0.2,1.0,780.0,0.0,0.0,0.191025641025641
39.0,10.0,1.0,0.1,0.075,0.2,1.0,765.0,0.0,0.0,0.18823529411764706
39.0,10.0,2.0,0.1,0.075,0.2,1.0,767.0,0.0,0.0,0.19035202086049544
39.0,10.0,3.0,0.1,0.075,0.2,1.0,756.0,0.0,0.0,0.18915343915343916
39.0,10.0,4.0,0.1,0.075,0.2,1.0,766.0,0.0,0.0,0.1906005221932115
39.0,10.0,5.0,0.1,0.075,0.2,1.0,756.0,0.0,0.0,0.18915343915343916
39.0,10.0,6.0,0.1,0.075,0.2,1.0,764.0,0.0,0.0,0.18979057591623036
39.0,10.0,7.0,0.1,0.075,0.2,1.0,753.0,0.0,0.0,0.18857901726427623
39.0,10.0,8.0,0.1,0.075,0.2,1.0,762.0,0.0,0.0,0.19160104986876642
39.0,10.0,9.0,0.1,0.075,0.2,1.0,746.0,0.0,0.0,0.1903485254691689
39.0,10.0,10.0,0.1,0.075,0.2,1.0,753.0,0.0,0.0,0.19389110225763612
39.0,10.0,11.0,0.1,0.075,0.2,1.0,742.0,0.0,0.0,0.19137466307277629
39.0,10.0,12.0,0.1,0.075,0.2,1.0,753.0,0.0,0.0,0.1952191235059761
39.0,10.0,13.0,0.1,0.075,0.2,1.0,741.0,0.0,0.0,0.19163292847503374
39.0,10.0,14.0,0.1,0.075,0.2,1.0,751.0,0.0,0.0,0.19573901464713714
39.0,10.0,15.0,0.1,0.075,0.2,1.0,741.0,0.0,0.0,0.19163292847503374
39.0,10.0,16.0,0.1,0.075,0.2,1.0,732.0,0.0,0.0,0.1953551912568306
39.0,10.0,17.0,0.1,0.075,0.2,1.0,715.0,0.0,0.0,0.1916083916083916
39.0,10.0,18.0,0.1,0.075,0.2,1.0,723.0,0.0,0.0,0.1950207468879668
39.0,10.0,19.0,0.1,0.075,0.2,1.0,716.0,0.0,0.0,0.19273743016759776
39.0,10.0,20.0,0.1,0.075,0.2,1.0,1269.0,0.0,0.0,0.10480693459416864
39.0,10.0,21.0,0.1,0.075,0.2,1.0,1208.0,0.0,0.0,0.10596026490066225
39.0,10.0,22.0,0.1,0.075,0.2,1.0,1222.0,0.0,0.0,0.1072013093289689
39.0,10.0,23.0,0.1,0.075,0.2,1.0,1150.0,0.0,0.0,0.10260869565217391
39.0,10.0,24.0,0.1,0.075,0.2,1.0,1150.0,0.0,0.0,0.10434782608695652
39.0,10.0,25.0,0.1,0.075,0.2,1.0,1084.0,0.0,0.0,0.10424354243542436
39.0,10.0,26.0,0.1,0.075,0.2,1.0,1065.0,0.0,0.0,0.107981220657277
39.0,10.0,27.0,0.1,0.075,0.2,1.0,1035.0,0.0,0.0,0.10628019323671498
39.0,10.0,28.0,0.1,0.075,0.2,1.0,1044.0,0.0,0.0,0.10919540229885058
39.0,10.0,29.0,0.1,0.075,0.2,1.0,993.0,0.0,0.0,0.10775427995971802
39.0,10.0,30.0,0.1,0.075,0.2,1.0,1005.0,0.0,0.0,0.10945273631840796
39.0,10.0,31.0,0.1,0.075,0.2,1.0,977.0,0.0,0.0,0.10951893551688843
39.0,10.0,32.0,0.1,0.075,0.2,1.0,930.0,0.0,0.0,0.11720430107526882
39.0,10.0,33.0,0.1,0.075,0.2,1.0,922.0,0.0,0.0,0.113882863340564
39.0,10.0,34.0,0.1,0.075,0.2,1.0,930.0,0.0,0.0,0.11720430107526882
39.0,10.0,35.0,0.1,0.075,0.2,1.0,883.0,0.0,0.0,0.11211778029445074
39.0,10.0,36.0,0.1,0.075,0.2,1.0,876.0,0.0,0.0,0.11643835616438356
39.0,10.0,37.0,0.1,0.075,0.2,1.0,851.0,0.0,0.0,0.1128084606345476
39.0,10.0,38.0,0.1,0.075,0.2,1.0,857.0,0.0,0.0,0.11668611435239207
39.0,10.0,39.0,0.1,0.075,0.2,1.0,841.0,0.0,0.0,0.11533888228299644
39.0,10.0,40.0,0.1,0.075,0.2,1.0,850.0,0.0,0.0,0.11764705882352941
39.0,10.0,41.0,0.1,0.075,0.2,1.0,801.0,0.0,0.0,0.11860174781523096
39.0,10.0,42.0,0.1,0.075,0.2,1.0,805.0,0.0,0.0,0.12049689440993788
39.0,10.0,43.0,0.1,0.075,0.2,1.0,799.0,0.0,0.0,0.11889862327909888
39.0,10.0,44.0,0.1,0.075,0.2,1.0,782.0,0.0,0.0,0.12148337595907928
39.0,10.0,45.0,0.1,0.075,0.2,1.0,771.0,0.0,0.0,0.17250324254215305
39.0,10.0,46.0,0.1,0.075,0.2,1.0,782.0,0.0,0.0,0.17391304347826086
39.0,10.0,47.0,0.1,0.075,0.2,1.0,773.0,0.0,0.0,0.17205692108667528
39.0,10.0,48.0,0.1,0.075,0.2,1.0,782.0,0.0,0.0,0.17263427109974425
39.0,10.0,49.0,0.1,0.075,0.2,1.0,749.0,0.0,0.0,0.17356475300400534
39.0,10.0,50.0,0.1,0.075,0.2,1.0,759.0,0.0,0.0,0.17523056653491437
39.0,10.0,51.0,0.1,0.075,0.2,1.0,749.0,0.0,0.0,0.17222963951935916
39.0,10.0,52.0,0.1,0.075,0.2,1.0,758.0,0.0,0.0,0.17546174142480211
40.0,1.0,1.0,0.1,0.075,0.2,1.0,5165.0,43.0,8.0,0.09390125847047434
40.0,1.0,2.0,0.1,0.075,0.2,1.0,5167.0,54.0,14.0,0.09328430423843623
40.0,1.0,3.0,0.1,0.075,0.2,1.0,5119.0,65.0,25.0,0.09298691150615354
40.0,1.0,4.0,0.1,0.075,0.2,1.0,5055.0,78.0,27.0,0.0943620178041543
40.0,1.0,5.0,0.1,0.075,0.2,1.0,4999.0,95.0,39.0,0.09701940388077615
40.0,1.0,6.0,0.1,0.075,0.2,1.0,4879.0,149.0,44.0,0.09653617544578807
40.0,1.0,7.0,0.1,0.075,0.2,1.0,4744.0,167.0,61.0,0.09717537942664418
40.0,1.0,8.0,0.1,0.075,0.2,1.0,4651.0,213.0,76.0,0.09718340141904967
40.0,1.0,9.0,0.1,0.075,0.2,1.0,4397.0,227.0,89.0,0.09779395042074142
40.0,1.0,10.0,0.1,0.075,0.2,1.0,4258.0,239.0,99.0,0.09793330201972757
40.0,1.0,11.0,0.1,0.075,0.2,1.0,4090.0,244.0,102.0,0.10073349633251834
40.0,1.0,12.0,0.1,0.075,0.2,1.0,3921.0,271.0,123.0,0.1009946442234124
40.0,1.0,13.0,0.1,0.075,0.2,1.0,3789.0,292.0,132.0,0.1034573766165215
40.0,1.0,14.0,0.1,0.075,0.2,1.0,3665.0,294.0,133.0,0.10450204638472033
40.0,1.0,15.0,0.1,0.075,0.2,1.0,3595.0,307.0,130.0,0.10737134909596661
40.0,1.0,16.0,0.1,0.075,0.2,1.0,3433.0,311.0,137.0,0.10865132537139528
40.0,1.0,17.0,0.1,0.075,0.2,1.0,3364.0,333.0,163.0,0.11058263971462545
40.0,1.0,18.0,0.1,0.075,0.2,1.0,3266.0,340.0,161.0,0.11145131659522352
40.0,1.0,19.0,0.1,0.075,0.2,1.0,3189.0,346.0,154.0,0.11508309814989025
40.0,1.0,20.0,0.1,0.075,0.2,1.0,5915.0,321.0,137.0,0.061369399830938295
40.0,1.0,21.0,0.1,0.075,0.2,1.0,5545.0,393.0,152.0,0.06330027051397656
40.0,1.0,22.0,0.1,0.075,0.2,1.0,5070.0,432.0,163.0,0.06666666666666667
40.0,1.0,23.0,0.1,0.075,0.2,1.0,4850.0,478.0,187.0,0.0688659793814433
40.0,1.0,24.0,0.1,0.075,0.2,1.0,4471.0,487.0,204.0,0.07112502795795124
40.0,1.0,25.0,0.1,0.075,0.2,1.0,4304.0,527.0,221.0,0.0745817843866171
40.0,1.0,26.0,0.1,0.075,0.2,1.0,4036.0,553.0,236.0,0.07606541129831516
40.0,1.0,27.0,0.1,0.075,0.2,1.0,3861.0,555.0,232.0,0.07873607873607874
40.0,1.0,28.0,0.1,0.075,0.2,1.0,3628.0,598.0,236.0,0.08213891951488424
40.0,1.0,29.0,0.1,0.075,0.2,1.0,3453.0,596.0,250.0,0.08456414711844773
40.0,1.0,30.0,0.1,0.075,0.2,1.0,3259.0,626.0,277.0,0.08806382325866831
40.0,1.0,31.0,0.1,0.075,0.2,1.0,3095.0,647.0,300.0,0.08982229402261713
40.0,1.0,32.0,0.1,0.075,0.2,1.0,2821.0,630.0,286.0,0.09464728819567529
40.0,1.0,33.0,0.1,0.075,0.2,1.0,2649.0,590.0,265.0,0.09928274820687051
40.0,1.0,34.0,0.1,0.075,0.2,1.0,2492.0,588.0,311.0,0.10313001605136436
40.0,1.0,35.0,0.1,0.075,0.2,1.0,2343.0,583.0,279.0,0.11054204011950491
40.0,1.0,36.0,0.1,0.075,0.2,1.0,2211.0,562.0,282.0,0.114880144730891
40.0,1.0,37.0,0.1,0.075,0.2,1.0,2060.0,475.0,230.0,0.12669902912621359
40.0,1.0,38.0,0.1,0.075,0.2,1.0,1940.0,452.0,231.0,0.13041237113402063
40.0,1.0,39.0,0.1,0.075,0.2,1.0,1818.0,420.0,225.0,0.13861386138613863
40.0,1.0,40.0,0.1,0.075,0.2,1.0,1700.0,397.0,218.0,0.14647058823529413
40.0,1.0,41.0,0.1,0.075,0.2,1.0,1623.0,372.0,204.0,0.15280345040049292
40.0,1.0,42.0,0.1,0.075,0.2,1.0,1472.0,320.0,162.0,0.16168478260869565
40.0,1.0,43.0,0.1,0.075,0.2,1.0,1415.0,288.0,151.0,0.16819787985865725
40.0,1.0,44.0,0.1,0.075,0.2,1.0,1321.0,247.0,131.0,0.17865253595760788
40.0,1.0,45.0,0.1,0.075,0.2,1.0,1260.0,227.0,120.0,0.2507936507936508
40.0,1.0,46.0,0.1,0.075,0.2,1.0,1153.0,195.0,110.0,0.25845620121422375
40.0,1.0,47.0,0.1,0.075,0.2,1.0,1136.0,178.0,96.0,0.2676056338028169
40.0,1.0,48.0,0.1,0.075,0.2,1.0,1060.0,150.0,88.0,0.27735849056603773
40.0,1.0,49.0,0.1,0.075,0.2,1.0,1012.0,128.0,57.0,0.2855731225296443
40.0,1.0,50.0,0.1,0.075,0.2,1.0,978.0,119.0,60.0,0.2883435582822086
40.0,1.0,51.0,0.1,0.075,0.2,1.0,940.0,106.0,52.0,0.2968085106382979
40.0,1.0,52.0,0.1,0.075,0.2,1.0,928.0,101.0,57.0,0.2984913793103448
40.0,2.0,1.0,0.1,0.075,0.2,1.0,881.0,85.0,49.0,0.3064699205448354
40.0,2.0,2.0,0.1,0.075,0.2,1.0,859.0,73.0,42.0,0.3073341094295693
40.0,2.0,3.0,0.1,0.075,0.2,1.0,829.0,61.0,35.0,0.31966224366706875
40.0,2.0,4.0,0.1,0.075,0.2,1.0,816.0,54.0,28.0,0.31985294117647056
40.0,2.0,5.0,0.1,0.075,0.2,1.0,792.0,50.0,26.0,0.3282828282828283
40.0,2.0,6.0,0.1,0.075,0.2,1.0,784.0,45.0,23.0,0.33035714285714285
40.0,2.0,7.0,0.1,0.075,0.2,1.0,769.0,43.0,26.0,0.33550065019505854
40.0,2.0,8.0,0.1,0.075,0.2,1.0,759.0,40.0,24.0,0.3346508563899868
40.0,2.0,9.0,0.1,0.075,0.2,1.0,742.0,35.0,25.0,0.3423180592991914
40.0,2.0,10.0,0.1,0.075,0.2,1.0,729.0,30.0,18.0,0.34156378600823045
40.0,2.0,11.0,0.1,0.075,0.2,1.0,719.0,27.0,16.0,0.3463143254520167
40.0,2.0,12.0,0.1,0.075,0.2,1.0,707.0,17.0,10.0,0.3451202263083451
40.0,2.0,13.0,0.1,0.075,0.2,1.0,696.0,17.0,9.0,0.34770114942528735
40.0,2.0,14.0,0.1,0.075,0.2,1.0,686.0,13.0,7.0,0.34839650145772594
40.0,2.0,15.0,0.1,0.075,0.2,1.0,675.0,10.0,7.0,0.35555555555555557
40.0,2.0,16.0,0.1,0.075,0.2,1.0,669.0,10.0,7.0,0.3542600896860987
40.0,2.0,17.0,0.1,0.075,0.2,1.0,666.0,8.0,6.0,0.35585585585585583
40.0,2.0,18.0,0.1,0.075,0.2,1.0,662.0,4.0,2.0,0.3580060422960725
40.0,2.0,19.0,0.1,0.075,0.2,1.0,654.0,3.0,2.0,0.3562691131498471
40.0,2.0,20.0,0.1,0.075,0.2,1.0,1183.0,2.0,1.0,0.19695688926458157
40.0,2.0,21.0,0.1,0.075,0.2,1.0,1157.0,3.0,2.0,0.1979256698357822
40.0,2.0,22.0,0.1,0.075,0.2,1.0,1158.0,4.0,1.0,0.19948186528497408
40.0,2.0,23.0,0.1,0.075,0.2,1.0,1106.0,4.0,2.0,0.20343580470162748
40.0,2.0,24.0,0.1,0.075,0.2,1.0,1078.0,3.0,1.0,0.20964749536178107
40.0,2.0,25.0,0.1,0.075,0.2,1.0,1075.0,3.0,1.0,0.20930232558139536
40.0,2.0,26.0,0.1,0.075,0.2,1.0,1039.0,2.0,1.0,0.20981713185755535
40.0,2.0,27.0,0.1,0.075,0.2,1.0,1033.0,2.0,2.0,0.20813165537270087
40.0,2.0,28.0,0.1,0.075,0.2,1.0,990.0,2.0,2.0,0.2111111111111111
40.0,2.0,29.0,0.1,0.075,0.2,1.0,1009.0,1.0,1.0,0.21110009910802774
40.0,2.0,30.0,0.1,0.075,0.2,1.0,974.0,0.0,0.0,0.21149897330595482
40.0,2.0,31.0,0.1,0.075,0.2,1.0,985.0,0.0,0.0,0.20913705583756345
40.0,2.0,32.0,0.1,0.075,0.2,1.0,971.0,0.0,0.0,0.21112255406797117
40.0,2.0,33.0,0.1,0.075,0.2,1.0,975.0,0.0,0.0,0.20717948717948717
40.0,2.0,34.0,0.1,0.075,0.2,1.0,938.0,0.0,0.0,0.21002132196162046
40.0,2.0,35.0,0.1,0.075,0.2,1.0,947.0,0.0,0.0,0.20908130939809927
40.0,2.0,36.0,0.1,0.075,0.2,1.0,915.0,0.0,0.0,0.21202185792349726
40.0,2.0,37.0,0.1,0.075,0.2,1.0,907.0,0.0,0.0,0.2127894156560088
40.0,2.0,38.0,0.1,0.075,0.2,1.0,886.0,0.0,0.0,0.2110609480812641
40.0,2.0,39.0,0.1,0.075,0.2,1.0,870.0,0.0,0.0,0.21379310344827587
40.0,2.0,40.0,0.1,0.075,0.2,1.0,857.0,0.0,0.0,0.21120186697782964
40.0,2.0,41.0,0.1,0.075,0.2,1.0,844.0,0.0,0.0,0.21208530805687204
40.0,2.0,42.0,0.1,0.075,0.2,1.0,848.0,0.0,0.0,0.21108490566037735
40.0,2.0,43.0,0.1,0.075,0.2,1.0,839.0,0.0,0.0,0.21215733015494637
40.0,2.0,44.0,0.1,0.075,0.2,1.0,832.0,0.0,0.0,0.21153846153846154
40.0,2.0,45.0,0.1,0.075,0.2,1.0,819.0,0.0,0.0,0.27472527472527475
40.0,2.0,46.0,0.1,0.075,0.2,1.0,827.0,0.0,0.0,0.2720677146311971
40.0,2.0,47.0,0.1,0.075,0.2,1.0,797.0,0.0,0.0,0.27478042659974905
40.0,2.0,48.0,0.1,0.075,0.2,1.0,791.0,0.0,0.0,0.2718078381795196
40.0,2.0,49.0,0.1,0.075,0.2,1.0,776.0,0.0,0.0,0.27448453608247425
40.0,2.0,50.0,0.1,0.075,0.2,1.0,775.0,0.0,0.0,0.2735483870967742
40.0,2.0,51.0,0.1,0.075,0.2,1.0,769.0,0.0,0.0,0.2756827048114434
40.0,2.0,52.0,0.1,0.075,0.2,1.0,771.0,0.0,0.0,0.27496757457846954
40.0,3.0,1.0,0.1,0.075,0.2,1.0,759.0,0.0,0.0,0.2766798418972332
40.0,3.0,2.0,0.1,0.075,0.2,1.0,762.0,0.0,0.0,0.2742782152230971
40.0,3.0,3.0,0.1,0.075,0.2,1.0,748.0,0.0,0.0,0.2767379679144385
40.0,3.0,4.0,0.1,0.075,0.2,1.0,746.0,0.0,0.0,0.27211796246648795
40.0,3.0,5.0,0.1,0.075,0.2,1.0,737.0,0.0,0.0,0.2727272727272727
40.0,3.0,6.0,0.1,0.075,0.2,1.0,738.0,0.0,0.0,0.26558265582655827
40.0,3.0,7.0,0.1,0.075,0.2,1.0,726.0,0.0,0.0,0.26584022038567495
40.0,3.0,8.0,0.1,0.075,0.2,1.0,726.0,0.0,0.0,0.2630853994490358
40.0,3.0,9.0,0.1,0.075,0.2,1.0,711.0,0.0,0.0,0.2672292545710267
40.0,3.0,10.0,0.1,0.075,0.2,1.0,717.0,0.0,0.0,0.2649930264993027
40.0,3.0,11.0,0.1,0.075,0.2,1.0,707.0,0.0,0.0,0.26874115983026875
40.0,3.0,12.0,0.1,0.075,0.2,1.0,718.0,0.0,0.0,0.2646239554317549
40.0,3.0,13.0,0.1,0.075,0.2,1.0,705.0,0.0,0.0,0.2680851063829787
40.0,3.0,14.0,0.1,0.075,0.2,1.0,705.0,0.0,0.0,0.2680851063829787
40.0,3.0,15.0,0.1,0.075,0.2,1.0,682.0,0.0,0.0,0.27126099706744866
40.0,3.0,16.0,0.1,0.075,0.2,1.0,683.0,0.0,0.0,0.26939970717423134
40.0,3.0,17.0,0.1,0.075,0.2,1.0,675.0,0.0,0.0,0.2696296296296296
40.0,3.0,18.0,0.1,0.075,0.2,1.0,680.0,0.0,0.0,0.2676470588235294
40.0,3.0,19.0,0.1,0.075,0.2,1.0,668.0,0.0,0.0,0.2694610778443114
40.0,3.0,20.0,0.1,0.075,0.2,1.0,1276.0,0.0,0.0,0.14106583072100312
40.0,3.0,21.0,0.1,0.075,0.2,1.0,1238.0,0.0,0.0,0.13974151857835218
40.0,3.0,22.0,0.1,0.075,0.2,1.0,1234.0,0.0,0.0,0.14100486223662884
40.0,3.0,23.0,0.1,0.075,0.2,1.0,1214.0,0.0,0.0,0.14085667215815487
40.0,3.0,24.0,0.1,0.075,0.2,1.0,1180.0,0.0,0.0,0.14152542372881355
40.0,3.0,25.0,0.1,0.075,0.2,1.0,1157.0,0.0,0.0,0.14347450302506481
40.0,3.0,26.0,0.1,0.075,0.2,1.0,1117.0,0.0,0.0,0.1468218442256043
40.0,3.0,27.0,0.1,0.075,0.2,1.0,1085.0,0.0,0.0,0.14654377880184333
40.0,3.0,28.0,0.1,0.075,0.2,1.0,1073.0,0.0,0.0,0.1435228331780056
40.0,3.0,29.0,0.1,0.075,0.2,1.0,1057.0,0.0,0.0,0.14380321665089876
40.0,3.0,30.0,0.1,0.075,0.2,1.0,1027.0,0.0,0.0,0.1450827653359299
40.0,3.0,31.0,0.1,0.075,0.2,1.0,1021.0,0.0,0.0,0.14789422135161606
40.0,3.0,32.0,0.1,0.075,0.2,1.0,1024.0,0.0,0.0,0.14453125
40.0,3.0,33.0,0.1,0.075,0.2,1.0,1010.0,0.0,0.0,0.14752475247524752
40.0,3.0,34.0,0.1,0.075,0.2,1.0,1003.0,0.0,0.0,0.1465603190428714
40.0,3.0,35.0,0.1,0.075,0.2,1.0,982.0,0.0,0.0,0.14765784114052954
40.0,3.0,36.0,0.1,0.075,0.2,1.0,970.0,0.0,0.0,0.14845360824742268
40.0,3.0,37.0,0.1,0.075,0.2,1.0,946.0,0.0,0.0,0.1511627906976744
40.0,3.0,38.0,0.1,0.075,0.2,1.0,935.0,0.0,0.0,0.146524064171123
40.0,3.0,39.0,0.1,0.075,0.2,1.0,918.0,0.0,0.0,0.14705882352941177
40.0,3.0,40.0,0.1,0.075,0.2,1.0,877.0,0.0,0.0,0.1516533637400228
40.0,3.0,41.0,0.1,0.075,0.2,1.0,846.0,0.0,0.0,0.1524822695035461
40.0,3.0,42.0,0.1,0.075,0.2,1.0,840.0,0.0,0.0,0.15476190476190477
40.0,3.0,43.0,0.1,0.075,0.2,1.0,803.0,0.0,0.0,0.15317559153175592
40.0,3.0,44.0,0.1,0.075,0.2,1.0,826.0,0.0,0.0,0.14769975786924938
40.0,3.0,45.0,0.1,0.075,0.2,1.0,790.0,0.0,0.0,0.22278481012658227
40.0,3.0,46.0,0.1,0.075,0.2,1.0,811.0,0.0,0.0,0.21948212083847102
40.0,3.0,47.0,0.1,0.075,0.2,1.0,778.0,0.0,0.0,0.21979434447300772
40.0,3.0,48.0,0.1,0.075,0.2,1.0,781.0,0.0,0.0,0.22023047375160051
40.0,3.0,49.0,0.1,0.075,0.2,1.0,756.0,0.0,0.0,0.21957671957671956
40.0,3.0,50.0,0.1,0.075,0.2,1.0,766.0,0.0,0.0,0.21801566579634465
40.0,3.0,51.0,0.1,0.075,0.2,1.0,756.0,0.0,0.0,0.21428571428571427
40.0,3.0,52.0,0.1,0.075,0.2,1.0,760.0,0.0,0.0,0.21447368421052632
40.0,4.0,1.0,0.1,0.075,0.2,1.0,745.0,0.0,0.0,0.21208053691275167
40.0,4.0,2.0,0.1,0.075,0.2,1.0,734.0,0.0,0.0,0.21389645776566757
40.0,4.0,3.0,0.1,0.075,0.2,1.0,719.0,0.0,0.0,0.21279554937413073
40.0,4.0,4.0,0.1,0.075,0.2,1.0,714.0,0.0,0.0,0.21708683473389356
40.0,4.0,5.0,0.1,0.075,0.2,1.0,699.0,0.0,0.0,0.21745350500715308
40.0,4.0,6.0,0.1,0.075,0.2,1.0,706.0,0.0,0.0,0.21529745042492918
40.0,4.0,7.0,0.1,0.075,0.2,1.0,696.0,0.0,0.0,0.21551724137931033
40.0,4.0,8.0,0.1,0.075,0.2,1.0,697.0,0.0,0.0,0.21807747489239598
40.0,4.0,9.0,0.1,0.075,0.2,1.0,688.0,0.0,0.0,0.21656976744186046
40.0,4.0,10.0,0.1,0.075,0.2,1.0,688.0,0.0,0.0,0.21511627906976744
40.0,4.0,11.0,0.1,0.075,0.2,1.0,667.0,0.0,0.0,0.2158920539730135
40.0,4.0,12.0,0.1,0.075,0.2,1.0,669.0,0.0,0.0,0.21524663677130046
40.0,4.0,13.0,0.1,0.075,0.2,1.0,664.0,0.0,0.0,0.21686746987951808
40.0,4.0,14.0,0.1,0.075,0.2,1.0,663.0,0.0,0.0,0.2171945701357466
40.0,4.0,15.0,0.1,0.075,0.2,1.0,654.0,0.0,0.0,0.21559633027522937
40.0,4.0,16.0,0.1,0.075,0.2,1.0,658.0,0.0,0.0,0.21580547112462006
40.0,4.0,17.0,0.1,0.075,0.2,1.0,639.0,0.0,0.0,0.21439749608763695
40.0,4.0,18.0,0.1,0.075,0.2,1.0,637.0,0.0,0.0,0.2150706436420722
40.0,4.0,19.0,0.1,0.075,0.2,1.0,633.0,0.0,0.0,0.2132701421800948
40.0,4.0,20.0,0.1,0.075,0.2,1.0,1176.0,0.0,0.0,0.11734693877551021
40.0,4.0,21.0,0.1,0.075,0.2,1.0,1134.0,0.0,0.0,0.11552028218694885
40.0,4.0,22.0,0.1,0.075,0.2,1.0,1110.0,0.0,0.0,0.11891891891891893
40.0,4.0,23.0,0.1,0.075,0.2,1.0,1077.0,0.0,0.0,0.116991643454039
40.0,4.0,24.0,0.1,0.075,0.2,1.0,1066.0,0.0,0.0,0.1200750469043152
40.0,4.0,25.0,0.1,0.075,0.2,1.0,994.0,0.0,0.0,0.12072434607645875
40.0,4.0,26.0,0.1,0.075,0.2,1.0,976.0,0.0,0.0,0.12295081967213115
40.0,4.0,27.0,0.1,0.075,0.2,1.0,959.0,0.0,0.0,0.11887382690302398
40.0,4.0,28.0,0.1,0.075,0.2,1.0,935.0,0.0,0.0,0.11978609625668449
40.0,4.0,29.0,0.1,0.075,0.2,1.0,936.0,0.0,0.0,0.11965811965811966
40.0,4.0,30.0,0.1,0.075,0.2,1.0,894.0,0.0,0.0,0.12080536912751678
40.0,4.0,31.0,0.1,0.075,0.2,1.0,880.0,0.0,0.0,0.12272727272727273
40.0,4.0,32.0,0.1,0.075,0.2,1.0,862.0,0.0,0.0,0.12180974477958237
40.0,4.0,33.0,0.1,0.075,0.2,1.0,834.0,0.0,0.0,0.12350119904076738
40.0,4.0,34.0,0.1,0.075,0.2,1.0,798.0,0.0,0.0,0.12531328320802004
40.0,4.0,35.0,0.1,0.075,0.2,1.0,746.0,0.0,0.0,0.12466487935656836
40.0,4.0,36.0,0.1,0.075,0.2,1.0,724.0,0.0,0.0,0.12569060773480664
40.0,4.0,37.0,0.1,0.075,0.2,1.0,711.0,0.0,0.0,0.12376933895921238
40.0,4.0,38.0,0.1,0.075,0.2,1.0,697.0,0.0,0.0,0.13055954088952654
40.0,4.0,39.0,0.1,0.075,0.2,1.0,714.0,0.0,0.0,0.12885154061624648
40.0,4.0,40.0,0.1,0.075,0.2,1.0,692.0,0.0,0.0,0.12716763005780346
40.0,4.0,41.0,0.1,0.075,0.2,1.0,709.0,0.0,0.0,0.12552891396332863
40.0,4.0,42.0,0.1,0.075,0.2,1.0,694.0,0.0,0.0,0.12680115273775217
40.0,4.0,43.0,0.1,0.075,0.2,1.0,674.0,0.0,0.0,0.1261127596439169
40.0,4.0,44.0,0.1,0.075,0.2,1.0,651.0,0.0,0.0,0.12135176651305683
40.0,4.0,45.0,0.1,0.075,0.2,1.0,640.0,0.0,0.0,0.1828125
40.0,4.0,46.0,0.1,0.075,0.2,1.0,628.0,0.0,0.0,0.18471337579617833
40.0,4.0,47.0,0.1,0.075,0.2,1.0,617.0,0.0,0.0,0.18152350081037277
40.0,4.0,48.0,0.1,0.075,0.2,1.0,607.0,0.0,0.0,0.18451400329489293
40.0,4.0,49.0,0.1,0.075,0.2,1.0,592.0,0.0,0.0,0.18243243243243243
40.0,4.0,50.0,0.1,0.075,0.2,1.0,594.0,0.0,0.0,0.18181818181818182
40.0,4.0,51.0,0.1,0.075,0.2,1.0,589.0,0.0,0.0,0.1799660441426146
40.0,4.0,52.0,0.1,0.075,0.2,1.0,588.0,0.0,0.0,0.18197278911564627
40.0,5.0,1.0,0.1,0.075,0.2,1.0,588.0,0.0,0.0,0.17857142857142858
40.0,5.0,2.0,0.1,0.075,0.2,1.0,587.0,0.0,0.0,0.18057921635434412
40.0,5.0,3.0,0.1,0.075,0.2,1.0,579.0,0.0,0.0,0.17962003454231434
40.0,5.0,4.0,0.1,0.075,0.2,1.0,561.0,0.0,0.0,0.18181818181818182
40.0,5.0,5.0,0.1,0.075,0.2,1.0,556.0,0.0,0.0,0.17985611510791366
40.0,5.0,6.0,0.1,0.075,0.2,1.0,557.0,0.0,0.0,0.1813285457809695
40.0,5.0,7.0,0.1,0.075,0.2,1.0,552.0,0.0,0.0,0.1793478260869565
40.0,5.0,8.0,0.1,0.075,0.2,1.0,553.0,0.0,0.0,0.18264014466546113
40.0,5.0,9.0,0.1,0.075,0.2,1.0,549.0,0.0,0.0,0.18032786885245902
40.0,5.0,10.0,0.1,0.075,0.2,1.0,546.0,0.0,0.0,0.18315018315018314
40.0,5.0,11.0,0.1,0.075,0.2,1.0,543.0,0.0,0.0,0.17863720073664824
40.0,5.0,12.0,0.1,0.075,0.2,1.0,543.0,0.0,0.0,0.18047882136279927
40.0,5.0,13.0,0.1,0.075,0.2,1.0,541.0,0.0,0.0,0.17744916820702403
40.0,5.0,14.0,0.1,0.075,0.2,1.0,539.0,0.0,0.0,0.17810760667903525
40.0,5.0,15.0,0.1,0.075,0.2,1.0,536.0,0.0,0.0,0.17537313432835822
40.0,5.0,16.0,0.1,0.075,0.2,1.0,531.0,0.0,0.0,0.1807909604519774
40.0,5.0,17.0,0.1,0.075,0.2,1.0,529.0,0.0,0.0,0.17391304347826086
40.0,5.0,18.0,0.1,0.075,0.2,1.0,522.0,0.0,0.0,0.18199233716475097
40.0,5.0,19.0,0.1,0.075,0.2,1.0,530.0,0.0,0.0,0.17358490566037735
40.0,5.0,20.0,0.1,0.075,0.2,1.0,974.0,0.0,0.0,0.09753593429158111
40.0,5.0,21.0,0.1,0.075,0.2,1.0,981.0,0.0,0.0,0.09276248725790011
40.0,5.0,22.0,0.1,0.075,0.2,1.0,894.0,0.0,0.0,0.10067114093959731
40.0,5.0,23.0,0.1,0.075,0.2,1.0,869.0,0.0,0.0,0.09781357882623705
40.0,5.0,24.0,0.1,0.075,0.2,1.0,868.0,0.0,0.0,0.10138248847926268
40.0,5.0,25.0,0.1,0.075,0.2,1.0,859.0,0.0,0.0,0.0989522700814901
40.0,5.0,26.0,0.1,0.075,0.2,1.0,845.0,0.0,0.0,0.10414201183431952
40.0,5.0,27.0,0.1,0.075,0.2,1.0,814.0,0.0,0.0,0.09950859950859951
40.0,5.0,28.0,0.1,0.075,0.2,1.0,783.0,0.0,0.0,0.10727969348659004
40.0,5.0,29.0,0.1,0.075,0.2,1.0,792.0,0.0,0.0,0.10227272727272728
40.0,5.0,30.0,0.1,0.075,0.2,1.0,780.0,0.0,0.0,0.1064102564102564
40.0,5.0,31.0,0.1,0.075,0.2,1.0,751.0,0.0,0.0,0.10386151797603196
40.0,5.0,32.0,0.1,0.075,0.2,1.0,745.0,0.0,0.0,0.1087248322147651
40.0,5.0,33.0,0.1,0.075,0.2,1.0,742.0,0.0,0.0,0.10512129380053908
40.0,5.0,34.0,0.1,0.075,0.2,1.0,734.0,0.0,0.0,0.11035422343324251
40.0,5.0,35.0,0.1,0.075,0.2,1.0,711.0,0.0,0.0,0.10829817158931083
40.0,5.0,36.0,0.1,0.075,0.2,1.0,696.0,0.0,0.0,0.11350574712643678
40.0,5.0,37.0,0.1,0.075,0.2,1.0,700.0,0.0,0.0,0.10857142857142857
40.0,5.0,38.0,0.1,0.075,0.2,1.0,697.0,0.0,0.0,0.1133428981348637
40.0,5.0,39.0,0.1,0.075,0.2,1.0,700.0,0.0,0.0,0.10857142857142857
40.0,5.0,40.0,0.1,0.075,0.2,1.0,697.0,0.0,0.0,0.1133428981348637
40.0,5.0,41.0,0.1,0.075,0.2,1.0,700.0,0.0,0.0,0.10857142857142857
40.0,5.0,42.0,0.1,0.075,0.2,1.0,692.0,0.0,0.0,0.11271676300578035
40.0,5.0,43.0,0.1,0.075,0.2,1.0,689.0,0.0,0.0,0.10740203193033382
40.0,5.0,44.0,0.1,0.075,0.2,1.0,674.0,0.0,0.0,0.10979228486646884
40.0,5.0,45.0,0.1,0.075,0.2,1.0,662.0,0.0,0.0,0.1646525679758308
40.0,5.0,46.0,0.1,0.075,0.2,1.0,637.0,0.0,0.0,0.16797488226059654
40.0,5.0,47.0,0.1,0.075,0.2,1.0,640.0,0.0,0.0,0.165625
40.0,5.0,48.0,0.1,0.075,0.2,1.0,629.0,0.0,0.0,0.1685214626391097
40.0,5.0,49.0,0.1,0.075,0.2,1.0,643.0,0.0,0.0,0.16485225505443235
40.0,5.0,50.0,0.1,0.075,0.2,1.0,623.0,0.0,0.0,0.16693418940609953
40.0,5.0,51.0,0.1,0.075,0.2,1.0,638.0,0.0,0.0,0.16300940438871472
40.0,5.0,52.0,0.1,0.075,0.2,1.0,619.0,0.0,0.0,0.16639741518578352
40.0,6.0,1.0,0.1,0.075,0.2,1.0,618.0,0.0,0.0,0.16666666666666666
40.0,6.0,2.0,0.1,0.075,0.2,1.0,597.0,0.0,0.0,0.16917922948073702
40.0,6.0,3.0,0.1,0.075,0.2,1.0,597.0,0.0,0.0,0.1658291457286432
40.0,6.0,4.0,0.1,0.075,0.2,1.0,577.0,0.0,0.0,0.1681109185441941
40.0,6.0,5.0,0.1,0.075,0.2,1.0,579.0,0.0,0.0,0.16580310880829016
40.0,6.0,6.0,0.1,0.075,0.2,1.0,571.0,0.0,0.0,0.1646234676007005
40.0,6.0,7.0,0.1,0.075,0.2,1.0,573.0,0.0,0.0,0.16404886561954624
40.0,6.0,8.0,0.1,0.075,0.2,1.0,561.0,0.0,0.0,0.16399286987522282
40.0,6.0,9.0,0.1,0.075,0.2,1.0,567.0,0.0,0.0,0.164021164021164
40.0,6.0,10.0,0.1,0.075,0.2,1.0,562.0,0.0,0.0,0.16370106761565836
40.0,6.0,11.0,0.1,0.075,0.2,1.0,562.0,0.0,0.0,0.16548042704626334
40.0,6.0,12.0,0.1,0.075,0.2,1.0,558.0,0.0,0.0,0.16308243727598568
40.0,6.0,13.0,0.1,0.075,0.2,1.0,561.0,0.0,0.0,0.16399286987522282
40.0,6.0,14.0,0.1,0.075,0.2,1.0,556.0,0.0,0.0,0.16007194244604317
40.0,6.0,15.0,0.1,0.075,0.2,1.0,555.0,0.0,0.0,0.16396396396396395
40.0,6.0,16.0,0.1,0.075,0.2,1.0,552.0,0.0,0.0,0.161231884057971
40.0,6.0,17.0,0.1,0.075,0.2,1.0,553.0,0.0,0.0,0.16455696202531644
40.0,6.0,18.0,0.1,0.075,0.2,1.0,550.0,0.0,0.0,0.16363636363636364
40.0,6.0,19.0,0.1,0.075,0.2,1.0,540.0,0.0,0.0,0.1648148148148148
40.0,6.0,20.0,0.1,0.075,0.2,1.0,990.0,0.0,0.0,0.08787878787878788
40.0,6.0,21.0,0.1,0.075,0.2,1.0,965.0,0.0,0.0,0.08808290155440414
40.0,6.0,22.0,0.1,0.075,0.2,1.0,956.0,0.0,0.0,0.08577405857740586
40.0,6.0,23.0,0.1,0.075,0.2,1.0,923.0,0.0,0.0,0.0866738894907909
40.0,6.0,24.0,0.1,0.075,0.2,1.0,915.0,0.0,0.0,0.08743169398907104
40.0,6.0,25.0,0.1,0.075,0.2,1.0,864.0,0.0,0.0,0.09143518518518519
40.0,6.0,26.0,0.1,0.075,0.2,1.0,854.0,0.0,0.0,0.09133489461358314
40.0,6.0,27.0,0.1,0.075,0.2,1.0,844.0,0.0,0.0,0.09123222748815166
40.0,6.0,28.0,0.1,0.075,0.2,1.0,818.0,0.0,0.0,0.09535452322738386
40.0,6.0,29.0,0.1,0.075,0.2,1.0,813.0,0.0,0.0,0.09471094710947109
40.0,6.0,30.0,0.1,0.075,0.2,1.0,810.0,0.0,0.0,0.0962962962962963
40.0,6.0,31.0,0.1,0.075,0.2,1.0,796.0,0.0,0.0,0.0942211055276382
40.0,6.0,32.0,0.1,0.075,0.2,1.0,793.0,0.0,0.0,0.09709962168978563
40.0,6.0,33.0,0.1,0.075,0.2,1.0,755.0,0.0,0.0,0.09668874172185431
40.0,6.0,34.0,0.1,0.075,0.2,1.0,713.0,0.0,0.0,0.09957924263674614
40.0,6.0,35.0,0.1,0.075,0.2,1.0,707.0,0.0,0.0,0.09759547383309759
40.0,6.0,36.0,0.1,0.075,0.2,1.0,710.0,0.0,0.0,0.1
40.0,6.0,37.0,0.1,0.075,0.2,1.0,704.0,0.0,0.0,0.09801136363636363
40.0,6.0,38.0,0.1,0.075,0.2,1.0,678.0,0.0,0.0,0.10029498525073746
40.0,6.0,39.0,0.1,0.075,0.2,1.0,673.0,0.0,0.0,0.09658246656760773
40.0,6.0,40.0,0.1,0.075,0.2,1.0,649.0,0.0,0.0,0.09399075500770417
40.0,6.0,41.0,0.1,0.075,0.2,1.0,639.0,0.0,0.0,0.09546165884194054
40.0,6.0,42.0,0.1,0.075,0.2,1.0,633.0,0.0,0.0,0.09320695102685624
40.0,6.0,43.0,0.1,0.075,0.2,1.0,638.0,0.0,0.0,0.09404388714733543
40.0,6.0,44.0,0.1,0.075,0.2,1.0,632.0,0.0,0.0,0.09335443037974683
40.0,6.0,45.0,0.1,0.075,0.2,1.0,629.0,0.0,0.0,0.16057233704292528
40.0,6.0,46.0,0.1,0.075,0.2,1.0,622.0,0.0,0.0,0.15916398713826366
40.0,6.0,47.0,0.1,0.075,0.2,1.0,629.0,0.0,0.0,0.16216216216216217
40.0,6.0,48.0,0.1,0.075,0.2,1.0,620.0,0.0,0.0,0.15806451612903225
40.0,6.0,49.0,0.1,0.075,0.2,1.0,598.0,0.0,0.0,0.1605351170568562
40.0,6.0,50.0,0.1,0.075,0.2,1.0,582.0,0.0,0.0,0.15807560137457044
40.0,6.0,51.0,0.1,0.075,0.2,1.0,587.0,0.0,0.0,0.16183986371379896
40.0,6.0,52.0,0.1,0.075,0.2,1.0,584.0,0.0,0.0,0.1558219178082192
40.0,7.0,1.0,0.1,0.075,0.2,1.0,572.0,0.0,0.0,0.16258741258741258
40.0,7.0,2.0,0.1,0.075,0.2,1.0,561.0,0.0,0.0,0.1586452762923351
40.0,7.0,3.0,0.1,0.075,0.2,1.0,572.0,0.0,0.0,0.1590909090909091
40.0,7.0,4.0,0.1,0.075,0.2,1.0,560.0,0.0,0.0,0.15714285714285714
40.0,7.0,5.0,0.1,0.075,0.2,1.0,571.0,0.0,0.0,0.159369527145359
40.0,7.0,6.0,0.1,0.075,0.2,1.0,558.0,0.0,0.0,0.15770609318996415
40.0,7.0,7.0,0.1,0.075,0.2,1.0,568.0,0.0,0.0,0.1602112676056338
40.0,7.0,8.0,0.1,0.075,0.2,1.0,553.0,0.0,0.0,0.15732368896925858
40.0,7.0,9.0,0.1,0.075,0.2,1.0,565.0,0.0,0.0,0.1592920353982301
40.0,7.0,10.0,0.1,0.075,0.2,1.0,546.0,0.0,0.0,0.1575091575091575
40.0,7.0,11.0,0.1,0.075,0.2,1.0,557.0,0.0,0.0,0.15978456014362658
40.0,7.0,12.0,0.1,0.075,0.2,1.0,535.0,0.0,0.0,0.15700934579439252
40.0,7.0,13.0,0.1,0.075,0.2,1.0,547.0,0.0,0.0,0.16087751371115175
40.0,7.0,14.0,0.1,0.075,0.2,1.0,532.0,0.0,0.0,0.15789473684210525
40.0,7.0,15.0,0.1,0.075,0.2,1.0,540.0,0.0,0.0,0.16111111111111112
40.0,7.0,16.0,0.1,0.075,0.2,1.0,529.0,0.0,0.0,0.15689981096408318
40.0,7.0,17.0,0.1,0.075,0.2,1.0,536.0,0.0,0.0,0.1623134328358209
40.0,7.0,18.0,0.1,0.075,0.2,1.0,524.0,0.0,0.0,0.15839694656488548
40.0,7.0,19.0,0.1,0.075,0.2,1.0,534.0,0.0,0.0,0.16292134831460675
40.0,7.0,20.0,0.1,0.075,0.2,1.0,981.0,0.0,0.0,0.0856269113149847
40.0,7.0,21.0,0.1,0.075,0.2,1.0,986.0,0.0,0.0,0.0872210953346856
40.0,7.0,22.0,0.1,0.075,0.2,1.0,923.0,0.0,0.0,0.08559046587215602
40.0,7.0,23.0,0.1,0.075,0.2,1.0,921.0,0.0,0.0,0.08577633007600434
40.0,7.0,24.0,0.1,0.075,0.2,1.0,878.0,0.0,0.0,0.08769931662870159
40.0,7.0,25.0,0.1,0.075,0.2,1.0,889.0,0.0,0.0,0.08886389201349831
40.0,7.0,26.0,0.1,0.075,0.2,1.0,837.0,0.0,0.0,0.0908004778972521
40.0,7.0,27.0,0.1,0.075,0.2,1.0,816.0,0.0,0.0,0.09558823529411764
40.0,7.0,28.0,0.1,0.075,0.2,1.0,807.0,0.0,0.0,0.09541511771995044
40.0,7.0,29.0,0.1,0.075,0.2,1.0,814.0,0.0,0.0,0.09582309582309582
40.0,7.0,30.0,0.1,0.075,0.2,1.0,777.0,0.0,0.0,0.09652509652509653
40.0,7.0,31.0,0.1,0.075,0.2,1.0,797.0,0.0,0.0,0.09410288582183186
40.0,7.0,32.0,0.1,0.075,0.2,1.0,748.0,0.0,0.0,0.09893048128342247
40.0,7.0,33.0,0.1,0.075,0.2,1.0,770.0,0.0,0.0,0.09610389610389611
40.0,7.0,34.0,0.1,0.075,0.2,1.0,747.0,0.0,0.0,0.09772423025435073
40.0,7.0,35.0,0.1,0.075,0.2,1.0,770.0,0.0,0.0,0.09610389610389611
40.0,7.0,36.0,0.1,0.075,0.2,1.0,722.0,0.0,0.0,0.0997229916897507
40.0,7.0,37.0,0.1,0.075,0.2,1.0,712.0,0.0,0.0,0.09831460674157304
40.0,7.0,38.0,0.1,0.075,0.2,1.0,695.0,0.0,0.0,0.10071942446043165
40.0,7.0,39.0,0.1,0.075,0.2,1.0,714.0,0.0,0.0,0.09943977591036414
40.0,7.0,40.0,0.1,0.075,0.2,1.0,686.0,0.0,0.0,0.10204081632653061
40.0,7.0,41.0,0.1,0.075,0.2,1.0,699.0,0.0,0.0,0.09871244635193133
40.0,7.0,42.0,0.1,0.075,0.2,1.0,686.0,0.0,0.0,0.10204081632653061
40.0,7.0,43.0,0.1,0.075,0.2,1.0,699.0,0.0,0.0,0.09871244635193133
40.0,7.0,44.0,0.1,0.075,0.2,1.0,686.0,0.0,0.0,0.10204081632653061
40.0,7.0,45.0,0.1,0.075,0.2,1.0,699.0,0.0,0.0,0.15593705293276108
40.0,7.0,46.0,0.1,0.075,0.2,1.0,686.0,0.0,0.0,0.1618075801749271
40.0,7.0,47.0,0.1,0.075,0.2,1.0,682.0,0.0,0.0,0.15835777126099707
40.0,7.0,48.0,0.1,0.075,0.2,1.0,669.0,0.0,0.0,0.16442451420029897
40.0,7.0,49.0,0.1,0.075,0.2,1.0,683.0,0.0,0.0,0.1595900439238653
40.0,7.0,50.0,0.1,0.075,0.2,1.0,669.0,0.0,0.0,0.16292974588938713
40.0,7.0,51.0,0.1,0.075,0.2,1.0,685.0,0.0,0.0,0.16058394160583941
40.0,7.0,52.0,0.1,0.075,0.2,1.0,664.0,0.0,0.0,0.16415662650602408
40.0,8.0,1.0,0.1,0.075,0.2,1.0,681.0,0.0,0.0,0.16152716593245228
40.0,8.0,2.0,0.1,0.075,0.2,1.0,664.0,0.0,0.0,0.16415662650602408
40.0,8.0,3.0,0.1,0.075,0.2,1.0,680.0,0.0,0.0,0.16029411764705884
40.0,8.0,4.0,0.1,0.075,0.2,1.0,664.0,0.0,0.0,0.16415662650602408
40.0,8.0,5.0,0.1,0.075,0.2,1.0,675.0,0.0,0.0,0.16296296296296298
40.0,8.0,6.0,0.1,0.075,0.2,1.0,657.0,0.0,0.0,0.1659056316590563
40.0,8.0,7.0,0.1,0.075,0.2,1.0,672.0,0.0,0.0,0.1636904761904762
40.0,8.0,8.0,0.1,0.075,0.2,1.0,644.0,0.0,0.0,0.16614906832298137
40.0,8.0,9.0,0.1,0.075,0.2,1.0,650.0,0.0,0.0,0.16615384615384615
40.0,8.0,10.0,0.1,0.075,0.2,1.0,643.0,0.0,0.0,0.16640746500777606
40.0,8.0,11.0,0.1,0.075,0.2,1.0,632.0,0.0,0.0,0.1661392405063291
40.0,8.0,12.0,0.1,0.075,0.2,1.0,628.0,0.0,0.0,0.16560509554140126
40.0,8.0,13.0,0.1,0.075,0.2,1.0,631.0,0.0,0.0,0.1664025356576862
40.0,8.0,14.0,0.1,0.075,0.2,1.0,625.0,0.0,0.0,0.168
40.0,8.0,15.0,0.1,0.075,0.2,1.0,626.0,0.0,0.0,0.16773162939297126
40.0,8.0,16.0,0.1,0.075,0.2,1.0,621.0,0.0,0.0,0.16747181964573268
40.0,8.0,17.0,0.1,0.075,0.2,1.0,623.0,0.0,0.0,0.16693418940609953
40.0,8.0,18.0,0.1,0.075,0.2,1.0,616.0,0.0,0.0,0.16883116883116883
40.0,8.0,19.0,0.1,0.075,0.2,1.0,624.0,0.0,0.0,0.16826923076923078
40.0,8.0,20.0,0.1,0.075,0.2,1.0,1093.0,0.0,0.0,0.09515096065873742
40.0,8.0,21.0,0.1,0.075,0.2,1.0,1080.0,0.0,0.0,0.09259259259259259
40.0,8.0,22.0,0.1,0.075,0.2,1.0,1030.0,0.0,0.0,0.09805825242718447
40.0,8.0,23.0,0.1,0.075,0.2,1.0,1016.0,0.0,0.0,0.09645669291338582
40.0,8.0,24.0,0.1,0.075,0.2,1.0,969.0,0.0,0.0,0.09700722394220847
40.0,8.0,25.0,0.1,0.075,0.2,1.0,984.0,0.0,0.0,0.09451219512195122
40.0,8.0,26.0,0.1,0.075,0.2,1.0,921.0,0.0,0.0,0.10206297502714441
40.0,8.0,27.0,0.1,0.075,0.2,1.0,921.0,0.0,0.0,0.0998914223669924
40.0,8.0,28.0,0.1,0.075,0.2,1.0,906.0,0.0,0.0,0.10264900662251655
40.0,8.0,29.0,0.1,0.075,0.2,1.0,895.0,0.0,0.0,0.10279329608938548
40.0,8.0,30.0,0.1,0.075,0.2,1.0,859.0,0.0,0.0,0.10710128055878929
40.0,8.0,31.0,0.1,0.075,0.2,1.0,858.0,0.0,0.0,0.10372960372960373
40.0,8.0,32.0,0.1,0.075,0.2,1.0,842.0,0.0,0.0,0.10451306413301663
40.0,8.0,33.0,0.1,0.075,0.2,1.0,839.0,0.0,0.0,0.10369487485101311
40.0,8.0,34.0,0.1,0.075,0.2,1.0,819.0,0.0,0.0,0.10500610500610501
40.0,8.0,35.0,0.1,0.075,0.2,1.0,780.0,0.0,0.0,0.1076923076923077
40.0,8.0,36.0,0.1,0.075,0.2,1.0,773.0,0.0,0.0,0.1073738680465718
40.0,8.0,37.0,0.1,0.075,0.2,1.0,755.0,0.0,0.0,0.10993377483443709
40.0,8.0,38.0,0.1,0.075,0.2,1.0,765.0,0.0,0.0,0.10980392156862745
40.0,8.0,39.0,0.1,0.075,0.2,1.0,755.0,0.0,0.0,0.10993377483443709
40.0,8.0,40.0,0.1,0.075,0.2,1.0,749.0,0.0,0.0,0.11214953271028037
40.0,8.0,41.0,0.1,0.075,0.2,1.0,741.0,0.0,0.0,0.1106612685560054
40.0,8.0,42.0,0.1,0.075,0.2,1.0,739.0,0.0,0.0,0.11231393775372124
40.0,8.0,43.0,0.1,0.075,0.2,1.0,724.0,0.0,0.0,0.11187845303867404
40.0,8.0,44.0,0.1,0.075,0.2,1.0,739.0,0.0,0.0,0.11231393775372124
40.0,8.0,45.0,0.1,0.075,0.2,1.0,700.0,0.0,0.0,0.18
40.0,8.0,46.0,0.1,0.075,0.2,1.0,706.0,0.0,0.0,0.17847025495750707
40.0,8.0,47.0,0.1,0.075,0.2,1.0,686.0,0.0,0.0,0.18221574344023322
40.0,8.0,48.0,0.1,0.075,0.2,1.0,706.0,0.0,0.0,0.17847025495750707
40.0,8.0,49.0,0.1,0.075,0.2,1.0,690.0,0.0,0.0,0.18115942028985507
40.0,8.0,50.0,0.1,0.075,0.2,1.0,702.0,0.0,0.0,0.1794871794871795
40.0,8.0,51.0,0.1,0.075,0.2,1.0,693.0,0.0,0.0,0.17893217893217894
40.0,8.0,52.0,0.1,0.075,0.2,1.0,701.0,0.0,0.0,0.1783166904422254
40.0,9.0,1.0,0.1,0.075,0.2,1.0,690.0,0.0,0.0,0.17971014492753623
40.0,9.0,2.0,0.1,0.075,0.2,1.0,701.0,0.0,0.0,0.1783166904422254
40.0,9.0,3.0,0.1,0.075,0.2,1.0,691.0,0.0,0.0,0.17945007235890015
40.0,9.0,4.0,0.1,0.075,0.2,1.0,697.0,0.0,0.0,0.1793400286944046
40.0,9.0,5.0,0.1,0.075,0.2,1.0,691.0,0.0,0.0,0.17945007235890015
40.0,9.0,6.0,0.1,0.075,0.2,1.0,681.0,0.0,0.0,0.1762114537444934
40.0,9.0,7.0,0.1,0.075,0.2,1.0,687.0,0.0,0.0,0.17903930131004367
40.0,9.0,8.0,0.1,0.075,0.2,1.0,679.0,0.0,0.0,0.17673048600883653
40.0,9.0,9.0,0.1,0.075,0.2,1.0,683.0,0.0,0.0,0.17862371888726208
40.0,9.0,10.0,0.1,0.075,0.2,1.0,675.0,0.0,0.0,0.17629629629629628
40.0,9.0,11.0,0.1,0.075,0.2,1.0,666.0,0.0,0.0,0.18018018018018017
40.0,9.0,12.0,0.1,0.075,0.2,1.0,660.0,0.0,0.0,0.1787878787878788
40.0,9.0,13.0,0.1,0.075,0.2,1.0,663.0,0.0,0.0,0.18099547511312217
40.0,9.0,14.0,0.1,0.075,0.2,1.0,655.0,0.0,0.0,0.1801526717557252
40.0,9.0,15.0,0.1,0.075,0.2,1.0,659.0,0.0,0.0,0.18209408194233687
40.0,9.0,16.0,0.1,0.075,0.2,1.0,646.0,0.0,0.0,0.1826625386996904
40.0,9.0,17.0,0.1,0.075,0.2,1.0,657.0,0.0,0.0,0.182648401826484
40.0,9.0,18.0,0.1,0.075,0.2,1.0,651.0,0.0,0.0,0.18125960061443933
40.0,9.0,19.0,0.1,0.075,0.2,1.0,656.0,0.0,0.0,0.18292682926829268
40.0,9.0,20.0,0.1,0.075,0.2,1.0,1119.0,0.0,0.0,0.09651474530831099
40.0,9.0,21.0,0.1,0.075,0.2,1.0,1065.0,0.0,0.0,0.09765258215962441
40.0,9.0,22.0,0.1,0.075,0.2,1.0,1050.0,0.0,0.0,0.09904761904761905
40.0,9.0,23.0,0.1,0.075,0.2,1.0,1039.0,0.0,0.0,0.10009624639076034
40.0,9.0,24.0,0.1,0.075,0.2,1.0,1008.0,0.0,0.0,0.10119047619047619
40.0,9.0,25.0,0.1,0.075,0.2,1.0,990.0,0.0,0.0,0.10202020202020202
40.0,9.0,26.0,0.1,0.075,0.2,1.0,987.0,0.0,0.0,0.10233029381965553
40.0,9.0,27.0,0.1,0.075,0.2,1.0,991.0,0.0,0.0,0.10191725529767912
40.0,9.0,28.0,0.1,0.075,0.2,1.0,954.0,0.0,0.0,0.10377358490566038
40.0,9.0,29.0,0.1,0.075,0.2,1.0,921.0,0.0,0.0,0.10314875135722042
40.0,9.0,30.0,0.1,0.075,0.2,1.0,903.0,0.0,0.0,0.10409745293466224
40.0,9.0,31.0,0.1,0.075,0.2,1.0,869.0,0.0,0.0,0.10701956271576525
40.0,9.0,32.0,0.1,0.075,0.2,1.0,861.0,0.0,0.0,0.10685249709639953
40.0,9.0,33.0,0.1,0.075,0.2,1.0,854.0,0.0,0.0,0.10772833723653395
40.0,9.0,34.0,0.1,0.075,0.2,1.0,860.0,0.0,0.0,0.1058139534883721
40.0,9.0,35.0,0.1,0.075,0.2,1.0,839.0,0.0,0.0,0.10488676996424315
40.0,9.0,36.0,0.1,0.075,0.2,1.0,825.0,0.0,0.0,0.10666666666666667
40.0,9.0,37.0,0.1,0.075,0.2,1.0,816.0,0.0,0.0,0.10784313725490197
40.0,9.0,38.0,0.1,0.075,0.2,1.0,798.0,0.0,0.0,0.11027568922305764
40.0,9.0,39.0,0.1,0.075,0.2,1.0,792.0,0.0,0.0,0.1111111111111111
40.0,9.0,40.0,0.1,0.075,0.2,1.0,786.0,0.0,0.0,0.11195928753180662
40.0,9.0,41.0,0.1,0.075,0.2,1.0,769.0,0.0,0.0,0.11183355006501951
40.0,9.0,42.0,0.1,0.075,0.2,1.0,772.0,0.0,0.0,0.11269430051813471
40.0,9.0,43.0,0.1,0.075,0.2,1.0,766.0,0.0,0.0,0.1122715404699739
40.0,9.0,44.0,0.1,0.075,0.2,1.0,772.0,0.0,0.0,0.11269430051813471
40.0,9.0,45.0,0.1,0.075,0.2,1.0,742.0,0.0,0.0,0.18598382749326145
40.0,9.0,46.0,0.1,0.075,0.2,1.0,748.0,0.0,0.0,0.1858288770053476
40.0,9.0,47.0,0.1,0.075,0.2,1.0,740.0,0.0,0.0,0.1864864864864865
40.0,9.0,48.0,0.1,0.075,0.2,1.0,735.0,0.0,0.0,0.18639455782312925
40.0,9.0,49.0,0.1,0.075,0.2,1.0,703.0,0.0,0.0,0.1891891891891892
40.0,9.0,50.0,0.1,0.075,0.2,1.0,713.0,0.0,0.0,0.1879382889200561
40.0,9.0,51.0,0.1,0.075,0.2,1.0,703.0,0.0,0.0,0.1891891891891892
40.0,9.0,52.0,0.1,0.075,0.2,1.0,712.0,0.0,0.0,0.18820224719101122
40.0,10.0,1.0,0.1,0.075,0.2,1.0,699.0,0.0,0.0,0.19027181688125894
40.0,10.0,2.0,0.1,0.075,0.2,1.0,708.0,0.0,0.0,0.18926553672316385
40.0,10.0,3.0,0.1,0.075,0.2,1.0,700.0,0.0,0.0,0.19
40.0,10.0,4.0,0.1,0.075,0.2,1.0,700.0,0.0,0.0,0.18857142857142858
40.0,10.0,5.0,0.1,0.075,0.2,1.0,692.0,0.0,0.0,0.1893063583815029
40.0,10.0,6.0,0.1,0.075,0.2,1.0,696.0,0.0,0.0,0.1896551724137931
40.0,10.0,7.0,0.1,0.075,0.2,1.0,688.0,0.0,0.0,0.18895348837209303
40.0,10.0,8.0,0.1,0.075,0.2,1.0,691.0,0.0,0.0,0.18958031837916064
40.0,10.0,9.0,0.1,0.075,0.2,1.0,683.0,0.0,0.0,0.1903367496339678
40.0,10.0,10.0,0.1,0.075,0.2,1.0,687.0,0.0,0.0,0.19068413391557495
40.0,10.0,11.0,0.1,0.075,0.2,1.0,681.0,0.0,0.0,0.19089574155653452
40.0,10.0,12.0,0.1,0.075,0.2,1.0,687.0,0.0,0.0,0.19068413391557495
40.0,10.0,13.0,0.1,0.075,0.2,1.0,665.0,0.0,0.0,0.19398496240601504
40.0,10.0,14.0,0.1,0.075,0.2,1.0,672.0,0.0,0.0,0.19345238095238096
40.0,10.0,15.0,0.1,0.075,0.2,1.0,661.0,0.0,0.0,0.1951588502269289
40.0,10.0,16.0,0.1,0.075,0.2,1.0,667.0,0.0,0.0,0.19490254872563717
40.0,10.0,17.0,0.1,0.075,0.2,1.0,661.0,0.0,0.0,0.19667170953101362
40.0,10.0,18.0,0.1,0.075,0.2,1.0,666.0,0.0,0.0,0.19519519519519518
40.0,10.0,19.0,0.1,0.075,0.2,1.0,661.0,0.0,0.0,0.19667170953101362
40.0,10.0,20.0,0.1,0.075,0.2,1.0,1156.0,0.0,0.0,0.10380622837370242
40.0,10.0,21.0,0.1,0.075,0.2,1.0,1106.0,0.0,0.0,0.10759493670886076
40.0,10.0,22.0,0.1,0.075,0.2,1.0,1086.0,0.0,0.0,0.10589318600368323
40.0,10.0,23.0,0.1,0.075,0.2,1.0,1044.0,0.0,0.0,0.1082375478927203
40.0,10.0,24.0,0.1,0.075,0.2,1.0,1003.0,0.0,0.0,0.10468594217347957
40.0,10.0,25.0,0.1,0.075,0.2,1.0,990.0,0.0,0.0,0.10707070707070707
40.0,10.0,26.0,0.1,0.075,0.2,1.0,978.0,0.0,0.0,0.10633946830265849
40.0,10.0,27.0,0.1,0.075,0.2,1.0,955.0,0.0,0.0,0.10890052356020942
40.0,10.0,28.0,0.1,0.075,0.2,1.0,933.0,0.0,0.0,0.11146838156484459
40.0,10.0,29.0,0.1,0.075,0.2,1.0,876.0,0.0,0.0,0.1141552511415525
40.0,10.0,30.0,0.1,0.075,0.2,1.0,877.0,0.0,0.0,0.11402508551881414
40.0,10.0,31.0,0.1,0.075,0.2,1.0,857.0,0.0,0.0,0.11551925320886815
40.0,10.0,32.0,0.1,0.075,0.2,1.0,862.0,0.0,0.0,0.11600928074245939
40.0,10.0,33.0,0.1,0.075,0.2,1.0,841.0,0.0,0.0,0.11771700356718193
40.0,10.0,34.0,0.1,0.075,0.2,1.0,846.0,0.0,0.0,0.11465721040189125
40.0,10.0,35.0,0.1,0.075,0.2,1.0,820.0,0.0,0.0,0.11219512195121951
40.0,10.0,36.0,0.1,0.075,0.2,1.0,835.0,0.0,0.0,0.11137724550898204
40.0,10.0,37.0,0.1,0.075,0.2,1.0,821.0,0.0,0.0,0.1120584652862363
40.0,10.0,38.0,0.1,0.075,0.2,1.0,834.0,0.0,0.0,0.11151079136690648
40.0,10.0,39.0,0.1,0.075,0.2,1.0,822.0,0.0,0.0,0.11313868613138686
40.0,10.0,40.0,0.1,0.075,0.2,1.0,832.0,0.0,0.0,0.11057692307692307
40.0,10.0,41.0,0.1,0.075,0.2,1.0,821.0,0.0,0.0,0.11327649208282582
40.0,10.0,42.0,0.1,0.075,0.2,1.0,818.0,0.0,0.0,0.11124694376528117
40.0,10.0,43.0,0.1,0.075,0.2,1.0,807.0,0.0,0.0,0.11400247831474597
40.0,10.0,44.0,0.1,0.075,0.2,1.0,815.0,0.0,0.0,0.1116564417177914
40.0,10.0,45.0,0.1,0.075,0.2,1.0,803.0,0.0,0.0,0.19053549190535493
40.0,10.0,46.0,0.1,0.075,0.2,1.0,814.0,0.0,0.0,0.18796068796068796
40.0,10.0,47.0,0.1,0.075,0.2,1.0,803.0,0.0,0.0,0.19053549190535493
40.0,10.0,48.0,0.1,0.075,0.2,1.0,803.0,0.0,0.0,0.18679950186799502
40.0,10.0,49.0,0.1,0.075,0.2,1.0,778.0,0.0,0.0,0.19023136246786632
40.0,10.0,50.0,0.1,0.075,0.2,1.0,782.0,0.0,0.0,0.18797953964194372
40.0,10.0,51.0,0.1,0.075,0.2,1.0,772.0,0.0,0.0,0.19041450777202074
40.0,10.0,52.0,0.1,0.075,0.2,1.0,777.0,0.0,0.0,0.1891891891891892
41.0,1.0,1.0,0.1,0.075,0.2,1.0,5106.0,55.0,6.0,0.09890325107716412
41.0,1.0,2.0,0.1,0.075,0.2,1.0,5075.0,56.0,12.0,0.09950738916256158
41.0,1.0,3.0,0.1,0.075,0.2,1.0,5026.0,73.0,28.0,0.09908475925189017
41.0,1.0,4.0,0.1,0.075,0.2,1.0,5018.0,90.0,34.0,0.09944200876843363
41.0,1.0,5.0,0.1,0.075,0.2,1.0,5058.0,121.0,42.0,0.09806247528667457
41.0,1.0,6.0,0.1,0.075,0.2,1.0,4956.0,159.0,44.0,0.10008071025020178
41.0,1.0,7.0,0.1,0.075,0.2,1.0,4852.0,195.0,65.0,0.0989282769991756
41.0,1.0,8.0,0.1,0.075,0.2,1.0,4695.0,239.0,88.0,0.10074547390841321
41.0,1.0,9.0,0.1,0.075,0.2,1.0,4592.0,294.0,102.0,0.10060975609756098
41.0,1.0,10.0,0.1,0.075,0.2,1.0,4449.0,330.0,120.0,0.10361879073949203
41.0,1.0,11.0,0.1,0.075,0.2,1.0,4310.0,355.0,139.0,0.10278422273781902
41.0,1.0,12.0,0.1,0.075,0.2,1.0,4205.0,389.0,163.0,0.10416171224732461
41.0,1.0,13.0,0.1,0.075,0.2,1.0,4052.0,392.0,165.0,0.10488647581441264
41.0,1.0,14.0,0.1,0.075,0.2,1.0,3911.0,413.0,174.0,0.10687803630784966
41.0,1.0,15.0,0.1,0.075,0.2,1.0,3814.0,417.0,180.0,0.10776088096486629
41.0,1.0,16.0,0.1,0.075,0.2,1.0,3703.0,439.0,202.0,0.10991088306778288
41.0,1.0,17.0,0.1,0.075,0.2,1.0,3621.0,451.0,221.0,0.11267605633802817
41.0,1.0,18.0,0.1,0.075,0.2,1.0,3533.0,476.0,220.0,0.11406736484574016
41.0,1.0,19.0,0.1,0.075,0.2,1.0,3403.0,435.0,206.0,0.11666176902732883
41.0,1.0,20.0,0.1,0.075,0.2,1.0,6208.0,425.0,207.0,0.06201675257731959
41.0,1.0,21.0,0.1,0.075,0.2,1.0,5892.0,541.0,210.0,0.06517311608961303
41.0,1.0,22.0,0.1,0.075,0.2,1.0,5398.0,597.0,230.0,0.0668766209707299
41.0,1.0,23.0,0.1,0.075,0.2,1.0,5050.0,609.0,223.0,0.07049504950495049
41.0,1.0,24.0,0.1,0.075,0.2,1.0,4791.0,661.0,254.0,0.07221874347735337
41.0,1.0,25.0,0.1,0.075,0.2,1.0,4498.0,671.0,278.0,0.07314361938639395
41.0,1.0,26.0,0.1,0.075,0.2,1.0,4102.0,676.0,305.0,0.07508532423208192
41.0,1.0,27.0,0.1,0.075,0.2,1.0,3896.0,670.0,313.0,0.07931211498973306
41.0,1.0,28.0,0.1,0.075,0.2,1.0,3669.0,668.0,316.0,0.08231125647315345
41.0,1.0,29.0,0.1,0.075,0.2,1.0,3479.0,641.0,304.0,0.08508192009198046
41.0,1.0,30.0,0.1,0.075,0.2,1.0,3160.0,602.0,281.0,0.08702531645569621
41.0,1.0,31.0,0.1,0.075,0.2,1.0,3031.0,591.0,282.0,0.0907291322995711
41.0,1.0,32.0,0.1,0.075,0.2,1.0,2858.0,553.0,275.0,0.09307207837648705
41.0,1.0,33.0,0.1,0.075,0.2,1.0,2717.0,536.0,261.0,0.09753404490246595
41.0,1.0,34.0,0.1,0.075,0.2,1.0,2572.0,522.0,242.0,0.10186625194401244
41.0,1.0,35.0,0.1,0.075,0.2,1.0,2437.0,467.0,235.0,0.10668855149774313
41.0,1.0,36.0,0.1,0.075,0.2,1.0,2320.0,432.0,218.0,0.11206896551724138
41.0,1.0,37.0,0.1,0.075,0.2,1.0,2199.0,415.0,213.0,0.11641655297862664
41.0,1.0,38.0,0.1,0.075,0.2,1.0,2073.0,375.0,179.0,0.12301013024602026
41.0,1.0,39.0,0.1,0.075,0.2,1.0,1950.0,357.0,171.0,0.12923076923076923
41.0,1.0,40.0,0.1,0.075,0.2,1.0,1859.0,326.0,168.0,0.13448090371167296
41.0,1.0,41.0,0.1,0.075,0.2,1.0,1776.0,306.0,164.0,0.14020270270270271
41.0,1.0,42.0,0.1,0.075,0.2,1.0,1663.0,289.0,151.0,0.14612146722790137
41.0,1.0,43.0,0.1,0.075,0.2,1.0,1586.0,265.0,133.0,0.15132408575031525
41.0,1.0,44.0,0.1,0.075,0.2,1.0,1506.0,255.0,127.0,0.15604249667994688
41.0,1.0,45.0,0.1,0.075,0.2,1.0,1455.0,246.0,127.0,0.2268041237113402
41.0,1.0,46.0,0.1,0.075,0.2,1.0,1364.0,211.0,114.0,0.2375366568914956
41.0,1.0,47.0,0.1,0.075,0.2,1.0,1294.0,182.0,99.0,0.24420401854714066
41.0,1.0,48.0,0.1,0.075,0.2,1.0,1232.0,158.0,83.0,0.2508116883116883
41.0,1.0,49.0,0.1,0.075,0.2,1.0,1197.0,137.0,78.0,0.252297410192147
41.0,1.0,50.0,0.1,0.075,0.2,1.0,1157.0,128.0,69.0,0.2575626620570441
41.0,1.0,51.0,0.1,0.075,0.2,1.0,1136.0,112.0,60.0,0.2632042253521127
41.0,1.0,52.0,0.1,0.075,0.2,1.0,1085.0,98.0,52.0,0.26912442396313363
41.0,2.0,1.0,0.1,0.075,0.2,1.0,1071.0,97.0,50.0,0.2726423902894491
41.0,2.0,2.0,0.1,0.075,0.2,1.0,1038.0,89.0,54.0,0.27842003853564545
41.0,2.0,3.0,0.1,0.075,0.2,1.0,1020.0,82.0,44.0,0.2803921568627451
41.0,2.0,4.0,0.1,0.075,0.2,1.0,986.0,74.0,41.0,0.2880324543610548
41.0,2.0,5.0,0.1,0.075,0.2,1.0,973.0,62.0,34.0,0.289825282631038
41.0,2.0,6.0,0.1,0.075,0.2,1.0,949.0,56.0,35.0,0.2950474183350896
41.0,2.0,7.0,0.1,0.075,0.2,1.0,934.0,49.0,34.0,0.2955032119914347
41.0,2.0,8.0,0.1,0.075,0.2,1.0,909.0,45.0,25.0,0.30363036303630364
41.0,2.0,9.0,0.1,0.075,0.2,1.0,900.0,38.0,21.0,0.3055555555555556
41.0,2.0,10.0,0.1,0.075,0.2,1.0,877.0,33.0,14.0,0.31014823261117447
41.0,2.0,11.0,0.1,0.075,0.2,1.0,877.0,36.0,15.0,0.3112884834663626
41.0,2.0,12.0,0.1,0.075,0.2,1.0,857.0,31.0,13.0,0.31271878646441076
41.0,2.0,13.0,0.1,0.075,0.2,1.0,857.0,28.0,12.0,0.31505250875145857
41.0,2.0,14.0,0.1,0.075,0.2,1.0,844.0,29.0,14.0,0.31398104265402843
41.0,2.0,15.0,0.1,0.075,0.2,1.0,840.0,26.0,16.0,0.31785714285714284
41.0,2.0,16.0,0.1,0.075,0.2,1.0,825.0,26.0,16.0,0.3187878787878788
41.0,2.0,17.0,0.1,0.075,0.2,1.0,822.0,26.0,13.0,0.31873479318734793
41.0,2.0,18.0,0.1,0.075,0.2,1.0,805.0,20.0,9.0,0.32298136645962733
41.0,2.0,19.0,0.1,0.075,0.2,1.0,802.0,18.0,9.0,0.327930174563591
41.0,2.0,20.0,0.1,0.075,0.2,1.0,1497.0,18.0,13.0,0.17034068136272545
41.0,2.0,21.0,0.1,0.075,0.2,1.0,1485.0,25.0,10.0,0.1723905723905724
41.0,2.0,22.0,0.1,0.075,0.2,1.0,1430.0,27.0,10.0,0.17552447552447553
41.0,2.0,23.0,0.1,0.075,0.2,1.0,1383.0,25.0,6.0,0.17859725234996385
41.0,2.0,24.0,0.1,0.075,0.2,1.0,1329.0,26.0,8.0,0.18510158013544017
41.0,2.0,25.0,0.1,0.075,0.2,1.0,1291.0,24.0,6.0,0.18590240123934934
41.0,2.0,26.0,0.1,0.075,0.2,1.0,1274.0,24.0,8.0,0.18681318681318682
41.0,2.0,27.0,0.1,0.075,0.2,1.0,1234.0,24.0,12.0,0.18962722852512157
41.0,2.0,28.0,0.1,0.075,0.2,1.0,1181.0,23.0,13.0,0.1947502116850127
41.0,2.0,29.0,0.1,0.075,0.2,1.0,1136.0,23.0,12.0,0.19630281690140844
41.0,2.0,30.0,0.1,0.075,0.2,1.0,1119.0,28.0,12.0,0.19481680071492405
41.0,2.0,31.0,0.1,0.075,0.2,1.0,1099.0,28.0,10.0,0.19563239308462238
41.0,2.0,32.0,0.1,0.075,0.2,1.0,1087.0,27.0,11.0,0.1968721251149954
41.0,2.0,33.0,0.1,0.075,0.2,1.0,1065.0,22.0,9.0,0.19812206572769953
41.0,2.0,34.0,0.1,0.075,0.2,1.0,1066.0,22.0,10.0,0.19793621013133209
41.0,2.0,35.0,0.1,0.075,0.2,1.0,1039.0,19.0,9.0,0.19923002887391722
41.0,2.0,36.0,0.1,0.075,0.2,1.0,1025.0,17.0,9.0,0.20195121951219513
41.0,2.0,37.0,0.1,0.075,0.2,1.0,1005.0,14.0,10.0,0.2009950248756219
41.0,2.0,38.0,0.1,0.075,0.2,1.0,986.0,15.0,10.0,0.20385395537525355
41.0,2.0,39.0,0.1,0.075,0.2,1.0,966.0,19.0,6.0,0.20600414078674947
41.0,2.0,40.0,0.1,0.075,0.2,1.0,956.0,15.0,5.0,0.20397489539748953
41.0,2.0,41.0,0.1,0.075,0.2,1.0,947.0,14.0,9.0,0.20591341077085534
41.0,2.0,42.0,0.1,0.075,0.2,1.0,939.0,20.0,10.0,0.20340788072417465
41.0,2.0,43.0,0.1,0.075,0.2,1.0,917.0,15.0,6.0,0.20610687022900764
41.0,2.0,44.0,0.1,0.075,0.2,1.0,893.0,12.0,4.0,0.2038073908174692
41.0,2.0,45.0,0.1,0.075,0.2,1.0,882.0,14.0,6.0,0.25736961451247165
41.0,2.0,46.0,0.1,0.075,0.2,1.0,872.0,14.0,9.0,0.25573394495412843
41.0,2.0,47.0,0.1,0.075,0.2,1.0,852.0,12.0,9.0,0.25938967136150237
41.0,2.0,48.0,0.1,0.075,0.2,1.0,847.0,10.0,7.0,0.2585596221959858
41.0,2.0,49.0,0.1,0.075,0.2,1.0,838.0,9.0,5.0,0.26014319809069214
41.0,2.0,50.0,0.1,0.075,0.2,1.0,834.0,11.0,2.0,0.26019184652278177
41.0,2.0,51.0,0.1,0.075,0.2,1.0,828.0,11.0,2.0,0.2608695652173913
41.0,2.0,52.0,0.1,0.075,0.2,1.0,823.0,10.0,5.0,0.25880923450789795
41.0,3.0,1.0,0.1,0.075,0.2,1.0,816.0,16.0,7.0,0.2610294117647059
41.0,3.0,2.0,0.1,0.075,0.2,1.0,806.0,14.0,8.0,0.25806451612903225
41.0,3.0,3.0,0.1,0.075,0.2,1.0,797.0,15.0,8.0,0.25972396486825594
41.0,3.0,4.0,0.1,0.075,0.2,1.0,793.0,15.0,7.0,0.25598991172761665
41.0,3.0,5.0,0.1,0.075,0.2,1.0,783.0,18.0,10.0,0.25925925925925924
41.0,3.0,6.0,0.1,0.075,0.2,1.0,779.0,15.0,9.0,0.25673940949935814
41.0,3.0,7.0,0.1,0.075,0.2,1.0,768.0,17.0,13.0,0.2578125
41.0,3.0,8.0,0.1,0.075,0.2,1.0,756.0,14.0,7.0,0.2552910052910053
41.0,3.0,9.0,0.1,0.075,0.2,1.0,742.0,14.0,5.0,0.2601078167115903
41.0,3.0,10.0,0.1,0.075,0.2,1.0,731.0,10.0,4.0,0.25444596443228457
41.0,3.0,11.0,0.1,0.075,0.2,1.0,726.0,12.0,7.0,0.25895316804407714
41.0,3.0,12.0,0.1,0.075,0.2,1.0,724.0,12.0,6.0,0.255524861878453
41.0,3.0,13.0,0.1,0.075,0.2,1.0,722.0,10.0,5.0,0.26038781163434904
41.0,3.0,14.0,0.1,0.075,0.2,1.0,714.0,7.0,5.0,0.25910364145658266
41.0,3.0,15.0,0.1,0.075,0.2,1.0,706.0,8.0,5.0,0.26203966005665724
41.0,3.0,16.0,0.1,0.075,0.2,1.0,700.0,7.0,4.0,0.25857142857142856
41.0,3.0,17.0,0.1,0.075,0.2,1.0,691.0,4.0,1.0,0.26483357452966716
41.0,3.0,18.0,0.1,0.075,0.2,1.0,687.0,4.0,1.0,0.26200873362445415
41.0,3.0,19.0,0.1,0.075,0.2,1.0,683.0,3.0,2.0,0.26207906295754024
41.0,3.0,20.0,0.1,0.075,0.2,1.0,1277.0,3.0,3.0,0.13782302270947533
41.0,3.0,21.0,0.1,0.075,0.2,1.0,1241.0,6.0,3.0,0.1377921031426269
41.0,3.0,22.0,0.1,0.075,0.2,1.0,1214.0,5.0,2.0,0.13838550247116968
41.0,3.0,23.0,0.1,0.075,0.2,1.0,1201.0,6.0,1.0,0.13905079100749376
41.0,3.0,24.0,0.1,0.075,0.2,1.0,1198.0,6.0,2.0,0.13689482470784642
41.0,3.0,25.0,0.1,0.075,0.2,1.0,1159.0,9.0,4.0,0.14063848144952545
41.0,3.0,26.0,0.1,0.075,0.2,1.0,1161.0,16.0,5.0,0.14039621016365203
41.0,3.0,27.0,0.1,0.075,0.2,1.0,1111.0,21.0,4.0,0.14581458145814583
41.0,3.0,28.0,0.1,0.075,0.2,1.0,1095.0,18.0,6.0,0.14429223744292238
41.0,3.0,29.0,0.1,0.075,0.2,1.0,1075.0,19.0,9.0,0.1469767441860465
41.0,3.0,30.0,0.1,0.075,0.2,1.0,1067.0,22.0,12.0,0.14620431115276475
41.0,3.0,31.0,0.1,0.075,0.2,1.0,1048.0,16.0,9.0,0.14885496183206107
41.0,3.0,32.0,0.1,0.075,0.2,1.0,1028.0,17.0,9.0,0.14785992217898833
41.0,3.0,33.0,0.1,0.075,0.2,1.0,995.0,15.0,6.0,0.1507537688442211
41.0,3.0,34.0,0.1,0.075,0.2,1.0,996.0,16.0,6.0,0.15160642570281124
41.0,3.0,35.0,0.1,0.075,0.2,1.0,981.0,16.0,7.0,0.15188583078491336
41.0,3.0,36.0,0.1,0.075,0.2,1.0,986.0,16.0,6.0,0.15212981744421908
41.0,3.0,37.0,0.1,0.075,0.2,1.0,969.0,16.0,7.0,0.15273477812177502
41.0,3.0,38.0,0.1,0.075,0.2,1.0,959.0,13.0,7.0,0.15224191866527634
41.0,3.0,39.0,0.1,0.075,0.2,1.0,940.0,19.0,7.0,0.15319148936170213
41.0,3.0,40.0,0.1,0.075,0.2,1.0,941.0,16.0,3.0,0.15196599362380447
41.0,3.0,41.0,0.1,0.075,0.2,1.0,917.0,13.0,1.0,0.15267175572519084
41.0,3.0,42.0,0.1,0.075,0.2,1.0,898.0,13.0,3.0,0.15478841870824053
41.0,3.0,43.0,0.1,0.075,0.2,1.0,875.0,14.0,7.0,0.15657142857142858
41.0,3.0,44.0,0.1,0.075,0.2,1.0,875.0,15.0,10.0,0.15542857142857142
41.0,3.0,45.0,0.1,0.075,0.2,1.0,842.0,15.0,8.0,0.2161520190023753
41.0,3.0,46.0,0.1,0.075,0.2,1.0,835.0,13.0,6.0,0.2155688622754491
41.0,3.0,47.0,0.1,0.075,0.2,1.0,825.0,10.0,5.0,0.21454545454545454
41.0,3.0,48.0,0.1,0.075,0.2,1.0,812.0,11.0,8.0,0.21551724137931033
41.0,3.0,49.0,0.1,0.075,0.2,1.0,796.0,13.0,6.0,0.21608040201005024
41.0,3.0,50.0,0.1,0.075,0.2,1.0,798.0,15.0,6.0,0.21553884711779447
41.0,3.0,51.0,0.1,0.075,0.2,1.0,782.0,9.0,3.0,0.21483375959079284
41.0,3.0,52.0,0.1,0.075,0.2,1.0,775.0,9.0,3.0,0.21548387096774194
41.0,4.0,1.0,0.1,0.075,0.2,1.0,764.0,9.0,5.0,0.21465968586387435
41.0,4.0,2.0,0.1,0.075,0.2,1.0,764.0,9.0,7.0,0.21596858638743455
41.0,4.0,3.0,0.1,0.075,0.2,1.0,759.0,9.0,6.0,0.2147562582345191
41.0,4.0,4.0,0.1,0.075,0.2,1.0,747.0,8.0,3.0,0.21686746987951808
41.0,4.0,5.0,0.1,0.075,0.2,1.0,745.0,6.0,3.0,0.21476510067114093
41.0,4.0,6.0,0.1,0.075,0.2,1.0,741.0,6.0,4.0,0.21592442645074225
41.0,4.0,7.0,0.1,0.075,0.2,1.0,727.0,8.0,6.0,0.21182943603851445
41.0,4.0,8.0,0.1,0.075,0.2,1.0,716.0,7.0,4.0,0.20949720670391062
41.0,4.0,9.0,0.1,0.075,0.2,1.0,699.0,6.0,2.0,0.20743919885550788
41.0,4.0,10.0,0.1,0.075,0.2,1.0,694.0,8.0,0.0,0.21181556195965417
41.0,4.0,11.0,0.1,0.075,0.2,1.0,681.0,7.0,2.0,0.20851688693098386
41.0,4.0,12.0,0.1,0.075,0.2,1.0,681.0,8.0,6.0,0.20998531571218795
41.0,4.0,13.0,0.1,0.075,0.2,1.0,679.0,10.0,7.0,0.20765832106038293
41.0,4.0,14.0,0.1,0.075,0.2,1.0,667.0,9.0,5.0,0.2098950524737631
41.0,4.0,15.0,0.1,0.075,0.2,1.0,662.0,10.0,5.0,0.2084592145015106
41.0,4.0,16.0,0.1,0.075,0.2,1.0,657.0,12.0,4.0,0.213089802130898
41.0,4.0,17.0,0.1,0.075,0.2,1.0,653.0,13.0,3.0,0.2082695252679939
41.0,4.0,18.0,0.1,0.075,0.2,1.0,634.0,7.0,4.0,0.21293375394321767
41.0,4.0,19.0,0.1,0.075,0.2,1.0,633.0,11.0,4.0,0.20853080568720378
41.0,4.0,20.0,0.1,0.075,0.2,1.0,1221.0,12.0,7.0,0.10892710892710893
41.0,4.0,21.0,0.1,0.075,0.2,1.0,1196.0,12.0,4.0,0.10953177257525083
41.0,4.0,22.0,0.1,0.075,0.2,1.0,1182.0,13.0,5.0,0.10998307952622674
41.0,4.0,23.0,0.1,0.075,0.2,1.0,1137.0,10.0,2.0,0.11169744942832015
41.0,4.0,24.0,0.1,0.075,0.2,1.0,1106.0,7.0,4.0,0.11030741410488246
41.0,4.0,25.0,0.1,0.075,0.2,1.0,1103.0,8.0,5.0,0.10879419764279238
41.0,4.0,26.0,0.1,0.075,0.2,1.0,1089.0,11.0,7.0,0.11019283746556474
41.0,4.0,27.0,0.1,0.075,0.2,1.0,1062.0,9.0,6.0,0.10828625235404897
41.0,4.0,28.0,0.1,0.075,0.2,1.0,988.0,7.0,3.0,0.11639676113360324
41.0,4.0,29.0,0.1,0.075,0.2,1.0,939.0,5.0,2.0,0.11608093716719915
41.0,4.0,30.0,0.1,0.075,0.2,1.0,904.0,6.0,2.0,0.11946902654867257
41.0,4.0,31.0,0.1,0.075,0.2,1.0,905.0,6.0,3.0,0.11823204419889503
41.0,4.0,32.0,0.1,0.075,0.2,1.0,890.0,11.0,3.0,0.12022471910112359
41.0,4.0,33.0,0.1,0.075,0.2,1.0,879.0,10.0,4.0,0.11717861205915814
41.0,4.0,34.0,0.1,0.075,0.2,1.0,875.0,10.0,4.0,0.12
41.0,4.0,35.0,0.1,0.075,0.2,1.0,863.0,9.0,8.0,0.11935110081112399
41.0,4.0,36.0,0.1,0.075,0.2,1.0,831.0,6.0,5.0,0.12394705174488568
41.0,4.0,37.0,0.1,0.075,0.2,1.0,808.0,6.0,4.0,0.12252475247524752
41.0,4.0,38.0,0.1,0.075,0.2,1.0,797.0,3.0,1.0,0.12547051442910917
41.0,4.0,39.0,0.1,0.075,0.2,1.0,797.0,3.0,1.0,0.12296110414052698
41.0,4.0,40.0,0.1,0.075,0.2,1.0,784.0,2.0,1.0,0.12627551020408162
41.0,4.0,41.0,0.1,0.075,0.2,1.0,755.0,3.0,2.0,0.12582781456953643
41.0,4.0,42.0,0.1,0.075,0.2,1.0,731.0,6.0,2.0,0.12859097127222982
41.0,4.0,43.0,0.1,0.075,0.2,1.0,727.0,7.0,3.0,0.1279229711141678
41.0,4.0,44.0,0.1,0.075,0.2,1.0,717.0,6.0,3.0,0.1297071129707113
41.0,4.0,45.0,0.1,0.075,0.2,1.0,720.0,6.0,3.0,0.2
41.0,4.0,46.0,0.1,0.075,0.2,1.0,710.0,4.0,3.0,0.2028169014084507
41.0,4.0,47.0,0.1,0.075,0.2,1.0,713.0,4.0,2.0,0.20196353436185133
41.0,4.0,48.0,0.1,0.075,0.2,1.0,707.0,4.0,3.0,0.20226308345120225
41.0,4.0,49.0,0.1,0.075,0.2,1.0,702.0,2.0,1.0,0.2022792022792023
41.0,4.0,50.0,0.1,0.075,0.2,1.0,692.0,3.0,2.0,0.2023121387283237
41.0,4.0,51.0,0.1,0.075,0.2,1.0,695.0,3.0,1.0,0.20287769784172663
41.0,4.0,52.0,0.1,0.075,0.2,1.0,680.0,3.0,1.0,0.20147058823529412
41.0,5.0,1.0,0.1,0.075,0.2,1.0,674.0,2.0,0.0,0.19881305637982197
41.0,5.0,2.0,0.1,0.075,0.2,1.0,661.0,2.0,0.0,0.19667170953101362
41.0,5.0,3.0,0.1,0.075,0.2,1.0,664.0,2.0,0.0,0.19879518072289157
41.0,5.0,4.0,0.1,0.075,0.2,1.0,650.0,2.0,2.0,0.2
41.0,5.0,5.0,0.1,0.075,0.2,1.0,654.0,2.0,2.0,0.20030581039755352
41.0,5.0,6.0,0.1,0.075,0.2,1.0,644.0,3.0,2.0,0.20186335403726707
41.0,5.0,7.0,0.1,0.075,0.2,1.0,650.0,1.0,1.0,0.20307692307692307
41.0,5.0,8.0,0.1,0.075,0.2,1.0,622.0,1.0,1.0,0.20739549839228297
41.0,5.0,9.0,0.1,0.075,0.2,1.0,625.0,2.0,1.0,0.2096
41.0,5.0,10.0,0.1,0.075,0.2,1.0,614.0,1.0,0.0,0.21009771986970685
41.0,5.0,11.0,0.1,0.075,0.2,1.0,618.0,0.0,0.0,0.21197411003236247
41.0,5.0,12.0,0.1,0.075,0.2,1.0,614.0,1.0,1.0,0.21009771986970685
41.0,5.0,13.0,0.1,0.075,0.2,1.0,620.0,1.0,1.0,0.21129032258064517
41.0,5.0,14.0,0.1,0.075,0.2,1.0,609.0,0.0,0.0,0.21182266009852216
41.0,5.0,15.0,0.1,0.075,0.2,1.0,610.0,0.0,0.0,0.21147540983606558
41.0,5.0,16.0,0.1,0.075,0.2,1.0,608.0,0.0,0.0,0.21217105263157895
41.0,5.0,17.0,0.1,0.075,0.2,1.0,609.0,0.0,0.0,0.21182266009852216
41.0,5.0,18.0,0.1,0.075,0.2,1.0,606.0,0.0,0.0,0.21122112211221122
41.0,5.0,19.0,0.1,0.075,0.2,1.0,609.0,0.0,0.0,0.21182266009852216
41.0,5.0,20.0,0.1,0.075,0.2,1.0,1147.0,0.0,0.0,0.11159546643417612
41.0,5.0,21.0,0.1,0.075,0.2,1.0,1163.0,0.0,0.0,0.11006018916595013
41.0,5.0,22.0,0.1,0.075,0.2,1.0,1097.0,0.0,0.0,0.11394712853236098
41.0,5.0,23.0,0.1,0.075,0.2,1.0,1088.0,0.0,0.0,0.11397058823529412
41.0,5.0,24.0,0.1,0.075,0.2,1.0,1045.0,0.0,0.0,0.11674641148325358
41.0,5.0,25.0,0.1,0.075,0.2,1.0,1045.0,0.0,0.0,0.11674641148325358
41.0,5.0,26.0,0.1,0.075,0.2,1.0,978.0,0.0,0.0,0.12167689161554192
41.0,5.0,27.0,0.1,0.075,0.2,1.0,980.0,0.0,0.0,0.12244897959183673
41.0,5.0,28.0,0.1,0.075,0.2,1.0,925.0,0.0,0.0,0.1254054054054054
41.0,5.0,29.0,0.1,0.075,0.2,1.0,925.0,0.0,0.0,0.1254054054054054
41.0,5.0,30.0,0.1,0.075,0.2,1.0,925.0,0.0,0.0,0.1254054054054054
41.0,5.0,31.0,0.1,0.075,0.2,1.0,923.0,0.0,0.0,0.1256771397616468
41.0,5.0,32.0,0.1,0.075,0.2,1.0,913.0,0.0,0.0,0.12595837897042717
41.0,5.0,33.0,0.1,0.075,0.2,1.0,916.0,0.0,0.0,0.12663755458515283
41.0,5.0,34.0,0.1,0.075,0.2,1.0,901.0,0.0,0.0,0.12652608213096558
41.0,5.0,35.0,0.1,0.075,0.2,1.0,890.0,0.0,0.0,0.12808988764044943
41.0,5.0,36.0,0.1,0.075,0.2,1.0,890.0,0.0,0.0,0.12808988764044943
41.0,5.0,37.0,0.1,0.075,0.2,1.0,882.0,0.0,0.0,0.1292517006802721
41.0,5.0,38.0,0.1,0.075,0.2,1.0,865.0,0.0,0.0,0.1283236994219653
41.0,5.0,39.0,0.1,0.075,0.2,1.0,841.0,0.0,0.0,0.1272294887039239
41.0,5.0,40.0,0.1,0.075,0.2,1.0,850.0,0.0,0.0,0.12470588235294118
41.0,5.0,41.0,0.1,0.075,0.2,1.0,840.0,0.0,0.0,0.125
41.0,5.0,42.0,0.1,0.075,0.2,1.0,839.0,0.0,0.0,0.12395709177592372
41.0,5.0,43.0,0.1,0.075,0.2,1.0,815.0,0.0,0.0,0.12515337423312883
41.0,5.0,44.0,0.1,0.075,0.2,1.0,814.0,0.0,0.0,0.12653562653562653
41.0,5.0,45.0,0.1,0.075,0.2,1.0,809.0,0.0,0.0,0.20148331273176762
41.0,5.0,46.0,0.1,0.075,0.2,1.0,800.0,0.0,0.0,0.205
41.0,5.0,47.0,0.1,0.075,0.2,1.0,783.0,0.0,0.0,0.20561941251596424
41.0,5.0,48.0,0.1,0.075,0.2,1.0,775.0,0.0,0.0,0.20516129032258065
41.0,5.0,49.0,0.1,0.075,0.2,1.0,761.0,0.0,0.0,0.2049934296977661
41.0,5.0,50.0,0.1,0.075,0.2,1.0,766.0,0.0,0.0,0.20496083550913838
41.0,5.0,51.0,0.1,0.075,0.2,1.0,754.0,0.0,0.0,0.20557029177718833
41.0,5.0,52.0,0.1,0.075,0.2,1.0,757.0,0.0,0.0,0.2047556142668428
41.0,6.0,1.0,0.1,0.075,0.2,1.0,750.0,0.0,0.0,0.20533333333333334
41.0,6.0,2.0,0.1,0.075,0.2,1.0,751.0,0.0,0.0,0.20505992010652463
41.0,6.0,3.0,0.1,0.075,0.2,1.0,746.0,0.0,0.0,0.2037533512064343
41.0,6.0,4.0,0.1,0.075,0.2,1.0,749.0,0.0,0.0,0.20427236315086783
41.0,6.0,5.0,0.1,0.075,0.2,1.0,740.0,0.0,0.0,0.20270270270270271
41.0,6.0,6.0,0.1,0.075,0.2,1.0,739.0,0.0,0.0,0.20568335588633288
41.0,6.0,7.0,0.1,0.075,0.2,1.0,730.0,0.0,0.0,0.20136986301369864
41.0,6.0,8.0,0.1,0.075,0.2,1.0,717.0,0.0,0.0,0.20781032078103207
41.0,6.0,9.0,0.1,0.075,0.2,1.0,708.0,0.0,0.0,0.2019774011299435
41.0,6.0,10.0,0.1,0.075,0.2,1.0,706.0,0.0,0.0,0.20396600566572237
41.0,6.0,11.0,0.1,0.075,0.2,1.0,695.0,0.0,0.0,0.2
41.0,6.0,12.0,0.1,0.075,0.2,1.0,684.0,0.0,0.0,0.20321637426900585
41.0,6.0,13.0,0.1,0.075,0.2,1.0,676.0,0.0,0.0,0.1997041420118343
41.0,6.0,14.0,0.1,0.075,0.2,1.0,675.0,0.0,0.0,0.20444444444444446
41.0,6.0,15.0,0.1,0.075,0.2,1.0,670.0,0.0,0.0,0.19701492537313434
41.0,6.0,16.0,0.1,0.075,0.2,1.0,672.0,0.0,0.0,0.19791666666666666
41.0,6.0,17.0,0.1,0.075,0.2,1.0,664.0,0.0,0.0,0.19879518072289157
41.0,6.0,18.0,0.1,0.075,0.2,1.0,668.0,0.0,0.0,0.19760479041916168
41.0,6.0,19.0,0.1,0.075,0.2,1.0,663.0,0.0,0.0,0.19607843137254902
41.0,6.0,20.0,0.1,0.075,0.2,1.0,1196.0,0.0,0.0,0.10953177257525083
41.0,6.0,21.0,0.1,0.075,0.2,1.0,1139.0,0.0,0.0,0.10711150131694469
41.0,6.0,22.0,0.1,0.075,0.2,1.0,1095.0,0.0,0.0,0.11050228310502283
41.0,6.0,23.0,0.1,0.075,0.2,1.0,1084.0,0.0,0.0,0.11070110701107011
41.0,6.0,24.0,0.1,0.075,0.2,1.0,1053.0,0.0,0.0,0.11016144349477683
41.0,6.0,25.0,0.1,0.075,0.2,1.0,995.0,0.0,0.0,0.10854271356783919
41.0,6.0,26.0,0.1,0.075,0.2,1.0,962.0,0.0,0.0,0.10914760914760915
41.0,6.0,27.0,0.1,0.075,0.2,1.0,938.0,0.0,0.0,0.11087420042643924
41.0,6.0,28.0,0.1,0.075,0.2,1.0,949.0,0.0,0.0,0.11169652265542676
41.0,6.0,29.0,0.1,0.075,0.2,1.0,879.0,0.0,0.0,0.11149032992036405
41.0,6.0,30.0,0.1,0.075,0.2,1.0,872.0,0.0,0.0,0.11238532110091744
41.0,6.0,31.0,0.1,0.075,0.2,1.0,858.0,0.0,0.0,0.11305361305361306
41.0,6.0,32.0,0.1,0.075,0.2,1.0,863.0,0.0,0.0,0.11239860950173812
41.0,6.0,33.0,0.1,0.075,0.2,1.0,850.0,0.0,0.0,0.11294117647058824
41.0,6.0,34.0,0.1,0.075,0.2,1.0,822.0,0.0,0.0,0.11313868613138686
41.0,6.0,35.0,0.1,0.075,0.2,1.0,815.0,0.0,0.0,0.11411042944785275
41.0,6.0,36.0,0.1,0.075,0.2,1.0,817.0,0.0,0.0,0.11383108935128519
41.0,6.0,37.0,0.1,0.075,0.2,1.0,764.0,0.0,0.0,0.11649214659685864
41.0,6.0,38.0,0.1,0.075,0.2,1.0,768.0,0.0,0.0,0.11458333333333333
41.0,6.0,39.0,0.1,0.075,0.2,1.0,734.0,0.0,0.0,0.11716621253405994
41.0,6.0,40.0,0.1,0.075,0.2,1.0,720.0,0.0,0.0,0.11527777777777778
41.0,6.0,41.0,0.1,0.075,0.2,1.0,675.0,0.0,0.0,0.11703703703703704
41.0,6.0,42.0,0.1,0.075,0.2,1.0,680.0,0.0,0.0,0.11470588235294117
41.0,6.0,43.0,0.1,0.075,0.2,1.0,667.0,0.0,0.0,0.11394302848575712
41.0,6.0,44.0,0.1,0.075,0.2,1.0,675.0,0.0,0.0,0.11407407407407408
41.0,6.0,45.0,0.1,0.075,0.2,1.0,665.0,0.0,0.0,0.20150375939849624
41.0,6.0,46.0,0.1,0.075,0.2,1.0,670.0,0.0,0.0,0.20149253731343283
41.0,6.0,47.0,0.1,0.075,0.2,1.0,621.0,0.0,0.0,0.20450885668276972
41.0,6.0,48.0,0.1,0.075,0.2,1.0,616.0,0.0,0.0,0.20616883116883117
41.0,6.0,49.0,0.1,0.075,0.2,1.0,608.0,0.0,0.0,0.20559210526315788
41.0,6.0,50.0,0.1,0.075,0.2,1.0,612.0,0.0,0.0,0.20751633986928106
41.0,6.0,51.0,0.1,0.075,0.2,1.0,604.0,0.0,0.0,0.2052980132450331
41.0,6.0,52.0,0.1,0.075,0.2,1.0,604.0,0.0,0.0,0.20695364238410596
41.0,7.0,1.0,0.1,0.075,0.2,1.0,599.0,0.0,0.0,0.2036727879799666
41.0,7.0,2.0,0.1,0.075,0.2,1.0,595.0,0.0,0.0,0.20336134453781513
41.0,7.0,3.0,0.1,0.075,0.2,1.0,574.0,0.0,0.0,0.20557491289198607
41.0,7.0,4.0,0.1,0.075,0.2,1.0,577.0,0.0,0.0,0.20623916811091855
41.0,7.0,5.0,0.1,0.075,0.2,1.0,559.0,0.0,0.0,0.2075134168157424
41.0,7.0,6.0,0.1,0.075,0.2,1.0,559.0,0.0,0.0,0.20930232558139536
41.0,7.0,7.0,0.1,0.075,0.2,1.0,555.0,0.0,0.0,0.2072072072072072
41.0,7.0,8.0,0.1,0.075,0.2,1.0,555.0,0.0,0.0,0.209009009009009
41.0,7.0,9.0,0.1,0.075,0.2,1.0,540.0,0.0,0.0,0.20555555555555555
41.0,7.0,10.0,0.1,0.075,0.2,1.0,539.0,0.0,0.0,0.2077922077922078
41.0,7.0,11.0,0.1,0.075,0.2,1.0,534.0,0.0,0.0,0.20599250936329588
41.0,7.0,12.0,0.1,0.075,0.2,1.0,534.0,0.0,0.0,0.20599250936329588
41.0,7.0,13.0,0.1,0.075,0.2,1.0,534.0,0.0,0.0,0.20599250936329588
41.0,7.0,14.0,0.1,0.075,0.2,1.0,533.0,0.0,0.0,0.20825515947467166
41.0,7.0,15.0,0.1,0.075,0.2,1.0,536.0,0.0,0.0,0.20522388059701493
41.0,7.0,16.0,0.1,0.075,0.2,1.0,532.0,0.0,0.0,0.20676691729323307
41.0,7.0,17.0,0.1,0.075,0.2,1.0,533.0,0.0,0.0,0.2045028142589118
41.0,7.0,18.0,0.1,0.075,0.2,1.0,531.0,0.0,0.0,0.2071563088512241
41.0,7.0,19.0,0.1,0.075,0.2,1.0,530.0,0.0,0.0,0.20566037735849058
41.0,7.0,20.0,0.1,0.075,0.2,1.0,949.0,0.0,0.0,0.11591148577449947
41.0,7.0,21.0,0.1,0.075,0.2,1.0,927.0,0.0,0.0,0.11650485436893204
41.0,7.0,22.0,0.1,0.075,0.2,1.0,928.0,0.0,0.0,0.11745689655172414
41.0,7.0,23.0,0.1,0.075,0.2,1.0,930.0,0.0,0.0,0.11612903225806452
41.0,7.0,24.0,0.1,0.075,0.2,1.0,911.0,0.0,0.0,0.11855104281009879
41.0,7.0,25.0,0.1,0.075,0.2,1.0,884.0,0.0,0.0,0.1165158371040724
41.0,7.0,26.0,0.1,0.075,0.2,1.0,884.0,0.0,0.0,0.11764705882352941
41.0,7.0,27.0,0.1,0.075,0.2,1.0,865.0,0.0,0.0,0.11907514450867052
41.0,7.0,28.0,0.1,0.075,0.2,1.0,849.0,0.0,0.0,0.12131919905771496
41.0,7.0,29.0,0.1,0.075,0.2,1.0,840.0,0.0,0.0,0.12023809523809524
41.0,7.0,30.0,0.1,0.075,0.2,1.0,824.0,0.0,0.0,0.12378640776699029
41.0,7.0,31.0,0.1,0.075,0.2,1.0,814.0,0.0,0.0,0.12162162162162163
41.0,7.0,32.0,0.1,0.075,0.2,1.0,817.0,0.0,0.0,0.12362301101591187
41.0,7.0,33.0,0.1,0.075,0.2,1.0,788.0,0.0,0.0,0.12309644670050761
41.0,7.0,34.0,0.1,0.075,0.2,1.0,790.0,0.0,0.0,0.1240506329113924
41.0,7.0,35.0,0.1,0.075,0.2,1.0,784.0,0.0,0.0,0.12372448979591837
41.0,7.0,36.0,0.1,0.075,0.2,1.0,762.0,0.0,0.0,0.12335958005249344
41.0,7.0,37.0,0.1,0.075,0.2,1.0,757.0,0.0,0.0,0.11889035667107001
41.0,7.0,38.0,0.1,0.075,0.2,1.0,734.0,0.0,0.0,0.12125340599455041
41.0,7.0,39.0,0.1,0.075,0.2,1.0,730.0,0.0,0.0,0.11917808219178082
41.0,7.0,40.0,0.1,0.075,0.2,1.0,728.0,0.0,0.0,0.12225274725274725
41.0,7.0,41.0,0.1,0.075,0.2,1.0,709.0,0.0,0.0,0.1227080394922426
41.0,7.0,42.0,0.1,0.075,0.2,1.0,694.0,0.0,0.0,0.12247838616714697
41.0,7.0,43.0,0.1,0.075,0.2,1.0,682.0,0.0,0.0,0.1217008797653959
41.0,7.0,44.0,0.1,0.075,0.2,1.0,698.0,0.0,0.0,0.12177650429799428
41.0,7.0,45.0,0.1,0.075,0.2,1.0,684.0,0.0,0.0,0.1871345029239766
41.0,7.0,46.0,0.1,0.075,0.2,1.0,659.0,0.0,0.0,0.18968133535660092
41.0,7.0,47.0,0.1,0.075,0.2,1.0,652.0,0.0,0.0,0.1901840490797546
41.0,7.0,48.0,0.1,0.075,0.2,1.0,615.0,0.0,0.0,0.1967479674796748
41.0,7.0,49.0,0.1,0.075,0.2,1.0,621.0,0.0,0.0,0.19484702093397746
41.0,7.0,50.0,0.1,0.075,0.2,1.0,615.0,0.0,0.0,0.1967479674796748
41.0,7.0,51.0,0.1,0.075,0.2,1.0,612.0,0.0,0.0,0.1977124183006536
41.0,7.0,52.0,0.1,0.075,0.2,1.0,616.0,0.0,0.0,0.19805194805194806
41.0,8.0,1.0,0.1,0.075,0.2,1.0,596.0,0.0,0.0,0.19966442953020133
41.0,8.0,2.0,0.1,0.075,0.2,1.0,596.0,0.0,0.0,0.19966442953020133
41.0,8.0,3.0,0.1,0.075,0.2,1.0,594.0,0.0,0.0,0.19865319865319866
41.0,8.0,4.0,0.1,0.075,0.2,1.0,594.0,0.0,0.0,0.20202020202020202
41.0,8.0,5.0,0.1,0.075,0.2,1.0,586.0,0.0,0.0,0.19965870307167236
41.0,8.0,6.0,0.1,0.075,0.2,1.0,589.0,0.0,0.0,0.200339558573854
41.0,8.0,7.0,0.1,0.075,0.2,1.0,588.0,0.0,0.0,0.20068027210884354
41.0,8.0,8.0,0.1,0.075,0.2,1.0,588.0,0.0,0.0,0.20238095238095238
41.0,8.0,9.0,0.1,0.075,0.2,1.0,580.0,0.0,0.0,0.20344827586206896
41.0,8.0,10.0,0.1,0.075,0.2,1.0,586.0,0.0,0.0,0.2030716723549488
41.0,8.0,11.0,0.1,0.075,0.2,1.0,580.0,0.0,0.0,0.20172413793103447
41.0,8.0,12.0,0.1,0.075,0.2,1.0,582.0,0.0,0.0,0.20446735395189003
41.0,8.0,13.0,0.1,0.075,0.2,1.0,581.0,0.0,0.0,0.20137693631669534
41.0,8.0,14.0,0.1,0.075,0.2,1.0,583.0,0.0,0.0,0.20411663807890223
41.0,8.0,15.0,0.1,0.075,0.2,1.0,580.0,0.0,0.0,0.20172413793103447
41.0,8.0,16.0,0.1,0.075,0.2,1.0,582.0,0.0,0.0,0.2027491408934708
41.0,8.0,17.0,0.1,0.075,0.2,1.0,578.0,0.0,0.0,0.20069204152249134
41.0,8.0,18.0,0.1,0.075,0.2,1.0,581.0,0.0,0.0,0.20481927710843373
41.0,8.0,19.0,0.1,0.075,0.2,1.0,568.0,0.0,0.0,0.2007042253521127
41.0,8.0,20.0,0.1,0.075,0.2,1.0,1060.0,0.0,0.0,0.10943396226415095
41.0,8.0,21.0,0.1,0.075,0.2,1.0,991.0,0.0,0.0,0.1099899091826438
41.0,8.0,22.0,0.1,0.075,0.2,1.0,996.0,0.0,0.0,0.11044176706827309
41.0,8.0,23.0,0.1,0.075,0.2,1.0,984.0,0.0,0.0,0.10975609756097561
41.0,8.0,24.0,0.1,0.075,0.2,1.0,969.0,0.0,0.0,0.11042311661506708
41.0,8.0,25.0,0.1,0.075,0.2,1.0,946.0,0.0,0.0,0.10782241014799154
41.0,8.0,26.0,0.1,0.075,0.2,1.0,928.0,0.0,0.0,0.10883620689655173
41.0,8.0,27.0,0.1,0.075,0.2,1.0,896.0,0.0,0.0,0.109375
41.0,8.0,28.0,0.1,0.075,0.2,1.0,808.0,0.0,0.0,0.11262376237623763
41.0,8.0,29.0,0.1,0.075,0.2,1.0,798.0,0.0,0.0,0.11278195488721804
41.0,8.0,30.0,0.1,0.075,0.2,1.0,797.0,0.0,0.0,0.11417816813048934
41.0,8.0,31.0,0.1,0.075,0.2,1.0,786.0,0.0,0.0,0.11323155216284987
41.0,8.0,32.0,0.1,0.075,0.2,1.0,785.0,0.0,0.0,0.11464968152866242
41.0,8.0,33.0,0.1,0.075,0.2,1.0,786.0,0.0,0.0,0.11323155216284987
41.0,8.0,34.0,0.1,0.075,0.2,1.0,758.0,0.0,0.0,0.11477572559366754
41.0,8.0,35.0,0.1,0.075,0.2,1.0,746.0,0.0,0.0,0.11528150134048257
41.0,8.0,36.0,0.1,0.075,0.2,1.0,734.0,0.0,0.0,0.11716621253405994
41.0,8.0,37.0,0.1,0.075,0.2,1.0,711.0,0.0,0.0,0.11392405063291139
41.0,8.0,38.0,0.1,0.075,0.2,1.0,710.0,0.0,0.0,0.11549295774647887
41.0,8.0,39.0,0.1,0.075,0.2,1.0,711.0,0.0,0.0,0.11392405063291139
41.0,8.0,40.0,0.1,0.075,0.2,1.0,710.0,0.0,0.0,0.11549295774647887
41.0,8.0,41.0,0.1,0.075,0.2,1.0,711.0,0.0,0.0,0.11392405063291139
41.0,8.0,42.0,0.1,0.075,0.2,1.0,710.0,0.0,0.0,0.11549295774647887
41.0,8.0,43.0,0.1,0.075,0.2,1.0,710.0,0.0,0.0,0.11267605633802817
41.0,8.0,44.0,0.1,0.075,0.2,1.0,698.0,0.0,0.0,0.1174785100286533
41.0,8.0,45.0,0.1,0.075,0.2,1.0,698.0,0.0,0.0,0.17048710601719197
41.0,8.0,46.0,0.1,0.075,0.2,1.0,685.0,0.0,0.0,0.17518248175182483
41.0,8.0,47.0,0.1,0.075,0.2,1.0,673.0,0.0,0.0,0.17533432392273401
41.0,8.0,48.0,0.1,0.075,0.2,1.0,671.0,0.0,0.0,0.17734724292101342
41.0,8.0,49.0,0.1,0.075,0.2,1.0,672.0,0.0,0.0,0.17559523809523808
41.0,8.0,50.0,0.1,0.075,0.2,1.0,669.0,0.0,0.0,0.17787742899850523
41.0,8.0,51.0,0.1,0.075,0.2,1.0,671.0,0.0,0.0,0.17585692995529062
41.0,8.0,52.0,0.1,0.075,0.2,1.0,668.0,0.0,0.0,0.1781437125748503
41.0,9.0,1.0,0.1,0.075,0.2,1.0,671.0,0.0,0.0,0.17585692995529062
41.0,9.0,2.0,0.1,0.075,0.2,1.0,668.0,0.0,0.0,0.1781437125748503
41.0,9.0,3.0,0.1,0.075,0.2,1.0,670.0,0.0,0.0,0.1761194029850746
41.0,9.0,4.0,0.1,0.075,0.2,1.0,669.0,0.0,0.0,0.17787742899850523
41.0,9.0,5.0,0.1,0.075,0.2,1.0,670.0,0.0,0.0,0.1746268656716418
41.0,9.0,6.0,0.1,0.075,0.2,1.0,670.0,0.0,0.0,0.17761194029850746
41.0,9.0,7.0,0.1,0.075,0.2,1.0,669.0,0.0,0.0,0.17638266068759342
41.0,9.0,8.0,0.1,0.075,0.2,1.0,661.0,0.0,0.0,0.1800302571860817
41.0,9.0,9.0,0.1,0.075,0.2,1.0,652.0,0.0,0.0,0.17791411042944785
41.0,9.0,10.0,0.1,0.075,0.2,1.0,655.0,0.0,0.0,0.18167938931297709
41.0,9.0,11.0,0.1,0.075,0.2,1.0,653.0,0.0,0.0,0.17917304747320062
41.0,9.0,12.0,0.1,0.075,0.2,1.0,653.0,0.0,0.0,0.18223583460949463
41.0,9.0,13.0,0.1,0.075,0.2,1.0,650.0,0.0,0.0,0.18
41.0,9.0,14.0,0.1,0.075,0.2,1.0,643.0,0.0,0.0,0.18351477449455678
41.0,9.0,15.0,0.1,0.075,0.2,1.0,640.0,0.0,0.0,0.1828125
41.0,9.0,16.0,0.1,0.075,0.2,1.0,642.0,0.0,0.0,0.1838006230529595
41.0,9.0,17.0,0.1,0.075,0.2,1.0,628.0,0.0,0.0,0.18312101910828024
41.0,9.0,18.0,0.1,0.075,0.2,1.0,623.0,0.0,0.0,0.18619582664526485
41.0,9.0,19.0,0.1,0.075,0.2,1.0,624.0,0.0,0.0,0.18269230769230768
41.0,9.0,20.0,0.1,0.075,0.2,1.0,1112.0,0.0,0.0,0.09622302158273381
41.0,9.0,21.0,0.1,0.075,0.2,1.0,1101.0,0.0,0.0,0.09627611262488647
41.0,9.0,22.0,0.1,0.075,0.2,1.0,1051.0,0.0,0.0,0.10085632730732635
41.0,9.0,23.0,0.1,0.075,0.2,1.0,1065.0,0.0,0.0,0.09859154929577464
41.0,9.0,24.0,0.1,0.075,0.2,1.0,1040.0,0.0,0.0,0.1
41.0,9.0,25.0,0.1,0.075,0.2,1.0,1046.0,0.0,0.0,0.09847036328871893
41.0,9.0,26.0,0.1,0.075,0.2,1.0,1041.0,0.0,0.0,0.09990393852065321
41.0,9.0,27.0,0.1,0.075,0.2,1.0,1053.0,0.0,0.0,0.09781576448243115
41.0,9.0,28.0,0.1,0.075,0.2,1.0,1012.0,0.0,0.0,0.10177865612648221
41.0,9.0,29.0,0.1,0.075,0.2,1.0,1000.0,0.0,0.0,0.1
41.0,9.0,30.0,0.1,0.075,0.2,1.0,978.0,0.0,0.0,0.10224948875255624
41.0,9.0,31.0,0.1,0.075,0.2,1.0,988.0,0.0,0.0,0.10020242914979757
41.0,9.0,32.0,0.1,0.075,0.2,1.0,953.0,0.0,0.0,0.10283315844700944
41.0,9.0,33.0,0.1,0.075,0.2,1.0,963.0,0.0,0.0,0.10072689511941849
41.0,9.0,34.0,0.1,0.075,0.2,1.0,901.0,0.0,0.0,0.10543840177580466
41.0,9.0,35.0,0.1,0.075,0.2,1.0,902.0,0.0,0.0,0.10310421286031042
41.0,9.0,36.0,0.1,0.075,0.2,1.0,865.0,0.0,0.0,0.10867052023121387
41.0,9.0,37.0,0.1,0.075,0.2,1.0,874.0,0.0,0.0,0.10526315789473684
41.0,9.0,38.0,0.1,0.075,0.2,1.0,864.0,0.0,0.0,0.1087962962962963
41.0,9.0,39.0,0.1,0.075,0.2,1.0,874.0,0.0,0.0,0.10640732265446225
41.0,9.0,40.0,0.1,0.075,0.2,1.0,867.0,0.0,0.0,0.10841983852364476
41.0,9.0,41.0,0.1,0.075,0.2,1.0,848.0,0.0,0.0,0.10966981132075472
41.0,9.0,42.0,0.1,0.075,0.2,1.0,843.0,0.0,0.0,0.11150652431791222
41.0,9.0,43.0,0.1,0.075,0.2,1.0,833.0,0.0,0.0,0.11044417767106843
41.0,9.0,44.0,0.1,0.075,0.2,1.0,826.0,0.0,0.0,0.11138014527845036
41.0,9.0,45.0,0.1,0.075,0.2,1.0,818.0,0.0,0.0,0.18337408312958436
41.0,9.0,46.0,0.1,0.075,0.2,1.0,814.0,0.0,0.0,0.18304668304668303
41.0,9.0,47.0,0.1,0.075,0.2,1.0,820.0,0.0,0.0,0.18292682926829268
41.0,9.0,48.0,0.1,0.075,0.2,1.0,819.0,0.0,0.0,0.18437118437118438
41.0,9.0,49.0,0.1,0.075,0.2,1.0,808.0,0.0,0.0,0.17945544554455445
41.0,9.0,50.0,0.1,0.075,0.2,1.0,813.0,0.0,0.0,0.18081180811808117
41.0,9.0,51.0,0.1,0.075,0.2,1.0,806.0,0.0,0.0,0.18114143920595532
41.0,9.0,52.0,0.1,0.075,0.2,1.0,808.0,0.0,0.0,0.1806930693069307
41.0,10.0,1.0,0.1,0.075,0.2,1.0,806.0,0.0,0.0,0.18114143920595532
41.0,10.0,2.0,0.1,0.075,0.2,1.0,807.0,0.0,0.0,0.1821561338289963
41.0,10.0,3.0,0.1,0.075,0.2,1.0,791.0,0.0,0.0,0.18078381795195955
41.0,10.0,4.0,0.1,0.075,0.2,1.0,796.0,0.0,0.0,0.18216080402010051
41.0,10.0,5.0,0.1,0.075,0.2,1.0,791.0,0.0,0.0,0.1820480404551201
41.0,10.0,6.0,0.1,0.075,0.2,1.0,793.0,0.0,0.0,0.1828499369482976
41.0,10.0,7.0,0.1,0.075,0.2,1.0,791.0,0.0,0.0,0.1820480404551201
41.0,10.0,8.0,0.1,0.075,0.2,1.0,785.0,0.0,0.0,0.1821656050955414
41.0,10.0,9.0,0.1,0.075,0.2,1.0,772.0,0.0,0.0,0.18393782383419688
41.0,10.0,10.0,0.1,0.075,0.2,1.0,770.0,0.0,0.0,0.18571428571428572
41.0,10.0,11.0,0.1,0.075,0.2,1.0,767.0,0.0,0.0,0.18513689700130379
41.0,10.0,12.0,0.1,0.075,0.2,1.0,768.0,0.0,0.0,0.18619791666666666
41.0,10.0,13.0,0.1,0.075,0.2,1.0,765.0,0.0,0.0,0.1843137254901961
41.0,10.0,14.0,0.1,0.075,0.2,1.0,763.0,0.0,0.0,0.18610747051114024
41.0,10.0,15.0,0.1,0.075,0.2,1.0,749.0,0.0,0.0,0.1842456608811749
41.0,10.0,16.0,0.1,0.075,0.2,1.0,750.0,0.0,0.0,0.18533333333333332
41.0,10.0,17.0,0.1,0.075,0.2,1.0,750.0,0.0,0.0,0.184
41.0,10.0,18.0,0.1,0.075,0.2,1.0,750.0,0.0,0.0,0.18533333333333332
41.0,10.0,19.0,0.1,0.075,0.2,1.0,749.0,0.0,0.0,0.1829105473965287
41.0,10.0,20.0,0.1,0.075,0.2,1.0,1343.0,0.0,0.0,0.09456440804169769
41.0,10.0,21.0,0.1,0.075,0.2,1.0,1302.0,0.0,0.0,0.09523809523809523
41.0,10.0,22.0,0.1,0.075,0.2,1.0,1235.0,0.0,0.0,0.09797570850202429
41.0,10.0,23.0,0.1,0.075,0.2,1.0,1213.0,0.0,0.0,0.09810387469084914
41.0,10.0,24.0,0.1,0.075,0.2,1.0,1157.0,0.0,0.0,0.10371650821089023
41.0,10.0,25.0,0.1,0.075,0.2,1.0,1147.0,0.0,0.0,0.1028770706190061
41.0,10.0,26.0,0.1,0.075,0.2,1.0,1129.0,0.0,0.0,0.1054030115146147
41.0,10.0,27.0,0.1,0.075,0.2,1.0,1109.0,0.0,0.0,0.10459873760144274
41.0,10.0,28.0,0.1,0.075,0.2,1.0,1067.0,0.0,0.0,0.10871602624179943
41.0,10.0,29.0,0.1,0.075,0.2,1.0,1047.0,0.0,0.0,0.1069723018147087
41.0,10.0,30.0,0.1,0.075,0.2,1.0,1013.0,0.0,0.0,0.11056268509378085
41.0,10.0,31.0,0.1,0.075,0.2,1.0,991.0,0.0,0.0,0.11200807265388496
41.0,10.0,32.0,0.1,0.075,0.2,1.0,983.0,0.0,0.0,0.11291963377416073
41.0,10.0,33.0,0.1,0.075,0.2,1.0,977.0,0.0,0.0,0.11258955987717502
41.0,10.0,34.0,0.1,0.075,0.2,1.0,984.0,0.0,0.0,0.11178861788617886
41.0,10.0,35.0,0.1,0.075,0.2,1.0,928.0,0.0,0.0,0.11099137931034483
41.0,10.0,36.0,0.1,0.075,0.2,1.0,921.0,0.0,0.0,0.11074918566775244
41.0,10.0,37.0,0.1,0.075,0.2,1.0,911.0,0.0,0.0,0.1119648737650933
41.0,10.0,38.0,0.1,0.075,0.2,1.0,922.0,0.0,0.0,0.11171366594360087
41.0,10.0,39.0,0.1,0.075,0.2,1.0,904.0,0.0,0.0,0.11283185840707964
41.0,10.0,40.0,0.1,0.075,0.2,1.0,893.0,0.0,0.0,0.11534154535274356
41.0,10.0,41.0,0.1,0.075,0.2,1.0,886.0,0.0,0.0,0.11512415349887133
41.0,10.0,42.0,0.1,0.075,0.2,1.0,896.0,0.0,0.0,0.11495535714285714
41.0,10.0,43.0,0.1,0.075,0.2,1.0,875.0,0.0,0.0,0.11428571428571428
41.0,10.0,44.0,0.1,0.075,0.2,1.0,885.0,0.0,0.0,0.11412429378531073
41.0,10.0,45.0,0.1,0.075,0.2,1.0,861.0,0.0,0.0,0.18234610917537747
41.0,10.0,46.0,0.1,0.075,0.2,1.0,872.0,0.0,0.0,0.1811926605504587
41.0,10.0,47.0,0.1,0.075,0.2,1.0,844.0,0.0,0.0,0.18127962085308058
41.0,10.0,48.0,0.1,0.075,0.2,1.0,853.0,0.0,0.0,0.18053927315357562
41.0,10.0,49.0,0.1,0.075,0.2,1.0,834.0,0.0,0.0,0.18465227817745802
41.0,10.0,50.0,0.1,0.075,0.2,1.0,841.0,0.0,0.0,0.18430439952437574
41.0,10.0,51.0,0.1,0.075,0.2,1.0,836.0,0.0,0.0,0.18421052631578946
41.0,10.0,52.0,0.1,0.075,0.2,1.0,841.0,0.0,0.0,0.18430439952437574
42.0,1.0,1.0,0.1,0.075,0.2,1.0,5233.0,55.0,8.0,0.09344544238486528
42.0,1.0,2.0,0.1,0.075,0.2,1.0,5219.0,62.0,18.0,0.09407932554129143
42.0,1.0,3.0,0.1,0.075,0.2,1.0,5147.0,75.0,34.0,0.09539537594715368
42.0,1.0,4.0,0.1,0.075,0.2,1.0,5091.0,103.0,38.0,0.09546258102533883
42.0,1.0,5.0,0.1,0.075,0.2,1.0,5099.0,128.0,45.0,0.09629339086095313
42.0,1.0,6.0,0.1,0.075,0.2,1.0,4927.0,153.0,52.0,0.09803125634260199
42.0,1.0,7.0,0.1,0.075,0.2,1.0,4780.0,202.0,68.0,0.09811715481171548
42.0,1.0,8.0,0.1,0.075,0.2,1.0,4597.0,242.0,93.0,0.1000652599521427
42.0,1.0,9.0,0.1,0.075,0.2,1.0,4429.0,299.0,104.0,0.09889365545269813
42.0,1.0,10.0,0.1,0.075,0.2,1.0,4308.0,331.0,115.0,0.10074280408542247
42.0,1.0,11.0,0.1,0.075,0.2,1.0,4110.0,362.0,134.0,0.09975669099756691
42.0,1.0,12.0,0.1,0.075,0.2,1.0,3977.0,367.0,169.0,0.10082977118430977
42.0,1.0,13.0,0.1,0.075,0.2,1.0,3870.0,392.0,185.0,0.1
42.0,1.0,14.0,0.1,0.075,0.2,1.0,3736.0,388.0,177.0,0.10171306209850108
42.0,1.0,15.0,0.1,0.075,0.2,1.0,3557.0,395.0,183.0,0.10373910598819229
42.0,1.0,16.0,0.1,0.075,0.2,1.0,3497.0,387.0,182.0,0.1043751787246211
42.0,1.0,17.0,0.1,0.075,0.2,1.0,3383.0,386.0,201.0,0.10493644694058528
42.0,1.0,18.0,0.1,0.075,0.2,1.0,3272.0,364.0,181.0,0.10941320293398533
42.0,1.0,19.0,0.1,0.075,0.2,1.0,3175.0,367.0,184.0,0.11023622047244094
42.0,1.0,20.0,0.1,0.075,0.2,1.0,5820.0,345.0,159.0,0.060309278350515465
42.0,1.0,21.0,0.1,0.075,0.2,1.0,5467.0,427.0,152.0,0.0621913297969636
42.0,1.0,22.0,0.1,0.075,0.2,1.0,5085.0,446.0,163.0,0.06470009832841692
42.0,1.0,23.0,0.1,0.075,0.2,1.0,4814.0,487.0,190.0,0.06709597008724554
42.0,1.0,24.0,0.1,0.075,0.2,1.0,4548.0,499.0,223.0,0.06926121372031663
42.0,1.0,25.0,0.1,0.075,0.2,1.0,4271.0,520.0,217.0,0.07188012175134628
42.0,1.0,26.0,0.1,0.075,0.2,1.0,4040.0,549.0,233.0,0.074009900990099
42.0,1.0,27.0,0.1,0.075,0.2,1.0,3814.0,548.0,229.0,0.07787100157315155
42.0,1.0,28.0,0.1,0.075,0.2,1.0,3606.0,555.0,258.0,0.07903494176372712
42.0,1.0,29.0,0.1,0.075,0.2,1.0,3458.0,575.0,272.0,0.08183921341816079
42.0,1.0,30.0,0.1,0.075,0.2,1.0,3246.0,581.0,283.0,0.08410351201478743
42.0,1.0,31.0,0.1,0.075,0.2,1.0,3040.0,559.0,255.0,0.08848684210526316
42.0,1.0,32.0,0.1,0.075,0.2,1.0,2808.0,527.0,237.0,0.09366096866096867
42.0,1.0,33.0,0.1,0.075,0.2,1.0,2674.0,504.0,250.0,0.09723261032161555
42.0,1.0,34.0,0.1,0.075,0.2,1.0,2545.0,517.0,243.0,0.10019646365422397
42.0,1.0,35.0,0.1,0.075,0.2,1.0,2415.0,508.0,247.0,0.10600414078674948
42.0,1.0,36.0,0.1,0.075,0.2,1.0,2275.0,500.0,231.0,0.11120879120879121
42.0,1.0,37.0,0.1,0.075,0.2,1.0,2177.0,487.0,249.0,0.11667432246210381
42.0,1.0,38.0,0.1,0.075,0.2,1.0,2075.0,447.0,246.0,0.12048192771084337
42.0,1.0,39.0,0.1,0.075,0.2,1.0,1944.0,434.0,235.0,0.12654320987654322
42.0,1.0,40.0,0.1,0.075,0.2,1.0,1799.0,400.0,196.0,0.13340744858254586
42.0,1.0,41.0,0.1,0.075,0.2,1.0,1665.0,358.0,175.0,0.13993993993993994
42.0,1.0,42.0,0.1,0.075,0.2,1.0,1580.0,328.0,170.0,0.14367088607594936
42.0,1.0,43.0,0.1,0.075,0.2,1.0,1507.0,330.0,162.0,0.15328467153284672
42.0,1.0,44.0,0.1,0.075,0.2,1.0,1424.0,288.0,149.0,0.16081460674157302
42.0,1.0,45.0,0.1,0.075,0.2,1.0,1350.0,272.0,136.0,0.23777777777777778
42.0,1.0,46.0,0.1,0.075,0.2,1.0,1289.0,246.0,124.0,0.24359968968192397
42.0,1.0,47.0,0.1,0.075,0.2,1.0,1209.0,222.0,115.0,0.2522746071133168
42.0,1.0,48.0,0.1,0.075,0.2,1.0,1159.0,206.0,120.0,0.25970664365832613
42.0,1.0,49.0,0.1,0.075,0.2,1.0,1073.0,180.0,107.0,0.2674743709226468
42.0,1.0,50.0,0.1,0.075,0.2,1.0,1032.0,164.0,92.0,0.2742248062015504
42.0,1.0,51.0,0.1,0.075,0.2,1.0,984.0,141.0,74.0,0.2886178861788618
42.0,1.0,52.0,0.1,0.075,0.2,1.0,949.0,126.0,70.0,0.2929399367755532
42.0,2.0,1.0,0.1,0.075,0.2,1.0,920.0,111.0,68.0,0.3
42.0,2.0,2.0,0.1,0.075,0.2,1.0,891.0,98.0,58.0,0.3075196408529742
42.0,2.0,3.0,0.1,0.075,0.2,1.0,863.0,84.0,52.0,0.31517960602549244
42.0,2.0,4.0,0.1,0.075,0.2,1.0,835.0,69.0,40.0,0.3221556886227545
42.0,2.0,5.0,0.1,0.075,0.2,1.0,821.0,60.0,34.0,0.32521315468940315
42.0,2.0,6.0,0.1,0.075,0.2,1.0,796.0,52.0,25.0,0.33040201005025127
42.0,2.0,7.0,0.1,0.075,0.2,1.0,784.0,48.0,26.0,0.33290816326530615
42.0,2.0,8.0,0.1,0.075,0.2,1.0,769.0,41.0,27.0,0.3368010403120936
42.0,2.0,9.0,0.1,0.075,0.2,1.0,758.0,41.0,24.0,0.3390501319261214
42.0,2.0,10.0,0.1,0.075,0.2,1.0,737.0,34.0,15.0,0.344640434192673
42.0,2.0,11.0,0.1,0.075,0.2,1.0,727.0,27.0,10.0,0.3493810178817056
42.0,2.0,12.0,0.1,0.075,0.2,1.0,718.0,24.0,12.0,0.35097493036211697
42.0,2.0,13.0,0.1,0.075,0.2,1.0,706.0,25.0,15.0,0.34702549575070823
42.0,2.0,14.0,0.1,0.075,0.2,1.0,695.0,22.0,13.0,0.3496402877697842
42.0,2.0,15.0,0.1,0.075,0.2,1.0,690.0,19.0,11.0,0.3507246376811594
42.0,2.0,16.0,0.1,0.075,0.2,1.0,673.0,16.0,7.0,0.3521545319465082
42.0,2.0,17.0,0.1,0.075,0.2,1.0,666.0,12.0,7.0,0.3483483483483483
42.0,2.0,18.0,0.1,0.075,0.2,1.0,658.0,12.0,6.0,0.35106382978723405
42.0,2.0,19.0,0.1,0.075,0.2,1.0,652.0,11.0,7.0,0.34662576687116564
42.0,2.0,20.0,0.1,0.075,0.2,1.0,1194.0,8.0,5.0,0.18676716917922948
42.0,2.0,21.0,0.1,0.075,0.2,1.0,1168.0,8.0,5.0,0.19006849315068494
42.0,2.0,22.0,0.1,0.075,0.2,1.0,1143.0,7.0,3.0,0.1889763779527559
42.0,2.0,23.0,0.1,0.075,0.2,1.0,1144.0,8.0,4.0,0.1888111888111888
42.0,2.0,24.0,0.1,0.075,0.2,1.0,1124.0,7.0,3.0,0.18772241992882563
42.0,2.0,25.0,0.1,0.075,0.2,1.0,1123.0,9.0,3.0,0.18967052537845058
42.0,2.0,26.0,0.1,0.075,0.2,1.0,1092.0,12.0,5.0,0.19322344322344323
42.0,2.0,27.0,0.1,0.075,0.2,1.0,1087.0,13.0,4.0,0.19411223551057957
42.0,2.0,28.0,0.1,0.075,0.2,1.0,1076.0,14.0,5.0,0.19423791821561337
42.0,2.0,29.0,0.1,0.075,0.2,1.0,1067.0,12.0,4.0,0.19212746016869728
42.0,2.0,30.0,0.1,0.075,0.2,1.0,1035.0,11.0,5.0,0.19227053140096617
42.0,2.0,31.0,0.1,0.075,0.2,1.0,1030.0,13.0,6.0,0.19514563106796118
42.0,2.0,32.0,0.1,0.075,0.2,1.0,1018.0,12.0,7.0,0.1944990176817289
42.0,2.0,33.0,0.1,0.075,0.2,1.0,1010.0,10.0,6.0,0.19405940594059407
42.0,2.0,34.0,0.1,0.075,0.2,1.0,1006.0,10.0,4.0,0.1908548707753479
42.0,2.0,35.0,0.1,0.075,0.2,1.0,992.0,7.0,4.0,0.19455645161290322
42.0,2.0,36.0,0.1,0.075,0.2,1.0,979.0,8.0,3.0,0.1930541368743616
42.0,2.0,37.0,0.1,0.075,0.2,1.0,969.0,8.0,3.0,0.19298245614035087
42.0,2.0,38.0,0.1,0.075,0.2,1.0,965.0,6.0,2.0,0.18963730569948187
42.0,2.0,39.0,0.1,0.075,0.2,1.0,953.0,6.0,2.0,0.18992654774396642
42.0,2.0,40.0,0.1,0.075,0.2,1.0,929.0,6.0,4.0,0.1883745963401507
42.0,2.0,41.0,0.1,0.075,0.2,1.0,902.0,6.0,3.0,0.1917960088691796
42.0,2.0,42.0,0.1,0.075,0.2,1.0,890.0,6.0,3.0,0.19213483146067414
42.0,2.0,43.0,0.1,0.075,0.2,1.0,888.0,4.0,2.0,0.19256756756756757
42.0,2.0,44.0,0.1,0.075,0.2,1.0,864.0,3.0,1.0,0.1909722222222222
42.0,2.0,45.0,0.1,0.075,0.2,1.0,862.0,3.0,1.0,0.25754060324825984
42.0,2.0,46.0,0.1,0.075,0.2,1.0,850.0,2.0,1.0,0.2576470588235294
42.0,2.0,47.0,0.1,0.075,0.2,1.0,834.0,3.0,1.0,0.2589928057553957
42.0,2.0,48.0,0.1,0.075,0.2,1.0,816.0,4.0,2.0,0.25980392156862747
42.0,2.0,49.0,0.1,0.075,0.2,1.0,809.0,4.0,2.0,0.2620519159456119
42.0,2.0,50.0,0.1,0.075,0.2,1.0,793.0,7.0,2.0,0.2597730138713745
42.0,2.0,51.0,0.1,0.075,0.2,1.0,765.0,6.0,3.0,0.25620915032679736
42.0,2.0,52.0,0.1,0.075,0.2,1.0,746.0,5.0,2.0,0.24664879356568364
42.0,3.0,1.0,0.1,0.075,0.2,1.0,735.0,6.0,4.0,0.24625850340136055
42.0,3.0,2.0,0.1,0.075,0.2,1.0,733.0,4.0,4.0,0.24420190995907232
42.0,3.0,3.0,0.1,0.075,0.2,1.0,725.0,5.0,4.0,0.24413793103448275
42.0,3.0,4.0,0.1,0.075,0.2,1.0,722.0,3.0,2.0,0.24376731301939059
42.0,3.0,5.0,0.1,0.075,0.2,1.0,712.0,1.0,0.0,0.2443820224719101
42.0,3.0,6.0,0.1,0.075,0.2,1.0,711.0,1.0,1.0,0.2390998593530239
42.0,3.0,7.0,0.1,0.075,0.2,1.0,688.0,1.0,1.0,0.24127906976744187
42.0,3.0,8.0,0.1,0.075,0.2,1.0,678.0,3.0,1.0,0.2359882005899705
42.0,3.0,9.0,0.1,0.075,0.2,1.0,673.0,2.0,0.0,0.23922734026745915
42.0,3.0,10.0,0.1,0.075,0.2,1.0,673.0,2.0,1.0,0.2362555720653789
42.0,3.0,11.0,0.1,0.075,0.2,1.0,662.0,2.0,1.0,0.23867069486404835
42.0,3.0,12.0,0.1,0.075,0.2,1.0,661.0,2.0,1.0,0.23600605143721634
42.0,3.0,13.0,0.1,0.075,0.2,1.0,649.0,1.0,0.0,0.23882896764252695
42.0,3.0,14.0,0.1,0.075,0.2,1.0,649.0,1.0,1.0,0.2357473035439137
42.0,3.0,15.0,0.1,0.075,0.2,1.0,633.0,1.0,1.0,0.2401263823064771
42.0,3.0,16.0,0.1,0.075,0.2,1.0,638.0,1.0,1.0,0.23824451410658307
42.0,3.0,17.0,0.1,0.075,0.2,1.0,629.0,0.0,0.0,0.24006359300476948
42.0,3.0,18.0,0.1,0.075,0.2,1.0,633.0,0.0,0.0,0.2353870458135861
42.0,3.0,19.0,0.1,0.075,0.2,1.0,625.0,0.0,0.0,0.2384
42.0,3.0,20.0,0.1,0.075,0.2,1.0,1172.0,0.0,0.0,0.12627986348122866
42.0,3.0,21.0,0.1,0.075,0.2,1.0,1146.0,0.0,0.0,0.12827225130890052
42.0,3.0,22.0,0.1,0.075,0.2,1.0,1151.0,0.0,0.0,0.12771503040834056
42.0,3.0,23.0,0.1,0.075,0.2,1.0,1147.0,0.0,0.0,0.12554489973844812
42.0,3.0,24.0,0.1,0.075,0.2,1.0,1133.0,0.0,0.0,0.1262135922330097
42.0,3.0,25.0,0.1,0.075,0.2,1.0,1100.0,0.0,0.0,0.12545454545454546
42.0,3.0,26.0,0.1,0.075,0.2,1.0,1101.0,0.0,0.0,0.12534059945504086
42.0,3.0,27.0,0.1,0.075,0.2,1.0,1103.0,0.0,0.0,0.1242067089755213
42.0,3.0,28.0,0.1,0.075,0.2,1.0,1098.0,0.0,0.0,0.12477231329690346
42.0,3.0,29.0,0.1,0.075,0.2,1.0,1072.0,0.0,0.0,0.125
42.0,3.0,30.0,0.1,0.075,0.2,1.0,1061.0,0.0,0.0,0.12723845428840716
42.0,3.0,31.0,0.1,0.075,0.2,1.0,1039.0,0.0,0.0,0.12512030798845045
42.0,3.0,32.0,0.1,0.075,0.2,1.0,1028.0,0.0,0.0,0.1254863813229572
42.0,3.0,33.0,0.1,0.075,0.2,1.0,1014.0,0.0,0.0,0.1232741617357002
42.0,3.0,34.0,0.1,0.075,0.2,1.0,1000.0,0.0,0.0,0.128
42.0,3.0,35.0,0.1,0.075,0.2,1.0,976.0,0.0,0.0,0.12192622950819672
42.0,3.0,36.0,0.1,0.075,0.2,1.0,948.0,0.0,0.0,0.12552742616033755
42.0,3.0,37.0,0.1,0.075,0.2,1.0,903.0,0.0,0.0,0.12624584717607973
42.0,3.0,38.0,0.1,0.075,0.2,1.0,899.0,0.0,0.0,0.12903225806451613
42.0,3.0,39.0,0.1,0.075,0.2,1.0,859.0,0.0,0.0,0.12572759022118743
42.0,3.0,40.0,0.1,0.075,0.2,1.0,855.0,0.0,0.0,0.12982456140350876
42.0,3.0,41.0,0.1,0.075,0.2,1.0,846.0,0.0,0.0,0.1288416075650118
42.0,3.0,42.0,0.1,0.075,0.2,1.0,843.0,0.0,0.0,0.13167259786476868
42.0,3.0,43.0,0.1,0.075,0.2,1.0,834.0,0.0,0.0,0.13189448441247004
42.0,3.0,44.0,0.1,0.075,0.2,1.0,836.0,0.0,0.0,0.13277511961722488
42.0,3.0,45.0,0.1,0.075,0.2,1.0,827.0,0.0,0.0,0.18984280532043532
42.0,3.0,46.0,0.1,0.075,0.2,1.0,809.0,0.0,0.0,0.1915945611866502
42.0,3.0,47.0,0.1,0.075,0.2,1.0,782.0,0.0,0.0,0.1956521739130435
42.0,3.0,48.0,0.1,0.075,0.2,1.0,760.0,0.0,0.0,0.2
42.0,3.0,49.0,0.1,0.075,0.2,1.0,748.0,0.0,0.0,0.20053475935828877
42.0,3.0,50.0,0.1,0.075,0.2,1.0,740.0,0.0,0.0,0.20135135135135135
42.0,3.0,51.0,0.1,0.075,0.2,1.0,728.0,0.0,0.0,0.1978021978021978
42.0,3.0,52.0,0.1,0.075,0.2,1.0,732.0,0.0,0.0,0.1994535519125683
42.0,4.0,1.0,0.1,0.075,0.2,1.0,720.0,0.0,0.0,0.1986111111111111
42.0,4.0,2.0,0.1,0.075,0.2,1.0,730.0,0.0,0.0,0.19726027397260273
42.0,4.0,3.0,0.1,0.075,0.2,1.0,715.0,0.0,0.0,0.1958041958041958
42.0,4.0,4.0,0.1,0.075,0.2,1.0,711.0,0.0,0.0,0.19690576652601968
42.0,4.0,5.0,0.1,0.075,0.2,1.0,696.0,0.0,0.0,0.1925287356321839
42.0,4.0,6.0,0.1,0.075,0.2,1.0,702.0,0.0,0.0,0.19515669515669515
42.0,4.0,7.0,0.1,0.075,0.2,1.0,675.0,0.0,0.0,0.19555555555555557
42.0,4.0,8.0,0.1,0.075,0.2,1.0,682.0,0.0,0.0,0.19794721407624633
42.0,4.0,9.0,0.1,0.075,0.2,1.0,659.0,0.0,0.0,0.19423368740515934
42.0,4.0,10.0,0.1,0.075,0.2,1.0,659.0,0.0,0.0,0.19878603945371776
42.0,4.0,11.0,0.1,0.075,0.2,1.0,646.0,0.0,0.0,0.19349845201238391
42.0,4.0,12.0,0.1,0.075,0.2,1.0,638.0,0.0,0.0,0.19905956112852666
42.0,4.0,13.0,0.1,0.075,0.2,1.0,627.0,0.0,0.0,0.19617224880382775
42.0,4.0,14.0,0.1,0.075,0.2,1.0,632.0,0.0,0.0,0.19778481012658228
42.0,4.0,15.0,0.1,0.075,0.2,1.0,618.0,0.0,0.0,0.1941747572815534
42.0,4.0,16.0,0.1,0.075,0.2,1.0,621.0,0.0,0.0,0.20128824476650564
42.0,4.0,17.0,0.1,0.075,0.2,1.0,618.0,0.0,0.0,0.19579288025889968
42.0,4.0,18.0,0.1,0.075,0.2,1.0,617.0,0.0,0.0,0.1993517017828201
42.0,4.0,19.0,0.1,0.075,0.2,1.0,608.0,0.0,0.0,0.19407894736842105
42.0,4.0,20.0,0.1,0.075,0.2,1.0,1118.0,0.0,0.0,0.10822898032200358
42.0,4.0,21.0,0.1,0.075,0.2,1.0,1109.0,0.0,0.0,0.1055004508566276
42.0,4.0,22.0,0.1,0.075,0.2,1.0,1117.0,0.0,0.0,0.10743061772605192
42.0,4.0,23.0,0.1,0.075,0.2,1.0,1089.0,0.0,0.0,0.10284664830119375
42.0,4.0,24.0,0.1,0.075,0.2,1.0,1077.0,0.0,0.0,0.10677808727948004
42.0,4.0,25.0,0.1,0.075,0.2,1.0,1032.0,0.0,0.0,0.10465116279069768
42.0,4.0,26.0,0.1,0.075,0.2,1.0,1027.0,0.0,0.0,0.10808179162609542
42.0,4.0,27.0,0.1,0.075,0.2,1.0,997.0,0.0,0.0,0.10631895687061184
42.0,4.0,28.0,0.1,0.075,0.2,1.0,975.0,0.0,0.0,0.1076923076923077
42.0,4.0,29.0,0.1,0.075,0.2,1.0,952.0,0.0,0.0,0.10609243697478991
42.0,4.0,30.0,0.1,0.075,0.2,1.0,911.0,0.0,0.0,0.10867178924259056
42.0,4.0,31.0,0.1,0.075,0.2,1.0,876.0,0.0,0.0,0.1050228310502283
42.0,4.0,32.0,0.1,0.075,0.2,1.0,868.0,0.0,0.0,0.10714285714285714
42.0,4.0,33.0,0.1,0.075,0.2,1.0,853.0,0.0,0.0,0.10668229777256741
42.0,4.0,34.0,0.1,0.075,0.2,1.0,831.0,0.0,0.0,0.10709987966305656
42.0,4.0,35.0,0.1,0.075,0.2,1.0,822.0,0.0,0.0,0.10462287104622871
42.0,4.0,36.0,0.1,0.075,0.2,1.0,797.0,0.0,0.0,0.10664993726474278
42.0,4.0,37.0,0.1,0.075,0.2,1.0,783.0,0.0,0.0,0.10727969348659004
42.0,4.0,38.0,0.1,0.075,0.2,1.0,791.0,0.0,0.0,0.10493046776232617
42.0,4.0,39.0,0.1,0.075,0.2,1.0,774.0,0.0,0.0,0.10852713178294573
42.0,4.0,40.0,0.1,0.075,0.2,1.0,787.0,0.0,0.0,0.10419313850063533
42.0,4.0,41.0,0.1,0.075,0.2,1.0,768.0,0.0,0.0,0.10807291666666667
42.0,4.0,42.0,0.1,0.075,0.2,1.0,752.0,0.0,0.0,0.10372340425531915
42.0,4.0,43.0,0.1,0.075,0.2,1.0,730.0,0.0,0.0,0.10547945205479452
42.0,4.0,44.0,0.1,0.075,0.2,1.0,747.0,0.0,0.0,0.10307898259705489
42.0,4.0,45.0,0.1,0.075,0.2,1.0,715.0,0.0,0.0,0.1944055944055944
42.0,4.0,46.0,0.1,0.075,0.2,1.0,722.0,0.0,0.0,0.19529085872576177
42.0,4.0,47.0,0.1,0.075,0.2,1.0,710.0,0.0,0.0,0.19295774647887323
42.0,4.0,48.0,0.1,0.075,0.2,1.0,712.0,0.0,0.0,0.19241573033707865
42.0,4.0,49.0,0.1,0.075,0.2,1.0,690.0,0.0,0.0,0.1927536231884058
42.0,4.0,50.0,0.1,0.075,0.2,1.0,684.0,0.0,0.0,0.1915204678362573
42.0,4.0,51.0,0.1,0.075,0.2,1.0,673.0,0.0,0.0,0.19465081723625557
42.0,4.0,52.0,0.1,0.075,0.2,1.0,657.0,0.0,0.0,0.1902587519025875
42.0,5.0,1.0,0.1,0.075,0.2,1.0,657.0,0.0,0.0,0.1963470319634703
42.0,5.0,2.0,0.1,0.075,0.2,1.0,654.0,0.0,0.0,0.191131498470948
42.0,5.0,3.0,0.1,0.075,0.2,1.0,646.0,0.0,0.0,0.19504643962848298
42.0,5.0,4.0,0.1,0.075,0.2,1.0,639.0,0.0,0.0,0.18935837245696402
42.0,5.0,5.0,0.1,0.075,0.2,1.0,624.0,0.0,0.0,0.1971153846153846
42.0,5.0,6.0,0.1,0.075,0.2,1.0,622.0,0.0,0.0,0.19131832797427653
42.0,5.0,7.0,0.1,0.075,0.2,1.0,615.0,0.0,0.0,0.1967479674796748
42.0,5.0,8.0,0.1,0.075,0.2,1.0,618.0,0.0,0.0,0.19093851132686085
42.0,5.0,9.0,0.1,0.075,0.2,1.0,614.0,0.0,0.0,0.19543973941368079
42.0,5.0,10.0,0.1,0.075,0.2,1.0,598.0,0.0,0.0,0.1939799331103679
42.0,5.0,11.0,0.1,0.075,0.2,1.0,593.0,0.0,0.0,0.19898819561551434
42.0,5.0,12.0,0.1,0.075,0.2,1.0,592.0,0.0,0.0,0.19594594594594594
42.0,5.0,13.0,0.1,0.075,0.2,1.0,590.0,0.0,0.0,0.2
42.0,5.0,14.0,0.1,0.075,0.2,1.0,581.0,0.0,0.0,0.19965576592082615
42.0,5.0,15.0,0.1,0.075,0.2,1.0,586.0,0.0,0.0,0.20136518771331058
42.0,5.0,16.0,0.1,0.075,0.2,1.0,576.0,0.0,0.0,0.2013888888888889
42.0,5.0,17.0,0.1,0.075,0.2,1.0,577.0,0.0,0.0,0.2045060658578856
42.0,5.0,18.0,0.1,0.075,0.2,1.0,578.0,0.0,0.0,0.20069204152249134
42.0,5.0,19.0,0.1,0.075,0.2,1.0,560.0,0.0,0.0,0.2017857142857143
42.0,5.0,20.0,0.1,0.075,0.2,1.0,1046.0,0.0,0.0,0.10611854684512428
42.0,5.0,21.0,0.1,0.075,0.2,1.0,1054.0,0.0,0.0,0.10721062618595825
42.0,5.0,22.0,0.1,0.075,0.2,1.0,1007.0,0.0,0.0,0.10724925521350546
42.0,5.0,23.0,0.1,0.075,0.2,1.0,957.0,0.0,0.0,0.1044932079414838
42.0,5.0,24.0,0.1,0.075,0.2,1.0,950.0,0.0,0.0,0.10526315789473684
42.0,5.0,25.0,0.1,0.075,0.2,1.0,930.0,0.0,0.0,0.1053763440860215
42.0,5.0,26.0,0.1,0.075,0.2,1.0,928.0,0.0,0.0,0.10668103448275862
42.0,5.0,27.0,0.1,0.075,0.2,1.0,926.0,0.0,0.0,0.10475161987041037
42.0,5.0,28.0,0.1,0.075,0.2,1.0,902.0,0.0,0.0,0.10753880266075388
42.0,5.0,29.0,0.1,0.075,0.2,1.0,888.0,0.0,0.0,0.10472972972972973
42.0,5.0,30.0,0.1,0.075,0.2,1.0,864.0,0.0,0.0,0.1087962962962963
42.0,5.0,31.0,0.1,0.075,0.2,1.0,846.0,0.0,0.0,0.10638297872340426
42.0,5.0,32.0,0.1,0.075,0.2,1.0,822.0,0.0,0.0,0.10827250608272507
42.0,5.0,33.0,0.1,0.075,0.2,1.0,822.0,0.0,0.0,0.10462287104622871
42.0,5.0,34.0,0.1,0.075,0.2,1.0,814.0,0.0,0.0,0.10810810810810811
42.0,5.0,35.0,0.1,0.075,0.2,1.0,803.0,0.0,0.0,0.10460772104607721
42.0,5.0,36.0,0.1,0.075,0.2,1.0,800.0,0.0,0.0,0.10625
42.0,5.0,37.0,0.1,0.075,0.2,1.0,797.0,0.0,0.0,0.10414052697616061
42.0,5.0,38.0,0.1,0.075,0.2,1.0,794.0,0.0,0.0,0.10579345088161209
42.0,5.0,39.0,0.1,0.075,0.2,1.0,777.0,0.0,0.0,0.10553410553410554
42.0,5.0,40.0,0.1,0.075,0.2,1.0,779.0,0.0,0.0,0.10654685494223363
42.0,5.0,41.0,0.1,0.075,0.2,1.0,774.0,0.0,0.0,0.10465116279069768
42.0,5.0,42.0,0.1,0.075,0.2,1.0,777.0,0.0,0.0,0.10553410553410554
42.0,5.0,43.0,0.1,0.075,0.2,1.0,772.0,0.0,0.0,0.10492227979274611
42.0,5.0,44.0,0.1,0.075,0.2,1.0,755.0,0.0,0.0,0.10860927152317881
42.0,5.0,45.0,0.1,0.075,0.2,1.0,754.0,0.0,0.0,0.17639257294429708
42.0,5.0,46.0,0.1,0.075,0.2,1.0,744.0,0.0,0.0,0.1774193548387097
42.0,5.0,47.0,0.1,0.075,0.2,1.0,727.0,0.0,0.0,0.1746905089408528
42.0,5.0,48.0,0.1,0.075,0.2,1.0,724.0,0.0,0.0,0.1712707182320442
42.0,5.0,49.0,0.1,0.075,0.2,1.0,724.0,0.0,0.0,0.1685082872928177
42.0,5.0,50.0,0.1,0.075,0.2,1.0,718.0,0.0,0.0,0.1713091922005571
42.0,5.0,51.0,0.1,0.075,0.2,1.0,710.0,0.0,0.0,0.1676056338028169
42.0,5.0,52.0,0.1,0.075,0.2,1.0,714.0,0.0,0.0,0.16946778711484595
42.0,6.0,1.0,0.1,0.075,0.2,1.0,710.0,0.0,0.0,0.16901408450704225
42.0,6.0,2.0,0.1,0.075,0.2,1.0,698.0,0.0,0.0,0.16905444126074498
42.0,6.0,3.0,0.1,0.075,0.2,1.0,689.0,0.0,0.0,0.16690856313497823
42.0,6.0,4.0,0.1,0.075,0.2,1.0,693.0,0.0,0.0,0.16883116883116883
42.0,6.0,5.0,0.1,0.075,0.2,1.0,681.0,0.0,0.0,0.16740088105726872
42.0,6.0,6.0,0.1,0.075,0.2,1.0,682.0,0.0,0.0,0.17008797653958943
42.0,6.0,7.0,0.1,0.075,0.2,1.0,677.0,0.0,0.0,0.16838995568685378
42.0,6.0,8.0,0.1,0.075,0.2,1.0,660.0,0.0,0.0,0.17272727272727273
42.0,6.0,9.0,0.1,0.075,0.2,1.0,655.0,0.0,0.0,0.17099236641221374
42.0,6.0,10.0,0.1,0.075,0.2,1.0,650.0,0.0,0.0,0.17076923076923076
42.0,6.0,11.0,0.1,0.075,0.2,1.0,642.0,0.0,0.0,0.17133956386292834
42.0,6.0,12.0,0.1,0.075,0.2,1.0,632.0,0.0,0.0,0.17088607594936708
42.0,6.0,13.0,0.1,0.075,0.2,1.0,638.0,0.0,0.0,0.17084639498432602
42.0,6.0,14.0,0.1,0.075,0.2,1.0,628.0,0.0,0.0,0.17197452229299362
42.0,6.0,15.0,0.1,0.075,0.2,1.0,625.0,0.0,0.0,0.1712
42.0,6.0,16.0,0.1,0.075,0.2,1.0,620.0,0.0,0.0,0.17258064516129032
42.0,6.0,17.0,0.1,0.075,0.2,1.0,624.0,0.0,0.0,0.17307692307692307
42.0,6.0,18.0,0.1,0.075,0.2,1.0,619.0,0.0,0.0,0.17447495961227788
42.0,6.0,19.0,0.1,0.075,0.2,1.0,623.0,0.0,0.0,0.17174959871589085
42.0,6.0,20.0,0.1,0.075,0.2,1.0,1204.0,0.0,0.0,0.08970099667774087
42.0,6.0,21.0,0.1,0.075,0.2,1.0,1148.0,0.0,0.0,0.09059233449477352
42.0,6.0,22.0,0.1,0.075,0.2,1.0,1132.0,0.0,0.0,0.09010600706713781
42.0,6.0,23.0,0.1,0.075,0.2,1.0,1065.0,0.0,0.0,0.09201877934272301
42.0,6.0,24.0,0.1,0.075,0.2,1.0,1049.0,0.0,0.0,0.09342230695900858
42.0,6.0,25.0,0.1,0.075,0.2,1.0,1059.0,0.0,0.0,0.09159584513692162
42.0,6.0,26.0,0.1,0.075,0.2,1.0,1029.0,0.0,0.0,0.09523809523809523
42.0,6.0,27.0,0.1,0.075,0.2,1.0,983.0,0.0,0.0,0.09562563580874874
42.0,6.0,28.0,0.1,0.075,0.2,1.0,975.0,0.0,0.0,0.09743589743589744
42.0,6.0,29.0,0.1,0.075,0.2,1.0,972.0,0.0,0.0,0.09567901234567901
42.0,6.0,30.0,0.1,0.075,0.2,1.0,941.0,0.0,0.0,0.09776833156216791
42.0,6.0,31.0,0.1,0.075,0.2,1.0,934.0,0.0,0.0,0.09635974304068523
42.0,6.0,32.0,0.1,0.075,0.2,1.0,937.0,0.0,0.0,0.09391675560298826
42.0,6.0,33.0,0.1,0.075,0.2,1.0,894.0,0.0,0.0,0.09731543624161074
42.0,6.0,34.0,0.1,0.075,0.2,1.0,873.0,0.0,0.0,0.09736540664375716
42.0,6.0,35.0,0.1,0.075,0.2,1.0,854.0,0.0,0.0,0.09836065573770492
42.0,6.0,36.0,0.1,0.075,0.2,1.0,807.0,0.0,0.0,0.09913258983890955
42.0,6.0,37.0,0.1,0.075,0.2,1.0,816.0,0.0,0.0,0.09803921568627451
42.0,6.0,38.0,0.1,0.075,0.2,1.0,804.0,0.0,0.0,0.09825870646766169
42.0,6.0,39.0,0.1,0.075,0.2,1.0,791.0,0.0,0.0,0.09987357774968394
42.0,6.0,40.0,0.1,0.075,0.2,1.0,776.0,0.0,0.0,0.09664948453608248
42.0,6.0,41.0,0.1,0.075,0.2,1.0,711.0,0.0,0.0,0.09845288326300984
42.0,6.0,42.0,0.1,0.075,0.2,1.0,710.0,0.0,0.0,0.09859154929577464
42.0,6.0,43.0,0.1,0.075,0.2,1.0,713.0,0.0,0.0,0.09957924263674614
42.0,6.0,44.0,0.1,0.075,0.2,1.0,710.0,0.0,0.0,0.09859154929577464
42.0,6.0,45.0,0.1,0.075,0.2,1.0,696.0,0.0,0.0,0.16235632183908047
42.0,6.0,46.0,0.1,0.075,0.2,1.0,691.0,0.0,0.0,0.16208393632416787
42.0,6.0,47.0,0.1,0.075,0.2,1.0,676.0,0.0,0.0,0.15976331360946747
42.0,6.0,48.0,0.1,0.075,0.2,1.0,651.0,0.0,0.0,0.16282642089093702
42.0,6.0,49.0,0.1,0.075,0.2,1.0,647.0,0.0,0.0,0.16383307573415765
42.0,6.0,50.0,0.1,0.075,0.2,1.0,637.0,0.0,0.0,0.16326530612244897
42.0,6.0,51.0,0.1,0.075,0.2,1.0,646.0,0.0,0.0,0.16408668730650156
42.0,6.0,52.0,0.1,0.075,0.2,1.0,626.0,0.0,0.0,0.16293929712460065
42.0,7.0,1.0,0.1,0.075,0.2,1.0,632.0,0.0,0.0,0.16455696202531644
42.0,7.0,2.0,0.1,0.075,0.2,1.0,620.0,0.0,0.0,0.16451612903225807
42.0,7.0,3.0,0.1,0.075,0.2,1.0,631.0,0.0,0.0,0.16323296354992076
42.0,7.0,4.0,0.1,0.075,0.2,1.0,613.0,0.0,0.0,0.16476345840130505
42.0,7.0,5.0,0.1,0.075,0.2,1.0,624.0,0.0,0.0,0.16346153846153846
42.0,7.0,6.0,0.1,0.075,0.2,1.0,619.0,0.0,0.0,0.1631663974151858
42.0,7.0,7.0,0.1,0.075,0.2,1.0,618.0,0.0,0.0,0.1634304207119741
42.0,7.0,8.0,0.1,0.075,0.2,1.0,611.0,0.0,0.0,0.16530278232405893
42.0,7.0,9.0,0.1,0.075,0.2,1.0,612.0,0.0,0.0,0.16339869281045752
42.0,7.0,10.0,0.1,0.075,0.2,1.0,613.0,0.0,0.0,0.16639477977161501
42.0,7.0,11.0,0.1,0.075,0.2,1.0,612.0,0.0,0.0,0.1650326797385621
42.0,7.0,12.0,0.1,0.075,0.2,1.0,613.0,0.0,0.0,0.16639477977161501
42.0,7.0,13.0,0.1,0.075,0.2,1.0,608.0,0.0,0.0,0.16282894736842105
42.0,7.0,14.0,0.1,0.075,0.2,1.0,589.0,0.0,0.0,0.16808149405772496
42.0,7.0,15.0,0.1,0.075,0.2,1.0,595.0,0.0,0.0,0.16470588235294117
42.0,7.0,16.0,0.1,0.075,0.2,1.0,590.0,0.0,0.0,0.16779661016949152
42.0,7.0,17.0,0.1,0.075,0.2,1.0,591.0,0.0,0.0,0.16751269035532995
42.0,7.0,18.0,0.1,0.075,0.2,1.0,587.0,0.0,0.0,0.16524701873935263
42.0,7.0,19.0,0.1,0.075,0.2,1.0,580.0,0.0,0.0,0.16551724137931034
42.0,7.0,20.0,0.1,0.075,0.2,1.0,1113.0,0.0,0.0,0.0853548966756514
42.0,7.0,21.0,0.1,0.075,0.2,1.0,1114.0,0.0,0.0,0.08617594254937164
42.0,7.0,22.0,0.1,0.075,0.2,1.0,1064.0,0.0,0.0,0.08646616541353383
42.0,7.0,23.0,0.1,0.075,0.2,1.0,1010.0,0.0,0.0,0.08514851485148515
42.0,7.0,24.0,0.1,0.075,0.2,1.0,999.0,0.0,0.0,0.08508508508508508
42.0,7.0,25.0,0.1,0.075,0.2,1.0,973.0,0.0,0.0,0.08735868448098665
42.0,7.0,26.0,0.1,0.075,0.2,1.0,958.0,0.0,0.0,0.08559498956158663
42.0,7.0,27.0,0.1,0.075,0.2,1.0,929.0,0.0,0.0,0.08719052744886975
42.0,7.0,28.0,0.1,0.075,0.2,1.0,885.0,0.0,0.0,0.0903954802259887
42.0,7.0,29.0,0.1,0.075,0.2,1.0,877.0,0.0,0.0,0.09122006841505131
42.0,7.0,30.0,0.1,0.075,0.2,1.0,850.0,0.0,0.0,0.09176470588235294
42.0,7.0,31.0,0.1,0.075,0.2,1.0,844.0,0.0,0.0,0.09123222748815166
42.0,7.0,32.0,0.1,0.075,0.2,1.0,840.0,0.0,0.0,0.09047619047619047
42.0,7.0,33.0,0.1,0.075,0.2,1.0,793.0,0.0,0.0,0.09331651954602774
42.0,7.0,34.0,0.1,0.075,0.2,1.0,772.0,0.0,0.0,0.09326424870466321
42.0,7.0,35.0,0.1,0.075,0.2,1.0,753.0,0.0,0.0,0.09561752988047809
42.0,7.0,36.0,0.1,0.075,0.2,1.0,757.0,0.0,0.0,0.095112285336856
42.0,7.0,37.0,0.1,0.075,0.2,1.0,754.0,0.0,0.0,0.09549071618037135
42.0,7.0,38.0,0.1,0.075,0.2,1.0,743.0,0.0,0.0,0.09421265141318977
42.0,7.0,39.0,0.1,0.075,0.2,1.0,731.0,0.0,0.0,0.09575923392612859
42.0,7.0,40.0,0.1,0.075,0.2,1.0,711.0,0.0,0.0,0.09845288326300984
42.0,7.0,41.0,0.1,0.075,0.2,1.0,695.0,0.0,0.0,0.09640287769784173
42.0,7.0,42.0,0.1,0.075,0.2,1.0,702.0,0.0,0.0,0.09686609686609686
42.0,7.0,43.0,0.1,0.075,0.2,1.0,692.0,0.0,0.0,0.0968208092485549
42.0,7.0,44.0,0.1,0.075,0.2,1.0,697.0,0.0,0.0,0.0975609756097561
42.0,7.0,45.0,0.1,0.075,0.2,1.0,691.0,0.0,0.0,0.1548480463096961
42.0,7.0,46.0,0.1,0.075,0.2,1.0,684.0,0.0,0.0,0.15497076023391812
42.0,7.0,47.0,0.1,0.075,0.2,1.0,662.0,0.0,0.0,0.15256797583081572
42.0,7.0,48.0,0.1,0.075,0.2,1.0,668.0,0.0,0.0,0.15419161676646706
42.0,7.0,49.0,0.1,0.075,0.2,1.0,647.0,0.0,0.0,0.14992272024729522
42.0,7.0,50.0,0.1,0.075,0.2,1.0,652.0,0.0,0.0,0.15337423312883436
42.0,7.0,51.0,0.1,0.075,0.2,1.0,647.0,0.0,0.0,0.14992272024729522
42.0,7.0,52.0,0.1,0.075,0.2,1.0,648.0,0.0,0.0,0.15123456790123457
42.0,8.0,1.0,0.1,0.075,0.2,1.0,649.0,0.0,0.0,0.14946070878274267
42.0,8.0,2.0,0.1,0.075,0.2,1.0,648.0,0.0,0.0,0.15123456790123457
42.0,8.0,3.0,0.1,0.075,0.2,1.0,633.0,0.0,0.0,0.1500789889415482
42.0,8.0,4.0,0.1,0.075,0.2,1.0,624.0,0.0,0.0,0.15064102564102563
42.0,8.0,5.0,0.1,0.075,0.2,1.0,621.0,0.0,0.0,0.1497584541062802
42.0,8.0,6.0,0.1,0.075,0.2,1.0,623.0,0.0,0.0,0.1508828250401284
42.0,8.0,7.0,0.1,0.075,0.2,1.0,620.0,0.0,0.0,0.15
42.0,8.0,8.0,0.1,0.075,0.2,1.0,619.0,0.0,0.0,0.1518578352180937
42.0,8.0,9.0,0.1,0.075,0.2,1.0,612.0,0.0,0.0,0.15196078431372548
42.0,8.0,10.0,0.1,0.075,0.2,1.0,621.0,0.0,0.0,0.15136876006441224
42.0,8.0,11.0,0.1,0.075,0.2,1.0,614.0,0.0,0.0,0.15146579804560262
42.0,8.0,12.0,0.1,0.075,0.2,1.0,620.0,0.0,0.0,0.15161290322580645
42.0,8.0,13.0,0.1,0.075,0.2,1.0,611.0,0.0,0.0,0.15220949263502456
42.0,8.0,14.0,0.1,0.075,0.2,1.0,615.0,0.0,0.0,0.15284552845528454
42.0,8.0,15.0,0.1,0.075,0.2,1.0,607.0,0.0,0.0,0.15321252059308071
42.0,8.0,16.0,0.1,0.075,0.2,1.0,608.0,0.0,0.0,0.15460526315789475
42.0,8.0,17.0,0.1,0.075,0.2,1.0,594.0,0.0,0.0,0.1531986531986532
42.0,8.0,18.0,0.1,0.075,0.2,1.0,597.0,0.0,0.0,0.1541038525963149
42.0,8.0,19.0,0.1,0.075,0.2,1.0,595.0,0.0,0.0,0.15294117647058825
42.0,8.0,20.0,0.1,0.075,0.2,1.0,1069.0,0.0,0.0,0.08606173994387278
42.0,8.0,21.0,0.1,0.075,0.2,1.0,973.0,0.0,0.0,0.08941418293936279
42.0,8.0,22.0,0.1,0.075,0.2,1.0,959.0,0.0,0.0,0.0886339937434828
42.0,8.0,23.0,0.1,0.075,0.2,1.0,952.0,0.0,0.0,0.08823529411764706
42.0,8.0,24.0,0.1,0.075,0.2,1.0,960.0,0.0,0.0,0.08854166666666667
42.0,8.0,25.0,0.1,0.075,0.2,1.0,947.0,0.0,0.0,0.08870116156282999
42.0,8.0,26.0,0.1,0.075,0.2,1.0,933.0,0.0,0.0,0.08896034297963558
42.0,8.0,27.0,0.1,0.075,0.2,1.0,904.0,0.0,0.0,0.09070796460176991
42.0,8.0,28.0,0.1,0.075,0.2,1.0,878.0,0.0,0.0,0.09339407744874716
42.0,8.0,29.0,0.1,0.075,0.2,1.0,846.0,0.0,0.0,0.09456264775413711
42.0,8.0,30.0,0.1,0.075,0.2,1.0,846.0,0.0,0.0,0.09456264775413711
42.0,8.0,31.0,0.1,0.075,0.2,1.0,808.0,0.0,0.0,0.0952970297029703
42.0,8.0,32.0,0.1,0.075,0.2,1.0,809.0,0.0,0.0,0.09641532756489493
42.0,8.0,33.0,0.1,0.075,0.2,1.0,784.0,0.0,0.0,0.09693877551020408
42.0,8.0,34.0,0.1,0.075,0.2,1.0,795.0,0.0,0.0,0.09685534591194969
42.0,8.0,35.0,0.1,0.075,0.2,1.0,762.0,0.0,0.0,0.0984251968503937
42.0,8.0,36.0,0.1,0.075,0.2,1.0,771.0,0.0,0.0,0.0959792477302205
42.0,8.0,37.0,0.1,0.075,0.2,1.0,749.0,0.0,0.0,0.10013351134846461
42.0,8.0,38.0,0.1,0.075,0.2,1.0,755.0,0.0,0.0,0.09801324503311258
42.0,8.0,39.0,0.1,0.075,0.2,1.0,749.0,0.0,0.0,0.10013351134846461
42.0,8.0,40.0,0.1,0.075,0.2,1.0,757.0,0.0,0.0,0.0977542932628798
42.0,8.0,41.0,0.1,0.075,0.2,1.0,753.0,0.0,0.0,0.099601593625498
42.0,8.0,42.0,0.1,0.075,0.2,1.0,757.0,0.0,0.0,0.0977542932628798
42.0,8.0,43.0,0.1,0.075,0.2,1.0,749.0,0.0,0.0,0.10013351134846461
42.0,8.0,44.0,0.1,0.075,0.2,1.0,756.0,0.0,0.0,0.09788359788359788
42.0,8.0,45.0,0.1,0.075,0.2,1.0,746.0,0.0,0.0,0.1769436997319035
42.0,8.0,46.0,0.1,0.075,0.2,1.0,752.0,0.0,0.0,0.17287234042553193
42.0,8.0,47.0,0.1,0.075,0.2,1.0,726.0,0.0,0.0,0.17768595041322313
42.0,8.0,48.0,0.1,0.075,0.2,1.0,730.0,0.0,0.0,0.17123287671232876
42.0,8.0,49.0,0.1,0.075,0.2,1.0,711.0,0.0,0.0,0.180028129395218
42.0,8.0,50.0,0.1,0.075,0.2,1.0,715.0,0.0,0.0,0.17342657342657342
42.0,8.0,51.0,0.1,0.075,0.2,1.0,712.0,0.0,0.0,0.1797752808988764
42.0,8.0,52.0,0.1,0.075,0.2,1.0,713.0,0.0,0.0,0.17391304347826086
42.0,9.0,1.0,0.1,0.075,0.2,1.0,714.0,0.0,0.0,0.18067226890756302
42.0,9.0,2.0,0.1,0.075,0.2,1.0,714.0,0.0,0.0,0.17507002801120447
42.0,9.0,3.0,0.1,0.075,0.2,1.0,701.0,0.0,0.0,0.1825962910128388
42.0,9.0,4.0,0.1,0.075,0.2,1.0,700.0,0.0,0.0,0.17714285714285713
42.0,9.0,5.0,0.1,0.075,0.2,1.0,697.0,0.0,0.0,0.18077474892395984
42.0,9.0,6.0,0.1,0.075,0.2,1.0,695.0,0.0,0.0,0.17841726618705037
42.0,9.0,7.0,0.1,0.075,0.2,1.0,679.0,0.0,0.0,0.18556701030927836
42.0,9.0,8.0,0.1,0.075,0.2,1.0,678.0,0.0,0.0,0.18436578171091444
42.0,9.0,9.0,0.1,0.075,0.2,1.0,677.0,0.0,0.0,0.18463810930576072
42.0,9.0,10.0,0.1,0.075,0.2,1.0,665.0,0.0,0.0,0.18646616541353384
42.0,9.0,11.0,0.1,0.075,0.2,1.0,661.0,0.0,0.0,0.19213313161875945
42.0,9.0,12.0,0.1,0.075,0.2,1.0,666.0,0.0,0.0,0.18468468468468469
42.0,9.0,13.0,0.1,0.075,0.2,1.0,643.0,0.0,0.0,0.18818040435458788
42.0,9.0,14.0,0.1,0.075,0.2,1.0,644.0,0.0,0.0,0.18478260869565216
42.0,9.0,15.0,0.1,0.075,0.2,1.0,640.0,0.0,0.0,0.1890625
42.0,9.0,16.0,0.1,0.075,0.2,1.0,646.0,0.0,0.0,0.1873065015479876
42.0,9.0,17.0,0.1,0.075,0.2,1.0,639.0,0.0,0.0,0.18935837245696402
42.0,9.0,18.0,0.1,0.075,0.2,1.0,643.0,0.0,0.0,0.18662519440124417
42.0,9.0,19.0,0.1,0.075,0.2,1.0,637.0,0.0,0.0,0.18838304552590268
42.0,9.0,20.0,0.1,0.075,0.2,1.0,1234.0,0.0,0.0,0.09481361426256078
42.0,9.0,21.0,0.1,0.075,0.2,1.0,1210.0,0.0,0.0,0.09669421487603305
42.0,9.0,22.0,0.1,0.075,0.2,1.0,1166.0,0.0,0.0,0.09862778730703259
42.0,9.0,23.0,0.1,0.075,0.2,1.0,1143.0,0.0,0.0,0.09886264216972879
42.0,9.0,24.0,0.1,0.075,0.2,1.0,1139.0,0.0,0.0,0.09833187006145742
42.0,9.0,25.0,0.1,0.075,0.2,1.0,1107.0,0.0,0.0,0.0993676603432701
42.0,9.0,26.0,0.1,0.075,0.2,1.0,1082.0,0.0,0.0,0.10166358595194085
42.0,9.0,27.0,0.1,0.075,0.2,1.0,1081.0,0.0,0.0,0.10083256244218317
42.0,9.0,28.0,0.1,0.075,0.2,1.0,1072.0,0.0,0.0,0.10261194029850747
42.0,9.0,29.0,0.1,0.075,0.2,1.0,1047.0,0.0,0.0,0.1041069723018147
42.0,9.0,30.0,0.1,0.075,0.2,1.0,1033.0,0.0,0.0,0.10358180058083252
42.0,9.0,31.0,0.1,0.075,0.2,1.0,992.0,0.0,0.0,0.1028225806451613
42.0,9.0,32.0,0.1,0.075,0.2,1.0,987.0,0.0,0.0,0.10435663627152988
42.0,9.0,33.0,0.1,0.075,0.2,1.0,940.0,0.0,0.0,0.1074468085106383
42.0,9.0,34.0,0.1,0.075,0.2,1.0,924.0,0.0,0.0,0.10930735930735931
42.0,9.0,35.0,0.1,0.075,0.2,1.0,883.0,0.0,0.0,0.11098527746319366
42.0,9.0,36.0,0.1,0.075,0.2,1.0,901.0,0.0,0.0,0.10987791342952276
42.0,9.0,37.0,0.1,0.075,0.2,1.0,864.0,0.0,0.0,0.11226851851851852
42.0,9.0,38.0,0.1,0.075,0.2,1.0,855.0,0.0,0.0,0.11345029239766082
42.0,9.0,39.0,0.1,0.075,0.2,1.0,839.0,0.0,0.0,0.11442193087008343
42.0,9.0,40.0,0.1,0.075,0.2,1.0,845.0,0.0,0.0,0.11479289940828402
42.0,9.0,41.0,0.1,0.075,0.2,1.0,834.0,0.0,0.0,0.11390887290167866
42.0,9.0,42.0,0.1,0.075,0.2,1.0,844.0,0.0,0.0,0.11374407582938388
42.0,9.0,43.0,0.1,0.075,0.2,1.0,830.0,0.0,0.0,0.1144578313253012
42.0,9.0,44.0,0.1,0.075,0.2,1.0,812.0,0.0,0.0,0.11945812807881774
42.0,9.0,45.0,0.1,0.075,0.2,1.0,773.0,0.0,0.0,0.18758085381630013
42.0,9.0,46.0,0.1,0.075,0.2,1.0,790.0,0.0,0.0,0.18734177215189873
42.0,9.0,47.0,0.1,0.075,0.2,1.0,777.0,0.0,0.0,0.1879021879021879
42.0,9.0,48.0,0.1,0.075,0.2,1.0,785.0,0.0,0.0,0.18980891719745224
42.0,9.0,49.0,0.1,0.075,0.2,1.0,782.0,0.0,0.0,0.18925831202046037
42.0,9.0,50.0,0.1,0.075,0.2,1.0,779.0,0.0,0.0,0.18870346598202825
42.0,9.0,51.0,0.1,0.075,0.2,1.0,775.0,0.0,0.0,0.1896774193548387
42.0,9.0,52.0,0.1,0.075,0.2,1.0,782.0,0.0,0.0,0.18925831202046037
42.0,10.0,1.0,0.1,0.075,0.2,1.0,777.0,0.0,0.0,0.1879021879021879
42.0,10.0,2.0,0.1,0.075,0.2,1.0,780.0,0.0,0.0,0.18846153846153846
42.0,10.0,3.0,0.1,0.075,0.2,1.0,747.0,0.0,0.0,0.19410977242302543
42.0,10.0,4.0,0.1,0.075,0.2,1.0,752.0,0.0,0.0,0.19414893617021275
42.0,10.0,5.0,0.1,0.075,0.2,1.0,743.0,0.0,0.0,0.19650067294751009
42.0,10.0,6.0,0.1,0.075,0.2,1.0,749.0,0.0,0.0,0.19492656875834447
42.0,10.0,7.0,0.1,0.075,0.2,1.0,736.0,0.0,0.0,0.19429347826086957
42.0,10.0,8.0,0.1,0.075,0.2,1.0,734.0,0.0,0.0,0.19618528610354224
42.0,10.0,9.0,0.1,0.075,0.2,1.0,726.0,0.0,0.0,0.19559228650137742
42.0,10.0,10.0,0.1,0.075,0.2,1.0,725.0,0.0,0.0,0.19724137931034483
42.0,10.0,11.0,0.1,0.075,0.2,1.0,720.0,0.0,0.0,0.19722222222222222
42.0,10.0,12.0,0.1,0.075,0.2,1.0,723.0,0.0,0.0,0.19778699861687413
42.0,10.0,13.0,0.1,0.075,0.2,1.0,712.0,0.0,0.0,0.199438202247191
42.0,10.0,14.0,0.1,0.075,0.2,1.0,722.0,0.0,0.0,0.19806094182825484
42.0,10.0,15.0,0.1,0.075,0.2,1.0,714.0,0.0,0.0,0.19887955182072828
42.0,10.0,16.0,0.1,0.075,0.2,1.0,715.0,0.0,0.0,0.1986013986013986
42.0,10.0,17.0,0.1,0.075,0.2,1.0,712.0,0.0,0.0,0.199438202247191
42.0,10.0,18.0,0.1,0.075,0.2,1.0,720.0,0.0,0.0,0.1986111111111111
42.0,10.0,19.0,0.1,0.075,0.2,1.0,712.0,0.0,0.0,0.199438202247191
42.0,10.0,20.0,0.1,0.075,0.2,1.0,1257.0,0.0,0.0,0.10580747812251393
42.0,10.0,21.0,0.1,0.075,0.2,1.0,1232.0,0.0,0.0,0.10551948051948051
42.0,10.0,22.0,0.1,0.075,0.2,1.0,1200.0,0.0,0.0,0.10916666666666666
42.0,10.0,23.0,0.1,0.075,0.2,1.0,1203.0,0.0,0.0,0.10889443059019119
42.0,10.0,24.0,0.1,0.075,0.2,1.0,1154.0,0.0,0.0,0.10918544194107452
42.0,10.0,25.0,0.1,0.075,0.2,1.0,1134.0,0.0,0.0,0.1111111111111111
42.0,10.0,26.0,0.1,0.075,0.2,1.0,1072.0,0.0,0.0,0.11194029850746269
42.0,10.0,27.0,0.1,0.075,0.2,1.0,1047.0,0.0,0.0,0.11556829035339064
42.0,10.0,28.0,0.1,0.075,0.2,1.0,1051.0,0.0,0.0,0.11607992388201713
42.0,10.0,29.0,0.1,0.075,0.2,1.0,987.0,0.0,0.0,0.11752786220871327
42.0,10.0,30.0,0.1,0.075,0.2,1.0,993.0,0.0,0.0,0.11782477341389729
42.0,10.0,31.0,0.1,0.075,0.2,1.0,966.0,0.0,0.0,0.11904761904761904
42.0,10.0,32.0,0.1,0.075,0.2,1.0,953.0,0.0,0.0,0.11857292759706191
42.0,10.0,33.0,0.1,0.075,0.2,1.0,944.0,0.0,0.0,0.11970338983050847
42.0,10.0,34.0,0.1,0.075,0.2,1.0,949.0,0.0,0.0,0.11801896733403583
42.0,10.0,35.0,0.1,0.075,0.2,1.0,935.0,0.0,0.0,0.11871657754010695
42.0,10.0,36.0,0.1,0.075,0.2,1.0,892.0,0.0,0.0,0.12219730941704036
42.0,10.0,37.0,0.1,0.075,0.2,1.0,906.0,0.0,0.0,0.12141280353200883
42.0,10.0,38.0,0.1,0.075,0.2,1.0,893.0,0.0,0.0,0.12206047032474804
42.0,10.0,39.0,0.1,0.075,0.2,1.0,884.0,0.0,0.0,0.12330316742081449
42.0,10.0,40.0,0.1,0.075,0.2,1.0,873.0,0.0,0.0,0.12371134020618557
42.0,10.0,41.0,0.1,0.075,0.2,1.0,843.0,0.0,0.0,0.12099644128113879
42.0,10.0,42.0,0.1,0.075,0.2,1.0,823.0,0.0,0.0,0.1227217496962333
42.0,10.0,43.0,0.1,0.075,0.2,1.0,809.0,0.0,0.0,0.1260815822002472
42.0,10.0,44.0,0.1,0.075,0.2,1.0,797.0,0.0,0.0,0.12547051442910917
42.0,10.0,45.0,0.1,0.075,0.2,1.0,788.0,0.0,0.0,0.1814720812182741
42.0,10.0,46.0,0.1,0.075,0.2,1.0,788.0,0.0,0.0,0.18274111675126903
42.0,10.0,47.0,0.1,0.075,0.2,1.0,788.0,0.0,0.0,0.1802030456852792
42.0,10.0,48.0,0.1,0.075,0.2,1.0,776.0,0.0,0.0,0.18427835051546393
42.0,10.0,49.0,0.1,0.075,0.2,1.0,779.0,0.0,0.0,0.18613607188703465
42.0,10.0,50.0,0.1,0.075,0.2,1.0,768.0,0.0,0.0,0.1875
42.0,10.0,51.0,0.1,0.075,0.2,1.0,767.0,0.0,0.0,0.1864406779661017
42.0,10.0,52.0,0.1,0.075,0.2,1.0,746.0,0.0,0.0,0.19168900804289543
43.0,1.0,1.0,0.1,0.075,0.2,1.0,5143.0,47.0,4.0,0.09741396072331324
43.0,1.0,2.0,0.1,0.075,0.2,1.0,5073.0,50.0,15.0,0.09698403311649911
43.0,1.0,3.0,0.1,0.075,0.2,1.0,5026.0,58.0,26.0,0.09848786311181855
43.0,1.0,4.0,0.1,0.075,0.2,1.0,4969.0,70.0,32.0,0.09760515194204065
43.0,1.0,5.0,0.1,0.075,0.2,1.0,5035.0,88.0,34.0,0.09990069513406157
43.0,1.0,6.0,0.1,0.075,0.2,1.0,4914.0,112.0,37.0,0.09971509971509972
43.0,1.0,7.0,0.1,0.075,0.2,1.0,4806.0,149.0,52.0,0.10133166874739909
43.0,1.0,8.0,0.1,0.075,0.2,1.0,4703.0,180.0,58.0,0.10142462258133106
43.0,1.0,9.0,0.1,0.075,0.2,1.0,4606.0,196.0,74.0,0.10117238384715588
43.0,1.0,10.0,0.1,0.075,0.2,1.0,4469.0,234.0,80.0,0.1018124860147684
43.0,1.0,11.0,0.1,0.075,0.2,1.0,4324.0,265.0,101.0,0.10291396854764108
43.0,1.0,12.0,0.1,0.075,0.2,1.0,4171.0,304.0,116.0,0.10357228482378326
43.0,1.0,13.0,0.1,0.075,0.2,1.0,4051.0,326.0,144.0,0.10343125154282894
43.0,1.0,14.0,0.1,0.075,0.2,1.0,3973.0,370.0,152.0,0.10445507173420589
43.0,1.0,15.0,0.1,0.075,0.2,1.0,3862.0,386.0,157.0,0.10486794407042983
43.0,1.0,16.0,0.1,0.075,0.2,1.0,3712.0,382.0,179.0,0.10452586206896551
43.0,1.0,17.0,0.1,0.075,0.2,1.0,3632.0,387.0,195.0,0.10737885462555066
43.0,1.0,18.0,0.1,0.075,0.2,1.0,3503.0,385.0,209.0,0.10790750785041393
43.0,1.0,19.0,0.1,0.075,0.2,1.0,3413.0,361.0,184.0,0.11016700849692353
43.0,1.0,20.0,0.1,0.075,0.2,1.0,6266.0,335.0,170.0,0.05904883498244494
43.0,1.0,21.0,0.1,0.075,0.2,1.0,5862.0,373.0,147.0,0.06141248720573183
43.0,1.0,22.0,0.1,0.075,0.2,1.0,5649.0,403.0,161.0,0.06302000354044963
43.0,1.0,23.0,0.1,0.075,0.2,1.0,5314.0,418.0,175.0,0.06529920963492661
43.0,1.0,24.0,0.1,0.075,0.2,1.0,4939.0,471.0,188.0,0.06701761490180198
43.0,1.0,25.0,0.1,0.075,0.2,1.0,4658.0,511.0,214.0,0.068699012451696
43.0,1.0,26.0,0.1,0.075,0.2,1.0,4452.0,549.0,231.0,0.07210242587601078
43.0,1.0,27.0,0.1,0.075,0.2,1.0,4174.0,582.0,258.0,0.07307139434595113
43.0,1.0,28.0,0.1,0.075,0.2,1.0,3945.0,572.0,257.0,0.07477820025348543
43.0,1.0,29.0,0.1,0.075,0.2,1.0,3704.0,565.0,239.0,0.07775377969762419
43.0,1.0,30.0,0.1,0.075,0.2,1.0,3474.0,551.0,253.0,0.08203799654576857
43.0,1.0,31.0,0.1,0.075,0.2,1.0,3227.0,521.0,244.0,0.08521846916640843
43.0,1.0,32.0,0.1,0.075,0.2,1.0,3037.0,523.0,237.0,0.08956206783009549
43.0,1.0,33.0,0.1,0.075,0.2,1.0,2870.0,479.0,229.0,0.09163763066202091
43.0,1.0,34.0,0.1,0.075,0.2,1.0,2768.0,458.0,231.0,0.09609826589595376
43.0,1.0,35.0,0.1,0.075,0.2,1.0,2578.0,425.0,203.0,0.10007757951900698
43.0,1.0,36.0,0.1,0.075,0.2,1.0,2429.0,426.0,197.0,0.10415808974886785
43.0,1.0,37.0,0.1,0.075,0.2,1.0,2294.0,398.0,177.0,0.10723626852659111
43.0,1.0,38.0,0.1,0.075,0.2,1.0,2188.0,406.0,192.0,0.11288848263254113
43.0,1.0,39.0,0.1,0.075,0.2,1.0,2067.0,369.0,177.0,0.1165940977261732
43.0,1.0,40.0,0.1,0.075,0.2,1.0,1943.0,363.0,172.0,0.12300566134843026
43.0,1.0,41.0,0.1,0.075,0.2,1.0,1862.0,345.0,163.0,0.12781954887218044
43.0,1.0,42.0,0.1,0.075,0.2,1.0,1727.0,308.0,149.0,0.1343370005790388
43.0,1.0,43.0,0.1,0.075,0.2,1.0,1662.0,285.0,146.0,0.14139590854392298
43.0,1.0,44.0,0.1,0.075,0.2,1.0,1552.0,286.0,146.0,0.14626288659793815
43.0,1.0,45.0,0.1,0.075,0.2,1.0,1484.0,266.0,138.0,0.2095687331536388
43.0,1.0,46.0,0.1,0.075,0.2,1.0,1414.0,231.0,120.0,0.214992927864215
43.0,1.0,47.0,0.1,0.075,0.2,1.0,1352.0,220.0,103.0,0.22337278106508876
43.0,1.0,48.0,0.1,0.075,0.2,1.0,1268.0,223.0,105.0,0.22555205047318613
43.0,1.0,49.0,0.1,0.075,0.2,1.0,1180.0,191.0,102.0,0.23389830508474577
43.0,1.0,50.0,0.1,0.075,0.2,1.0,1137.0,189.0,105.0,0.23482849604221637
43.0,1.0,51.0,0.1,0.075,0.2,1.0,1089.0,161.0,93.0,0.24426078971533516
43.0,1.0,52.0,0.1,0.075,0.2,1.0,1038.0,139.0,80.0,0.24759152215799615
43.0,2.0,1.0,0.1,0.075,0.2,1.0,1006.0,127.0,66.0,0.2504970178926441
43.0,2.0,2.0,0.1,0.075,0.2,1.0,967.0,112.0,65.0,0.2564632885211996
43.0,2.0,3.0,0.1,0.075,0.2,1.0,927.0,98.0,53.0,0.26105717367853293
43.0,2.0,4.0,0.1,0.075,0.2,1.0,895.0,95.0,53.0,0.27262569832402234
43.0,2.0,5.0,0.1,0.075,0.2,1.0,868.0,71.0,39.0,0.27764976958525345
43.0,2.0,6.0,0.1,0.075,0.2,1.0,840.0,65.0,43.0,0.2869047619047619
43.0,2.0,7.0,0.1,0.075,0.2,1.0,823.0,54.0,32.0,0.29040097205346294
43.0,2.0,8.0,0.1,0.075,0.2,1.0,794.0,47.0,26.0,0.2972292191435768
43.0,2.0,9.0,0.1,0.075,0.2,1.0,786.0,35.0,21.0,0.2989821882951654
43.0,2.0,10.0,0.1,0.075,0.2,1.0,765.0,31.0,18.0,0.3045751633986928
43.0,2.0,11.0,0.1,0.075,0.2,1.0,759.0,24.0,18.0,0.3069828722002635
43.0,2.0,12.0,0.1,0.075,0.2,1.0,742.0,22.0,13.0,0.31266846361185985
43.0,2.0,13.0,0.1,0.075,0.2,1.0,738.0,20.0,12.0,0.31029810298102983
43.0,2.0,14.0,0.1,0.075,0.2,1.0,723.0,15.0,7.0,0.3153526970954357
43.0,2.0,15.0,0.1,0.075,0.2,1.0,722.0,12.0,6.0,0.31301939058171746
43.0,2.0,16.0,0.1,0.075,0.2,1.0,705.0,14.0,7.0,0.3177304964539007
43.0,2.0,17.0,0.1,0.075,0.2,1.0,711.0,12.0,7.0,0.3136427566807314
43.0,2.0,18.0,0.1,0.075,0.2,1.0,694.0,12.0,7.0,0.3170028818443804
43.0,2.0,19.0,0.1,0.075,0.2,1.0,699.0,10.0,4.0,0.3133047210300429
43.0,2.0,20.0,0.1,0.075,0.2,1.0,1254.0,8.0,2.0,0.1722488038277512
43.0,2.0,21.0,0.1,0.075,0.2,1.0,1267.0,9.0,3.0,0.17048145224940806
43.0,2.0,22.0,0.1,0.075,0.2,1.0,1237.0,13.0,6.0,0.1713823767178658
43.0,2.0,23.0,0.1,0.075,0.2,1.0,1257.0,16.0,7.0,0.17024661893396978
43.0,2.0,24.0,0.1,0.075,0.2,1.0,1218.0,18.0,7.0,0.17159277504105092
43.0,2.0,25.0,0.1,0.075,0.2,1.0,1213.0,13.0,6.0,0.1731244847485573
43.0,2.0,26.0,0.1,0.075,0.2,1.0,1169.0,15.0,7.0,0.1727972626176219
43.0,2.0,27.0,0.1,0.075,0.2,1.0,1163.0,14.0,4.0,0.17454858125537404
43.0,2.0,28.0,0.1,0.075,0.2,1.0,1143.0,24.0,9.0,0.17410323709536307
43.0,2.0,29.0,0.1,0.075,0.2,1.0,1135.0,15.0,6.0,0.1726872246696035
43.0,2.0,30.0,0.1,0.075,0.2,1.0,1116.0,18.0,6.0,0.17204301075268819
43.0,2.0,31.0,0.1,0.075,0.2,1.0,1098.0,11.0,6.0,0.17122040072859745
43.0,2.0,32.0,0.1,0.075,0.2,1.0,1056.0,10.0,6.0,0.17045454545454544
43.0,2.0,33.0,0.1,0.075,0.2,1.0,1065.0,10.0,8.0,0.1727699530516432
43.0,2.0,34.0,0.1,0.075,0.2,1.0,1041.0,6.0,5.0,0.17098943323727187
43.0,2.0,35.0,0.1,0.075,0.2,1.0,1026.0,4.0,2.0,0.17446393762183235
43.0,2.0,36.0,0.1,0.075,0.2,1.0,1019.0,1.0,0.0,0.17271835132482827
43.0,2.0,37.0,0.1,0.075,0.2,1.0,1010.0,1.0,0.0,0.17524752475247524
43.0,2.0,38.0,0.1,0.075,0.2,1.0,1003.0,1.0,1.0,0.17347956131605186
43.0,2.0,39.0,0.1,0.075,0.2,1.0,1000.0,1.0,1.0,0.174
43.0,2.0,40.0,0.1,0.075,0.2,1.0,986.0,1.0,1.0,0.1724137931034483
43.0,2.0,41.0,0.1,0.075,0.2,1.0,940.0,0.0,0.0,0.1723404255319149
43.0,2.0,42.0,0.1,0.075,0.2,1.0,932.0,0.0,0.0,0.17167381974248927
43.0,2.0,43.0,0.1,0.075,0.2,1.0,931.0,0.0,0.0,0.17400644468313642
43.0,2.0,44.0,0.1,0.075,0.2,1.0,909.0,0.0,0.0,0.17271727172717272
43.0,2.0,45.0,0.1,0.075,0.2,1.0,899.0,0.0,0.0,0.2347052280311457
43.0,2.0,46.0,0.1,0.075,0.2,1.0,885.0,0.0,0.0,0.23389830508474577
43.0,2.0,47.0,0.1,0.075,0.2,1.0,880.0,0.0,0.0,0.2340909090909091
43.0,2.0,48.0,0.1,0.075,0.2,1.0,852.0,0.0,0.0,0.2347417840375587
43.0,2.0,49.0,0.1,0.075,0.2,1.0,852.0,0.0,0.0,0.23591549295774647
43.0,2.0,50.0,0.1,0.075,0.2,1.0,836.0,0.0,0.0,0.23564593301435408
43.0,2.0,51.0,0.1,0.075,0.2,1.0,834.0,0.0,0.0,0.23381294964028776
43.0,2.0,52.0,0.1,0.075,0.2,1.0,822.0,0.0,0.0,0.23236009732360097
43.0,3.0,1.0,0.1,0.075,0.2,1.0,817.0,0.0,0.0,0.23255813953488372
43.0,3.0,2.0,0.1,0.075,0.2,1.0,809.0,0.0,0.0,0.2323856613102596
43.0,3.0,3.0,0.1,0.075,0.2,1.0,808.0,0.0,0.0,0.23143564356435645
43.0,3.0,4.0,0.1,0.075,0.2,1.0,802.0,0.0,0.0,0.23067331670822944
43.0,3.0,5.0,0.1,0.075,0.2,1.0,800.0,0.0,0.0,0.23125
43.0,3.0,6.0,0.1,0.075,0.2,1.0,792.0,0.0,0.0,0.22853535353535354
43.0,3.0,7.0,0.1,0.075,0.2,1.0,795.0,0.0,0.0,0.23018867924528302
43.0,3.0,8.0,0.1,0.075,0.2,1.0,784.0,0.0,0.0,0.22831632653061223
43.0,3.0,9.0,0.1,0.075,0.2,1.0,782.0,0.0,0.0,0.23273657289002558
43.0,3.0,10.0,0.1,0.075,0.2,1.0,770.0,0.0,0.0,0.23246753246753246
43.0,3.0,11.0,0.1,0.075,0.2,1.0,767.0,0.0,0.0,0.23468057366362452
43.0,3.0,12.0,0.1,0.075,0.2,1.0,751.0,0.0,0.0,0.23568575233022637
43.0,3.0,13.0,0.1,0.075,0.2,1.0,745.0,0.0,0.0,0.23758389261744967
43.0,3.0,14.0,0.1,0.075,0.2,1.0,736.0,0.0,0.0,0.23777173913043478
43.0,3.0,15.0,0.1,0.075,0.2,1.0,735.0,0.0,0.0,0.23945578231292516
43.0,3.0,16.0,0.1,0.075,0.2,1.0,731.0,0.0,0.0,0.23666210670314639
43.0,3.0,17.0,0.1,0.075,0.2,1.0,730.0,0.0,0.0,0.236986301369863
43.0,3.0,18.0,0.1,0.075,0.2,1.0,730.0,0.0,0.0,0.236986301369863
43.0,3.0,19.0,0.1,0.075,0.2,1.0,728.0,0.0,0.0,0.23626373626373626
43.0,3.0,20.0,0.1,0.075,0.2,1.0,1351.0,0.0,0.0,0.12435233160621761
43.0,3.0,21.0,0.1,0.075,0.2,1.0,1359.0,0.0,0.0,0.12362030905077263
43.0,3.0,22.0,0.1,0.075,0.2,1.0,1271.0,0.0,0.0,0.12667191188040913
43.0,3.0,23.0,0.1,0.075,0.2,1.0,1233.0,0.0,0.0,0.1273317112733171
43.0,3.0,24.0,0.1,0.075,0.2,1.0,1193.0,0.0,0.0,0.12992455993294216
43.0,3.0,25.0,0.1,0.075,0.2,1.0,1152.0,0.0,0.0,0.1284722222222222
43.0,3.0,26.0,0.1,0.075,0.2,1.0,1136.0,0.0,0.0,0.125
43.0,3.0,27.0,0.1,0.075,0.2,1.0,1114.0,0.0,0.0,0.12477558348294435
43.0,3.0,28.0,0.1,0.075,0.2,1.0,1072.0,0.0,0.0,0.1296641791044776
43.0,3.0,29.0,0.1,0.075,0.2,1.0,1047.0,0.0,0.0,0.12989493791786055
43.0,3.0,30.0,0.1,0.075,0.2,1.0,1000.0,0.0,0.0,0.131
43.0,3.0,31.0,0.1,0.075,0.2,1.0,1007.0,0.0,0.0,0.1300893743793446
43.0,3.0,32.0,0.1,0.075,0.2,1.0,982.0,0.0,0.0,0.12932790224032586
43.0,3.0,33.0,0.1,0.075,0.2,1.0,992.0,0.0,0.0,0.12701612903225806
43.0,3.0,34.0,0.1,0.075,0.2,1.0,963.0,0.0,0.0,0.12876427829698858
43.0,3.0,35.0,0.1,0.075,0.2,1.0,978.0,0.0,0.0,0.12678936605316973
43.0,3.0,36.0,0.1,0.075,0.2,1.0,945.0,0.0,0.0,0.12486772486772486
43.0,3.0,37.0,0.1,0.075,0.2,1.0,949.0,0.0,0.0,0.12434141201264488
43.0,3.0,38.0,0.1,0.075,0.2,1.0,928.0,0.0,0.0,0.12607758620689655
43.0,3.0,39.0,0.1,0.075,0.2,1.0,924.0,0.0,0.0,0.12554112554112554
43.0,3.0,40.0,0.1,0.075,0.2,1.0,899.0,0.0,0.0,0.12680756395995552
43.0,3.0,41.0,0.1,0.075,0.2,1.0,919.0,0.0,0.0,0.12404787812840043
43.0,3.0,42.0,0.1,0.075,0.2,1.0,874.0,0.0,0.0,0.12585812356979406
43.0,3.0,43.0,0.1,0.075,0.2,1.0,895.0,0.0,0.0,0.12402234636871508
43.0,3.0,44.0,0.1,0.075,0.2,1.0,855.0,0.0,0.0,0.1216374269005848
43.0,3.0,45.0,0.1,0.075,0.2,1.0,863.0,0.0,0.0,0.17381228273464658
43.0,3.0,46.0,0.1,0.075,0.2,1.0,848.0,0.0,0.0,0.17688679245283018
43.0,3.0,47.0,0.1,0.075,0.2,1.0,855.0,0.0,0.0,0.17309941520467836
43.0,3.0,48.0,0.1,0.075,0.2,1.0,835.0,0.0,0.0,0.17365269461077845
43.0,3.0,49.0,0.1,0.075,0.2,1.0,843.0,0.0,0.0,0.16963226571767498
43.0,3.0,50.0,0.1,0.075,0.2,1.0,821.0,0.0,0.0,0.17174177831912302
43.0,3.0,51.0,0.1,0.075,0.2,1.0,804.0,0.0,0.0,0.17537313432835822
43.0,3.0,52.0,0.1,0.075,0.2,1.0,798.0,0.0,0.0,0.17669172932330826
43.0,4.0,1.0,0.1,0.075,0.2,1.0,783.0,0.0,0.0,0.17752234993614305
43.0,4.0,2.0,0.1,0.075,0.2,1.0,788.0,0.0,0.0,0.17766497461928935
43.0,4.0,3.0,0.1,0.075,0.2,1.0,782.0,0.0,0.0,0.17774936061381075
43.0,4.0,4.0,0.1,0.075,0.2,1.0,785.0,0.0,0.0,0.17834394904458598
43.0,4.0,5.0,0.1,0.075,0.2,1.0,776.0,0.0,0.0,0.17783505154639176
43.0,4.0,6.0,0.1,0.075,0.2,1.0,778.0,0.0,0.0,0.17737789203084833
43.0,4.0,7.0,0.1,0.075,0.2,1.0,768.0,0.0,0.0,0.17708333333333334
43.0,4.0,8.0,0.1,0.075,0.2,1.0,757.0,0.0,0.0,0.17569352708058125
43.0,4.0,9.0,0.1,0.075,0.2,1.0,745.0,0.0,0.0,0.17583892617449665
43.0,4.0,10.0,0.1,0.075,0.2,1.0,745.0,0.0,0.0,0.17718120805369128
43.0,4.0,11.0,0.1,0.075,0.2,1.0,733.0,0.0,0.0,0.17735334242837653
43.0,4.0,12.0,0.1,0.075,0.2,1.0,734.0,0.0,0.0,0.17983651226158037
43.0,4.0,13.0,0.1,0.075,0.2,1.0,724.0,0.0,0.0,0.1781767955801105
43.0,4.0,14.0,0.1,0.075,0.2,1.0,727.0,0.0,0.0,0.17881705639614856
43.0,4.0,15.0,0.1,0.075,0.2,1.0,723.0,0.0,0.0,0.17565698478561548
43.0,4.0,16.0,0.1,0.075,0.2,1.0,729.0,0.0,0.0,0.17832647462277093
43.0,4.0,17.0,0.1,0.075,0.2,1.0,722.0,0.0,0.0,0.1745152354570637
43.0,4.0,18.0,0.1,0.075,0.2,1.0,724.0,0.0,0.0,0.17679558011049723
43.0,4.0,19.0,0.1,0.075,0.2,1.0,718.0,0.0,0.0,0.17409470752089137
43.0,4.0,20.0,0.1,0.075,0.2,1.0,1326.0,0.0,0.0,0.09502262443438914
43.0,4.0,21.0,0.1,0.075,0.2,1.0,1301.0,0.0,0.0,0.09454265949269793
43.0,4.0,22.0,0.1,0.075,0.2,1.0,1305.0,0.0,0.0,0.09578544061302682
43.0,4.0,23.0,0.1,0.075,0.2,1.0,1295.0,0.0,0.0,0.09420849420849421
43.0,4.0,24.0,0.1,0.075,0.2,1.0,1263.0,0.0,0.0,0.0958036421219319
43.0,4.0,25.0,0.1,0.075,0.2,1.0,1216.0,0.0,0.0,0.08963815789473684
43.0,4.0,26.0,0.1,0.075,0.2,1.0,1224.0,0.0,0.0,0.08986928104575163
43.0,4.0,27.0,0.1,0.075,0.2,1.0,1201.0,0.0,0.0,0.08492922564529559
43.0,4.0,28.0,0.1,0.075,0.2,1.0,1158.0,0.0,0.0,0.08635578583765112
43.0,4.0,29.0,0.1,0.075,0.2,1.0,1140.0,0.0,0.0,0.08333333333333333
43.0,4.0,30.0,0.1,0.075,0.2,1.0,1116.0,0.0,0.0,0.08691756272401434
43.0,4.0,31.0,0.1,0.075,0.2,1.0,1101.0,0.0,0.0,0.08174386920980926
43.0,4.0,32.0,0.1,0.075,0.2,1.0,1098.0,0.0,0.0,0.08743169398907104
43.0,4.0,33.0,0.1,0.075,0.2,1.0,1060.0,0.0,0.0,0.08396226415094339
43.0,4.0,34.0,0.1,0.075,0.2,1.0,1037.0,0.0,0.0,0.08871745419479267
43.0,4.0,35.0,0.1,0.075,0.2,1.0,1038.0,0.0,0.0,0.0838150289017341
43.0,4.0,36.0,0.1,0.075,0.2,1.0,996.0,0.0,0.0,0.08835341365461848
43.0,4.0,37.0,0.1,0.075,0.2,1.0,992.0,0.0,0.0,0.08366935483870967
43.0,4.0,38.0,0.1,0.075,0.2,1.0,984.0,0.0,0.0,0.08638211382113821
43.0,4.0,39.0,0.1,0.075,0.2,1.0,983.0,0.0,0.0,0.08341810783316378
43.0,4.0,40.0,0.1,0.075,0.2,1.0,959.0,0.0,0.0,0.0886339937434828
43.0,4.0,41.0,0.1,0.075,0.2,1.0,952.0,0.0,0.0,0.08508403361344538
43.0,4.0,42.0,0.1,0.075,0.2,1.0,921.0,0.0,0.0,0.08686210640608034
43.0,4.0,43.0,0.1,0.075,0.2,1.0,889.0,0.0,0.0,0.08661417322834646
43.0,4.0,44.0,0.1,0.075,0.2,1.0,865.0,0.0,0.0,0.09017341040462427
43.0,4.0,45.0,0.1,0.075,0.2,1.0,849.0,0.0,0.0,0.1696113074204947
43.0,4.0,46.0,0.1,0.075,0.2,1.0,847.0,0.0,0.0,0.16883116883116883
43.0,4.0,47.0,0.1,0.075,0.2,1.0,834.0,0.0,0.0,0.17146282973621102
43.0,4.0,48.0,0.1,0.075,0.2,1.0,818.0,0.0,0.0,0.17359413202933985
43.0,4.0,49.0,0.1,0.075,0.2,1.0,800.0,0.0,0.0,0.1725
43.0,4.0,50.0,0.1,0.075,0.2,1.0,789.0,0.0,0.0,0.17237008871989862
43.0,4.0,51.0,0.1,0.075,0.2,1.0,782.0,0.0,0.0,0.16879795396419436
43.0,4.0,52.0,0.1,0.075,0.2,1.0,785.0,0.0,0.0,0.17070063694267515
43.0,5.0,1.0,0.1,0.075,0.2,1.0,775.0,0.0,0.0,0.1664516129032258
43.0,5.0,2.0,0.1,0.075,0.2,1.0,781.0,0.0,0.0,0.1702944942381562
43.0,5.0,3.0,0.1,0.075,0.2,1.0,773.0,0.0,0.0,0.16688227684346701
43.0,5.0,4.0,0.1,0.075,0.2,1.0,780.0,0.0,0.0,0.16923076923076924
43.0,5.0,5.0,0.1,0.075,0.2,1.0,771.0,0.0,0.0,0.16472114137483787
43.0,5.0,6.0,0.1,0.075,0.2,1.0,772.0,0.0,0.0,0.16968911917098445
43.0,5.0,7.0,0.1,0.075,0.2,1.0,765.0,0.0,0.0,0.16601307189542483
43.0,5.0,8.0,0.1,0.075,0.2,1.0,763.0,0.0,0.0,0.16775884665792923
43.0,5.0,9.0,0.1,0.075,0.2,1.0,756.0,0.0,0.0,0.16534391534391535
43.0,5.0,10.0,0.1,0.075,0.2,1.0,759.0,0.0,0.0,0.1673254281949934
43.0,5.0,11.0,0.1,0.075,0.2,1.0,750.0,0.0,0.0,0.16666666666666666
43.0,5.0,12.0,0.1,0.075,0.2,1.0,738.0,0.0,0.0,0.17073170731707318
43.0,5.0,13.0,0.1,0.075,0.2,1.0,735.0,0.0,0.0,0.16870748299319727
43.0,5.0,14.0,0.1,0.075,0.2,1.0,735.0,0.0,0.0,0.17142857142857143
43.0,5.0,15.0,0.1,0.075,0.2,1.0,731.0,0.0,0.0,0.16826265389876882
43.0,5.0,16.0,0.1,0.075,0.2,1.0,731.0,0.0,0.0,0.17099863201094392
43.0,5.0,17.0,0.1,0.075,0.2,1.0,729.0,0.0,0.0,0.1673525377229081
43.0,5.0,18.0,0.1,0.075,0.2,1.0,731.0,0.0,0.0,0.17099863201094392
43.0,5.0,19.0,0.1,0.075,0.2,1.0,724.0,0.0,0.0,0.1671270718232044
43.0,5.0,20.0,0.1,0.075,0.2,1.0,1274.0,0.0,0.0,0.09654631083202511
43.0,5.0,21.0,0.1,0.075,0.2,1.0,1251.0,0.0,0.0,0.09512390087929656
43.0,5.0,22.0,0.1,0.075,0.2,1.0,1245.0,0.0,0.0,0.09799196787148594
43.0,5.0,23.0,0.1,0.075,0.2,1.0,1228.0,0.0,0.0,0.09446254071661238
43.0,5.0,24.0,0.1,0.075,0.2,1.0,1176.0,0.0,0.0,0.10119047619047619
43.0,5.0,25.0,0.1,0.075,0.2,1.0,1153.0,0.0,0.0,0.10147441457068516
43.0,5.0,26.0,0.1,0.075,0.2,1.0,1119.0,0.0,0.0,0.10455764075067024
43.0,5.0,27.0,0.1,0.075,0.2,1.0,1092.0,0.0,0.0,0.10347985347985347
43.0,5.0,28.0,0.1,0.075,0.2,1.0,1053.0,0.0,0.0,0.10351377018043685
43.0,5.0,29.0,0.1,0.075,0.2,1.0,1035.0,0.0,0.0,0.10048309178743961
43.0,5.0,30.0,0.1,0.075,0.2,1.0,1043.0,0.0,0.0,0.10162991371045062
43.0,5.0,31.0,0.1,0.075,0.2,1.0,1028.0,0.0,0.0,0.10116731517509728
43.0,5.0,32.0,0.1,0.075,0.2,1.0,972.0,0.0,0.0,0.09979423868312758
43.0,5.0,33.0,0.1,0.075,0.2,1.0,944.0,0.0,0.0,0.09639830508474577
43.0,5.0,34.0,0.1,0.075,0.2,1.0,942.0,0.0,0.0,0.09766454352441614
43.0,5.0,35.0,0.1,0.075,0.2,1.0,911.0,0.0,0.0,0.09879253567508232
43.0,5.0,36.0,0.1,0.075,0.2,1.0,920.0,0.0,0.0,0.09891304347826087
43.0,5.0,37.0,0.1,0.075,0.2,1.0,896.0,0.0,0.0,0.09709821428571429
43.0,5.0,38.0,0.1,0.075,0.2,1.0,905.0,0.0,0.0,0.09723756906077348
43.0,5.0,39.0,0.1,0.075,0.2,1.0,891.0,0.0,0.0,0.09652076318742986
43.0,5.0,40.0,0.1,0.075,0.2,1.0,904.0,0.0,0.0,0.09734513274336283
43.0,5.0,41.0,0.1,0.075,0.2,1.0,878.0,0.0,0.0,0.0979498861047836
43.0,5.0,42.0,0.1,0.075,0.2,1.0,891.0,0.0,0.0,0.09876543209876543
43.0,5.0,43.0,0.1,0.075,0.2,1.0,878.0,0.0,0.0,0.0979498861047836
43.0,5.0,44.0,0.1,0.075,0.2,1.0,861.0,0.0,0.0,0.09872241579558652
43.0,5.0,45.0,0.1,0.075,0.2,1.0,849.0,0.0,0.0,0.16725559481743227
43.0,5.0,46.0,0.1,0.075,0.2,1.0,860.0,0.0,0.0,0.16744186046511628
43.0,5.0,47.0,0.1,0.075,0.2,1.0,837.0,0.0,0.0,0.16487455197132617
43.0,5.0,48.0,0.1,0.075,0.2,1.0,853.0,0.0,0.0,0.16295427901524032
43.0,5.0,49.0,0.1,0.075,0.2,1.0,827.0,0.0,0.0,0.16444981862152358
43.0,5.0,50.0,0.1,0.075,0.2,1.0,828.0,0.0,0.0,0.1642512077294686
43.0,5.0,51.0,0.1,0.075,0.2,1.0,817.0,0.0,0.0,0.16401468788249693
43.0,5.0,52.0,0.1,0.075,0.2,1.0,825.0,0.0,0.0,0.16363636363636364
43.0,6.0,1.0,0.1,0.075,0.2,1.0,814.0,0.0,0.0,0.16339066339066338
43.0,6.0,2.0,0.1,0.075,0.2,1.0,823.0,0.0,0.0,0.16281895504252733
43.0,6.0,3.0,0.1,0.075,0.2,1.0,812.0,0.0,0.0,0.1625615763546798
43.0,6.0,4.0,0.1,0.075,0.2,1.0,808.0,0.0,0.0,0.1646039603960396
43.0,6.0,5.0,0.1,0.075,0.2,1.0,798.0,0.0,0.0,0.16290726817042606
43.0,6.0,6.0,0.1,0.075,0.2,1.0,792.0,0.0,0.0,0.16287878787878787
43.0,6.0,7.0,0.1,0.075,0.2,1.0,781.0,0.0,0.0,0.16261203585147246
43.0,6.0,8.0,0.1,0.075,0.2,1.0,787.0,0.0,0.0,0.1613722998729352
43.0,6.0,9.0,0.1,0.075,0.2,1.0,772.0,0.0,0.0,0.15932642487046633
43.0,6.0,10.0,0.1,0.075,0.2,1.0,782.0,0.0,0.0,0.16112531969309463
43.0,6.0,11.0,0.1,0.075,0.2,1.0,769.0,0.0,0.0,0.1599479843953186
43.0,6.0,12.0,0.1,0.075,0.2,1.0,778.0,0.0,0.0,0.16066838046272494
43.0,6.0,13.0,0.1,0.075,0.2,1.0,770.0,0.0,0.0,0.15974025974025974
43.0,6.0,14.0,0.1,0.075,0.2,1.0,776.0,0.0,0.0,0.16108247422680413
43.0,6.0,15.0,0.1,0.075,0.2,1.0,766.0,0.0,0.0,0.16057441253263707
43.0,6.0,16.0,0.1,0.075,0.2,1.0,776.0,0.0,0.0,0.16108247422680413
43.0,6.0,17.0,0.1,0.075,0.2,1.0,766.0,0.0,0.0,0.16057441253263707
43.0,6.0,18.0,0.1,0.075,0.2,1.0,776.0,0.0,0.0,0.16108247422680413
43.0,6.0,19.0,0.1,0.075,0.2,1.0,762.0,0.0,0.0,0.16141732283464566
43.0,6.0,20.0,0.1,0.075,0.2,1.0,1419.0,0.0,0.0,0.08809020436927413
43.0,6.0,21.0,0.1,0.075,0.2,1.0,1353.0,0.0,0.0,0.08795269770879527
43.0,6.0,22.0,0.1,0.075,0.2,1.0,1346.0,0.0,0.0,0.08692421991084695
43.0,6.0,23.0,0.1,0.075,0.2,1.0,1300.0,0.0,0.0,0.0876923076923077
43.0,6.0,24.0,0.1,0.075,0.2,1.0,1286.0,0.0,0.0,0.08864696734059098
43.0,6.0,25.0,0.1,0.075,0.2,1.0,1244.0,0.0,0.0,0.09003215434083602
43.0,6.0,26.0,0.1,0.075,0.2,1.0,1237.0,0.0,0.0,0.09135004042037187
43.0,6.0,27.0,0.1,0.075,0.2,1.0,1196.0,0.0,0.0,0.09364548494983277
43.0,6.0,28.0,0.1,0.075,0.2,1.0,1165.0,0.0,0.0,0.09699570815450644
43.0,6.0,29.0,0.1,0.075,0.2,1.0,1116.0,0.0,0.0,0.0985663082437276
43.0,6.0,30.0,0.1,0.075,0.2,1.0,1126.0,0.0,0.0,0.09857904085257549
43.0,6.0,31.0,0.1,0.075,0.2,1.0,1096.0,0.0,0.0,0.09854014598540146
43.0,6.0,32.0,0.1,0.075,0.2,1.0,1084.0,0.0,0.0,0.09870848708487084
43.0,6.0,33.0,0.1,0.075,0.2,1.0,1046.0,0.0,0.0,0.09847036328871893
43.0,6.0,34.0,0.1,0.075,0.2,1.0,1049.0,0.0,0.0,0.09723546234509056
43.0,6.0,35.0,0.1,0.075,0.2,1.0,1039.0,0.0,0.0,0.09624639076034648
43.0,6.0,36.0,0.1,0.075,0.2,1.0,1049.0,0.0,0.0,0.09723546234509056
43.0,6.0,37.0,0.1,0.075,0.2,1.0,1016.0,0.0,0.0,0.09448818897637795
43.0,6.0,38.0,0.1,0.075,0.2,1.0,1026.0,0.0,0.0,0.09551656920077972
43.0,6.0,39.0,0.1,0.075,0.2,1.0,999.0,0.0,0.0,0.09509509509509509
43.0,6.0,40.0,0.1,0.075,0.2,1.0,987.0,0.0,0.0,0.09422492401215805
43.0,6.0,41.0,0.1,0.075,0.2,1.0,961.0,0.0,0.0,0.09365244536940687
43.0,6.0,42.0,0.1,0.075,0.2,1.0,939.0,0.0,0.0,0.09691160809371673
43.0,6.0,43.0,0.1,0.075,0.2,1.0,928.0,0.0,0.0,0.09375
43.0,6.0,44.0,0.1,0.075,0.2,1.0,919.0,0.0,0.0,0.09684439608269858
43.0,6.0,45.0,0.1,0.075,0.2,1.0,911.0,0.0,0.0,0.15148188803512624
43.0,6.0,46.0,0.1,0.075,0.2,1.0,892.0,0.0,0.0,0.1547085201793722
43.0,6.0,47.0,0.1,0.075,0.2,1.0,879.0,0.0,0.0,0.149032992036405
43.0,6.0,48.0,0.1,0.075,0.2,1.0,881.0,0.0,0.0,0.1532349602724177
43.0,6.0,49.0,0.1,0.075,0.2,1.0,837.0,0.0,0.0,0.15173237753882915
43.0,6.0,50.0,0.1,0.075,0.2,1.0,827.0,0.0,0.0,0.15719467956469166
43.0,6.0,51.0,0.1,0.075,0.2,1.0,822.0,0.0,0.0,0.15328467153284672
43.0,6.0,52.0,0.1,0.075,0.2,1.0,824.0,0.0,0.0,0.15655339805825244
43.0,7.0,1.0,0.1,0.075,0.2,1.0,820.0,0.0,0.0,0.1524390243902439
43.0,7.0,2.0,0.1,0.075,0.2,1.0,822.0,0.0,0.0,0.15693430656934307
43.0,7.0,3.0,0.1,0.075,0.2,1.0,819.0,0.0,0.0,0.15262515262515264
43.0,7.0,4.0,0.1,0.075,0.2,1.0,820.0,0.0,0.0,0.1573170731707317
43.0,7.0,5.0,0.1,0.075,0.2,1.0,816.0,0.0,0.0,0.15318627450980393
43.0,7.0,6.0,0.1,0.075,0.2,1.0,814.0,0.0,0.0,0.15601965601965603
43.0,7.0,7.0,0.1,0.075,0.2,1.0,809.0,0.0,0.0,0.15327564894932014
43.0,7.0,8.0,0.1,0.075,0.2,1.0,810.0,0.0,0.0,0.15555555555555556
43.0,7.0,9.0,0.1,0.075,0.2,1.0,806.0,0.0,0.0,0.15260545905707196
43.0,7.0,10.0,0.1,0.075,0.2,1.0,796.0,0.0,0.0,0.15577889447236182
43.0,7.0,11.0,0.1,0.075,0.2,1.0,793.0,0.0,0.0,0.15132408575031525
43.0,7.0,12.0,0.1,0.075,0.2,1.0,793.0,0.0,0.0,0.15510718789407313
43.0,7.0,13.0,0.1,0.075,0.2,1.0,788.0,0.0,0.0,0.15101522842639595
43.0,7.0,14.0,0.1,0.075,0.2,1.0,790.0,0.0,0.0,0.15569620253164557
43.0,7.0,15.0,0.1,0.075,0.2,1.0,786.0,0.0,0.0,0.15139949109414758
43.0,7.0,16.0,0.1,0.075,0.2,1.0,791.0,0.0,0.0,0.1554993678887484
43.0,7.0,17.0,0.1,0.075,0.2,1.0,784.0,0.0,0.0,0.15051020408163265
43.0,7.0,18.0,0.1,0.075,0.2,1.0,786.0,0.0,0.0,0.15394402035623408
43.0,7.0,19.0,0.1,0.075,0.2,1.0,781.0,0.0,0.0,0.14980793854033292
43.0,7.0,20.0,0.1,0.075,0.2,1.0,1478.0,0.0,0.0,0.08186738836265223
43.0,7.0,21.0,0.1,0.075,0.2,1.0,1406.0,0.0,0.0,0.08250355618776671
43.0,7.0,22.0,0.1,0.075,0.2,1.0,1359.0,0.0,0.0,0.08462104488594555
43.0,7.0,23.0,0.1,0.075,0.2,1.0,1283.0,0.0,0.0,0.08261886204208885
43.0,7.0,24.0,0.1,0.075,0.2,1.0,1225.0,0.0,0.0,0.08489795918367347
43.0,7.0,25.0,0.1,0.075,0.2,1.0,1188.0,0.0,0.0,0.08333333333333333
43.0,7.0,26.0,0.1,0.075,0.2,1.0,1173.0,0.0,0.0,0.08695652173913043
43.0,7.0,27.0,0.1,0.075,0.2,1.0,1165.0,0.0,0.0,0.08412017167381974
43.0,7.0,28.0,0.1,0.075,0.2,1.0,1132.0,0.0,0.0,0.08833922261484099
43.0,7.0,29.0,0.1,0.075,0.2,1.0,1104.0,0.0,0.0,0.08514492753623189
43.0,7.0,30.0,0.1,0.075,0.2,1.0,1064.0,0.0,0.0,0.08928571428571429
43.0,7.0,31.0,0.1,0.075,0.2,1.0,1036.0,0.0,0.0,0.0859073359073359
43.0,7.0,32.0,0.1,0.075,0.2,1.0,1014.0,0.0,0.0,0.09072978303747535
43.0,7.0,33.0,0.1,0.075,0.2,1.0,997.0,0.0,0.0,0.08826479438314945
43.0,7.0,34.0,0.1,0.075,0.2,1.0,956.0,0.0,0.0,0.09309623430962342
43.0,7.0,35.0,0.1,0.075,0.2,1.0,967.0,0.0,0.0,0.08996897621509824
43.0,7.0,36.0,0.1,0.075,0.2,1.0,923.0,0.0,0.0,0.09209100758396534
43.0,7.0,37.0,0.1,0.075,0.2,1.0,920.0,0.0,0.0,0.09021739130434783
43.0,7.0,38.0,0.1,0.075,0.2,1.0,911.0,0.0,0.0,0.09330406147091108
43.0,7.0,39.0,0.1,0.075,0.2,1.0,908.0,0.0,0.0,0.0881057268722467
43.0,7.0,40.0,0.1,0.075,0.2,1.0,902.0,0.0,0.0,0.09090909090909091
43.0,7.0,41.0,0.1,0.075,0.2,1.0,896.0,0.0,0.0,0.08928571428571429
43.0,7.0,42.0,0.1,0.075,0.2,1.0,880.0,0.0,0.0,0.09204545454545454
43.0,7.0,43.0,0.1,0.075,0.2,1.0,884.0,0.0,0.0,0.08936651583710407
43.0,7.0,44.0,0.1,0.075,0.2,1.0,868.0,0.0,0.0,0.09331797235023041
43.0,7.0,45.0,0.1,0.075,0.2,1.0,873.0,0.0,0.0,0.15120274914089346
43.0,7.0,46.0,0.1,0.075,0.2,1.0,865.0,0.0,0.0,0.15144508670520232
43.0,7.0,47.0,0.1,0.075,0.2,1.0,871.0,0.0,0.0,0.1515499425947187
43.0,7.0,48.0,0.1,0.075,0.2,1.0,864.0,0.0,0.0,0.15162037037037038
43.0,7.0,49.0,0.1,0.075,0.2,1.0,871.0,0.0,0.0,0.1515499425947187
43.0,7.0,50.0,0.1,0.075,0.2,1.0,872.0,0.0,0.0,0.15022935779816513
43.0,7.0,51.0,0.1,0.075,0.2,1.0,871.0,0.0,0.0,0.1515499425947187
43.0,7.0,52.0,0.1,0.075,0.2,1.0,867.0,0.0,0.0,0.1510957324106113
43.0,8.0,1.0,0.1,0.075,0.2,1.0,868.0,0.0,0.0,0.15207373271889402
43.0,8.0,2.0,0.1,0.075,0.2,1.0,867.0,0.0,0.0,0.1510957324106113
43.0,8.0,3.0,0.1,0.075,0.2,1.0,866.0,0.0,0.0,0.15242494226327943
43.0,8.0,4.0,0.1,0.075,0.2,1.0,840.0,0.0,0.0,0.1523809523809524
43.0,8.0,5.0,0.1,0.075,0.2,1.0,839.0,0.0,0.0,0.1537544696066746
43.0,8.0,6.0,0.1,0.075,0.2,1.0,829.0,0.0,0.0,0.15319662243667068
43.0,8.0,7.0,0.1,0.075,0.2,1.0,828.0,0.0,0.0,0.15338164251207728
43.0,8.0,8.0,0.1,0.075,0.2,1.0,825.0,0.0,0.0,0.15393939393939393
43.0,8.0,9.0,0.1,0.075,0.2,1.0,822.0,0.0,0.0,0.15450121654501217
43.0,8.0,10.0,0.1,0.075,0.2,1.0,819.0,0.0,0.0,0.15384615384615385
43.0,8.0,11.0,0.1,0.075,0.2,1.0,805.0,0.0,0.0,0.1565217391304348
43.0,8.0,12.0,0.1,0.075,0.2,1.0,805.0,0.0,0.0,0.1565217391304348
43.0,8.0,13.0,0.1,0.075,0.2,1.0,789.0,0.0,0.0,0.1596958174904943
43.0,8.0,14.0,0.1,0.075,0.2,1.0,788.0,0.0,0.0,0.15862944162436549
43.0,8.0,15.0,0.1,0.075,0.2,1.0,789.0,0.0,0.0,0.1596958174904943
43.0,8.0,16.0,0.1,0.075,0.2,1.0,788.0,0.0,0.0,0.15862944162436549
43.0,8.0,17.0,0.1,0.075,0.2,1.0,790.0,0.0,0.0,0.15949367088607594
43.0,8.0,18.0,0.1,0.075,0.2,1.0,789.0,0.0,0.0,0.1596958174904943
43.0,8.0,19.0,0.1,0.075,0.2,1.0,786.0,0.0,0.0,0.16030534351145037
43.0,8.0,20.0,0.1,0.075,0.2,1.0,1459.0,0.0,0.0,0.08636052090472926
43.0,8.0,21.0,0.1,0.075,0.2,1.0,1414.0,0.0,0.0,0.08628005657708628
43.0,8.0,22.0,0.1,0.075,0.2,1.0,1353.0,0.0,0.0,0.08499630450849963
43.0,8.0,23.0,0.1,0.075,0.2,1.0,1309.0,0.0,0.0,0.0855614973262032
43.0,8.0,24.0,0.1,0.075,0.2,1.0,1261.0,0.0,0.0,0.08326724821570182
43.0,8.0,25.0,0.1,0.075,0.2,1.0,1247.0,0.0,0.0,0.08580593424218123
43.0,8.0,26.0,0.1,0.075,0.2,1.0,1221.0,0.0,0.0,0.08517608517608517
43.0,8.0,27.0,0.1,0.075,0.2,1.0,1174.0,0.0,0.0,0.08858603066439523
43.0,8.0,28.0,0.1,0.075,0.2,1.0,1164.0,0.0,0.0,0.08762886597938144
43.0,8.0,29.0,0.1,0.075,0.2,1.0,1179.0,0.0,0.0,0.08821034775233248
43.0,8.0,30.0,0.1,0.075,0.2,1.0,1140.0,0.0,0.0,0.08947368421052632
43.0,8.0,31.0,0.1,0.075,0.2,1.0,1111.0,0.0,0.0,0.09180918091809182
43.0,8.0,32.0,0.1,0.075,0.2,1.0,1087.0,0.0,0.0,0.09199632014719411
43.0,8.0,33.0,0.1,0.075,0.2,1.0,1096.0,0.0,0.0,0.09306569343065693
43.0,8.0,34.0,0.1,0.075,0.2,1.0,1089.0,0.0,0.0,0.09274563820018365
43.0,8.0,35.0,0.1,0.075,0.2,1.0,1087.0,0.0,0.0,0.09383624655013799
43.0,8.0,36.0,0.1,0.075,0.2,1.0,1060.0,0.0,0.0,0.09339622641509433
43.0,8.0,37.0,0.1,0.075,0.2,1.0,1076.0,0.0,0.0,0.09386617100371747
43.0,8.0,38.0,0.1,0.075,0.2,1.0,1037.0,0.0,0.0,0.09546769527483125
43.0,8.0,39.0,0.1,0.075,0.2,1.0,1043.0,0.0,0.0,0.09683604985618409
43.0,8.0,40.0,0.1,0.075,0.2,1.0,1018.0,0.0,0.0,0.09724950884086445
43.0,8.0,41.0,0.1,0.075,0.2,1.0,1031.0,0.0,0.0,0.0979631425800194
43.0,8.0,42.0,0.1,0.075,0.2,1.0,1003.0,0.0,0.0,0.09770687936191426
43.0,8.0,43.0,0.1,0.075,0.2,1.0,1023.0,0.0,0.0,0.09775171065493646
43.0,8.0,44.0,0.1,0.075,0.2,1.0,981.0,0.0,0.0,0.0998980632008155
43.0,8.0,45.0,0.1,0.075,0.2,1.0,977.0,0.0,0.0,0.17093142272262027
43.0,8.0,46.0,0.1,0.075,0.2,1.0,962.0,0.0,0.0,0.17151767151767153
43.0,8.0,47.0,0.1,0.075,0.2,1.0,977.0,0.0,0.0,0.17093142272262027
43.0,8.0,48.0,0.1,0.075,0.2,1.0,944.0,0.0,0.0,0.17478813559322035
43.0,8.0,49.0,0.1,0.075,0.2,1.0,934.0,0.0,0.0,0.17558886509635974
43.0,8.0,50.0,0.1,0.075,0.2,1.0,919.0,0.0,0.0,0.176278563656148
43.0,8.0,51.0,0.1,0.075,0.2,1.0,932.0,0.0,0.0,0.17489270386266095
43.0,8.0,52.0,0.1,0.075,0.2,1.0,903.0,0.0,0.0,0.17718715393134
43.0,9.0,1.0,0.1,0.075,0.2,1.0,914.0,0.0,0.0,0.1761487964989059
43.0,9.0,2.0,0.1,0.075,0.2,1.0,890.0,0.0,0.0,0.17752808988764046
43.0,9.0,3.0,0.1,0.075,0.2,1.0,903.0,0.0,0.0,0.17718715393134
43.0,9.0,4.0,0.1,0.075,0.2,1.0,891.0,0.0,0.0,0.17732884399551066
43.0,9.0,5.0,0.1,0.075,0.2,1.0,903.0,0.0,0.0,0.17718715393134
43.0,9.0,6.0,0.1,0.075,0.2,1.0,891.0,0.0,0.0,0.17732884399551066
43.0,9.0,7.0,0.1,0.075,0.2,1.0,901.0,0.0,0.0,0.1753607103218646
43.0,9.0,8.0,0.1,0.075,0.2,1.0,885.0,0.0,0.0,0.17740112994350282
43.0,9.0,9.0,0.1,0.075,0.2,1.0,896.0,0.0,0.0,0.17633928571428573
43.0,9.0,10.0,0.1,0.075,0.2,1.0,881.0,0.0,0.0,0.17707150964812712
43.0,9.0,11.0,0.1,0.075,0.2,1.0,893.0,0.0,0.0,0.1769316909294513
43.0,9.0,12.0,0.1,0.075,0.2,1.0,880.0,0.0,0.0,0.1784090909090909
43.0,9.0,13.0,0.1,0.075,0.2,1.0,882.0,0.0,0.0,0.17913832199546487
43.0,9.0,14.0,0.1,0.075,0.2,1.0,867.0,0.0,0.0,0.1776239907727797
43.0,9.0,15.0,0.1,0.075,0.2,1.0,876.0,0.0,0.0,0.17922374429223745
43.0,9.0,16.0,0.1,0.075,0.2,1.0,866.0,0.0,0.0,0.18013856812933027
43.0,9.0,17.0,0.1,0.075,0.2,1.0,877.0,0.0,0.0,0.1790193842645382
43.0,9.0,18.0,0.1,0.075,0.2,1.0,862.0,0.0,0.0,0.17865429234338748
43.0,9.0,19.0,0.1,0.075,0.2,1.0,857.0,0.0,0.0,0.17969661610268378
43.0,9.0,20.0,0.1,0.075,0.2,1.0,1529.0,0.0,0.0,0.09352517985611511
43.0,9.0,21.0,0.1,0.075,0.2,1.0,1526.0,0.0,0.0,0.09436435124508519
43.0,9.0,22.0,0.1,0.075,0.2,1.0,1476.0,0.0,0.0,0.0948509485094851
43.0,9.0,23.0,0.1,0.075,0.2,1.0,1456.0,0.0,0.0,0.09546703296703296
43.0,9.0,24.0,0.1,0.075,0.2,1.0,1354.0,0.0,0.0,0.0982274741506647
43.0,9.0,25.0,0.1,0.075,0.2,1.0,1321.0,0.0,0.0,0.09992429977289932
43.0,9.0,26.0,0.1,0.075,0.2,1.0,1260.0,0.0,0.0,0.10396825396825397
43.0,9.0,27.0,0.1,0.075,0.2,1.0,1238.0,0.0,0.0,0.10662358642972536
43.0,9.0,28.0,0.1,0.075,0.2,1.0,1210.0,0.0,0.0,0.10826446280991736
43.0,9.0,29.0,0.1,0.075,0.2,1.0,1177.0,0.0,0.0,0.10960067969413764
43.0,9.0,30.0,0.1,0.075,0.2,1.0,1140.0,0.0,0.0,0.11228070175438597
43.0,9.0,31.0,0.1,0.075,0.2,1.0,1096.0,0.0,0.0,0.11587591240875912
43.0,9.0,32.0,0.1,0.075,0.2,1.0,1076.0,0.0,0.0,0.11802973977695168
43.0,9.0,33.0,0.1,0.075,0.2,1.0,1071.0,0.0,0.0,0.11764705882352941
43.0,9.0,34.0,0.1,0.075,0.2,1.0,1074.0,0.0,0.0,0.11824953445065177
43.0,9.0,35.0,0.1,0.075,0.2,1.0,1062.0,0.0,0.0,0.11958568738229755
43.0,9.0,36.0,0.1,0.075,0.2,1.0,1061.0,0.0,0.0,0.11969839773798303
43.0,9.0,37.0,0.1,0.075,0.2,1.0,1064.0,0.0,0.0,0.1193609022556391
43.0,9.0,38.0,0.1,0.075,0.2,1.0,1060.0,0.0,0.0,0.11886792452830189
43.0,9.0,39.0,0.1,0.075,0.2,1.0,1053.0,0.0,0.0,0.11965811965811966
43.0,9.0,40.0,0.1,0.075,0.2,1.0,1046.0,0.0,0.0,0.11950286806883365
43.0,9.0,41.0,0.1,0.075,0.2,1.0,981.0,0.0,0.0,0.12436289500509684
43.0,9.0,42.0,0.1,0.075,0.2,1.0,938.0,0.0,0.0,0.1257995735607676
43.0,9.0,43.0,0.1,0.075,0.2,1.0,944.0,0.0,0.0,0.1281779661016949
43.0,9.0,44.0,0.1,0.075,0.2,1.0,935.0,0.0,0.0,0.12727272727272726
43.0,9.0,45.0,0.1,0.075,0.2,1.0,924.0,0.0,0.0,0.2012987012987013
43.0,9.0,46.0,0.1,0.075,0.2,1.0,919.0,0.0,0.0,0.20130576713819368
43.0,9.0,47.0,0.1,0.075,0.2,1.0,917.0,0.0,0.0,0.20283533260632497
43.0,9.0,48.0,0.1,0.075,0.2,1.0,900.0,0.0,0.0,0.2011111111111111
43.0,9.0,49.0,0.1,0.075,0.2,1.0,894.0,0.0,0.0,0.19686800894854586
43.0,9.0,50.0,0.1,0.075,0.2,1.0,893.0,0.0,0.0,0.19708846584546472
43.0,9.0,51.0,0.1,0.075,0.2,1.0,898.0,0.0,0.0,0.19599109131403117
43.0,9.0,52.0,0.1,0.075,0.2,1.0,893.0,0.0,0.0,0.19708846584546472
43.0,10.0,1.0,0.1,0.075,0.2,1.0,893.0,0.0,0.0,0.19708846584546472
43.0,10.0,2.0,0.1,0.075,0.2,1.0,893.0,0.0,0.0,0.19820828667413215
43.0,10.0,3.0,0.1,0.075,0.2,1.0,882.0,0.0,0.0,0.1961451247165533
43.0,10.0,4.0,0.1,0.075,0.2,1.0,880.0,0.0,0.0,0.19772727272727272
43.0,10.0,5.0,0.1,0.075,0.2,1.0,879.0,0.0,0.0,0.19681456200227532
43.0,10.0,6.0,0.1,0.075,0.2,1.0,879.0,0.0,0.0,0.19795221843003413
43.0,10.0,7.0,0.1,0.075,0.2,1.0,878.0,0.0,0.0,0.1958997722095672
43.0,10.0,8.0,0.1,0.075,0.2,1.0,875.0,0.0,0.0,0.19885714285714284
43.0,10.0,9.0,0.1,0.075,0.2,1.0,858.0,0.0,0.0,0.19813519813519814
43.0,10.0,10.0,0.1,0.075,0.2,1.0,857.0,0.0,0.0,0.1983663943990665
43.0,10.0,11.0,0.1,0.075,0.2,1.0,854.0,0.0,0.0,0.19789227166276346
43.0,10.0,12.0,0.1,0.075,0.2,1.0,852.0,0.0,0.0,0.1983568075117371
43.0,10.0,13.0,0.1,0.075,0.2,1.0,853.0,0.0,0.0,0.20046893317702227
43.0,10.0,14.0,0.1,0.075,0.2,1.0,853.0,0.0,0.0,0.20046893317702227
43.0,10.0,15.0,0.1,0.075,0.2,1.0,850.0,0.0,0.0,0.2
43.0,10.0,16.0,0.1,0.075,0.2,1.0,851.0,0.0,0.0,0.199764982373678
43.0,10.0,17.0,0.1,0.075,0.2,1.0,851.0,0.0,0.0,0.2009400705052879
43.0,10.0,18.0,0.1,0.075,0.2,1.0,852.0,0.0,0.0,0.19953051643192488
43.0,10.0,19.0,0.1,0.075,0.2,1.0,848.0,0.0,0.0,0.19929245283018868
43.0,10.0,20.0,0.1,0.075,0.2,1.0,1422.0,0.0,0.0,0.11181434599156118
43.0,10.0,21.0,0.1,0.075,0.2,1.0,1374.0,0.0,0.0,0.11208151382823872
43.0,10.0,22.0,0.1,0.075,0.2,1.0,1320.0,0.0,0.0,0.11363636363636363
43.0,10.0,23.0,0.1,0.075,0.2,1.0,1282.0,0.0,0.0,0.11622464898595944
43.0,10.0,24.0,0.1,0.075,0.2,1.0,1258.0,0.0,0.0,0.11685214626391097
43.0,10.0,25.0,0.1,0.075,0.2,1.0,1263.0,0.0,0.0,0.11718131433095803
43.0,10.0,26.0,0.1,0.075,0.2,1.0,1216.0,0.0,0.0,0.12171052631578948
43.0,10.0,27.0,0.1,0.075,0.2,1.0,1162.0,0.0,0.0,0.12220309810671257
43.0,10.0,28.0,0.1,0.075,0.2,1.0,1156.0,0.0,0.0,0.12370242214532871
43.0,10.0,29.0,0.1,0.075,0.2,1.0,1121.0,0.0,0.0,0.12488849241748438
43.0,10.0,30.0,0.1,0.075,0.2,1.0,1103.0,0.0,0.0,0.12692656391659113
43.0,10.0,31.0,0.1,0.075,0.2,1.0,1111.0,0.0,0.0,0.126012601260126
43.0,10.0,32.0,0.1,0.075,0.2,1.0,1071.0,0.0,0.0,0.12698412698412698
43.0,10.0,33.0,0.1,0.075,0.2,1.0,1043.0,0.0,0.0,0.12943432406519656
43.0,10.0,34.0,0.1,0.075,0.2,1.0,1013.0,0.0,0.0,0.13030602171767028
43.0,10.0,35.0,0.1,0.075,0.2,1.0,1019.0,0.0,0.0,0.1295387634936212
43.0,10.0,36.0,0.1,0.075,0.2,1.0,1013.0,0.0,0.0,0.13129318854886476
43.0,10.0,37.0,0.1,0.075,0.2,1.0,984.0,0.0,0.0,0.1290650406504065
43.0,10.0,38.0,0.1,0.075,0.2,1.0,972.0,0.0,0.0,0.13065843621399176
43.0,10.0,39.0,0.1,0.075,0.2,1.0,983.0,0.0,0.0,0.12817904374364192
43.0,10.0,40.0,0.1,0.075,0.2,1.0,957.0,0.0,0.0,0.13166144200626959
43.0,10.0,41.0,0.1,0.075,0.2,1.0,967.0,0.0,0.0,0.12926577042399173
43.0,10.0,42.0,0.1,0.075,0.2,1.0,959.0,0.0,0.0,0.13034410844629823
43.0,10.0,43.0,0.1,0.075,0.2,1.0,954.0,0.0,0.0,0.129979035639413
43.0,10.0,44.0,0.1,0.075,0.2,1.0,957.0,0.0,0.0,0.13061650992685475
43.0,10.0,45.0,0.1,0.075,0.2,1.0,954.0,0.0,0.0,0.20125786163522014
43.0,10.0,46.0,0.1,0.075,0.2,1.0,928.0,0.0,0.0,0.19935344827586207
43.0,10.0,47.0,0.1,0.075,0.2,1.0,917.0,0.0,0.0,0.19956379498364232
43.0,10.0,48.0,0.1,0.075,0.2,1.0,914.0,0.0,0.0,0.19912472647702406
43.0,10.0,49.0,0.1,0.075,0.2,1.0,904.0,0.0,0.0,0.19800884955752213
43.0,10.0,50.0,0.1,0.075,0.2,1.0,906.0,0.0,0.0,0.19646799116997793
43.0,10.0,51.0,0.1,0.075,0.2,1.0,899.0,0.0,0.0,0.20022246941045607
43.0,10.0,52.0,0.1,0.075,0.2,1.0,899.0,0.0,0.0,0.19799777530589543
44.0,1.0,1.0,0.1,0.075,0.2,1.0,5119.0,52.0,6.0,0.10509865208048447
44.0,1.0,2.0,0.1,0.075,0.2,1.0,5090.0,54.0,24.0,0.10569744597249509
44.0,1.0,3.0,0.1,0.075,0.2,1.0,5038.0,68.0,32.0,0.10658991663358476
44.0,1.0,4.0,0.1,0.075,0.2,1.0,4932.0,85.0,36.0,0.10523114355231143
44.0,1.0,5.0,0.1,0.075,0.2,1.0,4923.0,98.0,36.0,0.10562665041641275
44.0,1.0,6.0,0.1,0.075,0.2,1.0,4868.0,135.0,42.0,0.10558751027115859
44.0,1.0,7.0,0.1,0.075,0.2,1.0,4683.0,173.0,58.0,0.10527439675421738
44.0,1.0,8.0,0.1,0.075,0.2,1.0,4564.0,214.0,69.0,0.1058282208588957
44.0,1.0,9.0,0.1,0.075,0.2,1.0,4420.0,264.0,96.0,0.10633484162895927
44.0,1.0,10.0,0.1,0.075,0.2,1.0,4264.0,295.0,119.0,0.10459662288930581
44.0,1.0,11.0,0.1,0.075,0.2,1.0,4129.0,334.0,140.0,0.10704771131024461
44.0,1.0,12.0,0.1,0.075,0.2,1.0,4031.0,375.0,166.0,0.10766559166459935
44.0,1.0,13.0,0.1,0.075,0.2,1.0,3880.0,377.0,163.0,0.11005154639175257
44.0,1.0,14.0,0.1,0.075,0.2,1.0,3779.0,402.0,190.0,0.11299285525271235
44.0,1.0,15.0,0.1,0.075,0.2,1.0,3627.0,410.0,202.0,0.11193824097049904
44.0,1.0,16.0,0.1,0.075,0.2,1.0,3465.0,412.0,202.0,0.11688311688311688
44.0,1.0,17.0,0.1,0.075,0.2,1.0,3335.0,390.0,178.0,0.11784107946026987
44.0,1.0,18.0,0.1,0.075,0.2,1.0,3242.0,378.0,171.0,0.12183837137569402
44.0,1.0,19.0,0.1,0.075,0.2,1.0,3151.0,366.0,189.0,0.12377023167248492
44.0,1.0,20.0,0.1,0.075,0.2,1.0,5852.0,364.0,197.0,0.066473000683527
44.0,1.0,21.0,0.1,0.075,0.2,1.0,5422.0,454.0,192.0,0.06713389893028403
44.0,1.0,22.0,0.1,0.075,0.2,1.0,5148.0,482.0,179.0,0.06876456876456877
44.0,1.0,23.0,0.1,0.075,0.2,1.0,4735.0,481.0,179.0,0.07286166842661035
44.0,1.0,24.0,0.1,0.075,0.2,1.0,4464.0,504.0,196.0,0.0750448028673835
44.0,1.0,25.0,0.1,0.075,0.2,1.0,4171.0,517.0,220.0,0.07839846559578038
44.0,1.0,26.0,0.1,0.075,0.2,1.0,3921.0,535.0,222.0,0.0811017597551645
44.0,1.0,27.0,0.1,0.075,0.2,1.0,3657.0,531.0,222.0,0.08422203992343451
44.0,1.0,28.0,0.1,0.075,0.2,1.0,3487.0,514.0,220.0,0.08603383997705764
44.0,1.0,29.0,0.1,0.075,0.2,1.0,3298.0,554.0,238.0,0.08914493632504548
44.0,1.0,30.0,0.1,0.075,0.2,1.0,3177.0,570.0,264.0,0.09285489455461127
44.0,1.0,31.0,0.1,0.075,0.2,1.0,2976.0,548.0,249.0,0.09711021505376344
44.0,1.0,32.0,0.1,0.075,0.2,1.0,2823.0,533.0,257.0,0.1006021962451293
44.0,1.0,33.0,0.1,0.075,0.2,1.0,2655.0,525.0,257.0,0.10621468926553672
44.0,1.0,34.0,0.1,0.075,0.2,1.0,2443.0,471.0,220.0,0.11174785100286533
44.0,1.0,35.0,0.1,0.075,0.2,1.0,2256.0,421.0,196.0,0.11569148936170212
44.0,1.0,36.0,0.1,0.075,0.2,1.0,2150.0,405.0,185.0,0.12186046511627907
44.0,1.0,37.0,0.1,0.075,0.2,1.0,2027.0,387.0,191.0,0.12876171682289098
44.0,1.0,38.0,0.1,0.075,0.2,1.0,1920.0,385.0,202.0,0.13385416666666666
44.0,1.0,39.0,0.1,0.075,0.2,1.0,1843.0,374.0,208.0,0.13836136733586543
44.0,1.0,40.0,0.1,0.075,0.2,1.0,1712.0,342.0,188.0,0.1466121495327103
44.0,1.0,41.0,0.1,0.075,0.2,1.0,1633.0,291.0,166.0,0.15370483772198407
44.0,1.0,42.0,0.1,0.075,0.2,1.0,1546.0,260.0,152.0,0.15976714100905562
44.0,1.0,43.0,0.1,0.075,0.2,1.0,1481.0,237.0,131.0,0.16542876434841322
44.0,1.0,44.0,0.1,0.075,0.2,1.0,1399.0,201.0,114.0,0.17226590421729807
44.0,1.0,45.0,0.1,0.075,0.2,1.0,1332.0,172.0,97.0,0.24474474474474475
44.0,1.0,46.0,0.1,0.075,0.2,1.0,1267.0,156.0,83.0,0.2509865824782952
44.0,1.0,47.0,0.1,0.075,0.2,1.0,1222.0,140.0,71.0,0.2520458265139116
44.0,1.0,48.0,0.1,0.075,0.2,1.0,1175.0,123.0,60.0,0.2561702127659575
44.0,1.0,49.0,0.1,0.075,0.2,1.0,1150.0,115.0,64.0,0.2608695652173913
44.0,1.0,50.0,0.1,0.075,0.2,1.0,1114.0,108.0,56.0,0.26481149012567323
44.0,1.0,51.0,0.1,0.075,0.2,1.0,1098.0,97.0,57.0,0.2677595628415301
44.0,1.0,52.0,0.1,0.075,0.2,1.0,1059.0,89.0,47.0,0.2757318224740321
44.0,2.0,1.0,0.1,0.075,0.2,1.0,1054.0,86.0,46.0,0.27798861480075904
44.0,2.0,2.0,0.1,0.075,0.2,1.0,1014.0,75.0,39.0,0.28205128205128205
44.0,2.0,3.0,0.1,0.075,0.2,1.0,1001.0,73.0,39.0,0.2807192807192807
44.0,2.0,4.0,0.1,0.075,0.2,1.0,951.0,69.0,33.0,0.2902208201892745
44.0,2.0,5.0,0.1,0.075,0.2,1.0,943.0,66.0,31.0,0.2916224814422057
44.0,2.0,6.0,0.1,0.075,0.2,1.0,915.0,61.0,27.0,0.2972677595628415
44.0,2.0,7.0,0.1,0.075,0.2,1.0,900.0,55.0,28.0,0.3
44.0,2.0,8.0,0.1,0.075,0.2,1.0,870.0,47.0,28.0,0.3057471264367816
44.0,2.0,9.0,0.1,0.075,0.2,1.0,864.0,48.0,27.0,0.30671296296296297
44.0,2.0,10.0,0.1,0.075,0.2,1.0,840.0,46.0,30.0,0.3047619047619048
44.0,2.0,11.0,0.1,0.075,0.2,1.0,802.0,44.0,20.0,0.3117206982543641
44.0,2.0,12.0,0.1,0.075,0.2,1.0,792.0,43.0,16.0,0.3106060606060606
44.0,2.0,13.0,0.1,0.075,0.2,1.0,781.0,34.0,14.0,0.31626120358514725
44.0,2.0,14.0,0.1,0.075,0.2,1.0,770.0,37.0,17.0,0.3194805194805195
44.0,2.0,15.0,0.1,0.075,0.2,1.0,772.0,40.0,23.0,0.32124352331606215
44.0,2.0,16.0,0.1,0.075,0.2,1.0,751.0,33.0,16.0,0.3262316910785619
44.0,2.0,17.0,0.1,0.075,0.2,1.0,747.0,31.0,15.0,0.3279785809906292
44.0,2.0,18.0,0.1,0.075,0.2,1.0,737.0,31.0,12.0,0.3283582089552239
44.0,2.0,19.0,0.1,0.075,0.2,1.0,732.0,30.0,13.0,0.33060109289617484
44.0,2.0,20.0,0.1,0.075,0.2,1.0,1358.0,30.0,13.0,0.17599410898379972
44.0,2.0,21.0,0.1,0.075,0.2,1.0,1313.0,38.0,15.0,0.18202589489718202
44.0,2.0,22.0,0.1,0.075,0.2,1.0,1279.0,47.0,18.0,0.18060985144644254
44.0,2.0,23.0,0.1,0.075,0.2,1.0,1249.0,49.0,15.0,0.18654923939151322
44.0,2.0,24.0,0.1,0.075,0.2,1.0,1218.0,50.0,16.0,0.1863711001642036
44.0,2.0,25.0,0.1,0.075,0.2,1.0,1206.0,46.0,20.0,0.1890547263681592
44.0,2.0,26.0,0.1,0.075,0.2,1.0,1193.0,50.0,28.0,0.18943839061190276
44.0,2.0,27.0,0.1,0.075,0.2,1.0,1176.0,52.0,27.0,0.19302721088435373
44.0,2.0,28.0,0.1,0.075,0.2,1.0,1147.0,46.0,21.0,0.1970357454228422
44.0,2.0,29.0,0.1,0.075,0.2,1.0,1123.0,43.0,17.0,0.20035618878005343
44.0,2.0,30.0,0.1,0.075,0.2,1.0,1095.0,34.0,16.0,0.2009132420091324
44.0,2.0,31.0,0.1,0.075,0.2,1.0,1039.0,35.0,14.0,0.2088546679499519
44.0,2.0,32.0,0.1,0.075,0.2,1.0,1004.0,37.0,14.0,0.20717131474103587
44.0,2.0,33.0,0.1,0.075,0.2,1.0,981.0,37.0,11.0,0.2130479102956167
44.0,2.0,34.0,0.1,0.075,0.2,1.0,944.0,35.0,12.0,0.2129237288135593
44.0,2.0,35.0,0.1,0.075,0.2,1.0,926.0,36.0,14.0,0.2159827213822894
44.0,2.0,36.0,0.1,0.075,0.2,1.0,909.0,33.0,18.0,0.21342134213421343
44.0,2.0,37.0,0.1,0.075,0.2,1.0,891.0,29.0,16.0,0.21997755331088664
44.0,2.0,38.0,0.1,0.075,0.2,1.0,878.0,31.0,16.0,0.21753986332574032
44.0,2.0,39.0,0.1,0.075,0.2,1.0,845.0,29.0,12.0,0.22366863905325443
44.0,2.0,40.0,0.1,0.075,0.2,1.0,842.0,24.0,11.0,0.21971496437054633
44.0,2.0,41.0,0.1,0.075,0.2,1.0,828.0,25.0,13.0,0.2246376811594203
44.0,2.0,42.0,0.1,0.075,0.2,1.0,823.0,23.0,15.0,0.22235722964763063
44.0,2.0,43.0,0.1,0.075,0.2,1.0,800.0,24.0,13.0,0.22625
44.0,2.0,44.0,0.1,0.075,0.2,1.0,800.0,21.0,14.0,0.225
44.0,2.0,45.0,0.1,0.075,0.2,1.0,783.0,25.0,11.0,0.28607918263090676
44.0,2.0,46.0,0.1,0.075,0.2,1.0,776.0,25.0,14.0,0.27835051546391754
44.0,2.0,47.0,0.1,0.075,0.2,1.0,761.0,28.0,11.0,0.28777923784494086
44.0,2.0,48.0,0.1,0.075,0.2,1.0,759.0,27.0,16.0,0.2779973649538867
44.0,2.0,49.0,0.1,0.075,0.2,1.0,733.0,29.0,13.0,0.286493860845839
44.0,2.0,50.0,0.1,0.075,0.2,1.0,726.0,26.0,10.0,0.2796143250688705
44.0,2.0,51.0,0.1,0.075,0.2,1.0,714.0,22.0,10.0,0.2913165266106443
44.0,2.0,52.0,0.1,0.075,0.2,1.0,713.0,22.0,12.0,0.2847124824684432
44.0,3.0,1.0,0.1,0.075,0.2,1.0,703.0,21.0,14.0,0.29160739687055476
44.0,3.0,2.0,0.1,0.075,0.2,1.0,689.0,14.0,11.0,0.28592162554426703
44.0,3.0,3.0,0.1,0.075,0.2,1.0,683.0,13.0,8.0,0.29428989751098095
44.0,3.0,4.0,0.1,0.075,0.2,1.0,676.0,12.0,6.0,0.28846153846153844
44.0,3.0,5.0,0.1,0.075,0.2,1.0,673.0,11.0,4.0,0.2971768202080238
44.0,3.0,6.0,0.1,0.075,0.2,1.0,666.0,10.0,5.0,0.2882882882882883
44.0,3.0,7.0,0.1,0.075,0.2,1.0,663.0,9.0,6.0,0.2971342383107089
44.0,3.0,8.0,0.1,0.075,0.2,1.0,653.0,8.0,4.0,0.29249617151607965
44.0,3.0,9.0,0.1,0.075,0.2,1.0,647.0,6.0,4.0,0.3029366306027821
44.0,3.0,10.0,0.1,0.075,0.2,1.0,629.0,6.0,3.0,0.2861685214626391
44.0,3.0,11.0,0.1,0.075,0.2,1.0,623.0,5.0,3.0,0.2953451043338684
44.0,3.0,12.0,0.1,0.075,0.2,1.0,621.0,3.0,1.0,0.2882447665056361
44.0,3.0,13.0,0.1,0.075,0.2,1.0,617.0,3.0,3.0,0.29821717990275526
44.0,3.0,14.0,0.1,0.075,0.2,1.0,615.0,2.0,2.0,0.2910569105691057
44.0,3.0,15.0,0.1,0.075,0.2,1.0,613.0,2.0,2.0,0.300163132137031
44.0,3.0,16.0,0.1,0.075,0.2,1.0,612.0,0.0,0.0,0.2908496732026144
44.0,3.0,17.0,0.1,0.075,0.2,1.0,608.0,0.0,0.0,0.30098684210526316
44.0,3.0,18.0,0.1,0.075,0.2,1.0,610.0,0.0,0.0,0.29180327868852457
44.0,3.0,19.0,0.1,0.075,0.2,1.0,604.0,0.0,0.0,0.3029801324503311
44.0,3.0,20.0,0.1,0.075,0.2,1.0,1108.0,0.0,0.0,0.15342960288808663
44.0,3.0,21.0,0.1,0.075,0.2,1.0,1052.0,0.0,0.0,0.16634980988593157
44.0,3.0,22.0,0.1,0.075,0.2,1.0,1055.0,0.0,0.0,0.16018957345971563
44.0,3.0,23.0,0.1,0.075,0.2,1.0,1018.0,0.0,0.0,0.16601178781925344
44.0,3.0,24.0,0.1,0.075,0.2,1.0,982.0,0.0,0.0,0.1659877800407332
44.0,3.0,25.0,0.1,0.075,0.2,1.0,953.0,0.0,0.0,0.17103882476390347
44.0,3.0,26.0,0.1,0.075,0.2,1.0,911.0,0.0,0.0,0.1734357848518112
44.0,3.0,27.0,0.1,0.075,0.2,1.0,903.0,0.0,0.0,0.17718715393134
44.0,3.0,28.0,0.1,0.075,0.2,1.0,889.0,0.0,0.0,0.17547806524184478
44.0,3.0,29.0,0.1,0.075,0.2,1.0,891.0,0.0,0.0,0.17732884399551066
44.0,3.0,30.0,0.1,0.075,0.2,1.0,870.0,0.0,0.0,0.17471264367816092
44.0,3.0,31.0,0.1,0.075,0.2,1.0,862.0,0.0,0.0,0.17865429234338748
44.0,3.0,32.0,0.1,0.075,0.2,1.0,824.0,0.0,0.0,0.17475728155339806
44.0,3.0,33.0,0.1,0.075,0.2,1.0,808.0,0.0,0.0,0.1707920792079208
44.0,3.0,34.0,0.1,0.075,0.2,1.0,778.0,0.0,0.0,0.16838046272493573
44.0,3.0,35.0,0.1,0.075,0.2,1.0,759.0,0.0,0.0,0.17391304347826086
44.0,3.0,36.0,0.1,0.075,0.2,1.0,749.0,0.0,0.0,0.17356475300400534
44.0,3.0,37.0,0.1,0.075,0.2,1.0,746.0,0.0,0.0,0.17292225201072386
44.0,3.0,38.0,0.1,0.075,0.2,1.0,735.0,0.0,0.0,0.17142857142857143
44.0,3.0,39.0,0.1,0.075,0.2,1.0,740.0,0.0,0.0,0.17297297297297298
44.0,3.0,40.0,0.1,0.075,0.2,1.0,700.0,0.0,0.0,0.1757142857142857
44.0,3.0,41.0,0.1,0.075,0.2,1.0,709.0,0.0,0.0,0.17348377997179126
44.0,3.0,42.0,0.1,0.075,0.2,1.0,688.0,0.0,0.0,0.17151162790697674
44.0,3.0,43.0,0.1,0.075,0.2,1.0,699.0,0.0,0.0,0.1688125894134478
44.0,3.0,44.0,0.1,0.075,0.2,1.0,678.0,0.0,0.0,0.168141592920354
44.0,3.0,45.0,0.1,0.075,0.2,1.0,681.0,0.0,0.0,0.2276064610866373
44.0,3.0,46.0,0.1,0.075,0.2,1.0,662.0,0.0,0.0,0.2280966767371601
44.0,3.0,47.0,0.1,0.075,0.2,1.0,667.0,0.0,0.0,0.22938530734632684
44.0,3.0,48.0,0.1,0.075,0.2,1.0,657.0,0.0,0.0,0.2298325722983257
44.0,3.0,49.0,0.1,0.075,0.2,1.0,659.0,0.0,0.0,0.22458270106221548
44.0,3.0,50.0,0.1,0.075,0.2,1.0,647.0,0.0,0.0,0.22720247295208656
44.0,3.0,51.0,0.1,0.075,0.2,1.0,635.0,0.0,0.0,0.22677165354330708
44.0,3.0,52.0,0.1,0.075,0.2,1.0,641.0,0.0,0.0,0.22620904836193448
44.0,4.0,1.0,0.1,0.075,0.2,1.0,622.0,0.0,0.0,0.23311897106109325
44.0,4.0,2.0,0.1,0.075,0.2,1.0,625.0,0.0,0.0,0.2272
44.0,4.0,3.0,0.1,0.075,0.2,1.0,612.0,0.0,0.0,0.23039215686274508
44.0,4.0,4.0,0.1,0.075,0.2,1.0,610.0,0.0,0.0,0.22459016393442624
44.0,4.0,5.0,0.1,0.075,0.2,1.0,601.0,0.0,0.0,0.22628951747088186
44.0,4.0,6.0,0.1,0.075,0.2,1.0,602.0,0.0,0.0,0.22259136212624583
44.0,4.0,7.0,0.1,0.075,0.2,1.0,592.0,0.0,0.0,0.22466216216216217
44.0,4.0,8.0,0.1,0.075,0.2,1.0,582.0,0.0,0.0,0.22508591065292097
44.0,4.0,9.0,0.1,0.075,0.2,1.0,570.0,0.0,0.0,0.22807017543859648
44.0,4.0,10.0,0.1,0.075,0.2,1.0,559.0,0.0,0.0,0.22719141323792486
44.0,4.0,11.0,0.1,0.075,0.2,1.0,558.0,0.0,0.0,0.22759856630824374
44.0,4.0,12.0,0.1,0.075,0.2,1.0,556.0,0.0,0.0,0.22841726618705036
44.0,4.0,13.0,0.1,0.075,0.2,1.0,549.0,0.0,0.0,0.22950819672131148
44.0,4.0,14.0,0.1,0.075,0.2,1.0,551.0,0.0,0.0,0.22867513611615245
44.0,4.0,15.0,0.1,0.075,0.2,1.0,548.0,0.0,0.0,0.2281021897810219
44.0,4.0,16.0,0.1,0.075,0.2,1.0,549.0,0.0,0.0,0.22768670309653916
44.0,4.0,17.0,0.1,0.075,0.2,1.0,542.0,0.0,0.0,0.22878228782287824
44.0,4.0,18.0,0.1,0.075,0.2,1.0,545.0,0.0,0.0,0.22752293577981653
44.0,4.0,19.0,0.1,0.075,0.2,1.0,541.0,0.0,0.0,0.2255083179297597
44.0,4.0,20.0,0.1,0.075,0.2,1.0,1004.0,0.0,0.0,0.12151394422310757
44.0,4.0,21.0,0.1,0.075,0.2,1.0,976.0,0.0,0.0,0.125
44.0,4.0,22.0,0.1,0.075,0.2,1.0,901.0,0.0,0.0,0.1309655937846837
44.0,4.0,23.0,0.1,0.075,0.2,1.0,867.0,0.0,0.0,0.13494809688581316
44.0,4.0,24.0,0.1,0.075,0.2,1.0,850.0,0.0,0.0,0.13647058823529412
44.0,4.0,25.0,0.1,0.075,0.2,1.0,834.0,0.0,0.0,0.13788968824940048
44.0,4.0,26.0,0.1,0.075,0.2,1.0,829.0,0.0,0.0,0.1399276236429433
44.0,4.0,27.0,0.1,0.075,0.2,1.0,814.0,0.0,0.0,0.13882063882063883
44.0,4.0,28.0,0.1,0.075,0.2,1.0,808.0,0.0,0.0,0.13985148514851486
44.0,4.0,29.0,0.1,0.075,0.2,1.0,777.0,0.0,0.0,0.138996138996139
44.0,4.0,30.0,0.1,0.075,0.2,1.0,762.0,0.0,0.0,0.13910761154855644
44.0,4.0,31.0,0.1,0.075,0.2,1.0,731.0,0.0,0.0,0.1436388508891929
44.0,4.0,32.0,0.1,0.075,0.2,1.0,733.0,0.0,0.0,0.1446111869031378
44.0,4.0,33.0,0.1,0.075,0.2,1.0,724.0,0.0,0.0,0.143646408839779
44.0,4.0,34.0,0.1,0.075,0.2,1.0,724.0,0.0,0.0,0.14226519337016574
44.0,4.0,35.0,0.1,0.075,0.2,1.0,710.0,0.0,0.0,0.14084507042253522
44.0,4.0,36.0,0.1,0.075,0.2,1.0,716.0,0.0,0.0,0.13966480446927373
44.0,4.0,37.0,0.1,0.075,0.2,1.0,687.0,0.0,0.0,0.13973799126637554
44.0,4.0,38.0,0.1,0.075,0.2,1.0,697.0,0.0,0.0,0.13916786226685796
44.0,4.0,39.0,0.1,0.075,0.2,1.0,672.0,0.0,0.0,0.13988095238095238
44.0,4.0,40.0,0.1,0.075,0.2,1.0,667.0,0.0,0.0,0.13793103448275862
44.0,4.0,41.0,0.1,0.075,0.2,1.0,652.0,0.0,0.0,0.13803680981595093
44.0,4.0,42.0,0.1,0.075,0.2,1.0,664.0,0.0,0.0,0.13855421686746988
44.0,4.0,43.0,0.1,0.075,0.2,1.0,650.0,0.0,0.0,0.13538461538461538
44.0,4.0,44.0,0.1,0.075,0.2,1.0,661.0,0.0,0.0,0.1346444780635401
44.0,4.0,45.0,0.1,0.075,0.2,1.0,649.0,0.0,0.0,0.19106317411402157
44.0,4.0,46.0,0.1,0.075,0.2,1.0,648.0,0.0,0.0,0.19135802469135801
44.0,4.0,47.0,0.1,0.075,0.2,1.0,631.0,0.0,0.0,0.19334389857369255
44.0,4.0,48.0,0.1,0.075,0.2,1.0,635.0,0.0,0.0,0.1952755905511811
44.0,4.0,49.0,0.1,0.075,0.2,1.0,611.0,0.0,0.0,0.19803600654664485
44.0,4.0,50.0,0.1,0.075,0.2,1.0,590.0,0.0,0.0,0.19152542372881357
44.0,4.0,51.0,0.1,0.075,0.2,1.0,583.0,0.0,0.0,0.19382504288164665
44.0,4.0,52.0,0.1,0.075,0.2,1.0,587.0,0.0,0.0,0.19080068143100512
44.0,5.0,1.0,0.1,0.075,0.2,1.0,579.0,0.0,0.0,0.19170984455958548
44.0,5.0,2.0,0.1,0.075,0.2,1.0,586.0,0.0,0.0,0.19112627986348124
44.0,5.0,3.0,0.1,0.075,0.2,1.0,575.0,0.0,0.0,0.19130434782608696
44.0,5.0,4.0,0.1,0.075,0.2,1.0,579.0,0.0,0.0,0.18998272884283246
44.0,5.0,5.0,0.1,0.075,0.2,1.0,555.0,0.0,0.0,0.1927927927927928
44.0,5.0,6.0,0.1,0.075,0.2,1.0,557.0,0.0,0.0,0.19389587073608616
44.0,5.0,7.0,0.1,0.075,0.2,1.0,552.0,0.0,0.0,0.19202898550724637
44.0,5.0,8.0,0.1,0.075,0.2,1.0,541.0,0.0,0.0,0.1977818853974122
44.0,5.0,9.0,0.1,0.075,0.2,1.0,537.0,0.0,0.0,0.19553072625698323
44.0,5.0,10.0,0.1,0.075,0.2,1.0,540.0,0.0,0.0,0.19814814814814816
44.0,5.0,11.0,0.1,0.075,0.2,1.0,530.0,0.0,0.0,0.19811320754716982
44.0,5.0,12.0,0.1,0.075,0.2,1.0,538.0,0.0,0.0,0.19888475836431227
44.0,5.0,13.0,0.1,0.075,0.2,1.0,529.0,0.0,0.0,0.19848771266540643
44.0,5.0,14.0,0.1,0.075,0.2,1.0,523.0,0.0,0.0,0.20267686424474188
44.0,5.0,15.0,0.1,0.075,0.2,1.0,510.0,0.0,0.0,0.20392156862745098
44.0,5.0,16.0,0.1,0.075,0.2,1.0,517.0,0.0,0.0,0.20502901353965183
44.0,5.0,17.0,0.1,0.075,0.2,1.0,508.0,0.0,0.0,0.2047244094488189
44.0,5.0,18.0,0.1,0.075,0.2,1.0,516.0,0.0,0.0,0.2054263565891473
44.0,5.0,19.0,0.1,0.075,0.2,1.0,508.0,0.0,0.0,0.2047244094488189
44.0,5.0,20.0,0.1,0.075,0.2,1.0,951.0,0.0,0.0,0.11146161934805468
44.0,5.0,21.0,0.1,0.075,0.2,1.0,908.0,0.0,0.0,0.11343612334801761
44.0,5.0,22.0,0.1,0.075,0.2,1.0,933.0,0.0,0.0,0.11146838156484459
44.0,5.0,23.0,0.1,0.075,0.2,1.0,884.0,0.0,0.0,0.11312217194570136
44.0,5.0,24.0,0.1,0.075,0.2,1.0,900.0,0.0,0.0,0.11222222222222222
44.0,5.0,25.0,0.1,0.075,0.2,1.0,824.0,0.0,0.0,0.11650485436893204
44.0,5.0,26.0,0.1,0.075,0.2,1.0,804.0,0.0,0.0,0.11691542288557213
44.0,5.0,27.0,0.1,0.075,0.2,1.0,784.0,0.0,0.0,0.11734693877551021
44.0,5.0,28.0,0.1,0.075,0.2,1.0,784.0,0.0,0.0,0.11607142857142858
44.0,5.0,29.0,0.1,0.075,0.2,1.0,764.0,0.0,0.0,0.11780104712041885
44.0,5.0,30.0,0.1,0.075,0.2,1.0,756.0,0.0,0.0,0.1164021164021164
44.0,5.0,31.0,0.1,0.075,0.2,1.0,724.0,0.0,0.0,0.11740331491712708
44.0,5.0,32.0,0.1,0.075,0.2,1.0,699.0,0.0,0.0,0.11874105865522175
44.0,5.0,33.0,0.1,0.075,0.2,1.0,689.0,0.0,0.0,0.11465892597968069
44.0,5.0,34.0,0.1,0.075,0.2,1.0,692.0,0.0,0.0,0.11705202312138728
44.0,5.0,35.0,0.1,0.075,0.2,1.0,665.0,0.0,0.0,0.11729323308270677
44.0,5.0,36.0,0.1,0.075,0.2,1.0,668.0,0.0,0.0,0.11676646706586827
44.0,5.0,37.0,0.1,0.075,0.2,1.0,633.0,0.0,0.0,0.11690363349131122
44.0,5.0,38.0,0.1,0.075,0.2,1.0,618.0,0.0,0.0,0.11488673139158576
44.0,5.0,39.0,0.1,0.075,0.2,1.0,616.0,0.0,0.0,0.11363636363636363
44.0,5.0,40.0,0.1,0.075,0.2,1.0,613.0,0.0,0.0,0.11582381729200653
44.0,5.0,41.0,0.1,0.075,0.2,1.0,586.0,0.0,0.0,0.11262798634812286
44.0,5.0,42.0,0.1,0.075,0.2,1.0,550.0,0.0,0.0,0.12
44.0,5.0,43.0,0.1,0.075,0.2,1.0,545.0,0.0,0.0,0.11926605504587157
44.0,5.0,44.0,0.1,0.075,0.2,1.0,543.0,0.0,0.0,0.11786372007366483
44.0,5.0,45.0,0.1,0.075,0.2,1.0,539.0,0.0,0.0,0.19480519480519481
44.0,5.0,46.0,0.1,0.075,0.2,1.0,543.0,0.0,0.0,0.19521178637200737
44.0,5.0,47.0,0.1,0.075,0.2,1.0,538.0,0.0,0.0,0.19330855018587362
44.0,5.0,48.0,0.1,0.075,0.2,1.0,539.0,0.0,0.0,0.19480519480519481
44.0,5.0,49.0,0.1,0.075,0.2,1.0,534.0,0.0,0.0,0.19101123595505617
44.0,5.0,50.0,0.1,0.075,0.2,1.0,525.0,0.0,0.0,0.19428571428571428
44.0,5.0,51.0,0.1,0.075,0.2,1.0,521.0,0.0,0.0,0.19385796545105566
44.0,5.0,52.0,0.1,0.075,0.2,1.0,522.0,0.0,0.0,0.19540229885057472
44.0,6.0,1.0,0.1,0.075,0.2,1.0,518.0,0.0,0.0,0.19498069498069498
44.0,6.0,2.0,0.1,0.075,0.2,1.0,506.0,0.0,0.0,0.1976284584980237
44.0,6.0,3.0,0.1,0.075,0.2,1.0,502.0,0.0,0.0,0.19721115537848605
44.0,6.0,4.0,0.1,0.075,0.2,1.0,502.0,0.0,0.0,0.19721115537848605
44.0,6.0,5.0,0.1,0.075,0.2,1.0,500.0,0.0,0.0,0.194
44.0,6.0,6.0,0.1,0.075,0.2,1.0,502.0,0.0,0.0,0.19721115537848605
44.0,6.0,7.0,0.1,0.075,0.2,1.0,500.0,0.0,0.0,0.196
44.0,6.0,8.0,0.1,0.075,0.2,1.0,496.0,0.0,0.0,0.1975806451612903
44.0,6.0,9.0,0.1,0.075,0.2,1.0,494.0,0.0,0.0,0.19838056680161945
44.0,6.0,10.0,0.1,0.075,0.2,1.0,495.0,0.0,0.0,0.19797979797979798
44.0,6.0,11.0,0.1,0.075,0.2,1.0,493.0,0.0,0.0,0.19878296146044624
44.0,6.0,12.0,0.1,0.075,0.2,1.0,481.0,0.0,0.0,0.19542619542619544
44.0,6.0,13.0,0.1,0.075,0.2,1.0,476.0,0.0,0.0,0.19747899159663865
44.0,6.0,14.0,0.1,0.075,0.2,1.0,475.0,0.0,0.0,0.1957894736842105
44.0,6.0,15.0,0.1,0.075,0.2,1.0,473.0,0.0,0.0,0.19873150105708245
44.0,6.0,16.0,0.1,0.075,0.2,1.0,473.0,0.0,0.0,0.19238900634249473
44.0,6.0,17.0,0.1,0.075,0.2,1.0,471.0,0.0,0.0,0.19532908704883228
44.0,6.0,18.0,0.1,0.075,0.2,1.0,461.0,0.0,0.0,0.19522776572668113
44.0,6.0,19.0,0.1,0.075,0.2,1.0,459.0,0.0,0.0,0.19607843137254902
44.0,6.0,20.0,0.1,0.075,0.2,1.0,860.0,0.0,0.0,0.10348837209302325
44.0,6.0,21.0,0.1,0.075,0.2,1.0,860.0,0.0,0.0,0.10348837209302325
44.0,6.0,22.0,0.1,0.075,0.2,1.0,822.0,0.0,0.0,0.10462287104622871
44.0,6.0,23.0,0.1,0.075,0.2,1.0,810.0,0.0,0.0,0.10493827160493827
44.0,6.0,24.0,0.1,0.075,0.2,1.0,766.0,0.0,0.0,0.10704960835509138
44.0,6.0,25.0,0.1,0.075,0.2,1.0,761.0,0.0,0.0,0.10643889618922471
44.0,6.0,26.0,0.1,0.075,0.2,1.0,735.0,0.0,0.0,0.10612244897959183
44.0,6.0,27.0,0.1,0.075,0.2,1.0,721.0,0.0,0.0,0.10679611650485436
44.0,6.0,28.0,0.1,0.075,0.2,1.0,713.0,0.0,0.0,0.10518934081346423
44.0,6.0,29.0,0.1,0.075,0.2,1.0,694.0,0.0,0.0,0.1037463976945245
44.0,6.0,30.0,0.1,0.075,0.2,1.0,684.0,0.0,0.0,0.10380116959064327
44.0,6.0,31.0,0.1,0.075,0.2,1.0,674.0,0.0,0.0,0.10682492581602374
44.0,6.0,32.0,0.1,0.075,0.2,1.0,653.0,0.0,0.0,0.10719754977029096
44.0,6.0,33.0,0.1,0.075,0.2,1.0,653.0,0.0,0.0,0.10872894333843798
44.0,6.0,34.0,0.1,0.075,0.2,1.0,637.0,0.0,0.0,0.10989010989010989
44.0,6.0,35.0,0.1,0.075,0.2,1.0,639.0,0.0,0.0,0.1111111111111111
44.0,6.0,36.0,0.1,0.075,0.2,1.0,631.0,0.0,0.0,0.1109350237717908
44.0,6.0,37.0,0.1,0.075,0.2,1.0,630.0,0.0,0.0,0.10793650793650794
44.0,6.0,38.0,0.1,0.075,0.2,1.0,604.0,0.0,0.0,0.10927152317880795
44.0,6.0,39.0,0.1,0.075,0.2,1.0,612.0,0.0,0.0,0.10947712418300654
44.0,6.0,40.0,0.1,0.075,0.2,1.0,599.0,0.0,0.0,0.10851419031719532
44.0,6.0,41.0,0.1,0.075,0.2,1.0,579.0,0.0,0.0,0.11053540587219343
44.0,6.0,42.0,0.1,0.075,0.2,1.0,569.0,0.0,0.0,0.11072056239015818
44.0,6.0,43.0,0.1,0.075,0.2,1.0,575.0,0.0,0.0,0.10956521739130434
44.0,6.0,44.0,0.1,0.075,0.2,1.0,562.0,0.0,0.0,0.10854092526690391
44.0,6.0,45.0,0.1,0.075,0.2,1.0,570.0,0.0,0.0,0.18596491228070175
44.0,6.0,46.0,0.1,0.075,0.2,1.0,558.0,0.0,0.0,0.1863799283154122
44.0,6.0,47.0,0.1,0.075,0.2,1.0,569.0,0.0,0.0,0.18629173989455183
44.0,6.0,48.0,0.1,0.075,0.2,1.0,557.0,0.0,0.0,0.1867145421903052
44.0,6.0,49.0,0.1,0.075,0.2,1.0,567.0,0.0,0.0,0.18694885361552027
44.0,6.0,50.0,0.1,0.075,0.2,1.0,557.0,0.0,0.0,0.1867145421903052
44.0,6.0,51.0,0.1,0.075,0.2,1.0,551.0,0.0,0.0,0.19056261343012704
44.0,6.0,52.0,0.1,0.075,0.2,1.0,540.0,0.0,0.0,0.19074074074074074
44.0,7.0,1.0,0.1,0.075,0.2,1.0,547.0,0.0,0.0,0.19012797074954296
44.0,7.0,2.0,0.1,0.075,0.2,1.0,539.0,0.0,0.0,0.18923933209647495
44.0,7.0,3.0,0.1,0.075,0.2,1.0,544.0,0.0,0.0,0.1875
44.0,7.0,4.0,0.1,0.075,0.2,1.0,532.0,0.0,0.0,0.18609022556390978
44.0,7.0,5.0,0.1,0.075,0.2,1.0,540.0,0.0,0.0,0.18703703703703703
44.0,7.0,6.0,0.1,0.075,0.2,1.0,532.0,0.0,0.0,0.18421052631578946
44.0,7.0,7.0,0.1,0.075,0.2,1.0,538.0,0.0,0.0,0.18587360594795538
44.0,7.0,8.0,0.1,0.075,0.2,1.0,530.0,0.0,0.0,0.1811320754716981
44.0,7.0,9.0,0.1,0.075,0.2,1.0,536.0,0.0,0.0,0.18470149253731344
44.0,7.0,10.0,0.1,0.075,0.2,1.0,515.0,0.0,0.0,0.18640776699029127
44.0,7.0,11.0,0.1,0.075,0.2,1.0,519.0,0.0,0.0,0.18882466281310212
44.0,7.0,12.0,0.1,0.075,0.2,1.0,512.0,0.0,0.0,0.185546875
44.0,7.0,13.0,0.1,0.075,0.2,1.0,515.0,0.0,0.0,0.1883495145631068
44.0,7.0,14.0,0.1,0.075,0.2,1.0,511.0,0.0,0.0,0.18395303326810175
44.0,7.0,15.0,0.1,0.075,0.2,1.0,512.0,0.0,0.0,0.1875
44.0,7.0,16.0,0.1,0.075,0.2,1.0,509.0,0.0,0.0,0.18467583497053044
44.0,7.0,17.0,0.1,0.075,0.2,1.0,512.0,0.0,0.0,0.1875
44.0,7.0,18.0,0.1,0.075,0.2,1.0,508.0,0.0,0.0,0.1830708661417323
44.0,7.0,19.0,0.1,0.075,0.2,1.0,513.0,0.0,0.0,0.18908382066276802
44.0,7.0,20.0,0.1,0.075,0.2,1.0,926.0,0.0,0.0,0.09935205183585313
44.0,7.0,21.0,0.1,0.075,0.2,1.0,885.0,0.0,0.0,0.10508474576271186
44.0,7.0,22.0,0.1,0.075,0.2,1.0,872.0,0.0,0.0,0.10091743119266056
44.0,7.0,23.0,0.1,0.075,0.2,1.0,857.0,0.0,0.0,0.10385064177362893
44.0,7.0,24.0,0.1,0.075,0.2,1.0,847.0,0.0,0.0,0.10271546635182999
44.0,7.0,25.0,0.1,0.075,0.2,1.0,799.0,0.0,0.0,0.10763454317897372
44.0,7.0,26.0,0.1,0.075,0.2,1.0,776.0,0.0,0.0,0.10695876288659793
44.0,7.0,27.0,0.1,0.075,0.2,1.0,771.0,0.0,0.0,0.10894941634241245
44.0,7.0,28.0,0.1,0.075,0.2,1.0,765.0,0.0,0.0,0.10718954248366012
44.0,7.0,29.0,0.1,0.075,0.2,1.0,767.0,0.0,0.0,0.10691003911342895
44.0,7.0,30.0,0.1,0.075,0.2,1.0,751.0,0.0,0.0,0.10652463382157124
44.0,7.0,31.0,0.1,0.075,0.2,1.0,734.0,0.0,0.0,0.10626702997275204
44.0,7.0,32.0,0.1,0.075,0.2,1.0,730.0,0.0,0.0,0.10684931506849316
44.0,7.0,33.0,0.1,0.075,0.2,1.0,734.0,0.0,0.0,0.10626702997275204
44.0,7.0,34.0,0.1,0.075,0.2,1.0,730.0,0.0,0.0,0.10684931506849316
44.0,7.0,35.0,0.1,0.075,0.2,1.0,734.0,0.0,0.0,0.10626702997275204
44.0,7.0,36.0,0.1,0.075,0.2,1.0,730.0,0.0,0.0,0.10684931506849316
44.0,7.0,37.0,0.1,0.075,0.2,1.0,734.0,0.0,0.0,0.10626702997275204
44.0,7.0,38.0,0.1,0.075,0.2,1.0,730.0,0.0,0.0,0.10684931506849316
44.0,7.0,39.0,0.1,0.075,0.2,1.0,734.0,0.0,0.0,0.10626702997275204
44.0,7.0,40.0,0.1,0.075,0.2,1.0,729.0,0.0,0.0,0.10699588477366255
44.0,7.0,41.0,0.1,0.075,0.2,1.0,735.0,0.0,0.0,0.10612244897959183
44.0,7.0,42.0,0.1,0.075,0.2,1.0,728.0,0.0,0.0,0.10714285714285714
44.0,7.0,43.0,0.1,0.075,0.2,1.0,736.0,0.0,0.0,0.10597826086956522
44.0,7.0,44.0,0.1,0.075,0.2,1.0,703.0,0.0,0.0,0.10668563300142248
44.0,7.0,45.0,0.1,0.075,0.2,1.0,687.0,0.0,0.0,0.18631732168850074
44.0,7.0,46.0,0.1,0.075,0.2,1.0,679.0,0.0,0.0,0.18556701030927836
44.0,7.0,47.0,0.1,0.075,0.2,1.0,687.0,0.0,0.0,0.18631732168850074
44.0,7.0,48.0,0.1,0.075,0.2,1.0,678.0,0.0,0.0,0.18584070796460178
44.0,7.0,49.0,0.1,0.075,0.2,1.0,687.0,0.0,0.0,0.18631732168850074
44.0,7.0,50.0,0.1,0.075,0.2,1.0,678.0,0.0,0.0,0.1873156342182891
44.0,7.0,51.0,0.1,0.075,0.2,1.0,685.0,0.0,0.0,0.18686131386861313
44.0,7.0,52.0,0.1,0.075,0.2,1.0,677.0,0.0,0.0,0.18759231905465287
44.0,8.0,1.0,0.1,0.075,0.2,1.0,673.0,0.0,0.0,0.1887072808320951
44.0,8.0,2.0,0.1,0.075,0.2,1.0,652.0,0.0,0.0,0.1901840490797546
44.0,8.0,3.0,0.1,0.075,0.2,1.0,658.0,0.0,0.0,0.1899696048632219
44.0,8.0,4.0,0.1,0.075,0.2,1.0,649.0,0.0,0.0,0.19106317411402157
44.0,8.0,5.0,0.1,0.075,0.2,1.0,657.0,0.0,0.0,0.1902587519025875
44.0,8.0,6.0,0.1,0.075,0.2,1.0,648.0,0.0,0.0,0.19135802469135801
44.0,8.0,7.0,0.1,0.075,0.2,1.0,655.0,0.0,0.0,0.19083969465648856
44.0,8.0,8.0,0.1,0.075,0.2,1.0,645.0,0.0,0.0,0.19224806201550387
44.0,8.0,9.0,0.1,0.075,0.2,1.0,650.0,0.0,0.0,0.19230769230769232
44.0,8.0,10.0,0.1,0.075,0.2,1.0,643.0,0.0,0.0,0.19284603421461896
44.0,8.0,11.0,0.1,0.075,0.2,1.0,651.0,0.0,0.0,0.19201228878648233
44.0,8.0,12.0,0.1,0.075,0.2,1.0,643.0,0.0,0.0,0.19284603421461896
44.0,8.0,13.0,0.1,0.075,0.2,1.0,648.0,0.0,0.0,0.19290123456790123
44.0,8.0,14.0,0.1,0.075,0.2,1.0,640.0,0.0,0.0,0.19375
44.0,8.0,15.0,0.1,0.075,0.2,1.0,646.0,0.0,0.0,0.19349845201238391
44.0,8.0,16.0,0.1,0.075,0.2,1.0,639.0,0.0,0.0,0.19405320813771518
44.0,8.0,17.0,0.1,0.075,0.2,1.0,633.0,0.0,0.0,0.1943127962085308
44.0,8.0,18.0,0.1,0.075,0.2,1.0,627.0,0.0,0.0,0.19457735247208932
44.0,8.0,19.0,0.1,0.075,0.2,1.0,632.0,0.0,0.0,0.19462025316455697
44.0,8.0,20.0,0.1,0.075,0.2,1.0,1125.0,0.0,0.0,0.10844444444444444
44.0,8.0,21.0,0.1,0.075,0.2,1.0,1093.0,0.0,0.0,0.10887465690759378
44.0,8.0,22.0,0.1,0.075,0.2,1.0,1083.0,0.0,0.0,0.10895660203139428
44.0,8.0,23.0,0.1,0.075,0.2,1.0,1064.0,0.0,0.0,0.1080827067669173
44.0,8.0,24.0,0.1,0.075,0.2,1.0,1042.0,0.0,0.0,0.10844529750479846
44.0,8.0,25.0,0.1,0.075,0.2,1.0,1026.0,0.0,0.0,0.10721247563352826
44.0,8.0,26.0,0.1,0.075,0.2,1.0,1001.0,0.0,0.0,0.10789210789210789
44.0,8.0,27.0,0.1,0.075,0.2,1.0,964.0,0.0,0.0,0.11099585062240663
44.0,8.0,28.0,0.1,0.075,0.2,1.0,896.0,0.0,0.0,0.11272321428571429
44.0,8.0,29.0,0.1,0.075,0.2,1.0,908.0,0.0,0.0,0.11123348017621146
44.0,8.0,30.0,0.1,0.075,0.2,1.0,855.0,0.0,0.0,0.11578947368421053
44.0,8.0,31.0,0.1,0.075,0.2,1.0,831.0,0.0,0.0,0.11552346570397112
44.0,8.0,32.0,0.1,0.075,0.2,1.0,809.0,0.0,0.0,0.11990111248454882
44.0,8.0,33.0,0.1,0.075,0.2,1.0,821.0,0.0,0.0,0.11814859926918392
44.0,8.0,34.0,0.1,0.075,0.2,1.0,792.0,0.0,0.0,0.12121212121212122
44.0,8.0,35.0,0.1,0.075,0.2,1.0,784.0,0.0,0.0,0.12244897959183673
44.0,8.0,36.0,0.1,0.075,0.2,1.0,759.0,0.0,0.0,0.1225296442687747
44.0,8.0,37.0,0.1,0.075,0.2,1.0,771.0,0.0,0.0,0.12062256809338522
44.0,8.0,38.0,0.1,0.075,0.2,1.0,719.0,0.0,0.0,0.12517385257301808
44.0,8.0,39.0,0.1,0.075,0.2,1.0,741.0,0.0,0.0,0.1214574898785425
44.0,8.0,40.0,0.1,0.075,0.2,1.0,707.0,0.0,0.0,0.12588401697312587
44.0,8.0,41.0,0.1,0.075,0.2,1.0,728.0,0.0,0.0,0.12225274725274725
44.0,8.0,42.0,0.1,0.075,0.2,1.0,686.0,0.0,0.0,0.1282798833819242
44.0,8.0,43.0,0.1,0.075,0.2,1.0,705.0,0.0,0.0,0.12340425531914893
44.0,8.0,44.0,0.1,0.075,0.2,1.0,685.0,0.0,0.0,0.12554744525547445
44.0,8.0,45.0,0.1,0.075,0.2,1.0,706.0,0.0,0.0,0.19263456090651557
44.0,8.0,46.0,0.1,0.075,0.2,1.0,685.0,0.0,0.0,0.19416058394160585
44.0,8.0,47.0,0.1,0.075,0.2,1.0,706.0,0.0,0.0,0.19263456090651557
44.0,8.0,48.0,0.1,0.075,0.2,1.0,683.0,0.0,0.0,0.191800878477306
44.0,8.0,49.0,0.1,0.075,0.2,1.0,680.0,0.0,0.0,0.19705882352941176
44.0,8.0,50.0,0.1,0.075,0.2,1.0,657.0,0.0,0.0,0.1948249619482496
44.0,8.0,51.0,0.1,0.075,0.2,1.0,675.0,0.0,0.0,0.1985185185185185
44.0,8.0,52.0,0.1,0.075,0.2,1.0,656.0,0.0,0.0,0.1951219512195122
44.0,9.0,1.0,0.1,0.075,0.2,1.0,668.0,0.0,0.0,0.19910179640718562
44.0,9.0,2.0,0.1,0.075,0.2,1.0,650.0,0.0,0.0,0.19538461538461538
44.0,9.0,3.0,0.1,0.075,0.2,1.0,652.0,0.0,0.0,0.19785276073619631
44.0,9.0,4.0,0.1,0.075,0.2,1.0,649.0,0.0,0.0,0.19568567026194145
44.0,9.0,5.0,0.1,0.075,0.2,1.0,652.0,0.0,0.0,0.19785276073619631
44.0,9.0,6.0,0.1,0.075,0.2,1.0,650.0,0.0,0.0,0.19692307692307692
44.0,9.0,7.0,0.1,0.075,0.2,1.0,652.0,0.0,0.0,0.19785276073619631
44.0,9.0,8.0,0.1,0.075,0.2,1.0,648.0,0.0,0.0,0.19753086419753085
44.0,9.0,9.0,0.1,0.075,0.2,1.0,645.0,0.0,0.0,0.2
44.0,9.0,10.0,0.1,0.075,0.2,1.0,643.0,0.0,0.0,0.19906687402799378
44.0,9.0,11.0,0.1,0.075,0.2,1.0,644.0,0.0,0.0,0.20031055900621117
44.0,9.0,12.0,0.1,0.075,0.2,1.0,643.0,0.0,0.0,0.19906687402799378
44.0,9.0,13.0,0.1,0.075,0.2,1.0,642.0,0.0,0.0,0.20093457943925233
44.0,9.0,14.0,0.1,0.075,0.2,1.0,642.0,0.0,0.0,0.19937694704049844
44.0,9.0,15.0,0.1,0.075,0.2,1.0,640.0,0.0,0.0,0.2
44.0,9.0,16.0,0.1,0.075,0.2,1.0,642.0,0.0,0.0,0.19937694704049844
44.0,9.0,17.0,0.1,0.075,0.2,1.0,641.0,0.0,0.0,0.1996879875195008
44.0,9.0,18.0,0.1,0.075,0.2,1.0,642.0,0.0,0.0,0.19937694704049844
44.0,9.0,19.0,0.1,0.075,0.2,1.0,641.0,0.0,0.0,0.1996879875195008
44.0,9.0,20.0,0.1,0.075,0.2,1.0,1136.0,0.0,0.0,0.11179577464788733
44.0,9.0,21.0,0.1,0.075,0.2,1.0,1087.0,0.0,0.0,0.1140754369825207
44.0,9.0,22.0,0.1,0.075,0.2,1.0,1066.0,0.0,0.0,0.1125703564727955
44.0,9.0,23.0,0.1,0.075,0.2,1.0,1063.0,0.0,0.0,0.11288805268109126
44.0,9.0,24.0,0.1,0.075,0.2,1.0,1039.0,0.0,0.0,0.11357074109720885
44.0,9.0,25.0,0.1,0.075,0.2,1.0,1025.0,0.0,0.0,0.1151219512195122
44.0,9.0,26.0,0.1,0.075,0.2,1.0,983.0,0.0,0.0,0.11597151576805696
44.0,9.0,27.0,0.1,0.075,0.2,1.0,974.0,0.0,0.0,0.11806981519507187
44.0,9.0,28.0,0.1,0.075,0.2,1.0,957.0,0.0,0.0,0.11598746081504702
44.0,9.0,29.0,0.1,0.075,0.2,1.0,955.0,0.0,0.0,0.11832460732984293
44.0,9.0,30.0,0.1,0.075,0.2,1.0,940.0,0.0,0.0,0.11702127659574468
44.0,9.0,31.0,0.1,0.075,0.2,1.0,922.0,0.0,0.0,0.11822125813449023
44.0,9.0,32.0,0.1,0.075,0.2,1.0,890.0,0.0,0.0,0.11797752808988764
44.0,9.0,33.0,0.1,0.075,0.2,1.0,867.0,0.0,0.0,0.12110726643598616
44.0,9.0,34.0,0.1,0.075,0.2,1.0,851.0,0.0,0.0,0.12103407755581669
44.0,9.0,35.0,0.1,0.075,0.2,1.0,852.0,0.0,0.0,0.12206572769953052
44.0,9.0,36.0,0.1,0.075,0.2,1.0,851.0,0.0,0.0,0.12103407755581669
44.0,9.0,37.0,0.1,0.075,0.2,1.0,852.0,0.0,0.0,0.12206572769953052
44.0,9.0,38.0,0.1,0.075,0.2,1.0,834.0,0.0,0.0,0.1211031175059952
44.0,9.0,39.0,0.1,0.075,0.2,1.0,831.0,0.0,0.0,0.12154031287605295
44.0,9.0,40.0,0.1,0.075,0.2,1.0,813.0,0.0,0.0,0.12546125461254612
44.0,9.0,41.0,0.1,0.075,0.2,1.0,789.0,0.0,0.0,0.1267427122940431
44.0,9.0,42.0,0.1,0.075,0.2,1.0,781.0,0.0,0.0,0.12804097311139565
44.0,9.0,43.0,0.1,0.075,0.2,1.0,770.0,0.0,0.0,0.12987012987012986
44.0,9.0,44.0,0.1,0.075,0.2,1.0,770.0,0.0,0.0,0.12857142857142856
44.0,9.0,45.0,0.1,0.075,0.2,1.0,771.0,0.0,0.0,0.2191958495460441
44.0,9.0,46.0,0.1,0.075,0.2,1.0,746.0,0.0,0.0,0.22117962466487937
44.0,9.0,47.0,0.1,0.075,0.2,1.0,747.0,0.0,0.0,0.2222222222222222
44.0,9.0,48.0,0.1,0.075,0.2,1.0,746.0,0.0,0.0,0.22117962466487937
44.0,9.0,49.0,0.1,0.075,0.2,1.0,736.0,0.0,0.0,0.22554347826086957
44.0,9.0,50.0,0.1,0.075,0.2,1.0,721.0,0.0,0.0,0.22468793342579751
44.0,9.0,51.0,0.1,0.075,0.2,1.0,723.0,0.0,0.0,0.22544951590594745
44.0,9.0,52.0,0.1,0.075,0.2,1.0,706.0,0.0,0.0,0.22521246458923513
44.0,10.0,1.0,0.1,0.075,0.2,1.0,709.0,0.0,0.0,0.22566995768688294
44.0,10.0,2.0,0.1,0.075,0.2,1.0,706.0,0.0,0.0,0.22521246458923513
44.0,10.0,3.0,0.1,0.075,0.2,1.0,708.0,0.0,0.0,0.2245762711864407
44.0,10.0,4.0,0.1,0.075,0.2,1.0,707.0,0.0,0.0,0.2263083451202263
44.0,10.0,5.0,0.1,0.075,0.2,1.0,706.0,0.0,0.0,0.22521246458923513
44.0,10.0,6.0,0.1,0.075,0.2,1.0,703.0,0.0,0.0,0.22617354196301565
44.0,10.0,7.0,0.1,0.075,0.2,1.0,705.0,0.0,0.0,0.225531914893617
44.0,10.0,8.0,0.1,0.075,0.2,1.0,700.0,0.0,0.0,0.22714285714285715
44.0,10.0,9.0,0.1,0.075,0.2,1.0,696.0,0.0,0.0,0.22701149425287356
44.0,10.0,10.0,0.1,0.075,0.2,1.0,696.0,0.0,0.0,0.22988505747126436
44.0,10.0,11.0,0.1,0.075,0.2,1.0,694.0,0.0,0.0,0.2276657060518732
44.0,10.0,12.0,0.1,0.075,0.2,1.0,695.0,0.0,0.0,0.22877697841726619
44.0,10.0,13.0,0.1,0.075,0.2,1.0,691.0,0.0,0.0,0.2301013024602026
44.0,10.0,14.0,0.1,0.075,0.2,1.0,691.0,0.0,0.0,0.2301013024602026
44.0,10.0,15.0,0.1,0.075,0.2,1.0,686.0,0.0,0.0,0.2303206997084548
44.0,10.0,16.0,0.1,0.075,0.2,1.0,686.0,0.0,0.0,0.2303206997084548
44.0,10.0,17.0,0.1,0.075,0.2,1.0,686.0,0.0,0.0,0.2303206997084548
44.0,10.0,18.0,0.1,0.075,0.2,1.0,673.0,0.0,0.0,0.23179791976225855
44.0,10.0,19.0,0.1,0.075,0.2,1.0,672.0,0.0,0.0,0.23214285714285715
44.0,10.0,20.0,0.1,0.075,0.2,1.0,1178.0,0.0,0.0,0.12478777589134125
44.0,10.0,21.0,0.1,0.075,0.2,1.0,1127.0,0.0,0.0,0.1251109139307897
44.0,10.0,22.0,0.1,0.075,0.2,1.0,1110.0,0.0,0.0,0.12432432432432433
44.0,10.0,23.0,0.1,0.075,0.2,1.0,1101.0,0.0,0.0,0.12534059945504086
44.0,10.0,24.0,0.1,0.075,0.2,1.0,1007.0,0.0,0.0,0.12810327706057598
44.0,10.0,25.0,0.1,0.075,0.2,1.0,1009.0,0.0,0.0,0.1288404360753221
44.0,10.0,26.0,0.1,0.075,0.2,1.0,994.0,0.0,0.0,0.12877263581488935
44.0,10.0,27.0,0.1,0.075,0.2,1.0,959.0,0.0,0.0,0.1334723670490094
44.0,10.0,28.0,0.1,0.075,0.2,1.0,939.0,0.0,0.0,0.13205537806176784
44.0,10.0,29.0,0.1,0.075,0.2,1.0,919.0,0.0,0.0,0.13710554951033732
44.0,10.0,30.0,0.1,0.075,0.2,1.0,878.0,0.0,0.0,0.1366742596810934
44.0,10.0,31.0,0.1,0.075,0.2,1.0,855.0,0.0,0.0,0.1415204678362573
44.0,10.0,32.0,0.1,0.075,0.2,1.0,851.0,0.0,0.0,0.1398354876615746
44.0,10.0,33.0,0.1,0.075,0.2,1.0,843.0,0.0,0.0,0.1423487544483986
44.0,10.0,34.0,0.1,0.075,0.2,1.0,815.0,0.0,0.0,0.14355828220858896
44.0,10.0,35.0,0.1,0.075,0.2,1.0,818.0,0.0,0.0,0.1466992665036675
44.0,10.0,36.0,0.1,0.075,0.2,1.0,803.0,0.0,0.0,0.14570361145703611
44.0,10.0,37.0,0.1,0.075,0.2,1.0,807.0,0.0,0.0,0.14869888475836432
44.0,10.0,38.0,0.1,0.075,0.2,1.0,803.0,0.0,0.0,0.14694894146948942
44.0,10.0,39.0,0.1,0.075,0.2,1.0,781.0,0.0,0.0,0.15108834827144688
44.0,10.0,40.0,0.1,0.075,0.2,1.0,772.0,0.0,0.0,0.15025906735751296
44.0,10.0,41.0,0.1,0.075,0.2,1.0,779.0,0.0,0.0,0.1514762516046213
44.0,10.0,42.0,0.1,0.075,0.2,1.0,752.0,0.0,0.0,0.15425531914893617
44.0,10.0,43.0,0.1,0.075,0.2,1.0,759.0,0.0,0.0,0.155467720685112
44.0,10.0,44.0,0.1,0.075,0.2,1.0,748.0,0.0,0.0,0.15508021390374332
44.0,10.0,45.0,0.1,0.075,0.2,1.0,755.0,0.0,0.0,0.21456953642384105
44.0,10.0,46.0,0.1,0.075,0.2,1.0,756.0,0.0,0.0,0.21164021164021163
44.0,10.0,47.0,0.1,0.075,0.2,1.0,755.0,0.0,0.0,0.21456953642384105
44.0,10.0,48.0,0.1,0.075,0.2,1.0,721.0,0.0,0.0,0.21914008321775313
44.0,10.0,49.0,0.1,0.075,0.2,1.0,721.0,0.0,0.0,0.22191400832177532
44.0,10.0,50.0,0.1,0.075,0.2,1.0,717.0,0.0,0.0,0.2203626220362622
44.0,10.0,51.0,0.1,0.075,0.2,1.0,719.0,0.0,0.0,0.22253129346314326
44.0,10.0,52.0,0.1,0.075,0.2,1.0,717.0,0.0,0.0,0.2203626220362622
45.0,1.0,1.0,0.1,0.075,0.2,1.0,5096.0,52.0,5.0,0.09929356357927786
45.0,1.0,2.0,0.1,0.075,0.2,1.0,5058.0,58.0,17.0,0.09885330170027679
45.0,1.0,3.0,0.1,0.075,0.2,1.0,5063.0,75.0,25.0,0.09974323523602607
45.0,1.0,4.0,0.1,0.075,0.2,1.0,5035.0,108.0,40.0,0.10148957298907646
45.0,1.0,5.0,0.1,0.075,0.2,1.0,5084.0,137.0,39.0,0.1018882769472856
45.0,1.0,6.0,0.1,0.075,0.2,1.0,4896.0,178.0,64.0,0.10089869281045752
45.0,1.0,7.0,0.1,0.075,0.2,1.0,4707.0,194.0,69.0,0.10048863394943701
45.0,1.0,8.0,0.1,0.075,0.2,1.0,4575.0,236.0,89.0,0.10098360655737705
45.0,1.0,9.0,0.1,0.075,0.2,1.0,4420.0,291.0,96.0,0.10045248868778281
45.0,1.0,10.0,0.1,0.075,0.2,1.0,4269.0,322.0,115.0,0.10166315296322324
45.0,1.0,11.0,0.1,0.075,0.2,1.0,4127.0,367.0,127.0,0.1020111461109765
45.0,1.0,12.0,0.1,0.075,0.2,1.0,4017.0,391.0,150.0,0.10380881254667662
45.0,1.0,13.0,0.1,0.075,0.2,1.0,3854.0,382.0,177.0,0.10352880124545927
45.0,1.0,14.0,0.1,0.075,0.2,1.0,3736.0,393.0,197.0,0.10599571734475374
45.0,1.0,15.0,0.1,0.075,0.2,1.0,3489.0,403.0,185.0,0.10461450272284323
45.0,1.0,16.0,0.1,0.075,0.2,1.0,3408.0,400.0,181.0,0.10710093896713616
45.0,1.0,17.0,0.1,0.075,0.2,1.0,3261.0,397.0,181.0,0.10732904017172647
45.0,1.0,18.0,0.1,0.075,0.2,1.0,3198.0,393.0,194.0,0.11006879299562226
45.0,1.0,19.0,0.1,0.075,0.2,1.0,3058.0,387.0,196.0,0.11085676913015043
45.0,1.0,20.0,0.1,0.075,0.2,1.0,5571.0,355.0,195.0,0.06103033566684617
45.0,1.0,21.0,0.1,0.075,0.2,1.0,5169.0,422.0,181.0,0.06384213580963435
45.0,1.0,22.0,0.1,0.075,0.2,1.0,4869.0,435.0,163.0,0.06613267611419182
45.0,1.0,23.0,0.1,0.075,0.2,1.0,4599.0,451.0,161.0,0.06675364209610785
45.0,1.0,24.0,0.1,0.075,0.2,1.0,4404.0,475.0,185.0,0.06925522252497729
45.0,1.0,25.0,0.1,0.075,0.2,1.0,4143.0,497.0,212.0,0.07096307023895727
45.0,1.0,26.0,0.1,0.075,0.2,1.0,3952.0,517.0,227.0,0.07236842105263158
45.0,1.0,27.0,0.1,0.075,0.2,1.0,3815.0,533.0,232.0,0.07575360419397116
45.0,1.0,28.0,0.1,0.075,0.2,1.0,3632.0,517.0,221.0,0.07709251101321586
45.0,1.0,29.0,0.1,0.075,0.2,1.0,3515.0,532.0,231.0,0.07965860597439545
45.0,1.0,30.0,0.1,0.075,0.2,1.0,3325.0,530.0,230.0,0.08270676691729323
45.0,1.0,31.0,0.1,0.075,0.2,1.0,3166.0,537.0,247.0,0.08591282375236892
45.0,1.0,32.0,0.1,0.075,0.2,1.0,3005.0,536.0,247.0,0.08885191347753743
45.0,1.0,33.0,0.1,0.075,0.2,1.0,2861.0,533.0,252.0,0.09227542817196785
45.0,1.0,34.0,0.1,0.075,0.2,1.0,2714.0,487.0,232.0,0.09543109801031688
45.0,1.0,35.0,0.1,0.075,0.2,1.0,2593.0,500.0,236.0,0.09872734284612418
45.0,1.0,36.0,0.1,0.075,0.2,1.0,2474.0,497.0,244.0,0.103071948261924
45.0,1.0,37.0,0.1,0.075,0.2,1.0,2312.0,462.0,224.0,0.10813148788927336
45.0,1.0,38.0,0.1,0.075,0.2,1.0,2201.0,439.0,215.0,0.11176737846433439
45.0,1.0,39.0,0.1,0.075,0.2,1.0,2066.0,382.0,195.0,0.11665053242981607
45.0,1.0,40.0,0.1,0.075,0.2,1.0,1961.0,384.0,183.0,0.1223865374808771
45.0,1.0,41.0,0.1,0.075,0.2,1.0,1862.0,358.0,180.0,0.12781954887218044
45.0,1.0,42.0,0.1,0.075,0.2,1.0,1740.0,342.0,184.0,0.1339080459770115
45.0,1.0,43.0,0.1,0.075,0.2,1.0,1654.0,325.0,169.0,0.14026602176541716
45.0,1.0,44.0,0.1,0.075,0.2,1.0,1565.0,313.0,155.0,0.14376996805111822
45.0,1.0,45.0,0.1,0.075,0.2,1.0,1482.0,269.0,125.0,0.22672064777327935
45.0,1.0,46.0,0.1,0.075,0.2,1.0,1434.0,243.0,122.0,0.22873082287308227
45.0,1.0,47.0,0.1,0.075,0.2,1.0,1361.0,213.0,107.0,0.23512123438648053
45.0,1.0,48.0,0.1,0.075,0.2,1.0,1292.0,193.0,100.0,0.24071207430340558
45.0,1.0,49.0,0.1,0.075,0.2,1.0,1238.0,178.0,100.0,0.24878836833602586
45.0,1.0,50.0,0.1,0.075,0.2,1.0,1197.0,171.0,94.0,0.24979114452798662
45.0,1.0,51.0,0.1,0.075,0.2,1.0,1152.0,161.0,85.0,0.2526041666666667
45.0,1.0,52.0,0.1,0.075,0.2,1.0,1100.0,137.0,78.0,0.2609090909090909
45.0,2.0,1.0,0.1,0.075,0.2,1.0,1070.0,129.0,70.0,0.2616822429906542
45.0,2.0,2.0,0.1,0.075,0.2,1.0,1037.0,116.0,57.0,0.26808100289296044
45.0,2.0,3.0,0.1,0.075,0.2,1.0,1005.0,99.0,47.0,0.2736318407960199
45.0,2.0,4.0,0.1,0.075,0.2,1.0,980.0,93.0,46.0,0.28061224489795916
45.0,2.0,5.0,0.1,0.075,0.2,1.0,962.0,86.0,53.0,0.28378378378378377
45.0,2.0,6.0,0.1,0.075,0.2,1.0,929.0,73.0,46.0,0.2906350914962325
45.0,2.0,7.0,0.1,0.075,0.2,1.0,911.0,64.0,42.0,0.29308452250274425
45.0,2.0,8.0,0.1,0.075,0.2,1.0,876.0,53.0,27.0,0.2979452054794521
45.0,2.0,9.0,0.1,0.075,0.2,1.0,863.0,45.0,29.0,0.30011587485515645
45.0,2.0,10.0,0.1,0.075,0.2,1.0,846.0,38.0,25.0,0.3049645390070922
45.0,2.0,11.0,0.1,0.075,0.2,1.0,838.0,32.0,26.0,0.3042959427207637
45.0,2.0,12.0,0.1,0.075,0.2,1.0,820.0,23.0,14.0,0.3121951219512195
45.0,2.0,13.0,0.1,0.075,0.2,1.0,810.0,17.0,8.0,0.3135802469135803
45.0,2.0,14.0,0.1,0.075,0.2,1.0,797.0,12.0,6.0,0.3174404015056462
45.0,2.0,15.0,0.1,0.075,0.2,1.0,793.0,12.0,8.0,0.31525851197982346
45.0,2.0,16.0,0.1,0.075,0.2,1.0,788.0,12.0,7.0,0.3147208121827411
45.0,2.0,17.0,0.1,0.075,0.2,1.0,785.0,9.0,4.0,0.3159235668789809
45.0,2.0,18.0,0.1,0.075,0.2,1.0,774.0,8.0,3.0,0.3152454780361757
45.0,2.0,19.0,0.1,0.075,0.2,1.0,769.0,8.0,4.0,0.31729518855656696
45.0,2.0,20.0,0.1,0.075,0.2,1.0,1399.0,8.0,3.0,0.17155110793423875
45.0,2.0,21.0,0.1,0.075,0.2,1.0,1394.0,10.0,3.0,0.17431850789096126
45.0,2.0,22.0,0.1,0.075,0.2,1.0,1366.0,9.0,4.0,0.17130307467057102
45.0,2.0,23.0,0.1,0.075,0.2,1.0,1351.0,11.0,5.0,0.17098445595854922
45.0,2.0,24.0,0.1,0.075,0.2,1.0,1331.0,12.0,4.0,0.169045830202855
45.0,2.0,25.0,0.1,0.075,0.2,1.0,1331.0,11.0,4.0,0.17054845980465816
45.0,2.0,26.0,0.1,0.075,0.2,1.0,1312.0,14.0,6.0,0.17073170731707318
45.0,2.0,27.0,0.1,0.075,0.2,1.0,1296.0,17.0,10.0,0.1720679012345679
45.0,2.0,28.0,0.1,0.075,0.2,1.0,1246.0,19.0,9.0,0.17736757624398075
45.0,2.0,29.0,0.1,0.075,0.2,1.0,1243.0,20.0,10.0,0.17618664521319388
45.0,2.0,30.0,0.1,0.075,0.2,1.0,1218.0,20.0,7.0,0.17651888341543515
45.0,2.0,31.0,0.1,0.075,0.2,1.0,1220.0,24.0,8.0,0.1762295081967213
45.0,2.0,32.0,0.1,0.075,0.2,1.0,1185.0,20.0,11.0,0.17552742616033756
45.0,2.0,33.0,0.1,0.075,0.2,1.0,1181.0,19.0,11.0,0.17781541066892464
45.0,2.0,34.0,0.1,0.075,0.2,1.0,1171.0,25.0,13.0,0.17591801878736124
45.0,2.0,35.0,0.1,0.075,0.2,1.0,1119.0,17.0,9.0,0.17873100983020554
45.0,2.0,36.0,0.1,0.075,0.2,1.0,1114.0,17.0,12.0,0.17773788150807898
45.0,2.0,37.0,0.1,0.075,0.2,1.0,1102.0,18.0,8.0,0.17785843920145192
45.0,2.0,38.0,0.1,0.075,0.2,1.0,1093.0,15.0,7.0,0.17749313815187556
45.0,2.0,39.0,0.1,0.075,0.2,1.0,1059.0,12.0,3.0,0.17752596789423986
45.0,2.0,40.0,0.1,0.075,0.2,1.0,1048.0,12.0,6.0,0.17557251908396945
45.0,2.0,41.0,0.1,0.075,0.2,1.0,1015.0,12.0,8.0,0.18029556650246306
45.0,2.0,42.0,0.1,0.075,0.2,1.0,1021.0,12.0,7.0,0.178256611165524
45.0,2.0,43.0,0.1,0.075,0.2,1.0,997.0,16.0,9.0,0.1815446339017051
45.0,2.0,44.0,0.1,0.075,0.2,1.0,1000.0,12.0,5.0,0.179
45.0,2.0,45.0,0.1,0.075,0.2,1.0,981.0,15.0,8.0,0.24566768603465852
45.0,2.0,46.0,0.1,0.075,0.2,1.0,983.0,9.0,3.0,0.2441505595116989
45.0,2.0,47.0,0.1,0.075,0.2,1.0,964.0,11.0,7.0,0.2479253112033195
45.0,2.0,48.0,0.1,0.075,0.2,1.0,980.0,8.0,6.0,0.24387755102040817
45.0,2.0,49.0,0.1,0.075,0.2,1.0,934.0,9.0,6.0,0.2462526766595289
45.0,2.0,50.0,0.1,0.075,0.2,1.0,943.0,9.0,3.0,0.2449628844114528
45.0,2.0,51.0,0.1,0.075,0.2,1.0,923.0,7.0,1.0,0.24268689057421453
45.0,2.0,52.0,0.1,0.075,0.2,1.0,922.0,7.0,3.0,0.24078091106290672
45.0,3.0,1.0,0.1,0.075,0.2,1.0,906.0,8.0,6.0,0.24282560706401765
45.0,3.0,2.0,0.1,0.075,0.2,1.0,912.0,10.0,7.0,0.2412280701754386
45.0,3.0,3.0,0.1,0.075,0.2,1.0,904.0,8.0,7.0,0.24446902654867256
45.0,3.0,4.0,0.1,0.075,0.2,1.0,890.0,6.0,4.0,0.24044943820224718
45.0,3.0,5.0,0.1,0.075,0.2,1.0,881.0,6.0,3.0,0.24517593643586832
45.0,3.0,6.0,0.1,0.075,0.2,1.0,869.0,3.0,2.0,0.24050632911392406
45.0,3.0,7.0,0.1,0.075,0.2,1.0,850.0,3.0,2.0,0.2376470588235294
45.0,3.0,8.0,0.1,0.075,0.2,1.0,840.0,3.0,2.0,0.23333333333333334
45.0,3.0,9.0,0.1,0.075,0.2,1.0,831.0,2.0,1.0,0.23465703971119134
45.0,3.0,10.0,0.1,0.075,0.2,1.0,825.0,3.0,1.0,0.2315151515151515
45.0,3.0,11.0,0.1,0.075,0.2,1.0,807.0,5.0,1.0,0.23667905824039653
45.0,3.0,12.0,0.1,0.075,0.2,1.0,801.0,4.0,1.0,0.23345817727840198
45.0,3.0,13.0,0.1,0.075,0.2,1.0,800.0,4.0,2.0,0.23625
45.0,3.0,14.0,0.1,0.075,0.2,1.0,798.0,8.0,4.0,0.23182957393483708
45.0,3.0,15.0,0.1,0.075,0.2,1.0,788.0,9.0,4.0,0.23730964467005075
45.0,3.0,16.0,0.1,0.075,0.2,1.0,785.0,9.0,3.0,0.23439490445859873
45.0,3.0,17.0,0.1,0.075,0.2,1.0,772.0,7.0,1.0,0.23834196891191708
45.0,3.0,18.0,0.1,0.075,0.2,1.0,767.0,7.0,2.0,0.23468057366362452
45.0,3.0,19.0,0.1,0.075,0.2,1.0,767.0,9.0,4.0,0.23728813559322035
45.0,3.0,20.0,0.1,0.075,0.2,1.0,1415.0,9.0,8.0,0.12508833922261484
45.0,3.0,21.0,0.1,0.075,0.2,1.0,1378.0,15.0,7.0,0.125544267053701
45.0,3.0,22.0,0.1,0.075,0.2,1.0,1301.0,16.0,8.0,0.12298232129131437
45.0,3.0,23.0,0.1,0.075,0.2,1.0,1272.0,16.0,4.0,0.12264150943396226
45.0,3.0,24.0,0.1,0.075,0.2,1.0,1242.0,14.0,4.0,0.12318840579710146
45.0,3.0,25.0,0.1,0.075,0.2,1.0,1244.0,15.0,5.0,0.12379421221864952
45.0,3.0,26.0,0.1,0.075,0.2,1.0,1231.0,16.0,9.0,0.12347684809098294
45.0,3.0,27.0,0.1,0.075,0.2,1.0,1199.0,10.0,4.0,0.12427022518765637
45.0,3.0,28.0,0.1,0.075,0.2,1.0,1153.0,11.0,4.0,0.12575888985255854
45.0,3.0,29.0,0.1,0.075,0.2,1.0,1135.0,9.0,3.0,0.12951541850220263
45.0,3.0,30.0,0.1,0.075,0.2,1.0,1097.0,11.0,5.0,0.13035551504102097
45.0,3.0,31.0,0.1,0.075,0.2,1.0,1076.0,9.0,5.0,0.13475836431226765
45.0,3.0,32.0,0.1,0.075,0.2,1.0,1053.0,11.0,6.0,0.13485280151946819
45.0,3.0,33.0,0.1,0.075,0.2,1.0,1039.0,11.0,6.0,0.13763233878729547
45.0,3.0,34.0,0.1,0.075,0.2,1.0,984.0,9.0,5.0,0.13516260162601626
45.0,3.0,35.0,0.1,0.075,0.2,1.0,954.0,9.0,5.0,0.13626834381551362
45.0,3.0,36.0,0.1,0.075,0.2,1.0,938.0,13.0,5.0,0.13539445628997868
45.0,3.0,37.0,0.1,0.075,0.2,1.0,935.0,16.0,6.0,0.13689839572192514
45.0,3.0,38.0,0.1,0.075,0.2,1.0,919.0,17.0,4.0,0.13492927094668117
45.0,3.0,39.0,0.1,0.075,0.2,1.0,903.0,17.0,5.0,0.1362126245847176
45.0,3.0,40.0,0.1,0.075,0.2,1.0,913.0,21.0,6.0,0.13581599123767799
45.0,3.0,41.0,0.1,0.075,0.2,1.0,885.0,23.0,9.0,0.1367231638418079
45.0,3.0,42.0,0.1,0.075,0.2,1.0,885.0,20.0,12.0,0.1367231638418079
45.0,3.0,43.0,0.1,0.075,0.2,1.0,857.0,18.0,9.0,0.13768961493582263
45.0,3.0,44.0,0.1,0.075,0.2,1.0,854.0,19.0,8.0,0.13466042154566746
45.0,3.0,45.0,0.1,0.075,0.2,1.0,816.0,12.0,3.0,0.20588235294117646
45.0,3.0,46.0,0.1,0.075,0.2,1.0,831.0,12.0,4.0,0.20818291215403129
45.0,3.0,47.0,0.1,0.075,0.2,1.0,807.0,16.0,7.0,0.20693928128872366
45.0,3.0,48.0,0.1,0.075,0.2,1.0,802.0,15.0,6.0,0.21072319201995013
45.0,3.0,49.0,0.1,0.075,0.2,1.0,771.0,14.0,8.0,0.20881971465629054
45.0,3.0,50.0,0.1,0.075,0.2,1.0,779.0,17.0,7.0,0.21052631578947367
45.0,3.0,51.0,0.1,0.075,0.2,1.0,760.0,17.0,9.0,0.20657894736842106
45.0,3.0,52.0,0.1,0.075,0.2,1.0,762.0,18.0,9.0,0.20866141732283464
45.0,4.0,1.0,0.1,0.075,0.2,1.0,738.0,15.0,11.0,0.2086720867208672
45.0,4.0,2.0,0.1,0.075,0.2,1.0,744.0,15.0,9.0,0.21236559139784947
45.0,4.0,3.0,0.1,0.075,0.2,1.0,712.0,8.0,6.0,0.21067415730337077
45.0,4.0,4.0,0.1,0.075,0.2,1.0,717.0,14.0,5.0,0.21199442119944212
45.0,4.0,5.0,0.1,0.075,0.2,1.0,704.0,12.0,2.0,0.21022727272727273
45.0,4.0,6.0,0.1,0.075,0.2,1.0,704.0,14.0,4.0,0.2159090909090909
45.0,4.0,7.0,0.1,0.075,0.2,1.0,700.0,15.0,4.0,0.21142857142857144
45.0,4.0,8.0,0.1,0.075,0.2,1.0,694.0,18.0,8.0,0.21757925072046108
45.0,4.0,9.0,0.1,0.075,0.2,1.0,673.0,15.0,5.0,0.21545319465081725
45.0,4.0,10.0,0.1,0.075,0.2,1.0,661.0,17.0,6.0,0.22390317700453857
45.0,4.0,11.0,0.1,0.075,0.2,1.0,649.0,16.0,8.0,0.21417565485362094
45.0,4.0,12.0,0.1,0.075,0.2,1.0,648.0,16.0,8.0,0.2191358024691358
45.0,4.0,13.0,0.1,0.075,0.2,1.0,641.0,15.0,7.0,0.21372854914196568
45.0,4.0,14.0,0.1,0.075,0.2,1.0,639.0,12.0,11.0,0.22065727699530516
45.0,4.0,15.0,0.1,0.075,0.2,1.0,632.0,15.0,9.0,0.21518987341772153
45.0,4.0,16.0,0.1,0.075,0.2,1.0,631.0,13.0,5.0,0.2218700475435816
45.0,4.0,17.0,0.1,0.075,0.2,1.0,620.0,11.0,4.0,0.21451612903225806
45.0,4.0,18.0,0.1,0.075,0.2,1.0,624.0,9.0,5.0,0.22115384615384615
45.0,4.0,19.0,0.1,0.075,0.2,1.0,616.0,9.0,8.0,0.21428571428571427
45.0,4.0,20.0,0.1,0.075,0.2,1.0,1101.0,7.0,6.0,0.12352406902815623
45.0,4.0,21.0,0.1,0.075,0.2,1.0,1059.0,4.0,3.0,0.12086874409820586
45.0,4.0,22.0,0.1,0.075,0.2,1.0,1021.0,0.0,0.0,0.11949069539666993
45.0,4.0,23.0,0.1,0.075,0.2,1.0,1017.0,0.0,0.0,0.119960668633235
45.0,4.0,24.0,0.1,0.075,0.2,1.0,1014.0,0.0,0.0,0.11932938856015779
45.0,4.0,25.0,0.1,0.075,0.2,1.0,978.0,0.0,0.0,0.12372188139059305
45.0,4.0,26.0,0.1,0.075,0.2,1.0,955.0,0.0,0.0,0.12460732984293194
45.0,4.0,27.0,0.1,0.075,0.2,1.0,935.0,0.0,0.0,0.12406417112299466
45.0,4.0,28.0,0.1,0.075,0.2,1.0,928.0,0.0,0.0,0.12284482758620689
45.0,4.0,29.0,0.1,0.075,0.2,1.0,930.0,0.0,0.0,0.12365591397849462
45.0,4.0,30.0,0.1,0.075,0.2,1.0,905.0,0.0,0.0,0.12154696132596685
45.0,4.0,31.0,0.1,0.075,0.2,1.0,907.0,0.0,0.0,0.12238147739801543
45.0,4.0,32.0,0.1,0.075,0.2,1.0,888.0,0.0,0.0,0.12162162162162163
45.0,4.0,33.0,0.1,0.075,0.2,1.0,892.0,0.0,0.0,0.1210762331838565
45.0,4.0,34.0,0.1,0.075,0.2,1.0,886.0,0.0,0.0,0.12076749435665914
45.0,4.0,35.0,0.1,0.075,0.2,1.0,888.0,0.0,0.0,0.1204954954954955
45.0,4.0,36.0,0.1,0.075,0.2,1.0,865.0,0.0,0.0,0.12254335260115606
45.0,4.0,37.0,0.1,0.075,0.2,1.0,856.0,0.0,0.0,0.12149532710280374
45.0,4.0,38.0,0.1,0.075,0.2,1.0,847.0,0.0,0.0,0.12160566706021252
45.0,4.0,39.0,0.1,0.075,0.2,1.0,848.0,0.0,0.0,0.12264150943396226
45.0,4.0,40.0,0.1,0.075,0.2,1.0,813.0,0.0,0.0,0.12054120541205413
45.0,4.0,41.0,0.1,0.075,0.2,1.0,807.0,0.0,0.0,0.12019826517967781
45.0,4.0,42.0,0.1,0.075,0.2,1.0,791.0,0.0,0.0,0.1213653603034134
45.0,4.0,43.0,0.1,0.075,0.2,1.0,762.0,0.0,0.0,0.12467191601049869
45.0,4.0,44.0,0.1,0.075,0.2,1.0,758.0,0.0,0.0,0.12269129287598944
45.0,4.0,45.0,0.1,0.075,0.2,1.0,755.0,0.0,0.0,0.19205298013245034
45.0,4.0,46.0,0.1,0.075,0.2,1.0,738.0,0.0,0.0,0.1897018970189702
45.0,4.0,47.0,0.1,0.075,0.2,1.0,735.0,0.0,0.0,0.19047619047619047
45.0,4.0,48.0,0.1,0.075,0.2,1.0,714.0,0.0,0.0,0.19187675070028012
45.0,4.0,49.0,0.1,0.075,0.2,1.0,709.0,0.0,0.0,0.1918194640338505
45.0,4.0,50.0,0.1,0.075,0.2,1.0,707.0,0.0,0.0,0.19377652050919378
45.0,4.0,51.0,0.1,0.075,0.2,1.0,696.0,0.0,0.0,0.1939655172413793
45.0,4.0,52.0,0.1,0.075,0.2,1.0,696.0,0.0,0.0,0.1896551724137931
45.0,5.0,1.0,0.1,0.075,0.2,1.0,692.0,0.0,0.0,0.1907514450867052
45.0,5.0,2.0,0.1,0.075,0.2,1.0,693.0,0.0,0.0,0.18759018759018758
45.0,5.0,3.0,0.1,0.075,0.2,1.0,683.0,0.0,0.0,0.18740849194729137
45.0,5.0,4.0,0.1,0.075,0.2,1.0,683.0,0.0,0.0,0.18594436310395315
45.0,5.0,5.0,0.1,0.075,0.2,1.0,683.0,0.0,0.0,0.18594436310395315
45.0,5.0,6.0,0.1,0.075,0.2,1.0,669.0,0.0,0.0,0.18834080717488788
45.0,5.0,7.0,0.1,0.075,0.2,1.0,675.0,0.0,0.0,0.18518518518518517
45.0,5.0,8.0,0.1,0.075,0.2,1.0,662.0,0.0,0.0,0.18731117824773413
45.0,5.0,9.0,0.1,0.075,0.2,1.0,667.0,0.0,0.0,0.18590704647676162
45.0,5.0,10.0,0.1,0.075,0.2,1.0,657.0,0.0,0.0,0.1887366818873668
45.0,5.0,11.0,0.1,0.075,0.2,1.0,647.0,0.0,0.0,0.18856259659969088
45.0,5.0,12.0,0.1,0.075,0.2,1.0,638.0,0.0,0.0,0.1896551724137931
45.0,5.0,13.0,0.1,0.075,0.2,1.0,639.0,0.0,0.0,0.18779342723004694
45.0,5.0,14.0,0.1,0.075,0.2,1.0,632.0,0.0,0.0,0.189873417721519
45.0,5.0,15.0,0.1,0.075,0.2,1.0,637.0,0.0,0.0,0.18681318681318682
45.0,5.0,16.0,0.1,0.075,0.2,1.0,617.0,0.0,0.0,0.1847649918962723
45.0,5.0,17.0,0.1,0.075,0.2,1.0,618.0,0.0,0.0,0.18284789644012944
45.0,5.0,18.0,0.1,0.075,0.2,1.0,613.0,0.0,0.0,0.18107667210440456
45.0,5.0,19.0,0.1,0.075,0.2,1.0,616.0,0.0,0.0,0.18181818181818182
45.0,5.0,20.0,0.1,0.075,0.2,1.0,1122.0,0.0,0.0,0.09803921568627451
45.0,5.0,21.0,0.1,0.075,0.2,1.0,1111.0,0.0,0.0,0.09900990099009901
45.0,5.0,22.0,0.1,0.075,0.2,1.0,1112.0,0.0,0.0,0.09892086330935251
45.0,5.0,23.0,0.1,0.075,0.2,1.0,1061.0,0.0,0.0,0.09613572101790764
45.0,5.0,24.0,0.1,0.075,0.2,1.0,1041.0,0.0,0.0,0.0941402497598463
45.0,5.0,25.0,0.1,0.075,0.2,1.0,1035.0,0.0,0.0,0.09371980676328502
45.0,5.0,26.0,0.1,0.075,0.2,1.0,1009.0,0.0,0.0,0.09514370664023786
45.0,5.0,27.0,0.1,0.075,0.2,1.0,986.0,0.0,0.0,0.09533468559837728
45.0,5.0,28.0,0.1,0.075,0.2,1.0,961.0,0.0,0.0,0.09885535900104059
45.0,5.0,29.0,0.1,0.075,0.2,1.0,945.0,0.0,0.0,0.09841269841269841
45.0,5.0,30.0,0.1,0.075,0.2,1.0,930.0,0.0,0.0,0.0989247311827957
45.0,5.0,31.0,0.1,0.075,0.2,1.0,930.0,0.0,0.0,0.0978494623655914
45.0,5.0,32.0,0.1,0.075,0.2,1.0,891.0,0.0,0.0,0.09876543209876543
45.0,5.0,33.0,0.1,0.075,0.2,1.0,835.0,0.0,0.0,0.10179640718562874
45.0,5.0,34.0,0.1,0.075,0.2,1.0,807.0,0.0,0.0,0.10161090458488228
45.0,5.0,35.0,0.1,0.075,0.2,1.0,793.0,0.0,0.0,0.09836065573770492
45.0,5.0,36.0,0.1,0.075,0.2,1.0,780.0,0.0,0.0,0.10256410256410256
45.0,5.0,37.0,0.1,0.075,0.2,1.0,769.0,0.0,0.0,0.10143042912873862
45.0,5.0,38.0,0.1,0.075,0.2,1.0,765.0,0.0,0.0,0.10457516339869281
45.0,5.0,39.0,0.1,0.075,0.2,1.0,765.0,0.0,0.0,0.10065359477124183
45.0,5.0,40.0,0.1,0.075,0.2,1.0,765.0,0.0,0.0,0.10588235294117647
45.0,5.0,41.0,0.1,0.075,0.2,1.0,741.0,0.0,0.0,0.09446693657219973
45.0,5.0,42.0,0.1,0.075,0.2,1.0,728.0,0.0,0.0,0.10027472527472528
45.0,5.0,43.0,0.1,0.075,0.2,1.0,715.0,0.0,0.0,0.0965034965034965
45.0,5.0,44.0,0.1,0.075,0.2,1.0,713.0,0.0,0.0,0.10098176718092566
45.0,5.0,45.0,0.1,0.075,0.2,1.0,687.0,0.0,0.0,0.16302765647743814
45.0,5.0,46.0,0.1,0.075,0.2,1.0,673.0,0.0,0.0,0.1723625557206538
45.0,5.0,47.0,0.1,0.075,0.2,1.0,669.0,0.0,0.0,0.16741405082212257
45.0,5.0,48.0,0.1,0.075,0.2,1.0,660.0,0.0,0.0,0.17575757575757575
45.0,5.0,49.0,0.1,0.075,0.2,1.0,617.0,0.0,0.0,0.16531604538087522
45.0,5.0,50.0,0.1,0.075,0.2,1.0,601.0,0.0,0.0,0.17637271214642264
45.0,5.0,51.0,0.1,0.075,0.2,1.0,601.0,0.0,0.0,0.16805324459234608
45.0,5.0,52.0,0.1,0.075,0.2,1.0,597.0,0.0,0.0,0.17755443886097153
45.0,6.0,1.0,0.1,0.075,0.2,1.0,599.0,0.0,0.0,0.1686143572621035
45.0,6.0,2.0,0.1,0.075,0.2,1.0,594.0,0.0,0.0,0.17676767676767677
45.0,6.0,3.0,0.1,0.075,0.2,1.0,572.0,0.0,0.0,0.17132867132867133
45.0,6.0,4.0,0.1,0.075,0.2,1.0,569.0,0.0,0.0,0.18101933216168717
45.0,6.0,5.0,0.1,0.075,0.2,1.0,571.0,0.0,0.0,0.1733800350262697
45.0,6.0,6.0,0.1,0.075,0.2,1.0,564.0,0.0,0.0,0.18085106382978725
45.0,6.0,7.0,0.1,0.075,0.2,1.0,564.0,0.0,0.0,0.17375886524822695
45.0,6.0,8.0,0.1,0.075,0.2,1.0,553.0,0.0,0.0,0.1844484629294756
45.0,6.0,9.0,0.1,0.075,0.2,1.0,555.0,0.0,0.0,0.17657657657657658
45.0,6.0,10.0,0.1,0.075,0.2,1.0,548.0,0.0,0.0,0.18248175182481752
45.0,6.0,11.0,0.1,0.075,0.2,1.0,547.0,0.0,0.0,0.17550274223034734
45.0,6.0,12.0,0.1,0.075,0.2,1.0,544.0,0.0,0.0,0.18382352941176472
45.0,6.0,13.0,0.1,0.075,0.2,1.0,544.0,0.0,0.0,0.17647058823529413
45.0,6.0,14.0,0.1,0.075,0.2,1.0,540.0,0.0,0.0,0.18333333333333332
45.0,6.0,15.0,0.1,0.075,0.2,1.0,544.0,0.0,0.0,0.17463235294117646
45.0,6.0,16.0,0.1,0.075,0.2,1.0,541.0,0.0,0.0,0.18299445471349354
45.0,6.0,17.0,0.1,0.075,0.2,1.0,527.0,0.0,0.0,0.17267552182163187
45.0,6.0,18.0,0.1,0.075,0.2,1.0,526.0,0.0,0.0,0.1806083650190114
45.0,6.0,19.0,0.1,0.075,0.2,1.0,525.0,0.0,0.0,0.17333333333333334
45.0,6.0,20.0,0.1,0.075,0.2,1.0,952.0,0.0,0.0,0.09978991596638656
45.0,6.0,21.0,0.1,0.075,0.2,1.0,957.0,0.0,0.0,0.09508881922675026
45.0,6.0,22.0,0.1,0.075,0.2,1.0,953.0,0.0,0.0,0.09968520461699895
45.0,6.0,23.0,0.1,0.075,0.2,1.0,926.0,0.0,0.0,0.09287257019438445
45.0,6.0,24.0,0.1,0.075,0.2,1.0,904.0,0.0,0.0,0.09845132743362832
45.0,6.0,25.0,0.1,0.075,0.2,1.0,896.0,0.0,0.0,0.09486607142857142
45.0,6.0,26.0,0.1,0.075,0.2,1.0,842.0,0.0,0.0,0.10095011876484561
45.0,6.0,27.0,0.1,0.075,0.2,1.0,826.0,0.0,0.0,0.09443099273607748
45.0,6.0,28.0,0.1,0.075,0.2,1.0,829.0,0.0,0.0,0.097708082026538
45.0,6.0,29.0,0.1,0.075,0.2,1.0,806.0,0.0,0.0,0.09553349875930521
45.0,6.0,30.0,0.1,0.075,0.2,1.0,790.0,0.0,0.0,0.10126582278481013
45.0,6.0,31.0,0.1,0.075,0.2,1.0,777.0,0.0,0.0,0.09523809523809523
45.0,6.0,32.0,0.1,0.075,0.2,1.0,775.0,0.0,0.0,0.10064516129032258
45.0,6.0,33.0,0.1,0.075,0.2,1.0,768.0,0.0,0.0,0.09505208333333333
45.0,6.0,34.0,0.1,0.075,0.2,1.0,757.0,0.0,0.0,0.10435931307793923
45.0,6.0,35.0,0.1,0.075,0.2,1.0,750.0,0.0,0.0,0.09733333333333333
45.0,6.0,36.0,0.1,0.075,0.2,1.0,738.0,0.0,0.0,0.10569105691056911
45.0,6.0,37.0,0.1,0.075,0.2,1.0,712.0,0.0,0.0,0.09269662921348315
45.0,6.0,38.0,0.1,0.075,0.2,1.0,696.0,0.0,0.0,0.10344827586206896
45.0,6.0,39.0,0.1,0.075,0.2,1.0,697.0,0.0,0.0,0.09469153515064563
45.0,6.0,40.0,0.1,0.075,0.2,1.0,691.0,0.0,0.0,0.10274963820549927
45.0,6.0,41.0,0.1,0.075,0.2,1.0,691.0,0.0,0.0,0.09406657018813314
45.0,6.0,42.0,0.1,0.075,0.2,1.0,675.0,0.0,0.0,0.09925925925925926
45.0,6.0,43.0,0.1,0.075,0.2,1.0,687.0,0.0,0.0,0.09315866084425037
45.0,6.0,44.0,0.1,0.075,0.2,1.0,669.0,0.0,0.0,0.10014947683109118
45.0,6.0,45.0,0.1,0.075,0.2,1.0,681.0,0.0,0.0,0.1644640234948605
45.0,6.0,46.0,0.1,0.075,0.2,1.0,669.0,0.0,0.0,0.16890881913303438
45.0,6.0,47.0,0.1,0.075,0.2,1.0,652.0,0.0,0.0,0.1656441717791411
45.0,6.0,48.0,0.1,0.075,0.2,1.0,634.0,0.0,0.0,0.16876971608832808
45.0,6.0,49.0,0.1,0.075,0.2,1.0,624.0,0.0,0.0,0.16666666666666666
45.0,6.0,50.0,0.1,0.075,0.2,1.0,620.0,0.0,0.0,0.17096774193548386
45.0,6.0,51.0,0.1,0.075,0.2,1.0,612.0,0.0,0.0,0.16666666666666666
45.0,6.0,52.0,0.1,0.075,0.2,1.0,609.0,0.0,0.0,0.16912972085385877
45.0,7.0,1.0,0.1,0.075,0.2,1.0,586.0,0.0,0.0,0.16723549488054607
45.0,7.0,2.0,0.1,0.075,0.2,1.0,568.0,0.0,0.0,0.17253521126760563
45.0,7.0,3.0,0.1,0.075,0.2,1.0,567.0,0.0,0.0,0.1675485008818342
45.0,7.0,4.0,0.1,0.075,0.2,1.0,555.0,0.0,0.0,0.17477477477477477
45.0,7.0,5.0,0.1,0.075,0.2,1.0,558.0,0.0,0.0,0.16845878136200718
45.0,7.0,6.0,0.1,0.075,0.2,1.0,554.0,0.0,0.0,0.17509025270758122
45.0,7.0,7.0,0.1,0.075,0.2,1.0,544.0,0.0,0.0,0.16727941176470587
45.0,7.0,8.0,0.1,0.075,0.2,1.0,539.0,0.0,0.0,0.17439703153988867
45.0,7.0,9.0,0.1,0.075,0.2,1.0,542.0,0.0,0.0,0.16789667896678967
45.0,7.0,10.0,0.1,0.075,0.2,1.0,538.0,0.0,0.0,0.17472118959107807
45.0,7.0,11.0,0.1,0.075,0.2,1.0,538.0,0.0,0.0,0.1691449814126394
45.0,7.0,12.0,0.1,0.075,0.2,1.0,533.0,0.0,0.0,0.17636022514071295
45.0,7.0,13.0,0.1,0.075,0.2,1.0,532.0,0.0,0.0,0.17105263157894737
45.0,7.0,14.0,0.1,0.075,0.2,1.0,529.0,0.0,0.0,0.17580340264650285
45.0,7.0,15.0,0.1,0.075,0.2,1.0,530.0,0.0,0.0,0.16981132075471697
45.0,7.0,16.0,0.1,0.075,0.2,1.0,524.0,0.0,0.0,0.17748091603053434
45.0,7.0,17.0,0.1,0.075,0.2,1.0,529.0,0.0,0.0,0.17013232514177692
45.0,7.0,18.0,0.1,0.075,0.2,1.0,525.0,0.0,0.0,0.17523809523809525
45.0,7.0,19.0,0.1,0.075,0.2,1.0,529.0,0.0,0.0,0.16824196597353497
45.0,7.0,20.0,0.1,0.075,0.2,1.0,915.0,0.0,0.0,0.09836065573770492
45.0,7.0,21.0,0.1,0.075,0.2,1.0,846.0,0.0,0.0,0.09219858156028368
45.0,7.0,22.0,0.1,0.075,0.2,1.0,778.0,0.0,0.0,0.09897172236503857
45.0,7.0,23.0,0.1,0.075,0.2,1.0,743.0,0.0,0.0,0.09825033647375504
45.0,7.0,24.0,0.1,0.075,0.2,1.0,726.0,0.0,0.0,0.09504132231404959
45.0,7.0,25.0,0.1,0.075,0.2,1.0,720.0,0.0,0.0,0.09305555555555556
45.0,7.0,26.0,0.1,0.075,0.2,1.0,714.0,0.0,0.0,0.0938375350140056
45.0,7.0,27.0,0.1,0.075,0.2,1.0,707.0,0.0,0.0,0.09052333804809053
45.0,7.0,28.0,0.1,0.075,0.2,1.0,699.0,0.0,0.0,0.09298998569384835
45.0,7.0,29.0,0.1,0.075,0.2,1.0,691.0,0.0,0.0,0.09117221418234443
45.0,7.0,30.0,0.1,0.075,0.2,1.0,705.0,0.0,0.0,0.09219858156028368
45.0,7.0,31.0,0.1,0.075,0.2,1.0,690.0,0.0,0.0,0.09130434782608696
45.0,7.0,32.0,0.1,0.075,0.2,1.0,693.0,0.0,0.0,0.09090909090909091
45.0,7.0,33.0,0.1,0.075,0.2,1.0,667.0,0.0,0.0,0.09145427286356822
45.0,7.0,34.0,0.1,0.075,0.2,1.0,682.0,0.0,0.0,0.09237536656891496
45.0,7.0,35.0,0.1,0.075,0.2,1.0,662.0,0.0,0.0,0.09214501510574018
45.0,7.0,36.0,0.1,0.075,0.2,1.0,674.0,0.0,0.0,0.09198813056379822
45.0,7.0,37.0,0.1,0.075,0.2,1.0,661.0,0.0,0.0,0.0907715582450832
45.0,7.0,38.0,0.1,0.075,0.2,1.0,656.0,0.0,0.0,0.0899390243902439
45.0,7.0,39.0,0.1,0.075,0.2,1.0,661.0,0.0,0.0,0.08925869894099848
45.0,7.0,40.0,0.1,0.075,0.2,1.0,653.0,0.0,0.0,0.0888208269525268
45.0,7.0,41.0,0.1,0.075,0.2,1.0,656.0,0.0,0.0,0.08841463414634146
45.0,7.0,42.0,0.1,0.075,0.2,1.0,651.0,0.0,0.0,0.0890937019969278
45.0,7.0,43.0,0.1,0.075,0.2,1.0,643.0,0.0,0.0,0.08864696734059098
45.0,7.0,44.0,0.1,0.075,0.2,1.0,637.0,0.0,0.0,0.08948194662480377
45.0,7.0,45.0,0.1,0.075,0.2,1.0,615.0,0.0,0.0,0.16097560975609757
45.0,7.0,46.0,0.1,0.075,0.2,1.0,599.0,0.0,0.0,0.16193656093489148
45.0,7.0,47.0,0.1,0.075,0.2,1.0,604.0,0.0,0.0,0.16225165562913907
45.0,7.0,48.0,0.1,0.075,0.2,1.0,596.0,0.0,0.0,0.1610738255033557
45.0,7.0,49.0,0.1,0.075,0.2,1.0,598.0,0.0,0.0,0.16387959866220736
45.0,7.0,50.0,0.1,0.075,0.2,1.0,595.0,0.0,0.0,0.15966386554621848
45.0,7.0,51.0,0.1,0.075,0.2,1.0,576.0,0.0,0.0,0.1684027777777778
45.0,7.0,52.0,0.1,0.075,0.2,1.0,569.0,0.0,0.0,0.16520210896309315
45.0,8.0,1.0,0.1,0.075,0.2,1.0,575.0,0.0,0.0,0.16869565217391305
45.0,8.0,2.0,0.1,0.075,0.2,1.0,568.0,0.0,0.0,0.16549295774647887
45.0,8.0,3.0,0.1,0.075,0.2,1.0,574.0,0.0,0.0,0.16898954703832753
45.0,8.0,4.0,0.1,0.075,0.2,1.0,568.0,0.0,0.0,0.16549295774647887
45.0,8.0,5.0,0.1,0.075,0.2,1.0,571.0,0.0,0.0,0.1681260945709282
45.0,8.0,6.0,0.1,0.075,0.2,1.0,565.0,0.0,0.0,0.1663716814159292
45.0,8.0,7.0,0.1,0.075,0.2,1.0,568.0,0.0,0.0,0.16725352112676056
45.0,8.0,8.0,0.1,0.075,0.2,1.0,563.0,0.0,0.0,0.1669626998223801
45.0,8.0,9.0,0.1,0.075,0.2,1.0,564.0,0.0,0.0,0.1702127659574468
45.0,8.0,10.0,0.1,0.075,0.2,1.0,562.0,0.0,0.0,0.16725978647686832
45.0,8.0,11.0,0.1,0.075,0.2,1.0,552.0,0.0,0.0,0.16304347826086957
45.0,8.0,12.0,0.1,0.075,0.2,1.0,549.0,0.0,0.0,0.16029143897996356
45.0,8.0,13.0,0.1,0.075,0.2,1.0,551.0,0.0,0.0,0.16333938294010888
45.0,8.0,14.0,0.1,0.075,0.2,1.0,547.0,0.0,0.0,0.1590493601462523
45.0,8.0,15.0,0.1,0.075,0.2,1.0,551.0,0.0,0.0,0.16333938294010888
45.0,8.0,16.0,0.1,0.075,0.2,1.0,546.0,0.0,0.0,0.15934065934065933
45.0,8.0,17.0,0.1,0.075,0.2,1.0,553.0,0.0,0.0,0.162748643761302
45.0,8.0,18.0,0.1,0.075,0.2,1.0,548.0,0.0,0.0,0.15875912408759124
45.0,8.0,19.0,0.1,0.075,0.2,1.0,551.0,0.0,0.0,0.16333938294010888
45.0,8.0,20.0,0.1,0.075,0.2,1.0,990.0,0.0,0.0,0.08787878787878788
45.0,8.0,21.0,0.1,0.075,0.2,1.0,1003.0,0.0,0.0,0.0897308075772682
45.0,8.0,22.0,0.1,0.075,0.2,1.0,965.0,0.0,0.0,0.09015544041450778
45.0,8.0,23.0,0.1,0.075,0.2,1.0,965.0,0.0,0.0,0.09326424870466321
45.0,8.0,24.0,0.1,0.075,0.2,1.0,943.0,0.0,0.0,0.0911983032873807
45.0,8.0,25.0,0.1,0.075,0.2,1.0,954.0,0.0,0.0,0.09224318658280922
45.0,8.0,26.0,0.1,0.075,0.2,1.0,911.0,0.0,0.0,0.09110867178924259
45.0,8.0,27.0,0.1,0.075,0.2,1.0,886.0,0.0,0.0,0.09367945823927765
45.0,8.0,28.0,0.1,0.075,0.2,1.0,869.0,0.0,0.0,0.09321058688147296
45.0,8.0,29.0,0.1,0.075,0.2,1.0,834.0,0.0,0.0,0.09472422062350119
45.0,8.0,30.0,0.1,0.075,0.2,1.0,821.0,0.0,0.0,0.09622411693057248
45.0,8.0,31.0,0.1,0.075,0.2,1.0,821.0,0.0,0.0,0.09500609013398295
45.0,8.0,32.0,0.1,0.075,0.2,1.0,822.0,0.0,0.0,0.09610705596107055
45.0,8.0,33.0,0.1,0.075,0.2,1.0,805.0,0.0,0.0,0.09565217391304348
45.0,8.0,34.0,0.1,0.075,0.2,1.0,766.0,0.0,0.0,0.09921671018276762
45.0,8.0,35.0,0.1,0.075,0.2,1.0,735.0,0.0,0.0,0.09523809523809523
45.0,8.0,36.0,0.1,0.075,0.2,1.0,739.0,0.0,0.0,0.09607577807848444
45.0,8.0,37.0,0.1,0.075,0.2,1.0,713.0,0.0,0.0,0.09817671809256662
45.0,8.0,38.0,0.1,0.075,0.2,1.0,724.0,0.0,0.0,0.09806629834254144
45.0,8.0,39.0,0.1,0.075,0.2,1.0,707.0,0.0,0.0,0.09900990099009901
45.0,8.0,40.0,0.1,0.075,0.2,1.0,713.0,0.0,0.0,0.09957924263674614
45.0,8.0,41.0,0.1,0.075,0.2,1.0,707.0,0.0,0.0,0.09900990099009901
45.0,8.0,42.0,0.1,0.075,0.2,1.0,710.0,0.0,0.0,0.1
45.0,8.0,43.0,0.1,0.075,0.2,1.0,707.0,0.0,0.0,0.09900990099009901
45.0,8.0,44.0,0.1,0.075,0.2,1.0,706.0,0.0,0.0,0.10056657223796034
45.0,8.0,45.0,0.1,0.075,0.2,1.0,700.0,0.0,0.0,0.1657142857142857
45.0,8.0,46.0,0.1,0.075,0.2,1.0,698.0,0.0,0.0,0.166189111747851
45.0,8.0,47.0,0.1,0.075,0.2,1.0,700.0,0.0,0.0,0.1657142857142857
45.0,8.0,48.0,0.1,0.075,0.2,1.0,694.0,0.0,0.0,0.16714697406340057
45.0,8.0,49.0,0.1,0.075,0.2,1.0,689.0,0.0,0.0,0.16400580551523947
45.0,8.0,50.0,0.1,0.075,0.2,1.0,680.0,0.0,0.0,0.1661764705882353
45.0,8.0,51.0,0.1,0.075,0.2,1.0,672.0,0.0,0.0,0.1636904761904762
45.0,8.0,52.0,0.1,0.075,0.2,1.0,667.0,0.0,0.0,0.16491754122938532
45.0,9.0,1.0,0.1,0.075,0.2,1.0,667.0,0.0,0.0,0.16491754122938532
45.0,9.0,2.0,0.1,0.075,0.2,1.0,668.0,0.0,0.0,0.16467065868263472
45.0,9.0,3.0,0.1,0.075,0.2,1.0,666.0,0.0,0.0,0.16516516516516516
45.0,9.0,4.0,0.1,0.075,0.2,1.0,666.0,0.0,0.0,0.16666666666666666
45.0,9.0,5.0,0.1,0.075,0.2,1.0,664.0,0.0,0.0,0.16566265060240964
45.0,9.0,6.0,0.1,0.075,0.2,1.0,664.0,0.0,0.0,0.16716867469879518
45.0,9.0,7.0,0.1,0.075,0.2,1.0,664.0,0.0,0.0,0.16566265060240964
45.0,9.0,8.0,0.1,0.075,0.2,1.0,659.0,0.0,0.0,0.1669195751138088
45.0,9.0,9.0,0.1,0.075,0.2,1.0,654.0,0.0,0.0,0.1651376146788991
45.0,9.0,10.0,0.1,0.075,0.2,1.0,654.0,0.0,0.0,0.16666666666666666
45.0,9.0,11.0,0.1,0.075,0.2,1.0,645.0,0.0,0.0,0.16434108527131783
45.0,9.0,12.0,0.1,0.075,0.2,1.0,651.0,0.0,0.0,0.16589861751152074
45.0,9.0,13.0,0.1,0.075,0.2,1.0,647.0,0.0,0.0,0.16537867078825347
45.0,9.0,14.0,0.1,0.075,0.2,1.0,651.0,0.0,0.0,0.16589861751152074
45.0,9.0,15.0,0.1,0.075,0.2,1.0,647.0,0.0,0.0,0.16537867078825347
45.0,9.0,16.0,0.1,0.075,0.2,1.0,652.0,0.0,0.0,0.1656441717791411
45.0,9.0,17.0,0.1,0.075,0.2,1.0,649.0,0.0,0.0,0.16486902927580893
45.0,9.0,18.0,0.1,0.075,0.2,1.0,638.0,0.0,0.0,0.16927899686520376
45.0,9.0,19.0,0.1,0.075,0.2,1.0,623.0,0.0,0.0,0.17014446227929375
45.0,9.0,20.0,0.1,0.075,0.2,1.0,1088.0,0.0,0.0,0.09558823529411764
45.0,9.0,21.0,0.1,0.075,0.2,1.0,1076.0,0.0,0.0,0.09572490706319703
45.0,9.0,22.0,0.1,0.075,0.2,1.0,1041.0,0.0,0.0,0.09798270893371758
45.0,9.0,23.0,0.1,0.075,0.2,1.0,1017.0,0.0,0.0,0.09734513274336283
45.0,9.0,24.0,0.1,0.075,0.2,1.0,1012.0,0.0,0.0,0.09980237154150198
45.0,9.0,25.0,0.1,0.075,0.2,1.0,984.0,0.0,0.0,0.09857723577235772
45.0,9.0,26.0,0.1,0.075,0.2,1.0,956.0,0.0,0.0,0.100418410041841
45.0,9.0,27.0,0.1,0.075,0.2,1.0,943.0,0.0,0.0,0.0975609756097561
45.0,9.0,28.0,0.1,0.075,0.2,1.0,907.0,0.0,0.0,0.10143329658213891
45.0,9.0,29.0,0.1,0.075,0.2,1.0,833.0,0.0,0.0,0.10324129651860744
45.0,9.0,30.0,0.1,0.075,0.2,1.0,811.0,0.0,0.0,0.10727496917385944
45.0,9.0,31.0,0.1,0.075,0.2,1.0,800.0,0.0,0.0,0.10375
45.0,9.0,32.0,0.1,0.075,0.2,1.0,799.0,0.0,0.0,0.10638297872340426
45.0,9.0,33.0,0.1,0.075,0.2,1.0,798.0,0.0,0.0,0.10401002506265664
45.0,9.0,34.0,0.1,0.075,0.2,1.0,772.0,0.0,0.0,0.10880829015544041
45.0,9.0,35.0,0.1,0.075,0.2,1.0,772.0,0.0,0.0,0.10621761658031088
45.0,9.0,36.0,0.1,0.075,0.2,1.0,744.0,0.0,0.0,0.11155913978494623
45.0,9.0,37.0,0.1,0.075,0.2,1.0,744.0,0.0,0.0,0.10887096774193548
45.0,9.0,38.0,0.1,0.075,0.2,1.0,731.0,0.0,0.0,0.1121751025991792
45.0,9.0,39.0,0.1,0.075,0.2,1.0,731.0,0.0,0.0,0.1094391244870041
45.0,9.0,40.0,0.1,0.075,0.2,1.0,730.0,0.0,0.0,0.11232876712328767
45.0,9.0,41.0,0.1,0.075,0.2,1.0,729.0,0.0,0.0,0.1083676268861454
45.0,9.0,42.0,0.1,0.075,0.2,1.0,731.0,0.0,0.0,0.1121751025991792
45.0,9.0,43.0,0.1,0.075,0.2,1.0,717.0,0.0,0.0,0.1087866108786611
45.0,9.0,44.0,0.1,0.075,0.2,1.0,720.0,0.0,0.0,0.1125
45.0,9.0,45.0,0.1,0.075,0.2,1.0,717.0,0.0,0.0,0.17852161785216178
45.0,9.0,46.0,0.1,0.075,0.2,1.0,717.0,0.0,0.0,0.18270571827057183
45.0,9.0,47.0,0.1,0.075,0.2,1.0,706.0,0.0,0.0,0.1813031161473088
45.0,9.0,48.0,0.1,0.075,0.2,1.0,706.0,0.0,0.0,0.18555240793201133
45.0,9.0,49.0,0.1,0.075,0.2,1.0,695.0,0.0,0.0,0.1841726618705036
45.0,9.0,50.0,0.1,0.075,0.2,1.0,694.0,0.0,0.0,0.18587896253602307
45.0,9.0,51.0,0.1,0.075,0.2,1.0,696.0,0.0,0.0,0.1839080459770115
45.0,9.0,52.0,0.1,0.075,0.2,1.0,693.0,0.0,0.0,0.18759018759018758
45.0,10.0,1.0,0.1,0.075,0.2,1.0,695.0,0.0,0.0,0.18273381294964028
45.0,10.0,2.0,0.1,0.075,0.2,1.0,679.0,0.0,0.0,0.18998527245949925
45.0,10.0,3.0,0.1,0.075,0.2,1.0,671.0,0.0,0.0,0.18926974664679583
45.0,10.0,4.0,0.1,0.075,0.2,1.0,667.0,0.0,0.0,0.191904047976012
45.0,10.0,5.0,0.1,0.075,0.2,1.0,668.0,0.0,0.0,0.19011976047904192
45.0,10.0,6.0,0.1,0.075,0.2,1.0,669.0,0.0,0.0,0.19133034379671152
45.0,10.0,7.0,0.1,0.075,0.2,1.0,657.0,0.0,0.0,0.1917808219178082
45.0,10.0,8.0,0.1,0.075,0.2,1.0,652.0,0.0,0.0,0.19325153374233128
45.0,10.0,9.0,0.1,0.075,0.2,1.0,654.0,0.0,0.0,0.191131498470948
45.0,10.0,10.0,0.1,0.075,0.2,1.0,647.0,0.0,0.0,0.19319938176197837
45.0,10.0,11.0,0.1,0.075,0.2,1.0,650.0,0.0,0.0,0.18923076923076923
45.0,10.0,12.0,0.1,0.075,0.2,1.0,645.0,0.0,0.0,0.1937984496124031
45.0,10.0,13.0,0.1,0.075,0.2,1.0,646.0,0.0,0.0,0.19040247678018576
45.0,10.0,14.0,0.1,0.075,0.2,1.0,643.0,0.0,0.0,0.19595645412130638
45.0,10.0,15.0,0.1,0.075,0.2,1.0,643.0,0.0,0.0,0.19284603421461896
45.0,10.0,16.0,0.1,0.075,0.2,1.0,641.0,0.0,0.0,0.1934477379095164
45.0,10.0,17.0,0.1,0.075,0.2,1.0,639.0,0.0,0.0,0.19405320813771518
45.0,10.0,18.0,0.1,0.075,0.2,1.0,644.0,0.0,0.0,0.1956521739130435
45.0,10.0,19.0,0.1,0.075,0.2,1.0,637.0,0.0,0.0,0.1946624803767661
45.0,10.0,20.0,0.1,0.075,0.2,1.0,1106.0,0.0,0.0,0.10759493670886076
45.0,10.0,21.0,0.1,0.075,0.2,1.0,1075.0,0.0,0.0,0.10790697674418605
45.0,10.0,22.0,0.1,0.075,0.2,1.0,1036.0,0.0,0.0,0.111003861003861
45.0,10.0,23.0,0.1,0.075,0.2,1.0,998.0,0.0,0.0,0.1092184368737475
45.0,10.0,24.0,0.1,0.075,0.2,1.0,1000.0,0.0,0.0,0.113
45.0,10.0,25.0,0.1,0.075,0.2,1.0,977.0,0.0,0.0,0.11156601842374617
45.0,10.0,26.0,0.1,0.075,0.2,1.0,987.0,0.0,0.0,0.11448834853090173
45.0,10.0,27.0,0.1,0.075,0.2,1.0,967.0,0.0,0.0,0.11271975180972078
45.0,10.0,28.0,0.1,0.075,0.2,1.0,956.0,0.0,0.0,0.11297071129707113
45.0,10.0,29.0,0.1,0.075,0.2,1.0,910.0,0.0,0.0,0.10989010989010989
45.0,10.0,30.0,0.1,0.075,0.2,1.0,932.0,0.0,0.0,0.11158798283261803
45.0,10.0,31.0,0.1,0.075,0.2,1.0,892.0,0.0,0.0,0.10986547085201794
45.0,10.0,32.0,0.1,0.075,0.2,1.0,914.0,0.0,0.0,0.11159737417943107
45.0,10.0,33.0,0.1,0.075,0.2,1.0,893.0,0.0,0.0,0.10974244120940649
45.0,10.0,34.0,0.1,0.075,0.2,1.0,895.0,0.0,0.0,0.10949720670391061
45.0,10.0,35.0,0.1,0.075,0.2,1.0,895.0,0.0,0.0,0.10949720670391061
45.0,10.0,36.0,0.1,0.075,0.2,1.0,882.0,0.0,0.0,0.1111111111111111
45.0,10.0,37.0,0.1,0.075,0.2,1.0,881.0,0.0,0.0,0.11010215664018161
45.0,10.0,38.0,0.1,0.075,0.2,1.0,882.0,0.0,0.0,0.10997732426303855
45.0,10.0,39.0,0.1,0.075,0.2,1.0,883.0,0.0,0.0,0.11098527746319366
45.0,10.0,40.0,0.1,0.075,0.2,1.0,869.0,0.0,0.0,0.11162255466052934
45.0,10.0,41.0,0.1,0.075,0.2,1.0,868.0,0.0,0.0,0.11290322580645161
45.0,10.0,42.0,0.1,0.075,0.2,1.0,871.0,0.0,0.0,0.11251435132032148
45.0,10.0,43.0,0.1,0.075,0.2,1.0,867.0,0.0,0.0,0.11303344867358708
45.0,10.0,44.0,0.1,0.075,0.2,1.0,845.0,0.0,0.0,0.11597633136094675
45.0,10.0,45.0,0.1,0.075,0.2,1.0,828.0,0.0,0.0,0.16666666666666666
45.0,10.0,46.0,0.1,0.075,0.2,1.0,833.0,0.0,0.0,0.16566626650660263
45.0,10.0,47.0,0.1,0.075,0.2,1.0,815.0,0.0,0.0,0.16441717791411042
45.0,10.0,48.0,0.1,0.075,0.2,1.0,821.0,0.0,0.0,0.16443361753958588
45.0,10.0,49.0,0.1,0.075,0.2,1.0,817.0,0.0,0.0,0.16523867809057527
45.0,10.0,50.0,0.1,0.075,0.2,1.0,807.0,0.0,0.0,0.16480793060718713
45.0,10.0,51.0,0.1,0.075,0.2,1.0,804.0,0.0,0.0,0.1654228855721393
45.0,10.0,52.0,0.1,0.075,0.2,1.0,807.0,0.0,0.0,0.16480793060718713
46.0,1.0,1.0,0.1,0.075,0.2,1.0,5343.0,54.0,14.0,0.10686880029945724
46.0,1.0,2.0,0.1,0.075,0.2,1.0,5288.0,68.0,21.0,0.10760211800302572
46.0,1.0,3.0,0.1,0.075,0.2,1.0,5186.0,85.0,30.0,0.108368684920941
46.0,1.0,4.0,0.1,0.075,0.2,1.0,5151.0,88.0,36.0,0.10988157639293342
46.0,1.0,5.0,0.1,0.075,0.2,1.0,5121.0,113.0,42.0,0.10935364186682289
46.0,1.0,6.0,0.1,0.075,0.2,1.0,5012.0,133.0,55.0,0.10913806863527534
46.0,1.0,7.0,0.1,0.075,0.2,1.0,4886.0,161.0,57.0,0.10970118706508392
46.0,1.0,8.0,0.1,0.075,0.2,1.0,4769.0,199.0,69.0,0.11050534703292095
46.0,1.0,9.0,0.1,0.075,0.2,1.0,4639.0,223.0,78.0,0.11144643242078034
46.0,1.0,10.0,0.1,0.075,0.2,1.0,4497.0,263.0,89.0,0.1114076050700467
46.0,1.0,11.0,0.1,0.075,0.2,1.0,4393.0,301.0,128.0,0.11267926246300933
46.0,1.0,12.0,0.1,0.075,0.2,1.0,4242.0,325.0,146.0,0.11315417256011315
46.0,1.0,13.0,0.1,0.075,0.2,1.0,4084.0,329.0,152.0,0.11410381978452498
46.0,1.0,14.0,0.1,0.075,0.2,1.0,3972.0,337.0,140.0,0.11656596173212487
46.0,1.0,15.0,0.1,0.075,0.2,1.0,3766.0,338.0,150.0,0.11763143919277748
46.0,1.0,16.0,0.1,0.075,0.2,1.0,3653.0,309.0,138.0,0.11853271283876265
46.0,1.0,17.0,0.1,0.075,0.2,1.0,3534.0,323.0,147.0,0.11969439728353141
46.0,1.0,18.0,0.1,0.075,0.2,1.0,3436.0,322.0,150.0,0.12281722933643772
46.0,1.0,19.0,0.1,0.075,0.2,1.0,3349.0,306.0,159.0,0.1227232009555091
46.0,1.0,20.0,0.1,0.075,0.2,1.0,6210.0,284.0,157.0,0.06570048309178744
46.0,1.0,21.0,0.1,0.075,0.2,1.0,5756.0,308.0,132.0,0.06653926337734538
46.0,1.0,22.0,0.1,0.075,0.2,1.0,5429.0,327.0,125.0,0.06741573033707865
46.0,1.0,23.0,0.1,0.075,0.2,1.0,5082.0,347.0,130.0,0.0690672963400236
46.0,1.0,24.0,0.1,0.075,0.2,1.0,4758.0,353.0,122.0,0.07040773434216058
46.0,1.0,25.0,0.1,0.075,0.2,1.0,4469.0,362.0,139.0,0.07227567688520922
46.0,1.0,26.0,0.1,0.075,0.2,1.0,4211.0,377.0,171.0,0.07432913797197815
46.0,1.0,27.0,0.1,0.075,0.2,1.0,4057.0,413.0,184.0,0.07517870347547449
46.0,1.0,28.0,0.1,0.075,0.2,1.0,3860.0,422.0,186.0,0.07797927461139896
46.0,1.0,29.0,0.1,0.075,0.2,1.0,3686.0,429.0,170.0,0.08003255561584373
46.0,1.0,30.0,0.1,0.075,0.2,1.0,3494.0,417.0,169.0,0.08128219805380653
46.0,1.0,31.0,0.1,0.075,0.2,1.0,3389.0,433.0,176.0,0.08291531425199174
46.0,1.0,32.0,0.1,0.075,0.2,1.0,3273.0,454.0,198.0,0.08463183623586923
46.0,1.0,33.0,0.1,0.075,0.2,1.0,3097.0,444.0,221.0,0.08879560865353568
46.0,1.0,34.0,0.1,0.075,0.2,1.0,2949.0,454.0,215.0,0.09020006781959987
46.0,1.0,35.0,0.1,0.075,0.2,1.0,2818.0,446.0,217.0,0.0936834634492548
46.0,1.0,36.0,0.1,0.075,0.2,1.0,2679.0,436.0,197.0,0.09555804404628593
46.0,1.0,37.0,0.1,0.075,0.2,1.0,2525.0,418.0,191.0,0.100990099009901
46.0,1.0,38.0,0.1,0.075,0.2,1.0,2417.0,428.0,182.0,0.1034340091021928
46.0,1.0,39.0,0.1,0.075,0.2,1.0,2314.0,429.0,198.0,0.10674157303370786
46.0,1.0,40.0,0.1,0.075,0.2,1.0,2211.0,416.0,202.0,0.11035730438715513
46.0,1.0,41.0,0.1,0.075,0.2,1.0,2132.0,419.0,212.0,0.11350844277673545
46.0,1.0,42.0,0.1,0.075,0.2,1.0,2023.0,389.0,189.0,0.1166584280771132
46.0,1.0,43.0,0.1,0.075,0.2,1.0,1923.0,361.0,183.0,0.12220488819552783
46.0,1.0,44.0,0.1,0.075,0.2,1.0,1836.0,345.0,170.0,0.12745098039215685
46.0,1.0,45.0,0.1,0.075,0.2,1.0,1738.0,351.0,164.0,0.19677790563866512
46.0,1.0,46.0,0.1,0.075,0.2,1.0,1611.0,323.0,155.0,0.20297951582867785
46.0,1.0,47.0,0.1,0.075,0.2,1.0,1523.0,292.0,153.0,0.20551543007222586
46.0,1.0,48.0,0.1,0.075,0.2,1.0,1435.0,261.0,145.0,0.21254355400696864
46.0,1.0,49.0,0.1,0.075,0.2,1.0,1364.0,224.0,130.0,0.21994134897360704
46.0,1.0,50.0,0.1,0.075,0.2,1.0,1303.0,198.0,116.0,0.2256331542594014
46.0,1.0,51.0,0.1,0.075,0.2,1.0,1259.0,183.0,112.0,0.23113582208101668
46.0,1.0,52.0,0.1,0.075,0.2,1.0,1211.0,156.0,94.0,0.23699421965317918
46.0,2.0,1.0,0.1,0.075,0.2,1.0,1165.0,140.0,75.0,0.24034334763948498
46.0,2.0,2.0,0.1,0.075,0.2,1.0,1111.0,116.0,64.0,0.24932493249324933
46.0,2.0,3.0,0.1,0.075,0.2,1.0,1071.0,108.0,57.0,0.25396825396825395
46.0,2.0,4.0,0.1,0.075,0.2,1.0,1041.0,107.0,60.0,0.26032660902977905
46.0,2.0,5.0,0.1,0.075,0.2,1.0,1009.0,95.0,48.0,0.26461843409316155
46.0,2.0,6.0,0.1,0.075,0.2,1.0,974.0,78.0,38.0,0.2679671457905544
46.0,2.0,7.0,0.1,0.075,0.2,1.0,954.0,69.0,37.0,0.27148846960167716
46.0,2.0,8.0,0.1,0.075,0.2,1.0,917.0,66.0,40.0,0.2813522355507088
46.0,2.0,9.0,0.1,0.075,0.2,1.0,902.0,69.0,40.0,0.2838137472283814
46.0,2.0,10.0,0.1,0.075,0.2,1.0,876.0,58.0,34.0,0.2899543378995434
46.0,2.0,11.0,0.1,0.075,0.2,1.0,855.0,47.0,31.0,0.29239766081871343
46.0,2.0,12.0,0.1,0.075,0.2,1.0,836.0,41.0,26.0,0.29784688995215314
46.0,2.0,13.0,0.1,0.075,0.2,1.0,827.0,35.0,21.0,0.2998790810157195
46.0,2.0,14.0,0.1,0.075,0.2,1.0,810.0,29.0,15.0,0.30617283950617286
46.0,2.0,15.0,0.1,0.075,0.2,1.0,805.0,25.0,14.0,0.30559006211180123
46.0,2.0,16.0,0.1,0.075,0.2,1.0,795.0,22.0,13.0,0.30943396226415093
46.0,2.0,17.0,0.1,0.075,0.2,1.0,789.0,18.0,12.0,0.30671736375158426
46.0,2.0,18.0,0.1,0.075,0.2,1.0,778.0,14.0,10.0,0.3110539845758355
46.0,2.0,19.0,0.1,0.075,0.2,1.0,775.0,11.0,9.0,0.30709677419354836
46.0,2.0,20.0,0.1,0.075,0.2,1.0,1405.0,5.0,5.0,0.1693950177935943
46.0,2.0,21.0,0.1,0.075,0.2,1.0,1396.0,7.0,3.0,0.16977077363896848
46.0,2.0,22.0,0.1,0.075,0.2,1.0,1351.0,8.0,3.0,0.17394522575869725
46.0,2.0,23.0,0.1,0.075,0.2,1.0,1321.0,12.0,2.0,0.17411052233156699
46.0,2.0,24.0,0.1,0.075,0.2,1.0,1309.0,15.0,6.0,0.17417876241405653
46.0,2.0,25.0,0.1,0.075,0.2,1.0,1275.0,17.0,8.0,0.17568627450980392
46.0,2.0,26.0,0.1,0.075,0.2,1.0,1234.0,19.0,11.0,0.17990275526742303
46.0,2.0,27.0,0.1,0.075,0.2,1.0,1211.0,18.0,11.0,0.18001651527663087
46.0,2.0,28.0,0.1,0.075,0.2,1.0,1184.0,15.0,7.0,0.18158783783783783
46.0,2.0,29.0,0.1,0.075,0.2,1.0,1176.0,18.0,5.0,0.18027210884353742
46.0,2.0,30.0,0.1,0.075,0.2,1.0,1127.0,14.0,6.0,0.18278615794143743
46.0,2.0,31.0,0.1,0.075,0.2,1.0,1093.0,13.0,7.0,0.18115279048490393
46.0,2.0,32.0,0.1,0.075,0.2,1.0,1070.0,13.0,8.0,0.18598130841121496
46.0,2.0,33.0,0.1,0.075,0.2,1.0,1037.0,12.0,7.0,0.18514946962391515
46.0,2.0,34.0,0.1,0.075,0.2,1.0,1039.0,15.0,8.0,0.1867179980750722
46.0,2.0,35.0,0.1,0.075,0.2,1.0,1018.0,13.0,4.0,0.18664047151277013
46.0,2.0,36.0,0.1,0.075,0.2,1.0,997.0,10.0,2.0,0.18956870611835505
46.0,2.0,37.0,0.1,0.075,0.2,1.0,973.0,9.0,5.0,0.18499486125385406
46.0,2.0,38.0,0.1,0.075,0.2,1.0,970.0,9.0,5.0,0.18453608247422681
46.0,2.0,39.0,0.1,0.075,0.2,1.0,954.0,8.0,6.0,0.18553459119496854
46.0,2.0,40.0,0.1,0.075,0.2,1.0,946.0,8.0,2.0,0.18710359408033828
46.0,2.0,41.0,0.1,0.075,0.2,1.0,933.0,9.0,3.0,0.18542336548767416
46.0,2.0,42.0,0.1,0.075,0.2,1.0,926.0,7.0,3.0,0.18466522678185746
46.0,2.0,43.0,0.1,0.075,0.2,1.0,905.0,6.0,4.0,0.1856353591160221
46.0,2.0,44.0,0.1,0.075,0.2,1.0,899.0,6.0,4.0,0.185761957730812
46.0,2.0,45.0,0.1,0.075,0.2,1.0,884.0,6.0,3.0,0.24773755656108598
46.0,2.0,46.0,0.1,0.075,0.2,1.0,878.0,6.0,2.0,0.24715261958997722
46.0,2.0,47.0,0.1,0.075,0.2,1.0,874.0,9.0,1.0,0.2448512585812357
46.0,2.0,48.0,0.1,0.075,0.2,1.0,862.0,8.0,1.0,0.2505800464037123
46.0,2.0,49.0,0.1,0.075,0.2,1.0,836.0,1.0,0.0,0.24760765550239233
46.0,2.0,50.0,0.1,0.075,0.2,1.0,825.0,1.0,0.0,0.2496969696969697
46.0,2.0,51.0,0.1,0.075,0.2,1.0,816.0,1.0,1.0,0.24754901960784315
46.0,2.0,52.0,0.1,0.075,0.2,1.0,812.0,2.0,1.0,0.25
46.0,3.0,1.0,0.1,0.075,0.2,1.0,809.0,2.0,2.0,0.24474660074165636
46.0,3.0,2.0,0.1,0.075,0.2,1.0,801.0,3.0,1.0,0.24719101123595505
46.0,3.0,3.0,0.1,0.075,0.2,1.0,802.0,3.0,2.0,0.2456359102244389
46.0,3.0,4.0,0.1,0.075,0.2,1.0,798.0,3.0,2.0,0.24561403508771928
46.0,3.0,5.0,0.1,0.075,0.2,1.0,783.0,4.0,2.0,0.24393358876117496
46.0,3.0,6.0,0.1,0.075,0.2,1.0,761.0,4.0,2.0,0.24178712220762155
46.0,3.0,7.0,0.1,0.075,0.2,1.0,753.0,5.0,1.0,0.23904382470119523
46.0,3.0,8.0,0.1,0.075,0.2,1.0,739.0,5.0,1.0,0.2408660351826793
46.0,3.0,9.0,0.1,0.075,0.2,1.0,733.0,4.0,1.0,0.24010914051841747
46.0,3.0,10.0,0.1,0.075,0.2,1.0,727.0,4.0,3.0,0.2407152682255846
46.0,3.0,11.0,0.1,0.075,0.2,1.0,724.0,5.0,3.0,0.23895027624309392
46.0,3.0,12.0,0.1,0.075,0.2,1.0,721.0,7.0,3.0,0.23994452149791956
46.0,3.0,13.0,0.1,0.075,0.2,1.0,720.0,6.0,2.0,0.2388888888888889
46.0,3.0,14.0,0.1,0.075,0.2,1.0,716.0,6.0,2.0,0.24162011173184358
46.0,3.0,15.0,0.1,0.075,0.2,1.0,715.0,5.0,1.0,0.24055944055944056
46.0,3.0,16.0,0.1,0.075,0.2,1.0,710.0,4.0,2.0,0.24225352112676057
46.0,3.0,17.0,0.1,0.075,0.2,1.0,708.0,5.0,2.0,0.2401129943502825
46.0,3.0,18.0,0.1,0.075,0.2,1.0,693.0,6.0,3.0,0.240981240981241
46.0,3.0,19.0,0.1,0.075,0.2,1.0,688.0,7.0,2.0,0.23837209302325582
46.0,3.0,20.0,0.1,0.075,0.2,1.0,1245.0,8.0,2.0,0.13253012048192772
46.0,3.0,21.0,0.1,0.075,0.2,1.0,1227.0,3.0,2.0,0.1336593317033415
46.0,3.0,22.0,0.1,0.075,0.2,1.0,1218.0,5.0,2.0,0.13382594417077176
46.0,3.0,23.0,0.1,0.075,0.2,1.0,1160.0,7.0,5.0,0.13620689655172413
46.0,3.0,24.0,0.1,0.075,0.2,1.0,1117.0,5.0,3.0,0.13428827215756492
46.0,3.0,25.0,0.1,0.075,0.2,1.0,1107.0,7.0,3.0,0.13279132791327913
46.0,3.0,26.0,0.1,0.075,0.2,1.0,1078.0,3.0,2.0,0.1345083487940631
46.0,3.0,27.0,0.1,0.075,0.2,1.0,1073.0,6.0,2.0,0.13327120223671948
46.0,3.0,28.0,0.1,0.075,0.2,1.0,1059.0,8.0,2.0,0.13408876298394712
46.0,3.0,29.0,0.1,0.075,0.2,1.0,1041.0,8.0,4.0,0.1335254562920269
46.0,3.0,30.0,0.1,0.075,0.2,1.0,1022.0,8.0,4.0,0.13405088062622308
46.0,3.0,31.0,0.1,0.075,0.2,1.0,1019.0,8.0,5.0,0.1324828263002944
46.0,3.0,32.0,0.1,0.075,0.2,1.0,1011.0,6.0,1.0,0.13353115727002968
46.0,3.0,33.0,0.1,0.075,0.2,1.0,999.0,6.0,3.0,0.12912912912912913
46.0,3.0,34.0,0.1,0.075,0.2,1.0,964.0,5.0,4.0,0.13070539419087138
46.0,3.0,35.0,0.1,0.075,0.2,1.0,937.0,4.0,4.0,0.13020277481323372
46.0,3.0,36.0,0.1,0.075,0.2,1.0,887.0,4.0,2.0,0.12965050732807215
46.0,3.0,37.0,0.1,0.075,0.2,1.0,884.0,3.0,2.0,0.1255656108597285
46.0,3.0,38.0,0.1,0.075,0.2,1.0,872.0,3.0,1.0,0.12844036697247707
46.0,3.0,39.0,0.1,0.075,0.2,1.0,874.0,4.0,2.0,0.12471395881006865
46.0,3.0,40.0,0.1,0.075,0.2,1.0,863.0,6.0,1.0,0.12746234067207415
46.0,3.0,41.0,0.1,0.075,0.2,1.0,850.0,6.0,4.0,0.12823529411764706
46.0,3.0,42.0,0.1,0.075,0.2,1.0,843.0,7.0,4.0,0.12930011862396204
46.0,3.0,43.0,0.1,0.075,0.2,1.0,840.0,9.0,5.0,0.12857142857142856
46.0,3.0,44.0,0.1,0.075,0.2,1.0,836.0,6.0,2.0,0.1303827751196172
46.0,3.0,45.0,0.1,0.075,0.2,1.0,827.0,5.0,1.0,0.19951632406287786
46.0,3.0,46.0,0.1,0.075,0.2,1.0,818.0,5.0,2.0,0.20048899755501223
46.0,3.0,47.0,0.1,0.075,0.2,1.0,807.0,5.0,2.0,0.20074349442379183
46.0,3.0,48.0,0.1,0.075,0.2,1.0,804.0,5.0,4.0,0.20149253731343283
46.0,3.0,49.0,0.1,0.075,0.2,1.0,798.0,4.0,3.0,0.20050125313283207
46.0,3.0,50.0,0.1,0.075,0.2,1.0,786.0,4.0,4.0,0.19974554707379136
46.0,3.0,51.0,0.1,0.075,0.2,1.0,759.0,2.0,2.0,0.1976284584980237
46.0,3.0,52.0,0.1,0.075,0.2,1.0,752.0,1.0,1.0,0.1981382978723404
46.0,4.0,1.0,0.1,0.075,0.2,1.0,753.0,0.0,0.0,0.19654714475431606
46.0,4.0,2.0,0.1,0.075,0.2,1.0,742.0,0.0,0.0,0.1954177897574124
46.0,4.0,3.0,0.1,0.075,0.2,1.0,746.0,0.0,0.0,0.19571045576407506
46.0,4.0,4.0,0.1,0.075,0.2,1.0,741.0,0.0,0.0,0.19568151147098514
46.0,4.0,5.0,0.1,0.075,0.2,1.0,730.0,0.0,0.0,0.1917808219178082
46.0,4.0,6.0,0.1,0.075,0.2,1.0,722.0,0.0,0.0,0.1925207756232687
46.0,4.0,7.0,0.1,0.075,0.2,1.0,713.0,0.0,0.0,0.18934081346423562
46.0,4.0,8.0,0.1,0.075,0.2,1.0,706.0,0.0,0.0,0.18980169971671387
46.0,4.0,9.0,0.1,0.075,0.2,1.0,684.0,0.0,0.0,0.1915204678362573
46.0,4.0,10.0,0.1,0.075,0.2,1.0,682.0,0.0,0.0,0.19208211143695014
46.0,4.0,11.0,0.1,0.075,0.2,1.0,683.0,0.0,0.0,0.191800878477306
46.0,4.0,12.0,0.1,0.075,0.2,1.0,680.0,0.0,0.0,0.19117647058823528
46.0,4.0,13.0,0.1,0.075,0.2,1.0,655.0,0.0,0.0,0.19389312977099238
46.0,4.0,14.0,0.1,0.075,0.2,1.0,649.0,0.0,0.0,0.1926040061633282
46.0,4.0,15.0,0.1,0.075,0.2,1.0,649.0,0.0,0.0,0.1926040061633282
46.0,4.0,16.0,0.1,0.075,0.2,1.0,645.0,0.0,0.0,0.19224806201550387
46.0,4.0,17.0,0.1,0.075,0.2,1.0,644.0,0.0,0.0,0.19254658385093168
46.0,4.0,18.0,0.1,0.075,0.2,1.0,640.0,0.0,0.0,0.1921875
46.0,4.0,19.0,0.1,0.075,0.2,1.0,642.0,0.0,0.0,0.19158878504672897
46.0,4.0,20.0,0.1,0.075,0.2,1.0,1169.0,0.0,0.0,0.10436270316509838
46.0,4.0,21.0,0.1,0.075,0.2,1.0,1117.0,0.0,0.0,0.10743061772605192
46.0,4.0,22.0,0.1,0.075,0.2,1.0,1057.0,0.0,0.0,0.11258278145695365
46.0,4.0,23.0,0.1,0.075,0.2,1.0,1040.0,0.0,0.0,0.11442307692307692
46.0,4.0,24.0,0.1,0.075,0.2,1.0,1025.0,0.0,0.0,0.11414634146341464
46.0,4.0,25.0,0.1,0.075,0.2,1.0,1009.0,0.0,0.0,0.1159563924677899
46.0,4.0,26.0,0.1,0.075,0.2,1.0,982.0,0.0,0.0,0.11710794297352342
46.0,4.0,27.0,0.1,0.075,0.2,1.0,968.0,0.0,0.0,0.11570247933884298
46.0,4.0,28.0,0.1,0.075,0.2,1.0,953.0,0.0,0.0,0.11437565582371459
46.0,4.0,29.0,0.1,0.075,0.2,1.0,925.0,0.0,0.0,0.11135135135135135
46.0,4.0,30.0,0.1,0.075,0.2,1.0,905.0,0.0,0.0,0.11160220994475138
46.0,4.0,31.0,0.1,0.075,0.2,1.0,887.0,0.0,0.0,0.11161217587373168
46.0,4.0,32.0,0.1,0.075,0.2,1.0,874.0,0.0,0.0,0.11212814645308924
46.0,4.0,33.0,0.1,0.075,0.2,1.0,871.0,0.0,0.0,0.11251435132032148
46.0,4.0,34.0,0.1,0.075,0.2,1.0,853.0,0.0,0.0,0.11137162954279015
46.0,4.0,35.0,0.1,0.075,0.2,1.0,830.0,0.0,0.0,0.11204819277108434
46.0,4.0,36.0,0.1,0.075,0.2,1.0,815.0,0.0,0.0,0.1116564417177914
46.0,4.0,37.0,0.1,0.075,0.2,1.0,815.0,0.0,0.0,0.11042944785276074
46.0,4.0,38.0,0.1,0.075,0.2,1.0,810.0,0.0,0.0,0.11234567901234568
46.0,4.0,39.0,0.1,0.075,0.2,1.0,793.0,0.0,0.0,0.11349306431273644
46.0,4.0,40.0,0.1,0.075,0.2,1.0,789.0,0.0,0.0,0.11533586818757921
46.0,4.0,41.0,0.1,0.075,0.2,1.0,791.0,0.0,0.0,0.11378002528445007
46.0,4.0,42.0,0.1,0.075,0.2,1.0,783.0,0.0,0.0,0.1136653895274585
46.0,4.0,43.0,0.1,0.075,0.2,1.0,770.0,0.0,0.0,0.11298701298701298
46.0,4.0,44.0,0.1,0.075,0.2,1.0,763.0,0.0,0.0,0.1127129750982962
46.0,4.0,45.0,0.1,0.075,0.2,1.0,728.0,0.0,0.0,0.17032967032967034
46.0,4.0,46.0,0.1,0.075,0.2,1.0,729.0,0.0,0.0,0.1728395061728395
46.0,4.0,47.0,0.1,0.075,0.2,1.0,724.0,0.0,0.0,0.1712707182320442
46.0,4.0,48.0,0.1,0.075,0.2,1.0,697.0,0.0,0.0,0.17216642754662842
46.0,4.0,49.0,0.1,0.075,0.2,1.0,676.0,0.0,0.0,0.17307692307692307
46.0,4.0,50.0,0.1,0.075,0.2,1.0,676.0,0.0,0.0,0.17307692307692307
46.0,4.0,51.0,0.1,0.075,0.2,1.0,658.0,0.0,0.0,0.1717325227963526
46.0,4.0,52.0,0.1,0.075,0.2,1.0,646.0,0.0,0.0,0.16873065015479877
46.0,5.0,1.0,0.1,0.075,0.2,1.0,643.0,0.0,0.0,0.16640746500777606
46.0,5.0,2.0,0.1,0.075,0.2,1.0,643.0,0.0,0.0,0.16796267496111975
46.0,5.0,3.0,0.1,0.075,0.2,1.0,642.0,0.0,0.0,0.16666666666666666
46.0,5.0,4.0,0.1,0.075,0.2,1.0,643.0,0.0,0.0,0.16796267496111975
46.0,5.0,5.0,0.1,0.075,0.2,1.0,642.0,0.0,0.0,0.16666666666666666
46.0,5.0,6.0,0.1,0.075,0.2,1.0,641.0,0.0,0.0,0.1684867394695788
46.0,5.0,7.0,0.1,0.075,0.2,1.0,624.0,0.0,0.0,0.16506410256410256
46.0,5.0,8.0,0.1,0.075,0.2,1.0,622.0,0.0,0.0,0.16559485530546625
46.0,5.0,9.0,0.1,0.075,0.2,1.0,620.0,0.0,0.0,0.16451612903225807
46.0,5.0,10.0,0.1,0.075,0.2,1.0,619.0,0.0,0.0,0.16478190630048464
46.0,5.0,11.0,0.1,0.075,0.2,1.0,619.0,0.0,0.0,0.16478190630048464
46.0,5.0,12.0,0.1,0.075,0.2,1.0,619.0,0.0,0.0,0.16478190630048464
46.0,5.0,13.0,0.1,0.075,0.2,1.0,619.0,0.0,0.0,0.16478190630048464
46.0,5.0,14.0,0.1,0.075,0.2,1.0,617.0,0.0,0.0,0.16531604538087522
46.0,5.0,15.0,0.1,0.075,0.2,1.0,617.0,0.0,0.0,0.16531604538087522
46.0,5.0,16.0,0.1,0.075,0.2,1.0,617.0,0.0,0.0,0.16531604538087522
46.0,5.0,17.0,0.1,0.075,0.2,1.0,614.0,0.0,0.0,0.16449511400651465
46.0,5.0,18.0,0.1,0.075,0.2,1.0,614.0,0.0,0.0,0.16449511400651465
46.0,5.0,19.0,0.1,0.075,0.2,1.0,613.0,0.0,0.0,0.16476345840130505
46.0,5.0,20.0,0.1,0.075,0.2,1.0,1091.0,0.0,0.0,0.0925756186984418
46.0,5.0,21.0,0.1,0.075,0.2,1.0,1067.0,0.0,0.0,0.09184629803186505
46.0,5.0,22.0,0.1,0.075,0.2,1.0,1049.0,0.0,0.0,0.09151572926596759
46.0,5.0,23.0,0.1,0.075,0.2,1.0,996.0,0.0,0.0,0.0963855421686747
46.0,5.0,24.0,0.1,0.075,0.2,1.0,970.0,0.0,0.0,0.09896907216494845
46.0,5.0,25.0,0.1,0.075,0.2,1.0,972.0,0.0,0.0,0.09876543209876543
46.0,5.0,26.0,0.1,0.075,0.2,1.0,970.0,0.0,0.0,0.09896907216494845
46.0,5.0,27.0,0.1,0.075,0.2,1.0,957.0,0.0,0.0,0.10031347962382445
46.0,5.0,28.0,0.1,0.075,0.2,1.0,928.0,0.0,0.0,0.10129310344827586
46.0,5.0,29.0,0.1,0.075,0.2,1.0,916.0,0.0,0.0,0.10152838427947598
46.0,5.0,30.0,0.1,0.075,0.2,1.0,880.0,0.0,0.0,0.10113636363636364
46.0,5.0,31.0,0.1,0.075,0.2,1.0,868.0,0.0,0.0,0.10253456221198157
46.0,5.0,32.0,0.1,0.075,0.2,1.0,854.0,0.0,0.0,0.10070257611241218
46.0,5.0,33.0,0.1,0.075,0.2,1.0,856.0,0.0,0.0,0.10046728971962617
46.0,5.0,34.0,0.1,0.075,0.2,1.0,840.0,0.0,0.0,0.10119047619047619
46.0,5.0,35.0,0.1,0.075,0.2,1.0,819.0,0.0,0.0,0.10378510378510379
46.0,5.0,36.0,0.1,0.075,0.2,1.0,806.0,0.0,0.0,0.10421836228287841
46.0,5.0,37.0,0.1,0.075,0.2,1.0,808.0,0.0,0.0,0.10396039603960396
46.0,5.0,38.0,0.1,0.075,0.2,1.0,789.0,0.0,0.0,0.10392902408111533
46.0,5.0,39.0,0.1,0.075,0.2,1.0,791.0,0.0,0.0,0.10366624525916561
46.0,5.0,40.0,0.1,0.075,0.2,1.0,789.0,0.0,0.0,0.10392902408111533
46.0,5.0,41.0,0.1,0.075,0.2,1.0,790.0,0.0,0.0,0.10379746835443038
46.0,5.0,42.0,0.1,0.075,0.2,1.0,788.0,0.0,0.0,0.10406091370558376
46.0,5.0,43.0,0.1,0.075,0.2,1.0,790.0,0.0,0.0,0.10379746835443038
46.0,5.0,44.0,0.1,0.075,0.2,1.0,788.0,0.0,0.0,0.10406091370558376
46.0,5.0,45.0,0.1,0.075,0.2,1.0,790.0,0.0,0.0,0.17468354430379746
46.0,5.0,46.0,0.1,0.075,0.2,1.0,776.0,0.0,0.0,0.17525773195876287
46.0,5.0,47.0,0.1,0.075,0.2,1.0,778.0,0.0,0.0,0.17480719794344474
46.0,5.0,48.0,0.1,0.075,0.2,1.0,776.0,0.0,0.0,0.17525773195876287
46.0,5.0,49.0,0.1,0.075,0.2,1.0,778.0,0.0,0.0,0.17480719794344474
46.0,5.0,50.0,0.1,0.075,0.2,1.0,774.0,0.0,0.0,0.17571059431524547
46.0,5.0,51.0,0.1,0.075,0.2,1.0,756.0,0.0,0.0,0.17724867724867724
46.0,5.0,52.0,0.1,0.075,0.2,1.0,754.0,0.0,0.0,0.17771883289124668
46.0,6.0,1.0,0.1,0.075,0.2,1.0,753.0,0.0,0.0,0.17795484727755645
46.0,6.0,2.0,0.1,0.075,0.2,1.0,751.0,0.0,0.0,0.17842876165113183
46.0,6.0,3.0,0.1,0.075,0.2,1.0,741.0,0.0,0.0,0.18083670715249664
46.0,6.0,4.0,0.1,0.075,0.2,1.0,726.0,0.0,0.0,0.18044077134986225
46.0,6.0,5.0,0.1,0.075,0.2,1.0,727.0,0.0,0.0,0.17881705639614856
46.0,6.0,6.0,0.1,0.075,0.2,1.0,723.0,0.0,0.0,0.17842323651452283
46.0,6.0,7.0,0.1,0.075,0.2,1.0,714.0,0.0,0.0,0.17507002801120447
46.0,6.0,8.0,0.1,0.075,0.2,1.0,708.0,0.0,0.0,0.1765536723163842
46.0,6.0,9.0,0.1,0.075,0.2,1.0,705.0,0.0,0.0,0.1773049645390071
46.0,6.0,10.0,0.1,0.075,0.2,1.0,705.0,0.0,0.0,0.1773049645390071
46.0,6.0,11.0,0.1,0.075,0.2,1.0,704.0,0.0,0.0,0.17755681818181818
46.0,6.0,12.0,0.1,0.075,0.2,1.0,703.0,0.0,0.0,0.17780938833570412
46.0,6.0,13.0,0.1,0.075,0.2,1.0,702.0,0.0,0.0,0.17663817663817663
46.0,6.0,14.0,0.1,0.075,0.2,1.0,700.0,0.0,0.0,0.1757142857142857
46.0,6.0,15.0,0.1,0.075,0.2,1.0,700.0,0.0,0.0,0.1742857142857143
46.0,6.0,16.0,0.1,0.075,0.2,1.0,688.0,0.0,0.0,0.1744186046511628
46.0,6.0,17.0,0.1,0.075,0.2,1.0,689.0,0.0,0.0,0.1741654571843251
46.0,6.0,18.0,0.1,0.075,0.2,1.0,688.0,0.0,0.0,0.17296511627906977
46.0,6.0,19.0,0.1,0.075,0.2,1.0,687.0,0.0,0.0,0.1717612809315866
46.0,6.0,20.0,0.1,0.075,0.2,1.0,1198.0,0.0,0.0,0.09515859766277128
46.0,6.0,21.0,0.1,0.075,0.2,1.0,1127.0,0.0,0.0,0.09671694764862467
46.0,6.0,22.0,0.1,0.075,0.2,1.0,1094.0,0.0,0.0,0.09780621572212066
46.0,6.0,23.0,0.1,0.075,0.2,1.0,1027.0,0.0,0.0,0.10223953261927946
46.0,6.0,24.0,0.1,0.075,0.2,1.0,998.0,0.0,0.0,0.10420841683366733
46.0,6.0,25.0,0.1,0.075,0.2,1.0,976.0,0.0,0.0,0.10245901639344263
46.0,6.0,26.0,0.1,0.075,0.2,1.0,976.0,0.0,0.0,0.10245901639344263
46.0,6.0,27.0,0.1,0.075,0.2,1.0,946.0,0.0,0.0,0.1014799154334038
46.0,6.0,28.0,0.1,0.075,0.2,1.0,923.0,0.0,0.0,0.10400866738894908
46.0,6.0,29.0,0.1,0.075,0.2,1.0,922.0,0.0,0.0,0.10303687635574837
46.0,6.0,30.0,0.1,0.075,0.2,1.0,923.0,0.0,0.0,0.10400866738894908
46.0,6.0,31.0,0.1,0.075,0.2,1.0,920.0,0.0,0.0,0.10217391304347827
46.0,6.0,32.0,0.1,0.075,0.2,1.0,921.0,0.0,0.0,0.10314875135722042
46.0,6.0,33.0,0.1,0.075,0.2,1.0,882.0,0.0,0.0,0.10317460317460317
46.0,6.0,34.0,0.1,0.075,0.2,1.0,866.0,0.0,0.0,0.10392609699769054
46.0,6.0,35.0,0.1,0.075,0.2,1.0,849.0,0.0,0.0,0.10247349823321555
46.0,6.0,36.0,0.1,0.075,0.2,1.0,850.0,0.0,0.0,0.10352941176470588
46.0,6.0,37.0,0.1,0.075,0.2,1.0,847.0,0.0,0.0,0.10271546635182999
46.0,6.0,38.0,0.1,0.075,0.2,1.0,848.0,0.0,0.0,0.10377358490566038
46.0,6.0,39.0,0.1,0.075,0.2,1.0,845.0,0.0,0.0,0.10177514792899409
46.0,6.0,40.0,0.1,0.075,0.2,1.0,843.0,0.0,0.0,0.10320284697508897
46.0,6.0,41.0,0.1,0.075,0.2,1.0,829.0,0.0,0.0,0.1037394451145959
46.0,6.0,42.0,0.1,0.075,0.2,1.0,818.0,0.0,0.0,0.10513447432762836
46.0,6.0,43.0,0.1,0.075,0.2,1.0,792.0,0.0,0.0,0.10479797979797979
46.0,6.0,44.0,0.1,0.075,0.2,1.0,778.0,0.0,0.0,0.10539845758354756
46.0,6.0,45.0,0.1,0.075,0.2,1.0,748.0,0.0,0.0,0.17780748663101603
46.0,6.0,46.0,0.1,0.075,0.2,1.0,749.0,0.0,0.0,0.17890520694259013
46.0,6.0,47.0,0.1,0.075,0.2,1.0,743.0,0.0,0.0,0.17765814266487215
46.0,6.0,48.0,0.1,0.075,0.2,1.0,743.0,0.0,0.0,0.17900403768506057
46.0,6.0,49.0,0.1,0.075,0.2,1.0,741.0,0.0,0.0,0.17813765182186234
46.0,6.0,50.0,0.1,0.075,0.2,1.0,741.0,0.0,0.0,0.1794871794871795
46.0,6.0,51.0,0.1,0.075,0.2,1.0,728.0,0.0,0.0,0.17994505494505494
46.0,6.0,52.0,0.1,0.075,0.2,1.0,714.0,0.0,0.0,0.1792717086834734
46.0,7.0,1.0,0.1,0.075,0.2,1.0,709.0,0.0,0.0,0.1763046544428773
46.0,7.0,2.0,0.1,0.075,0.2,1.0,709.0,0.0,0.0,0.1777150916784203
46.0,7.0,3.0,0.1,0.075,0.2,1.0,707.0,0.0,0.0,0.1768033946251768
46.0,7.0,4.0,0.1,0.075,0.2,1.0,708.0,0.0,0.0,0.17796610169491525
46.0,7.0,5.0,0.1,0.075,0.2,1.0,707.0,0.0,0.0,0.1768033946251768
46.0,7.0,6.0,0.1,0.075,0.2,1.0,707.0,0.0,0.0,0.1782178217821782
46.0,7.0,7.0,0.1,0.075,0.2,1.0,706.0,0.0,0.0,0.17705382436260622
46.0,7.0,8.0,0.1,0.075,0.2,1.0,704.0,0.0,0.0,0.17897727272727273
46.0,7.0,9.0,0.1,0.075,0.2,1.0,700.0,0.0,0.0,0.17714285714285713
46.0,7.0,10.0,0.1,0.075,0.2,1.0,700.0,0.0,0.0,0.17857142857142858
46.0,7.0,11.0,0.1,0.075,0.2,1.0,700.0,0.0,0.0,0.17714285714285713
46.0,7.0,12.0,0.1,0.075,0.2,1.0,700.0,0.0,0.0,0.17857142857142858
46.0,7.0,13.0,0.1,0.075,0.2,1.0,698.0,0.0,0.0,0.17765042979942694
46.0,7.0,14.0,0.1,0.075,0.2,1.0,685.0,0.0,0.0,0.17664233576642335
46.0,7.0,15.0,0.1,0.075,0.2,1.0,684.0,0.0,0.0,0.17690058479532164
46.0,7.0,16.0,0.1,0.075,0.2,1.0,684.0,0.0,0.0,0.1783625730994152
46.0,7.0,17.0,0.1,0.075,0.2,1.0,673.0,0.0,0.0,0.17979197622585438
46.0,7.0,18.0,0.1,0.075,0.2,1.0,672.0,0.0,0.0,0.18154761904761904
46.0,7.0,19.0,0.1,0.075,0.2,1.0,671.0,0.0,0.0,0.18032786885245902
46.0,7.0,20.0,0.1,0.075,0.2,1.0,1247.0,0.0,0.0,0.09783480352846832
46.0,7.0,21.0,0.1,0.075,0.2,1.0,1235.0,0.0,0.0,0.09635627530364373
46.0,7.0,22.0,0.1,0.075,0.2,1.0,1158.0,0.0,0.0,0.1001727115716753
46.0,7.0,23.0,0.1,0.075,0.2,1.0,1145.0,0.0,0.0,0.09956331877729258
46.0,7.0,24.0,0.1,0.075,0.2,1.0,1116.0,0.0,0.0,0.10125448028673835
46.0,7.0,25.0,0.1,0.075,0.2,1.0,1077.0,0.0,0.0,0.10027855153203342
46.0,7.0,26.0,0.1,0.075,0.2,1.0,1047.0,0.0,0.0,0.10315186246418338
46.0,7.0,27.0,0.1,0.075,0.2,1.0,998.0,0.0,0.0,0.10521042084168336
46.0,7.0,28.0,0.1,0.075,0.2,1.0,947.0,0.0,0.0,0.10876451953537487
46.0,7.0,29.0,0.1,0.075,0.2,1.0,934.0,0.0,0.0,0.10813704496788008
46.0,7.0,30.0,0.1,0.075,0.2,1.0,908.0,0.0,0.0,0.10903083700440529
46.0,7.0,31.0,0.1,0.075,0.2,1.0,893.0,0.0,0.0,0.10750279955207166
46.0,7.0,32.0,0.1,0.075,0.2,1.0,880.0,0.0,0.0,0.11022727272727273
46.0,7.0,33.0,0.1,0.075,0.2,1.0,866.0,0.0,0.0,0.10969976905311778
46.0,7.0,34.0,0.1,0.075,0.2,1.0,851.0,0.0,0.0,0.11163337250293771
46.0,7.0,35.0,0.1,0.075,0.2,1.0,845.0,0.0,0.0,0.10887573964497041
46.0,7.0,36.0,0.1,0.075,0.2,1.0,845.0,0.0,0.0,0.10887573964497041
46.0,7.0,37.0,0.1,0.075,0.2,1.0,843.0,0.0,0.0,0.10794780545670225
46.0,7.0,38.0,0.1,0.075,0.2,1.0,827.0,0.0,0.0,0.11124546553808948
46.0,7.0,39.0,0.1,0.075,0.2,1.0,830.0,0.0,0.0,0.10843373493975904
46.0,7.0,40.0,0.1,0.075,0.2,1.0,827.0,0.0,0.0,0.10761789600967352
46.0,7.0,41.0,0.1,0.075,0.2,1.0,828.0,0.0,0.0,0.10748792270531402
46.0,7.0,42.0,0.1,0.075,0.2,1.0,826.0,0.0,0.0,0.10774818401937046
46.0,7.0,43.0,0.1,0.075,0.2,1.0,827.0,0.0,0.0,0.10761789600967352
46.0,7.0,44.0,0.1,0.075,0.2,1.0,824.0,0.0,0.0,0.10800970873786407
46.0,7.0,45.0,0.1,0.075,0.2,1.0,812.0,0.0,0.0,0.17857142857142858
46.0,7.0,46.0,0.1,0.075,0.2,1.0,797.0,0.0,0.0,0.1806775407779172
46.0,7.0,47.0,0.1,0.075,0.2,1.0,793.0,0.0,0.0,0.17906683480453972
46.0,7.0,48.0,0.1,0.075,0.2,1.0,790.0,0.0,0.0,0.1810126582278481
46.0,7.0,49.0,0.1,0.075,0.2,1.0,770.0,0.0,0.0,0.17922077922077922
46.0,7.0,50.0,0.1,0.075,0.2,1.0,771.0,0.0,0.0,0.18028534370946822
46.0,7.0,51.0,0.1,0.075,0.2,1.0,770.0,0.0,0.0,0.17922077922077922
46.0,7.0,52.0,0.1,0.075,0.2,1.0,769.0,0.0,0.0,0.18075422626788037
46.0,8.0,1.0,0.1,0.075,0.2,1.0,764.0,0.0,0.0,0.1806282722513089
46.0,8.0,2.0,0.1,0.075,0.2,1.0,764.0,0.0,0.0,0.18193717277486912
46.0,8.0,3.0,0.1,0.075,0.2,1.0,764.0,0.0,0.0,0.1806282722513089
46.0,8.0,4.0,0.1,0.075,0.2,1.0,748.0,0.0,0.0,0.1858288770053476
46.0,8.0,5.0,0.1,0.075,0.2,1.0,749.0,0.0,0.0,0.1842456608811749
46.0,8.0,6.0,0.1,0.075,0.2,1.0,747.0,0.0,0.0,0.18473895582329317
46.0,8.0,7.0,0.1,0.075,0.2,1.0,746.0,0.0,0.0,0.1836461126005362
46.0,8.0,8.0,0.1,0.075,0.2,1.0,742.0,0.0,0.0,0.18598382749326145
46.0,8.0,9.0,0.1,0.075,0.2,1.0,730.0,0.0,0.0,0.1821917808219178
46.0,8.0,10.0,0.1,0.075,0.2,1.0,729.0,0.0,0.0,0.18381344307270234
46.0,8.0,11.0,0.1,0.075,0.2,1.0,729.0,0.0,0.0,0.18244170096021947
46.0,8.0,12.0,0.1,0.075,0.2,1.0,729.0,0.0,0.0,0.18381344307270234
46.0,8.0,13.0,0.1,0.075,0.2,1.0,728.0,0.0,0.0,0.18269230769230768
46.0,8.0,14.0,0.1,0.075,0.2,1.0,729.0,0.0,0.0,0.18381344307270234
46.0,8.0,15.0,0.1,0.075,0.2,1.0,728.0,0.0,0.0,0.18269230769230768
46.0,8.0,16.0,0.1,0.075,0.2,1.0,729.0,0.0,0.0,0.18381344307270234
46.0,8.0,17.0,0.1,0.075,0.2,1.0,728.0,0.0,0.0,0.18269230769230768
46.0,8.0,18.0,0.1,0.075,0.2,1.0,714.0,0.0,0.0,0.18207282913165265
46.0,8.0,19.0,0.1,0.075,0.2,1.0,715.0,0.0,0.0,0.18041958041958042
46.0,8.0,20.0,0.1,0.075,0.2,1.0,1308.0,0.0,0.0,0.09938837920489296
46.0,8.0,21.0,0.1,0.075,0.2,1.0,1270.0,0.0,0.0,0.1015748031496063
46.0,8.0,22.0,0.1,0.075,0.2,1.0,1239.0,0.0,0.0,0.10411622276029056
46.0,8.0,23.0,0.1,0.075,0.2,1.0,1236.0,0.0,0.0,0.10355987055016182
46.0,8.0,24.0,0.1,0.075,0.2,1.0,1243.0,0.0,0.0,0.10378117457763475
46.0,8.0,25.0,0.1,0.075,0.2,1.0,1207.0,0.0,0.0,0.1060480530240265
46.0,8.0,26.0,0.1,0.075,0.2,1.0,1180.0,0.0,0.0,0.10423728813559321
46.0,8.0,27.0,0.1,0.075,0.2,1.0,1146.0,0.0,0.0,0.10471204188481675
46.0,8.0,28.0,0.1,0.075,0.2,1.0,1110.0,0.0,0.0,0.10540540540540541
46.0,8.0,29.0,0.1,0.075,0.2,1.0,1066.0,0.0,0.0,0.10694183864915573
46.0,8.0,30.0,0.1,0.075,0.2,1.0,1039.0,0.0,0.0,0.10875842155919153
46.0,8.0,31.0,0.1,0.075,0.2,1.0,1021.0,0.0,0.0,0.10675808031341821
46.0,8.0,32.0,0.1,0.075,0.2,1.0,1013.0,0.0,0.0,0.10858835143139191
46.0,8.0,33.0,0.1,0.075,0.2,1.0,999.0,0.0,0.0,0.10810810810810811
46.0,8.0,34.0,0.1,0.075,0.2,1.0,993.0,0.0,0.0,0.10775427995971802
46.0,8.0,35.0,0.1,0.075,0.2,1.0,985.0,0.0,0.0,0.10761421319796954
46.0,8.0,36.0,0.1,0.075,0.2,1.0,957.0,0.0,0.0,0.109717868338558
46.0,8.0,37.0,0.1,0.075,0.2,1.0,934.0,0.0,0.0,0.10920770877944326
46.0,8.0,38.0,0.1,0.075,0.2,1.0,931.0,0.0,0.0,0.10955961331901182
46.0,8.0,39.0,0.1,0.075,0.2,1.0,923.0,0.0,0.0,0.1094257854821235
46.0,8.0,40.0,0.1,0.075,0.2,1.0,931.0,0.0,0.0,0.10955961331901182
46.0,8.0,41.0,0.1,0.075,0.2,1.0,923.0,0.0,0.0,0.1094257854821235
46.0,8.0,42.0,0.1,0.075,0.2,1.0,908.0,0.0,0.0,0.10682819383259912
46.0,8.0,43.0,0.1,0.075,0.2,1.0,887.0,0.0,0.0,0.10822998872604284
46.0,8.0,44.0,0.1,0.075,0.2,1.0,883.0,0.0,0.0,0.1087202718006795
46.0,8.0,45.0,0.1,0.075,0.2,1.0,875.0,0.0,0.0,0.18857142857142858
46.0,8.0,46.0,0.1,0.075,0.2,1.0,870.0,0.0,0.0,0.18620689655172415
46.0,8.0,47.0,0.1,0.075,0.2,1.0,862.0,0.0,0.0,0.18677494199535963
46.0,8.0,48.0,0.1,0.075,0.2,1.0,870.0,0.0,0.0,0.18620689655172415
46.0,8.0,49.0,0.1,0.075,0.2,1.0,862.0,0.0,0.0,0.18677494199535963
46.0,8.0,50.0,0.1,0.075,0.2,1.0,866.0,0.0,0.0,0.18706697459584296
46.0,8.0,51.0,0.1,0.075,0.2,1.0,853.0,0.0,0.0,0.18640093786635403
46.0,8.0,52.0,0.1,0.075,0.2,1.0,853.0,0.0,0.0,0.18757327080890973
46.0,9.0,1.0,0.1,0.075,0.2,1.0,852.0,0.0,0.0,0.18661971830985916
46.0,9.0,2.0,0.1,0.075,0.2,1.0,852.0,0.0,0.0,0.18779342723004694
46.0,9.0,3.0,0.1,0.075,0.2,1.0,850.0,0.0,0.0,0.18705882352941178
46.0,9.0,4.0,0.1,0.075,0.2,1.0,850.0,0.0,0.0,0.18823529411764706
46.0,9.0,5.0,0.1,0.075,0.2,1.0,849.0,0.0,0.0,0.1872791519434629
46.0,9.0,6.0,0.1,0.075,0.2,1.0,839.0,0.0,0.0,0.1907032181168057
46.0,9.0,7.0,0.1,0.075,0.2,1.0,838.0,0.0,0.0,0.18973747016706444
46.0,9.0,8.0,0.1,0.075,0.2,1.0,832.0,0.0,0.0,0.19110576923076922
46.0,9.0,9.0,0.1,0.075,0.2,1.0,829.0,0.0,0.0,0.19059107358262967
46.0,9.0,10.0,0.1,0.075,0.2,1.0,830.0,0.0,0.0,0.19156626506024096
46.0,9.0,11.0,0.1,0.075,0.2,1.0,829.0,0.0,0.0,0.19059107358262967
46.0,9.0,12.0,0.1,0.075,0.2,1.0,829.0,0.0,0.0,0.19179734620024125
46.0,9.0,13.0,0.1,0.075,0.2,1.0,828.0,0.0,0.0,0.19082125603864733
46.0,9.0,14.0,0.1,0.075,0.2,1.0,829.0,0.0,0.0,0.19179734620024125
46.0,9.0,15.0,0.1,0.075,0.2,1.0,828.0,0.0,0.0,0.19082125603864733
46.0,9.0,16.0,0.1,0.075,0.2,1.0,828.0,0.0,0.0,0.19202898550724637
46.0,9.0,17.0,0.1,0.075,0.2,1.0,827.0,0.0,0.0,0.19105199516324062
46.0,9.0,18.0,0.1,0.075,0.2,1.0,828.0,0.0,0.0,0.19202898550724637
46.0,9.0,19.0,0.1,0.075,0.2,1.0,826.0,0.0,0.0,0.19128329297820823
46.0,9.0,20.0,0.1,0.075,0.2,1.0,1524.0,0.0,0.0,0.10039370078740158
46.0,9.0,21.0,0.1,0.075,0.2,1.0,1438.0,0.0,0.0,0.10292072322670376
46.0,9.0,22.0,0.1,0.075,0.2,1.0,1343.0,0.0,0.0,0.10722263588979895
46.0,9.0,23.0,0.1,0.075,0.2,1.0,1270.0,0.0,0.0,0.1094488188976378
46.0,9.0,24.0,0.1,0.075,0.2,1.0,1248.0,0.0,0.0,0.11217948717948718
46.0,9.0,25.0,0.1,0.075,0.2,1.0,1210.0,0.0,0.0,0.1140495867768595
46.0,9.0,26.0,0.1,0.075,0.2,1.0,1187.0,0.0,0.0,0.11541701769165964
46.0,9.0,27.0,0.1,0.075,0.2,1.0,1126.0,0.0,0.0,0.11900532859680284
46.0,9.0,28.0,0.1,0.075,0.2,1.0,1115.0,0.0,0.0,0.1210762331838565
46.0,9.0,29.0,0.1,0.075,0.2,1.0,1098.0,0.0,0.0,0.12021857923497267
46.0,9.0,30.0,0.1,0.075,0.2,1.0,1100.0,0.0,0.0,0.12090909090909091
46.0,9.0,31.0,0.1,0.075,0.2,1.0,1061.0,0.0,0.0,0.12158341187558906
46.0,9.0,32.0,0.1,0.075,0.2,1.0,1049.0,0.0,0.0,0.12297426120114395
46.0,9.0,33.0,0.1,0.075,0.2,1.0,1037.0,0.0,0.0,0.12246865959498554
46.0,9.0,34.0,0.1,0.075,0.2,1.0,1024.0,0.0,0.0,0.1240234375
46.0,9.0,35.0,0.1,0.075,0.2,1.0,980.0,0.0,0.0,0.12551020408163266
46.0,9.0,36.0,0.1,0.075,0.2,1.0,970.0,0.0,0.0,0.1268041237113402
46.0,9.0,37.0,0.1,0.075,0.2,1.0,968.0,0.0,0.0,0.12603305785123967
46.0,9.0,38.0,0.1,0.075,0.2,1.0,957.0,0.0,0.0,0.12748171368861025
46.0,9.0,39.0,0.1,0.075,0.2,1.0,955.0,0.0,0.0,0.12670157068062826
46.0,9.0,40.0,0.1,0.075,0.2,1.0,957.0,0.0,0.0,0.12748171368861025
46.0,9.0,41.0,0.1,0.075,0.2,1.0,941.0,0.0,0.0,0.1275239107332625
46.0,9.0,42.0,0.1,0.075,0.2,1.0,926.0,0.0,0.0,0.12742980561555076
46.0,9.0,43.0,0.1,0.075,0.2,1.0,924.0,0.0,0.0,0.1266233766233766
46.0,9.0,44.0,0.1,0.075,0.2,1.0,926.0,0.0,0.0,0.12742980561555076
46.0,9.0,45.0,0.1,0.075,0.2,1.0,902.0,0.0,0.0,0.1951219512195122
46.0,9.0,46.0,0.1,0.075,0.2,1.0,903.0,0.0,0.0,0.19490586932447398
46.0,9.0,47.0,0.1,0.075,0.2,1.0,902.0,0.0,0.0,0.1951219512195122
46.0,9.0,48.0,0.1,0.075,0.2,1.0,887.0,0.0,0.0,0.19729425028184894
46.0,9.0,49.0,0.1,0.075,0.2,1.0,885.0,0.0,0.0,0.19661016949152543
46.0,9.0,50.0,0.1,0.075,0.2,1.0,874.0,0.0,0.0,0.19794050343249428
46.0,9.0,51.0,0.1,0.075,0.2,1.0,872.0,0.0,0.0,0.19724770642201836
46.0,9.0,52.0,0.1,0.075,0.2,1.0,874.0,0.0,0.0,0.19794050343249428
46.0,10.0,1.0,0.1,0.075,0.2,1.0,860.0,0.0,0.0,0.19651162790697674
46.0,10.0,2.0,0.1,0.075,0.2,1.0,861.0,0.0,0.0,0.19744483159117304
46.0,10.0,3.0,0.1,0.075,0.2,1.0,859.0,0.0,0.0,0.19674039580908032
46.0,10.0,4.0,0.1,0.075,0.2,1.0,861.0,0.0,0.0,0.19744483159117304
46.0,10.0,5.0,0.1,0.075,0.2,1.0,859.0,0.0,0.0,0.19674039580908032
46.0,10.0,6.0,0.1,0.075,0.2,1.0,859.0,0.0,0.0,0.19674039580908032
46.0,10.0,7.0,0.1,0.075,0.2,1.0,858.0,0.0,0.0,0.1958041958041958
46.0,10.0,8.0,0.1,0.075,0.2,1.0,858.0,0.0,0.0,0.19696969696969696
46.0,10.0,9.0,0.1,0.075,0.2,1.0,856.0,0.0,0.0,0.19742990654205608
46.0,10.0,10.0,0.1,0.075,0.2,1.0,853.0,0.0,0.0,0.19929660023446658
46.0,10.0,11.0,0.1,0.075,0.2,1.0,840.0,0.0,0.0,0.2011904761904762
46.0,10.0,12.0,0.1,0.075,0.2,1.0,840.0,0.0,0.0,0.20238095238095238
46.0,10.0,13.0,0.1,0.075,0.2,1.0,840.0,0.0,0.0,0.2011904761904762
46.0,10.0,14.0,0.1,0.075,0.2,1.0,840.0,0.0,0.0,0.20238095238095238
46.0,10.0,15.0,0.1,0.075,0.2,1.0,840.0,0.0,0.0,0.2011904761904762
46.0,10.0,16.0,0.1,0.075,0.2,1.0,840.0,0.0,0.0,0.20238095238095238
46.0,10.0,17.0,0.1,0.075,0.2,1.0,840.0,0.0,0.0,0.2011904761904762
46.0,10.0,18.0,0.1,0.075,0.2,1.0,840.0,0.0,0.0,0.20238095238095238
46.0,10.0,19.0,0.1,0.075,0.2,1.0,839.0,0.0,0.0,0.20023837902264602
46.0,10.0,20.0,0.1,0.075,0.2,1.0,1453.0,0.0,0.0,0.09979353062629043
46.0,10.0,21.0,0.1,0.075,0.2,1.0,1381.0,0.0,0.0,0.10209992758870384
46.0,10.0,22.0,0.1,0.075,0.2,1.0,1376.0,0.0,0.0,0.10319767441860465
46.0,10.0,23.0,0.1,0.075,0.2,1.0,1350.0,0.0,0.0,0.10296296296296296
46.0,10.0,24.0,0.1,0.075,0.2,1.0,1324.0,0.0,0.0,0.1042296072507553
46.0,10.0,25.0,0.1,0.075,0.2,1.0,1266.0,0.0,0.0,0.10426540284360189
46.0,10.0,26.0,0.1,0.075,0.2,1.0,1246.0,0.0,0.0,0.10593900481540931
46.0,10.0,27.0,0.1,0.075,0.2,1.0,1224.0,0.0,0.0,0.10457516339869281
46.0,10.0,28.0,0.1,0.075,0.2,1.0,1210.0,0.0,0.0,0.10495867768595041
46.0,10.0,29.0,0.1,0.075,0.2,1.0,1159.0,0.0,0.0,0.10267471958584987
46.0,10.0,30.0,0.1,0.075,0.2,1.0,1157.0,0.0,0.0,0.10371650821089023
46.0,10.0,31.0,0.1,0.075,0.2,1.0,1112.0,0.0,0.0,0.10611510791366907
46.0,10.0,32.0,0.1,0.075,0.2,1.0,1098.0,0.0,0.0,0.10655737704918032
46.0,10.0,33.0,0.1,0.075,0.2,1.0,1082.0,0.0,0.0,0.10628465804066543
46.0,10.0,34.0,0.1,0.075,0.2,1.0,1081.0,0.0,0.0,0.10823311748381129
46.0,10.0,35.0,0.1,0.075,0.2,1.0,1046.0,0.0,0.0,0.11089866156787763
46.0,10.0,36.0,0.1,0.075,0.2,1.0,1032.0,0.0,0.0,0.11337209302325581
46.0,10.0,37.0,0.1,0.075,0.2,1.0,1034.0,0.0,0.0,0.11218568665377177
46.0,10.0,38.0,0.1,0.075,0.2,1.0,1032.0,0.0,0.0,0.11337209302325581
46.0,10.0,39.0,0.1,0.075,0.2,1.0,1001.0,0.0,0.0,0.11488511488511488
46.0,10.0,40.0,0.1,0.075,0.2,1.0,999.0,0.0,0.0,0.11611611611611612
46.0,10.0,41.0,0.1,0.075,0.2,1.0,990.0,0.0,0.0,0.11616161616161616
46.0,10.0,42.0,0.1,0.075,0.2,1.0,975.0,0.0,0.0,0.11692307692307692
46.0,10.0,43.0,0.1,0.075,0.2,1.0,966.0,0.0,0.0,0.11697722567287784
46.0,10.0,44.0,0.1,0.075,0.2,1.0,967.0,0.0,0.0,0.11789038262668046
46.0,10.0,45.0,0.1,0.075,0.2,1.0,966.0,0.0,0.0,0.18115942028985507
46.0,10.0,46.0,0.1,0.075,0.2,1.0,943.0,0.0,0.0,0.18451749734888653
46.0,10.0,47.0,0.1,0.075,0.2,1.0,942.0,0.0,0.0,0.18365180467091294
46.0,10.0,48.0,0.1,0.075,0.2,1.0,943.0,0.0,0.0,0.18451749734888653
46.0,10.0,49.0,0.1,0.075,0.2,1.0,942.0,0.0,0.0,0.18365180467091294
46.0,10.0,50.0,0.1,0.075,0.2,1.0,942.0,0.0,0.0,0.18471337579617833
46.0,10.0,51.0,0.1,0.075,0.2,1.0,930.0,0.0,0.0,0.18387096774193548
46.0,10.0,52.0,0.1,0.075,0.2,1.0,929.0,0.0,0.0,0.18514531754574812
47.0,1.0,1.0,0.1,0.075,0.2,1.0,5083.0,46.0,7.0,0.09954751131221719
47.0,1.0,2.0,0.1,0.075,0.2,1.0,5027.0,49.0,19.0,0.1000596777402029
47.0,1.0,3.0,0.1,0.075,0.2,1.0,4991.0,62.0,25.0,0.09917852133840914
47.0,1.0,4.0,0.1,0.075,0.2,1.0,4928.0,79.0,36.0,0.09983766233766234
47.0,1.0,5.0,0.1,0.075,0.2,1.0,4954.0,88.0,36.0,0.09991925716592652
47.0,1.0,6.0,0.1,0.075,0.2,1.0,4928.0,121.0,50.0,0.10085227272727272
47.0,1.0,7.0,0.1,0.075,0.2,1.0,4809.0,146.0,50.0,0.10168434185901434
47.0,1.0,8.0,0.1,0.075,0.2,1.0,4670.0,188.0,64.0,0.10299785867237687
47.0,1.0,9.0,0.1,0.075,0.2,1.0,4461.0,206.0,74.0,0.1053575431517597
47.0,1.0,10.0,0.1,0.075,0.2,1.0,4367.0,232.0,89.0,0.1064804213418823
47.0,1.0,11.0,0.1,0.075,0.2,1.0,4238.0,241.0,98.0,0.10759792354884379
47.0,1.0,12.0,0.1,0.075,0.2,1.0,4146.0,257.0,121.0,0.1085383502170767
47.0,1.0,13.0,0.1,0.075,0.2,1.0,4050.0,276.0,131.0,0.1091358024691358
47.0,1.0,14.0,0.1,0.075,0.2,1.0,3937.0,292.0,135.0,0.1094742189484379
47.0,1.0,15.0,0.1,0.075,0.2,1.0,3801.0,275.0,123.0,0.1126019468560905
47.0,1.0,16.0,0.1,0.075,0.2,1.0,3680.0,297.0,130.0,0.11277173913043478
47.0,1.0,17.0,0.1,0.075,0.2,1.0,3564.0,298.0,135.0,0.11419753086419752
47.0,1.0,18.0,0.1,0.075,0.2,1.0,3482.0,309.0,136.0,0.11516369902354968
47.0,1.0,19.0,0.1,0.075,0.2,1.0,3359.0,315.0,135.0,0.11789222983030664
47.0,1.0,20.0,0.1,0.075,0.2,1.0,6204.0,320.0,136.0,0.06366860090264345
47.0,1.0,21.0,0.1,0.075,0.2,1.0,5819.0,367.0,140.0,0.0653033167210861
47.0,1.0,22.0,0.1,0.075,0.2,1.0,5377.0,404.0,150.0,0.06843965036265576
47.0,1.0,23.0,0.1,0.075,0.2,1.0,5068.0,426.0,170.0,0.06886345698500394
47.0,1.0,24.0,0.1,0.075,0.2,1.0,4695.0,429.0,170.0,0.07263045793397231
47.0,1.0,25.0,0.1,0.075,0.2,1.0,4498.0,458.0,190.0,0.07358826144953312
47.0,1.0,26.0,0.1,0.075,0.2,1.0,4205.0,460.0,178.0,0.07824019024970273
47.0,1.0,27.0,0.1,0.075,0.2,1.0,4019.0,499.0,197.0,0.0788753421249067
47.0,1.0,28.0,0.1,0.075,0.2,1.0,3851.0,532.0,225.0,0.08179693586081538
47.0,1.0,29.0,0.1,0.075,0.2,1.0,3692.0,594.0,245.0,0.08504875406283857
47.0,1.0,30.0,0.1,0.075,0.2,1.0,3554.0,616.0,266.0,0.08666291502532358
47.0,1.0,31.0,0.1,0.075,0.2,1.0,3355.0,621.0,282.0,0.09090909090909091
47.0,1.0,32.0,0.1,0.075,0.2,1.0,3140.0,619.0,286.0,0.09426751592356689
47.0,1.0,33.0,0.1,0.075,0.2,1.0,2959.0,599.0,294.0,0.09935789117945251
47.0,1.0,34.0,0.1,0.075,0.2,1.0,2739.0,567.0,258.0,0.10332238043081417
47.0,1.0,35.0,0.1,0.075,0.2,1.0,2584.0,568.0,269.0,0.10913312693498452
47.0,1.0,36.0,0.1,0.075,0.2,1.0,2406.0,527.0,235.0,0.11596009975062344
47.0,1.0,37.0,0.1,0.075,0.2,1.0,2302.0,522.0,245.0,0.11902693310165074
47.0,1.0,38.0,0.1,0.075,0.2,1.0,2142.0,481.0,225.0,0.1265172735760971
47.0,1.0,39.0,0.1,0.075,0.2,1.0,2012.0,449.0,233.0,0.13220675944333996
47.0,1.0,40.0,0.1,0.075,0.2,1.0,1928.0,448.0,238.0,0.13692946058091288
47.0,1.0,41.0,0.1,0.075,0.2,1.0,1795.0,412.0,224.0,0.14596100278551533
47.0,1.0,42.0,0.1,0.075,0.2,1.0,1674.0,361.0,207.0,0.15651135005973715
47.0,1.0,43.0,0.1,0.075,0.2,1.0,1550.0,301.0,167.0,0.16838709677419356
47.0,1.0,44.0,0.1,0.075,0.2,1.0,1472.0,278.0,155.0,0.17391304347826086
47.0,1.0,45.0,0.1,0.075,0.2,1.0,1369.0,238.0,122.0,0.2483564645726808
47.0,1.0,46.0,0.1,0.075,0.2,1.0,1303.0,212.0,113.0,0.2555640828856485
47.0,1.0,47.0,0.1,0.075,0.2,1.0,1249.0,188.0,107.0,0.2642113690952762
47.0,1.0,48.0,0.1,0.075,0.2,1.0,1186.0,161.0,82.0,0.2740303541315346
47.0,1.0,49.0,0.1,0.075,0.2,1.0,1133.0,141.0,80.0,0.2797881729920565
47.0,1.0,50.0,0.1,0.075,0.2,1.0,1086.0,125.0,69.0,0.2900552486187845
47.0,1.0,51.0,0.1,0.075,0.2,1.0,1056.0,122.0,80.0,0.2935606060606061
47.0,1.0,52.0,0.1,0.075,0.2,1.0,1019.0,105.0,64.0,0.30323846908734053
47.0,2.0,1.0,0.1,0.075,0.2,1.0,985.0,88.0,51.0,0.31065989847715736
47.0,2.0,2.0,0.1,0.075,0.2,1.0,956.0,68.0,40.0,0.3200836820083682
47.0,2.0,3.0,0.1,0.075,0.2,1.0,926.0,59.0,31.0,0.32937365010799136
47.0,2.0,4.0,0.1,0.075,0.2,1.0,913.0,55.0,29.0,0.33187294633077763
47.0,2.0,5.0,0.1,0.075,0.2,1.0,892.0,42.0,22.0,0.33856502242152464
47.0,2.0,6.0,0.1,0.075,0.2,1.0,885.0,36.0,24.0,0.34124293785310733
47.0,2.0,7.0,0.1,0.075,0.2,1.0,869.0,31.0,25.0,0.3429228998849252
47.0,2.0,8.0,0.1,0.075,0.2,1.0,860.0,25.0,18.0,0.34767441860465115
47.0,2.0,9.0,0.1,0.075,0.2,1.0,838.0,17.0,10.0,0.3496420047732697
47.0,2.0,10.0,0.1,0.075,0.2,1.0,827.0,12.0,6.0,0.35308343409915355
47.0,2.0,11.0,0.1,0.075,0.2,1.0,817.0,13.0,9.0,0.35495716034271724
47.0,2.0,12.0,0.1,0.075,0.2,1.0,809.0,13.0,8.0,0.3522867737948084
47.0,2.0,13.0,0.1,0.075,0.2,1.0,803.0,12.0,6.0,0.35367372353673726
47.0,2.0,14.0,0.1,0.075,0.2,1.0,797.0,11.0,4.0,0.35257214554579674
47.0,2.0,15.0,0.1,0.075,0.2,1.0,787.0,10.0,6.0,0.3519695044472681
47.0,2.0,16.0,0.1,0.075,0.2,1.0,789.0,9.0,7.0,0.35361216730038025
47.0,2.0,17.0,0.1,0.075,0.2,1.0,775.0,7.0,6.0,0.3548387096774194
47.0,2.0,18.0,0.1,0.075,0.2,1.0,771.0,5.0,4.0,0.35667963683527887
47.0,2.0,19.0,0.1,0.075,0.2,1.0,759.0,3.0,2.0,0.3570487483530962
47.0,2.0,20.0,0.1,0.075,0.2,1.0,1329.0,3.0,1.0,0.20090293453724606
47.0,2.0,21.0,0.1,0.075,0.2,1.0,1285.0,2.0,0.0,0.20077821011673153
47.0,2.0,22.0,0.1,0.075,0.2,1.0,1230.0,2.0,0.0,0.2040650406504065
47.0,2.0,23.0,0.1,0.075,0.2,1.0,1208.0,0.0,0.0,0.20860927152317882
47.0,2.0,24.0,0.1,0.075,0.2,1.0,1202.0,0.0,0.0,0.2079866888519135
47.0,2.0,25.0,0.1,0.075,0.2,1.0,1176.0,0.0,0.0,0.2100340136054422
47.0,2.0,26.0,0.1,0.075,0.2,1.0,1166.0,0.0,0.0,0.20926243567753003
47.0,2.0,27.0,0.1,0.075,0.2,1.0,1139.0,0.0,0.0,0.21071115013169447
47.0,2.0,28.0,0.1,0.075,0.2,1.0,1122.0,0.0,0.0,0.21122994652406418
47.0,2.0,29.0,0.1,0.075,0.2,1.0,1098.0,0.0,0.0,0.21311475409836064
47.0,2.0,30.0,0.1,0.075,0.2,1.0,1077.0,0.0,0.0,0.2135561745589601
47.0,2.0,31.0,0.1,0.075,0.2,1.0,1058.0,0.0,0.0,0.21455576559546313
47.0,2.0,32.0,0.1,0.075,0.2,1.0,1043.0,0.0,0.0,0.21476510067114093
47.0,2.0,33.0,0.1,0.075,0.2,1.0,1025.0,0.0,0.0,0.21365853658536585
47.0,2.0,34.0,0.1,0.075,0.2,1.0,1006.0,0.0,0.0,0.21570576540755468
47.0,2.0,35.0,0.1,0.075,0.2,1.0,1004.0,0.0,0.0,0.2151394422310757
47.0,2.0,36.0,0.1,0.075,0.2,1.0,982.0,0.0,0.0,0.21384928716904278
47.0,2.0,37.0,0.1,0.075,0.2,1.0,962.0,0.0,0.0,0.20997920997921
47.0,2.0,38.0,0.1,0.075,0.2,1.0,944.0,0.0,0.0,0.2108050847457627
47.0,2.0,39.0,0.1,0.075,0.2,1.0,944.0,0.0,0.0,0.211864406779661
47.0,2.0,40.0,0.1,0.075,0.2,1.0,923.0,0.0,0.0,0.2112676056338028
47.0,2.0,41.0,0.1,0.075,0.2,1.0,918.0,0.0,0.0,0.21350762527233116
47.0,2.0,42.0,0.1,0.075,0.2,1.0,914.0,0.0,0.0,0.2111597374179431
47.0,2.0,43.0,0.1,0.075,0.2,1.0,900.0,0.0,0.0,0.2088888888888889
47.0,2.0,44.0,0.1,0.075,0.2,1.0,890.0,0.0,0.0,0.20674157303370785
47.0,2.0,45.0,0.1,0.075,0.2,1.0,863.0,0.0,0.0,0.2572421784472769
47.0,2.0,46.0,0.1,0.075,0.2,1.0,862.0,0.0,0.0,0.25638051044083526
47.0,2.0,47.0,0.1,0.075,0.2,1.0,856.0,0.0,0.0,0.2570093457943925
47.0,2.0,48.0,0.1,0.075,0.2,1.0,851.0,0.0,0.0,0.25499412455934195
47.0,2.0,49.0,0.1,0.075,0.2,1.0,830.0,0.0,0.0,0.25783132530120484
47.0,2.0,50.0,0.1,0.075,0.2,1.0,821.0,0.0,0.0,0.2570036540803898
47.0,2.0,51.0,0.1,0.075,0.2,1.0,812.0,0.0,0.0,0.25738916256157635
47.0,2.0,52.0,0.1,0.075,0.2,1.0,809.0,0.0,0.0,0.25710754017305315
47.0,3.0,1.0,0.1,0.075,0.2,1.0,801.0,0.0,0.0,0.25593008739076156
47.0,3.0,2.0,0.1,0.075,0.2,1.0,800.0,0.0,0.0,0.25375
47.0,3.0,3.0,0.1,0.075,0.2,1.0,782.0,0.0,0.0,0.2506393861892583
47.0,3.0,4.0,0.1,0.075,0.2,1.0,780.0,0.0,0.0,0.24871794871794872
47.0,3.0,5.0,0.1,0.075,0.2,1.0,775.0,0.0,0.0,0.24903225806451612
47.0,3.0,6.0,0.1,0.075,0.2,1.0,771.0,0.0,0.0,0.24773022049286642
47.0,3.0,7.0,0.1,0.075,0.2,1.0,751.0,0.0,0.0,0.24766977363515313
47.0,3.0,8.0,0.1,0.075,0.2,1.0,754.0,0.0,0.0,0.2480106100795756
47.0,3.0,9.0,0.1,0.075,0.2,1.0,748.0,0.0,0.0,0.24866310160427807
47.0,3.0,10.0,0.1,0.075,0.2,1.0,742.0,0.0,0.0,0.24663072776280323
47.0,3.0,11.0,0.1,0.075,0.2,1.0,736.0,0.0,0.0,0.25
47.0,3.0,12.0,0.1,0.075,0.2,1.0,730.0,0.0,0.0,0.2493150684931507
47.0,3.0,13.0,0.1,0.075,0.2,1.0,726.0,0.0,0.0,0.2493112947658402
47.0,3.0,14.0,0.1,0.075,0.2,1.0,714.0,0.0,0.0,0.24789915966386555
47.0,3.0,15.0,0.1,0.075,0.2,1.0,710.0,0.0,0.0,0.24929577464788732
47.0,3.0,16.0,0.1,0.075,0.2,1.0,702.0,0.0,0.0,0.24643874643874644
47.0,3.0,17.0,0.1,0.075,0.2,1.0,699.0,0.0,0.0,0.24606580829756797
47.0,3.0,18.0,0.1,0.075,0.2,1.0,696.0,0.0,0.0,0.2413793103448276
47.0,3.0,19.0,0.1,0.075,0.2,1.0,692.0,0.0,0.0,0.24277456647398843
47.0,3.0,20.0,0.1,0.075,0.2,1.0,1238.0,0.0,0.0,0.13489499192245558
47.0,3.0,21.0,0.1,0.075,0.2,1.0,1220.0,0.0,0.0,0.13442622950819672
47.0,3.0,22.0,0.1,0.075,0.2,1.0,1191.0,0.0,0.0,0.1351805205709488
47.0,3.0,23.0,0.1,0.075,0.2,1.0,1116.0,0.0,0.0,0.14068100358422939
47.0,3.0,24.0,0.1,0.075,0.2,1.0,1051.0,0.0,0.0,0.1455756422454805
47.0,3.0,25.0,0.1,0.075,0.2,1.0,1044.0,0.0,0.0,0.1475095785440613
47.0,3.0,26.0,0.1,0.075,0.2,1.0,1015.0,0.0,0.0,0.14482758620689656
47.0,3.0,27.0,0.1,0.075,0.2,1.0,1016.0,0.0,0.0,0.14566929133858267
47.0,3.0,28.0,0.1,0.075,0.2,1.0,997.0,0.0,0.0,0.1444332998996991
47.0,3.0,29.0,0.1,0.075,0.2,1.0,979.0,0.0,0.0,0.13993871297242083
47.0,3.0,30.0,0.1,0.075,0.2,1.0,958.0,0.0,0.0,0.13987473903966596
47.0,3.0,31.0,0.1,0.075,0.2,1.0,949.0,0.0,0.0,0.1422550052687039
47.0,3.0,32.0,0.1,0.075,0.2,1.0,918.0,0.0,0.0,0.1394335511982571
47.0,3.0,33.0,0.1,0.075,0.2,1.0,914.0,0.0,0.0,0.1400437636761488
47.0,3.0,34.0,0.1,0.075,0.2,1.0,899.0,0.0,0.0,0.13904338153503892
47.0,3.0,35.0,0.1,0.075,0.2,1.0,895.0,0.0,0.0,0.13854748603351955
47.0,3.0,36.0,0.1,0.075,0.2,1.0,893.0,0.0,0.0,0.1366181410974244
47.0,3.0,37.0,0.1,0.075,0.2,1.0,870.0,0.0,0.0,0.13908045977011493
47.0,3.0,38.0,0.1,0.075,0.2,1.0,839.0,0.0,0.0,0.13706793802145412
47.0,3.0,39.0,0.1,0.075,0.2,1.0,796.0,0.0,0.0,0.1407035175879397
47.0,3.0,40.0,0.1,0.075,0.2,1.0,781.0,0.0,0.0,0.14212548015364918
47.0,3.0,41.0,0.1,0.075,0.2,1.0,763.0,0.0,0.0,0.1402359108781127
47.0,3.0,42.0,0.1,0.075,0.2,1.0,756.0,0.0,0.0,0.1402116402116402
47.0,3.0,43.0,0.1,0.075,0.2,1.0,737.0,0.0,0.0,0.13975576662143827
47.0,3.0,44.0,0.1,0.075,0.2,1.0,731.0,0.0,0.0,0.13953488372093023
47.0,3.0,45.0,0.1,0.075,0.2,1.0,725.0,0.0,0.0,0.2110344827586207
47.0,3.0,46.0,0.1,0.075,0.2,1.0,721.0,0.0,0.0,0.20943134535367544
47.0,3.0,47.0,0.1,0.075,0.2,1.0,713.0,0.0,0.0,0.21037868162692847
47.0,3.0,48.0,0.1,0.075,0.2,1.0,707.0,0.0,0.0,0.20933521923620935
47.0,3.0,49.0,0.1,0.075,0.2,1.0,691.0,0.0,0.0,0.21128798842257598
47.0,3.0,50.0,0.1,0.075,0.2,1.0,694.0,0.0,0.0,0.21037463976945245
47.0,3.0,51.0,0.1,0.075,0.2,1.0,687.0,0.0,0.0,0.21251819505094613
47.0,3.0,52.0,0.1,0.075,0.2,1.0,683.0,0.0,0.0,0.212298682284041
47.0,4.0,1.0,0.1,0.075,0.2,1.0,680.0,0.0,0.0,0.21470588235294116
47.0,4.0,2.0,0.1,0.075,0.2,1.0,674.0,0.0,0.0,0.21216617210682492
47.0,4.0,3.0,0.1,0.075,0.2,1.0,676.0,0.0,0.0,0.21449704142011836
47.0,4.0,4.0,0.1,0.075,0.2,1.0,655.0,0.0,0.0,0.21374045801526717
47.0,4.0,5.0,0.1,0.075,0.2,1.0,654.0,0.0,0.0,0.21559633027522937
47.0,4.0,6.0,0.1,0.075,0.2,1.0,651.0,0.0,0.0,0.21351766513056836
47.0,4.0,7.0,0.1,0.075,0.2,1.0,639.0,0.0,0.0,0.21752738654147105
47.0,4.0,8.0,0.1,0.075,0.2,1.0,634.0,0.0,0.0,0.21608832807570977
47.0,4.0,9.0,0.1,0.075,0.2,1.0,633.0,0.0,0.0,0.21642969984202212
47.0,4.0,10.0,0.1,0.075,0.2,1.0,627.0,0.0,0.0,0.215311004784689
47.0,4.0,11.0,0.1,0.075,0.2,1.0,626.0,0.0,0.0,0.21884984025559107
47.0,4.0,12.0,0.1,0.075,0.2,1.0,619.0,0.0,0.0,0.21809369951534732
47.0,4.0,13.0,0.1,0.075,0.2,1.0,620.0,0.0,0.0,0.22096774193548388
47.0,4.0,14.0,0.1,0.075,0.2,1.0,614.0,0.0,0.0,0.21661237785016288
47.0,4.0,15.0,0.1,0.075,0.2,1.0,611.0,0.0,0.0,0.2176759410801964
47.0,4.0,16.0,0.1,0.075,0.2,1.0,608.0,0.0,0.0,0.21546052631578946
47.0,4.0,17.0,0.1,0.075,0.2,1.0,608.0,0.0,0.0,0.21875
47.0,4.0,18.0,0.1,0.075,0.2,1.0,602.0,0.0,0.0,0.21760797342192692
47.0,4.0,19.0,0.1,0.075,0.2,1.0,606.0,0.0,0.0,0.21947194719471946
47.0,4.0,20.0,0.1,0.075,0.2,1.0,1080.0,0.0,0.0,0.11574074074074074
47.0,4.0,21.0,0.1,0.075,0.2,1.0,1071.0,0.0,0.0,0.11858076563958916
47.0,4.0,22.0,0.1,0.075,0.2,1.0,1039.0,0.0,0.0,0.11838306063522618
47.0,4.0,23.0,0.1,0.075,0.2,1.0,1011.0,0.0,0.0,0.12166172106824925
47.0,4.0,24.0,0.1,0.075,0.2,1.0,1008.0,0.0,0.0,0.12003968253968254
47.0,4.0,25.0,0.1,0.075,0.2,1.0,993.0,0.0,0.0,0.1228600201409869
47.0,4.0,26.0,0.1,0.075,0.2,1.0,947.0,0.0,0.0,0.1246040126715945
47.0,4.0,27.0,0.1,0.075,0.2,1.0,936.0,0.0,0.0,0.12713675213675213
47.0,4.0,28.0,0.1,0.075,0.2,1.0,926.0,0.0,0.0,0.12419006479481641
47.0,4.0,29.0,0.1,0.075,0.2,1.0,908.0,0.0,0.0,0.12334801762114538
47.0,4.0,30.0,0.1,0.075,0.2,1.0,890.0,0.0,0.0,0.12247191011235956
47.0,4.0,31.0,0.1,0.075,0.2,1.0,856.0,0.0,0.0,0.125
47.0,4.0,32.0,0.1,0.075,0.2,1.0,825.0,0.0,0.0,0.12606060606060607
47.0,4.0,33.0,0.1,0.075,0.2,1.0,809.0,0.0,0.0,0.1260815822002472
47.0,4.0,34.0,0.1,0.075,0.2,1.0,798.0,0.0,0.0,0.12531328320802004
47.0,4.0,35.0,0.1,0.075,0.2,1.0,786.0,0.0,0.0,0.1272264631043257
47.0,4.0,36.0,0.1,0.075,0.2,1.0,788.0,0.0,0.0,0.12563451776649745
47.0,4.0,37.0,0.1,0.075,0.2,1.0,776.0,0.0,0.0,0.12628865979381443
47.0,4.0,38.0,0.1,0.075,0.2,1.0,763.0,0.0,0.0,0.127129750982962
47.0,4.0,39.0,0.1,0.075,0.2,1.0,764.0,0.0,0.0,0.1256544502617801
47.0,4.0,40.0,0.1,0.075,0.2,1.0,766.0,0.0,0.0,0.12532637075718014
47.0,4.0,41.0,0.1,0.075,0.2,1.0,762.0,0.0,0.0,0.12598425196850394
47.0,4.0,42.0,0.1,0.075,0.2,1.0,749.0,0.0,0.0,0.12416555407209613
47.0,4.0,43.0,0.1,0.075,0.2,1.0,748.0,0.0,0.0,0.12433155080213903
47.0,4.0,44.0,0.1,0.075,0.2,1.0,738.0,0.0,0.0,0.12466124661246612
47.0,4.0,45.0,0.1,0.075,0.2,1.0,719.0,0.0,0.0,0.19193324061196107
47.0,4.0,46.0,0.1,0.075,0.2,1.0,705.0,0.0,0.0,0.19148936170212766
47.0,4.0,47.0,0.1,0.075,0.2,1.0,702.0,0.0,0.0,0.1908831908831909
47.0,4.0,48.0,0.1,0.075,0.2,1.0,700.0,0.0,0.0,0.19142857142857142
47.0,4.0,49.0,0.1,0.075,0.2,1.0,701.0,0.0,0.0,0.19115549215406563
47.0,4.0,50.0,0.1,0.075,0.2,1.0,692.0,0.0,0.0,0.1936416184971098
47.0,4.0,51.0,0.1,0.075,0.2,1.0,688.0,0.0,0.0,0.18895348837209303
47.0,4.0,52.0,0.1,0.075,0.2,1.0,679.0,0.0,0.0,0.18998527245949925
47.0,5.0,1.0,0.1,0.075,0.2,1.0,682.0,0.0,0.0,0.18914956011730205
47.0,5.0,2.0,0.1,0.075,0.2,1.0,677.0,0.0,0.0,0.18759231905465287
47.0,5.0,3.0,0.1,0.075,0.2,1.0,669.0,0.0,0.0,0.18834080717488788
47.0,5.0,4.0,0.1,0.075,0.2,1.0,663.0,0.0,0.0,0.1885369532428356
47.0,5.0,5.0,0.1,0.075,0.2,1.0,665.0,0.0,0.0,0.18646616541353384
47.0,5.0,6.0,0.1,0.075,0.2,1.0,660.0,0.0,0.0,0.18636363636363637
47.0,5.0,7.0,0.1,0.075,0.2,1.0,661.0,0.0,0.0,0.18456883509833585
47.0,5.0,8.0,0.1,0.075,0.2,1.0,643.0,0.0,0.0,0.18662519440124417
47.0,5.0,9.0,0.1,0.075,0.2,1.0,644.0,0.0,0.0,0.18633540372670807
47.0,5.0,10.0,0.1,0.075,0.2,1.0,637.0,0.0,0.0,0.18681318681318682
47.0,5.0,11.0,0.1,0.075,0.2,1.0,634.0,0.0,0.0,0.1829652996845426
47.0,5.0,12.0,0.1,0.075,0.2,1.0,607.0,0.0,0.0,0.1812191103789127
47.0,5.0,13.0,0.1,0.075,0.2,1.0,605.0,0.0,0.0,0.18181818181818182
47.0,5.0,14.0,0.1,0.075,0.2,1.0,599.0,0.0,0.0,0.18196994991652754
47.0,5.0,15.0,0.1,0.075,0.2,1.0,602.0,0.0,0.0,0.18106312292358803
47.0,5.0,16.0,0.1,0.075,0.2,1.0,591.0,0.0,0.0,0.18274111675126903
47.0,5.0,17.0,0.1,0.075,0.2,1.0,595.0,0.0,0.0,0.1815126050420168
47.0,5.0,18.0,0.1,0.075,0.2,1.0,590.0,0.0,0.0,0.18135593220338983
47.0,5.0,19.0,0.1,0.075,0.2,1.0,594.0,0.0,0.0,0.18013468013468015
47.0,5.0,20.0,0.1,0.075,0.2,1.0,1142.0,0.0,0.0,0.09281961471103327
47.0,5.0,21.0,0.1,0.075,0.2,1.0,1118.0,0.0,0.0,0.09391771019677997
47.0,5.0,22.0,0.1,0.075,0.2,1.0,1101.0,0.0,0.0,0.09445958219800181
47.0,5.0,23.0,0.1,0.075,0.2,1.0,1102.0,0.0,0.0,0.09437386569872959
47.0,5.0,24.0,0.1,0.075,0.2,1.0,1044.0,0.0,0.0,0.09770114942528736
47.0,5.0,25.0,0.1,0.075,0.2,1.0,1047.0,0.0,0.0,0.09742120343839542
47.0,5.0,26.0,0.1,0.075,0.2,1.0,1000.0,0.0,0.0,0.099
47.0,5.0,27.0,0.1,0.075,0.2,1.0,983.0,0.0,0.0,0.1017293997965412
47.0,5.0,28.0,0.1,0.075,0.2,1.0,977.0,0.0,0.0,0.10133060388945753
47.0,5.0,29.0,0.1,0.075,0.2,1.0,979.0,0.0,0.0,0.10010214504596528
47.0,5.0,30.0,0.1,0.075,0.2,1.0,940.0,0.0,0.0,0.10319148936170212
47.0,5.0,31.0,0.1,0.075,0.2,1.0,944.0,0.0,0.0,0.1027542372881356
47.0,5.0,32.0,0.1,0.075,0.2,1.0,914.0,0.0,0.0,0.10065645514223195
47.0,5.0,33.0,0.1,0.075,0.2,1.0,905.0,0.0,0.0,0.1005524861878453
47.0,5.0,34.0,0.1,0.075,0.2,1.0,904.0,0.0,0.0,0.1006637168141593
47.0,5.0,35.0,0.1,0.075,0.2,1.0,877.0,0.0,0.0,0.10262257696693272
47.0,5.0,36.0,0.1,0.075,0.2,1.0,864.0,0.0,0.0,0.10416666666666667
47.0,5.0,37.0,0.1,0.075,0.2,1.0,864.0,0.0,0.0,0.10416666666666667
47.0,5.0,38.0,0.1,0.075,0.2,1.0,832.0,0.0,0.0,0.1045673076923077
47.0,5.0,39.0,0.1,0.075,0.2,1.0,831.0,0.0,0.0,0.10469314079422383
47.0,5.0,40.0,0.1,0.075,0.2,1.0,821.0,0.0,0.0,0.10353227771010962
47.0,5.0,41.0,0.1,0.075,0.2,1.0,782.0,0.0,0.0,0.10613810741687979
47.0,5.0,42.0,0.1,0.075,0.2,1.0,788.0,0.0,0.0,0.10532994923857868
47.0,5.0,43.0,0.1,0.075,0.2,1.0,768.0,0.0,0.0,0.10546875
47.0,5.0,44.0,0.1,0.075,0.2,1.0,765.0,0.0,0.0,0.10588235294117647
47.0,5.0,45.0,0.1,0.075,0.2,1.0,742.0,0.0,0.0,0.18463611859838275
47.0,5.0,46.0,0.1,0.075,0.2,1.0,725.0,0.0,0.0,0.18068965517241378
47.0,5.0,47.0,0.1,0.075,0.2,1.0,696.0,0.0,0.0,0.1839080459770115
47.0,5.0,48.0,0.1,0.075,0.2,1.0,696.0,0.0,0.0,0.1839080459770115
47.0,5.0,49.0,0.1,0.075,0.2,1.0,689.0,0.0,0.0,0.18287373004354138
47.0,5.0,50.0,0.1,0.075,0.2,1.0,694.0,0.0,0.0,0.1829971181556196
47.0,5.0,51.0,0.1,0.075,0.2,1.0,684.0,0.0,0.0,0.18567251461988304
47.0,5.0,52.0,0.1,0.075,0.2,1.0,688.0,0.0,0.0,0.18459302325581395
47.0,6.0,1.0,0.1,0.075,0.2,1.0,677.0,0.0,0.0,0.1861152141802068
47.0,6.0,2.0,0.1,0.075,0.2,1.0,678.0,0.0,0.0,0.18436578171091444
47.0,6.0,3.0,0.1,0.075,0.2,1.0,672.0,0.0,0.0,0.18601190476190477
47.0,6.0,4.0,0.1,0.075,0.2,1.0,677.0,0.0,0.0,0.18463810930576072
47.0,6.0,5.0,0.1,0.075,0.2,1.0,670.0,0.0,0.0,0.18507462686567164
47.0,6.0,6.0,0.1,0.075,0.2,1.0,670.0,0.0,0.0,0.18507462686567164
47.0,6.0,7.0,0.1,0.075,0.2,1.0,646.0,0.0,0.0,0.18885448916408668
47.0,6.0,8.0,0.1,0.075,0.2,1.0,644.0,0.0,0.0,0.18788819875776397
47.0,6.0,9.0,0.1,0.075,0.2,1.0,635.0,0.0,0.0,0.1858267716535433
47.0,6.0,10.0,0.1,0.075,0.2,1.0,636.0,0.0,0.0,0.18553459119496854
47.0,6.0,11.0,0.1,0.075,0.2,1.0,628.0,0.0,0.0,0.18471337579617833
47.0,6.0,12.0,0.1,0.075,0.2,1.0,630.0,0.0,0.0,0.18571428571428572
47.0,6.0,13.0,0.1,0.075,0.2,1.0,611.0,0.0,0.0,0.18330605564648117
47.0,6.0,14.0,0.1,0.075,0.2,1.0,608.0,0.0,0.0,0.18585526315789475
47.0,6.0,15.0,0.1,0.075,0.2,1.0,602.0,0.0,0.0,0.18438538205980065
47.0,6.0,16.0,0.1,0.075,0.2,1.0,603.0,0.0,0.0,0.1857379767827529
47.0,6.0,17.0,0.1,0.075,0.2,1.0,599.0,0.0,0.0,0.18363939899833054
47.0,6.0,18.0,0.1,0.075,0.2,1.0,589.0,0.0,0.0,0.1833616298811545
47.0,6.0,19.0,0.1,0.075,0.2,1.0,585.0,0.0,0.0,0.1829059829059829
47.0,6.0,20.0,0.1,0.075,0.2,1.0,1069.0,0.0,0.0,0.10009354536950421
47.0,6.0,21.0,0.1,0.075,0.2,1.0,1022.0,0.0,0.0,0.10273972602739725
47.0,6.0,22.0,0.1,0.075,0.2,1.0,947.0,0.0,0.0,0.10876451953537487
47.0,6.0,23.0,0.1,0.075,0.2,1.0,916.0,0.0,0.0,0.1091703056768559
47.0,6.0,24.0,0.1,0.075,0.2,1.0,921.0,0.0,0.0,0.10966340933767643
47.0,6.0,25.0,0.1,0.075,0.2,1.0,903.0,0.0,0.0,0.10852713178294573
47.0,6.0,26.0,0.1,0.075,0.2,1.0,875.0,0.0,0.0,0.11314285714285714
47.0,6.0,27.0,0.1,0.075,0.2,1.0,859.0,0.0,0.0,0.1140861466821886
47.0,6.0,28.0,0.1,0.075,0.2,1.0,848.0,0.0,0.0,0.11438679245283019
47.0,6.0,29.0,0.1,0.075,0.2,1.0,836.0,0.0,0.0,0.11483253588516747
47.0,6.0,30.0,0.1,0.075,0.2,1.0,836.0,0.0,0.0,0.11602870813397129
47.0,6.0,31.0,0.1,0.075,0.2,1.0,805.0,0.0,0.0,0.11677018633540373
47.0,6.0,32.0,0.1,0.075,0.2,1.0,790.0,0.0,0.0,0.11518987341772152
47.0,6.0,33.0,0.1,0.075,0.2,1.0,779.0,0.0,0.0,0.11553273427471117
47.0,6.0,34.0,0.1,0.075,0.2,1.0,772.0,0.0,0.0,0.11658031088082901
47.0,6.0,35.0,0.1,0.075,0.2,1.0,773.0,0.0,0.0,0.11384217335058215
47.0,6.0,36.0,0.1,0.075,0.2,1.0,769.0,0.0,0.0,0.11703511053315994
47.0,6.0,37.0,0.1,0.075,0.2,1.0,771.0,0.0,0.0,0.11543450064850844
47.0,6.0,38.0,0.1,0.075,0.2,1.0,766.0,0.0,0.0,0.1174934725848564
47.0,6.0,39.0,0.1,0.075,0.2,1.0,759.0,0.0,0.0,0.11725955204216074
47.0,6.0,40.0,0.1,0.075,0.2,1.0,749.0,0.0,0.0,0.11882510013351134
47.0,6.0,41.0,0.1,0.075,0.2,1.0,751.0,0.0,0.0,0.11584553928095873
47.0,6.0,42.0,0.1,0.075,0.2,1.0,716.0,0.0,0.0,0.11731843575418995
47.0,6.0,43.0,0.1,0.075,0.2,1.0,726.0,0.0,0.0,0.11570247933884298
47.0,6.0,44.0,0.1,0.075,0.2,1.0,712.0,0.0,0.0,0.11797752808988764
47.0,6.0,45.0,0.1,0.075,0.2,1.0,711.0,0.0,0.0,0.1828410689170183
47.0,6.0,46.0,0.1,0.075,0.2,1.0,690.0,0.0,0.0,0.18840579710144928
47.0,6.0,47.0,0.1,0.075,0.2,1.0,678.0,0.0,0.0,0.1873156342182891
47.0,6.0,48.0,0.1,0.075,0.2,1.0,668.0,0.0,0.0,0.19011976047904192
47.0,6.0,49.0,0.1,0.075,0.2,1.0,665.0,0.0,0.0,0.1849624060150376
47.0,6.0,50.0,0.1,0.075,0.2,1.0,643.0,0.0,0.0,0.18818040435458788
47.0,6.0,51.0,0.1,0.075,0.2,1.0,645.0,0.0,0.0,0.18449612403100776
47.0,6.0,52.0,0.1,0.075,0.2,1.0,626.0,0.0,0.0,0.18849840255591055
47.0,7.0,1.0,0.1,0.075,0.2,1.0,631.0,0.0,0.0,0.18541996830427893
47.0,7.0,2.0,0.1,0.075,0.2,1.0,625.0,0.0,0.0,0.1888
47.0,7.0,3.0,0.1,0.075,0.2,1.0,630.0,0.0,0.0,0.18571428571428572
47.0,7.0,4.0,0.1,0.075,0.2,1.0,625.0,0.0,0.0,0.1888
47.0,7.0,5.0,0.1,0.075,0.2,1.0,629.0,0.0,0.0,0.18600953895071543
47.0,7.0,6.0,0.1,0.075,0.2,1.0,624.0,0.0,0.0,0.1875
47.0,7.0,7.0,0.1,0.075,0.2,1.0,611.0,0.0,0.0,0.18166939443535188
47.0,7.0,8.0,0.1,0.075,0.2,1.0,606.0,0.0,0.0,0.18646864686468648
47.0,7.0,9.0,0.1,0.075,0.2,1.0,605.0,0.0,0.0,0.1834710743801653
47.0,7.0,10.0,0.1,0.075,0.2,1.0,601.0,0.0,0.0,0.18635607321131448
47.0,7.0,11.0,0.1,0.075,0.2,1.0,600.0,0.0,0.0,0.18333333333333332
47.0,7.0,12.0,0.1,0.075,0.2,1.0,594.0,0.0,0.0,0.18686868686868688
47.0,7.0,13.0,0.1,0.075,0.2,1.0,582.0,0.0,0.0,0.17869415807560138
47.0,7.0,14.0,0.1,0.075,0.2,1.0,578.0,0.0,0.0,0.17993079584775087
47.0,7.0,15.0,0.1,0.075,0.2,1.0,575.0,0.0,0.0,0.17565217391304347
47.0,7.0,16.0,0.1,0.075,0.2,1.0,557.0,0.0,0.0,0.17953321364452424
47.0,7.0,17.0,0.1,0.075,0.2,1.0,559.0,0.0,0.0,0.1771019677996422
47.0,7.0,18.0,0.1,0.075,0.2,1.0,556.0,0.0,0.0,0.17985611510791366
47.0,7.0,19.0,0.1,0.075,0.2,1.0,558.0,0.0,0.0,0.1774193548387097
47.0,7.0,20.0,0.1,0.075,0.2,1.0,1025.0,0.0,0.0,0.0975609756097561
47.0,7.0,21.0,0.1,0.075,0.2,1.0,994.0,0.0,0.0,0.09557344064386318
47.0,7.0,22.0,0.1,0.075,0.2,1.0,957.0,0.0,0.0,0.09926854754440961
47.0,7.0,23.0,0.1,0.075,0.2,1.0,962.0,0.0,0.0,0.09771309771309772
47.0,7.0,24.0,0.1,0.075,0.2,1.0,900.0,0.0,0.0,0.10444444444444445
47.0,7.0,25.0,0.1,0.075,0.2,1.0,896.0,0.0,0.0,0.10044642857142858
47.0,7.0,26.0,0.1,0.075,0.2,1.0,851.0,0.0,0.0,0.10340775558166862
47.0,7.0,27.0,0.1,0.075,0.2,1.0,861.0,0.0,0.0,0.10104529616724739
47.0,7.0,28.0,0.1,0.075,0.2,1.0,838.0,0.0,0.0,0.10381861575178998
47.0,7.0,29.0,0.1,0.075,0.2,1.0,825.0,0.0,0.0,0.1006060606060606
47.0,7.0,30.0,0.1,0.075,0.2,1.0,815.0,0.0,0.0,0.10306748466257669
47.0,7.0,31.0,0.1,0.075,0.2,1.0,811.0,0.0,0.0,0.10234278668310727
47.0,7.0,32.0,0.1,0.075,0.2,1.0,763.0,0.0,0.0,0.10615989515072084
47.0,7.0,33.0,0.1,0.075,0.2,1.0,771.0,0.0,0.0,0.10246433203631647
47.0,7.0,34.0,0.1,0.075,0.2,1.0,750.0,0.0,0.0,0.10533333333333333
47.0,7.0,35.0,0.1,0.075,0.2,1.0,738.0,0.0,0.0,0.10298102981029811
47.0,7.0,36.0,0.1,0.075,0.2,1.0,718.0,0.0,0.0,0.10306406685236769
47.0,7.0,37.0,0.1,0.075,0.2,1.0,729.0,0.0,0.0,0.102880658436214
47.0,7.0,38.0,0.1,0.075,0.2,1.0,717.0,0.0,0.0,0.10320781032078104
47.0,7.0,39.0,0.1,0.075,0.2,1.0,726.0,0.0,0.0,0.10330578512396695
47.0,7.0,40.0,0.1,0.075,0.2,1.0,715.0,0.0,0.0,0.1034965034965035
47.0,7.0,41.0,0.1,0.075,0.2,1.0,724.0,0.0,0.0,0.10359116022099447
47.0,7.0,42.0,0.1,0.075,0.2,1.0,695.0,0.0,0.0,0.10359712230215827
47.0,7.0,43.0,0.1,0.075,0.2,1.0,694.0,0.0,0.0,0.1037463976945245
47.0,7.0,44.0,0.1,0.075,0.2,1.0,658.0,0.0,0.0,0.10638297872340426
47.0,7.0,45.0,0.1,0.075,0.2,1.0,629.0,0.0,0.0,0.16534181240063592
47.0,7.0,46.0,0.1,0.075,0.2,1.0,620.0,0.0,0.0,0.16612903225806452
47.0,7.0,47.0,0.1,0.075,0.2,1.0,610.0,0.0,0.0,0.16557377049180327
47.0,7.0,48.0,0.1,0.075,0.2,1.0,600.0,0.0,0.0,0.16666666666666666
47.0,7.0,49.0,0.1,0.075,0.2,1.0,608.0,0.0,0.0,0.16611842105263158
47.0,7.0,50.0,0.1,0.075,0.2,1.0,601.0,0.0,0.0,0.16638935108153077
47.0,7.0,51.0,0.1,0.075,0.2,1.0,600.0,0.0,0.0,0.16666666666666666
47.0,7.0,52.0,0.1,0.075,0.2,1.0,591.0,0.0,0.0,0.16751269035532995
47.0,8.0,1.0,0.1,0.075,0.2,1.0,596.0,0.0,0.0,0.16778523489932887
47.0,8.0,2.0,0.1,0.075,0.2,1.0,589.0,0.0,0.0,0.16808149405772496
47.0,8.0,3.0,0.1,0.075,0.2,1.0,580.0,0.0,0.0,0.1706896551724138
47.0,8.0,4.0,0.1,0.075,0.2,1.0,571.0,0.0,0.0,0.17162872154115585
47.0,8.0,5.0,0.1,0.075,0.2,1.0,574.0,0.0,0.0,0.17073170731707318
47.0,8.0,6.0,0.1,0.075,0.2,1.0,566.0,0.0,0.0,0.17137809187279152
47.0,8.0,7.0,0.1,0.075,0.2,1.0,573.0,0.0,0.0,0.17102966841186737
47.0,8.0,8.0,0.1,0.075,0.2,1.0,546.0,0.0,0.0,0.17399267399267399
47.0,8.0,9.0,0.1,0.075,0.2,1.0,553.0,0.0,0.0,0.1735985533453888
47.0,8.0,10.0,0.1,0.075,0.2,1.0,545.0,0.0,0.0,0.1743119266055046
47.0,8.0,11.0,0.1,0.075,0.2,1.0,549.0,0.0,0.0,0.17486338797814208
47.0,8.0,12.0,0.1,0.075,0.2,1.0,542.0,0.0,0.0,0.1752767527675277
47.0,8.0,13.0,0.1,0.075,0.2,1.0,531.0,0.0,0.0,0.17890772128060264
47.0,8.0,14.0,0.1,0.075,0.2,1.0,526.0,0.0,0.0,0.17870722433460076
47.0,8.0,15.0,0.1,0.075,0.2,1.0,531.0,0.0,0.0,0.17890772128060264
47.0,8.0,16.0,0.1,0.075,0.2,1.0,521.0,0.0,0.0,0.18042226487523993
47.0,8.0,17.0,0.1,0.075,0.2,1.0,526.0,0.0,0.0,0.1806083650190114
47.0,8.0,18.0,0.1,0.075,0.2,1.0,520.0,0.0,0.0,0.18076923076923077
47.0,8.0,19.0,0.1,0.075,0.2,1.0,526.0,0.0,0.0,0.1806083650190114
47.0,8.0,20.0,0.1,0.075,0.2,1.0,946.0,0.0,0.0,0.09936575052854123
47.0,8.0,21.0,0.1,0.075,0.2,1.0,930.0,0.0,0.0,0.0989247311827957
47.0,8.0,22.0,0.1,0.075,0.2,1.0,921.0,0.0,0.0,0.0988056460369164
47.0,8.0,23.0,0.1,0.075,0.2,1.0,869.0,0.0,0.0,0.10126582278481013
47.0,8.0,24.0,0.1,0.075,0.2,1.0,842.0,0.0,0.0,0.1021377672209026
47.0,8.0,25.0,0.1,0.075,0.2,1.0,811.0,0.0,0.0,0.1060419235511714
47.0,8.0,26.0,0.1,0.075,0.2,1.0,774.0,0.0,0.0,0.10981912144702842
47.0,8.0,27.0,0.1,0.075,0.2,1.0,768.0,0.0,0.0,0.11067708333333333
47.0,8.0,28.0,0.1,0.075,0.2,1.0,762.0,0.0,0.0,0.1115485564304462
47.0,8.0,29.0,0.1,0.075,0.2,1.0,769.0,0.0,0.0,0.11053315994798439
47.0,8.0,30.0,0.1,0.075,0.2,1.0,751.0,0.0,0.0,0.11318242343541944
47.0,8.0,31.0,0.1,0.075,0.2,1.0,757.0,0.0,0.0,0.11096433289299867
47.0,8.0,32.0,0.1,0.075,0.2,1.0,725.0,0.0,0.0,0.10896551724137932
47.0,8.0,33.0,0.1,0.075,0.2,1.0,734.0,0.0,0.0,0.10899182561307902
47.0,8.0,34.0,0.1,0.075,0.2,1.0,725.0,0.0,0.0,0.10896551724137932
47.0,8.0,35.0,0.1,0.075,0.2,1.0,711.0,0.0,0.0,0.10970464135021098
47.0,8.0,36.0,0.1,0.075,0.2,1.0,690.0,0.0,0.0,0.11159420289855072
47.0,8.0,37.0,0.1,0.075,0.2,1.0,699.0,0.0,0.0,0.11158798283261803
47.0,8.0,38.0,0.1,0.075,0.2,1.0,675.0,0.0,0.0,0.11407407407407408
47.0,8.0,39.0,0.1,0.075,0.2,1.0,684.0,0.0,0.0,0.11403508771929824
47.0,8.0,40.0,0.1,0.075,0.2,1.0,675.0,0.0,0.0,0.11407407407407408
47.0,8.0,41.0,0.1,0.075,0.2,1.0,669.0,0.0,0.0,0.11659192825112108
47.0,8.0,42.0,0.1,0.075,0.2,1.0,649.0,0.0,0.0,0.11864406779661017
47.0,8.0,43.0,0.1,0.075,0.2,1.0,647.0,0.0,0.0,0.11591962905718702
47.0,8.0,44.0,0.1,0.075,0.2,1.0,638.0,0.0,0.0,0.11598746081504702
47.0,8.0,45.0,0.1,0.075,0.2,1.0,647.0,0.0,0.0,0.1777434312210201
47.0,8.0,46.0,0.1,0.075,0.2,1.0,638.0,0.0,0.0,0.17711598746081506
47.0,8.0,47.0,0.1,0.075,0.2,1.0,647.0,0.0,0.0,0.1777434312210201
47.0,8.0,48.0,0.1,0.075,0.2,1.0,638.0,0.0,0.0,0.17711598746081506
47.0,8.0,49.0,0.1,0.075,0.2,1.0,633.0,0.0,0.0,0.17851500789889416
47.0,8.0,50.0,0.1,0.075,0.2,1.0,625.0,0.0,0.0,0.1776
47.0,8.0,51.0,0.1,0.075,0.2,1.0,633.0,0.0,0.0,0.17851500789889416
47.0,8.0,52.0,0.1,0.075,0.2,1.0,623.0,0.0,0.0,0.1781701444622793
47.0,9.0,1.0,0.1,0.075,0.2,1.0,630.0,0.0,0.0,0.17777777777777778
47.0,9.0,2.0,0.1,0.075,0.2,1.0,622.0,0.0,0.0,0.17684887459807075
47.0,9.0,3.0,0.1,0.075,0.2,1.0,619.0,0.0,0.0,0.17609046849757673
47.0,9.0,4.0,0.1,0.075,0.2,1.0,612.0,0.0,0.0,0.17483660130718953
47.0,9.0,5.0,0.1,0.075,0.2,1.0,620.0,0.0,0.0,0.1774193548387097
47.0,9.0,6.0,0.1,0.075,0.2,1.0,613.0,0.0,0.0,0.1761827079934747
47.0,9.0,7.0,0.1,0.075,0.2,1.0,619.0,0.0,0.0,0.1777059773828756
47.0,9.0,8.0,0.1,0.075,0.2,1.0,607.0,0.0,0.0,0.17792421746293247
47.0,9.0,9.0,0.1,0.075,0.2,1.0,614.0,0.0,0.0,0.1791530944625407
47.0,9.0,10.0,0.1,0.075,0.2,1.0,605.0,0.0,0.0,0.17851239669421487
47.0,9.0,11.0,0.1,0.075,0.2,1.0,611.0,0.0,0.0,0.18003273322422259
47.0,9.0,12.0,0.1,0.075,0.2,1.0,582.0,0.0,0.0,0.18213058419243985
47.0,9.0,13.0,0.1,0.075,0.2,1.0,588.0,0.0,0.0,0.1836734693877551
47.0,9.0,14.0,0.1,0.075,0.2,1.0,582.0,0.0,0.0,0.18213058419243985
47.0,9.0,15.0,0.1,0.075,0.2,1.0,575.0,0.0,0.0,0.1826086956521739
47.0,9.0,16.0,0.1,0.075,0.2,1.0,568.0,0.0,0.0,0.1813380281690141
47.0,9.0,17.0,0.1,0.075,0.2,1.0,572.0,0.0,0.0,0.18356643356643357
47.0,9.0,18.0,0.1,0.075,0.2,1.0,567.0,0.0,0.0,0.18165784832451498
47.0,9.0,19.0,0.1,0.075,0.2,1.0,571.0,0.0,0.0,0.18213660245183888
47.0,9.0,20.0,0.1,0.075,0.2,1.0,999.0,0.0,0.0,0.0970970970970971
47.0,9.0,21.0,0.1,0.075,0.2,1.0,981.0,0.0,0.0,0.0998980632008155
47.0,9.0,22.0,0.1,0.075,0.2,1.0,947.0,0.0,0.0,0.09926082365364308
47.0,9.0,23.0,0.1,0.075,0.2,1.0,937.0,0.0,0.0,0.10032017075773746
47.0,9.0,24.0,0.1,0.075,0.2,1.0,887.0,0.0,0.0,0.0992108229988726
47.0,9.0,25.0,0.1,0.075,0.2,1.0,852.0,0.0,0.0,0.10211267605633803
47.0,9.0,26.0,0.1,0.075,0.2,1.0,847.0,0.0,0.0,0.10035419126328217
47.0,9.0,27.0,0.1,0.075,0.2,1.0,840.0,0.0,0.0,0.10357142857142858
47.0,9.0,28.0,0.1,0.075,0.2,1.0,822.0,0.0,0.0,0.10340632603406326
47.0,9.0,29.0,0.1,0.075,0.2,1.0,811.0,0.0,0.0,0.1060419235511714
47.0,9.0,30.0,0.1,0.075,0.2,1.0,793.0,0.0,0.0,0.1034047919293821
47.0,9.0,31.0,0.1,0.075,0.2,1.0,789.0,0.0,0.0,0.10519645120405577
47.0,9.0,32.0,0.1,0.075,0.2,1.0,771.0,0.0,0.0,0.10505836575875487
47.0,9.0,33.0,0.1,0.075,0.2,1.0,750.0,0.0,0.0,0.10933333333333334
47.0,9.0,34.0,0.1,0.075,0.2,1.0,743.0,0.0,0.0,0.10767160161507403
47.0,9.0,35.0,0.1,0.075,0.2,1.0,750.0,0.0,0.0,0.10933333333333334
47.0,9.0,36.0,0.1,0.075,0.2,1.0,734.0,0.0,0.0,0.10762942779291552
47.0,9.0,37.0,0.1,0.075,0.2,1.0,740.0,0.0,0.0,0.10945945945945947
47.0,9.0,38.0,0.1,0.075,0.2,1.0,734.0,0.0,0.0,0.10762942779291552
47.0,9.0,39.0,0.1,0.075,0.2,1.0,740.0,0.0,0.0,0.10945945945945947
47.0,9.0,40.0,0.1,0.075,0.2,1.0,734.0,0.0,0.0,0.10762942779291552
47.0,9.0,41.0,0.1,0.075,0.2,1.0,740.0,0.0,0.0,0.10945945945945947
47.0,9.0,42.0,0.1,0.075,0.2,1.0,706.0,0.0,0.0,0.10906515580736544
47.0,9.0,43.0,0.1,0.075,0.2,1.0,712.0,0.0,0.0,0.11095505617977527
47.0,9.0,44.0,0.1,0.075,0.2,1.0,695.0,0.0,0.0,0.11079136690647481
47.0,9.0,45.0,0.1,0.075,0.2,1.0,671.0,0.0,0.0,0.17287630402384502
47.0,9.0,46.0,0.1,0.075,0.2,1.0,665.0,0.0,0.0,0.1699248120300752
47.0,9.0,47.0,0.1,0.075,0.2,1.0,644.0,0.0,0.0,0.17701863354037267
47.0,9.0,48.0,0.1,0.075,0.2,1.0,641.0,0.0,0.0,0.1731669266770671
47.0,9.0,49.0,0.1,0.075,0.2,1.0,644.0,0.0,0.0,0.17701863354037267
47.0,9.0,50.0,0.1,0.075,0.2,1.0,638.0,0.0,0.0,0.17398119122257052
47.0,9.0,51.0,0.1,0.075,0.2,1.0,643.0,0.0,0.0,0.17729393468118196
47.0,9.0,52.0,0.1,0.075,0.2,1.0,626.0,0.0,0.0,0.17092651757188498
47.0,10.0,1.0,0.1,0.075,0.2,1.0,629.0,0.0,0.0,0.17488076311605724
47.0,10.0,2.0,0.1,0.075,0.2,1.0,624.0,0.0,0.0,0.17147435897435898
47.0,10.0,3.0,0.1,0.075,0.2,1.0,613.0,0.0,0.0,0.17781402936378465
47.0,10.0,4.0,0.1,0.075,0.2,1.0,610.0,0.0,0.0,0.1737704918032787
47.0,10.0,5.0,0.1,0.075,0.2,1.0,613.0,0.0,0.0,0.17781402936378465
47.0,10.0,6.0,0.1,0.075,0.2,1.0,608.0,0.0,0.0,0.17434210526315788
47.0,10.0,7.0,0.1,0.075,0.2,1.0,613.0,0.0,0.0,0.17781402936378465
47.0,10.0,8.0,0.1,0.075,0.2,1.0,605.0,0.0,0.0,0.17520661157024794
47.0,10.0,9.0,0.1,0.075,0.2,1.0,607.0,0.0,0.0,0.17957166392092258
47.0,10.0,10.0,0.1,0.075,0.2,1.0,589.0,0.0,0.0,0.17826825127334464
47.0,10.0,11.0,0.1,0.075,0.2,1.0,592.0,0.0,0.0,0.18243243243243243
47.0,10.0,12.0,0.1,0.075,0.2,1.0,587.0,0.0,0.0,0.1788756388415673
47.0,10.0,13.0,0.1,0.075,0.2,1.0,591.0,0.0,0.0,0.18104906937394247
47.0,10.0,14.0,0.1,0.075,0.2,1.0,587.0,0.0,0.0,0.17717206132879046
47.0,10.0,15.0,0.1,0.075,0.2,1.0,590.0,0.0,0.0,0.18135593220338983
47.0,10.0,16.0,0.1,0.075,0.2,1.0,585.0,0.0,0.0,0.17777777777777778
47.0,10.0,17.0,0.1,0.075,0.2,1.0,588.0,0.0,0.0,0.18197278911564627
47.0,10.0,18.0,0.1,0.075,0.2,1.0,583.0,0.0,0.0,0.1783876500857633
47.0,10.0,19.0,0.1,0.075,0.2,1.0,588.0,0.0,0.0,0.18197278911564627
47.0,10.0,20.0,0.1,0.075,0.2,1.0,981.0,0.0,0.0,0.09582059123343527
47.0,10.0,21.0,0.1,0.075,0.2,1.0,968.0,0.0,0.0,0.10020661157024793
47.0,10.0,22.0,0.1,0.075,0.2,1.0,927.0,0.0,0.0,0.09924487594390508
47.0,10.0,23.0,0.1,0.075,0.2,1.0,883.0,0.0,0.0,0.10305775764439411
47.0,10.0,24.0,0.1,0.075,0.2,1.0,881.0,0.0,0.0,0.09988649262202043
47.0,10.0,25.0,0.1,0.075,0.2,1.0,883.0,0.0,0.0,0.10305775764439411
47.0,10.0,26.0,0.1,0.075,0.2,1.0,857.0,0.0,0.0,0.10035005834305717
47.0,10.0,27.0,0.1,0.075,0.2,1.0,845.0,0.0,0.0,0.10532544378698225
47.0,10.0,28.0,0.1,0.075,0.2,1.0,843.0,0.0,0.0,0.10201660735468565
47.0,10.0,29.0,0.1,0.075,0.2,1.0,832.0,0.0,0.0,0.10697115384615384
47.0,10.0,30.0,0.1,0.075,0.2,1.0,818.0,0.0,0.0,0.10513447432762836
47.0,10.0,31.0,0.1,0.075,0.2,1.0,820.0,0.0,0.0,0.10853658536585366
47.0,10.0,32.0,0.1,0.075,0.2,1.0,818.0,0.0,0.0,0.10513447432762836
47.0,10.0,33.0,0.1,0.075,0.2,1.0,808.0,0.0,0.0,0.10891089108910891
47.0,10.0,34.0,0.1,0.075,0.2,1.0,783.0,0.0,0.0,0.10600255427841634
47.0,10.0,35.0,0.1,0.075,0.2,1.0,785.0,0.0,0.0,0.10955414012738854
47.0,10.0,36.0,0.1,0.075,0.2,1.0,772.0,0.0,0.0,0.10751295336787564
47.0,10.0,37.0,0.1,0.075,0.2,1.0,722.0,0.0,0.0,0.1149584487534626
47.0,10.0,38.0,0.1,0.075,0.2,1.0,708.0,0.0,0.0,0.11299435028248588
47.0,10.0,39.0,0.1,0.075,0.2,1.0,699.0,0.0,0.0,0.11731044349070101
47.0,10.0,40.0,0.1,0.075,0.2,1.0,692.0,0.0,0.0,0.11416184971098266
47.0,10.0,41.0,0.1,0.075,0.2,1.0,699.0,0.0,0.0,0.11731044349070101
47.0,10.0,42.0,0.1,0.075,0.2,1.0,692.0,0.0,0.0,0.11416184971098266
47.0,10.0,43.0,0.1,0.075,0.2,1.0,699.0,0.0,0.0,0.11731044349070101
47.0,10.0,44.0,0.1,0.075,0.2,1.0,676.0,0.0,0.0,0.11390532544378698
47.0,10.0,45.0,0.1,0.075,0.2,1.0,683.0,0.0,0.0,0.1800878477306003
47.0,10.0,46.0,0.1,0.075,0.2,1.0,680.0,0.0,0.0,0.17794117647058824
47.0,10.0,47.0,0.1,0.075,0.2,1.0,668.0,0.0,0.0,0.18113772455089822
47.0,10.0,48.0,0.1,0.075,0.2,1.0,655.0,0.0,0.0,0.17862595419847327
47.0,10.0,49.0,0.1,0.075,0.2,1.0,644.0,0.0,0.0,0.18478260869565216
47.0,10.0,50.0,0.1,0.075,0.2,1.0,644.0,0.0,0.0,0.18167701863354038
47.0,10.0,51.0,0.1,0.075,0.2,1.0,648.0,0.0,0.0,0.18364197530864199
47.0,10.0,52.0,0.1,0.075,0.2,1.0,642.0,0.0,0.0,0.1822429906542056
48.0,1.0,1.0,0.1,0.075,0.2,1.0,5151.0,51.0,7.0,0.09493302271403611
48.0,1.0,2.0,0.1,0.075,0.2,1.0,5113.0,56.0,19.0,0.09368276941130452
48.0,1.0,3.0,0.1,0.075,0.2,1.0,5042.0,70.0,36.0,0.09361364537881793
48.0,1.0,4.0,0.1,0.075,0.2,1.0,4932.0,87.0,40.0,0.09448499594484996
48.0,1.0,5.0,0.1,0.075,0.2,1.0,5048.0,132.0,48.0,0.0948890649762282
48.0,1.0,6.0,0.1,0.075,0.2,1.0,4901.0,157.0,47.0,0.09589879616404816
48.0,1.0,7.0,0.1,0.075,0.2,1.0,4820.0,192.0,71.0,0.09522821576763485
48.0,1.0,8.0,0.1,0.075,0.2,1.0,4679.0,229.0,87.0,0.09638811711904254
48.0,1.0,9.0,0.1,0.075,0.2,1.0,4532.0,290.0,91.0,0.09774933804060018
48.0,1.0,10.0,0.1,0.075,0.2,1.0,4389.0,298.0,112.0,0.09797220323536113
48.0,1.0,11.0,0.1,0.075,0.2,1.0,4309.0,356.0,141.0,0.09863077280111394
48.0,1.0,12.0,0.1,0.075,0.2,1.0,4104.0,381.0,166.0,0.10014619883040936
48.0,1.0,13.0,0.1,0.075,0.2,1.0,3972.0,424.0,177.0,0.10070493454179255
48.0,1.0,14.0,0.1,0.075,0.2,1.0,3855.0,437.0,183.0,0.10168612191958495
48.0,1.0,15.0,0.1,0.075,0.2,1.0,3708.0,457.0,196.0,0.10302049622437973
48.0,1.0,16.0,0.1,0.075,0.2,1.0,3582.0,469.0,206.0,0.10385259631490787
48.0,1.0,17.0,0.1,0.075,0.2,1.0,3468.0,464.0,226.0,0.10668973471741638
48.0,1.0,18.0,0.1,0.075,0.2,1.0,3349.0,434.0,221.0,0.10868916094356525
48.0,1.0,19.0,0.1,0.075,0.2,1.0,3249.0,425.0,213.0,0.11049553708833487
48.0,1.0,20.0,0.1,0.075,0.2,1.0,5905.0,385.0,200.0,0.060795935647756136
48.0,1.0,21.0,0.1,0.075,0.2,1.0,5497.0,444.0,195.0,0.06348917591413498
48.0,1.0,22.0,0.1,0.075,0.2,1.0,5203.0,490.0,196.0,0.06438593119354219
48.0,1.0,23.0,0.1,0.075,0.2,1.0,4929.0,521.0,192.0,0.06796510448366809
48.0,1.0,24.0,0.1,0.075,0.2,1.0,4563.0,505.0,193.0,0.06947183870260794
48.0,1.0,25.0,0.1,0.075,0.2,1.0,4346.0,542.0,205.0,0.07317073170731707
48.0,1.0,26.0,0.1,0.075,0.2,1.0,4141.0,560.0,231.0,0.07461965708765998
48.0,1.0,27.0,0.1,0.075,0.2,1.0,3871.0,559.0,242.0,0.07672436063032809
48.0,1.0,28.0,0.1,0.075,0.2,1.0,3732.0,578.0,249.0,0.07904608788853162
48.0,1.0,29.0,0.1,0.075,0.2,1.0,3571.0,593.0,273.0,0.08260991318958275
48.0,1.0,30.0,0.1,0.075,0.2,1.0,3390.0,602.0,268.0,0.08672566371681416
48.0,1.0,31.0,0.1,0.075,0.2,1.0,3165.0,602.0,265.0,0.09162717219589257
48.0,1.0,32.0,0.1,0.075,0.2,1.0,2988.0,597.0,263.0,0.09571619812583668
48.0,1.0,33.0,0.1,0.075,0.2,1.0,2814.0,585.0,274.0,0.10021321961620469
48.0,1.0,34.0,0.1,0.075,0.2,1.0,2671.0,570.0,279.0,0.1033320853612879
48.0,1.0,35.0,0.1,0.075,0.2,1.0,2521.0,538.0,254.0,0.10710035700119
48.0,1.0,36.0,0.1,0.075,0.2,1.0,2344.0,500.0,240.0,0.11348122866894197
48.0,1.0,37.0,0.1,0.075,0.2,1.0,2224.0,498.0,237.0,0.1191546762589928
48.0,1.0,38.0,0.1,0.075,0.2,1.0,2103.0,465.0,239.0,0.12458392772230148
48.0,1.0,39.0,0.1,0.075,0.2,1.0,1949.0,428.0,210.0,0.13237557721908672
48.0,1.0,40.0,0.1,0.075,0.2,1.0,1854.0,399.0,209.0,0.13915857605177995
48.0,1.0,41.0,0.1,0.075,0.2,1.0,1750.0,355.0,194.0,0.1457142857142857
48.0,1.0,42.0,0.1,0.075,0.2,1.0,1667.0,355.0,177.0,0.15236952609478105
48.0,1.0,43.0,0.1,0.075,0.2,1.0,1580.0,318.0,162.0,0.16139240506329114
48.0,1.0,44.0,0.1,0.075,0.2,1.0,1487.0,303.0,155.0,0.1694687289845326
48.0,1.0,45.0,0.1,0.075,0.2,1.0,1408.0,282.0,158.0,0.2471590909090909
48.0,1.0,46.0,0.1,0.075,0.2,1.0,1345.0,252.0,141.0,0.25427509293680295
48.0,1.0,47.0,0.1,0.075,0.2,1.0,1254.0,218.0,120.0,0.26555023923444976
48.0,1.0,48.0,0.1,0.075,0.2,1.0,1195.0,176.0,92.0,0.27364016736401675
48.0,1.0,49.0,0.1,0.075,0.2,1.0,1146.0,151.0,87.0,0.28272251308900526
48.0,1.0,50.0,0.1,0.075,0.2,1.0,1115.0,133.0,82.0,0.28878923766816145
48.0,1.0,51.0,0.1,0.075,0.2,1.0,1075.0,123.0,76.0,0.2958139534883721
48.0,1.0,52.0,0.1,0.075,0.2,1.0,1040.0,109.0,63.0,0.2980769230769231
48.0,2.0,1.0,0.1,0.075,0.2,1.0,1001.0,92.0,46.0,0.3066933066933067
48.0,2.0,2.0,0.1,0.075,0.2,1.0,981.0,83.0,40.0,0.3109072375127421
48.0,2.0,3.0,0.1,0.075,0.2,1.0,945.0,72.0,36.0,0.3164021164021164
48.0,2.0,4.0,0.1,0.075,0.2,1.0,935.0,68.0,39.0,0.31871657754010696
48.0,2.0,5.0,0.1,0.075,0.2,1.0,908.0,63.0,33.0,0.3248898678414097
48.0,2.0,6.0,0.1,0.075,0.2,1.0,890.0,59.0,25.0,0.3292134831460674
48.0,2.0,7.0,0.1,0.075,0.2,1.0,870.0,50.0,18.0,0.3367816091954023
48.0,2.0,8.0,0.1,0.075,0.2,1.0,868.0,44.0,27.0,0.33640552995391704
48.0,2.0,9.0,0.1,0.075,0.2,1.0,849.0,41.0,26.0,0.3392226148409894
48.0,2.0,10.0,0.1,0.075,0.2,1.0,840.0,39.0,25.0,0.34285714285714286
48.0,2.0,11.0,0.1,0.075,0.2,1.0,818.0,28.0,14.0,0.34963325183374083
48.0,2.0,12.0,0.1,0.075,0.2,1.0,813.0,25.0,12.0,0.3505535055350554
48.0,2.0,13.0,0.1,0.075,0.2,1.0,799.0,23.0,11.0,0.35544430538172717
48.0,2.0,14.0,0.1,0.075,0.2,1.0,790.0,19.0,14.0,0.35443037974683544
48.0,2.0,15.0,0.1,0.075,0.2,1.0,777.0,20.0,11.0,0.3564993564993565
48.0,2.0,16.0,0.1,0.075,0.2,1.0,773.0,17.0,13.0,0.35834411384217335
48.0,2.0,17.0,0.1,0.075,0.2,1.0,762.0,11.0,6.0,0.36220472440944884
48.0,2.0,18.0,0.1,0.075,0.2,1.0,759.0,12.0,7.0,0.35968379446640314
48.0,2.0,19.0,0.1,0.075,0.2,1.0,741.0,9.0,3.0,0.3616734143049933
48.0,2.0,20.0,0.1,0.075,0.2,1.0,1434.0,9.0,5.0,0.18758716875871687
48.0,2.0,21.0,0.1,0.075,0.2,1.0,1377.0,16.0,5.0,0.19026870007262164
48.0,2.0,22.0,0.1,0.075,0.2,1.0,1393.0,17.0,6.0,0.18664752333094042
48.0,2.0,23.0,0.1,0.075,0.2,1.0,1360.0,14.0,8.0,0.18823529411764706
48.0,2.0,24.0,0.1,0.075,0.2,1.0,1343.0,18.0,8.0,0.18838421444527179
48.0,2.0,25.0,0.1,0.075,0.2,1.0,1323.0,21.0,8.0,0.19047619047619047
48.0,2.0,26.0,0.1,0.075,0.2,1.0,1306.0,22.0,6.0,0.18989280245022971
48.0,2.0,27.0,0.1,0.075,0.2,1.0,1276.0,26.0,8.0,0.19043887147335423
48.0,2.0,28.0,0.1,0.075,0.2,1.0,1266.0,21.0,7.0,0.1911532385466035
48.0,2.0,29.0,0.1,0.075,0.2,1.0,1211.0,28.0,12.0,0.1915772089182494
48.0,2.0,30.0,0.1,0.075,0.2,1.0,1196.0,30.0,12.0,0.19063545150501673
48.0,2.0,31.0,0.1,0.075,0.2,1.0,1157.0,27.0,10.0,0.19360414866032843
48.0,2.0,32.0,0.1,0.075,0.2,1.0,1152.0,23.0,10.0,0.1935763888888889
48.0,2.0,33.0,0.1,0.075,0.2,1.0,1111.0,22.0,14.0,0.19441944194419442
48.0,2.0,34.0,0.1,0.075,0.2,1.0,1104.0,26.0,17.0,0.19384057971014493
48.0,2.0,35.0,0.1,0.075,0.2,1.0,1073.0,25.0,13.0,0.19850885368126747
48.0,2.0,36.0,0.1,0.075,0.2,1.0,1068.0,22.0,8.0,0.1956928838951311
48.0,2.0,37.0,0.1,0.075,0.2,1.0,1029.0,20.0,6.0,0.2001943634596696
48.0,2.0,38.0,0.1,0.075,0.2,1.0,1001.0,22.0,12.0,0.1998001998001998
48.0,2.0,39.0,0.1,0.075,0.2,1.0,989.0,27.0,10.0,0.20020222446916078
48.0,2.0,40.0,0.1,0.075,0.2,1.0,981.0,25.0,8.0,0.19877675840978593
48.0,2.0,41.0,0.1,0.075,0.2,1.0,955.0,20.0,10.0,0.20104712041884817
48.0,2.0,42.0,0.1,0.075,0.2,1.0,947.0,24.0,11.0,0.19957761351636746
48.0,2.0,43.0,0.1,0.075,0.2,1.0,941.0,24.0,13.0,0.19872476089266738
48.0,2.0,44.0,0.1,0.075,0.2,1.0,924.0,21.0,9.0,0.2012987012987013
48.0,2.0,45.0,0.1,0.075,0.2,1.0,924.0,20.0,13.0,0.25757575757575757
48.0,2.0,46.0,0.1,0.075,0.2,1.0,910.0,18.0,13.0,0.26043956043956046
48.0,2.0,47.0,0.1,0.075,0.2,1.0,904.0,15.0,11.0,0.2610619469026549
48.0,2.0,48.0,0.1,0.075,0.2,1.0,869.0,10.0,5.0,0.2669735327963176
48.0,2.0,49.0,0.1,0.075,0.2,1.0,836.0,7.0,2.0,0.26913875598086123
48.0,2.0,50.0,0.1,0.075,0.2,1.0,831.0,6.0,3.0,0.2695547533092659
48.0,2.0,51.0,0.1,0.075,0.2,1.0,821.0,5.0,4.0,0.26552984165651644
48.0,2.0,52.0,0.1,0.075,0.2,1.0,812.0,4.0,3.0,0.2660098522167488
48.0,3.0,1.0,0.1,0.075,0.2,1.0,801.0,2.0,1.0,0.26591760299625467
48.0,3.0,2.0,0.1,0.075,0.2,1.0,800.0,1.0,0.0,0.2675
48.0,3.0,3.0,0.1,0.075,0.2,1.0,793.0,1.0,1.0,0.2648171500630517
48.0,3.0,4.0,0.1,0.075,0.2,1.0,789.0,1.0,1.0,0.26362484157160965
48.0,3.0,5.0,0.1,0.075,0.2,1.0,786.0,1.0,1.0,0.26208651399491095
48.0,3.0,6.0,0.1,0.075,0.2,1.0,788.0,0.0,0.0,0.2639593908629442
48.0,3.0,7.0,0.1,0.075,0.2,1.0,783.0,0.0,0.0,0.2656449553001277
48.0,3.0,8.0,0.1,0.075,0.2,1.0,779.0,0.0,0.0,0.26700898587933247
48.0,3.0,9.0,0.1,0.075,0.2,1.0,773.0,0.0,0.0,0.2626131953428202
48.0,3.0,10.0,0.1,0.075,0.2,1.0,774.0,0.0,0.0,0.2622739018087855
48.0,3.0,11.0,0.1,0.075,0.2,1.0,759.0,0.0,0.0,0.2595520421607378
48.0,3.0,12.0,0.1,0.075,0.2,1.0,764.0,0.0,0.0,0.2604712041884817
48.0,3.0,13.0,0.1,0.075,0.2,1.0,753.0,0.0,0.0,0.25630810092961487
48.0,3.0,14.0,0.1,0.075,0.2,1.0,751.0,0.0,0.0,0.2596537949400799
48.0,3.0,15.0,0.1,0.075,0.2,1.0,744.0,0.0,0.0,0.25806451612903225
48.0,3.0,16.0,0.1,0.075,0.2,1.0,746.0,0.0,0.0,0.2613941018766756
48.0,3.0,17.0,0.1,0.075,0.2,1.0,741.0,0.0,0.0,0.2591093117408907
48.0,3.0,18.0,0.1,0.075,0.2,1.0,744.0,0.0,0.0,0.2594086021505376
48.0,3.0,19.0,0.1,0.075,0.2,1.0,739.0,0.0,0.0,0.2584573748308525
48.0,3.0,20.0,0.1,0.075,0.2,1.0,1371.0,0.0,0.0,0.13858497447118892
48.0,3.0,21.0,0.1,0.075,0.2,1.0,1252.0,0.0,0.0,0.14217252396166133
48.0,3.0,22.0,0.1,0.075,0.2,1.0,1254.0,0.0,0.0,0.14354066985645933
48.0,3.0,23.0,0.1,0.075,0.2,1.0,1237.0,0.0,0.0,0.14227970897332257
48.0,3.0,24.0,0.1,0.075,0.2,1.0,1231.0,0.0,0.0,0.1437855402112104
48.0,3.0,25.0,0.1,0.075,0.2,1.0,1202.0,0.0,0.0,0.1447587354409318
48.0,3.0,26.0,0.1,0.075,0.2,1.0,1170.0,0.0,0.0,0.14615384615384616
48.0,3.0,27.0,0.1,0.075,0.2,1.0,1143.0,0.0,0.0,0.14173228346456693
48.0,3.0,28.0,0.1,0.075,0.2,1.0,1137.0,0.0,0.0,0.1442392260334213
48.0,3.0,29.0,0.1,0.075,0.2,1.0,1113.0,0.0,0.0,0.14375561545372867
48.0,3.0,30.0,0.1,0.075,0.2,1.0,1059.0,0.0,0.0,0.14919735599622286
48.0,3.0,31.0,0.1,0.075,0.2,1.0,1054.0,0.0,0.0,0.14895635673624288
48.0,3.0,32.0,0.1,0.075,0.2,1.0,1032.0,0.0,0.0,0.1501937984496124
48.0,3.0,33.0,0.1,0.075,0.2,1.0,1017.0,0.0,0.0,0.1504424778761062
48.0,3.0,34.0,0.1,0.075,0.2,1.0,998.0,0.0,0.0,0.1523046092184369
48.0,3.0,35.0,0.1,0.075,0.2,1.0,1001.0,0.0,0.0,0.14885114885114886
48.0,3.0,36.0,0.1,0.075,0.2,1.0,989.0,0.0,0.0,0.14964610717896865
48.0,3.0,37.0,0.1,0.075,0.2,1.0,991.0,0.0,0.0,0.14732593340060546
48.0,3.0,38.0,0.1,0.075,0.2,1.0,984.0,0.0,0.0,0.1483739837398374
48.0,3.0,39.0,0.1,0.075,0.2,1.0,975.0,0.0,0.0,0.14666666666666667
48.0,3.0,40.0,0.1,0.075,0.2,1.0,970.0,0.0,0.0,0.14742268041237114
48.0,3.0,41.0,0.1,0.075,0.2,1.0,968.0,0.0,0.0,0.14669421487603307
48.0,3.0,42.0,0.1,0.075,0.2,1.0,950.0,0.0,0.0,0.14842105263157895
48.0,3.0,43.0,0.1,0.075,0.2,1.0,922.0,0.0,0.0,0.1475054229934924
48.0,3.0,44.0,0.1,0.075,0.2,1.0,906.0,0.0,0.0,0.15011037527593818
48.0,3.0,45.0,0.1,0.075,0.2,1.0,908.0,0.0,0.0,0.20154185022026433
48.0,3.0,46.0,0.1,0.075,0.2,1.0,885.0,0.0,0.0,0.20451977401129945
48.0,3.0,47.0,0.1,0.075,0.2,1.0,874.0,0.0,0.0,0.2048054919908467
48.0,3.0,48.0,0.1,0.075,0.2,1.0,871.0,0.0,0.0,0.20551090700344432
48.0,3.0,49.0,0.1,0.075,0.2,1.0,871.0,0.0,0.0,0.20551090700344432
48.0,3.0,50.0,0.1,0.075,0.2,1.0,867.0,0.0,0.0,0.20530565167243367
48.0,3.0,51.0,0.1,0.075,0.2,1.0,862.0,0.0,0.0,0.20417633410672853
48.0,3.0,52.0,0.1,0.075,0.2,1.0,860.0,0.0,0.0,0.2058139534883721
48.0,4.0,1.0,0.1,0.075,0.2,1.0,842.0,0.0,0.0,0.2042755344418052
48.0,4.0,2.0,0.1,0.075,0.2,1.0,835.0,0.0,0.0,0.20359281437125748
48.0,4.0,3.0,0.1,0.075,0.2,1.0,827.0,0.0,0.0,0.19951632406287786
48.0,4.0,4.0,0.1,0.075,0.2,1.0,825.0,0.0,0.0,0.2012121212121212
48.0,4.0,5.0,0.1,0.075,0.2,1.0,819.0,0.0,0.0,0.20024420024420025
48.0,4.0,6.0,0.1,0.075,0.2,1.0,820.0,0.0,0.0,0.2
48.0,4.0,7.0,0.1,0.075,0.2,1.0,818.0,0.0,0.0,0.1980440097799511
48.0,4.0,8.0,0.1,0.075,0.2,1.0,814.0,0.0,0.0,0.19901719901719903
48.0,4.0,9.0,0.1,0.075,0.2,1.0,802.0,0.0,0.0,0.19825436408977556
48.0,4.0,10.0,0.1,0.075,0.2,1.0,796.0,0.0,0.0,0.1984924623115578
48.0,4.0,11.0,0.1,0.075,0.2,1.0,798.0,0.0,0.0,0.19674185463659147
48.0,4.0,12.0,0.1,0.075,0.2,1.0,780.0,0.0,0.0,0.19615384615384615
48.0,4.0,13.0,0.1,0.075,0.2,1.0,780.0,0.0,0.0,0.19487179487179487
48.0,4.0,14.0,0.1,0.075,0.2,1.0,773.0,0.0,0.0,0.1979301423027167
48.0,4.0,15.0,0.1,0.075,0.2,1.0,772.0,0.0,0.0,0.19689119170984457
48.0,4.0,16.0,0.1,0.075,0.2,1.0,770.0,0.0,0.0,0.1974025974025974
48.0,4.0,17.0,0.1,0.075,0.2,1.0,766.0,0.0,0.0,0.19712793733681463
48.0,4.0,18.0,0.1,0.075,0.2,1.0,767.0,0.0,0.0,0.1981747066492829
48.0,4.0,19.0,0.1,0.075,0.2,1.0,765.0,0.0,0.0,0.19477124183006536
48.0,4.0,20.0,0.1,0.075,0.2,1.0,1448.0,0.0,0.0,0.10290055248618785
48.0,4.0,21.0,0.1,0.075,0.2,1.0,1411.0,0.0,0.0,0.10276399716513111
48.0,4.0,22.0,0.1,0.075,0.2,1.0,1366.0,0.0,0.0,0.10468521229868229
48.0,4.0,23.0,0.1,0.075,0.2,1.0,1343.0,0.0,0.0,0.10349962769918093
48.0,4.0,24.0,0.1,0.075,0.2,1.0,1335.0,0.0,0.0,0.10486891385767791
48.0,4.0,25.0,0.1,0.075,0.2,1.0,1291.0,0.0,0.0,0.10689388071262587
48.0,4.0,26.0,0.1,0.075,0.2,1.0,1277.0,0.0,0.0,0.10728269381362568
48.0,4.0,27.0,0.1,0.075,0.2,1.0,1252.0,0.0,0.0,0.1062300319488818
48.0,4.0,28.0,0.1,0.075,0.2,1.0,1248.0,0.0,0.0,0.10737179487179487
48.0,4.0,29.0,0.1,0.075,0.2,1.0,1229.0,0.0,0.0,0.10821806346623271
48.0,4.0,30.0,0.1,0.075,0.2,1.0,1210.0,0.0,0.0,0.10826446280991736
48.0,4.0,31.0,0.1,0.075,0.2,1.0,1195.0,0.0,0.0,0.1087866108786611
48.0,4.0,32.0,0.1,0.075,0.2,1.0,1182.0,0.0,0.0,0.10998307952622674
48.0,4.0,33.0,0.1,0.075,0.2,1.0,1169.0,0.0,0.0,0.10949529512403763
48.0,4.0,34.0,0.1,0.075,0.2,1.0,1145.0,0.0,0.0,0.11179039301310044
48.0,4.0,35.0,0.1,0.075,0.2,1.0,1135.0,0.0,0.0,0.11013215859030837
48.0,4.0,36.0,0.1,0.075,0.2,1.0,1141.0,0.0,0.0,0.10867659947414549
48.0,4.0,37.0,0.1,0.075,0.2,1.0,1134.0,0.0,0.0,0.10846560846560846
48.0,4.0,38.0,0.1,0.075,0.2,1.0,1120.0,0.0,0.0,0.10892857142857143
48.0,4.0,39.0,0.1,0.075,0.2,1.0,1112.0,0.0,0.0,0.10881294964028777
48.0,4.0,40.0,0.1,0.075,0.2,1.0,1108.0,0.0,0.0,0.1092057761732852
48.0,4.0,41.0,0.1,0.075,0.2,1.0,1086.0,0.0,0.0,0.10865561694290976
48.0,4.0,42.0,0.1,0.075,0.2,1.0,1080.0,0.0,0.0,0.10925925925925926
48.0,4.0,43.0,0.1,0.075,0.2,1.0,1079.0,0.0,0.0,0.10843373493975904
48.0,4.0,44.0,0.1,0.075,0.2,1.0,1076.0,0.0,0.0,0.10966542750929369
48.0,4.0,45.0,0.1,0.075,0.2,1.0,1061.0,0.0,0.0,0.1705937794533459
48.0,4.0,46.0,0.1,0.075,0.2,1.0,1030.0,0.0,0.0,0.17184466019417477
48.0,4.0,47.0,0.1,0.075,0.2,1.0,1003.0,0.0,0.0,0.1744765702891326
48.0,4.0,48.0,0.1,0.075,0.2,1.0,997.0,0.0,0.0,0.17552657973921765
48.0,4.0,49.0,0.1,0.075,0.2,1.0,980.0,0.0,0.0,0.17244897959183675
48.0,4.0,50.0,0.1,0.075,0.2,1.0,971.0,0.0,0.0,0.1709577754891864
48.0,4.0,51.0,0.1,0.075,0.2,1.0,969.0,0.0,0.0,0.17131062951496387
48.0,4.0,52.0,0.1,0.075,0.2,1.0,944.0,0.0,0.0,0.1705508474576271
48.0,5.0,1.0,0.1,0.075,0.2,1.0,937.0,0.0,0.0,0.16969050160085378
48.0,5.0,2.0,0.1,0.075,0.2,1.0,926.0,0.0,0.0,0.17062634989200864
48.0,5.0,3.0,0.1,0.075,0.2,1.0,935.0,0.0,0.0,0.16898395721925133
48.0,5.0,4.0,0.1,0.075,0.2,1.0,922.0,0.0,0.0,0.1702819956616052
48.0,5.0,5.0,0.1,0.075,0.2,1.0,913.0,0.0,0.0,0.16976998904709747
48.0,5.0,6.0,0.1,0.075,0.2,1.0,901.0,0.0,0.0,0.17203107658157601
48.0,5.0,7.0,0.1,0.075,0.2,1.0,900.0,0.0,0.0,0.1711111111111111
48.0,5.0,8.0,0.1,0.075,0.2,1.0,884.0,0.0,0.0,0.16968325791855204
48.0,5.0,9.0,0.1,0.075,0.2,1.0,889.0,0.0,0.0,0.1687289088863892
48.0,5.0,10.0,0.1,0.075,0.2,1.0,880.0,0.0,0.0,0.1693181818181818
48.0,5.0,11.0,0.1,0.075,0.2,1.0,868.0,0.0,0.0,0.16820276497695852
48.0,5.0,12.0,0.1,0.075,0.2,1.0,860.0,0.0,0.0,0.1686046511627907
48.0,5.0,13.0,0.1,0.075,0.2,1.0,862.0,0.0,0.0,0.16705336426914152
48.0,5.0,14.0,0.1,0.075,0.2,1.0,840.0,0.0,0.0,0.16785714285714284
48.0,5.0,15.0,0.1,0.075,0.2,1.0,840.0,0.0,0.0,0.16785714285714284
48.0,5.0,16.0,0.1,0.075,0.2,1.0,825.0,0.0,0.0,0.1684848484848485
48.0,5.0,17.0,0.1,0.075,0.2,1.0,825.0,0.0,0.0,0.1684848484848485
48.0,5.0,18.0,0.1,0.075,0.2,1.0,822.0,0.0,0.0,0.16909975669099755
48.0,5.0,19.0,0.1,0.075,0.2,1.0,821.0,0.0,0.0,0.16808769792935443
48.0,5.0,20.0,0.1,0.075,0.2,1.0,1516.0,0.0,0.0,0.08970976253298153
48.0,5.0,21.0,0.1,0.075,0.2,1.0,1472.0,0.0,0.0,0.08899456521739131
48.0,5.0,22.0,0.1,0.075,0.2,1.0,1422.0,0.0,0.0,0.09071729957805907
48.0,5.0,23.0,0.1,0.075,0.2,1.0,1388.0,0.0,0.0,0.0914985590778098
48.0,5.0,24.0,0.1,0.075,0.2,1.0,1341.0,0.0,0.0,0.09321401938851603
48.0,5.0,25.0,0.1,0.075,0.2,1.0,1337.0,0.0,0.0,0.09349289454001496
48.0,5.0,26.0,0.1,0.075,0.2,1.0,1309.0,0.0,0.0,0.09549274255156608
48.0,5.0,27.0,0.1,0.075,0.2,1.0,1245.0,0.0,0.0,0.09558232931726908
48.0,5.0,28.0,0.1,0.075,0.2,1.0,1218.0,0.0,0.0,0.09852216748768473
48.0,5.0,29.0,0.1,0.075,0.2,1.0,1199.0,0.0,0.0,0.09924937447873228
48.0,5.0,30.0,0.1,0.075,0.2,1.0,1162.0,0.0,0.0,0.09982788296041308
48.0,5.0,31.0,0.1,0.075,0.2,1.0,1106.0,0.0,0.0,0.1003616636528029
48.0,5.0,32.0,0.1,0.075,0.2,1.0,1091.0,0.0,0.0,0.1008249312557287
48.0,5.0,33.0,0.1,0.075,0.2,1.0,1052.0,0.0,0.0,0.10171102661596958
48.0,5.0,34.0,0.1,0.075,0.2,1.0,979.0,0.0,0.0,0.1041879468845761
48.0,5.0,35.0,0.1,0.075,0.2,1.0,975.0,0.0,0.0,0.10358974358974359
48.0,5.0,36.0,0.1,0.075,0.2,1.0,944.0,0.0,0.0,0.1059322033898305
48.0,5.0,37.0,0.1,0.075,0.2,1.0,932.0,0.0,0.0,0.1072961373390558
48.0,5.0,38.0,0.1,0.075,0.2,1.0,909.0,0.0,0.0,0.1078107810781078
48.0,5.0,39.0,0.1,0.075,0.2,1.0,889.0,0.0,0.0,0.10911136107986502
48.0,5.0,40.0,0.1,0.075,0.2,1.0,881.0,0.0,0.0,0.10783200908059024
48.0,5.0,41.0,0.1,0.075,0.2,1.0,869.0,0.0,0.0,0.10701956271576525
48.0,5.0,42.0,0.1,0.075,0.2,1.0,867.0,0.0,0.0,0.10726643598615918
48.0,5.0,43.0,0.1,0.075,0.2,1.0,866.0,0.0,0.0,0.10739030023094688
48.0,5.0,44.0,0.1,0.075,0.2,1.0,860.0,0.0,0.0,0.1058139534883721
48.0,5.0,45.0,0.1,0.075,0.2,1.0,860.0,0.0,0.0,0.16627906976744186
48.0,5.0,46.0,0.1,0.075,0.2,1.0,827.0,0.0,0.0,0.16807738814993953
48.0,5.0,47.0,0.1,0.075,0.2,1.0,816.0,0.0,0.0,0.16666666666666666
48.0,5.0,48.0,0.1,0.075,0.2,1.0,813.0,0.0,0.0,0.16728167281672818
48.0,5.0,49.0,0.1,0.075,0.2,1.0,815.0,0.0,0.0,0.16809815950920245
48.0,5.0,50.0,0.1,0.075,0.2,1.0,807.0,0.0,0.0,0.16852540272614622
48.0,5.0,51.0,0.1,0.075,0.2,1.0,806.0,0.0,0.0,0.16997518610421836
48.0,5.0,52.0,0.1,0.075,0.2,1.0,789.0,0.0,0.0,0.17363751584283904
48.0,6.0,1.0,0.1,0.075,0.2,1.0,785.0,0.0,0.0,0.17197452229299362
48.0,6.0,2.0,0.1,0.075,0.2,1.0,768.0,0.0,0.0,0.17317708333333334
48.0,6.0,3.0,0.1,0.075,0.2,1.0,747.0,0.0,0.0,0.1753681392235609
48.0,6.0,4.0,0.1,0.075,0.2,1.0,749.0,0.0,0.0,0.17356475300400534
48.0,6.0,5.0,0.1,0.075,0.2,1.0,744.0,0.0,0.0,0.17473118279569894
48.0,6.0,6.0,0.1,0.075,0.2,1.0,745.0,0.0,0.0,0.17315436241610738
48.0,6.0,7.0,0.1,0.075,0.2,1.0,742.0,0.0,0.0,0.1725067385444744
48.0,6.0,8.0,0.1,0.075,0.2,1.0,720.0,0.0,0.0,0.1736111111111111
48.0,6.0,9.0,0.1,0.075,0.2,1.0,718.0,0.0,0.0,0.17409470752089137
48.0,6.0,10.0,0.1,0.075,0.2,1.0,717.0,0.0,0.0,0.17433751743375175
48.0,6.0,11.0,0.1,0.075,0.2,1.0,712.0,0.0,0.0,0.17415730337078653
48.0,6.0,12.0,0.1,0.075,0.2,1.0,711.0,0.0,0.0,0.17440225035161744
48.0,6.0,13.0,0.1,0.075,0.2,1.0,710.0,0.0,0.0,0.1732394366197183
48.0,6.0,14.0,0.1,0.075,0.2,1.0,693.0,0.0,0.0,0.17604617604617603
48.0,6.0,15.0,0.1,0.075,0.2,1.0,690.0,0.0,0.0,0.17681159420289855
48.0,6.0,16.0,0.1,0.075,0.2,1.0,677.0,0.0,0.0,0.17725258493353027
48.0,6.0,17.0,0.1,0.075,0.2,1.0,673.0,0.0,0.0,0.17830609212481427
48.0,6.0,18.0,0.1,0.075,0.2,1.0,675.0,0.0,0.0,0.17629629629629628
48.0,6.0,19.0,0.1,0.075,0.2,1.0,670.0,0.0,0.0,0.17761194029850746
48.0,6.0,20.0,0.1,0.075,0.2,1.0,1215.0,0.0,0.0,0.09794238683127572
48.0,6.0,21.0,0.1,0.075,0.2,1.0,1188.0,0.0,0.0,0.09848484848484848
48.0,6.0,22.0,0.1,0.075,0.2,1.0,1177.0,0.0,0.0,0.0994052676295667
48.0,6.0,23.0,0.1,0.075,0.2,1.0,1142.0,0.0,0.0,0.10070052539404553
48.0,6.0,24.0,0.1,0.075,0.2,1.0,1138.0,0.0,0.0,0.09929701230228472
48.0,6.0,25.0,0.1,0.075,0.2,1.0,1125.0,0.0,0.0,0.09955555555555555
48.0,6.0,26.0,0.1,0.075,0.2,1.0,1115.0,0.0,0.0,0.09955156950672646
48.0,6.0,27.0,0.1,0.075,0.2,1.0,1092.0,0.0,0.0,0.10256410256410256
48.0,6.0,28.0,0.1,0.075,0.2,1.0,1084.0,0.0,0.0,0.10055350553505535
48.0,6.0,29.0,0.1,0.075,0.2,1.0,1055.0,0.0,0.0,0.10426540284360189
48.0,6.0,30.0,0.1,0.075,0.2,1.0,1056.0,0.0,0.0,0.10227272727272728
48.0,6.0,31.0,0.1,0.075,0.2,1.0,1031.0,0.0,0.0,0.1037827352085354
48.0,6.0,32.0,0.1,0.075,0.2,1.0,1036.0,0.0,0.0,0.10231660231660232
48.0,6.0,33.0,0.1,0.075,0.2,1.0,1030.0,0.0,0.0,0.10388349514563107
48.0,6.0,34.0,0.1,0.075,0.2,1.0,1033.0,0.0,0.0,0.10067763794772508
48.0,6.0,35.0,0.1,0.075,0.2,1.0,1003.0,0.0,0.0,0.10269192422731804
48.0,6.0,36.0,0.1,0.075,0.2,1.0,993.0,0.0,0.0,0.10171198388721048
48.0,6.0,37.0,0.1,0.075,0.2,1.0,960.0,0.0,0.0,0.10208333333333333
48.0,6.0,38.0,0.1,0.075,0.2,1.0,942.0,0.0,0.0,0.09872611464968153
48.0,6.0,39.0,0.1,0.075,0.2,1.0,932.0,0.0,0.0,0.09978540772532189
48.0,6.0,40.0,0.1,0.075,0.2,1.0,941.0,0.0,0.0,0.09776833156216791
48.0,6.0,41.0,0.1,0.075,0.2,1.0,896.0,0.0,0.0,0.1015625
48.0,6.0,42.0,0.1,0.075,0.2,1.0,904.0,0.0,0.0,0.09955752212389381
48.0,6.0,43.0,0.1,0.075,0.2,1.0,863.0,0.0,0.0,0.10196987253765932
48.0,6.0,44.0,0.1,0.075,0.2,1.0,871.0,0.0,0.0,0.09988518943742825
48.0,6.0,45.0,0.1,0.075,0.2,1.0,852.0,0.0,0.0,0.1772300469483568
48.0,6.0,46.0,0.1,0.075,0.2,1.0,844.0,0.0,0.0,0.17298578199052134
48.0,6.0,47.0,0.1,0.075,0.2,1.0,839.0,0.0,0.0,0.1764004767580453
48.0,6.0,48.0,0.1,0.075,0.2,1.0,844.0,0.0,0.0,0.17298578199052134
48.0,6.0,49.0,0.1,0.075,0.2,1.0,825.0,0.0,0.0,0.17939393939393938
48.0,6.0,50.0,0.1,0.075,0.2,1.0,836.0,0.0,0.0,0.17464114832535885
48.0,6.0,51.0,0.1,0.075,0.2,1.0,830.0,0.0,0.0,0.1783132530120482
48.0,6.0,52.0,0.1,0.075,0.2,1.0,819.0,0.0,0.0,0.17826617826617827
48.0,7.0,1.0,0.1,0.075,0.2,1.0,799.0,0.0,0.0,0.18397997496871088
48.0,7.0,2.0,0.1,0.075,0.2,1.0,801.0,0.0,0.0,0.1797752808988764
48.0,7.0,3.0,0.1,0.075,0.2,1.0,782.0,0.0,0.0,0.18286445012787725
48.0,7.0,4.0,0.1,0.075,0.2,1.0,786.0,0.0,0.0,0.17938931297709923
48.0,7.0,5.0,0.1,0.075,0.2,1.0,781.0,0.0,0.0,0.18309859154929578
48.0,7.0,6.0,0.1,0.075,0.2,1.0,784.0,0.0,0.0,0.17857142857142858
48.0,7.0,7.0,0.1,0.075,0.2,1.0,779.0,0.0,0.0,0.1822849807445443
48.0,7.0,8.0,0.1,0.075,0.2,1.0,776.0,0.0,0.0,0.1791237113402062
48.0,7.0,9.0,0.1,0.075,0.2,1.0,771.0,0.0,0.0,0.1828793774319066
48.0,7.0,10.0,0.1,0.075,0.2,1.0,753.0,0.0,0.0,0.17928286852589642
48.0,7.0,11.0,0.1,0.075,0.2,1.0,746.0,0.0,0.0,0.1836461126005362
48.0,7.0,12.0,0.1,0.075,0.2,1.0,749.0,0.0,0.0,0.1802403204272363
48.0,7.0,13.0,0.1,0.075,0.2,1.0,745.0,0.0,0.0,0.18389261744966443
48.0,7.0,14.0,0.1,0.075,0.2,1.0,747.0,0.0,0.0,0.18072289156626506
48.0,7.0,15.0,0.1,0.075,0.2,1.0,745.0,0.0,0.0,0.18389261744966443
48.0,7.0,16.0,0.1,0.075,0.2,1.0,747.0,0.0,0.0,0.18072289156626506
48.0,7.0,17.0,0.1,0.075,0.2,1.0,743.0,0.0,0.0,0.18438761776581428
48.0,7.0,18.0,0.1,0.075,0.2,1.0,746.0,0.0,0.0,0.18096514745308312
48.0,7.0,19.0,0.1,0.075,0.2,1.0,741.0,0.0,0.0,0.18218623481781376
48.0,7.0,20.0,0.1,0.075,0.2,1.0,1367.0,0.0,0.0,0.0980248719824433
48.0,7.0,21.0,0.1,0.075,0.2,1.0,1320.0,0.0,0.0,0.10075757575757575
48.0,7.0,22.0,0.1,0.075,0.2,1.0,1267.0,0.0,0.0,0.09944751381215469
48.0,7.0,23.0,0.1,0.075,0.2,1.0,1211.0,0.0,0.0,0.10074318744838975
48.0,7.0,24.0,0.1,0.075,0.2,1.0,1137.0,0.0,0.0,0.1011433597185576
48.0,7.0,25.0,0.1,0.075,0.2,1.0,1093.0,0.0,0.0,0.09972552607502287
48.0,7.0,26.0,0.1,0.075,0.2,1.0,1057.0,0.0,0.0,0.10312204351939451
48.0,7.0,27.0,0.1,0.075,0.2,1.0,1054.0,0.0,0.0,0.10341555977229601
48.0,7.0,28.0,0.1,0.075,0.2,1.0,1020.0,0.0,0.0,0.10196078431372549
48.0,7.0,29.0,0.1,0.075,0.2,1.0,1012.0,0.0,0.0,0.10276679841897234
48.0,7.0,30.0,0.1,0.075,0.2,1.0,988.0,0.0,0.0,0.10222672064777327
48.0,7.0,31.0,0.1,0.075,0.2,1.0,958.0,0.0,0.0,0.10334029227557412
48.0,7.0,32.0,0.1,0.075,0.2,1.0,914.0,0.0,0.0,0.1050328227571116
48.0,7.0,33.0,0.1,0.075,0.2,1.0,894.0,0.0,0.0,0.10738255033557047
48.0,7.0,34.0,0.1,0.075,0.2,1.0,897.0,0.0,0.0,0.10590858416945373
48.0,7.0,35.0,0.1,0.075,0.2,1.0,843.0,0.0,0.0,0.10913404507710557
48.0,7.0,36.0,0.1,0.075,0.2,1.0,833.0,0.0,0.0,0.10684273709483794
48.0,7.0,37.0,0.1,0.075,0.2,1.0,772.0,0.0,0.0,0.11139896373056994
48.0,7.0,38.0,0.1,0.075,0.2,1.0,759.0,0.0,0.0,0.11198945981554677
48.0,7.0,39.0,0.1,0.075,0.2,1.0,732.0,0.0,0.0,0.11475409836065574
48.0,7.0,40.0,0.1,0.075,0.2,1.0,730.0,0.0,0.0,0.11506849315068493
48.0,7.0,41.0,0.1,0.075,0.2,1.0,710.0,0.0,0.0,0.11690140845070422
48.0,7.0,42.0,0.1,0.075,0.2,1.0,708.0,0.0,0.0,0.1172316384180791
48.0,7.0,43.0,0.1,0.075,0.2,1.0,709.0,0.0,0.0,0.11847672778561354
48.0,7.0,44.0,0.1,0.075,0.2,1.0,697.0,0.0,0.0,0.11764705882352941
48.0,7.0,45.0,0.1,0.075,0.2,1.0,701.0,0.0,0.0,0.181169757489301
48.0,7.0,46.0,0.1,0.075,0.2,1.0,698.0,0.0,0.0,0.18051575931232092
48.0,7.0,47.0,0.1,0.075,0.2,1.0,691.0,0.0,0.0,0.17945007235890015
48.0,7.0,48.0,0.1,0.075,0.2,1.0,692.0,0.0,0.0,0.1777456647398844
48.0,7.0,49.0,0.1,0.075,0.2,1.0,681.0,0.0,0.0,0.1762114537444934
48.0,7.0,50.0,0.1,0.075,0.2,1.0,686.0,0.0,0.0,0.17784256559766765
48.0,7.0,51.0,0.1,0.075,0.2,1.0,676.0,0.0,0.0,0.1760355029585799
48.0,7.0,52.0,0.1,0.075,0.2,1.0,682.0,0.0,0.0,0.17595307917888564
48.0,8.0,1.0,0.1,0.075,0.2,1.0,673.0,0.0,0.0,0.17533432392273401
48.0,8.0,2.0,0.1,0.075,0.2,1.0,680.0,0.0,0.0,0.175
48.0,8.0,3.0,0.1,0.075,0.2,1.0,669.0,0.0,0.0,0.17638266068759342
48.0,8.0,4.0,0.1,0.075,0.2,1.0,675.0,0.0,0.0,0.1748148148148148
48.0,8.0,5.0,0.1,0.075,0.2,1.0,667.0,0.0,0.0,0.17541229385307347
48.0,8.0,6.0,0.1,0.075,0.2,1.0,676.0,0.0,0.0,0.17455621301775148
48.0,8.0,7.0,0.1,0.075,0.2,1.0,666.0,0.0,0.0,0.17567567567567569
48.0,8.0,8.0,0.1,0.075,0.2,1.0,659.0,0.0,0.0,0.17602427921092564
48.0,8.0,9.0,0.1,0.075,0.2,1.0,651.0,0.0,0.0,0.17665130568356374
48.0,8.0,10.0,0.1,0.075,0.2,1.0,656.0,0.0,0.0,0.17530487804878048
48.0,8.0,11.0,0.1,0.075,0.2,1.0,651.0,0.0,0.0,0.17511520737327188
48.0,8.0,12.0,0.1,0.075,0.2,1.0,653.0,0.0,0.0,0.17611026033690658
48.0,8.0,13.0,0.1,0.075,0.2,1.0,650.0,0.0,0.0,0.1753846153846154
48.0,8.0,14.0,0.1,0.075,0.2,1.0,652.0,0.0,0.0,0.17638036809815952
48.0,8.0,15.0,0.1,0.075,0.2,1.0,648.0,0.0,0.0,0.17592592592592593
48.0,8.0,16.0,0.1,0.075,0.2,1.0,625.0,0.0,0.0,0.1792
48.0,8.0,17.0,0.1,0.075,0.2,1.0,609.0,0.0,0.0,0.180623973727422
48.0,8.0,18.0,0.1,0.075,0.2,1.0,612.0,0.0,0.0,0.17973856209150327
48.0,8.0,19.0,0.1,0.075,0.2,1.0,609.0,0.0,0.0,0.17898193760262726
48.0,8.0,20.0,0.1,0.075,0.2,1.0,1082.0,0.0,0.0,0.10166358595194085
48.0,8.0,21.0,0.1,0.075,0.2,1.0,1064.0,0.0,0.0,0.10244360902255639
48.0,8.0,22.0,0.1,0.075,0.2,1.0,991.0,0.0,0.0,0.1029263370332997
48.0,8.0,23.0,0.1,0.075,0.2,1.0,947.0,0.0,0.0,0.10559662090813093
48.0,8.0,24.0,0.1,0.075,0.2,1.0,937.0,0.0,0.0,0.10779082177161152
48.0,8.0,25.0,0.1,0.075,0.2,1.0,918.0,0.0,0.0,0.10893246187363835
48.0,8.0,26.0,0.1,0.075,0.2,1.0,913.0,0.0,0.0,0.11062431544359255
48.0,8.0,27.0,0.1,0.075,0.2,1.0,876.0,0.0,0.0,0.11301369863013698
48.0,8.0,28.0,0.1,0.075,0.2,1.0,870.0,0.0,0.0,0.11379310344827587
48.0,8.0,29.0,0.1,0.075,0.2,1.0,853.0,0.0,0.0,0.11371629542790153
48.0,8.0,30.0,0.1,0.075,0.2,1.0,858.0,0.0,0.0,0.11421911421911422
48.0,8.0,31.0,0.1,0.075,0.2,1.0,836.0,0.0,0.0,0.11483253588516747
48.0,8.0,32.0,0.1,0.075,0.2,1.0,842.0,0.0,0.0,0.11520190023752969
48.0,8.0,33.0,0.1,0.075,0.2,1.0,838.0,0.0,0.0,0.11455847255369929
48.0,8.0,34.0,0.1,0.075,0.2,1.0,830.0,0.0,0.0,0.11566265060240964
48.0,8.0,35.0,0.1,0.075,0.2,1.0,826.0,0.0,0.0,0.11501210653753027
48.0,8.0,36.0,0.1,0.075,0.2,1.0,805.0,0.0,0.0,0.11925465838509317
48.0,8.0,37.0,0.1,0.075,0.2,1.0,798.0,0.0,0.0,0.11904761904761904
48.0,8.0,38.0,0.1,0.075,0.2,1.0,807.0,0.0,0.0,0.11895910780669144
48.0,8.0,39.0,0.1,0.075,0.2,1.0,800.0,0.0,0.0,0.11875
48.0,8.0,40.0,0.1,0.075,0.2,1.0,796.0,0.0,0.0,0.11934673366834171
48.0,8.0,41.0,0.1,0.075,0.2,1.0,789.0,0.0,0.0,0.11913814955640051
48.0,8.0,42.0,0.1,0.075,0.2,1.0,796.0,0.0,0.0,0.11934673366834171
48.0,8.0,43.0,0.1,0.075,0.2,1.0,789.0,0.0,0.0,0.11913814955640051
48.0,8.0,44.0,0.1,0.075,0.2,1.0,798.0,0.0,0.0,0.11904761904761904
48.0,8.0,45.0,0.1,0.075,0.2,1.0,787.0,0.0,0.0,0.1855146124523507
48.0,8.0,46.0,0.1,0.075,0.2,1.0,796.0,0.0,0.0,0.18592964824120603
48.0,8.0,47.0,0.1,0.075,0.2,1.0,783.0,0.0,0.0,0.1839080459770115
48.0,8.0,48.0,0.1,0.075,0.2,1.0,793.0,0.0,0.0,0.1853720050441362
48.0,8.0,49.0,0.1,0.075,0.2,1.0,785.0,0.0,0.0,0.18343949044585986
48.0,8.0,50.0,0.1,0.075,0.2,1.0,794.0,0.0,0.0,0.18513853904282115
48.0,8.0,51.0,0.1,0.075,0.2,1.0,783.0,0.0,0.0,0.1839080459770115
48.0,8.0,52.0,0.1,0.075,0.2,1.0,792.0,0.0,0.0,0.1856060606060606
48.0,9.0,1.0,0.1,0.075,0.2,1.0,784.0,0.0,0.0,0.1836734693877551
48.0,9.0,2.0,0.1,0.075,0.2,1.0,790.0,0.0,0.0,0.1848101265822785
48.0,9.0,3.0,0.1,0.075,0.2,1.0,784.0,0.0,0.0,0.1836734693877551
48.0,9.0,4.0,0.1,0.075,0.2,1.0,789.0,0.0,0.0,0.18631178707224336
48.0,9.0,5.0,0.1,0.075,0.2,1.0,781.0,0.0,0.0,0.18437900128040974
48.0,9.0,6.0,0.1,0.075,0.2,1.0,787.0,0.0,0.0,0.18678526048284624
48.0,9.0,7.0,0.1,0.075,0.2,1.0,780.0,0.0,0.0,0.18461538461538463
48.0,9.0,8.0,0.1,0.075,0.2,1.0,776.0,0.0,0.0,0.18814432989690721
48.0,9.0,9.0,0.1,0.075,0.2,1.0,767.0,0.0,0.0,0.18513689700130379
48.0,9.0,10.0,0.1,0.075,0.2,1.0,775.0,0.0,0.0,0.1870967741935484
48.0,9.0,11.0,0.1,0.075,0.2,1.0,766.0,0.0,0.0,0.185378590078329
48.0,9.0,12.0,0.1,0.075,0.2,1.0,773.0,0.0,0.0,0.18758085381630013
48.0,9.0,13.0,0.1,0.075,0.2,1.0,746.0,0.0,0.0,0.1903485254691689
48.0,9.0,14.0,0.1,0.075,0.2,1.0,754.0,0.0,0.0,0.19230769230769232
48.0,9.0,15.0,0.1,0.075,0.2,1.0,747.0,0.0,0.0,0.19009370816599733
48.0,9.0,16.0,0.1,0.075,0.2,1.0,754.0,0.0,0.0,0.19230769230769232
48.0,9.0,17.0,0.1,0.075,0.2,1.0,744.0,0.0,0.0,0.19086021505376344
48.0,9.0,18.0,0.1,0.075,0.2,1.0,755.0,0.0,0.0,0.19205298013245034
48.0,9.0,19.0,0.1,0.075,0.2,1.0,745.0,0.0,0.0,0.1906040268456376
48.0,9.0,20.0,0.1,0.075,0.2,1.0,1290.0,0.0,0.0,0.10465116279069768
48.0,9.0,21.0,0.1,0.075,0.2,1.0,1242.0,0.0,0.0,0.10547504025764895
48.0,9.0,22.0,0.1,0.075,0.2,1.0,1249.0,0.0,0.0,0.10728582866293035
48.0,9.0,23.0,0.1,0.075,0.2,1.0,1184.0,0.0,0.0,0.1097972972972973
48.0,9.0,24.0,0.1,0.075,0.2,1.0,1168.0,0.0,0.0,0.11301369863013698
48.0,9.0,25.0,0.1,0.075,0.2,1.0,1151.0,0.0,0.0,0.11207645525629888
48.0,9.0,26.0,0.1,0.075,0.2,1.0,1144.0,0.0,0.0,0.11276223776223776
48.0,9.0,27.0,0.1,0.075,0.2,1.0,1103.0,0.0,0.0,0.11423390752493201
48.0,9.0,28.0,0.1,0.075,0.2,1.0,1122.0,0.0,0.0,0.11497326203208556
48.0,9.0,29.0,0.1,0.075,0.2,1.0,1103.0,0.0,0.0,0.11332728921124206
48.0,9.0,30.0,0.1,0.075,0.2,1.0,1084.0,0.0,0.0,0.11623616236162361
48.0,9.0,31.0,0.1,0.075,0.2,1.0,1078.0,0.0,0.0,0.11595547309833024
48.0,9.0,32.0,0.1,0.075,0.2,1.0,1071.0,0.0,0.0,0.11671335200746966
48.0,9.0,33.0,0.1,0.075,0.2,1.0,1064.0,0.0,0.0,0.11654135338345864
48.0,9.0,34.0,0.1,0.075,0.2,1.0,1072.0,0.0,0.0,0.11753731343283583
48.0,9.0,35.0,0.1,0.075,0.2,1.0,1033.0,0.0,0.0,0.1181026137463698
48.0,9.0,36.0,0.1,0.075,0.2,1.0,1040.0,0.0,0.0,0.11826923076923077
48.0,9.0,37.0,0.1,0.075,0.2,1.0,1034.0,0.0,0.0,0.11798839458413926
48.0,9.0,38.0,0.1,0.075,0.2,1.0,1038.0,0.0,0.0,0.11849710982658959
48.0,9.0,39.0,0.1,0.075,0.2,1.0,1038.0,0.0,0.0,0.11753371868978806
48.0,9.0,40.0,0.1,0.075,0.2,1.0,1035.0,0.0,0.0,0.11884057971014493
48.0,9.0,41.0,0.1,0.075,0.2,1.0,1039.0,0.0,0.0,0.11742059672762271
48.0,9.0,42.0,0.1,0.075,0.2,1.0,982.0,0.0,0.0,0.11812627291242363
48.0,9.0,43.0,0.1,0.075,0.2,1.0,958.0,0.0,0.0,0.11795407098121086
48.0,9.0,44.0,0.1,0.075,0.2,1.0,943.0,0.0,0.0,0.11983032873807
48.0,9.0,45.0,0.1,0.075,0.2,1.0,947.0,0.0,0.0,0.191129883843717
48.0,9.0,46.0,0.1,0.075,0.2,1.0,943.0,0.0,0.0,0.19300106044538706
48.0,9.0,47.0,0.1,0.075,0.2,1.0,947.0,0.0,0.0,0.191129883843717
48.0,9.0,48.0,0.1,0.075,0.2,1.0,943.0,0.0,0.0,0.19300106044538706
48.0,9.0,49.0,0.1,0.075,0.2,1.0,947.0,0.0,0.0,0.191129883843717
48.0,9.0,50.0,0.1,0.075,0.2,1.0,944.0,0.0,0.0,0.19279661016949154
48.0,9.0,51.0,0.1,0.075,0.2,1.0,944.0,0.0,0.0,0.1917372881355932
48.0,9.0,52.0,0.1,0.075,0.2,1.0,943.0,0.0,0.0,0.19300106044538706
48.0,10.0,1.0,0.1,0.075,0.2,1.0,942.0,0.0,0.0,0.1921443736730361
48.0,10.0,2.0,0.1,0.075,0.2,1.0,939.0,0.0,0.0,0.19382321618743345
48.0,10.0,3.0,0.1,0.075,0.2,1.0,941.0,0.0,0.0,0.19341126461211477
48.0,10.0,4.0,0.1,0.075,0.2,1.0,939.0,0.0,0.0,0.19382321618743345
48.0,10.0,5.0,0.1,0.075,0.2,1.0,940.0,0.0,0.0,0.19361702127659575
48.0,10.0,6.0,0.1,0.075,0.2,1.0,938.0,0.0,0.0,0.1929637526652452
48.0,10.0,7.0,0.1,0.075,0.2,1.0,939.0,0.0,0.0,0.19382321618743345
48.0,10.0,8.0,0.1,0.075,0.2,1.0,933.0,0.0,0.0,0.1939978563772776
48.0,10.0,9.0,0.1,0.075,0.2,1.0,932.0,0.0,0.0,0.194206008583691
48.0,10.0,10.0,0.1,0.075,0.2,1.0,930.0,0.0,0.0,0.19462365591397848
48.0,10.0,11.0,0.1,0.075,0.2,1.0,934.0,0.0,0.0,0.1948608137044968
48.0,10.0,12.0,0.1,0.075,0.2,1.0,929.0,0.0,0.0,0.19483315392895587
48.0,10.0,13.0,0.1,0.075,0.2,1.0,928.0,0.0,0.0,0.19504310344827586
48.0,10.0,14.0,0.1,0.075,0.2,1.0,927.0,0.0,0.0,0.1941747572815534
48.0,10.0,15.0,0.1,0.075,0.2,1.0,914.0,0.0,0.0,0.19693654266958424
48.0,10.0,16.0,0.1,0.075,0.2,1.0,888.0,0.0,0.0,0.1981981981981982
48.0,10.0,17.0,0.1,0.075,0.2,1.0,891.0,0.0,0.0,0.19865319865319866
48.0,10.0,18.0,0.1,0.075,0.2,1.0,888.0,0.0,0.0,0.1981981981981982
48.0,10.0,19.0,0.1,0.075,0.2,1.0,891.0,0.0,0.0,0.19865319865319866
48.0,10.0,20.0,0.1,0.075,0.2,1.0,1578.0,0.0,0.0,0.10329531051964512
48.0,10.0,21.0,0.1,0.075,0.2,1.0,1518.0,0.0,0.0,0.1067193675889328
48.0,10.0,22.0,0.1,0.075,0.2,1.0,1481.0,0.0,0.0,0.10735989196488858
48.0,10.0,23.0,0.1,0.075,0.2,1.0,1427.0,0.0,0.0,0.10932025227750526
48.0,10.0,24.0,0.1,0.075,0.2,1.0,1406.0,0.0,0.0,0.11095305832147938
48.0,10.0,25.0,0.1,0.075,0.2,1.0,1353.0,0.0,0.0,0.1123429416112343
48.0,10.0,26.0,0.1,0.075,0.2,1.0,1329.0,0.0,0.0,0.11286681715575621
48.0,10.0,27.0,0.1,0.075,0.2,1.0,1293.0,0.0,0.0,0.11446249033255994
48.0,10.0,28.0,0.1,0.075,0.2,1.0,1237.0,0.0,0.0,0.116410670978173
48.0,10.0,29.0,0.1,0.075,0.2,1.0,1208.0,0.0,0.0,0.11672185430463576
48.0,10.0,30.0,0.1,0.075,0.2,1.0,1208.0,0.0,0.0,0.11672185430463576
48.0,10.0,31.0,0.1,0.075,0.2,1.0,1161.0,0.0,0.0,0.11972437553832903
48.0,10.0,32.0,0.1,0.075,0.2,1.0,1132.0,0.0,0.0,0.12190812720848057
48.0,10.0,33.0,0.1,0.075,0.2,1.0,1115.0,0.0,0.0,0.12376681614349776
48.0,10.0,34.0,0.1,0.075,0.2,1.0,1096.0,0.0,0.0,0.125
48.0,10.0,35.0,0.1,0.075,0.2,1.0,1082.0,0.0,0.0,0.1256931608133087
48.0,10.0,36.0,0.1,0.075,0.2,1.0,1071.0,0.0,0.0,0.12698412698412698
48.0,10.0,37.0,0.1,0.075,0.2,1.0,1026.0,0.0,0.0,0.1276803118908382
48.0,10.0,38.0,0.1,0.075,0.2,1.0,1015.0,0.0,0.0,0.1270935960591133
48.0,10.0,39.0,0.1,0.075,0.2,1.0,1003.0,0.0,0.0,0.12761714855433698
48.0,10.0,40.0,0.1,0.075,0.2,1.0,994.0,0.0,0.0,0.12776659959758552
48.0,10.0,41.0,0.1,0.075,0.2,1.0,963.0,0.0,0.0,0.1308411214953271
48.0,10.0,42.0,0.1,0.075,0.2,1.0,969.0,0.0,0.0,0.13003095975232198
48.0,10.0,43.0,0.1,0.075,0.2,1.0,963.0,0.0,0.0,0.1308411214953271
48.0,10.0,44.0,0.1,0.075,0.2,1.0,954.0,0.0,0.0,0.1320754716981132
48.0,10.0,45.0,0.1,0.075,0.2,1.0,949.0,0.0,0.0,0.20758693361433087
48.0,10.0,46.0,0.1,0.075,0.2,1.0,957.0,0.0,0.0,0.2110762800417973
48.0,10.0,47.0,0.1,0.075,0.2,1.0,942.0,0.0,0.0,0.2091295116772824
48.0,10.0,48.0,0.1,0.075,0.2,1.0,945.0,0.0,0.0,0.2126984126984127
48.0,10.0,49.0,0.1,0.075,0.2,1.0,928.0,0.0,0.0,0.2122844827586207
48.0,10.0,50.0,0.1,0.075,0.2,1.0,934.0,0.0,0.0,0.215203426124197
48.0,10.0,51.0,0.1,0.075,0.2,1.0,931.0,0.0,0.0,0.21267454350161116
48.0,10.0,52.0,0.1,0.075,0.2,1.0,932.0,0.0,0.0,0.21566523605150215
49.0,1.0,1.0,0.1,0.075,0.2,1.0,5103.0,52.0,6.0,0.09465020576131687
49.0,1.0,2.0,0.1,0.075,0.2,1.0,5085.0,59.0,16.0,0.0951819075712881
49.0,1.0,3.0,0.1,0.075,0.2,1.0,5054.0,75.0,34.0,0.09556786703601108
49.0,1.0,4.0,0.1,0.075,0.2,1.0,5020.0,98.0,37.0,0.0952191235059761
49.0,1.0,5.0,0.1,0.075,0.2,1.0,5015.0,116.0,45.0,0.09571286141575275
49.0,1.0,6.0,0.1,0.075,0.2,1.0,4911.0,136.0,49.0,0.09509264915495826
49.0,1.0,7.0,0.1,0.075,0.2,1.0,4777.0,168.0,59.0,0.09692275486707139
49.0,1.0,8.0,0.1,0.075,0.2,1.0,4589.0,196.0,70.0,0.09631728045325778
49.0,1.0,9.0,0.1,0.075,0.2,1.0,4452.0,247.0,84.0,0.09748427672955975
49.0,1.0,10.0,0.1,0.075,0.2,1.0,4342.0,300.0,105.0,0.0985720865960387
49.0,1.0,11.0,0.1,0.075,0.2,1.0,4124.0,321.0,123.0,0.09747817652764307
49.0,1.0,12.0,0.1,0.075,0.2,1.0,4027.0,352.0,142.0,0.09833623044449963
49.0,1.0,13.0,0.1,0.075,0.2,1.0,3872.0,400.0,175.0,0.10020661157024793
49.0,1.0,14.0,0.1,0.075,0.2,1.0,3753.0,437.0,179.0,0.10205169197974953
49.0,1.0,15.0,0.1,0.075,0.2,1.0,3620.0,457.0,203.0,0.10359116022099447
49.0,1.0,16.0,0.1,0.075,0.2,1.0,3476.0,442.0,216.0,0.10529344073647871
49.0,1.0,17.0,0.1,0.075,0.2,1.0,3340.0,444.0,212.0,0.10688622754491017
49.0,1.0,18.0,0.1,0.075,0.2,1.0,3221.0,452.0,214.0,0.10804098106178206
49.0,1.0,19.0,0.1,0.075,0.2,1.0,3089.0,428.0,198.0,0.1120103593395921
49.0,1.0,20.0,0.1,0.075,0.2,1.0,5727.0,416.0,228.0,0.06006635236598568
49.0,1.0,21.0,0.1,0.075,0.2,1.0,5230.0,487.0,200.0,0.061950286806883366
49.0,1.0,22.0,0.1,0.075,0.2,1.0,4859.0,517.0,208.0,0.06421074295122453
49.0,1.0,23.0,0.1,0.075,0.2,1.0,4494.0,531.0,211.0,0.06853582554517133
49.0,1.0,24.0,0.1,0.075,0.2,1.0,4307.0,574.0,241.0,0.07058277223125145
49.0,1.0,25.0,0.1,0.075,0.2,1.0,4007.0,570.0,230.0,0.07461941602196157
49.0,1.0,26.0,0.1,0.075,0.2,1.0,3785.0,558.0,238.0,0.07767503302509908
49.0,1.0,27.0,0.1,0.075,0.2,1.0,3526.0,529.0,241.0,0.08196256381168462
49.0,1.0,28.0,0.1,0.075,0.2,1.0,3398.0,558.0,272.0,0.08416715715126545
49.0,1.0,29.0,0.1,0.075,0.2,1.0,3181.0,573.0,251.0,0.08707953473750393
49.0,1.0,30.0,0.1,0.075,0.2,1.0,2985.0,564.0,238.0,0.09112227805695143
49.0,1.0,31.0,0.1,0.075,0.2,1.0,2815.0,547.0,235.0,0.09520426287744227
49.0,1.0,32.0,0.1,0.075,0.2,1.0,2679.0,584.0,271.0,0.09742441209406495
49.0,1.0,33.0,0.1,0.075,0.2,1.0,2509.0,554.0,267.0,0.10282981267437226
49.0,1.0,34.0,0.1,0.075,0.2,1.0,2330.0,544.0,278.0,0.10858369098712446
49.0,1.0,35.0,0.1,0.075,0.2,1.0,2161.0,489.0,244.0,0.11614993058769088
49.0,1.0,36.0,0.1,0.075,0.2,1.0,2018.0,465.0,261.0,0.12388503468780972
49.0,1.0,37.0,0.1,0.075,0.2,1.0,1903.0,427.0,223.0,0.13189700472937468
49.0,1.0,38.0,0.1,0.075,0.2,1.0,1779.0,423.0,218.0,0.13884204609331086
49.0,1.0,39.0,0.1,0.075,0.2,1.0,1657.0,368.0,172.0,0.14785757392878696
49.0,1.0,40.0,0.1,0.075,0.2,1.0,1539.0,335.0,157.0,0.15659519168291097
49.0,1.0,41.0,0.1,0.075,0.2,1.0,1441.0,302.0,163.0,0.16377515614156835
49.0,1.0,42.0,0.1,0.075,0.2,1.0,1361.0,287.0,163.0,0.17266715650257164
49.0,1.0,43.0,0.1,0.075,0.2,1.0,1319.0,269.0,153.0,0.17664897649734648
49.0,1.0,44.0,0.1,0.075,0.2,1.0,1211.0,235.0,130.0,0.1915772089182494
49.0,1.0,45.0,0.1,0.075,0.2,1.0,1165.0,210.0,128.0,0.2703862660944206
49.0,1.0,46.0,0.1,0.075,0.2,1.0,1078.0,180.0,105.0,0.2829313543599258
49.0,1.0,47.0,0.1,0.075,0.2,1.0,1040.0,170.0,90.0,0.2846153846153846
49.0,1.0,48.0,0.1,0.075,0.2,1.0,969.0,139.0,68.0,0.29411764705882354
49.0,1.0,49.0,0.1,0.075,0.2,1.0,938.0,132.0,70.0,0.3049040511727079
49.0,1.0,50.0,0.1,0.075,0.2,1.0,898.0,120.0,67.0,0.31403118040089084
49.0,1.0,51.0,0.1,0.075,0.2,1.0,871.0,106.0,62.0,0.3203214695752009
49.0,1.0,52.0,0.1,0.075,0.2,1.0,830.0,99.0,53.0,0.3301204819277108
49.0,2.0,1.0,0.1,0.075,0.2,1.0,812.0,89.0,49.0,0.33004926108374383
49.0,2.0,2.0,0.1,0.075,0.2,1.0,775.0,74.0,46.0,0.3432258064516129
49.0,2.0,3.0,0.1,0.075,0.2,1.0,771.0,65.0,36.0,0.3476005188067445
49.0,2.0,4.0,0.1,0.075,0.2,1.0,731.0,52.0,35.0,0.3543091655266758
49.0,2.0,5.0,0.1,0.075,0.2,1.0,728.0,40.0,24.0,0.3585164835164835
49.0,2.0,6.0,0.1,0.075,0.2,1.0,701.0,38.0,24.0,0.3637660485021398
49.0,2.0,7.0,0.1,0.075,0.2,1.0,701.0,29.0,16.0,0.3680456490727532
49.0,2.0,8.0,0.1,0.075,0.2,1.0,673.0,26.0,17.0,0.37444279346210996
49.0,2.0,9.0,0.1,0.075,0.2,1.0,681.0,23.0,15.0,0.37738619676945667
49.0,2.0,10.0,0.1,0.075,0.2,1.0,655.0,20.0,12.0,0.3847328244274809
49.0,2.0,11.0,0.1,0.075,0.2,1.0,660.0,16.0,9.0,0.38636363636363635
49.0,2.0,12.0,0.1,0.075,0.2,1.0,638.0,13.0,7.0,0.3871473354231975
49.0,2.0,13.0,0.1,0.075,0.2,1.0,642.0,11.0,5.0,0.3847352024922118
49.0,2.0,14.0,0.1,0.075,0.2,1.0,626.0,8.0,4.0,0.38817891373801916
49.0,2.0,15.0,0.1,0.075,0.2,1.0,633.0,7.0,4.0,0.38704581358609796
49.0,2.0,16.0,0.1,0.075,0.2,1.0,610.0,7.0,5.0,0.3885245901639344
49.0,2.0,17.0,0.1,0.075,0.2,1.0,616.0,7.0,3.0,0.38636363636363635
49.0,2.0,18.0,0.1,0.075,0.2,1.0,597.0,6.0,2.0,0.3852596314907873
49.0,2.0,19.0,0.1,0.075,0.2,1.0,607.0,4.0,1.0,0.3871499176276771
49.0,2.0,20.0,0.1,0.075,0.2,1.0,1086.0,5.0,3.0,0.20994475138121546
49.0,2.0,21.0,0.1,0.075,0.2,1.0,1085.0,7.0,3.0,0.20829493087557605
49.0,2.0,22.0,0.1,0.075,0.2,1.0,1049.0,8.0,3.0,0.20972354623450906
49.0,2.0,23.0,0.1,0.075,0.2,1.0,1038.0,6.0,1.0,0.20616570327552985
49.0,2.0,24.0,0.1,0.075,0.2,1.0,1021.0,6.0,2.0,0.20274240940254654
49.0,2.0,25.0,0.1,0.075,0.2,1.0,1013.0,6.0,4.0,0.20138203356367226
49.0,2.0,26.0,0.1,0.075,0.2,1.0,978.0,9.0,4.0,0.20245398773006135
49.0,2.0,27.0,0.1,0.075,0.2,1.0,954.0,11.0,4.0,0.20230607966457023
49.0,2.0,28.0,0.1,0.075,0.2,1.0,921.0,8.0,1.0,0.20412595005428882
49.0,2.0,29.0,0.1,0.075,0.2,1.0,915.0,8.0,3.0,0.20327868852459016
49.0,2.0,30.0,0.1,0.075,0.2,1.0,903.0,7.0,4.0,0.2059800664451827
49.0,2.0,31.0,0.1,0.075,0.2,1.0,883.0,10.0,5.0,0.20838052095130238
49.0,2.0,32.0,0.1,0.075,0.2,1.0,876.0,12.0,6.0,0.20776255707762556
49.0,2.0,33.0,0.1,0.075,0.2,1.0,858.0,12.0,5.0,0.21095571095571095
49.0,2.0,34.0,0.1,0.075,0.2,1.0,861.0,15.0,7.0,0.20905923344947736
49.0,2.0,35.0,0.1,0.075,0.2,1.0,821.0,11.0,1.0,0.21559074299634592
49.0,2.0,36.0,0.1,0.075,0.2,1.0,818.0,11.0,4.0,0.21882640586797067
49.0,2.0,37.0,0.1,0.075,0.2,1.0,810.0,13.0,7.0,0.21851851851851853
49.0,2.0,38.0,0.1,0.075,0.2,1.0,804.0,19.0,8.0,0.21766169154228857
49.0,2.0,39.0,0.1,0.075,0.2,1.0,799.0,16.0,9.0,0.21777221526908636
49.0,2.0,40.0,0.1,0.075,0.2,1.0,782.0,15.0,7.0,0.22122762148337596
49.0,2.0,41.0,0.1,0.075,0.2,1.0,768.0,25.0,9.0,0.22265625
49.0,2.0,42.0,0.1,0.075,0.2,1.0,748.0,24.0,7.0,0.2192513368983957
49.0,2.0,43.0,0.1,0.075,0.2,1.0,750.0,22.0,9.0,0.22266666666666668
49.0,2.0,44.0,0.1,0.075,0.2,1.0,735.0,24.0,12.0,0.2217687074829932
49.0,2.0,45.0,0.1,0.075,0.2,1.0,723.0,28.0,12.0,0.28077455048409405
49.0,2.0,46.0,0.1,0.075,0.2,1.0,710.0,27.0,11.0,0.28450704225352114
49.0,2.0,47.0,0.1,0.075,0.2,1.0,701.0,25.0,12.0,0.28245363766048504
49.0,2.0,48.0,0.1,0.075,0.2,1.0,685.0,26.0,11.0,0.291970802919708
49.0,2.0,49.0,0.1,0.075,0.2,1.0,679.0,23.0,14.0,0.29013254786450665
49.0,2.0,50.0,0.1,0.075,0.2,1.0,664.0,23.0,13.0,0.2936746987951807
49.0,2.0,51.0,0.1,0.075,0.2,1.0,655.0,21.0,11.0,0.2885496183206107
49.0,2.0,52.0,0.1,0.075,0.2,1.0,639.0,19.0,7.0,0.2942097026604069
49.0,3.0,1.0,0.1,0.075,0.2,1.0,640.0,17.0,10.0,0.290625
49.0,3.0,2.0,0.1,0.075,0.2,1.0,631.0,19.0,11.0,0.294770206022187
49.0,3.0,3.0,0.1,0.075,0.2,1.0,630.0,20.0,12.0,0.2920634920634921
49.0,3.0,4.0,0.1,0.075,0.2,1.0,617.0,16.0,6.0,0.2965964343598055
49.0,3.0,5.0,0.1,0.075,0.2,1.0,608.0,19.0,11.0,0.29605263157894735
49.0,3.0,6.0,0.1,0.075,0.2,1.0,596.0,18.0,11.0,0.3036912751677852
49.0,3.0,7.0,0.1,0.075,0.2,1.0,594.0,22.0,13.0,0.2996632996632997
49.0,3.0,8.0,0.1,0.075,0.2,1.0,574.0,16.0,6.0,0.31010452961672474
49.0,3.0,9.0,0.1,0.075,0.2,1.0,563.0,16.0,5.0,0.3108348134991119
49.0,3.0,10.0,0.1,0.075,0.2,1.0,544.0,14.0,6.0,0.32169117647058826
49.0,3.0,11.0,0.1,0.075,0.2,1.0,548.0,18.0,9.0,0.31386861313868614
49.0,3.0,12.0,0.1,0.075,0.2,1.0,529.0,18.0,12.0,0.31947069943289225
49.0,3.0,13.0,0.1,0.075,0.2,1.0,529.0,18.0,10.0,0.31568998109640833
49.0,3.0,14.0,0.1,0.075,0.2,1.0,522.0,18.0,13.0,0.32375478927203066
49.0,3.0,15.0,0.1,0.075,0.2,1.0,517.0,14.0,10.0,0.3152804642166344
49.0,3.0,16.0,0.1,0.075,0.2,1.0,508.0,13.0,9.0,0.32677165354330706
49.0,3.0,17.0,0.1,0.075,0.2,1.0,503.0,10.0,4.0,0.3220675944333996
49.0,3.0,18.0,0.1,0.075,0.2,1.0,496.0,8.0,6.0,0.3326612903225806
49.0,3.0,19.0,0.1,0.075,0.2,1.0,500.0,9.0,6.0,0.324
49.0,3.0,20.0,0.1,0.075,0.2,1.0,869.0,9.0,6.0,0.189873417721519
49.0,3.0,21.0,0.1,0.075,0.2,1.0,849.0,12.0,2.0,0.18610129564193167
49.0,3.0,22.0,0.1,0.075,0.2,1.0,843.0,11.0,5.0,0.19217081850533807
49.0,3.0,23.0,0.1,0.075,0.2,1.0,832.0,15.0,5.0,0.18870192307692307
49.0,3.0,24.0,0.1,0.075,0.2,1.0,803.0,18.0,6.0,0.19427148194271482
49.0,3.0,25.0,0.1,0.075,0.2,1.0,762.0,14.0,4.0,0.1889763779527559
49.0,3.0,26.0,0.1,0.075,0.2,1.0,754.0,14.0,7.0,0.19363395225464192
49.0,3.0,27.0,0.1,0.075,0.2,1.0,716.0,20.0,8.0,0.19553072625698323
49.0,3.0,28.0,0.1,0.075,0.2,1.0,726.0,23.0,10.0,0.20110192837465565
49.0,3.0,29.0,0.1,0.075,0.2,1.0,690.0,19.0,10.0,0.19420289855072465
49.0,3.0,30.0,0.1,0.075,0.2,1.0,675.0,22.0,11.0,0.1985185185185185
49.0,3.0,31.0,0.1,0.075,0.2,1.0,653.0,22.0,11.0,0.19601837672281777
49.0,3.0,32.0,0.1,0.075,0.2,1.0,637.0,25.0,9.0,0.19937205651491366
49.0,3.0,33.0,0.1,0.075,0.2,1.0,613.0,26.0,12.0,0.200652528548124
49.0,3.0,34.0,0.1,0.075,0.2,1.0,617.0,30.0,9.0,0.20583468395461912
49.0,3.0,35.0,0.1,0.075,0.2,1.0,601.0,32.0,16.0,0.20299500831946754
49.0,3.0,36.0,0.1,0.075,0.2,1.0,601.0,30.0,14.0,0.2079866888519135
49.0,3.0,37.0,0.1,0.075,0.2,1.0,583.0,34.0,17.0,0.2006861063464837
49.0,3.0,38.0,0.1,0.075,0.2,1.0,571.0,28.0,11.0,0.2084063047285464
49.0,3.0,39.0,0.1,0.075,0.2,1.0,554.0,26.0,13.0,0.20577617328519857
49.0,3.0,40.0,0.1,0.075,0.2,1.0,550.0,24.0,12.0,0.21272727272727274
49.0,3.0,41.0,0.1,0.075,0.2,1.0,536.0,21.0,17.0,0.208955223880597
49.0,3.0,42.0,0.1,0.075,0.2,1.0,530.0,22.0,13.0,0.2169811320754717
49.0,3.0,43.0,0.1,0.075,0.2,1.0,513.0,20.0,10.0,0.21442495126705652
49.0,3.0,44.0,0.1,0.075,0.2,1.0,499.0,11.0,4.0,0.22645290581162325
49.0,3.0,45.0,0.1,0.075,0.2,1.0,497.0,11.0,7.0,0.27364185110663986
49.0,3.0,46.0,0.1,0.075,0.2,1.0,495.0,11.0,8.0,0.2787878787878788
49.0,3.0,47.0,0.1,0.075,0.2,1.0,488.0,11.0,7.0,0.27459016393442626
49.0,3.0,48.0,0.1,0.075,0.2,1.0,475.0,8.0,4.0,0.28210526315789475
49.0,3.0,49.0,0.1,0.075,0.2,1.0,476.0,7.0,5.0,0.2773109243697479
49.0,3.0,50.0,0.1,0.075,0.2,1.0,466.0,7.0,4.0,0.2832618025751073
49.0,3.0,51.0,0.1,0.075,0.2,1.0,466.0,9.0,4.0,0.27467811158798283
49.0,3.0,52.0,0.1,0.075,0.2,1.0,458.0,7.0,2.0,0.2838427947598253
49.0,4.0,1.0,0.1,0.075,0.2,1.0,460.0,7.0,4.0,0.2717391304347826
49.0,4.0,2.0,0.1,0.075,0.2,1.0,451.0,6.0,5.0,0.28159645232815966
49.0,4.0,3.0,0.1,0.075,0.2,1.0,450.0,6.0,4.0,0.27555555555555555
49.0,4.0,4.0,0.1,0.075,0.2,1.0,443.0,5.0,2.0,0.28442437923250563
49.0,4.0,5.0,0.1,0.075,0.2,1.0,444.0,4.0,2.0,0.27702702702702703
49.0,4.0,6.0,0.1,0.075,0.2,1.0,436.0,5.0,4.0,0.2798165137614679
49.0,4.0,7.0,0.1,0.075,0.2,1.0,441.0,6.0,4.0,0.2743764172335601
49.0,4.0,8.0,0.1,0.075,0.2,1.0,427.0,3.0,1.0,0.2786885245901639
49.0,4.0,9.0,0.1,0.075,0.2,1.0,429.0,2.0,1.0,0.2773892773892774
49.0,4.0,10.0,0.1,0.075,0.2,1.0,422.0,2.0,1.0,0.28199052132701424
49.0,4.0,11.0,0.1,0.075,0.2,1.0,425.0,2.0,2.0,0.2776470588235294
49.0,4.0,12.0,0.1,0.075,0.2,1.0,417.0,1.0,1.0,0.27817745803357313
49.0,4.0,13.0,0.1,0.075,0.2,1.0,421.0,2.0,1.0,0.27315914489311166
49.0,4.0,14.0,0.1,0.075,0.2,1.0,413.0,1.0,0.0,0.27602905569007263
49.0,4.0,15.0,0.1,0.075,0.2,1.0,422.0,1.0,0.0,0.2725118483412322
49.0,4.0,16.0,0.1,0.075,0.2,1.0,414.0,1.0,1.0,0.2777777777777778
49.0,4.0,17.0,0.1,0.075,0.2,1.0,422.0,1.0,1.0,0.2725118483412322
49.0,4.0,18.0,0.1,0.075,0.2,1.0,413.0,2.0,1.0,0.2784503631961259
49.0,4.0,19.0,0.1,0.075,0.2,1.0,416.0,1.0,0.0,0.27403846153846156
49.0,4.0,20.0,0.1,0.075,0.2,1.0,714.0,1.0,0.0,0.15966386554621848
49.0,4.0,21.0,0.1,0.075,0.2,1.0,703.0,1.0,1.0,0.16073968705547653
49.0,4.0,22.0,0.1,0.075,0.2,1.0,672.0,4.0,1.0,0.16815476190476192
49.0,4.0,23.0,0.1,0.075,0.2,1.0,673.0,4.0,1.0,0.1649331352154532
49.0,4.0,24.0,0.1,0.075,0.2,1.0,654.0,2.0,0.0,0.16972477064220184
49.0,4.0,25.0,0.1,0.075,0.2,1.0,625.0,2.0,1.0,0.1664
49.0,4.0,26.0,0.1,0.075,0.2,1.0,604.0,2.0,1.0,0.17549668874172186
49.0,4.0,27.0,0.1,0.075,0.2,1.0,612.0,2.0,2.0,0.16830065359477125
49.0,4.0,28.0,0.1,0.075,0.2,1.0,580.0,2.0,1.0,0.1724137931034483
49.0,4.0,29.0,0.1,0.075,0.2,1.0,572.0,3.0,2.0,0.16433566433566432
49.0,4.0,30.0,0.1,0.075,0.2,1.0,557.0,3.0,1.0,0.1651705565529623
49.0,4.0,31.0,0.1,0.075,0.2,1.0,554.0,3.0,2.0,0.1588447653429603
49.0,4.0,32.0,0.1,0.075,0.2,1.0,544.0,4.0,1.0,0.1636029411764706
49.0,4.0,33.0,0.1,0.075,0.2,1.0,544.0,5.0,2.0,0.15808823529411764
49.0,4.0,34.0,0.1,0.075,0.2,1.0,520.0,6.0,1.0,0.16538461538461538
49.0,4.0,35.0,0.1,0.075,0.2,1.0,520.0,7.0,2.0,0.16346153846153846
49.0,4.0,36.0,0.1,0.075,0.2,1.0,513.0,5.0,1.0,0.16764132553606237
49.0,4.0,37.0,0.1,0.075,0.2,1.0,514.0,5.0,4.0,0.16342412451361868
49.0,4.0,38.0,0.1,0.075,0.2,1.0,511.0,7.0,3.0,0.16634050880626222
49.0,4.0,39.0,0.1,0.075,0.2,1.0,509.0,7.0,4.0,0.16306483300589392
49.0,4.0,40.0,0.1,0.075,0.2,1.0,503.0,7.0,1.0,0.16302186878727634
49.0,4.0,41.0,0.1,0.075,0.2,1.0,503.0,7.0,2.0,0.1610337972166998
49.0,4.0,42.0,0.1,0.075,0.2,1.0,499.0,6.0,3.0,0.16432865731462926
49.0,4.0,43.0,0.1,0.075,0.2,1.0,499.0,7.0,4.0,0.16032064128256512
49.0,4.0,44.0,0.1,0.075,0.2,1.0,492.0,8.0,3.0,0.16260162601626016
49.0,4.0,45.0,0.1,0.075,0.2,1.0,489.0,6.0,4.0,0.2229038854805726
49.0,4.0,46.0,0.1,0.075,0.2,1.0,474.0,7.0,3.0,0.229957805907173
49.0,4.0,47.0,0.1,0.075,0.2,1.0,474.0,8.0,3.0,0.22573839662447256
49.0,4.0,48.0,0.1,0.075,0.2,1.0,464.0,6.0,4.0,0.22629310344827586
49.0,4.0,49.0,0.1,0.075,0.2,1.0,459.0,7.0,4.0,0.2222222222222222
49.0,4.0,50.0,0.1,0.075,0.2,1.0,458.0,10.0,6.0,0.22489082969432314
49.0,4.0,51.0,0.1,0.075,0.2,1.0,452.0,7.0,3.0,0.2234513274336283
49.0,4.0,52.0,0.1,0.075,0.2,1.0,447.0,8.0,5.0,0.21923937360178972
49.0,5.0,1.0,0.1,0.075,0.2,1.0,445.0,7.0,3.0,0.2202247191011236
49.0,5.0,2.0,0.1,0.075,0.2,1.0,443.0,7.0,3.0,0.22121896162528218
49.0,5.0,3.0,0.1,0.075,0.2,1.0,441.0,5.0,3.0,0.2199546485260771
49.0,5.0,4.0,0.1,0.075,0.2,1.0,441.0,6.0,4.0,0.2222222222222222
49.0,5.0,5.0,0.1,0.075,0.2,1.0,439.0,7.0,4.0,0.22095671981776766
49.0,5.0,6.0,0.1,0.075,0.2,1.0,435.0,5.0,3.0,0.22298850574712645
49.0,5.0,7.0,0.1,0.075,0.2,1.0,434.0,6.0,3.0,0.22119815668202766
49.0,5.0,8.0,0.1,0.075,0.2,1.0,429.0,6.0,3.0,0.22377622377622378
49.0,5.0,9.0,0.1,0.075,0.2,1.0,424.0,6.0,3.0,0.2240566037735849
49.0,5.0,10.0,0.1,0.075,0.2,1.0,419.0,5.0,3.0,0.2243436754176611
49.0,5.0,11.0,0.1,0.075,0.2,1.0,421.0,6.0,2.0,0.22327790973871733
49.0,5.0,12.0,0.1,0.075,0.2,1.0,416.0,5.0,2.0,0.22596153846153846
49.0,5.0,13.0,0.1,0.075,0.2,1.0,417.0,4.0,1.0,0.22302158273381295
49.0,5.0,14.0,0.1,0.075,0.2,1.0,412.0,7.0,3.0,0.220873786407767
49.0,5.0,15.0,0.1,0.075,0.2,1.0,413.0,6.0,3.0,0.22033898305084745
49.0,5.0,16.0,0.1,0.075,0.2,1.0,410.0,8.0,5.0,0.21951219512195122
49.0,5.0,17.0,0.1,0.075,0.2,1.0,409.0,8.0,3.0,0.2176039119804401
49.0,5.0,18.0,0.1,0.075,0.2,1.0,406.0,7.0,4.0,0.22167487684729065
49.0,5.0,19.0,0.1,0.075,0.2,1.0,406.0,6.0,2.0,0.21921182266009853
49.0,5.0,20.0,0.1,0.075,0.2,1.0,764.0,7.0,4.0,0.11780104712041885
49.0,5.0,21.0,0.1,0.075,0.2,1.0,757.0,5.0,3.0,0.11624834874504623
49.0,5.0,22.0,0.1,0.075,0.2,1.0,721.0,6.0,3.0,0.11789181692094314
49.0,5.0,23.0,0.1,0.075,0.2,1.0,718.0,6.0,1.0,0.11838440111420613
49.0,5.0,24.0,0.1,0.075,0.2,1.0,695.0,3.0,2.0,0.12086330935251799
49.0,5.0,25.0,0.1,0.075,0.2,1.0,687.0,5.0,3.0,0.11935953420669577
49.0,5.0,26.0,0.1,0.075,0.2,1.0,683.0,6.0,4.0,0.12005856515373353
49.0,5.0,27.0,0.1,0.075,0.2,1.0,672.0,5.0,3.0,0.11755952380952381
49.0,5.0,28.0,0.1,0.075,0.2,1.0,666.0,8.0,2.0,0.11711711711711711
49.0,5.0,29.0,0.1,0.075,0.2,1.0,655.0,5.0,1.0,0.11755725190839694
49.0,5.0,30.0,0.1,0.075,0.2,1.0,650.0,5.0,1.0,0.11846153846153847
49.0,5.0,31.0,0.1,0.075,0.2,1.0,650.0,6.0,3.0,0.11692307692307692
49.0,5.0,32.0,0.1,0.075,0.2,1.0,648.0,9.0,4.0,0.11728395061728394
49.0,5.0,33.0,0.1,0.075,0.2,1.0,648.0,10.0,4.0,0.11728395061728394
49.0,5.0,34.0,0.1,0.075,0.2,1.0,631.0,9.0,2.0,0.11568938193343899
49.0,5.0,35.0,0.1,0.075,0.2,1.0,615.0,8.0,2.0,0.11707317073170732
49.0,5.0,36.0,0.1,0.075,0.2,1.0,575.0,12.0,5.0,0.12173913043478261
49.0,5.0,37.0,0.1,0.075,0.2,1.0,574.0,14.0,6.0,0.12195121951219512
49.0,5.0,38.0,0.1,0.075,0.2,1.0,571.0,14.0,7.0,0.12084063047285463
49.0,5.0,39.0,0.1,0.075,0.2,1.0,565.0,11.0,8.0,0.12389380530973451
49.0,5.0,40.0,0.1,0.075,0.2,1.0,554.0,13.0,8.0,0.12274368231046931
49.0,5.0,41.0,0.1,0.075,0.2,1.0,558.0,16.0,7.0,0.12365591397849462
49.0,5.0,42.0,0.1,0.075,0.2,1.0,535.0,14.0,3.0,0.1252336448598131
49.0,5.0,43.0,0.1,0.075,0.2,1.0,546.0,13.0,2.0,0.12637362637362637
49.0,5.0,44.0,0.1,0.075,0.2,1.0,524.0,13.0,9.0,0.12786259541984732
49.0,5.0,45.0,0.1,0.075,0.2,1.0,531.0,14.0,9.0,0.18455743879472694
49.0,5.0,46.0,0.1,0.075,0.2,1.0,519.0,16.0,10.0,0.18304431599229287
49.0,5.0,47.0,0.1,0.075,0.2,1.0,517.0,9.0,2.0,0.1895551257253385
49.0,5.0,48.0,0.1,0.075,0.2,1.0,505.0,9.0,3.0,0.18415841584158416
49.0,5.0,49.0,0.1,0.075,0.2,1.0,500.0,9.0,3.0,0.19
49.0,5.0,50.0,0.1,0.075,0.2,1.0,485.0,9.0,6.0,0.18762886597938144
49.0,5.0,51.0,0.1,0.075,0.2,1.0,493.0,8.0,6.0,0.19066937119675456
49.0,5.0,52.0,0.1,0.075,0.2,1.0,478.0,9.0,5.0,0.18410041841004185
49.0,6.0,1.0,0.1,0.075,0.2,1.0,482.0,4.0,1.0,0.18672199170124482
49.0,6.0,2.0,0.1,0.075,0.2,1.0,471.0,5.0,2.0,0.18046709129511676
49.0,6.0,3.0,0.1,0.075,0.2,1.0,480.0,4.0,1.0,0.18541666666666667
49.0,6.0,4.0,0.1,0.075,0.2,1.0,468.0,4.0,4.0,0.17735042735042736
49.0,6.0,5.0,0.1,0.075,0.2,1.0,474.0,5.0,3.0,0.18354430379746836
49.0,6.0,6.0,0.1,0.075,0.2,1.0,445.0,5.0,3.0,0.1752808988764045
49.0,6.0,7.0,0.1,0.075,0.2,1.0,453.0,2.0,0.0,0.18101545253863136
49.0,6.0,8.0,0.1,0.075,0.2,1.0,440.0,2.0,1.0,0.175
49.0,6.0,9.0,0.1,0.075,0.2,1.0,447.0,2.0,1.0,0.1789709172259508
49.0,6.0,10.0,0.1,0.075,0.2,1.0,438.0,2.0,2.0,0.1735159817351598
49.0,6.0,11.0,0.1,0.075,0.2,1.0,442.0,2.0,1.0,0.17873303167420815
49.0,6.0,12.0,0.1,0.075,0.2,1.0,433.0,2.0,1.0,0.17551963048498845
49.0,6.0,13.0,0.1,0.075,0.2,1.0,438.0,1.0,1.0,0.1780821917808219
49.0,6.0,14.0,0.1,0.075,0.2,1.0,416.0,1.0,1.0,0.1778846153846154
49.0,6.0,15.0,0.1,0.075,0.2,1.0,424.0,1.0,1.0,0.18160377358490565
49.0,6.0,16.0,0.1,0.075,0.2,1.0,413.0,0.0,0.0,0.17675544794188863
49.0,6.0,17.0,0.1,0.075,0.2,1.0,421.0,0.0,0.0,0.18052256532066507
49.0,6.0,18.0,0.1,0.075,0.2,1.0,413.0,0.0,0.0,0.17675544794188863
49.0,6.0,19.0,0.1,0.075,0.2,1.0,421.0,0.0,0.0,0.18052256532066507
49.0,6.0,20.0,0.1,0.075,0.2,1.0,781.0,0.0,0.0,0.09346991037131883
49.0,6.0,21.0,0.1,0.075,0.2,1.0,769.0,0.0,0.0,0.0988296488946684
49.0,6.0,22.0,0.1,0.075,0.2,1.0,754.0,0.0,0.0,0.09681697612732096
49.0,6.0,23.0,0.1,0.075,0.2,1.0,744.0,0.0,0.0,0.09543010752688172
49.0,6.0,24.0,0.1,0.075,0.2,1.0,714.0,0.0,0.0,0.0938375350140056
49.0,6.0,25.0,0.1,0.075,0.2,1.0,729.0,0.0,0.0,0.09465020576131687
49.0,6.0,26.0,0.1,0.075,0.2,1.0,713.0,0.0,0.0,0.09256661991584852
49.0,6.0,27.0,0.1,0.075,0.2,1.0,668.0,0.0,0.0,0.09281437125748503
49.0,6.0,28.0,0.1,0.075,0.2,1.0,664.0,0.0,0.0,0.09337349397590361
49.0,6.0,29.0,0.1,0.075,0.2,1.0,655.0,0.0,0.0,0.09312977099236641
49.0,6.0,30.0,0.1,0.075,0.2,1.0,636.0,0.0,0.0,0.09433962264150944
49.0,6.0,31.0,0.1,0.075,0.2,1.0,613.0,0.0,0.0,0.09787928221859707
49.0,6.0,32.0,0.1,0.075,0.2,1.0,610.0,0.0,0.0,0.09836065573770492
49.0,6.0,33.0,0.1,0.075,0.2,1.0,613.0,0.0,0.0,0.09787928221859707
49.0,6.0,34.0,0.1,0.075,0.2,1.0,598.0,0.0,0.0,0.09698996655518395
49.0,6.0,35.0,0.1,0.075,0.2,1.0,590.0,0.0,0.0,0.09830508474576272
49.0,6.0,36.0,0.1,0.075,0.2,1.0,587.0,0.0,0.0,0.09880749574105621
49.0,6.0,37.0,0.1,0.075,0.2,1.0,587.0,0.0,0.0,0.09880749574105621
49.0,6.0,38.0,0.1,0.075,0.2,1.0,587.0,0.0,0.0,0.09880749574105621
49.0,6.0,39.0,0.1,0.075,0.2,1.0,587.0,0.0,0.0,0.09880749574105621
49.0,6.0,40.0,0.1,0.075,0.2,1.0,574.0,0.0,0.0,0.09930313588850175
49.0,6.0,41.0,0.1,0.075,0.2,1.0,574.0,0.0,0.0,0.09930313588850175
49.0,6.0,42.0,0.1,0.075,0.2,1.0,549.0,0.0,0.0,0.10382513661202186
49.0,6.0,43.0,0.1,0.075,0.2,1.0,551.0,0.0,0.0,0.10163339382940109
49.0,6.0,44.0,0.1,0.075,0.2,1.0,548.0,0.0,0.0,0.10218978102189781
49.0,6.0,45.0,0.1,0.075,0.2,1.0,540.0,0.0,0.0,0.1574074074074074
49.0,6.0,46.0,0.1,0.075,0.2,1.0,536.0,0.0,0.0,0.15858208955223882
49.0,6.0,47.0,0.1,0.075,0.2,1.0,540.0,0.0,0.0,0.1574074074074074
49.0,6.0,48.0,0.1,0.075,0.2,1.0,535.0,0.0,0.0,0.15700934579439252
49.0,6.0,49.0,0.1,0.075,0.2,1.0,534.0,0.0,0.0,0.15543071161048688
49.0,6.0,50.0,0.1,0.075,0.2,1.0,530.0,0.0,0.0,0.15660377358490565
49.0,6.0,51.0,0.1,0.075,0.2,1.0,530.0,0.0,0.0,0.15471698113207547
49.0,6.0,52.0,0.1,0.075,0.2,1.0,527.0,0.0,0.0,0.1555977229601518
49.0,7.0,1.0,0.1,0.075,0.2,1.0,528.0,0.0,0.0,0.1534090909090909
49.0,7.0,2.0,0.1,0.075,0.2,1.0,515.0,0.0,0.0,0.15728155339805824
49.0,7.0,3.0,0.1,0.075,0.2,1.0,516.0,0.0,0.0,0.15503875968992248
49.0,7.0,4.0,0.1,0.075,0.2,1.0,513.0,0.0,0.0,0.15594541910331383
49.0,7.0,5.0,0.1,0.075,0.2,1.0,514.0,0.0,0.0,0.1517509727626459
49.0,7.0,6.0,0.1,0.075,0.2,1.0,513.0,0.0,0.0,0.15594541910331383
49.0,7.0,7.0,0.1,0.075,0.2,1.0,513.0,0.0,0.0,0.15204678362573099
49.0,7.0,8.0,0.1,0.075,0.2,1.0,509.0,0.0,0.0,0.15520628683693516
49.0,7.0,9.0,0.1,0.075,0.2,1.0,507.0,0.0,0.0,0.15384615384615385
49.0,7.0,10.0,0.1,0.075,0.2,1.0,504.0,0.0,0.0,0.15476190476190477
49.0,7.0,11.0,0.1,0.075,0.2,1.0,505.0,0.0,0.0,0.15445544554455445
49.0,7.0,12.0,0.1,0.075,0.2,1.0,501.0,0.0,0.0,0.15568862275449102
49.0,7.0,13.0,0.1,0.075,0.2,1.0,502.0,0.0,0.0,0.1553784860557769
49.0,7.0,14.0,0.1,0.075,0.2,1.0,490.0,0.0,0.0,0.15918367346938775
49.0,7.0,15.0,0.1,0.075,0.2,1.0,489.0,0.0,0.0,0.1554192229038855
49.0,7.0,16.0,0.1,0.075,0.2,1.0,488.0,0.0,0.0,0.15778688524590165
49.0,7.0,17.0,0.1,0.075,0.2,1.0,485.0,0.0,0.0,0.15257731958762888
49.0,7.0,18.0,0.1,0.075,0.2,1.0,485.0,0.0,0.0,0.15670103092783505
49.0,7.0,19.0,0.1,0.075,0.2,1.0,486.0,0.0,0.0,0.15432098765432098
49.0,7.0,20.0,0.1,0.075,0.2,1.0,866.0,0.0,0.0,0.08545034642032333
49.0,7.0,21.0,0.1,0.075,0.2,1.0,847.0,0.0,0.0,0.08736717827626919
49.0,7.0,22.0,0.1,0.075,0.2,1.0,837.0,0.0,0.0,0.0884109916367981
49.0,7.0,23.0,0.1,0.075,0.2,1.0,820.0,0.0,0.0,0.09024390243902439
49.0,7.0,24.0,0.1,0.075,0.2,1.0,797.0,0.0,0.0,0.08782936010037641
49.0,7.0,25.0,0.1,0.075,0.2,1.0,809.0,0.0,0.0,0.08776266996291718
49.0,7.0,26.0,0.1,0.075,0.2,1.0,782.0,0.0,0.0,0.08951406649616368
49.0,7.0,27.0,0.1,0.075,0.2,1.0,768.0,0.0,0.0,0.08723958333333333
49.0,7.0,28.0,0.1,0.075,0.2,1.0,734.0,0.0,0.0,0.08583106267029973
49.0,7.0,29.0,0.1,0.075,0.2,1.0,728.0,0.0,0.0,0.08791208791208792
49.0,7.0,30.0,0.1,0.075,0.2,1.0,704.0,0.0,0.0,0.09090909090909091
49.0,7.0,31.0,0.1,0.075,0.2,1.0,711.0,0.0,0.0,0.090014064697609
49.0,7.0,32.0,0.1,0.075,0.2,1.0,703.0,0.0,0.0,0.09103840682788052
49.0,7.0,33.0,0.1,0.075,0.2,1.0,711.0,0.0,0.0,0.08860759493670886
49.0,7.0,34.0,0.1,0.075,0.2,1.0,695.0,0.0,0.0,0.08920863309352518
49.0,7.0,35.0,0.1,0.075,0.2,1.0,694.0,0.0,0.0,0.0893371757925072
49.0,7.0,36.0,0.1,0.075,0.2,1.0,686.0,0.0,0.0,0.09183673469387756
49.0,7.0,37.0,0.1,0.075,0.2,1.0,698.0,0.0,0.0,0.09025787965616046
49.0,7.0,38.0,0.1,0.075,0.2,1.0,687.0,0.0,0.0,0.09170305676855896
49.0,7.0,39.0,0.1,0.075,0.2,1.0,683.0,0.0,0.0,0.09224011713030747
49.0,7.0,40.0,0.1,0.075,0.2,1.0,675.0,0.0,0.0,0.09333333333333334
49.0,7.0,41.0,0.1,0.075,0.2,1.0,683.0,0.0,0.0,0.09224011713030747
49.0,7.0,42.0,0.1,0.075,0.2,1.0,665.0,0.0,0.0,0.09172932330827067
49.0,7.0,43.0,0.1,0.075,0.2,1.0,648.0,0.0,0.0,0.08950617283950617
49.0,7.0,44.0,0.1,0.075,0.2,1.0,642.0,0.0,0.0,0.09034267912772585
49.0,7.0,45.0,0.1,0.075,0.2,1.0,635.0,0.0,0.0,0.15905511811023623
49.0,7.0,46.0,0.1,0.075,0.2,1.0,631.0,0.0,0.0,0.16798732171156894
49.0,7.0,47.0,0.1,0.075,0.2,1.0,602.0,0.0,0.0,0.15946843853820597
49.0,7.0,48.0,0.1,0.075,0.2,1.0,596.0,0.0,0.0,0.16946308724832215
49.0,7.0,49.0,0.1,0.075,0.2,1.0,589.0,0.0,0.0,0.15959252971137522
49.0,7.0,50.0,0.1,0.075,0.2,1.0,585.0,0.0,0.0,0.1675213675213675
49.0,7.0,51.0,0.1,0.075,0.2,1.0,575.0,0.0,0.0,0.1582608695652174
49.0,7.0,52.0,0.1,0.075,0.2,1.0,571.0,0.0,0.0,0.1646234676007005
49.0,8.0,1.0,0.1,0.075,0.2,1.0,574.0,0.0,0.0,0.15853658536585366
49.0,8.0,2.0,0.1,0.075,0.2,1.0,573.0,0.0,0.0,0.16579406631762653
49.0,8.0,3.0,0.1,0.075,0.2,1.0,574.0,0.0,0.0,0.15853658536585366
49.0,8.0,4.0,0.1,0.075,0.2,1.0,572.0,0.0,0.0,0.16433566433566432
49.0,8.0,5.0,0.1,0.075,0.2,1.0,573.0,0.0,0.0,0.15706806282722513
49.0,8.0,6.0,0.1,0.075,0.2,1.0,572.0,0.0,0.0,0.16433566433566432
49.0,8.0,7.0,0.1,0.075,0.2,1.0,573.0,0.0,0.0,0.15706806282722513
49.0,8.0,8.0,0.1,0.075,0.2,1.0,558.0,0.0,0.0,0.16487455197132617
49.0,8.0,9.0,0.1,0.075,0.2,1.0,560.0,0.0,0.0,0.16071428571428573
49.0,8.0,10.0,0.1,0.075,0.2,1.0,558.0,0.0,0.0,0.16487455197132617
49.0,8.0,11.0,0.1,0.075,0.2,1.0,561.0,0.0,0.0,0.16042780748663102
49.0,8.0,12.0,0.1,0.075,0.2,1.0,557.0,0.0,0.0,0.1651705565529623
49.0,8.0,13.0,0.1,0.075,0.2,1.0,559.0,0.0,0.0,0.1592128801431127
49.0,8.0,14.0,0.1,0.075,0.2,1.0,558.0,0.0,0.0,0.16487455197132617
49.0,8.0,15.0,0.1,0.075,0.2,1.0,559.0,0.0,0.0,0.16100178890876565
49.0,8.0,16.0,0.1,0.075,0.2,1.0,558.0,0.0,0.0,0.16487455197132617
49.0,8.0,17.0,0.1,0.075,0.2,1.0,559.0,0.0,0.0,0.1592128801431127
49.0,8.0,18.0,0.1,0.075,0.2,1.0,548.0,0.0,0.0,0.16605839416058393
49.0,8.0,19.0,0.1,0.075,0.2,1.0,547.0,0.0,0.0,0.1590493601462523
49.0,8.0,20.0,0.1,0.075,0.2,1.0,980.0,0.0,0.0,0.09285714285714286
49.0,8.0,21.0,0.1,0.075,0.2,1.0,929.0,0.0,0.0,0.09041980624327234
49.0,8.0,22.0,0.1,0.075,0.2,1.0,927.0,0.0,0.0,0.09385113268608414
49.0,8.0,23.0,0.1,0.075,0.2,1.0,898.0,0.0,0.0,0.09020044543429843
49.0,8.0,24.0,0.1,0.075,0.2,1.0,872.0,0.0,0.0,0.0963302752293578
49.0,8.0,25.0,0.1,0.075,0.2,1.0,844.0,0.0,0.0,0.0971563981042654
49.0,8.0,26.0,0.1,0.075,0.2,1.0,801.0,0.0,0.0,0.10237203495630462
49.0,8.0,27.0,0.1,0.075,0.2,1.0,766.0,0.0,0.0,0.10182767624020887
49.0,8.0,28.0,0.1,0.075,0.2,1.0,726.0,0.0,0.0,0.10330578512396695
49.0,8.0,29.0,0.1,0.075,0.2,1.0,737.0,0.0,0.0,0.10176390773405698
49.0,8.0,30.0,0.1,0.075,0.2,1.0,715.0,0.0,0.0,0.1048951048951049
49.0,8.0,31.0,0.1,0.075,0.2,1.0,714.0,0.0,0.0,0.10224089635854341
49.0,8.0,32.0,0.1,0.075,0.2,1.0,703.0,0.0,0.0,0.10384068278805121
49.0,8.0,33.0,0.1,0.075,0.2,1.0,712.0,0.0,0.0,0.10252808988764045
49.0,8.0,34.0,0.1,0.075,0.2,1.0,686.0,0.0,0.0,0.10641399416909621
49.0,8.0,35.0,0.1,0.075,0.2,1.0,679.0,0.0,0.0,0.10603829160530191
49.0,8.0,36.0,0.1,0.075,0.2,1.0,671.0,0.0,0.0,0.10730253353204174
49.0,8.0,37.0,0.1,0.075,0.2,1.0,679.0,0.0,0.0,0.10603829160530191
49.0,8.0,38.0,0.1,0.075,0.2,1.0,675.0,0.0,0.0,0.10666666666666667
49.0,8.0,39.0,0.1,0.075,0.2,1.0,678.0,0.0,0.0,0.10619469026548672
49.0,8.0,40.0,0.1,0.075,0.2,1.0,675.0,0.0,0.0,0.10666666666666667
49.0,8.0,41.0,0.1,0.075,0.2,1.0,675.0,0.0,0.0,0.10666666666666667
49.0,8.0,42.0,0.1,0.075,0.2,1.0,659.0,0.0,0.0,0.10773899848254932
49.0,8.0,43.0,0.1,0.075,0.2,1.0,660.0,0.0,0.0,0.10757575757575757
49.0,8.0,44.0,0.1,0.075,0.2,1.0,659.0,0.0,0.0,0.10773899848254932
49.0,8.0,45.0,0.1,0.075,0.2,1.0,660.0,0.0,0.0,0.1696969696969697
49.0,8.0,46.0,0.1,0.075,0.2,1.0,658.0,0.0,0.0,0.1717325227963526
49.0,8.0,47.0,0.1,0.075,0.2,1.0,660.0,0.0,0.0,0.1696969696969697
49.0,8.0,48.0,0.1,0.075,0.2,1.0,660.0,0.0,0.0,0.1712121212121212
49.0,8.0,49.0,0.1,0.075,0.2,1.0,659.0,0.0,0.0,0.16995447647951442
49.0,8.0,50.0,0.1,0.075,0.2,1.0,658.0,0.0,0.0,0.1717325227963526
49.0,8.0,51.0,0.1,0.075,0.2,1.0,644.0,0.0,0.0,0.17080745341614906
49.0,8.0,52.0,0.1,0.075,0.2,1.0,640.0,0.0,0.0,0.1734375
49.0,9.0,1.0,0.1,0.075,0.2,1.0,644.0,0.0,0.0,0.17080745341614906
49.0,9.0,2.0,0.1,0.075,0.2,1.0,641.0,0.0,0.0,0.1731669266770671
49.0,9.0,3.0,0.1,0.075,0.2,1.0,643.0,0.0,0.0,0.17107309486780714
49.0,9.0,4.0,0.1,0.075,0.2,1.0,642.0,0.0,0.0,0.17289719626168223
49.0,9.0,5.0,0.1,0.075,0.2,1.0,642.0,0.0,0.0,0.17133956386292834
49.0,9.0,6.0,0.1,0.075,0.2,1.0,630.0,0.0,0.0,0.1746031746031746
49.0,9.0,7.0,0.1,0.075,0.2,1.0,630.0,0.0,0.0,0.173015873015873
49.0,9.0,8.0,0.1,0.075,0.2,1.0,627.0,0.0,0.0,0.17543859649122806
49.0,9.0,9.0,0.1,0.075,0.2,1.0,627.0,0.0,0.0,0.17384370015948963
49.0,9.0,10.0,0.1,0.075,0.2,1.0,624.0,0.0,0.0,0.1762820512820513
49.0,9.0,11.0,0.1,0.075,0.2,1.0,625.0,0.0,0.0,0.1744
49.0,9.0,12.0,0.1,0.075,0.2,1.0,619.0,0.0,0.0,0.1777059773828756
49.0,9.0,13.0,0.1,0.075,0.2,1.0,622.0,0.0,0.0,0.1752411575562701
49.0,9.0,14.0,0.1,0.075,0.2,1.0,619.0,0.0,0.0,0.1777059773828756
49.0,9.0,15.0,0.1,0.075,0.2,1.0,624.0,0.0,0.0,0.17467948717948717
49.0,9.0,16.0,0.1,0.075,0.2,1.0,619.0,0.0,0.0,0.1777059773828756
49.0,9.0,17.0,0.1,0.075,0.2,1.0,623.0,0.0,0.0,0.17495987158908508
49.0,9.0,18.0,0.1,0.075,0.2,1.0,619.0,0.0,0.0,0.1777059773828756
49.0,9.0,19.0,0.1,0.075,0.2,1.0,611.0,0.0,0.0,0.176759410801964
49.0,9.0,20.0,0.1,0.075,0.2,1.0,1005.0,0.0,0.0,0.10049751243781095
49.0,9.0,21.0,0.1,0.075,0.2,1.0,999.0,0.0,0.0,0.1001001001001001
49.0,9.0,22.0,0.1,0.075,0.2,1.0,992.0,0.0,0.0,0.10181451612903226
49.0,9.0,23.0,0.1,0.075,0.2,1.0,986.0,0.0,0.0,0.10141987829614604
49.0,9.0,24.0,0.1,0.075,0.2,1.0,964.0,0.0,0.0,0.1016597510373444
49.0,9.0,25.0,0.1,0.075,0.2,1.0,903.0,0.0,0.0,0.09856035437430787
49.0,9.0,26.0,0.1,0.075,0.2,1.0,900.0,0.0,0.0,0.1
49.0,9.0,27.0,0.1,0.075,0.2,1.0,874.0,0.0,0.0,0.10068649885583524
49.0,9.0,28.0,0.1,0.075,0.2,1.0,854.0,0.0,0.0,0.10421545667447307
49.0,9.0,29.0,0.1,0.075,0.2,1.0,848.0,0.0,0.0,0.10259433962264151
49.0,9.0,30.0,0.1,0.075,0.2,1.0,815.0,0.0,0.0,0.10797546012269939
49.0,9.0,31.0,0.1,0.075,0.2,1.0,768.0,0.0,0.0,0.109375
49.0,9.0,32.0,0.1,0.075,0.2,1.0,760.0,0.0,0.0,0.1118421052631579
49.0,9.0,33.0,0.1,0.075,0.2,1.0,759.0,0.0,0.0,0.10935441370223979
49.0,9.0,34.0,0.1,0.075,0.2,1.0,722.0,0.0,0.0,0.11634349030470914
49.0,9.0,35.0,0.1,0.075,0.2,1.0,697.0,0.0,0.0,0.11764705882352941
49.0,9.0,36.0,0.1,0.075,0.2,1.0,682.0,0.0,0.0,0.12023460410557185
49.0,9.0,37.0,0.1,0.075,0.2,1.0,688.0,0.0,0.0,0.11773255813953488
49.0,9.0,38.0,0.1,0.075,0.2,1.0,683.0,0.0,0.0,0.12005856515373353
49.0,9.0,39.0,0.1,0.075,0.2,1.0,672.0,0.0,0.0,0.11904761904761904
49.0,9.0,40.0,0.1,0.075,0.2,1.0,670.0,0.0,0.0,0.1208955223880597
49.0,9.0,41.0,0.1,0.075,0.2,1.0,681.0,0.0,0.0,0.11894273127753303
49.0,9.0,42.0,0.1,0.075,0.2,1.0,652.0,0.0,0.0,0.12269938650306748
49.0,9.0,43.0,0.1,0.075,0.2,1.0,662.0,0.0,0.0,0.11933534743202417
49.0,9.0,44.0,0.1,0.075,0.2,1.0,654.0,0.0,0.0,0.12232415902140673
49.0,9.0,45.0,0.1,0.075,0.2,1.0,661.0,0.0,0.0,0.20726172465960666
49.0,9.0,46.0,0.1,0.075,0.2,1.0,644.0,0.0,0.0,0.2080745341614907
49.0,9.0,47.0,0.1,0.075,0.2,1.0,635.0,0.0,0.0,0.2078740157480315
49.0,9.0,48.0,0.1,0.075,0.2,1.0,626.0,0.0,0.0,0.20766773162939298
49.0,9.0,49.0,0.1,0.075,0.2,1.0,636.0,0.0,0.0,0.20911949685534592
49.0,9.0,50.0,0.1,0.075,0.2,1.0,626.0,0.0,0.0,0.20607028753993611
49.0,9.0,51.0,0.1,0.075,0.2,1.0,634.0,0.0,0.0,0.20977917981072555
49.0,9.0,52.0,0.1,0.075,0.2,1.0,626.0,0.0,0.0,0.20607028753993611
49.0,10.0,1.0,0.1,0.075,0.2,1.0,636.0,0.0,0.0,0.20911949685534592
49.0,10.0,2.0,0.1,0.075,0.2,1.0,625.0,0.0,0.0,0.2064
49.0,10.0,3.0,0.1,0.075,0.2,1.0,626.0,0.0,0.0,0.20926517571884984
49.0,10.0,4.0,0.1,0.075,0.2,1.0,624.0,0.0,0.0,0.20673076923076922
49.0,10.0,5.0,0.1,0.075,0.2,1.0,624.0,0.0,0.0,0.20993589743589744
49.0,10.0,6.0,0.1,0.075,0.2,1.0,624.0,0.0,0.0,0.20673076923076922
49.0,10.0,7.0,0.1,0.075,0.2,1.0,625.0,0.0,0.0,0.2096
49.0,10.0,8.0,0.1,0.075,0.2,1.0,622.0,0.0,0.0,0.20739549839228297
49.0,10.0,9.0,0.1,0.075,0.2,1.0,623.0,0.0,0.0,0.2102728731942215
49.0,10.0,10.0,0.1,0.075,0.2,1.0,615.0,0.0,0.0,0.2097560975609756
49.0,10.0,11.0,0.1,0.075,0.2,1.0,620.0,0.0,0.0,0.21129032258064517
49.0,10.0,12.0,0.1,0.075,0.2,1.0,613.0,0.0,0.0,0.21044045676998369
49.0,10.0,13.0,0.1,0.075,0.2,1.0,617.0,0.0,0.0,0.21231766612641814
49.0,10.0,14.0,0.1,0.075,0.2,1.0,605.0,0.0,0.0,0.2115702479338843
49.0,10.0,15.0,0.1,0.075,0.2,1.0,606.0,0.0,0.0,0.2145214521452145
49.0,10.0,16.0,0.1,0.075,0.2,1.0,604.0,0.0,0.0,0.2119205298013245
49.0,10.0,17.0,0.1,0.075,0.2,1.0,594.0,0.0,0.0,0.21885521885521886
49.0,10.0,18.0,0.1,0.075,0.2,1.0,591.0,0.0,0.0,0.21658206429780033
49.0,10.0,19.0,0.1,0.075,0.2,1.0,593.0,0.0,0.0,0.21922428330522767
49.0,10.0,20.0,0.1,0.075,0.2,1.0,1012.0,0.0,0.0,0.11857707509881422
49.0,10.0,21.0,0.1,0.075,0.2,1.0,997.0,0.0,0.0,0.12036108324974924
49.0,10.0,22.0,0.1,0.075,0.2,1.0,962.0,0.0,0.0,0.12162162162162163
49.0,10.0,23.0,0.1,0.075,0.2,1.0,965.0,0.0,0.0,0.12331606217616581
49.0,10.0,24.0,0.1,0.075,0.2,1.0,939.0,0.0,0.0,0.12247071352502663
49.0,10.0,25.0,0.1,0.075,0.2,1.0,915.0,0.0,0.0,0.12459016393442623
49.0,10.0,26.0,0.1,0.075,0.2,1.0,867.0,0.0,0.0,0.12802768166089964
49.0,10.0,27.0,0.1,0.075,0.2,1.0,866.0,0.0,0.0,0.12933025404157045
49.0,10.0,28.0,0.1,0.075,0.2,1.0,830.0,0.0,0.0,0.13012048192771083
49.0,10.0,29.0,0.1,0.075,0.2,1.0,808.0,0.0,0.0,0.13242574257425743
49.0,10.0,30.0,0.1,0.075,0.2,1.0,794.0,0.0,0.0,0.13224181360201512
49.0,10.0,31.0,0.1,0.075,0.2,1.0,781.0,0.0,0.0,0.1293213828425096
49.0,10.0,32.0,0.1,0.075,0.2,1.0,774.0,0.0,0.0,0.12790697674418605
49.0,10.0,33.0,0.1,0.075,0.2,1.0,745.0,0.0,0.0,0.13020134228187918
49.0,10.0,34.0,0.1,0.075,0.2,1.0,743.0,0.0,0.0,0.126514131897712
49.0,10.0,35.0,0.1,0.075,0.2,1.0,732.0,0.0,0.0,0.1284153005464481
49.0,10.0,36.0,0.1,0.075,0.2,1.0,742.0,0.0,0.0,0.12668463611859837
49.0,10.0,37.0,0.1,0.075,0.2,1.0,731.0,0.0,0.0,0.12722298221614228
49.0,10.0,38.0,0.1,0.075,0.2,1.0,743.0,0.0,0.0,0.126514131897712
49.0,10.0,39.0,0.1,0.075,0.2,1.0,717.0,0.0,0.0,0.12831241283124128
49.0,10.0,40.0,0.1,0.075,0.2,1.0,693.0,0.0,0.0,0.13275613275613277
49.0,10.0,41.0,0.1,0.075,0.2,1.0,688.0,0.0,0.0,0.13226744186046513
49.0,10.0,42.0,0.1,0.075,0.2,1.0,693.0,0.0,0.0,0.13275613275613277
49.0,10.0,43.0,0.1,0.075,0.2,1.0,687.0,0.0,0.0,0.1324599708879185
49.0,10.0,44.0,0.1,0.075,0.2,1.0,693.0,0.0,0.0,0.13275613275613277
49.0,10.0,45.0,0.1,0.075,0.2,1.0,665.0,0.0,0.0,0.20451127819548873
49.0,10.0,46.0,0.1,0.075,0.2,1.0,659.0,0.0,0.0,0.20333839150227617
49.0,10.0,47.0,0.1,0.075,0.2,1.0,654.0,0.0,0.0,0.20336391437308868
49.0,10.0,48.0,0.1,0.075,0.2,1.0,659.0,0.0,0.0,0.20333839150227617
49.0,10.0,49.0,0.1,0.075,0.2,1.0,654.0,0.0,0.0,0.20336391437308868
49.0,10.0,50.0,0.1,0.075,0.2,1.0,659.0,0.0,0.0,0.20333839150227617
49.0,10.0,51.0,0.1,0.075,0.2,1.0,652.0,0.0,0.0,0.20398773006134968
49.0,10.0,52.0,0.1,0.075,0.2,1.0,657.0,0.0,0.0,0.2039573820395738
50.0,1.0,1.0,0.1,0.075,0.2,1.0,5252.0,52.0,8.0,0.09958111195734957
50.0,1.0,2.0,0.1,0.075,0.2,1.0,5224.0,55.0,17.0,0.0995405819295559
50.0,1.0,3.0,0.1,0.075,0.2,1.0,5082.0,62.0,30.0,0.09937032664305391
50.0,1.0,4.0,0.1,0.075,0.2,1.0,4981.0,76.0,34.0,0.09997992371009837
50.0,1.0,5.0,0.1,0.075,0.2,1.0,4975.0,103.0,35.0,0.10190954773869347
50.0,1.0,6.0,0.1,0.075,0.2,1.0,4827.0,115.0,37.0,0.10254816656308266
50.0,1.0,7.0,0.1,0.075,0.2,1.0,4668.0,138.0,44.0,0.1036846615252785
50.0,1.0,8.0,0.1,0.075,0.2,1.0,4545.0,168.0,62.0,0.10275027502750275
50.0,1.0,9.0,0.1,0.075,0.2,1.0,4434.0,216.0,71.0,0.10396932792061345
50.0,1.0,10.0,0.1,0.075,0.2,1.0,4342.0,252.0,90.0,0.10525103638876095
50.0,1.0,11.0,0.1,0.075,0.2,1.0,4208.0,294.0,106.0,0.10693916349809886
50.0,1.0,12.0,0.1,0.075,0.2,1.0,4021.0,319.0,128.0,0.10818204426759513
50.0,1.0,13.0,0.1,0.075,0.2,1.0,3908.0,346.0,137.0,0.10977482088024565
50.0,1.0,14.0,0.1,0.075,0.2,1.0,3826.0,369.0,158.0,0.11055933089388395
50.0,1.0,15.0,0.1,0.075,0.2,1.0,3712.0,383.0,181.0,0.11233836206896551
50.0,1.0,16.0,0.1,0.075,0.2,1.0,3593.0,386.0,196.0,0.11411077094350125
50.0,1.0,17.0,0.1,0.075,0.2,1.0,3445.0,368.0,187.0,0.11523947750362845
50.0,1.0,18.0,0.1,0.075,0.2,1.0,3338.0,357.0,171.0,0.1165368484122229
50.0,1.0,19.0,0.1,0.075,0.2,1.0,3227.0,332.0,167.0,0.1183762008057019
50.0,1.0,20.0,0.1,0.075,0.2,1.0,5831.0,312.0,163.0,0.06448293603155549
50.0,1.0,21.0,0.1,0.075,0.2,1.0,5492.0,350.0,144.0,0.06554989075018208
50.0,1.0,22.0,0.1,0.075,0.2,1.0,5178.0,372.0,132.0,0.06759366550791812
50.0,1.0,23.0,0.1,0.075,0.2,1.0,4845.0,389.0,151.0,0.06893704850361197
50.0,1.0,24.0,0.1,0.075,0.2,1.0,4421.0,415.0,168.0,0.06831033702782176
50.0,1.0,25.0,0.1,0.075,0.2,1.0,4196.0,441.0,193.0,0.06982840800762631
50.0,1.0,26.0,0.1,0.075,0.2,1.0,3923.0,466.0,185.0,0.07137394850879429
50.0,1.0,27.0,0.1,0.075,0.2,1.0,3661.0,467.0,187.0,0.0753892379131385
50.0,1.0,28.0,0.1,0.075,0.2,1.0,3369.0,444.0,187.0,0.07984565152864351
50.0,1.0,29.0,0.1,0.075,0.2,1.0,3256.0,474.0,214.0,0.08046683046683047
50.0,1.0,30.0,0.1,0.075,0.2,1.0,3119.0,501.0,225.0,0.08368066688041038
50.0,1.0,31.0,0.1,0.075,0.2,1.0,2977.0,509.0,237.0,0.08565670137722539
50.0,1.0,32.0,0.1,0.075,0.2,1.0,2804.0,509.0,236.0,0.09022824536376604
50.0,1.0,33.0,0.1,0.075,0.2,1.0,2636.0,506.0,240.0,0.09446130500758726
50.0,1.0,34.0,0.1,0.075,0.2,1.0,2498.0,499.0,256.0,0.10048038430744596
50.0,1.0,35.0,0.1,0.075,0.2,1.0,2292.0,469.0,231.0,0.10645724258289703
50.0,1.0,36.0,0.1,0.075,0.2,1.0,2173.0,441.0,222.0,0.11228716060745512
50.0,1.0,37.0,0.1,0.075,0.2,1.0,2048.0,408.0,208.0,0.1171875
50.0,1.0,38.0,0.1,0.075,0.2,1.0,1930.0,417.0,202.0,0.12435233160621761
50.0,1.0,39.0,0.1,0.075,0.2,1.0,1824.0,391.0,194.0,0.12938596491228072
50.0,1.0,40.0,0.1,0.075,0.2,1.0,1705.0,379.0,190.0,0.13958944281524927
50.0,1.0,41.0,0.1,0.075,0.2,1.0,1616.0,366.0,171.0,0.14603960396039603
50.0,1.0,42.0,0.1,0.075,0.2,1.0,1515.0,342.0,159.0,0.1537953795379538
50.0,1.0,43.0,0.1,0.075,0.2,1.0,1426.0,298.0,138.0,0.16199158485273493
50.0,1.0,44.0,0.1,0.075,0.2,1.0,1350.0,280.0,135.0,0.1674074074074074
50.0,1.0,45.0,0.1,0.075,0.2,1.0,1313.0,269.0,136.0,0.24904798172124903
50.0,1.0,46.0,0.1,0.075,0.2,1.0,1231.0,246.0,134.0,0.25670186839967507
50.0,1.0,47.0,0.1,0.075,0.2,1.0,1180.0,232.0,143.0,0.261864406779661
50.0,1.0,48.0,0.1,0.075,0.2,1.0,1123.0,203.0,122.0,0.2653606411398041
50.0,1.0,49.0,0.1,0.075,0.2,1.0,1056.0,163.0,95.0,0.2803030303030303
50.0,1.0,50.0,0.1,0.075,0.2,1.0,1002.0,133.0,73.0,0.2894211576846307
50.0,1.0,51.0,0.1,0.075,0.2,1.0,963.0,118.0,65.0,0.29595015576323985
50.0,1.0,52.0,0.1,0.075,0.2,1.0,933.0,107.0,61.0,0.3011789924973205
50.0,2.0,1.0,0.1,0.075,0.2,1.0,905.0,102.0,60.0,0.3104972375690608
50.0,2.0,2.0,0.1,0.075,0.2,1.0,884.0,92.0,55.0,0.31334841628959276
50.0,2.0,3.0,0.1,0.075,0.2,1.0,862.0,79.0,53.0,0.3213457076566125
50.0,2.0,4.0,0.1,0.075,0.2,1.0,833.0,66.0,37.0,0.33013205282112845
50.0,2.0,5.0,0.1,0.075,0.2,1.0,819.0,56.0,35.0,0.3321123321123321
50.0,2.0,6.0,0.1,0.075,0.2,1.0,791.0,45.0,27.0,0.34260429835651074
50.0,2.0,7.0,0.1,0.075,0.2,1.0,785.0,44.0,25.0,0.34394904458598724
50.0,2.0,8.0,0.1,0.075,0.2,1.0,761.0,37.0,19.0,0.3508541392904074
50.0,2.0,9.0,0.1,0.075,0.2,1.0,751.0,28.0,13.0,0.35419440745672437
50.0,2.0,10.0,0.1,0.075,0.2,1.0,740.0,26.0,17.0,0.3567567567567568
50.0,2.0,11.0,0.1,0.075,0.2,1.0,727.0,24.0,15.0,0.3603851444291609
50.0,2.0,12.0,0.1,0.075,0.2,1.0,721.0,21.0,13.0,0.361997226074896
50.0,2.0,13.0,0.1,0.075,0.2,1.0,714.0,16.0,9.0,0.3641456582633053
50.0,2.0,14.0,0.1,0.075,0.2,1.0,700.0,12.0,8.0,0.3628571428571429
50.0,2.0,15.0,0.1,0.075,0.2,1.0,693.0,12.0,7.0,0.36363636363636365
50.0,2.0,16.0,0.1,0.075,0.2,1.0,688.0,11.0,5.0,0.3691860465116279
50.0,2.0,17.0,0.1,0.075,0.2,1.0,690.0,8.0,4.0,0.3681159420289855
50.0,2.0,18.0,0.1,0.075,0.2,1.0,681.0,7.0,6.0,0.3700440528634361
50.0,2.0,19.0,0.1,0.075,0.2,1.0,678.0,8.0,5.0,0.3687315634218289
50.0,2.0,20.0,0.1,0.075,0.2,1.0,1251.0,7.0,5.0,0.19984012789768185
50.0,2.0,21.0,0.1,0.075,0.2,1.0,1239.0,5.0,2.0,0.1977401129943503
50.0,2.0,22.0,0.1,0.075,0.2,1.0,1221.0,5.0,1.0,0.19983619983619982
50.0,2.0,23.0,0.1,0.075,0.2,1.0,1189.0,4.0,1.0,0.19932716568544995
50.0,2.0,24.0,0.1,0.075,0.2,1.0,1208.0,4.0,2.0,0.20033112582781457
50.0,2.0,25.0,0.1,0.075,0.2,1.0,1187.0,4.0,3.0,0.2013479359730413
50.0,2.0,26.0,0.1,0.075,0.2,1.0,1189.0,5.0,3.0,0.2001682085786375
50.0,2.0,27.0,0.1,0.075,0.2,1.0,1166.0,5.0,2.0,0.1998284734133791
50.0,2.0,28.0,0.1,0.075,0.2,1.0,1165.0,6.0,1.0,0.20085836909871244
50.0,2.0,29.0,0.1,0.075,0.2,1.0,1148.0,6.0,1.0,0.20034843205574912
50.0,2.0,30.0,0.1,0.075,0.2,1.0,1138.0,8.0,3.0,0.20123022847100175
50.0,2.0,31.0,0.1,0.075,0.2,1.0,1125.0,9.0,6.0,0.20266666666666666
50.0,2.0,32.0,0.1,0.075,0.2,1.0,1110.0,11.0,7.0,0.2018018018018018
50.0,2.0,33.0,0.1,0.075,0.2,1.0,1084.0,14.0,5.0,0.2066420664206642
50.0,2.0,34.0,0.1,0.075,0.2,1.0,1081.0,15.0,4.0,0.20814061054579094
50.0,2.0,35.0,0.1,0.075,0.2,1.0,1046.0,14.0,4.0,0.21032504780114722
50.0,2.0,36.0,0.1,0.075,0.2,1.0,1032.0,15.0,6.0,0.2131782945736434
50.0,2.0,37.0,0.1,0.075,0.2,1.0,1024.0,17.0,8.0,0.2119140625
50.0,2.0,38.0,0.1,0.075,0.2,1.0,1030.0,18.0,9.0,0.21067961165048543
50.0,2.0,39.0,0.1,0.075,0.2,1.0,994.0,20.0,10.0,0.21327967806841047
50.0,2.0,40.0,0.1,0.075,0.2,1.0,972.0,22.0,10.0,0.21502057613168724
50.0,2.0,41.0,0.1,0.075,0.2,1.0,955.0,20.0,11.0,0.21465968586387435
50.0,2.0,42.0,0.1,0.075,0.2,1.0,930.0,25.0,10.0,0.21827956989247313
50.0,2.0,43.0,0.1,0.075,0.2,1.0,901.0,27.0,10.0,0.22308546059933407
50.0,2.0,44.0,0.1,0.075,0.2,1.0,889.0,30.0,9.0,0.2204724409448819
50.0,2.0,45.0,0.1,0.075,0.2,1.0,875.0,29.0,15.0,0.2822857142857143
50.0,2.0,46.0,0.1,0.075,0.2,1.0,853.0,30.0,17.0,0.28839390386869873
50.0,2.0,47.0,0.1,0.075,0.2,1.0,843.0,30.0,18.0,0.2870699881376038
50.0,2.0,48.0,0.1,0.075,0.2,1.0,823.0,21.0,10.0,0.2891859052247874
50.0,2.0,49.0,0.1,0.075,0.2,1.0,814.0,22.0,8.0,0.28746928746928746
50.0,2.0,50.0,0.1,0.075,0.2,1.0,798.0,22.0,6.0,0.29448621553884713
50.0,2.0,51.0,0.1,0.075,0.2,1.0,796.0,20.0,9.0,0.2914572864321608
50.0,2.0,52.0,0.1,0.075,0.2,1.0,777.0,18.0,10.0,0.2947232947232947
50.0,3.0,1.0,0.1,0.075,0.2,1.0,784.0,22.0,12.0,0.288265306122449
50.0,3.0,2.0,0.1,0.075,0.2,1.0,760.0,19.0,11.0,0.29605263157894735
50.0,3.0,3.0,0.1,0.075,0.2,1.0,760.0,24.0,10.0,0.29078947368421054
50.0,3.0,4.0,0.1,0.075,0.2,1.0,743.0,25.0,9.0,0.29878869448183043
50.0,3.0,5.0,0.1,0.075,0.2,1.0,746.0,23.0,9.0,0.29222520107238603
50.0,3.0,6.0,0.1,0.075,0.2,1.0,732.0,21.0,9.0,0.3005464480874317
50.0,3.0,7.0,0.1,0.075,0.2,1.0,733.0,22.0,11.0,0.2946793997271487
50.0,3.0,8.0,0.1,0.075,0.2,1.0,718.0,20.0,13.0,0.3022284122562674
50.0,3.0,9.0,0.1,0.075,0.2,1.0,718.0,19.0,11.0,0.29526462395543174
50.0,3.0,10.0,0.1,0.075,0.2,1.0,701.0,20.0,8.0,0.3024251069900143
50.0,3.0,11.0,0.1,0.075,0.2,1.0,692.0,16.0,7.0,0.3020231213872832
50.0,3.0,12.0,0.1,0.075,0.2,1.0,690.0,18.0,10.0,0.30434782608695654
50.0,3.0,13.0,0.1,0.075,0.2,1.0,681.0,21.0,12.0,0.29955947136563876
50.0,3.0,14.0,0.1,0.075,0.2,1.0,678.0,19.0,11.0,0.3053097345132743
50.0,3.0,15.0,0.1,0.075,0.2,1.0,667.0,20.0,9.0,0.30134932533733133
50.0,3.0,16.0,0.1,0.075,0.2,1.0,663.0,18.0,11.0,0.30618401206636503
50.0,3.0,17.0,0.1,0.075,0.2,1.0,657.0,20.0,9.0,0.3059360730593607
50.0,3.0,18.0,0.1,0.075,0.2,1.0,646.0,20.0,10.0,0.3111455108359133
50.0,3.0,19.0,0.1,0.075,0.2,1.0,642.0,18.0,8.0,0.308411214953271
50.0,3.0,20.0,0.1,0.075,0.2,1.0,1131.0,19.0,10.0,0.17418213969938107
50.0,3.0,21.0,0.1,0.075,0.2,1.0,1122.0,26.0,8.0,0.17201426024955438
50.0,3.0,22.0,0.1,0.075,0.2,1.0,1103.0,29.0,10.0,0.17407071622846781
50.0,3.0,23.0,0.1,0.075,0.2,1.0,1093.0,25.0,10.0,0.17383348581884722
50.0,3.0,24.0,0.1,0.075,0.2,1.0,1064.0,30.0,11.0,0.17763157894736842
50.0,3.0,25.0,0.1,0.075,0.2,1.0,1055.0,39.0,13.0,0.17440758293838862
50.0,3.0,26.0,0.1,0.075,0.2,1.0,1013.0,40.0,22.0,0.18262586377097728
50.0,3.0,27.0,0.1,0.075,0.2,1.0,974.0,44.0,24.0,0.1806981519507187
50.0,3.0,28.0,0.1,0.075,0.2,1.0,954.0,52.0,23.0,0.18553459119496854
50.0,3.0,29.0,0.1,0.075,0.2,1.0,936.0,45.0,13.0,0.18482905982905984
50.0,3.0,30.0,0.1,0.075,0.2,1.0,910.0,46.0,19.0,0.19230769230769232
50.0,3.0,31.0,0.1,0.075,0.2,1.0,911.0,50.0,24.0,0.18880351262349068
50.0,3.0,32.0,0.1,0.075,0.2,1.0,891.0,57.0,33.0,0.19304152637485972
50.0,3.0,33.0,0.1,0.075,0.2,1.0,868.0,51.0,27.0,0.1935483870967742
50.0,3.0,34.0,0.1,0.075,0.2,1.0,832.0,42.0,17.0,0.19951923076923078
50.0,3.0,35.0,0.1,0.075,0.2,1.0,821.0,37.0,12.0,0.20219244823386115
50.0,3.0,36.0,0.1,0.075,0.2,1.0,803.0,40.0,17.0,0.20423412204234123
50.0,3.0,37.0,0.1,0.075,0.2,1.0,787.0,44.0,23.0,0.204574332909784
50.0,3.0,38.0,0.1,0.075,0.2,1.0,766.0,46.0,27.0,0.21018276762402088
50.0,3.0,39.0,0.1,0.075,0.2,1.0,742.0,41.0,22.0,0.21159029649595687
50.0,3.0,40.0,0.1,0.075,0.2,1.0,719.0,33.0,15.0,0.21696801112656466
50.0,3.0,41.0,0.1,0.075,0.2,1.0,698.0,27.0,17.0,0.2163323782234957
50.0,3.0,42.0,0.1,0.075,0.2,1.0,682.0,25.0,16.0,0.21994134897360704
50.0,3.0,43.0,0.1,0.075,0.2,1.0,687.0,23.0,19.0,0.22125181950509462
50.0,3.0,44.0,0.1,0.075,0.2,1.0,663.0,17.0,11.0,0.22473604826546004
50.0,3.0,45.0,0.1,0.075,0.2,1.0,656.0,15.0,11.0,0.2804878048780488
50.0,3.0,46.0,0.1,0.075,0.2,1.0,634.0,8.0,4.0,0.2823343848580442
50.0,3.0,47.0,0.1,0.075,0.2,1.0,639.0,8.0,3.0,0.28012519561815336
50.0,3.0,48.0,0.1,0.075,0.2,1.0,622.0,6.0,2.0,0.2829581993569132
50.0,3.0,49.0,0.1,0.075,0.2,1.0,625.0,5.0,2.0,0.2784
50.0,3.0,50.0,0.1,0.075,0.2,1.0,603.0,5.0,2.0,0.2835820895522388
50.0,3.0,51.0,0.1,0.075,0.2,1.0,617.0,5.0,3.0,0.2787682333873582
50.0,3.0,52.0,0.1,0.075,0.2,1.0,591.0,4.0,2.0,0.27918781725888325
50.0,4.0,1.0,0.1,0.075,0.2,1.0,605.0,4.0,3.0,0.2743801652892562
50.0,4.0,2.0,0.1,0.075,0.2,1.0,578.0,2.0,1.0,0.28027681660899656
50.0,4.0,3.0,0.1,0.075,0.2,1.0,599.0,2.0,1.0,0.27378964941569284
50.0,4.0,4.0,0.1,0.075,0.2,1.0,570.0,1.0,0.0,0.2771929824561403
50.0,4.0,5.0,0.1,0.075,0.2,1.0,588.0,1.0,1.0,0.27721088435374147
50.0,4.0,6.0,0.1,0.075,0.2,1.0,564.0,1.0,1.0,0.2801418439716312
50.0,4.0,7.0,0.1,0.075,0.2,1.0,579.0,1.0,1.0,0.2763385146804836
50.0,4.0,8.0,0.1,0.075,0.2,1.0,556.0,0.0,0.0,0.27697841726618705
50.0,4.0,9.0,0.1,0.075,0.2,1.0,574.0,0.0,0.0,0.2735191637630662
50.0,4.0,10.0,0.1,0.075,0.2,1.0,543.0,0.0,0.0,0.26703499079189685
50.0,4.0,11.0,0.1,0.075,0.2,1.0,558.0,0.0,0.0,0.26344086021505375
50.0,4.0,12.0,0.1,0.075,0.2,1.0,540.0,0.0,0.0,0.26481481481481484
50.0,4.0,13.0,0.1,0.075,0.2,1.0,554.0,0.0,0.0,0.259927797833935
50.0,4.0,14.0,0.1,0.075,0.2,1.0,539.0,0.0,0.0,0.26159554730983303
50.0,4.0,15.0,0.1,0.075,0.2,1.0,552.0,0.0,0.0,0.2554347826086957
50.0,4.0,16.0,0.1,0.075,0.2,1.0,535.0,0.0,0.0,0.25981308411214954
50.0,4.0,17.0,0.1,0.075,0.2,1.0,549.0,0.0,0.0,0.2550091074681239
50.0,4.0,18.0,0.1,0.075,0.2,1.0,531.0,0.0,0.0,0.2580037664783427
50.0,4.0,19.0,0.1,0.075,0.2,1.0,542.0,0.0,0.0,0.25461254612546125
50.0,4.0,20.0,0.1,0.075,0.2,1.0,918.0,0.0,0.0,0.14705882352941177
50.0,4.0,21.0,0.1,0.075,0.2,1.0,946.0,0.0,0.0,0.14482029598308668
50.0,4.0,22.0,0.1,0.075,0.2,1.0,890.0,0.0,0.0,0.14719101123595504
50.0,4.0,23.0,0.1,0.075,0.2,1.0,901.0,0.0,0.0,0.1453940066592675
50.0,4.0,24.0,0.1,0.075,0.2,1.0,871.0,0.0,0.0,0.14695752009184845
50.0,4.0,25.0,0.1,0.075,0.2,1.0,870.0,0.0,0.0,0.1471264367816092
50.0,4.0,26.0,0.1,0.075,0.2,1.0,835.0,0.0,0.0,0.14850299401197606
50.0,4.0,27.0,0.1,0.075,0.2,1.0,848.0,0.0,0.0,0.14386792452830188
50.0,4.0,28.0,0.1,0.075,0.2,1.0,813.0,0.0,0.0,0.14883148831488316
50.0,4.0,29.0,0.1,0.075,0.2,1.0,800.0,0.0,0.0,0.145
50.0,4.0,30.0,0.1,0.075,0.2,1.0,783.0,0.0,0.0,0.1532567049808429
50.0,4.0,31.0,0.1,0.075,0.2,1.0,768.0,0.0,0.0,0.14973958333333334
50.0,4.0,32.0,0.1,0.075,0.2,1.0,765.0,0.0,0.0,0.1542483660130719
50.0,4.0,33.0,0.1,0.075,0.2,1.0,768.0,0.0,0.0,0.15104166666666666
50.0,4.0,34.0,0.1,0.075,0.2,1.0,771.0,0.0,0.0,0.1517509727626459
50.0,4.0,35.0,0.1,0.075,0.2,1.0,758.0,0.0,0.0,0.1503957783641161
50.0,4.0,36.0,0.1,0.075,0.2,1.0,760.0,0.0,0.0,0.14868421052631578
50.0,4.0,37.0,0.1,0.075,0.2,1.0,751.0,0.0,0.0,0.14380825565912117
50.0,4.0,38.0,0.1,0.075,0.2,1.0,727.0,0.0,0.0,0.1499312242090784
50.0,4.0,39.0,0.1,0.075,0.2,1.0,728.0,0.0,0.0,0.14423076923076922
50.0,4.0,40.0,0.1,0.075,0.2,1.0,705.0,0.0,0.0,0.1475177304964539
50.0,4.0,41.0,0.1,0.075,0.2,1.0,702.0,0.0,0.0,0.14814814814814814
50.0,4.0,42.0,0.1,0.075,0.2,1.0,698.0,0.0,0.0,0.14613180515759314
50.0,4.0,43.0,0.1,0.075,0.2,1.0,699.0,0.0,0.0,0.14449213161659513
50.0,4.0,44.0,0.1,0.075,0.2,1.0,694.0,0.0,0.0,0.1440922190201729
50.0,4.0,45.0,0.1,0.075,0.2,1.0,695.0,0.0,0.0,0.20863309352517986
50.0,4.0,46.0,0.1,0.075,0.2,1.0,687.0,0.0,0.0,0.21397379912663755
50.0,4.0,47.0,0.1,0.075,0.2,1.0,679.0,0.0,0.0,0.2106038291605302
50.0,4.0,48.0,0.1,0.075,0.2,1.0,684.0,0.0,0.0,0.2134502923976608
50.0,4.0,49.0,0.1,0.075,0.2,1.0,678.0,0.0,0.0,0.20943952802359883
50.0,4.0,50.0,0.1,0.075,0.2,1.0,679.0,0.0,0.0,0.21502209131075112
50.0,4.0,51.0,0.1,0.075,0.2,1.0,672.0,0.0,0.0,0.20982142857142858
50.0,4.0,52.0,0.1,0.075,0.2,1.0,663.0,0.0,0.0,0.21116138763197587
50.0,5.0,1.0,0.1,0.075,0.2,1.0,661.0,0.0,0.0,0.2027231467473525
50.0,5.0,2.0,0.1,0.075,0.2,1.0,657.0,0.0,0.0,0.2070015220700152
50.0,5.0,3.0,0.1,0.075,0.2,1.0,649.0,0.0,0.0,0.20184899845916796
50.0,5.0,4.0,0.1,0.075,0.2,1.0,646.0,0.0,0.0,0.20743034055727555
50.0,5.0,5.0,0.1,0.075,0.2,1.0,628.0,0.0,0.0,0.19745222929936307
50.0,5.0,6.0,0.1,0.075,0.2,1.0,627.0,0.0,0.0,0.20414673046251994
50.0,5.0,7.0,0.1,0.075,0.2,1.0,621.0,0.0,0.0,0.19484702093397746
50.0,5.0,8.0,0.1,0.075,0.2,1.0,618.0,0.0,0.0,0.2022653721682848
50.0,5.0,9.0,0.1,0.075,0.2,1.0,618.0,0.0,0.0,0.1941747572815534
50.0,5.0,10.0,0.1,0.075,0.2,1.0,612.0,0.0,0.0,0.20261437908496732
50.0,5.0,11.0,0.1,0.075,0.2,1.0,611.0,0.0,0.0,0.19476268412438624
50.0,5.0,12.0,0.1,0.075,0.2,1.0,603.0,0.0,0.0,0.19900497512437812
50.0,5.0,13.0,0.1,0.075,0.2,1.0,602.0,0.0,0.0,0.19269102990033224
50.0,5.0,14.0,0.1,0.075,0.2,1.0,601.0,0.0,0.0,0.19966722129783693
50.0,5.0,15.0,0.1,0.075,0.2,1.0,598.0,0.0,0.0,0.19063545150501673
50.0,5.0,16.0,0.1,0.075,0.2,1.0,595.0,0.0,0.0,0.19831932773109243
50.0,5.0,17.0,0.1,0.075,0.2,1.0,596.0,0.0,0.0,0.1912751677852349
50.0,5.0,18.0,0.1,0.075,0.2,1.0,591.0,0.0,0.0,0.19458544839255498
50.0,5.0,19.0,0.1,0.075,0.2,1.0,590.0,0.0,0.0,0.1864406779661017
50.0,5.0,20.0,0.1,0.075,0.2,1.0,1082.0,0.0,0.0,0.1044362292051756
50.0,5.0,21.0,0.1,0.075,0.2,1.0,1068.0,0.0,0.0,0.09925093632958802
50.0,5.0,22.0,0.1,0.075,0.2,1.0,1021.0,0.0,0.0,0.10577864838393732
50.0,5.0,23.0,0.1,0.075,0.2,1.0,989.0,0.0,0.0,0.10212335692618807
50.0,5.0,24.0,0.1,0.075,0.2,1.0,957.0,0.0,0.0,0.10553814002089865
50.0,5.0,25.0,0.1,0.075,0.2,1.0,944.0,0.0,0.0,0.1048728813559322
50.0,5.0,26.0,0.1,0.075,0.2,1.0,914.0,0.0,0.0,0.10393873085339168
50.0,5.0,27.0,0.1,0.075,0.2,1.0,925.0,0.0,0.0,0.10270270270270271
50.0,5.0,28.0,0.1,0.075,0.2,1.0,892.0,0.0,0.0,0.10538116591928251
50.0,5.0,29.0,0.1,0.075,0.2,1.0,862.0,0.0,0.0,0.10440835266821345
50.0,5.0,30.0,0.1,0.075,0.2,1.0,839.0,0.0,0.0,0.10727056019070322
50.0,5.0,31.0,0.1,0.075,0.2,1.0,801.0,0.0,0.0,0.10736579275905118
50.0,5.0,32.0,0.1,0.075,0.2,1.0,791.0,0.0,0.0,0.11125158027812895
50.0,5.0,33.0,0.1,0.075,0.2,1.0,778.0,0.0,0.0,0.10668380462724936
50.0,5.0,34.0,0.1,0.075,0.2,1.0,770.0,0.0,0.0,0.11168831168831168
50.0,5.0,35.0,0.1,0.075,0.2,1.0,752.0,0.0,0.0,0.1077127659574468
50.0,5.0,36.0,0.1,0.075,0.2,1.0,765.0,0.0,0.0,0.11241830065359477
50.0,5.0,37.0,0.1,0.075,0.2,1.0,744.0,0.0,0.0,0.10887096774193548
50.0,5.0,38.0,0.1,0.075,0.2,1.0,745.0,0.0,0.0,0.11006711409395974
50.0,5.0,39.0,0.1,0.075,0.2,1.0,735.0,0.0,0.0,0.10748299319727891
50.0,5.0,40.0,0.1,0.075,0.2,1.0,744.0,0.0,0.0,0.11021505376344086
50.0,5.0,41.0,0.1,0.075,0.2,1.0,719.0,0.0,0.0,0.10570236439499305
50.0,5.0,42.0,0.1,0.075,0.2,1.0,711.0,0.0,0.0,0.1111111111111111
50.0,5.0,43.0,0.1,0.075,0.2,1.0,683.0,0.0,0.0,0.10980966325036604
50.0,5.0,44.0,0.1,0.075,0.2,1.0,678.0,0.0,0.0,0.11504424778761062
50.0,5.0,45.0,0.1,0.075,0.2,1.0,667.0,0.0,0.0,0.17991004497751126
50.0,5.0,46.0,0.1,0.075,0.2,1.0,675.0,0.0,0.0,0.17925925925925926
50.0,5.0,47.0,0.1,0.075,0.2,1.0,669.0,0.0,0.0,0.17787742899850523
50.0,5.0,48.0,0.1,0.075,0.2,1.0,647.0,0.0,0.0,0.17619783616692428
50.0,5.0,49.0,0.1,0.075,0.2,1.0,639.0,0.0,0.0,0.17370892018779344
50.0,5.0,50.0,0.1,0.075,0.2,1.0,643.0,0.0,0.0,0.17418351477449456
50.0,5.0,51.0,0.1,0.075,0.2,1.0,639.0,0.0,0.0,0.17214397496087636
50.0,5.0,52.0,0.1,0.075,0.2,1.0,636.0,0.0,0.0,0.17295597484276728
50.0,6.0,1.0,0.1,0.075,0.2,1.0,626.0,0.0,0.0,0.17412140575079874
50.0,6.0,2.0,0.1,0.075,0.2,1.0,622.0,0.0,0.0,0.1752411575562701
50.0,6.0,3.0,0.1,0.075,0.2,1.0,623.0,0.0,0.0,0.17335473515248795
50.0,6.0,4.0,0.1,0.075,0.2,1.0,606.0,0.0,0.0,0.17326732673267325
50.0,6.0,5.0,0.1,0.075,0.2,1.0,607.0,0.0,0.0,0.171334431630972
50.0,6.0,6.0,0.1,0.075,0.2,1.0,603.0,0.0,0.0,0.16749585406301823
50.0,6.0,7.0,0.1,0.075,0.2,1.0,603.0,0.0,0.0,0.16583747927031509
50.0,6.0,8.0,0.1,0.075,0.2,1.0,601.0,0.0,0.0,0.16971713810316139
50.0,6.0,9.0,0.1,0.075,0.2,1.0,597.0,0.0,0.0,0.16750418760469013
50.0,6.0,10.0,0.1,0.075,0.2,1.0,599.0,0.0,0.0,0.17028380634390652
50.0,6.0,11.0,0.1,0.075,0.2,1.0,595.0,0.0,0.0,0.16806722689075632
50.0,6.0,12.0,0.1,0.075,0.2,1.0,596.0,0.0,0.0,0.17114093959731544
50.0,6.0,13.0,0.1,0.075,0.2,1.0,580.0,0.0,0.0,0.1724137931034483
50.0,6.0,14.0,0.1,0.075,0.2,1.0,581.0,0.0,0.0,0.17555938037865748
50.0,6.0,15.0,0.1,0.075,0.2,1.0,579.0,0.0,0.0,0.17271157167530224
50.0,6.0,16.0,0.1,0.075,0.2,1.0,580.0,0.0,0.0,0.17586206896551723
50.0,6.0,17.0,0.1,0.075,0.2,1.0,566.0,0.0,0.0,0.17667844522968199
50.0,6.0,18.0,0.1,0.075,0.2,1.0,569.0,0.0,0.0,0.17926186291739896
50.0,6.0,19.0,0.1,0.075,0.2,1.0,563.0,0.0,0.0,0.17761989342806395
50.0,6.0,20.0,0.1,0.075,0.2,1.0,998.0,0.0,0.0,0.10120240480961924
50.0,6.0,21.0,0.1,0.075,0.2,1.0,945.0,0.0,0.0,0.10264550264550265
50.0,6.0,22.0,0.1,0.075,0.2,1.0,909.0,0.0,0.0,0.10121012101210121
50.0,6.0,23.0,0.1,0.075,0.2,1.0,868.0,0.0,0.0,0.10253456221198157
50.0,6.0,24.0,0.1,0.075,0.2,1.0,860.0,0.0,0.0,0.10232558139534884
50.0,6.0,25.0,0.1,0.075,0.2,1.0,846.0,0.0,0.0,0.10047281323877069
50.0,6.0,26.0,0.1,0.075,0.2,1.0,821.0,0.0,0.0,0.09866017052375152
50.0,6.0,27.0,0.1,0.075,0.2,1.0,802.0,0.0,0.0,0.09975062344139651
50.0,6.0,28.0,0.1,0.075,0.2,1.0,770.0,0.0,0.0,0.1038961038961039
50.0,6.0,29.0,0.1,0.075,0.2,1.0,753.0,0.0,0.0,0.099601593625498
50.0,6.0,30.0,0.1,0.075,0.2,1.0,754.0,0.0,0.0,0.10079575596816977
50.0,6.0,31.0,0.1,0.075,0.2,1.0,752.0,0.0,0.0,0.09840425531914894
50.0,6.0,32.0,0.1,0.075,0.2,1.0,754.0,0.0,0.0,0.09946949602122016
50.0,6.0,33.0,0.1,0.075,0.2,1.0,717.0,0.0,0.0,0.09902370990237098
50.0,6.0,34.0,0.1,0.075,0.2,1.0,699.0,0.0,0.0,0.09871244635193133
50.0,6.0,35.0,0.1,0.075,0.2,1.0,698.0,0.0,0.0,0.09598853868194843
50.0,6.0,36.0,0.1,0.075,0.2,1.0,699.0,0.0,0.0,0.09728183118741059
50.0,6.0,37.0,0.1,0.075,0.2,1.0,696.0,0.0,0.0,0.09339080459770115
50.0,6.0,38.0,0.1,0.075,0.2,1.0,686.0,0.0,0.0,0.09766763848396501
50.0,6.0,39.0,0.1,0.075,0.2,1.0,685.0,0.0,0.0,0.09635036496350365
50.0,6.0,40.0,0.1,0.075,0.2,1.0,678.0,0.0,0.0,0.09587020648967552
50.0,6.0,41.0,0.1,0.075,0.2,1.0,682.0,0.0,0.0,0.093841642228739
50.0,6.0,42.0,0.1,0.075,0.2,1.0,678.0,0.0,0.0,0.09587020648967552
50.0,6.0,43.0,0.1,0.075,0.2,1.0,682.0,0.0,0.0,0.093841642228739
50.0,6.0,44.0,0.1,0.075,0.2,1.0,664.0,0.0,0.0,0.0963855421686747
50.0,6.0,45.0,0.1,0.075,0.2,1.0,667.0,0.0,0.0,0.15892053973013492
50.0,6.0,46.0,0.1,0.075,0.2,1.0,641.0,0.0,0.0,0.15912636505460218
50.0,6.0,47.0,0.1,0.075,0.2,1.0,631.0,0.0,0.0,0.15530903328050713
50.0,6.0,48.0,0.1,0.075,0.2,1.0,617.0,0.0,0.0,0.15721231766612642
50.0,6.0,49.0,0.1,0.075,0.2,1.0,620.0,0.0,0.0,0.15806451612903225
50.0,6.0,50.0,0.1,0.075,0.2,1.0,613.0,0.0,0.0,0.1566068515497553
50.0,6.0,51.0,0.1,0.075,0.2,1.0,617.0,0.0,0.0,0.16045380875202594
50.0,6.0,52.0,0.1,0.075,0.2,1.0,606.0,0.0,0.0,0.15841584158415842
50.0,7.0,1.0,0.1,0.075,0.2,1.0,615.0,0.0,0.0,0.16260162601626016
50.0,7.0,2.0,0.1,0.075,0.2,1.0,604.0,0.0,0.0,0.15894039735099338
50.0,7.0,3.0,0.1,0.075,0.2,1.0,616.0,0.0,0.0,0.16071428571428573
50.0,7.0,4.0,0.1,0.075,0.2,1.0,591.0,0.0,0.0,0.15228426395939088
50.0,7.0,5.0,0.1,0.075,0.2,1.0,599.0,0.0,0.0,0.15692821368948248
50.0,7.0,6.0,0.1,0.075,0.2,1.0,589.0,0.0,0.0,0.15280135823429541
50.0,7.0,7.0,0.1,0.075,0.2,1.0,595.0,0.0,0.0,0.15798319327731092
50.0,7.0,8.0,0.1,0.075,0.2,1.0,571.0,0.0,0.0,0.15761821366024517
50.0,7.0,9.0,0.1,0.075,0.2,1.0,577.0,0.0,0.0,0.1611785095320624
50.0,7.0,10.0,0.1,0.075,0.2,1.0,558.0,0.0,0.0,0.15770609318996415
50.0,7.0,11.0,0.1,0.075,0.2,1.0,570.0,0.0,0.0,0.15789473684210525
50.0,7.0,12.0,0.1,0.075,0.2,1.0,556.0,0.0,0.0,0.1564748201438849
50.0,7.0,13.0,0.1,0.075,0.2,1.0,569.0,0.0,0.0,0.15817223198594024
50.0,7.0,14.0,0.1,0.075,0.2,1.0,555.0,0.0,0.0,0.15675675675675677
50.0,7.0,15.0,0.1,0.075,0.2,1.0,569.0,0.0,0.0,0.15817223198594024
50.0,7.0,16.0,0.1,0.075,0.2,1.0,553.0,0.0,0.0,0.15732368896925858
50.0,7.0,17.0,0.1,0.075,0.2,1.0,565.0,0.0,0.0,0.15575221238938053
50.0,7.0,18.0,0.1,0.075,0.2,1.0,549.0,0.0,0.0,0.15664845173041894
50.0,7.0,19.0,0.1,0.075,0.2,1.0,562.0,0.0,0.0,0.15480427046263345
50.0,7.0,20.0,0.1,0.075,0.2,1.0,963.0,0.0,0.0,0.08826583592938733
50.0,7.0,21.0,0.1,0.075,0.2,1.0,942.0,0.0,0.0,0.09023354564755838
50.0,7.0,22.0,0.1,0.075,0.2,1.0,923.0,0.0,0.0,0.08992416034669556
50.0,7.0,23.0,0.1,0.075,0.2,1.0,880.0,0.0,0.0,0.09431818181818181
50.0,7.0,24.0,0.1,0.075,0.2,1.0,861.0,0.0,0.0,0.09407665505226481
50.0,7.0,25.0,0.1,0.075,0.2,1.0,846.0,0.0,0.0,0.09692671394799054
50.0,7.0,26.0,0.1,0.075,0.2,1.0,833.0,0.0,0.0,0.09603841536614646
50.0,7.0,27.0,0.1,0.075,0.2,1.0,825.0,0.0,0.0,0.09818181818181818
50.0,7.0,28.0,0.1,0.075,0.2,1.0,795.0,0.0,0.0,0.09937106918238994
50.0,7.0,29.0,0.1,0.075,0.2,1.0,757.0,0.0,0.0,0.10171730515191546
50.0,7.0,30.0,0.1,0.075,0.2,1.0,729.0,0.0,0.0,0.1056241426611797
50.0,7.0,31.0,0.1,0.075,0.2,1.0,720.0,0.0,0.0,0.10416666666666667
50.0,7.0,32.0,0.1,0.075,0.2,1.0,728.0,0.0,0.0,0.1043956043956044
50.0,7.0,33.0,0.1,0.075,0.2,1.0,717.0,0.0,0.0,0.10460251046025104
50.0,7.0,34.0,0.1,0.075,0.2,1.0,701.0,0.0,0.0,0.10699001426533523
50.0,7.0,35.0,0.1,0.075,0.2,1.0,704.0,0.0,0.0,0.10511363636363637
50.0,7.0,36.0,0.1,0.075,0.2,1.0,701.0,0.0,0.0,0.10699001426533523
50.0,7.0,37.0,0.1,0.075,0.2,1.0,704.0,0.0,0.0,0.10511363636363637
50.0,7.0,38.0,0.1,0.075,0.2,1.0,689.0,0.0,0.0,0.10885341074020319
50.0,7.0,39.0,0.1,0.075,0.2,1.0,689.0,0.0,0.0,0.10740203193033382
50.0,7.0,40.0,0.1,0.075,0.2,1.0,686.0,0.0,0.0,0.10932944606413994
50.0,7.0,41.0,0.1,0.075,0.2,1.0,688.0,0.0,0.0,0.10755813953488372
50.0,7.0,42.0,0.1,0.075,0.2,1.0,686.0,0.0,0.0,0.10932944606413994
50.0,7.0,43.0,0.1,0.075,0.2,1.0,688.0,0.0,0.0,0.10755813953488372
50.0,7.0,44.0,0.1,0.075,0.2,1.0,685.0,0.0,0.0,0.10948905109489052
50.0,7.0,45.0,0.1,0.075,0.2,1.0,665.0,0.0,0.0,0.18646616541353384
50.0,7.0,46.0,0.1,0.075,0.2,1.0,663.0,0.0,0.0,0.18552036199095023
50.0,7.0,47.0,0.1,0.075,0.2,1.0,665.0,0.0,0.0,0.18646616541353384
50.0,7.0,48.0,0.1,0.075,0.2,1.0,653.0,0.0,0.0,0.18529862174578868
50.0,7.0,49.0,0.1,0.075,0.2,1.0,653.0,0.0,0.0,0.18529862174578868
50.0,7.0,50.0,0.1,0.075,0.2,1.0,653.0,0.0,0.0,0.18529862174578868
50.0,7.0,51.0,0.1,0.075,0.2,1.0,651.0,0.0,0.0,0.1858678955453149
50.0,7.0,52.0,0.1,0.075,0.2,1.0,649.0,0.0,0.0,0.1864406779661017
50.0,8.0,1.0,0.1,0.075,0.2,1.0,650.0,0.0,0.0,0.18461538461538463
50.0,8.0,2.0,0.1,0.075,0.2,1.0,648.0,0.0,0.0,0.1867283950617284
50.0,8.0,3.0,0.1,0.075,0.2,1.0,649.0,0.0,0.0,0.18489984591679506
50.0,8.0,4.0,0.1,0.075,0.2,1.0,649.0,0.0,0.0,0.1864406779661017
50.0,8.0,5.0,0.1,0.075,0.2,1.0,649.0,0.0,0.0,0.1864406779661017
50.0,8.0,6.0,0.1,0.075,0.2,1.0,648.0,0.0,0.0,0.1867283950617284
50.0,8.0,7.0,0.1,0.075,0.2,1.0,649.0,0.0,0.0,0.1864406779661017
50.0,8.0,8.0,0.1,0.075,0.2,1.0,644.0,0.0,0.0,0.18788819875776397
50.0,8.0,9.0,0.1,0.075,0.2,1.0,646.0,0.0,0.0,0.1873065015479876
50.0,8.0,10.0,0.1,0.075,0.2,1.0,642.0,0.0,0.0,0.18847352024922118
50.0,8.0,11.0,0.1,0.075,0.2,1.0,643.0,0.0,0.0,0.18818040435458788
50.0,8.0,12.0,0.1,0.075,0.2,1.0,641.0,0.0,0.0,0.18876755070202808
50.0,8.0,13.0,0.1,0.075,0.2,1.0,643.0,0.0,0.0,0.18818040435458788
50.0,8.0,14.0,0.1,0.075,0.2,1.0,630.0,0.0,0.0,0.19047619047619047
50.0,8.0,15.0,0.1,0.075,0.2,1.0,629.0,0.0,0.0,0.1891891891891892
50.0,8.0,16.0,0.1,0.075,0.2,1.0,631.0,0.0,0.0,0.18858954041204437
50.0,8.0,17.0,0.1,0.075,0.2,1.0,626.0,0.0,0.0,0.1900958466453674
50.0,8.0,18.0,0.1,0.075,0.2,1.0,631.0,0.0,0.0,0.18858954041204437
50.0,8.0,19.0,0.1,0.075,0.2,1.0,626.0,0.0,0.0,0.1900958466453674
50.0,8.0,20.0,0.1,0.075,0.2,1.0,1131.0,0.0,0.0,0.10521662245800177
50.0,8.0,21.0,0.1,0.075,0.2,1.0,1110.0,0.0,0.0,0.1063063063063063
50.0,8.0,22.0,0.1,0.075,0.2,1.0,1072.0,0.0,0.0,0.10914179104477612
50.0,8.0,23.0,0.1,0.075,0.2,1.0,1056.0,0.0,0.0,0.10890151515151515
50.0,8.0,24.0,0.1,0.075,0.2,1.0,1060.0,0.0,0.0,0.10849056603773585
50.0,8.0,25.0,0.1,0.075,0.2,1.0,1051.0,0.0,0.0,0.10941960038058991
50.0,8.0,26.0,0.1,0.075,0.2,1.0,1011.0,0.0,0.0,0.11078140454995054
50.0,8.0,27.0,0.1,0.075,0.2,1.0,981.0,0.0,0.0,0.11213047910295616
50.0,8.0,28.0,0.1,0.075,0.2,1.0,973.0,0.0,0.0,0.11099691675231244
50.0,8.0,29.0,0.1,0.075,0.2,1.0,958.0,0.0,0.0,0.1127348643006263
50.0,8.0,30.0,0.1,0.075,0.2,1.0,949.0,0.0,0.0,0.11169652265542676
50.0,8.0,31.0,0.1,0.075,0.2,1.0,945.0,0.0,0.0,0.11216931216931217
50.0,8.0,32.0,0.1,0.075,0.2,1.0,937.0,0.0,0.0,0.11099252934898612
50.0,8.0,33.0,0.1,0.075,0.2,1.0,918.0,0.0,0.0,0.11437908496732026
50.0,8.0,34.0,0.1,0.075,0.2,1.0,908.0,0.0,0.0,0.11343612334801761
50.0,8.0,35.0,0.1,0.075,0.2,1.0,905.0,0.0,0.0,0.11491712707182321
50.0,8.0,36.0,0.1,0.075,0.2,1.0,903.0,0.0,0.0,0.11295681063122924
50.0,8.0,37.0,0.1,0.075,0.2,1.0,894.0,0.0,0.0,0.11521252796420582
50.0,8.0,38.0,0.1,0.075,0.2,1.0,889.0,0.0,0.0,0.11361079865016872
50.0,8.0,39.0,0.1,0.075,0.2,1.0,877.0,0.0,0.0,0.11288483466362599
50.0,8.0,40.0,0.1,0.075,0.2,1.0,862.0,0.0,0.0,0.11252900232018562
50.0,8.0,41.0,0.1,0.075,0.2,1.0,855.0,0.0,0.0,0.11578947368421053
50.0,8.0,42.0,0.1,0.075,0.2,1.0,851.0,0.0,0.0,0.11398354876615746
50.0,8.0,43.0,0.1,0.075,0.2,1.0,854.0,0.0,0.0,0.11592505854800937
50.0,8.0,44.0,0.1,0.075,0.2,1.0,844.0,0.0,0.0,0.11492890995260663
50.0,8.0,45.0,0.1,0.075,0.2,1.0,831.0,0.0,0.0,0.1793020457280385
50.0,8.0,46.0,0.1,0.075,0.2,1.0,836.0,0.0,0.0,0.17942583732057416
50.0,8.0,47.0,0.1,0.075,0.2,1.0,820.0,0.0,0.0,0.17682926829268292
50.0,8.0,48.0,0.1,0.075,0.2,1.0,801.0,0.0,0.0,0.17852684144818975
50.0,8.0,49.0,0.1,0.075,0.2,1.0,795.0,0.0,0.0,0.17861635220125785
50.0,8.0,50.0,0.1,0.075,0.2,1.0,801.0,0.0,0.0,0.17852684144818975
50.0,8.0,51.0,0.1,0.075,0.2,1.0,794.0,0.0,0.0,0.17884130982367757
50.0,8.0,52.0,0.1,0.075,0.2,1.0,800.0,0.0,0.0,0.17875
50.0,9.0,1.0,0.1,0.075,0.2,1.0,792.0,0.0,0.0,0.17929292929292928
50.0,9.0,2.0,0.1,0.075,0.2,1.0,799.0,0.0,0.0,0.17897371714643304
50.0,9.0,3.0,0.1,0.075,0.2,1.0,786.0,0.0,0.0,0.17938931297709923
50.0,9.0,4.0,0.1,0.075,0.2,1.0,793.0,0.0,0.0,0.17906683480453972
50.0,9.0,5.0,0.1,0.075,0.2,1.0,773.0,0.0,0.0,0.18111254851228978
50.0,9.0,6.0,0.1,0.075,0.2,1.0,769.0,0.0,0.0,0.18335500650195058
50.0,9.0,7.0,0.1,0.075,0.2,1.0,761.0,0.0,0.0,0.18396846254927726
50.0,9.0,8.0,0.1,0.075,0.2,1.0,768.0,0.0,0.0,0.18359375
50.0,9.0,9.0,0.1,0.075,0.2,1.0,748.0,0.0,0.0,0.1858288770053476
50.0,9.0,10.0,0.1,0.075,0.2,1.0,740.0,0.0,0.0,0.1864864864864865
50.0,9.0,11.0,0.1,0.075,0.2,1.0,717.0,0.0,0.0,0.1896792189679219
50.0,9.0,12.0,0.1,0.075,0.2,1.0,723.0,0.0,0.0,0.18948824343015214
50.0,9.0,13.0,0.1,0.075,0.2,1.0,700.0,0.0,0.0,0.19
50.0,9.0,14.0,0.1,0.075,0.2,1.0,709.0,0.0,0.0,0.1918194640338505
50.0,9.0,15.0,0.1,0.075,0.2,1.0,699.0,0.0,0.0,0.19027181688125894
50.0,9.0,16.0,0.1,0.075,0.2,1.0,708.0,0.0,0.0,0.192090395480226
50.0,9.0,17.0,0.1,0.075,0.2,1.0,699.0,0.0,0.0,0.19027181688125894
50.0,9.0,18.0,0.1,0.075,0.2,1.0,708.0,0.0,0.0,0.192090395480226
50.0,9.0,19.0,0.1,0.075,0.2,1.0,699.0,0.0,0.0,0.19027181688125894
50.0,9.0,20.0,0.1,0.075,0.2,1.0,1263.0,0.0,0.0,0.10055423594615993
50.0,9.0,21.0,0.1,0.075,0.2,1.0,1236.0,0.0,0.0,0.09951456310679611
50.0,9.0,22.0,0.1,0.075,0.2,1.0,1254.0,0.0,0.0,0.09968102073365231
50.0,9.0,23.0,0.1,0.075,0.2,1.0,1153.0,0.0,0.0,0.1023417172593235
50.0,9.0,24.0,0.1,0.075,0.2,1.0,1129.0,0.0,0.0,0.10451727192205491
50.0,9.0,25.0,0.1,0.075,0.2,1.0,1086.0,0.0,0.0,0.10589318600368323
50.0,9.0,26.0,0.1,0.075,0.2,1.0,1088.0,0.0,0.0,0.10477941176470588
50.0,9.0,27.0,0.1,0.075,0.2,1.0,1072.0,0.0,0.0,0.1044776119402985
50.0,9.0,28.0,0.1,0.075,0.2,1.0,1088.0,0.0,0.0,0.10477941176470588
50.0,9.0,29.0,0.1,0.075,0.2,1.0,1050.0,0.0,0.0,0.10571428571428572
50.0,9.0,30.0,0.1,0.075,0.2,1.0,998.0,0.0,0.0,0.10821643286573146
50.0,9.0,31.0,0.1,0.075,0.2,1.0,985.0,0.0,0.0,0.10964467005076142
50.0,9.0,32.0,0.1,0.075,0.2,1.0,985.0,0.0,0.0,0.10862944162436548
50.0,9.0,33.0,0.1,0.075,0.2,1.0,946.0,0.0,0.0,0.10887949260042283
50.0,9.0,34.0,0.1,0.075,0.2,1.0,946.0,0.0,0.0,0.10782241014799154
50.0,9.0,35.0,0.1,0.075,0.2,1.0,921.0,0.0,0.0,0.10857763300760044
50.0,9.0,36.0,0.1,0.075,0.2,1.0,894.0,0.0,0.0,0.11185682326621924
50.0,9.0,37.0,0.1,0.075,0.2,1.0,876.0,0.0,0.0,0.11301369863013698
50.0,9.0,38.0,0.1,0.075,0.2,1.0,894.0,0.0,0.0,0.11185682326621924
50.0,9.0,39.0,0.1,0.075,0.2,1.0,862.0,0.0,0.0,0.1148491879350348
50.0,9.0,40.0,0.1,0.075,0.2,1.0,864.0,0.0,0.0,0.11458333333333333
50.0,9.0,41.0,0.1,0.075,0.2,1.0,853.0,0.0,0.0,0.11488862837045721
50.0,9.0,42.0,0.1,0.075,0.2,1.0,864.0,0.0,0.0,0.11458333333333333
50.0,9.0,43.0,0.1,0.075,0.2,1.0,853.0,0.0,0.0,0.11488862837045721
50.0,9.0,44.0,0.1,0.075,0.2,1.0,851.0,0.0,0.0,0.11515863689776733
50.0,9.0,45.0,0.1,0.075,0.2,1.0,818.0,0.0,0.0,0.19437652811735942
50.0,9.0,46.0,0.1,0.075,0.2,1.0,826.0,0.0,0.0,0.1973365617433414
50.0,9.0,47.0,0.1,0.075,0.2,1.0,782.0,0.0,0.0,0.19437340153452684
50.0,9.0,48.0,0.1,0.075,0.2,1.0,790.0,0.0,0.0,0.19746835443037974
50.0,9.0,49.0,0.1,0.075,0.2,1.0,772.0,0.0,0.0,0.19170984455958548
50.0,9.0,50.0,0.1,0.075,0.2,1.0,766.0,0.0,0.0,0.195822454308094
50.0,9.0,51.0,0.1,0.075,0.2,1.0,760.0,0.0,0.0,0.19210526315789472
50.0,9.0,52.0,0.1,0.075,0.2,1.0,764.0,0.0,0.0,0.193717277486911
50.0,10.0,1.0,0.1,0.075,0.2,1.0,744.0,0.0,0.0,0.1881720430107527
50.0,10.0,2.0,0.1,0.075,0.2,1.0,751.0,0.0,0.0,0.19174434087882822
50.0,10.0,3.0,0.1,0.075,0.2,1.0,744.0,0.0,0.0,0.1881720430107527
50.0,10.0,4.0,0.1,0.075,0.2,1.0,750.0,0.0,0.0,0.192
50.0,10.0,5.0,0.1,0.075,0.2,1.0,739.0,0.0,0.0,0.19079837618403248
50.0,10.0,6.0,0.1,0.075,0.2,1.0,744.0,0.0,0.0,0.1935483870967742
50.0,10.0,7.0,0.1,0.075,0.2,1.0,737.0,0.0,0.0,0.18995929443690637
50.0,10.0,8.0,0.1,0.075,0.2,1.0,742.0,0.0,0.0,0.1940700808625337
50.0,10.0,9.0,0.1,0.075,0.2,1.0,733.0,0.0,0.0,0.19099590723055934
50.0,10.0,10.0,0.1,0.075,0.2,1.0,735.0,0.0,0.0,0.19591836734693877
50.0,10.0,11.0,0.1,0.075,0.2,1.0,731.0,0.0,0.0,0.19151846785225718
50.0,10.0,12.0,0.1,0.075,0.2,1.0,736.0,0.0,0.0,0.1956521739130435
50.0,10.0,13.0,0.1,0.075,0.2,1.0,731.0,0.0,0.0,0.19151846785225718
50.0,10.0,14.0,0.1,0.075,0.2,1.0,736.0,0.0,0.0,0.1956521739130435
50.0,10.0,15.0,0.1,0.075,0.2,1.0,727.0,0.0,0.0,0.19257221458046767
50.0,10.0,16.0,0.1,0.075,0.2,1.0,734.0,0.0,0.0,0.19618528610354224
50.0,10.0,17.0,0.1,0.075,0.2,1.0,726.0,0.0,0.0,0.19421487603305784
50.0,10.0,18.0,0.1,0.075,0.2,1.0,718.0,0.0,0.0,0.1991643454038997
50.0,10.0,19.0,0.1,0.075,0.2,1.0,714.0,0.0,0.0,0.19747899159663865
50.0,10.0,20.0,0.1,0.075,0.2,1.0,1279.0,0.0,0.0,0.10320562939796717
50.0,10.0,21.0,0.1,0.075,0.2,1.0,1246.0,0.0,0.0,0.1043338683788122
50.0,10.0,22.0,0.1,0.075,0.2,1.0,1213.0,0.0,0.0,0.10717230008244023
50.0,10.0,23.0,0.1,0.075,0.2,1.0,1144.0,0.0,0.0,0.10751748251748251
50.0,10.0,24.0,0.1,0.075,0.2,1.0,1134.0,0.0,0.0,0.10934744268077601
50.0,10.0,25.0,0.1,0.075,0.2,1.0,1098.0,0.0,0.0,0.1111111111111111
50.0,10.0,26.0,0.1,0.075,0.2,1.0,1062.0,0.0,0.0,0.11299435028248588
50.0,10.0,27.0,0.1,0.075,0.2,1.0,1068.0,0.0,0.0,0.11235955056179775
50.0,10.0,28.0,0.1,0.075,0.2,1.0,1048.0,0.0,0.0,0.11354961832061068
50.0,10.0,29.0,0.1,0.075,0.2,1.0,999.0,0.0,0.0,0.11511511511511512
50.0,10.0,30.0,0.1,0.075,0.2,1.0,971.0,0.0,0.0,0.11740473738414006
50.0,10.0,31.0,0.1,0.075,0.2,1.0,927.0,0.0,0.0,0.1186623516720604
50.0,10.0,32.0,0.1,0.075,0.2,1.0,924.0,0.0,0.0,0.12012987012987013
50.0,10.0,33.0,0.1,0.075,0.2,1.0,926.0,0.0,0.0,0.11879049676025918
50.0,10.0,34.0,0.1,0.075,0.2,1.0,927.0,0.0,0.0,0.1186623516720604
50.0,10.0,35.0,0.1,0.075,0.2,1.0,925.0,0.0,0.0,0.11891891891891893
50.0,10.0,36.0,0.1,0.075,0.2,1.0,895.0,0.0,0.0,0.12290502793296089
50.0,10.0,37.0,0.1,0.075,0.2,1.0,896.0,0.0,0.0,0.12276785714285714
50.0,10.0,38.0,0.1,0.075,0.2,1.0,898.0,0.0,0.0,0.12249443207126949
50.0,10.0,39.0,0.1,0.075,0.2,1.0,888.0,0.0,0.0,0.12387387387387387
50.0,10.0,40.0,0.1,0.075,0.2,1.0,885.0,0.0,0.0,0.12429378531073447
50.0,10.0,41.0,0.1,0.075,0.2,1.0,861.0,0.0,0.0,0.1254355400696864
50.0,10.0,42.0,0.1,0.075,0.2,1.0,844.0,0.0,0.0,0.12677725118483413
50.0,10.0,43.0,0.1,0.075,0.2,1.0,815.0,0.0,0.0,0.12515337423312883
50.0,10.0,44.0,0.1,0.075,0.2,1.0,812.0,0.0,0.0,0.12561576354679804
50.0,10.0,45.0,0.1,0.075,0.2,1.0,815.0,0.0,0.0,0.19754601226993865
50.0,10.0,46.0,0.1,0.075,0.2,1.0,813.0,0.0,0.0,0.2004920049200492
50.0,10.0,47.0,0.1,0.075,0.2,1.0,802.0,0.0,0.0,0.20074812967581046
50.0,10.0,48.0,0.1,0.075,0.2,1.0,798.0,0.0,0.0,0.20426065162907267
50.0,10.0,49.0,0.1,0.075,0.2,1.0,802.0,0.0,0.0,0.20074812967581046
50.0,10.0,50.0,0.1,0.075,0.2,1.0,797.0,0.0,0.0,0.20326223337515684
50.0,10.0,51.0,0.1,0.075,0.2,1.0,802.0,0.0,0.0,0.20074812967581046
50.0,10.0,52.0,0.1,0.075,0.2,1.0,787.0,0.0,0.0,0.2020330368487929
