rep,year,week,sero,disease,rate,type,total_pop,n_infected,n_symptomatic,actual_sero,elim,a_mort,j_mort
1,1,1,0.0,0.0,1,propagule,940,0,0,0.0,True,0.001,0.015
1,1,2,0.0,0.0,1,propagule,933,0,0,0.0,True,0.001,0.015
1,1,3,0.0,0.0,1,propagule,919,0,0,0.001088139281828074,True,0.001,0.015
1,1,4,0.0,0.0,1,propagule,924,0,0,0.004329004329004329,True,0.001,0.015
1,1,5,0.0,0.0,1,propagule,906,0,0,0.004415011037527594,True,0.001,0.015
1,1,6,0.0,0.0,1,propagule,893,0,0,0.004479283314669653,True,0.001,0.015
1,1,7,0.0,0.0,1,propagule,873,0,0,0.004581901489117984,True,0.001,0.015
1,1,8,0.0,0.0,1,propagule,869,0,0,0.004602991944764097,True,0.001,0.015
1,1,9,0.0,0.0,1,propagule,849,0,0,0.004711425206124852,True,0.001,0.015
1,1,10,0.0,0.0,1,propagule,842,0,0,0.004750593824228029,True,0.001,0.015
1,1,11,0.0,0.0,1,propagule,829,0,0,0.0036188178528347406,True,0.001,0.015
1,1,12,0.0,0.0,1,propagule,825,0,0,0.0048484848484848485,True,0.001,0.015
1,1,13,0.0,0.0,1,propagule,817,0,0,0.004895960832313341,True,0.001,0.015
1,1,14,0.0,0.0,1,propagule,815,0,0,0.0049079754601227,True,0.001,0.015
1,1,15,0.0,0.0,1,propagule,806,0,0,0.0037220843672456576,True,0.001,0.015
1,1,16,0.0,0.0,1,propagule,798,0,0,0.005012531328320802,True,0.001,0.015
1,1,17,0.0,0.0,1,propagule,789,0,0,0.0038022813688212928,True,0.001,0.015
1,1,18,0.0,0.0,1,propagule,2185,0,0,0.0018306636155606408,True,0.001,0.015
1,1,19,0.0,0.0,1,propagule,2151,0,0,0.001394700139470014,True,0.001,0.015
1,1,20,0.0,0.0,1,propagule,2111,0,0,0.0018948365703458077,True,0.001,0.015
1,1,21,0.0,0.0,1,propagule,2059,0,0,0.0014570179698882952,True,0.001,0.015
1,1,22,0.0,0.0,1,propagule,2034,0,0,0.0019665683382497543,True,0.001,0.015
1,1,23,0.0,0.0,1,propagule,1995,0,0,0.0015037593984962407,True,0.001,0.015
1,1,24,0.0,0.0,1,propagule,1942,0,0,0.001544799176107106,True,0.001,0.015
1,1,25,0.0,0.0,1,propagule,1924,0,0,0.002079002079002079,True,0.001,0.015
1,1,26,0.0,0.0,1,propagule,1888,0,0,0.0026483050847457626,True,0.001,0.015
1,1,27,0.0,0.0,1,propagule,1868,0,0,0.003747323340471092,True,0.001,0.015
1,1,28,0.0,0.0,1,propagule,1832,0,0,0.0027292576419213972,True,0.001,0.015
1,1,29,0.0,0.0,1,propagule,1809,0,0,0.003869541182974019,True,0.001,0.015
1,1,30,0.0,0.0,1,propagule,1787,0,0,0.00391717963066592,True,0.001,0.015
1,1,31,0.0,0.0,1,propagule,1752,0,0,0.0045662100456621,True,0.001,0.015
1,1,32,0.0,0.0,1,propagule,1734,0,0,0.004036908881199538,True,0.001,0.015
1,1,33,0.0,0.0,1,propagule,1727,0,0,0.004632310364794441,True,0.001,0.015
1,1,34,0.0,0.0,1,propagule,1700,0,0,0.0058823529411764705,True,0.001,0.015
1,1,35,0.0,0.0,1,propagule,1697,0,0,0.0076605774896876845,True,0.001,0.015
1,1,36,0.0,0.0,1,propagule,1636,0,0,0.008557457212713936,True,0.001,0.015
1,1,37,0.0,0.0,1,propagule,1651,0,0,0.015142337976983646,True,0.001,0.015
1,1,38,0.0,0.0,1,propagule,1611,0,0,0.013656114214773432,True,0.001,0.015
1,1,39,0.0,0.0,1,propagule,1609,0,0,0.016159105034182723,True,0.001,0.015
1,1,40,0.0,0.0,1,propagule,1565,0,0,0.012779552715654952,True,0.001,0.015
1,1,41,0.0,0.0,1,propagule,1574,0,0,0.014612452350698857,True,0.001,0.015
1,1,42,0.0,0.0,1,propagule,1542,0,0,0.014267185473411154,True,0.001,0.015
1,1,43,0.0,0.0,1,propagule,1553,0,0,0.022537025112685124,True,0.001,0.015
1,1,44,0.0,0.0,1,propagule,1536,0,0,0.021484375,True,0.001,0.015
1,1,45,0.0,0.0,1,propagule,1523,0,0,0.023637557452396585,True,0.001,0.015
1,1,46,0.0,0.0,1,propagule,1505,0,0,0.023255813953488372,True,0.001,0.015
1,1,47,0.0,0.0,1,propagule,1502,0,0,0.02529960053262317,True,0.001,0.015
1,1,48,0.0,0.0,1,propagule,1464,0,0,0.025956284153005466,True,0.001,0.015
1,1,49,0.0,0.0,1,propagule,1472,0,0,0.027853260869565216,True,0.001,0.015
1,1,50,0.0,0.0,1,propagule,1455,0,0,0.030240549828178694,True,0.001,0.015
1,1,51,0.0,0.0,1,propagule,1450,0,0,0.03103448275862069,True,0.001,0.015
1,1,52,0.0,0.0,1,propagule,1424,0,0,0.03089887640449438,True,0.001,0.015
1,2,1,0.0,0.0,1,propagule,1422,0,0,0.03234880450070324,True,0.001,0.015
1,2,2,0.0,0.0,1,propagule,1399,0,0,0.032165832737669764,True,0.001,0.015
1,2,3,0.0,0.0,1,propagule,1408,0,0,0.036931818181818184,True,0.001,0.015
1,2,4,0.0,0.0,1,propagule,1375,0,0,0.032,True,0.001,0.015
1,2,5,0.0,0.0,1,propagule,1390,0,0,0.03597122302158273,True,0.001,0.015
1,2,6,0.0,0.0,1,propagule,1360,0,0,0.03235294117647059,True,0.001,0.015
1,2,7,0.0,0.0,1,propagule,1356,0,0,0.033185840707964605,True,0.001,0.015
1,2,8,0.0,0.0,1,propagule,1338,0,0,0.033632286995515695,True,0.001,0.015
1,2,9,0.0,0.0,1,propagule,1336,0,0,0.036676646706586824,True,0.001,0.015
1,2,10,0.0,0.0,1,propagule,1317,0,0,0.03416856492027335,True,0.001,0.015
1,2,11,0.0,0.0,1,propagule,1317,0,0,0.03644646924829157,True,0.001,0.015
1,2,12,0.0,0.0,1,propagule,1288,0,0,0.036490683229813664,True,0.001,0.015
1,2,13,0.0,0.0,1,propagule,1282,0,0,0.0390015600624025,True,0.001,0.015
1,2,14,0.0,0.0,1,propagule,1260,0,0,0.0380952380952381,True,0.001,0.015
1,2,15,0.0,0.0,1,propagule,1275,0,0,0.04392156862745098,True,0.001,0.015
1,2,16,0.0,0.0,1,propagule,1241,0,0,0.038678485092667206,True,0.001,0.015
1,2,17,0.0,0.0,1,propagule,1249,0,0,0.04083266613290633,True,0.001,0.015
1,2,18,0.0,0.0,1,propagule,2218,0,0,0.021190261496844005,True,0.001,0.015
1,2,19,0.0,0.0,1,propagule,2213,0,0,0.021690013556258474,True,0.001,0.015
1,2,20,0.0,0.0,1,propagule,2165,0,0,0.021247113163972285,True,0.001,0.015
1,2,21,0.0,0.0,1,propagule,2173,0,0,0.02208927749654855,True,0.001,0.015
1,2,22,0.0,0.0,1,propagule,2132,0,0,0.02204502814258912,True,0.001,0.015
1,2,23,0.0,0.0,1,propagule,2115,0,0,0.021749408983451537,True,0.001,0.015
1,2,24,0.0,0.0,1,propagule,2080,0,0,0.021634615384615384,True,0.001,0.015
1,2,25,0.0,0.0,1,propagule,2069,0,0,0.022716288061865635,True,0.001,0.015
1,2,26,0.0,0.0,1,propagule,2014,0,0,0.021847070506454815,True,0.001,0.015
1,2,27,0.0,0.0,1,propagule,2000,0,0,0.025,True,0.001,0.015
1,2,28,0.0,0.0,1,propagule,1949,0,0,0.022575679835813236,True,0.001,0.015
1,2,29,0.0,0.0,1,propagule,1923,0,0,0.02548101924076963,True,0.001,0.015
1,2,30,0.0,0.0,1,propagule,1922,0,0,0.027055150884495317,True,0.001,0.015
1,2,31,0.0,0.0,1,propagule,1893,0,0,0.02694136291600634,True,0.001,0.015
1,2,32,0.0,0.0,1,propagule,1834,0,0,0.025081788440567066,True,0.001,0.015
1,2,33,0.0,0.0,1,propagule,1819,0,0,0.024189114898295765,True,0.001,0.015
1,2,34,0.0,0.0,1,propagule,1783,0,0,0.0269209197980931,True,0.001,0.015
1,2,35,0.0,0.0,1,propagule,1764,0,0,0.025510204081632654,True,0.001,0.015
1,2,36,0.0,0.0,1,propagule,1738,0,0,0.03279631760644419,True,0.001,0.015
1,2,37,0.0,0.0,1,propagule,1721,0,0,0.03312027890761186,True,0.001,0.015
1,2,38,0.0,0.0,1,propagule,1683,0,0,0.036244800950683304,True,0.001,0.015
1,2,39,0.0,0.0,1,propagule,1671,0,0,0.036505086774386596,True,0.001,0.015
1,2,40,0.0,0.0,1,propagule,1657,0,0,0.03741701870850935,True,0.001,0.015
1,2,41,0.0,0.0,1,propagule,1640,0,0,0.039634146341463415,True,0.001,0.015
1,2,42,0.0,0.0,1,propagule,1627,0,0,0.03872157344806392,True,0.001,0.015
1,2,43,0.0,0.0,1,propagule,1639,0,0,0.06833435021354485,True,0.001,0.015
1,2,44,0.0,0.0,1,propagule,1602,0,0,0.05742821473158552,True,0.001,0.015
1,2,45,0.0,0.0,1,propagule,1596,0,0,0.06077694235588972,True,0.001,0.015
1,2,46,0.0,0.0,1,propagule,1596,0,0,0.06704260651629072,True,0.001,0.015
1,2,47,0.0,0.0,1,propagule,1604,0,0,0.07044887780548628,True,0.001,0.015
1,2,48,0.0,0.0,1,propagule,1592,0,0,0.07474874371859297,True,0.001,0.015
1,2,49,0.0,0.0,1,propagule,1575,0,0,0.07492063492063492,True,0.001,0.015
1,2,50,0.0,0.0,1,propagule,1573,0,0,0.07628734901462174,True,0.001,0.015
1,2,51,0.0,0.0,1,propagule,1577,0,0,0.07292327203551047,True,0.001,0.015
1,2,52,0.0,0.0,1,propagule,1562,0,0,0.07426376440460948,True,0.001,0.015
1,3,1,0.0,0.0,1,propagule,1569,0,0,0.07775653282345443,True,0.001,0.015
1,3,2,0.0,0.0,1,propagule,1540,0,0,0.07597402597402597,True,0.001,0.015
1,3,3,0.0,0.0,1,propagule,1559,0,0,0.08531109685695959,True,0.001,0.015
1,3,4,0.0,0.0,1,propagule,1532,0,0,0.08224543080939947,True,0.001,0.015
1,3,5,0.0,0.0,1,propagule,1534,0,0,0.08604954367666232,True,0.001,0.015
1,3,6,0.0,0.0,1,propagule,1509,0,0,0.08349900596421471,True,0.001,0.015
1,3,7,0.0,0.0,1,propagule,1511,0,0,0.08802117802779616,True,0.001,0.015
1,3,8,0.0,0.0,1,propagule,1489,0,0,0.08529214237743452,True,0.001,0.015
1,3,9,0.0,0.0,1,propagule,1490,0,0,0.08859060402684564,True,0.001,0.015
1,3,10,0.0,0.0,1,propagule,1471,0,0,0.08837525492861999,True,0.001,0.015
1,3,11,0.0,0.0,1,propagule,1478,0,0,0.09539918809201624,True,0.001,0.015
1,3,12,0.0,0.0,1,propagule,1449,0,0,0.0924775707384403,True,0.001,0.015
1,3,13,0.0,0.0,1,propagule,1456,0,0,0.09821428571428571,True,0.001,0.015
1,3,14,0.0,0.0,1,propagule,1431,0,0,0.09433962264150944,True,0.001,0.015
1,3,15,0.0,0.0,1,propagule,1435,0,0,0.0975609756097561,True,0.001,0.015
1,3,16,0.0,0.0,1,propagule,1409,0,0,0.0936834634492548,True,0.001,0.015
1,3,17,0.0,0.0,1,propagule,1420,0,0,0.09929577464788733,True,0.001,0.015
1,3,18,0.0,0.0,1,propagule,3212,0,0,0.040473225404732256,True,0.001,0.015
1,3,19,0.0,0.0,1,propagule,3182,0,0,0.041483343808925204,True,0.001,0.015
1,3,20,0.0,0.0,1,propagule,3105,0,0,0.04057971014492753,True,0.001,0.015
1,3,21,0.0,0.0,1,propagule,3040,0,0,0.042105263157894736,True,0.001,0.015
1,3,22,0.0,0.0,1,propagule,2939,0,0,0.04151071793126914,True,0.001,0.015
1,3,23,0.0,0.0,1,propagule,2914,0,0,0.0425531914893617,True,0.001,0.015
1,3,24,0.0,0.0,1,propagule,2833,0,0,0.04200494175785387,True,0.001,0.015
1,3,25,0.0,0.0,1,propagule,2871,0,0,0.04423545802856148,True,0.001,0.015
1,3,26,0.0,0.0,1,propagule,2798,0,0,0.04431736954967834,True,0.001,0.015
1,3,27,0.0,0.0,1,propagule,2800,0,0,0.04428571428571428,True,0.001,0.015
1,3,28,0.0,0.0,1,propagule,2724,0,0,0.04405286343612335,True,0.001,0.015
1,3,29,0.0,0.0,1,propagule,2732,0,0,0.04648609077598829,True,0.001,0.015
1,3,30,0.0,0.0,1,propagule,2642,0,0,0.045041635124905374,True,0.001,0.015
1,3,31,0.0,0.0,1,propagule,2597,0,0,0.04543704274162495,True,0.001,0.015
1,3,32,0.0,0.0,1,propagule,2536,0,0,0.04652996845425868,True,0.001,0.015
1,3,33,0.0,0.0,1,propagule,2559,0,0,0.047284095349745994,True,0.001,0.015
1,3,34,0.0,0.0,1,propagule,2484,0,0,0.04710144927536232,True,0.001,0.015
1,3,35,0.0,0.0,1,propagule,2449,0,0,0.04695794201714986,True,0.001,0.015
1,3,36,0.0,0.0,1,propagule,2402,0,0,0.050374687760199835,True,0.001,0.015
1,3,37,0.0,0.0,1,propagule,2381,0,0,0.05249895002099958,True,0.001,0.015
1,3,38,0.0,0.0,1,propagule,2335,0,0,0.05139186295503212,True,0.001,0.015
1,3,39,0.0,0.0,1,propagule,2294,0,0,0.05231037489102005,True,0.001,0.015
1,3,40,0.0,0.0,1,propagule,2279,0,0,0.05704256252742431,True,0.001,0.015
1,3,41,0.0,0.0,1,propagule,2249,0,0,0.057803468208092484,True,0.001,0.015
1,3,42,0.0,0.0,1,propagule,2232,0,0,0.05734767025089606,True,0.001,0.015
1,3,43,0.0,0.0,1,propagule,2329,0,0,0.09660798626019751,True,0.001,0.015
1,3,44,0.0,0.0,1,propagule,2234,0,0,0.08504923903312445,True,0.001,0.015
1,3,45,0.0,0.0,1,propagule,2188,0,0,0.08455210237659963,True,0.001,0.015
1,3,46,0.0,0.0,1,propagule,2218,0,0,0.09783588818755636,True,0.001,0.015
1,3,47,0.0,0.0,1,propagule,2200,0,0,0.09772727272727273,True,0.001,0.015
1,3,48,0.0,0.0,1,propagule,2216,0,0,0.10379061371841156,True,0.001,0.015
1,3,49,0.0,0.0,1,propagule,2214,0,0,0.10569105691056911,True,0.001,0.015
1,3,50,0.0,0.0,1,propagule,2215,0,0,0.11602708803611739,True,0.001,0.015
1,3,51,0.0,0.0,1,propagule,2174,0,0,0.11085556577736891,True,0.001,0.015
1,3,52,0.0,0.0,1,propagule,2179,0,0,0.12023864157870583,True,0.001,0.015
1,4,1,0.0,0.0,1,propagule,2144,0,0,0.11893656716417911,True,0.001,0.015
1,4,2,0.0,0.0,1,propagule,2135,0,0,0.12271662763466042,True,0.001,0.015
1,4,3,0.0,0.0,1,propagule,2127,0,0,0.12411847672778561,True,0.001,0.015
1,4,4,0.0,0.0,1,propagule,2109,0,0,0.12707444286391656,True,0.001,0.015
1,4,5,0.0,0.0,1,propagule,2094,0,0,0.12750716332378223,True,0.001,0.015
1,4,6,0.0,0.0,1,propagule,2098,0,0,0.1325071496663489,True,0.001,0.015
1,4,7,0.0,0.0,1,propagule,2081,0,0,0.1273426237385872,True,0.001,0.015
1,4,8,0.0,0.0,1,propagule,2079,0,0,0.1341991341991342,True,0.001,0.015
1,4,9,0.0,0.0,1,propagule,2046,0,0,0.13098729227761485,True,0.001,0.015
1,4,10,0.0,0.0,1,propagule,2038,0,0,0.13444553483807656,True,0.001,0.015
1,4,11,0.0,0.0,1,propagule,2017,0,0,0.13237481408031732,True,0.001,0.015
1,4,12,0.0,0.0,1,propagule,2019,0,0,0.13719663199603765,True,0.001,0.015
1,4,13,0.0,0.0,1,propagule,1990,0,0,0.13417085427135678,True,0.001,0.015
1,4,14,0.0,0.0,1,propagule,1981,0,0,0.1398283695103483,True,0.001,0.015
1,4,15,0.0,0.0,1,propagule,1941,0,0,0.1354971664090675,True,0.001,0.015
1,4,16,0.0,0.0,1,propagule,1940,0,0,0.13917525773195877,True,0.001,0.015
1,4,17,0.0,0.0,1,propagule,1918,0,0,0.1386861313868613,True,0.001,0.015
1,4,18,0.0,0.0,1,propagule,4184,0,0,0.06524856596558318,True,0.001,0.015
1,4,19,0.0,0.0,1,propagule,4078,0,0,0.06351152525747916,True,0.001,0.015
1,4,20,0.0,0.0,1,propagule,4043,0,0,0.06356665842196389,True,0.001,0.015
1,4,21,0.0,0.0,1,propagule,3976,0,0,0.06413480885311872,True,0.001,0.015
1,4,22,0.0,0.0,1,propagule,3936,0,0,0.06453252032520325,True,0.001,0.015
1,4,23,0.0,0.0,1,propagule,3887,0,0,0.06457422176485722,True,0.001,0.015
1,4,24,0.0,0.0,1,propagule,3786,0,0,0.06524035921817221,True,0.001,0.015
1,4,25,0.0,0.0,1,propagule,3730,0,0,0.06648793565683646,True,0.001,0.015
1,4,26,0.0,0.0,1,propagule,3691,0,0,0.06908696830127337,True,0.001,0.015
1,4,27,0.0,0.0,1,propagule,3609,0,0,0.06899418121363259,True,0.001,0.015
1,4,28,0.0,0.0,1,propagule,3549,0,0,0.0695970695970696,True,0.001,0.015
1,4,29,0.0,0.0,1,propagule,3454,0,0,0.06919513607411697,True,0.001,0.015
1,4,30,0.0,0.0,1,propagule,3443,0,0,0.07057798431600348,True,0.001,0.015
1,4,31,0.0,0.0,1,propagule,3333,0,0,0.0708070807080708,True,0.001,0.015
1,4,32,0.0,0.0,1,propagule,3295,0,0,0.07223065250379362,True,0.001,0.015
1,4,33,0.0,0.0,1,propagule,3232,0,0,0.07178217821782178,True,0.001,0.015
1,4,34,0.0,0.0,1,propagule,3186,0,0,0.07281858129315756,True,0.001,0.015
1,4,35,0.0,0.0,1,propagule,3185,0,0,0.07346938775510205,True,0.001,0.015
1,4,36,0.0,0.0,1,propagule,3133,0,0,0.07532716246409192,True,0.001,0.015
1,4,37,0.0,0.0,1,propagule,3120,0,0,0.07916666666666666,True,0.001,0.015
1,4,38,0.0,0.0,1,propagule,3062,0,0,0.07870672762900065,True,0.001,0.015
1,4,39,0.0,0.0,1,propagule,3027,0,0,0.0802775024777007,True,0.001,0.015
1,4,40,0.0,0.0,1,propagule,2980,0,0,0.08087248322147651,True,0.001,0.015
1,4,41,0.0,0.0,1,propagule,2960,0,0,0.08108108108108109,True,0.001,0.015
1,4,42,0.0,0.0,1,propagule,2928,0,0,0.08060109289617487,True,0.001,0.015
1,4,43,0.0,0.0,1,propagule,3064,0,0,0.12924281984334204,True,0.001,0.015
1,4,44,0.0,0.0,1,propagule,2907,0,0,0.11867905056759546,True,0.001,0.015
1,4,45,0.0,0.0,1,propagule,2847,0,0,0.11731647348085704,True,0.001,0.015
1,4,46,0.0,0.0,1,propagule,2854,0,0,0.12193412754029433,True,0.001,0.015
1,4,47,0.0,0.0,1,propagule,2830,0,0,0.12190812720848057,True,0.001,0.015
1,4,48,0.0,0.0,1,propagule,2833,0,0,0.1260148252735616,True,0.001,0.015
1,4,49,0.0,0.0,1,propagule,2823,0,0,0.1275239107332625,True,0.001,0.015
1,4,50,0.0,0.0,1,propagule,2824,0,0,0.13208215297450424,True,0.001,0.015
1,4,51,0.0,0.0,1,propagule,2807,0,0,0.1371571072319202,True,0.001,0.015
1,4,52,0.0,0.0,1,propagule,2809,0,0,0.1431114275542898,True,0.001,0.015
1,5,1,0.0,0.0,1,propagule,2773,0,0,0.144608727010458,True,0.001,0.015
1,5,2,0.0,0.0,1,propagule,2772,0,0,0.14862914862914864,True,0.001,0.015
1,5,3,0.0,0.0,1,propagule,2730,0,0,0.14908424908424908,True,0.001,0.015
1,5,4,0.0,0.0,1,propagule,2729,0,0,0.15060461707585196,True,0.001,0.015
1,5,5,0.0,0.0,1,propagule,2691,0,0,0.1527313266443701,True,0.001,0.015
1,5,6,0.0,0.0,1,propagule,2692,0,0,0.15564635958395245,True,0.001,0.015
1,5,7,0.0,0.0,1,propagule,2646,0,0,0.15532879818594103,True,0.001,0.015
1,5,8,0.0,0.0,1,propagule,2643,0,0,0.1592886870979947,True,0.001,0.015
1,5,9,0.0,0.0,1,propagule,2607,0,0,0.15918680475642502,True,0.001,0.015
1,5,10,0.0,0.0,1,propagule,2608,0,0,0.16142638036809817,True,0.001,0.015
1,5,11,0.0,0.0,1,propagule,2574,0,0,0.16083916083916083,True,0.001,0.015
1,5,12,0.0,0.0,1,propagule,2551,0,0,0.16189729517836143,True,0.001,0.015
1,5,13,0.0,0.0,1,propagule,2517,0,0,0.15852205005959474,True,0.001,0.015
1,5,14,0.0,0.0,1,propagule,2502,0,0,0.16027178257394084,True,0.001,0.015
1,5,15,0.0,0.0,1,propagule,2469,0,0,0.159983799108951,True,0.001,0.015
1,5,16,0.0,0.0,1,propagule,2471,0,0,0.1643059490084986,True,0.001,0.015
1,5,17,0.0,0.0,1,propagule,2444,0,0,0.16366612111292964,True,0.001,0.015
1,5,18,0.0,0.0,1,propagule,5485,0,0,0.07347310847766636,True,0.001,0.015
1,5,19,0.0,0.0,1,propagule,5393,0,0,0.07213053958835527,True,0.001,0.015
1,5,20,0.0,0.0,1,propagule,5347,0,0,0.07349915840658314,True,0.001,0.015
1,5,21,0.0,0.0,1,propagule,5241,0,0,0.07288685365388285,True,0.001,0.015
1,5,22,0.0,0.0,1,propagule,5172,0,0,0.07501933488012374,True,0.001,0.015
1,5,23,0.0,0.0,1,propagule,5062,0,0,0.07487159225602529,True,0.001,0.015
1,5,24,0.0,0.0,1,propagule,5024,0,0,0.0758359872611465,True,0.001,0.015
1,5,25,0.0,0.0,1,propagule,4901,0,0,0.07529075698836972,True,0.001,0.015
1,5,26,0.0,0.0,1,propagule,4863,0,0,0.07670162451161834,True,0.001,0.015
1,5,27,0.0,0.0,1,propagule,4769,0,0,0.07905221220381631,True,0.001,0.015
1,5,28,0.0,0.0,1,propagule,4715,0,0,0.08292682926829269,True,0.001,0.015
1,5,29,0.0,0.0,1,propagule,4660,0,0,0.08540772532188841,True,0.001,0.015
1,5,30,0.0,0.0,1,propagule,4646,0,0,0.08889367197589323,True,0.001,0.015
1,5,31,0.0,0.0,1,propagule,4612,0,0,0.08933217692974849,True,0.001,0.015
1,5,32,0.0,0.0,1,propagule,4543,0,0,0.09024873431653092,True,0.001,0.015
1,5,33,0.0,0.0,1,propagule,4476,0,0,0.09204647006255585,True,0.001,0.015
1,5,34,0.0,0.0,1,propagule,4434,0,0,0.09224176815516463,True,0.001,0.015
1,5,35,0.0,0.0,1,propagule,4380,0,0,0.09360730593607305,True,0.001,0.015
1,5,36,0.0,0.0,1,propagule,4347,0,0,0.09546813894639981,True,0.001,0.015
1,5,37,0.0,0.0,1,propagule,4262,0,0,0.0957297043641483,True,0.001,0.015
1,5,38,0.0,0.0,1,propagule,4211,0,0,0.09712657326050819,True,0.001,0.015
1,5,39,0.0,0.0,1,propagule,4166,0,0,0.0972155544887182,True,0.001,0.015
1,5,40,0.0,0.0,1,propagule,4132,0,0,0.0989835430784124,True,0.001,0.015
1,5,41,0.0,0.0,1,propagule,4079,0,0,0.09904388330473156,True,0.001,0.015
1,5,42,0.0,0.0,1,propagule,4049,0,0,0.10076562114102247,True,0.001,0.015
1,5,43,0.0,0.0,1,propagule,4053,0,0,0.13693560325684678,True,0.001,0.015
1,5,44,0.0,0.0,1,propagule,3792,0,0,0.12341772151898735,True,0.001,0.015
1,5,45,0.0,0.0,1,propagule,3714,0,0,0.12116316639741519,True,0.001,0.015
1,5,46,0.0,0.0,1,propagule,3669,0,0,0.12373943853911147,True,0.001,0.015
1,5,47,0.0,0.0,1,propagule,3630,0,0,0.12369146005509642,True,0.001,0.015
1,5,48,0.0,0.0,1,propagule,3616,0,0,0.12914823008849557,True,0.001,0.015
1,5,49,0.0,0.0,1,propagule,3594,0,0,0.13160823594880355,True,0.001,0.015
1,5,50,0.0,0.0,1,propagule,3561,0,0,0.13395113732097724,True,0.001,0.015
1,5,51,0.0,0.0,1,propagule,3541,0,0,0.13611974018638803,True,0.001,0.015
1,5,52,0.0,0.0,1,propagule,3534,0,0,0.1372382569326542,True,0.001,0.015
1,6,1,0.0,0.0,1,propagule,3514,0,0,0.14143426294820718,True,0.001,0.015
1,6,2,0.0,0.0,1,propagule,3482,0,0,0.1427340608845491,True,0.001,0.015
1,6,3,0.0,0.0,1,propagule,3459,0,0,0.14281584272911246,True,0.001,0.015
1,6,4,0.0,0.0,1,propagule,3431,0,0,0.14398134654619643,True,0.001,0.015
1,6,5,0.0,0.0,1,propagule,3418,0,0,0.14686951433586892,True,0.001,0.015
1,6,6,0.0,0.0,1,propagule,3375,0,0,0.14637037037037037,True,0.001,0.015
1,6,7,0.0,0.0,1,propagule,3353,0,0,0.14703250820161048,True,0.001,0.015
1,6,8,0.0,0.0,1,propagule,3344,0,0,0.1486244019138756,True,0.001,0.015
1,6,9,0.0,0.0,1,propagule,3323,0,0,0.15046644598254588,True,0.001,0.015
1,6,10,0.0,0.0,1,propagule,3301,0,0,0.15268100575583157,True,0.001,0.015
1,6,11,0.0,0.0,1,propagule,3276,0,0,0.15445665445665446,True,0.001,0.015
1,6,12,0.0,0.0,1,propagule,3245,0,0,0.15408320493066255,True,0.001,0.015
1,6,13,0.0,0.0,1,propagule,3210,0,0,0.15358255451713396,True,0.001,0.015
1,6,14,0.0,0.0,1,propagule,3179,0,0,0.15508021390374332,True,0.001,0.015
1,6,15,0.0,0.0,1,propagule,3164,0,0,0.15644753476611883,True,0.001,0.015
1,6,16,0.0,0.0,1,propagule,3135,0,0,0.15566188197767145,True,0.001,0.015
1,6,17,0.0,0.0,1,propagule,3118,0,0,0.1568313021167415,True,0.001,0.015
1,6,18,0.0,0.0,1,propagule,6873,0,0,0.07114797031863815,True,0.001,0.015
1,6,19,0.0,0.0,1,propagule,6744,0,0,0.07043297746144721,True,0.001,0.015
1,6,20,0.0,0.0,1,propagule,6641,0,0,0.07182653214877277,True,0.001,0.015
1,6,21,0.0,0.0,1,propagule,6481,0,0,0.07128529547909274,True,0.001,0.015
1,6,22,0.0,0.0,1,propagule,6371,0,0,0.07251608852613405,True,0.001,0.015
1,6,23,0.0,0.0,1,propagule,6238,0,0,0.07358127605001603,True,0.001,0.015
1,6,24,0.0,0.0,1,propagule,6149,0,0,0.0743210278093999,True,0.001,0.015
1,6,25,0.0,0.0,1,propagule,6084,0,0,0.07511505588428666,True,0.001,0.015
1,6,26,0.0,0.0,1,propagule,6030,0,0,0.07562189054726368,True,0.001,0.015
1,6,27,0.0,0.0,1,propagule,5949,0,0,0.07631534711716255,True,0.001,0.015
1,6,28,0.0,0.0,1,propagule,5892,0,0,0.07739307535641547,True,0.001,0.015
1,6,29,0.0,0.0,1,propagule,5811,0,0,0.07761142660471519,True,0.001,0.015
1,6,30,0.0,0.0,1,propagule,5698,0,0,0.07827307827307828,True,0.001,0.015
1,6,31,0.0,0.0,1,propagule,5619,0,0,0.0791955864032746,True,0.001,0.015
1,6,32,0.0,0.0,1,propagule,5493,0,0,0.0797378481703987,True,0.001,0.015
1,6,33,0.0,0.0,1,propagule,5392,0,0,0.08086053412462908,True,0.001,0.015
1,6,34,0.0,0.0,1,propagule,5337,0,0,0.08131909312347761,True,0.001,0.015
1,6,35,0.0,0.0,1,propagule,5278,0,0,0.08165971959075408,True,0.001,0.015
1,6,36,0.0,0.0,1,propagule,5196,0,0,0.08410315627405697,True,0.001,0.015
1,6,37,0.0,0.0,1,propagule,5123,0,0,0.0833495998438415,True,0.001,0.015
1,6,38,0.0,0.0,1,propagule,5072,0,0,0.08320189274447949,True,0.001,0.015
1,6,39,0.0,0.0,1,propagule,5039,0,0,0.08374677515380036,True,0.001,0.015
1,6,40,0.0,0.0,1,propagule,4988,0,0,0.08480352846832398,True,0.001,0.015
1,6,41,0.0,0.0,1,propagule,4949,0,0,0.08425944635279854,True,0.001,0.015
1,6,42,0.0,0.0,1,propagule,4913,0,0,0.0858945654386322,True,0.001,0.015
1,6,43,0.0,0.0,1,propagule,5120,0,0,0.1470703125,True,0.001,0.015
1,6,44,0.0,0.0,1,propagule,4798,0,0,0.13401417257190495,True,0.001,0.015
1,6,45,0.0,0.0,1,propagule,4650,0,0,0.13053763440860214,True,0.001,0.015
1,6,46,0.0,0.0,1,propagule,4569,0,0,0.1302254322608886,True,0.001,0.015
1,6,47,0.0,0.0,1,propagule,4512,0,0,0.13009751773049646,True,0.001,0.015
1,6,48,0.0,0.0,1,propagule,4469,0,0,0.13112553143880062,True,0.001,0.015
1,6,49,0.0,0.0,1,propagule,4424,0,0,0.13517179023508138,True,0.001,0.015
1,6,50,0.0,0.0,1,propagule,4382,0,0,0.13532633500684618,True,0.001,0.015
1,6,51,0.0,0.0,1,propagule,4355,0,0,0.1377726750861079,True,0.001,0.015
1,6,52,0.0,0.0,1,propagule,4332,0,0,0.14104339796860574,True,0.001,0.015
1,7,1,0.0,0.0,1,propagule,4313,0,0,0.14259216322745188,True,0.001,0.015
1,7,2,0.0,0.0,1,propagule,4299,0,0,0.14445219818562458,True,0.001,0.015
1,7,3,0.0,0.0,1,propagule,4281,0,0,0.14622751693529548,True,0.001,0.015
1,7,4,0.0,0.0,1,propagule,4256,0,0,0.14708646616541354,True,0.001,0.015
1,7,5,0.0,0.0,1,propagule,4237,0,0,0.1489261269766344,True,0.001,0.015
1,7,6,0.0,0.0,1,propagule,4210,0,0,0.14916864608076008,True,0.001,0.015
1,7,7,0.0,0.0,1,propagule,4185,0,0,0.15029868578255676,True,0.001,0.015
1,7,8,0.0,0.0,1,propagule,4145,0,0,0.1503015681544029,True,0.001,0.015
1,7,9,0.0,0.0,1,propagule,4105,0,0,0.1515225334957369,True,0.001,0.015
1,7,10,0.0,0.0,1,propagule,4076,0,0,0.15112855740922473,True,0.001,0.015
1,7,11,0.0,0.0,1,propagule,4037,0,0,0.15283626455288582,True,0.001,0.015
1,7,12,0.0,0.0,1,propagule,3993,0,0,0.15251690458302028,True,0.001,0.015
1,7,13,0.0,0.0,1,propagule,3964,0,0,0.15363269424823411,True,0.001,0.015
1,7,14,0.0,0.0,1,propagule,3934,0,0,0.15327910523640062,True,0.001,0.015
1,7,15,0.0,0.0,1,propagule,3901,0,0,0.15406306075365292,True,0.001,0.015
1,7,16,0.0,0.0,1,propagule,3863,0,0,0.15273103805332644,True,0.001,0.015
1,7,17,0.0,0.0,1,propagule,3846,0,0,0.15496619864794592,True,0.001,0.015
1,7,18,0.0,0.0,1,propagule,8591,0,0,0.06809451751833313,True,0.001,0.015
1,7,19,0.0,0.0,1,propagule,8507,0,0,0.06923709885976255,True,0.001,0.015
1,7,20,0.0,0.0,1,propagule,8435,0,0,0.06970954356846473,True,0.001,0.015
1,7,21,0.0,0.0,1,propagule,8353,0,0,0.07075302286603616,True,0.001,0.015
1,7,22,0.0,0.0,1,propagule,8248,0,0,0.0731086323957323,True,0.001,0.015
1,7,23,0.0,0.0,1,propagule,8164,0,0,0.07410583047525722,True,0.001,0.015
1,7,24,0.0,0.0,1,propagule,8052,0,0,0.07501241927471436,True,0.001,0.015
1,7,25,0.0,0.0,1,propagule,7964,0,0,0.07546459065796082,True,0.001,0.015
1,7,26,0.0,0.0,1,propagule,7875,0,0,0.07580952380952381,True,0.001,0.015
1,7,27,0.0,0.0,1,propagule,7767,0,0,0.0766061542423072,True,0.001,0.015
1,7,28,0.0,0.0,1,propagule,7655,0,0,0.0774657086871326,True,0.001,0.015
1,7,29,0.0,0.0,1,propagule,7561,0,0,0.07816426398624521,True,0.001,0.015
1,7,30,0.0,0.0,1,propagule,7470,0,0,0.078714859437751,True,0.001,0.015
1,7,31,0.0,0.0,1,propagule,7347,0,0,0.07976044644072411,True,0.001,0.015
1,7,32,0.0,0.0,1,propagule,7231,0,0,0.0803484995159729,True,0.001,0.015
1,7,33,0.0,0.0,1,propagule,7160,0,0,0.0808659217877095,True,0.001,0.015
1,7,34,0.0,0.0,1,propagule,7042,0,0,0.08193694973019029,True,0.001,0.015
1,7,35,0.0,0.0,1,propagule,6951,0,0,0.08257804632426989,True,0.001,0.015
1,7,36,0.0,0.0,1,propagule,6888,0,0,0.08217189314750291,True,0.001,0.015
1,7,37,0.0,0.0,1,propagule,6785,0,0,0.08282977155490051,True,0.001,0.015
1,7,38,0.0,0.0,1,propagule,6722,0,0,0.0839036001190122,True,0.001,0.015
1,7,39,0.0,0.0,1,propagule,6648,0,0,0.08408543922984356,True,0.001,0.015
1,7,40,0.0,0.0,1,propagule,6590,0,0,0.08497723823975721,True,0.001,0.015
1,7,41,0.0,0.0,1,propagule,6530,0,0,0.08560490045941807,True,0.001,0.015
1,7,42,0.0,0.0,1,propagule,6469,0,0,0.08656670273612614,True,0.001,0.015
1,7,43,0.0,0.0,1,propagule,6740,0,0,0.14599406528189912,True,0.001,0.015
1,7,44,0.0,0.0,1,propagule,6231,0,0,0.12983469748034024,True,0.001,0.015
1,7,45,0.0,0.0,1,propagule,5970,0,0,0.12428810720268006,True,0.001,0.015
1,7,46,0.0,0.0,1,propagule,5883,0,0,0.12119666836647969,True,0.001,0.015
1,7,47,0.0,0.0,1,propagule,5792,0,0,0.12206491712707182,True,0.001,0.015
1,7,48,0.0,0.0,1,propagule,5709,0,0,0.12226309336135925,True,0.001,0.015
1,7,49,0.0,0.0,1,propagule,5653,0,0,0.12382805589952238,True,0.001,0.015
1,7,50,0.0,0.0,1,propagule,5587,0,0,0.12475389296581349,True,0.001,0.015
1,7,51,0.0,0.0,1,propagule,5556,0,0,0.12670986321094313,True,0.001,0.015
1,7,52,0.0,0.0,1,propagule,5519,0,0,0.12919007066497554,True,0.001,0.015
1,8,1,0.0,0.0,1,propagule,5506,0,0,0.13185615691972394,True,0.001,0.015
1,8,2,0.0,0.0,1,propagule,5476,0,0,0.13111760409057707,True,0.001,0.015
1,8,3,0.0,0.0,1,propagule,5457,0,0,0.13377313542239325,True,0.001,0.015
1,8,4,0.0,0.0,1,propagule,5413,0,0,0.13578422316645114,True,0.001,0.015
1,8,5,0.0,0.0,1,propagule,5404,0,0,0.13786084381939304,True,0.001,0.015
1,8,6,0.0,0.0,1,propagule,5375,0,0,0.1386046511627907,True,0.001,0.015
1,8,7,0.0,0.0,1,propagule,5364,0,0,0.1413124533929903,True,0.001,0.015
1,8,8,0.0,0.0,1,propagule,5313,0,0,0.14266892527762093,True,0.001,0.015
1,8,9,0.0,0.0,1,propagule,5283,0,0,0.143857656634488,True,0.001,0.015
1,8,10,0.0,0.0,1,propagule,5282,0,0,0.14558879212419537,True,0.001,0.015
1,8,11,0.0,0.0,1,propagule,5261,0,0,0.14636000760311726,True,0.001,0.015
1,8,12,0.0,0.0,1,propagule,5230,0,0,0.1474187380497132,True,0.001,0.015
1,8,13,0.0,0.0,1,propagule,5216,0,0,0.14838957055214724,True,0.001,0.015
1,8,14,0.0,0.0,1,propagule,5172,0,0,0.14810518174787315,True,0.001,0.015
1,8,15,0.0,0.0,1,propagule,5157,0,0,0.15105681597828194,True,0.001,0.015
1,8,16,0.0,0.0,1,propagule,5134,0,0,0.152317880794702,True,0.001,0.015
1,8,17,0.0,0.0,1,propagule,5096,0,0,0.15286499215070642,True,0.001,0.015
1,8,18,0.0,0.0,1,propagule,11225,0,0,0.06948775055679288,True,0.001,0.015
1,8,19,0.0,0.0,1,propagule,11107,0,0,0.07031601692626271,True,0.001,0.015
1,8,20,0.0,0.0,1,propagule,11050,0,0,0.07076923076923076,True,0.001,0.015
1,8,21,0.0,0.0,1,propagule,10929,0,0,0.07155274956537652,True,0.001,0.015
1,8,22,0.0,0.0,1,propagule,10796,0,0,0.07132271211559837,True,0.001,0.015
1,8,23,0.0,0.0,1,propagule,10643,0,0,0.0726298975852673,True,0.001,0.015
1,8,24,0.0,0.0,1,propagule,10478,0,0,0.0735827447986257,True,0.001,0.015
1,8,25,0.0,0.0,1,propagule,10385,0,0,0.0745305729417429,True,0.001,0.015
1,8,26,0.0,0.0,1,propagule,10258,0,0,0.07555078962760772,True,0.001,0.015
1,8,27,0.0,0.0,1,propagule,10136,0,0,0.07616416732438831,True,0.001,0.015
1,8,28,0.0,0.0,1,propagule,10015,0,0,0.07718422366450324,True,0.001,0.015
1,8,29,0.0,0.0,1,propagule,9879,0,0,0.07784188683065088,True,0.001,0.015
1,8,30,0.0,0.0,1,propagule,9786,0,0,0.07847946045370938,True,0.001,0.015
1,8,31,0.0,0.0,1,propagule,9676,0,0,0.07937164117403886,True,0.001,0.015
1,8,32,0.0,0.0,1,propagule,9585,0,0,0.08002086593635889,True,0.001,0.015
1,8,33,0.0,0.0,1,propagule,9484,0,0,0.08045128637705609,True,0.001,0.015
1,8,34,0.0,0.0,1,propagule,9376,0,0,0.08073805460750853,True,0.001,0.015
1,8,35,0.0,0.0,1,propagule,9276,0,0,0.08117723156532988,True,0.001,0.015
1,8,36,0.0,0.0,1,propagule,9183,0,0,0.08199934661875204,True,0.001,0.015
1,8,37,0.0,0.0,1,propagule,9057,0,0,0.08314011262007287,True,0.001,0.015
1,8,38,0.0,0.0,1,propagule,8978,0,0,0.08342615281799956,True,0.001,0.015
1,8,39,0.0,0.0,1,propagule,8898,0,0,0.08417621937514048,True,0.001,0.015
1,8,40,0.0,0.0,1,propagule,8829,0,0,0.08460754332313965,True,0.001,0.015
1,8,41,0.0,0.0,1,propagule,8756,0,0,0.08519872087711283,True,0.001,0.015
1,8,42,0.0,0.0,1,propagule,8693,0,0,0.08535603359024503,True,0.001,0.015
1,8,43,0.0,0.0,1,propagule,9122,0,0,0.1513922385441789,True,0.001,0.015
1,8,44,0.0,0.0,1,propagule,8420,0,0,0.133729216152019,True,0.001,0.015
1,8,45,0.0,0.0,1,propagule,8019,0,0,0.1276967202893129,True,0.001,0.015
1,8,46,0.0,0.0,1,propagule,7876,0,0,0.12671406805485017,True,0.001,0.015
1,8,47,0.0,0.0,1,propagule,7745,0,0,0.1274370561652679,True,0.001,0.015
1,8,48,0.0,0.0,1,propagule,7633,0,0,0.12996200707454475,True,0.001,0.015
1,8,49,0.0,0.0,1,propagule,7553,0,0,0.13080895008605853,True,0.001,0.015
1,8,50,0.0,0.0,1,propagule,7482,0,0,0.13111467522052928,True,0.001,0.015
1,8,51,0.0,0.0,1,propagule,7416,0,0,0.13282092772384035,True,0.001,0.015
1,8,52,0.0,0.0,1,propagule,7366,0,0,0.13399402660874288,True,0.001,0.015
1,9,1,0.0,0.0,1,propagule,7317,0,0,0.13502801694683614,True,0.001,0.015
1,9,2,0.0,0.0,1,propagule,7273,0,0,0.13653238003574866,True,0.001,0.015
1,9,3,0.0,0.0,1,propagule,7218,0,0,0.1367414796342477,True,0.001,0.015
1,9,4,0.0,0.0,1,propagule,7175,0,0,0.13881533101045296,True,0.001,0.015
1,9,5,0.0,0.0,1,propagule,7144,0,0,0.14109742441209405,True,0.001,0.015
1,9,6,0.0,0.0,1,propagule,7103,0,0,0.14120794030691258,True,0.001,0.015
1,9,7,0.0,0.0,1,propagule,7053,0,0,0.14348504182617325,True,0.001,0.015
1,9,8,0.0,0.0,1,propagule,7018,0,0,0.1432031917925335,True,0.001,0.015
1,9,9,0.0,0.0,1,propagule,6972,0,0,0.1448651749856569,True,0.001,0.015
1,9,10,0.0,0.0,1,propagule,6923,0,0,0.1438682652029467,True,0.001,0.015
1,9,11,0.0,0.0,1,propagule,6896,0,0,0.146461716937355,True,0.001,0.015
1,9,12,0.0,0.0,1,propagule,6838,0,0,0.1465340742907283,True,0.001,0.015
1,9,13,0.0,0.0,1,propagule,6790,0,0,0.14860088365243004,True,0.001,0.015
1,9,14,0.0,0.0,1,propagule,6764,0,0,0.14961561206386753,True,0.001,0.015
1,9,15,0.0,0.0,1,propagule,6712,0,0,0.150476758045292,True,0.001,0.015
1,9,16,0.0,0.0,1,propagule,6679,0,0,0.15107051953885312,True,0.001,0.015
1,9,17,0.0,0.0,1,propagule,6632,0,0,0.15108564535585042,True,0.001,0.015
1,9,18,0.0,0.0,1,propagule,14126,0,0,0.06519892396998443,True,0.001,0.015
1,9,19,0.0,0.0,1,propagule,13965,0,0,0.06537773003938417,True,0.001,0.015
1,9,20,0.0,0.0,1,propagule,13849,0,0,0.06614195970828218,True,0.001,0.015
1,9,21,0.0,0.0,1,propagule,13681,0,0,0.06695417001681164,True,0.001,0.015
1,9,22,0.0,0.0,1,propagule,13496,0,0,0.06727919383521043,True,0.001,0.015
1,9,23,0.0,0.0,1,propagule,13325,0,0,0.06791744840525328,True,0.001,0.015
1,9,24,0.0,0.0,1,propagule,13185,0,0,0.06856276071293137,True,0.001,0.015
1,9,25,0.0,0.0,1,propagule,13032,0,0,0.0689840392879067,True,0.001,0.015
1,9,26,0.0,0.0,1,propagule,12877,0,0,0.06965908208433641,True,0.001,0.015
1,9,27,0.0,0.0,1,propagule,12755,0,0,0.07016856134849078,True,0.001,0.015
1,9,28,0.0,0.0,1,propagule,12639,0,0,0.07033784318379618,True,0.001,0.015
1,9,29,0.0,0.0,1,propagule,12504,0,0,0.07117722328854767,True,0.001,0.015
1,9,30,0.0,0.0,1,propagule,12383,0,0,0.07122668174109667,True,0.001,0.015
1,9,31,0.0,0.0,1,propagule,12252,0,0,0.07182500816193274,True,0.001,0.015
1,9,32,0.0,0.0,1,propagule,12086,0,0,0.07231507529372828,True,0.001,0.015
1,9,33,0.0,0.0,1,propagule,11947,0,0,0.07307273792583913,True,0.001,0.015
1,9,34,0.0,0.0,1,propagule,11814,0,0,0.07364144235652616,True,0.001,0.015
1,9,35,0.0,0.0,1,propagule,11704,0,0,0.07416267942583732,True,0.001,0.015
1,9,36,0.0,0.0,1,propagule,11575,0,0,0.07473002159827213,True,0.001,0.015
1,9,37,0.0,0.0,1,propagule,11457,0,0,0.07532512874225364,True,0.001,0.015
1,9,38,0.0,0.0,1,propagule,11359,0,0,0.07606303371775684,True,0.001,0.015
1,9,39,0.0,0.0,1,propagule,11245,0,0,0.07665629168519342,True,0.001,0.015
1,9,40,0.0,0.0,1,propagule,11154,0,0,0.07737134660211584,True,0.001,0.015
1,9,41,0.0,0.0,1,propagule,11071,0,0,0.07777075241622257,True,0.001,0.015
1,9,42,0.0,0.0,1,propagule,10963,0,0,0.07835446501869926,True,0.001,0.015
1,9,43,0.0,0.0,1,propagule,11690,0,0,0.15414884516680924,True,0.001,0.015
1,9,44,0.0,0.0,1,propagule,10678,0,0,0.1362614721858026,True,0.001,0.015
1,9,45,0.0,0.0,1,propagule,10034,0,0,0.127765596970301,True,0.001,0.015
1,9,46,0.0,0.0,1,propagule,9821,0,0,0.12636187760920475,True,0.001,0.015
1,9,47,0.0,0.0,1,propagule,9668,0,0,0.1267066611501862,True,0.001,0.015
1,9,48,0.0,0.0,1,propagule,9518,0,0,0.12775793233872662,True,0.001,0.015
1,9,49,0.0,0.0,1,propagule,9429,0,0,0.1302365044013151,True,0.001,0.015
1,9,50,0.0,0.0,1,propagule,9324,0,0,0.13041613041613043,True,0.001,0.015
1,9,51,0.0,0.0,1,propagule,9251,0,0,0.13382337044643822,True,0.001,0.015
1,9,52,0.0,0.0,1,propagule,9181,0,0,0.13549722252477944,True,0.001,0.015
1,10,1,0.0,0.0,1,propagule,9119,0,0,0.13663778923127537,True,0.001,0.015
1,10,2,0.0,0.0,1,propagule,9058,0,0,0.13877235592846102,True,0.001,0.015
1,10,3,0.0,0.0,1,propagule,8992,0,0,0.1395685053380783,True,0.001,0.015
1,10,4,0.0,0.0,1,propagule,8942,0,0,0.14034891523149184,True,0.001,0.015
1,10,5,0.0,0.0,1,propagule,8896,0,0,0.1418615107913669,True,0.001,0.015
1,10,6,0.0,0.0,1,propagule,8835,0,0,0.1430673457838144,True,0.001,0.015
1,10,7,0.0,0.0,1,propagule,8806,0,0,0.1436520554167613,True,0.001,0.015
1,10,8,0.0,0.0,1,propagule,8762,0,0,0.1451723350833143,True,0.001,0.015
1,10,9,0.0,0.0,1,propagule,8717,0,0,0.14569232534128715,True,0.001,0.015
1,10,10,0.0,0.0,1,propagule,8667,0,0,0.1465328256605515,True,0.001,0.015
1,10,11,0.0,0.0,1,propagule,8615,0,0,0.14706906558328497,True,0.001,0.015
1,10,12,0.0,0.0,1,propagule,8551,0,0,0.14781896854169102,True,0.001,0.015
1,10,13,0.0,0.0,1,propagule,8480,0,0,0.14964622641509434,True,0.001,0.015
1,10,14,0.0,0.0,1,propagule,8450,0,0,0.1502958579881657,True,0.001,0.015
1,10,15,0.0,0.0,1,propagule,8436,0,0,0.1512565196775723,True,0.001,0.015
1,10,16,0.0,0.0,1,propagule,8387,0,0,0.15142482413258615,True,0.001,0.015
1,10,17,0.0,0.0,1,propagule,8338,0,0,0.1538738306548333,True,0.001,0.015
1,10,18,0.0,0.0,1,propagule,18063,0,0,0.06538227315506837,True,0.001,0.015
1,10,19,0.0,0.0,1,propagule,17936,0,0,0.0665700267618198,True,0.001,0.015
1,10,20,0.0,0.0,1,propagule,17734,0,0,0.06744107364384798,True,0.001,0.015
1,10,21,0.0,0.0,1,propagule,17608,0,0,0.06820763289413903,True,0.001,0.015
1,10,22,0.0,0.0,1,propagule,17362,0,0,0.06900126713512268,True,0.001,0.015
1,10,23,0.0,0.0,1,propagule,17209,0,0,0.06949851821721192,True,0.001,0.015
1,10,24,0.0,0.0,1,propagule,17039,0,0,0.07019191267093139,True,0.001,0.015
1,10,25,0.0,0.0,1,propagule,16840,0,0,0.07078384798099763,True,0.001,0.015
1,10,26,0.0,0.0,1,propagule,16697,0,0,0.07133017907408516,True,0.001,0.015
1,10,27,0.0,0.0,1,propagule,16499,0,0,0.07194375416691921,True,0.001,0.015
1,10,28,0.0,0.0,1,propagule,16320,0,0,0.07254901960784314,True,0.001,0.015
1,10,29,0.0,0.0,1,propagule,16120,0,0,0.07270471464019851,True,0.001,0.015
1,10,30,0.0,0.0,1,propagule,15925,0,0,0.07353218210361068,True,0.001,0.015
1,10,31,0.0,0.0,1,propagule,15783,0,0,0.07400367484001774,True,0.001,0.015
1,10,32,0.0,0.0,1,propagule,15609,0,0,0.07463642770196681,True,0.001,0.015
1,10,33,0.0,0.0,1,propagule,15412,0,0,0.07539579548403841,True,0.001,0.015
1,10,34,0.0,0.0,1,propagule,15245,0,0,0.07602492620531322,True,0.001,0.015
1,10,35,0.0,0.0,1,propagule,15084,0,0,0.07650490586051445,True,0.001,0.015
1,10,36,0.0,0.0,1,propagule,14923,0,0,0.077196274207599,True,0.001,0.015
1,10,37,0.0,0.0,1,propagule,14738,0,0,0.07782602795494639,True,0.001,0.015
1,10,38,0.0,0.0,1,propagule,14622,0,0,0.07823827109834496,True,0.001,0.015
1,10,39,0.0,0.0,1,propagule,14481,0,0,0.07865478903390649,True,0.001,0.015
1,10,40,0.0,0.0,1,propagule,14359,0,0,0.07946235810293197,True,0.001,0.015
1,10,41,0.0,0.0,1,propagule,14242,0,0,0.08025558208116837,True,0.001,0.015
1,10,42,0.0,0.0,1,propagule,14128,0,0,0.08076160815402038,True,0.001,0.015
1,10,43,0.0,0.0,1,propagule,15098,0,0,0.16584978142800372,True,0.001,0.015
1,10,44,0.0,0.0,1,propagule,13581,0,0,0.14233119799720198,True,0.001,0.015
1,10,45,0.0,0.0,1,propagule,12791,0,0,0.13626768821827848,True,0.001,0.015
1,10,46,0.0,0.0,1,propagule,12507,0,0,0.1363236587510994,True,0.001,0.015
1,10,47,0.0,0.0,1,propagule,12370,0,0,0.13888439773645916,True,0.001,0.015
1,10,48,0.0,0.0,1,propagule,12217,0,0,0.14373414095113365,True,0.001,0.015
1,10,49,0.0,0.0,1,propagule,12130,0,0,0.14509480626545754,True,0.001,0.015
1,10,50,0.0,0.0,1,propagule,12029,0,0,0.14756006318064677,True,0.001,0.015
1,10,51,0.0,0.0,1,propagule,11981,0,0,0.15007094566396795,True,0.001,0.015
1,10,52,0.0,0.0,1,propagule,11910,0,0,0.1526448362720403,True,0.001,0.015
1,1,1,0.0,0.0,1,propagule,962,0,0,0.0,True,0.001,0.02
1,1,2,0.0,0.0,1,propagule,950,0,0,0.0010526315789473684,True,0.001,0.02
1,1,3,0.0,0.0,1,propagule,950,0,0,0.002105263157894737,True,0.001,0.02
1,1,4,0.0,0.0,1,propagule,956,0,0,0.006276150627615063,True,0.001,0.02
1,1,5,0.0,0.0,1,propagule,956,0,0,0.0041841004184100415,True,0.001,0.02
1,1,6,0.0,0.0,1,propagule,964,0,0,0.007261410788381743,True,0.001,0.02
1,1,7,0.0,0.0,1,propagule,939,0,0,0.006389776357827476,True,0.001,0.02
1,1,8,0.0,0.0,1,propagule,944,0,0,0.013771186440677966,True,0.001,0.02
1,1,9,0.0,0.0,1,propagule,926,0,0,0.012958963282937365,True,0.001,0.02
1,1,10,0.0,0.0,1,propagule,917,0,0,0.017448200654307525,True,0.001,0.02
1,1,11,0.0,0.0,1,propagule,907,0,0,0.011025358324145534,True,0.001,0.02
1,1,12,0.0,0.0,1,propagule,895,0,0,0.017877094972067038,True,0.001,0.02
1,1,13,0.0,0.0,1,propagule,890,0,0,0.011235955056179775,True,0.001,0.02
1,1,14,0.0,0.0,1,propagule,874,0,0,0.018306636155606407,True,0.001,0.02
1,1,15,0.0,0.0,1,propagule,869,0,0,0.011507479861910242,True,0.001,0.02
1,1,16,0.0,0.0,1,propagule,860,0,0,0.01744186046511628,True,0.001,0.02
1,1,17,0.0,0.0,1,propagule,859,0,0,0.012805587892898719,True,0.001,0.02
1,1,18,0.0,0.0,1,propagule,2436,0,0,0.006157635467980296,True,0.001,0.02
1,1,19,0.0,0.0,1,propagule,2382,0,0,0.006297229219143577,True,0.001,0.02
1,1,20,0.0,0.0,1,propagule,2339,0,0,0.006840530141085934,True,0.001,0.02
1,1,21,0.0,0.0,1,propagule,2297,0,0,0.006965607313887679,True,0.001,0.02
1,1,22,0.0,0.0,1,propagule,2271,0,0,0.007045354469396741,True,0.001,0.02
1,1,23,0.0,0.0,1,propagule,2226,0,0,0.0071877807726864335,True,0.001,0.02
1,1,24,0.0,0.0,1,propagule,2213,0,0,0.0063262539539087215,True,0.001,0.02
1,1,25,0.0,0.0,1,propagule,2171,0,0,0.006909258406264394,True,0.001,0.02
1,1,26,0.0,0.0,1,propagule,2158,0,0,0.006024096385542169,True,0.001,0.02
1,1,27,0.0,0.0,1,propagule,2117,0,0,0.006613131790269249,True,0.001,0.02
1,1,28,0.0,0.0,1,propagule,2088,0,0,0.006704980842911878,True,0.001,0.02
1,1,29,0.0,0.0,1,propagule,2041,0,0,0.006859382655560999,True,0.001,0.02
1,1,30,0.0,0.0,1,propagule,1998,0,0,0.0065065065065065065,True,0.001,0.02
1,1,31,0.0,0.0,1,propagule,1980,0,0,0.007070707070707071,True,0.001,0.02
1,1,32,0.0,0.0,1,propagule,1931,0,0,0.006214396685655101,True,0.001,0.02
1,1,33,0.0,0.0,1,propagule,1882,0,0,0.007438894792773645,True,0.001,0.02
1,1,34,0.0,0.0,1,propagule,1847,0,0,0.008121277747698972,True,0.001,0.02
1,1,35,0.0,0.0,1,propagule,1829,0,0,0.008201202843083653,True,0.001,0.02
1,1,36,0.0,0.0,1,propagule,1774,0,0,0.015219842164599774,True,0.001,0.02
1,1,37,0.0,0.0,1,propagule,1726,0,0,0.01216685979142526,True,0.001,0.02
1,1,38,0.0,0.0,1,propagule,1687,0,0,0.013633669235328987,True,0.001,0.02
1,1,39,0.0,0.0,1,propagule,1658,0,0,0.012665862484921592,True,0.001,0.02
1,1,40,0.0,0.0,1,propagule,1634,0,0,0.01346389228886169,True,0.001,0.02
1,1,41,0.0,0.0,1,propagule,1617,0,0,0.013605442176870748,True,0.001,0.02
1,1,42,0.0,0.0,1,propagule,1586,0,0,0.01639344262295082,True,0.001,0.02
1,1,43,0.0,0.0,1,propagule,1597,0,0,0.024420788979336257,True,0.001,0.02
1,1,44,0.0,0.0,1,propagule,1574,0,0,0.022871664548919948,True,0.001,0.02
1,1,45,0.0,0.0,1,propagule,1580,0,0,0.024050632911392405,True,0.001,0.02
1,1,46,0.0,0.0,1,propagule,1586,0,0,0.03215636822194199,True,0.001,0.02
1,1,47,0.0,0.0,1,propagule,1569,0,0,0.030592734225621414,True,0.001,0.02
1,1,48,0.0,0.0,1,propagule,1565,0,0,0.03578274760383387,True,0.001,0.02
1,1,49,0.0,0.0,1,propagule,1559,0,0,0.04105195638229634,True,0.001,0.02
1,1,50,0.0,0.0,1,propagule,1547,0,0,0.04718810601163542,True,0.001,0.02
1,1,51,0.0,0.0,1,propagule,1545,0,0,0.04983818770226537,True,0.001,0.02
1,1,52,0.0,0.0,1,propagule,1543,0,0,0.056383668178872325,True,0.001,0.02
1,2,1,0.0,0.0,1,propagule,1524,0,0,0.0583989501312336,True,0.001,0.02
1,2,2,0.0,0.0,1,propagule,1511,0,0,0.05956320317670417,True,0.001,0.02
1,2,3,0.0,0.0,1,propagule,1498,0,0,0.05941255006675567,True,0.001,0.02
1,2,4,0.0,0.0,1,propagule,1487,0,0,0.05783456624075319,True,0.001,0.02
1,2,5,0.0,0.0,1,propagule,1474,0,0,0.059023066485753055,True,0.001,0.02
1,2,6,0.0,0.0,1,propagule,1454,0,0,0.057083906464924346,True,0.001,0.02
1,2,7,0.0,0.0,1,propagule,1445,0,0,0.05674740484429066,True,0.001,0.02
1,2,8,0.0,0.0,1,propagule,1428,0,0,0.055322128851540614,True,0.001,0.02
1,2,9,0.0,0.0,1,propagule,1409,0,0,0.057487579843860895,True,0.001,0.02
1,2,10,0.0,0.0,1,propagule,1387,0,0,0.05767844268204758,True,0.001,0.02
1,2,11,0.0,0.0,1,propagule,1372,0,0,0.060495626822157436,True,0.001,0.02
1,2,12,0.0,0.0,1,propagule,1356,0,0,0.059734513274336286,True,0.001,0.02
1,2,13,0.0,0.0,1,propagule,1350,0,0,0.06,True,0.001,0.02
1,2,14,0.0,0.0,1,propagule,1338,0,0,0.06053811659192825,True,0.001,0.02
1,2,15,0.0,0.0,1,propagule,1326,0,0,0.06184012066365008,True,0.001,0.02
1,2,16,0.0,0.0,1,propagule,1324,0,0,0.0634441087613293,True,0.001,0.02
1,2,17,0.0,0.0,1,propagule,1311,0,0,0.06407322654462243,True,0.001,0.02
1,2,18,0.0,0.0,1,propagule,2621,0,0,0.03128576879053796,True,0.001,0.02
1,2,19,0.0,0.0,1,propagule,2597,0,0,0.033885252214093185,True,0.001,0.02
1,2,20,0.0,0.0,1,propagule,2546,0,0,0.03456402199528672,True,0.001,0.02
1,2,21,0.0,0.0,1,propagule,2490,0,0,0.03493975903614458,True,0.001,0.02
1,2,22,0.0,0.0,1,propagule,2462,0,0,0.03452477660438668,True,0.001,0.02
1,2,23,0.0,0.0,1,propagule,2428,0,0,0.03542009884678748,True,0.001,0.02
1,2,24,0.0,0.0,1,propagule,2397,0,0,0.035878181059657906,True,0.001,0.02
1,2,25,0.0,0.0,1,propagule,2376,0,0,0.0361952861952862,True,0.001,0.02
1,2,26,0.0,0.0,1,propagule,2334,0,0,0.037703513281919454,True,0.001,0.02
1,2,27,0.0,0.0,1,propagule,2299,0,0,0.03871248368856024,True,0.001,0.02
1,2,28,0.0,0.0,1,propagule,2252,0,0,0.03952042628774423,True,0.001,0.02
1,2,29,0.0,0.0,1,propagule,2237,0,0,0.03799731783638802,True,0.001,0.02
1,2,30,0.0,0.0,1,propagule,2212,0,0,0.04113924050632911,True,0.001,0.02
1,2,31,0.0,0.0,1,propagule,2159,0,0,0.03937007874015748,True,0.001,0.02
1,2,32,0.0,0.0,1,propagule,2142,0,0,0.041549953314659195,True,0.001,0.02
1,2,33,0.0,0.0,1,propagule,2109,0,0,0.041251778093883355,True,0.001,0.02
1,2,34,0.0,0.0,1,propagule,2076,0,0,0.04238921001926782,True,0.001,0.02
1,2,35,0.0,0.0,1,propagule,2017,0,0,0.0421417947446703,True,0.001,0.02
1,2,36,0.0,0.0,1,propagule,2005,0,0,0.04837905236907731,True,0.001,0.02
1,2,37,0.0,0.0,1,propagule,1927,0,0,0.0467047223663726,True,0.001,0.02
1,2,38,0.0,0.0,1,propagule,1922,0,0,0.05254942767950052,True,0.001,0.02
1,2,39,0.0,0.0,1,propagule,1858,0,0,0.04897739504843918,True,0.001,0.02
1,2,40,0.0,0.0,1,propagule,1853,0,0,0.0528872099298435,True,0.001,0.02
1,2,41,0.0,0.0,1,propagule,1827,0,0,0.052545155993431854,True,0.001,0.02
1,2,42,0.0,0.0,1,propagule,1797,0,0,0.05286588759042849,True,0.001,0.02
1,2,43,0.0,0.0,1,propagule,1872,0,0,0.08814102564102565,True,0.001,0.02
1,2,44,0.0,0.0,1,propagule,1830,0,0,0.08087431693989071,True,0.001,0.02
1,2,45,0.0,0.0,1,propagule,1818,0,0,0.0814081408140814,True,0.001,0.02
1,2,46,0.0,0.0,1,propagule,1825,0,0,0.08986301369863013,True,0.001,0.02
1,2,47,0.0,0.0,1,propagule,1806,0,0,0.09136212624584718,True,0.001,0.02
1,2,48,0.0,0.0,1,propagule,1818,0,0,0.09570957095709572,True,0.001,0.02
1,2,49,0.0,0.0,1,propagule,1786,0,0,0.09182530795072788,True,0.001,0.02
1,2,50,0.0,0.0,1,propagule,1805,0,0,0.10138504155124654,True,0.001,0.02
1,2,51,0.0,0.0,1,propagule,1783,0,0,0.09983174425126191,True,0.001,0.02
1,2,52,0.0,0.0,1,propagule,1764,0,0,0.10204081632653061,True,0.001,0.02
1,3,1,0.0,0.0,1,propagule,1744,0,0,0.10091743119266056,True,0.001,0.02
1,3,2,0.0,0.0,1,propagule,1747,0,0,0.11047510017172295,True,0.001,0.02
1,3,3,0.0,0.0,1,propagule,1729,0,0,0.10699826489300174,True,0.001,0.02
1,3,4,0.0,0.0,1,propagule,1732,0,0,0.11720554272517321,True,0.001,0.02
1,3,5,0.0,0.0,1,propagule,1700,0,0,0.11529411764705882,True,0.001,0.02
1,3,6,0.0,0.0,1,propagule,1709,0,0,0.1211234640140433,True,0.001,0.02
1,3,7,0.0,0.0,1,propagule,1691,0,0,0.12004730928444707,True,0.001,0.02
1,3,8,0.0,0.0,1,propagule,1689,0,0,0.12196566015393724,True,0.001,0.02
1,3,9,0.0,0.0,1,propagule,1665,0,0,0.11771771771771772,True,0.001,0.02
1,3,10,0.0,0.0,1,propagule,1658,0,0,0.1224366706875754,True,0.001,0.02
1,3,11,0.0,0.0,1,propagule,1634,0,0,0.1175030599755202,True,0.001,0.02
1,3,12,0.0,0.0,1,propagule,1616,0,0,0.11819306930693069,True,0.001,0.02
1,3,13,0.0,0.0,1,propagule,1601,0,0,0.11617738913179262,True,0.001,0.02
1,3,14,0.0,0.0,1,propagule,1594,0,0,0.11731493099121706,True,0.001,0.02
1,3,15,0.0,0.0,1,propagule,1577,0,0,0.11857958148383006,True,0.001,0.02
1,3,16,0.0,0.0,1,propagule,1558,0,0,0.11745827984595636,True,0.001,0.02
1,3,17,0.0,0.0,1,propagule,1559,0,0,0.12251443232841565,True,0.001,0.02
1,3,18,0.0,0.0,1,propagule,3560,0,0,0.051685393258426963,True,0.001,0.02
1,3,19,0.0,0.0,1,propagule,3508,0,0,0.05416191562143672,True,0.001,0.02
1,3,20,0.0,0.0,1,propagule,3325,0,0,0.04962406015037594,True,0.001,0.02
1,3,21,0.0,0.0,1,propagule,3311,0,0,0.053156146179401995,True,0.001,0.02
1,3,22,0.0,0.0,1,propagule,3213,0,0,0.0516651104886399,True,0.001,0.02
1,3,23,0.0,0.0,1,propagule,3191,0,0,0.05390159824506424,True,0.001,0.02
1,3,24,0.0,0.0,1,propagule,3104,0,0,0.05380154639175258,True,0.001,0.02
1,3,25,0.0,0.0,1,propagule,3067,0,0,0.05412455167916531,True,0.001,0.02
1,3,26,0.0,0.0,1,propagule,2953,0,0,0.05181171689806976,True,0.001,0.02
1,3,27,0.0,0.0,1,propagule,2946,0,0,0.05634758995247793,True,0.001,0.02
1,3,28,0.0,0.0,1,propagule,2842,0,0,0.05277973258268825,True,0.001,0.02
1,3,29,0.0,0.0,1,propagule,2819,0,0,0.05640297978006385,True,0.001,0.02
1,3,30,0.0,0.0,1,propagule,2732,0,0,0.055636896046852125,True,0.001,0.02
1,3,31,0.0,0.0,1,propagule,2693,0,0,0.05718529520980319,True,0.001,0.02
1,3,32,0.0,0.0,1,propagule,2671,0,0,0.05615874204417821,True,0.001,0.02
1,3,33,0.0,0.0,1,propagule,2590,0,0,0.05714285714285714,True,0.001,0.02
1,3,34,0.0,0.0,1,propagule,2558,0,0,0.058639562157935886,True,0.001,0.02
1,3,35,0.0,0.0,1,propagule,2492,0,0,0.056581059390048156,True,0.001,0.02
1,3,36,0.0,0.0,1,propagule,2533,0,0,0.0663245163837347,True,0.001,0.02
1,3,37,0.0,0.0,1,propagule,2446,0,0,0.06132461161079313,True,0.001,0.02
1,3,38,0.0,0.0,1,propagule,2418,0,0,0.06492969396195203,True,0.001,0.02
1,3,39,0.0,0.0,1,propagule,2372,0,0,0.06155143338954469,True,0.001,0.02
1,3,40,0.0,0.0,1,propagule,2332,0,0,0.06689536878216124,True,0.001,0.02
1,3,41,0.0,0.0,1,propagule,2283,0,0,0.06219886114761279,True,0.001,0.02
1,3,42,0.0,0.0,1,propagule,2277,0,0,0.06543697848045674,True,0.001,0.02
1,3,43,0.0,0.0,1,propagule,2401,0,0,0.1070387338608913,True,0.001,0.02
1,3,44,0.0,0.0,1,propagule,2325,0,0,0.10150537634408602,True,0.001,0.02
1,3,45,0.0,0.0,1,propagule,2284,0,0,0.09851138353765324,True,0.001,0.02
1,3,46,0.0,0.0,1,propagule,2304,0,0,0.10633680555555555,True,0.001,0.02
1,3,47,0.0,0.0,1,propagule,2295,0,0,0.11285403050108933,True,0.001,0.02
1,3,48,0.0,0.0,1,propagule,2282,0,0,0.11305872042068361,True,0.001,0.02
1,3,49,0.0,0.0,1,propagule,2246,0,0,0.11487088156723063,True,0.001,0.02
1,3,50,0.0,0.0,1,propagule,2240,0,0,0.11473214285714285,True,0.001,0.02
1,3,51,0.0,0.0,1,propagule,2222,0,0,0.12061206120612061,True,0.001,0.02
1,3,52,0.0,0.0,1,propagule,2201,0,0,0.11994547932757837,True,0.001,0.02
1,4,1,0.0,0.0,1,propagule,2189,0,0,0.1269986295111923,True,0.001,0.02
1,4,2,0.0,0.0,1,propagule,2164,0,0,0.1256931608133087,True,0.001,0.02
1,4,3,0.0,0.0,1,propagule,2136,0,0,0.1301498127340824,True,0.001,0.02
1,4,4,0.0,0.0,1,propagule,2121,0,0,0.1254125412541254,True,0.001,0.02
1,4,5,0.0,0.0,1,propagule,2098,0,0,0.12917063870352716,True,0.001,0.02
1,4,6,0.0,0.0,1,propagule,2059,0,0,0.12336085478387566,True,0.001,0.02
1,4,7,0.0,0.0,1,propagule,2056,0,0,0.13132295719844359,True,0.001,0.02
1,4,8,0.0,0.0,1,propagule,2030,0,0,0.129064039408867,True,0.001,0.02
1,4,9,0.0,0.0,1,propagule,2022,0,0,0.13303659742828883,True,0.001,0.02
1,4,10,0.0,0.0,1,propagule,2011,0,0,0.13177523620089507,True,0.001,0.02
1,4,11,0.0,0.0,1,propagule,1994,0,0,0.13390170511534605,True,0.001,0.02
1,4,12,0.0,0.0,1,propagule,1967,0,0,0.13573970513472292,True,0.001,0.02
1,4,13,0.0,0.0,1,propagule,1944,0,0,0.1368312757201646,True,0.001,0.02
1,4,14,0.0,0.0,1,propagule,1919,0,0,0.13600833767587284,True,0.001,0.02
1,4,15,0.0,0.0,1,propagule,1904,0,0,0.13707983193277312,True,0.001,0.02
1,4,16,0.0,0.0,1,propagule,1887,0,0,0.13513513513513514,True,0.001,0.02
1,4,17,0.0,0.0,1,propagule,1868,0,0,0.13704496788008566,True,0.001,0.02
1,4,18,0.0,0.0,1,propagule,4019,0,0,0.06319980094550884,True,0.001,0.02
1,4,19,0.0,0.0,1,propagule,3922,0,0,0.063488016318205,True,0.001,0.02
1,4,20,0.0,0.0,1,propagule,3870,0,0,0.06356589147286822,True,0.001,0.02
1,4,21,0.0,0.0,1,propagule,3803,0,0,0.06363397317906916,True,0.001,0.02
1,4,22,0.0,0.0,1,propagule,3734,0,0,0.06507766470273166,True,0.001,0.02
1,4,23,0.0,0.0,1,propagule,3644,0,0,0.06339187705817782,True,0.001,0.02
1,4,24,0.0,0.0,1,propagule,3591,0,0,0.06460595934280144,True,0.001,0.02
1,4,25,0.0,0.0,1,propagule,3501,0,0,0.06283918880319908,True,0.001,0.02
1,4,26,0.0,0.0,1,propagule,3442,0,0,0.06304474142940152,True,0.001,0.02
1,4,27,0.0,0.0,1,propagule,3356,0,0,0.06406436233611443,True,0.001,0.02
1,4,28,0.0,0.0,1,propagule,3291,0,0,0.06624126405347919,True,0.001,0.02
1,4,29,0.0,0.0,1,propagule,3228,0,0,0.06660470879801735,True,0.001,0.02
1,4,30,0.0,0.0,1,propagule,3199,0,0,0.06595811190997186,True,0.001,0.02
1,4,31,0.0,0.0,1,propagule,3130,0,0,0.0670926517571885,True,0.001,0.02
1,4,32,0.0,0.0,1,propagule,3089,0,0,0.06668824862415021,True,0.001,0.02
1,4,33,0.0,0.0,1,propagule,2974,0,0,0.06691324815063887,True,0.001,0.02
1,4,34,0.0,0.0,1,propagule,2940,0,0,0.06802721088435375,True,0.001,0.02
1,4,35,0.0,0.0,1,propagule,2858,0,0,0.06787963610916725,True,0.001,0.02
1,4,36,0.0,0.0,1,propagule,2835,0,0,0.07724867724867725,True,0.001,0.02
1,4,37,0.0,0.0,1,propagule,2754,0,0,0.0784313725490196,True,0.001,0.02
1,4,38,0.0,0.0,1,propagule,2734,0,0,0.08119970738844184,True,0.001,0.02
1,4,39,0.0,0.0,1,propagule,2683,0,0,0.07864330972791651,True,0.001,0.02
1,4,40,0.0,0.0,1,propagule,2650,0,0,0.07849056603773585,True,0.001,0.02
1,4,41,0.0,0.0,1,propagule,2630,0,0,0.08022813688212928,True,0.001,0.02
1,4,42,0.0,0.0,1,propagule,2586,0,0,0.07927300850734725,True,0.001,0.02
1,4,43,0.0,0.0,1,propagule,2775,0,0,0.12468468468468469,True,0.001,0.02
1,4,44,0.0,0.0,1,propagule,2699,0,0,0.11559836976658021,True,0.001,0.02
1,4,45,0.0,0.0,1,propagule,2655,0,0,0.1152542372881356,True,0.001,0.02
1,4,46,0.0,0.0,1,propagule,2635,0,0,0.11764705882352941,True,0.001,0.02
1,4,47,0.0,0.0,1,propagule,2621,0,0,0.12056466997329264,True,0.001,0.02
1,4,48,0.0,0.0,1,propagule,2630,0,0,0.12813688212927757,True,0.001,0.02
1,4,49,0.0,0.0,1,propagule,2593,0,0,0.12610875433860394,True,0.001,0.02
1,4,50,0.0,0.0,1,propagule,2581,0,0,0.13018209996125532,True,0.001,0.02
1,4,51,0.0,0.0,1,propagule,2536,0,0,0.12894321766561515,True,0.001,0.02
1,4,52,0.0,0.0,1,propagule,2512,0,0,0.1317675159235669,True,0.001,0.02
1,5,1,0.0,0.0,1,propagule,2490,0,0,0.13293172690763053,True,0.001,0.02
1,5,2,0.0,0.0,1,propagule,2461,0,0,0.13165379926859,True,0.001,0.02
1,5,3,0.0,0.0,1,propagule,2433,0,0,0.13111385121249486,True,0.001,0.02
1,5,4,0.0,0.0,1,propagule,2422,0,0,0.13212221304706853,True,0.001,0.02
1,5,5,0.0,0.0,1,propagule,2384,0,0,0.12919463087248323,True,0.001,0.02
1,5,6,0.0,0.0,1,propagule,2364,0,0,0.13071065989847716,True,0.001,0.02
1,5,7,0.0,0.0,1,propagule,2339,0,0,0.13296280461735785,True,0.001,0.02
1,5,8,0.0,0.0,1,propagule,2330,0,0,0.13433476394849786,True,0.001,0.02
1,5,9,0.0,0.0,1,propagule,2304,0,0,0.1323784722222222,True,0.001,0.02
1,5,10,0.0,0.0,1,propagule,2290,0,0,0.13624454148471615,True,0.001,0.02
1,5,11,0.0,0.0,1,propagule,2258,0,0,0.13773250664304695,True,0.001,0.02
1,5,12,0.0,0.0,1,propagule,2248,0,0,0.14012455516014236,True,0.001,0.02
1,5,13,0.0,0.0,1,propagule,2233,0,0,0.14106583072100312,True,0.001,0.02
1,5,14,0.0,0.0,1,propagule,2216,0,0,0.14169675090252706,True,0.001,0.02
1,5,15,0.0,0.0,1,propagule,2209,0,0,0.1448619284744228,True,0.001,0.02
1,5,16,0.0,0.0,1,propagule,2187,0,0,0.14311842706904435,True,0.001,0.02
1,5,17,0.0,0.0,1,propagule,2176,0,0,0.14659926470588236,True,0.001,0.02
1,5,18,0.0,0.0,1,propagule,4966,0,0,0.06322996375352397,True,0.001,0.02
1,5,19,0.0,0.0,1,propagule,4856,0,0,0.06322075782537068,True,0.001,0.02
1,5,20,0.0,0.0,1,propagule,4735,0,0,0.0631467793030623,True,0.001,0.02
1,5,21,0.0,0.0,1,propagule,4626,0,0,0.062905317769131,True,0.001,0.02
1,5,22,0.0,0.0,1,propagule,4525,0,0,0.06320441988950276,True,0.001,0.02
1,5,23,0.0,0.0,1,propagule,4432,0,0,0.06498194945848375,True,0.001,0.02
1,5,24,0.0,0.0,1,propagule,4332,0,0,0.06532779316712835,True,0.001,0.02
1,5,25,0.0,0.0,1,propagule,4212,0,0,0.06552706552706553,True,0.001,0.02
1,5,26,0.0,0.0,1,propagule,4117,0,0,0.06631042020888997,True,0.001,0.02
1,5,27,0.0,0.0,1,propagule,4019,0,0,0.06817616322468276,True,0.001,0.02
1,5,28,0.0,0.0,1,propagule,3952,0,0,0.07059716599190283,True,0.001,0.02
1,5,29,0.0,0.0,1,propagule,3851,0,0,0.06959231368475721,True,0.001,0.02
1,5,30,0.0,0.0,1,propagule,3801,0,0,0.07234938174164693,True,0.001,0.02
1,5,31,0.0,0.0,1,propagule,3699,0,0,0.07137064071370641,True,0.001,0.02
1,5,32,0.0,0.0,1,propagule,3660,0,0,0.07377049180327869,True,0.001,0.02
1,5,33,0.0,0.0,1,propagule,3586,0,0,0.0736196319018405,True,0.001,0.02
1,5,34,0.0,0.0,1,propagule,3560,0,0,0.07612359550561798,True,0.001,0.02
1,5,35,0.0,0.0,1,propagule,3470,0,0,0.07550432276657061,True,0.001,0.02
1,5,36,0.0,0.0,1,propagule,3469,0,0,0.07898529835687518,True,0.001,0.02
1,5,37,0.0,0.0,1,propagule,3414,0,0,0.0770357352079672,True,0.001,0.02
1,5,38,0.0,0.0,1,propagule,3394,0,0,0.08102533883323512,True,0.001,0.02
1,5,39,0.0,0.0,1,propagule,3347,0,0,0.08007170600537795,True,0.001,0.02
1,5,40,0.0,0.0,1,propagule,3316,0,0,0.08293124246079614,True,0.001,0.02
1,5,41,0.0,0.0,1,propagule,3282,0,0,0.08409506398537477,True,0.001,0.02
1,5,42,0.0,0.0,1,propagule,3255,0,0,0.08602150537634409,True,0.001,0.02
1,5,43,0.0,0.0,1,propagule,3414,0,0,0.13825424721734036,True,0.001,0.02
1,5,44,0.0,0.0,1,propagule,3281,0,0,0.12343797622676013,True,0.001,0.02
1,5,45,0.0,0.0,1,propagule,3232,0,0,0.12252475247524752,True,0.001,0.02
1,5,46,0.0,0.0,1,propagule,3201,0,0,0.12121212121212122,True,0.001,0.02
1,5,47,0.0,0.0,1,propagule,3151,0,0,0.12567438908283085,True,0.001,0.02
1,5,48,0.0,0.0,1,propagule,3135,0,0,0.13014354066985645,True,0.001,0.02
1,5,49,0.0,0.0,1,propagule,3105,0,0,0.13011272141706925,True,0.001,0.02
1,5,50,0.0,0.0,1,propagule,3082,0,0,0.13075924724205062,True,0.001,0.02
1,5,51,0.0,0.0,1,propagule,3047,0,0,0.1309484739087627,True,0.001,0.02
1,5,52,0.0,0.0,1,propagule,3011,0,0,0.13251411491198936,True,0.001,0.02
1,6,1,0.0,0.0,1,propagule,2979,0,0,0.13561597851628063,True,0.001,0.02
1,6,2,0.0,0.0,1,propagule,2942,0,0,0.13664174031271245,True,0.001,0.02
1,6,3,0.0,0.0,1,propagule,2919,0,0,0.13737581363480644,True,0.001,0.02
1,6,4,0.0,0.0,1,propagule,2901,0,0,0.13891761461564978,True,0.001,0.02
1,6,5,0.0,0.0,1,propagule,2870,0,0,0.1421602787456446,True,0.001,0.02
1,6,6,0.0,0.0,1,propagule,2854,0,0,0.14365802382620882,True,0.001,0.02
1,6,7,0.0,0.0,1,propagule,2828,0,0,0.14321074964639322,True,0.001,0.02
1,6,8,0.0,0.0,1,propagule,2797,0,0,0.14336789417232748,True,0.001,0.02
1,6,9,0.0,0.0,1,propagule,2764,0,0,0.14399421128798842,True,0.001,0.02
1,6,10,0.0,0.0,1,propagule,2756,0,0,0.14731494920174165,True,0.001,0.02
1,6,11,0.0,0.0,1,propagule,2732,0,0,0.1486090775988287,True,0.001,0.02
1,6,12,0.0,0.0,1,propagule,2709,0,0,0.14876338132152087,True,0.001,0.02
1,6,13,0.0,0.0,1,propagule,2678,0,0,0.15048543689320387,True,0.001,0.02
1,6,14,0.0,0.0,1,propagule,2662,0,0,0.14988730277986476,True,0.001,0.02
1,6,15,0.0,0.0,1,propagule,2635,0,0,0.1510436432637571,True,0.001,0.02
1,6,16,0.0,0.0,1,propagule,2613,0,0,0.15231534634519708,True,0.001,0.02
1,6,17,0.0,0.0,1,propagule,2586,0,0,0.1531322505800464,True,0.001,0.02
1,6,18,0.0,0.0,1,propagule,5711,0,0,0.06933987042549467,True,0.001,0.02
1,6,19,0.0,0.0,1,propagule,5582,0,0,0.06897169473307059,True,0.001,0.02
1,6,20,0.0,0.0,1,propagule,5472,0,0,0.06980994152046784,True,0.001,0.02
1,6,21,0.0,0.0,1,propagule,5356,0,0,0.07001493651979089,True,0.001,0.02
1,6,22,0.0,0.0,1,propagule,5275,0,0,0.07165876777251184,True,0.001,0.02
1,6,23,0.0,0.0,1,propagule,5137,0,0,0.07261047303873856,True,0.001,0.02
1,6,24,0.0,0.0,1,propagule,4982,0,0,0.07527097551184263,True,0.001,0.02
1,6,25,0.0,0.0,1,propagule,4899,0,0,0.07613798734435599,True,0.001,0.02
1,6,26,0.0,0.0,1,propagule,4852,0,0,0.07708161582852432,True,0.001,0.02
1,6,27,0.0,0.0,1,propagule,4730,0,0,0.07674418604651163,True,0.001,0.02
1,6,28,0.0,0.0,1,propagule,4659,0,0,0.07855763039278815,True,0.001,0.02
1,6,29,0.0,0.0,1,propagule,4572,0,0,0.07852143482064741,True,0.001,0.02
1,6,30,0.0,0.0,1,propagule,4559,0,0,0.08028076332529063,True,0.001,0.02
1,6,31,0.0,0.0,1,propagule,4498,0,0,0.08070253445975989,True,0.001,0.02
1,6,32,0.0,0.0,1,propagule,4458,0,0,0.0816509645580978,True,0.001,0.02
1,6,33,0.0,0.0,1,propagule,4404,0,0,0.08197093551316985,True,0.001,0.02
1,6,34,0.0,0.0,1,propagule,4333,0,0,0.08239095315024232,True,0.001,0.02
1,6,35,0.0,0.0,1,propagule,4252,0,0,0.08231420507996237,True,0.001,0.02
1,6,36,0.0,0.0,1,propagule,4204,0,0,0.08444338725023787,True,0.001,0.02
1,6,37,0.0,0.0,1,propagule,4112,0,0,0.08584630350194553,True,0.001,0.02
1,6,38,0.0,0.0,1,propagule,4071,0,0,0.08744780152296733,True,0.001,0.02
1,6,39,0.0,0.0,1,propagule,4034,0,0,0.08750619732275657,True,0.001,0.02
1,6,40,0.0,0.0,1,propagule,3988,0,0,0.08801404212637914,True,0.001,0.02
1,6,41,0.0,0.0,1,propagule,3947,0,0,0.0881682290347099,True,0.001,0.02
1,6,42,0.0,0.0,1,propagule,3914,0,0,0.08967807869187532,True,0.001,0.02
1,6,43,0.0,0.0,1,propagule,4085,0,0,0.14002447980416158,True,0.001,0.02
1,6,44,0.0,0.0,1,propagule,3933,0,0,0.12814645308924486,True,0.001,0.02
1,6,45,0.0,0.0,1,propagule,3860,0,0,0.12305699481865284,True,0.001,0.02
1,6,46,0.0,0.0,1,propagule,3813,0,0,0.12300026226068712,True,0.001,0.02
1,6,47,0.0,0.0,1,propagule,3772,0,0,0.1275185577942736,True,0.001,0.02
1,6,48,0.0,0.0,1,propagule,3741,0,0,0.1301790964982625,True,0.001,0.02
1,6,49,0.0,0.0,1,propagule,3707,0,0,0.13056379821958458,True,0.001,0.02
1,6,50,0.0,0.0,1,propagule,3660,0,0,0.13060109289617486,True,0.001,0.02
1,6,51,0.0,0.0,1,propagule,3631,0,0,0.13191958138253926,True,0.001,0.02
1,6,52,0.0,0.0,1,propagule,3609,0,0,0.1343862565807703,True,0.001,0.02
1,7,1,0.0,0.0,1,propagule,3577,0,0,0.13586804584847637,True,0.001,0.02
1,7,2,0.0,0.0,1,propagule,3539,0,0,0.13591410002825657,True,0.001,0.02
1,7,3,0.0,0.0,1,propagule,3492,0,0,0.13487972508591065,True,0.001,0.02
1,7,4,0.0,0.0,1,propagule,3433,0,0,0.13370230119429072,True,0.001,0.02
1,7,5,0.0,0.0,1,propagule,3423,0,0,0.1375985977212971,True,0.001,0.02
1,7,6,0.0,0.0,1,propagule,3387,0,0,0.13640389725420726,True,0.001,0.02
1,7,7,0.0,0.0,1,propagule,3357,0,0,0.1373249925528746,True,0.001,0.02
1,7,8,0.0,0.0,1,propagule,3321,0,0,0.13821138211382114,True,0.001,0.02
1,7,9,0.0,0.0,1,propagule,3297,0,0,0.14012738853503184,True,0.001,0.02
1,7,10,0.0,0.0,1,propagule,3258,0,0,0.13965623081645182,True,0.001,0.02
1,7,11,0.0,0.0,1,propagule,3233,0,0,0.14259201979585523,True,0.001,0.02
1,7,12,0.0,0.0,1,propagule,3203,0,0,0.14142990945988135,True,0.001,0.02
1,7,13,0.0,0.0,1,propagule,3182,0,0,0.14487743557511,True,0.001,0.02
1,7,14,0.0,0.0,1,propagule,3136,0,0,0.1441326530612245,True,0.001,0.02
1,7,15,0.0,0.0,1,propagule,3121,0,0,0.14578660685677666,True,0.001,0.02
1,7,16,0.0,0.0,1,propagule,3068,0,0,0.14569752281616688,True,0.001,0.02
1,7,17,0.0,0.0,1,propagule,3062,0,0,0.14892227302416722,True,0.001,0.02
1,7,18,0.0,0.0,1,propagule,6901,0,0,0.06448340820170989,True,0.001,0.02
1,7,19,0.0,0.0,1,propagule,6842,0,0,0.06562408652440807,True,0.001,0.02
1,7,20,0.0,0.0,1,propagule,6721,0,0,0.06516887367951198,True,0.001,0.02
1,7,21,0.0,0.0,1,propagule,6633,0,0,0.06618423036333484,True,0.001,0.02
1,7,22,0.0,0.0,1,propagule,6510,0,0,0.06620583717357911,True,0.001,0.02
1,7,23,0.0,0.0,1,propagule,6416,0,0,0.06717581047381546,True,0.001,0.02
1,7,24,0.0,0.0,1,propagule,6313,0,0,0.06795501346428005,True,0.001,0.02
1,7,25,0.0,0.0,1,propagule,6203,0,0,0.06851523456392068,True,0.001,0.02
1,7,26,0.0,0.0,1,propagule,6097,0,0,0.06921436772183041,True,0.001,0.02
1,7,27,0.0,0.0,1,propagule,5963,0,0,0.07060204595002516,True,0.001,0.02
1,7,28,0.0,0.0,1,propagule,5814,0,0,0.0718954248366013,True,0.001,0.02
1,7,29,0.0,0.0,1,propagule,5720,0,0,0.0729020979020979,True,0.001,0.02
1,7,30,0.0,0.0,1,propagule,5633,0,0,0.07331794780756258,True,0.001,0.02
1,7,31,0.0,0.0,1,propagule,5548,0,0,0.07372025955299207,True,0.001,0.02
1,7,32,0.0,0.0,1,propagule,5455,0,0,0.07406049495875344,True,0.001,0.02
1,7,33,0.0,0.0,1,propagule,5377,0,0,0.07439092430723451,True,0.001,0.02
1,7,34,0.0,0.0,1,propagule,5320,0,0,0.0755639097744361,True,0.001,0.02
1,7,35,0.0,0.0,1,propagule,5243,0,0,0.07648292962044631,True,0.001,0.02
1,7,36,0.0,0.0,1,propagule,5170,0,0,0.0769825918762089,True,0.001,0.02
1,7,37,0.0,0.0,1,propagule,5089,0,0,0.07860090391039497,True,0.001,0.02
1,7,38,0.0,0.0,1,propagule,5030,0,0,0.07952286282306163,True,0.001,0.02
1,7,39,0.0,0.0,1,propagule,4982,0,0,0.08129265355279004,True,0.001,0.02
1,7,40,0.0,0.0,1,propagule,4919,0,0,0.08131734092295181,True,0.001,0.02
1,7,41,0.0,0.0,1,propagule,4859,0,0,0.08314467997530356,True,0.001,0.02
1,7,42,0.0,0.0,1,propagule,4816,0,0,0.08513289036544851,True,0.001,0.02
1,7,43,0.0,0.0,1,propagule,5054,0,0,0.13791056588840522,True,0.001,0.02
1,7,44,0.0,0.0,1,propagule,4865,0,0,0.12867420349434738,True,0.001,0.02
1,7,45,0.0,0.0,1,propagule,4750,0,0,0.1256842105263158,True,0.001,0.02
1,7,46,0.0,0.0,1,propagule,4726,0,0,0.12589928057553956,True,0.001,0.02
1,7,47,0.0,0.0,1,propagule,4679,0,0,0.1278050865569566,True,0.001,0.02
1,7,48,0.0,0.0,1,propagule,4655,0,0,0.13168635875402793,True,0.001,0.02
1,7,49,0.0,0.0,1,propagule,4623,0,0,0.1334631191866753,True,0.001,0.02
1,7,50,0.0,0.0,1,propagule,4591,0,0,0.13395774341102157,True,0.001,0.02
1,7,51,0.0,0.0,1,propagule,4549,0,0,0.13541437678610685,True,0.001,0.02
1,7,52,0.0,0.0,1,propagule,4509,0,0,0.13750277223331114,True,0.001,0.02
1,8,1,0.0,0.0,1,propagule,4457,0,0,0.1388826564954005,True,0.001,0.02
1,8,2,0.0,0.0,1,propagule,4418,0,0,0.13965595291987323,True,0.001,0.02
1,8,3,0.0,0.0,1,propagule,4365,0,0,0.1415807560137457,True,0.001,0.02
1,8,4,0.0,0.0,1,propagule,4310,0,0,0.1419953596287703,True,0.001,0.02
1,8,5,0.0,0.0,1,propagule,4264,0,0,0.14212007504690433,True,0.001,0.02
1,8,6,0.0,0.0,1,propagule,4230,0,0,0.14326241134751774,True,0.001,0.02
1,8,7,0.0,0.0,1,propagule,4200,0,0,0.14357142857142857,True,0.001,0.02
1,8,8,0.0,0.0,1,propagule,4150,0,0,0.1453012048192771,True,0.001,0.02
1,8,9,0.0,0.0,1,propagule,4123,0,0,0.1464952704341499,True,0.001,0.02
1,8,10,0.0,0.0,1,propagule,4068,0,0,0.1467551622418879,True,0.001,0.02
1,8,11,0.0,0.0,1,propagule,4041,0,0,0.14872556297946052,True,0.001,0.02
1,8,12,0.0,0.0,1,propagule,4003,0,0,0.14938795903072696,True,0.001,0.02
1,8,13,0.0,0.0,1,propagule,3963,0,0,0.1506434519303558,True,0.001,0.02
1,8,14,0.0,0.0,1,propagule,3935,0,0,0.151715374841169,True,0.001,0.02
1,8,15,0.0,0.0,1,propagule,3909,0,0,0.15349194167306215,True,0.001,0.02
1,8,16,0.0,0.0,1,propagule,3859,0,0,0.153925887535631,True,0.001,0.02
1,8,17,0.0,0.0,1,propagule,3827,0,0,0.15599686438463548,True,0.001,0.02
1,8,18,0.0,0.0,1,propagule,8788,0,0,0.06770596267637688,True,0.001,0.02
1,8,19,0.0,0.0,1,propagule,8643,0,0,0.06872613675807011,True,0.001,0.02
1,8,20,0.0,0.0,1,propagule,8509,0,0,0.0692208250088142,True,0.001,0.02
1,8,21,0.0,0.0,1,propagule,8403,0,0,0.06985600380816374,True,0.001,0.02
1,8,22,0.0,0.0,1,propagule,8272,0,0,0.07047872340425532,True,0.001,0.02
1,8,23,0.0,0.0,1,propagule,8175,0,0,0.07070336391437308,True,0.001,0.02
1,8,24,0.0,0.0,1,propagule,8048,0,0,0.0713220675944334,True,0.001,0.02
1,8,25,0.0,0.0,1,propagule,7959,0,0,0.07274783264229175,True,0.001,0.02
1,8,26,0.0,0.0,1,propagule,7846,0,0,0.07392301809839409,True,0.001,0.02
1,8,27,0.0,0.0,1,propagule,7737,0,0,0.07457670931885743,True,0.001,0.02
1,8,28,0.0,0.0,1,propagule,7607,0,0,0.07506244248718286,True,0.001,0.02
1,8,29,0.0,0.0,1,propagule,7525,0,0,0.07588039867109635,True,0.001,0.02
1,8,30,0.0,0.0,1,propagule,7438,0,0,0.07609572465716591,True,0.001,0.02
1,8,31,0.0,0.0,1,propagule,7332,0,0,0.07719585379159848,True,0.001,0.02
1,8,32,0.0,0.0,1,propagule,7206,0,0,0.07743547044129892,True,0.001,0.02
1,8,33,0.0,0.0,1,propagule,7106,0,0,0.07880664227413453,True,0.001,0.02
1,8,34,0.0,0.0,1,propagule,7015,0,0,0.07954383464005702,True,0.001,0.02
1,8,35,0.0,0.0,1,propagule,6970,0,0,0.08020086083213773,True,0.001,0.02
1,8,36,0.0,0.0,1,propagule,6865,0,0,0.0809905316824472,True,0.001,0.02
1,8,37,0.0,0.0,1,propagule,6777,0,0,0.08233731739707835,True,0.001,0.02
1,8,38,0.0,0.0,1,propagule,6680,0,0,0.08218562874251498,True,0.001,0.02
1,8,39,0.0,0.0,1,propagule,6602,0,0,0.0837624962132687,True,0.001,0.02
1,8,40,0.0,0.0,1,propagule,6532,0,0,0.0838946723821188,True,0.001,0.02
1,8,41,0.0,0.0,1,propagule,6474,0,0,0.08541859746679024,True,0.001,0.02
1,8,42,0.0,0.0,1,propagule,6394,0,0,0.08633093525179857,True,0.001,0.02
1,8,43,0.0,0.0,1,propagule,6640,0,0,0.13870481927710843,True,0.001,0.02
1,8,44,0.0,0.0,1,propagule,6311,0,0,0.12581207415623513,True,0.001,0.02
1,8,45,0.0,0.0,1,propagule,6102,0,0,0.12143559488692232,True,0.001,0.02
1,8,46,0.0,0.0,1,propagule,6003,0,0,0.12160586373479927,True,0.001,0.02
1,8,47,0.0,0.0,1,propagule,5926,0,0,0.1226797165035437,True,0.001,0.02
1,8,48,0.0,0.0,1,propagule,5894,0,0,0.12470308788598575,True,0.001,0.02
1,8,49,0.0,0.0,1,propagule,5868,0,0,0.1250852079072938,True,0.001,0.02
1,8,50,0.0,0.0,1,propagule,5831,0,0,0.1265649116789573,True,0.001,0.02
1,8,51,0.0,0.0,1,propagule,5819,0,0,0.12888812510740677,True,0.001,0.02
1,8,52,0.0,0.0,1,propagule,5779,0,0,0.13116456134279286,True,0.001,0.02
1,9,1,0.0,0.0,1,propagule,5742,0,0,0.13288052943225356,True,0.001,0.02
1,9,2,0.0,0.0,1,propagule,5709,0,0,0.13540024522683483,True,0.001,0.02
1,9,3,0.0,0.0,1,propagule,5691,0,0,0.13793709365665086,True,0.001,0.02
1,9,4,0.0,0.0,1,propagule,5659,0,0,0.13995405548683512,True,0.001,0.02
1,9,5,0.0,0.0,1,propagule,5606,0,0,0.14038530146271852,True,0.001,0.02
1,9,6,0.0,0.0,1,propagule,5586,0,0,0.1439312567132116,True,0.001,0.02
1,9,7,0.0,0.0,1,propagule,5528,0,0,0.1447178002894356,True,0.001,0.02
1,9,8,0.0,0.0,1,propagule,5475,0,0,0.1463013698630137,True,0.001,0.02
1,9,9,0.0,0.0,1,propagule,5426,0,0,0.14780685587910064,True,0.001,0.02
1,9,10,0.0,0.0,1,propagule,5389,0,0,0.14974948970124327,True,0.001,0.02
1,9,11,0.0,0.0,1,propagule,5337,0,0,0.15008431703204048,True,0.001,0.02
1,9,12,0.0,0.0,1,propagule,5304,0,0,0.1515837104072398,True,0.001,0.02
1,9,13,0.0,0.0,1,propagule,5246,0,0,0.15154403354937096,True,0.001,0.02
1,9,14,0.0,0.0,1,propagule,5210,0,0,0.15259117082533588,True,0.001,0.02
1,9,15,0.0,0.0,1,propagule,5169,0,0,0.15244728187270265,True,0.001,0.02
1,9,16,0.0,0.0,1,propagule,5131,0,0,0.15416098226466576,True,0.001,0.02
1,9,17,0.0,0.0,1,propagule,5072,0,0,0.15378548895899052,True,0.001,0.02
1,9,18,0.0,0.0,1,propagule,10880,0,0,0.06148897058823529,True,0.001,0.02
1,9,19,0.0,0.0,1,propagule,10714,0,0,0.062161657644203845,True,0.001,0.02
1,9,20,0.0,0.0,1,propagule,10579,0,0,0.06304943756498724,True,0.001,0.02
1,9,21,0.0,0.0,1,propagule,10406,0,0,0.06361714395541034,True,0.001,0.02
1,9,22,0.0,0.0,1,propagule,10281,0,0,0.0643906234802062,True,0.001,0.02
1,9,23,0.0,0.0,1,propagule,10161,0,0,0.06495423678771775,True,0.001,0.02
1,9,24,0.0,0.0,1,propagule,10021,0,0,0.06546252868975153,True,0.001,0.02
1,9,25,0.0,0.0,1,propagule,9869,0,0,0.06616678488195359,True,0.001,0.02
1,9,26,0.0,0.0,1,propagule,9704,0,0,0.06687963726298433,True,0.001,0.02
1,9,27,0.0,0.0,1,propagule,9531,0,0,0.06788374777043332,True,0.001,0.02
1,9,28,0.0,0.0,1,propagule,9393,0,0,0.0684552326200362,True,0.001,0.02
1,9,29,0.0,0.0,1,propagule,9268,0,0,0.06948640483383686,True,0.001,0.02
1,9,30,0.0,0.0,1,propagule,9155,0,0,0.07023484434735118,True,0.001,0.02
1,9,31,0.0,0.0,1,propagule,9045,0,0,0.07075732448866777,True,0.001,0.02
1,9,32,0.0,0.0,1,propagule,8923,0,0,0.07183682617953603,True,0.001,0.02
1,9,33,0.0,0.0,1,propagule,8796,0,0,0.07264665757162346,True,0.001,0.02
1,9,34,0.0,0.0,1,propagule,8662,0,0,0.07353959824520896,True,0.001,0.02
1,9,35,0.0,0.0,1,propagule,8560,0,0,0.07394859813084112,True,0.001,0.02
1,9,36,0.0,0.0,1,propagule,8428,0,0,0.07546274323682961,True,0.001,0.02
1,9,37,0.0,0.0,1,propagule,8325,0,0,0.07591591591591591,True,0.001,0.02
1,9,38,0.0,0.0,1,propagule,8221,0,0,0.07687629242184649,True,0.001,0.02
1,9,39,0.0,0.0,1,propagule,8124,0,0,0.07816346627277203,True,0.001,0.02
1,9,40,0.0,0.0,1,propagule,8033,0,0,0.07879995020540272,True,0.001,0.02
1,9,41,0.0,0.0,1,propagule,7952,0,0,0.07985412474849095,True,0.001,0.02
1,9,42,0.0,0.0,1,propagule,7866,0,0,0.08034579201627257,True,0.001,0.02
1,9,43,0.0,0.0,1,propagule,7953,0,0,0.12812775053438955,True,0.001,0.02
1,9,44,0.0,0.0,1,propagule,7558,0,0,0.11391902619740672,True,0.001,0.02
1,9,45,0.0,0.0,1,propagule,7410,0,0,0.11282051282051282,True,0.001,0.02
1,9,46,0.0,0.0,1,propagule,7326,0,0,0.11384111384111384,True,0.001,0.02
1,9,47,0.0,0.0,1,propagule,7259,0,0,0.11516737842678054,True,0.001,0.02
1,9,48,0.0,0.0,1,propagule,7217,0,0,0.11736178467507274,True,0.001,0.02
1,9,49,0.0,0.0,1,propagule,7199,0,0,0.11946103625503542,True,0.001,0.02
1,9,50,0.0,0.0,1,propagule,7166,0,0,0.11945297236952275,True,0.001,0.02
1,9,51,0.0,0.0,1,propagule,7128,0,0,0.12051066217732885,True,0.001,0.02
1,9,52,0.0,0.0,1,propagule,7046,0,0,0.12134544422367301,True,0.001,0.02
1,10,1,0.0,0.0,1,propagule,6984,0,0,0.12184994272623138,True,0.001,0.02
1,10,2,0.0,0.0,1,propagule,6914,0,0,0.12337286664738212,True,0.001,0.02
1,10,3,0.0,0.0,1,propagule,6855,0,0,0.12458059810357404,True,0.001,0.02
1,10,4,0.0,0.0,1,propagule,6796,0,0,0.12566215420835786,True,0.001,0.02
1,10,5,0.0,0.0,1,propagule,6734,0,0,0.12622512622512622,True,0.001,0.02
1,10,6,0.0,0.0,1,propagule,6671,0,0,0.12681756858042273,True,0.001,0.02
1,10,7,0.0,0.0,1,propagule,6607,0,0,0.12698652943847435,True,0.001,0.02
1,10,8,0.0,0.0,1,propagule,6560,0,0,0.12789634146341464,True,0.001,0.02
1,10,9,0.0,0.0,1,propagule,6503,0,0,0.12794095033061664,True,0.001,0.02
1,10,10,0.0,0.0,1,propagule,6460,0,0,0.12894736842105264,True,0.001,0.02
1,10,11,0.0,0.0,1,propagule,6393,0,0,0.1290473955889254,True,0.001,0.02
1,10,12,0.0,0.0,1,propagule,6332,0,0,0.12965887555274794,True,0.001,0.02
1,10,13,0.0,0.0,1,propagule,6284,0,0,0.13064926798217696,True,0.001,0.02
1,10,14,0.0,0.0,1,propagule,6244,0,0,0.1311659192825112,True,0.001,0.02
1,10,15,0.0,0.0,1,propagule,6181,0,0,0.13234104513832712,True,0.001,0.02
1,10,16,0.0,0.0,1,propagule,6135,0,0,0.13268133659331705,True,0.001,0.02
1,10,17,0.0,0.0,1,propagule,6076,0,0,0.13347597103357473,True,0.001,0.02
1,10,18,0.0,0.0,1,propagule,13687,0,0,0.054650398188061666,True,0.001,0.02
1,10,19,0.0,0.0,1,propagule,13508,0,0,0.05522653242522949,True,0.001,0.02
1,10,20,0.0,0.0,1,propagule,13329,0,0,0.05589316527871558,True,0.001,0.02
1,10,21,0.0,0.0,1,propagule,13085,0,0,0.0561711883836454,True,0.001,0.02
1,10,22,0.0,0.0,1,propagule,12893,0,0,0.05677499418288994,True,0.001,0.02
1,10,23,0.0,0.0,1,propagule,12700,0,0,0.057401574803149606,True,0.001,0.02
1,10,24,0.0,0.0,1,propagule,12530,0,0,0.05794094173982442,True,0.001,0.02
1,10,25,0.0,0.0,1,propagule,12387,0,0,0.05869056268668766,True,0.001,0.02
1,10,26,0.0,0.0,1,propagule,12202,0,0,0.059498442878216685,True,0.001,0.02
1,10,27,0.0,0.0,1,propagule,12057,0,0,0.06004810483536535,True,0.001,0.02
1,10,28,0.0,0.0,1,propagule,11890,0,0,0.06072329688814129,True,0.001,0.02
1,10,29,0.0,0.0,1,propagule,11711,0,0,0.06130987960037571,True,0.001,0.02
1,10,30,0.0,0.0,1,propagule,11534,0,0,0.0622507369516213,True,0.001,0.02
1,10,31,0.0,0.0,1,propagule,11385,0,0,0.06271409749670619,True,0.001,0.02
1,10,32,0.0,0.0,1,propagule,11237,0,0,0.06336210732401887,True,0.001,0.02
1,10,33,0.0,0.0,1,propagule,11115,0,0,0.06369770580296896,True,0.001,0.02
1,10,34,0.0,0.0,1,propagule,10979,0,0,0.06421349849713089,True,0.001,0.02
1,10,35,0.0,0.0,1,propagule,10827,0,0,0.06483790523690773,True,0.001,0.02
1,10,36,0.0,0.0,1,propagule,10673,0,0,0.06567975264686593,True,0.001,0.02
1,10,37,0.0,0.0,1,propagule,10532,0,0,0.06636916065324724,True,0.001,0.02
1,10,38,0.0,0.0,1,propagule,10413,0,0,0.06712762892538174,True,0.001,0.02
1,10,39,0.0,0.0,1,propagule,10286,0,0,0.06747034804588761,True,0.001,0.02
1,10,40,0.0,0.0,1,propagule,10182,0,0,0.06825770968375565,True,0.001,0.02
1,10,41,0.0,0.0,1,propagule,10068,0,0,0.06883194278903457,True,0.001,0.02
1,10,42,0.0,0.0,1,propagule,9951,0,0,0.06944025726057683,True,0.001,0.02
1,10,43,0.0,0.0,1,propagule,10230,0,0,0.1284457478005865,True,0.001,0.02
1,10,44,0.0,0.0,1,propagule,9716,0,0,0.11578839028406752,True,0.001,0.02
1,10,45,0.0,0.0,1,propagule,9512,0,0,0.11312026913372582,True,0.001,0.02
1,10,46,0.0,0.0,1,propagule,9405,0,0,0.11451355661881978,True,0.001,0.02
1,10,47,0.0,0.0,1,propagule,9339,0,0,0.11671485169718385,True,0.001,0.02
1,10,48,0.0,0.0,1,propagule,9265,0,0,0.11980572045331894,True,0.001,0.02
1,10,49,0.0,0.0,1,propagule,9213,0,0,0.12178443503744708,True,0.001,0.02
1,10,50,0.0,0.0,1,propagule,9177,0,0,0.12346082597798845,True,0.001,0.02
1,10,51,0.0,0.0,1,propagule,9117,0,0,0.12416365032357135,True,0.001,0.02
1,10,52,0.0,0.0,1,propagule,9050,0,0,0.12574585635359117,True,0.001,0.02
1,1,1,0.0,0.0,1,propagule,908,0,0,0.0,True,0.001,0.025
1,1,2,0.0,0.0,1,propagule,905,0,0,0.0022099447513812156,True,0.001,0.025
1,1,3,0.0,0.0,1,propagule,893,0,0,0.004479283314669653,True,0.001,0.025
1,1,4,0.0,0.0,1,propagule,892,0,0,0.007847533632286996,True,0.001,0.025
1,1,5,0.0,0.0,1,propagule,888,0,0,0.006756756756756757,True,0.001,0.025
1,1,6,0.0,0.0,1,propagule,877,0,0,0.009122006841505131,True,0.001,0.025
1,1,7,0.0,0.0,1,propagule,870,0,0,0.008045977011494253,True,0.001,0.025
1,1,8,0.0,0.0,1,propagule,860,0,0,0.009302325581395349,True,0.001,0.025
1,1,9,0.0,0.0,1,propagule,854,0,0,0.00819672131147541,True,0.001,0.025
1,1,10,0.0,0.0,1,propagule,851,0,0,0.009400705052878966,True,0.001,0.025
1,1,11,0.0,0.0,1,propagule,840,0,0,0.008333333333333333,True,0.001,0.025
1,1,12,0.0,0.0,1,propagule,831,0,0,0.009626955475330927,True,0.001,0.025
1,1,13,0.0,0.0,1,propagule,823,0,0,0.00850546780072904,True,0.001,0.025
1,1,14,0.0,0.0,1,propagule,813,0,0,0.00984009840098401,True,0.001,0.025
1,1,15,0.0,0.0,1,propagule,803,0,0,0.008717310087173101,True,0.001,0.025
1,1,16,0.0,0.0,1,propagule,793,0,0,0.01008827238335435,True,0.001,0.025
1,1,17,0.0,0.0,1,propagule,793,0,0,0.008827238335435058,True,0.001,0.025
1,1,18,0.0,0.0,1,propagule,2231,0,0,0.003585835948005379,True,0.001,0.025
1,1,19,0.0,0.0,1,propagule,2178,0,0,0.0032139577594123047,True,0.001,0.025
1,1,20,0.0,0.0,1,propagule,2097,0,0,0.0033381020505484026,True,0.001,0.025
1,1,21,0.0,0.0,1,propagule,2069,0,0,0.0028999516674722086,True,0.001,0.025
1,1,22,0.0,0.0,1,propagule,2021,0,0,0.0029688273132112814,True,0.001,0.025
1,1,23,0.0,0.0,1,propagule,1991,0,0,0.0030135610246107484,True,0.001,0.025
1,1,24,0.0,0.0,1,propagule,1969,0,0,0.0030472320975114273,True,0.001,0.025
1,1,25,0.0,0.0,1,propagule,1912,0,0,0.0031380753138075313,True,0.001,0.025
1,1,26,0.0,0.0,1,propagule,1883,0,0,0.004248539564524694,True,0.001,0.025
1,1,27,0.0,0.0,1,propagule,1828,0,0,0.00437636761487965,True,0.001,0.025
1,1,28,0.0,0.0,1,propagule,1787,0,0,0.004476776720761052,True,0.001,0.025
1,1,29,0.0,0.0,1,propagule,1750,0,0,0.006285714285714286,True,0.001,0.025
1,1,30,0.0,0.0,1,propagule,1729,0,0,0.006362058993637941,True,0.001,0.025
1,1,31,0.0,0.0,1,propagule,1679,0,0,0.006551518761167362,True,0.001,0.025
1,1,32,0.0,0.0,1,propagule,1681,0,0,0.006543723973825104,True,0.001,0.025
1,1,33,0.0,0.0,1,propagule,1632,0,0,0.007352941176470588,True,0.001,0.025
1,1,34,0.0,0.0,1,propagule,1625,0,0,0.00676923076923077,True,0.001,0.025
1,1,35,0.0,0.0,1,propagule,1593,0,0,0.007532956685499058,True,0.001,0.025
1,1,36,0.0,0.0,1,propagule,1574,0,0,0.011435832274459974,True,0.001,0.025
1,1,37,0.0,0.0,1,propagule,1559,0,0,0.014753046824887749,True,0.001,0.025
1,1,38,0.0,0.0,1,propagule,1544,0,0,0.014248704663212436,True,0.001,0.025
1,1,39,0.0,0.0,1,propagule,1511,0,0,0.01786896095301125,True,0.001,0.025
1,1,40,0.0,0.0,1,propagule,1492,0,0,0.014745308310991957,True,0.001,0.025
1,1,41,0.0,0.0,1,propagule,1476,0,0,0.015582655826558265,True,0.001,0.025
1,1,42,0.0,0.0,1,propagule,1454,0,0,0.0171939477303989,True,0.001,0.025
1,1,43,0.0,0.0,1,propagule,1430,0,0,0.025174825174825177,True,0.001,0.025
1,1,44,0.0,0.0,1,propagule,1429,0,0,0.028691392582225334,True,0.001,0.025
1,1,45,0.0,0.0,1,propagule,1402,0,0,0.02781740370898716,True,0.001,0.025
1,1,46,0.0,0.0,1,propagule,1404,0,0,0.029914529914529916,True,0.001,0.025
1,1,47,0.0,0.0,1,propagule,1377,0,0,0.027596223674655047,True,0.001,0.025
1,1,48,0.0,0.0,1,propagule,1379,0,0,0.032632342277012324,True,0.001,0.025
1,1,49,0.0,0.0,1,propagule,1360,0,0,0.029411764705882353,True,0.001,0.025
1,1,50,0.0,0.0,1,propagule,1352,0,0,0.03328402366863906,True,0.001,0.025
1,1,51,0.0,0.0,1,propagule,1319,0,0,0.030326004548900682,True,0.001,0.025
1,1,52,0.0,0.0,1,propagule,1319,0,0,0.03184230477634572,True,0.001,0.025
1,2,1,0.0,0.0,1,propagule,1294,0,0,0.03168469860896445,True,0.001,0.025
1,2,2,0.0,0.0,1,propagule,1282,0,0,0.033541341653666144,True,0.001,0.025
1,2,3,0.0,0.0,1,propagule,1260,0,0,0.030952380952380953,True,0.001,0.025
1,2,4,0.0,0.0,1,propagule,1243,0,0,0.030571198712791632,True,0.001,0.025
1,2,5,0.0,0.0,1,propagule,1228,0,0,0.030944625407166124,True,0.001,0.025
1,2,6,0.0,0.0,1,propagule,1216,0,0,0.03042763157894737,True,0.001,0.025
1,2,7,0.0,0.0,1,propagule,1202,0,0,0.029118136439267885,True,0.001,0.025
1,2,8,0.0,0.0,1,propagule,1184,0,0,0.030405405405405407,True,0.001,0.025
1,2,9,0.0,0.0,1,propagule,1172,0,0,0.030716723549488054,True,0.001,0.025
1,2,10,0.0,0.0,1,propagule,1155,0,0,0.02943722943722944,True,0.001,0.025
1,2,11,0.0,0.0,1,propagule,1145,0,0,0.029694323144104803,True,0.001,0.025
1,2,12,0.0,0.0,1,propagule,1121,0,0,0.029438001784121322,True,0.001,0.025
1,2,13,0.0,0.0,1,propagule,1105,0,0,0.02986425339366516,True,0.001,0.025
1,2,14,0.0,0.0,1,propagule,1082,0,0,0.029574861367837338,True,0.001,0.025
1,2,15,0.0,0.0,1,propagule,1061,0,0,0.030160226201696512,True,0.001,0.025
1,2,16,0.0,0.0,1,propagule,1054,0,0,0.031309297912713474,True,0.001,0.025
1,2,17,0.0,0.0,1,propagule,1028,0,0,0.0311284046692607,True,0.001,0.025
1,2,18,0.0,0.0,1,propagule,2112,0,0,0.015151515151515152,True,0.001,0.025
1,2,19,0.0,0.0,1,propagule,2050,0,0,0.013170731707317073,True,0.001,0.025
1,2,20,0.0,0.0,1,propagule,1988,0,0,0.012575452716297788,True,0.001,0.025
1,2,21,0.0,0.0,1,propagule,1944,0,0,0.013374485596707819,True,0.001,0.025
1,2,22,0.0,0.0,1,propagule,1940,0,0,0.013917525773195877,True,0.001,0.025
1,2,23,0.0,0.0,1,propagule,1907,0,0,0.013633980073413739,True,0.001,0.025
1,2,24,0.0,0.0,1,propagule,1878,0,0,0.01437699680511182,True,0.001,0.025
1,2,25,0.0,0.0,1,propagule,1880,0,0,0.018617021276595744,True,0.001,0.025
1,2,26,0.0,0.0,1,propagule,1828,0,0,0.020787746170678335,True,0.001,0.025
1,2,27,0.0,0.0,1,propagule,1814,0,0,0.022601984564498346,True,0.001,0.025
1,2,28,0.0,0.0,1,propagule,1793,0,0,0.02063580591187953,True,0.001,0.025
1,2,29,0.0,0.0,1,propagule,1752,0,0,0.02454337899543379,True,0.001,0.025
1,2,30,0.0,0.0,1,propagule,1727,0,0,0.024898668210770122,True,0.001,0.025
1,2,31,0.0,0.0,1,propagule,1693,0,0,0.02244536326048435,True,0.001,0.025
1,2,32,0.0,0.0,1,propagule,1664,0,0,0.022235576923076924,True,0.001,0.025
1,2,33,0.0,0.0,1,propagule,1654,0,0,0.02357920193470375,True,0.001,0.025
1,2,34,0.0,0.0,1,propagule,1655,0,0,0.03081570996978852,True,0.001,0.025
1,2,35,0.0,0.0,1,propagule,1610,0,0,0.02732919254658385,True,0.001,0.025
1,2,36,0.0,0.0,1,propagule,1613,0,0,0.03967761934283943,True,0.001,0.025
1,2,37,0.0,0.0,1,propagule,1572,0,0,0.037531806615776084,True,0.001,0.025
1,2,38,0.0,0.0,1,propagule,1566,0,0,0.038314176245210725,True,0.001,0.025
1,2,39,0.0,0.0,1,propagule,1514,0,0,0.03500660501981506,True,0.001,0.025
1,2,40,0.0,0.0,1,propagule,1510,0,0,0.03774834437086093,True,0.001,0.025
1,2,41,0.0,0.0,1,propagule,1463,0,0,0.03212576896787423,True,0.001,0.025
1,2,42,0.0,0.0,1,propagule,1462,0,0,0.038303693570451436,True,0.001,0.025
1,2,43,0.0,0.0,1,propagule,1514,0,0,0.07793923381770146,True,0.001,0.025
1,2,44,0.0,0.0,1,propagule,1482,0,0,0.07219973009446694,True,0.001,0.025
1,2,45,0.0,0.0,1,propagule,1491,0,0,0.07981220657276995,True,0.001,0.025
1,2,46,0.0,0.0,1,propagule,1489,0,0,0.0893216924110141,True,0.001,0.025
1,2,47,0.0,0.0,1,propagule,1480,0,0,0.08716216216216216,True,0.001,0.025
1,2,48,0.0,0.0,1,propagule,1473,0,0,0.09300746775288526,True,0.001,0.025
1,2,49,0.0,0.0,1,propagule,1464,0,0,0.09836065573770492,True,0.001,0.025
1,2,50,0.0,0.0,1,propagule,1451,0,0,0.09993108201240523,True,0.001,0.025
1,2,51,0.0,0.0,1,propagule,1433,0,0,0.09979064898813678,True,0.001,0.025
1,2,52,0.0,0.0,1,propagule,1428,0,0,0.10434173669467788,True,0.001,0.025
1,3,1,0.0,0.0,1,propagule,1405,0,0,0.10391459074733096,True,0.001,0.025
1,3,2,0.0,0.0,1,propagule,1399,0,0,0.1043602573266619,True,0.001,0.025
1,3,3,0.0,0.0,1,propagule,1391,0,0,0.10567936736161035,True,0.001,0.025
1,3,4,0.0,0.0,1,propagule,1377,0,0,0.10530137981118373,True,0.001,0.025
1,3,5,0.0,0.0,1,propagule,1374,0,0,0.10771470160116449,True,0.001,0.025
1,3,6,0.0,0.0,1,propagule,1363,0,0,0.11151870873074102,True,0.001,0.025
1,3,7,0.0,0.0,1,propagule,1338,0,0,0.11061285500747384,True,0.001,0.025
1,3,8,0.0,0.0,1,propagule,1333,0,0,0.1140285071267817,True,0.001,0.025
1,3,9,0.0,0.0,1,propagule,1314,0,0,0.11035007610350075,True,0.001,0.025
1,3,10,0.0,0.0,1,propagule,1315,0,0,0.1155893536121673,True,0.001,0.025
1,3,11,0.0,0.0,1,propagule,1292,0,0,0.11222910216718267,True,0.001,0.025
1,3,12,0.0,0.0,1,propagule,1283,0,0,0.11691348402182385,True,0.001,0.025
1,3,13,0.0,0.0,1,propagule,1266,0,0,0.11453396524486571,True,0.001,0.025
1,3,14,0.0,0.0,1,propagule,1259,0,0,0.11834789515488484,True,0.001,0.025
1,3,15,0.0,0.0,1,propagule,1248,0,0,0.11538461538461539,True,0.001,0.025
1,3,16,0.0,0.0,1,propagule,1240,0,0,0.11774193548387096,True,0.001,0.025
1,3,17,0.0,0.0,1,propagule,1234,0,0,0.11831442463533225,True,0.001,0.025
1,3,18,0.0,0.0,1,propagule,2905,0,0,0.049569707401032705,True,0.001,0.025
1,3,19,0.0,0.0,1,propagule,2824,0,0,0.05028328611898017,True,0.001,0.025
1,3,20,0.0,0.0,1,propagule,2775,0,0,0.05045045045045045,True,0.001,0.025
1,3,21,0.0,0.0,1,propagule,2725,0,0,0.05137614678899083,True,0.001,0.025
1,3,22,0.0,0.0,1,propagule,2647,0,0,0.05062334718549301,True,0.001,0.025
1,3,23,0.0,0.0,1,propagule,2590,0,0,0.050965250965250966,True,0.001,0.025
1,3,24,0.0,0.0,1,propagule,2497,0,0,0.052062474969963954,True,0.001,0.025
1,3,25,0.0,0.0,1,propagule,2449,0,0,0.05063291139240506,True,0.001,0.025
1,3,26,0.0,0.0,1,propagule,2398,0,0,0.05296080066722268,True,0.001,0.025
1,3,27,0.0,0.0,1,propagule,2325,0,0,0.053763440860215055,True,0.001,0.025
1,3,28,0.0,0.0,1,propagule,2296,0,0,0.057926829268292686,True,0.001,0.025
1,3,29,0.0,0.0,1,propagule,2246,0,0,0.05699020480854853,True,0.001,0.025
1,3,30,0.0,0.0,1,propagule,2223,0,0,0.05982905982905983,True,0.001,0.025
1,3,31,0.0,0.0,1,propagule,2210,0,0,0.0579185520361991,True,0.001,0.025
1,3,32,0.0,0.0,1,propagule,2160,0,0,0.05787037037037037,True,0.001,0.025
1,3,33,0.0,0.0,1,propagule,2108,0,0,0.05977229601518026,True,0.001,0.025
1,3,34,0.0,0.0,1,propagule,2077,0,0,0.0601829561868079,True,0.001,0.025
1,3,35,0.0,0.0,1,propagule,2053,0,0,0.06137359961032635,True,0.001,0.025
1,3,36,0.0,0.0,1,propagule,2022,0,0,0.06627101879327399,True,0.001,0.025
1,3,37,0.0,0.0,1,propagule,1972,0,0,0.06440162271805273,True,0.001,0.025
1,3,38,0.0,0.0,1,propagule,1956,0,0,0.0679959100204499,True,0.001,0.025
1,3,39,0.0,0.0,1,propagule,1919,0,0,0.068264721208963,True,0.001,0.025
1,3,40,0.0,0.0,1,propagule,1898,0,0,0.07007376185458378,True,0.001,0.025
1,3,41,0.0,0.0,1,propagule,1868,0,0,0.07119914346895075,True,0.001,0.025
1,3,42,0.0,0.0,1,propagule,1861,0,0,0.07737775389575496,True,0.001,0.025
1,3,43,0.0,0.0,1,propagule,1934,0,0,0.11478800413650465,True,0.001,0.025
1,3,44,0.0,0.0,1,propagule,1862,0,0,0.10150375939849623,True,0.001,0.025
1,3,45,0.0,0.0,1,propagule,1834,0,0,0.10032715376226826,True,0.001,0.025
1,3,46,0.0,0.0,1,propagule,1848,0,0,0.10822510822510822,True,0.001,0.025
1,3,47,0.0,0.0,1,propagule,1823,0,0,0.1113549094898519,True,0.001,0.025
1,3,48,0.0,0.0,1,propagule,1837,0,0,0.12193794229722374,True,0.001,0.025
1,3,49,0.0,0.0,1,propagule,1802,0,0,0.12486126526082131,True,0.001,0.025
1,3,50,0.0,0.0,1,propagule,1800,0,0,0.12944444444444445,True,0.001,0.025
1,3,51,0.0,0.0,1,propagule,1779,0,0,0.1405283867341203,True,0.001,0.025
1,3,52,0.0,0.0,1,propagule,1771,0,0,0.14511575381140598,True,0.001,0.025
1,4,1,0.0,0.0,1,propagule,1730,0,0,0.14219653179190753,True,0.001,0.025
1,4,2,0.0,0.0,1,propagule,1737,0,0,0.14680483592400692,True,0.001,0.025
1,4,3,0.0,0.0,1,propagule,1701,0,0,0.14814814814814814,True,0.001,0.025
1,4,4,0.0,0.0,1,propagule,1699,0,0,0.15126545026486168,True,0.001,0.025
1,4,5,0.0,0.0,1,propagule,1661,0,0,0.15171583383503914,True,0.001,0.025
1,4,6,0.0,0.0,1,propagule,1659,0,0,0.15611814345991562,True,0.001,0.025
1,4,7,0.0,0.0,1,propagule,1640,0,0,0.15426829268292683,True,0.001,0.025
1,4,8,0.0,0.0,1,propagule,1631,0,0,0.15389331698344574,True,0.001,0.025
1,4,9,0.0,0.0,1,propagule,1595,0,0,0.1523510971786834,True,0.001,0.025
1,4,10,0.0,0.0,1,propagule,1603,0,0,0.15283842794759825,True,0.001,0.025
1,4,11,0.0,0.0,1,propagule,1563,0,0,0.1529110684580934,True,0.001,0.025
1,4,12,0.0,0.0,1,propagule,1555,0,0,0.15562700964630224,True,0.001,0.025
1,4,13,0.0,0.0,1,propagule,1550,0,0,0.15419354838709678,True,0.001,0.025
1,4,14,0.0,0.0,1,propagule,1534,0,0,0.1558018252933507,True,0.001,0.025
1,4,15,0.0,0.0,1,propagule,1511,0,0,0.15354070152217075,True,0.001,0.025
1,4,16,0.0,0.0,1,propagule,1510,0,0,0.15894039735099338,True,0.001,0.025
1,4,17,0.0,0.0,1,propagule,1481,0,0,0.15530047265361244,True,0.001,0.025
1,4,18,0.0,0.0,1,propagule,3480,0,0,0.06752873563218391,True,0.001,0.025
1,4,19,0.0,0.0,1,propagule,3398,0,0,0.06709829311359623,True,0.001,0.025
1,4,20,0.0,0.0,1,propagule,3367,0,0,0.06801306801306801,True,0.001,0.025
1,4,21,0.0,0.0,1,propagule,3266,0,0,0.06919779546846296,True,0.001,0.025
1,4,22,0.0,0.0,1,propagule,3203,0,0,0.0699344364658133,True,0.001,0.025
1,4,23,0.0,0.0,1,propagule,3104,0,0,0.07313144329896908,True,0.001,0.025
1,4,24,0.0,0.0,1,propagule,3078,0,0,0.07244964262508122,True,0.001,0.025
1,4,25,0.0,0.0,1,propagule,2976,0,0,0.07661290322580645,True,0.001,0.025
1,4,26,0.0,0.0,1,propagule,2924,0,0,0.07694938440492476,True,0.001,0.025
1,4,27,0.0,0.0,1,propagule,2892,0,0,0.07883817427385892,True,0.001,0.025
1,4,28,0.0,0.0,1,propagule,2821,0,0,0.07904998227578873,True,0.001,0.025
1,4,29,0.0,0.0,1,propagule,2724,0,0,0.08039647577092511,True,0.001,0.025
1,4,30,0.0,0.0,1,propagule,2656,0,0,0.08546686746987951,True,0.001,0.025
1,4,31,0.0,0.0,1,propagule,2568,0,0,0.08489096573208722,True,0.001,0.025
1,4,32,0.0,0.0,1,propagule,2555,0,0,0.08806262230919765,True,0.001,0.025
1,4,33,0.0,0.0,1,propagule,2494,0,0,0.08700882117080995,True,0.001,0.025
1,4,34,0.0,0.0,1,propagule,2467,0,0,0.09160924199432509,True,0.001,0.025
1,4,35,0.0,0.0,1,propagule,2402,0,0,0.09159034138218151,True,0.001,0.025
1,4,36,0.0,0.0,1,propagule,2389,0,0,0.09460025115110925,True,0.001,0.025
1,4,37,0.0,0.0,1,propagule,2339,0,0,0.09320222317229586,True,0.001,0.025
1,4,38,0.0,0.0,1,propagule,2312,0,0,0.09645328719723184,True,0.001,0.025
1,4,39,0.0,0.0,1,propagule,2279,0,0,0.09521720052654672,True,0.001,0.025
1,4,40,0.0,0.0,1,propagule,2264,0,0,0.09849823321554771,True,0.001,0.025
1,4,41,0.0,0.0,1,propagule,2206,0,0,0.09746146872166818,True,0.001,0.025
1,4,42,0.0,0.0,1,propagule,2207,0,0,0.10194834617127323,True,0.001,0.025
1,4,43,0.0,0.0,1,propagule,2139,0,0,0.131369798971482,True,0.001,0.025
1,4,44,0.0,0.0,1,propagule,2029,0,0,0.11976343026121242,True,0.001,0.025
1,4,45,0.0,0.0,1,propagule,1990,0,0,0.11909547738693467,True,0.001,0.025
1,4,46,0.0,0.0,1,propagule,2025,0,0,0.12641975308641976,True,0.001,0.025
1,4,47,0.0,0.0,1,propagule,2015,0,0,0.1250620347394541,True,0.001,0.025
1,4,48,0.0,0.0,1,propagule,2012,0,0,0.1341948310139165,True,0.001,0.025
1,4,49,0.0,0.0,1,propagule,2028,0,0,0.13757396449704143,True,0.001,0.025
1,4,50,0.0,0.0,1,propagule,2003,0,0,0.14078881677483773,True,0.001,0.025
1,4,51,0.0,0.0,1,propagule,2018,0,0,0.14816650148662042,True,0.001,0.025
1,4,52,0.0,0.0,1,propagule,1989,0,0,0.15082956259426847,True,0.001,0.025
1,5,1,0.0,0.0,1,propagule,1988,0,0,0.1529175050301811,True,0.001,0.025
1,5,2,0.0,0.0,1,propagule,1938,0,0,0.15273477812177502,True,0.001,0.025
1,5,3,0.0,0.0,1,propagule,1943,0,0,0.15440041173443128,True,0.001,0.025
1,5,4,0.0,0.0,1,propagule,1914,0,0,0.15412748171368862,True,0.001,0.025
1,5,5,0.0,0.0,1,propagule,1901,0,0,0.15833771699105734,True,0.001,0.025
1,5,6,0.0,0.0,1,propagule,1881,0,0,0.15842636895268475,True,0.001,0.025
1,5,7,0.0,0.0,1,propagule,1854,0,0,0.15965480043149946,True,0.001,0.025
1,5,8,0.0,0.0,1,propagule,1836,0,0,0.1574074074074074,True,0.001,0.025
1,5,9,0.0,0.0,1,propagule,1825,0,0,0.1610958904109589,True,0.001,0.025
1,5,10,0.0,0.0,1,propagule,1795,0,0,0.16100278551532032,True,0.001,0.025
1,5,11,0.0,0.0,1,propagule,1779,0,0,0.163575042158516,True,0.001,0.025
1,5,12,0.0,0.0,1,propagule,1755,0,0,0.16353276353276353,True,0.001,0.025
1,5,13,0.0,0.0,1,propagule,1736,0,0,0.16532258064516128,True,0.001,0.025
1,5,14,0.0,0.0,1,propagule,1723,0,0,0.1636680208937899,True,0.001,0.025
1,5,15,0.0,0.0,1,propagule,1720,0,0,0.16686046511627908,True,0.001,0.025
1,5,16,0.0,0.0,1,propagule,1700,0,0,0.16705882352941176,True,0.001,0.025
1,5,17,0.0,0.0,1,propagule,1689,0,0,0.1699230313795145,True,0.001,0.025
1,5,18,0.0,0.0,1,propagule,3862,0,0,0.07276022786121181,True,0.001,0.025
1,5,19,0.0,0.0,1,propagule,3770,0,0,0.07400530503978779,True,0.001,0.025
1,5,20,0.0,0.0,1,propagule,3636,0,0,0.07288228822882288,True,0.001,0.025
1,5,21,0.0,0.0,1,propagule,3597,0,0,0.07478454267445094,True,0.001,0.025
1,5,22,0.0,0.0,1,propagule,3519,0,0,0.075589656152316,True,0.001,0.025
1,5,23,0.0,0.0,1,propagule,3474,0,0,0.0768566493955095,True,0.001,0.025
1,5,24,0.0,0.0,1,propagule,3407,0,0,0.07836806574699148,True,0.001,0.025
1,5,25,0.0,0.0,1,propagule,3341,0,0,0.07812032325651003,True,0.001,0.025
1,5,26,0.0,0.0,1,propagule,3297,0,0,0.0794661813770094,True,0.001,0.025
1,5,27,0.0,0.0,1,propagule,3205,0,0,0.07987519500780031,True,0.001,0.025
1,5,28,0.0,0.0,1,propagule,3144,0,0,0.08078880407124682,True,0.001,0.025
1,5,29,0.0,0.0,1,propagule,3102,0,0,0.08284977433913604,True,0.001,0.025
1,5,30,0.0,0.0,1,propagule,3055,0,0,0.08412438625204582,True,0.001,0.025
1,5,31,0.0,0.0,1,propagule,2968,0,0,0.0862533692722372,True,0.001,0.025
1,5,32,0.0,0.0,1,propagule,2931,0,0,0.08631866257250086,True,0.001,0.025
1,5,33,0.0,0.0,1,propagule,2859,0,0,0.08744316194473592,True,0.001,0.025
1,5,34,0.0,0.0,1,propagule,2830,0,0,0.08869257950530035,True,0.001,0.025
1,5,35,0.0,0.0,1,propagule,2794,0,0,0.09162491052254831,True,0.001,0.025
1,5,36,0.0,0.0,1,propagule,2789,0,0,0.09358192900681248,True,0.001,0.025
1,5,37,0.0,0.0,1,propagule,2741,0,0,0.09558555271798613,True,0.001,0.025
1,5,38,0.0,0.0,1,propagule,2732,0,0,0.09846266471449487,True,0.001,0.025
1,5,39,0.0,0.0,1,propagule,2688,0,0,0.09858630952380952,True,0.001,0.025
1,5,40,0.0,0.0,1,propagule,2658,0,0,0.09969902182091799,True,0.001,0.025
1,5,41,0.0,0.0,1,propagule,2641,0,0,0.10261264672472548,True,0.001,0.025
1,5,42,0.0,0.0,1,propagule,2627,0,0,0.10430148458317473,True,0.001,0.025
1,5,43,0.0,0.0,1,propagule,2560,0,0,0.13828125,True,0.001,0.025
1,5,44,0.0,0.0,1,propagule,2398,0,0,0.12385321100917432,True,0.001,0.025
1,5,45,0.0,0.0,1,propagule,2362,0,0,0.11981371718882303,True,0.001,0.025
1,5,46,0.0,0.0,1,propagule,2363,0,0,0.12780363944138806,True,0.001,0.025
1,5,47,0.0,0.0,1,propagule,2376,0,0,0.132996632996633,True,0.001,0.025
1,5,48,0.0,0.0,1,propagule,2317,0,0,0.1316357358653431,True,0.001,0.025
1,5,49,0.0,0.0,1,propagule,2335,0,0,0.14218415417558886,True,0.001,0.025
1,5,50,0.0,0.0,1,propagule,2316,0,0,0.14032815198618306,True,0.001,0.025
1,5,51,0.0,0.0,1,propagule,2288,0,0,0.14335664335664336,True,0.001,0.025
1,5,52,0.0,0.0,1,propagule,2255,0,0,0.1419068736141907,True,0.001,0.025
1,6,1,0.0,0.0,1,propagule,2233,0,0,0.14151365875503807,True,0.001,0.025
1,6,2,0.0,0.0,1,propagule,2213,0,0,0.14414821509263442,True,0.001,0.025
1,6,3,0.0,0.0,1,propagule,2191,0,0,0.14376996805111822,True,0.001,0.025
1,6,4,0.0,0.0,1,propagule,2157,0,0,0.14232730644413538,True,0.001,0.025
1,6,5,0.0,0.0,1,propagule,2143,0,0,0.14279048063462435,True,0.001,0.025
1,6,6,0.0,0.0,1,propagule,2107,0,0,0.14333175130517323,True,0.001,0.025
1,6,7,0.0,0.0,1,propagule,2085,0,0,0.14772182254196642,True,0.001,0.025
1,6,8,0.0,0.0,1,propagule,2053,0,0,0.14710180224062347,True,0.001,0.025
1,6,9,0.0,0.0,1,propagule,2027,0,0,0.15046867291563887,True,0.001,0.025
1,6,10,0.0,0.0,1,propagule,1997,0,0,0.14872308462694042,True,0.001,0.025
1,6,11,0.0,0.0,1,propagule,1978,0,0,0.15267947421638017,True,0.001,0.025
1,6,12,0.0,0.0,1,propagule,1958,0,0,0.15219611848825332,True,0.001,0.025
1,6,13,0.0,0.0,1,propagule,1947,0,0,0.15408320493066255,True,0.001,0.025
1,6,14,0.0,0.0,1,propagule,1919,0,0,0.15268368942157373,True,0.001,0.025
1,6,15,0.0,0.0,1,propagule,1898,0,0,0.1554267650158061,True,0.001,0.025
1,6,16,0.0,0.0,1,propagule,1877,0,0,0.1561001598295152,True,0.001,0.025
1,6,17,0.0,0.0,1,propagule,1868,0,0,0.15631691648822268,True,0.001,0.025
1,6,18,0.0,0.0,1,propagule,4386,0,0,0.06634746922024624,True,0.001,0.025
1,6,19,0.0,0.0,1,propagule,4305,0,0,0.06736353077816493,True,0.001,0.025
1,6,20,0.0,0.0,1,propagule,4167,0,0,0.06767458603311735,True,0.001,0.025
1,6,21,0.0,0.0,1,propagule,4114,0,0,0.06878949927078269,True,0.001,0.025
1,6,22,0.0,0.0,1,propagule,4016,0,0,0.06947211155378485,True,0.001,0.025
1,6,23,0.0,0.0,1,propagule,3941,0,0,0.07307789901040346,True,0.001,0.025
1,6,24,0.0,0.0,1,propagule,3820,0,0,0.07146596858638743,True,0.001,0.025
1,6,25,0.0,0.0,1,propagule,3769,0,0,0.07322897320244097,True,0.001,0.025
1,6,26,0.0,0.0,1,propagule,3647,0,0,0.07293666026871401,True,0.001,0.025
1,6,27,0.0,0.0,1,propagule,3623,0,0,0.07617996135799061,True,0.001,0.025
1,6,28,0.0,0.0,1,propagule,3551,0,0,0.07575330892706279,True,0.001,0.025
1,6,29,0.0,0.0,1,propagule,3506,0,0,0.07729606389047347,True,0.001,0.025
1,6,30,0.0,0.0,1,propagule,3387,0,0,0.07587835842928846,True,0.001,0.025
1,6,31,0.0,0.0,1,propagule,3358,0,0,0.07861822513400833,True,0.001,0.025
1,6,32,0.0,0.0,1,propagule,3252,0,0,0.07902829028290283,True,0.001,0.025
1,6,33,0.0,0.0,1,propagule,3207,0,0,0.08200810726535702,True,0.001,0.025
1,6,34,0.0,0.0,1,propagule,3101,0,0,0.08061915511125443,True,0.001,0.025
1,6,35,0.0,0.0,1,propagule,3058,0,0,0.08306082406801832,True,0.001,0.025
1,6,36,0.0,0.0,1,propagule,3009,0,0,0.08275174476570289,True,0.001,0.025
1,6,37,0.0,0.0,1,propagule,2973,0,0,0.08476286579212916,True,0.001,0.025
1,6,38,0.0,0.0,1,propagule,2923,0,0,0.08587068080738967,True,0.001,0.025
1,6,39,0.0,0.0,1,propagule,2892,0,0,0.08782849239280774,True,0.001,0.025
1,6,40,0.0,0.0,1,propagule,2860,0,0,0.08951048951048951,True,0.001,0.025
1,6,41,0.0,0.0,1,propagule,2828,0,0,0.08981612446958982,True,0.001,0.025
1,6,42,0.0,0.0,1,propagule,2783,0,0,0.09090909090909091,True,0.001,0.025
1,6,43,0.0,0.0,1,propagule,2813,0,0,0.14752932811944544,True,0.001,0.025
1,6,44,0.0,0.0,1,propagule,2621,0,0,0.13201068294544066,True,0.001,0.025
1,6,45,0.0,0.0,1,propagule,2580,0,0,0.12868217054263567,True,0.001,0.025
1,6,46,0.0,0.0,1,propagule,2578,0,0,0.13110938712179984,True,0.001,0.025
1,6,47,0.0,0.0,1,propagule,2572,0,0,0.13919129082426127,True,0.001,0.025
1,6,48,0.0,0.0,1,propagule,2579,0,0,0.1423032183016673,True,0.001,0.025
1,6,49,0.0,0.0,1,propagule,2578,0,0,0.143522110162917,True,0.001,0.025
1,6,50,0.0,0.0,1,propagule,2555,0,0,0.14559686888454013,True,0.001,0.025
1,6,51,0.0,0.0,1,propagule,2545,0,0,0.14774066797642435,True,0.001,0.025
1,6,52,0.0,0.0,1,propagule,2497,0,0,0.14777733279935923,True,0.001,0.025
1,7,1,0.0,0.0,1,propagule,2482,0,0,0.15350523771152297,True,0.001,0.025
1,7,2,0.0,0.0,1,propagule,2448,0,0,0.15073529411764705,True,0.001,0.025
1,7,3,0.0,0.0,1,propagule,2430,0,0,0.15432098765432098,True,0.001,0.025
1,7,4,0.0,0.0,1,propagule,2410,0,0,0.15269709543568466,True,0.001,0.025
1,7,5,0.0,0.0,1,propagule,2409,0,0,0.15483603154836031,True,0.001,0.025
1,7,6,0.0,0.0,1,propagule,2366,0,0,0.1530008453085376,True,0.001,0.025
1,7,7,0.0,0.0,1,propagule,2344,0,0,0.1582764505119454,True,0.001,0.025
1,7,8,0.0,0.0,1,propagule,2300,0,0,0.15739130434782608,True,0.001,0.025
1,7,9,0.0,0.0,1,propagule,2279,0,0,0.15884159719175076,True,0.001,0.025
1,7,10,0.0,0.0,1,propagule,2255,0,0,0.16008869179600888,True,0.001,0.025
1,7,11,0.0,0.0,1,propagule,2232,0,0,0.1617383512544803,True,0.001,0.025
1,7,12,0.0,0.0,1,propagule,2208,0,0,0.1598731884057971,True,0.001,0.025
1,7,13,0.0,0.0,1,propagule,2198,0,0,0.16333030027297543,True,0.001,0.025
1,7,14,0.0,0.0,1,propagule,2168,0,0,0.16236162361623616,True,0.001,0.025
1,7,15,0.0,0.0,1,propagule,2146,0,0,0.1635601118359739,True,0.001,0.025
1,7,16,0.0,0.0,1,propagule,2123,0,0,0.16391898257183232,True,0.001,0.025
1,7,17,0.0,0.0,1,propagule,2113,0,0,0.1665877898722196,True,0.001,0.025
1,7,18,0.0,0.0,1,propagule,4814,0,0,0.07166597424179477,True,0.001,0.025
1,7,19,0.0,0.0,1,propagule,4745,0,0,0.07270811380400422,True,0.001,0.025
1,7,20,0.0,0.0,1,propagule,4651,0,0,0.07310255858955063,True,0.001,0.025
1,7,21,0.0,0.0,1,propagule,4513,0,0,0.0737868380234877,True,0.001,0.025
1,7,22,0.0,0.0,1,propagule,4434,0,0,0.07307171853856563,True,0.001,0.025
1,7,23,0.0,0.0,1,propagule,4378,0,0,0.0749200548195523,True,0.001,0.025
1,7,24,0.0,0.0,1,propagule,4258,0,0,0.07632691404415218,True,0.001,0.025
1,7,25,0.0,0.0,1,propagule,4175,0,0,0.07736526946107784,True,0.001,0.025
1,7,26,0.0,0.0,1,propagule,4120,0,0,0.07864077669902912,True,0.001,0.025
1,7,27,0.0,0.0,1,propagule,4036,0,0,0.07953419226957384,True,0.001,0.025
1,7,28,0.0,0.0,1,propagule,3970,0,0,0.08060453400503778,True,0.001,0.025
1,7,29,0.0,0.0,1,propagule,3917,0,0,0.08143987745723769,True,0.001,0.025
1,7,30,0.0,0.0,1,propagule,3891,0,0,0.08378308918015934,True,0.001,0.025
1,7,31,0.0,0.0,1,propagule,3751,0,0,0.0837110103972274,True,0.001,0.025
1,7,32,0.0,0.0,1,propagule,3683,0,0,0.0847135487374423,True,0.001,0.025
1,7,33,0.0,0.0,1,propagule,3612,0,0,0.0844407530454042,True,0.001,0.025
1,7,34,0.0,0.0,1,propagule,3545,0,0,0.08490832157968971,True,0.001,0.025
1,7,35,0.0,0.0,1,propagule,3491,0,0,0.08650816384989975,True,0.001,0.025
1,7,36,0.0,0.0,1,propagule,3446,0,0,0.08821822402785838,True,0.001,0.025
1,7,37,0.0,0.0,1,propagule,3407,0,0,0.09069562665101262,True,0.001,0.025
1,7,38,0.0,0.0,1,propagule,3361,0,0,0.0919369235346623,True,0.001,0.025
1,7,39,0.0,0.0,1,propagule,3322,0,0,0.09271523178807947,True,0.001,0.025
1,7,40,0.0,0.0,1,propagule,3281,0,0,0.09265467845169156,True,0.001,0.025
1,7,41,0.0,0.0,1,propagule,3222,0,0,0.0931098696461825,True,0.001,0.025
1,7,42,0.0,0.0,1,propagule,3185,0,0,0.09607535321821035,True,0.001,0.025
1,7,43,0.0,0.0,1,propagule,3288,0,0,0.15967153284671534,True,0.001,0.025
1,7,44,0.0,0.0,1,propagule,3037,0,0,0.13434310174514325,True,0.001,0.025
1,7,45,0.0,0.0,1,propagule,2975,0,0,0.13310924369747898,True,0.001,0.025
1,7,46,0.0,0.0,1,propagule,2959,0,0,0.13856032443393038,True,0.001,0.025
1,7,47,0.0,0.0,1,propagule,2958,0,0,0.14435429344151454,True,0.001,0.025
1,7,48,0.0,0.0,1,propagule,2947,0,0,0.1465897522904649,True,0.001,0.025
1,7,49,0.0,0.0,1,propagule,2936,0,0,0.15020435967302453,True,0.001,0.025
1,7,50,0.0,0.0,1,propagule,2913,0,0,0.15379334019910745,True,0.001,0.025
1,7,51,0.0,0.0,1,propagule,2893,0,0,0.1555478741790529,True,0.001,0.025
1,7,52,0.0,0.0,1,propagule,2871,0,0,0.1581330546847788,True,0.001,0.025
1,8,1,0.0,0.0,1,propagule,2853,0,0,0.1608832807570978,True,0.001,0.025
1,8,2,0.0,0.0,1,propagule,2822,0,0,0.16265060240963855,True,0.001,0.025
1,8,3,0.0,0.0,1,propagule,2777,0,0,0.16240547353258913,True,0.001,0.025
1,8,4,0.0,0.0,1,propagule,2756,0,0,0.1676342525399129,True,0.001,0.025
1,8,5,0.0,0.0,1,propagule,2721,0,0,0.16758544652701213,True,0.001,0.025
1,8,6,0.0,0.0,1,propagule,2705,0,0,0.17005545286506468,True,0.001,0.025
1,8,7,0.0,0.0,1,propagule,2692,0,0,0.1697622585438336,True,0.001,0.025
1,8,8,0.0,0.0,1,propagule,2656,0,0,0.17281626506024098,True,0.001,0.025
1,8,9,0.0,0.0,1,propagule,2635,0,0,0.17191650853889942,True,0.001,0.025
1,8,10,0.0,0.0,1,propagule,2620,0,0,0.17442748091603053,True,0.001,0.025
1,8,11,0.0,0.0,1,propagule,2593,0,0,0.17470111839568067,True,0.001,0.025
1,8,12,0.0,0.0,1,propagule,2578,0,0,0.1761055081458495,True,0.001,0.025
1,8,13,0.0,0.0,1,propagule,2550,0,0,0.17647058823529413,True,0.001,0.025
1,8,14,0.0,0.0,1,propagule,2530,0,0,0.17944664031620552,True,0.001,0.025
1,8,15,0.0,0.0,1,propagule,2503,0,0,0.17778665601278465,True,0.001,0.025
1,8,16,0.0,0.0,1,propagule,2482,0,0,0.1788879935535858,True,0.001,0.025
1,8,17,0.0,0.0,1,propagule,2470,0,0,0.1825910931174089,True,0.001,0.025
1,8,18,0.0,0.0,1,propagule,5722,0,0,0.07742048234882908,True,0.001,0.025
1,8,19,0.0,0.0,1,propagule,5642,0,0,0.07834101382488479,True,0.001,0.025
1,8,20,0.0,0.0,1,propagule,5531,0,0,0.0788284216235762,True,0.001,0.025
1,8,21,0.0,0.0,1,propagule,5449,0,0,0.08019820150486327,True,0.001,0.025
1,8,22,0.0,0.0,1,propagule,5334,0,0,0.08042744656917886,True,0.001,0.025
1,8,23,0.0,0.0,1,propagule,5260,0,0,0.08231939163498099,True,0.001,0.025
1,8,24,0.0,0.0,1,propagule,5179,0,0,0.08302761150801313,True,0.001,0.025
1,8,25,0.0,0.0,1,propagule,5084,0,0,0.08418568056648308,True,0.001,0.025
1,8,26,0.0,0.0,1,propagule,5020,0,0,0.08565737051792828,True,0.001,0.025
1,8,27,0.0,0.0,1,propagule,4961,0,0,0.08586978431767789,True,0.001,0.025
1,8,28,0.0,0.0,1,propagule,4859,0,0,0.08705494957810249,True,0.001,0.025
1,8,29,0.0,0.0,1,propagule,4801,0,0,0.08893980420745679,True,0.001,0.025
1,8,30,0.0,0.0,1,propagule,4725,0,0,0.08952380952380952,True,0.001,0.025
1,8,31,0.0,0.0,1,propagule,4667,0,0,0.09170773516177416,True,0.001,0.025
1,8,32,0.0,0.0,1,propagule,4600,0,0,0.09152173913043478,True,0.001,0.025
1,8,33,0.0,0.0,1,propagule,4510,0,0,0.09334811529933482,True,0.001,0.025
1,8,34,0.0,0.0,1,propagule,4456,0,0,0.09470377019748653,True,0.001,0.025
1,8,35,0.0,0.0,1,propagule,4376,0,0,0.09574954296160877,True,0.001,0.025
1,8,36,0.0,0.0,1,propagule,4302,0,0,0.09716410971641097,True,0.001,0.025
1,8,37,0.0,0.0,1,propagule,4235,0,0,0.09752066115702479,True,0.001,0.025
1,8,38,0.0,0.0,1,propagule,4182,0,0,0.09947393591582974,True,0.001,0.025
1,8,39,0.0,0.0,1,propagule,4117,0,0,0.1005586592178771,True,0.001,0.025
1,8,40,0.0,0.0,1,propagule,4080,0,0,0.10245098039215686,True,0.001,0.025
1,8,41,0.0,0.0,1,propagule,4017,0,0,0.10281304456061738,True,0.001,0.025
1,8,42,0.0,0.0,1,propagule,3979,0,0,0.1050515204825333,True,0.001,0.025
1,8,43,0.0,0.0,1,propagule,4030,0,0,0.1617866004962779,True,0.001,0.025
1,8,44,0.0,0.0,1,propagule,3766,0,0,0.14312267657992564,True,0.001,0.025
1,8,45,0.0,0.0,1,propagule,3681,0,0,0.14208095626188535,True,0.001,0.025
1,8,46,0.0,0.0,1,propagule,3653,0,0,0.14316999726252394,True,0.001,0.025
1,8,47,0.0,0.0,1,propagule,3611,0,0,0.143727499307671,True,0.001,0.025
1,8,48,0.0,0.0,1,propagule,3619,0,0,0.14893617021276595,True,0.001,0.025
1,8,49,0.0,0.0,1,propagule,3606,0,0,0.15418746533555186,True,0.001,0.025
1,8,50,0.0,0.0,1,propagule,3598,0,0,0.15897720956086714,True,0.001,0.025
1,8,51,0.0,0.0,1,propagule,3572,0,0,0.16153415453527437,True,0.001,0.025
1,8,52,0.0,0.0,1,propagule,3562,0,0,0.16423357664233576,True,0.001,0.025
1,9,1,0.0,0.0,1,propagule,3538,0,0,0.1659129451667609,True,0.001,0.025
1,9,2,0.0,0.0,1,propagule,3504,0,0,0.16695205479452055,True,0.001,0.025
1,9,3,0.0,0.0,1,propagule,3481,0,0,0.1680551565642057,True,0.001,0.025
1,9,4,0.0,0.0,1,propagule,3440,0,0,0.16947674418604652,True,0.001,0.025
1,9,5,0.0,0.0,1,propagule,3415,0,0,0.17130307467057102,True,0.001,0.025
1,9,6,0.0,0.0,1,propagule,3389,0,0,0.17202714665092947,True,0.001,0.025
1,9,7,0.0,0.0,1,propagule,3345,0,0,0.17339312406576982,True,0.001,0.025
1,9,8,0.0,0.0,1,propagule,3317,0,0,0.17485679831172746,True,0.001,0.025
1,9,9,0.0,0.0,1,propagule,3285,0,0,0.17595129375951293,True,0.001,0.025
1,9,10,0.0,0.0,1,propagule,3257,0,0,0.17715689284617747,True,0.001,0.025
1,9,11,0.0,0.0,1,propagule,3236,0,0,0.17799752781211373,True,0.001,0.025
1,9,12,0.0,0.0,1,propagule,3203,0,0,0.17889478613799564,True,0.001,0.025
1,9,13,0.0,0.0,1,propagule,3174,0,0,0.17989918084436043,True,0.001,0.025
1,9,14,0.0,0.0,1,propagule,3143,0,0,0.18040089086859687,True,0.001,0.025
1,9,15,0.0,0.0,1,propagule,3121,0,0,0.18295418135213073,True,0.001,0.025
1,9,16,0.0,0.0,1,propagule,3101,0,0,0.18477910351499516,True,0.001,0.025
1,9,17,0.0,0.0,1,propagule,3059,0,0,0.18568159529257927,True,0.001,0.025
1,9,18,0.0,0.0,1,propagule,6492,0,0,0.07455329636475662,True,0.001,0.025
1,9,19,0.0,0.0,1,propagule,6341,0,0,0.0749093202964832,True,0.001,0.025
1,9,20,0.0,0.0,1,propagule,6255,0,0,0.07657873701039168,True,0.001,0.025
1,9,21,0.0,0.0,1,propagule,6104,0,0,0.07765399737876802,True,0.001,0.025
1,9,22,0.0,0.0,1,propagule,5977,0,0,0.07846745859126653,True,0.001,0.025
1,9,23,0.0,0.0,1,propagule,5866,0,0,0.07927037163314013,True,0.001,0.025
1,9,24,0.0,0.0,1,propagule,5778,0,0,0.08065074420214607,True,0.001,0.025
1,9,25,0.0,0.0,1,propagule,5700,0,0,0.08157894736842106,True,0.001,0.025
1,9,26,0.0,0.0,1,propagule,5590,0,0,0.08318425760286226,True,0.001,0.025
1,9,27,0.0,0.0,1,propagule,5482,0,0,0.08372856621670922,True,0.001,0.025
1,9,28,0.0,0.0,1,propagule,5386,0,0,0.08484961010025993,True,0.001,0.025
1,9,29,0.0,0.0,1,propagule,5306,0,0,0.08518658122879759,True,0.001,0.025
1,9,30,0.0,0.0,1,propagule,5241,0,0,0.08528906697195192,True,0.001,0.025
1,9,31,0.0,0.0,1,propagule,5149,0,0,0.08545348611380851,True,0.001,0.025
1,9,32,0.0,0.0,1,propagule,5095,0,0,0.08714425907752699,True,0.001,0.025
1,9,33,0.0,0.0,1,propagule,4987,0,0,0.08802887507519551,True,0.001,0.025
1,9,34,0.0,0.0,1,propagule,4930,0,0,0.09006085192697769,True,0.001,0.025
1,9,35,0.0,0.0,1,propagule,4846,0,0,0.0905901774659513,True,0.001,0.025
1,9,36,0.0,0.0,1,propagule,4783,0,0,0.0930378423583525,True,0.001,0.025
1,9,37,0.0,0.0,1,propagule,4700,0,0,0.09191489361702128,True,0.001,0.025
1,9,38,0.0,0.0,1,propagule,4657,0,0,0.09448142581060769,True,0.001,0.025
1,9,39,0.0,0.0,1,propagule,4587,0,0,0.09461521691737519,True,0.001,0.025
1,9,40,0.0,0.0,1,propagule,4539,0,0,0.0967173386208416,True,0.001,0.025
1,9,41,0.0,0.0,1,propagule,4487,0,0,0.09716960106975707,True,0.001,0.025
1,9,42,0.0,0.0,1,propagule,4425,0,0,0.09875706214689266,True,0.001,0.025
1,9,43,0.0,0.0,1,propagule,4480,0,0,0.1627232142857143,True,0.001,0.025
1,9,44,0.0,0.0,1,propagule,4174,0,0,0.14278869190225205,True,0.001,0.025
1,9,45,0.0,0.0,1,propagule,4070,0,0,0.14103194103194103,True,0.001,0.025
1,9,46,0.0,0.0,1,propagule,4032,0,0,0.14459325396825398,True,0.001,0.025
1,9,47,0.0,0.0,1,propagule,4025,0,0,0.14782608695652175,True,0.001,0.025
1,9,48,0.0,0.0,1,propagule,4014,0,0,0.15421026407573493,True,0.001,0.025
1,9,49,0.0,0.0,1,propagule,4002,0,0,0.15892053973013492,True,0.001,0.025
1,9,50,0.0,0.0,1,propagule,3996,0,0,0.16341341341341342,True,0.001,0.025
1,9,51,0.0,0.0,1,propagule,3966,0,0,0.16591023701462432,True,0.001,0.025
1,9,52,0.0,0.0,1,propagule,3953,0,0,0.17050341512775108,True,0.001,0.025
1,10,1,0.0,0.0,1,propagule,3916,0,0,0.17185903983656792,True,0.001,0.025
1,10,2,0.0,0.0,1,propagule,3894,0,0,0.1743708269131998,True,0.001,0.025
1,10,3,0.0,0.0,1,propagule,3841,0,0,0.17625618328560272,True,0.001,0.025
1,10,4,0.0,0.0,1,propagule,3810,0,0,0.1763779527559055,True,0.001,0.025
1,10,5,0.0,0.0,1,propagule,3788,0,0,0.17687434002111932,True,0.001,0.025
1,10,6,0.0,0.0,1,propagule,3747,0,0,0.17880971443821725,True,0.001,0.025
1,10,7,0.0,0.0,1,propagule,3719,0,0,0.1790803979564399,True,0.001,0.025
1,10,8,0.0,0.0,1,propagule,3695,0,0,0.17997293640054127,True,0.001,0.025
1,10,9,0.0,0.0,1,propagule,3654,0,0,0.18144499178981938,True,0.001,0.025
1,10,10,0.0,0.0,1,propagule,3620,0,0,0.1839779005524862,True,0.001,0.025
1,10,11,0.0,0.0,1,propagule,3581,0,0,0.18514381457693382,True,0.001,0.025
1,10,12,0.0,0.0,1,propagule,3549,0,0,0.1848408002254156,True,0.001,0.025
1,10,13,0.0,0.0,1,propagule,3503,0,0,0.18669711675706538,True,0.001,0.025
1,10,14,0.0,0.0,1,propagule,3476,0,0,0.18901035673187572,True,0.001,0.025
1,10,15,0.0,0.0,1,propagule,3437,0,0,0.1902822228687809,True,0.001,0.025
1,10,16,0.0,0.0,1,propagule,3412,0,0,0.19138335287221572,True,0.001,0.025
1,10,17,0.0,0.0,1,propagule,3389,0,0,0.19209206255532604,True,0.001,0.025
1,10,18,0.0,0.0,1,propagule,7763,0,0,0.07561509725621537,True,0.001,0.025
1,10,19,0.0,0.0,1,propagule,7591,0,0,0.07706494532999605,True,0.001,0.025
1,10,20,0.0,0.0,1,propagule,7417,0,0,0.0781987326412296,True,0.001,0.025
1,10,21,0.0,0.0,1,propagule,7251,0,0,0.07916149496621155,True,0.001,0.025
1,10,22,0.0,0.0,1,propagule,7108,0,0,0.08033202025886325,True,0.001,0.025
1,10,23,0.0,0.0,1,propagule,6982,0,0,0.08163849899742194,True,0.001,0.025
1,10,24,0.0,0.0,1,propagule,6869,0,0,0.08254476634153443,True,0.001,0.025
1,10,25,0.0,0.0,1,propagule,6757,0,0,0.08406097380494303,True,0.001,0.025
1,10,26,0.0,0.0,1,propagule,6650,0,0,0.08451127819548872,True,0.001,0.025
1,10,27,0.0,0.0,1,propagule,6549,0,0,0.08627271339135746,True,0.001,0.025
1,10,28,0.0,0.0,1,propagule,6461,0,0,0.08744776350410154,True,0.001,0.025
1,10,29,0.0,0.0,1,propagule,6325,0,0,0.08901185770750988,True,0.001,0.025
1,10,30,0.0,0.0,1,propagule,6246,0,0,0.09013768812039706,True,0.001,0.025
1,10,31,0.0,0.0,1,propagule,6165,0,0,0.0908353609083536,True,0.001,0.025
1,10,32,0.0,0.0,1,propagule,6062,0,0,0.09204882876938304,True,0.001,0.025
1,10,33,0.0,0.0,1,propagule,5980,0,0,0.09331103678929765,True,0.001,0.025
1,10,34,0.0,0.0,1,propagule,5899,0,0,0.09425326326496017,True,0.001,0.025
1,10,35,0.0,0.0,1,propagule,5815,0,0,0.09544282029234738,True,0.001,0.025
1,10,36,0.0,0.0,1,propagule,5745,0,0,0.09782419495213229,True,0.001,0.025
1,10,37,0.0,0.0,1,propagule,5660,0,0,0.09858657243816255,True,0.001,0.025
1,10,38,0.0,0.0,1,propagule,5591,0,0,0.09908781971024862,True,0.001,0.025
1,10,39,0.0,0.0,1,propagule,5503,0,0,0.10049064146829002,True,0.001,0.025
1,10,40,0.0,0.0,1,propagule,5431,0,0,0.10163874056343215,True,0.001,0.025
1,10,41,0.0,0.0,1,propagule,5374,0,0,0.10308894678079643,True,0.001,0.025
1,10,42,0.0,0.0,1,propagule,5309,0,0,0.10340930495385195,True,0.001,0.025
1,10,43,0.0,0.0,1,propagule,5295,0,0,0.1720491029272899,True,0.001,0.025
1,10,44,0.0,0.0,1,propagule,4903,0,0,0.15582296553130737,True,0.001,0.025
1,10,45,0.0,0.0,1,propagule,4770,0,0,0.15283018867924528,True,0.001,0.025
1,10,46,0.0,0.0,1,propagule,4731,0,0,0.15578101881209047,True,0.001,0.025
1,10,47,0.0,0.0,1,propagule,4700,0,0,0.1570212765957447,True,0.001,0.025
1,10,48,0.0,0.0,1,propagule,4697,0,0,0.16180540770704704,True,0.001,0.025
1,10,49,0.0,0.0,1,propagule,4671,0,0,0.1635624063369728,True,0.001,0.025
1,10,50,0.0,0.0,1,propagule,4683,0,0,0.16784112748238308,True,0.001,0.025
1,10,51,0.0,0.0,1,propagule,4672,0,0,0.1701626712328767,True,0.001,0.025
1,10,52,0.0,0.0,1,propagule,4616,0,0,0.17092720970537262,True,0.001,0.025
1,1,1,0.0,0.0,1,propagule,903,0,0,0.0,True,0.005,0.015
1,1,2,0.0,0.0,1,propagule,908,0,0,0.0011013215859030838,True,0.005,0.015
1,1,3,0.0,0.0,1,propagule,901,0,0,0.004439511653718091,True,0.005,0.015
1,1,4,0.0,0.0,1,propagule,916,0,0,0.0054585152838427945,True,0.005,0.015
1,1,5,0.0,0.0,1,propagule,911,0,0,0.0043907793633369925,True,0.005,0.015
1,1,6,0.0,0.0,1,propagule,912,0,0,0.005482456140350877,True,0.005,0.015
1,1,7,0.0,0.0,1,propagule,906,0,0,0.004415011037527594,True,0.005,0.015
1,1,8,0.0,0.0,1,propagule,897,0,0,0.005574136008918618,True,0.005,0.015
1,1,9,0.0,0.0,1,propagule,890,0,0,0.0056179775280898875,True,0.005,0.015
1,1,10,0.0,0.0,1,propagule,876,0,0,0.0045662100456621,True,0.005,0.015
1,1,11,0.0,0.0,1,propagule,869,0,0,0.005753739930955121,True,0.005,0.015
1,1,12,0.0,0.0,1,propagule,857,0,0,0.005834305717619603,True,0.005,0.015
1,1,13,0.0,0.0,1,propagule,860,0,0,0.004651162790697674,True,0.005,0.015
1,1,14,0.0,0.0,1,propagule,842,0,0,0.0059382422802850355,True,0.005,0.015
1,1,15,0.0,0.0,1,propagule,833,0,0,0.004801920768307323,True,0.005,0.015
1,1,16,0.0,0.0,1,propagule,821,0,0,0.0060901339829476245,True,0.005,0.015
1,1,17,0.0,0.0,1,propagule,809,0,0,0.004944375772558714,True,0.005,0.015
1,1,18,0.0,0.0,1,propagule,2298,0,0,0.002175805047867711,True,0.005,0.015
1,1,19,0.0,0.0,1,propagule,2236,0,0,0.0022361359570661895,True,0.005,0.015
1,1,20,0.0,0.0,1,propagule,2202,0,0,0.002270663033605813,True,0.005,0.015
1,1,21,0.0,0.0,1,propagule,2158,0,0,0.0018535681186283596,True,0.005,0.015
1,1,22,0.0,0.0,1,propagule,2114,0,0,0.0014191106906338694,True,0.005,0.015
1,1,23,0.0,0.0,1,propagule,2073,0,0,0.001929570670525808,True,0.005,0.015
1,1,24,0.0,0.0,1,propagule,2030,0,0,0.002955665024630542,True,0.005,0.015
1,1,25,0.0,0.0,1,propagule,2026,0,0,0.0029615004935834156,True,0.005,0.015
1,1,26,0.0,0.0,1,propagule,1979,0,0,0.004547751389590703,True,0.005,0.015
1,1,27,0.0,0.0,1,propagule,1975,0,0,0.004556962025316456,True,0.005,0.015
1,1,28,0.0,0.0,1,propagule,1931,0,0,0.004660797514241326,True,0.005,0.015
1,1,29,0.0,0.0,1,propagule,1906,0,0,0.00472193074501574,True,0.005,0.015
1,1,30,0.0,0.0,1,propagule,1838,0,0,0.004896626768226333,True,0.005,0.015
1,1,31,0.0,0.0,1,propagule,1857,0,0,0.004846526655896607,True,0.005,0.015
1,1,32,0.0,0.0,1,propagule,1791,0,0,0.005025125628140704,True,0.005,0.015
1,1,33,0.0,0.0,1,propagule,1782,0,0,0.005050505050505051,True,0.005,0.015
1,1,34,0.0,0.0,1,propagule,1718,0,0,0.005238649592549476,True,0.005,0.015
1,1,35,0.0,0.0,1,propagule,1729,0,0,0.005205320994794679,True,0.005,0.015
1,1,36,0.0,0.0,1,propagule,1684,0,0,0.009501187648456057,True,0.005,0.015
1,1,37,0.0,0.0,1,propagule,1699,0,0,0.014714537963507945,True,0.005,0.015
1,1,38,0.0,0.0,1,propagule,1689,0,0,0.018946121965660152,True,0.005,0.015
1,1,39,0.0,0.0,1,propagule,1686,0,0,0.01720047449584816,True,0.005,0.015
1,1,40,0.0,0.0,1,propagule,1661,0,0,0.018061408789885613,True,0.005,0.015
1,1,41,0.0,0.0,1,propagule,1646,0,0,0.020656136087484813,True,0.005,0.015
1,1,42,0.0,0.0,1,propagule,1629,0,0,0.022099447513812154,True,0.005,0.015
1,1,43,0.0,0.0,1,propagule,1597,0,0,0.03318722604884158,True,0.005,0.015
1,1,44,0.0,0.0,1,propagule,1555,0,0,0.029581993569131833,True,0.005,0.015
1,1,45,0.0,0.0,1,propagule,1552,0,0,0.027061855670103094,True,0.005,0.015
1,1,46,0.0,0.0,1,propagule,1531,0,0,0.028086218158066622,True,0.005,0.015
1,1,47,0.0,0.0,1,propagule,1532,0,0,0.0293733681462141,True,0.005,0.015
1,1,48,0.0,0.0,1,propagule,1507,0,0,0.029197080291970802,True,0.005,0.015
1,1,49,0.0,0.0,1,propagule,1488,0,0,0.030913978494623656,True,0.005,0.015
1,1,50,0.0,0.0,1,propagule,1469,0,0,0.03267528931245745,True,0.005,0.015
1,1,51,0.0,0.0,1,propagule,1469,0,0,0.03267528931245745,True,0.005,0.015
1,1,52,0.0,0.0,1,propagule,1441,0,0,0.033310201249132546,True,0.005,0.015
1,2,1,0.0,0.0,1,propagule,1434,0,0,0.03277545327754533,True,0.005,0.015
1,2,2,0.0,0.0,1,propagule,1425,0,0,0.03298245614035088,True,0.005,0.015
1,2,3,0.0,0.0,1,propagule,1399,0,0,0.034310221586847746,True,0.005,0.015
1,2,4,0.0,0.0,1,propagule,1384,0,0,0.03106936416184971,True,0.005,0.015
1,2,5,0.0,0.0,1,propagule,1378,0,0,0.03193033381712627,True,0.005,0.015
1,2,6,0.0,0.0,1,propagule,1357,0,0,0.030950626381724394,True,0.005,0.015
1,2,7,0.0,0.0,1,propagule,1338,0,0,0.03139013452914798,True,0.005,0.015
1,2,8,0.0,0.0,1,propagule,1320,0,0,0.03106060606060606,True,0.005,0.015
1,2,9,0.0,0.0,1,propagule,1321,0,0,0.03860711582134747,True,0.005,0.015
1,2,10,0.0,0.0,1,propagule,1293,0,0,0.0317092034029389,True,0.005,0.015
1,2,11,0.0,0.0,1,propagule,1281,0,0,0.03747072599531616,True,0.005,0.015
1,2,12,0.0,0.0,1,propagule,1265,0,0,0.03162055335968379,True,0.005,0.015
1,2,13,0.0,0.0,1,propagule,1263,0,0,0.03642121931908155,True,0.005,0.015
1,2,14,0.0,0.0,1,propagule,1238,0,0,0.03231017770597738,True,0.005,0.015
1,2,15,0.0,0.0,1,propagule,1227,0,0,0.03830480847595762,True,0.005,0.015
1,2,16,0.0,0.0,1,propagule,1203,0,0,0.032418952618453865,True,0.005,0.015
1,2,17,0.0,0.0,1,propagule,1207,0,0,0.03811101905550953,True,0.005,0.015
1,2,18,0.0,0.0,1,propagule,2225,0,0,0.017977528089887642,True,0.005,0.015
1,2,19,0.0,0.0,1,propagule,2156,0,0,0.017161410018552876,True,0.005,0.015
1,2,20,0.0,0.0,1,propagule,2134,0,0,0.022024367385192128,True,0.005,0.015
1,2,21,0.0,0.0,1,propagule,2081,0,0,0.01826045170591062,True,0.005,0.015
1,2,22,0.0,0.0,1,propagule,2074,0,0,0.020732883317261332,True,0.005,0.015
1,2,23,0.0,0.0,1,propagule,2023,0,0,0.019772614928324272,True,0.005,0.015
1,2,24,0.0,0.0,1,propagule,1972,0,0,0.02079107505070994,True,0.005,0.015
1,2,25,0.0,0.0,1,propagule,1935,0,0,0.020155038759689922,True,0.005,0.015
1,2,26,0.0,0.0,1,propagule,1891,0,0,0.02009518773135907,True,0.005,0.015
1,2,27,0.0,0.0,1,propagule,1904,0,0,0.023109243697478993,True,0.005,0.015
1,2,28,0.0,0.0,1,propagule,1853,0,0,0.023205612520237454,True,0.005,0.015
1,2,29,0.0,0.0,1,propagule,1824,0,0,0.021929824561403508,True,0.005,0.015
1,2,30,0.0,0.0,1,propagule,1775,0,0,0.021971830985915493,True,0.005,0.015
1,2,31,0.0,0.0,1,propagule,1762,0,0,0.022701475595913734,True,0.005,0.015
1,2,32,0.0,0.0,1,propagule,1714,0,0,0.021003500583430573,True,0.005,0.015
1,2,33,0.0,0.0,1,propagule,1696,0,0,0.02240566037735849,True,0.005,0.015
1,2,34,0.0,0.0,1,propagule,1654,0,0,0.02176541717049577,True,0.005,0.015
1,2,35,0.0,0.0,1,propagule,1644,0,0,0.021897810218978103,True,0.005,0.015
1,2,36,0.0,0.0,1,propagule,1610,0,0,0.02298136645962733,True,0.005,0.015
1,2,37,0.0,0.0,1,propagule,1600,0,0,0.025,True,0.005,0.015
1,2,38,0.0,0.0,1,propagule,1579,0,0,0.0253324889170361,True,0.005,0.015
1,2,39,0.0,0.0,1,propagule,1565,0,0,0.027476038338658148,True,0.005,0.015
1,2,40,0.0,0.0,1,propagule,1537,0,0,0.024072869225764477,True,0.005,0.015
1,2,41,0.0,0.0,1,propagule,1537,0,0,0.027325959661678594,True,0.005,0.015
1,2,42,0.0,0.0,1,propagule,1500,0,0,0.024666666666666667,True,0.005,0.015
1,2,43,0.0,0.0,1,propagule,1550,0,0,0.052258064516129035,True,0.005,0.015
1,2,44,0.0,0.0,1,propagule,1513,0,0,0.050892267019167214,True,0.005,0.015
1,2,45,0.0,0.0,1,propagule,1491,0,0,0.05097250167672703,True,0.005,0.015
1,2,46,0.0,0.0,1,propagule,1463,0,0,0.04921394395078606,True,0.005,0.015
1,2,47,0.0,0.0,1,propagule,1463,0,0,0.05673274094326726,True,0.005,0.015
1,2,48,0.0,0.0,1,propagule,1433,0,0,0.04884856943475227,True,0.005,0.015
1,2,49,0.0,0.0,1,propagule,1431,0,0,0.053109713487071976,True,0.005,0.015
1,2,50,0.0,0.0,1,propagule,1423,0,0,0.054813773717498245,True,0.005,0.015
1,2,51,0.0,0.0,1,propagule,1420,0,0,0.059154929577464786,True,0.005,0.015
1,2,52,0.0,0.0,1,propagule,1402,0,0,0.056348074179743225,True,0.005,0.015
1,3,1,0.0,0.0,1,propagule,1387,0,0,0.05912040374909877,True,0.005,0.015
1,3,2,0.0,0.0,1,propagule,1363,0,0,0.055025678650036686,True,0.005,0.015
1,3,3,0.0,0.0,1,propagule,1347,0,0,0.05864884929472903,True,0.005,0.015
1,3,4,0.0,0.0,1,propagule,1347,0,0,0.0556792873051225,True,0.005,0.015
1,3,5,0.0,0.0,1,propagule,1336,0,0,0.059880239520958084,True,0.005,0.015
1,3,6,0.0,0.0,1,propagule,1326,0,0,0.05731523378582202,True,0.005,0.015
1,3,7,0.0,0.0,1,propagule,1323,0,0,0.06349206349206349,True,0.005,0.015
1,3,8,0.0,0.0,1,propagule,1306,0,0,0.05972434915773354,True,0.005,0.015
1,3,9,0.0,0.0,1,propagule,1311,0,0,0.06788710907704043,True,0.005,0.015
1,3,10,0.0,0.0,1,propagule,1272,0,0,0.060534591194968554,True,0.005,0.015
1,3,11,0.0,0.0,1,propagule,1282,0,0,0.0686427457098284,True,0.005,0.015
1,3,12,0.0,0.0,1,propagule,1248,0,0,0.060897435897435896,True,0.005,0.015
1,3,13,0.0,0.0,1,propagule,1257,0,0,0.066030230708035,True,0.005,0.015
1,3,14,0.0,0.0,1,propagule,1225,0,0,0.05959183673469388,True,0.005,0.015
1,3,15,0.0,0.0,1,propagule,1230,0,0,0.06504065040650407,True,0.005,0.015
1,3,16,0.0,0.0,1,propagule,1203,0,0,0.059850374064837904,True,0.005,0.015
1,3,17,0.0,0.0,1,propagule,1211,0,0,0.06606110652353427,True,0.005,0.015
1,3,18,0.0,0.0,1,propagule,2599,0,0,0.02654867256637168,True,0.005,0.015
1,3,19,0.0,0.0,1,propagule,2591,0,0,0.027788498649170205,True,0.005,0.015
1,3,20,0.0,0.0,1,propagule,2531,0,0,0.02805215329909127,True,0.005,0.015
1,3,21,0.0,0.0,1,propagule,2503,0,0,0.02836596084698362,True,0.005,0.015
1,3,22,0.0,0.0,1,propagule,2443,0,0,0.02783462955382726,True,0.005,0.015
1,3,23,0.0,0.0,1,propagule,2404,0,0,0.02745424292845258,True,0.005,0.015
1,3,24,0.0,0.0,1,propagule,2349,0,0,0.0280970625798212,True,0.005,0.015
1,3,25,0.0,0.0,1,propagule,2329,0,0,0.029197080291970802,True,0.005,0.015
1,3,26,0.0,0.0,1,propagule,2263,0,0,0.02828104286345559,True,0.005,0.015
1,3,27,0.0,0.0,1,propagule,2216,0,0,0.027527075812274367,True,0.005,0.015
1,3,28,0.0,0.0,1,propagule,2158,0,0,0.027340129749768304,True,0.005,0.015
1,3,29,0.0,0.0,1,propagule,2097,0,0,0.027181688125894134,True,0.005,0.015
1,3,30,0.0,0.0,1,propagule,2051,0,0,0.026328620185275476,True,0.005,0.015
1,3,31,0.0,0.0,1,propagule,2053,0,0,0.027764247442766683,True,0.005,0.015
1,3,32,0.0,0.0,1,propagule,1993,0,0,0.027596588058203714,True,0.005,0.015
1,3,33,0.0,0.0,1,propagule,1959,0,0,0.029606942317508933,True,0.005,0.015
1,3,34,0.0,0.0,1,propagule,1929,0,0,0.029030585795749093,True,0.005,0.015
1,3,35,0.0,0.0,1,propagule,1888,0,0,0.029661016949152543,True,0.005,0.015
1,3,36,0.0,0.0,1,propagule,1857,0,0,0.03446418955304254,True,0.005,0.015
1,3,37,0.0,0.0,1,propagule,1799,0,0,0.0339077265147304,True,0.005,0.015
1,3,38,0.0,0.0,1,propagule,1768,0,0,0.0333710407239819,True,0.005,0.015
1,3,39,0.0,0.0,1,propagule,1745,0,0,0.03495702005730659,True,0.005,0.015
1,3,40,0.0,0.0,1,propagule,1721,0,0,0.03312027890761186,True,0.005,0.015
1,3,41,0.0,0.0,1,propagule,1711,0,0,0.0385739333722969,True,0.005,0.015
1,3,42,0.0,0.0,1,propagule,1705,0,0,0.03870967741935484,True,0.005,0.015
1,3,43,0.0,0.0,1,propagule,1735,0,0,0.07780979827089338,True,0.005,0.015
1,3,44,0.0,0.0,1,propagule,1674,0,0,0.07048984468339307,True,0.005,0.015
1,3,45,0.0,0.0,1,propagule,1638,0,0,0.07142857142857142,True,0.005,0.015
1,3,46,0.0,0.0,1,propagule,1626,0,0,0.07933579335793357,True,0.005,0.015
1,3,47,0.0,0.0,1,propagule,1645,0,0,0.09240121580547113,True,0.005,0.015
1,3,48,0.0,0.0,1,propagule,1598,0,0,0.08260325406758448,True,0.005,0.015
1,3,49,0.0,0.0,1,propagule,1602,0,0,0.09488139825218476,True,0.005,0.015
1,3,50,0.0,0.0,1,propagule,1582,0,0,0.09039190897597978,True,0.005,0.015
1,3,51,0.0,0.0,1,propagule,1608,0,0,0.10385572139303482,True,0.005,0.015
1,3,52,0.0,0.0,1,propagule,1594,0,0,0.10100376411543287,True,0.005,0.015
1,4,1,0.0,0.0,1,propagule,1602,0,0,0.11235955056179775,True,0.005,0.015
1,4,2,0.0,0.0,1,propagule,1595,0,0,0.109717868338558,True,0.005,0.015
1,4,3,0.0,0.0,1,propagule,1604,0,0,0.1172069825436409,True,0.005,0.015
1,4,4,0.0,0.0,1,propagule,1574,0,0,0.10864040660736976,True,0.005,0.015
1,4,5,0.0,0.0,1,propagule,1578,0,0,0.12167300380228137,True,0.005,0.015
1,4,6,0.0,0.0,1,propagule,1569,0,0,0.11854684512428298,True,0.005,0.015
1,4,7,0.0,0.0,1,propagule,1569,0,0,0.12364563416188655,True,0.005,0.015
1,4,8,0.0,0.0,1,propagule,1544,0,0,0.11981865284974093,True,0.005,0.015
1,4,9,0.0,0.0,1,propagule,1546,0,0,0.13001293661060803,True,0.005,0.015
1,4,10,0.0,0.0,1,propagule,1526,0,0,0.12254259501965924,True,0.005,0.015
1,4,11,0.0,0.0,1,propagule,1522,0,0,0.1307490144546649,True,0.005,0.015
1,4,12,0.0,0.0,1,propagule,1513,0,0,0.12623925974884337,True,0.005,0.015
1,4,13,0.0,0.0,1,propagule,1514,0,0,0.13474240422721268,True,0.005,0.015
1,4,14,0.0,0.0,1,propagule,1492,0,0,0.12801608579088472,True,0.005,0.015
1,4,15,0.0,0.0,1,propagule,1482,0,0,0.13630229419703105,True,0.005,0.015
1,4,16,0.0,0.0,1,propagule,1455,0,0,0.12371134020618557,True,0.005,0.015
1,4,17,0.0,0.0,1,propagule,1442,0,0,0.1317614424410541,True,0.005,0.015
1,4,18,0.0,0.0,1,propagule,2882,0,0,0.06210964607911173,True,0.005,0.015
1,4,19,0.0,0.0,1,propagule,2888,0,0,0.06544321329639889,True,0.005,0.015
1,4,20,0.0,0.0,1,propagule,2830,0,0,0.061837455830388695,True,0.005,0.015
1,4,21,0.0,0.0,1,propagule,2784,0,0,0.06429597701149425,True,0.005,0.015
1,4,22,0.0,0.0,1,propagule,2685,0,0,0.061452513966480445,True,0.005,0.015
1,4,23,0.0,0.0,1,propagule,2633,0,0,0.06494492973794151,True,0.005,0.015
1,4,24,0.0,0.0,1,propagule,2558,0,0,0.06489444878811572,True,0.005,0.015
1,4,25,0.0,0.0,1,propagule,2514,0,0,0.0664280031821798,True,0.005,0.015
1,4,26,0.0,0.0,1,propagule,2454,0,0,0.06927465362673187,True,0.005,0.015
1,4,27,0.0,0.0,1,propagule,2413,0,0,0.06962287608785744,True,0.005,0.015
1,4,28,0.0,0.0,1,propagule,2328,0,0,0.07130584192439862,True,0.005,0.015
1,4,29,0.0,0.0,1,propagule,2249,0,0,0.07292129835482436,True,0.005,0.015
1,4,30,0.0,0.0,1,propagule,2232,0,0,0.0721326164874552,True,0.005,0.015
1,4,31,0.0,0.0,1,propagule,2197,0,0,0.07373691397360037,True,0.005,0.015
1,4,32,0.0,0.0,1,propagule,2176,0,0,0.0744485294117647,True,0.005,0.015
1,4,33,0.0,0.0,1,propagule,2135,0,0,0.07681498829039812,True,0.005,0.015
1,4,34,0.0,0.0,1,propagule,2093,0,0,0.07692307692307693,True,0.005,0.015
1,4,35,0.0,0.0,1,propagule,2039,0,0,0.07797940166748406,True,0.005,0.015
1,4,36,0.0,0.0,1,propagule,1992,0,0,0.08333333333333333,True,0.005,0.015
1,4,37,0.0,0.0,1,propagule,1911,0,0,0.08163265306122448,True,0.005,0.015
1,4,38,0.0,0.0,1,propagule,1900,0,0,0.08421052631578947,True,0.005,0.015
1,4,39,0.0,0.0,1,propagule,1880,0,0,0.08297872340425531,True,0.005,0.015
1,4,40,0.0,0.0,1,propagule,1876,0,0,0.08635394456289978,True,0.005,0.015
1,4,41,0.0,0.0,1,propagule,1855,0,0,0.08571428571428572,True,0.005,0.015
1,4,42,0.0,0.0,1,propagule,1844,0,0,0.0911062906724512,True,0.005,0.015
1,4,43,0.0,0.0,1,propagule,1913,0,0,0.11813904861474124,True,0.005,0.015
1,4,44,0.0,0.0,1,propagule,1838,0,0,0.117519042437432,True,0.005,0.015
1,4,45,0.0,0.0,1,propagule,1807,0,0,0.12396236856668512,True,0.005,0.015
1,4,46,0.0,0.0,1,propagule,1780,0,0,0.12696629213483146,True,0.005,0.015
1,4,47,0.0,0.0,1,propagule,1766,0,0,0.12797281993204984,True,0.005,0.015
1,4,48,0.0,0.0,1,propagule,1742,0,0,0.12801377726750862,True,0.005,0.015
1,4,49,0.0,0.0,1,propagule,1724,0,0,0.12935034802784223,True,0.005,0.015
1,4,50,0.0,0.0,1,propagule,1715,0,0,0.13294460641399417,True,0.005,0.015
1,4,51,0.0,0.0,1,propagule,1688,0,0,0.12914691943127962,True,0.005,0.015
1,4,52,0.0,0.0,1,propagule,1688,0,0,0.13092417061611375,True,0.005,0.015
1,5,1,0.0,0.0,1,propagule,1678,0,0,0.132896305125149,True,0.005,0.015
1,5,2,0.0,0.0,1,propagule,1665,0,0,0.13453453453453454,True,0.005,0.015
1,5,3,0.0,0.0,1,propagule,1649,0,0,0.1334141904184354,True,0.005,0.015
1,5,4,0.0,0.0,1,propagule,1630,0,0,0.1325153374233129,True,0.005,0.015
1,5,5,0.0,0.0,1,propagule,1613,0,0,0.1314321140731556,True,0.005,0.015
1,5,6,0.0,0.0,1,propagule,1579,0,0,0.1285623812539582,True,0.005,0.015
1,5,7,0.0,0.0,1,propagule,1574,0,0,0.1315120711562897,True,0.005,0.015
1,5,8,0.0,0.0,1,propagule,1562,0,0,0.13380281690140844,True,0.005,0.015
1,5,9,0.0,0.0,1,propagule,1543,0,0,0.13415424497731693,True,0.005,0.015
1,5,10,0.0,0.0,1,propagule,1544,0,0,0.13601036269430053,True,0.005,0.015
1,5,11,0.0,0.0,1,propagule,1518,0,0,0.13175230566534915,True,0.005,0.015
1,5,12,0.0,0.0,1,propagule,1516,0,0,0.1358839050131926,True,0.005,0.015
1,5,13,0.0,0.0,1,propagule,1501,0,0,0.12991339107261826,True,0.005,0.015
1,5,14,0.0,0.0,1,propagule,1485,0,0,0.13265993265993267,True,0.005,0.015
1,5,15,0.0,0.0,1,propagule,1470,0,0,0.1326530612244898,True,0.005,0.015
1,5,16,0.0,0.0,1,propagule,1458,0,0,0.1364883401920439,True,0.005,0.015
1,5,17,0.0,0.0,1,propagule,1437,0,0,0.13221990257480862,True,0.005,0.015
1,5,18,0.0,0.0,1,propagule,3086,0,0,0.06156837329876863,True,0.005,0.015
1,5,19,0.0,0.0,1,propagule,3041,0,0,0.061492929957250905,True,0.005,0.015
1,5,20,0.0,0.0,1,propagule,3009,0,0,0.062479228979727484,True,0.005,0.015
1,5,21,0.0,0.0,1,propagule,2936,0,0,0.06130790190735695,True,0.005,0.015
1,5,22,0.0,0.0,1,propagule,2915,0,0,0.06312178387650086,True,0.005,0.015
1,5,23,0.0,0.0,1,propagule,2830,0,0,0.060424028268551234,True,0.005,0.015
1,5,24,0.0,0.0,1,propagule,2817,0,0,0.06425275115370963,True,0.005,0.015
1,5,25,0.0,0.0,1,propagule,2755,0,0,0.06243194192377496,True,0.005,0.015
1,5,26,0.0,0.0,1,propagule,2699,0,0,0.06520933679140423,True,0.005,0.015
1,5,27,0.0,0.0,1,propagule,2617,0,0,0.06419564386702331,True,0.005,0.015
1,5,28,0.0,0.0,1,propagule,2631,0,0,0.0653743823641201,True,0.005,0.015
1,5,29,0.0,0.0,1,propagule,2562,0,0,0.06479313036690086,True,0.005,0.015
1,5,30,0.0,0.0,1,propagule,2538,0,0,0.06619385342789598,True,0.005,0.015
1,5,31,0.0,0.0,1,propagule,2496,0,0,0.06450320512820513,True,0.005,0.015
1,5,32,0.0,0.0,1,propagule,2434,0,0,0.06614626129827444,True,0.005,0.015
1,5,33,0.0,0.0,1,propagule,2369,0,0,0.06373997467285775,True,0.005,0.015
1,5,34,0.0,0.0,1,propagule,2343,0,0,0.06402048655569782,True,0.005,0.015
1,5,35,0.0,0.0,1,propagule,2294,0,0,0.06538796861377506,True,0.005,0.015
1,5,36,0.0,0.0,1,propagule,2296,0,0,0.07317073170731707,True,0.005,0.015
1,5,37,0.0,0.0,1,propagule,2248,0,0,0.074288256227758,True,0.005,0.015
1,5,38,0.0,0.0,1,propagule,2229,0,0,0.07537012113055182,True,0.005,0.015
1,5,39,0.0,0.0,1,propagule,2193,0,0,0.0702234382124943,True,0.005,0.015
1,5,40,0.0,0.0,1,propagule,2179,0,0,0.07342817806333181,True,0.005,0.015
1,5,41,0.0,0.0,1,propagule,2154,0,0,0.07056638811513463,True,0.005,0.015
1,5,42,0.0,0.0,1,propagule,2156,0,0,0.075139146567718,True,0.005,0.015
1,5,43,0.0,0.0,1,propagule,2254,0,0,0.11446317657497782,True,0.005,0.015
1,5,44,0.0,0.0,1,propagule,2125,0,0,0.10211764705882354,True,0.005,0.015
1,5,45,0.0,0.0,1,propagule,2052,0,0,0.09746588693957114,True,0.005,0.015
1,5,46,0.0,0.0,1,propagule,2005,0,0,0.1002493765586035,True,0.005,0.015
1,5,47,0.0,0.0,1,propagule,1962,0,0,0.09785932721712538,True,0.005,0.015
1,5,48,0.0,0.0,1,propagule,1955,0,0,0.10332480818414322,True,0.005,0.015
1,5,49,0.0,0.0,1,propagule,1926,0,0,0.10332294911734165,True,0.005,0.015
1,5,50,0.0,0.0,1,propagule,1917,0,0,0.10485133020344288,True,0.005,0.015
1,5,51,0.0,0.0,1,propagule,1909,0,0,0.10895756940806706,True,0.005,0.015
1,5,52,0.0,0.0,1,propagule,1895,0,0,0.10870712401055409,True,0.005,0.015
1,6,1,0.0,0.0,1,propagule,1877,0,0,0.10921683537559936,True,0.005,0.015
1,6,2,0.0,0.0,1,propagule,1848,0,0,0.10876623376623376,True,0.005,0.015
1,6,3,0.0,0.0,1,propagule,1836,0,0,0.1111111111111111,True,0.005,0.015
1,6,4,0.0,0.0,1,propagule,1818,0,0,0.10946094609460946,True,0.005,0.015
1,6,5,0.0,0.0,1,propagule,1801,0,0,0.1116046640755136,True,0.005,0.015
1,6,6,0.0,0.0,1,propagule,1777,0,0,0.1108610016882386,True,0.005,0.015
1,6,7,0.0,0.0,1,propagule,1754,0,0,0.11288483466362599,True,0.005,0.015
1,6,8,0.0,0.0,1,propagule,1740,0,0,0.11206896551724138,True,0.005,0.015
1,6,9,0.0,0.0,1,propagule,1724,0,0,0.1136890951276102,True,0.005,0.015
1,6,10,0.0,0.0,1,propagule,1699,0,0,0.11359623307828134,True,0.005,0.015
1,6,11,0.0,0.0,1,propagule,1685,0,0,0.11513353115727003,True,0.005,0.015
1,6,12,0.0,0.0,1,propagule,1663,0,0,0.11365003006614552,True,0.005,0.015
1,6,13,0.0,0.0,1,propagule,1653,0,0,0.1161524500907441,True,0.005,0.015
1,6,14,0.0,0.0,1,propagule,1633,0,0,0.11512553582363748,True,0.005,0.015
1,6,15,0.0,0.0,1,propagule,1617,0,0,0.1150278293135436,True,0.005,0.015
1,6,16,0.0,0.0,1,propagule,1603,0,0,0.11478477854023705,True,0.005,0.015
1,6,17,0.0,0.0,1,propagule,1586,0,0,0.11727616645649433,True,0.005,0.015
1,6,18,0.0,0.0,1,propagule,3302,0,0,0.05542095699576015,True,0.005,0.015
1,6,19,0.0,0.0,1,propagule,3227,0,0,0.055159590951348,True,0.005,0.015
1,6,20,0.0,0.0,1,propagule,3199,0,0,0.05626758361988121,True,0.005,0.015
1,6,21,0.0,0.0,1,propagule,3148,0,0,0.05686149936467599,True,0.005,0.015
1,6,22,0.0,0.0,1,propagule,3095,0,0,0.05686591276252019,True,0.005,0.015
1,6,23,0.0,0.0,1,propagule,3023,0,0,0.05590473040026464,True,0.005,0.015
1,6,24,0.0,0.0,1,propagule,2975,0,0,0.058823529411764705,True,0.005,0.015
1,6,25,0.0,0.0,1,propagule,2888,0,0,0.05886426592797784,True,0.005,0.015
1,6,26,0.0,0.0,1,propagule,2873,0,0,0.05986773407587887,True,0.005,0.015
1,6,27,0.0,0.0,1,propagule,2797,0,0,0.061136932427601,True,0.005,0.015
1,6,28,0.0,0.0,1,propagule,2751,0,0,0.061795710650672485,True,0.005,0.015
1,6,29,0.0,0.0,1,propagule,2703,0,0,0.06104328523862375,True,0.005,0.015
1,6,30,0.0,0.0,1,propagule,2676,0,0,0.061659192825112105,True,0.005,0.015
1,6,31,0.0,0.0,1,propagule,2582,0,0,0.06080557707203718,True,0.005,0.015
1,6,32,0.0,0.0,1,propagule,2579,0,0,0.061651803024428076,True,0.005,0.015
1,6,33,0.0,0.0,1,propagule,2529,0,0,0.06247528667457493,True,0.005,0.015
1,6,34,0.0,0.0,1,propagule,2506,0,0,0.06384676775738228,True,0.005,0.015
1,6,35,0.0,0.0,1,propagule,2462,0,0,0.06336311941510966,True,0.005,0.015
1,6,36,0.0,0.0,1,propagule,2466,0,0,0.07015409570154096,True,0.005,0.015
1,6,37,0.0,0.0,1,propagule,2413,0,0,0.07003729796933278,True,0.005,0.015
1,6,38,0.0,0.0,1,propagule,2393,0,0,0.07271207689093188,True,0.005,0.015
1,6,39,0.0,0.0,1,propagule,2348,0,0,0.0706984667802385,True,0.005,0.015
1,6,40,0.0,0.0,1,propagule,2318,0,0,0.07204486626402071,True,0.005,0.015
1,6,41,0.0,0.0,1,propagule,2292,0,0,0.07198952879581152,True,0.005,0.015
1,6,42,0.0,0.0,1,propagule,2267,0,0,0.07190119100132333,True,0.005,0.015
1,6,43,0.0,0.0,1,propagule,2483,0,0,0.1180024164317358,True,0.005,0.015
1,6,44,0.0,0.0,1,propagule,2318,0,0,0.10569456427955133,True,0.005,0.015
1,6,45,0.0,0.0,1,propagule,2237,0,0,0.09834599910594546,True,0.005,0.015
1,6,46,0.0,0.0,1,propagule,2178,0,0,0.09366391184573003,True,0.005,0.015
1,6,47,0.0,0.0,1,propagule,2145,0,0,0.09603729603729604,True,0.005,0.015
1,6,48,0.0,0.0,1,propagule,2100,0,0,0.09761904761904762,True,0.005,0.015
1,6,49,0.0,0.0,1,propagule,2074,0,0,0.09594985535197685,True,0.005,0.015
1,6,50,0.0,0.0,1,propagule,2064,0,0,0.09835271317829457,True,0.005,0.015
1,6,51,0.0,0.0,1,propagule,2041,0,0,0.09750122488975992,True,0.005,0.015
1,6,52,0.0,0.0,1,propagule,2015,0,0,0.09826302729528535,True,0.005,0.015
1,7,1,0.0,0.0,1,propagule,1993,0,0,0.09784244856999498,True,0.005,0.015
1,7,2,0.0,0.0,1,propagule,1961,0,0,0.09637939826619071,True,0.005,0.015
1,7,3,0.0,0.0,1,propagule,1950,0,0,0.09641025641025641,True,0.005,0.015
1,7,4,0.0,0.0,1,propagule,1929,0,0,0.09642301710730948,True,0.005,0.015
1,7,5,0.0,0.0,1,propagule,1901,0,0,0.09573908469226723,True,0.005,0.015
1,7,6,0.0,0.0,1,propagule,1882,0,0,0.09617428267800213,True,0.005,0.015
1,7,7,0.0,0.0,1,propagule,1864,0,0,0.09763948497854077,True,0.005,0.015
1,7,8,0.0,0.0,1,propagule,1843,0,0,0.09766684753119913,True,0.005,0.015
1,7,9,0.0,0.0,1,propagule,1819,0,0,0.09895547003848268,True,0.005,0.015
1,7,10,0.0,0.0,1,propagule,1801,0,0,0.0971682398667407,True,0.005,0.015
1,7,11,0.0,0.0,1,propagule,1778,0,0,0.09955005624296963,True,0.005,0.015
1,7,12,0.0,0.0,1,propagule,1755,0,0,0.09743589743589744,True,0.005,0.015
1,7,13,0.0,0.0,1,propagule,1751,0,0,0.09937178754997145,True,0.005,0.015
1,7,14,0.0,0.0,1,propagule,1721,0,0,0.09819872167344568,True,0.005,0.015
1,7,15,0.0,0.0,1,propagule,1706,0,0,0.09788980070339977,True,0.005,0.015
1,7,16,0.0,0.0,1,propagule,1687,0,0,0.0983995257854179,True,0.005,0.015
1,7,17,0.0,0.0,1,propagule,1680,0,0,0.09821428571428571,True,0.005,0.015
1,7,18,0.0,0.0,1,propagule,3620,0,0,0.044751381215469614,True,0.005,0.015
1,7,19,0.0,0.0,1,propagule,3578,0,0,0.044717719396310786,True,0.005,0.015
1,7,20,0.0,0.0,1,propagule,3537,0,0,0.04551880124399208,True,0.005,0.015
1,7,21,0.0,0.0,1,propagule,3439,0,0,0.04536202384414074,True,0.005,0.015
1,7,22,0.0,0.0,1,propagule,3385,0,0,0.04579025110782865,True,0.005,0.015
1,7,23,0.0,0.0,1,propagule,3338,0,0,0.046734571599760334,True,0.005,0.015
1,7,24,0.0,0.0,1,propagule,3271,0,0,0.04708040354631611,True,0.005,0.015
1,7,25,0.0,0.0,1,propagule,3237,0,0,0.048501699104108745,True,0.005,0.015
1,7,26,0.0,0.0,1,propagule,3157,0,0,0.04783021856192588,True,0.005,0.015
1,7,27,0.0,0.0,1,propagule,3126,0,0,0.04958413307741523,True,0.005,0.015
1,7,28,0.0,0.0,1,propagule,3047,0,0,0.04955694125369216,True,0.005,0.015
1,7,29,0.0,0.0,1,propagule,3029,0,0,0.05150214592274678,True,0.005,0.015
1,7,30,0.0,0.0,1,propagule,2960,0,0,0.05,True,0.005,0.015
1,7,31,0.0,0.0,1,propagule,2937,0,0,0.05039155600953354,True,0.005,0.015
1,7,32,0.0,0.0,1,propagule,2835,0,0,0.04973544973544974,True,0.005,0.015
1,7,33,0.0,0.0,1,propagule,2799,0,0,0.05073240443015362,True,0.005,0.015
1,7,34,0.0,0.0,1,propagule,2719,0,0,0.05148951820522251,True,0.005,0.015
1,7,35,0.0,0.0,1,propagule,2683,0,0,0.05143496086470369,True,0.005,0.015
1,7,36,0.0,0.0,1,propagule,2635,0,0,0.05464895635673624,True,0.005,0.015
1,7,37,0.0,0.0,1,propagule,2612,0,0,0.058958652373660034,True,0.005,0.015
1,7,38,0.0,0.0,1,propagule,2562,0,0,0.05815768930523029,True,0.005,0.015
1,7,39,0.0,0.0,1,propagule,2558,0,0,0.059030492572322124,True,0.005,0.015
1,7,40,0.0,0.0,1,propagule,2513,0,0,0.05889375248706725,True,0.005,0.015
1,7,41,0.0,0.0,1,propagule,2506,0,0,0.060654429369513166,True,0.005,0.015
1,7,42,0.0,0.0,1,propagule,2467,0,0,0.05999189298743413,True,0.005,0.015
1,7,43,0.0,0.0,1,propagule,2698,0,0,0.1167531504818384,True,0.005,0.015
1,7,44,0.0,0.0,1,propagule,2505,0,0,0.09660678642714571,True,0.005,0.015
1,7,45,0.0,0.0,1,propagule,2409,0,0,0.09630552096305521,True,0.005,0.015
1,7,46,0.0,0.0,1,propagule,2358,0,0,0.09499575911789652,True,0.005,0.015
1,7,47,0.0,0.0,1,propagule,2306,0,0,0.09453599306157849,True,0.005,0.015
1,7,48,0.0,0.0,1,propagule,2274,0,0,0.09498680738786279,True,0.005,0.015
1,7,49,0.0,0.0,1,propagule,2252,0,0,0.09724689165186501,True,0.005,0.015
1,7,50,0.0,0.0,1,propagule,2254,0,0,0.10070984915705412,True,0.005,0.015
1,7,51,0.0,0.0,1,propagule,2238,0,0,0.10411081322609472,True,0.005,0.015
1,7,52,0.0,0.0,1,propagule,2235,0,0,0.10738255033557047,True,0.005,0.015
1,8,1,0.0,0.0,1,propagule,2205,0,0,0.10748299319727891,True,0.005,0.015
1,8,2,0.0,0.0,1,propagule,2208,0,0,0.1105072463768116,True,0.005,0.015
1,8,3,0.0,0.0,1,propagule,2169,0,0,0.1078838174273859,True,0.005,0.015
1,8,4,0.0,0.0,1,propagule,2150,0,0,0.10883720930232559,True,0.005,0.015
1,8,5,0.0,0.0,1,propagule,2134,0,0,0.10871602624179943,True,0.005,0.015
1,8,6,0.0,0.0,1,propagule,2116,0,0,0.11011342155009451,True,0.005,0.015
1,8,7,0.0,0.0,1,propagule,2082,0,0,0.10999039385206533,True,0.005,0.015
1,8,8,0.0,0.0,1,propagule,2076,0,0,0.11319845857418112,True,0.005,0.015
1,8,9,0.0,0.0,1,propagule,2049,0,0,0.11224987798926306,True,0.005,0.015
1,8,10,0.0,0.0,1,propagule,2030,0,0,0.11182266009852217,True,0.005,0.015
1,8,11,0.0,0.0,1,propagule,2011,0,0,0.11039283938339135,True,0.005,0.015
1,8,12,0.0,0.0,1,propagule,2001,0,0,0.11144427786106946,True,0.005,0.015
1,8,13,0.0,0.0,1,propagule,1979,0,0,0.11167256189994947,True,0.005,0.015
1,8,14,0.0,0.0,1,propagule,1961,0,0,0.11320754716981132,True,0.005,0.015
1,8,15,0.0,0.0,1,propagule,1935,0,0,0.11421188630490955,True,0.005,0.015
1,8,16,0.0,0.0,1,propagule,1915,0,0,0.1154046997389034,True,0.005,0.015
1,8,17,0.0,0.0,1,propagule,1899,0,0,0.11585044760400211,True,0.005,0.015
1,8,18,0.0,0.0,1,propagule,4163,0,0,0.05260629353831372,True,0.005,0.015
1,8,19,0.0,0.0,1,propagule,4113,0,0,0.05300267444687576,True,0.005,0.015
1,8,20,0.0,0.0,1,propagule,4066,0,0,0.0528775209050664,True,0.005,0.015
1,8,21,0.0,0.0,1,propagule,4005,0,0,0.05318352059925094,True,0.005,0.015
1,8,22,0.0,0.0,1,propagule,3957,0,0,0.05332322466515037,True,0.005,0.015
1,8,23,0.0,0.0,1,propagule,3905,0,0,0.05352112676056338,True,0.005,0.015
1,8,24,0.0,0.0,1,propagule,3855,0,0,0.05551232166018158,True,0.005,0.015
1,8,25,0.0,0.0,1,propagule,3763,0,0,0.05421206484188148,True,0.005,0.015
1,8,26,0.0,0.0,1,propagule,3707,0,0,0.055031022390072834,True,0.005,0.015
1,8,27,0.0,0.0,1,propagule,3625,0,0,0.055724137931034486,True,0.005,0.015
1,8,28,0.0,0.0,1,propagule,3536,0,0,0.05656108597285068,True,0.005,0.015
1,8,29,0.0,0.0,1,propagule,3450,0,0,0.057391304347826085,True,0.005,0.015
1,8,30,0.0,0.0,1,propagule,3375,0,0,0.05807407407407408,True,0.005,0.015
1,8,31,0.0,0.0,1,propagule,3302,0,0,0.059357964869775896,True,0.005,0.015
1,8,32,0.0,0.0,1,propagule,3247,0,0,0.06067138897443794,True,0.005,0.015
1,8,33,0.0,0.0,1,propagule,3193,0,0,0.06138427810836204,True,0.005,0.015
1,8,34,0.0,0.0,1,propagule,3152,0,0,0.060279187817258884,True,0.005,0.015
1,8,35,0.0,0.0,1,propagule,3085,0,0,0.06158833063209076,True,0.005,0.015
1,8,36,0.0,0.0,1,propagule,3054,0,0,0.06254092992796333,True,0.005,0.015
1,8,37,0.0,0.0,1,propagule,3014,0,0,0.06370272063702721,True,0.005,0.015
1,8,38,0.0,0.0,1,propagule,2976,0,0,0.06350806451612903,True,0.005,0.015
1,8,39,0.0,0.0,1,propagule,2938,0,0,0.06364874063989108,True,0.005,0.015
1,8,40,0.0,0.0,1,propagule,2914,0,0,0.06280027453671928,True,0.005,0.015
1,8,41,0.0,0.0,1,propagule,2904,0,0,0.0640495867768595,True,0.005,0.015
1,8,42,0.0,0.0,1,propagule,2870,0,0,0.06411149825783972,True,0.005,0.015
1,8,43,0.0,0.0,1,propagule,3047,0,0,0.13160485723662618,True,0.005,0.015
1,8,44,0.0,0.0,1,propagule,2786,0,0,0.1094759511844939,True,0.005,0.015
1,8,45,0.0,0.0,1,propagule,2669,0,0,0.10153615586361933,True,0.005,0.015
1,8,46,0.0,0.0,1,propagule,2585,0,0,0.10058027079303675,True,0.005,0.015
1,8,47,0.0,0.0,1,propagule,2522,0,0,0.1007137192704203,True,0.005,0.015
1,8,48,0.0,0.0,1,propagule,2515,0,0,0.10298210735586481,True,0.005,0.015
1,8,49,0.0,0.0,1,propagule,2517,0,0,0.10766785856177989,True,0.005,0.015
1,8,50,0.0,0.0,1,propagule,2507,0,0,0.11168727562824092,True,0.005,0.015
1,8,51,0.0,0.0,1,propagule,2509,0,0,0.11080111598246313,True,0.005,0.015
1,8,52,0.0,0.0,1,propagule,2483,0,0,0.11437776882803061,True,0.005,0.015
1,9,1,0.0,0.0,1,propagule,2467,0,0,0.1147142278070531,True,0.005,0.015
1,9,2,0.0,0.0,1,propagule,2440,0,0,0.11598360655737705,True,0.005,0.015
1,9,3,0.0,0.0,1,propagule,2428,0,0,0.11820428336079078,True,0.005,0.015
1,9,4,0.0,0.0,1,propagule,2401,0,0,0.11870054144106622,True,0.005,0.015
1,9,5,0.0,0.0,1,propagule,2382,0,0,0.12048698572628044,True,0.005,0.015
1,9,6,0.0,0.0,1,propagule,2354,0,0,0.12022090059473237,True,0.005,0.015
1,9,7,0.0,0.0,1,propagule,2332,0,0,0.12221269296740996,True,0.005,0.015
1,9,8,0.0,0.0,1,propagule,2308,0,0,0.12175043327556326,True,0.005,0.015
1,9,9,0.0,0.0,1,propagule,2301,0,0,0.12385919165580182,True,0.005,0.015
1,9,10,0.0,0.0,1,propagule,2264,0,0,0.12279151943462897,True,0.005,0.015
1,9,11,0.0,0.0,1,propagule,2245,0,0,0.12472160356347439,True,0.005,0.015
1,9,12,0.0,0.0,1,propagule,2212,0,0,0.12296564195298372,True,0.005,0.015
1,9,13,0.0,0.0,1,propagule,2190,0,0,0.12511415525114156,True,0.005,0.015
1,9,14,0.0,0.0,1,propagule,2169,0,0,0.12448132780082988,True,0.005,0.015
1,9,15,0.0,0.0,1,propagule,2152,0,0,0.12592936802973978,True,0.005,0.015
1,9,16,0.0,0.0,1,propagule,2128,0,0,0.12546992481203006,True,0.005,0.015
1,9,17,0.0,0.0,1,propagule,2115,0,0,0.12576832151300235,True,0.005,0.015
1,9,18,0.0,0.0,1,propagule,4529,0,0,0.05188783395893133,True,0.005,0.015
1,9,19,0.0,0.0,1,propagule,4488,0,0,0.05258467023172905,True,0.005,0.015
1,9,20,0.0,0.0,1,propagule,4424,0,0,0.05289330922242315,True,0.005,0.015
1,9,21,0.0,0.0,1,propagule,4353,0,0,0.05260739719733517,True,0.005,0.015
1,9,22,0.0,0.0,1,propagule,4252,0,0,0.053621825023518345,True,0.005,0.015
1,9,23,0.0,0.0,1,propagule,4205,0,0,0.05422116527942925,True,0.005,0.015
1,9,24,0.0,0.0,1,propagule,4127,0,0,0.055245941361763994,True,0.005,0.015
1,9,25,0.0,0.0,1,propagule,4068,0,0,0.056293018682399214,True,0.005,0.015
1,9,26,0.0,0.0,1,propagule,3985,0,0,0.05671267252195734,True,0.005,0.015
1,9,27,0.0,0.0,1,propagule,3911,0,0,0.05753004346714395,True,0.005,0.015
1,9,28,0.0,0.0,1,propagule,3872,0,0,0.05785123966942149,True,0.005,0.015
1,9,29,0.0,0.0,1,propagule,3831,0,0,0.05899243017488906,True,0.005,0.015
1,9,30,0.0,0.0,1,propagule,3760,0,0,0.059308510638297875,True,0.005,0.015
1,9,31,0.0,0.0,1,propagule,3708,0,0,0.06040992448759439,True,0.005,0.015
1,9,32,0.0,0.0,1,propagule,3652,0,0,0.060240963855421686,True,0.005,0.015
1,9,33,0.0,0.0,1,propagule,3612,0,0,0.061461794019933555,True,0.005,0.015
1,9,34,0.0,0.0,1,propagule,3536,0,0,0.06108597285067873,True,0.005,0.015
1,9,35,0.0,0.0,1,propagule,3479,0,0,0.0617993676343777,True,0.005,0.015
1,9,36,0.0,0.0,1,propagule,3438,0,0,0.06253635834787667,True,0.005,0.015
1,9,37,0.0,0.0,1,propagule,3393,0,0,0.0636604774535809,True,0.005,0.015
1,9,38,0.0,0.0,1,propagule,3362,0,0,0.06365258774538965,True,0.005,0.015
1,9,39,0.0,0.0,1,propagule,3320,0,0,0.06385542168674699,True,0.005,0.015
1,9,40,0.0,0.0,1,propagule,3277,0,0,0.0640830027464144,True,0.005,0.015
1,9,41,0.0,0.0,1,propagule,3258,0,0,0.06507059545733579,True,0.005,0.015
1,9,42,0.0,0.0,1,propagule,3226,0,0,0.06416615003099814,True,0.005,0.015
1,9,43,0.0,0.0,1,propagule,3336,0,0,0.12859712230215828,True,0.005,0.015
1,9,44,0.0,0.0,1,propagule,3060,0,0,0.11176470588235295,True,0.005,0.015
1,9,45,0.0,0.0,1,propagule,2903,0,0,0.09817430244574578,True,0.005,0.015
1,9,46,0.0,0.0,1,propagule,2809,0,0,0.097187611249555,True,0.005,0.015
1,9,47,0.0,0.0,1,propagule,2742,0,0,0.09518599562363239,True,0.005,0.015
1,9,48,0.0,0.0,1,propagule,2716,0,0,0.0975699558173785,True,0.005,0.015
1,9,49,0.0,0.0,1,propagule,2710,0,0,0.1022140221402214,True,0.005,0.015
1,9,50,0.0,0.0,1,propagule,2705,0,0,0.10573012939001848,True,0.005,0.015
1,9,51,0.0,0.0,1,propagule,2686,0,0,0.10871183916604617,True,0.005,0.015
1,9,52,0.0,0.0,1,propagule,2665,0,0,0.10656660412757973,True,0.005,0.015
1,10,1,0.0,0.0,1,propagule,2652,0,0,0.11048265460030166,True,0.005,0.015
1,10,2,0.0,0.0,1,propagule,2628,0,0,0.1095890410958904,True,0.005,0.015
1,10,3,0.0,0.0,1,propagule,2613,0,0,0.11519326444699579,True,0.005,0.015
1,10,4,0.0,0.0,1,propagule,2584,0,0,0.11377708978328173,True,0.005,0.015
1,10,5,0.0,0.0,1,propagule,2565,0,0,0.11812865497076024,True,0.005,0.015
1,10,6,0.0,0.0,1,propagule,2537,0,0,0.1150965707528577,True,0.005,0.015
1,10,7,0.0,0.0,1,propagule,2520,0,0,0.11865079365079365,True,0.005,0.015
1,10,8,0.0,0.0,1,propagule,2484,0,0,0.11755233494363929,True,0.005,0.015
1,10,9,0.0,0.0,1,propagule,2466,0,0,0.12043795620437957,True,0.005,0.015
1,10,10,0.0,0.0,1,propagule,2437,0,0,0.11899876897825194,True,0.005,0.015
1,10,11,0.0,0.0,1,propagule,2426,0,0,0.12118713932399011,True,0.005,0.015
1,10,12,0.0,0.0,1,propagule,2398,0,0,0.11926605504587157,True,0.005,0.015
1,10,13,0.0,0.0,1,propagule,2382,0,0,0.12258606213266163,True,0.005,0.015
1,10,14,0.0,0.0,1,propagule,2346,0,0,0.12190963341858482,True,0.005,0.015
1,10,15,0.0,0.0,1,propagule,2322,0,0,0.12101636520241171,True,0.005,0.015
1,10,16,0.0,0.0,1,propagule,2301,0,0,0.121251629726206,True,0.005,0.015
1,10,17,0.0,0.0,1,propagule,2280,0,0,0.12324561403508771,True,0.005,0.015
1,10,18,0.0,0.0,1,propagule,4878,0,0,0.053710537105371055,True,0.005,0.015
1,10,19,0.0,0.0,1,propagule,4821,0,0,0.05393071976768305,True,0.005,0.015
1,10,20,0.0,0.0,1,propagule,4758,0,0,0.05401429171920975,True,0.005,0.015
1,10,21,0.0,0.0,1,propagule,4693,0,0,0.053696995525250375,True,0.005,0.015
1,10,22,0.0,0.0,1,propagule,4612,0,0,0.054206418039895926,True,0.005,0.015
1,10,23,0.0,0.0,1,propagule,4545,0,0,0.05478547854785479,True,0.005,0.015
1,10,24,0.0,0.0,1,propagule,4462,0,0,0.055356342447333035,True,0.005,0.015
1,10,25,0.0,0.0,1,propagule,4370,0,0,0.05652173913043478,True,0.005,0.015
1,10,26,0.0,0.0,1,propagule,4291,0,0,0.05663015614075973,True,0.005,0.015
1,10,27,0.0,0.0,1,propagule,4237,0,0,0.05711588388010385,True,0.005,0.015
1,10,28,0.0,0.0,1,propagule,4166,0,0,0.05736917906865099,True,0.005,0.015
1,10,29,0.0,0.0,1,propagule,4086,0,0,0.05824767498776309,True,0.005,0.015
1,10,30,0.0,0.0,1,propagule,4022,0,0,0.058677274987568376,True,0.005,0.015
1,10,31,0.0,0.0,1,propagule,3955,0,0,0.05992414664981037,True,0.005,0.015
1,10,32,0.0,0.0,1,propagule,3875,0,0,0.06012903225806451,True,0.005,0.015
1,10,33,0.0,0.0,1,propagule,3817,0,0,0.06078071784123657,True,0.005,0.015
1,10,34,0.0,0.0,1,propagule,3761,0,0,0.06115394841797394,True,0.005,0.015
1,10,35,0.0,0.0,1,propagule,3722,0,0,0.06179473401397098,True,0.005,0.015
1,10,36,0.0,0.0,1,propagule,3647,0,0,0.062242939402248426,True,0.005,0.015
1,10,37,0.0,0.0,1,propagule,3584,0,0,0.06166294642857143,True,0.005,0.015
1,10,38,0.0,0.0,1,propagule,3561,0,0,0.06262285874754282,True,0.005,0.015
1,10,39,0.0,0.0,1,propagule,3522,0,0,0.06132879045996593,True,0.005,0.015
1,10,40,0.0,0.0,1,propagule,3493,0,0,0.0638419696535929,True,0.005,0.015
1,10,41,0.0,0.0,1,propagule,3448,0,0,0.06235498839907193,True,0.005,0.015
1,10,42,0.0,0.0,1,propagule,3426,0,0,0.0642148277875073,True,0.005,0.015
1,10,43,0.0,0.0,1,propagule,3647,0,0,0.1381957773512476,True,0.005,0.015
1,10,44,0.0,0.0,1,propagule,3338,0,0,0.11324146195326543,True,0.005,0.015
1,10,45,0.0,0.0,1,propagule,3188,0,0,0.10633626097867001,True,0.005,0.015
1,10,46,0.0,0.0,1,propagule,3085,0,0,0.10275526742301459,True,0.005,0.015
1,10,47,0.0,0.0,1,propagule,3012,0,0,0.10424966799468792,True,0.005,0.015
1,10,48,0.0,0.0,1,propagule,2963,0,0,0.10698616267296658,True,0.005,0.015
1,10,49,0.0,0.0,1,propagule,2959,0,0,0.1118621155795877,True,0.005,0.015
1,10,50,0.0,0.0,1,propagule,2948,0,0,0.11431478968792401,True,0.005,0.015
1,10,51,0.0,0.0,1,propagule,2940,0,0,0.11836734693877551,True,0.005,0.015
1,10,52,0.0,0.0,1,propagule,2909,0,0,0.11997249914059814,True,0.005,0.015
1,1,1,0.0,0.0,1,propagule,965,0,0,0.0,True,0.005,0.02
1,1,2,0.0,0.0,1,propagule,965,0,0,0.0,True,0.005,0.02
1,1,3,0.0,0.0,1,propagule,956,0,0,0.0,True,0.005,0.02
1,1,4,0.0,0.0,1,propagule,947,0,0,0.0,True,0.005,0.02
1,1,5,0.0,0.0,1,propagule,926,0,0,0.0,True,0.005,0.02
1,1,6,0.0,0.0,1,propagule,923,0,0,0.0010834236186348862,True,0.005,0.02
1,1,7,0.0,0.0,1,propagule,919,0,0,0.0,True,0.005,0.02
1,1,8,0.0,0.0,1,propagule,920,0,0,0.0010869565217391304,True,0.005,0.02
1,1,9,0.0,0.0,1,propagule,895,0,0,0.0,True,0.005,0.02
1,1,10,0.0,0.0,1,propagule,894,0,0,0.0011185682326621924,True,0.005,0.02
1,1,11,0.0,0.0,1,propagule,879,0,0,0.0011376564277588168,True,0.005,0.02
1,1,12,0.0,0.0,1,propagule,872,0,0,0.0011467889908256881,True,0.005,0.02
1,1,13,0.0,0.0,1,propagule,854,0,0,0.0,True,0.005,0.02
1,1,14,0.0,0.0,1,propagule,853,0,0,0.0011723329425556857,True,0.005,0.02
1,1,15,0.0,0.0,1,propagule,833,0,0,0.0012004801920768306,True,0.005,0.02
1,1,16,0.0,0.0,1,propagule,829,0,0,0.0012062726176115801,True,0.005,0.02
1,1,17,0.0,0.0,1,propagule,815,0,0,0.001226993865030675,True,0.005,0.02
1,1,18,0.0,0.0,1,propagule,2387,0,0,0.0,True,0.005,0.02
1,1,19,0.0,0.0,1,propagule,2297,0,0,0.00043535045711797995,True,0.005,0.02
1,1,20,0.0,0.0,1,propagule,2234,0,0,0.0004476275738585497,True,0.005,0.02
1,1,21,0.0,0.0,1,propagule,2201,0,0,0.00045433893684688776,True,0.005,0.02
1,1,22,0.0,0.0,1,propagule,2126,0,0,0.0009407337723424271,True,0.005,0.02
1,1,23,0.0,0.0,1,propagule,2112,0,0,0.0014204545454545455,True,0.005,0.02
1,1,24,0.0,0.0,1,propagule,2040,0,0,0.0014705882352941176,True,0.005,0.02
1,1,25,0.0,0.0,1,propagule,1999,0,0,0.0015007503751875938,True,0.005,0.02
1,1,26,0.0,0.0,1,propagule,1943,0,0,0.002058672156459084,True,0.005,0.02
1,1,27,0.0,0.0,1,propagule,1915,0,0,0.0026109660574412533,True,0.005,0.02
1,1,28,0.0,0.0,1,propagule,1872,0,0,0.002670940170940171,True,0.005,0.02
1,1,29,0.0,0.0,1,propagule,1841,0,0,0.0032590983161325366,True,0.005,0.02
1,1,30,0.0,0.0,1,propagule,1754,0,0,0.0034207525655644243,True,0.005,0.02
1,1,31,0.0,0.0,1,propagule,1746,0,0,0.003436426116838488,True,0.005,0.02
1,1,32,0.0,0.0,1,propagule,1707,0,0,0.004100761570005858,True,0.005,0.02
1,1,33,0.0,0.0,1,propagule,1709,0,0,0.005851375073142188,True,0.005,0.02
1,1,34,0.0,0.0,1,propagule,1676,0,0,0.0053699284009546535,True,0.005,0.02
1,1,35,0.0,0.0,1,propagule,1621,0,0,0.006169031462060457,True,0.005,0.02
1,1,36,0.0,0.0,1,propagule,1579,0,0,0.006966434452184927,True,0.005,0.02
1,1,37,0.0,0.0,1,propagule,1563,0,0,0.012795905310300703,True,0.005,0.02
1,1,38,0.0,0.0,1,propagule,1533,0,0,0.009784735812133072,True,0.005,0.02
1,1,39,0.0,0.0,1,propagule,1522,0,0,0.012483574244415242,True,0.005,0.02
1,1,40,0.0,0.0,1,propagule,1486,0,0,0.011440107671601614,True,0.005,0.02
1,1,41,0.0,0.0,1,propagule,1478,0,0,0.013531799729364006,True,0.005,0.02
1,1,42,0.0,0.0,1,propagule,1458,0,0,0.018518518518518517,True,0.005,0.02
1,1,43,0.0,0.0,1,propagule,1491,0,0,0.035546613011401745,True,0.005,0.02
1,1,44,0.0,0.0,1,propagule,1458,0,0,0.03497942386831276,True,0.005,0.02
1,1,45,0.0,0.0,1,propagule,1431,0,0,0.03494060097833683,True,0.005,0.02
1,1,46,0.0,0.0,1,propagule,1418,0,0,0.03173483779971791,True,0.005,0.02
1,1,47,0.0,0.0,1,propagule,1400,0,0,0.03357142857142857,True,0.005,0.02
1,1,48,0.0,0.0,1,propagule,1390,0,0,0.03093525179856115,True,0.005,0.02
1,1,49,0.0,0.0,1,propagule,1366,0,0,0.0314787701317716,True,0.005,0.02
1,1,50,0.0,0.0,1,propagule,1332,0,0,0.03003003003003003,True,0.005,0.02
1,1,51,0.0,0.0,1,propagule,1315,0,0,0.03193916349809886,True,0.005,0.02
1,1,52,0.0,0.0,1,propagule,1293,0,0,0.033255993812838364,True,0.005,0.02
1,2,1,0.0,0.0,1,propagule,1283,0,0,0.03273577552611068,True,0.005,0.02
1,2,2,0.0,0.0,1,propagule,1283,0,0,0.03195635229929852,True,0.005,0.02
1,2,3,0.0,0.0,1,propagule,1265,0,0,0.03399209486166008,True,0.005,0.02
1,2,4,0.0,0.0,1,propagule,1257,0,0,0.03341288782816229,True,0.005,0.02
1,2,5,0.0,0.0,1,propagule,1229,0,0,0.03254678600488202,True,0.005,0.02
1,2,6,0.0,0.0,1,propagule,1232,0,0,0.03409090909090909,True,0.005,0.02
1,2,7,0.0,0.0,1,propagule,1217,0,0,0.03368940016433854,True,0.005,0.02
1,2,8,0.0,0.0,1,propagule,1194,0,0,0.03433835845896147,True,0.005,0.02
1,2,9,0.0,0.0,1,propagule,1195,0,0,0.03347280334728033,True,0.005,0.02
1,2,10,0.0,0.0,1,propagule,1181,0,0,0.03471634208298052,True,0.005,0.02
1,2,11,0.0,0.0,1,propagule,1182,0,0,0.03299492385786802,True,0.005,0.02
1,2,12,0.0,0.0,1,propagule,1144,0,0,0.03496503496503497,True,0.005,0.02
1,2,13,0.0,0.0,1,propagule,1153,0,0,0.03642671292281006,True,0.005,0.02
1,2,14,0.0,0.0,1,propagule,1136,0,0,0.03961267605633803,True,0.005,0.02
1,2,15,0.0,0.0,1,propagule,1132,0,0,0.03975265017667844,True,0.005,0.02
1,2,16,0.0,0.0,1,propagule,1125,0,0,0.04,True,0.005,0.02
1,2,17,0.0,0.0,1,propagule,1112,0,0,0.040467625899280574,True,0.005,0.02
1,2,18,0.0,0.0,1,propagule,2030,0,0,0.022660098522167486,True,0.005,0.02
1,2,19,0.0,0.0,1,propagule,1965,0,0,0.02188295165394402,True,0.005,0.02
1,2,20,0.0,0.0,1,propagule,1911,0,0,0.023024594453165882,True,0.005,0.02
1,2,21,0.0,0.0,1,propagule,1876,0,0,0.02025586353944563,True,0.005,0.02
1,2,22,0.0,0.0,1,propagule,1878,0,0,0.020766773162939296,True,0.005,0.02
1,2,23,0.0,0.0,1,propagule,1831,0,0,0.020207536865101038,True,0.005,0.02
1,2,24,0.0,0.0,1,propagule,1818,0,0,0.02145214521452145,True,0.005,0.02
1,2,25,0.0,0.0,1,propagule,1753,0,0,0.019965772960638905,True,0.005,0.02
1,2,26,0.0,0.0,1,propagule,1718,0,0,0.023282887077997673,True,0.005,0.02
1,2,27,0.0,0.0,1,propagule,1701,0,0,0.02175191064079953,True,0.005,0.02
1,2,28,0.0,0.0,1,propagule,1695,0,0,0.02182890855457227,True,0.005,0.02
1,2,29,0.0,0.0,1,propagule,1668,0,0,0.020983213429256596,True,0.005,0.02
1,2,30,0.0,0.0,1,propagule,1642,0,0,0.02253349573690621,True,0.005,0.02
1,2,31,0.0,0.0,1,propagule,1608,0,0,0.020522388059701493,True,0.005,0.02
1,2,32,0.0,0.0,1,propagule,1577,0,0,0.024096385542168676,True,0.005,0.02
1,2,33,0.0,0.0,1,propagule,1559,0,0,0.021167415009621552,True,0.005,0.02
1,2,34,0.0,0.0,1,propagule,1517,0,0,0.021753460777851022,True,0.005,0.02
1,2,35,0.0,0.0,1,propagule,1513,0,0,0.021810971579643092,True,0.005,0.02
1,2,36,0.0,0.0,1,propagule,1484,0,0,0.027628032345013476,True,0.005,0.02
1,2,37,0.0,0.0,1,propagule,1462,0,0,0.02667578659370725,True,0.005,0.02
1,2,38,0.0,0.0,1,propagule,1428,0,0,0.02661064425770308,True,0.005,0.02
1,2,39,0.0,0.0,1,propagule,1432,0,0,0.02653631284916201,True,0.005,0.02
1,2,40,0.0,0.0,1,propagule,1395,0,0,0.02867383512544803,True,0.005,0.02
1,2,41,0.0,0.0,1,propagule,1395,0,0,0.030107526881720432,True,0.005,0.02
1,2,42,0.0,0.0,1,propagule,1370,0,0,0.03576642335766423,True,0.005,0.02
1,2,43,0.0,0.0,1,propagule,1482,0,0,0.08704453441295547,True,0.005,0.02
1,2,44,0.0,0.0,1,propagule,1387,0,0,0.06633020908435472,True,0.005,0.02
1,2,45,0.0,0.0,1,propagule,1365,0,0,0.05860805860805861,True,0.005,0.02
1,2,46,0.0,0.0,1,propagule,1328,0,0,0.05647590361445783,True,0.005,0.02
1,2,47,0.0,0.0,1,propagule,1315,0,0,0.05095057034220532,True,0.005,0.02
1,2,48,0.0,0.0,1,propagule,1292,0,0,0.05185758513931889,True,0.005,0.02
1,2,49,0.0,0.0,1,propagule,1293,0,0,0.05259087393658159,True,0.005,0.02
1,2,50,0.0,0.0,1,propagule,1253,0,0,0.04868316041500399,True,0.005,0.02
1,2,51,0.0,0.0,1,propagule,1258,0,0,0.05405405405405406,True,0.005,0.02
1,2,52,0.0,0.0,1,propagule,1222,0,0,0.04991816693944354,True,0.005,0.02
1,3,1,0.0,0.0,1,propagule,1235,0,0,0.055870445344129556,True,0.005,0.02
1,3,2,0.0,0.0,1,propagule,1196,0,0,0.057692307692307696,True,0.005,0.02
1,3,3,0.0,0.0,1,propagule,1203,0,0,0.06317539484621779,True,0.005,0.02
1,3,4,0.0,0.0,1,propagule,1165,0,0,0.0592274678111588,True,0.005,0.02
1,3,5,0.0,0.0,1,propagule,1169,0,0,0.06330196749358426,True,0.005,0.02
1,3,6,0.0,0.0,1,propagule,1128,0,0,0.06028368794326241,True,0.005,0.02
1,3,7,0.0,0.0,1,propagule,1146,0,0,0.0636998254799302,True,0.005,0.02
1,3,8,0.0,0.0,1,propagule,1108,0,0,0.061371841155234655,True,0.005,0.02
1,3,9,0.0,0.0,1,propagule,1112,0,0,0.06294964028776978,True,0.005,0.02
1,3,10,0.0,0.0,1,propagule,1063,0,0,0.060206961429915336,True,0.005,0.02
1,3,11,0.0,0.0,1,propagule,1100,0,0,0.07090909090909091,True,0.005,0.02
1,3,12,0.0,0.0,1,propagule,1047,0,0,0.06303724928366762,True,0.005,0.02
1,3,13,0.0,0.0,1,propagule,1070,0,0,0.06822429906542056,True,0.005,0.02
1,3,14,0.0,0.0,1,propagule,1025,0,0,0.06146341463414634,True,0.005,0.02
1,3,15,0.0,0.0,1,propagule,1054,0,0,0.07020872865275142,True,0.005,0.02
1,3,16,0.0,0.0,1,propagule,1030,0,0,0.06504854368932039,True,0.005,0.02
1,3,17,0.0,0.0,1,propagule,1034,0,0,0.06866537717601548,True,0.005,0.02
1,3,18,0.0,0.0,1,propagule,2234,0,0,0.03088630259623993,True,0.005,0.02
1,3,19,0.0,0.0,1,propagule,2251,0,0,0.03198578409595735,True,0.005,0.02
1,3,20,0.0,0.0,1,propagule,2114,0,0,0.03122043519394513,True,0.005,0.02
1,3,21,0.0,0.0,1,propagule,2113,0,0,0.03076194983435873,True,0.005,0.02
1,3,22,0.0,0.0,1,propagule,1997,0,0,0.03104656985478217,True,0.005,0.02
1,3,23,0.0,0.0,1,propagule,2037,0,0,0.029945999018163968,True,0.005,0.02
1,3,24,0.0,0.0,1,propagule,1948,0,0,0.030287474332648872,True,0.005,0.02
1,3,25,0.0,0.0,1,propagule,1969,0,0,0.029456576942610464,True,0.005,0.02
1,3,26,0.0,0.0,1,propagule,1875,0,0,0.0304,True,0.005,0.02
1,3,27,0.0,0.0,1,propagule,1896,0,0,0.029535864978902954,True,0.005,0.02
1,3,28,0.0,0.0,1,propagule,1795,0,0,0.029526462395543174,True,0.005,0.02
1,3,29,0.0,0.0,1,propagule,1818,0,0,0.0319031903190319,True,0.005,0.02
1,3,30,0.0,0.0,1,propagule,1698,0,0,0.032391048292108364,True,0.005,0.02
1,3,31,0.0,0.0,1,propagule,1748,0,0,0.032036613272311214,True,0.005,0.02
1,3,32,0.0,0.0,1,propagule,1636,0,0,0.03178484107579462,True,0.005,0.02
1,3,33,0.0,0.0,1,propagule,1673,0,0,0.0328750747160789,True,0.005,0.02
1,3,34,0.0,0.0,1,propagule,1559,0,0,0.0359204618345093,True,0.005,0.02
1,3,35,0.0,0.0,1,propagule,1596,0,0,0.03383458646616541,True,0.005,0.02
1,3,36,0.0,0.0,1,propagule,1498,0,0,0.04072096128170895,True,0.005,0.02
1,3,37,0.0,0.0,1,propagule,1537,0,0,0.04098893949251789,True,0.005,0.02
1,3,38,0.0,0.0,1,propagule,1466,0,0,0.04911323328785812,True,0.005,0.02
1,3,39,0.0,0.0,1,propagule,1481,0,0,0.042538825118163405,True,0.005,0.02
1,3,40,0.0,0.0,1,propagule,1438,0,0,0.048678720445062586,True,0.005,0.02
1,3,41,0.0,0.0,1,propagule,1431,0,0,0.0440251572327044,True,0.005,0.02
1,3,42,0.0,0.0,1,propagule,1441,0,0,0.056210964607911175,True,0.005,0.02
1,3,43,0.0,0.0,1,propagule,1544,0,0,0.1133419689119171,True,0.005,0.02
1,3,44,0.0,0.0,1,propagule,1408,0,0,0.09588068181818182,True,0.005,0.02
1,3,45,0.0,0.0,1,propagule,1364,0,0,0.08944281524926687,True,0.005,0.02
1,3,46,0.0,0.0,1,propagule,1328,0,0,0.08358433734939759,True,0.005,0.02
1,3,47,0.0,0.0,1,propagule,1351,0,0,0.09400444115470022,True,0.005,0.02
1,3,48,0.0,0.0,1,propagule,1328,0,0,0.09262048192771084,True,0.005,0.02
1,3,49,0.0,0.0,1,propagule,1361,0,0,0.10360029390154299,True,0.005,0.02
1,3,50,0.0,0.0,1,propagule,1293,0,0,0.09667440061871617,True,0.005,0.02
1,3,51,0.0,0.0,1,propagule,1351,0,0,0.10954848260547742,True,0.005,0.02
1,3,52,0.0,0.0,1,propagule,1305,0,0,0.09808429118773947,True,0.005,0.02
1,4,1,0.0,0.0,1,propagule,1320,0,0,0.10909090909090909,True,0.005,0.02
1,4,2,0.0,0.0,1,propagule,1322,0,0,0.11119515885022693,True,0.005,0.02
1,4,3,0.0,0.0,1,propagule,1286,0,0,0.1088646967340591,True,0.005,0.02
1,4,4,0.0,0.0,1,propagule,1266,0,0,0.10900473933649289,True,0.005,0.02
1,4,5,0.0,0.0,1,propagule,1301,0,0,0.12067640276710223,True,0.005,0.02
1,4,6,0.0,0.0,1,propagule,1247,0,0,0.11146752205292702,True,0.005,0.02
1,4,7,0.0,0.0,1,propagule,1261,0,0,0.11498810467882632,True,0.005,0.02
1,4,8,0.0,0.0,1,propagule,1197,0,0,0.10442773600668337,True,0.005,0.02
1,4,9,0.0,0.0,1,propagule,1218,0,0,0.11330049261083744,True,0.005,0.02
1,4,10,0.0,0.0,1,propagule,1173,0,0,0.1082693947144075,True,0.005,0.02
1,4,11,0.0,0.0,1,propagule,1197,0,0,0.11445279866332497,True,0.005,0.02
1,4,12,0.0,0.0,1,propagule,1157,0,0,0.11063094209161625,True,0.005,0.02
1,4,13,0.0,0.0,1,propagule,1178,0,0,0.1230899830220713,True,0.005,0.02
1,4,14,0.0,0.0,1,propagule,1121,0,0,0.11507582515611062,True,0.005,0.02
1,4,15,0.0,0.0,1,propagule,1145,0,0,0.12489082969432315,True,0.005,0.02
1,4,16,0.0,0.0,1,propagule,1113,0,0,0.11680143755615453,True,0.005,0.02
1,4,17,0.0,0.0,1,propagule,1138,0,0,0.12126537785588752,True,0.005,0.02
1,4,18,0.0,0.0,1,propagule,2370,0,0,0.0510548523206751,True,0.005,0.02
1,4,19,0.0,0.0,1,propagule,2430,0,0,0.056790123456790124,True,0.005,0.02
1,4,20,0.0,0.0,1,propagule,2192,0,0,0.04881386861313869,True,0.005,0.02
1,4,21,0.0,0.0,1,propagule,2285,0,0,0.05864332603938731,True,0.005,0.02
1,4,22,0.0,0.0,1,propagule,2104,0,0,0.05275665399239544,True,0.005,0.02
1,4,23,0.0,0.0,1,propagule,2139,0,0,0.05703599812996728,True,0.005,0.02
1,4,24,0.0,0.0,1,propagule,2057,0,0,0.056878949927078266,True,0.005,0.02
1,4,25,0.0,0.0,1,propagule,2065,0,0,0.05811138014527845,True,0.005,0.02
1,4,26,0.0,0.0,1,propagule,1978,0,0,0.05864509605662285,True,0.005,0.02
1,4,27,0.0,0.0,1,propagule,1994,0,0,0.05917753259779338,True,0.005,0.02
1,4,28,0.0,0.0,1,propagule,1926,0,0,0.060228452751817235,True,0.005,0.02
1,4,29,0.0,0.0,1,propagule,1898,0,0,0.06111696522655427,True,0.005,0.02
1,4,30,0.0,0.0,1,propagule,1841,0,0,0.06463878326996197,True,0.005,0.02
1,4,31,0.0,0.0,1,propagule,1847,0,0,0.06713589604764483,True,0.005,0.02
1,4,32,0.0,0.0,1,propagule,1747,0,0,0.06410990269032628,True,0.005,0.02
1,4,33,0.0,0.0,1,propagule,1745,0,0,0.067621776504298,True,0.005,0.02
1,4,34,0.0,0.0,1,propagule,1676,0,0,0.0662291169451074,True,0.005,0.02
1,4,35,0.0,0.0,1,propagule,1664,0,0,0.0673076923076923,True,0.005,0.02
1,4,36,0.0,0.0,1,propagule,1636,0,0,0.06662591687041565,True,0.005,0.02
1,4,37,0.0,0.0,1,propagule,1585,0,0,0.06498422712933755,True,0.005,0.02
1,4,38,0.0,0.0,1,propagule,1577,0,0,0.06721623335447051,True,0.005,0.02
1,4,39,0.0,0.0,1,propagule,1547,0,0,0.0698125404007757,True,0.005,0.02
1,4,40,0.0,0.0,1,propagule,1537,0,0,0.06441119063109954,True,0.005,0.02
1,4,41,0.0,0.0,1,propagule,1478,0,0,0.06495263870094722,True,0.005,0.02
1,4,42,0.0,0.0,1,propagule,1477,0,0,0.06702775897088693,True,0.005,0.02
1,4,43,0.0,0.0,1,propagule,1587,0,0,0.14429741650913674,True,0.005,0.02
1,4,44,0.0,0.0,1,propagule,1467,0,0,0.12338104976141787,True,0.005,0.02
1,4,45,0.0,0.0,1,propagule,1415,0,0,0.1137809187279152,True,0.005,0.02
1,4,46,0.0,0.0,1,propagule,1397,0,0,0.10880458124552612,True,0.005,0.02
1,4,47,0.0,0.0,1,propagule,1367,0,0,0.11265544989027067,True,0.005,0.02
1,4,48,0.0,0.0,1,propagule,1382,0,0,0.1150506512301013,True,0.005,0.02
1,4,49,0.0,0.0,1,propagule,1365,0,0,0.11428571428571428,True,0.005,0.02
1,4,50,0.0,0.0,1,propagule,1381,0,0,0.12382331643736423,True,0.005,0.02
1,4,51,0.0,0.0,1,propagule,1363,0,0,0.12179016874541453,True,0.005,0.02
1,4,52,0.0,0.0,1,propagule,1358,0,0,0.12297496318114874,True,0.005,0.02
1,5,1,0.0,0.0,1,propagule,1326,0,0,0.11840120663650075,True,0.005,0.02
1,5,2,0.0,0.0,1,propagule,1320,0,0,0.12803030303030302,True,0.005,0.02
1,5,3,0.0,0.0,1,propagule,1291,0,0,0.12316034082106894,True,0.005,0.02
1,5,4,0.0,0.0,1,propagule,1292,0,0,0.13157894736842105,True,0.005,0.02
1,5,5,0.0,0.0,1,propagule,1256,0,0,0.12738853503184713,True,0.005,0.02
1,5,6,0.0,0.0,1,propagule,1256,0,0,0.13296178343949044,True,0.005,0.02
1,5,7,0.0,0.0,1,propagule,1244,0,0,0.13263665594855306,True,0.005,0.02
1,5,8,0.0,0.0,1,propagule,1230,0,0,0.13577235772357724,True,0.005,0.02
1,5,9,0.0,0.0,1,propagule,1201,0,0,0.1357202331390508,True,0.005,0.02
1,5,10,0.0,0.0,1,propagule,1194,0,0,0.1373534338358459,True,0.005,0.02
1,5,11,0.0,0.0,1,propagule,1166,0,0,0.13379073756432247,True,0.005,0.02
1,5,12,0.0,0.0,1,propagule,1164,0,0,0.13573883161512026,True,0.005,0.02
1,5,13,0.0,0.0,1,propagule,1147,0,0,0.13513513513513514,True,0.005,0.02
1,5,14,0.0,0.0,1,propagule,1144,0,0,0.13986013986013987,True,0.005,0.02
1,5,15,0.0,0.0,1,propagule,1129,0,0,0.1408325952170062,True,0.005,0.02
1,5,16,0.0,0.0,1,propagule,1116,0,0,0.13978494623655913,True,0.005,0.02
1,5,17,0.0,0.0,1,propagule,1096,0,0,0.14142335766423358,True,0.005,0.02
1,5,18,0.0,0.0,1,propagule,2551,0,0,0.06154449235593885,True,0.005,0.02
1,5,19,0.0,0.0,1,propagule,2491,0,0,0.05941389000401445,True,0.005,0.02
1,5,20,0.0,0.0,1,propagule,2450,0,0,0.06326530612244897,True,0.005,0.02
1,5,21,0.0,0.0,1,propagule,2325,0,0,0.05978494623655914,True,0.005,0.02
1,5,22,0.0,0.0,1,propagule,2333,0,0,0.06429489927132448,True,0.005,0.02
1,5,23,0.0,0.0,1,propagule,2176,0,0,0.06112132352941176,True,0.005,0.02
1,5,24,0.0,0.0,1,propagule,2217,0,0,0.06585475868290483,True,0.005,0.02
1,5,25,0.0,0.0,1,propagule,2137,0,0,0.0645765091249415,True,0.005,0.02
1,5,26,0.0,0.0,1,propagule,2145,0,0,0.06433566433566433,True,0.005,0.02
1,5,27,0.0,0.0,1,propagule,2011,0,0,0.06464445549477872,True,0.005,0.02
1,5,28,0.0,0.0,1,propagule,2072,0,0,0.06611969111969113,True,0.005,0.02
1,5,29,0.0,0.0,1,propagule,1943,0,0,0.06690684508492023,True,0.005,0.02
1,5,30,0.0,0.0,1,propagule,1967,0,0,0.06761565836298933,True,0.005,0.02
1,5,31,0.0,0.0,1,propagule,1856,0,0,0.06950431034482758,True,0.005,0.02
1,5,32,0.0,0.0,1,propagule,1892,0,0,0.06871035940803383,True,0.005,0.02
1,5,33,0.0,0.0,1,propagule,1853,0,0,0.07069616837560712,True,0.005,0.02
1,5,34,0.0,0.0,1,propagule,1711,0,0,0.06779661016949153,True,0.005,0.02
1,5,35,0.0,0.0,1,propagule,1765,0,0,0.07252124645892351,True,0.005,0.02
1,5,36,0.0,0.0,1,propagule,1677,0,0,0.0691711389385808,True,0.005,0.02
1,5,37,0.0,0.0,1,propagule,1726,0,0,0.08227114716106605,True,0.005,0.02
1,5,38,0.0,0.0,1,propagule,1643,0,0,0.07303712720632989,True,0.005,0.02
1,5,39,0.0,0.0,1,propagule,1650,0,0,0.08,True,0.005,0.02
1,5,40,0.0,0.0,1,propagule,1622,0,0,0.07829839704069051,True,0.005,0.02
1,5,41,0.0,0.0,1,propagule,1608,0,0,0.07960199004975124,True,0.005,0.02
1,5,42,0.0,0.0,1,propagule,1576,0,0,0.07868020304568528,True,0.005,0.02
1,5,43,0.0,0.0,1,propagule,1684,0,0,0.16152019002375298,True,0.005,0.02
1,5,44,0.0,0.0,1,propagule,1514,0,0,0.13936591809775428,True,0.005,0.02
1,5,45,0.0,0.0,1,propagule,1424,0,0,0.12780898876404495,True,0.005,0.02
1,5,46,0.0,0.0,1,propagule,1401,0,0,0.13276231263383298,True,0.005,0.02
1,5,47,0.0,0.0,1,propagule,1365,0,0,0.12967032967032968,True,0.005,0.02
1,5,48,0.0,0.0,1,propagule,1370,0,0,0.12700729927007298,True,0.005,0.02
1,5,49,0.0,0.0,1,propagule,1361,0,0,0.13299044819985306,True,0.005,0.02
1,5,50,0.0,0.0,1,propagule,1350,0,0,0.12962962962962962,True,0.005,0.02
1,5,51,0.0,0.0,1,propagule,1327,0,0,0.1303692539562924,True,0.005,0.02
1,5,52,0.0,0.0,1,propagule,1331,0,0,0.13448534936138243,True,0.005,0.02
1,6,1,0.0,0.0,1,propagule,1314,0,0,0.136986301369863,True,0.005,0.02
1,6,2,0.0,0.0,1,propagule,1278,0,0,0.13536776212832552,True,0.005,0.02
1,6,3,0.0,0.0,1,propagule,1295,0,0,0.13976833976833977,True,0.005,0.02
1,6,4,0.0,0.0,1,propagule,1258,0,0,0.13195548489666137,True,0.005,0.02
1,6,5,0.0,0.0,1,propagule,1249,0,0,0.13530824659727783,True,0.005,0.02
1,6,6,0.0,0.0,1,propagule,1218,0,0,0.13136288998357964,True,0.005,0.02
1,6,7,0.0,0.0,1,propagule,1212,0,0,0.1353135313531353,True,0.005,0.02
1,6,8,0.0,0.0,1,propagule,1197,0,0,0.13533834586466165,True,0.005,0.02
1,6,9,0.0,0.0,1,propagule,1189,0,0,0.1345668629100084,True,0.005,0.02
1,6,10,0.0,0.0,1,propagule,1172,0,0,0.13395904436860068,True,0.005,0.02
1,6,11,0.0,0.0,1,propagule,1167,0,0,0.13624678663239073,True,0.005,0.02
1,6,12,0.0,0.0,1,propagule,1144,0,0,0.1346153846153846,True,0.005,0.02
1,6,13,0.0,0.0,1,propagule,1141,0,0,0.13672217353198948,True,0.005,0.02
1,6,14,0.0,0.0,1,propagule,1121,0,0,0.13559322033898305,True,0.005,0.02
1,6,15,0.0,0.0,1,propagule,1120,0,0,0.14017857142857143,True,0.005,0.02
1,6,16,0.0,0.0,1,propagule,1092,0,0,0.1391941391941392,True,0.005,0.02
1,6,17,0.0,0.0,1,propagule,1089,0,0,0.13957759412304868,True,0.005,0.02
1,6,18,0.0,0.0,1,propagule,2447,0,0,0.06089088680016347,True,0.005,0.02
1,6,19,0.0,0.0,1,propagule,2442,0,0,0.061015561015561014,True,0.005,0.02
1,6,20,0.0,0.0,1,propagule,2380,0,0,0.06218487394957983,True,0.005,0.02
1,6,21,0.0,0.0,1,propagule,2374,0,0,0.062342038753159225,True,0.005,0.02
1,6,22,0.0,0.0,1,propagule,2313,0,0,0.06355382619974059,True,0.005,0.02
1,6,23,0.0,0.0,1,propagule,2233,0,0,0.06448723690103,True,0.005,0.02
1,6,24,0.0,0.0,1,propagule,2224,0,0,0.06564748201438848,True,0.005,0.02
1,6,25,0.0,0.0,1,propagule,2152,0,0,0.06784386617100371,True,0.005,0.02
1,6,26,0.0,0.0,1,propagule,2134,0,0,0.06794751640112465,True,0.005,0.02
1,6,27,0.0,0.0,1,propagule,2066,0,0,0.06824782187802517,True,0.005,0.02
1,6,28,0.0,0.0,1,propagule,2067,0,0,0.06676342525399129,True,0.005,0.02
1,6,29,0.0,0.0,1,propagule,2015,0,0,0.0674937965260546,True,0.005,0.02
1,6,30,0.0,0.0,1,propagule,1994,0,0,0.06720160481444333,True,0.005,0.02
1,6,31,0.0,0.0,1,propagule,1949,0,0,0.06824012314007183,True,0.005,0.02
1,6,32,0.0,0.0,1,propagule,1941,0,0,0.0716125708397733,True,0.005,0.02
1,6,33,0.0,0.0,1,propagule,1891,0,0,0.07297726070861978,True,0.005,0.02
1,6,34,0.0,0.0,1,propagule,1870,0,0,0.07433155080213903,True,0.005,0.02
1,6,35,0.0,0.0,1,propagule,1789,0,0,0.0737842370039128,True,0.005,0.02
1,6,36,0.0,0.0,1,propagule,1776,0,0,0.07657657657657657,True,0.005,0.02
1,6,37,0.0,0.0,1,propagule,1730,0,0,0.07572254335260116,True,0.005,0.02
1,6,38,0.0,0.0,1,propagule,1742,0,0,0.08036739380022963,True,0.005,0.02
1,6,39,0.0,0.0,1,propagule,1719,0,0,0.07795229784758581,True,0.005,0.02
1,6,40,0.0,0.0,1,propagule,1687,0,0,0.08061647895672792,True,0.005,0.02
1,6,41,0.0,0.0,1,propagule,1648,0,0,0.07888349514563107,True,0.005,0.02
1,6,42,0.0,0.0,1,propagule,1650,0,0,0.08363636363636363,True,0.005,0.02
1,6,43,0.0,0.0,1,propagule,1788,0,0,0.17785234899328858,True,0.005,0.02
1,6,44,0.0,0.0,1,propagule,1585,0,0,0.15772870662460567,True,0.005,0.02
1,6,45,0.0,0.0,1,propagule,1485,0,0,0.1420875420875421,True,0.005,0.02
1,6,46,0.0,0.0,1,propagule,1445,0,0,0.1370242214532872,True,0.005,0.02
1,6,47,0.0,0.0,1,propagule,1415,0,0,0.1321554770318021,True,0.005,0.02
1,6,48,0.0,0.0,1,propagule,1405,0,0,0.13238434163701068,True,0.005,0.02
1,6,49,0.0,0.0,1,propagule,1390,0,0,0.13309352517985612,True,0.005,0.02
1,6,50,0.0,0.0,1,propagule,1367,0,0,0.12948061448427212,True,0.005,0.02
1,6,51,0.0,0.0,1,propagule,1341,0,0,0.13273676360924683,True,0.005,0.02
1,6,52,0.0,0.0,1,propagule,1333,0,0,0.13653413353338334,True,0.005,0.02
1,7,1,0.0,0.0,1,propagule,1294,0,0,0.13601236476043277,True,0.005,0.02
1,7,2,0.0,0.0,1,propagule,1287,0,0,0.1383061383061383,True,0.005,0.02
1,7,3,0.0,0.0,1,propagule,1264,0,0,0.13528481012658228,True,0.005,0.02
1,7,4,0.0,0.0,1,propagule,1258,0,0,0.14149443561208266,True,0.005,0.02
1,7,5,0.0,0.0,1,propagule,1257,0,0,0.1424025457438345,True,0.005,0.02
1,7,6,0.0,0.0,1,propagule,1239,0,0,0.14447134786117838,True,0.005,0.02
1,7,7,0.0,0.0,1,propagule,1213,0,0,0.14591920857378401,True,0.005,0.02
1,7,8,0.0,0.0,1,propagule,1202,0,0,0.14309484193011648,True,0.005,0.02
1,7,9,0.0,0.0,1,propagule,1198,0,0,0.14607679465776294,True,0.005,0.02
1,7,10,0.0,0.0,1,propagule,1173,0,0,0.14492753623188406,True,0.005,0.02
1,7,11,0.0,0.0,1,propagule,1168,0,0,0.14726027397260275,True,0.005,0.02
1,7,12,0.0,0.0,1,propagule,1159,0,0,0.1458153580672994,True,0.005,0.02
1,7,13,0.0,0.0,1,propagule,1150,0,0,0.14695652173913043,True,0.005,0.02
1,7,14,0.0,0.0,1,propagule,1128,0,0,0.14627659574468085,True,0.005,0.02
1,7,15,0.0,0.0,1,propagule,1118,0,0,0.148479427549195,True,0.005,0.02
1,7,16,0.0,0.0,1,propagule,1102,0,0,0.14609800362976408,True,0.005,0.02
1,7,17,0.0,0.0,1,propagule,1090,0,0,0.14678899082568808,True,0.005,0.02
1,7,18,0.0,0.0,1,propagule,2565,0,0,0.06276803118908382,True,0.005,0.02
1,7,19,0.0,0.0,1,propagule,2465,0,0,0.06206896551724138,True,0.005,0.02
1,7,20,0.0,0.0,1,propagule,2430,0,0,0.06296296296296296,True,0.005,0.02
1,7,21,0.0,0.0,1,propagule,2344,0,0,0.06228668941979522,True,0.005,0.02
1,7,22,0.0,0.0,1,propagule,2308,0,0,0.06499133448873484,True,0.005,0.02
1,7,23,0.0,0.0,1,propagule,2239,0,0,0.06610093791871371,True,0.005,0.02
1,7,24,0.0,0.0,1,propagule,2179,0,0,0.06654428636989444,True,0.005,0.02
1,7,25,0.0,0.0,1,propagule,2132,0,0,0.0675422138836773,True,0.005,0.02
1,7,26,0.0,0.0,1,propagule,2050,0,0,0.06682926829268293,True,0.005,0.02
1,7,27,0.0,0.0,1,propagule,2002,0,0,0.06743256743256744,True,0.005,0.02
1,7,28,0.0,0.0,1,propagule,1941,0,0,0.06646058732612056,True,0.005,0.02
1,7,29,0.0,0.0,1,propagule,1922,0,0,0.06815816857440167,True,0.005,0.02
1,7,30,0.0,0.0,1,propagule,1910,0,0,0.06701570680628273,True,0.005,0.02
1,7,31,0.0,0.0,1,propagule,1878,0,0,0.07028753993610223,True,0.005,0.02
1,7,32,0.0,0.0,1,propagule,1845,0,0,0.07154471544715447,True,0.005,0.02
1,7,33,0.0,0.0,1,propagule,1816,0,0,0.07268722466960352,True,0.005,0.02
1,7,34,0.0,0.0,1,propagule,1781,0,0,0.07186973610331275,True,0.005,0.02
1,7,35,0.0,0.0,1,propagule,1741,0,0,0.07179781734635267,True,0.005,0.02
1,7,36,0.0,0.0,1,propagule,1699,0,0,0.07180694526191878,True,0.005,0.02
1,7,37,0.0,0.0,1,propagule,1670,0,0,0.07425149700598803,True,0.005,0.02
1,7,38,0.0,0.0,1,propagule,1656,0,0,0.07729468599033816,True,0.005,0.02
1,7,39,0.0,0.0,1,propagule,1625,0,0,0.07876923076923077,True,0.005,0.02
1,7,40,0.0,0.0,1,propagule,1591,0,0,0.0785669390320553,True,0.005,0.02
1,7,41,0.0,0.0,1,propagule,1564,0,0,0.079923273657289,True,0.005,0.02
1,7,42,0.0,0.0,1,propagule,1553,0,0,0.08177720540888603,True,0.005,0.02
1,7,43,0.0,0.0,1,propagule,1754,0,0,0.19897377423033066,True,0.005,0.02
1,7,44,0.0,0.0,1,propagule,1533,0,0,0.17547292889758642,True,0.005,0.02
1,7,45,0.0,0.0,1,propagule,1417,0,0,0.16231474947071278,True,0.005,0.02
1,7,46,0.0,0.0,1,propagule,1371,0,0,0.15900802334062727,True,0.005,0.02
1,7,47,0.0,0.0,1,propagule,1342,0,0,0.1572280178837556,True,0.005,0.02
1,7,48,0.0,0.0,1,propagule,1335,0,0,0.16254681647940075,True,0.005,0.02
1,7,49,0.0,0.0,1,propagule,1322,0,0,0.16187594553706505,True,0.005,0.02
1,7,50,0.0,0.0,1,propagule,1300,0,0,0.15923076923076923,True,0.005,0.02
1,7,51,0.0,0.0,1,propagule,1296,0,0,0.16049382716049382,True,0.005,0.02
1,7,52,0.0,0.0,1,propagule,1279,0,0,0.16262705238467554,True,0.005,0.02
1,8,1,0.0,0.0,1,propagule,1275,0,0,0.1631372549019608,True,0.005,0.02
1,8,2,0.0,0.0,1,propagule,1255,0,0,0.1657370517928287,True,0.005,0.02
1,8,3,0.0,0.0,1,propagule,1233,0,0,0.16626115166261152,True,0.005,0.02
1,8,4,0.0,0.0,1,propagule,1212,0,0,0.16666666666666666,True,0.005,0.02
1,8,5,0.0,0.0,1,propagule,1211,0,0,0.16680429397192403,True,0.005,0.02
1,8,6,0.0,0.0,1,propagule,1203,0,0,0.16874480465502908,True,0.005,0.02
1,8,7,0.0,0.0,1,propagule,1192,0,0,0.17281879194630873,True,0.005,0.02
1,8,8,0.0,0.0,1,propagule,1171,0,0,0.1699402220324509,True,0.005,0.02
1,8,9,0.0,0.0,1,propagule,1159,0,0,0.17169974115616912,True,0.005,0.02
1,8,10,0.0,0.0,1,propagule,1146,0,0,0.17277486910994763,True,0.005,0.02
1,8,11,0.0,0.0,1,propagule,1133,0,0,0.17299205648720212,True,0.005,0.02
1,8,12,0.0,0.0,1,propagule,1112,0,0,0.17446043165467626,True,0.005,0.02
1,8,13,0.0,0.0,1,propagule,1109,0,0,0.17583408476104598,True,0.005,0.02
1,8,14,0.0,0.0,1,propagule,1093,0,0,0.18023787740164685,True,0.005,0.02
1,8,15,0.0,0.0,1,propagule,1083,0,0,0.1772853185595568,True,0.005,0.02
1,8,16,0.0,0.0,1,propagule,1072,0,0,0.18097014925373134,True,0.005,0.02
1,8,17,0.0,0.0,1,propagule,1062,0,0,0.1807909604519774,True,0.005,0.02
1,8,18,0.0,0.0,1,propagule,2332,0,0,0.08276157804459691,True,0.005,0.02
1,8,19,0.0,0.0,1,propagule,2291,0,0,0.08336970755128764,True,0.005,0.02
1,8,20,0.0,0.0,1,propagule,2245,0,0,0.08641425389755011,True,0.005,0.02
1,8,21,0.0,0.0,1,propagule,2202,0,0,0.08537693006357856,True,0.005,0.02
1,8,22,0.0,0.0,1,propagule,2169,0,0,0.08667588750576302,True,0.005,0.02
1,8,23,0.0,0.0,1,propagule,2119,0,0,0.08872109485606418,True,0.005,0.02
1,8,24,0.0,0.0,1,propagule,2049,0,0,0.09126403123474866,True,0.005,0.02
1,8,25,0.0,0.0,1,propagule,2007,0,0,0.09068261086198307,True,0.005,0.02
1,8,26,0.0,0.0,1,propagule,1959,0,0,0.09188361408882083,True,0.005,0.02
1,8,27,0.0,0.0,1,propagule,1890,0,0,0.09259259259259259,True,0.005,0.02
1,8,28,0.0,0.0,1,propagule,1870,0,0,0.0946524064171123,True,0.005,0.02
1,8,29,0.0,0.0,1,propagule,1839,0,0,0.09461663947797716,True,0.005,0.02
1,8,30,0.0,0.0,1,propagule,1820,0,0,0.09615384615384616,True,0.005,0.02
1,8,31,0.0,0.0,1,propagule,1782,0,0,0.09595959595959595,True,0.005,0.02
1,8,32,0.0,0.0,1,propagule,1761,0,0,0.0982396365701306,True,0.005,0.02
1,8,33,0.0,0.0,1,propagule,1736,0,0,0.097926267281106,True,0.005,0.02
1,8,34,0.0,0.0,1,propagule,1701,0,0,0.09994121105232216,True,0.005,0.02
1,8,35,0.0,0.0,1,propagule,1668,0,0,0.10251798561151079,True,0.005,0.02
1,8,36,0.0,0.0,1,propagule,1642,0,0,0.10353227771010962,True,0.005,0.02
1,8,37,0.0,0.0,1,propagule,1618,0,0,0.10259579728059333,True,0.005,0.02
1,8,38,0.0,0.0,1,propagule,1602,0,0,0.10237203495630462,True,0.005,0.02
1,8,39,0.0,0.0,1,propagule,1580,0,0,0.10379746835443038,True,0.005,0.02
1,8,40,0.0,0.0,1,propagule,1565,0,0,0.1047923322683706,True,0.005,0.02
1,8,41,0.0,0.0,1,propagule,1546,0,0,0.10608020698576973,True,0.005,0.02
1,8,42,0.0,0.0,1,propagule,1521,0,0,0.10650887573964497,True,0.005,0.02
1,8,43,0.0,0.0,1,propagule,1807,0,0,0.25124515771997785,True,0.005,0.02
1,8,44,0.0,0.0,1,propagule,1552,0,0,0.22229381443298968,True,0.005,0.02
1,8,45,0.0,0.0,1,propagule,1418,0,0,0.21297602256699577,True,0.005,0.02
1,8,46,0.0,0.0,1,propagule,1367,0,0,0.2033650329188003,True,0.005,0.02
1,8,47,0.0,0.0,1,propagule,1332,0,0,0.2042042042042042,True,0.005,0.02
1,8,48,0.0,0.0,1,propagule,1315,0,0,0.20532319391634982,True,0.005,0.02
1,8,49,0.0,0.0,1,propagule,1307,0,0,0.20657995409334354,True,0.005,0.02
1,8,50,0.0,0.0,1,propagule,1292,0,0,0.20820433436532507,True,0.005,0.02
1,8,51,0.0,0.0,1,propagule,1274,0,0,0.20957613814756673,True,0.005,0.02
1,8,52,0.0,0.0,1,propagule,1261,0,0,0.21173671689135606,True,0.005,0.02
1,9,1,0.0,0.0,1,propagule,1250,0,0,0.2128,True,0.005,0.02
1,9,2,0.0,0.0,1,propagule,1237,0,0,0.211802748585287,True,0.005,0.02
1,9,3,0.0,0.0,1,propagule,1226,0,0,0.2137030995106036,True,0.005,0.02
1,9,4,0.0,0.0,1,propagule,1215,0,0,0.21646090534979423,True,0.005,0.02
1,9,5,0.0,0.0,1,propagule,1198,0,0,0.21702838063439064,True,0.005,0.02
1,9,6,0.0,0.0,1,propagule,1184,0,0,0.21875,True,0.005,0.02
1,9,7,0.0,0.0,1,propagule,1173,0,0,0.2208013640238704,True,0.005,0.02
1,9,8,0.0,0.0,1,propagule,1151,0,0,0.2215464813205908,True,0.005,0.02
1,9,9,0.0,0.0,1,propagule,1140,0,0,0.22456140350877193,True,0.005,0.02
1,9,10,0.0,0.0,1,propagule,1126,0,0,0.22380106571936056,True,0.005,0.02
1,9,11,0.0,0.0,1,propagule,1121,0,0,0.22747546833184656,True,0.005,0.02
1,9,12,0.0,0.0,1,propagule,1100,0,0,0.22454545454545455,True,0.005,0.02
1,9,13,0.0,0.0,1,propagule,1088,0,0,0.2270220588235294,True,0.005,0.02
1,9,14,0.0,0.0,1,propagule,1076,0,0,0.2258364312267658,True,0.005,0.02
1,9,15,0.0,0.0,1,propagule,1066,0,0,0.22607879924953095,True,0.005,0.02
1,9,16,0.0,0.0,1,propagule,1051,0,0,0.2274024738344434,True,0.005,0.02
1,9,17,0.0,0.0,1,propagule,1042,0,0,0.22936660268714013,True,0.005,0.02
1,9,18,0.0,0.0,1,propagule,2214,0,0,0.0921409214092141,True,0.005,0.02
1,9,19,0.0,0.0,1,propagule,2187,0,0,0.09236396890717878,True,0.005,0.02
1,9,20,0.0,0.0,1,propagule,2128,0,0,0.09257518796992481,True,0.005,0.02
1,9,21,0.0,0.0,1,propagule,2104,0,0,0.09268060836501901,True,0.005,0.02
1,9,22,0.0,0.0,1,propagule,2046,0,0,0.09481915933528837,True,0.005,0.02
1,9,23,0.0,0.0,1,propagule,2029,0,0,0.09709216362740267,True,0.005,0.02
1,9,24,0.0,0.0,1,propagule,1986,0,0,0.09718026183282981,True,0.005,0.02
1,9,25,0.0,0.0,1,propagule,1965,0,0,0.09923664122137404,True,0.005,0.02
1,9,26,0.0,0.0,1,propagule,1946,0,0,0.10020554984583761,True,0.005,0.02
1,9,27,0.0,0.0,1,propagule,1898,0,0,0.101159114857745,True,0.005,0.02
1,9,28,0.0,0.0,1,propagule,1861,0,0,0.10102095647501344,True,0.005,0.02
1,9,29,0.0,0.0,1,propagule,1807,0,0,0.10348644161593802,True,0.005,0.02
1,9,30,0.0,0.0,1,propagule,1750,0,0,0.104,True,0.005,0.02
1,9,31,0.0,0.0,1,propagule,1731,0,0,0.10571923743500866,True,0.005,0.02
1,9,32,0.0,0.0,1,propagule,1701,0,0,0.10582010582010581,True,0.005,0.02
1,9,33,0.0,0.0,1,propagule,1683,0,0,0.10695187165775401,True,0.005,0.02
1,9,34,0.0,0.0,1,propagule,1648,0,0,0.10800970873786407,True,0.005,0.02
1,9,35,0.0,0.0,1,propagule,1618,0,0,0.11063040791100123,True,0.005,0.02
1,9,36,0.0,0.0,1,propagule,1586,0,0,0.11034047919293821,True,0.005,0.02
1,9,37,0.0,0.0,1,propagule,1563,0,0,0.11196417146513116,True,0.005,0.02
1,9,38,0.0,0.0,1,propagule,1544,0,0,0.11139896373056994,True,0.005,0.02
1,9,39,0.0,0.0,1,propagule,1522,0,0,0.11300919842312747,True,0.005,0.02
1,9,40,0.0,0.0,1,propagule,1500,0,0,0.114,True,0.005,0.02
1,9,41,0.0,0.0,1,propagule,1487,0,0,0.11566913248150638,True,0.005,0.02
1,9,42,0.0,0.0,1,propagule,1467,0,0,0.11520109066121335,True,0.005,0.02
1,9,43,0.0,0.0,1,propagule,1856,0,0,0.2672413793103448,True,0.005,0.02
1,9,44,0.0,0.0,1,propagule,1560,0,0,0.23141025641025642,True,0.005,0.02
1,9,45,0.0,0.0,1,propagule,1461,0,0,0.22792607802874743,True,0.005,0.02
1,9,46,0.0,0.0,1,propagule,1403,0,0,0.22736992159657876,True,0.005,0.02
1,9,47,0.0,0.0,1,propagule,1382,0,0,0.22865412445730826,True,0.005,0.02
1,9,48,0.0,0.0,1,propagule,1362,0,0,0.2261380323054332,True,0.005,0.02
1,9,49,0.0,0.0,1,propagule,1343,0,0,0.2315711094564408,True,0.005,0.02
1,9,50,0.0,0.0,1,propagule,1335,0,0,0.23071161048689137,True,0.005,0.02
1,9,51,0.0,0.0,1,propagule,1312,0,0,0.2339939024390244,True,0.005,0.02
1,9,52,0.0,0.0,1,propagule,1302,0,0,0.2350230414746544,True,0.005,0.02
1,10,1,0.0,0.0,1,propagule,1283,0,0,0.2338269680436477,True,0.005,0.02
1,10,2,0.0,0.0,1,propagule,1254,0,0,0.23285486443381181,True,0.005,0.02
1,10,3,0.0,0.0,1,propagule,1244,0,0,0.23392282958199356,True,0.005,0.02
1,10,4,0.0,0.0,1,propagule,1230,0,0,0.23252032520325203,True,0.005,0.02
1,10,5,0.0,0.0,1,propagule,1207,0,0,0.23446561723280862,True,0.005,0.02
1,10,6,0.0,0.0,1,propagule,1196,0,0,0.23745819397993312,True,0.005,0.02
1,10,7,0.0,0.0,1,propagule,1184,0,0,0.24155405405405406,True,0.005,0.02
1,10,8,0.0,0.0,1,propagule,1167,0,0,0.24078834618680378,True,0.005,0.02
1,10,9,0.0,0.0,1,propagule,1156,0,0,0.2430795847750865,True,0.005,0.02
1,10,10,0.0,0.0,1,propagule,1142,0,0,0.2434325744308231,True,0.005,0.02
1,10,11,0.0,0.0,1,propagule,1133,0,0,0.2436010591350397,True,0.005,0.02
1,10,12,0.0,0.0,1,propagule,1125,0,0,0.24177777777777779,True,0.005,0.02
1,10,13,0.0,0.0,1,propagule,1111,0,0,0.24122412241224123,True,0.005,0.02
1,10,14,0.0,0.0,1,propagule,1095,0,0,0.24383561643835616,True,0.005,0.02
1,10,15,0.0,0.0,1,propagule,1079,0,0,0.24374420759962928,True,0.005,0.02
1,10,16,0.0,0.0,1,propagule,1066,0,0,0.24390243902439024,True,0.005,0.02
1,10,17,0.0,0.0,1,propagule,1058,0,0,0.2438563327032136,True,0.005,0.02
1,10,18,0.0,0.0,1,propagule,2305,0,0,0.10498915401301519,True,0.005,0.02
1,10,19,0.0,0.0,1,propagule,2278,0,0,0.10535557506584724,True,0.005,0.02
1,10,20,0.0,0.0,1,propagule,2252,0,0,0.10523978685612789,True,0.005,0.02
1,10,21,0.0,0.0,1,propagule,2215,0,0,0.10564334085778782,True,0.005,0.02
1,10,22,0.0,0.0,1,propagule,2163,0,0,0.1077207582061951,True,0.005,0.02
1,10,23,0.0,0.0,1,propagule,2120,0,0,0.10943396226415095,True,0.005,0.02
1,10,24,0.0,0.0,1,propagule,2098,0,0,0.11058150619637751,True,0.005,0.02
1,10,25,0.0,0.0,1,propagule,2063,0,0,0.11197285506543868,True,0.005,0.02
1,10,26,0.0,0.0,1,propagule,1997,0,0,0.11367050575863796,True,0.005,0.02
1,10,27,0.0,0.0,1,propagule,1935,0,0,0.11421188630490955,True,0.005,0.02
1,10,28,0.0,0.0,1,propagule,1899,0,0,0.11532385466034756,True,0.005,0.02
1,10,29,0.0,0.0,1,propagule,1859,0,0,0.11672942442173212,True,0.005,0.02
1,10,30,0.0,0.0,1,propagule,1801,0,0,0.12048861743475847,True,0.005,0.02
1,10,31,0.0,0.0,1,propagule,1768,0,0,0.12047511312217195,True,0.005,0.02
1,10,32,0.0,0.0,1,propagule,1742,0,0,0.12112514351320322,True,0.005,0.02
1,10,33,0.0,0.0,1,propagule,1716,0,0,0.12296037296037296,True,0.005,0.02
1,10,34,0.0,0.0,1,propagule,1680,0,0,0.1244047619047619,True,0.005,0.02
1,10,35,0.0,0.0,1,propagule,1659,0,0,0.12477396021699819,True,0.005,0.02
1,10,36,0.0,0.0,1,propagule,1633,0,0,0.12614819350887937,True,0.005,0.02
1,10,37,0.0,0.0,1,propagule,1620,0,0,0.12777777777777777,True,0.005,0.02
1,10,38,0.0,0.0,1,propagule,1593,0,0,0.12617702448210924,True,0.005,0.02
1,10,39,0.0,0.0,1,propagule,1580,0,0,0.12658227848101267,True,0.005,0.02
1,10,40,0.0,0.0,1,propagule,1560,0,0,0.12692307692307692,True,0.005,0.02
1,10,41,0.0,0.0,1,propagule,1539,0,0,0.12735542560103963,True,0.005,0.02
1,10,42,0.0,0.0,1,propagule,1516,0,0,0.1279683377308707,True,0.005,0.02
1,10,43,0.0,0.0,1,propagule,1873,0,0,0.27282434596903365,True,0.005,0.02
1,10,44,0.0,0.0,1,propagule,1588,0,0,0.23551637279596976,True,0.005,0.02
1,10,45,0.0,0.0,1,propagule,1457,0,0,0.22855181880576528,True,0.005,0.02
1,10,46,0.0,0.0,1,propagule,1398,0,0,0.2224606580829757,True,0.005,0.02
1,10,47,0.0,0.0,1,propagule,1377,0,0,0.22440087145969498,True,0.005,0.02
1,10,48,0.0,0.0,1,propagule,1344,0,0,0.22395833333333334,True,0.005,0.02
1,10,49,0.0,0.0,1,propagule,1324,0,0,0.2243202416918429,True,0.005,0.02
1,10,50,0.0,0.0,1,propagule,1303,0,0,0.22409823484267075,True,0.005,0.02
1,10,51,0.0,0.0,1,propagule,1285,0,0,0.22568093385214008,True,0.005,0.02
1,10,52,0.0,0.0,1,propagule,1270,0,0,0.22755905511811023,True,0.005,0.02
1,1,1,0.0,0.0,1,propagule,948,0,0,0.0,True,0.005,0.025
1,1,2,0.0,0.0,1,propagule,955,0,0,0.0,True,0.005,0.025
1,1,3,0.0,0.0,1,propagule,942,0,0,0.0,True,0.005,0.025
1,1,4,0.0,0.0,1,propagule,932,0,0,0.0,True,0.005,0.025
1,1,5,0.0,0.0,1,propagule,941,0,0,0.0,True,0.005,0.025
1,1,6,0.0,0.0,1,propagule,921,0,0,0.0,True,0.005,0.025
1,1,7,0.0,0.0,1,propagule,915,0,0,0.0,True,0.005,0.025
1,1,8,0.0,0.0,1,propagule,903,0,0,0.0,True,0.005,0.025
1,1,9,0.0,0.0,1,propagule,891,0,0,0.0,True,0.005,0.025
1,1,10,0.0,0.0,1,propagule,879,0,0,0.0,True,0.005,0.025
1,1,11,0.0,0.0,1,propagule,873,0,0,0.0,True,0.005,0.025
1,1,12,0.0,0.0,1,propagule,863,0,0,0.0,True,0.005,0.025
1,1,13,0.0,0.0,1,propagule,856,0,0,0.0,True,0.005,0.025
1,1,14,0.0,0.0,1,propagule,847,0,0,0.0,True,0.005,0.025
1,1,15,0.0,0.0,1,propagule,838,0,0,0.0,True,0.005,0.025
1,1,16,0.0,0.0,1,propagule,832,0,0,0.0,True,0.005,0.025
1,1,17,0.0,0.0,1,propagule,812,0,0,0.0,True,0.005,0.025
1,1,18,0.0,0.0,1,propagule,2236,0,0,0.0,True,0.005,0.025
1,1,19,0.0,0.0,1,propagule,2192,0,0,0.0,True,0.005,0.025
1,1,20,0.0,0.0,1,propagule,2112,0,0,0.0,True,0.005,0.025
1,1,21,0.0,0.0,1,propagule,2076,0,0,0.0,True,0.005,0.025
1,1,22,0.0,0.0,1,propagule,2044,0,0,0.0,True,0.005,0.025
1,1,23,0.0,0.0,1,propagule,1994,0,0,0.0,True,0.005,0.025
1,1,24,0.0,0.0,1,propagule,1962,0,0,0.0,True,0.005,0.025
1,1,25,0.0,0.0,1,propagule,1922,0,0,0.0,True,0.005,0.025
1,1,26,0.0,0.0,1,propagule,1902,0,0,0.002103049421661409,True,0.005,0.025
1,1,27,0.0,0.0,1,propagule,1860,0,0,0.002150537634408602,True,0.005,0.025
1,1,28,0.0,0.0,1,propagule,1839,0,0,0.0027188689505165853,True,0.005,0.025
1,1,29,0.0,0.0,1,propagule,1814,0,0,0.003858875413450937,True,0.005,0.025
1,1,30,0.0,0.0,1,propagule,1788,0,0,0.0044742729306487695,True,0.005,0.025
1,1,31,0.0,0.0,1,propagule,1734,0,0,0.006343713956170703,True,0.005,0.025
1,1,32,0.0,0.0,1,propagule,1701,0,0,0.005291005291005291,True,0.005,0.025
1,1,33,0.0,0.0,1,propagule,1655,0,0,0.006646525679758308,True,0.005,0.025
1,1,34,0.0,0.0,1,propagule,1624,0,0,0.005541871921182266,True,0.005,0.025
1,1,35,0.0,0.0,1,propagule,1587,0,0,0.006931316950220542,True,0.005,0.025
1,1,36,0.0,0.0,1,propagule,1565,0,0,0.008945686900958467,True,0.005,0.025
1,1,37,0.0,0.0,1,propagule,1530,0,0,0.009150326797385621,True,0.005,0.025
1,1,38,0.0,0.0,1,propagule,1492,0,0,0.011394101876675604,True,0.005,0.025
1,1,39,0.0,0.0,1,propagule,1479,0,0,0.00878972278566599,True,0.005,0.025
1,1,40,0.0,0.0,1,propagule,1462,0,0,0.012311901504787962,True,0.005,0.025
1,1,41,0.0,0.0,1,propagule,1437,0,0,0.009046624913013222,True,0.005,0.025
1,1,42,0.0,0.0,1,propagule,1420,0,0,0.011267605633802818,True,0.005,0.025
1,1,43,0.0,0.0,1,propagule,1371,0,0,0.014587892049598834,True,0.005,0.025
1,1,44,0.0,0.0,1,propagule,1364,0,0,0.016129032258064516,True,0.005,0.025
1,1,45,0.0,0.0,1,propagule,1346,0,0,0.015601783060921248,True,0.005,0.025
1,1,46,0.0,0.0,1,propagule,1326,0,0,0.015082956259426848,True,0.005,0.025
1,1,47,0.0,0.0,1,propagule,1319,0,0,0.017437452615617893,True,0.005,0.025
1,1,48,0.0,0.0,1,propagule,1307,0,0,0.018362662586074982,True,0.005,0.025
1,1,49,0.0,0.0,1,propagule,1311,0,0,0.02212051868802441,True,0.005,0.025
1,1,50,0.0,0.0,1,propagule,1267,0,0,0.018153117600631413,True,0.005,0.025
1,1,51,0.0,0.0,1,propagule,1262,0,0,0.020602218700475437,True,0.005,0.025
1,1,52,0.0,0.0,1,propagule,1235,0,0,0.01862348178137652,True,0.005,0.025
1,2,1,0.0,0.0,1,propagule,1225,0,0,0.02122448979591837,True,0.005,0.025
1,2,2,0.0,0.0,1,propagule,1198,0,0,0.019198664440734557,True,0.005,0.025
1,2,3,0.0,0.0,1,propagule,1177,0,0,0.021240441801189464,True,0.005,0.025
1,2,4,0.0,0.0,1,propagule,1170,0,0,0.019658119658119658,True,0.005,0.025
1,2,5,0.0,0.0,1,propagule,1174,0,0,0.02129471890971039,True,0.005,0.025
1,2,6,0.0,0.0,1,propagule,1144,0,0,0.019230769230769232,True,0.005,0.025
1,2,7,0.0,0.0,1,propagule,1150,0,0,0.023478260869565216,True,0.005,0.025
1,2,8,0.0,0.0,1,propagule,1117,0,0,0.020590868397493287,True,0.005,0.025
1,2,9,0.0,0.0,1,propagule,1119,0,0,0.025915996425379804,True,0.005,0.025
1,2,10,0.0,0.0,1,propagule,1075,0,0,0.021395348837209303,True,0.005,0.025
1,2,11,0.0,0.0,1,propagule,1082,0,0,0.024029574861367836,True,0.005,0.025
1,2,12,0.0,0.0,1,propagule,1043,0,0,0.02109300095877277,True,0.005,0.025
1,2,13,0.0,0.0,1,propagule,1040,0,0,0.023076923076923078,True,0.005,0.025
1,2,14,0.0,0.0,1,propagule,1022,0,0,0.02054794520547945,True,0.005,0.025
1,2,15,0.0,0.0,1,propagule,1015,0,0,0.02167487684729064,True,0.005,0.025
1,2,16,0.0,0.0,1,propagule,995,0,0,0.022110552763819097,True,0.005,0.025
1,2,17,0.0,0.0,1,propagule,994,0,0,0.02414486921529175,True,0.005,0.025
1,2,18,0.0,0.0,1,propagule,1896,0,0,0.011075949367088608,True,0.005,0.025
1,2,19,0.0,0.0,1,propagule,1886,0,0,0.01166489925768823,True,0.005,0.025
1,2,20,0.0,0.0,1,propagule,1831,0,0,0.010922992900054615,True,0.005,0.025
1,2,21,0.0,0.0,1,propagule,1821,0,0,0.011532125205930808,True,0.005,0.025
1,2,22,0.0,0.0,1,propagule,1770,0,0,0.011864406779661017,True,0.005,0.025
1,2,23,0.0,0.0,1,propagule,1754,0,0,0.012542759407069556,True,0.005,0.025
1,2,24,0.0,0.0,1,propagule,1731,0,0,0.013287117273252455,True,0.005,0.025
1,2,25,0.0,0.0,1,propagule,1670,0,0,0.01437125748502994,True,0.005,0.025
1,2,26,0.0,0.0,1,propagule,1663,0,0,0.013830426939266387,True,0.005,0.025
1,2,27,0.0,0.0,1,propagule,1624,0,0,0.01539408866995074,True,0.005,0.025
1,2,28,0.0,0.0,1,propagule,1620,0,0,0.014197530864197531,True,0.005,0.025
1,2,29,0.0,0.0,1,propagule,1543,0,0,0.012313674659753726,True,0.005,0.025
1,2,30,0.0,0.0,1,propagule,1531,0,0,0.014369693011103853,True,0.005,0.025
1,2,31,0.0,0.0,1,propagule,1481,0,0,0.014179608372721135,True,0.005,0.025
1,2,32,0.0,0.0,1,propagule,1467,0,0,0.012269938650306749,True,0.005,0.025
1,2,33,0.0,0.0,1,propagule,1446,0,0,0.013831258644536652,True,0.005,0.025
1,2,34,0.0,0.0,1,propagule,1401,0,0,0.01284796573875803,True,0.005,0.025
1,2,35,0.0,0.0,1,propagule,1382,0,0,0.013024602026049204,True,0.005,0.025
1,2,36,0.0,0.0,1,propagule,1347,0,0,0.017074981440237565,True,0.005,0.025
1,2,37,0.0,0.0,1,propagule,1344,0,0,0.020089285714285716,True,0.005,0.025
1,2,38,0.0,0.0,1,propagule,1296,0,0,0.015432098765432098,True,0.005,0.025
1,2,39,0.0,0.0,1,propagule,1284,0,0,0.02102803738317757,True,0.005,0.025
1,2,40,0.0,0.0,1,propagule,1261,0,0,0.014274385408406027,True,0.005,0.025
1,2,41,0.0,0.0,1,propagule,1262,0,0,0.022979397781299524,True,0.005,0.025
1,2,42,0.0,0.0,1,propagule,1225,0,0,0.014693877551020407,True,0.005,0.025
1,2,43,0.0,0.0,1,propagule,1268,0,0,0.04889589905362776,True,0.005,0.025
1,2,44,0.0,0.0,1,propagule,1231,0,0,0.03411860276198213,True,0.005,0.025
1,2,45,0.0,0.0,1,propagule,1218,0,0,0.030377668308702793,True,0.005,0.025
1,2,46,0.0,0.0,1,propagule,1201,0,0,0.035803497085761866,True,0.005,0.025
1,2,47,0.0,0.0,1,propagule,1192,0,0,0.03523489932885906,True,0.005,0.025
1,2,48,0.0,0.0,1,propagule,1176,0,0,0.034013605442176874,True,0.005,0.025
1,2,49,0.0,0.0,1,propagule,1170,0,0,0.035897435897435895,True,0.005,0.025
1,2,50,0.0,0.0,1,propagule,1151,0,0,0.03475238922675934,True,0.005,0.025
1,2,51,0.0,0.0,1,propagule,1139,0,0,0.03775241439859526,True,0.005,0.025
1,2,52,0.0,0.0,1,propagule,1129,0,0,0.03897254207263064,True,0.005,0.025
1,3,1,0.0,0.0,1,propagule,1120,0,0,0.04107142857142857,True,0.005,0.025
1,3,2,0.0,0.0,1,propagule,1107,0,0,0.03884372177055104,True,0.005,0.025
1,3,3,0.0,0.0,1,propagule,1100,0,0,0.04181818181818182,True,0.005,0.025
1,3,4,0.0,0.0,1,propagule,1083,0,0,0.040627885503231764,True,0.005,0.025
1,3,5,0.0,0.0,1,propagule,1078,0,0,0.041743970315398886,True,0.005,0.025
1,3,6,0.0,0.0,1,propagule,1062,0,0,0.04143126177024482,True,0.005,0.025
1,3,7,0.0,0.0,1,propagule,1046,0,0,0.03919694072657744,True,0.005,0.025
1,3,8,0.0,0.0,1,propagule,1016,0,0,0.03641732283464567,True,0.005,0.025
1,3,9,0.0,0.0,1,propagule,1020,0,0,0.03823529411764706,True,0.005,0.025
1,3,10,0.0,0.0,1,propagule,990,0,0,0.03636363636363636,True,0.005,0.025
1,3,11,0.0,0.0,1,propagule,997,0,0,0.041123370110330994,True,0.005,0.025
1,3,12,0.0,0.0,1,propagule,978,0,0,0.03783231083844581,True,0.005,0.025
1,3,13,0.0,0.0,1,propagule,978,0,0,0.03987730061349693,True,0.005,0.025
1,3,14,0.0,0.0,1,propagule,967,0,0,0.04136504653567735,True,0.005,0.025
1,3,15,0.0,0.0,1,propagule,956,0,0,0.04288702928870293,True,0.005,0.025
1,3,16,0.0,0.0,1,propagule,944,0,0,0.0423728813559322,True,0.005,0.025
1,3,17,0.0,0.0,1,propagule,927,0,0,0.043149946062567425,True,0.005,0.025
1,3,18,0.0,0.0,1,propagule,2124,0,0,0.0211864406779661,True,0.005,0.025
1,3,19,0.0,0.0,1,propagule,2052,0,0,0.02046783625730994,True,0.005,0.025
1,3,20,0.0,0.0,1,propagule,2030,0,0,0.023645320197044337,True,0.005,0.025
1,3,21,0.0,0.0,1,propagule,1963,0,0,0.018339276617422313,True,0.005,0.025
1,3,22,0.0,0.0,1,propagule,1927,0,0,0.02127659574468085,True,0.005,0.025
1,3,23,0.0,0.0,1,propagule,1875,0,0,0.022933333333333333,True,0.005,0.025
1,3,24,0.0,0.0,1,propagule,1821,0,0,0.025260845689181768,True,0.005,0.025
1,3,25,0.0,0.0,1,propagule,1789,0,0,0.025712688652878703,True,0.005,0.025
1,3,26,0.0,0.0,1,propagule,1775,0,0,0.0276056338028169,True,0.005,0.025
1,3,27,0.0,0.0,1,propagule,1721,0,0,0.03021499128413713,True,0.005,0.025
1,3,28,0.0,0.0,1,propagule,1681,0,0,0.032123735871505056,True,0.005,0.025
1,3,29,0.0,0.0,1,propagule,1631,0,0,0.03310852237890864,True,0.005,0.025
1,3,30,0.0,0.0,1,propagule,1605,0,0,0.03551401869158879,True,0.005,0.025
1,3,31,0.0,0.0,1,propagule,1565,0,0,0.03578274760383387,True,0.005,0.025
1,3,32,0.0,0.0,1,propagule,1544,0,0,0.034974093264248704,True,0.005,0.025
1,3,33,0.0,0.0,1,propagule,1489,0,0,0.03425117528542646,True,0.005,0.025
1,3,34,0.0,0.0,1,propagule,1482,0,0,0.037112010796221326,True,0.005,0.025
1,3,35,0.0,0.0,1,propagule,1450,0,0,0.03517241379310345,True,0.005,0.025
1,3,36,0.0,0.0,1,propagule,1423,0,0,0.040758959943780745,True,0.005,0.025
1,3,37,0.0,0.0,1,propagule,1366,0,0,0.036603221083455345,True,0.005,0.025
1,3,38,0.0,0.0,1,propagule,1349,0,0,0.04151223128243143,True,0.005,0.025
1,3,39,0.0,0.0,1,propagule,1305,0,0,0.03601532567049808,True,0.005,0.025
1,3,40,0.0,0.0,1,propagule,1306,0,0,0.042879019908116385,True,0.005,0.025
1,3,41,0.0,0.0,1,propagule,1278,0,0,0.03912363067292645,True,0.005,0.025
1,3,42,0.0,0.0,1,propagule,1272,0,0,0.04323899371069182,True,0.005,0.025
1,3,43,0.0,0.0,1,propagule,1301,0,0,0.07455803228285934,True,0.005,0.025
1,3,44,0.0,0.0,1,propagule,1254,0,0,0.05980861244019139,True,0.005,0.025
1,3,45,0.0,0.0,1,propagule,1242,0,0,0.06521739130434782,True,0.005,0.025
1,3,46,0.0,0.0,1,propagule,1239,0,0,0.07425343018563357,True,0.005,0.025
1,3,47,0.0,0.0,1,propagule,1220,0,0,0.0778688524590164,True,0.005,0.025
1,3,48,0.0,0.0,1,propagule,1220,0,0,0.08196721311475409,True,0.005,0.025
1,3,49,0.0,0.0,1,propagule,1199,0,0,0.08256880733944955,True,0.005,0.025
1,3,50,0.0,0.0,1,propagule,1186,0,0,0.08010118043844856,True,0.005,0.025
1,3,51,0.0,0.0,1,propagule,1164,0,0,0.08161512027491409,True,0.005,0.025
1,3,52,0.0,0.0,1,propagule,1155,0,0,0.08225108225108226,True,0.005,0.025
1,4,1,0.0,0.0,1,propagule,1141,0,0,0.08501314636283962,True,0.005,0.025
1,4,2,0.0,0.0,1,propagule,1133,0,0,0.08649602824360106,True,0.005,0.025
1,4,3,0.0,0.0,1,propagule,1101,0,0,0.08537693006357856,True,0.005,0.025
1,4,4,0.0,0.0,1,propagule,1086,0,0,0.0847145488029466,True,0.005,0.025
1,4,5,0.0,0.0,1,propagule,1078,0,0,0.08812615955473098,True,0.005,0.025
1,4,6,0.0,0.0,1,propagule,1075,0,0,0.09209302325581395,True,0.005,0.025
1,4,7,0.0,0.0,1,propagule,1067,0,0,0.09278350515463918,True,0.005,0.025
1,4,8,0.0,0.0,1,propagule,1055,0,0,0.0881516587677725,True,0.005,0.025
1,4,9,0.0,0.0,1,propagule,1047,0,0,0.09264565425023878,True,0.005,0.025
1,4,10,0.0,0.0,1,propagule,1044,0,0,0.08908045977011494,True,0.005,0.025
1,4,11,0.0,0.0,1,propagule,1038,0,0,0.0953757225433526,True,0.005,0.025
1,4,12,0.0,0.0,1,propagule,1021,0,0,0.0881488736532811,True,0.005,0.025
1,4,13,0.0,0.0,1,propagule,1014,0,0,0.09566074950690336,True,0.005,0.025
1,4,14,0.0,0.0,1,propagule,999,0,0,0.09309309309309309,True,0.005,0.025
1,4,15,0.0,0.0,1,propagule,987,0,0,0.09625126646403243,True,0.005,0.025
1,4,16,0.0,0.0,1,propagule,976,0,0,0.0942622950819672,True,0.005,0.025
1,4,17,0.0,0.0,1,propagule,972,0,0,0.09670781893004116,True,0.005,0.025
1,4,18,0.0,0.0,1,propagule,2182,0,0,0.04124656278643447,True,0.005,0.025
1,4,19,0.0,0.0,1,propagule,2111,0,0,0.04216011369019422,True,0.005,0.025
1,4,20,0.0,0.0,1,propagule,2057,0,0,0.042294603791929994,True,0.005,0.025
1,4,21,0.0,0.0,1,propagule,2013,0,0,0.04520615996025832,True,0.005,0.025
1,4,22,0.0,0.0,1,propagule,1921,0,0,0.045288912024986985,True,0.005,0.025
1,4,23,0.0,0.0,1,propagule,1875,0,0,0.047466666666666664,True,0.005,0.025
1,4,24,0.0,0.0,1,propagule,1808,0,0,0.04756637168141593,True,0.005,0.025
1,4,25,0.0,0.0,1,propagule,1798,0,0,0.05005561735261402,True,0.005,0.025
1,4,26,0.0,0.0,1,propagule,1742,0,0,0.04822043628013777,True,0.005,0.025
1,4,27,0.0,0.0,1,propagule,1741,0,0,0.05054566341183228,True,0.005,0.025
1,4,28,0.0,0.0,1,propagule,1683,0,0,0.050505050505050504,True,0.005,0.025
1,4,29,0.0,0.0,1,propagule,1654,0,0,0.051390568319226115,True,0.005,0.025
1,4,30,0.0,0.0,1,propagule,1593,0,0,0.04896421845574388,True,0.005,0.025
1,4,31,0.0,0.0,1,propagule,1565,0,0,0.04984025559105431,True,0.005,0.025
1,4,32,0.0,0.0,1,propagule,1519,0,0,0.05069124423963134,True,0.005,0.025
1,4,33,0.0,0.0,1,propagule,1502,0,0,0.05193075898801598,True,0.005,0.025
1,4,34,0.0,0.0,1,propagule,1472,0,0,0.051630434782608696,True,0.005,0.025
1,4,35,0.0,0.0,1,propagule,1446,0,0,0.05394190871369295,True,0.005,0.025
1,4,36,0.0,0.0,1,propagule,1411,0,0,0.05244507441530829,True,0.005,0.025
1,4,37,0.0,0.0,1,propagule,1379,0,0,0.05583756345177665,True,0.005,0.025
1,4,38,0.0,0.0,1,propagule,1363,0,0,0.05722670579603815,True,0.005,0.025
1,4,39,0.0,0.0,1,propagule,1348,0,0,0.055637982195845696,True,0.005,0.025
1,4,40,0.0,0.0,1,propagule,1333,0,0,0.0555138784696174,True,0.005,0.025
1,4,41,0.0,0.0,1,propagule,1316,0,0,0.05927051671732523,True,0.005,0.025
1,4,42,0.0,0.0,1,propagule,1296,0,0,0.06095679012345679,True,0.005,0.025
1,4,43,0.0,0.0,1,propagule,1391,0,0,0.10783608914450037,True,0.005,0.025
1,4,44,0.0,0.0,1,propagule,1345,0,0,0.09814126394052045,True,0.005,0.025
1,4,45,0.0,0.0,1,propagule,1312,0,0,0.09527439024390244,True,0.005,0.025
1,4,46,0.0,0.0,1,propagule,1297,0,0,0.09483423284502698,True,0.005,0.025
1,4,47,0.0,0.0,1,propagule,1289,0,0,0.09542280837858805,True,0.005,0.025
1,4,48,0.0,0.0,1,propagule,1285,0,0,0.09883268482490272,True,0.005,0.025
1,4,49,0.0,0.0,1,propagule,1268,0,0,0.10173501577287067,True,0.005,0.025
1,4,50,0.0,0.0,1,propagule,1254,0,0,0.09649122807017543,True,0.005,0.025
1,4,51,0.0,0.0,1,propagule,1208,0,0,0.0902317880794702,True,0.005,0.025
1,4,52,0.0,0.0,1,propagule,1198,0,0,0.09265442404006678,True,0.005,0.025
1,5,1,0.0,0.0,1,propagule,1165,0,0,0.08841201716738198,True,0.005,0.025
1,5,2,0.0,0.0,1,propagule,1147,0,0,0.09067131647776809,True,0.005,0.025
1,5,3,0.0,0.0,1,propagule,1122,0,0,0.08912655971479501,True,0.005,0.025
1,5,4,0.0,0.0,1,propagule,1124,0,0,0.09697508896797152,True,0.005,0.025
1,5,5,0.0,0.0,1,propagule,1095,0,0,0.091324200913242,True,0.005,0.025
1,5,6,0.0,0.0,1,propagule,1084,0,0,0.0959409594095941,True,0.005,0.025
1,5,7,0.0,0.0,1,propagule,1062,0,0,0.09227871939736347,True,0.005,0.025
1,5,8,0.0,0.0,1,propagule,1062,0,0,0.0951035781544256,True,0.005,0.025
1,5,9,0.0,0.0,1,propagule,1046,0,0,0.09560229445506692,True,0.005,0.025
1,5,10,0.0,0.0,1,propagule,1040,0,0,0.1,True,0.005,0.025
1,5,11,0.0,0.0,1,propagule,1027,0,0,0.09737098344693282,True,0.005,0.025
1,5,12,0.0,0.0,1,propagule,1022,0,0,0.10078277886497064,True,0.005,0.025
1,5,13,0.0,0.0,1,propagule,1004,0,0,0.09661354581673307,True,0.005,0.025
1,5,14,0.0,0.0,1,propagule,997,0,0,0.09528585757271815,True,0.005,0.025
1,5,15,0.0,0.0,1,propagule,985,0,0,0.09543147208121827,True,0.005,0.025
1,5,16,0.0,0.0,1,propagule,977,0,0,0.09518935516888434,True,0.005,0.025
1,5,17,0.0,0.0,1,propagule,959,0,0,0.09384775808133472,True,0.005,0.025
1,5,18,0.0,0.0,1,propagule,2122,0,0,0.04052780395852969,True,0.005,0.025
1,5,19,0.0,0.0,1,propagule,2073,0,0,0.042450554751567775,True,0.005,0.025
1,5,20,0.0,0.0,1,propagule,2030,0,0,0.04433497536945813,True,0.005,0.025
1,5,21,0.0,0.0,1,propagule,1982,0,0,0.042885973763874874,True,0.005,0.025
1,5,22,0.0,0.0,1,propagule,1955,0,0,0.044501278772378514,True,0.005,0.025
1,5,23,0.0,0.0,1,propagule,1915,0,0,0.04386422976501306,True,0.005,0.025
1,5,24,0.0,0.0,1,propagule,1882,0,0,0.048352816153028694,True,0.005,0.025
1,5,25,0.0,0.0,1,propagule,1814,0,0,0.043550165380374865,True,0.005,0.025
1,5,26,0.0,0.0,1,propagule,1756,0,0,0.04783599088838269,True,0.005,0.025
1,5,27,0.0,0.0,1,propagule,1680,0,0,0.04583333333333333,True,0.005,0.025
1,5,28,0.0,0.0,1,propagule,1675,0,0,0.04835820895522388,True,0.005,0.025
1,5,29,0.0,0.0,1,propagule,1611,0,0,0.0446927374301676,True,0.005,0.025
1,5,30,0.0,0.0,1,propagule,1613,0,0,0.04835709857408556,True,0.005,0.025
1,5,31,0.0,0.0,1,propagule,1558,0,0,0.045571245186136075,True,0.005,0.025
1,5,32,0.0,0.0,1,propagule,1539,0,0,0.04743339831059129,True,0.005,0.025
1,5,33,0.0,0.0,1,propagule,1508,0,0,0.04973474801061008,True,0.005,0.025
1,5,34,0.0,0.0,1,propagule,1478,0,0,0.05142083897158322,True,0.005,0.025
1,5,35,0.0,0.0,1,propagule,1433,0,0,0.050942079553384506,True,0.005,0.025
1,5,36,0.0,0.0,1,propagule,1449,0,0,0.06901311249137336,True,0.005,0.025
1,5,37,0.0,0.0,1,propagule,1379,0,0,0.05293691080493111,True,0.005,0.025
1,5,38,0.0,0.0,1,propagule,1376,0,0,0.061046511627906974,True,0.005,0.025
1,5,39,0.0,0.0,1,propagule,1344,0,0,0.05654761904761905,True,0.005,0.025
1,5,40,0.0,0.0,1,propagule,1319,0,0,0.0576194086429113,True,0.005,0.025
1,5,41,0.0,0.0,1,propagule,1297,0,0,0.05551272166538165,True,0.005,0.025
1,5,42,0.0,0.0,1,propagule,1289,0,0,0.060512024825446084,True,0.005,0.025
1,5,43,0.0,0.0,1,propagule,1356,0,0,0.10914454277286136,True,0.005,0.025
1,5,44,0.0,0.0,1,propagule,1302,0,0,0.09754224270353302,True,0.005,0.025
1,5,45,0.0,0.0,1,propagule,1272,0,0,0.09669811320754718,True,0.005,0.025
1,5,46,0.0,0.0,1,propagule,1245,0,0,0.09477911646586346,True,0.005,0.025
1,5,47,0.0,0.0,1,propagule,1246,0,0,0.10032102728731943,True,0.005,0.025
1,5,48,0.0,0.0,1,propagule,1232,0,0,0.09902597402597403,True,0.005,0.025
1,5,49,0.0,0.0,1,propagule,1209,0,0,0.0967741935483871,True,0.005,0.025
1,5,50,0.0,0.0,1,propagule,1185,0,0,0.09620253164556962,True,0.005,0.025
1,5,51,0.0,0.0,1,propagule,1171,0,0,0.09991460290350128,True,0.005,0.025
1,5,52,0.0,0.0,1,propagule,1134,0,0,0.08818342151675485,True,0.005,0.025
1,6,1,0.0,0.0,1,propagule,1132,0,0,0.09717314487632508,True,0.005,0.025
1,6,2,0.0,0.0,1,propagule,1113,0,0,0.09254267744833783,True,0.005,0.025
1,6,3,0.0,0.0,1,propagule,1099,0,0,0.09736123748862602,True,0.005,0.025
1,6,4,0.0,0.0,1,propagule,1072,0,0,0.09514925373134328,True,0.005,0.025
1,6,5,0.0,0.0,1,propagule,1062,0,0,0.096045197740113,True,0.005,0.025
1,6,6,0.0,0.0,1,propagule,1046,0,0,0.09464627151051626,True,0.005,0.025
1,6,7,0.0,0.0,1,propagule,1038,0,0,0.09441233140655106,True,0.005,0.025
1,6,8,0.0,0.0,1,propagule,1018,0,0,0.09430255402750491,True,0.005,0.025
1,6,9,0.0,0.0,1,propagule,1008,0,0,0.09325396825396826,True,0.005,0.025
1,6,10,0.0,0.0,1,propagule,994,0,0,0.09758551307847083,True,0.005,0.025
1,6,11,0.0,0.0,1,propagule,978,0,0,0.09304703476482618,True,0.005,0.025
1,6,12,0.0,0.0,1,propagule,970,0,0,0.09381443298969072,True,0.005,0.025
1,6,13,0.0,0.0,1,propagule,954,0,0,0.09329140461215933,True,0.005,0.025
1,6,14,0.0,0.0,1,propagule,946,0,0,0.09513742071881606,True,0.005,0.025
1,6,15,0.0,0.0,1,propagule,929,0,0,0.09472551130247578,True,0.005,0.025
1,6,16,0.0,0.0,1,propagule,915,0,0,0.09180327868852459,True,0.005,0.025
1,6,17,0.0,0.0,1,propagule,900,0,0,0.09111111111111111,True,0.005,0.025
1,6,18,0.0,0.0,1,propagule,2034,0,0,0.04031465093411996,True,0.005,0.025
1,6,19,0.0,0.0,1,propagule,1996,0,0,0.039579158316633264,True,0.005,0.025
1,6,20,0.0,0.0,1,propagule,1951,0,0,0.03997949769349052,True,0.005,0.025
1,6,21,0.0,0.0,1,propagule,1911,0,0,0.03924646781789639,True,0.005,0.025
1,6,22,0.0,0.0,1,propagule,1834,0,0,0.03707742639040349,True,0.005,0.025
1,6,23,0.0,0.0,1,propagule,1798,0,0,0.0389321468298109,True,0.005,0.025
1,6,24,0.0,0.0,1,propagule,1741,0,0,0.039058012636415854,True,0.005,0.025
1,6,25,0.0,0.0,1,propagule,1676,0,0,0.03937947494033413,True,0.005,0.025
1,6,26,0.0,0.0,1,propagule,1614,0,0,0.04460966542750929,True,0.005,0.025
1,6,27,0.0,0.0,1,propagule,1554,0,0,0.039253539253539256,True,0.005,0.025
1,6,28,0.0,0.0,1,propagule,1548,0,0,0.044573643410852716,True,0.005,0.025
1,6,29,0.0,0.0,1,propagule,1489,0,0,0.042981867024848894,True,0.005,0.025
1,6,30,0.0,0.0,1,propagule,1457,0,0,0.045298558682223745,True,0.005,0.025
1,6,31,0.0,0.0,1,propagule,1405,0,0,0.04341637010676157,True,0.005,0.025
1,6,32,0.0,0.0,1,propagule,1400,0,0,0.04428571428571428,True,0.005,0.025
1,6,33,0.0,0.0,1,propagule,1362,0,0,0.04698972099853157,True,0.005,0.025
1,6,34,0.0,0.0,1,propagule,1321,0,0,0.046934140802422405,True,0.005,0.025
1,6,35,0.0,0.0,1,propagule,1281,0,0,0.0468384074941452,True,0.005,0.025
1,6,36,0.0,0.0,1,propagule,1260,0,0,0.06349206349206349,True,0.005,0.025
1,6,37,0.0,0.0,1,propagule,1179,0,0,0.05343511450381679,True,0.005,0.025
1,6,38,0.0,0.0,1,propagule,1185,0,0,0.06160337552742616,True,0.005,0.025
1,6,39,0.0,0.0,1,propagule,1163,0,0,0.05932932072226999,True,0.005,0.025
1,6,40,0.0,0.0,1,propagule,1147,0,0,0.05754141238012206,True,0.005,0.025
1,6,41,0.0,0.0,1,propagule,1128,0,0,0.05939716312056738,True,0.005,0.025
1,6,42,0.0,0.0,1,propagule,1126,0,0,0.06394316163410302,True,0.005,0.025
1,6,43,0.0,0.0,1,propagule,1166,0,0,0.10891938250428816,True,0.005,0.025
1,6,44,0.0,0.0,1,propagule,1110,0,0,0.0945945945945946,True,0.005,0.025
1,6,45,0.0,0.0,1,propagule,1107,0,0,0.0966576332429991,True,0.005,0.025
1,6,46,0.0,0.0,1,propagule,1088,0,0,0.08823529411764706,True,0.005,0.025
1,6,47,0.0,0.0,1,propagule,1084,0,0,0.09778597785977859,True,0.005,0.025
1,6,48,0.0,0.0,1,propagule,1071,0,0,0.09243697478991597,True,0.005,0.025
1,6,49,0.0,0.0,1,propagule,1071,0,0,0.10270774976657329,True,0.005,0.025
1,6,50,0.0,0.0,1,propagule,1049,0,0,0.09818875119161107,True,0.005,0.025
1,6,51,0.0,0.0,1,propagule,1059,0,0,0.10670443814919736,True,0.005,0.025
1,6,52,0.0,0.0,1,propagule,1030,0,0,0.09611650485436893,True,0.005,0.025
1,7,1,0.0,0.0,1,propagule,1040,0,0,0.1125,True,0.005,0.025
1,7,2,0.0,0.0,1,propagule,997,0,0,0.10431293881644935,True,0.005,0.025
1,7,3,0.0,0.0,1,propagule,999,0,0,0.11411411411411411,True,0.005,0.025
1,7,4,0.0,0.0,1,propagule,974,0,0,0.10574948665297741,True,0.005,0.025
1,7,5,0.0,0.0,1,propagule,969,0,0,0.11248710010319918,True,0.005,0.025
1,7,6,0.0,0.0,1,propagule,948,0,0,0.10548523206751055,True,0.005,0.025
1,7,7,0.0,0.0,1,propagule,955,0,0,0.11413612565445026,True,0.005,0.025
1,7,8,0.0,0.0,1,propagule,928,0,0,0.10668103448275862,True,0.005,0.025
1,7,9,0.0,0.0,1,propagule,931,0,0,0.11385606874328678,True,0.005,0.025
1,7,10,0.0,0.0,1,propagule,911,0,0,0.10647639956092206,True,0.005,0.025
1,7,11,0.0,0.0,1,propagule,912,0,0,0.1118421052631579,True,0.005,0.025
1,7,12,0.0,0.0,1,propagule,892,0,0,0.10874439461883408,True,0.005,0.025
1,7,13,0.0,0.0,1,propagule,891,0,0,0.11447811447811448,True,0.005,0.025
1,7,14,0.0,0.0,1,propagule,868,0,0,0.10829493087557604,True,0.005,0.025
1,7,15,0.0,0.0,1,propagule,866,0,0,0.11085450346420324,True,0.005,0.025
1,7,16,0.0,0.0,1,propagule,847,0,0,0.11097992916174734,True,0.005,0.025
1,7,17,0.0,0.0,1,propagule,853,0,0,0.11488862837045721,True,0.005,0.025
1,7,18,0.0,0.0,1,propagule,1929,0,0,0.04872991187143598,True,0.005,0.025
1,7,19,0.0,0.0,1,propagule,1873,0,0,0.050720768820074744,True,0.005,0.025
1,7,20,0.0,0.0,1,propagule,1802,0,0,0.049389567147613764,True,0.005,0.025
1,7,21,0.0,0.0,1,propagule,1783,0,0,0.05215928210880538,True,0.005,0.025
1,7,22,0.0,0.0,1,propagule,1708,0,0,0.052107728337236536,True,0.005,0.025
1,7,23,0.0,0.0,1,propagule,1692,0,0,0.05319148936170213,True,0.005,0.025
1,7,24,0.0,0.0,1,propagule,1652,0,0,0.05447941888619855,True,0.005,0.025
1,7,25,0.0,0.0,1,propagule,1639,0,0,0.05491153142159853,True,0.005,0.025
1,7,26,0.0,0.0,1,propagule,1617,0,0,0.05442176870748299,True,0.005,0.025
1,7,27,0.0,0.0,1,propagule,1589,0,0,0.05475141598489616,True,0.005,0.025
1,7,28,0.0,0.0,1,propagule,1548,0,0,0.05426356589147287,True,0.005,0.025
1,7,29,0.0,0.0,1,propagule,1527,0,0,0.05697445972495088,True,0.005,0.025
1,7,30,0.0,0.0,1,propagule,1504,0,0,0.05651595744680851,True,0.005,0.025
1,7,31,0.0,0.0,1,propagule,1501,0,0,0.05996002664890073,True,0.005,0.025
1,7,32,0.0,0.0,1,propagule,1452,0,0,0.05853994490358127,True,0.005,0.025
1,7,33,0.0,0.0,1,propagule,1426,0,0,0.05820476858345021,True,0.005,0.025
1,7,34,0.0,0.0,1,propagule,1396,0,0,0.058022922636103154,True,0.005,0.025
1,7,35,0.0,0.0,1,propagule,1386,0,0,0.05916305916305916,True,0.005,0.025
1,7,36,0.0,0.0,1,propagule,1354,0,0,0.060561299852289516,True,0.005,0.025
1,7,37,0.0,0.0,1,propagule,1340,0,0,0.06343283582089553,True,0.005,0.025
1,7,38,0.0,0.0,1,propagule,1319,0,0,0.06141015921152388,True,0.005,0.025
1,7,39,0.0,0.0,1,propagule,1299,0,0,0.06004618937644342,True,0.005,0.025
1,7,40,0.0,0.0,1,propagule,1293,0,0,0.06419180201082754,True,0.005,0.025
1,7,41,0.0,0.0,1,propagule,1277,0,0,0.06264682850430697,True,0.005,0.025
1,7,42,0.0,0.0,1,propagule,1263,0,0,0.06571654790182106,True,0.005,0.025
1,7,43,0.0,0.0,1,propagule,1299,0,0,0.1077752117013087,True,0.005,0.025
1,7,44,0.0,0.0,1,propagule,1259,0,0,0.10325655281969817,True,0.005,0.025
1,7,45,0.0,0.0,1,propagule,1251,0,0,0.10631494804156674,True,0.005,0.025
1,7,46,0.0,0.0,1,propagule,1214,0,0,0.10049423393739704,True,0.005,0.025
1,7,47,0.0,0.0,1,propagule,1212,0,0,0.10396039603960396,True,0.005,0.025
1,7,48,0.0,0.0,1,propagule,1191,0,0,0.10327455919395466,True,0.005,0.025
1,7,49,0.0,0.0,1,propagule,1175,0,0,0.1072340425531915,True,0.005,0.025
1,7,50,0.0,0.0,1,propagule,1168,0,0,0.10702054794520548,True,0.005,0.025
1,7,51,0.0,0.0,1,propagule,1141,0,0,0.10867659947414549,True,0.005,0.025
1,7,52,0.0,0.0,1,propagule,1134,0,0,0.11375661375661375,True,0.005,0.025
1,8,1,0.0,0.0,1,propagule,1113,0,0,0.11230907457322552,True,0.005,0.025
1,8,2,0.0,0.0,1,propagule,1104,0,0,0.11322463768115942,True,0.005,0.025
1,8,3,0.0,0.0,1,propagule,1097,0,0,0.11668185961713765,True,0.005,0.025
1,8,4,0.0,0.0,1,propagule,1086,0,0,0.1141804788213628,True,0.005,0.025
1,8,5,0.0,0.0,1,propagule,1079,0,0,0.11770157553290084,True,0.005,0.025
1,8,6,0.0,0.0,1,propagule,1056,0,0,0.11742424242424243,True,0.005,0.025
1,8,7,0.0,0.0,1,propagule,1052,0,0,0.1188212927756654,True,0.005,0.025
1,8,8,0.0,0.0,1,propagule,1026,0,0,0.11500974658869395,True,0.005,0.025
1,8,9,0.0,0.0,1,propagule,1022,0,0,0.12035225048923678,True,0.005,0.025
1,8,10,0.0,0.0,1,propagule,1001,0,0,0.11688311688311688,True,0.005,0.025
1,8,11,0.0,0.0,1,propagule,1001,0,0,0.11988011988011989,True,0.005,0.025
1,8,12,0.0,0.0,1,propagule,975,0,0,0.11794871794871795,True,0.005,0.025
1,8,13,0.0,0.0,1,propagule,972,0,0,0.12345679012345678,True,0.005,0.025
1,8,14,0.0,0.0,1,propagule,956,0,0,0.12133891213389121,True,0.005,0.025
1,8,15,0.0,0.0,1,propagule,959,0,0,0.12825860271115747,True,0.005,0.025
1,8,16,0.0,0.0,1,propagule,933,0,0,0.1232583065380493,True,0.005,0.025
1,8,17,0.0,0.0,1,propagule,925,0,0,0.12324324324324325,True,0.005,0.025
1,8,18,0.0,0.0,1,propagule,2169,0,0,0.05025357307514984,True,0.005,0.025
1,8,19,0.0,0.0,1,propagule,2135,0,0,0.05152224824355972,True,0.005,0.025
1,8,20,0.0,0.0,1,propagule,2071,0,0,0.04925156929019797,True,0.005,0.025
1,8,21,0.0,0.0,1,propagule,2054,0,0,0.053554040895813046,True,0.005,0.025
1,8,22,0.0,0.0,1,propagule,1991,0,0,0.05173279758915118,True,0.005,0.025
1,8,23,0.0,0.0,1,propagule,1983,0,0,0.054967221381744834,True,0.005,0.025
1,8,24,0.0,0.0,1,propagule,1901,0,0,0.05102577590741715,True,0.005,0.025
1,8,25,0.0,0.0,1,propagule,1869,0,0,0.05350454788657036,True,0.005,0.025
1,8,26,0.0,0.0,1,propagule,1808,0,0,0.05254424778761062,True,0.005,0.025
1,8,27,0.0,0.0,1,propagule,1793,0,0,0.053541550474065815,True,0.005,0.025
1,8,28,0.0,0.0,1,propagule,1731,0,0,0.05545927209705372,True,0.005,0.025
1,8,29,0.0,0.0,1,propagule,1699,0,0,0.05826957033549147,True,0.005,0.025
1,8,30,0.0,0.0,1,propagule,1642,0,0,0.05907429963459196,True,0.005,0.025
1,8,31,0.0,0.0,1,propagule,1606,0,0,0.06102117061021171,True,0.005,0.025
1,8,32,0.0,0.0,1,propagule,1553,0,0,0.06052801030264005,True,0.005,0.025
1,8,33,0.0,0.0,1,propagule,1546,0,0,0.06338939197930142,True,0.005,0.025
1,8,34,0.0,0.0,1,propagule,1490,0,0,0.06174496644295302,True,0.005,0.025
1,8,35,0.0,0.0,1,propagule,1469,0,0,0.06398910823689585,True,0.005,0.025
1,8,36,0.0,0.0,1,propagule,1443,0,0,0.06860706860706861,True,0.005,0.025
1,8,37,0.0,0.0,1,propagule,1399,0,0,0.0636168691922802,True,0.005,0.025
1,8,38,0.0,0.0,1,propagule,1385,0,0,0.0664259927797834,True,0.005,0.025
1,8,39,0.0,0.0,1,propagule,1368,0,0,0.06505847953216375,True,0.005,0.025
1,8,40,0.0,0.0,1,propagule,1354,0,0,0.06942392909896603,True,0.005,0.025
1,8,41,0.0,0.0,1,propagule,1322,0,0,0.06732223903177005,True,0.005,0.025
1,8,42,0.0,0.0,1,propagule,1304,0,0,0.06901840490797546,True,0.005,0.025
1,8,43,0.0,0.0,1,propagule,1302,0,0,0.11674347158218126,True,0.005,0.025
1,8,44,0.0,0.0,1,propagule,1275,0,0,0.11372549019607843,True,0.005,0.025
1,8,45,0.0,0.0,1,propagule,1250,0,0,0.116,True,0.005,0.025
1,8,46,0.0,0.0,1,propagule,1263,0,0,0.12193190815518606,True,0.005,0.025
1,8,47,0.0,0.0,1,propagule,1255,0,0,0.1250996015936255,True,0.005,0.025
1,8,48,0.0,0.0,1,propagule,1265,0,0,0.12885375494071147,True,0.005,0.025
1,8,49,0.0,0.0,1,propagule,1236,0,0,0.12702265372168284,True,0.005,0.025
1,8,50,0.0,0.0,1,propagule,1234,0,0,0.13047001620745544,True,0.005,0.025
1,8,51,0.0,0.0,1,propagule,1211,0,0,0.12716763005780346,True,0.005,0.025
1,8,52,0.0,0.0,1,propagule,1204,0,0,0.12956810631229235,True,0.005,0.025
1,9,1,0.0,0.0,1,propagule,1177,0,0,0.12914188615123195,True,0.005,0.025
1,9,2,0.0,0.0,1,propagule,1175,0,0,0.12851063829787235,True,0.005,0.025
1,9,3,0.0,0.0,1,propagule,1156,0,0,0.13062283737024222,True,0.005,0.025
1,9,4,0.0,0.0,1,propagule,1142,0,0,0.1330998248686515,True,0.005,0.025
1,9,5,0.0,0.0,1,propagule,1129,0,0,0.13463241806908768,True,0.005,0.025
1,9,6,0.0,0.0,1,propagule,1121,0,0,0.13291703835860838,True,0.005,0.025
1,9,7,0.0,0.0,1,propagule,1105,0,0,0.134841628959276,True,0.005,0.025
1,9,8,0.0,0.0,1,propagule,1099,0,0,0.13557779799818018,True,0.005,0.025
1,9,9,0.0,0.0,1,propagule,1082,0,0,0.13585951940850277,True,0.005,0.025
1,9,10,0.0,0.0,1,propagule,1081,0,0,0.1396854764107308,True,0.005,0.025
1,9,11,0.0,0.0,1,propagule,1063,0,0,0.13828786453433678,True,0.005,0.025
1,9,12,0.0,0.0,1,propagule,1060,0,0,0.13962264150943396,True,0.005,0.025
1,9,13,0.0,0.0,1,propagule,1050,0,0,0.1380952380952381,True,0.005,0.025
1,9,14,0.0,0.0,1,propagule,1039,0,0,0.1395572666025024,True,0.005,0.025
1,9,15,0.0,0.0,1,propagule,1029,0,0,0.13702623906705538,True,0.005,0.025
1,9,16,0.0,0.0,1,propagule,1021,0,0,0.13809990205680706,True,0.005,0.025
1,9,17,0.0,0.0,1,propagule,1011,0,0,0.13748763600395647,True,0.005,0.025
1,9,18,0.0,0.0,1,propagule,2230,0,0,0.056950672645739914,True,0.005,0.025
1,9,19,0.0,0.0,1,propagule,2196,0,0,0.056466302367941715,True,0.005,0.025
1,9,20,0.0,0.0,1,propagule,2130,0,0,0.05821596244131456,True,0.005,0.025
1,9,21,0.0,0.0,1,propagule,2067,0,0,0.059506531204644414,True,0.005,0.025
1,9,22,0.0,0.0,1,propagule,1987,0,0,0.059386009058882736,True,0.005,0.025
1,9,23,0.0,0.0,1,propagule,1961,0,0,0.06068332483426823,True,0.005,0.025
1,9,24,0.0,0.0,1,propagule,1925,0,0,0.0612987012987013,True,0.005,0.025
1,9,25,0.0,0.0,1,propagule,1894,0,0,0.06230200633579725,True,0.005,0.025
1,9,26,0.0,0.0,1,propagule,1848,0,0,0.06385281385281386,True,0.005,0.025
1,9,27,0.0,0.0,1,propagule,1808,0,0,0.06526548672566372,True,0.005,0.025
1,9,28,0.0,0.0,1,propagule,1762,0,0,0.06526674233825198,True,0.005,0.025
1,9,29,0.0,0.0,1,propagule,1751,0,0,0.06624785836664764,True,0.005,0.025
1,9,30,0.0,0.0,1,propagule,1727,0,0,0.06601042269832079,True,0.005,0.025
1,9,31,0.0,0.0,1,propagule,1699,0,0,0.06768687463213655,True,0.005,0.025
1,9,32,0.0,0.0,1,propagule,1646,0,0,0.06865127582017011,True,0.005,0.025
1,9,33,0.0,0.0,1,propagule,1610,0,0,0.07142857142857142,True,0.005,0.025
1,9,34,0.0,0.0,1,propagule,1565,0,0,0.07156549520766774,True,0.005,0.025
1,9,35,0.0,0.0,1,propagule,1538,0,0,0.0741222366710013,True,0.005,0.025
1,9,36,0.0,0.0,1,propagule,1507,0,0,0.072992700729927,True,0.005,0.025
1,9,37,0.0,0.0,1,propagule,1480,0,0,0.07972972972972973,True,0.005,0.025
1,9,38,0.0,0.0,1,propagule,1433,0,0,0.07466852756454989,True,0.005,0.025
1,9,39,0.0,0.0,1,propagule,1428,0,0,0.07773109243697479,True,0.005,0.025
1,9,40,0.0,0.0,1,propagule,1400,0,0,0.07571428571428572,True,0.005,0.025
1,9,41,0.0,0.0,1,propagule,1384,0,0,0.07947976878612717,True,0.005,0.025
1,9,42,0.0,0.0,1,propagule,1361,0,0,0.07641440117560618,True,0.005,0.025
1,9,43,0.0,0.0,1,propagule,1351,0,0,0.11398963730569948,True,0.005,0.025
1,9,44,0.0,0.0,1,propagule,1301,0,0,0.10914681014604151,True,0.005,0.025
1,9,45,0.0,0.0,1,propagule,1299,0,0,0.11162432640492687,True,0.005,0.025
1,9,46,0.0,0.0,1,propagule,1304,0,0,0.11273006134969325,True,0.005,0.025
1,9,47,0.0,0.0,1,propagule,1304,0,0,0.11733128834355828,True,0.005,0.025
1,9,48,0.0,0.0,1,propagule,1302,0,0,0.1175115207373272,True,0.005,0.025
1,9,49,0.0,0.0,1,propagule,1288,0,0,0.12267080745341614,True,0.005,0.025
1,9,50,0.0,0.0,1,propagule,1270,0,0,0.12283464566929134,True,0.005,0.025
1,9,51,0.0,0.0,1,propagule,1254,0,0,0.12679425837320574,True,0.005,0.025
1,9,52,0.0,0.0,1,propagule,1248,0,0,0.1266025641025641,True,0.005,0.025
1,10,1,0.0,0.0,1,propagule,1235,0,0,0.12955465587044535,True,0.005,0.025
1,10,2,0.0,0.0,1,propagule,1219,0,0,0.1287940935192781,True,0.005,0.025
1,10,3,0.0,0.0,1,propagule,1213,0,0,0.13355317394888705,True,0.005,0.025
1,10,4,0.0,0.0,1,propagule,1191,0,0,0.13182199832073888,True,0.005,0.025
1,10,5,0.0,0.0,1,propagule,1182,0,0,0.1362098138747885,True,0.005,0.025
1,10,6,0.0,0.0,1,propagule,1167,0,0,0.1328191945158526,True,0.005,0.025
1,10,7,0.0,0.0,1,propagule,1167,0,0,0.1353898886032562,True,0.005,0.025
1,10,8,0.0,0.0,1,propagule,1149,0,0,0.134029590948651,True,0.005,0.025
1,10,9,0.0,0.0,1,propagule,1132,0,0,0.13780918727915195,True,0.005,0.025
1,10,10,0.0,0.0,1,propagule,1117,0,0,0.135183527305282,True,0.005,0.025
1,10,11,0.0,0.0,1,propagule,1104,0,0,0.13858695652173914,True,0.005,0.025
1,10,12,0.0,0.0,1,propagule,1089,0,0,0.13682277318640956,True,0.005,0.025
1,10,13,0.0,0.0,1,propagule,1090,0,0,0.14128440366972478,True,0.005,0.025
1,10,14,0.0,0.0,1,propagule,1064,0,0,0.13721804511278196,True,0.005,0.025
1,10,15,0.0,0.0,1,propagule,1058,0,0,0.1389413988657845,True,0.005,0.025
1,10,16,0.0,0.0,1,propagule,1035,0,0,0.1391304347826087,True,0.005,0.025
1,10,17,0.0,0.0,1,propagule,1031,0,0,0.14354995150339475,True,0.005,0.025
1,10,18,0.0,0.0,1,propagule,2286,0,0,0.0594925634295713,True,0.005,0.025
1,10,19,0.0,0.0,1,propagule,2236,0,0,0.06216457960644007,True,0.005,0.025
1,10,20,0.0,0.0,1,propagule,2200,0,0,0.060909090909090906,True,0.005,0.025
1,10,21,0.0,0.0,1,propagule,2163,0,0,0.061950993989828944,True,0.005,0.025
1,10,22,0.0,0.0,1,propagule,2118,0,0,0.062795089707271,True,0.005,0.025
1,10,23,0.0,0.0,1,propagule,2070,0,0,0.0642512077294686,True,0.005,0.025
1,10,24,0.0,0.0,1,propagule,2008,0,0,0.06623505976095617,True,0.005,0.025
1,10,25,0.0,0.0,1,propagule,1951,0,0,0.06611993849308047,True,0.005,0.025
1,10,26,0.0,0.0,1,propagule,1912,0,0,0.06799163179916318,True,0.005,0.025
1,10,27,0.0,0.0,1,propagule,1860,0,0,0.06881720430107527,True,0.005,0.025
1,10,28,0.0,0.0,1,propagule,1826,0,0,0.07064622124863089,True,0.005,0.025
1,10,29,0.0,0.0,1,propagule,1778,0,0,0.0719910011248594,True,0.005,0.025
1,10,30,0.0,0.0,1,propagule,1736,0,0,0.07258064516129033,True,0.005,0.025
1,10,31,0.0,0.0,1,propagule,1673,0,0,0.07352062163777645,True,0.005,0.025
1,10,32,0.0,0.0,1,propagule,1652,0,0,0.07324455205811138,True,0.005,0.025
1,10,33,0.0,0.0,1,propagule,1622,0,0,0.07459926017262639,True,0.005,0.025
1,10,34,0.0,0.0,1,propagule,1586,0,0,0.07440100882723834,True,0.005,0.025
1,10,35,0.0,0.0,1,propagule,1554,0,0,0.07722007722007722,True,0.005,0.025
1,10,36,0.0,0.0,1,propagule,1513,0,0,0.07865168539325842,True,0.005,0.025
1,10,37,0.0,0.0,1,propagule,1468,0,0,0.07901907356948229,True,0.005,0.025
1,10,38,0.0,0.0,1,propagule,1452,0,0,0.081267217630854,True,0.005,0.025
1,10,39,0.0,0.0,1,propagule,1424,0,0,0.07935393258426966,True,0.005,0.025
1,10,40,0.0,0.0,1,propagule,1401,0,0,0.08137044967880086,True,0.005,0.025
1,10,41,0.0,0.0,1,propagule,1363,0,0,0.08290535583272193,True,0.005,0.025
1,10,42,0.0,0.0,1,propagule,1347,0,0,0.08240534521158129,True,0.005,0.025
1,10,43,0.0,0.0,1,propagule,1266,0,0,0.10110584518167456,True,0.005,0.025
1,10,44,0.0,0.0,1,propagule,1248,0,0,0.0985576923076923,True,0.005,0.025
1,10,45,0.0,0.0,1,propagule,1259,0,0,0.10643367752184273,True,0.005,0.025
1,10,46,0.0,0.0,1,propagule,1257,0,0,0.10819411296738266,True,0.005,0.025
1,10,47,0.0,0.0,1,propagule,1257,0,0,0.11455847255369929,True,0.005,0.025
1,10,48,0.0,0.0,1,propagule,1234,0,0,0.11588330632090761,True,0.005,0.025
1,10,49,0.0,0.0,1,propagule,1228,0,0,0.12296416938110749,True,0.005,0.025
1,10,50,0.0,0.0,1,propagule,1200,0,0,0.11916666666666667,True,0.005,0.025
1,10,51,0.0,0.0,1,propagule,1199,0,0,0.12176814011676397,True,0.005,0.025
1,10,52,0.0,0.0,1,propagule,1184,0,0,0.11993243243243243,True,0.005,0.025
1,1,1,0.0,0.0,1,propagule,897,0,0,0.0,True,0.01,0.015
1,1,2,0.0,0.0,1,propagule,891,0,0,0.0,True,0.01,0.015
1,1,3,0.0,0.0,1,propagule,883,0,0,0.0,True,0.01,0.015
1,1,4,0.0,0.0,1,propagule,880,0,0,0.0,True,0.01,0.015
1,1,5,0.0,0.0,1,propagule,880,0,0,0.0011363636363636363,True,0.01,0.015
1,1,6,0.0,0.0,1,propagule,887,0,0,0.0011273957158962795,True,0.01,0.015
1,1,7,0.0,0.0,1,propagule,876,0,0,0.00228310502283105,True,0.01,0.015
1,1,8,0.0,0.0,1,propagule,850,0,0,0.001176470588235294,True,0.01,0.015
1,1,9,0.0,0.0,1,propagule,841,0,0,0.0023781212841854932,True,0.01,0.015
1,1,10,0.0,0.0,1,propagule,824,0,0,0.0012135922330097086,True,0.01,0.015
1,1,11,0.0,0.0,1,propagule,812,0,0,0.0024630541871921183,True,0.01,0.015
1,1,12,0.0,0.0,1,propagule,800,0,0,0.0025,True,0.01,0.015
1,1,13,0.0,0.0,1,propagule,779,0,0,0.0025673940949935813,True,0.01,0.015
1,1,14,0.0,0.0,1,propagule,772,0,0,0.0012953367875647669,True,0.01,0.015
1,1,15,0.0,0.0,1,propagule,761,0,0,0.002628120893561104,True,0.01,0.015
1,1,16,0.0,0.0,1,propagule,756,0,0,0.0013227513227513227,True,0.01,0.015
1,1,17,0.0,0.0,1,propagule,747,0,0,0.002677376171352075,True,0.01,0.015
1,1,18,0.0,0.0,1,propagule,2183,0,0,0.0004580852038479157,True,0.01,0.015
1,1,19,0.0,0.0,1,propagule,2135,0,0,0.000936768149882904,True,0.01,0.015
1,1,20,0.0,0.0,1,propagule,2123,0,0,0.0009420631182289214,True,0.01,0.015
1,1,21,0.0,0.0,1,propagule,2066,0,0,0.000968054211035818,True,0.01,0.015
1,1,22,0.0,0.0,1,propagule,2020,0,0,0.0009900990099009901,True,0.01,0.015
1,1,23,0.0,0.0,1,propagule,1988,0,0,0.0025150905432595573,True,0.01,0.015
1,1,24,0.0,0.0,1,propagule,1940,0,0,0.0036082474226804126,True,0.01,0.015
1,1,25,0.0,0.0,1,propagule,1916,0,0,0.005741127348643006,True,0.01,0.015
1,1,26,0.0,0.0,1,propagule,1828,0,0,0.004923413566739606,True,0.01,0.015
1,1,27,0.0,0.0,1,propagule,1825,0,0,0.006027397260273973,True,0.01,0.015
1,1,28,0.0,0.0,1,propagule,1765,0,0,0.0056657223796034,True,0.01,0.015
1,1,29,0.0,0.0,1,propagule,1724,0,0,0.0063805104408352666,True,0.01,0.015
1,1,30,0.0,0.0,1,propagule,1670,0,0,0.005988023952095809,True,0.01,0.015
1,1,31,0.0,0.0,1,propagule,1637,0,0,0.006719609040928528,True,0.01,0.015
1,1,32,0.0,0.0,1,propagule,1605,0,0,0.006853582554517134,True,0.01,0.015
1,1,33,0.0,0.0,1,propagule,1594,0,0,0.006900878293601004,True,0.01,0.015
1,1,34,0.0,0.0,1,propagule,1545,0,0,0.007119741100323625,True,0.01,0.015
1,1,35,0.0,0.0,1,propagule,1533,0,0,0.007175472928897586,True,0.01,0.015
1,1,36,0.0,0.0,1,propagule,1506,0,0,0.009296148738379814,True,0.01,0.015
1,1,37,0.0,0.0,1,propagule,1479,0,0,0.009465855307640297,True,0.01,0.015
1,1,38,0.0,0.0,1,propagule,1469,0,0,0.009530292716133424,True,0.01,0.015
1,1,39,0.0,0.0,1,propagule,1437,0,0,0.009046624913013222,True,0.01,0.015
1,1,40,0.0,0.0,1,propagule,1421,0,0,0.01055594651653765,True,0.01,0.015
1,1,41,0.0,0.0,1,propagule,1395,0,0,0.011469534050179211,True,0.01,0.015
1,1,42,0.0,0.0,1,propagule,1386,0,0,0.013708513708513708,True,0.01,0.015
1,1,43,0.0,0.0,1,propagule,1386,0,0,0.023088023088023088,True,0.01,0.015
1,1,44,0.0,0.0,1,propagule,1390,0,0,0.025899280575539568,True,0.01,0.015
1,1,45,0.0,0.0,1,propagule,1370,0,0,0.025547445255474453,True,0.01,0.015
1,1,46,0.0,0.0,1,propagule,1359,0,0,0.025754231052244298,True,0.01,0.015
1,1,47,0.0,0.0,1,propagule,1328,0,0,0.024096385542168676,True,0.01,0.015
1,1,48,0.0,0.0,1,propagule,1322,0,0,0.028744326777609682,True,0.01,0.015
1,1,49,0.0,0.0,1,propagule,1291,0,0,0.025561580170410533,True,0.01,0.015
1,1,50,0.0,0.0,1,propagule,1295,0,0,0.03088803088803089,True,0.01,0.015
1,1,51,0.0,0.0,1,propagule,1261,0,0,0.025376685170499604,True,0.01,0.015
1,1,52,0.0,0.0,1,propagule,1272,0,0,0.02908805031446541,True,0.01,0.015
1,2,1,0.0,0.0,1,propagule,1231,0,0,0.023558082859463852,True,0.01,0.015
1,2,2,0.0,0.0,1,propagule,1230,0,0,0.027642276422764227,True,0.01,0.015
1,2,3,0.0,0.0,1,propagule,1192,0,0,0.022651006711409395,True,0.01,0.015
1,2,4,0.0,0.0,1,propagule,1199,0,0,0.027522935779816515,True,0.01,0.015
1,2,5,0.0,0.0,1,propagule,1170,0,0,0.02564102564102564,True,0.01,0.015
1,2,6,0.0,0.0,1,propagule,1173,0,0,0.029838022165387893,True,0.01,0.015
1,2,7,0.0,0.0,1,propagule,1146,0,0,0.027923211169284468,True,0.01,0.015
1,2,8,0.0,0.0,1,propagule,1152,0,0,0.03125,True,0.01,0.015
1,2,9,0.0,0.0,1,propagule,1125,0,0,0.028444444444444446,True,0.01,0.015
1,2,10,0.0,0.0,1,propagule,1124,0,0,0.030249110320284697,True,0.01,0.015
1,2,11,0.0,0.0,1,propagule,1104,0,0,0.028985507246376812,True,0.01,0.015
1,2,12,0.0,0.0,1,propagule,1096,0,0,0.029197080291970802,True,0.01,0.015
1,2,13,0.0,0.0,1,propagule,1079,0,0,0.028730305838739572,True,0.01,0.015
1,2,14,0.0,0.0,1,propagule,1060,0,0,0.027358490566037737,True,0.01,0.015
1,2,15,0.0,0.0,1,propagule,1048,0,0,0.02862595419847328,True,0.01,0.015
1,2,16,0.0,0.0,1,propagule,1040,0,0,0.03076923076923077,True,0.01,0.015
1,2,17,0.0,0.0,1,propagule,1021,0,0,0.029382957884427033,True,0.01,0.015
1,2,18,0.0,0.0,1,propagule,1847,0,0,0.016242555495397944,True,0.01,0.015
1,2,19,0.0,0.0,1,propagule,1782,0,0,0.013468013468013467,True,0.01,0.015
1,2,20,0.0,0.0,1,propagule,1784,0,0,0.014013452914798207,True,0.01,0.015
1,2,21,0.0,0.0,1,propagule,1690,0,0,0.01301775147928994,True,0.01,0.015
1,2,22,0.0,0.0,1,propagule,1699,0,0,0.012948793407886992,True,0.01,0.015
1,2,23,0.0,0.0,1,propagule,1639,0,0,0.013422818791946308,True,0.01,0.015
1,2,24,0.0,0.0,1,propagule,1642,0,0,0.015225334957369063,True,0.01,0.015
1,2,25,0.0,0.0,1,propagule,1593,0,0,0.016321406151914627,True,0.01,0.015
1,2,26,0.0,0.0,1,propagule,1577,0,0,0.013950538998097653,True,0.01,0.015
1,2,27,0.0,0.0,1,propagule,1525,0,0,0.017704918032786884,True,0.01,0.015
1,2,28,0.0,0.0,1,propagule,1512,0,0,0.017195767195767195,True,0.01,0.015
1,2,29,0.0,0.0,1,propagule,1427,0,0,0.015416958654519973,True,0.01,0.015
1,2,30,0.0,0.0,1,propagule,1448,0,0,0.018646408839779006,True,0.01,0.015
1,2,31,0.0,0.0,1,propagule,1384,0,0,0.016618497109826588,True,0.01,0.015
1,2,32,0.0,0.0,1,propagule,1363,0,0,0.013206162876008804,True,0.01,0.015
1,2,33,0.0,0.0,1,propagule,1323,0,0,0.015873015873015872,True,0.01,0.015
1,2,34,0.0,0.0,1,propagule,1319,0,0,0.017437452615617893,True,0.01,0.015
1,2,35,0.0,0.0,1,propagule,1287,0,0,0.01554001554001554,True,0.01,0.015
1,2,36,0.0,0.0,1,propagule,1264,0,0,0.029272151898734177,True,0.01,0.015
1,2,37,0.0,0.0,1,propagule,1217,0,0,0.0238290879211175,True,0.01,0.015
1,2,38,0.0,0.0,1,propagule,1220,0,0,0.04016393442622951,True,0.01,0.015
1,2,39,0.0,0.0,1,propagule,1174,0,0,0.026405451448040886,True,0.01,0.015
1,2,40,0.0,0.0,1,propagule,1193,0,0,0.040234702430846606,True,0.01,0.015
1,2,41,0.0,0.0,1,propagule,1138,0,0,0.020210896309314587,True,0.01,0.015
1,2,42,0.0,0.0,1,propagule,1142,0,0,0.03502626970227671,True,0.01,0.015
1,2,43,0.0,0.0,1,propagule,1167,0,0,0.05826906598114824,True,0.01,0.015
1,2,44,0.0,0.0,1,propagule,1143,0,0,0.04374453193350831,True,0.01,0.015
1,2,45,0.0,0.0,1,propagule,1133,0,0,0.04942630185348632,True,0.01,0.015
1,2,46,0.0,0.0,1,propagule,1121,0,0,0.0463871543264942,True,0.01,0.015
1,2,47,0.0,0.0,1,propagule,1128,0,0,0.05673758865248227,True,0.01,0.015
1,2,48,0.0,0.0,1,propagule,1103,0,0,0.051677243880326386,True,0.01,0.015
1,2,49,0.0,0.0,1,propagule,1097,0,0,0.053783044667274384,True,0.01,0.015
1,2,50,0.0,0.0,1,propagule,1085,0,0,0.05714285714285714,True,0.01,0.015
1,2,51,0.0,0.0,1,propagule,1076,0,0,0.055762081784386616,True,0.01,0.015
1,2,52,0.0,0.0,1,propagule,1071,0,0,0.05415499533146592,True,0.01,0.015
1,3,1,0.0,0.0,1,propagule,1059,0,0,0.05571293673276676,True,0.01,0.015
1,3,2,0.0,0.0,1,propagule,1044,0,0,0.05651340996168582,True,0.01,0.015
1,3,3,0.0,0.0,1,propagule,1035,0,0,0.06183574879227053,True,0.01,0.015
1,3,4,0.0,0.0,1,propagule,1026,0,0,0.06140350877192982,True,0.01,0.015
1,3,5,0.0,0.0,1,propagule,1021,0,0,0.059745347698334964,True,0.01,0.015
1,3,6,0.0,0.0,1,propagule,997,0,0,0.05616850551654965,True,0.01,0.015
1,3,7,0.0,0.0,1,propagule,1007,0,0,0.06951340615690169,True,0.01,0.015
1,3,8,0.0,0.0,1,propagule,980,0,0,0.061224489795918366,True,0.01,0.015
1,3,9,0.0,0.0,1,propagule,981,0,0,0.06320081549439348,True,0.01,0.015
1,3,10,0.0,0.0,1,propagule,968,0,0,0.06818181818181818,True,0.01,0.015
1,3,11,0.0,0.0,1,propagule,955,0,0,0.0712041884816754,True,0.01,0.015
1,3,12,0.0,0.0,1,propagule,946,0,0,0.07188160676532769,True,0.01,0.015
1,3,13,0.0,0.0,1,propagule,932,0,0,0.07296137339055794,True,0.01,0.015
1,3,14,0.0,0.0,1,propagule,913,0,0,0.07338444687842278,True,0.01,0.015
1,3,15,0.0,0.0,1,propagule,906,0,0,0.07836644591611479,True,0.01,0.015
1,3,16,0.0,0.0,1,propagule,892,0,0,0.0773542600896861,True,0.01,0.015
1,3,17,0.0,0.0,1,propagule,890,0,0,0.08202247191011236,True,0.01,0.015
1,3,18,0.0,0.0,1,propagule,1853,0,0,0.0372369131138694,True,0.01,0.015
1,3,19,0.0,0.0,1,propagule,1838,0,0,0.03917301414581066,True,0.01,0.015
1,3,20,0.0,0.0,1,propagule,1810,0,0,0.03867403314917127,True,0.01,0.015
1,3,21,0.0,0.0,1,propagule,1759,0,0,0.03808982376350199,True,0.01,0.015
1,3,22,0.0,0.0,1,propagule,1735,0,0,0.037463976945244955,True,0.01,0.015
1,3,23,0.0,0.0,1,propagule,1682,0,0,0.039239001189060645,True,0.01,0.015
1,3,24,0.0,0.0,1,propagule,1622,0,0,0.04130702836004932,True,0.01,0.015
1,3,25,0.0,0.0,1,propagule,1555,0,0,0.041157556270096464,True,0.01,0.015
1,3,26,0.0,0.0,1,propagule,1485,0,0,0.04242424242424243,True,0.01,0.015
1,3,27,0.0,0.0,1,propagule,1479,0,0,0.043272481406355645,True,0.01,0.015
1,3,28,0.0,0.0,1,propagule,1448,0,0,0.04281767955801105,True,0.01,0.015
1,3,29,0.0,0.0,1,propagule,1417,0,0,0.0465772759350741,True,0.01,0.015
1,3,30,0.0,0.0,1,propagule,1348,0,0,0.04673590504451038,True,0.01,0.015
1,3,31,0.0,0.0,1,propagule,1358,0,0,0.050073637702503684,True,0.01,0.015
1,3,32,0.0,0.0,1,propagule,1318,0,0,0.04400606980273141,True,0.01,0.015
1,3,33,0.0,0.0,1,propagule,1311,0,0,0.04271548436308162,True,0.01,0.015
1,3,34,0.0,0.0,1,propagule,1271,0,0,0.041699449252557044,True,0.01,0.015
1,3,35,0.0,0.0,1,propagule,1230,0,0,0.03983739837398374,True,0.01,0.015
1,3,36,0.0,0.0,1,propagule,1198,0,0,0.041736227045075125,True,0.01,0.015
1,3,37,0.0,0.0,1,propagule,1191,0,0,0.051217464315701094,True,0.01,0.015
1,3,38,0.0,0.0,1,propagule,1169,0,0,0.04448246364414029,True,0.01,0.015
1,3,39,0.0,0.0,1,propagule,1143,0,0,0.04636920384951881,True,0.01,0.015
1,3,40,0.0,0.0,1,propagule,1120,0,0,0.049107142857142856,True,0.01,0.015
1,3,41,0.0,0.0,1,propagule,1101,0,0,0.05086285195277021,True,0.01,0.015
1,3,42,0.0,0.0,1,propagule,1084,0,0,0.046125461254612546,True,0.01,0.015
1,3,43,0.0,0.0,1,propagule,1163,0,0,0.08684436801375753,True,0.01,0.015
1,3,44,0.0,0.0,1,propagule,1131,0,0,0.08045977011494253,True,0.01,0.015
1,3,45,0.0,0.0,1,propagule,1123,0,0,0.0881567230632235,True,0.01,0.015
1,3,46,0.0,0.0,1,propagule,1119,0,0,0.08847184986595175,True,0.01,0.015
1,3,47,0.0,0.0,1,propagule,1107,0,0,0.09123757904245709,True,0.01,0.015
1,3,48,0.0,0.0,1,propagule,1095,0,0,0.09223744292237443,True,0.01,0.015
1,3,49,0.0,0.0,1,propagule,1086,0,0,0.09760589318600368,True,0.01,0.015
1,3,50,0.0,0.0,1,propagule,1081,0,0,0.09898242368177614,True,0.01,0.015
1,3,51,0.0,0.0,1,propagule,1070,0,0,0.10467289719626169,True,0.01,0.015
1,3,52,0.0,0.0,1,propagule,1059,0,0,0.10292728989612843,True,0.01,0.015
1,4,1,0.0,0.0,1,propagule,1060,0,0,0.11037735849056604,True,0.01,0.015
1,4,2,0.0,0.0,1,propagule,1037,0,0,0.10414657666345227,True,0.01,0.015
1,4,3,0.0,0.0,1,propagule,1035,0,0,0.1111111111111111,True,0.01,0.015
1,4,4,0.0,0.0,1,propagule,1009,0,0,0.10505450941526263,True,0.01,0.015
1,4,5,0.0,0.0,1,propagule,1009,0,0,0.1110009910802775,True,0.01,0.015
1,4,6,0.0,0.0,1,propagule,990,0,0,0.10505050505050505,True,0.01,0.015
1,4,7,0.0,0.0,1,propagule,996,0,0,0.1144578313253012,True,0.01,0.015
1,4,8,0.0,0.0,1,propagule,967,0,0,0.10444674250258532,True,0.01,0.015
1,4,9,0.0,0.0,1,propagule,969,0,0,0.11042311661506708,True,0.01,0.015
1,4,10,0.0,0.0,1,propagule,944,0,0,0.1048728813559322,True,0.01,0.015
1,4,11,0.0,0.0,1,propagule,942,0,0,0.11040339702760085,True,0.01,0.015
1,4,12,0.0,0.0,1,propagule,923,0,0,0.10725893824485373,True,0.01,0.015
1,4,13,0.0,0.0,1,propagule,912,0,0,0.1118421052631579,True,0.01,0.015
1,4,14,0.0,0.0,1,propagule,902,0,0,0.10975609756097561,True,0.01,0.015
1,4,15,0.0,0.0,1,propagule,894,0,0,0.11185682326621924,True,0.01,0.015
1,4,16,0.0,0.0,1,propagule,870,0,0,0.10574712643678161,True,0.01,0.015
1,4,17,0.0,0.0,1,propagule,865,0,0,0.10982658959537572,True,0.01,0.015
1,4,18,0.0,0.0,1,propagule,1805,0,0,0.050415512465373964,True,0.01,0.015
1,4,19,0.0,0.0,1,propagule,1778,0,0,0.052868391451068614,True,0.01,0.015
1,4,20,0.0,0.0,1,propagule,1779,0,0,0.05227655986509275,True,0.01,0.015
1,4,21,0.0,0.0,1,propagule,1705,0,0,0.05219941348973607,True,0.01,0.015
1,4,22,0.0,0.0,1,propagule,1663,0,0,0.05111244738424534,True,0.01,0.015
1,4,23,0.0,0.0,1,propagule,1610,0,0,0.05093167701863354,True,0.01,0.015
1,4,24,0.0,0.0,1,propagule,1573,0,0,0.05149396058486968,True,0.01,0.015
1,4,25,0.0,0.0,1,propagule,1558,0,0,0.05391527599486521,True,0.01,0.015
1,4,26,0.0,0.0,1,propagule,1501,0,0,0.0519653564290473,True,0.01,0.015
1,4,27,0.0,0.0,1,propagule,1468,0,0,0.05653950953678474,True,0.01,0.015
1,4,28,0.0,0.0,1,propagule,1410,0,0,0.05390070921985816,True,0.01,0.015
1,4,29,0.0,0.0,1,propagule,1378,0,0,0.057329462989840346,True,0.01,0.015
1,4,30,0.0,0.0,1,propagule,1360,0,0,0.05955882352941176,True,0.01,0.015
1,4,31,0.0,0.0,1,propagule,1314,0,0,0.0578386605783866,True,0.01,0.015
1,4,32,0.0,0.0,1,propagule,1292,0,0,0.06037151702786378,True,0.01,0.015
1,4,33,0.0,0.0,1,propagule,1263,0,0,0.05938242280285035,True,0.01,0.015
1,4,34,0.0,0.0,1,propagule,1224,0,0,0.061274509803921566,True,0.01,0.015
1,4,35,0.0,0.0,1,propagule,1178,0,0,0.06027164685908319,True,0.01,0.015
1,4,36,0.0,0.0,1,propagule,1154,0,0,0.06672443674176777,True,0.01,0.015
1,4,37,0.0,0.0,1,propagule,1137,0,0,0.06244503078276165,True,0.01,0.015
1,4,38,0.0,0.0,1,propagule,1116,0,0,0.06630824372759857,True,0.01,0.015
1,4,39,0.0,0.0,1,propagule,1106,0,0,0.06690777576853527,True,0.01,0.015
1,4,40,0.0,0.0,1,propagule,1090,0,0,0.06972477064220184,True,0.01,0.015
1,4,41,0.0,0.0,1,propagule,1074,0,0,0.06797020484171322,True,0.01,0.015
1,4,42,0.0,0.0,1,propagule,1055,0,0,0.07203791469194312,True,0.01,0.015
1,4,43,0.0,0.0,1,propagule,1086,0,0,0.11049723756906077,True,0.01,0.015
1,4,44,0.0,0.0,1,propagule,1046,0,0,0.10133843212237094,True,0.01,0.015
1,4,45,0.0,0.0,1,propagule,1019,0,0,0.09421000981354269,True,0.01,0.015
1,4,46,0.0,0.0,1,propagule,1013,0,0,0.09575518262586377,True,0.01,0.015
1,4,47,0.0,0.0,1,propagule,1002,0,0,0.0968063872255489,True,0.01,0.015
1,4,48,0.0,0.0,1,propagule,1002,0,0,0.09481037924151696,True,0.01,0.015
1,4,49,0.0,0.0,1,propagule,979,0,0,0.09601634320735444,True,0.01,0.015
1,4,50,0.0,0.0,1,propagule,975,0,0,0.09641025641025641,True,0.01,0.015
1,4,51,0.0,0.0,1,propagule,966,0,0,0.09627329192546584,True,0.01,0.015
1,4,52,0.0,0.0,1,propagule,960,0,0,0.09583333333333334,True,0.01,0.015
1,5,1,0.0,0.0,1,propagule,945,0,0,0.09841269841269841,True,0.01,0.015
1,5,2,0.0,0.0,1,propagule,932,0,0,0.09871244635193133,True,0.01,0.015
1,5,3,0.0,0.0,1,propagule,919,0,0,0.09902067464635474,True,0.01,0.015
1,5,4,0.0,0.0,1,propagule,913,0,0,0.10295728368017525,True,0.01,0.015
1,5,5,0.0,0.0,1,propagule,897,0,0,0.09921962095875139,True,0.01,0.015
1,5,6,0.0,0.0,1,propagule,891,0,0,0.10549943883277217,True,0.01,0.015
1,5,7,0.0,0.0,1,propagule,877,0,0,0.09920182440136831,True,0.01,0.015
1,5,8,0.0,0.0,1,propagule,870,0,0,0.10459770114942529,True,0.01,0.015
1,5,9,0.0,0.0,1,propagule,858,0,0,0.10139860139860139,True,0.01,0.015
1,5,10,0.0,0.0,1,propagule,853,0,0,0.10433763188745604,True,0.01,0.015
1,5,11,0.0,0.0,1,propagule,845,0,0,0.10414201183431952,True,0.01,0.015
1,5,12,0.0,0.0,1,propagule,838,0,0,0.10739856801909307,True,0.01,0.015
1,5,13,0.0,0.0,1,propagule,841,0,0,0.10939357907253269,True,0.01,0.015
1,5,14,0.0,0.0,1,propagule,827,0,0,0.10882708585247884,True,0.01,0.015
1,5,15,0.0,0.0,1,propagule,819,0,0,0.10866910866910867,True,0.01,0.015
1,5,16,0.0,0.0,1,propagule,812,0,0,0.10960591133004927,True,0.01,0.015
1,5,17,0.0,0.0,1,propagule,804,0,0,0.11318407960199005,True,0.01,0.015
1,5,18,0.0,0.0,1,propagule,1720,0,0,0.05232558139534884,True,0.01,0.015
1,5,19,0.0,0.0,1,propagule,1712,0,0,0.053738317757009345,True,0.01,0.015
1,5,20,0.0,0.0,1,propagule,1685,0,0,0.05341246290801187,True,0.01,0.015
1,5,21,0.0,0.0,1,propagule,1658,0,0,0.054282267792521106,True,0.01,0.015
1,5,22,0.0,0.0,1,propagule,1637,0,0,0.055589492974954184,True,0.01,0.015
1,5,23,0.0,0.0,1,propagule,1629,0,0,0.05954573357888275,True,0.01,0.015
1,5,24,0.0,0.0,1,propagule,1605,0,0,0.06043613707165109,True,0.01,0.015
1,5,25,0.0,0.0,1,propagule,1606,0,0,0.062266500622665005,True,0.01,0.015
1,5,26,0.0,0.0,1,propagule,1556,0,0,0.062339331619537273,True,0.01,0.015
1,5,27,0.0,0.0,1,propagule,1527,0,0,0.05893909626719057,True,0.01,0.015
1,5,28,0.0,0.0,1,propagule,1481,0,0,0.06144496961512492,True,0.01,0.015
1,5,29,0.0,0.0,1,propagule,1474,0,0,0.06309362279511534,True,0.01,0.015
1,5,30,0.0,0.0,1,propagule,1438,0,0,0.06467315716272601,True,0.01,0.015
1,5,31,0.0,0.0,1,propagule,1392,0,0,0.06465517241379311,True,0.01,0.015
1,5,32,0.0,0.0,1,propagule,1375,0,0,0.06763636363636363,True,0.01,0.015
1,5,33,0.0,0.0,1,propagule,1336,0,0,0.06511976047904192,True,0.01,0.015
1,5,34,0.0,0.0,1,propagule,1294,0,0,0.06800618238021638,True,0.01,0.015
1,5,35,0.0,0.0,1,propagule,1261,0,0,0.0689928628072958,True,0.01,0.015
1,5,36,0.0,0.0,1,propagule,1226,0,0,0.07259380097879282,True,0.01,0.015
1,5,37,0.0,0.0,1,propagule,1154,0,0,0.07105719237435008,True,0.01,0.015
1,5,38,0.0,0.0,1,propagule,1145,0,0,0.07510917030567686,True,0.01,0.015
1,5,39,0.0,0.0,1,propagule,1124,0,0,0.07562277580071175,True,0.01,0.015
1,5,40,0.0,0.0,1,propagule,1114,0,0,0.07540394973070018,True,0.01,0.015
1,5,41,0.0,0.0,1,propagule,1094,0,0,0.07586837294332724,True,0.01,0.015
1,5,42,0.0,0.0,1,propagule,1089,0,0,0.0780532598714417,True,0.01,0.015
1,5,43,0.0,0.0,1,propagule,1097,0,0,0.10756608933454877,True,0.01,0.015
1,5,44,0.0,0.0,1,propagule,1048,0,0,0.0982824427480916,True,0.01,0.015
1,5,45,0.0,0.0,1,propagule,1022,0,0,0.09882583170254403,True,0.01,0.015
1,5,46,0.0,0.0,1,propagule,1024,0,0,0.1083984375,True,0.01,0.015
1,5,47,0.0,0.0,1,propagule,1010,0,0,0.10495049504950495,True,0.01,0.015
1,5,48,0.0,0.0,1,propagule,1009,0,0,0.11397423191278494,True,0.01,0.015
1,5,49,0.0,0.0,1,propagule,1002,0,0,0.11277445109780439,True,0.01,0.015
1,5,50,0.0,0.0,1,propagule,1007,0,0,0.1221449851042701,True,0.01,0.015
1,5,51,0.0,0.0,1,propagule,996,0,0,0.11847389558232932,True,0.01,0.015
1,5,52,0.0,0.0,1,propagule,984,0,0,0.12195121951219512,True,0.01,0.015
1,6,1,0.0,0.0,1,propagule,967,0,0,0.1189245087900724,True,0.01,0.015
1,6,2,0.0,0.0,1,propagule,964,0,0,0.12136929460580913,True,0.01,0.015
1,6,3,0.0,0.0,1,propagule,950,0,0,0.1231578947368421,True,0.01,0.015
1,6,4,0.0,0.0,1,propagule,938,0,0,0.12899786780383796,True,0.01,0.015
1,6,5,0.0,0.0,1,propagule,927,0,0,0.12405609492988134,True,0.01,0.015
1,6,6,0.0,0.0,1,propagule,917,0,0,0.128680479825518,True,0.01,0.015
1,6,7,0.0,0.0,1,propagule,897,0,0,0.12597547380156077,True,0.01,0.015
1,6,8,0.0,0.0,1,propagule,895,0,0,0.12960893854748604,True,0.01,0.015
1,6,9,0.0,0.0,1,propagule,886,0,0,0.1252821670428894,True,0.01,0.015
1,6,10,0.0,0.0,1,propagule,875,0,0,0.128,True,0.01,0.015
1,6,11,0.0,0.0,1,propagule,863,0,0,0.12166859791425261,True,0.01,0.015
1,6,12,0.0,0.0,1,propagule,849,0,0,0.12131919905771496,True,0.01,0.015
1,6,13,0.0,0.0,1,propagule,839,0,0,0.12276519666269368,True,0.01,0.015
1,6,14,0.0,0.0,1,propagule,830,0,0,0.1216867469879518,True,0.01,0.015
1,6,15,0.0,0.0,1,propagule,820,0,0,0.12317073170731707,True,0.01,0.015
1,6,16,0.0,0.0,1,propagule,818,0,0,0.12224938875305623,True,0.01,0.015
1,6,17,0.0,0.0,1,propagule,813,0,0,0.12423124231242312,True,0.01,0.015
1,6,18,0.0,0.0,1,propagule,1671,0,0,0.059844404548174746,True,0.01,0.015
1,6,19,0.0,0.0,1,propagule,1629,0,0,0.05954573357888275,True,0.01,0.015
1,6,20,0.0,0.0,1,propagule,1593,0,0,0.060263653483992465,True,0.01,0.015
1,6,21,0.0,0.0,1,propagule,1547,0,0,0.060762766645119586,True,0.01,0.015
1,6,22,0.0,0.0,1,propagule,1535,0,0,0.06058631921824104,True,0.01,0.015
1,6,23,0.0,0.0,1,propagule,1481,0,0,0.06076975016880486,True,0.01,0.015
1,6,24,0.0,0.0,1,propagule,1434,0,0,0.058577405857740586,True,0.01,0.015
1,6,25,0.0,0.0,1,propagule,1394,0,0,0.06169296987087518,True,0.01,0.015
1,6,26,0.0,0.0,1,propagule,1351,0,0,0.05995558845299778,True,0.01,0.015
1,6,27,0.0,0.0,1,propagule,1331,0,0,0.061607813673929375,True,0.01,0.015
1,6,28,0.0,0.0,1,propagule,1281,0,0,0.0624512099921936,True,0.01,0.015
1,6,29,0.0,0.0,1,propagule,1248,0,0,0.060897435897435896,True,0.01,0.015
1,6,30,0.0,0.0,1,propagule,1227,0,0,0.06519967400162999,True,0.01,0.015
1,6,31,0.0,0.0,1,propagule,1206,0,0,0.06384742951907131,True,0.01,0.015
1,6,32,0.0,0.0,1,propagule,1184,0,0,0.06587837837837837,True,0.01,0.015
1,6,33,0.0,0.0,1,propagule,1140,0,0,0.06666666666666667,True,0.01,0.015
1,6,34,0.0,0.0,1,propagule,1111,0,0,0.06480648064806481,True,0.01,0.015
1,6,35,0.0,0.0,1,propagule,1100,0,0,0.06818181818181818,True,0.01,0.015
1,6,36,0.0,0.0,1,propagule,1079,0,0,0.06950880444856349,True,0.01,0.015
1,6,37,0.0,0.0,1,propagule,1059,0,0,0.06987724268177525,True,0.01,0.015
1,6,38,0.0,0.0,1,propagule,1049,0,0,0.07054337464251668,True,0.01,0.015
1,6,39,0.0,0.0,1,propagule,1037,0,0,0.06943105110896818,True,0.01,0.015
1,6,40,0.0,0.0,1,propagule,1029,0,0,0.06997084548104957,True,0.01,0.015
1,6,41,0.0,0.0,1,propagule,1012,0,0,0.0691699604743083,True,0.01,0.015
1,6,42,0.0,0.0,1,propagule,1000,0,0,0.069,True,0.01,0.015
1,6,43,0.0,0.0,1,propagule,1009,0,0,0.08820614469772052,True,0.01,0.015
1,6,44,0.0,0.0,1,propagule,971,0,0,0.08341915550978372,True,0.01,0.015
1,6,45,0.0,0.0,1,propagule,960,0,0,0.08541666666666667,True,0.01,0.015
1,6,46,0.0,0.0,1,propagule,952,0,0,0.09243697478991597,True,0.01,0.015
1,6,47,0.0,0.0,1,propagule,951,0,0,0.0946372239747634,True,0.01,0.015
1,6,48,0.0,0.0,1,propagule,939,0,0,0.09584664536741214,True,0.01,0.015
1,6,49,0.0,0.0,1,propagule,929,0,0,0.0968783638320775,True,0.01,0.015
1,6,50,0.0,0.0,1,propagule,917,0,0,0.09596510359869138,True,0.01,0.015
1,6,51,0.0,0.0,1,propagule,906,0,0,0.09602649006622517,True,0.01,0.015
1,6,52,0.0,0.0,1,propagule,899,0,0,0.09788654060066741,True,0.01,0.015
1,7,1,0.0,0.0,1,propagule,893,0,0,0.09742441209406495,True,0.01,0.015
1,7,2,0.0,0.0,1,propagule,875,0,0,0.09828571428571428,True,0.01,0.015
1,7,3,0.0,0.0,1,propagule,861,0,0,0.09988385598141696,True,0.01,0.015
1,7,4,0.0,0.0,1,propagule,848,0,0,0.10023584905660378,True,0.01,0.015
1,7,5,0.0,0.0,1,propagule,829,0,0,0.09891435464414958,True,0.01,0.015
1,7,6,0.0,0.0,1,propagule,816,0,0,0.09926470588235294,True,0.01,0.015
1,7,7,0.0,0.0,1,propagule,808,0,0,0.09900990099009901,True,0.01,0.015
1,7,8,0.0,0.0,1,propagule,804,0,0,0.10074626865671642,True,0.01,0.015
1,7,9,0.0,0.0,1,propagule,798,0,0,0.10025062656641603,True,0.01,0.015
1,7,10,0.0,0.0,1,propagule,794,0,0,0.09949622166246852,True,0.01,0.015
1,7,11,0.0,0.0,1,propagule,782,0,0,0.09974424552429667,True,0.01,0.015
1,7,12,0.0,0.0,1,propagule,775,0,0,0.10064516129032258,True,0.01,0.015
1,7,13,0.0,0.0,1,propagule,764,0,0,0.10078534031413612,True,0.01,0.015
1,7,14,0.0,0.0,1,propagule,759,0,0,0.09881422924901186,True,0.01,0.015
1,7,15,0.0,0.0,1,propagule,754,0,0,0.09814323607427056,True,0.01,0.015
1,7,16,0.0,0.0,1,propagule,746,0,0,0.09919571045576407,True,0.01,0.015
1,7,17,0.0,0.0,1,propagule,739,0,0,0.10013531799729364,True,0.01,0.015
1,7,18,0.0,0.0,1,propagule,1633,0,0,0.04470300061236987,True,0.01,0.015
1,7,19,0.0,0.0,1,propagule,1617,0,0,0.04390847247990105,True,0.01,0.015
1,7,20,0.0,0.0,1,propagule,1590,0,0,0.0440251572327044,True,0.01,0.015
1,7,21,0.0,0.0,1,propagule,1543,0,0,0.04471808165910564,True,0.01,0.015
1,7,22,0.0,0.0,1,propagule,1518,0,0,0.045454545454545456,True,0.01,0.015
1,7,23,0.0,0.0,1,propagule,1502,0,0,0.045272969374167776,True,0.01,0.015
1,7,24,0.0,0.0,1,propagule,1467,0,0,0.046353101567825496,True,0.01,0.015
1,7,25,0.0,0.0,1,propagule,1443,0,0,0.04712404712404712,True,0.01,0.015
1,7,26,0.0,0.0,1,propagule,1387,0,0,0.047584715212689255,True,0.01,0.015
1,7,27,0.0,0.0,1,propagule,1350,0,0,0.04962962962962963,True,0.01,0.015
1,7,28,0.0,0.0,1,propagule,1325,0,0,0.050566037735849056,True,0.01,0.015
1,7,29,0.0,0.0,1,propagule,1307,0,0,0.0504973221117062,True,0.01,0.015
1,7,30,0.0,0.0,1,propagule,1275,0,0,0.05254901960784314,True,0.01,0.015
1,7,31,0.0,0.0,1,propagule,1237,0,0,0.05173807599029911,True,0.01,0.015
1,7,32,0.0,0.0,1,propagule,1222,0,0,0.05319148936170213,True,0.01,0.015
1,7,33,0.0,0.0,1,propagule,1209,0,0,0.05293631100082713,True,0.01,0.015
1,7,34,0.0,0.0,1,propagule,1172,0,0,0.0537542662116041,True,0.01,0.015
1,7,35,0.0,0.0,1,propagule,1159,0,0,0.055220017256255395,True,0.01,0.015
1,7,36,0.0,0.0,1,propagule,1131,0,0,0.05481874447391689,True,0.01,0.015
1,7,37,0.0,0.0,1,propagule,1113,0,0,0.055705300988319856,True,0.01,0.015
1,7,38,0.0,0.0,1,propagule,1105,0,0,0.056108597285067875,True,0.01,0.015
1,7,39,0.0,0.0,1,propagule,1089,0,0,0.05325987144168962,True,0.01,0.015
1,7,40,0.0,0.0,1,propagule,1079,0,0,0.05560704355885079,True,0.01,0.015
1,7,41,0.0,0.0,1,propagule,1068,0,0,0.056179775280898875,True,0.01,0.015
1,7,42,0.0,0.0,1,propagule,1054,0,0,0.055977229601518026,True,0.01,0.015
1,7,43,0.0,0.0,1,propagule,1059,0,0,0.08404154863078375,True,0.01,0.015
1,7,44,0.0,0.0,1,propagule,1039,0,0,0.07988450433108758,True,0.01,0.015
1,7,45,0.0,0.0,1,propagule,1009,0,0,0.07433102081268583,True,0.01,0.015
1,7,46,0.0,0.0,1,propagule,995,0,0,0.07336683417085427,True,0.01,0.015
1,7,47,0.0,0.0,1,propagule,975,0,0,0.07487179487179488,True,0.01,0.015
1,7,48,0.0,0.0,1,propagule,962,0,0,0.07068607068607069,True,0.01,0.015
1,7,49,0.0,0.0,1,propagule,953,0,0,0.07240293809024134,True,0.01,0.015
1,7,50,0.0,0.0,1,propagule,940,0,0,0.07127659574468086,True,0.01,0.015
1,7,51,0.0,0.0,1,propagule,936,0,0,0.07371794871794872,True,0.01,0.015
1,7,52,0.0,0.0,1,propagule,922,0,0,0.07266811279826464,True,0.01,0.015
1,8,1,0.0,0.0,1,propagule,915,0,0,0.073224043715847,True,0.01,0.015
1,8,2,0.0,0.0,1,propagule,900,0,0,0.07222222222222222,True,0.01,0.015
1,8,3,0.0,0.0,1,propagule,885,0,0,0.0711864406779661,True,0.01,0.015
1,8,4,0.0,0.0,1,propagule,870,0,0,0.07126436781609195,True,0.01,0.015
1,8,5,0.0,0.0,1,propagule,858,0,0,0.07226107226107226,True,0.01,0.015
1,8,6,0.0,0.0,1,propagule,853,0,0,0.07268464243845252,True,0.01,0.015
1,8,7,0.0,0.0,1,propagule,843,0,0,0.07354685646500593,True,0.01,0.015
1,8,8,0.0,0.0,1,propagule,834,0,0,0.07434052757793765,True,0.01,0.015
1,8,9,0.0,0.0,1,propagule,823,0,0,0.07290400972053462,True,0.01,0.015
1,8,10,0.0,0.0,1,propagule,813,0,0,0.07380073800738007,True,0.01,0.015
1,8,11,0.0,0.0,1,propagule,802,0,0,0.07605985037406483,True,0.01,0.015
1,8,12,0.0,0.0,1,propagule,783,0,0,0.07407407407407407,True,0.01,0.015
1,8,13,0.0,0.0,1,propagule,774,0,0,0.07364341085271318,True,0.01,0.015
1,8,14,0.0,0.0,1,propagule,762,0,0,0.07480314960629922,True,0.01,0.015
1,8,15,0.0,0.0,1,propagule,760,0,0,0.075,True,0.01,0.015
1,8,16,0.0,0.0,1,propagule,744,0,0,0.07526881720430108,True,0.01,0.015
1,8,17,0.0,0.0,1,propagule,739,0,0,0.07577807848443843,True,0.01,0.015
1,8,18,0.0,0.0,1,propagule,1425,0,0,0.03929824561403509,True,0.01,0.015
1,8,19,0.0,0.0,1,propagule,1406,0,0,0.03982930298719772,True,0.01,0.015
1,8,20,0.0,0.0,1,propagule,1378,0,0,0.038461538461538464,True,0.01,0.015
1,8,21,0.0,0.0,1,propagule,1343,0,0,0.0379746835443038,True,0.01,0.015
1,8,22,0.0,0.0,1,propagule,1319,0,0,0.03866565579984837,True,0.01,0.015
1,8,23,0.0,0.0,1,propagule,1287,0,0,0.03807303807303807,True,0.01,0.015
1,8,24,0.0,0.0,1,propagule,1252,0,0,0.03913738019169329,True,0.01,0.015
1,8,25,0.0,0.0,1,propagule,1236,0,0,0.040453074433656956,True,0.01,0.015
1,8,26,0.0,0.0,1,propagule,1208,0,0,0.03890728476821192,True,0.01,0.015
1,8,27,0.0,0.0,1,propagule,1186,0,0,0.04047217537942664,True,0.01,0.015
1,8,28,0.0,0.0,1,propagule,1164,0,0,0.040378006872852236,True,0.01,0.015
1,8,29,0.0,0.0,1,propagule,1143,0,0,0.04111986001749781,True,0.01,0.015
1,8,30,0.0,0.0,1,propagule,1126,0,0,0.043516873889875664,True,0.01,0.015
1,8,31,0.0,0.0,1,propagule,1106,0,0,0.0433996383363472,True,0.01,0.015
1,8,32,0.0,0.0,1,propagule,1063,0,0,0.043273753527751646,True,0.01,0.015
1,8,33,0.0,0.0,1,propagule,1024,0,0,0.044921875,True,0.01,0.015
1,8,34,0.0,0.0,1,propagule,1005,0,0,0.04477611940298507,True,0.01,0.015
1,8,35,0.0,0.0,1,propagule,993,0,0,0.045317220543806644,True,0.01,0.015
1,8,36,0.0,0.0,1,propagule,969,0,0,0.047471620227038186,True,0.01,0.015
1,8,37,0.0,0.0,1,propagule,941,0,0,0.04782146652497343,True,0.01,0.015
1,8,38,0.0,0.0,1,propagule,933,0,0,0.04930332261521972,True,0.01,0.015
1,8,39,0.0,0.0,1,propagule,921,0,0,0.04777415852334419,True,0.01,0.015
1,8,40,0.0,0.0,1,propagule,909,0,0,0.047304730473047306,True,0.01,0.015
1,8,41,0.0,0.0,1,propagule,902,0,0,0.04656319290465632,True,0.01,0.015
1,8,42,0.0,0.0,1,propagule,881,0,0,0.046538024971623154,True,0.01,0.015
1,8,43,0.0,0.0,1,propagule,890,0,0,0.07528089887640449,True,0.01,0.015
1,8,44,0.0,0.0,1,propagule,854,0,0,0.06323185011709602,True,0.01,0.015
1,8,45,0.0,0.0,1,propagule,849,0,0,0.0636042402826855,True,0.01,0.015
1,8,46,0.0,0.0,1,propagule,836,0,0,0.061004784688995214,True,0.01,0.015
1,8,47,0.0,0.0,1,propagule,833,0,0,0.062424969987995196,True,0.01,0.015
1,8,48,0.0,0.0,1,propagule,815,0,0,0.06134969325153374,True,0.01,0.015
1,8,49,0.0,0.0,1,propagule,809,0,0,0.0630407911001236,True,0.01,0.015
1,8,50,0.0,0.0,1,propagule,796,0,0,0.06532663316582915,True,0.01,0.015
1,8,51,0.0,0.0,1,propagule,782,0,0,0.06521739130434782,True,0.01,0.015
1,8,52,0.0,0.0,1,propagule,766,0,0,0.06657963446475196,True,0.01,0.015
1,9,1,0.0,0.0,1,propagule,761,0,0,0.0657030223390276,True,0.01,0.015
1,9,2,0.0,0.0,1,propagule,754,0,0,0.06896551724137931,True,0.01,0.015
1,9,3,0.0,0.0,1,propagule,739,0,0,0.06630581867388363,True,0.01,0.015
1,9,4,0.0,0.0,1,propagule,733,0,0,0.06957708049113233,True,0.01,0.015
1,9,5,0.0,0.0,1,propagule,727,0,0,0.07015130674002751,True,0.01,0.015
1,9,6,0.0,0.0,1,propagule,721,0,0,0.06796116504854369,True,0.01,0.015
1,9,7,0.0,0.0,1,propagule,716,0,0,0.06843575418994413,True,0.01,0.015
1,9,8,0.0,0.0,1,propagule,697,0,0,0.06886657101865136,True,0.01,0.015
1,9,9,0.0,0.0,1,propagule,701,0,0,0.07132667617689016,True,0.01,0.015
1,9,10,0.0,0.0,1,propagule,692,0,0,0.07658959537572255,True,0.01,0.015
1,9,11,0.0,0.0,1,propagule,687,0,0,0.07423580786026202,True,0.01,0.015
1,9,12,0.0,0.0,1,propagule,674,0,0,0.0712166172106825,True,0.01,0.015
1,9,13,0.0,0.0,1,propagule,666,0,0,0.07357357357357357,True,0.01,0.015
1,9,14,0.0,0.0,1,propagule,656,0,0,0.07469512195121951,True,0.01,0.015
1,9,15,0.0,0.0,1,propagule,653,0,0,0.07503828483920368,True,0.01,0.015
1,9,16,0.0,0.0,1,propagule,639,0,0,0.07668231611893583,True,0.01,0.015
1,9,17,0.0,0.0,1,propagule,635,0,0,0.07559055118110236,True,0.01,0.015
1,9,18,0.0,0.0,1,propagule,1386,0,0,0.03391053391053391,True,0.01,0.015
1,9,19,0.0,0.0,1,propagule,1351,0,0,0.031088082901554404,True,0.01,0.015
1,9,20,0.0,0.0,1,propagule,1312,0,0,0.03125,True,0.01,0.015
1,9,21,0.0,0.0,1,propagule,1253,0,0,0.03272146847565842,True,0.01,0.015
1,9,22,0.0,0.0,1,propagule,1237,0,0,0.033144704931285365,True,0.01,0.015
1,9,23,0.0,0.0,1,propagule,1220,0,0,0.03278688524590164,True,0.01,0.015
1,9,24,0.0,0.0,1,propagule,1205,0,0,0.034854771784232366,True,0.01,0.015
1,9,25,0.0,0.0,1,propagule,1165,0,0,0.03261802575107296,True,0.01,0.015
1,9,26,0.0,0.0,1,propagule,1148,0,0,0.032229965156794424,True,0.01,0.015
1,9,27,0.0,0.0,1,propagule,1113,0,0,0.03234501347708895,True,0.01,0.015
1,9,28,0.0,0.0,1,propagule,1097,0,0,0.032816773017319965,True,0.01,0.015
1,9,29,0.0,0.0,1,propagule,1069,0,0,0.03367633302151544,True,0.01,0.015
1,9,30,0.0,0.0,1,propagule,1041,0,0,0.0345821325648415,True,0.01,0.015
1,9,31,0.0,0.0,1,propagule,1024,0,0,0.03515625,True,0.01,0.015
1,9,32,0.0,0.0,1,propagule,1003,0,0,0.03589232303090728,True,0.01,0.015
1,9,33,0.0,0.0,1,propagule,991,0,0,0.03632694248234107,True,0.01,0.015
1,9,34,0.0,0.0,1,propagule,958,0,0,0.03653444676409186,True,0.01,0.015
1,9,35,0.0,0.0,1,propagule,922,0,0,0.0368763557483731,True,0.01,0.015
1,9,36,0.0,0.0,1,propagule,886,0,0,0.03611738148984198,True,0.01,0.015
1,9,37,0.0,0.0,1,propagule,869,0,0,0.04027617951668585,True,0.01,0.015
1,9,38,0.0,0.0,1,propagule,854,0,0,0.03747072599531616,True,0.01,0.015
1,9,39,0.0,0.0,1,propagule,850,0,0,0.03882352941176471,True,0.01,0.015
1,9,40,0.0,0.0,1,propagule,832,0,0,0.038461538461538464,True,0.01,0.015
1,9,41,0.0,0.0,1,propagule,827,0,0,0.041112454655380895,True,0.01,0.015
1,9,42,0.0,0.0,1,propagule,812,0,0,0.03940886699507389,True,0.01,0.015
1,9,43,0.0,0.0,1,propagule,832,0,0,0.06971153846153846,True,0.01,0.015
1,9,44,0.0,0.0,1,propagule,801,0,0,0.062421972534332085,True,0.01,0.015
1,9,45,0.0,0.0,1,propagule,777,0,0,0.05791505791505792,True,0.01,0.015
1,9,46,0.0,0.0,1,propagule,766,0,0,0.06005221932114883,True,0.01,0.015
1,9,47,0.0,0.0,1,propagule,755,0,0,0.060927152317880796,True,0.01,0.015
1,9,48,0.0,0.0,1,propagule,750,0,0,0.06133333333333333,True,0.01,0.015
1,9,49,0.0,0.0,1,propagule,745,0,0,0.06442953020134229,True,0.01,0.015
1,9,50,0.0,0.0,1,propagule,734,0,0,0.06267029972752043,True,0.01,0.015
1,9,51,0.0,0.0,1,propagule,726,0,0,0.06611570247933884,True,0.01,0.015
1,9,52,0.0,0.0,1,propagule,712,0,0,0.06320224719101124,True,0.01,0.015
1,10,1,0.0,0.0,1,propagule,703,0,0,0.06543385490753911,True,0.01,0.015
1,10,2,0.0,0.0,1,propagule,691,0,0,0.06367583212735166,True,0.01,0.015
1,10,3,0.0,0.0,1,propagule,679,0,0,0.06921944035346098,True,0.01,0.015
1,10,4,0.0,0.0,1,propagule,666,0,0,0.06606606606606606,True,0.01,0.015
1,10,5,0.0,0.0,1,propagule,664,0,0,0.07078313253012049,True,0.01,0.015
1,10,6,0.0,0.0,1,propagule,646,0,0,0.06811145510835913,True,0.01,0.015
1,10,7,0.0,0.0,1,propagule,638,0,0,0.07053291536050156,True,0.01,0.015
1,10,8,0.0,0.0,1,propagule,626,0,0,0.0670926517571885,True,0.01,0.015
1,10,9,0.0,0.0,1,propagule,619,0,0,0.07269789983844911,True,0.01,0.015
1,10,10,0.0,0.0,1,propagule,605,0,0,0.06776859504132231,True,0.01,0.015
1,10,11,0.0,0.0,1,propagule,599,0,0,0.06844741235392321,True,0.01,0.015
1,10,12,0.0,0.0,1,propagule,591,0,0,0.06937394247038917,True,0.01,0.015
1,10,13,0.0,0.0,1,propagule,582,0,0,0.06872852233676977,True,0.01,0.015
1,10,14,0.0,0.0,1,propagule,579,0,0,0.07081174438687392,True,0.01,0.015
1,10,15,0.0,0.0,1,propagule,565,0,0,0.06371681415929203,True,0.01,0.015
1,10,16,0.0,0.0,1,propagule,558,0,0,0.06451612903225806,True,0.01,0.015
1,10,17,0.0,0.0,1,propagule,551,0,0,0.06715063520871144,True,0.01,0.015
1,10,18,0.0,0.0,1,propagule,1125,0,0,0.029333333333333333,True,0.01,0.015
1,10,19,0.0,0.0,1,propagule,1117,0,0,0.03043867502238138,True,0.01,0.015
1,10,20,0.0,0.0,1,propagule,1075,0,0,0.030697674418604652,True,0.01,0.015
1,10,21,0.0,0.0,1,propagule,1050,0,0,0.03142857142857143,True,0.01,0.015
1,10,22,0.0,0.0,1,propagule,1036,0,0,0.033783783783783786,True,0.01,0.015
1,10,23,0.0,0.0,1,propagule,993,0,0,0.032225579053373615,True,0.01,0.015
1,10,24,0.0,0.0,1,propagule,991,0,0,0.033299697275479316,True,0.01,0.015
1,10,25,0.0,0.0,1,propagule,957,0,0,0.03239289446185998,True,0.01,0.015
1,10,26,0.0,0.0,1,propagule,949,0,0,0.03477344573234984,True,0.01,0.015
1,10,27,0.0,0.0,1,propagule,899,0,0,0.03337041156840934,True,0.01,0.015
1,10,28,0.0,0.0,1,propagule,883,0,0,0.03397508493771234,True,0.01,0.015
1,10,29,0.0,0.0,1,propagule,866,0,0,0.03464203233256351,True,0.01,0.015
1,10,30,0.0,0.0,1,propagule,853,0,0,0.035169988276670575,True,0.01,0.015
1,10,31,0.0,0.0,1,propagule,848,0,0,0.0330188679245283,True,0.01,0.015
1,10,32,0.0,0.0,1,propagule,812,0,0,0.0332512315270936,True,0.01,0.015
1,10,33,0.0,0.0,1,propagule,795,0,0,0.03270440251572327,True,0.01,0.015
1,10,34,0.0,0.0,1,propagule,784,0,0,0.03443877551020408,True,0.01,0.015
1,10,35,0.0,0.0,1,propagule,758,0,0,0.032981530343007916,True,0.01,0.015
1,10,36,0.0,0.0,1,propagule,748,0,0,0.0374331550802139,True,0.01,0.015
1,10,37,0.0,0.0,1,propagule,721,0,0,0.03467406380027739,True,0.01,0.015
1,10,38,0.0,0.0,1,propagule,713,0,0,0.037868162692847124,True,0.01,0.015
1,10,39,0.0,0.0,1,propagule,702,0,0,0.037037037037037035,True,0.01,0.015
1,10,40,0.0,0.0,1,propagule,693,0,0,0.03607503607503607,True,0.01,0.015
1,10,41,0.0,0.0,1,propagule,684,0,0,0.03508771929824561,True,0.01,0.015
1,10,42,0.0,0.0,1,propagule,675,0,0,0.037037037037037035,True,0.01,0.015
1,10,43,0.0,0.0,1,propagule,679,0,0,0.07511045655375552,True,0.01,0.015
1,10,44,0.0,0.0,1,propagule,653,0,0,0.055130168453292494,True,0.01,0.015
1,10,45,0.0,0.0,1,propagule,649,0,0,0.061633281972265024,True,0.01,0.015
1,10,46,0.0,0.0,1,propagule,630,0,0,0.05555555555555555,True,0.01,0.015
1,10,47,0.0,0.0,1,propagule,625,0,0,0.0544,True,0.01,0.015
1,10,48,0.0,0.0,1,propagule,615,0,0,0.055284552845528454,True,0.01,0.015
1,10,49,0.0,0.0,1,propagule,617,0,0,0.06158833063209076,True,0.01,0.015
1,10,50,0.0,0.0,1,propagule,607,0,0,0.06260296540362438,True,0.01,0.015
1,10,51,0.0,0.0,1,propagule,595,0,0,0.06386554621848739,True,0.01,0.015
1,10,52,0.0,0.0,1,propagule,590,0,0,0.06440677966101695,True,0.01,0.015
1,1,1,0.0,0.0,1,propagule,961,0,0,0.0,True,0.01,0.02
1,1,2,0.0,0.0,1,propagule,969,0,0,0.0,True,0.01,0.02
1,1,3,0.0,0.0,1,propagule,953,0,0,0.0,True,0.01,0.02
1,1,4,0.0,0.0,1,propagule,955,0,0,0.0,True,0.01,0.02
1,1,5,0.0,0.0,1,propagule,932,0,0,0.001072961373390558,True,0.01,0.02
1,1,6,0.0,0.0,1,propagule,924,0,0,0.0010822510822510823,True,0.01,0.02
1,1,7,0.0,0.0,1,propagule,932,0,0,0.002145922746781116,True,0.01,0.02
1,1,8,0.0,0.0,1,propagule,906,0,0,0.0033112582781456954,True,0.01,0.02
1,1,9,0.0,0.0,1,propagule,886,0,0,0.004514672686230248,True,0.01,0.02
1,1,10,0.0,0.0,1,propagule,873,0,0,0.004581901489117984,True,0.01,0.02
1,1,11,0.0,0.0,1,propagule,858,0,0,0.004662004662004662,True,0.01,0.02
1,1,12,0.0,0.0,1,propagule,853,0,0,0.007033997655334115,True,0.01,0.02
1,1,13,0.0,0.0,1,propagule,834,0,0,0.005995203836930456,True,0.01,0.02
1,1,14,0.0,0.0,1,propagule,831,0,0,0.00842358604091456,True,0.01,0.02
1,1,15,0.0,0.0,1,propagule,821,0,0,0.008526187576126675,True,0.01,0.02
1,1,16,0.0,0.0,1,propagule,813,0,0,0.008610086100861008,True,0.01,0.02
1,1,17,0.0,0.0,1,propagule,794,0,0,0.008816120906801008,True,0.01,0.02
1,1,18,0.0,0.0,1,propagule,2155,0,0,0.0027842227378190253,True,0.01,0.02
1,1,19,0.0,0.0,1,propagule,2105,0,0,0.00332541567695962,True,0.01,0.02
1,1,20,0.0,0.0,1,propagule,2060,0,0,0.0033980582524271844,True,0.01,0.02
1,1,21,0.0,0.0,1,propagule,2026,0,0,0.0034550839091806516,True,0.01,0.02
1,1,22,0.0,0.0,1,propagule,2031,0,0,0.0034465780403741997,True,0.01,0.02
1,1,23,0.0,0.0,1,propagule,1926,0,0,0.0036344755970924196,True,0.01,0.02
1,1,24,0.0,0.0,1,propagule,1866,0,0,0.0037513397642015005,True,0.01,0.02
1,1,25,0.0,0.0,1,propagule,1830,0,0,0.003825136612021858,True,0.01,0.02
1,1,26,0.0,0.0,1,propagule,1802,0,0,0.00388457269700333,True,0.01,0.02
1,1,27,0.0,0.0,1,propagule,1750,0,0,0.004,True,0.01,0.02
1,1,28,0.0,0.0,1,propagule,1746,0,0,0.004009163802978236,True,0.01,0.02
1,1,29,0.0,0.0,1,propagule,1693,0,0,0.004134672179562906,True,0.01,0.02
1,1,30,0.0,0.0,1,propagule,1680,0,0,0.004166666666666667,True,0.01,0.02
1,1,31,0.0,0.0,1,propagule,1627,0,0,0.0043023970497848806,True,0.01,0.02
1,1,32,0.0,0.0,1,propagule,1615,0,0,0.0043343653250774,True,0.01,0.02
1,1,33,0.0,0.0,1,propagule,1577,0,0,0.004438807863031071,True,0.01,0.02
1,1,34,0.0,0.0,1,propagule,1538,0,0,0.004551365409622887,True,0.01,0.02
1,1,35,0.0,0.0,1,propagule,1513,0,0,0.004626569729015202,True,0.01,0.02
1,1,36,0.0,0.0,1,propagule,1471,0,0,0.006798096532970768,True,0.01,0.02
1,1,37,0.0,0.0,1,propagule,1428,0,0,0.004901960784313725,True,0.01,0.02
1,1,38,0.0,0.0,1,propagule,1424,0,0,0.007022471910112359,True,0.01,0.02
1,1,39,0.0,0.0,1,propagule,1391,0,0,0.009345794392523364,True,0.01,0.02
1,1,40,0.0,0.0,1,propagule,1363,0,0,0.009537784299339692,True,0.01,0.02
1,1,41,0.0,0.0,1,propagule,1337,0,0,0.009723261032161555,True,0.01,0.02
1,1,42,0.0,0.0,1,propagule,1324,0,0,0.009818731117824773,True,0.01,0.02
1,1,43,0.0,0.0,1,propagule,1318,0,0,0.013657056145675266,True,0.01,0.02
1,1,44,0.0,0.0,1,propagule,1307,0,0,0.013006885998469778,True,0.01,0.02
1,1,45,0.0,0.0,1,propagule,1282,0,0,0.01326053042121685,True,0.01,0.02
1,1,46,0.0,0.0,1,propagule,1275,0,0,0.012549019607843137,True,0.01,0.02
1,1,47,0.0,0.0,1,propagule,1269,0,0,0.014184397163120567,True,0.01,0.02
1,1,48,0.0,0.0,1,propagule,1266,0,0,0.015007898894154818,True,0.01,0.02
1,1,49,0.0,0.0,1,propagule,1248,0,0,0.015224358974358974,True,0.01,0.02
1,1,50,0.0,0.0,1,propagule,1241,0,0,0.015310233682514102,True,0.01,0.02
1,1,51,0.0,0.0,1,propagule,1220,0,0,0.01639344262295082,True,0.01,0.02
1,1,52,0.0,0.0,1,propagule,1225,0,0,0.014693877551020407,True,0.01,0.02
1,2,1,0.0,0.0,1,propagule,1189,0,0,0.017661900756938603,True,0.01,0.02
1,2,2,0.0,0.0,1,propagule,1191,0,0,0.01595298068849706,True,0.01,0.02
1,2,3,0.0,0.0,1,propagule,1169,0,0,0.01710863986313088,True,0.01,0.02
1,2,4,0.0,0.0,1,propagule,1155,0,0,0.015584415584415584,True,0.01,0.02
1,2,5,0.0,0.0,1,propagule,1132,0,0,0.014134275618374558,True,0.01,0.02
1,2,6,0.0,0.0,1,propagule,1127,0,0,0.01419698314108252,True,0.01,0.02
1,2,7,0.0,0.0,1,propagule,1092,0,0,0.015567765567765568,True,0.01,0.02
1,2,8,0.0,0.0,1,propagule,1095,0,0,0.015525114155251141,True,0.01,0.02
1,2,9,0.0,0.0,1,propagule,1070,0,0,0.014953271028037384,True,0.01,0.02
1,2,10,0.0,0.0,1,propagule,1060,0,0,0.014150943396226415,True,0.01,0.02
1,2,11,0.0,0.0,1,propagule,1042,0,0,0.015355086372360844,True,0.01,0.02
1,2,12,0.0,0.0,1,propagule,1043,0,0,0.015340364333652923,True,0.01,0.02
1,2,13,0.0,0.0,1,propagule,1022,0,0,0.015655577299412915,True,0.01,0.02
1,2,14,0.0,0.0,1,propagule,1012,0,0,0.015810276679841896,True,0.01,0.02
1,2,15,0.0,0.0,1,propagule,986,0,0,0.016227180527383367,True,0.01,0.02
1,2,16,0.0,0.0,1,propagule,982,0,0,0.015274949083503055,True,0.01,0.02
1,2,17,0.0,0.0,1,propagule,964,0,0,0.016597510373443983,True,0.01,0.02
1,2,18,0.0,0.0,1,propagule,1733,0,0,0.009232544720138488,True,0.01,0.02
1,2,19,0.0,0.0,1,propagule,1688,0,0,0.009478672985781991,True,0.01,0.02
1,2,20,0.0,0.0,1,propagule,1639,0,0,0.011592434411226357,True,0.01,0.02
1,2,21,0.0,0.0,1,propagule,1587,0,0,0.00945179584120983,True,0.01,0.02
1,2,22,0.0,0.0,1,propagule,1564,0,0,0.010230179028132993,True,0.01,0.02
1,2,23,0.0,0.0,1,propagule,1489,0,0,0.009402283411685695,True,0.01,0.02
1,2,24,0.0,0.0,1,propagule,1481,0,0,0.010803511141120865,True,0.01,0.02
1,2,25,0.0,0.0,1,propagule,1433,0,0,0.009769713886950453,True,0.01,0.02
1,2,26,0.0,0.0,1,propagule,1426,0,0,0.009817671809256662,True,0.01,0.02
1,2,27,0.0,0.0,1,propagule,1382,0,0,0.009406657018813314,True,0.01,0.02
1,2,28,0.0,0.0,1,propagule,1382,0,0,0.010130246020260492,True,0.01,0.02
1,2,29,0.0,0.0,1,propagule,1335,0,0,0.010486891385767791,True,0.01,0.02
1,2,30,0.0,0.0,1,propagule,1317,0,0,0.009870918754745633,True,0.01,0.02
1,2,31,0.0,0.0,1,propagule,1262,0,0,0.011093502377179081,True,0.01,0.02
1,2,32,0.0,0.0,1,propagule,1226,0,0,0.009787928221859706,True,0.01,0.02
1,2,33,0.0,0.0,1,propagule,1218,0,0,0.009852216748768473,True,0.01,0.02
1,2,34,0.0,0.0,1,propagule,1196,0,0,0.010033444816053512,True,0.01,0.02
1,2,35,0.0,0.0,1,propagule,1189,0,0,0.010092514718250631,True,0.01,0.02
1,2,36,0.0,0.0,1,propagule,1170,0,0,0.010256410256410256,True,0.01,0.02
1,2,37,0.0,0.0,1,propagule,1147,0,0,0.010462074978204011,True,0.01,0.02
1,2,38,0.0,0.0,1,propagule,1123,0,0,0.01068566340160285,True,0.01,0.02
1,2,39,0.0,0.0,1,propagule,1105,0,0,0.009954751131221719,True,0.01,0.02
1,2,40,0.0,0.0,1,propagule,1088,0,0,0.011948529411764705,True,0.01,0.02
1,2,41,0.0,0.0,1,propagule,1068,0,0,0.012172284644194757,True,0.01,0.02
1,2,42,0.0,0.0,1,propagule,1057,0,0,0.01229895931882687,True,0.01,0.02
1,2,43,0.0,0.0,1,propagule,1096,0,0,0.04562043795620438,True,0.01,0.02
1,2,44,0.0,0.0,1,propagule,1074,0,0,0.038175046554934824,True,0.01,0.02
1,2,45,0.0,0.0,1,propagule,1065,0,0,0.044131455399061034,True,0.01,0.02
1,2,46,0.0,0.0,1,propagule,1056,0,0,0.048295454545454544,True,0.01,0.02
1,2,47,0.0,0.0,1,propagule,1062,0,0,0.051789077212806026,True,0.01,0.02
1,2,48,0.0,0.0,1,propagule,1062,0,0,0.06591337099811675,True,0.01,0.02
1,2,49,0.0,0.0,1,propagule,1051,0,0,0.06184586108468126,True,0.01,0.02
1,2,50,0.0,0.0,1,propagule,1054,0,0,0.07495256166982922,True,0.01,0.02
1,2,51,0.0,0.0,1,propagule,1030,0,0,0.06407766990291262,True,0.01,0.02
1,2,52,0.0,0.0,1,propagule,1027,0,0,0.07010710808179163,True,0.01,0.02
1,3,1,0.0,0.0,1,propagule,1003,0,0,0.06181455633100698,True,0.01,0.02
1,3,2,0.0,0.0,1,propagule,999,0,0,0.06506506506506507,True,0.01,0.02
1,3,3,0.0,0.0,1,propagule,977,0,0,0.05834186284544524,True,0.01,0.02
1,3,4,0.0,0.0,1,propagule,966,0,0,0.061076604554865424,True,0.01,0.02
1,3,5,0.0,0.0,1,propagule,938,0,0,0.054371002132196165,True,0.01,0.02
1,3,6,0.0,0.0,1,propagule,934,0,0,0.059957173447537475,True,0.01,0.02
1,3,7,0.0,0.0,1,propagule,920,0,0,0.05326086956521739,True,0.01,0.02
1,3,8,0.0,0.0,1,propagule,911,0,0,0.06037321624588365,True,0.01,0.02
1,3,9,0.0,0.0,1,propagule,884,0,0,0.05542986425339366,True,0.01,0.02
1,3,10,0.0,0.0,1,propagule,892,0,0,0.06053811659192825,True,0.01,0.02
1,3,11,0.0,0.0,1,propagule,866,0,0,0.053117782909930716,True,0.01,0.02
1,3,12,0.0,0.0,1,propagule,873,0,0,0.061855670103092786,True,0.01,0.02
1,3,13,0.0,0.0,1,propagule,844,0,0,0.05568720379146919,True,0.01,0.02
1,3,14,0.0,0.0,1,propagule,850,0,0,0.06,True,0.01,0.02
1,3,15,0.0,0.0,1,propagule,819,0,0,0.052503052503052504,True,0.01,0.02
1,3,16,0.0,0.0,1,propagule,823,0,0,0.05953827460510328,True,0.01,0.02
1,3,17,0.0,0.0,1,propagule,797,0,0,0.05144291091593475,True,0.01,0.02
1,3,18,0.0,0.0,1,propagule,1755,0,0,0.02564102564102564,True,0.01,0.02
1,3,19,0.0,0.0,1,propagule,1699,0,0,0.028840494408475574,True,0.01,0.02
1,3,20,0.0,0.0,1,propagule,1675,0,0,0.02746268656716418,True,0.01,0.02
1,3,21,0.0,0.0,1,propagule,1556,0,0,0.02956298200514139,True,0.01,0.02
1,3,22,0.0,0.0,1,propagule,1532,0,0,0.030678851174934726,True,0.01,0.02
1,3,23,0.0,0.0,1,propagule,1447,0,0,0.0304077401520387,True,0.01,0.02
1,3,24,0.0,0.0,1,propagule,1428,0,0,0.03011204481792717,True,0.01,0.02
1,3,25,0.0,0.0,1,propagule,1369,0,0,0.028487947406866325,True,0.01,0.02
1,3,26,0.0,0.0,1,propagule,1347,0,0,0.03414996288047513,True,0.01,0.02
1,3,27,0.0,0.0,1,propagule,1305,0,0,0.027586206896551724,True,0.01,0.02
1,3,28,0.0,0.0,1,propagule,1321,0,0,0.03406510219530658,True,0.01,0.02
1,3,29,0.0,0.0,1,propagule,1250,0,0,0.036,True,0.01,0.02
1,3,30,0.0,0.0,1,propagule,1259,0,0,0.03812549642573471,True,0.01,0.02
1,3,31,0.0,0.0,1,propagule,1233,0,0,0.0364963503649635,True,0.01,0.02
1,3,32,0.0,0.0,1,propagule,1262,0,0,0.03803486529318542,True,0.01,0.02
1,3,33,0.0,0.0,1,propagule,1221,0,0,0.03849303849303849,True,0.01,0.02
1,3,34,0.0,0.0,1,propagule,1270,0,0,0.051181102362204724,True,0.01,0.02
1,3,35,0.0,0.0,1,propagule,1168,0,0,0.039383561643835614,True,0.01,0.02
1,3,36,0.0,0.0,1,propagule,1215,0,0,0.05102880658436214,True,0.01,0.02
1,3,37,0.0,0.0,1,propagule,1139,0,0,0.0456540825285338,True,0.01,0.02
1,3,38,0.0,0.0,1,propagule,1160,0,0,0.04655172413793104,True,0.01,0.02
1,3,39,0.0,0.0,1,propagule,1144,0,0,0.05419580419580419,True,0.01,0.02
1,3,40,0.0,0.0,1,propagule,1148,0,0,0.05313588850174216,True,0.01,0.02
1,3,41,0.0,0.0,1,propagule,1135,0,0,0.055506607929515416,True,0.01,0.02
1,3,42,0.0,0.0,1,propagule,1131,0,0,0.0592396109637489,True,0.01,0.02
1,3,43,0.0,0.0,1,propagule,1102,0,0,0.07985480943738657,True,0.01,0.02
1,3,44,0.0,0.0,1,propagule,1042,0,0,0.05950095969289827,True,0.01,0.02
1,3,45,0.0,0.0,1,propagule,1026,0,0,0.06627680311890838,True,0.01,0.02
1,3,46,0.0,0.0,1,propagule,1028,0,0,0.07392996108949416,True,0.01,0.02
1,3,47,0.0,0.0,1,propagule,1024,0,0,0.072265625,True,0.01,0.02
1,3,48,0.0,0.0,1,propagule,1023,0,0,0.07429130009775171,True,0.01,0.02
1,3,49,0.0,0.0,1,propagule,1021,0,0,0.07737512242899118,True,0.01,0.02
1,3,50,0.0,0.0,1,propagule,1017,0,0,0.07964601769911504,True,0.01,0.02
1,3,51,0.0,0.0,1,propagule,1010,0,0,0.08217821782178218,True,0.01,0.02
1,3,52,0.0,0.0,1,propagule,1006,0,0,0.0775347912524851,True,0.01,0.02
1,4,1,0.0,0.0,1,propagule,999,0,0,0.08008008008008008,True,0.01,0.02
1,4,2,0.0,0.0,1,propagule,987,0,0,0.0790273556231003,True,0.01,0.02
1,4,3,0.0,0.0,1,propagule,979,0,0,0.08375893769152196,True,0.01,0.02
1,4,4,0.0,0.0,1,propagule,961,0,0,0.07804370447450572,True,0.01,0.02
1,4,5,0.0,0.0,1,propagule,957,0,0,0.08150470219435736,True,0.01,0.02
1,4,6,0.0,0.0,1,propagule,939,0,0,0.07561235356762513,True,0.01,0.02
1,4,7,0.0,0.0,1,propagule,930,0,0,0.08172043010752689,True,0.01,0.02
1,4,8,0.0,0.0,1,propagule,914,0,0,0.07768052516411379,True,0.01,0.02
1,4,9,0.0,0.0,1,propagule,905,0,0,0.08287292817679558,True,0.01,0.02
1,4,10,0.0,0.0,1,propagule,891,0,0,0.07968574635241302,True,0.01,0.02
1,4,11,0.0,0.0,1,propagule,886,0,0,0.08465011286681716,True,0.01,0.02
1,4,12,0.0,0.0,1,propagule,868,0,0,0.08294930875576037,True,0.01,0.02
1,4,13,0.0,0.0,1,propagule,858,0,0,0.08275058275058275,True,0.01,0.02
1,4,14,0.0,0.0,1,propagule,840,0,0,0.07857142857142857,True,0.01,0.02
1,4,15,0.0,0.0,1,propagule,827,0,0,0.0761789600967352,True,0.01,0.02
1,4,16,0.0,0.0,1,propagule,809,0,0,0.07416563658838071,True,0.01,0.02
1,4,17,0.0,0.0,1,propagule,795,0,0,0.07672955974842767,True,0.01,0.02
1,4,18,0.0,0.0,1,propagule,1619,0,0,0.03644224830142063,True,0.01,0.02
1,4,19,0.0,0.0,1,propagule,1604,0,0,0.03740648379052369,True,0.01,0.02
1,4,20,0.0,0.0,1,propagule,1566,0,0,0.038952745849297574,True,0.01,0.02
1,4,21,0.0,0.0,1,propagule,1519,0,0,0.041474654377880185,True,0.01,0.02
1,4,22,0.0,0.0,1,propagule,1460,0,0,0.04315068493150685,True,0.01,0.02
1,4,23,0.0,0.0,1,propagule,1409,0,0,0.04187366926898509,True,0.01,0.02
1,4,24,0.0,0.0,1,propagule,1345,0,0,0.04312267657992565,True,0.01,0.02
1,4,25,0.0,0.0,1,propagule,1300,0,0,0.045384615384615384,True,0.01,0.02
1,4,26,0.0,0.0,1,propagule,1269,0,0,0.04491725768321513,True,0.01,0.02
1,4,27,0.0,0.0,1,propagule,1267,0,0,0.04577742699289661,True,0.01,0.02
1,4,28,0.0,0.0,1,propagule,1223,0,0,0.04333605887162715,True,0.01,0.02
1,4,29,0.0,0.0,1,propagule,1216,0,0,0.044407894736842105,True,0.01,0.02
1,4,30,0.0,0.0,1,propagule,1150,0,0,0.04,True,0.01,0.02
1,4,31,0.0,0.0,1,propagule,1162,0,0,0.04130808950086059,True,0.01,0.02
1,4,32,0.0,0.0,1,propagule,1109,0,0,0.04147880973850315,True,0.01,0.02
1,4,33,0.0,0.0,1,propagule,1102,0,0,0.041742286751361164,True,0.01,0.02
1,4,34,0.0,0.0,1,propagule,1092,0,0,0.04304029304029304,True,0.01,0.02
1,4,35,0.0,0.0,1,propagule,1074,0,0,0.04283054003724395,True,0.01,0.02
1,4,36,0.0,0.0,1,propagule,1033,0,0,0.04356243949661181,True,0.01,0.02
1,4,37,0.0,0.0,1,propagule,1007,0,0,0.04568023833167825,True,0.01,0.02
1,4,38,0.0,0.0,1,propagule,988,0,0,0.043522267206477734,True,0.01,0.02
1,4,39,0.0,0.0,1,propagule,964,0,0,0.043568464730290454,True,0.01,0.02
1,4,40,0.0,0.0,1,propagule,948,0,0,0.04219409282700422,True,0.01,0.02
1,4,41,0.0,0.0,1,propagule,943,0,0,0.043478260869565216,True,0.01,0.02
1,4,42,0.0,0.0,1,propagule,925,0,0,0.043243243243243246,True,0.01,0.02
1,4,43,0.0,0.0,1,propagule,930,0,0,0.07849462365591398,True,0.01,0.02
1,4,44,0.0,0.0,1,propagule,898,0,0,0.06792873051224944,True,0.01,0.02
1,4,45,0.0,0.0,1,propagule,906,0,0,0.0695364238410596,True,0.01,0.02
1,4,46,0.0,0.0,1,propagule,885,0,0,0.06779661016949153,True,0.01,0.02
1,4,47,0.0,0.0,1,propagule,889,0,0,0.0686164229471316,True,0.01,0.02
1,4,48,0.0,0.0,1,propagule,878,0,0,0.0683371298405467,True,0.01,0.02
1,4,49,0.0,0.0,1,propagule,865,0,0,0.06820809248554913,True,0.01,0.02
1,4,50,0.0,0.0,1,propagule,853,0,0,0.06799531066822978,True,0.01,0.02
1,4,51,0.0,0.0,1,propagule,841,0,0,0.06777645659928656,True,0.01,0.02
1,4,52,0.0,0.0,1,propagule,832,0,0,0.0673076923076923,True,0.01,0.02
1,5,1,0.0,0.0,1,propagule,816,0,0,0.06495098039215687,True,0.01,0.02
1,5,2,0.0,0.0,1,propagule,813,0,0,0.06642066420664207,True,0.01,0.02
1,5,3,0.0,0.0,1,propagule,793,0,0,0.06557377049180328,True,0.01,0.02
1,5,4,0.0,0.0,1,propagule,777,0,0,0.06563706563706563,True,0.01,0.02
1,5,5,0.0,0.0,1,propagule,769,0,0,0.06631989596879063,True,0.01,0.02
1,5,6,0.0,0.0,1,propagule,759,0,0,0.06719367588932806,True,0.01,0.02
1,5,7,0.0,0.0,1,propagule,749,0,0,0.06542056074766354,True,0.01,0.02
1,5,8,0.0,0.0,1,propagule,737,0,0,0.06512890094979647,True,0.01,0.02
1,5,9,0.0,0.0,1,propagule,727,0,0,0.06052269601100413,True,0.01,0.02
1,5,10,0.0,0.0,1,propagule,716,0,0,0.06005586592178771,True,0.01,0.02
1,5,11,0.0,0.0,1,propagule,709,0,0,0.06064880112834979,True,0.01,0.02
1,5,12,0.0,0.0,1,propagule,705,0,0,0.062411347517730496,True,0.01,0.02
1,5,13,0.0,0.0,1,propagule,693,0,0,0.06204906204906205,True,0.01,0.02
1,5,14,0.0,0.0,1,propagule,685,0,0,0.06277372262773723,True,0.01,0.02
1,5,15,0.0,0.0,1,propagule,674,0,0,0.06379821958456973,True,0.01,0.02
1,5,16,0.0,0.0,1,propagule,662,0,0,0.0649546827794562,True,0.01,0.02
1,5,17,0.0,0.0,1,propagule,654,0,0,0.06422018348623854,True,0.01,0.02
1,5,18,0.0,0.0,1,propagule,1395,0,0,0.030107526881720432,True,0.01,0.02
1,5,19,0.0,0.0,1,propagule,1352,0,0,0.029585798816568046,True,0.01,0.02
1,5,20,0.0,0.0,1,propagule,1325,0,0,0.03018867924528302,True,0.01,0.02
1,5,21,0.0,0.0,1,propagule,1284,0,0,0.029595015576323987,True,0.01,0.02
1,5,22,0.0,0.0,1,propagule,1260,0,0,0.02857142857142857,True,0.01,0.02
1,5,23,0.0,0.0,1,propagule,1223,0,0,0.03025347506132461,True,0.01,0.02
1,5,24,0.0,0.0,1,propagule,1186,0,0,0.03288364249578415,True,0.01,0.02
1,5,25,0.0,0.0,1,propagule,1170,0,0,0.03162393162393162,True,0.01,0.02
1,5,26,0.0,0.0,1,propagule,1136,0,0,0.03345070422535211,True,0.01,0.02
1,5,27,0.0,0.0,1,propagule,1099,0,0,0.03275705186533212,True,0.01,0.02
1,5,28,0.0,0.0,1,propagule,1048,0,0,0.03435114503816794,True,0.01,0.02
1,5,29,0.0,0.0,1,propagule,1030,0,0,0.03300970873786408,True,0.01,0.02
1,5,30,0.0,0.0,1,propagule,989,0,0,0.033367037411526794,True,0.01,0.02
1,5,31,0.0,0.0,1,propagule,987,0,0,0.03242147922998987,True,0.01,0.02
1,5,32,0.0,0.0,1,propagule,989,0,0,0.03640040444893832,True,0.01,0.02
1,5,33,0.0,0.0,1,propagule,981,0,0,0.03567787971457696,True,0.01,0.02
1,5,34,0.0,0.0,1,propagule,945,0,0,0.03597883597883598,True,0.01,0.02
1,5,35,0.0,0.0,1,propagule,928,0,0,0.036637931034482756,True,0.01,0.02
1,5,36,0.0,0.0,1,propagule,904,0,0,0.03650442477876106,True,0.01,0.02
1,5,37,0.0,0.0,1,propagule,877,0,0,0.03534777651083238,True,0.01,0.02
1,5,38,0.0,0.0,1,propagule,872,0,0,0.03784403669724771,True,0.01,0.02
1,5,39,0.0,0.0,1,propagule,851,0,0,0.036427732079905996,True,0.01,0.02
1,5,40,0.0,0.0,1,propagule,843,0,0,0.036773428232502965,True,0.01,0.02
1,5,41,0.0,0.0,1,propagule,839,0,0,0.03814064362336114,True,0.01,0.02
1,5,42,0.0,0.0,1,propagule,831,0,0,0.03850782190132371,True,0.01,0.02
1,5,43,0.0,0.0,1,propagule,837,0,0,0.08124253285543608,True,0.01,0.02
1,5,44,0.0,0.0,1,propagule,796,0,0,0.06658291457286432,True,0.01,0.02
1,5,45,0.0,0.0,1,propagule,788,0,0,0.06345177664974619,True,0.01,0.02
1,5,46,0.0,0.0,1,propagule,775,0,0,0.05935483870967742,True,0.01,0.02
1,5,47,0.0,0.0,1,propagule,768,0,0,0.057291666666666664,True,0.01,0.02
1,5,48,0.0,0.0,1,propagule,763,0,0,0.057667103538663174,True,0.01,0.02
1,5,49,0.0,0.0,1,propagule,747,0,0,0.05622489959839357,True,0.01,0.02
1,5,50,0.0,0.0,1,propagule,739,0,0,0.056833558863328824,True,0.01,0.02
1,5,51,0.0,0.0,1,propagule,733,0,0,0.054570259208731244,True,0.01,0.02
1,5,52,0.0,0.0,1,propagule,734,0,0,0.055858310626702996,True,0.01,0.02
1,6,1,0.0,0.0,1,propagule,724,0,0,0.055248618784530384,True,0.01,0.02
1,6,2,0.0,0.0,1,propagule,719,0,0,0.055632823365785816,True,0.01,0.02
1,6,3,0.0,0.0,1,propagule,713,0,0,0.056100981767180924,True,0.01,0.02
1,6,4,0.0,0.0,1,propagule,705,0,0,0.05673758865248227,True,0.01,0.02
1,6,5,0.0,0.0,1,propagule,700,0,0,0.055714285714285716,True,0.01,0.02
1,6,6,0.0,0.0,1,propagule,691,0,0,0.05499276410998553,True,0.01,0.02
1,6,7,0.0,0.0,1,propagule,685,0,0,0.05547445255474453,True,0.01,0.02
1,6,8,0.0,0.0,1,propagule,677,0,0,0.05465288035450517,True,0.01,0.02
1,6,9,0.0,0.0,1,propagule,672,0,0,0.05505952380952381,True,0.01,0.02
1,6,10,0.0,0.0,1,propagule,661,0,0,0.05597579425113464,True,0.01,0.02
1,6,11,0.0,0.0,1,propagule,655,0,0,0.0549618320610687,True,0.01,0.02
1,6,12,0.0,0.0,1,propagule,647,0,0,0.05564142194744977,True,0.01,0.02
1,6,13,0.0,0.0,1,propagule,639,0,0,0.056338028169014086,True,0.01,0.02
1,6,14,0.0,0.0,1,propagule,623,0,0,0.05778491171749599,True,0.01,0.02
1,6,15,0.0,0.0,1,propagule,616,0,0,0.056818181818181816,True,0.01,0.02
1,6,16,0.0,0.0,1,propagule,608,0,0,0.05756578947368421,True,0.01,0.02
1,6,17,0.0,0.0,1,propagule,602,0,0,0.05647840531561462,True,0.01,0.02
1,6,18,0.0,0.0,1,propagule,1255,0,0,0.027091633466135457,True,0.01,0.02
1,6,19,0.0,0.0,1,propagule,1223,0,0,0.027800490596892886,True,0.01,0.02
1,6,20,0.0,0.0,1,propagule,1184,0,0,0.028716216216216218,True,0.01,0.02
1,6,21,0.0,0.0,1,propagule,1164,0,0,0.029209621993127148,True,0.01,0.02
1,6,22,0.0,0.0,1,propagule,1123,0,0,0.030276046304541407,True,0.01,0.02
1,6,23,0.0,0.0,1,propagule,1110,0,0,0.03063063063063063,True,0.01,0.02
1,6,24,0.0,0.0,1,propagule,1080,0,0,0.03148148148148148,True,0.01,0.02
1,6,25,0.0,0.0,1,propagule,1060,0,0,0.03207547169811321,True,0.01,0.02
1,6,26,0.0,0.0,1,propagule,1044,0,0,0.032567049808429116,True,0.01,0.02
1,6,27,0.0,0.0,1,propagule,1001,0,0,0.03196803196803197,True,0.01,0.02
1,6,28,0.0,0.0,1,propagule,980,0,0,0.030612244897959183,True,0.01,0.02
1,6,29,0.0,0.0,1,propagule,960,0,0,0.030208333333333334,True,0.01,0.02
1,6,30,0.0,0.0,1,propagule,921,0,0,0.029315960912052116,True,0.01,0.02
1,6,31,0.0,0.0,1,propagule,905,0,0,0.032044198895027624,True,0.01,0.02
1,6,32,0.0,0.0,1,propagule,874,0,0,0.032036613272311214,True,0.01,0.02
1,6,33,0.0,0.0,1,propagule,859,0,0,0.030267753201396973,True,0.01,0.02
1,6,34,0.0,0.0,1,propagule,818,0,0,0.030562347188264057,True,0.01,0.02
1,6,35,0.0,0.0,1,propagule,793,0,0,0.03026481715006305,True,0.01,0.02
1,6,36,0.0,0.0,1,propagule,773,0,0,0.029754204398447608,True,0.01,0.02
1,6,37,0.0,0.0,1,propagule,748,0,0,0.03074866310160428,True,0.01,0.02
1,6,38,0.0,0.0,1,propagule,733,0,0,0.03137789904502047,True,0.01,0.02
1,6,39,0.0,0.0,1,propagule,722,0,0,0.030470914127423823,True,0.01,0.02
1,6,40,0.0,0.0,1,propagule,711,0,0,0.030942334739803096,True,0.01,0.02
1,6,41,0.0,0.0,1,propagule,701,0,0,0.03138373751783167,True,0.01,0.02
1,6,42,0.0,0.0,1,propagule,692,0,0,0.031791907514450865,True,0.01,0.02
1,6,43,0.0,0.0,1,propagule,704,0,0,0.07244318181818182,True,0.01,0.02
1,6,44,0.0,0.0,1,propagule,677,0,0,0.0620384047267356,True,0.01,0.02
1,6,45,0.0,0.0,1,propagule,669,0,0,0.05530642750373692,True,0.01,0.02
1,6,46,0.0,0.0,1,propagule,663,0,0,0.05429864253393665,True,0.01,0.02
1,6,47,0.0,0.0,1,propagule,658,0,0,0.05319148936170213,True,0.01,0.02
1,6,48,0.0,0.0,1,propagule,647,0,0,0.05255023183925812,True,0.01,0.02
1,6,49,0.0,0.0,1,propagule,643,0,0,0.05287713841368585,True,0.01,0.02
1,6,50,0.0,0.0,1,propagule,631,0,0,0.05388272583201268,True,0.01,0.02
1,6,51,0.0,0.0,1,propagule,623,0,0,0.05457463884430177,True,0.01,0.02
1,6,52,0.0,0.0,1,propagule,605,0,0,0.05619834710743802,True,0.01,0.02
1,7,1,0.0,0.0,1,propagule,602,0,0,0.05647840531561462,True,0.01,0.02
1,7,2,0.0,0.0,1,propagule,591,0,0,0.05583756345177665,True,0.01,0.02
1,7,3,0.0,0.0,1,propagule,584,0,0,0.05650684931506849,True,0.01,0.02
1,7,4,0.0,0.0,1,propagule,572,0,0,0.055944055944055944,True,0.01,0.02
1,7,5,0.0,0.0,1,propagule,564,0,0,0.05673758865248227,True,0.01,0.02
1,7,6,0.0,0.0,1,propagule,561,0,0,0.0570409982174688,True,0.01,0.02
1,7,7,0.0,0.0,1,propagule,556,0,0,0.05755395683453238,True,0.01,0.02
1,7,8,0.0,0.0,1,propagule,547,0,0,0.05850091407678245,True,0.01,0.02
1,7,9,0.0,0.0,1,propagule,541,0,0,0.059149722735674676,True,0.01,0.02
1,7,10,0.0,0.0,1,propagule,532,0,0,0.06015037593984962,True,0.01,0.02
1,7,11,0.0,0.0,1,propagule,522,0,0,0.06130268199233716,True,0.01,0.02
1,7,12,0.0,0.0,1,propagule,512,0,0,0.0625,True,0.01,0.02
1,7,13,0.0,0.0,1,propagule,509,0,0,0.06286836935166994,True,0.01,0.02
1,7,14,0.0,0.0,1,propagule,497,0,0,0.06438631790744467,True,0.01,0.02
1,7,15,0.0,0.0,1,propagule,492,0,0,0.06300813008130081,True,0.01,0.02
1,7,16,0.0,0.0,1,propagule,482,0,0,0.06224066390041494,True,0.01,0.02
1,7,17,0.0,0.0,1,propagule,478,0,0,0.06276150627615062,True,0.01,0.02
1,7,18,0.0,0.0,1,propagule,1019,0,0,0.029440628066732092,True,0.01,0.02
1,7,19,0.0,0.0,1,propagule,990,0,0,0.030303030303030304,True,0.01,0.02
1,7,20,0.0,0.0,1,propagule,964,0,0,0.03008298755186722,True,0.01,0.02
1,7,21,0.0,0.0,1,propagule,930,0,0,0.02903225806451613,True,0.01,0.02
1,7,22,0.0,0.0,1,propagule,910,0,0,0.02967032967032967,True,0.01,0.02
1,7,23,0.0,0.0,1,propagule,909,0,0,0.030803080308030802,True,0.01,0.02
1,7,24,0.0,0.0,1,propagule,872,0,0,0.03096330275229358,True,0.01,0.02
1,7,25,0.0,0.0,1,propagule,827,0,0,0.03385731559854897,True,0.01,0.02
1,7,26,0.0,0.0,1,propagule,822,0,0,0.0340632603406326,True,0.01,0.02
1,7,27,0.0,0.0,1,propagule,810,0,0,0.0345679012345679,True,0.01,0.02
1,7,28,0.0,0.0,1,propagule,798,0,0,0.03383458646616541,True,0.01,0.02
1,7,29,0.0,0.0,1,propagule,773,0,0,0.03492884864165589,True,0.01,0.02
1,7,30,0.0,0.0,1,propagule,753,0,0,0.035856573705179286,True,0.01,0.02
1,7,31,0.0,0.0,1,propagule,714,0,0,0.0350140056022409,True,0.01,0.02
1,7,32,0.0,0.0,1,propagule,703,0,0,0.03698435277382646,True,0.01,0.02
1,7,33,0.0,0.0,1,propagule,690,0,0,0.03768115942028986,True,0.01,0.02
1,7,34,0.0,0.0,1,propagule,666,0,0,0.03753753753753754,True,0.01,0.02
1,7,35,0.0,0.0,1,propagule,654,0,0,0.0382262996941896,True,0.01,0.02
1,7,36,0.0,0.0,1,propagule,646,0,0,0.03869969040247678,True,0.01,0.02
1,7,37,0.0,0.0,1,propagule,636,0,0,0.040880503144654086,True,0.01,0.02
1,7,38,0.0,0.0,1,propagule,621,0,0,0.04186795491143317,True,0.01,0.02
1,7,39,0.0,0.0,1,propagule,613,0,0,0.04404567699836868,True,0.01,0.02
1,7,40,0.0,0.0,1,propagule,607,0,0,0.042833607907743,True,0.01,0.02
1,7,41,0.0,0.0,1,propagule,602,0,0,0.04318936877076412,True,0.01,0.02
1,7,42,0.0,0.0,1,propagule,597,0,0,0.04355108877721943,True,0.01,0.02
1,7,43,0.0,0.0,1,propagule,617,0,0,0.06969205834683954,True,0.01,0.02
1,7,44,0.0,0.0,1,propagule,597,0,0,0.06867671691792294,True,0.01,0.02
1,7,45,0.0,0.0,1,propagule,584,0,0,0.06506849315068493,True,0.01,0.02
1,7,46,0.0,0.0,1,propagule,568,0,0,0.061619718309859156,True,0.01,0.02
1,7,47,0.0,0.0,1,propagule,564,0,0,0.06205673758865248,True,0.01,0.02
1,7,48,0.0,0.0,1,propagule,565,0,0,0.06725663716814159,True,0.01,0.02
1,7,49,0.0,0.0,1,propagule,553,0,0,0.06329113924050633,True,0.01,0.02
1,7,50,0.0,0.0,1,propagule,551,0,0,0.06896551724137931,True,0.01,0.02
1,7,51,0.0,0.0,1,propagule,543,0,0,0.06629834254143646,True,0.01,0.02
1,7,52,0.0,0.0,1,propagule,535,0,0,0.06728971962616823,True,0.01,0.02
1,8,1,0.0,0.0,1,propagule,528,0,0,0.06818181818181818,True,0.01,0.02
1,8,2,0.0,0.0,1,propagule,523,0,0,0.07074569789674952,True,0.01,0.02
1,8,3,0.0,0.0,1,propagule,515,0,0,0.06990291262135923,True,0.01,0.02
1,8,4,0.0,0.0,1,propagule,511,0,0,0.07045009784735812,True,0.01,0.02
1,8,5,0.0,0.0,1,propagule,504,0,0,0.06944444444444445,True,0.01,0.02
1,8,6,0.0,0.0,1,propagule,496,0,0,0.07258064516129033,True,0.01,0.02
1,8,7,0.0,0.0,1,propagule,487,0,0,0.07186858316221766,True,0.01,0.02
1,8,8,0.0,0.0,1,propagule,484,0,0,0.07231404958677685,True,0.01,0.02
1,8,9,0.0,0.0,1,propagule,475,0,0,0.06947368421052631,True,0.01,0.02
1,8,10,0.0,0.0,1,propagule,464,0,0,0.07112068965517242,True,0.01,0.02
1,8,11,0.0,0.0,1,propagule,460,0,0,0.07173913043478261,True,0.01,0.02
1,8,12,0.0,0.0,1,propagule,448,0,0,0.07366071428571429,True,0.01,0.02
1,8,13,0.0,0.0,1,propagule,444,0,0,0.07432432432432433,True,0.01,0.02
1,8,14,0.0,0.0,1,propagule,441,0,0,0.07482993197278912,True,0.01,0.02
1,8,15,0.0,0.0,1,propagule,433,0,0,0.07390300230946882,True,0.01,0.02
1,8,16,0.0,0.0,1,propagule,426,0,0,0.07511737089201878,True,0.01,0.02
1,8,17,0.0,0.0,1,propagule,423,0,0,0.07565011820330969,True,0.01,0.02
1,8,18,0.0,0.0,1,propagule,898,0,0,0.035634743875278395,True,0.01,0.02
1,8,19,0.0,0.0,1,propagule,878,0,0,0.03530751708428246,True,0.01,0.02
1,8,20,0.0,0.0,1,propagule,856,0,0,0.035046728971962614,True,0.01,0.02
1,8,21,0.0,0.0,1,propagule,829,0,0,0.03618817852834741,True,0.01,0.02
1,8,22,0.0,0.0,1,propagule,798,0,0,0.03508771929824561,True,0.01,0.02
1,8,23,0.0,0.0,1,propagule,778,0,0,0.03598971722365039,True,0.01,0.02
1,8,24,0.0,0.0,1,propagule,748,0,0,0.0374331550802139,True,0.01,0.02
1,8,25,0.0,0.0,1,propagule,736,0,0,0.03804347826086957,True,0.01,0.02
1,8,26,0.0,0.0,1,propagule,731,0,0,0.036935704514363885,True,0.01,0.02
1,8,27,0.0,0.0,1,propagule,711,0,0,0.0379746835443038,True,0.01,0.02
1,8,28,0.0,0.0,1,propagule,705,0,0,0.03829787234042553,True,0.01,0.02
1,8,29,0.0,0.0,1,propagule,692,0,0,0.03901734104046243,True,0.01,0.02
1,8,30,0.0,0.0,1,propagule,696,0,0,0.03879310344827586,True,0.01,0.02
1,8,31,0.0,0.0,1,propagule,672,0,0,0.03869047619047619,True,0.01,0.02
1,8,32,0.0,0.0,1,propagule,645,0,0,0.040310077519379844,True,0.01,0.02
1,8,33,0.0,0.0,1,propagule,633,0,0,0.04107424960505529,True,0.01,0.02
1,8,34,0.0,0.0,1,propagule,634,0,0,0.04100946372239748,True,0.01,0.02
1,8,35,0.0,0.0,1,propagule,626,0,0,0.04153354632587859,True,0.01,0.02
1,8,36,0.0,0.0,1,propagule,618,0,0,0.042071197411003236,True,0.01,0.02
1,8,37,0.0,0.0,1,propagule,606,0,0,0.0429042904290429,True,0.01,0.02
1,8,38,0.0,0.0,1,propagule,599,0,0,0.04340567612687813,True,0.01,0.02
1,8,39,0.0,0.0,1,propagule,586,0,0,0.04436860068259386,True,0.01,0.02
1,8,40,0.0,0.0,1,propagule,580,0,0,0.04482758620689655,True,0.01,0.02
1,8,41,0.0,0.0,1,propagule,564,0,0,0.044326241134751775,True,0.01,0.02
1,8,42,0.0,0.0,1,propagule,565,0,0,0.04424778761061947,True,0.01,0.02
1,8,43,0.0,0.0,1,propagule,561,0,0,0.0784313725490196,True,0.01,0.02
1,8,44,0.0,0.0,1,propagule,553,0,0,0.07414104882459313,True,0.01,0.02
1,8,45,0.0,0.0,1,propagule,549,0,0,0.0692167577413479,True,0.01,0.02
1,8,46,0.0,0.0,1,propagule,546,0,0,0.07326007326007326,True,0.01,0.02
1,8,47,0.0,0.0,1,propagule,539,0,0,0.07235621521335807,True,0.01,0.02
1,8,48,0.0,0.0,1,propagule,528,0,0,0.07196969696969698,True,0.01,0.02
1,8,49,0.0,0.0,1,propagule,521,0,0,0.0690978886756238,True,0.01,0.02
1,8,50,0.0,0.0,1,propagule,515,0,0,0.06601941747572816,True,0.01,0.02
1,8,51,0.0,0.0,1,propagule,505,0,0,0.06732673267326733,True,0.01,0.02
1,8,52,0.0,0.0,1,propagule,502,0,0,0.06772908366533864,True,0.01,0.02
1,9,1,0.0,0.0,1,propagule,493,0,0,0.06693711967545639,True,0.01,0.02
1,9,2,0.0,0.0,1,propagule,485,0,0,0.06391752577319587,True,0.01,0.02
1,9,3,0.0,0.0,1,propagule,479,0,0,0.06471816283924843,True,0.01,0.02
1,9,4,0.0,0.0,1,propagule,472,0,0,0.0635593220338983,True,0.01,0.02
1,9,5,0.0,0.0,1,propagule,465,0,0,0.06451612903225806,True,0.01,0.02
1,9,6,0.0,0.0,1,propagule,462,0,0,0.06493506493506493,True,0.01,0.02
1,9,7,0.0,0.0,1,propagule,453,0,0,0.06622516556291391,True,0.01,0.02
1,9,8,0.0,0.0,1,propagule,449,0,0,0.066815144766147,True,0.01,0.02
1,9,9,0.0,0.0,1,propagule,439,0,0,0.06605922551252848,True,0.01,0.02
1,9,10,0.0,0.0,1,propagule,434,0,0,0.06451612903225806,True,0.01,0.02
1,9,11,0.0,0.0,1,propagule,428,0,0,0.06074766355140187,True,0.01,0.02
1,9,12,0.0,0.0,1,propagule,421,0,0,0.06175771971496437,True,0.01,0.02
1,9,13,0.0,0.0,1,propagule,417,0,0,0.06235011990407674,True,0.01,0.02
1,9,14,0.0,0.0,1,propagule,415,0,0,0.06265060240963856,True,0.01,0.02
1,9,15,0.0,0.0,1,propagule,408,0,0,0.06372549019607843,True,0.01,0.02
1,9,16,0.0,0.0,1,propagule,404,0,0,0.06188118811881188,True,0.01,0.02
1,9,17,0.0,0.0,1,propagule,395,0,0,0.06329113924050633,True,0.01,0.02
1,9,18,0.0,0.0,1,propagule,802,0,0,0.029925187032418952,True,0.01,0.02
1,9,19,0.0,0.0,1,propagule,795,0,0,0.03018867924528302,True,0.01,0.02
1,9,20,0.0,0.0,1,propagule,783,0,0,0.03065134099616858,True,0.01,0.02
1,9,21,0.0,0.0,1,propagule,772,0,0,0.031088082901554404,True,0.01,0.02
1,9,22,0.0,0.0,1,propagule,752,0,0,0.031914893617021274,True,0.01,0.02
1,9,23,0.0,0.0,1,propagule,741,0,0,0.0310391363022942,True,0.01,0.02
1,9,24,0.0,0.0,1,propagule,712,0,0,0.032303370786516857,True,0.01,0.02
1,9,25,0.0,0.0,1,propagule,699,0,0,0.031473533619456366,True,0.01,0.02
1,9,26,0.0,0.0,1,propagule,663,0,0,0.033182503770739065,True,0.01,0.02
1,9,27,0.0,0.0,1,propagule,654,0,0,0.03211009174311927,True,0.01,0.02
1,9,28,0.0,0.0,1,propagule,629,0,0,0.033386327503974564,True,0.01,0.02
1,9,29,0.0,0.0,1,propagule,613,0,0,0.03425774877650897,True,0.01,0.02
1,9,30,0.0,0.0,1,propagule,609,0,0,0.034482758620689655,True,0.01,0.02
1,9,31,0.0,0.0,1,propagule,598,0,0,0.03511705685618729,True,0.01,0.02
1,9,32,0.0,0.0,1,propagule,591,0,0,0.03553299492385787,True,0.01,0.02
1,9,33,0.0,0.0,1,propagule,568,0,0,0.035211267605633804,True,0.01,0.02
1,9,34,0.0,0.0,1,propagule,546,0,0,0.03663003663003663,True,0.01,0.02
1,9,35,0.0,0.0,1,propagule,539,0,0,0.03710575139146568,True,0.01,0.02
1,9,36,0.0,0.0,1,propagule,533,0,0,0.03564727954971857,True,0.01,0.02
1,9,37,0.0,0.0,1,propagule,516,0,0,0.03682170542635659,True,0.01,0.02
1,9,38,0.0,0.0,1,propagule,508,0,0,0.03740157480314961,True,0.01,0.02
1,9,39,0.0,0.0,1,propagule,501,0,0,0.03792415169660679,True,0.01,0.02
1,9,40,0.0,0.0,1,propagule,489,0,0,0.03885480572597137,True,0.01,0.02
1,9,41,0.0,0.0,1,propagule,478,0,0,0.0397489539748954,True,0.01,0.02
1,9,42,0.0,0.0,1,propagule,471,0,0,0.040339702760084924,True,0.01,0.02
1,9,43,0.0,0.0,1,propagule,457,0,0,0.05908096280087528,True,0.01,0.02
1,9,44,0.0,0.0,1,propagule,456,0,0,0.06140350877192982,True,0.01,0.02
1,9,45,0.0,0.0,1,propagule,451,0,0,0.06208425720620843,True,0.01,0.02
1,9,46,0.0,0.0,1,propagule,442,0,0,0.058823529411764705,True,0.01,0.02
1,9,47,0.0,0.0,1,propagule,441,0,0,0.05895691609977324,True,0.01,0.02
1,9,48,0.0,0.0,1,propagule,438,0,0,0.0593607305936073,True,0.01,0.02
1,9,49,0.0,0.0,1,propagule,435,0,0,0.05747126436781609,True,0.01,0.02
1,9,50,0.0,0.0,1,propagule,430,0,0,0.05813953488372093,True,0.01,0.02
1,9,51,0.0,0.0,1,propagule,427,0,0,0.0585480093676815,True,0.01,0.02
1,9,52,0.0,0.0,1,propagule,424,0,0,0.0589622641509434,True,0.01,0.02
1,10,1,0.0,0.0,1,propagule,419,0,0,0.059665871121718374,True,0.01,0.02
1,10,2,0.0,0.0,1,propagule,414,0,0,0.057971014492753624,True,0.01,0.02
1,10,3,0.0,0.0,1,propagule,414,0,0,0.06038647342995169,True,0.01,0.02
1,10,4,0.0,0.0,1,propagule,412,0,0,0.06067961165048544,True,0.01,0.02
1,10,5,0.0,0.0,1,propagule,405,0,0,0.06172839506172839,True,0.01,0.02
1,10,6,0.0,0.0,1,propagule,401,0,0,0.057356608478802994,True,0.01,0.02
1,10,7,0.0,0.0,1,propagule,396,0,0,0.05808080808080808,True,0.01,0.02
1,10,8,0.0,0.0,1,propagule,390,0,0,0.05641025641025641,True,0.01,0.02
1,10,9,0.0,0.0,1,propagule,385,0,0,0.05974025974025974,True,0.01,0.02
1,10,10,0.0,0.0,1,propagule,384,0,0,0.057291666666666664,True,0.01,0.02
1,10,11,0.0,0.0,1,propagule,381,0,0,0.06036745406824147,True,0.01,0.02
1,10,12,0.0,0.0,1,propagule,379,0,0,0.06068601583113457,True,0.01,0.02
1,10,13,0.0,0.0,1,propagule,371,0,0,0.06199460916442048,True,0.01,0.02
1,10,14,0.0,0.0,1,propagule,368,0,0,0.059782608695652176,True,0.01,0.02
1,10,15,0.0,0.0,1,propagule,363,0,0,0.05785123966942149,True,0.01,0.02
1,10,16,0.0,0.0,1,propagule,359,0,0,0.055710306406685235,True,0.01,0.02
1,10,17,0.0,0.0,1,propagule,352,0,0,0.056818181818181816,True,0.01,0.02
1,10,18,0.0,0.0,1,propagule,782,0,0,0.021739130434782608,True,0.01,0.02
1,10,19,0.0,0.0,1,propagule,771,0,0,0.02204928664072633,True,0.01,0.02
1,10,20,0.0,0.0,1,propagule,739,0,0,0.023004059539918808,True,0.01,0.02
1,10,21,0.0,0.0,1,propagule,719,0,0,0.02364394993045897,True,0.01,0.02
1,10,22,0.0,0.0,1,propagule,694,0,0,0.024495677233429394,True,0.01,0.02
1,10,23,0.0,0.0,1,propagule,682,0,0,0.024926686217008796,True,0.01,0.02
1,10,24,0.0,0.0,1,propagule,663,0,0,0.02564102564102564,True,0.01,0.02
1,10,25,0.0,0.0,1,propagule,637,0,0,0.026687598116169546,True,0.01,0.02
1,10,26,0.0,0.0,1,propagule,617,0,0,0.027552674230145867,True,0.01,0.02
1,10,27,0.0,0.0,1,propagule,599,0,0,0.028380634390651086,True,0.01,0.02
1,10,28,0.0,0.0,1,propagule,592,0,0,0.02702702702702703,True,0.01,0.02
1,10,29,0.0,0.0,1,propagule,580,0,0,0.027586206896551724,True,0.01,0.02
1,10,30,0.0,0.0,1,propagule,569,0,0,0.028119507908611598,True,0.01,0.02
1,10,31,0.0,0.0,1,propagule,559,0,0,0.026833631484794274,True,0.01,0.02
1,10,32,0.0,0.0,1,propagule,556,0,0,0.02697841726618705,True,0.01,0.02
1,10,33,0.0,0.0,1,propagule,546,0,0,0.027472527472527472,True,0.01,0.02
1,10,34,0.0,0.0,1,propagule,533,0,0,0.024390243902439025,True,0.01,0.02
1,10,35,0.0,0.0,1,propagule,521,0,0,0.02495201535508637,True,0.01,0.02
1,10,36,0.0,0.0,1,propagule,514,0,0,0.02529182879377432,True,0.01,0.02
1,10,37,0.0,0.0,1,propagule,501,0,0,0.02594810379241517,True,0.01,0.02
1,10,38,0.0,0.0,1,propagule,503,0,0,0.02584493041749503,True,0.01,0.02
1,10,39,0.0,0.0,1,propagule,487,0,0,0.026694045174537988,True,0.01,0.02
1,10,40,0.0,0.0,1,propagule,487,0,0,0.026694045174537988,True,0.01,0.02
1,10,41,0.0,0.0,1,propagule,477,0,0,0.025157232704402517,True,0.01,0.02
1,10,42,0.0,0.0,1,propagule,475,0,0,0.02736842105263158,True,0.01,0.02
1,10,43,0.0,0.0,1,propagule,437,0,0,0.038901601830663615,True,0.01,0.02
1,10,44,0.0,0.0,1,propagule,431,0,0,0.03944315545243619,True,0.01,0.02
1,10,45,0.0,0.0,1,propagule,428,0,0,0.0397196261682243,True,0.01,0.02
1,10,46,0.0,0.0,1,propagule,422,0,0,0.037914691943127965,True,0.01,0.02
1,10,47,0.0,0.0,1,propagule,417,0,0,0.03597122302158273,True,0.01,0.02
1,10,48,0.0,0.0,1,propagule,404,0,0,0.03712871287128713,True,0.01,0.02
1,10,49,0.0,0.0,1,propagule,406,0,0,0.03694581280788178,True,0.01,0.02
1,10,50,0.0,0.0,1,propagule,396,0,0,0.03787878787878788,True,0.01,0.02
1,10,51,0.0,0.0,1,propagule,391,0,0,0.03836317135549872,True,0.01,0.02
1,10,52,0.0,0.0,1,propagule,377,0,0,0.03713527851458886,True,0.01,0.02
1,1,1,0.0,0.0,1,propagule,891,0,0,0.0,True,0.01,0.025
1,1,2,0.0,0.0,1,propagule,881,0,0,0.0,True,0.01,0.025
1,1,3,0.0,0.0,1,propagule,875,0,0,0.0,True,0.01,0.025
1,1,4,0.0,0.0,1,propagule,875,0,0,0.0,True,0.01,0.025
1,1,5,0.0,0.0,1,propagule,873,0,0,0.0,True,0.01,0.025
1,1,6,0.0,0.0,1,propagule,856,0,0,0.0,True,0.01,0.025
1,1,7,0.0,0.0,1,propagule,855,0,0,0.0,True,0.01,0.025
1,1,8,0.0,0.0,1,propagule,849,0,0,0.0,True,0.01,0.025
1,1,9,0.0,0.0,1,propagule,833,0,0,0.0,True,0.01,0.025
1,1,10,0.0,0.0,1,propagule,825,0,0,0.0,True,0.01,0.025
1,1,11,0.0,0.0,1,propagule,809,0,0,0.0,True,0.01,0.025
1,1,12,0.0,0.0,1,propagule,799,0,0,0.0,True,0.01,0.025
1,1,13,0.0,0.0,1,propagule,787,0,0,0.0,True,0.01,0.025
1,1,14,0.0,0.0,1,propagule,770,0,0,0.0,True,0.01,0.025
1,1,15,0.0,0.0,1,propagule,766,0,0,0.0,True,0.01,0.025
1,1,16,0.0,0.0,1,propagule,755,0,0,0.0,True,0.01,0.025
1,1,17,0.0,0.0,1,propagule,750,0,0,0.0,True,0.01,0.025
1,1,18,0.0,0.0,1,propagule,2242,0,0,0.0,True,0.01,0.025
1,1,19,0.0,0.0,1,propagule,2176,0,0,0.0,True,0.01,0.025
1,1,20,0.0,0.0,1,propagule,2083,0,0,0.0,True,0.01,0.025
1,1,21,0.0,0.0,1,propagule,2029,0,0,0.0,True,0.01,0.025
1,1,22,0.0,0.0,1,propagule,2014,0,0,0.0,True,0.01,0.025
1,1,23,0.0,0.0,1,propagule,1902,0,0,0.0,True,0.01,0.025
1,1,24,0.0,0.0,1,propagule,1880,0,0,0.0005319148936170213,True,0.01,0.025
1,1,25,0.0,0.0,1,propagule,1866,0,0,0.0026795284030010718,True,0.01,0.025
1,1,26,0.0,0.0,1,propagule,1839,0,0,0.001087547580206634,True,0.01,0.025
1,1,27,0.0,0.0,1,propagule,1757,0,0,0.001707455890722823,True,0.01,0.025
1,1,28,0.0,0.0,1,propagule,1707,0,0,0.0029291154071470417,True,0.01,0.025
1,1,29,0.0,0.0,1,propagule,1667,0,0,0.002999400119976005,True,0.01,0.025
1,1,30,0.0,0.0,1,propagule,1648,0,0,0.0036407766990291263,True,0.01,0.025
1,1,31,0.0,0.0,1,propagule,1626,0,0,0.0036900369003690036,True,0.01,0.025
1,1,32,0.0,0.0,1,propagule,1587,0,0,0.00630119722747322,True,0.01,0.025
1,1,33,0.0,0.0,1,propagule,1549,0,0,0.006455777921239509,True,0.01,0.025
1,1,34,0.0,0.0,1,propagule,1512,0,0,0.006613756613756613,True,0.01,0.025
1,1,35,0.0,0.0,1,propagule,1480,0,0,0.006756756756756757,True,0.01,0.025
1,1,36,0.0,0.0,1,propagule,1471,0,0,0.010876954452753228,True,0.01,0.025
1,1,37,0.0,0.0,1,propagule,1456,0,0,0.011675824175824176,True,0.01,0.025
1,1,38,0.0,0.0,1,propagule,1404,0,0,0.013532763532763533,True,0.01,0.025
1,1,39,0.0,0.0,1,propagule,1405,0,0,0.013523131672597865,True,0.01,0.025
1,1,40,0.0,0.0,1,propagule,1377,0,0,0.01597676107480029,True,0.01,0.025
1,1,41,0.0,0.0,1,propagule,1355,0,0,0.016236162361623615,True,0.01,0.025
1,1,42,0.0,0.0,1,propagule,1352,0,0,0.017011834319526627,True,0.01,0.025
1,1,43,0.0,0.0,1,propagule,1339,0,0,0.02912621359223301,True,0.01,0.025
1,1,44,0.0,0.0,1,propagule,1319,0,0,0.025018953752843062,True,0.01,0.025
1,1,45,0.0,0.0,1,propagule,1296,0,0,0.02700617283950617,True,0.01,0.025
1,1,46,0.0,0.0,1,propagule,1272,0,0,0.02358490566037736,True,0.01,0.025
1,1,47,0.0,0.0,1,propagule,1263,0,0,0.02454473475851148,True,0.01,0.025
1,1,48,0.0,0.0,1,propagule,1228,0,0,0.02035830618892508,True,0.01,0.025
1,1,49,0.0,0.0,1,propagule,1237,0,0,0.025869037995149554,True,0.01,0.025
1,1,50,0.0,0.0,1,propagule,1204,0,0,0.020764119601328904,True,0.01,0.025
1,1,51,0.0,0.0,1,propagule,1192,0,0,0.022651006711409395,True,0.01,0.025
1,1,52,0.0,0.0,1,propagule,1183,0,0,0.021132713440405747,True,0.01,0.025
1,2,1,0.0,0.0,1,propagule,1167,0,0,0.023993144815766924,True,0.01,0.025
1,2,2,0.0,0.0,1,propagule,1152,0,0,0.019965277777777776,True,0.01,0.025
1,2,3,0.0,0.0,1,propagule,1135,0,0,0.02026431718061674,True,0.01,0.025
1,2,4,0.0,0.0,1,propagule,1132,0,0,0.020318021201413426,True,0.01,0.025
1,2,5,0.0,0.0,1,propagule,1118,0,0,0.01967799642218247,True,0.01,0.025
1,2,6,0.0,0.0,1,propagule,1094,0,0,0.02102376599634369,True,0.01,0.025
1,2,7,0.0,0.0,1,propagule,1077,0,0,0.022284122562674095,True,0.01,0.025
1,2,8,0.0,0.0,1,propagule,1063,0,0,0.024459078080903106,True,0.01,0.025
1,2,9,0.0,0.0,1,propagule,1048,0,0,0.026717557251908396,True,0.01,0.025
1,2,10,0.0,0.0,1,propagule,1036,0,0,0.026061776061776062,True,0.01,0.025
1,2,11,0.0,0.0,1,propagule,1023,0,0,0.02541544477028348,True,0.01,0.025
1,2,12,0.0,0.0,1,propagule,999,0,0,0.02702702702702703,True,0.01,0.025
1,2,13,0.0,0.0,1,propagule,986,0,0,0.02738336713995943,True,0.01,0.025
1,2,14,0.0,0.0,1,propagule,971,0,0,0.026776519052523172,True,0.01,0.025
1,2,15,0.0,0.0,1,propagule,966,0,0,0.026915113871635612,True,0.01,0.025
1,2,16,0.0,0.0,1,propagule,948,0,0,0.02531645569620253,True,0.01,0.025
1,2,17,0.0,0.0,1,propagule,934,0,0,0.02569593147751606,True,0.01,0.025
1,2,18,0.0,0.0,1,propagule,1758,0,0,0.013083048919226393,True,0.01,0.025
1,2,19,0.0,0.0,1,propagule,1743,0,0,0.013195639701663799,True,0.01,0.025
1,2,20,0.0,0.0,1,propagule,1703,0,0,0.011743981209630064,True,0.01,0.025
1,2,21,0.0,0.0,1,propagule,1662,0,0,0.01263537906137184,True,0.01,0.025
1,2,22,0.0,0.0,1,propagule,1586,0,0,0.01197982345523329,True,0.01,0.025
1,2,23,0.0,0.0,1,propagule,1574,0,0,0.013341804320203304,True,0.01,0.025
1,2,24,0.0,0.0,1,propagule,1528,0,0,0.015052356020942409,True,0.01,0.025
1,2,25,0.0,0.0,1,propagule,1487,0,0,0.013449899125756557,True,0.01,0.025
1,2,26,0.0,0.0,1,propagule,1433,0,0,0.013956734124214934,True,0.01,0.025
1,2,27,0.0,0.0,1,propagule,1423,0,0,0.015460295151089248,True,0.01,0.025
1,2,28,0.0,0.0,1,propagule,1367,0,0,0.014630577907827359,True,0.01,0.025
1,2,29,0.0,0.0,1,propagule,1341,0,0,0.014168530947054437,True,0.01,0.025
1,2,30,0.0,0.0,1,propagule,1304,0,0,0.016104294478527608,True,0.01,0.025
1,2,31,0.0,0.0,1,propagule,1289,0,0,0.018619084561675717,True,0.01,0.025
1,2,32,0.0,0.0,1,propagule,1258,0,0,0.018282988871224166,True,0.01,0.025
1,2,33,0.0,0.0,1,propagule,1237,0,0,0.021018593371059015,True,0.01,0.025
1,2,34,0.0,0.0,1,propagule,1202,0,0,0.01747088186356073,True,0.01,0.025
1,2,35,0.0,0.0,1,propagule,1187,0,0,0.018534119629317607,True,0.01,0.025
1,2,36,0.0,0.0,1,propagule,1153,0,0,0.02168256721595837,True,0.01,0.025
1,2,37,0.0,0.0,1,propagule,1140,0,0,0.028070175438596492,True,0.01,0.025
1,2,38,0.0,0.0,1,propagule,1114,0,0,0.027827648114901255,True,0.01,0.025
1,2,39,0.0,0.0,1,propagule,1095,0,0,0.029223744292237442,True,0.01,0.025
1,2,40,0.0,0.0,1,propagule,1080,0,0,0.02962962962962963,True,0.01,0.025
1,2,41,0.0,0.0,1,propagule,1070,0,0,0.0308411214953271,True,0.01,0.025
1,2,42,0.0,0.0,1,propagule,1061,0,0,0.03298774740810556,True,0.01,0.025
1,2,43,0.0,0.0,1,propagule,1103,0,0,0.06255666364460562,True,0.01,0.025
1,2,44,0.0,0.0,1,propagule,1070,0,0,0.05420560747663551,True,0.01,0.025
1,2,45,0.0,0.0,1,propagule,1051,0,0,0.058039961941008564,True,0.01,0.025
1,2,46,0.0,0.0,1,propagule,1033,0,0,0.0590513068731849,True,0.01,0.025
1,2,47,0.0,0.0,1,propagule,1023,0,0,0.05865102639296188,True,0.01,0.025
1,2,48,0.0,0.0,1,propagule,1007,0,0,0.05958291956305859,True,0.01,0.025
1,2,49,0.0,0.0,1,propagule,989,0,0,0.05965621840242669,True,0.01,0.025
1,2,50,0.0,0.0,1,propagule,955,0,0,0.05549738219895288,True,0.01,0.025
1,2,51,0.0,0.0,1,propagule,957,0,0,0.06165099268547544,True,0.01,0.025
1,2,52,0.0,0.0,1,propagule,937,0,0,0.0576307363927428,True,0.01,0.025
1,3,1,0.0,0.0,1,propagule,936,0,0,0.06517094017094018,True,0.01,0.025
1,3,2,0.0,0.0,1,propagule,911,0,0,0.0570801317233809,True,0.01,0.025
1,3,3,0.0,0.0,1,propagule,911,0,0,0.06366630076838639,True,0.01,0.025
1,3,4,0.0,0.0,1,propagule,909,0,0,0.06930693069306931,True,0.01,0.025
1,3,5,0.0,0.0,1,propagule,902,0,0,0.07206208425720621,True,0.01,0.025
1,3,6,0.0,0.0,1,propagule,877,0,0,0.06271379703534778,True,0.01,0.025
1,3,7,0.0,0.0,1,propagule,876,0,0,0.0684931506849315,True,0.01,0.025
1,3,8,0.0,0.0,1,propagule,859,0,0,0.06169965075669383,True,0.01,0.025
1,3,9,0.0,0.0,1,propagule,852,0,0,0.06924882629107981,True,0.01,0.025
1,3,10,0.0,0.0,1,propagule,823,0,0,0.06318347509113001,True,0.01,0.025
1,3,11,0.0,0.0,1,propagule,826,0,0,0.06900726392251816,True,0.01,0.025
1,3,12,0.0,0.0,1,propagule,815,0,0,0.0687116564417178,True,0.01,0.025
1,3,13,0.0,0.0,1,propagule,815,0,0,0.07116564417177915,True,0.01,0.025
1,3,14,0.0,0.0,1,propagule,800,0,0,0.06625,True,0.01,0.025
1,3,15,0.0,0.0,1,propagule,793,0,0,0.07061790668348046,True,0.01,0.025
1,3,16,0.0,0.0,1,propagule,774,0,0,0.06976744186046512,True,0.01,0.025
1,3,17,0.0,0.0,1,propagule,773,0,0,0.0724450194049159,True,0.01,0.025
1,3,18,0.0,0.0,1,propagule,1754,0,0,0.03078677309007982,True,0.01,0.025
1,3,19,0.0,0.0,1,propagule,1719,0,0,0.031995346131471786,True,0.01,0.025
1,3,20,0.0,0.0,1,propagule,1663,0,0,0.03006614552014432,True,0.01,0.025
1,3,21,0.0,0.0,1,propagule,1581,0,0,0.03099304237824162,True,0.01,0.025
1,3,22,0.0,0.0,1,propagule,1553,0,0,0.032839665164198326,True,0.01,0.025
1,3,23,0.0,0.0,1,propagule,1484,0,0,0.03099730458221024,True,0.01,0.025
1,3,24,0.0,0.0,1,propagule,1443,0,0,0.03257103257103257,True,0.01,0.025
1,3,25,0.0,0.0,1,propagule,1396,0,0,0.032234957020057305,True,0.01,0.025
1,3,26,0.0,0.0,1,propagule,1356,0,0,0.03466076696165192,True,0.01,0.025
1,3,27,0.0,0.0,1,propagule,1301,0,0,0.033051498847040735,True,0.01,0.025
1,3,28,0.0,0.0,1,propagule,1277,0,0,0.03523884103367267,True,0.01,0.025
1,3,29,0.0,0.0,1,propagule,1248,0,0,0.036057692307692304,True,0.01,0.025
1,3,30,0.0,0.0,1,propagule,1229,0,0,0.03742880390561432,True,0.01,0.025
1,3,31,0.0,0.0,1,propagule,1178,0,0,0.035653650254668934,True,0.01,0.025
1,3,32,0.0,0.0,1,propagule,1146,0,0,0.03664921465968586,True,0.01,0.025
1,3,33,0.0,0.0,1,propagule,1108,0,0,0.0388086642599278,True,0.01,0.025
1,3,34,0.0,0.0,1,propagule,1089,0,0,0.03948576675849403,True,0.01,0.025
1,3,35,0.0,0.0,1,propagule,1046,0,0,0.0372848948374761,True,0.01,0.025
1,3,36,0.0,0.0,1,propagule,1017,0,0,0.04129793510324484,True,0.01,0.025
1,3,37,0.0,0.0,1,propagule,988,0,0,0.043522267206477734,True,0.01,0.025
1,3,38,0.0,0.0,1,propagule,969,0,0,0.04540763673890609,True,0.01,0.025
1,3,39,0.0,0.0,1,propagule,936,0,0,0.041666666666666664,True,0.01,0.025
1,3,40,0.0,0.0,1,propagule,915,0,0,0.04590163934426229,True,0.01,0.025
1,3,41,0.0,0.0,1,propagule,901,0,0,0.05327413984461709,True,0.01,0.025
1,3,42,0.0,0.0,1,propagule,896,0,0,0.060267857142857144,True,0.01,0.025
1,3,43,0.0,0.0,1,propagule,931,0,0,0.08592910848549946,True,0.01,0.025
1,3,44,0.0,0.0,1,propagule,895,0,0,0.07262569832402235,True,0.01,0.025
1,3,45,0.0,0.0,1,propagule,860,0,0,0.06046511627906977,True,0.01,0.025
1,3,46,0.0,0.0,1,propagule,843,0,0,0.060498220640569395,True,0.01,0.025
1,3,47,0.0,0.0,1,propagule,819,0,0,0.057387057387057384,True,0.01,0.025
1,3,48,0.0,0.0,1,propagule,803,0,0,0.05603985056039851,True,0.01,0.025
1,3,49,0.0,0.0,1,propagule,778,0,0,0.056555269922879174,True,0.01,0.025
1,3,50,0.0,0.0,1,propagule,771,0,0,0.05317769130998703,True,0.01,0.025
1,3,51,0.0,0.0,1,propagule,759,0,0,0.05665349143610013,True,0.01,0.025
1,3,52,0.0,0.0,1,propagule,742,0,0,0.05256064690026954,True,0.01,0.025
1,4,1,0.0,0.0,1,propagule,733,0,0,0.05593451568894952,True,0.01,0.025
1,4,2,0.0,0.0,1,propagule,719,0,0,0.05702364394993046,True,0.01,0.025
1,4,3,0.0,0.0,1,propagule,704,0,0,0.061079545454545456,True,0.01,0.025
1,4,4,0.0,0.0,1,propagule,688,0,0,0.0625,True,0.01,0.025
1,4,5,0.0,0.0,1,propagule,689,0,0,0.06531204644412192,True,0.01,0.025
1,4,6,0.0,0.0,1,propagule,672,0,0,0.06398809523809523,True,0.01,0.025
1,4,7,0.0,0.0,1,propagule,660,0,0,0.06212121212121212,True,0.01,0.025
1,4,8,0.0,0.0,1,propagule,660,0,0,0.0696969696969697,True,0.01,0.025
1,4,9,0.0,0.0,1,propagule,643,0,0,0.06531881804043546,True,0.01,0.025
1,4,10,0.0,0.0,1,propagule,639,0,0,0.06729264475743349,True,0.01,0.025
1,4,11,0.0,0.0,1,propagule,627,0,0,0.0685805422647528,True,0.01,0.025
1,4,12,0.0,0.0,1,propagule,624,0,0,0.07211538461538461,True,0.01,0.025
1,4,13,0.0,0.0,1,propagule,612,0,0,0.0718954248366013,True,0.01,0.025
1,4,14,0.0,0.0,1,propagule,611,0,0,0.07364975450081833,True,0.01,0.025
1,4,15,0.0,0.0,1,propagule,607,0,0,0.08237232289950576,True,0.01,0.025
1,4,16,0.0,0.0,1,propagule,606,0,0,0.09075907590759076,True,0.01,0.025
1,4,17,0.0,0.0,1,propagule,602,0,0,0.09302325581395349,True,0.01,0.025
1,4,18,0.0,0.0,1,propagule,1329,0,0,0.0436418359668924,True,0.01,0.025
1,4,19,0.0,0.0,1,propagule,1299,0,0,0.044649730561970746,True,0.01,0.025
1,4,20,0.0,0.0,1,propagule,1263,0,0,0.043547110055423596,True,0.01,0.025
1,4,21,0.0,0.0,1,propagule,1212,0,0,0.04372937293729373,True,0.01,0.025
1,4,22,0.0,0.0,1,propagule,1183,0,0,0.04311073541842773,True,0.01,0.025
1,4,23,0.0,0.0,1,propagule,1163,0,0,0.04471195184866724,True,0.01,0.025
1,4,24,0.0,0.0,1,propagule,1122,0,0,0.0481283422459893,True,0.01,0.025
1,4,25,0.0,0.0,1,propagule,1069,0,0,0.047708138447146865,True,0.01,0.025
1,4,26,0.0,0.0,1,propagule,1074,0,0,0.05307262569832402,True,0.01,0.025
1,4,27,0.0,0.0,1,propagule,1006,0,0,0.04572564612326044,True,0.01,0.025
1,4,28,0.0,0.0,1,propagule,1005,0,0,0.04975124378109453,True,0.01,0.025
1,4,29,0.0,0.0,1,propagule,945,0,0,0.050793650793650794,True,0.01,0.025
1,4,30,0.0,0.0,1,propagule,925,0,0,0.04972972972972973,True,0.01,0.025
1,4,31,0.0,0.0,1,propagule,908,0,0,0.04955947136563876,True,0.01,0.025
1,4,32,0.0,0.0,1,propagule,891,0,0,0.051627384960718295,True,0.01,0.025
1,4,33,0.0,0.0,1,propagule,854,0,0,0.04918032786885246,True,0.01,0.025
1,4,34,0.0,0.0,1,propagule,853,0,0,0.05275498241500586,True,0.01,0.025
1,4,35,0.0,0.0,1,propagule,811,0,0,0.05055487053020962,True,0.01,0.025
1,4,36,0.0,0.0,1,propagule,820,0,0,0.06219512195121951,True,0.01,0.025
1,4,37,0.0,0.0,1,propagule,779,0,0,0.05263157894736842,True,0.01,0.025
1,4,38,0.0,0.0,1,propagule,778,0,0,0.05912596401028278,True,0.01,0.025
1,4,39,0.0,0.0,1,propagule,750,0,0,0.056,True,0.01,0.025
1,4,40,0.0,0.0,1,propagule,741,0,0,0.0553306342780027,True,0.01,0.025
1,4,41,0.0,0.0,1,propagule,724,0,0,0.06353591160220995,True,0.01,0.025
1,4,42,0.0,0.0,1,propagule,707,0,0,0.05374823196605375,True,0.01,0.025
1,4,43,0.0,0.0,1,propagule,709,0,0,0.08744710860366714,True,0.01,0.025
1,4,44,0.0,0.0,1,propagule,684,0,0,0.07748538011695906,True,0.01,0.025
1,4,45,0.0,0.0,1,propagule,642,0,0,0.06542056074766354,True,0.01,0.025
1,4,46,0.0,0.0,1,propagule,639,0,0,0.07042253521126761,True,0.01,0.025
1,4,47,0.0,0.0,1,propagule,627,0,0,0.07177033492822966,True,0.01,0.025
1,4,48,0.0,0.0,1,propagule,613,0,0,0.07177814029363784,True,0.01,0.025
1,4,49,0.0,0.0,1,propagule,592,0,0,0.06925675675675676,True,0.01,0.025
1,4,50,0.0,0.0,1,propagule,588,0,0,0.07653061224489796,True,0.01,0.025
1,4,51,0.0,0.0,1,propagule,575,0,0,0.07478260869565218,True,0.01,0.025
1,4,52,0.0,0.0,1,propagule,565,0,0,0.08141592920353982,True,0.01,0.025
1,5,1,0.0,0.0,1,propagule,549,0,0,0.07832422586520947,True,0.01,0.025
1,5,2,0.0,0.0,1,propagule,549,0,0,0.08561020036429873,True,0.01,0.025
1,5,3,0.0,0.0,1,propagule,535,0,0,0.08598130841121496,True,0.01,0.025
1,5,4,0.0,0.0,1,propagule,534,0,0,0.0898876404494382,True,0.01,0.025
1,5,5,0.0,0.0,1,propagule,517,0,0,0.0851063829787234,True,0.01,0.025
1,5,6,0.0,0.0,1,propagule,511,0,0,0.08414872798434442,True,0.01,0.025
1,5,7,0.0,0.0,1,propagule,504,0,0,0.08333333333333333,True,0.01,0.025
1,5,8,0.0,0.0,1,propagule,498,0,0,0.0823293172690763,True,0.01,0.025
1,5,9,0.0,0.0,1,propagule,487,0,0,0.08213552361396304,True,0.01,0.025
1,5,10,0.0,0.0,1,propagule,488,0,0,0.08401639344262295,True,0.01,0.025
1,5,11,0.0,0.0,1,propagule,479,0,0,0.08350730688935282,True,0.01,0.025
1,5,12,0.0,0.0,1,propagule,475,0,0,0.08421052631578947,True,0.01,0.025
1,5,13,0.0,0.0,1,propagule,465,0,0,0.08817204301075268,True,0.01,0.025
1,5,14,0.0,0.0,1,propagule,456,0,0,0.08114035087719298,True,0.01,0.025
1,5,15,0.0,0.0,1,propagule,456,0,0,0.08771929824561403,True,0.01,0.025
1,5,16,0.0,0.0,1,propagule,445,0,0,0.08314606741573034,True,0.01,0.025
1,5,17,0.0,0.0,1,propagule,438,0,0,0.08904109589041095,True,0.01,0.025
1,5,18,0.0,0.0,1,propagule,982,0,0,0.038696537678207736,True,0.01,0.025
1,5,19,0.0,0.0,1,propagule,962,0,0,0.038461538461538464,True,0.01,0.025
1,5,20,0.0,0.0,1,propagule,941,0,0,0.03825717321997875,True,0.01,0.025
1,5,21,0.0,0.0,1,propagule,923,0,0,0.041170097508125676,True,0.01,0.025
1,5,22,0.0,0.0,1,propagule,871,0,0,0.04133180252583238,True,0.01,0.025
1,5,23,0.0,0.0,1,propagule,849,0,0,0.04122497055359246,True,0.01,0.025
1,5,24,0.0,0.0,1,propagule,798,0,0,0.041353383458646614,True,0.01,0.025
1,5,25,0.0,0.0,1,propagule,783,0,0,0.038314176245210725,True,0.01,0.025
1,5,26,0.0,0.0,1,propagule,775,0,0,0.04129032258064516,True,0.01,0.025
1,5,27,0.0,0.0,1,propagule,742,0,0,0.04177897574123989,True,0.01,0.025
1,5,28,0.0,0.0,1,propagule,729,0,0,0.0438957475994513,True,0.01,0.025
1,5,29,0.0,0.0,1,propagule,701,0,0,0.039942938659058486,True,0.01,0.025
1,5,30,0.0,0.0,1,propagule,691,0,0,0.04052098408104197,True,0.01,0.025
1,5,31,0.0,0.0,1,propagule,668,0,0,0.038922155688622756,True,0.01,0.025
1,5,32,0.0,0.0,1,propagule,665,0,0,0.045112781954887216,True,0.01,0.025
1,5,33,0.0,0.0,1,propagule,646,0,0,0.04179566563467492,True,0.01,0.025
1,5,34,0.0,0.0,1,propagule,629,0,0,0.04769475357710652,True,0.01,0.025
1,5,35,0.0,0.0,1,propagule,611,0,0,0.0425531914893617,True,0.01,0.025
1,5,36,0.0,0.0,1,propagule,597,0,0,0.04522613065326633,True,0.01,0.025
1,5,37,0.0,0.0,1,propagule,567,0,0,0.042328042328042326,True,0.01,0.025
1,5,38,0.0,0.0,1,propagule,571,0,0,0.04903677758318739,True,0.01,0.025
1,5,39,0.0,0.0,1,propagule,553,0,0,0.045207956600361664,True,0.01,0.025
1,5,40,0.0,0.0,1,propagule,533,0,0,0.0450281425891182,True,0.01,0.025
1,5,41,0.0,0.0,1,propagule,524,0,0,0.04580152671755725,True,0.01,0.025
1,5,42,0.0,0.0,1,propagule,516,0,0,0.046511627906976744,True,0.01,0.025
1,5,43,0.0,0.0,1,propagule,602,0,0,0.11129568106312292,True,0.01,0.025
1,5,44,0.0,0.0,1,propagule,554,0,0,0.09386281588447654,True,0.01,0.025
1,5,45,0.0,0.0,1,propagule,525,0,0,0.09142857142857143,True,0.01,0.025
1,5,46,0.0,0.0,1,propagule,519,0,0,0.08670520231213873,True,0.01,0.025
1,5,47,0.0,0.0,1,propagule,499,0,0,0.0781563126252505,True,0.01,0.025
1,5,48,0.0,0.0,1,propagule,488,0,0,0.09631147540983606,True,0.01,0.025
1,5,49,0.0,0.0,1,propagule,489,0,0,0.09815950920245399,True,0.01,0.025
1,5,50,0.0,0.0,1,propagule,487,0,0,0.1026694045174538,True,0.01,0.025
1,5,51,0.0,0.0,1,propagule,483,0,0,0.11180124223602485,True,0.01,0.025
1,5,52,0.0,0.0,1,propagule,469,0,0,0.09808102345415778,True,0.01,0.025
1,6,1,0.0,0.0,1,propagule,466,0,0,0.11158798283261803,True,0.01,0.025
1,6,2,0.0,0.0,1,propagule,462,0,0,0.11255411255411256,True,0.01,0.025
1,6,3,0.0,0.0,1,propagule,462,0,0,0.10606060606060606,True,0.01,0.025
1,6,4,0.0,0.0,1,propagule,456,0,0,0.1074561403508772,True,0.01,0.025
1,6,5,0.0,0.0,1,propagule,456,0,0,0.10964912280701754,True,0.01,0.025
1,6,6,0.0,0.0,1,propagule,449,0,0,0.11358574610244988,True,0.01,0.025
1,6,7,0.0,0.0,1,propagule,443,0,0,0.11738148984198646,True,0.01,0.025
1,6,8,0.0,0.0,1,propagule,436,0,0,0.11926605504587157,True,0.01,0.025
1,6,9,0.0,0.0,1,propagule,430,0,0,0.1186046511627907,True,0.01,0.025
1,6,10,0.0,0.0,1,propagule,424,0,0,0.125,True,0.01,0.025
1,6,11,0.0,0.0,1,propagule,420,0,0,0.11428571428571428,True,0.01,0.025
1,6,12,0.0,0.0,1,propagule,408,0,0,0.11764705882352941,True,0.01,0.025
1,6,13,0.0,0.0,1,propagule,404,0,0,0.12623762376237624,True,0.01,0.025
1,6,14,0.0,0.0,1,propagule,396,0,0,0.12121212121212122,True,0.01,0.025
1,6,15,0.0,0.0,1,propagule,397,0,0,0.12846347607052896,True,0.01,0.025
1,6,16,0.0,0.0,1,propagule,389,0,0,0.11825192802056556,True,0.01,0.025
1,6,17,0.0,0.0,1,propagule,392,0,0,0.125,True,0.01,0.025
1,6,18,0.0,0.0,1,propagule,953,0,0,0.05456453305351522,True,0.01,0.025
1,6,19,0.0,0.0,1,propagule,935,0,0,0.05454545454545454,True,0.01,0.025
1,6,20,0.0,0.0,1,propagule,898,0,0,0.053452115812917596,True,0.01,0.025
1,6,21,0.0,0.0,1,propagule,856,0,0,0.052570093457943924,True,0.01,0.025
1,6,22,0.0,0.0,1,propagule,849,0,0,0.05535924617196702,True,0.01,0.025
1,6,23,0.0,0.0,1,propagule,812,0,0,0.05665024630541872,True,0.01,0.025
1,6,24,0.0,0.0,1,propagule,824,0,0,0.05825242718446602,True,0.01,0.025
1,6,25,0.0,0.0,1,propagule,786,0,0,0.05725190839694656,True,0.01,0.025
1,6,26,0.0,0.0,1,propagule,781,0,0,0.06017925736235595,True,0.01,0.025
1,6,27,0.0,0.0,1,propagule,747,0,0,0.06157965194109773,True,0.01,0.025
1,6,28,0.0,0.0,1,propagule,718,0,0,0.06406685236768803,True,0.01,0.025
1,6,29,0.0,0.0,1,propagule,667,0,0,0.06146926536731634,True,0.01,0.025
1,6,30,0.0,0.0,1,propagule,656,0,0,0.0625,True,0.01,0.025
1,6,31,0.0,0.0,1,propagule,655,0,0,0.06717557251908397,True,0.01,0.025
1,6,32,0.0,0.0,1,propagule,652,0,0,0.0705521472392638,True,0.01,0.025
1,6,33,0.0,0.0,1,propagule,634,0,0,0.0694006309148265,True,0.01,0.025
1,6,34,0.0,0.0,1,propagule,626,0,0,0.07507987220447285,True,0.01,0.025
1,6,35,0.0,0.0,1,propagule,623,0,0,0.0754414125200642,True,0.01,0.025
1,6,36,0.0,0.0,1,propagule,610,0,0,0.08032786885245902,True,0.01,0.025
1,6,37,0.0,0.0,1,propagule,590,0,0,0.07627118644067797,True,0.01,0.025
1,6,38,0.0,0.0,1,propagule,585,0,0,0.08888888888888889,True,0.01,0.025
1,6,39,0.0,0.0,1,propagule,569,0,0,0.08260105448154657,True,0.01,0.025
1,6,40,0.0,0.0,1,propagule,568,0,0,0.0897887323943662,True,0.01,0.025
1,6,41,0.0,0.0,1,propagule,557,0,0,0.08797127468581688,True,0.01,0.025
1,6,42,0.0,0.0,1,propagule,550,0,0,0.0890909090909091,True,0.01,0.025
1,6,43,0.0,0.0,1,propagule,533,0,0,0.09568480300187618,True,0.01,0.025
1,6,44,0.0,0.0,1,propagule,517,0,0,0.09090909090909091,True,0.01,0.025
1,6,45,0.0,0.0,1,propagule,501,0,0,0.09381237524950099,True,0.01,0.025
1,6,46,0.0,0.0,1,propagule,489,0,0,0.08384458077709611,True,0.01,0.025
1,6,47,0.0,0.0,1,propagule,478,0,0,0.10251046025104603,True,0.01,0.025
1,6,48,0.0,0.0,1,propagule,481,0,0,0.10810810810810811,True,0.01,0.025
1,6,49,0.0,0.0,1,propagule,481,0,0,0.11850311850311851,True,0.01,0.025
1,6,50,0.0,0.0,1,propagule,480,0,0,0.125,True,0.01,0.025
1,6,51,0.0,0.0,1,propagule,485,0,0,0.13402061855670103,True,0.01,0.025
1,6,52,0.0,0.0,1,propagule,484,0,0,0.14049586776859505,True,0.01,0.025
1,7,1,0.0,0.0,1,propagule,479,0,0,0.14822546972860126,True,0.01,0.025
1,7,2,0.0,0.0,1,propagule,470,0,0,0.15106382978723404,True,0.01,0.025
1,7,3,0.0,0.0,1,propagule,460,0,0,0.15217391304347827,True,0.01,0.025
1,7,4,0.0,0.0,1,propagule,452,0,0,0.15265486725663716,True,0.01,0.025
1,7,5,0.0,0.0,1,propagule,445,0,0,0.1550561797752809,True,0.01,0.025
1,7,6,0.0,0.0,1,propagule,442,0,0,0.16289592760180996,True,0.01,0.025
1,7,7,0.0,0.0,1,propagule,434,0,0,0.15668202764976957,True,0.01,0.025
1,7,8,0.0,0.0,1,propagule,424,0,0,0.1580188679245283,True,0.01,0.025
1,7,9,0.0,0.0,1,propagule,422,0,0,0.16113744075829384,True,0.01,0.025
1,7,10,0.0,0.0,1,propagule,415,0,0,0.15903614457831325,True,0.01,0.025
1,7,11,0.0,0.0,1,propagule,412,0,0,0.1553398058252427,True,0.01,0.025
1,7,12,0.0,0.0,1,propagule,400,0,0,0.1625,True,0.01,0.025
1,7,13,0.0,0.0,1,propagule,403,0,0,0.16129032258064516,True,0.01,0.025
1,7,14,0.0,0.0,1,propagule,397,0,0,0.163727959697733,True,0.01,0.025
1,7,15,0.0,0.0,1,propagule,393,0,0,0.15776081424936386,True,0.01,0.025
1,7,16,0.0,0.0,1,propagule,387,0,0,0.16020671834625322,True,0.01,0.025
1,7,17,0.0,0.0,1,propagule,379,0,0,0.158311345646438,True,0.01,0.025
1,7,18,0.0,0.0,1,propagule,749,0,0,0.0801068090787717,True,0.01,0.025
1,7,19,0.0,0.0,1,propagule,731,0,0,0.07797537619699042,True,0.01,0.025
1,7,20,0.0,0.0,1,propagule,705,0,0,0.08085106382978724,True,0.01,0.025
1,7,21,0.0,0.0,1,propagule,694,0,0,0.08213256484149856,True,0.01,0.025
1,7,22,0.0,0.0,1,propagule,662,0,0,0.08308157099697885,True,0.01,0.025
1,7,23,0.0,0.0,1,propagule,646,0,0,0.08668730650154799,True,0.01,0.025
1,7,24,0.0,0.0,1,propagule,617,0,0,0.08914100486223663,True,0.01,0.025
1,7,25,0.0,0.0,1,propagule,607,0,0,0.09060955518945635,True,0.01,0.025
1,7,26,0.0,0.0,1,propagule,597,0,0,0.09045226130653267,True,0.01,0.025
1,7,27,0.0,0.0,1,propagule,591,0,0,0.09137055837563451,True,0.01,0.025
1,7,28,0.0,0.0,1,propagule,581,0,0,0.09466437177280551,True,0.01,0.025
1,7,29,0.0,0.0,1,propagule,569,0,0,0.0913884007029877,True,0.01,0.025
1,7,30,0.0,0.0,1,propagule,566,0,0,0.09363957597173145,True,0.01,0.025
1,7,31,0.0,0.0,1,propagule,548,0,0,0.09671532846715329,True,0.01,0.025
1,7,32,0.0,0.0,1,propagule,533,0,0,0.09568480300187618,True,0.01,0.025
1,7,33,0.0,0.0,1,propagule,516,0,0,0.09496124031007752,True,0.01,0.025
1,7,34,0.0,0.0,1,propagule,516,0,0,0.09302325581395349,True,0.01,0.025
1,7,35,0.0,0.0,1,propagule,498,0,0,0.0963855421686747,True,0.01,0.025
1,7,36,0.0,0.0,1,propagule,493,0,0,0.09533468559837728,True,0.01,0.025
1,7,37,0.0,0.0,1,propagule,478,0,0,0.09205020920502092,True,0.01,0.025
1,7,38,0.0,0.0,1,propagule,467,0,0,0.09850107066381156,True,0.01,0.025
1,7,39,0.0,0.0,1,propagule,468,0,0,0.09829059829059829,True,0.01,0.025
1,7,40,0.0,0.0,1,propagule,460,0,0,0.1,True,0.01,0.025
1,7,41,0.0,0.0,1,propagule,457,0,0,0.10065645514223195,True,0.01,0.025
1,7,42,0.0,0.0,1,propagule,446,0,0,0.10538116591928251,True,0.01,0.025
1,7,43,0.0,0.0,1,propagule,429,0,0,0.11888111888111888,True,0.01,0.025
1,7,44,0.0,0.0,1,propagule,411,0,0,0.10462287104622871,True,0.01,0.025
1,7,45,0.0,0.0,1,propagule,410,0,0,0.11219512195121951,True,0.01,0.025
1,7,46,0.0,0.0,1,propagule,418,0,0,0.11483253588516747,True,0.01,0.025
1,7,47,0.0,0.0,1,propagule,405,0,0,0.10864197530864197,True,0.01,0.025
1,7,48,0.0,0.0,1,propagule,404,0,0,0.11633663366336634,True,0.01,0.025
1,7,49,0.0,0.0,1,propagule,394,0,0,0.1116751269035533,True,0.01,0.025
1,7,50,0.0,0.0,1,propagule,390,0,0,0.1076923076923077,True,0.01,0.025
1,7,51,0.0,0.0,1,propagule,385,0,0,0.11168831168831168,True,0.01,0.025
1,7,52,0.0,0.0,1,propagule,381,0,0,0.11023622047244094,True,0.01,0.025
1,8,1,0.0,0.0,1,propagule,374,0,0,0.10962566844919786,True,0.01,0.025
1,8,2,0.0,0.0,1,propagule,375,0,0,0.12,True,0.01,0.025
1,8,3,0.0,0.0,1,propagule,367,0,0,0.10899182561307902,True,0.01,0.025
1,8,4,0.0,0.0,1,propagule,370,0,0,0.11621621621621622,True,0.01,0.025
1,8,5,0.0,0.0,1,propagule,358,0,0,0.11731843575418995,True,0.01,0.025
1,8,6,0.0,0.0,1,propagule,357,0,0,0.12324929971988796,True,0.01,0.025
1,8,7,0.0,0.0,1,propagule,352,0,0,0.125,True,0.01,0.025
1,8,8,0.0,0.0,1,propagule,351,0,0,0.1225071225071225,True,0.01,0.025
1,8,9,0.0,0.0,1,propagule,341,0,0,0.12316715542521994,True,0.01,0.025
1,8,10,0.0,0.0,1,propagule,337,0,0,0.11869436201780416,True,0.01,0.025
1,8,11,0.0,0.0,1,propagule,336,0,0,0.11904761904761904,True,0.01,0.025
1,8,12,0.0,0.0,1,propagule,327,0,0,0.12232415902140673,True,0.01,0.025
1,8,13,0.0,0.0,1,propagule,324,0,0,0.12345679012345678,True,0.01,0.025
1,8,14,0.0,0.0,1,propagule,324,0,0,0.12345679012345678,True,0.01,0.025
1,8,15,0.0,0.0,1,propagule,320,0,0,0.125,True,0.01,0.025
1,8,16,0.0,0.0,1,propagule,319,0,0,0.12225705329153605,True,0.01,0.025
1,8,17,0.0,0.0,1,propagule,318,0,0,0.12264150943396226,True,0.01,0.025
1,8,18,0.0,0.0,1,propagule,697,0,0,0.05595408895265423,True,0.01,0.025
1,8,19,0.0,0.0,1,propagule,672,0,0,0.05654761904761905,True,0.01,0.025
1,8,20,0.0,0.0,1,propagule,658,0,0,0.05623100303951368,True,0.01,0.025
1,8,21,0.0,0.0,1,propagule,634,0,0,0.055205047318611984,True,0.01,0.025
1,8,22,0.0,0.0,1,propagule,611,0,0,0.057283142389525366,True,0.01,0.025
1,8,23,0.0,0.0,1,propagule,582,0,0,0.06013745704467354,True,0.01,0.025
1,8,24,0.0,0.0,1,propagule,570,0,0,0.06315789473684211,True,0.01,0.025
1,8,25,0.0,0.0,1,propagule,563,0,0,0.06394316163410302,True,0.01,0.025
1,8,26,0.0,0.0,1,propagule,550,0,0,0.06545454545454546,True,0.01,0.025
1,8,27,0.0,0.0,1,propagule,546,0,0,0.0641025641025641,True,0.01,0.025
1,8,28,0.0,0.0,1,propagule,530,0,0,0.06415094339622641,True,0.01,0.025
1,8,29,0.0,0.0,1,propagule,532,0,0,0.06578947368421052,True,0.01,0.025
1,8,30,0.0,0.0,1,propagule,507,0,0,0.0650887573964497,True,0.01,0.025
1,8,31,0.0,0.0,1,propagule,496,0,0,0.06854838709677419,True,0.01,0.025
1,8,32,0.0,0.0,1,propagule,483,0,0,0.06832298136645963,True,0.01,0.025
1,8,33,0.0,0.0,1,propagule,477,0,0,0.06708595387840671,True,0.01,0.025
1,8,34,0.0,0.0,1,propagule,458,0,0,0.07423580786026202,True,0.01,0.025
1,8,35,0.0,0.0,1,propagule,443,0,0,0.0744920993227991,True,0.01,0.025
1,8,36,0.0,0.0,1,propagule,428,0,0,0.09579439252336448,True,0.01,0.025
1,8,37,0.0,0.0,1,propagule,403,0,0,0.08436724565756824,True,0.01,0.025
1,8,38,0.0,0.0,1,propagule,397,0,0,0.08816120906801007,True,0.01,0.025
1,8,39,0.0,0.0,1,propagule,385,0,0,0.08571428571428572,True,0.01,0.025
1,8,40,0.0,0.0,1,propagule,380,0,0,0.0868421052631579,True,0.01,0.025
1,8,41,0.0,0.0,1,propagule,368,0,0,0.08967391304347826,True,0.01,0.025
1,8,42,0.0,0.0,1,propagule,356,0,0,0.08707865168539326,True,0.01,0.025
1,8,43,0.0,0.0,1,propagule,366,0,0,0.12568306010928962,True,0.01,0.025
1,8,44,0.0,0.0,1,propagule,356,0,0,0.11797752808988764,True,0.01,0.025
1,8,45,0.0,0.0,1,propagule,357,0,0,0.12324929971988796,True,0.01,0.025
1,8,46,0.0,0.0,1,propagule,361,0,0,0.12742382271468145,True,0.01,0.025
1,8,47,0.0,0.0,1,propagule,352,0,0,0.125,True,0.01,0.025
1,8,48,0.0,0.0,1,propagule,355,0,0,0.1267605633802817,True,0.01,0.025
1,8,49,0.0,0.0,1,propagule,349,0,0,0.12320916905444126,True,0.01,0.025
1,8,50,0.0,0.0,1,propagule,341,0,0,0.12316715542521994,True,0.01,0.025
1,8,51,0.0,0.0,1,propagule,334,0,0,0.12275449101796407,True,0.01,0.025
1,8,52,0.0,0.0,1,propagule,333,0,0,0.12312312312312312,True,0.01,0.025
1,9,1,0.0,0.0,1,propagule,325,0,0,0.12307692307692308,True,0.01,0.025
1,9,2,0.0,0.0,1,propagule,323,0,0,0.12074303405572756,True,0.01,0.025
1,9,3,0.0,0.0,1,propagule,315,0,0,0.12063492063492064,True,0.01,0.025
1,9,4,0.0,0.0,1,propagule,315,0,0,0.12063492063492064,True,0.01,0.025
1,9,5,0.0,0.0,1,propagule,301,0,0,0.12292358803986711,True,0.01,0.025
1,9,6,0.0,0.0,1,propagule,302,0,0,0.11920529801324503,True,0.01,0.025
1,9,7,0.0,0.0,1,propagule,297,0,0,0.12121212121212122,True,0.01,0.025
1,9,8,0.0,0.0,1,propagule,293,0,0,0.12286689419795221,True,0.01,0.025
1,9,9,0.0,0.0,1,propagule,284,0,0,0.12323943661971831,True,0.01,0.025
1,9,10,0.0,0.0,1,propagule,283,0,0,0.12367491166077739,True,0.01,0.025
1,9,11,0.0,0.0,1,propagule,275,0,0,0.12363636363636364,True,0.01,0.025
1,9,12,0.0,0.0,1,propagule,273,0,0,0.12087912087912088,True,0.01,0.025
1,9,13,0.0,0.0,1,propagule,264,0,0,0.11742424242424243,True,0.01,0.025
1,9,14,0.0,0.0,1,propagule,263,0,0,0.11406844106463879,True,0.01,0.025
1,9,15,0.0,0.0,1,propagule,254,0,0,0.11811023622047244,True,0.01,0.025
1,9,16,0.0,0.0,1,propagule,250,0,0,0.12,True,0.01,0.025
1,9,17,0.0,0.0,1,propagule,240,0,0,0.11666666666666667,True,0.01,0.025
1,9,18,0.0,0.0,1,propagule,488,0,0,0.0430327868852459,True,0.01,0.025
1,9,19,0.0,0.0,1,propagule,472,0,0,0.04449152542372881,True,0.01,0.025
1,9,20,0.0,0.0,1,propagule,467,0,0,0.044967880085653104,True,0.01,0.025
1,9,21,0.0,0.0,1,propagule,455,0,0,0.046153846153846156,True,0.01,0.025
1,9,22,0.0,0.0,1,propagule,449,0,0,0.04899777282850779,True,0.01,0.025
1,9,23,0.0,0.0,1,propagule,441,0,0,0.047619047619047616,True,0.01,0.025
1,9,24,0.0,0.0,1,propagule,433,0,0,0.04849884526558892,True,0.01,0.025
1,9,25,0.0,0.0,1,propagule,419,0,0,0.050119331742243436,True,0.01,0.025
1,9,26,0.0,0.0,1,propagule,410,0,0,0.05121951219512195,True,0.01,0.025
1,9,27,0.0,0.0,1,propagule,392,0,0,0.05102040816326531,True,0.01,0.025
1,9,28,0.0,0.0,1,propagule,381,0,0,0.049868766404199474,True,0.01,0.025
1,9,29,0.0,0.0,1,propagule,368,0,0,0.051630434782608696,True,0.01,0.025
1,9,30,0.0,0.0,1,propagule,350,0,0,0.06285714285714286,True,0.01,0.025
1,9,31,0.0,0.0,1,propagule,338,0,0,0.05917159763313609,True,0.01,0.025
1,9,32,0.0,0.0,1,propagule,331,0,0,0.06042296072507553,True,0.01,0.025
1,9,33,0.0,0.0,1,propagule,330,0,0,0.05454545454545454,True,0.01,0.025
1,9,34,0.0,0.0,1,propagule,326,0,0,0.06134969325153374,True,0.01,0.025
1,9,35,0.0,0.0,1,propagule,315,0,0,0.05714285714285714,True,0.01,0.025
1,9,36,0.0,0.0,1,propagule,304,0,0,0.05921052631578947,True,0.01,0.025
1,9,37,0.0,0.0,1,propagule,303,0,0,0.0627062706270627,True,0.01,0.025
1,9,38,0.0,0.0,1,propagule,299,0,0,0.06688963210702341,True,0.01,0.025
1,9,39,0.0,0.0,1,propagule,292,0,0,0.06506849315068493,True,0.01,0.025
1,9,40,0.0,0.0,1,propagule,290,0,0,0.05862068965517241,True,0.01,0.025
1,9,41,0.0,0.0,1,propagule,284,0,0,0.06338028169014084,True,0.01,0.025
1,9,42,0.0,0.0,1,propagule,283,0,0,0.06007067137809187,True,0.01,0.025
1,9,43,0.0,0.0,1,propagule,280,0,0,0.07142857142857142,True,0.01,0.025
1,9,44,0.0,0.0,1,propagule,273,0,0,0.08058608058608059,True,0.01,0.025
1,9,45,0.0,0.0,1,propagule,270,0,0,0.09259259259259259,True,0.01,0.025
1,9,46,0.0,0.0,1,propagule,275,0,0,0.09454545454545454,True,0.01,0.025
1,9,47,0.0,0.0,1,propagule,265,0,0,0.10943396226415095,True,0.01,0.025
1,9,48,0.0,0.0,1,propagule,261,0,0,0.10727969348659004,True,0.01,0.025
1,9,49,0.0,0.0,1,propagule,258,0,0,0.10852713178294573,True,0.01,0.025
1,9,50,0.0,0.0,1,propagule,252,0,0,0.11507936507936507,True,0.01,0.025
1,9,51,0.0,0.0,1,propagule,250,0,0,0.116,True,0.01,0.025
1,9,52,0.0,0.0,1,propagule,247,0,0,0.10931174089068826,True,0.01,0.025
1,10,1,0.0,0.0,1,propagule,243,0,0,0.1111111111111111,True,0.01,0.025
1,10,2,0.0,0.0,1,propagule,240,0,0,0.1125,True,0.01,0.025
1,10,3,0.0,0.0,1,propagule,237,0,0,0.11392405063291139,True,0.01,0.025
1,10,4,0.0,0.0,1,propagule,232,0,0,0.11206896551724138,True,0.01,0.025
1,10,5,0.0,0.0,1,propagule,232,0,0,0.11206896551724138,True,0.01,0.025
1,10,6,0.0,0.0,1,propagule,230,0,0,0.11304347826086956,True,0.01,0.025
1,10,7,0.0,0.0,1,propagule,225,0,0,0.11555555555555555,True,0.01,0.025
1,10,8,0.0,0.0,1,propagule,224,0,0,0.12053571428571429,True,0.01,0.025
1,10,9,0.0,0.0,1,propagule,214,0,0,0.10747663551401869,True,0.01,0.025
1,10,10,0.0,0.0,1,propagule,215,0,0,0.10697674418604651,True,0.01,0.025
1,10,11,0.0,0.0,1,propagule,210,0,0,0.10476190476190476,True,0.01,0.025
1,10,12,0.0,0.0,1,propagule,209,0,0,0.10526315789473684,True,0.01,0.025
1,10,13,0.0,0.0,1,propagule,210,0,0,0.10476190476190476,True,0.01,0.025
1,10,14,0.0,0.0,1,propagule,207,0,0,0.10144927536231885,True,0.01,0.025
1,10,15,0.0,0.0,1,propagule,205,0,0,0.1024390243902439,True,0.01,0.025
1,10,16,0.0,0.0,1,propagule,203,0,0,0.10344827586206896,True,0.01,0.025
1,10,17,0.0,0.0,1,propagule,199,0,0,0.10050251256281408,True,0.01,0.025
1,10,18,0.0,0.0,1,propagule,431,0,0,0.04176334106728538,True,0.01,0.025
1,10,19,0.0,0.0,1,propagule,423,0,0,0.04018912529550828,True,0.01,0.025
1,10,20,0.0,0.0,1,propagule,398,0,0,0.04020100502512563,True,0.01,0.025
1,10,21,0.0,0.0,1,propagule,385,0,0,0.04155844155844156,True,0.01,0.025
1,10,22,0.0,0.0,1,propagule,375,0,0,0.04,True,0.01,0.025
1,10,23,0.0,0.0,1,propagule,365,0,0,0.0410958904109589,True,0.01,0.025
1,10,24,0.0,0.0,1,propagule,363,0,0,0.04132231404958678,True,0.01,0.025
1,10,25,0.0,0.0,1,propagule,350,0,0,0.04285714285714286,True,0.01,0.025
1,10,26,0.0,0.0,1,propagule,337,0,0,0.04451038575667656,True,0.01,0.025
1,10,27,0.0,0.0,1,propagule,322,0,0,0.046583850931677016,True,0.01,0.025
1,10,28,0.0,0.0,1,propagule,311,0,0,0.04501607717041801,True,0.01,0.025
1,10,29,0.0,0.0,1,propagule,294,0,0,0.047619047619047616,True,0.01,0.025
1,10,30,0.0,0.0,1,propagule,295,0,0,0.04406779661016949,True,0.01,0.025
1,10,31,0.0,0.0,1,propagule,285,0,0,0.0456140350877193,True,0.01,0.025
1,10,32,0.0,0.0,1,propagule,285,0,0,0.0456140350877193,True,0.01,0.025
1,10,33,0.0,0.0,1,propagule,281,0,0,0.046263345195729534,True,0.01,0.025
1,10,34,0.0,0.0,1,propagule,273,0,0,0.047619047619047616,True,0.01,0.025
1,10,35,0.0,0.0,1,propagule,271,0,0,0.04428044280442804,True,0.01,0.025
1,10,36,0.0,0.0,1,propagule,263,0,0,0.045627376425855515,True,0.01,0.025
1,10,37,0.0,0.0,1,propagule,258,0,0,0.046511627906976744,True,0.01,0.025
1,10,38,0.0,0.0,1,propagule,251,0,0,0.04780876494023904,True,0.01,0.025
1,10,39,0.0,0.0,1,propagule,249,0,0,0.04819277108433735,True,0.01,0.025
1,10,40,0.0,0.0,1,propagule,238,0,0,0.05042016806722689,True,0.01,0.025
1,10,41,0.0,0.0,1,propagule,238,0,0,0.046218487394957986,True,0.01,0.025
1,10,42,0.0,0.0,1,propagule,226,0,0,0.048672566371681415,True,0.01,0.025
1,10,43,0.0,0.0,1,propagule,228,0,0,0.05701754385964912,True,0.01,0.025
1,10,44,0.0,0.0,1,propagule,224,0,0,0.07142857142857142,True,0.01,0.025
1,10,45,0.0,0.0,1,propagule,224,0,0,0.07589285714285714,True,0.01,0.025
1,10,46,0.0,0.0,1,propagule,208,0,0,0.057692307692307696,True,0.01,0.025
1,10,47,0.0,0.0,1,propagule,208,0,0,0.0673076923076923,True,0.01,0.025
1,10,48,0.0,0.0,1,propagule,196,0,0,0.07142857142857142,True,0.01,0.025
1,10,49,0.0,0.0,1,propagule,199,0,0,0.07035175879396985,True,0.01,0.025
1,10,50,0.0,0.0,1,propagule,192,0,0,0.07291666666666667,True,0.01,0.025
1,10,51,0.0,0.0,1,propagule,192,0,0,0.07291666666666667,True,0.01,0.025
1,10,52,0.0,0.0,1,propagule,184,0,0,0.07065217391304347,True,0.01,0.025
2,1,1,0.0,0.0,1,propagule,938,0,0,0.0,True,0.001,0.015
2,1,2,0.0,0.0,1,propagule,945,0,0,0.0010582010582010583,True,0.001,0.015
2,1,3,0.0,0.0,1,propagule,931,0,0,0.00322234156820623,True,0.001,0.015
2,1,4,0.0,0.0,1,propagule,937,0,0,0.005336179295624333,True,0.001,0.015
2,1,5,0.0,0.0,1,propagule,947,0,0,0.006335797254487857,True,0.001,0.015
2,1,6,0.0,0.0,1,propagule,947,0,0,0.009503695881731784,True,0.001,0.015
2,1,7,0.0,0.0,1,propagule,942,0,0,0.008492569002123142,True,0.001,0.015
2,1,8,0.0,0.0,1,propagule,933,0,0,0.010718113612004287,True,0.001,0.015
2,1,9,0.0,0.0,1,propagule,925,0,0,0.011891891891891892,True,0.001,0.015
2,1,10,0.0,0.0,1,propagule,909,0,0,0.009900990099009901,True,0.001,0.015
2,1,11,0.0,0.0,1,propagule,908,0,0,0.012114537444933921,True,0.001,0.015
2,1,12,0.0,0.0,1,propagule,892,0,0,0.007847533632286996,True,0.001,0.015
2,1,13,0.0,0.0,1,propagule,888,0,0,0.013513513513513514,True,0.001,0.015
2,1,14,0.0,0.0,1,propagule,877,0,0,0.009122006841505131,True,0.001,0.015
2,1,15,0.0,0.0,1,propagule,879,0,0,0.012514220705346985,True,0.001,0.015
2,1,16,0.0,0.0,1,propagule,862,0,0,0.0069605568445475635,True,0.001,0.015
2,1,17,0.0,0.0,1,propagule,857,0,0,0.012835472578763127,True,0.001,0.015
2,1,18,0.0,0.0,1,propagule,2418,0,0,0.0016542597187758478,True,0.001,0.015
2,1,19,0.0,0.0,1,propagule,2388,0,0,0.0046063651591289785,True,0.001,0.015
2,1,20,0.0,0.0,1,propagule,2361,0,0,0.004659042778483694,True,0.001,0.015
2,1,21,0.0,0.0,1,propagule,2316,0,0,0.004749568221070812,True,0.001,0.015
2,1,22,0.0,0.0,1,propagule,2264,0,0,0.004858657243816254,True,0.001,0.015
2,1,23,0.0,0.0,1,propagule,2249,0,0,0.004891062694530902,True,0.001,0.015
2,1,24,0.0,0.0,1,propagule,2209,0,0,0.004979628791308284,True,0.001,0.015
2,1,25,0.0,0.0,1,propagule,2198,0,0,0.005004549590536852,True,0.001,0.015
2,1,26,0.0,0.0,1,propagule,2165,0,0,0.005080831408775982,True,0.001,0.015
2,1,27,0.0,0.0,1,propagule,2139,0,0,0.005142589995324918,True,0.001,0.015
2,1,28,0.0,0.0,1,propagule,2101,0,0,0.005235602094240838,True,0.001,0.015
2,1,29,0.0,0.0,1,propagule,2086,0,0,0.0052732502396931925,True,0.001,0.015
2,1,30,0.0,0.0,1,propagule,2034,0,0,0.005408062930186824,True,0.001,0.015
2,1,31,0.0,0.0,1,propagule,2028,0,0,0.004930966469428008,True,0.001,0.015
2,1,32,0.0,0.0,1,propagule,1969,0,0,0.00558659217877095,True,0.001,0.015
2,1,33,0.0,0.0,1,propagule,1948,0,0,0.005646817248459959,True,0.001,0.015
2,1,34,0.0,0.0,1,propagule,1897,0,0,0.005798629414865577,True,0.001,0.015
2,1,35,0.0,0.0,1,propagule,1874,0,0,0.005869797225186766,True,0.001,0.015
2,1,36,0.0,0.0,1,propagule,1838,0,0,0.008161044613710556,True,0.001,0.015
2,1,37,0.0,0.0,1,propagule,1822,0,0,0.00823271130625686,True,0.001,0.015
2,1,38,0.0,0.0,1,propagule,1794,0,0,0.008361204013377926,True,0.001,0.015
2,1,39,0.0,0.0,1,propagule,1777,0,0,0.010129431626336522,True,0.001,0.015
2,1,40,0.0,0.0,1,propagule,1736,0,0,0.008640552995391706,True,0.001,0.015
2,1,41,0.0,0.0,1,propagule,1734,0,0,0.010957324106113034,True,0.001,0.015
2,1,42,0.0,0.0,1,propagule,1686,0,0,0.008896797153024912,True,0.001,0.015
2,1,43,0.0,0.0,1,propagule,1681,0,0,0.019631171921475312,True,0.001,0.015
2,1,44,0.0,0.0,1,propagule,1642,0,0,0.0194884287454324,True,0.001,0.015
2,1,45,0.0,0.0,1,propagule,1626,0,0,0.016605166051660517,True,0.001,0.015
2,1,46,0.0,0.0,1,propagule,1595,0,0,0.016927899686520375,True,0.001,0.015
2,1,47,0.0,0.0,1,propagule,1564,0,0,0.015345268542199489,True,0.001,0.015
2,1,48,0.0,0.0,1,propagule,1556,0,0,0.017994858611825194,True,0.001,0.015
2,1,49,0.0,0.0,1,propagule,1535,0,0,0.016286644951140065,True,0.001,0.015
2,1,50,0.0,0.0,1,propagule,1533,0,0,0.020874103065883887,True,0.001,0.015
2,1,51,0.0,0.0,1,propagule,1496,0,0,0.019385026737967916,True,0.001,0.015
2,1,52,0.0,0.0,1,propagule,1501,0,0,0.021985343104596936,True,0.001,0.015
2,2,1,0.0,0.0,1,propagule,1490,0,0,0.020134228187919462,True,0.001,0.015
2,2,2,0.0,0.0,1,propagule,1479,0,0,0.02434077079107505,True,0.001,0.015
2,2,3,0.0,0.0,1,propagule,1449,0,0,0.02139406487232574,True,0.001,0.015
2,2,4,0.0,0.0,1,propagule,1464,0,0,0.025956284153005466,True,0.001,0.015
2,2,5,0.0,0.0,1,propagule,1444,0,0,0.027008310249307478,True,0.001,0.015
2,2,6,0.0,0.0,1,propagule,1458,0,0,0.028120713305898493,True,0.001,0.015
2,2,7,0.0,0.0,1,propagule,1439,0,0,0.02501737317581654,True,0.001,0.015
2,2,8,0.0,0.0,1,propagule,1425,0,0,0.028070175438596492,True,0.001,0.015
2,2,9,0.0,0.0,1,propagule,1403,0,0,0.0270848182466144,True,0.001,0.015
2,2,10,0.0,0.0,1,propagule,1407,0,0,0.028429282160625444,True,0.001,0.015
2,2,11,0.0,0.0,1,propagule,1382,0,0,0.027496382054992764,True,0.001,0.015
2,2,12,0.0,0.0,1,propagule,1389,0,0,0.03167746580273578,True,0.001,0.015
2,2,13,0.0,0.0,1,propagule,1339,0,0,0.029873039581777446,True,0.001,0.015
2,2,14,0.0,0.0,1,propagule,1363,0,0,0.032281731474688186,True,0.001,0.015
2,2,15,0.0,0.0,1,propagule,1350,0,0,0.03111111111111111,True,0.001,0.015
2,2,16,0.0,0.0,1,propagule,1339,0,0,0.02539208364451083,True,0.001,0.015
2,2,17,0.0,0.0,1,propagule,1332,0,0,0.03678678678678678,True,0.001,0.015
2,2,18,0.0,0.0,1,propagule,2415,0,0,0.016149068322981366,True,0.001,0.015
2,2,19,0.0,0.0,1,propagule,2424,0,0,0.019389438943894388,True,0.001,0.015
2,2,20,0.0,0.0,1,propagule,2352,0,0,0.017431972789115645,True,0.001,0.015
2,2,21,0.0,0.0,1,propagule,2393,0,0,0.023401587964897618,True,0.001,0.015
2,2,22,0.0,0.0,1,propagule,2296,0,0,0.0156794425087108,True,0.001,0.015
2,2,23,0.0,0.0,1,propagule,2337,0,0,0.02267864783910997,True,0.001,0.015
2,2,24,0.0,0.0,1,propagule,2218,0,0,0.0193868349864743,True,0.001,0.015
2,2,25,0.0,0.0,1,propagule,2271,0,0,0.02553940995156319,True,0.001,0.015
2,2,26,0.0,0.0,1,propagule,2165,0,0,0.017551963048498844,True,0.001,0.015
2,2,27,0.0,0.0,1,propagule,2233,0,0,0.025974025974025976,True,0.001,0.015
2,2,28,0.0,0.0,1,propagule,2160,0,0,0.019444444444444445,True,0.001,0.015
2,2,29,0.0,0.0,1,propagule,2204,0,0,0.02676950998185118,True,0.001,0.015
2,2,30,0.0,0.0,1,propagule,2061,0,0,0.020863658418243572,True,0.001,0.015
2,2,31,0.0,0.0,1,propagule,2123,0,0,0.022609514837494113,True,0.001,0.015
2,2,32,0.0,0.0,1,propagule,1990,0,0,0.020100502512562814,True,0.001,0.015
2,2,33,0.0,0.0,1,propagule,2039,0,0,0.022560078469838155,True,0.001,0.015
2,2,34,0.0,0.0,1,propagule,1916,0,0,0.01722338204592902,True,0.001,0.015
2,2,35,0.0,0.0,1,propagule,2016,0,0,0.020337301587301588,True,0.001,0.015
2,2,36,0.0,0.0,1,propagule,1940,0,0,0.03711340206185567,True,0.001,0.015
2,2,37,0.0,0.0,1,propagule,2016,0,0,0.039186507936507936,True,0.001,0.015
2,2,38,0.0,0.0,1,propagule,1912,0,0,0.03294979079497908,True,0.001,0.015
2,2,39,0.0,0.0,1,propagule,1933,0,0,0.04242110708742887,True,0.001,0.015
2,2,40,0.0,0.0,1,propagule,1872,0,0,0.034722222222222224,True,0.001,0.015
2,2,41,0.0,0.0,1,propagule,1891,0,0,0.04230565838180857,True,0.001,0.015
2,2,42,0.0,0.0,1,propagule,1807,0,0,0.03154399557277255,True,0.001,0.015
2,2,43,0.0,0.0,1,propagule,1825,0,0,0.052054794520547946,True,0.001,0.015
2,2,44,0.0,0.0,1,propagule,1784,0,0,0.04204035874439462,True,0.001,0.015
2,2,45,0.0,0.0,1,propagule,1762,0,0,0.04426787741203178,True,0.001,0.015
2,2,46,0.0,0.0,1,propagule,1783,0,0,0.049355019629837356,True,0.001,0.015
2,2,47,0.0,0.0,1,propagule,1730,0,0,0.04277456647398844,True,0.001,0.015
2,2,48,0.0,0.0,1,propagule,1786,0,0,0.060470324748040316,True,0.001,0.015
2,2,49,0.0,0.0,1,propagule,1715,0,0,0.05422740524781341,True,0.001,0.015
2,2,50,0.0,0.0,1,propagule,1776,0,0,0.0670045045045045,True,0.001,0.015
2,2,51,0.0,0.0,1,propagule,1725,0,0,0.06608695652173913,True,0.001,0.015
2,2,52,0.0,0.0,1,propagule,1760,0,0,0.07727272727272727,True,0.001,0.015
2,3,1,0.0,0.0,1,propagule,1698,0,0,0.06419316843345112,True,0.001,0.015
2,3,2,0.0,0.0,1,propagule,1726,0,0,0.07358053302433372,True,0.001,0.015
2,3,3,0.0,0.0,1,propagule,1674,0,0,0.06511350059737156,True,0.001,0.015
2,3,4,0.0,0.0,1,propagule,1718,0,0,0.07625145518044238,True,0.001,0.015
2,3,5,0.0,0.0,1,propagule,1643,0,0,0.06634205721241632,True,0.001,0.015
2,3,6,0.0,0.0,1,propagule,1669,0,0,0.07549430796884361,True,0.001,0.015
2,3,7,0.0,0.0,1,propagule,1593,0,0,0.06842435655994979,True,0.001,0.015
2,3,8,0.0,0.0,1,propagule,1642,0,0,0.0779537149817296,True,0.001,0.015
2,3,9,0.0,0.0,1,propagule,1562,0,0,0.06722151088348272,True,0.001,0.015
2,3,10,0.0,0.0,1,propagule,1614,0,0,0.07806691449814127,True,0.001,0.015
2,3,11,0.0,0.0,1,propagule,1528,0,0,0.06282722513089005,True,0.001,0.015
2,3,12,0.0,0.0,1,propagule,1598,0,0,0.07947434292866083,True,0.001,0.015
2,3,13,0.0,0.0,1,propagule,1522,0,0,0.0657030223390276,True,0.001,0.015
2,3,14,0.0,0.0,1,propagule,1568,0,0,0.0784438775510204,True,0.001,0.015
2,3,15,0.0,0.0,1,propagule,1486,0,0,0.0639300134589502,True,0.001,0.015
2,3,16,0.0,0.0,1,propagule,1540,0,0,0.07792207792207792,True,0.001,0.015
2,3,17,0.0,0.0,1,propagule,1458,0,0,0.06310013717421124,True,0.001,0.015
2,3,18,0.0,0.0,1,propagule,3421,0,0,0.03478515054077755,True,0.001,0.015
2,3,19,0.0,0.0,1,propagule,3257,0,0,0.028860914952410194,True,0.001,0.015
2,3,20,0.0,0.0,1,propagule,3375,0,0,0.03911111111111111,True,0.001,0.015
2,3,21,0.0,0.0,1,propagule,3214,0,0,0.03391412570006223,True,0.001,0.015
2,3,22,0.0,0.0,1,propagule,3353,0,0,0.04145541306292872,True,0.001,0.015
2,3,23,0.0,0.0,1,propagule,3287,0,0,0.043808944326133255,True,0.001,0.015
2,3,24,0.0,0.0,1,propagule,3353,0,0,0.047420220697882494,True,0.001,0.015
2,3,25,0.0,0.0,1,propagule,3191,0,0,0.04387339392040113,True,0.001,0.015
2,3,26,0.0,0.0,1,propagule,3305,0,0,0.0481089258698941,True,0.001,0.015
2,3,27,0.0,0.0,1,propagule,3160,0,0,0.045253164556962024,True,0.001,0.015
2,3,28,0.0,0.0,1,propagule,3214,0,0,0.05133789670192906,True,0.001,0.015
2,3,29,0.0,0.0,1,propagule,3083,0,0,0.04670775218942588,True,0.001,0.015
2,3,30,0.0,0.0,1,propagule,3124,0,0,0.05345710627400768,True,0.001,0.015
2,3,31,0.0,0.0,1,propagule,2964,0,0,0.0465587044534413,True,0.001,0.015
2,3,32,0.0,0.0,1,propagule,3045,0,0,0.052545155993431854,True,0.001,0.015
2,3,33,0.0,0.0,1,propagule,2919,0,0,0.045563549160671464,True,0.001,0.015
2,3,34,0.0,0.0,1,propagule,2945,0,0,0.05195246179966044,True,0.001,0.015
2,3,35,0.0,0.0,1,propagule,2802,0,0,0.04925053533190578,True,0.001,0.015
2,3,36,0.0,0.0,1,propagule,2866,0,0,0.07745987438939288,True,0.001,0.015
2,3,37,0.0,0.0,1,propagule,2732,0,0,0.07027818448023426,True,0.001,0.015
2,3,38,0.0,0.0,1,propagule,2795,0,0,0.08443649373881933,True,0.001,0.015
2,3,39,0.0,0.0,1,propagule,2749,0,0,0.07530010913059294,True,0.001,0.015
2,3,40,0.0,0.0,1,propagule,2792,0,0,0.08882521489971347,True,0.001,0.015
2,3,41,0.0,0.0,1,propagule,2697,0,0,0.0771227289581016,True,0.001,0.015
2,3,42,0.0,0.0,1,propagule,2761,0,0,0.0919956537486418,True,0.001,0.015
2,3,43,0.0,0.0,1,propagule,2618,0,0,0.09167303284950344,True,0.001,0.015
2,3,44,0.0,0.0,1,propagule,2533,0,0,0.09198578760363206,True,0.001,0.015
2,3,45,0.0,0.0,1,propagule,2529,0,0,0.088572558323448,True,0.001,0.015
2,3,46,0.0,0.0,1,propagule,2540,0,0,0.09881889763779528,True,0.001,0.015
2,3,47,0.0,0.0,1,propagule,2472,0,0,0.08859223300970874,True,0.001,0.015
2,3,48,0.0,0.0,1,propagule,2541,0,0,0.1050767414403778,True,0.001,0.015
2,3,49,0.0,0.0,1,propagule,2505,0,0,0.09660678642714571,True,0.001,0.015
2,3,50,0.0,0.0,1,propagule,2534,0,0,0.10891870560378848,True,0.001,0.015
2,3,51,0.0,0.0,1,propagule,2463,0,0,0.09460008120178644,True,0.001,0.015
2,3,52,0.0,0.0,1,propagule,2495,0,0,0.11503006012024049,True,0.001,0.015
2,4,1,0.0,0.0,1,propagule,2443,0,0,0.10356119525173967,True,0.001,0.015
2,4,2,0.0,0.0,1,propagule,2471,0,0,0.11614730878186968,True,0.001,0.015
2,4,3,0.0,0.0,1,propagule,2418,0,0,0.10463192721257238,True,0.001,0.015
2,4,4,0.0,0.0,1,propagule,2449,0,0,0.11923233973050225,True,0.001,0.015
2,4,5,0.0,0.0,1,propagule,2396,0,0,0.10976627712854758,True,0.001,0.015
2,4,6,0.0,0.0,1,propagule,2408,0,0,0.12001661129568106,True,0.001,0.015
2,4,7,0.0,0.0,1,propagule,2359,0,0,0.10852055955913523,True,0.001,0.015
2,4,8,0.0,0.0,1,propagule,2379,0,0,0.12189995796553174,True,0.001,0.015
2,4,9,0.0,0.0,1,propagule,2313,0,0,0.11154345006485085,True,0.001,0.015
2,4,10,0.0,0.0,1,propagule,2354,0,0,0.1231945624468989,True,0.001,0.015
2,4,11,0.0,0.0,1,propagule,2282,0,0,0.11481156879929887,True,0.001,0.015
2,4,12,0.0,0.0,1,propagule,2304,0,0,0.1228298611111111,True,0.001,0.015
2,4,13,0.0,0.0,1,propagule,2247,0,0,0.11348464619492657,True,0.001,0.015
2,4,14,0.0,0.0,1,propagule,2283,0,0,0.12746386333771353,True,0.001,0.015
2,4,15,0.0,0.0,1,propagule,2181,0,0,0.1104997707473636,True,0.001,0.015
2,4,16,0.0,0.0,1,propagule,2239,0,0,0.12684234033050468,True,0.001,0.015
2,4,17,0.0,0.0,1,propagule,2175,0,0,0.11724137931034483,True,0.001,0.015
2,4,18,0.0,0.0,1,propagule,4862,0,0,0.05800082270670506,True,0.001,0.015
2,4,19,0.0,0.0,1,propagule,4576,0,0,0.05179195804195804,True,0.001,0.015
2,4,20,0.0,0.0,1,propagule,4610,0,0,0.057049891540130154,True,0.001,0.015
2,4,21,0.0,0.0,1,propagule,4460,0,0,0.0515695067264574,True,0.001,0.015
2,4,22,0.0,0.0,1,propagule,4517,0,0,0.057781713526677,True,0.001,0.015
2,4,23,0.0,0.0,1,propagule,4378,0,0,0.05778894472361809,True,0.001,0.015
2,4,24,0.0,0.0,1,propagule,4507,0,0,0.061681828267140006,True,0.001,0.015
2,4,25,0.0,0.0,1,propagule,4380,0,0,0.05867579908675799,True,0.001,0.015
2,4,26,0.0,0.0,1,propagule,4374,0,0,0.06287151348879744,True,0.001,0.015
2,4,27,0.0,0.0,1,propagule,4172,0,0,0.06040268456375839,True,0.001,0.015
2,4,28,0.0,0.0,1,propagule,4211,0,0,0.06459273331750177,True,0.001,0.015
2,4,29,0.0,0.0,1,propagule,4112,0,0,0.0629863813229572,True,0.001,0.015
2,4,30,0.0,0.0,1,propagule,4075,0,0,0.06355828220858896,True,0.001,0.015
2,4,31,0.0,0.0,1,propagule,4025,0,0,0.0675776397515528,True,0.001,0.015
2,4,32,0.0,0.0,1,propagule,3815,0,0,0.06395806028833552,True,0.001,0.015
2,4,33,0.0,0.0,1,propagule,3872,0,0,0.06663223140495868,True,0.001,0.015
2,4,34,0.0,0.0,1,propagule,3722,0,0,0.0660934981192907,True,0.001,0.015
2,4,35,0.0,0.0,1,propagule,3744,0,0,0.06543803418803419,True,0.001,0.015
2,4,36,0.0,0.0,1,propagule,3601,0,0,0.07581227436823104,True,0.001,0.015
2,4,37,0.0,0.0,1,propagule,3648,0,0,0.07428728070175439,True,0.001,0.015
2,4,38,0.0,0.0,1,propagule,3541,0,0,0.07060152499293985,True,0.001,0.015
2,4,39,0.0,0.0,1,propagule,3557,0,0,0.07928029238122013,True,0.001,0.015
2,4,40,0.0,0.0,1,propagule,3496,0,0,0.07522883295194507,True,0.001,0.015
2,4,41,0.0,0.0,1,propagule,3490,0,0,0.08022922636103152,True,0.001,0.015
2,4,42,0.0,0.0,1,propagule,3445,0,0,0.07808417997097242,True,0.001,0.015
2,4,43,0.0,0.0,1,propagule,3391,0,0,0.09967561191388971,True,0.001,0.015
2,4,44,0.0,0.0,1,propagule,3270,0,0,0.09388379204892966,True,0.001,0.015
2,4,45,0.0,0.0,1,propagule,3260,0,0,0.09570552147239264,True,0.001,0.015
2,4,46,0.0,0.0,1,propagule,3291,0,0,0.10179276815557581,True,0.001,0.015
2,4,47,0.0,0.0,1,propagule,3271,0,0,0.1057780495261388,True,0.001,0.015
2,4,48,0.0,0.0,1,propagule,3347,0,0,0.11831490887361816,True,0.001,0.015
2,4,49,0.0,0.0,1,propagule,3314,0,0,0.11979480989740494,True,0.001,0.015
2,4,50,0.0,0.0,1,propagule,3385,0,0,0.12880354505169866,True,0.001,0.015
2,4,51,0.0,0.0,1,propagule,3361,0,0,0.1276405831597739,True,0.001,0.015
2,4,52,0.0,0.0,1,propagule,3380,0,0,0.13224852071005916,True,0.001,0.015
2,5,1,0.0,0.0,1,propagule,3359,0,0,0.13575468889550463,True,0.001,0.015
2,5,2,0.0,0.0,1,propagule,3381,0,0,0.13871635610766045,True,0.001,0.015
2,5,3,0.0,0.0,1,propagule,3326,0,0,0.13529765484064943,True,0.001,0.015
2,5,4,0.0,0.0,1,propagule,3357,0,0,0.14209115281501342,True,0.001,0.015
2,5,5,0.0,0.0,1,propagule,3288,0,0,0.13838199513381996,True,0.001,0.015
2,5,6,0.0,0.0,1,propagule,3333,0,0,0.1467146714671467,True,0.001,0.015
2,5,7,0.0,0.0,1,propagule,3263,0,0,0.138829298191848,True,0.001,0.015
2,5,8,0.0,0.0,1,propagule,3293,0,0,0.14667476465229273,True,0.001,0.015
2,5,9,0.0,0.0,1,propagule,3221,0,0,0.13784538963054951,True,0.001,0.015
2,5,10,0.0,0.0,1,propagule,3248,0,0,0.14839901477832512,True,0.001,0.015
2,5,11,0.0,0.0,1,propagule,3161,0,0,0.13919645681746282,True,0.001,0.015
2,5,12,0.0,0.0,1,propagule,3188,0,0,0.14774153074027604,True,0.001,0.015
2,5,13,0.0,0.0,1,propagule,3105,0,0,0.13880837359098228,True,0.001,0.015
2,5,14,0.0,0.0,1,propagule,3128,0,0,0.14737851662404092,True,0.001,0.015
2,5,15,0.0,0.0,1,propagule,3045,0,0,0.13793103448275862,True,0.001,0.015
2,5,16,0.0,0.0,1,propagule,3064,0,0,0.14882506527415143,True,0.001,0.015
2,5,17,0.0,0.0,1,propagule,2993,0,0,0.13899097895088539,True,0.001,0.015
2,5,18,0.0,0.0,1,propagule,6575,0,0,0.06828897338403042,True,0.001,0.015
2,5,19,0.0,0.0,1,propagule,6380,0,0,0.06536050156739812,True,0.001,0.015
2,5,20,0.0,0.0,1,propagule,6348,0,0,0.06821045998739761,True,0.001,0.015
2,5,21,0.0,0.0,1,propagule,6123,0,0,0.06532745386248572,True,0.001,0.015
2,5,22,0.0,0.0,1,propagule,6099,0,0,0.06820790293490736,True,0.001,0.015
2,5,23,0.0,0.0,1,propagule,6038,0,0,0.06840013249420338,True,0.001,0.015
2,5,24,0.0,0.0,1,propagule,6080,0,0,0.0712171052631579,True,0.001,0.015
2,5,25,0.0,0.0,1,propagule,5898,0,0,0.06646320786707359,True,0.001,0.015
2,5,26,0.0,0.0,1,propagule,5879,0,0,0.07144072121109032,True,0.001,0.015
2,5,27,0.0,0.0,1,propagule,5715,0,0,0.0689413823272091,True,0.001,0.015
2,5,28,0.0,0.0,1,propagule,5698,0,0,0.07072657072657072,True,0.001,0.015
2,5,29,0.0,0.0,1,propagule,5604,0,0,0.06995003568879372,True,0.001,0.015
2,5,30,0.0,0.0,1,propagule,5543,0,0,0.0732455349088941,True,0.001,0.015
2,5,31,0.0,0.0,1,propagule,5382,0,0,0.06930509104422147,True,0.001,0.015
2,5,32,0.0,0.0,1,propagule,5343,0,0,0.07168257533221037,True,0.001,0.015
2,5,33,0.0,0.0,1,propagule,5263,0,0,0.07353220596617899,True,0.001,0.015
2,5,34,0.0,0.0,1,propagule,5151,0,0,0.0741603572121918,True,0.001,0.015
2,5,35,0.0,0.0,1,propagule,5159,0,0,0.07637138980422563,True,0.001,0.015
2,5,36,0.0,0.0,1,propagule,5027,0,0,0.0833499104833897,True,0.001,0.015
2,5,37,0.0,0.0,1,propagule,5024,0,0,0.08817675159235669,True,0.001,0.015
2,5,38,0.0,0.0,1,propagule,4958,0,0,0.08592174263816055,True,0.001,0.015
2,5,39,0.0,0.0,1,propagule,4964,0,0,0.09186140209508462,True,0.001,0.015
2,5,40,0.0,0.0,1,propagule,4944,0,0,0.09101941747572816,True,0.001,0.015
2,5,41,0.0,0.0,1,propagule,4932,0,0,0.0948905109489051,True,0.001,0.015
2,5,42,0.0,0.0,1,propagule,4882,0,0,0.09238017206063089,True,0.001,0.015
2,5,43,0.0,0.0,1,propagule,4478,0,0,0.10026797677534614,True,0.001,0.015
2,5,44,0.0,0.0,1,propagule,4379,0,0,0.09636903402603333,True,0.001,0.015
2,5,45,0.0,0.0,1,propagule,4389,0,0,0.09751651856915015,True,0.001,0.015
2,5,46,0.0,0.0,1,propagule,4425,0,0,0.10463276836158192,True,0.001,0.015
2,5,47,0.0,0.0,1,propagule,4413,0,0,0.1055970994788126,True,0.001,0.015
2,5,48,0.0,0.0,1,propagule,4458,0,0,0.11081202332884701,True,0.001,0.015
2,5,49,0.0,0.0,1,propagule,4418,0,0,0.11272068809416025,True,0.001,0.015
2,5,50,0.0,0.0,1,propagule,4429,0,0,0.11673063897042221,True,0.001,0.015
2,5,51,0.0,0.0,1,propagule,4399,0,0,0.11570811548079109,True,0.001,0.015
2,5,52,0.0,0.0,1,propagule,4410,0,0,0.12040816326530612,True,0.001,0.015
2,6,1,0.0,0.0,1,propagule,4363,0,0,0.11849644739857897,True,0.001,0.015
2,6,2,0.0,0.0,1,propagule,4373,0,0,0.12188428996112509,True,0.001,0.015
2,6,3,0.0,0.0,1,propagule,4369,0,0,0.12199588006408789,True,0.001,0.015
2,6,4,0.0,0.0,1,propagule,4372,0,0,0.12442817932296432,True,0.001,0.015
2,6,5,0.0,0.0,1,propagule,4362,0,0,0.12608895002292525,True,0.001,0.015
2,6,6,0.0,0.0,1,propagule,4355,0,0,0.12950631458094145,True,0.001,0.015
2,6,7,0.0,0.0,1,propagule,4327,0,0,0.1278021724058239,True,0.001,0.015
2,6,8,0.0,0.0,1,propagule,4321,0,0,0.1319139088174034,True,0.001,0.015
2,6,9,0.0,0.0,1,propagule,4287,0,0,0.13039421506881269,True,0.001,0.015
2,6,10,0.0,0.0,1,propagule,4262,0,0,0.1337400281557954,True,0.001,0.015
2,6,11,0.0,0.0,1,propagule,4213,0,0,0.13197246617612152,True,0.001,0.015
2,6,12,0.0,0.0,1,propagule,4194,0,0,0.13447782546494993,True,0.001,0.015
2,6,13,0.0,0.0,1,propagule,4137,0,0,0.1322214164853759,True,0.001,0.015
2,6,14,0.0,0.0,1,propagule,4122,0,0,0.1351285783600194,True,0.001,0.015
2,6,15,0.0,0.0,1,propagule,4084,0,0,0.1339373163565132,True,0.001,0.015
2,6,16,0.0,0.0,1,propagule,4079,0,0,0.13606276048050994,True,0.001,0.015
2,6,17,0.0,0.0,1,propagule,4041,0,0,0.13437268002969563,True,0.001,0.015
2,6,18,0.0,0.0,1,propagule,8858,0,0,0.06242944231203432,True,0.001,0.015
2,6,19,0.0,0.0,1,propagule,8762,0,0,0.06162976489385985,True,0.001,0.015
2,6,20,0.0,0.0,1,propagule,8652,0,0,0.0636846971798428,True,0.001,0.015
2,6,21,0.0,0.0,1,propagule,8483,0,0,0.06188848284804904,True,0.001,0.015
2,6,22,0.0,0.0,1,propagule,8398,0,0,0.06299118837818528,True,0.001,0.015
2,6,23,0.0,0.0,1,propagule,8322,0,0,0.06368661379476087,True,0.001,0.015
2,6,24,0.0,0.0,1,propagule,8184,0,0,0.06439393939393939,True,0.001,0.015
2,6,25,0.0,0.0,1,propagule,8103,0,0,0.06454399605084536,True,0.001,0.015
2,6,26,0.0,0.0,1,propagule,7945,0,0,0.06494650723725613,True,0.001,0.015
2,6,27,0.0,0.0,1,propagule,7863,0,0,0.06549662978506932,True,0.001,0.015
2,6,28,0.0,0.0,1,propagule,7791,0,0,0.06507508663842895,True,0.001,0.015
2,6,29,0.0,0.0,1,propagule,7626,0,0,0.06766325727773406,True,0.001,0.015
2,6,30,0.0,0.0,1,propagule,7437,0,0,0.06776926179911255,True,0.001,0.015
2,6,31,0.0,0.0,1,propagule,7367,0,0,0.06773449165196145,True,0.001,0.015
2,6,32,0.0,0.0,1,propagule,7239,0,0,0.06755076668048073,True,0.001,0.015
2,6,33,0.0,0.0,1,propagule,7173,0,0,0.06886937125331102,True,0.001,0.015
2,6,34,0.0,0.0,1,propagule,6994,0,0,0.06834429511009436,True,0.001,0.015
2,6,35,0.0,0.0,1,propagule,6975,0,0,0.07025089605734768,True,0.001,0.015
2,6,36,0.0,0.0,1,propagule,6851,0,0,0.07473361553057947,True,0.001,0.015
2,6,37,0.0,0.0,1,propagule,6794,0,0,0.07609655578451575,True,0.001,0.015
2,6,38,0.0,0.0,1,propagule,6699,0,0,0.0761307657859382,True,0.001,0.015
2,6,39,0.0,0.0,1,propagule,6615,0,0,0.07664399092970521,True,0.001,0.015
2,6,40,0.0,0.0,1,propagule,6543,0,0,0.07748739110499771,True,0.001,0.015
2,6,41,0.0,0.0,1,propagule,6484,0,0,0.07880937692782233,True,0.001,0.015
2,6,42,0.0,0.0,1,propagule,6456,0,0,0.07946096654275094,True,0.001,0.015
2,6,43,0.0,0.0,1,propagule,5990,0,0,0.09115191986644407,True,0.001,0.015
2,6,44,0.0,0.0,1,propagule,5825,0,0,0.08772532188841202,True,0.001,0.015
2,6,45,0.0,0.0,1,propagule,5796,0,0,0.0909247757073844,True,0.001,0.015
2,6,46,0.0,0.0,1,propagule,5799,0,0,0.0922572857389205,True,0.001,0.015
2,6,47,0.0,0.0,1,propagule,5799,0,0,0.09311950336264874,True,0.001,0.015
2,6,48,0.0,0.0,1,propagule,5834,0,0,0.09684607473431608,True,0.001,0.015
2,6,49,0.0,0.0,1,propagule,5819,0,0,0.09864237841553532,True,0.001,0.015
2,6,50,0.0,0.0,1,propagule,5830,0,0,0.10017152658662093,True,0.001,0.015
2,6,51,0.0,0.0,1,propagule,5817,0,0,0.10159876224858175,True,0.001,0.015
2,6,52,0.0,0.0,1,propagule,5792,0,0,0.10220994475138122,True,0.001,0.015
2,7,1,0.0,0.0,1,propagule,5774,0,0,0.10408728784205057,True,0.001,0.015
2,7,2,0.0,0.0,1,propagule,5763,0,0,0.10532708658684713,True,0.001,0.015
2,7,3,0.0,0.0,1,propagule,5722,0,0,0.10713037399510661,True,0.001,0.015
2,7,4,0.0,0.0,1,propagule,5716,0,0,0.1082925122463261,True,0.001,0.015
2,7,5,0.0,0.0,1,propagule,5681,0,0,0.10860763950008802,True,0.001,0.015
2,7,6,0.0,0.0,1,propagule,5653,0,0,0.1096762780824341,True,0.001,0.015
2,7,7,0.0,0.0,1,propagule,5612,0,0,0.1097647897362794,True,0.001,0.015
2,7,8,0.0,0.0,1,propagule,5573,0,0,0.11035349004127042,True,0.001,0.015
2,7,9,0.0,0.0,1,propagule,5505,0,0,0.11008174386920981,True,0.001,0.015
2,7,10,0.0,0.0,1,propagule,5442,0,0,0.11025358324145534,True,0.001,0.015
2,7,11,0.0,0.0,1,propagule,5367,0,0,0.11086267933668716,True,0.001,0.015
2,7,12,0.0,0.0,1,propagule,5338,0,0,0.11183964031472461,True,0.001,0.015
2,7,13,0.0,0.0,1,propagule,5293,0,0,0.11109011902512753,True,0.001,0.015
2,7,14,0.0,0.0,1,propagule,5257,0,0,0.11261175575423245,True,0.001,0.015
2,7,15,0.0,0.0,1,propagule,5189,0,0,0.11293120061668915,True,0.001,0.015
2,7,16,0.0,0.0,1,propagule,5155,0,0,0.1136760426770126,True,0.001,0.015
2,7,17,0.0,0.0,1,propagule,5102,0,0,0.11368090944727557,True,0.001,0.015
2,7,18,0.0,0.0,1,propagule,11418,0,0,0.051059730250481696,True,0.001,0.015
2,7,19,0.0,0.0,1,propagule,11282,0,0,0.051409324587839034,True,0.001,0.015
2,7,20,0.0,0.0,1,propagule,11142,0,0,0.052055286304074674,True,0.001,0.015
2,7,21,0.0,0.0,1,propagule,10954,0,0,0.052492240277524194,True,0.001,0.015
2,7,22,0.0,0.0,1,propagule,10829,0,0,0.052728783821220794,True,0.001,0.015
2,7,23,0.0,0.0,1,propagule,10683,0,0,0.052887765608911355,True,0.001,0.015
2,7,24,0.0,0.0,1,propagule,10510,0,0,0.0532825880114177,True,0.001,0.015
2,7,25,0.0,0.0,1,propagule,10344,0,0,0.05365429234338747,True,0.001,0.015
2,7,26,0.0,0.0,1,propagule,10221,0,0,0.05469132178847471,True,0.001,0.015
2,7,27,0.0,0.0,1,propagule,10128,0,0,0.054502369668246446,True,0.001,0.015
2,7,28,0.0,0.0,1,propagule,10055,0,0,0.05479860765788165,True,0.001,0.015
2,7,29,0.0,0.0,1,propagule,9908,0,0,0.055308841340331046,True,0.001,0.015
2,7,30,0.0,0.0,1,propagule,9780,0,0,0.05644171779141104,True,0.001,0.015
2,7,31,0.0,0.0,1,propagule,9632,0,0,0.05647840531561462,True,0.001,0.015
2,7,32,0.0,0.0,1,propagule,9487,0,0,0.05649836618530621,True,0.001,0.015
2,7,33,0.0,0.0,1,propagule,9357,0,0,0.0579245484663888,True,0.001,0.015
2,7,34,0.0,0.0,1,propagule,9224,0,0,0.05702515177797051,True,0.001,0.015
2,7,35,0.0,0.0,1,propagule,9045,0,0,0.05782200110558319,True,0.001,0.015
2,7,36,0.0,0.0,1,propagule,8915,0,0,0.06472237801458217,True,0.001,0.015
2,7,37,0.0,0.0,1,propagule,8813,0,0,0.0658118688301373,True,0.001,0.015
2,7,38,0.0,0.0,1,propagule,8730,0,0,0.06529209621993128,True,0.001,0.015
2,7,39,0.0,0.0,1,propagule,8640,0,0,0.06597222222222222,True,0.001,0.015
2,7,40,0.0,0.0,1,propagule,8583,0,0,0.06594430851683561,True,0.001,0.015
2,7,41,0.0,0.0,1,propagule,8465,0,0,0.06650915534554046,True,0.001,0.015
2,7,42,0.0,0.0,1,propagule,8415,0,0,0.06761734997029115,True,0.001,0.015
2,7,43,0.0,0.0,1,propagule,7853,0,0,0.08697313128740608,True,0.001,0.015
2,7,44,0.0,0.0,1,propagule,7660,0,0,0.08342036553524804,True,0.001,0.015
2,7,45,0.0,0.0,1,propagule,7564,0,0,0.08527234267583289,True,0.001,0.015
2,7,46,0.0,0.0,1,propagule,7530,0,0,0.08605577689243028,True,0.001,0.015
2,7,47,0.0,0.0,1,propagule,7538,0,0,0.08941363756964713,True,0.001,0.015
2,7,48,0.0,0.0,1,propagule,7551,0,0,0.09217322208978942,True,0.001,0.015
2,7,49,0.0,0.0,1,propagule,7570,0,0,0.09564068692206076,True,0.001,0.015
2,7,50,0.0,0.0,1,propagule,7573,0,0,0.09837580879440116,True,0.001,0.015
2,7,51,0.0,0.0,1,propagule,7523,0,0,0.09942841951349196,True,0.001,0.015
2,7,52,0.0,0.0,1,propagule,7521,0,0,0.10091743119266056,True,0.001,0.015
2,8,1,0.0,0.0,1,propagule,7479,0,0,0.1020189864955208,True,0.001,0.015
2,8,2,0.0,0.0,1,propagule,7434,0,0,0.10304008609093356,True,0.001,0.015
2,8,3,0.0,0.0,1,propagule,7384,0,0,0.10346695557963163,True,0.001,0.015
2,8,4,0.0,0.0,1,propagule,7352,0,0,0.10364526659412404,True,0.001,0.015
2,8,5,0.0,0.0,1,propagule,7308,0,0,0.10413245758073345,True,0.001,0.015
2,8,6,0.0,0.0,1,propagule,7290,0,0,0.10589849108367627,True,0.001,0.015
2,8,7,0.0,0.0,1,propagule,7249,0,0,0.1056697475513864,True,0.001,0.015
2,8,8,0.0,0.0,1,propagule,7214,0,0,0.10618242306626005,True,0.001,0.015
2,8,9,0.0,0.0,1,propagule,7169,0,0,0.10754638024829126,True,0.001,0.015
2,8,10,0.0,0.0,1,propagule,7120,0,0,0.10660112359550562,True,0.001,0.015
2,8,11,0.0,0.0,1,propagule,7076,0,0,0.10782928208027134,True,0.001,0.015
2,8,12,0.0,0.0,1,propagule,7026,0,0,0.10802732707087959,True,0.001,0.015
2,8,13,0.0,0.0,1,propagule,6995,0,0,0.1089349535382416,True,0.001,0.015
2,8,14,0.0,0.0,1,propagule,6938,0,0,0.10795618333813779,True,0.001,0.015
2,8,15,0.0,0.0,1,propagule,6892,0,0,0.1094022054556007,True,0.001,0.015
2,8,16,0.0,0.0,1,propagule,6834,0,0,0.10872110038045069,True,0.001,0.015
2,8,17,0.0,0.0,1,propagule,6732,0,0,0.10962566844919786,True,0.001,0.015
2,8,18,0.0,0.0,1,propagule,14836,0,0,0.04853060124022648,True,0.001,0.015
2,8,19,0.0,0.0,1,propagule,14704,0,0,0.04923830250272035,True,0.001,0.015
2,8,20,0.0,0.0,1,propagule,14497,0,0,0.04945850865696351,True,0.001,0.015
2,8,21,0.0,0.0,1,propagule,14249,0,0,0.04968769738227244,True,0.001,0.015
2,8,22,0.0,0.0,1,propagule,13885,0,0,0.05005401512423478,True,0.001,0.015
2,8,23,0.0,0.0,1,propagule,13735,0,0,0.05016381507098653,True,0.001,0.015
2,8,24,0.0,0.0,1,propagule,13519,0,0,0.05059545824395296,True,0.001,0.015
2,8,25,0.0,0.0,1,propagule,13312,0,0,0.051156850961538464,True,0.001,0.015
2,8,26,0.0,0.0,1,propagule,13108,0,0,0.05172413793103448,True,0.001,0.015
2,8,27,0.0,0.0,1,propagule,12939,0,0,0.0520905788700827,True,0.001,0.015
2,8,28,0.0,0.0,1,propagule,12741,0,0,0.05313554666038772,True,0.001,0.015
2,8,29,0.0,0.0,1,propagule,12572,0,0,0.05353165765192491,True,0.001,0.015
2,8,30,0.0,0.0,1,propagule,12421,0,0,0.054343450607841556,True,0.001,0.015
2,8,31,0.0,0.0,1,propagule,12315,0,0,0.054323995127892814,True,0.001,0.015
2,8,32,0.0,0.0,1,propagule,12177,0,0,0.05543237250554324,True,0.001,0.015
2,8,33,0.0,0.0,1,propagule,12067,0,0,0.05585481064059004,True,0.001,0.015
2,8,34,0.0,0.0,1,propagule,11889,0,0,0.056018168054504165,True,0.001,0.015
2,8,35,0.0,0.0,1,propagule,11763,0,0,0.056618209640397855,True,0.001,0.015
2,8,36,0.0,0.0,1,propagule,11583,0,0,0.05784339117672451,True,0.001,0.015
2,8,37,0.0,0.0,1,propagule,11449,0,0,0.058957114158441785,True,0.001,0.015
2,8,38,0.0,0.0,1,propagule,11307,0,0,0.058636243035287874,True,0.001,0.015
2,8,39,0.0,0.0,1,propagule,11216,0,0,0.05911198288159772,True,0.001,0.015
2,8,40,0.0,0.0,1,propagule,11100,0,0,0.05918918918918919,True,0.001,0.015
2,8,41,0.0,0.0,1,propagule,10996,0,0,0.059748999636231356,True,0.001,0.015
2,8,42,0.0,0.0,1,propagule,10888,0,0,0.059698750918442324,True,0.001,0.015
2,8,43,0.0,0.0,1,propagule,10307,0,0,0.08955079072475017,True,0.001,0.015
2,8,44,0.0,0.0,1,propagule,9995,0,0,0.08524262131065533,True,0.001,0.015
2,8,45,0.0,0.0,1,propagule,9873,0,0,0.08335865491745163,True,0.001,0.015
2,8,46,0.0,0.0,1,propagule,9821,0,0,0.0870583443641177,True,0.001,0.015
2,8,47,0.0,0.0,1,propagule,9842,0,0,0.08748221906116643,True,0.001,0.015
2,8,48,0.0,0.0,1,propagule,9905,0,0,0.09136799596163554,True,0.001,0.015
2,8,49,0.0,0.0,1,propagule,9921,0,0,0.09414373551053322,True,0.001,0.015
2,8,50,0.0,0.0,1,propagule,9925,0,0,0.09662468513853904,True,0.001,0.015
2,8,51,0.0,0.0,1,propagule,9923,0,0,0.0983573516073768,True,0.001,0.015
2,8,52,0.0,0.0,1,propagule,9925,0,0,0.09974811083123426,True,0.001,0.015
2,9,1,0.0,0.0,1,propagule,9925,0,0,0.10196473551637279,True,0.001,0.015
2,9,2,0.0,0.0,1,propagule,9900,0,0,0.10393939393939394,True,0.001,0.015
2,9,3,0.0,0.0,1,propagule,9861,0,0,0.10485751952134673,True,0.001,0.015
2,9,4,0.0,0.0,1,propagule,9838,0,0,0.10591583655214475,True,0.001,0.015
2,9,5,0.0,0.0,1,propagule,9802,0,0,0.10732503570699857,True,0.001,0.015
2,9,6,0.0,0.0,1,propagule,9760,0,0,0.10686475409836066,True,0.001,0.015
2,9,7,0.0,0.0,1,propagule,9725,0,0,0.10817480719794345,True,0.001,0.015
2,9,8,0.0,0.0,1,propagule,9622,0,0,0.10777385159010601,True,0.001,0.015
2,9,9,0.0,0.0,1,propagule,9573,0,0,0.10863888018385041,True,0.001,0.015
2,9,10,0.0,0.0,1,propagule,9380,0,0,0.10788912579957356,True,0.001,0.015
2,9,11,0.0,0.0,1,propagule,9314,0,0,0.10854627442559588,True,0.001,0.015
2,9,12,0.0,0.0,1,propagule,9247,0,0,0.10879204066183627,True,0.001,0.015
2,9,13,0.0,0.0,1,propagule,9154,0,0,0.10935110334280096,True,0.001,0.015
2,9,14,0.0,0.0,1,propagule,8994,0,0,0.10985101178563486,True,0.001,0.015
2,9,15,0.0,0.0,1,propagule,8928,0,0,0.11032706093189965,True,0.001,0.015
2,9,16,0.0,0.0,1,propagule,8856,0,0,0.11077235772357724,True,0.001,0.015
2,9,17,0.0,0.0,1,propagule,8813,0,0,0.11142630205378418,True,0.001,0.015
2,9,18,0.0,0.0,1,propagule,18287,0,0,0.04691857603762235,True,0.001,0.015
2,9,19,0.0,0.0,1,propagule,18107,0,0,0.046998398409454904,True,0.001,0.015
2,9,20,0.0,0.0,1,propagule,17931,0,0,0.04734816797724611,True,0.001,0.015
2,9,21,0.0,0.0,1,propagule,17724,0,0,0.0479011509817197,True,0.001,0.015
2,9,22,0.0,0.0,1,propagule,17518,0,0,0.04829318415344217,True,0.001,0.015
2,9,23,0.0,0.0,1,propagule,17343,0,0,0.048838147955947646,True,0.001,0.015
2,9,24,0.0,0.0,1,propagule,17123,0,0,0.04894002219237283,True,0.001,0.015
2,9,25,0.0,0.0,1,propagule,16898,0,0,0.04953248905195881,True,0.001,0.015
2,9,26,0.0,0.0,1,propagule,16701,0,0,0.049757499550925094,True,0.001,0.015
2,9,27,0.0,0.0,1,propagule,16547,0,0,0.05016014987611047,True,0.001,0.015
2,9,28,0.0,0.0,1,propagule,16352,0,0,0.050697162426614484,True,0.001,0.015
2,9,29,0.0,0.0,1,propagule,16164,0,0,0.05103934669636229,True,0.001,0.015
2,9,30,0.0,0.0,1,propagule,15945,0,0,0.05174035747883349,True,0.001,0.015
2,9,31,0.0,0.0,1,propagule,15795,0,0,0.05216840772396328,True,0.001,0.015
2,9,32,0.0,0.0,1,propagule,15640,0,0,0.052557544757033246,True,0.001,0.015
2,9,33,0.0,0.0,1,propagule,15433,0,0,0.05267932352750599,True,0.001,0.015
2,9,34,0.0,0.0,1,propagule,15222,0,0,0.053146761266587836,True,0.001,0.015
2,9,35,0.0,0.0,1,propagule,15050,0,0,0.05388704318936877,True,0.001,0.015
2,9,36,0.0,0.0,1,propagule,14863,0,0,0.05685258696090964,True,0.001,0.015
2,9,37,0.0,0.0,1,propagule,14673,0,0,0.05806583520752402,True,0.001,0.015
2,9,38,0.0,0.0,1,propagule,14564,0,0,0.05808843724251579,True,0.001,0.015
2,9,39,0.0,0.0,1,propagule,14406,0,0,0.057753713730390115,True,0.001,0.015
2,9,40,0.0,0.0,1,propagule,14278,0,0,0.057501050567306346,True,0.001,0.015
2,9,41,0.0,0.0,1,propagule,14114,0,0,0.058240045345047474,True,0.001,0.015
2,9,42,0.0,0.0,1,propagule,13950,0,0,0.05734767025089606,True,0.001,0.015
2,9,43,0.0,0.0,1,propagule,13397,0,0,0.09151302530417257,True,0.001,0.015
2,9,44,0.0,0.0,1,propagule,12986,0,0,0.08778684737409517,True,0.001,0.015
2,9,45,0.0,0.0,1,propagule,12833,0,0,0.08797631107301489,True,0.001,0.015
2,9,46,0.0,0.0,1,propagule,12807,0,0,0.08987272585304912,True,0.001,0.015
2,9,47,0.0,0.0,1,propagule,12781,0,0,0.09271574994131915,True,0.001,0.015
2,9,48,0.0,0.0,1,propagule,12821,0,0,0.09601435145464472,True,0.001,0.015
2,9,49,0.0,0.0,1,propagule,12844,0,0,0.09833385238243537,True,0.001,0.015
2,9,50,0.0,0.0,1,propagule,12868,0,0,0.10087037612682624,True,0.001,0.015
2,9,51,0.0,0.0,1,propagule,12887,0,0,0.10367036548459688,True,0.001,0.015
2,9,52,0.0,0.0,1,propagule,12908,0,0,0.10474124573907655,True,0.001,0.015
2,10,1,0.0,0.0,1,propagule,12905,0,0,0.10709027508717552,True,0.001,0.015
2,10,2,0.0,0.0,1,propagule,12893,0,0,0.10796556270844644,True,0.001,0.015
2,10,3,0.0,0.0,1,propagule,12837,0,0,0.10937134844589858,True,0.001,0.015
2,10,4,0.0,0.0,1,propagule,12764,0,0,0.11054528361015356,True,0.001,0.015
2,10,5,0.0,0.0,1,propagule,12700,0,0,0.11062992125984251,True,0.001,0.015
2,10,6,0.0,0.0,1,propagule,12604,0,0,0.1111551888289432,True,0.001,0.015
2,10,7,0.0,0.0,1,propagule,12524,0,0,0.11178537208559565,True,0.001,0.015
2,10,8,0.0,0.0,1,propagule,12417,0,0,0.11234597728920029,True,0.001,0.015
2,10,9,0.0,0.0,1,propagule,12336,0,0,0.11292153047989624,True,0.001,0.015
2,10,10,0.0,0.0,1,propagule,12222,0,0,0.11356570119456717,True,0.001,0.015
2,10,11,0.0,0.0,1,propagule,12130,0,0,0.11409727947238252,True,0.001,0.015
2,10,12,0.0,0.0,1,propagule,12037,0,0,0.1145634294259367,True,0.001,0.015
2,10,13,0.0,0.0,1,propagule,11949,0,0,0.1149050129717968,True,0.001,0.015
2,10,14,0.0,0.0,1,propagule,11863,0,0,0.1155694175166484,True,0.001,0.015
2,10,15,0.0,0.0,1,propagule,11781,0,0,0.11594941006705713,True,0.001,0.015
2,10,16,0.0,0.0,1,propagule,11708,0,0,0.11675777246327297,True,0.001,0.015
2,10,17,0.0,0.0,1,propagule,11640,0,0,0.11718213058419244,True,0.001,0.015
2,10,18,0.0,0.0,1,propagule,25540,0,0,0.050822239624119026,True,0.001,0.015
2,10,19,0.0,0.0,1,propagule,25243,0,0,0.05114289109852236,True,0.001,0.015
2,10,20,0.0,0.0,1,propagule,24947,0,0,0.05142902954263038,True,0.001,0.015
2,10,21,0.0,0.0,1,propagule,24626,0,0,0.05181515471452936,True,0.001,0.015
2,10,22,0.0,0.0,1,propagule,24333,0,0,0.05215139933423746,True,0.001,0.015
2,10,23,0.0,0.0,1,propagule,24050,0,0,0.052765072765072765,True,0.001,0.015
2,10,24,0.0,0.0,1,propagule,23822,0,0,0.052934262446478045,True,0.001,0.015
2,10,25,0.0,0.0,1,propagule,23570,0,0,0.05358506576156131,True,0.001,0.015
2,10,26,0.0,0.0,1,propagule,23256,0,0,0.054265565875472994,True,0.001,0.015
2,10,27,0.0,0.0,1,propagule,22977,0,0,0.05448927188057623,True,0.001,0.015
2,10,28,0.0,0.0,1,propagule,22672,0,0,0.05526640790402258,True,0.001,0.015
2,10,29,0.0,0.0,1,propagule,22418,0,0,0.0555803372290124,True,0.001,0.015
2,10,30,0.0,0.0,1,propagule,22150,0,0,0.055891647855530475,True,0.001,0.015
2,10,31,0.0,0.0,1,propagule,21883,0,0,0.056756386235890875,True,0.001,0.015
2,10,32,0.0,0.0,1,propagule,21651,0,0,0.05731836866657429,True,0.001,0.015
2,10,33,0.0,0.0,1,propagule,21432,0,0,0.05767077267637178,True,0.001,0.015
2,10,34,0.0,0.0,1,propagule,21164,0,0,0.058164808164808166,True,0.001,0.015
2,10,35,0.0,0.0,1,propagule,20908,0,0,0.05825521331547733,True,0.001,0.015
2,10,36,0.0,0.0,1,propagule,20618,0,0,0.059705112038025025,True,0.001,0.015
2,10,37,0.0,0.0,1,propagule,20365,0,0,0.0602995335133808,True,0.001,0.015
2,10,38,0.0,0.0,1,propagule,20137,0,0,0.06023737398818096,True,0.001,0.015
2,10,39,0.0,0.0,1,propagule,19967,0,0,0.06095056843792257,True,0.001,0.015
2,10,40,0.0,0.0,1,propagule,19777,0,0,0.06143500025281893,True,0.001,0.015
2,10,41,0.0,0.0,1,propagule,19585,0,0,0.062037273423538424,True,0.001,0.015
2,10,42,0.0,0.0,1,propagule,19391,0,0,0.062296941880253726,True,0.001,0.015
2,10,43,0.0,0.0,1,propagule,18445,0,0,0.09552724315532665,True,0.001,0.015
2,10,44,0.0,0.0,1,propagule,17894,0,0,0.09237733318430759,True,0.001,0.015
2,10,45,0.0,0.0,1,propagule,17652,0,0,0.09205755721731249,True,0.001,0.015
2,10,46,0.0,0.0,1,propagule,17554,0,0,0.09319813148000455,True,0.001,0.015
2,10,47,0.0,0.0,1,propagule,17530,0,0,0.09652025099828865,True,0.001,0.015
2,10,48,0.0,0.0,1,propagule,17585,0,0,0.09860676713107762,True,0.001,0.015
2,10,49,0.0,0.0,1,propagule,17626,0,0,0.10030636559627823,True,0.001,0.015
2,10,50,0.0,0.0,1,propagule,17658,0,0,0.10238985162532563,True,0.001,0.015
2,10,51,0.0,0.0,1,propagule,17639,0,0,0.10357730030047055,True,0.001,0.015
2,10,52,0.0,0.0,1,propagule,17590,0,0,0.10608300170551449,True,0.001,0.015
2,1,1,0.0,0.0,1,propagule,966,0,0,0.0,True,0.001,0.02
2,1,2,0.0,0.0,1,propagule,973,0,0,0.0010277492291880781,True,0.001,0.02
2,1,3,0.0,0.0,1,propagule,958,0,0,0.0020876826722338203,True,0.001,0.02
2,1,4,0.0,0.0,1,propagule,942,0,0,0.0021231422505307855,True,0.001,0.02
2,1,5,0.0,0.0,1,propagule,916,0,0,0.0032751091703056767,True,0.001,0.02
2,1,6,0.0,0.0,1,propagule,917,0,0,0.003271537622682661,True,0.001,0.02
2,1,7,0.0,0.0,1,propagule,884,0,0,0.003393665158371041,True,0.001,0.02
2,1,8,0.0,0.0,1,propagule,888,0,0,0.0033783783783783786,True,0.001,0.02
2,1,9,0.0,0.0,1,propagule,870,0,0,0.0034482758620689655,True,0.001,0.02
2,1,10,0.0,0.0,1,propagule,857,0,0,0.003500583430571762,True,0.001,0.02
2,1,11,0.0,0.0,1,propagule,850,0,0,0.0035294117647058825,True,0.001,0.02
2,1,12,0.0,0.0,1,propagule,835,0,0,0.003592814371257485,True,0.001,0.02
2,1,13,0.0,0.0,1,propagule,837,0,0,0.0035842293906810036,True,0.001,0.02
2,1,14,0.0,0.0,1,propagule,832,0,0,0.003605769230769231,True,0.001,0.02
2,1,15,0.0,0.0,1,propagule,824,0,0,0.0036407766990291263,True,0.001,0.02
2,1,16,0.0,0.0,1,propagule,819,0,0,0.003663003663003663,True,0.001,0.02
2,1,17,0.0,0.0,1,propagule,807,0,0,0.0037174721189591076,True,0.001,0.02
2,1,18,0.0,0.0,1,propagule,2255,0,0,0.0017738359201773836,True,0.001,0.02
2,1,19,0.0,0.0,1,propagule,2195,0,0,0.0018223234624145787,True,0.001,0.02
2,1,20,0.0,0.0,1,propagule,2165,0,0,0.0018475750577367205,True,0.001,0.02
2,1,21,0.0,0.0,1,propagule,2139,0,0,0.0023375409069658717,True,0.001,0.02
2,1,22,0.0,0.0,1,propagule,2063,0,0,0.0024236548715462916,True,0.001,0.02
2,1,23,0.0,0.0,1,propagule,2034,0,0,0.0024582104228121925,True,0.001,0.02
2,1,24,0.0,0.0,1,propagule,1999,0,0,0.0025012506253126563,True,0.001,0.02
2,1,25,0.0,0.0,1,propagule,1994,0,0,0.0025075225677031092,True,0.001,0.02
2,1,26,0.0,0.0,1,propagule,1974,0,0,0.00303951367781155,True,0.001,0.02
2,1,27,0.0,0.0,1,propagule,1966,0,0,0.003051881993896236,True,0.001,0.02
2,1,28,0.0,0.0,1,propagule,1962,0,0,0.004077471967380225,True,0.001,0.02
2,1,29,0.0,0.0,1,propagule,1932,0,0,0.004658385093167702,True,0.001,0.02
2,1,30,0.0,0.0,1,propagule,1900,0,0,0.005263157894736842,True,0.001,0.02
2,1,31,0.0,0.0,1,propagule,1861,0,0,0.005910800644814616,True,0.001,0.02
2,1,32,0.0,0.0,1,propagule,1834,0,0,0.006543075245365322,True,0.001,0.02
2,1,33,0.0,0.0,1,propagule,1797,0,0,0.007234279354479688,True,0.001,0.02
2,1,34,0.0,0.0,1,propagule,1764,0,0,0.007369614512471655,True,0.001,0.02
2,1,35,0.0,0.0,1,propagule,1731,0,0,0.007510109763142692,True,0.001,0.02
2,1,36,0.0,0.0,1,propagule,1715,0,0,0.00816326530612245,True,0.001,0.02
2,1,37,0.0,0.0,1,propagule,1698,0,0,0.009422850412249705,True,0.001,0.02
2,1,38,0.0,0.0,1,propagule,1670,0,0,0.008982035928143712,True,0.001,0.02
2,1,39,0.0,0.0,1,propagule,1656,0,0,0.009057971014492754,True,0.001,0.02
2,1,40,0.0,0.0,1,propagule,1610,0,0,0.008695652173913044,True,0.001,0.02
2,1,41,0.0,0.0,1,propagule,1595,0,0,0.009404388714733543,True,0.001,0.02
2,1,42,0.0,0.0,1,propagule,1546,0,0,0.009702457956015523,True,0.001,0.02
2,1,43,0.0,0.0,1,propagule,1555,0,0,0.02572347266881029,True,0.001,0.02
2,1,44,0.0,0.0,1,propagule,1530,0,0,0.021568627450980392,True,0.001,0.02
2,1,45,0.0,0.0,1,propagule,1516,0,0,0.021108179419525065,True,0.001,0.02
2,1,46,0.0,0.0,1,propagule,1497,0,0,0.022044088176352707,True,0.001,0.02
2,1,47,0.0,0.0,1,propagule,1484,0,0,0.02358490566037736,True,0.001,0.02
2,1,48,0.0,0.0,1,propagule,1478,0,0,0.02638700947225981,True,0.001,0.02
2,1,49,0.0,0.0,1,propagule,1475,0,0,0.029152542372881354,True,0.001,0.02
2,1,50,0.0,0.0,1,propagule,1456,0,0,0.030906593406593408,True,0.001,0.02
2,1,51,0.0,0.0,1,propagule,1440,0,0,0.03125,True,0.001,0.02
2,1,52,0.0,0.0,1,propagule,1426,0,0,0.030855539971949508,True,0.001,0.02
2,2,1,0.0,0.0,1,propagule,1421,0,0,0.03166783954961295,True,0.001,0.02
2,2,2,0.0,0.0,1,propagule,1394,0,0,0.03012912482065997,True,0.001,0.02
2,2,3,0.0,0.0,1,propagule,1383,0,0,0.03109182935647144,True,0.001,0.02
2,2,4,0.0,0.0,1,propagule,1374,0,0,0.03275109170305677,True,0.001,0.02
2,2,5,0.0,0.0,1,propagule,1364,0,0,0.032991202346041054,True,0.001,0.02
2,2,6,0.0,0.0,1,propagule,1348,0,0,0.03338278931750742,True,0.001,0.02
2,2,7,0.0,0.0,1,propagule,1332,0,0,0.033783783783783786,True,0.001,0.02
2,2,8,0.0,0.0,1,propagule,1314,0,0,0.0334855403348554,True,0.001,0.02
2,2,9,0.0,0.0,1,propagule,1297,0,0,0.03546646106399383,True,0.001,0.02
2,2,10,0.0,0.0,1,propagule,1275,0,0,0.034509803921568626,True,0.001,0.02
2,2,11,0.0,0.0,1,propagule,1267,0,0,0.036306235201262825,True,0.001,0.02
2,2,12,0.0,0.0,1,propagule,1247,0,0,0.03368083400160385,True,0.001,0.02
2,2,13,0.0,0.0,1,propagule,1225,0,0,0.03346938775510204,True,0.001,0.02
2,2,14,0.0,0.0,1,propagule,1217,0,0,0.03779786359901397,True,0.001,0.02
2,2,15,0.0,0.0,1,propagule,1210,0,0,0.03636363636363636,True,0.001,0.02
2,2,16,0.0,0.0,1,propagule,1201,0,0,0.038301415487094086,True,0.001,0.02
2,2,17,0.0,0.0,1,propagule,1176,0,0,0.036564625850340135,True,0.001,0.02
2,2,18,0.0,0.0,1,propagule,2314,0,0,0.01944684528954192,True,0.001,0.02
2,2,19,0.0,0.0,1,propagule,2268,0,0,0.01895943562610229,True,0.001,0.02
2,2,20,0.0,0.0,1,propagule,2214,0,0,0.018970189701897018,True,0.001,0.02
2,2,21,0.0,0.0,1,propagule,2176,0,0,0.019301470588235295,True,0.001,0.02
2,2,22,0.0,0.0,1,propagule,2154,0,0,0.01903435468895079,True,0.001,0.02
2,2,23,0.0,0.0,1,propagule,2114,0,0,0.01892147587511826,True,0.001,0.02
2,2,24,0.0,0.0,1,propagule,2102,0,0,0.019980970504281638,True,0.001,0.02
2,2,25,0.0,0.0,1,propagule,2019,0,0,0.018821198613174838,True,0.001,0.02
2,2,26,0.0,0.0,1,propagule,1995,0,0,0.019548872180451128,True,0.001,0.02
2,2,27,0.0,0.0,1,propagule,1937,0,0,0.019101703665462055,True,0.001,0.02
2,2,28,0.0,0.0,1,propagule,1868,0,0,0.019271948608137045,True,0.001,0.02
2,2,29,0.0,0.0,1,propagule,1888,0,0,0.024364406779661018,True,0.001,0.02
2,2,30,0.0,0.0,1,propagule,1857,0,0,0.023155627355950458,True,0.001,0.02
2,2,31,0.0,0.0,1,propagule,1829,0,0,0.026243849097867686,True,0.001,0.02
2,2,32,0.0,0.0,1,propagule,1786,0,0,0.02295632698768197,True,0.001,0.02
2,2,33,0.0,0.0,1,propagule,1783,0,0,0.026360067302299495,True,0.001,0.02
2,2,34,0.0,0.0,1,propagule,1759,0,0,0.026151222285389426,True,0.001,0.02
2,2,35,0.0,0.0,1,propagule,1729,0,0,0.025448235974551765,True,0.001,0.02
2,2,36,0.0,0.0,1,propagule,1719,0,0,0.03723094822571262,True,0.001,0.02
2,2,37,0.0,0.0,1,propagule,1688,0,0,0.03672985781990521,True,0.001,0.02
2,2,38,0.0,0.0,1,propagule,1654,0,0,0.034461910519951636,True,0.001,0.02
2,2,39,0.0,0.0,1,propagule,1638,0,0,0.03907203907203907,True,0.001,0.02
2,2,40,0.0,0.0,1,propagule,1601,0,0,0.03560274828232355,True,0.001,0.02
2,2,41,0.0,0.0,1,propagule,1585,0,0,0.038485804416403785,True,0.001,0.02
2,2,42,0.0,0.0,1,propagule,1550,0,0,0.03354838709677419,True,0.001,0.02
2,2,43,0.0,0.0,1,propagule,1647,0,0,0.0734669095324833,True,0.001,0.02
2,2,44,0.0,0.0,1,propagule,1561,0,0,0.05829596412556054,True,0.001,0.02
2,2,45,0.0,0.0,1,propagule,1528,0,0,0.061518324607329845,True,0.001,0.02
2,2,46,0.0,0.0,1,propagule,1524,0,0,0.06561679790026247,True,0.001,0.02
2,2,47,0.0,0.0,1,propagule,1512,0,0,0.07208994708994709,True,0.001,0.02
2,2,48,0.0,0.0,1,propagule,1522,0,0,0.07884362680683311,True,0.001,0.02
2,2,49,0.0,0.0,1,propagule,1500,0,0,0.076,True,0.001,0.02
2,2,50,0.0,0.0,1,propagule,1525,0,0,0.08721311475409836,True,0.001,0.02
2,2,51,0.0,0.0,1,propagule,1498,0,0,0.08744993324432576,True,0.001,0.02
2,2,52,0.0,0.0,1,propagule,1518,0,0,0.10013175230566534,True,0.001,0.02
2,3,1,0.0,0.0,1,propagule,1481,0,0,0.09723160027008777,True,0.001,0.02
2,3,2,0.0,0.0,1,propagule,1473,0,0,0.0923285811269518,True,0.001,0.02
2,3,3,0.0,0.0,1,propagule,1451,0,0,0.09166092350103378,True,0.001,0.02
2,3,4,0.0,0.0,1,propagule,1466,0,0,0.09959072305593451,True,0.001,0.02
2,3,5,0.0,0.0,1,propagule,1432,0,0,0.0914804469273743,True,0.001,0.02
2,3,6,0.0,0.0,1,propagule,1432,0,0,0.09427374301675978,True,0.001,0.02
2,3,7,0.0,0.0,1,propagule,1407,0,0,0.0945273631840796,True,0.001,0.02
2,3,8,0.0,0.0,1,propagule,1432,0,0,0.09846368715083799,True,0.001,0.02
2,3,9,0.0,0.0,1,propagule,1385,0,0,0.09963898916967509,True,0.001,0.02
2,3,10,0.0,0.0,1,propagule,1393,0,0,0.09978463747307968,True,0.001,0.02
2,3,11,0.0,0.0,1,propagule,1359,0,0,0.09786607799852833,True,0.001,0.02
2,3,12,0.0,0.0,1,propagule,1363,0,0,0.09611151870873075,True,0.001,0.02
2,3,13,0.0,0.0,1,propagule,1355,0,0,0.0959409594095941,True,0.001,0.02
2,3,14,0.0,0.0,1,propagule,1371,0,0,0.1050328227571116,True,0.001,0.02
2,3,15,0.0,0.0,1,propagule,1328,0,0,0.1016566265060241,True,0.001,0.02
2,3,16,0.0,0.0,1,propagule,1344,0,0,0.10342261904761904,True,0.001,0.02
2,3,17,0.0,0.0,1,propagule,1319,0,0,0.10538286580742987,True,0.001,0.02
2,3,18,0.0,0.0,1,propagule,3052,0,0,0.047182175622542594,True,0.001,0.02
2,3,19,0.0,0.0,1,propagule,2946,0,0,0.045145960624575696,True,0.001,0.02
2,3,20,0.0,0.0,1,propagule,2996,0,0,0.048731642189586116,True,0.001,0.02
2,3,21,0.0,0.0,1,propagule,2877,0,0,0.04831421619742788,True,0.001,0.02
2,3,22,0.0,0.0,1,propagule,2865,0,0,0.0506108202443281,True,0.001,0.02
2,3,23,0.0,0.0,1,propagule,2774,0,0,0.04866618601297765,True,0.001,0.02
2,3,24,0.0,0.0,1,propagule,2762,0,0,0.05322230267921796,True,0.001,0.02
2,3,25,0.0,0.0,1,propagule,2636,0,0,0.05045523520485584,True,0.001,0.02
2,3,26,0.0,0.0,1,propagule,2627,0,0,0.05024743052912067,True,0.001,0.02
2,3,27,0.0,0.0,1,propagule,2504,0,0,0.04952076677316294,True,0.001,0.02
2,3,28,0.0,0.0,1,propagule,2494,0,0,0.052125100240577385,True,0.001,0.02
2,3,29,0.0,0.0,1,propagule,2389,0,0,0.0493930514859774,True,0.001,0.02
2,3,30,0.0,0.0,1,propagule,2381,0,0,0.05291894162116758,True,0.001,0.02
2,3,31,0.0,0.0,1,propagule,2275,0,0,0.04835164835164835,True,0.001,0.02
2,3,32,0.0,0.0,1,propagule,2317,0,0,0.054380664652567974,True,0.001,0.02
2,3,33,0.0,0.0,1,propagule,2211,0,0,0.0506558118498417,True,0.001,0.02
2,3,34,0.0,0.0,1,propagule,2211,0,0,0.0506558118498417,True,0.001,0.02
2,3,35,0.0,0.0,1,propagule,2103,0,0,0.04850213980028531,True,0.001,0.02
2,3,36,0.0,0.0,1,propagule,2121,0,0,0.06977840641206978,True,0.001,0.02
2,3,37,0.0,0.0,1,propagule,2043,0,0,0.06950562897699461,True,0.001,0.02
2,3,38,0.0,0.0,1,propagule,2020,0,0,0.07425742574257425,True,0.001,0.02
2,3,39,0.0,0.0,1,propagule,1981,0,0,0.07269056032306916,True,0.001,0.02
2,3,40,0.0,0.0,1,propagule,1972,0,0,0.07860040567951318,True,0.001,0.02
2,3,41,0.0,0.0,1,propagule,1921,0,0,0.07600208224882873,True,0.001,0.02
2,3,42,0.0,0.0,1,propagule,1912,0,0,0.08158995815899582,True,0.001,0.02
2,3,43,0.0,0.0,1,propagule,2163,0,0,0.13546000924641702,True,0.001,0.02
2,3,44,0.0,0.0,1,propagule,2036,0,0,0.12770137524557956,True,0.001,0.02
2,3,45,0.0,0.0,1,propagule,1937,0,0,0.11667527103768714,True,0.001,0.02
2,3,46,0.0,0.0,1,propagule,1894,0,0,0.11562829989440337,True,0.001,0.02
2,3,47,0.0,0.0,1,propagule,1870,0,0,0.1160427807486631,True,0.001,0.02
2,3,48,0.0,0.0,1,propagule,1841,0,0,0.11461162411732755,True,0.001,0.02
2,3,49,0.0,0.0,1,propagule,1804,0,0,0.1147450110864745,True,0.001,0.02
2,3,50,0.0,0.0,1,propagule,1790,0,0,0.1223463687150838,True,0.001,0.02
2,3,51,0.0,0.0,1,propagule,1778,0,0,0.12260967379077616,True,0.001,0.02
2,3,52,0.0,0.0,1,propagule,1754,0,0,0.12770809578107184,True,0.001,0.02
2,4,1,0.0,0.0,1,propagule,1729,0,0,0.12550607287449392,True,0.001,0.02
2,4,2,0.0,0.0,1,propagule,1717,0,0,0.12871287128712872,True,0.001,0.02
2,4,3,0.0,0.0,1,propagule,1728,0,0,0.13368055555555555,True,0.001,0.02
2,4,4,0.0,0.0,1,propagule,1701,0,0,0.13403880070546736,True,0.001,0.02
2,4,5,0.0,0.0,1,propagule,1711,0,0,0.1385154880187025,True,0.001,0.02
2,4,6,0.0,0.0,1,propagule,1691,0,0,0.13837965700768776,True,0.001,0.02
2,4,7,0.0,0.0,1,propagule,1684,0,0,0.14429928741092637,True,0.001,0.02
2,4,8,0.0,0.0,1,propagule,1653,0,0,0.14337568058076225,True,0.001,0.02
2,4,9,0.0,0.0,1,propagule,1657,0,0,0.1460470730235365,True,0.001,0.02
2,4,10,0.0,0.0,1,propagule,1645,0,0,0.1458966565349544,True,0.001,0.02
2,4,11,0.0,0.0,1,propagule,1633,0,0,0.1475811390079608,True,0.001,0.02
2,4,12,0.0,0.0,1,propagule,1615,0,0,0.1498452012383901,True,0.001,0.02
2,4,13,0.0,0.0,1,propagule,1598,0,0,0.15143929912390489,True,0.001,0.02
2,4,14,0.0,0.0,1,propagule,1589,0,0,0.15418502202643172,True,0.001,0.02
2,4,15,0.0,0.0,1,propagule,1566,0,0,0.15261813537675606,True,0.001,0.02
2,4,16,0.0,0.0,1,propagule,1553,0,0,0.1519639407598197,True,0.001,0.02
2,4,17,0.0,0.0,1,propagule,1530,0,0,0.15359477124183007,True,0.001,0.02
2,4,18,0.0,0.0,1,propagule,3516,0,0,0.0674061433447099,True,0.001,0.02
2,4,19,0.0,0.0,1,propagule,3428,0,0,0.06563593932322054,True,0.001,0.02
2,4,20,0.0,0.0,1,propagule,3398,0,0,0.06680400235432607,True,0.001,0.02
2,4,21,0.0,0.0,1,propagule,3362,0,0,0.06930398572278405,True,0.001,0.02
2,4,22,0.0,0.0,1,propagule,3337,0,0,0.07012286484866646,True,0.001,0.02
2,4,23,0.0,0.0,1,propagule,3241,0,0,0.07034865782165999,True,0.001,0.02
2,4,24,0.0,0.0,1,propagule,3260,0,0,0.0745398773006135,True,0.001,0.02
2,4,25,0.0,0.0,1,propagule,3199,0,0,0.07471084713973117,True,0.001,0.02
2,4,26,0.0,0.0,1,propagule,3144,0,0,0.07983460559796438,True,0.001,0.02
2,4,27,0.0,0.0,1,propagule,3049,0,0,0.0764184978681535,True,0.001,0.02
2,4,28,0.0,0.0,1,propagule,2987,0,0,0.08168731168396384,True,0.001,0.02
2,4,29,0.0,0.0,1,propagule,2965,0,0,0.07993254637436763,True,0.001,0.02
2,4,30,0.0,0.0,1,propagule,2937,0,0,0.08341845420497106,True,0.001,0.02
2,4,31,0.0,0.0,1,propagule,2879,0,0,0.08336227856894755,True,0.001,0.02
2,4,32,0.0,0.0,1,propagule,2855,0,0,0.08266199649737303,True,0.001,0.02
2,4,33,0.0,0.0,1,propagule,2791,0,0,0.08706556789681118,True,0.001,0.02
2,4,34,0.0,0.0,1,propagule,2773,0,0,0.08799134511359538,True,0.001,0.02
2,4,35,0.0,0.0,1,propagule,2713,0,0,0.08514559528197567,True,0.001,0.02
2,4,36,0.0,0.0,1,propagule,2698,0,0,0.10526315789473684,True,0.001,0.02
2,4,37,0.0,0.0,1,propagule,2607,0,0,0.0985807441503644,True,0.001,0.02
2,4,38,0.0,0.0,1,propagule,2577,0,0,0.10322079937912301,True,0.001,0.02
2,4,39,0.0,0.0,1,propagule,2524,0,0,0.10103011093502377,True,0.001,0.02
2,4,40,0.0,0.0,1,propagule,2494,0,0,0.10224538893344026,True,0.001,0.02
2,4,41,0.0,0.0,1,propagule,2449,0,0,0.09922417313189057,True,0.001,0.02
2,4,42,0.0,0.0,1,propagule,2430,0,0,0.10493827160493827,True,0.001,0.02
2,4,43,0.0,0.0,1,propagule,2644,0,0,0.14712556732223903,True,0.001,0.02
2,4,44,0.0,0.0,1,propagule,2435,0,0,0.13264887063655031,True,0.001,0.02
2,4,45,0.0,0.0,1,propagule,2335,0,0,0.1284796573875803,True,0.001,0.02
2,4,46,0.0,0.0,1,propagule,2240,0,0,0.12767857142857142,True,0.001,0.02
2,4,47,0.0,0.0,1,propagule,2199,0,0,0.12869486130059118,True,0.001,0.02
2,4,48,0.0,0.0,1,propagule,2198,0,0,0.13284804367606914,True,0.001,0.02
2,4,49,0.0,0.0,1,propagule,2140,0,0,0.1308411214953271,True,0.001,0.02
2,4,50,0.0,0.0,1,propagule,2125,0,0,0.13364705882352942,True,0.001,0.02
2,4,51,0.0,0.0,1,propagule,2091,0,0,0.13725490196078433,True,0.001,0.02
2,4,52,0.0,0.0,1,propagule,2076,0,0,0.13728323699421965,True,0.001,0.02
2,5,1,0.0,0.0,1,propagule,2046,0,0,0.13831867057673508,True,0.001,0.02
2,5,2,0.0,0.0,1,propagule,2040,0,0,0.14215686274509803,True,0.001,0.02
2,5,3,0.0,0.0,1,propagule,2018,0,0,0.14767096134786917,True,0.001,0.02
2,5,4,0.0,0.0,1,propagule,2002,0,0,0.14835164835164835,True,0.001,0.02
2,5,5,0.0,0.0,1,propagule,1983,0,0,0.1507816439737771,True,0.001,0.02
2,5,6,0.0,0.0,1,propagule,1980,0,0,0.14898989898989898,True,0.001,0.02
2,5,7,0.0,0.0,1,propagule,1955,0,0,0.15498721227621484,True,0.001,0.02
2,5,8,0.0,0.0,1,propagule,1938,0,0,0.14912280701754385,True,0.001,0.02
2,5,9,0.0,0.0,1,propagule,1922,0,0,0.15556711758584807,True,0.001,0.02
2,5,10,0.0,0.0,1,propagule,1913,0,0,0.15629900679560899,True,0.001,0.02
2,5,11,0.0,0.0,1,propagule,1892,0,0,0.15803382663847781,True,0.001,0.02
2,5,12,0.0,0.0,1,propagule,1873,0,0,0.1591030432461292,True,0.001,0.02
2,5,13,0.0,0.0,1,propagule,1856,0,0,0.16163793103448276,True,0.001,0.02
2,5,14,0.0,0.0,1,propagule,1843,0,0,0.16223548562126966,True,0.001,0.02
2,5,15,0.0,0.0,1,propagule,1829,0,0,0.16566429743028976,True,0.001,0.02
2,5,16,0.0,0.0,1,propagule,1813,0,0,0.1654715940430226,True,0.001,0.02
2,5,17,0.0,0.0,1,propagule,1801,0,0,0.1682398667406996,True,0.001,0.02
2,5,18,0.0,0.0,1,propagule,4183,0,0,0.07243605068132919,True,0.001,0.02
2,5,19,0.0,0.0,1,propagule,4061,0,0,0.07288845112041369,True,0.001,0.02
2,5,20,0.0,0.0,1,propagule,3999,0,0,0.07201800450112528,True,0.001,0.02
2,5,21,0.0,0.0,1,propagule,3871,0,0,0.07233273056057866,True,0.001,0.02
2,5,22,0.0,0.0,1,propagule,3796,0,0,0.07718651211801897,True,0.001,0.02
2,5,23,0.0,0.0,1,propagule,3623,0,0,0.07756003312172233,True,0.001,0.02
2,5,24,0.0,0.0,1,propagule,3595,0,0,0.07705146036161335,True,0.001,0.02
2,5,25,0.0,0.0,1,propagule,3498,0,0,0.07775871926815323,True,0.001,0.02
2,5,26,0.0,0.0,1,propagule,3479,0,0,0.07933314170738719,True,0.001,0.02
2,5,27,0.0,0.0,1,propagule,3357,0,0,0.07536490914507,True,0.001,0.02
2,5,28,0.0,0.0,1,propagule,3333,0,0,0.0819081908190819,True,0.001,0.02
2,5,29,0.0,0.0,1,propagule,3172,0,0,0.07849936948297603,True,0.001,0.02
2,5,30,0.0,0.0,1,propagule,3163,0,0,0.08188428706923806,True,0.001,0.02
2,5,31,0.0,0.0,1,propagule,3059,0,0,0.07976462896371363,True,0.001,0.02
2,5,32,0.0,0.0,1,propagule,3052,0,0,0.0828964613368283,True,0.001,0.02
2,5,33,0.0,0.0,1,propagule,2971,0,0,0.08111746886570179,True,0.001,0.02
2,5,34,0.0,0.0,1,propagule,2975,0,0,0.08369747899159664,True,0.001,0.02
2,5,35,0.0,0.0,1,propagule,2935,0,0,0.08551959114139693,True,0.001,0.02
2,5,36,0.0,0.0,1,propagule,2855,0,0,0.08756567425569177,True,0.001,0.02
2,5,37,0.0,0.0,1,propagule,2827,0,0,0.08807923593915812,True,0.001,0.02
2,5,38,0.0,0.0,1,propagule,2799,0,0,0.0918185066095034,True,0.001,0.02
2,5,39,0.0,0.0,1,propagule,2729,0,0,0.08904360571637962,True,0.001,0.02
2,5,40,0.0,0.0,1,propagule,2692,0,0,0.0924962852897474,True,0.001,0.02
2,5,41,0.0,0.0,1,propagule,2653,0,0,0.0919713531850735,True,0.001,0.02
2,5,42,0.0,0.0,1,propagule,2639,0,0,0.09359605911330049,True,0.001,0.02
2,5,43,0.0,0.0,1,propagule,3138,0,0,0.16730401529636713,True,0.001,0.02
2,5,44,0.0,0.0,1,propagule,2898,0,0,0.14665286404416839,True,0.001,0.02
2,5,45,0.0,0.0,1,propagule,2799,0,0,0.1411218292247231,True,0.001,0.02
2,5,46,0.0,0.0,1,propagule,2727,0,0,0.13861386138613863,True,0.001,0.02
2,5,47,0.0,0.0,1,propagule,2661,0,0,0.14092446448703494,True,0.001,0.02
2,5,48,0.0,0.0,1,propagule,2597,0,0,0.14208702348864075,True,0.001,0.02
2,5,49,0.0,0.0,1,propagule,2565,0,0,0.14658869395711502,True,0.001,0.02
2,5,50,0.0,0.0,1,propagule,2550,0,0,0.15176470588235294,True,0.001,0.02
2,5,51,0.0,0.0,1,propagule,2489,0,0,0.1506629168340699,True,0.001,0.02
2,5,52,0.0,0.0,1,propagule,2469,0,0,0.1543134872417983,True,0.001,0.02
2,6,1,0.0,0.0,1,propagule,2443,0,0,0.15472779369627507,True,0.001,0.02
2,6,2,0.0,0.0,1,propagule,2414,0,0,0.15700082850041425,True,0.001,0.02
2,6,3,0.0,0.0,1,propagule,2373,0,0,0.1571849978929625,True,0.001,0.02
2,6,4,0.0,0.0,1,propagule,2350,0,0,0.15829787234042553,True,0.001,0.02
2,6,5,0.0,0.0,1,propagule,2315,0,0,0.1611231101511879,True,0.001,0.02
2,6,6,0.0,0.0,1,propagule,2288,0,0,0.16258741258741258,True,0.001,0.02
2,6,7,0.0,0.0,1,propagule,2254,0,0,0.1619343389529725,True,0.001,0.02
2,6,8,0.0,0.0,1,propagule,2235,0,0,0.16196868008948545,True,0.001,0.02
2,6,9,0.0,0.0,1,propagule,2218,0,0,0.16321009918845808,True,0.001,0.02
2,6,10,0.0,0.0,1,propagule,2179,0,0,0.16154199173932995,True,0.001,0.02
2,6,11,0.0,0.0,1,propagule,2185,0,0,0.165675057208238,True,0.001,0.02
2,6,12,0.0,0.0,1,propagule,2151,0,0,0.16457461645746166,True,0.001,0.02
2,6,13,0.0,0.0,1,propagule,2137,0,0,0.16799251286850725,True,0.001,0.02
2,6,14,0.0,0.0,1,propagule,2109,0,0,0.1683262209577999,True,0.001,0.02
2,6,15,0.0,0.0,1,propagule,2098,0,0,0.1682554814108675,True,0.001,0.02
2,6,16,0.0,0.0,1,propagule,2067,0,0,0.1683599419448476,True,0.001,0.02
2,6,17,0.0,0.0,1,propagule,2071,0,0,0.1723804925156929,True,0.001,0.02
2,6,18,0.0,0.0,1,propagule,4768,0,0,0.0727768456375839,True,0.001,0.02
2,6,19,0.0,0.0,1,propagule,4732,0,0,0.07396449704142012,True,0.001,0.02
2,6,20,0.0,0.0,1,propagule,4656,0,0,0.0745274914089347,True,0.001,0.02
2,6,21,0.0,0.0,1,propagule,4603,0,0,0.07603736693460786,True,0.001,0.02
2,6,22,0.0,0.0,1,propagule,4488,0,0,0.0748663101604278,True,0.001,0.02
2,6,23,0.0,0.0,1,propagule,4452,0,0,0.07794249775381851,True,0.001,0.02
2,6,24,0.0,0.0,1,propagule,4335,0,0,0.07635524798154555,True,0.001,0.02
2,6,25,0.0,0.0,1,propagule,4297,0,0,0.07796136839655574,True,0.001,0.02
2,6,26,0.0,0.0,1,propagule,4233,0,0,0.07866761162296244,True,0.001,0.02
2,6,27,0.0,0.0,1,propagule,4142,0,0,0.07967165620473202,True,0.001,0.02
2,6,28,0.0,0.0,1,propagule,4058,0,0,0.08008871365204534,True,0.001,0.02
2,6,29,0.0,0.0,1,propagule,3981,0,0,0.08088419994976137,True,0.001,0.02
2,6,30,0.0,0.0,1,propagule,3918,0,0,0.08141909137314957,True,0.001,0.02
2,6,31,0.0,0.0,1,propagule,3855,0,0,0.08249027237354085,True,0.001,0.02
2,6,32,0.0,0.0,1,propagule,3784,0,0,0.0824524312896406,True,0.001,0.02
2,6,33,0.0,0.0,1,propagule,3741,0,0,0.08340016038492382,True,0.001,0.02
2,6,34,0.0,0.0,1,propagule,3629,0,0,0.08459630752273353,True,0.001,0.02
2,6,35,0.0,0.0,1,propagule,3582,0,0,0.08598548297040759,True,0.001,0.02
2,6,36,0.0,0.0,1,propagule,3451,0,0,0.0872210953346856,True,0.001,0.02
2,6,37,0.0,0.0,1,propagule,3393,0,0,0.08841732979664015,True,0.001,0.02
2,6,38,0.0,0.0,1,propagule,3352,0,0,0.08979713603818616,True,0.001,0.02
2,6,39,0.0,0.0,1,propagule,3303,0,0,0.09112927641537996,True,0.001,0.02
2,6,40,0.0,0.0,1,propagule,3248,0,0,0.09236453201970443,True,0.001,0.02
2,6,41,0.0,0.0,1,propagule,3210,0,0,0.09252336448598131,True,0.001,0.02
2,6,42,0.0,0.0,1,propagule,3166,0,0,0.09254579911560329,True,0.001,0.02
2,6,43,0.0,0.0,1,propagule,3723,0,0,0.16868117109857642,True,0.001,0.02
2,6,44,0.0,0.0,1,propagule,3426,0,0,0.14623467600700527,True,0.001,0.02
2,6,45,0.0,0.0,1,propagule,3263,0,0,0.14066809684339565,True,0.001,0.02
2,6,46,0.0,0.0,1,propagule,3160,0,0,0.14082278481012658,True,0.001,0.02
2,6,47,0.0,0.0,1,propagule,3077,0,0,0.1449463763405915,True,0.001,0.02
2,6,48,0.0,0.0,1,propagule,3002,0,0,0.1459027315123251,True,0.001,0.02
2,6,49,0.0,0.0,1,propagule,2949,0,0,0.14852492370295015,True,0.001,0.02
2,6,50,0.0,0.0,1,propagule,2910,0,0,0.1470790378006873,True,0.001,0.02
2,6,51,0.0,0.0,1,propagule,2854,0,0,0.14786264891380518,True,0.001,0.02
2,6,52,0.0,0.0,1,propagule,2820,0,0,0.15177304964539007,True,0.001,0.02
2,7,1,0.0,0.0,1,propagule,2805,0,0,0.15401069518716579,True,0.001,0.02
2,7,2,0.0,0.0,1,propagule,2767,0,0,0.15576436573906757,True,0.001,0.02
2,7,3,0.0,0.0,1,propagule,2739,0,0,0.1588170865279299,True,0.001,0.02
2,7,4,0.0,0.0,1,propagule,2687,0,0,0.1577967994045404,True,0.001,0.02
2,7,5,0.0,0.0,1,propagule,2670,0,0,0.16142322097378278,True,0.001,0.02
2,7,6,0.0,0.0,1,propagule,2649,0,0,0.16119290298225747,True,0.001,0.02
2,7,7,0.0,0.0,1,propagule,2633,0,0,0.16331181162172426,True,0.001,0.02
2,7,8,0.0,0.0,1,propagule,2604,0,0,0.16321044546851,True,0.001,0.02
2,7,9,0.0,0.0,1,propagule,2576,0,0,0.1653726708074534,True,0.001,0.02
2,7,10,0.0,0.0,1,propagule,2562,0,0,0.16744730679156908,True,0.001,0.02
2,7,11,0.0,0.0,1,propagule,2527,0,0,0.16501780767708746,True,0.001,0.02
2,7,12,0.0,0.0,1,propagule,2484,0,0,0.16626409017713364,True,0.001,0.02
2,7,13,0.0,0.0,1,propagule,2458,0,0,0.16395443449959315,True,0.001,0.02
2,7,14,0.0,0.0,1,propagule,2438,0,0,0.1652994257588187,True,0.001,0.02
2,7,15,0.0,0.0,1,propagule,2416,0,0,0.16514900662251655,True,0.001,0.02
2,7,16,0.0,0.0,1,propagule,2397,0,0,0.16896120150187735,True,0.001,0.02
2,7,17,0.0,0.0,1,propagule,2362,0,0,0.1676545300592718,True,0.001,0.02
2,7,18,0.0,0.0,1,propagule,5437,0,0,0.0728342836122862,True,0.001,0.02
2,7,19,0.0,0.0,1,propagule,5322,0,0,0.07290492296129275,True,0.001,0.02
2,7,20,0.0,0.0,1,propagule,5222,0,0,0.07391803906549214,True,0.001,0.02
2,7,21,0.0,0.0,1,propagule,5132,0,0,0.07540919719407638,True,0.001,0.02
2,7,22,0.0,0.0,1,propagule,4999,0,0,0.07641528305661133,True,0.001,0.02
2,7,23,0.0,0.0,1,propagule,4927,0,0,0.07732900345037548,True,0.001,0.02
2,7,24,0.0,0.0,1,propagule,4808,0,0,0.07799500831946755,True,0.001,0.02
2,7,25,0.0,0.0,1,propagule,4758,0,0,0.07986548970155527,True,0.001,0.02
2,7,26,0.0,0.0,1,propagule,4619,0,0,0.08010391859709894,True,0.001,0.02
2,7,27,0.0,0.0,1,propagule,4588,0,0,0.08086312118570183,True,0.001,0.02
2,7,28,0.0,0.0,1,propagule,4478,0,0,0.07994640464493077,True,0.001,0.02
2,7,29,0.0,0.0,1,propagule,4430,0,0,0.08081264108352144,True,0.001,0.02
2,7,30,0.0,0.0,1,propagule,4346,0,0,0.08260469397146801,True,0.001,0.02
2,7,31,0.0,0.0,1,propagule,4313,0,0,0.08462786923255275,True,0.001,0.02
2,7,32,0.0,0.0,1,propagule,4235,0,0,0.08382526564344746,True,0.001,0.02
2,7,33,0.0,0.0,1,propagule,4155,0,0,0.08543922984356198,True,0.001,0.02
2,7,34,0.0,0.0,1,propagule,4059,0,0,0.08622813500862281,True,0.001,0.02
2,7,35,0.0,0.0,1,propagule,4006,0,0,0.08811782326510234,True,0.001,0.02
2,7,36,0.0,0.0,1,propagule,3962,0,0,0.08909641595153962,True,0.001,0.02
2,7,37,0.0,0.0,1,propagule,3909,0,0,0.08851368636479919,True,0.001,0.02
2,7,38,0.0,0.0,1,propagule,3850,0,0,0.09012987012987013,True,0.001,0.02
2,7,39,0.0,0.0,1,propagule,3814,0,0,0.09124278972207656,True,0.001,0.02
2,7,40,0.0,0.0,1,propagule,3756,0,0,0.09211927582534611,True,0.001,0.02
2,7,41,0.0,0.0,1,propagule,3733,0,0,0.09161532279667828,True,0.001,0.02
2,7,42,0.0,0.0,1,propagule,3671,0,0,0.09370743666575865,True,0.001,0.02
2,7,43,0.0,0.0,1,propagule,4450,0,0,0.17235955056179775,True,0.001,0.02
2,7,44,0.0,0.0,1,propagule,4075,0,0,0.1536196319018405,True,0.001,0.02
2,7,45,0.0,0.0,1,propagule,3854,0,0,0.14997405293201868,True,0.001,0.02
2,7,46,0.0,0.0,1,propagule,3727,0,0,0.14998658438422324,True,0.001,0.02
2,7,47,0.0,0.0,1,propagule,3625,0,0,0.1522758620689655,True,0.001,0.02
2,7,48,0.0,0.0,1,propagule,3543,0,0,0.15269545582839403,True,0.001,0.02
2,7,49,0.0,0.0,1,propagule,3477,0,0,0.15329306873741733,True,0.001,0.02
2,7,50,0.0,0.0,1,propagule,3430,0,0,0.15393586005830903,True,0.001,0.02
2,7,51,0.0,0.0,1,propagule,3377,0,0,0.15960912052117263,True,0.001,0.02
2,7,52,0.0,0.0,1,propagule,3312,0,0,0.1570048309178744,True,0.001,0.02
2,8,1,0.0,0.0,1,propagule,3274,0,0,0.15974343310934636,True,0.001,0.02
2,8,2,0.0,0.0,1,propagule,3227,0,0,0.15866129532073134,True,0.001,0.02
2,8,3,0.0,0.0,1,propagule,3165,0,0,0.16050552922590838,True,0.001,0.02
2,8,4,0.0,0.0,1,propagule,3142,0,0,0.1588160407383832,True,0.001,0.02
2,8,5,0.0,0.0,1,propagule,3135,0,0,0.16140350877192983,True,0.001,0.02
2,8,6,0.0,0.0,1,propagule,3090,0,0,0.16148867313915857,True,0.001,0.02
2,8,7,0.0,0.0,1,propagule,3063,0,0,0.1622592229840026,True,0.001,0.02
2,8,8,0.0,0.0,1,propagule,3043,0,0,0.16365428853105488,True,0.001,0.02
2,8,9,0.0,0.0,1,propagule,3014,0,0,0.1645653616456536,True,0.001,0.02
2,8,10,0.0,0.0,1,propagule,2988,0,0,0.16532797858099063,True,0.001,0.02
2,8,11,0.0,0.0,1,propagule,2970,0,0,0.1653198653198653,True,0.001,0.02
2,8,12,0.0,0.0,1,propagule,2933,0,0,0.16433685646096147,True,0.001,0.02
2,8,13,0.0,0.0,1,propagule,2900,0,0,0.16586206896551725,True,0.001,0.02
2,8,14,0.0,0.0,1,propagule,2881,0,0,0.16695591808399862,True,0.001,0.02
2,8,15,0.0,0.0,1,propagule,2843,0,0,0.1674287724234963,True,0.001,0.02
2,8,16,0.0,0.0,1,propagule,2825,0,0,0.16849557522123892,True,0.001,0.02
2,8,17,0.0,0.0,1,propagule,2812,0,0,0.16998577524893316,True,0.001,0.02
2,8,18,0.0,0.0,1,propagule,6401,0,0,0.07405092954225902,True,0.001,0.02
2,8,19,0.0,0.0,1,propagule,6313,0,0,0.07460795184539838,True,0.001,0.02
2,8,20,0.0,0.0,1,propagule,6227,0,0,0.07644130399871527,True,0.001,0.02
2,8,21,0.0,0.0,1,propagule,6160,0,0,0.0762987012987013,True,0.001,0.02
2,8,22,0.0,0.0,1,propagule,6080,0,0,0.07697368421052632,True,0.001,0.02
2,8,23,0.0,0.0,1,propagule,6011,0,0,0.07835634669772085,True,0.001,0.02
2,8,24,0.0,0.0,1,propagule,5931,0,0,0.07924464677120216,True,0.001,0.02
2,8,25,0.0,0.0,1,propagule,5858,0,0,0.0800614544213042,True,0.001,0.02
2,8,26,0.0,0.0,1,propagule,5777,0,0,0.08066470486411632,True,0.001,0.02
2,8,27,0.0,0.0,1,propagule,5664,0,0,0.08121468926553672,True,0.001,0.02
2,8,28,0.0,0.0,1,propagule,5575,0,0,0.082152466367713,True,0.001,0.02
2,8,29,0.0,0.0,1,propagule,5476,0,0,0.08217677136596055,True,0.001,0.02
2,8,30,0.0,0.0,1,propagule,5374,0,0,0.08355042798660216,True,0.001,0.02
2,8,31,0.0,0.0,1,propagule,5287,0,0,0.084547002080575,True,0.001,0.02
2,8,32,0.0,0.0,1,propagule,5227,0,0,0.08590013392003061,True,0.001,0.02
2,8,33,0.0,0.0,1,propagule,5128,0,0,0.08775351014040561,True,0.001,0.02
2,8,34,0.0,0.0,1,propagule,5073,0,0,0.08850778631973191,True,0.001,0.02
2,8,35,0.0,0.0,1,propagule,5012,0,0,0.09038308060654429,True,0.001,0.02
2,8,36,0.0,0.0,1,propagule,4942,0,0,0.0906515580736544,True,0.001,0.02
2,8,37,0.0,0.0,1,propagule,4862,0,0,0.09214315096668038,True,0.001,0.02
2,8,38,0.0,0.0,1,propagule,4817,0,0,0.09279634627361429,True,0.001,0.02
2,8,39,0.0,0.0,1,propagule,4752,0,0,0.09427609427609428,True,0.001,0.02
2,8,40,0.0,0.0,1,propagule,4711,0,0,0.09530885162385905,True,0.001,0.02
2,8,41,0.0,0.0,1,propagule,4651,0,0,0.0954633412169426,True,0.001,0.02
2,8,42,0.0,0.0,1,propagule,4608,0,0,0.0959201388888889,True,0.001,0.02
2,8,43,0.0,0.0,1,propagule,5597,0,0,0.18134715025906736,True,0.001,0.02
2,8,44,0.0,0.0,1,propagule,5087,0,0,0.1592294082956556,True,0.001,0.02
2,8,45,0.0,0.0,1,propagule,4769,0,0,0.15244286013839378,True,0.001,0.02
2,8,46,0.0,0.0,1,propagule,4571,0,0,0.1492014876394662,True,0.001,0.02
2,8,47,0.0,0.0,1,propagule,4408,0,0,0.14950090744101632,True,0.001,0.02
2,8,48,0.0,0.0,1,propagule,4282,0,0,0.1501634750116768,True,0.001,0.02
2,8,49,0.0,0.0,1,propagule,4174,0,0,0.15428845232390992,True,0.001,0.02
2,8,50,0.0,0.0,1,propagule,4091,0,0,0.15937423612808604,True,0.001,0.02
2,8,51,0.0,0.0,1,propagule,4048,0,0,0.16205533596837945,True,0.001,0.02
2,8,52,0.0,0.0,1,propagule,3980,0,0,0.16105527638190956,True,0.001,0.02
2,9,1,0.0,0.0,1,propagule,3920,0,0,0.16173469387755102,True,0.001,0.02
2,9,2,0.0,0.0,1,propagule,3864,0,0,0.1638198757763975,True,0.001,0.02
2,9,3,0.0,0.0,1,propagule,3808,0,0,0.164390756302521,True,0.001,0.02
2,9,4,0.0,0.0,1,propagule,3775,0,0,0.16556291390728478,True,0.001,0.02
2,9,5,0.0,0.0,1,propagule,3702,0,0,0.1655861696380335,True,0.001,0.02
2,9,6,0.0,0.0,1,propagule,3648,0,0,0.16611842105263158,True,0.001,0.02
2,9,7,0.0,0.0,1,propagule,3624,0,0,0.16694260485651213,True,0.001,0.02
2,9,8,0.0,0.0,1,propagule,3582,0,0,0.16694584031267448,True,0.001,0.02
2,9,9,0.0,0.0,1,propagule,3558,0,0,0.16807195053400786,True,0.001,0.02
2,9,10,0.0,0.0,1,propagule,3518,0,0,0.16969869243888572,True,0.001,0.02
2,9,11,0.0,0.0,1,propagule,3504,0,0,0.17009132420091325,True,0.001,0.02
2,9,12,0.0,0.0,1,propagule,3464,0,0,0.17090069284064666,True,0.001,0.02
2,9,13,0.0,0.0,1,propagule,3449,0,0,0.17367352855900262,True,0.001,0.02
2,9,14,0.0,0.0,1,propagule,3403,0,0,0.17367029091977668,True,0.001,0.02
2,9,15,0.0,0.0,1,propagule,3386,0,0,0.17631423508564678,True,0.001,0.02
2,9,16,0.0,0.0,1,propagule,3342,0,0,0.1765409934171155,True,0.001,0.02
2,9,17,0.0,0.0,1,propagule,3327,0,0,0.17733694018635407,True,0.001,0.02
2,9,18,0.0,0.0,1,propagule,7044,0,0,0.06899488926746167,True,0.001,0.02
2,9,19,0.0,0.0,1,propagule,6946,0,0,0.06982435934350706,True,0.001,0.02
2,9,20,0.0,0.0,1,propagule,6823,0,0,0.0706434119888612,True,0.001,0.02
2,9,21,0.0,0.0,1,propagule,6732,0,0,0.07204396910279263,True,0.001,0.02
2,9,22,0.0,0.0,1,propagule,6607,0,0,0.07265021946420464,True,0.001,0.02
2,9,23,0.0,0.0,1,propagule,6526,0,0,0.07339871284094392,True,0.001,0.02
2,9,24,0.0,0.0,1,propagule,6452,0,0,0.07470551766893986,True,0.001,0.02
2,9,25,0.0,0.0,1,propagule,6336,0,0,0.07481060606060606,True,0.001,0.02
2,9,26,0.0,0.0,1,propagule,6248,0,0,0.07602432778489117,True,0.001,0.02
2,9,27,0.0,0.0,1,propagule,6164,0,0,0.07657365347177157,True,0.001,0.02
2,9,28,0.0,0.0,1,propagule,6088,0,0,0.07752956636005257,True,0.001,0.02
2,9,29,0.0,0.0,1,propagule,5992,0,0,0.0787716955941255,True,0.001,0.02
2,9,30,0.0,0.0,1,propagule,5905,0,0,0.07993226079593564,True,0.001,0.02
2,9,31,0.0,0.0,1,propagule,5793,0,0,0.08165026756430174,True,0.001,0.02
2,9,32,0.0,0.0,1,propagule,5734,0,0,0.08249040809208232,True,0.001,0.02
2,9,33,0.0,0.0,1,propagule,5655,0,0,0.08381962864721486,True,0.001,0.02
2,9,34,0.0,0.0,1,propagule,5610,0,0,0.08377896613190731,True,0.001,0.02
2,9,35,0.0,0.0,1,propagule,5511,0,0,0.08510252222827074,True,0.001,0.02
2,9,36,0.0,0.0,1,propagule,5483,0,0,0.08590187853364946,True,0.001,0.02
2,9,37,0.0,0.0,1,propagule,5384,0,0,0.08636701337295691,True,0.001,0.02
2,9,38,0.0,0.0,1,propagule,5339,0,0,0.0870949616032965,True,0.001,0.02
2,9,39,0.0,0.0,1,propagule,5265,0,0,0.0879392212725546,True,0.001,0.02
2,9,40,0.0,0.0,1,propagule,5227,0,0,0.08896116319112302,True,0.001,0.02
2,9,41,0.0,0.0,1,propagule,5167,0,0,0.08922005031933423,True,0.001,0.02
2,9,42,0.0,0.0,1,propagule,5108,0,0,0.0898590446358653,True,0.001,0.02
2,9,43,0.0,0.0,1,propagule,6540,0,0,0.19281345565749236,True,0.001,0.02
2,9,44,0.0,0.0,1,propagule,5866,0,0,0.1680872826457552,True,0.001,0.02
2,9,45,0.0,0.0,1,propagule,5405,0,0,0.15633672525439407,True,0.001,0.02
2,9,46,0.0,0.0,1,propagule,5128,0,0,0.15074102964118566,True,0.001,0.02
2,9,47,0.0,0.0,1,propagule,4929,0,0,0.14769730168391154,True,0.001,0.02
2,9,48,0.0,0.0,1,propagule,4772,0,0,0.1471081307627829,True,0.001,0.02
2,9,49,0.0,0.0,1,propagule,4644,0,0,0.1483634797588286,True,0.001,0.02
2,9,50,0.0,0.0,1,propagule,4556,0,0,0.15035118525021948,True,0.001,0.02
2,9,51,0.0,0.0,1,propagule,4501,0,0,0.15174405687624973,True,0.001,0.02
2,9,52,0.0,0.0,1,propagule,4443,0,0,0.1521494485707855,True,0.001,0.02
2,10,1,0.0,0.0,1,propagule,4388,0,0,0.15314494074749316,True,0.001,0.02
2,10,2,0.0,0.0,1,propagule,4346,0,0,0.15278416935112749,True,0.001,0.02
2,10,3,0.0,0.0,1,propagule,4278,0,0,0.15404394576905095,True,0.001,0.02
2,10,4,0.0,0.0,1,propagule,4236,0,0,0.153918791312559,True,0.001,0.02
2,10,5,0.0,0.0,1,propagule,4196,0,0,0.15395614871306007,True,0.001,0.02
2,10,6,0.0,0.0,1,propagule,4148,0,0,0.15429122468659595,True,0.001,0.02
2,10,7,0.0,0.0,1,propagule,4122,0,0,0.15453663270257156,True,0.001,0.02
2,10,8,0.0,0.0,1,propagule,4087,0,0,0.15512600929777343,True,0.001,0.02
2,10,9,0.0,0.0,1,propagule,4067,0,0,0.15539709859847553,True,0.001,0.02
2,10,10,0.0,0.0,1,propagule,4026,0,0,0.15499254843517138,True,0.001,0.02
2,10,11,0.0,0.0,1,propagule,3999,0,0,0.15628907226806701,True,0.001,0.02
2,10,12,0.0,0.0,1,propagule,3949,0,0,0.15750822993162827,True,0.001,0.02
2,10,13,0.0,0.0,1,propagule,3933,0,0,0.1581489956775998,True,0.001,0.02
2,10,14,0.0,0.0,1,propagule,3894,0,0,0.15896250642013354,True,0.001,0.02
2,10,15,0.0,0.0,1,propagule,3866,0,0,0.161148473874806,True,0.001,0.02
2,10,16,0.0,0.0,1,propagule,3813,0,0,0.15919223708366115,True,0.001,0.02
2,10,17,0.0,0.0,1,propagule,3783,0,0,0.16071900607983083,True,0.001,0.02
2,10,18,0.0,0.0,1,propagule,8245,0,0,0.06634323832625834,True,0.001,0.02
2,10,19,0.0,0.0,1,propagule,8125,0,0,0.0667076923076923,True,0.001,0.02
2,10,20,0.0,0.0,1,propagule,8010,0,0,0.06766541822721597,True,0.001,0.02
2,10,21,0.0,0.0,1,propagule,7905,0,0,0.06793168880455408,True,0.001,0.02
2,10,22,0.0,0.0,1,propagule,7779,0,0,0.06890345802802417,True,0.001,0.02
2,10,23,0.0,0.0,1,propagule,7656,0,0,0.06987983281086729,True,0.001,0.02
2,10,24,0.0,0.0,1,propagule,7569,0,0,0.07081516712907913,True,0.001,0.02
2,10,25,0.0,0.0,1,propagule,7464,0,0,0.07181136120042872,True,0.001,0.02
2,10,26,0.0,0.0,1,propagule,7330,0,0,0.07257844474761255,True,0.001,0.02
2,10,27,0.0,0.0,1,propagule,7243,0,0,0.07303603479221317,True,0.001,0.02
2,10,28,0.0,0.0,1,propagule,7136,0,0,0.07413116591928251,True,0.001,0.02
2,10,29,0.0,0.0,1,propagule,7045,0,0,0.07508871540099361,True,0.001,0.02
2,10,30,0.0,0.0,1,propagule,6955,0,0,0.07577282530553558,True,0.001,0.02
2,10,31,0.0,0.0,1,propagule,6831,0,0,0.07612355438442395,True,0.001,0.02
2,10,32,0.0,0.0,1,propagule,6717,0,0,0.07786214083668304,True,0.001,0.02
2,10,33,0.0,0.0,1,propagule,6665,0,0,0.0781695423855964,True,0.001,0.02
2,10,34,0.0,0.0,1,propagule,6535,0,0,0.08048967100229533,True,0.001,0.02
2,10,35,0.0,0.0,1,propagule,6453,0,0,0.0825972415930575,True,0.001,0.02
2,10,36,0.0,0.0,1,propagule,6334,0,0,0.08683296495105779,True,0.001,0.02
2,10,37,0.0,0.0,1,propagule,6293,0,0,0.08851104401716192,True,0.001,0.02
2,10,38,0.0,0.0,1,propagule,6202,0,0,0.08932602386326992,True,0.001,0.02
2,10,39,0.0,0.0,1,propagule,6121,0,0,0.09083483090998203,True,0.001,0.02
2,10,40,0.0,0.0,1,propagule,6026,0,0,0.08894789246598075,True,0.001,0.02
2,10,41,0.0,0.0,1,propagule,5952,0,0,0.08770161290322581,True,0.001,0.02
2,10,42,0.0,0.0,1,propagule,5879,0,0,0.0894709984691274,True,0.001,0.02
2,10,43,0.0,0.0,1,propagule,7776,0,0,0.18621399176954734,True,0.001,0.02
2,10,44,0.0,0.0,1,propagule,6813,0,0,0.15837369734331425,True,0.001,0.02
2,10,45,0.0,0.0,1,propagule,6195,0,0,0.14334140435835352,True,0.001,0.02
2,10,46,0.0,0.0,1,propagule,5833,0,0,0.1374935710612035,True,0.001,0.02
2,10,47,0.0,0.0,1,propagule,5572,0,0,0.13657573582196697,True,0.001,0.02
2,10,48,0.0,0.0,1,propagule,5391,0,0,0.1365238360230013,True,0.001,0.02
2,10,49,0.0,0.0,1,propagule,5216,0,0,0.13669478527607362,True,0.001,0.02
2,10,50,0.0,0.0,1,propagule,5105,0,0,0.13790401567091087,True,0.001,0.02
2,10,51,0.0,0.0,1,propagule,5033,0,0,0.1382873037949533,True,0.001,0.02
2,10,52,0.0,0.0,1,propagule,4966,0,0,0.14176399516713653,True,0.001,0.02
2,1,1,0.0,0.0,1,propagule,959,0,0,0.0,True,0.001,0.025
2,1,2,0.0,0.0,1,propagule,965,0,0,0.0,True,0.001,0.025
2,1,3,0.0,0.0,1,propagule,953,0,0,0.0,True,0.001,0.025
2,1,4,0.0,0.0,1,propagule,960,0,0,0.0,True,0.001,0.025
2,1,5,0.0,0.0,1,propagule,946,0,0,0.0,True,0.001,0.025
2,1,6,0.0,0.0,1,propagule,955,0,0,0.0020942408376963353,True,0.001,0.025
2,1,7,0.0,0.0,1,propagule,933,0,0,0.0021436227224008574,True,0.001,0.025
2,1,8,0.0,0.0,1,propagule,950,0,0,0.002105263157894737,True,0.001,0.025
2,1,9,0.0,0.0,1,propagule,925,0,0,0.002162162162162162,True,0.001,0.025
2,1,10,0.0,0.0,1,propagule,934,0,0,0.0021413276231263384,True,0.001,0.025
2,1,11,0.0,0.0,1,propagule,911,0,0,0.0021953896816684962,True,0.001,0.025
2,1,12,0.0,0.0,1,propagule,915,0,0,0.002185792349726776,True,0.001,0.025
2,1,13,0.0,0.0,1,propagule,897,0,0,0.002229654403567447,True,0.001,0.025
2,1,14,0.0,0.0,1,propagule,901,0,0,0.0022197558268590455,True,0.001,0.025
2,1,15,0.0,0.0,1,propagule,887,0,0,0.002254791431792559,True,0.001,0.025
2,1,16,0.0,0.0,1,propagule,889,0,0,0.0022497187851518562,True,0.001,0.025
2,1,17,0.0,0.0,1,propagule,869,0,0,0.0023014959723820483,True,0.001,0.025
2,1,18,0.0,0.0,1,propagule,2579,0,0,0.0007754943776657619,True,0.001,0.025
2,1,19,0.0,0.0,1,propagule,2495,0,0,0.0008016032064128256,True,0.001,0.025
2,1,20,0.0,0.0,1,propagule,2420,0,0,0.0008264462809917355,True,0.001,0.025
2,1,21,0.0,0.0,1,propagule,2360,0,0,0.000847457627118644,True,0.001,0.025
2,1,22,0.0,0.0,1,propagule,2297,0,0,0.0008707009142359599,True,0.001,0.025
2,1,23,0.0,0.0,1,propagule,2217,0,0,0.0009021199819576004,True,0.001,0.025
2,1,24,0.0,0.0,1,propagule,2193,0,0,0.0009119927040583675,True,0.001,0.025
2,1,25,0.0,0.0,1,propagule,2142,0,0,0.0009337068160597573,True,0.001,0.025
2,1,26,0.0,0.0,1,propagule,2136,0,0,0.0014044943820224719,True,0.001,0.025
2,1,27,0.0,0.0,1,propagule,2059,0,0,0.0024283632831471587,True,0.001,0.025
2,1,28,0.0,0.0,1,propagule,2068,0,0,0.005319148936170213,True,0.001,0.025
2,1,29,0.0,0.0,1,propagule,1996,0,0,0.006513026052104208,True,0.001,0.025
2,1,30,0.0,0.0,1,propagule,1990,0,0,0.006532663316582915,True,0.001,0.025
2,1,31,0.0,0.0,1,propagule,1956,0,0,0.0066462167689161555,True,0.001,0.025
2,1,32,0.0,0.0,1,propagule,1936,0,0,0.006714876033057851,True,0.001,0.025
2,1,33,0.0,0.0,1,propagule,1885,0,0,0.006896551724137931,True,0.001,0.025
2,1,34,0.0,0.0,1,propagule,1858,0,0,0.006996770721205597,True,0.001,0.025
2,1,35,0.0,0.0,1,propagule,1787,0,0,0.007274762171236709,True,0.001,0.025
2,1,36,0.0,0.0,1,propagule,1789,0,0,0.007825600894354388,True,0.001,0.025
2,1,37,0.0,0.0,1,propagule,1729,0,0,0.006940427993059572,True,0.001,0.025
2,1,38,0.0,0.0,1,propagule,1726,0,0,0.006373117033603708,True,0.001,0.025
2,1,39,0.0,0.0,1,propagule,1676,0,0,0.007159904534606206,True,0.001,0.025
2,1,40,0.0,0.0,1,propagule,1665,0,0,0.01021021021021021,True,0.001,0.025
2,1,41,0.0,0.0,1,propagule,1613,0,0,0.010539367637941723,True,0.001,0.025
2,1,42,0.0,0.0,1,propagule,1602,0,0,0.009987515605493134,True,0.001,0.025
2,1,43,0.0,0.0,1,propagule,1569,0,0,0.014659018483110261,True,0.001,0.025
2,1,44,0.0,0.0,1,propagule,1557,0,0,0.01605651894669236,True,0.001,0.025
2,1,45,0.0,0.0,1,propagule,1543,0,0,0.016850291639662993,True,0.001,0.025
2,1,46,0.0,0.0,1,propagule,1524,0,0,0.017716535433070866,True,0.001,0.025
2,1,47,0.0,0.0,1,propagule,1509,0,0,0.017892644135188866,True,0.001,0.025
2,1,48,0.0,0.0,1,propagule,1508,0,0,0.023872679045092837,True,0.001,0.025
2,1,49,0.0,0.0,1,propagule,1493,0,0,0.02277294038847957,True,0.001,0.025
2,1,50,0.0,0.0,1,propagule,1475,0,0,0.025084745762711864,True,0.001,0.025
2,1,51,0.0,0.0,1,propagule,1466,0,0,0.0252387448840382,True,0.001,0.025
2,1,52,0.0,0.0,1,propagule,1434,0,0,0.02789400278940028,True,0.001,0.025
2,2,1,0.0,0.0,1,propagule,1417,0,0,0.02611150317572336,True,0.001,0.025
2,2,2,0.0,0.0,1,propagule,1415,0,0,0.03180212014134275,True,0.001,0.025
2,2,3,0.0,0.0,1,propagule,1398,0,0,0.02861230329041488,True,0.001,0.025
2,2,4,0.0,0.0,1,propagule,1385,0,0,0.03176895306859206,True,0.001,0.025
2,2,5,0.0,0.0,1,propagule,1357,0,0,0.02800294767870302,True,0.001,0.025
2,2,6,0.0,0.0,1,propagule,1371,0,0,0.029905178701677606,True,0.001,0.025
2,2,7,0.0,0.0,1,propagule,1348,0,0,0.02967359050445104,True,0.001,0.025
2,2,8,0.0,0.0,1,propagule,1339,0,0,0.03136669156086632,True,0.001,0.025
2,2,9,0.0,0.0,1,propagule,1310,0,0,0.030534351145038167,True,0.001,0.025
2,2,10,0.0,0.0,1,propagule,1298,0,0,0.030816640986132512,True,0.001,0.025
2,2,11,0.0,0.0,1,propagule,1289,0,0,0.03180760279286268,True,0.001,0.025
2,2,12,0.0,0.0,1,propagule,1280,0,0,0.03359375,True,0.001,0.025
2,2,13,0.0,0.0,1,propagule,1262,0,0,0.03248811410459588,True,0.001,0.025
2,2,14,0.0,0.0,1,propagule,1251,0,0,0.032773780975219824,True,0.001,0.025
2,2,15,0.0,0.0,1,propagule,1242,0,0,0.0322061191626409,True,0.001,0.025
2,2,16,0.0,0.0,1,propagule,1231,0,0,0.034930950446791224,True,0.001,0.025
2,2,17,0.0,0.0,1,propagule,1203,0,0,0.030756442227763924,True,0.001,0.025
2,2,18,0.0,0.0,1,propagule,2328,0,0,0.015893470790378006,True,0.001,0.025
2,2,19,0.0,0.0,1,propagule,2311,0,0,0.01947209000432713,True,0.001,0.025
2,2,20,0.0,0.0,1,propagule,2243,0,0,0.016049933125278644,True,0.001,0.025
2,2,21,0.0,0.0,1,propagule,2224,0,0,0.0170863309352518,True,0.001,0.025
2,2,22,0.0,0.0,1,propagule,2128,0,0,0.018796992481203006,True,0.001,0.025
2,2,23,0.0,0.0,1,propagule,2098,0,0,0.020495710200190656,True,0.001,0.025
2,2,24,0.0,0.0,1,propagule,2028,0,0,0.01972386587771203,True,0.001,0.025
2,2,25,0.0,0.0,1,propagule,2015,0,0,0.020347394540942927,True,0.001,0.025
2,2,26,0.0,0.0,1,propagule,1960,0,0,0.01989795918367347,True,0.001,0.025
2,2,27,0.0,0.0,1,propagule,1948,0,0,0.018993839835728953,True,0.001,0.025
2,2,28,0.0,0.0,1,propagule,1912,0,0,0.023535564853556484,True,0.001,0.025
2,2,29,0.0,0.0,1,propagule,1863,0,0,0.01878690284487386,True,0.001,0.025
2,2,30,0.0,0.0,1,propagule,1819,0,0,0.02199010445299615,True,0.001,0.025
2,2,31,0.0,0.0,1,propagule,1814,0,0,0.022050716648291068,True,0.001,0.025
2,2,32,0.0,0.0,1,propagule,1748,0,0,0.02402745995423341,True,0.001,0.025
2,2,33,0.0,0.0,1,propagule,1743,0,0,0.022375215146299483,True,0.001,0.025
2,2,34,0.0,0.0,1,propagule,1691,0,0,0.02365464222353637,True,0.001,0.025
2,2,35,0.0,0.0,1,propagule,1687,0,0,0.025489033787788974,True,0.001,0.025
2,2,36,0.0,0.0,1,propagule,1646,0,0,0.03219927095990279,True,0.001,0.025
2,2,37,0.0,0.0,1,propagule,1642,0,0,0.03288672350791717,True,0.001,0.025
2,2,38,0.0,0.0,1,propagule,1623,0,0,0.038817005545286505,True,0.001,0.025
2,2,39,0.0,0.0,1,propagule,1602,0,0,0.03745318352059925,True,0.001,0.025
2,2,40,0.0,0.0,1,propagule,1573,0,0,0.03941513032422123,True,0.001,0.025
2,2,41,0.0,0.0,1,propagule,1566,0,0,0.037675606641123884,True,0.001,0.025
2,2,42,0.0,0.0,1,propagule,1542,0,0,0.03955901426718547,True,0.001,0.025
2,2,43,0.0,0.0,1,propagule,1630,0,0,0.0736196319018405,True,0.001,0.025
2,2,44,0.0,0.0,1,propagule,1593,0,0,0.06716886377903326,True,0.001,0.025
2,2,45,0.0,0.0,1,propagule,1572,0,0,0.07506361323155217,True,0.001,0.025
2,2,46,0.0,0.0,1,propagule,1573,0,0,0.0775588048315321,True,0.001,0.025
2,2,47,0.0,0.0,1,propagule,1567,0,0,0.08423739629865985,True,0.001,0.025
2,2,48,0.0,0.0,1,propagule,1562,0,0,0.08642765685019206,True,0.001,0.025
2,2,49,0.0,0.0,1,propagule,1555,0,0,0.09453376205787781,True,0.001,0.025
2,2,50,0.0,0.0,1,propagule,1557,0,0,0.1014771997430957,True,0.001,0.025
2,2,51,0.0,0.0,1,propagule,1529,0,0,0.10202746893394375,True,0.001,0.025
2,2,52,0.0,0.0,1,propagule,1531,0,0,0.10842586544741999,True,0.001,0.025
2,3,1,0.0,0.0,1,propagule,1515,0,0,0.11287128712871287,True,0.001,0.025
2,3,2,0.0,0.0,1,propagule,1521,0,0,0.11374095989480605,True,0.001,0.025
2,3,3,0.0,0.0,1,propagule,1492,0,0,0.1146112600536193,True,0.001,0.025
2,3,4,0.0,0.0,1,propagule,1482,0,0,0.11605937921727395,True,0.001,0.025
2,3,5,0.0,0.0,1,propagule,1464,0,0,0.1168032786885246,True,0.001,0.025
2,3,6,0.0,0.0,1,propagule,1439,0,0,0.11674774148714386,True,0.001,0.025
2,3,7,0.0,0.0,1,propagule,1413,0,0,0.12101910828025478,True,0.001,0.025
2,3,8,0.0,0.0,1,propagule,1408,0,0,0.12144886363636363,True,0.001,0.025
2,3,9,0.0,0.0,1,propagule,1390,0,0,0.1223021582733813,True,0.001,0.025
2,3,10,0.0,0.0,1,propagule,1391,0,0,0.1250898634076204,True,0.001,0.025
2,3,11,0.0,0.0,1,propagule,1367,0,0,0.12435991221653256,True,0.001,0.025
2,3,12,0.0,0.0,1,propagule,1369,0,0,0.12636961285609935,True,0.001,0.025
2,3,13,0.0,0.0,1,propagule,1356,0,0,0.12979351032448377,True,0.001,0.025
2,3,14,0.0,0.0,1,propagule,1348,0,0,0.1298219584569733,True,0.001,0.025
2,3,15,0.0,0.0,1,propagule,1332,0,0,0.12687687687687688,True,0.001,0.025
2,3,16,0.0,0.0,1,propagule,1334,0,0,0.13193403298350825,True,0.001,0.025
2,3,17,0.0,0.0,1,propagule,1314,0,0,0.1339421613394216,True,0.001,0.025
2,3,18,0.0,0.0,1,propagule,3264,0,0,0.05238970588235294,True,0.001,0.025
2,3,19,0.0,0.0,1,propagule,3198,0,0,0.05472170106316448,True,0.001,0.025
2,3,20,0.0,0.0,1,propagule,3143,0,0,0.05536111994909322,True,0.001,0.025
2,3,21,0.0,0.0,1,propagule,3031,0,0,0.056417024084460574,True,0.001,0.025
2,3,22,0.0,0.0,1,propagule,2927,0,0,0.05466347796378545,True,0.001,0.025
2,3,23,0.0,0.0,1,propagule,2833,0,0,0.057183198023296855,True,0.001,0.025
2,3,24,0.0,0.0,1,propagule,2766,0,0,0.05639913232104121,True,0.001,0.025
2,3,25,0.0,0.0,1,propagule,2742,0,0,0.0587162654996353,True,0.001,0.025
2,3,26,0.0,0.0,1,propagule,2639,0,0,0.057976506252368325,True,0.001,0.025
2,3,27,0.0,0.0,1,propagule,2634,0,0,0.061883067577828396,True,0.001,0.025
2,3,28,0.0,0.0,1,propagule,2555,0,0,0.06105675146771037,True,0.001,0.025
2,3,29,0.0,0.0,1,propagule,2567,0,0,0.0654460459680561,True,0.001,0.025
2,3,30,0.0,0.0,1,propagule,2498,0,0,0.06365092073658928,True,0.001,0.025
2,3,31,0.0,0.0,1,propagule,2469,0,0,0.06642365330093156,True,0.001,0.025
2,3,32,0.0,0.0,1,propagule,2403,0,0,0.0657511444028298,True,0.001,0.025
2,3,33,0.0,0.0,1,propagule,2383,0,0,0.06672261854804867,True,0.001,0.025
2,3,34,0.0,0.0,1,propagule,2342,0,0,0.06660973526900085,True,0.001,0.025
2,3,35,0.0,0.0,1,propagule,2349,0,0,0.06939123031077055,True,0.001,0.025
2,3,36,0.0,0.0,1,propagule,2282,0,0,0.07230499561787905,True,0.001,0.025
2,3,37,0.0,0.0,1,propagule,2245,0,0,0.07527839643652562,True,0.001,0.025
2,3,38,0.0,0.0,1,propagule,2201,0,0,0.07860063607451158,True,0.001,0.025
2,3,39,0.0,0.0,1,propagule,2178,0,0,0.07943067033976126,True,0.001,0.025
2,3,40,0.0,0.0,1,propagule,2119,0,0,0.07881075979235488,True,0.001,0.025
2,3,41,0.0,0.0,1,propagule,2093,0,0,0.08074534161490683,True,0.001,0.025
2,3,42,0.0,0.0,1,propagule,2079,0,0,0.08465608465608465,True,0.001,0.025
2,3,43,0.0,0.0,1,propagule,2079,0,0,0.11351611351611351,True,0.001,0.025
2,3,44,0.0,0.0,1,propagule,1972,0,0,0.10598377281947262,True,0.001,0.025
2,3,45,0.0,0.0,1,propagule,1923,0,0,0.10140405616224649,True,0.001,0.025
2,3,46,0.0,0.0,1,propagule,1914,0,0,0.10658307210031348,True,0.001,0.025
2,3,47,0.0,0.0,1,propagule,1939,0,0,0.12171222279525529,True,0.001,0.025
2,3,48,0.0,0.0,1,propagule,1936,0,0,0.12603305785123967,True,0.001,0.025
2,3,49,0.0,0.0,1,propagule,1964,0,0,0.134928716904277,True,0.001,0.025
2,3,50,0.0,0.0,1,propagule,1940,0,0,0.13195876288659794,True,0.001,0.025
2,3,51,0.0,0.0,1,propagule,1941,0,0,0.1391035548686244,True,0.001,0.025
2,3,52,0.0,0.0,1,propagule,1916,0,0,0.1393528183716075,True,0.001,0.025
2,4,1,0.0,0.0,1,propagule,1905,0,0,0.14330708661417324,True,0.001,0.025
2,4,2,0.0,0.0,1,propagule,1876,0,0,0.14125799573560768,True,0.001,0.025
2,4,3,0.0,0.0,1,propagule,1871,0,0,0.1459112773917691,True,0.001,0.025
2,4,4,0.0,0.0,1,propagule,1829,0,0,0.14543466375068342,True,0.001,0.025
2,4,5,0.0,0.0,1,propagule,1820,0,0,0.14945054945054945,True,0.001,0.025
2,4,6,0.0,0.0,1,propagule,1784,0,0,0.14798206278026907,True,0.001,0.025
2,4,7,0.0,0.0,1,propagule,1765,0,0,0.1501416430594901,True,0.001,0.025
2,4,8,0.0,0.0,1,propagule,1743,0,0,0.15031554790590934,True,0.001,0.025
2,4,9,0.0,0.0,1,propagule,1733,0,0,0.1529140219272937,True,0.001,0.025
2,4,10,0.0,0.0,1,propagule,1709,0,0,0.15330602691632533,True,0.001,0.025
2,4,11,0.0,0.0,1,propagule,1700,0,0,0.15588235294117647,True,0.001,0.025
2,4,12,0.0,0.0,1,propagule,1677,0,0,0.15444245676803817,True,0.001,0.025
2,4,13,0.0,0.0,1,propagule,1666,0,0,0.15606242496998798,True,0.001,0.025
2,4,14,0.0,0.0,1,propagule,1629,0,0,0.15469613259668508,True,0.001,0.025
2,4,15,0.0,0.0,1,propagule,1626,0,0,0.15559655596555966,True,0.001,0.025
2,4,16,0.0,0.0,1,propagule,1612,0,0,0.15508684863523572,True,0.001,0.025
2,4,17,0.0,0.0,1,propagule,1595,0,0,0.15862068965517243,True,0.001,0.025
2,4,18,0.0,0.0,1,propagule,3517,0,0,0.07136764287745237,True,0.001,0.025
2,4,19,0.0,0.0,1,propagule,3475,0,0,0.07338129496402877,True,0.001,0.025
2,4,20,0.0,0.0,1,propagule,3328,0,0,0.07361778846153846,True,0.001,0.025
2,4,21,0.0,0.0,1,propagule,3256,0,0,0.07463144963144963,True,0.001,0.025
2,4,22,0.0,0.0,1,propagule,3164,0,0,0.07648546144121365,True,0.001,0.025
2,4,23,0.0,0.0,1,propagule,3144,0,0,0.07888040712468193,True,0.001,0.025
2,4,24,0.0,0.0,1,propagule,3018,0,0,0.0775347912524851,True,0.001,0.025
2,4,25,0.0,0.0,1,propagule,2974,0,0,0.0796906523201076,True,0.001,0.025
2,4,26,0.0,0.0,1,propagule,2884,0,0,0.08009708737864078,True,0.001,0.025
2,4,27,0.0,0.0,1,propagule,2844,0,0,0.08157524613220815,True,0.001,0.025
2,4,28,0.0,0.0,1,propagule,2741,0,0,0.0809923385625684,True,0.001,0.025
2,4,29,0.0,0.0,1,propagule,2728,0,0,0.08431085043988269,True,0.001,0.025
2,4,30,0.0,0.0,1,propagule,2655,0,0,0.0847457627118644,True,0.001,0.025
2,4,31,0.0,0.0,1,propagule,2643,0,0,0.08891411275066213,True,0.001,0.025
2,4,32,0.0,0.0,1,propagule,2596,0,0,0.08975346687211094,True,0.001,0.025
2,4,33,0.0,0.0,1,propagule,2616,0,0,0.09365443425076453,True,0.001,0.025
2,4,34,0.0,0.0,1,propagule,2559,0,0,0.09026963657678781,True,0.001,0.025
2,4,35,0.0,0.0,1,propagule,2541,0,0,0.09327036599763873,True,0.001,0.025
2,4,36,0.0,0.0,1,propagule,2480,0,0,0.09233870967741936,True,0.001,0.025
2,4,37,0.0,0.0,1,propagule,2445,0,0,0.09775051124744376,True,0.001,0.025
2,4,38,0.0,0.0,1,propagule,2372,0,0,0.09780775716694773,True,0.001,0.025
2,4,39,0.0,0.0,1,propagule,2341,0,0,0.09824861170439983,True,0.001,0.025
2,4,40,0.0,0.0,1,propagule,2285,0,0,0.09715536105032822,True,0.001,0.025
2,4,41,0.0,0.0,1,propagule,2270,0,0,0.09911894273127753,True,0.001,0.025
2,4,42,0.0,0.0,1,propagule,2232,0,0,0.09811827956989247,True,0.001,0.025
2,4,43,0.0,0.0,1,propagule,2266,0,0,0.13724624889673434,True,0.001,0.025
2,4,44,0.0,0.0,1,propagule,2160,0,0,0.12129629629629629,True,0.001,0.025
2,4,45,0.0,0.0,1,propagule,2128,0,0,0.12265037593984962,True,0.001,0.025
2,4,46,0.0,0.0,1,propagule,2129,0,0,0.12635039924847347,True,0.001,0.025
2,4,47,0.0,0.0,1,propagule,2126,0,0,0.13264346190028223,True,0.001,0.025
2,4,48,0.0,0.0,1,propagule,2153,0,0,0.14444960520204367,True,0.001,0.025
2,4,49,0.0,0.0,1,propagule,2171,0,0,0.15016121602947952,True,0.001,0.025
2,4,50,0.0,0.0,1,propagule,2157,0,0,0.15299026425591097,True,0.001,0.025
2,4,51,0.0,0.0,1,propagule,2134,0,0,0.15932521087160262,True,0.001,0.025
2,4,52,0.0,0.0,1,propagule,2138,0,0,0.16230121608980355,True,0.001,0.025
2,5,1,0.0,0.0,1,propagule,2119,0,0,0.16375648890986313,True,0.001,0.025
2,5,2,0.0,0.0,1,propagule,2113,0,0,0.16753431140558447,True,0.001,0.025
2,5,3,0.0,0.0,1,propagule,2097,0,0,0.16976633285646162,True,0.001,0.025
2,5,4,0.0,0.0,1,propagule,2070,0,0,0.17391304347826086,True,0.001,0.025
2,5,5,0.0,0.0,1,propagule,2051,0,0,0.17552413456850316,True,0.001,0.025
2,5,6,0.0,0.0,1,propagule,2029,0,0,0.17742730409068508,True,0.001,0.025
2,5,7,0.0,0.0,1,propagule,2009,0,0,0.1796913887506222,True,0.001,0.025
2,5,8,0.0,0.0,1,propagule,1988,0,0,0.1805835010060362,True,0.001,0.025
2,5,9,0.0,0.0,1,propagule,1957,0,0,0.1829330608073582,True,0.001,0.025
2,5,10,0.0,0.0,1,propagule,1937,0,0,0.18327310273619,True,0.001,0.025
2,5,11,0.0,0.0,1,propagule,1927,0,0,0.18578100674623768,True,0.001,0.025
2,5,12,0.0,0.0,1,propagule,1902,0,0,0.18559411146161936,True,0.001,0.025
2,5,13,0.0,0.0,1,propagule,1891,0,0,0.18402961396086726,True,0.001,0.025
2,5,14,0.0,0.0,1,propagule,1877,0,0,0.18540223761321256,True,0.001,0.025
2,5,15,0.0,0.0,1,propagule,1863,0,0,0.18625872249060654,True,0.001,0.025
2,5,16,0.0,0.0,1,propagule,1844,0,0,0.18817787418655096,True,0.001,0.025
2,5,17,0.0,0.0,1,propagule,1827,0,0,0.19047619047619047,True,0.001,0.025
2,5,18,0.0,0.0,1,propagule,4197,0,0,0.0831546342625685,True,0.001,0.025
2,5,19,0.0,0.0,1,propagule,4130,0,0,0.08329297820823245,True,0.001,0.025
2,5,20,0.0,0.0,1,propagule,4028,0,0,0.08540218470705065,True,0.001,0.025
2,5,21,0.0,0.0,1,propagule,3870,0,0,0.08733850129198967,True,0.001,0.025
2,5,22,0.0,0.0,1,propagule,3799,0,0,0.09002369044485391,True,0.001,0.025
2,5,23,0.0,0.0,1,propagule,3688,0,0,0.09191973969631237,True,0.001,0.025
2,5,24,0.0,0.0,1,propagule,3624,0,0,0.09299116997792495,True,0.001,0.025
2,5,25,0.0,0.0,1,propagule,3540,0,0,0.09378531073446328,True,0.001,0.025
2,5,26,0.0,0.0,1,propagule,3453,0,0,0.09498986388647553,True,0.001,0.025
2,5,27,0.0,0.0,1,propagule,3395,0,0,0.09631811487481591,True,0.001,0.025
2,5,28,0.0,0.0,1,propagule,3339,0,0,0.09763402216232404,True,0.001,0.025
2,5,29,0.0,0.0,1,propagule,3247,0,0,0.09978441638435478,True,0.001,0.025
2,5,30,0.0,0.0,1,propagule,3188,0,0,0.1019447929736512,True,0.001,0.025
2,5,31,0.0,0.0,1,propagule,3146,0,0,0.10330578512396695,True,0.001,0.025
2,5,32,0.0,0.0,1,propagule,3114,0,0,0.10340398201669879,True,0.001,0.025
2,5,33,0.0,0.0,1,propagule,3063,0,0,0.10447273914462944,True,0.001,0.025
2,5,34,0.0,0.0,1,propagule,3001,0,0,0.10663112295901367,True,0.001,0.025
2,5,35,0.0,0.0,1,propagule,2953,0,0,0.10734845919403996,True,0.001,0.025
2,5,36,0.0,0.0,1,propagule,2914,0,0,0.11118737131091283,True,0.001,0.025
2,5,37,0.0,0.0,1,propagule,2849,0,0,0.11161811161811162,True,0.001,0.025
2,5,38,0.0,0.0,1,propagule,2821,0,0,0.11237149946827366,True,0.001,0.025
2,5,39,0.0,0.0,1,propagule,2776,0,0,0.1105907780979827,True,0.001,0.025
2,5,40,0.0,0.0,1,propagule,2751,0,0,0.11414031261359506,True,0.001,0.025
2,5,41,0.0,0.0,1,propagule,2705,0,0,0.11349353049907579,True,0.001,0.025
2,5,42,0.0,0.0,1,propagule,2675,0,0,0.11551401869158878,True,0.001,0.025
2,5,43,0.0,0.0,1,propagule,2637,0,0,0.14334470989761092,True,0.001,0.025
2,5,44,0.0,0.0,1,propagule,2499,0,0,0.13405362144857944,True,0.001,0.025
2,5,45,0.0,0.0,1,propagule,2425,0,0,0.13195876288659794,True,0.001,0.025
2,5,46,0.0,0.0,1,propagule,2428,0,0,0.13797364085667216,True,0.001,0.025
2,5,47,0.0,0.0,1,propagule,2413,0,0,0.14214670534604226,True,0.001,0.025
2,5,48,0.0,0.0,1,propagule,2388,0,0,0.14824120603015076,True,0.001,0.025
2,5,49,0.0,0.0,1,propagule,2380,0,0,0.1495798319327731,True,0.001,0.025
2,5,50,0.0,0.0,1,propagule,2356,0,0,0.15280135823429541,True,0.001,0.025
2,5,51,0.0,0.0,1,propagule,2339,0,0,0.15818725951261223,True,0.001,0.025
2,5,52,0.0,0.0,1,propagule,2347,0,0,0.16744780570941628,True,0.001,0.025
2,6,1,0.0,0.0,1,propagule,2320,0,0,0.16594827586206898,True,0.001,0.025
2,6,2,0.0,0.0,1,propagule,2337,0,0,0.17415489944373128,True,0.001,0.025
2,6,3,0.0,0.0,1,propagule,2318,0,0,0.17644521138912855,True,0.001,0.025
2,6,4,0.0,0.0,1,propagule,2321,0,0,0.1831107281344248,True,0.001,0.025
2,6,5,0.0,0.0,1,propagule,2307,0,0,0.18335500650195058,True,0.001,0.025
2,6,6,0.0,0.0,1,propagule,2303,0,0,0.18541033434650456,True,0.001,0.025
2,6,7,0.0,0.0,1,propagule,2278,0,0,0.1839332748024583,True,0.001,0.025
2,6,8,0.0,0.0,1,propagule,2262,0,0,0.1896551724137931,True,0.001,0.025
2,6,9,0.0,0.0,1,propagule,2224,0,0,0.18839928057553956,True,0.001,0.025
2,6,10,0.0,0.0,1,propagule,2205,0,0,0.19183673469387755,True,0.001,0.025
2,6,11,0.0,0.0,1,propagule,2174,0,0,0.1922723091076357,True,0.001,0.025
2,6,12,0.0,0.0,1,propagule,2161,0,0,0.19574271170754282,True,0.001,0.025
2,6,13,0.0,0.0,1,propagule,2134,0,0,0.1944704779756326,True,0.001,0.025
2,6,14,0.0,0.0,1,propagule,2122,0,0,0.19698397737983034,True,0.001,0.025
2,6,15,0.0,0.0,1,propagule,2090,0,0,0.19569377990430623,True,0.001,0.025
2,6,16,0.0,0.0,1,propagule,2072,0,0,0.19835907335907335,True,0.001,0.025
2,6,17,0.0,0.0,1,propagule,2046,0,0,0.1989247311827957,True,0.001,0.025
2,6,18,0.0,0.0,1,propagule,4899,0,0,0.08328230251071647,True,0.001,0.025
2,6,19,0.0,0.0,1,propagule,4837,0,0,0.08476328302666943,True,0.001,0.025
2,6,20,0.0,0.0,1,propagule,4688,0,0,0.0859641638225256,True,0.001,0.025
2,6,21,0.0,0.0,1,propagule,4598,0,0,0.08721183123096998,True,0.001,0.025
2,6,22,0.0,0.0,1,propagule,4455,0,0,0.08731762065095398,True,0.001,0.025
2,6,23,0.0,0.0,1,propagule,4345,0,0,0.08952819332566168,True,0.001,0.025
2,6,24,0.0,0.0,1,propagule,4253,0,0,0.09052433576299083,True,0.001,0.025
2,6,25,0.0,0.0,1,propagule,4162,0,0,0.0913022585295531,True,0.001,0.025
2,6,26,0.0,0.0,1,propagule,4076,0,0,0.09175662414131501,True,0.001,0.025
2,6,27,0.0,0.0,1,propagule,3994,0,0,0.09288933400100151,True,0.001,0.025
2,6,28,0.0,0.0,1,propagule,3879,0,0,0.09461201340551689,True,0.001,0.025
2,6,29,0.0,0.0,1,propagule,3815,0,0,0.09567496723460026,True,0.001,0.025
2,6,30,0.0,0.0,1,propagule,3723,0,0,0.09696481332258931,True,0.001,0.025
2,6,31,0.0,0.0,1,propagule,3658,0,0,0.09622744669218151,True,0.001,0.025
2,6,32,0.0,0.0,1,propagule,3564,0,0,0.09932659932659933,True,0.001,0.025
2,6,33,0.0,0.0,1,propagule,3517,0,0,0.10008529997156668,True,0.001,0.025
2,6,34,0.0,0.0,1,propagule,3433,0,0,0.10166035537430819,True,0.001,0.025
2,6,35,0.0,0.0,1,propagule,3356,0,0,0.10488676996424315,True,0.001,0.025
2,6,36,0.0,0.0,1,propagule,3281,0,0,0.10880829015544041,True,0.001,0.025
2,6,37,0.0,0.0,1,propagule,3208,0,0,0.1119077306733167,True,0.001,0.025
2,6,38,0.0,0.0,1,propagule,3142,0,0,0.11234882240611076,True,0.001,0.025
2,6,39,0.0,0.0,1,propagule,3100,0,0,0.11225806451612903,True,0.001,0.025
2,6,40,0.0,0.0,1,propagule,3071,0,0,0.1162487788993813,True,0.001,0.025
2,6,41,0.0,0.0,1,propagule,3013,0,0,0.11649518752074345,True,0.001,0.025
2,6,42,0.0,0.0,1,propagule,2968,0,0,0.11859838274932614,True,0.001,0.025
2,6,43,0.0,0.0,1,propagule,2928,0,0,0.1523224043715847,True,0.001,0.025
2,6,44,0.0,0.0,1,propagule,2799,0,0,0.1429081814933905,True,0.001,0.025
2,6,45,0.0,0.0,1,propagule,2747,0,0,0.14160902803057882,True,0.001,0.025
2,6,46,0.0,0.0,1,propagule,2737,0,0,0.1483375959079284,True,0.001,0.025
2,6,47,0.0,0.0,1,propagule,2731,0,0,0.14976199194434273,True,0.001,0.025
2,6,48,0.0,0.0,1,propagule,2693,0,0,0.15410323059784628,True,0.001,0.025
2,6,49,0.0,0.0,1,propagule,2675,0,0,0.15738317757009346,True,0.001,0.025
2,6,50,0.0,0.0,1,propagule,2660,0,0,0.16278195488721806,True,0.001,0.025
2,6,51,0.0,0.0,1,propagule,2653,0,0,0.16584998115341124,True,0.001,0.025
2,6,52,0.0,0.0,1,propagule,2649,0,0,0.16836542091355228,True,0.001,0.025
2,7,1,0.0,0.0,1,propagule,2631,0,0,0.1717977955150133,True,0.001,0.025
2,7,2,0.0,0.0,1,propagule,2610,0,0,0.17509578544061302,True,0.001,0.025
2,7,3,0.0,0.0,1,propagule,2592,0,0,0.17669753086419754,True,0.001,0.025
2,7,4,0.0,0.0,1,propagule,2576,0,0,0.17895962732919254,True,0.001,0.025
2,7,5,0.0,0.0,1,propagule,2551,0,0,0.18032144257154056,True,0.001,0.025
2,7,6,0.0,0.0,1,propagule,2525,0,0,0.18257425742574257,True,0.001,0.025
2,7,7,0.0,0.0,1,propagule,2501,0,0,0.18432626949220313,True,0.001,0.025
2,7,8,0.0,0.0,1,propagule,2470,0,0,0.1862348178137652,True,0.001,0.025
2,7,9,0.0,0.0,1,propagule,2447,0,0,0.18635063342868818,True,0.001,0.025
2,7,10,0.0,0.0,1,propagule,2421,0,0,0.1875258157786039,True,0.001,0.025
2,7,11,0.0,0.0,1,propagule,2410,0,0,0.187551867219917,True,0.001,0.025
2,7,12,0.0,0.0,1,propagule,2372,0,0,0.19097807757166949,True,0.001,0.025
2,7,13,0.0,0.0,1,propagule,2346,0,0,0.1918158567774936,True,0.001,0.025
2,7,14,0.0,0.0,1,propagule,2318,0,0,0.1928386540120794,True,0.001,0.025
2,7,15,0.0,0.0,1,propagule,2290,0,0,0.19388646288209607,True,0.001,0.025
2,7,16,0.0,0.0,1,propagule,2264,0,0,0.19522968197879859,True,0.001,0.025
2,7,17,0.0,0.0,1,propagule,2248,0,0,0.19706405693950177,True,0.001,0.025
2,7,18,0.0,0.0,1,propagule,5459,0,0,0.08041765891188862,True,0.001,0.025
2,7,19,0.0,0.0,1,propagule,5388,0,0,0.08147735708982926,True,0.001,0.025
2,7,20,0.0,0.0,1,propagule,5235,0,0,0.08233046800382043,True,0.001,0.025
2,7,21,0.0,0.0,1,propagule,5087,0,0,0.0833497149597012,True,0.001,0.025
2,7,22,0.0,0.0,1,propagule,4980,0,0,0.08453815261044177,True,0.001,0.025
2,7,23,0.0,0.0,1,propagule,4910,0,0,0.08615071283095722,True,0.001,0.025
2,7,24,0.0,0.0,1,propagule,4820,0,0,0.08713692946058091,True,0.001,0.025
2,7,25,0.0,0.0,1,propagule,4708,0,0,0.08899745114698386,True,0.001,0.025
2,7,26,0.0,0.0,1,propagule,4609,0,0,0.09025819049685398,True,0.001,0.025
2,7,27,0.0,0.0,1,propagule,4546,0,0,0.09106907171139464,True,0.001,0.025
2,7,28,0.0,0.0,1,propagule,4423,0,0,0.09314944607732309,True,0.001,0.025
2,7,29,0.0,0.0,1,propagule,4359,0,0,0.09497591190640055,True,0.001,0.025
2,7,30,0.0,0.0,1,propagule,4257,0,0,0.09631195677707306,True,0.001,0.025
2,7,31,0.0,0.0,1,propagule,4179,0,0,0.09643455372098589,True,0.001,0.025
2,7,32,0.0,0.0,1,propagule,4098,0,0,0.09882869692532943,True,0.001,0.025
2,7,33,0.0,0.0,1,propagule,4030,0,0,0.10049627791563276,True,0.001,0.025
2,7,34,0.0,0.0,1,propagule,3957,0,0,0.10184483194339146,True,0.001,0.025
2,7,35,0.0,0.0,1,propagule,3887,0,0,0.10290712631849755,True,0.001,0.025
2,7,36,0.0,0.0,1,propagule,3794,0,0,0.1070110701107011,True,0.001,0.025
2,7,37,0.0,0.0,1,propagule,3711,0,0,0.10536243600107788,True,0.001,0.025
2,7,38,0.0,0.0,1,propagule,3649,0,0,0.1068785968758564,True,0.001,0.025
2,7,39,0.0,0.0,1,propagule,3599,0,0,0.10891914420672409,True,0.001,0.025
2,7,40,0.0,0.0,1,propagule,3569,0,0,0.11039506864667974,True,0.001,0.025
2,7,41,0.0,0.0,1,propagule,3504,0,0,0.11101598173515982,True,0.001,0.025
2,7,42,0.0,0.0,1,propagule,3465,0,0,0.11226551226551226,True,0.001,0.025
2,7,43,0.0,0.0,1,propagule,3387,0,0,0.14437555358724535,True,0.001,0.025
2,7,44,0.0,0.0,1,propagule,3204,0,0,0.132334581772784,True,0.001,0.025
2,7,45,0.0,0.0,1,propagule,3125,0,0,0.13152,True,0.001,0.025
2,7,46,0.0,0.0,1,propagule,3098,0,0,0.13524854744996773,True,0.001,0.025
2,7,47,0.0,0.0,1,propagule,3081,0,0,0.14053878610840637,True,0.001,0.025
2,7,48,0.0,0.0,1,propagule,3009,0,0,0.14257228315054835,True,0.001,0.025
2,7,49,0.0,0.0,1,propagule,2980,0,0,0.14630872483221477,True,0.001,0.025
2,7,50,0.0,0.0,1,propagule,2930,0,0,0.1453924914675768,True,0.001,0.025
2,7,51,0.0,0.0,1,propagule,2902,0,0,0.14886285320468642,True,0.001,0.025
2,7,52,0.0,0.0,1,propagule,2874,0,0,0.1485734168406402,True,0.001,0.025
2,8,1,0.0,0.0,1,propagule,2838,0,0,0.1525722339675828,True,0.001,0.025
2,8,2,0.0,0.0,1,propagule,2823,0,0,0.15232022670917464,True,0.001,0.025
2,8,3,0.0,0.0,1,propagule,2800,0,0,0.15392857142857144,True,0.001,0.025
2,8,4,0.0,0.0,1,propagule,2775,0,0,0.15387387387387388,True,0.001,0.025
2,8,5,0.0,0.0,1,propagule,2756,0,0,0.1574746008708273,True,0.001,0.025
2,8,6,0.0,0.0,1,propagule,2734,0,0,0.1598390636430139,True,0.001,0.025
2,8,7,0.0,0.0,1,propagule,2713,0,0,0.1614448949502396,True,0.001,0.025
2,8,8,0.0,0.0,1,propagule,2691,0,0,0.1616499442586399,True,0.001,0.025
2,8,9,0.0,0.0,1,propagule,2673,0,0,0.16236438458660682,True,0.001,0.025
2,8,10,0.0,0.0,1,propagule,2648,0,0,0.16389728096676737,True,0.001,0.025
2,8,11,0.0,0.0,1,propagule,2624,0,0,0.16577743902439024,True,0.001,0.025
2,8,12,0.0,0.0,1,propagule,2604,0,0,0.16666666666666666,True,0.001,0.025
2,8,13,0.0,0.0,1,propagule,2567,0,0,0.16945851188157382,True,0.001,0.025
2,8,14,0.0,0.0,1,propagule,2551,0,0,0.17091336730693846,True,0.001,0.025
2,8,15,0.0,0.0,1,propagule,2528,0,0,0.17088607594936708,True,0.001,0.025
2,8,16,0.0,0.0,1,propagule,2504,0,0,0.1737220447284345,True,0.001,0.025
2,8,17,0.0,0.0,1,propagule,2489,0,0,0.17396544797107272,True,0.001,0.025
2,8,18,0.0,0.0,1,propagule,5944,0,0,0.07318304172274563,True,0.001,0.025
2,8,19,0.0,0.0,1,propagule,5830,0,0,0.07324185248713551,True,0.001,0.025
2,8,20,0.0,0.0,1,propagule,5735,0,0,0.07480383609415868,True,0.001,0.025
2,8,21,0.0,0.0,1,propagule,5629,0,0,0.07567951678806183,True,0.001,0.025
2,8,22,0.0,0.0,1,propagule,5511,0,0,0.07621121393576484,True,0.001,0.025
2,8,23,0.0,0.0,1,propagule,5425,0,0,0.07870967741935483,True,0.001,0.025
2,8,24,0.0,0.0,1,propagule,5341,0,0,0.07901142108219435,True,0.001,0.025
2,8,25,0.0,0.0,1,propagule,5243,0,0,0.08086973106999809,True,0.001,0.025
2,8,26,0.0,0.0,1,propagule,5149,0,0,0.08195766168187997,True,0.001,0.025
2,8,27,0.0,0.0,1,propagule,5072,0,0,0.08399053627760253,True,0.001,0.025
2,8,28,0.0,0.0,1,propagule,4966,0,0,0.08497784937575513,True,0.001,0.025
2,8,29,0.0,0.0,1,propagule,4888,0,0,0.08735679214402618,True,0.001,0.025
2,8,30,0.0,0.0,1,propagule,4817,0,0,0.08739879593107744,True,0.001,0.025
2,8,31,0.0,0.0,1,propagule,4755,0,0,0.0900105152471083,True,0.001,0.025
2,8,32,0.0,0.0,1,propagule,4655,0,0,0.09065520945220193,True,0.001,0.025
2,8,33,0.0,0.0,1,propagule,4587,0,0,0.09178112055809898,True,0.001,0.025
2,8,34,0.0,0.0,1,propagule,4522,0,0,0.09332153914197258,True,0.001,0.025
2,8,35,0.0,0.0,1,propagule,4452,0,0,0.09456424079065588,True,0.001,0.025
2,8,36,0.0,0.0,1,propagule,4379,0,0,0.09956611098424298,True,0.001,0.025
2,8,37,0.0,0.0,1,propagule,4316,0,0,0.09986098239110287,True,0.001,0.025
2,8,38,0.0,0.0,1,propagule,4250,0,0,0.10329411764705883,True,0.001,0.025
2,8,39,0.0,0.0,1,propagule,4182,0,0,0.10473457675753228,True,0.001,0.025
2,8,40,0.0,0.0,1,propagule,4122,0,0,0.10577389616690927,True,0.001,0.025
2,8,41,0.0,0.0,1,propagule,4079,0,0,0.10688894336847267,True,0.001,0.025
2,8,42,0.0,0.0,1,propagule,4023,0,0,0.10862540392741735,True,0.001,0.025
2,8,43,0.0,0.0,1,propagule,4081,0,0,0.1587846116148003,True,0.001,0.025
2,8,44,0.0,0.0,1,propagule,3850,0,0,0.1457142857142857,True,0.001,0.025
2,8,45,0.0,0.0,1,propagule,3744,0,0,0.14930555555555555,True,0.001,0.025
2,8,46,0.0,0.0,1,propagule,3709,0,0,0.15502830951739013,True,0.001,0.025
2,8,47,0.0,0.0,1,propagule,3663,0,0,0.15752115752115753,True,0.001,0.025
2,8,48,0.0,0.0,1,propagule,3614,0,0,0.16380741560597675,True,0.001,0.025
2,8,49,0.0,0.0,1,propagule,3581,0,0,0.1647584473610723,True,0.001,0.025
2,8,50,0.0,0.0,1,propagule,3533,0,0,0.16756297763939995,True,0.001,0.025
2,8,51,0.0,0.0,1,propagule,3491,0,0,0.17101117158407333,True,0.001,0.025
2,8,52,0.0,0.0,1,propagule,3459,0,0,0.17317143683145417,True,0.001,0.025
2,9,1,0.0,0.0,1,propagule,3416,0,0,0.17505854800936768,True,0.001,0.025
2,9,2,0.0,0.0,1,propagule,3391,0,0,0.17634915953995872,True,0.001,0.025
2,9,3,0.0,0.0,1,propagule,3369,0,0,0.17868803799346988,True,0.001,0.025
2,9,4,0.0,0.0,1,propagule,3347,0,0,0.18195398864654916,True,0.001,0.025
2,9,5,0.0,0.0,1,propagule,3306,0,0,0.18269812462189958,True,0.001,0.025
2,9,6,0.0,0.0,1,propagule,3285,0,0,0.1832572298325723,True,0.001,0.025
2,9,7,0.0,0.0,1,propagule,3265,0,0,0.18529862174578868,True,0.001,0.025
2,9,8,0.0,0.0,1,propagule,3234,0,0,0.18738404452690166,True,0.001,0.025
2,9,9,0.0,0.0,1,propagule,3212,0,0,0.18835616438356165,True,0.001,0.025
2,9,10,0.0,0.0,1,propagule,3184,0,0,0.18907035175879397,True,0.001,0.025
2,9,11,0.0,0.0,1,propagule,3150,0,0,0.19047619047619047,True,0.001,0.025
2,9,12,0.0,0.0,1,propagule,3125,0,0,0.192,True,0.001,0.025
2,9,13,0.0,0.0,1,propagule,3108,0,0,0.19337194337194338,True,0.001,0.025
2,9,14,0.0,0.0,1,propagule,3082,0,0,0.1943543153796236,True,0.001,0.025
2,9,15,0.0,0.0,1,propagule,3056,0,0,0.19535340314136126,True,0.001,0.025
2,9,16,0.0,0.0,1,propagule,3045,0,0,0.19540229885057472,True,0.001,0.025
2,9,17,0.0,0.0,1,propagule,3025,0,0,0.19603305785123967,True,0.001,0.025
2,9,18,0.0,0.0,1,propagule,6498,0,0,0.0767928593413358,True,0.001,0.025
2,9,19,0.0,0.0,1,propagule,6396,0,0,0.07770481550969356,True,0.001,0.025
2,9,20,0.0,0.0,1,propagule,6245,0,0,0.07862289831865492,True,0.001,0.025
2,9,21,0.0,0.0,1,propagule,6142,0,0,0.08026701400195375,True,0.001,0.025
2,9,22,0.0,0.0,1,propagule,6036,0,0,0.08117958913187541,True,0.001,0.025
2,9,23,0.0,0.0,1,propagule,5922,0,0,0.08257345491388045,True,0.001,0.025
2,9,24,0.0,0.0,1,propagule,5795,0,0,0.08403796376186368,True,0.001,0.025
2,9,25,0.0,0.0,1,propagule,5697,0,0,0.08513252589081972,True,0.001,0.025
2,9,26,0.0,0.0,1,propagule,5641,0,0,0.08668675766708031,True,0.001,0.025
2,9,27,0.0,0.0,1,propagule,5545,0,0,0.08746618575293057,True,0.001,0.025
2,9,28,0.0,0.0,1,propagule,5465,0,0,0.08874656907593778,True,0.001,0.025
2,9,29,0.0,0.0,1,propagule,5369,0,0,0.08977463214751351,True,0.001,0.025
2,9,30,0.0,0.0,1,propagule,5263,0,0,0.09044271328139844,True,0.001,0.025
2,9,31,0.0,0.0,1,propagule,5185,0,0,0.09161041465766634,True,0.001,0.025
2,9,32,0.0,0.0,1,propagule,5079,0,0,0.092537901161646,True,0.001,0.025
2,9,33,0.0,0.0,1,propagule,5017,0,0,0.09467809447877218,True,0.001,0.025
2,9,34,0.0,0.0,1,propagule,4937,0,0,0.09438930524610087,True,0.001,0.025
2,9,35,0.0,0.0,1,propagule,4868,0,0,0.09552177485620378,True,0.001,0.025
2,9,36,0.0,0.0,1,propagule,4796,0,0,0.09924937447873228,True,0.001,0.025
2,9,37,0.0,0.0,1,propagule,4744,0,0,0.09886172006745363,True,0.001,0.025
2,9,38,0.0,0.0,1,propagule,4670,0,0,0.1006423982869379,True,0.001,0.025
2,9,39,0.0,0.0,1,propagule,4597,0,0,0.10180552534261475,True,0.001,0.025
2,9,40,0.0,0.0,1,propagule,4551,0,0,0.1037134695671281,True,0.001,0.025
2,9,41,0.0,0.0,1,propagule,4499,0,0,0.10380084463214048,True,0.001,0.025
2,9,42,0.0,0.0,1,propagule,4451,0,0,0.10559424848348686,True,0.001,0.025
2,9,43,0.0,0.0,1,propagule,4573,0,0,0.15919527662366062,True,0.001,0.025
2,9,44,0.0,0.0,1,propagule,4274,0,0,0.1483387927000468,True,0.001,0.025
2,9,45,0.0,0.0,1,propagule,4161,0,0,0.14467676039413602,True,0.001,0.025
2,9,46,0.0,0.0,1,propagule,4105,0,0,0.14494518879415347,True,0.001,0.025
2,9,47,0.0,0.0,1,propagule,4063,0,0,0.1503814915087374,True,0.001,0.025
2,9,48,0.0,0.0,1,propagule,4021,0,0,0.15468788858492913,True,0.001,0.025
2,9,49,0.0,0.0,1,propagule,3996,0,0,0.1569069069069069,True,0.001,0.025
2,9,50,0.0,0.0,1,propagule,3933,0,0,0.16170861937452327,True,0.001,0.025
2,9,51,0.0,0.0,1,propagule,3882,0,0,0.16640906749098403,True,0.001,0.025
2,9,52,0.0,0.0,1,propagule,3852,0,0,0.1687435098650052,True,0.001,0.025
2,10,1,0.0,0.0,1,propagule,3796,0,0,0.17123287671232876,True,0.001,0.025
2,10,2,0.0,0.0,1,propagule,3777,0,0,0.17341805665872387,True,0.001,0.025
2,10,3,0.0,0.0,1,propagule,3751,0,0,0.1754198880298587,True,0.001,0.025
2,10,4,0.0,0.0,1,propagule,3719,0,0,0.1780048400107556,True,0.001,0.025
2,10,5,0.0,0.0,1,propagule,3692,0,0,0.17930660888407368,True,0.001,0.025
2,10,6,0.0,0.0,1,propagule,3661,0,0,0.18191750887735592,True,0.001,0.025
2,10,7,0.0,0.0,1,propagule,3618,0,0,0.18297401879491432,True,0.001,0.025
2,10,8,0.0,0.0,1,propagule,3587,0,0,0.18455533872316698,True,0.001,0.025
2,10,9,0.0,0.0,1,propagule,3565,0,0,0.18485273492286114,True,0.001,0.025
2,10,10,0.0,0.0,1,propagule,3549,0,0,0.1848408002254156,True,0.001,0.025
2,10,11,0.0,0.0,1,propagule,3514,0,0,0.18639726807057486,True,0.001,0.025
2,10,12,0.0,0.0,1,propagule,3484,0,0,0.18771526980482203,True,0.001,0.025
2,10,13,0.0,0.0,1,propagule,3459,0,0,0.1887828852269442,True,0.001,0.025
2,10,14,0.0,0.0,1,propagule,3426,0,0,0.18855808523058962,True,0.001,0.025
2,10,15,0.0,0.0,1,propagule,3400,0,0,0.18970588235294117,True,0.001,0.025
2,10,16,0.0,0.0,1,propagule,3371,0,0,0.1919311776920795,True,0.001,0.025
2,10,17,0.0,0.0,1,propagule,3343,0,0,0.191743942566557,True,0.001,0.025
2,10,18,0.0,0.0,1,propagule,7524,0,0,0.07801701222753854,True,0.001,0.025
2,10,19,0.0,0.0,1,propagule,7366,0,0,0.07914743415693729,True,0.001,0.025
2,10,20,0.0,0.0,1,propagule,7231,0,0,0.0807633798921311,True,0.001,0.025
2,10,21,0.0,0.0,1,propagule,7119,0,0,0.08175305520438264,True,0.001,0.025
2,10,22,0.0,0.0,1,propagule,7003,0,0,0.08310723975439098,True,0.001,0.025
2,10,23,0.0,0.0,1,propagule,6882,0,0,0.08413251961639058,True,0.001,0.025
2,10,24,0.0,0.0,1,propagule,6765,0,0,0.08514412416851441,True,0.001,0.025
2,10,25,0.0,0.0,1,propagule,6665,0,0,0.08582145536384096,True,0.001,0.025
2,10,26,0.0,0.0,1,propagule,6553,0,0,0.08683045933160384,True,0.001,0.025
2,10,27,0.0,0.0,1,propagule,6446,0,0,0.08796152652807943,True,0.001,0.025
2,10,28,0.0,0.0,1,propagule,6353,0,0,0.08909176766881788,True,0.001,0.025
2,10,29,0.0,0.0,1,propagule,6267,0,0,0.09079304292324876,True,0.001,0.025
2,10,30,0.0,0.0,1,propagule,6152,0,0,0.09167750325097529,True,0.001,0.025
2,10,31,0.0,0.0,1,propagule,6070,0,0,0.09308072487644152,True,0.001,0.025
2,10,32,0.0,0.0,1,propagule,5987,0,0,0.09437113746450643,True,0.001,0.025
2,10,33,0.0,0.0,1,propagule,5906,0,0,0.09448018963765661,True,0.001,0.025
2,10,34,0.0,0.0,1,propagule,5791,0,0,0.09601105163184251,True,0.001,0.025
2,10,35,0.0,0.0,1,propagule,5722,0,0,0.09716882209017826,True,0.001,0.025
2,10,36,0.0,0.0,1,propagule,5647,0,0,0.09739684788383213,True,0.001,0.025
2,10,37,0.0,0.0,1,propagule,5585,0,0,0.09919427036705461,True,0.001,0.025
2,10,38,0.0,0.0,1,propagule,5507,0,0,0.09932812783729798,True,0.001,0.025
2,10,39,0.0,0.0,1,propagule,5434,0,0,0.10103054839896945,True,0.001,0.025
2,10,40,0.0,0.0,1,propagule,5371,0,0,0.10221560230869484,True,0.001,0.025
2,10,41,0.0,0.0,1,propagule,5307,0,0,0.1036367062370454,True,0.001,0.025
2,10,42,0.0,0.0,1,propagule,5239,0,0,0.10498186676846727,True,0.001,0.025
2,10,43,0.0,0.0,1,propagule,5384,0,0,0.17180534918276374,True,0.001,0.025
2,10,44,0.0,0.0,1,propagule,5025,0,0,0.1590049751243781,True,0.001,0.025
2,10,45,0.0,0.0,1,propagule,4859,0,0,0.1566165877752624,True,0.001,0.025
2,10,46,0.0,0.0,1,propagule,4814,0,0,0.158911508101371,True,0.001,0.025
2,10,47,0.0,0.0,1,propagule,4729,0,0,0.1585958976527807,True,0.001,0.025
2,10,48,0.0,0.0,1,propagule,4646,0,0,0.16229014205768402,True,0.001,0.025
2,10,49,0.0,0.0,1,propagule,4592,0,0,0.16572299651567945,True,0.001,0.025
2,10,50,0.0,0.0,1,propagule,4491,0,0,0.16811400578935648,True,0.001,0.025
2,10,51,0.0,0.0,1,propagule,4473,0,0,0.16946121171473283,True,0.001,0.025
2,10,52,0.0,0.0,1,propagule,4423,0,0,0.1713768935111915,True,0.001,0.025
2,1,1,0.0,0.0,1,propagule,1005,0,0,0.0,True,0.005,0.015
2,1,2,0.0,0.0,1,propagule,998,0,0,0.001002004008016032,True,0.005,0.015
2,1,3,0.0,0.0,1,propagule,991,0,0,0.0010090817356205853,True,0.005,0.015
2,1,4,0.0,0.0,1,propagule,983,0,0,0.002034587995930824,True,0.005,0.015
2,1,5,0.0,0.0,1,propagule,992,0,0,0.004032258064516129,True,0.005,0.015
2,1,6,0.0,0.0,1,propagule,987,0,0,0.004052684903748734,True,0.005,0.015
2,1,7,0.0,0.0,1,propagule,970,0,0,0.005154639175257732,True,0.005,0.015
2,1,8,0.0,0.0,1,propagule,959,0,0,0.005213764337851929,True,0.005,0.015
2,1,9,0.0,0.0,1,propagule,940,0,0,0.006382978723404255,True,0.005,0.015
2,1,10,0.0,0.0,1,propagule,934,0,0,0.006423982869379015,True,0.005,0.015
2,1,11,0.0,0.0,1,propagule,920,0,0,0.006521739130434782,True,0.005,0.015
2,1,12,0.0,0.0,1,propagule,911,0,0,0.006586169045005488,True,0.005,0.015
2,1,13,0.0,0.0,1,propagule,899,0,0,0.006674082313681869,True,0.005,0.015
2,1,14,0.0,0.0,1,propagule,894,0,0,0.006711409395973154,True,0.005,0.015
2,1,15,0.0,0.0,1,propagule,887,0,0,0.006764374295377677,True,0.005,0.015
2,1,16,0.0,0.0,1,propagule,878,0,0,0.00683371298405467,True,0.005,0.015
2,1,17,0.0,0.0,1,propagule,868,0,0,0.0069124423963133645,True,0.005,0.015
2,1,18,0.0,0.0,1,propagule,2434,0,0,0.0024650780608052587,True,0.005,0.015
2,1,19,0.0,0.0,1,propagule,2414,0,0,0.0024855012427506215,True,0.005,0.015
2,1,20,0.0,0.0,1,propagule,2336,0,0,0.0021404109589041095,True,0.005,0.015
2,1,21,0.0,0.0,1,propagule,2296,0,0,0.002613240418118467,True,0.005,0.015
2,1,22,0.0,0.0,1,propagule,2225,0,0,0.002696629213483146,True,0.005,0.015
2,1,23,0.0,0.0,1,propagule,2184,0,0,0.0027472527472527475,True,0.005,0.015
2,1,24,0.0,0.0,1,propagule,2127,0,0,0.0028208744710860366,True,0.005,0.015
2,1,25,0.0,0.0,1,propagule,2108,0,0,0.0028462998102466793,True,0.005,0.015
2,1,26,0.0,0.0,1,propagule,2069,0,0,0.0028999516674722086,True,0.005,0.015
2,1,27,0.0,0.0,1,propagule,2046,0,0,0.002932551319648094,True,0.005,0.015
2,1,28,0.0,0.0,1,propagule,2032,0,0,0.002952755905511811,True,0.005,0.015
2,1,29,0.0,0.0,1,propagule,1996,0,0,0.003006012024048096,True,0.005,0.015
2,1,30,0.0,0.0,1,propagule,1950,0,0,0.003076923076923077,True,0.005,0.015
2,1,31,0.0,0.0,1,propagule,1910,0,0,0.0031413612565445027,True,0.005,0.015
2,1,32,0.0,0.0,1,propagule,1845,0,0,0.0032520325203252032,True,0.005,0.015
2,1,33,0.0,0.0,1,propagule,1800,0,0,0.0033333333333333335,True,0.005,0.015
2,1,34,0.0,0.0,1,propagule,1754,0,0,0.0034207525655644243,True,0.005,0.015
2,1,35,0.0,0.0,1,propagule,1728,0,0,0.003472222222222222,True,0.005,0.015
2,1,36,0.0,0.0,1,propagule,1708,0,0,0.004098360655737705,True,0.005,0.015
2,1,37,0.0,0.0,1,propagule,1665,0,0,0.004204204204204204,True,0.005,0.015
2,1,38,0.0,0.0,1,propagule,1640,0,0,0.00426829268292683,True,0.005,0.015
2,1,39,0.0,0.0,1,propagule,1631,0,0,0.007357449417535254,True,0.005,0.015
2,1,40,0.0,0.0,1,propagule,1622,0,0,0.009864364981504316,True,0.005,0.015
2,1,41,0.0,0.0,1,propagule,1595,0,0,0.009404388714733543,True,0.005,0.015
2,1,42,0.0,0.0,1,propagule,1574,0,0,0.010800508259212199,True,0.005,0.015
2,1,43,0.0,0.0,1,propagule,1576,0,0,0.0133248730964467,True,0.005,0.015
2,1,44,0.0,0.0,1,propagule,1568,0,0,0.015306122448979591,True,0.005,0.015
2,1,45,0.0,0.0,1,propagule,1547,0,0,0.017453135100193924,True,0.005,0.015
2,1,46,0.0,0.0,1,propagule,1530,0,0,0.01699346405228758,True,0.005,0.015
2,1,47,0.0,0.0,1,propagule,1502,0,0,0.019307589880159785,True,0.005,0.015
2,1,48,0.0,0.0,1,propagule,1491,0,0,0.018779342723004695,True,0.005,0.015
2,1,49,0.0,0.0,1,propagule,1475,0,0,0.01966101694915254,True,0.005,0.015
2,1,50,0.0,0.0,1,propagule,1452,0,0,0.02066115702479339,True,0.005,0.015
2,1,51,0.0,0.0,1,propagule,1435,0,0,0.020905923344947737,True,0.005,0.015
2,1,52,0.0,0.0,1,propagule,1420,0,0,0.02112676056338028,True,0.005,0.015
2,2,1,0.0,0.0,1,propagule,1403,0,0,0.021382751247327157,True,0.005,0.015
2,2,2,0.0,0.0,1,propagule,1380,0,0,0.021014492753623187,True,0.005,0.015
2,2,3,0.0,0.0,1,propagule,1366,0,0,0.0212298682284041,True,0.005,0.015
2,2,4,0.0,0.0,1,propagule,1351,0,0,0.02146558105107328,True,0.005,0.015
2,2,5,0.0,0.0,1,propagule,1334,0,0,0.0239880059970015,True,0.005,0.015
2,2,6,0.0,0.0,1,propagule,1325,0,0,0.02339622641509434,True,0.005,0.015
2,2,7,0.0,0.0,1,propagule,1328,0,0,0.02786144578313253,True,0.005,0.015
2,2,8,0.0,0.0,1,propagule,1318,0,0,0.027314112291350532,True,0.005,0.015
2,2,9,0.0,0.0,1,propagule,1302,0,0,0.028417818740399385,True,0.005,0.015
2,2,10,0.0,0.0,1,propagule,1299,0,0,0.029253271747498075,True,0.005,0.015
2,2,11,0.0,0.0,1,propagule,1289,0,0,0.02948021722265322,True,0.005,0.015
2,2,12,0.0,0.0,1,propagule,1273,0,0,0.029850746268656716,True,0.005,0.015
2,2,13,0.0,0.0,1,propagule,1255,0,0,0.030278884462151396,True,0.005,0.015
2,2,14,0.0,0.0,1,propagule,1253,0,0,0.03112529928172386,True,0.005,0.015
2,2,15,0.0,0.0,1,propagule,1235,0,0,0.032388663967611336,True,0.005,0.015
2,2,16,0.0,0.0,1,propagule,1226,0,0,0.03262642740619902,True,0.005,0.015
2,2,17,0.0,0.0,1,propagule,1206,0,0,0.03316749585406302,True,0.005,0.015
2,2,18,0.0,0.0,1,propagule,2180,0,0,0.017889908256880735,True,0.005,0.015
2,2,19,0.0,0.0,1,propagule,2130,0,0,0.018309859154929577,True,0.005,0.015
2,2,20,0.0,0.0,1,propagule,2097,0,0,0.01764425369575584,True,0.005,0.015
2,2,21,0.0,0.0,1,propagule,2078,0,0,0.020692974013474495,True,0.005,0.015
2,2,22,0.0,0.0,1,propagule,2064,0,0,0.01986434108527132,True,0.005,0.015
2,2,23,0.0,0.0,1,propagule,2000,0,0,0.0205,True,0.005,0.015
2,2,24,0.0,0.0,1,propagule,1951,0,0,0.01998974884674526,True,0.005,0.015
2,2,25,0.0,0.0,1,propagule,1887,0,0,0.018547959724430314,True,0.005,0.015
2,2,26,0.0,0.0,1,propagule,1860,0,0,0.01881720430107527,True,0.005,0.015
2,2,27,0.0,0.0,1,propagule,1860,0,0,0.02204301075268817,True,0.005,0.015
2,2,28,0.0,0.0,1,propagule,1835,0,0,0.02125340599455041,True,0.005,0.015
2,2,29,0.0,0.0,1,propagule,1806,0,0,0.022702104097452935,True,0.005,0.015
2,2,30,0.0,0.0,1,propagule,1761,0,0,0.021010789324247586,True,0.005,0.015
2,2,31,0.0,0.0,1,propagule,1730,0,0,0.020809248554913295,True,0.005,0.015
2,2,32,0.0,0.0,1,propagule,1705,0,0,0.01935483870967742,True,0.005,0.015
2,2,33,0.0,0.0,1,propagule,1693,0,0,0.01831069108092144,True,0.005,0.015
2,2,34,0.0,0.0,1,propagule,1664,0,0,0.018028846153846152,True,0.005,0.015
2,2,35,0.0,0.0,1,propagule,1651,0,0,0.019382192610539067,True,0.005,0.015
2,2,36,0.0,0.0,1,propagule,1618,0,0,0.01792336217552534,True,0.005,0.015
2,2,37,0.0,0.0,1,propagule,1608,0,0,0.01990049751243781,True,0.005,0.015
2,2,38,0.0,0.0,1,propagule,1580,0,0,0.020253164556962026,True,0.005,0.015
2,2,39,0.0,0.0,1,propagule,1570,0,0,0.021019108280254776,True,0.005,0.015
2,2,40,0.0,0.0,1,propagule,1542,0,0,0.020752269779507133,True,0.005,0.015
2,2,41,0.0,0.0,1,propagule,1537,0,0,0.02081977878985036,True,0.005,0.015
2,2,42,0.0,0.0,1,propagule,1521,0,0,0.022353714661406968,True,0.005,0.015
2,2,43,0.0,0.0,1,propagule,1571,0,0,0.05283259070655633,True,0.005,0.015
2,2,44,0.0,0.0,1,propagule,1525,0,0,0.04131147540983607,True,0.005,0.015
2,2,45,0.0,0.0,1,propagule,1531,0,0,0.042455911169170475,True,0.005,0.015
2,2,46,0.0,0.0,1,propagule,1538,0,0,0.05006501950585176,True,0.005,0.015
2,2,47,0.0,0.0,1,propagule,1553,0,0,0.061171925305859624,True,0.005,0.015
2,2,48,0.0,0.0,1,propagule,1546,0,0,0.06080206985769728,True,0.005,0.015
2,2,49,0.0,0.0,1,propagule,1565,0,0,0.07412140575079872,True,0.005,0.015
2,2,50,0.0,0.0,1,propagule,1554,0,0,0.07271557271557272,True,0.005,0.015
2,2,51,0.0,0.0,1,propagule,1551,0,0,0.08317214700193423,True,0.005,0.015
2,2,52,0.0,0.0,1,propagule,1558,0,0,0.08600770218228498,True,0.005,0.015
2,3,1,0.0,0.0,1,propagule,1538,0,0,0.08972691807542263,True,0.005,0.015
2,3,2,0.0,0.0,1,propagule,1533,0,0,0.09067188519243313,True,0.005,0.015
2,3,3,0.0,0.0,1,propagule,1523,0,0,0.09192383453709783,True,0.005,0.015
2,3,4,0.0,0.0,1,propagule,1513,0,0,0.0945142101784534,True,0.005,0.015
2,3,5,0.0,0.0,1,propagule,1496,0,0,0.0929144385026738,True,0.005,0.015
2,3,6,0.0,0.0,1,propagule,1494,0,0,0.09571619812583668,True,0.005,0.015
2,3,7,0.0,0.0,1,propagule,1477,0,0,0.0974949221394719,True,0.005,0.015
2,3,8,0.0,0.0,1,propagule,1464,0,0,0.0976775956284153,True,0.005,0.015
2,3,9,0.0,0.0,1,propagule,1456,0,0,0.09752747252747253,True,0.005,0.015
2,3,10,0.0,0.0,1,propagule,1443,0,0,0.0997920997920998,True,0.005,0.015
2,3,11,0.0,0.0,1,propagule,1423,0,0,0.09838369641602249,True,0.005,0.015
2,3,12,0.0,0.0,1,propagule,1417,0,0,0.10303458009880029,True,0.005,0.015
2,3,13,0.0,0.0,1,propagule,1405,0,0,0.10177935943060498,True,0.005,0.015
2,3,14,0.0,0.0,1,propagule,1396,0,0,0.10386819484240688,True,0.005,0.015
2,3,15,0.0,0.0,1,propagule,1384,0,0,0.10621387283236994,True,0.005,0.015
2,3,16,0.0,0.0,1,propagule,1384,0,0,0.10549132947976879,True,0.005,0.015
2,3,17,0.0,0.0,1,propagule,1372,0,0,0.10787172011661808,True,0.005,0.015
2,3,18,0.0,0.0,1,propagule,3122,0,0,0.04676489429852659,True,0.005,0.015
2,3,19,0.0,0.0,1,propagule,3096,0,0,0.047157622739018086,True,0.005,0.015
2,3,20,0.0,0.0,1,propagule,3044,0,0,0.04862023653088042,True,0.005,0.015
2,3,21,0.0,0.0,1,propagule,2994,0,0,0.047762191048764197,True,0.005,0.015
2,3,22,0.0,0.0,1,propagule,2960,0,0,0.04932432432432433,True,0.005,0.015
2,3,23,0.0,0.0,1,propagule,2885,0,0,0.04956672443674177,True,0.005,0.015
2,3,24,0.0,0.0,1,propagule,2792,0,0,0.05300859598853868,True,0.005,0.015
2,3,25,0.0,0.0,1,propagule,2724,0,0,0.05249632892804699,True,0.005,0.015
2,3,26,0.0,0.0,1,propagule,2705,0,0,0.05545286506469501,True,0.005,0.015
2,3,27,0.0,0.0,1,propagule,2629,0,0,0.05401293267402054,True,0.005,0.015
2,3,28,0.0,0.0,1,propagule,2596,0,0,0.05662557781201849,True,0.005,0.015
2,3,29,0.0,0.0,1,propagule,2539,0,0,0.05553367467506892,True,0.005,0.015
2,3,30,0.0,0.0,1,propagule,2483,0,0,0.056786145791381394,True,0.005,0.015
2,3,31,0.0,0.0,1,propagule,2444,0,0,0.056055646481178396,True,0.005,0.015
2,3,32,0.0,0.0,1,propagule,2397,0,0,0.05548602419691281,True,0.005,0.015
2,3,33,0.0,0.0,1,propagule,2365,0,0,0.05454545454545454,True,0.005,0.015
2,3,34,0.0,0.0,1,propagule,2329,0,0,0.056676685272649206,True,0.005,0.015
2,3,35,0.0,0.0,1,propagule,2277,0,0,0.05753184014053579,True,0.005,0.015
2,3,36,0.0,0.0,1,propagule,2233,0,0,0.06090461262875056,True,0.005,0.015
2,3,37,0.0,0.0,1,propagule,2204,0,0,0.05852994555353902,True,0.005,0.015
2,3,38,0.0,0.0,1,propagule,2173,0,0,0.06304647952139898,True,0.005,0.015
2,3,39,0.0,0.0,1,propagule,2151,0,0,0.061366806136680614,True,0.005,0.015
2,3,40,0.0,0.0,1,propagule,2130,0,0,0.06384976525821597,True,0.005,0.015
2,3,41,0.0,0.0,1,propagule,2113,0,0,0.065309985802177,True,0.005,0.015
2,3,42,0.0,0.0,1,propagule,2123,0,0,0.07018370230805464,True,0.005,0.015
2,3,43,0.0,0.0,1,propagule,2169,0,0,0.09359151682803135,True,0.005,0.015
2,3,44,0.0,0.0,1,propagule,2088,0,0,0.08908045977011494,True,0.005,0.015
2,3,45,0.0,0.0,1,propagule,2083,0,0,0.08689390302448392,True,0.005,0.015
2,3,46,0.0,0.0,1,propagule,2057,0,0,0.08361691784151677,True,0.005,0.015
2,3,47,0.0,0.0,1,propagule,2088,0,0,0.09530651340996169,True,0.005,0.015
2,3,48,0.0,0.0,1,propagule,2058,0,0,0.09037900874635568,True,0.005,0.015
2,3,49,0.0,0.0,1,propagule,2044,0,0,0.09735812133072407,True,0.005,0.015
2,3,50,0.0,0.0,1,propagule,2015,0,0,0.09330024813895782,True,0.005,0.015
2,3,51,0.0,0.0,1,propagule,1999,0,0,0.09904952476238119,True,0.005,0.015
2,3,52,0.0,0.0,1,propagule,1965,0,0,0.09720101781170483,True,0.005,0.015
2,4,1,0.0,0.0,1,propagule,1940,0,0,0.10051546391752578,True,0.005,0.015
2,4,2,0.0,0.0,1,propagule,1921,0,0,0.09838625715773035,True,0.005,0.015
2,4,3,0.0,0.0,1,propagule,1899,0,0,0.09636650868878358,True,0.005,0.015
2,4,4,0.0,0.0,1,propagule,1879,0,0,0.09739222990952634,True,0.005,0.015
2,4,5,0.0,0.0,1,propagule,1862,0,0,0.09613319011815252,True,0.005,0.015
2,4,6,0.0,0.0,1,propagule,1844,0,0,0.09761388286334056,True,0.005,0.015
2,4,7,0.0,0.0,1,propagule,1822,0,0,0.0982436882546652,True,0.005,0.015
2,4,8,0.0,0.0,1,propagule,1793,0,0,0.09815950920245399,True,0.005,0.015
2,4,9,0.0,0.0,1,propagule,1769,0,0,0.09779536461277558,True,0.005,0.015
2,4,10,0.0,0.0,1,propagule,1757,0,0,0.09675583380762663,True,0.005,0.015
2,4,11,0.0,0.0,1,propagule,1731,0,0,0.09416522241478914,True,0.005,0.015
2,4,12,0.0,0.0,1,propagule,1725,0,0,0.09623188405797102,True,0.005,0.015
2,4,13,0.0,0.0,1,propagule,1698,0,0,0.09422850412249706,True,0.005,0.015
2,4,14,0.0,0.0,1,propagule,1686,0,0,0.09786476868327403,True,0.005,0.015
2,4,15,0.0,0.0,1,propagule,1663,0,0,0.09500901984365605,True,0.005,0.015
2,4,16,0.0,0.0,1,propagule,1650,0,0,0.09757575757575758,True,0.005,0.015
2,4,17,0.0,0.0,1,propagule,1631,0,0,0.09687308399754752,True,0.005,0.015
2,4,18,0.0,0.0,1,propagule,3519,0,0,0.045183290707587385,True,0.005,0.015
2,4,19,0.0,0.0,1,propagule,3439,0,0,0.043617330619366096,True,0.005,0.015
2,4,20,0.0,0.0,1,propagule,3361,0,0,0.044629574531389465,True,0.005,0.015
2,4,21,0.0,0.0,1,propagule,3274,0,0,0.04276114844227245,True,0.005,0.015
2,4,22,0.0,0.0,1,propagule,3185,0,0,0.0445839874411303,True,0.005,0.015
2,4,23,0.0,0.0,1,propagule,3139,0,0,0.04523733673144314,True,0.005,0.015
2,4,24,0.0,0.0,1,propagule,3057,0,0,0.04546941445861956,True,0.005,0.015
2,4,25,0.0,0.0,1,propagule,3015,0,0,0.046766169154228855,True,0.005,0.015
2,4,26,0.0,0.0,1,propagule,2945,0,0,0.044142614601018676,True,0.005,0.015
2,4,27,0.0,0.0,1,propagule,2928,0,0,0.0471311475409836,True,0.005,0.015
2,4,28,0.0,0.0,1,propagule,2848,0,0,0.045997191011235956,True,0.005,0.015
2,4,29,0.0,0.0,1,propagule,2812,0,0,0.0472972972972973,True,0.005,0.015
2,4,30,0.0,0.0,1,propagule,2772,0,0,0.046176046176046176,True,0.005,0.015
2,4,31,0.0,0.0,1,propagule,2734,0,0,0.0479151426481346,True,0.005,0.015
2,4,32,0.0,0.0,1,propagule,2687,0,0,0.0472646073688128,True,0.005,0.015
2,4,33,0.0,0.0,1,propagule,2646,0,0,0.049886621315192746,True,0.005,0.015
2,4,34,0.0,0.0,1,propagule,2554,0,0,0.050509005481597494,True,0.005,0.015
2,4,35,0.0,0.0,1,propagule,2512,0,0,0.04856687898089172,True,0.005,0.015
2,4,36,0.0,0.0,1,propagule,2437,0,0,0.04924086992203529,True,0.005,0.015
2,4,37,0.0,0.0,1,propagule,2395,0,0,0.04801670146137787,True,0.005,0.015
2,4,38,0.0,0.0,1,propagule,2373,0,0,0.05141171512852929,True,0.005,0.015
2,4,39,0.0,0.0,1,propagule,2347,0,0,0.0489987217724755,True,0.005,0.015
2,4,40,0.0,0.0,1,propagule,2323,0,0,0.05079638398622471,True,0.005,0.015
2,4,41,0.0,0.0,1,propagule,2293,0,0,0.04928041866550371,True,0.005,0.015
2,4,42,0.0,0.0,1,propagule,2276,0,0,0.0531634446397188,True,0.005,0.015
2,4,43,0.0,0.0,1,propagule,2372,0,0,0.09232715008431704,True,0.005,0.015
2,4,44,0.0,0.0,1,propagule,2283,0,0,0.07928164695575997,True,0.005,0.015
2,4,45,0.0,0.0,1,propagule,2244,0,0,0.0784313725490196,True,0.005,0.015
2,4,46,0.0,0.0,1,propagule,2228,0,0,0.07854578096947935,True,0.005,0.015
2,4,47,0.0,0.0,1,propagule,2194,0,0,0.08158614402917047,True,0.005,0.015
2,4,48,0.0,0.0,1,propagule,2193,0,0,0.08618331053351573,True,0.005,0.015
2,4,49,0.0,0.0,1,propagule,2159,0,0,0.0889300602130616,True,0.005,0.015
2,4,50,0.0,0.0,1,propagule,2163,0,0,0.09246417013407304,True,0.005,0.015
2,4,51,0.0,0.0,1,propagule,2130,0,0,0.09014084507042254,True,0.005,0.015
2,4,52,0.0,0.0,1,propagule,2124,0,0,0.0955743879472693,True,0.005,0.015
2,5,1,0.0,0.0,1,propagule,2106,0,0,0.09734093067426401,True,0.005,0.015
2,5,2,0.0,0.0,1,propagule,2081,0,0,0.09466602594906295,True,0.005,0.015
2,5,3,0.0,0.0,1,propagule,2052,0,0,0.09161793372319688,True,0.005,0.015
2,5,4,0.0,0.0,1,propagule,2020,0,0,0.09158415841584158,True,0.005,0.015
2,5,5,0.0,0.0,1,propagule,2016,0,0,0.09474206349206349,True,0.005,0.015
2,5,6,0.0,0.0,1,propagule,1979,0,0,0.0919656392117231,True,0.005,0.015
2,5,7,0.0,0.0,1,propagule,1967,0,0,0.09252669039145907,True,0.005,0.015
2,5,8,0.0,0.0,1,propagule,1946,0,0,0.09249743062692703,True,0.005,0.015
2,5,9,0.0,0.0,1,propagule,1934,0,0,0.09513960703205791,True,0.005,0.015
2,5,10,0.0,0.0,1,propagule,1915,0,0,0.09451697127937336,True,0.005,0.015
2,5,11,0.0,0.0,1,propagule,1894,0,0,0.09292502639915523,True,0.005,0.015
2,5,12,0.0,0.0,1,propagule,1864,0,0,0.09388412017167382,True,0.005,0.015
2,5,13,0.0,0.0,1,propagule,1848,0,0,0.09415584415584416,True,0.005,0.015
2,5,14,0.0,0.0,1,propagule,1834,0,0,0.09541984732824428,True,0.005,0.015
2,5,15,0.0,0.0,1,propagule,1813,0,0,0.09652509652509653,True,0.005,0.015
2,5,16,0.0,0.0,1,propagule,1804,0,0,0.09811529933481153,True,0.005,0.015
2,5,17,0.0,0.0,1,propagule,1784,0,0,0.09641255605381166,True,0.005,0.015
2,5,18,0.0,0.0,1,propagule,3915,0,0,0.04495530012771392,True,0.005,0.015
2,5,19,0.0,0.0,1,propagule,3839,0,0,0.04532430320395937,True,0.005,0.015
2,5,20,0.0,0.0,1,propagule,3782,0,0,0.046007403490216814,True,0.005,0.015
2,5,21,0.0,0.0,1,propagule,3623,0,0,0.04554236820314656,True,0.005,0.015
2,5,22,0.0,0.0,1,propagule,3517,0,0,0.045493318168893945,True,0.005,0.015
2,5,23,0.0,0.0,1,propagule,3489,0,0,0.046431642304385214,True,0.005,0.015
2,5,24,0.0,0.0,1,propagule,3450,0,0,0.04579710144927536,True,0.005,0.015
2,5,25,0.0,0.0,1,propagule,3380,0,0,0.0470414201183432,True,0.005,0.015
2,5,26,0.0,0.0,1,propagule,3310,0,0,0.04682779456193353,True,0.005,0.015
2,5,27,0.0,0.0,1,propagule,3202,0,0,0.047158026233603996,True,0.005,0.015
2,5,28,0.0,0.0,1,propagule,3150,0,0,0.045714285714285714,True,0.005,0.015
2,5,29,0.0,0.0,1,propagule,3135,0,0,0.048484848484848485,True,0.005,0.015
2,5,30,0.0,0.0,1,propagule,3073,0,0,0.048161405792385294,True,0.005,0.015
2,5,31,0.0,0.0,1,propagule,3046,0,0,0.04924491135915955,True,0.005,0.015
2,5,32,0.0,0.0,1,propagule,2962,0,0,0.048953409858203914,True,0.005,0.015
2,5,33,0.0,0.0,1,propagule,2924,0,0,0.049247606019151846,True,0.005,0.015
2,5,34,0.0,0.0,1,propagule,2871,0,0,0.04911180773249739,True,0.005,0.015
2,5,35,0.0,0.0,1,propagule,2860,0,0,0.05034965034965035,True,0.005,0.015
2,5,36,0.0,0.0,1,propagule,2815,0,0,0.05293072824156306,True,0.005,0.015
2,5,37,0.0,0.0,1,propagule,2750,0,0,0.05018181818181818,True,0.005,0.015
2,5,38,0.0,0.0,1,propagule,2695,0,0,0.04972170686456401,True,0.005,0.015
2,5,39,0.0,0.0,1,propagule,2667,0,0,0.050243719535058115,True,0.005,0.015
2,5,40,0.0,0.0,1,propagule,2635,0,0,0.05047438330170778,True,0.005,0.015
2,5,41,0.0,0.0,1,propagule,2614,0,0,0.05279265493496557,True,0.005,0.015
2,5,42,0.0,0.0,1,propagule,2576,0,0,0.05124223602484472,True,0.005,0.015
2,5,43,0.0,0.0,1,propagule,2744,0,0,0.09074344023323615,True,0.005,0.015
2,5,44,0.0,0.0,1,propagule,2626,0,0,0.08149276466108149,True,0.005,0.015
2,5,45,0.0,0.0,1,propagule,2587,0,0,0.07924236567452649,True,0.005,0.015
2,5,46,0.0,0.0,1,propagule,2568,0,0,0.07982866043613707,True,0.005,0.015
2,5,47,0.0,0.0,1,propagule,2524,0,0,0.0788431061806656,True,0.005,0.015
2,5,48,0.0,0.0,1,propagule,2505,0,0,0.08223552894211576,True,0.005,0.015
2,5,49,0.0,0.0,1,propagule,2458,0,0,0.080553295362083,True,0.005,0.015
2,5,50,0.0,0.0,1,propagule,2447,0,0,0.08214139762975071,True,0.005,0.015
2,5,51,0.0,0.0,1,propagule,2415,0,0,0.08281573498964803,True,0.005,0.015
2,5,52,0.0,0.0,1,propagule,2391,0,0,0.08322877457130907,True,0.005,0.015
2,6,1,0.0,0.0,1,propagule,2366,0,0,0.08157227387996618,True,0.005,0.015
2,6,2,0.0,0.0,1,propagule,2337,0,0,0.0834403080872914,True,0.005,0.015
2,6,3,0.0,0.0,1,propagule,2314,0,0,0.08426966292134831,True,0.005,0.015
2,6,4,0.0,0.0,1,propagule,2299,0,0,0.08438451500652458,True,0.005,0.015
2,6,5,0.0,0.0,1,propagule,2294,0,0,0.08587619877942458,True,0.005,0.015
2,6,6,0.0,0.0,1,propagule,2270,0,0,0.08634361233480176,True,0.005,0.015
2,6,7,0.0,0.0,1,propagule,2261,0,0,0.0880141530296329,True,0.005,0.015
2,6,8,0.0,0.0,1,propagule,2228,0,0,0.08842010771992818,True,0.005,0.015
2,6,9,0.0,0.0,1,propagule,2220,0,0,0.08648648648648649,True,0.005,0.015
2,6,10,0.0,0.0,1,propagule,2181,0,0,0.08665749656121045,True,0.005,0.015
2,6,11,0.0,0.0,1,propagule,2160,0,0,0.08703703703703704,True,0.005,0.015
2,6,12,0.0,0.0,1,propagule,2131,0,0,0.08869075551384327,True,0.005,0.015
2,6,13,0.0,0.0,1,propagule,2108,0,0,0.08870967741935484,True,0.005,0.015
2,6,14,0.0,0.0,1,propagule,2086,0,0,0.08916586768935762,True,0.005,0.015
2,6,15,0.0,0.0,1,propagule,2069,0,0,0.08989850169163847,True,0.005,0.015
2,6,16,0.0,0.0,1,propagule,2051,0,0,0.08922476840565578,True,0.005,0.015
2,6,17,0.0,0.0,1,propagule,2032,0,0,0.0890748031496063,True,0.005,0.015
2,6,18,0.0,0.0,1,propagule,4290,0,0,0.04195804195804196,True,0.005,0.015
2,6,19,0.0,0.0,1,propagule,4237,0,0,0.042010856738258204,True,0.005,0.015
2,6,20,0.0,0.0,1,propagule,4167,0,0,0.042236621070314374,True,0.005,0.015
2,6,21,0.0,0.0,1,propagule,4037,0,0,0.04285360416150607,True,0.005,0.015
2,6,22,0.0,0.0,1,propagule,3941,0,0,0.04288251712763258,True,0.005,0.015
2,6,23,0.0,0.0,1,propagule,3891,0,0,0.04317656129529684,True,0.005,0.015
2,6,24,0.0,0.0,1,propagule,3807,0,0,0.04465458366167586,True,0.005,0.015
2,6,25,0.0,0.0,1,propagule,3767,0,0,0.044332359968144414,True,0.005,0.015
2,6,26,0.0,0.0,1,propagule,3684,0,0,0.04478827361563518,True,0.005,0.015
2,6,27,0.0,0.0,1,propagule,3584,0,0,0.044642857142857144,True,0.005,0.015
2,6,28,0.0,0.0,1,propagule,3510,0,0,0.04586894586894587,True,0.005,0.015
2,6,29,0.0,0.0,1,propagule,3423,0,0,0.04645048203330412,True,0.005,0.015
2,6,30,0.0,0.0,1,propagule,3358,0,0,0.047349612864800474,True,0.005,0.015
2,6,31,0.0,0.0,1,propagule,3305,0,0,0.0481089258698941,True,0.005,0.015
2,6,32,0.0,0.0,1,propagule,3225,0,0,0.048992248062015506,True,0.005,0.015
2,6,33,0.0,0.0,1,propagule,3179,0,0,0.04938659955960994,True,0.005,0.015
2,6,34,0.0,0.0,1,propagule,3099,0,0,0.04969344949983866,True,0.005,0.015
2,6,35,0.0,0.0,1,propagule,3039,0,0,0.05001645278051991,True,0.005,0.015
2,6,36,0.0,0.0,1,propagule,2988,0,0,0.050870147255689425,True,0.005,0.015
2,6,37,0.0,0.0,1,propagule,2957,0,0,0.05207981061887048,True,0.005,0.015
2,6,38,0.0,0.0,1,propagule,2927,0,0,0.05158865732832251,True,0.005,0.015
2,6,39,0.0,0.0,1,propagule,2901,0,0,0.05239572561185798,True,0.005,0.015
2,6,40,0.0,0.0,1,propagule,2867,0,0,0.05231949773282177,True,0.005,0.015
2,6,41,0.0,0.0,1,propagule,2833,0,0,0.053653370984821744,True,0.005,0.015
2,6,42,0.0,0.0,1,propagule,2794,0,0,0.052970651395848244,True,0.005,0.015
2,6,43,0.0,0.0,1,propagule,2960,0,0,0.08952702702702703,True,0.005,0.015
2,6,44,0.0,0.0,1,propagule,2846,0,0,0.08151791988756149,True,0.005,0.015
2,6,45,0.0,0.0,1,propagule,2778,0,0,0.078113750899928,True,0.005,0.015
2,6,46,0.0,0.0,1,propagule,2748,0,0,0.07860262008733625,True,0.005,0.015
2,6,47,0.0,0.0,1,propagule,2716,0,0,0.07511045655375552,True,0.005,0.015
2,6,48,0.0,0.0,1,propagule,2679,0,0,0.07726763717805152,True,0.005,0.015
2,6,49,0.0,0.0,1,propagule,2644,0,0,0.07450832072617247,True,0.005,0.015
2,6,50,0.0,0.0,1,propagule,2626,0,0,0.07578065498857578,True,0.005,0.015
2,6,51,0.0,0.0,1,propagule,2585,0,0,0.07582205029013539,True,0.005,0.015
2,6,52,0.0,0.0,1,propagule,2567,0,0,0.07479548110634983,True,0.005,0.015
2,7,1,0.0,0.0,1,propagule,2534,0,0,0.0749802683504341,True,0.005,0.015
2,7,2,0.0,0.0,1,propagule,2519,0,0,0.07502977371973005,True,0.005,0.015
2,7,3,0.0,0.0,1,propagule,2481,0,0,0.0765820233776703,True,0.005,0.015
2,7,4,0.0,0.0,1,propagule,2454,0,0,0.07497962510187449,True,0.005,0.015
2,7,5,0.0,0.0,1,propagule,2409,0,0,0.07638024076380241,True,0.005,0.015
2,7,6,0.0,0.0,1,propagule,2394,0,0,0.07811194653299916,True,0.005,0.015
2,7,7,0.0,0.0,1,propagule,2357,0,0,0.07636826474331777,True,0.005,0.015
2,7,8,0.0,0.0,1,propagule,2345,0,0,0.0767590618336887,True,0.005,0.015
2,7,9,0.0,0.0,1,propagule,2319,0,0,0.07761966364812418,True,0.005,0.015
2,7,10,0.0,0.0,1,propagule,2313,0,0,0.07868568958063121,True,0.005,0.015
2,7,11,0.0,0.0,1,propagule,2278,0,0,0.07945566286215978,True,0.005,0.015
2,7,12,0.0,0.0,1,propagule,2261,0,0,0.07872622733303848,True,0.005,0.015
2,7,13,0.0,0.0,1,propagule,2237,0,0,0.07912382655341976,True,0.005,0.015
2,7,14,0.0,0.0,1,propagule,2224,0,0,0.0795863309352518,True,0.005,0.015
2,7,15,0.0,0.0,1,propagule,2190,0,0,0.08036529680365297,True,0.005,0.015
2,7,16,0.0,0.0,1,propagule,2169,0,0,0.07976025818349469,True,0.005,0.015
2,7,17,0.0,0.0,1,propagule,2151,0,0,0.08089260808926081,True,0.005,0.015
2,7,18,0.0,0.0,1,propagule,4723,0,0,0.036205801397416894,True,0.005,0.015
2,7,19,0.0,0.0,1,propagule,4656,0,0,0.03629725085910653,True,0.005,0.015
2,7,20,0.0,0.0,1,propagule,4612,0,0,0.03534258456201214,True,0.005,0.015
2,7,21,0.0,0.0,1,propagule,4498,0,0,0.03423743886171632,True,0.005,0.015
2,7,22,0.0,0.0,1,propagule,4424,0,0,0.03458408679927667,True,0.005,0.015
2,7,23,0.0,0.0,1,propagule,4327,0,0,0.034897157383868734,True,0.005,0.015
2,7,24,0.0,0.0,1,propagule,4237,0,0,0.03587443946188341,True,0.005,0.015
2,7,25,0.0,0.0,1,propagule,4123,0,0,0.03589619209313607,True,0.005,0.015
2,7,26,0.0,0.0,1,propagule,4066,0,0,0.036645351696999506,True,0.005,0.015
2,7,27,0.0,0.0,1,propagule,3934,0,0,0.035841382816471784,True,0.005,0.015
2,7,28,0.0,0.0,1,propagule,3886,0,0,0.03705609881626351,True,0.005,0.015
2,7,29,0.0,0.0,1,propagule,3808,0,0,0.037815126050420166,True,0.005,0.015
2,7,30,0.0,0.0,1,propagule,3737,0,0,0.03612523414503613,True,0.005,0.015
2,7,31,0.0,0.0,1,propagule,3690,0,0,0.036314363143631435,True,0.005,0.015
2,7,32,0.0,0.0,1,propagule,3636,0,0,0.03712871287128713,True,0.005,0.015
2,7,33,0.0,0.0,1,propagule,3571,0,0,0.037244469336320356,True,0.005,0.015
2,7,34,0.0,0.0,1,propagule,3517,0,0,0.037531987489337504,True,0.005,0.015
2,7,35,0.0,0.0,1,propagule,3458,0,0,0.038172353961827644,True,0.005,0.015
2,7,36,0.0,0.0,1,propagule,3417,0,0,0.04009364940005853,True,0.005,0.015
2,7,37,0.0,0.0,1,propagule,3361,0,0,0.04016661707825052,True,0.005,0.015
2,7,38,0.0,0.0,1,propagule,3326,0,0,0.04028863499699339,True,0.005,0.015
2,7,39,0.0,0.0,1,propagule,3271,0,0,0.039131763986548454,True,0.005,0.015
2,7,40,0.0,0.0,1,propagule,3242,0,0,0.04040715607649599,True,0.005,0.015
2,7,41,0.0,0.0,1,propagule,3209,0,0,0.04175755687129947,True,0.005,0.015
2,7,42,0.0,0.0,1,propagule,3178,0,0,0.04247954688483323,True,0.005,0.015
2,7,43,0.0,0.0,1,propagule,3356,0,0,0.08164481525625746,True,0.005,0.015
2,7,44,0.0,0.0,1,propagule,3204,0,0,0.07116104868913857,True,0.005,0.015
2,7,45,0.0,0.0,1,propagule,3147,0,0,0.06895455989831585,True,0.005,0.015
2,7,46,0.0,0.0,1,propagule,3107,0,0,0.07145156099130995,True,0.005,0.015
2,7,47,0.0,0.0,1,propagule,3099,0,0,0.07486285898676992,True,0.005,0.015
2,7,48,0.0,0.0,1,propagule,3061,0,0,0.07742567788304476,True,0.005,0.015
2,7,49,0.0,0.0,1,propagule,3036,0,0,0.07938076416337286,True,0.005,0.015
2,7,50,0.0,0.0,1,propagule,3012,0,0,0.07901726427622842,True,0.005,0.015
2,7,51,0.0,0.0,1,propagule,2998,0,0,0.08038692461641093,True,0.005,0.015
2,7,52,0.0,0.0,1,propagule,2950,0,0,0.08305084745762711,True,0.005,0.015
2,8,1,0.0,0.0,1,propagule,2923,0,0,0.08279165241190557,True,0.005,0.015
2,8,2,0.0,0.0,1,propagule,2878,0,0,0.08547602501737317,True,0.005,0.015
2,8,3,0.0,0.0,1,propagule,2864,0,0,0.08519553072625698,True,0.005,0.015
2,8,4,0.0,0.0,1,propagule,2831,0,0,0.08548216178028965,True,0.005,0.015
2,8,5,0.0,0.0,1,propagule,2788,0,0,0.08464849354375897,True,0.005,0.015
2,8,6,0.0,0.0,1,propagule,2753,0,0,0.08427170359607701,True,0.005,0.015
2,8,7,0.0,0.0,1,propagule,2729,0,0,0.08464639061927445,True,0.005,0.015
2,8,8,0.0,0.0,1,propagule,2699,0,0,0.08410522415709522,True,0.005,0.015
2,8,9,0.0,0.0,1,propagule,2678,0,0,0.0847647498132935,True,0.005,0.015
2,8,10,0.0,0.0,1,propagule,2646,0,0,0.08465608465608465,True,0.005,0.015
2,8,11,0.0,0.0,1,propagule,2626,0,0,0.08492003046458492,True,0.005,0.015
2,8,12,0.0,0.0,1,propagule,2596,0,0,0.08359013867488443,True,0.005,0.015
2,8,13,0.0,0.0,1,propagule,2572,0,0,0.08398133748055987,True,0.005,0.015
2,8,14,0.0,0.0,1,propagule,2546,0,0,0.0840534171249018,True,0.005,0.015
2,8,15,0.0,0.0,1,propagule,2524,0,0,0.08438985736925515,True,0.005,0.015
2,8,16,0.0,0.0,1,propagule,2488,0,0,0.0840032154340836,True,0.005,0.015
2,8,17,0.0,0.0,1,propagule,2467,0,0,0.08471828131333603,True,0.005,0.015
2,8,18,0.0,0.0,1,propagule,5179,0,0,0.040741455879513416,True,0.005,0.015
2,8,19,0.0,0.0,1,propagule,5114,0,0,0.04086820492764959,True,0.005,0.015
2,8,20,0.0,0.0,1,propagule,5067,0,0,0.04085257548845471,True,0.005,0.015
2,8,21,0.0,0.0,1,propagule,4978,0,0,0.04118119726797911,True,0.005,0.015
2,8,22,0.0,0.0,1,propagule,4871,0,0,0.04105933073290905,True,0.005,0.015
2,8,23,0.0,0.0,1,propagule,4779,0,0,0.041222012973425405,True,0.005,0.015
2,8,24,0.0,0.0,1,propagule,4708,0,0,0.04184367034834324,True,0.005,0.015
2,8,25,0.0,0.0,1,propagule,4656,0,0,0.04188144329896907,True,0.005,0.015
2,8,26,0.0,0.0,1,propagule,4544,0,0,0.04203345070422535,True,0.005,0.015
2,8,27,0.0,0.0,1,propagule,4484,0,0,0.0423728813559322,True,0.005,0.015
2,8,28,0.0,0.0,1,propagule,4391,0,0,0.04258710999772262,True,0.005,0.015
2,8,29,0.0,0.0,1,propagule,4311,0,0,0.04360937137555092,True,0.005,0.015
2,8,30,0.0,0.0,1,propagule,4214,0,0,0.044613194114855245,True,0.005,0.015
2,8,31,0.0,0.0,1,propagule,4168,0,0,0.04534548944337812,True,0.005,0.015
2,8,32,0.0,0.0,1,propagule,4100,0,0,0.045121951219512194,True,0.005,0.015
2,8,33,0.0,0.0,1,propagule,4024,0,0,0.04572564612326044,True,0.005,0.015
2,8,34,0.0,0.0,1,propagule,3954,0,0,0.04501770359129995,True,0.005,0.015
2,8,35,0.0,0.0,1,propagule,3913,0,0,0.04548939432660363,True,0.005,0.015
2,8,36,0.0,0.0,1,propagule,3843,0,0,0.04553734061930783,True,0.005,0.015
2,8,37,0.0,0.0,1,propagule,3793,0,0,0.04692855259688901,True,0.005,0.015
2,8,38,0.0,0.0,1,propagule,3755,0,0,0.04687083888149134,True,0.005,0.015
2,8,39,0.0,0.0,1,propagule,3723,0,0,0.0472737040021488,True,0.005,0.015
2,8,40,0.0,0.0,1,propagule,3688,0,0,0.04772234273318872,True,0.005,0.015
2,8,41,0.0,0.0,1,propagule,3668,0,0,0.04716466739367503,True,0.005,0.015
2,8,42,0.0,0.0,1,propagule,3631,0,0,0.0476452767832553,True,0.005,0.015
2,8,43,0.0,0.0,1,propagule,3818,0,0,0.09324253535882661,True,0.005,0.015
2,8,44,0.0,0.0,1,propagule,3663,0,0,0.07998907998907999,True,0.005,0.015
2,8,45,0.0,0.0,1,propagule,3619,0,0,0.0795799944736115,True,0.005,0.015
2,8,46,0.0,0.0,1,propagule,3547,0,0,0.08091344798421202,True,0.005,0.015
2,8,47,0.0,0.0,1,propagule,3503,0,0,0.08307165286896946,True,0.005,0.015
2,8,48,0.0,0.0,1,propagule,3460,0,0,0.08554913294797688,True,0.005,0.015
2,8,49,0.0,0.0,1,propagule,3433,0,0,0.08709583454704341,True,0.005,0.015
2,8,50,0.0,0.0,1,propagule,3399,0,0,0.088261253309797,True,0.005,0.015
2,8,51,0.0,0.0,1,propagule,3366,0,0,0.08764111705288176,True,0.005,0.015
2,8,52,0.0,0.0,1,propagule,3336,0,0,0.08902877697841727,True,0.005,0.015
2,9,1,0.0,0.0,1,propagule,3303,0,0,0.08900999091734786,True,0.005,0.015
2,9,2,0.0,0.0,1,propagule,3257,0,0,0.08934602394841878,True,0.005,0.015
2,9,3,0.0,0.0,1,propagule,3230,0,0,0.09040247678018576,True,0.005,0.015
2,9,4,0.0,0.0,1,propagule,3197,0,0,0.09133562715045355,True,0.005,0.015
2,9,5,0.0,0.0,1,propagule,3184,0,0,0.09296482412060302,True,0.005,0.015
2,9,6,0.0,0.0,1,propagule,3148,0,0,0.09212198221092757,True,0.005,0.015
2,9,7,0.0,0.0,1,propagule,3122,0,0,0.09320948110185778,True,0.005,0.015
2,9,8,0.0,0.0,1,propagule,3086,0,0,0.09202851587815943,True,0.005,0.015
2,9,9,0.0,0.0,1,propagule,3055,0,0,0.09263502454991816,True,0.005,0.015
2,9,10,0.0,0.0,1,propagule,3022,0,0,0.09199205823957644,True,0.005,0.015
2,9,11,0.0,0.0,1,propagule,2993,0,0,0.09121282993651854,True,0.005,0.015
2,9,12,0.0,0.0,1,propagule,2970,0,0,0.09191919191919191,True,0.005,0.015
2,9,13,0.0,0.0,1,propagule,2950,0,0,0.09322033898305085,True,0.005,0.015
2,9,14,0.0,0.0,1,propagule,2922,0,0,0.09342915811088295,True,0.005,0.015
2,9,15,0.0,0.0,1,propagule,2897,0,0,0.09147393855712806,True,0.005,0.015
2,9,16,0.0,0.0,1,propagule,2857,0,0,0.09240462023101155,True,0.005,0.015
2,9,17,0.0,0.0,1,propagule,2834,0,0,0.0931545518701482,True,0.005,0.015
2,9,18,0.0,0.0,1,propagule,5833,0,0,0.041316646665523746,True,0.005,0.015
2,9,19,0.0,0.0,1,propagule,5770,0,0,0.040901213171577126,True,0.005,0.015
2,9,20,0.0,0.0,1,propagule,5670,0,0,0.04144620811287478,True,0.005,0.015
2,9,21,0.0,0.0,1,propagule,5573,0,0,0.0414498474789162,True,0.005,0.015
2,9,22,0.0,0.0,1,propagule,5442,0,0,0.04226387357589122,True,0.005,0.015
2,9,23,0.0,0.0,1,propagule,5350,0,0,0.04242990654205608,True,0.005,0.015
2,9,24,0.0,0.0,1,propagule,5227,0,0,0.04323703845418022,True,0.005,0.015
2,9,25,0.0,0.0,1,propagule,5165,0,0,0.04375605033881897,True,0.005,0.015
2,9,26,0.0,0.0,1,propagule,5068,0,0,0.04419889502762431,True,0.005,0.015
2,9,27,0.0,0.0,1,propagule,5005,0,0,0.04355644355644356,True,0.005,0.015
2,9,28,0.0,0.0,1,propagule,4902,0,0,0.043451652386780906,True,0.005,0.015
2,9,29,0.0,0.0,1,propagule,4808,0,0,0.04430116472545757,True,0.005,0.015
2,9,30,0.0,0.0,1,propagule,4734,0,0,0.04457118715673849,True,0.005,0.015
2,9,31,0.0,0.0,1,propagule,4677,0,0,0.044686765020312165,True,0.005,0.015
2,9,32,0.0,0.0,1,propagule,4648,0,0,0.04561101549053356,True,0.005,0.015
2,9,33,0.0,0.0,1,propagule,4576,0,0,0.045236013986013984,True,0.005,0.015
2,9,34,0.0,0.0,1,propagule,4533,0,0,0.045885726891683215,True,0.005,0.015
2,9,35,0.0,0.0,1,propagule,4469,0,0,0.046095323338554484,True,0.005,0.015
2,9,36,0.0,0.0,1,propagule,4399,0,0,0.04705614912480109,True,0.005,0.015
2,9,37,0.0,0.0,1,propagule,4347,0,0,0.0478490913273522,True,0.005,0.015
2,9,38,0.0,0.0,1,propagule,4279,0,0,0.04837578873568591,True,0.005,0.015
2,9,39,0.0,0.0,1,propagule,4238,0,0,0.04789995280792827,True,0.005,0.015
2,9,40,0.0,0.0,1,propagule,4190,0,0,0.0486873508353222,True,0.005,0.015
2,9,41,0.0,0.0,1,propagule,4158,0,0,0.048340548340548344,True,0.005,0.015
2,9,42,0.0,0.0,1,propagule,4101,0,0,0.04803706413069983,True,0.005,0.015
2,9,43,0.0,0.0,1,propagule,4232,0,0,0.08955576559546313,True,0.005,0.015
2,9,44,0.0,0.0,1,propagule,4024,0,0,0.0797713717693837,True,0.005,0.015
2,9,45,0.0,0.0,1,propagule,3939,0,0,0.0748921045950749,True,0.005,0.015
2,9,46,0.0,0.0,1,propagule,3891,0,0,0.0765869956309432,True,0.005,0.015
2,9,47,0.0,0.0,1,propagule,3853,0,0,0.07604464053983909,True,0.005,0.015
2,9,48,0.0,0.0,1,propagule,3807,0,0,0.07617546624638823,True,0.005,0.015
2,9,49,0.0,0.0,1,propagule,3764,0,0,0.07598299681190224,True,0.005,0.015
2,9,50,0.0,0.0,1,propagule,3730,0,0,0.07640750670241286,True,0.005,0.015
2,9,51,0.0,0.0,1,propagule,3695,0,0,0.07604871447902571,True,0.005,0.015
2,9,52,0.0,0.0,1,propagule,3661,0,0,0.07702813438951106,True,0.005,0.015
2,10,1,0.0,0.0,1,propagule,3630,0,0,0.07823691460055096,True,0.005,0.015
2,10,2,0.0,0.0,1,propagule,3582,0,0,0.07788944723618091,True,0.005,0.015
2,10,3,0.0,0.0,1,propagule,3550,0,0,0.07887323943661972,True,0.005,0.015
2,10,4,0.0,0.0,1,propagule,3511,0,0,0.07946454001708915,True,0.005,0.015
2,10,5,0.0,0.0,1,propagule,3493,0,0,0.07987403378184942,True,0.005,0.015
2,10,6,0.0,0.0,1,propagule,3453,0,0,0.08050970170865913,True,0.005,0.015
2,10,7,0.0,0.0,1,propagule,3423,0,0,0.08033888401986561,True,0.005,0.015
2,10,8,0.0,0.0,1,propagule,3384,0,0,0.08096926713947991,True,0.005,0.015
2,10,9,0.0,0.0,1,propagule,3345,0,0,0.08161434977578476,True,0.005,0.015
2,10,10,0.0,0.0,1,propagule,3318,0,0,0.081374321880651,True,0.005,0.015
2,10,11,0.0,0.0,1,propagule,3295,0,0,0.08133535660091047,True,0.005,0.015
2,10,12,0.0,0.0,1,propagule,3264,0,0,0.08241421568627451,True,0.005,0.015
2,10,13,0.0,0.0,1,propagule,3233,0,0,0.08227652335292299,True,0.005,0.015
2,10,14,0.0,0.0,1,propagule,3204,0,0,0.08333333333333333,True,0.005,0.015
2,10,15,0.0,0.0,1,propagule,3176,0,0,0.08280856423173803,True,0.005,0.015
2,10,16,0.0,0.0,1,propagule,3140,0,0,0.08343949044585987,True,0.005,0.015
2,10,17,0.0,0.0,1,propagule,3114,0,0,0.08349389852280026,True,0.005,0.015
2,10,18,0.0,0.0,1,propagule,6381,0,0,0.0380818053596615,True,0.005,0.015
2,10,19,0.0,0.0,1,propagule,6327,0,0,0.03777461672198514,True,0.005,0.015
2,10,20,0.0,0.0,1,propagule,6215,0,0,0.038616251005631534,True,0.005,0.015
2,10,21,0.0,0.0,1,propagule,6127,0,0,0.03868124693977477,True,0.005,0.015
2,10,22,0.0,0.0,1,propagule,6010,0,0,0.038935108153078206,True,0.005,0.015
2,10,23,0.0,0.0,1,propagule,5901,0,0,0.03982375868496865,True,0.005,0.015
2,10,24,0.0,0.0,1,propagule,5774,0,0,0.04000692760651195,True,0.005,0.015
2,10,25,0.0,0.0,1,propagule,5660,0,0,0.04063604240282685,True,0.005,0.015
2,10,26,0.0,0.0,1,propagule,5518,0,0,0.04113809351214208,True,0.005,0.015
2,10,27,0.0,0.0,1,propagule,5424,0,0,0.0420353982300885,True,0.005,0.015
2,10,28,0.0,0.0,1,propagule,5326,0,0,0.04205782951558393,True,0.005,0.015
2,10,29,0.0,0.0,1,propagule,5229,0,0,0.04264677758653662,True,0.005,0.015
2,10,30,0.0,0.0,1,propagule,5114,0,0,0.042432538130621825,True,0.005,0.015
2,10,31,0.0,0.0,1,propagule,5050,0,0,0.043168316831683165,True,0.005,0.015
2,10,32,0.0,0.0,1,propagule,4948,0,0,0.04244139046079224,True,0.005,0.015
2,10,33,0.0,0.0,1,propagule,4851,0,0,0.04329004329004329,True,0.005,0.015
2,10,34,0.0,0.0,1,propagule,4736,0,0,0.04328547297297297,True,0.005,0.015
2,10,35,0.0,0.0,1,propagule,4666,0,0,0.044363480497213885,True,0.005,0.015
2,10,36,0.0,0.0,1,propagule,4525,0,0,0.04486187845303868,True,0.005,0.015
2,10,37,0.0,0.0,1,propagule,4477,0,0,0.046012955103864196,True,0.005,0.015
2,10,38,0.0,0.0,1,propagule,4419,0,0,0.0461642905634759,True,0.005,0.015
2,10,39,0.0,0.0,1,propagule,4379,0,0,0.047042703813656085,True,0.005,0.015
2,10,40,0.0,0.0,1,propagule,4324,0,0,0.04810360777058279,True,0.005,0.015
2,10,41,0.0,0.0,1,propagule,4287,0,0,0.048052250991369255,True,0.005,0.015
2,10,42,0.0,0.0,1,propagule,4242,0,0,0.048797736916548796,True,0.005,0.015
2,10,43,0.0,0.0,1,propagule,4434,0,0,0.09765448804691024,True,0.005,0.015
2,10,44,0.0,0.0,1,propagule,4225,0,0,0.08804733727810651,True,0.005,0.015
2,10,45,0.0,0.0,1,propagule,4123,0,0,0.08731506184816881,True,0.005,0.015
2,10,46,0.0,0.0,1,propagule,4060,0,0,0.08620689655172414,True,0.005,0.015
2,10,47,0.0,0.0,1,propagule,4006,0,0,0.08686969545681478,True,0.005,0.015
2,10,48,0.0,0.0,1,propagule,3947,0,0,0.0876615150747403,True,0.005,0.015
2,10,49,0.0,0.0,1,propagule,3883,0,0,0.08884882822559877,True,0.005,0.015
2,10,50,0.0,0.0,1,propagule,3850,0,0,0.0890909090909091,True,0.005,0.015
2,10,51,0.0,0.0,1,propagule,3814,0,0,0.0875721027792344,True,0.005,0.015
2,10,52,0.0,0.0,1,propagule,3763,0,0,0.08796173266011162,True,0.005,0.015
2,1,1,0.0,0.0,1,propagule,943,0,0,0.0,True,0.005,0.02
2,1,2,0.0,0.0,1,propagule,935,0,0,0.0010695187165775401,True,0.005,0.02
2,1,3,0.0,0.0,1,propagule,933,0,0,0.0010718113612004287,True,0.005,0.02
2,1,4,0.0,0.0,1,propagule,929,0,0,0.002152852529601722,True,0.005,0.02
2,1,5,0.0,0.0,1,propagule,921,0,0,0.002171552660152009,True,0.005,0.02
2,1,6,0.0,0.0,1,propagule,917,0,0,0.0021810250817884407,True,0.005,0.02
2,1,7,0.0,0.0,1,propagule,907,0,0,0.0033076074972436605,True,0.005,0.02
2,1,8,0.0,0.0,1,propagule,885,0,0,0.004519774011299435,True,0.005,0.02
2,1,9,0.0,0.0,1,propagule,878,0,0,0.0056947608200455585,True,0.005,0.02
2,1,10,0.0,0.0,1,propagule,850,0,0,0.004705882352941176,True,0.005,0.02
2,1,11,0.0,0.0,1,propagule,856,0,0,0.004672897196261682,True,0.005,0.02
2,1,12,0.0,0.0,1,propagule,828,0,0,0.004830917874396135,True,0.005,0.02
2,1,13,0.0,0.0,1,propagule,823,0,0,0.004860267314702308,True,0.005,0.02
2,1,14,0.0,0.0,1,propagule,801,0,0,0.004993757802746567,True,0.005,0.02
2,1,15,0.0,0.0,1,propagule,798,0,0,0.005012531328320802,True,0.005,0.02
2,1,16,0.0,0.0,1,propagule,782,0,0,0.005115089514066497,True,0.005,0.02
2,1,17,0.0,0.0,1,propagule,769,0,0,0.005201560468140442,True,0.005,0.02
2,1,18,0.0,0.0,1,propagule,2187,0,0,0.001828989483310471,True,0.005,0.02
2,1,19,0.0,0.0,1,propagule,2123,0,0,0.0018841262364578427,True,0.005,0.02
2,1,20,0.0,0.0,1,propagule,2086,0,0,0.0028763183125599234,True,0.005,0.02
2,1,21,0.0,0.0,1,propagule,2051,0,0,0.0019502681618722574,True,0.005,0.02
2,1,22,0.0,0.0,1,propagule,2010,0,0,0.001990049751243781,True,0.005,0.02
2,1,23,0.0,0.0,1,propagule,1981,0,0,0.0020191822311963654,True,0.005,0.02
2,1,24,0.0,0.0,1,propagule,1962,0,0,0.003567787971457696,True,0.005,0.02
2,1,25,0.0,0.0,1,propagule,1941,0,0,0.002575991756826378,True,0.005,0.02
2,1,26,0.0,0.0,1,propagule,1903,0,0,0.005254860746190226,True,0.005,0.02
2,1,27,0.0,0.0,1,propagule,1896,0,0,0.004219409282700422,True,0.005,0.02
2,1,28,0.0,0.0,1,propagule,1839,0,0,0.0065252854812398045,True,0.005,0.02
2,1,29,0.0,0.0,1,propagule,1807,0,0,0.006087437742114001,True,0.005,0.02
2,1,30,0.0,0.0,1,propagule,1742,0,0,0.006314580941446613,True,0.005,0.02
2,1,31,0.0,0.0,1,propagule,1737,0,0,0.0069084628670120895,True,0.005,0.02
2,1,32,0.0,0.0,1,propagule,1695,0,0,0.0058997050147492625,True,0.005,0.02
2,1,33,0.0,0.0,1,propagule,1679,0,0,0.006551518761167362,True,0.005,0.02
2,1,34,0.0,0.0,1,propagule,1660,0,0,0.006626506024096385,True,0.005,0.02
2,1,35,0.0,0.0,1,propagule,1635,0,0,0.00672782874617737,True,0.005,0.02
2,1,36,0.0,0.0,1,propagule,1615,0,0,0.0086687306501548,True,0.005,0.02
2,1,37,0.0,0.0,1,propagule,1574,0,0,0.008894536213468869,True,0.005,0.02
2,1,38,0.0,0.0,1,propagule,1573,0,0,0.01144310235219326,True,0.005,0.02
2,1,39,0.0,0.0,1,propagule,1547,0,0,0.01680672268907563,True,0.005,0.02
2,1,40,0.0,0.0,1,propagule,1529,0,0,0.017004578155657292,True,0.005,0.02
2,1,41,0.0,0.0,1,propagule,1516,0,0,0.016490765171503958,True,0.005,0.02
2,1,42,0.0,0.0,1,propagule,1492,0,0,0.01675603217158177,True,0.005,0.02
2,1,43,0.0,0.0,1,propagule,1493,0,0,0.028801071667782986,True,0.005,0.02
2,1,44,0.0,0.0,1,propagule,1485,0,0,0.028282828282828285,True,0.005,0.02
2,1,45,0.0,0.0,1,propagule,1481,0,0,0.03241053342336259,True,0.005,0.02
2,1,46,0.0,0.0,1,propagule,1464,0,0,0.031420765027322405,True,0.005,0.02
2,1,47,0.0,0.0,1,propagule,1469,0,0,0.03880190605854323,True,0.005,0.02
2,1,48,0.0,0.0,1,propagule,1445,0,0,0.04152249134948097,True,0.005,0.02
2,1,49,0.0,0.0,1,propagule,1441,0,0,0.048577376821651634,True,0.005,0.02
2,1,50,0.0,0.0,1,propagule,1426,0,0,0.04908835904628331,True,0.005,0.02
2,1,51,0.0,0.0,1,propagule,1432,0,0,0.055865921787709494,True,0.005,0.02
2,1,52,0.0,0.0,1,propagule,1402,0,0,0.05777460770328103,True,0.005,0.02
2,2,1,0.0,0.0,1,propagule,1384,0,0,0.05852601156069364,True,0.005,0.02
2,2,2,0.0,0.0,1,propagule,1363,0,0,0.058694057226705794,True,0.005,0.02
2,2,3,0.0,0.0,1,propagule,1347,0,0,0.05864884929472903,True,0.005,0.02
2,2,4,0.0,0.0,1,propagule,1333,0,0,0.0622655663915979,True,0.005,0.02
2,2,5,0.0,0.0,1,propagule,1320,0,0,0.059848484848484845,True,0.005,0.02
2,2,6,0.0,0.0,1,propagule,1295,0,0,0.06023166023166023,True,0.005,0.02
2,2,7,0.0,0.0,1,propagule,1271,0,0,0.059008654602675056,True,0.005,0.02
2,2,8,0.0,0.0,1,propagule,1264,0,0,0.058544303797468354,True,0.005,0.02
2,2,9,0.0,0.0,1,propagule,1250,0,0,0.0584,True,0.005,0.02
2,2,10,0.0,0.0,1,propagule,1235,0,0,0.06072874493927125,True,0.005,0.02
2,2,11,0.0,0.0,1,propagule,1217,0,0,0.056696795398520954,True,0.005,0.02
2,2,12,0.0,0.0,1,propagule,1204,0,0,0.0606312292358804,True,0.005,0.02
2,2,13,0.0,0.0,1,propagule,1190,0,0,0.05966386554621849,True,0.005,0.02
2,2,14,0.0,0.0,1,propagule,1170,0,0,0.062393162393162394,True,0.005,0.02
2,2,15,0.0,0.0,1,propagule,1160,0,0,0.0603448275862069,True,0.005,0.02
2,2,16,0.0,0.0,1,propagule,1150,0,0,0.06521739130434782,True,0.005,0.02
2,2,17,0.0,0.0,1,propagule,1145,0,0,0.062882096069869,True,0.005,0.02
2,2,18,0.0,0.0,1,propagule,2169,0,0,0.03550023052097741,True,0.005,0.02
2,2,19,0.0,0.0,1,propagule,2140,0,0,0.032242990654205606,True,0.005,0.02
2,2,20,0.0,0.0,1,propagule,2131,0,0,0.03754106053496011,True,0.005,0.02
2,2,21,0.0,0.0,1,propagule,2050,0,0,0.0351219512195122,True,0.005,0.02
2,2,22,0.0,0.0,1,propagule,2016,0,0,0.037698412698412696,True,0.005,0.02
2,2,23,0.0,0.0,1,propagule,1949,0,0,0.03591585428424833,True,0.005,0.02
2,2,24,0.0,0.0,1,propagule,1900,0,0,0.037894736842105266,True,0.005,0.02
2,2,25,0.0,0.0,1,propagule,1868,0,0,0.03800856531049251,True,0.005,0.02
2,2,26,0.0,0.0,1,propagule,1808,0,0,0.03982300884955752,True,0.005,0.02
2,2,27,0.0,0.0,1,propagule,1763,0,0,0.03743618831537152,True,0.005,0.02
2,2,28,0.0,0.0,1,propagule,1732,0,0,0.03983833718244804,True,0.005,0.02
2,2,29,0.0,0.0,1,propagule,1694,0,0,0.04191263282172373,True,0.005,0.02
2,2,30,0.0,0.0,1,propagule,1667,0,0,0.04079184163167367,True,0.005,0.02
2,2,31,0.0,0.0,1,propagule,1626,0,0,0.03997539975399754,True,0.005,0.02
2,2,32,0.0,0.0,1,propagule,1602,0,0,0.04119850187265917,True,0.005,0.02
2,2,33,0.0,0.0,1,propagule,1557,0,0,0.03982016698779704,True,0.005,0.02
2,2,34,0.0,0.0,1,propagule,1563,0,0,0.04030710172744722,True,0.005,0.02
2,2,35,0.0,0.0,1,propagule,1551,0,0,0.04319793681495809,True,0.005,0.02
2,2,36,0.0,0.0,1,propagule,1520,0,0,0.05131578947368421,True,0.005,0.02
2,2,37,0.0,0.0,1,propagule,1491,0,0,0.04560697518443997,True,0.005,0.02
2,2,38,0.0,0.0,1,propagule,1481,0,0,0.04659014179608373,True,0.005,0.02
2,2,39,0.0,0.0,1,propagule,1470,0,0,0.04693877551020408,True,0.005,0.02
2,2,40,0.0,0.0,1,propagule,1452,0,0,0.05027548209366391,True,0.005,0.02
2,2,41,0.0,0.0,1,propagule,1437,0,0,0.04523312456506611,True,0.005,0.02
2,2,42,0.0,0.0,1,propagule,1416,0,0,0.04943502824858757,True,0.005,0.02
2,2,43,0.0,0.0,1,propagule,1401,0,0,0.049964311206281226,True,0.005,0.02
2,2,44,0.0,0.0,1,propagule,1389,0,0,0.05183585313174946,True,0.005,0.02
2,2,45,0.0,0.0,1,propagule,1395,0,0,0.060215053763440864,True,0.005,0.02
2,2,46,0.0,0.0,1,propagule,1381,0,0,0.062273714699493124,True,0.005,0.02
2,2,47,0.0,0.0,1,propagule,1370,0,0,0.07153284671532846,True,0.005,0.02
2,2,48,0.0,0.0,1,propagule,1370,0,0,0.072992700729927,True,0.005,0.02
2,2,49,0.0,0.0,1,propagule,1360,0,0,0.07647058823529412,True,0.005,0.02
2,2,50,0.0,0.0,1,propagule,1356,0,0,0.08112094395280237,True,0.005,0.02
2,2,51,0.0,0.0,1,propagule,1336,0,0,0.08008982035928144,True,0.005,0.02
2,2,52,0.0,0.0,1,propagule,1327,0,0,0.08063300678221552,True,0.005,0.02
2,3,1,0.0,0.0,1,propagule,1310,0,0,0.0816793893129771,True,0.005,0.02
2,3,2,0.0,0.0,1,propagule,1290,0,0,0.08294573643410853,True,0.005,0.02
2,3,3,0.0,0.0,1,propagule,1274,0,0,0.08241758241758242,True,0.005,0.02
2,3,4,0.0,0.0,1,propagule,1247,0,0,0.0817963111467522,True,0.005,0.02
2,3,5,0.0,0.0,1,propagule,1228,0,0,0.08143322475570032,True,0.005,0.02
2,3,6,0.0,0.0,1,propagule,1217,0,0,0.07970419063270337,True,0.005,0.02
2,3,7,0.0,0.0,1,propagule,1199,0,0,0.08006672226855713,True,0.005,0.02
2,3,8,0.0,0.0,1,propagule,1190,0,0,0.08235294117647059,True,0.005,0.02
2,3,9,0.0,0.0,1,propagule,1172,0,0,0.0810580204778157,True,0.005,0.02
2,3,10,0.0,0.0,1,propagule,1165,0,0,0.08068669527896996,True,0.005,0.02
2,3,11,0.0,0.0,1,propagule,1147,0,0,0.08195292066259809,True,0.005,0.02
2,3,12,0.0,0.0,1,propagule,1146,0,0,0.08289703315881326,True,0.005,0.02
2,3,13,0.0,0.0,1,propagule,1127,0,0,0.08163265306122448,True,0.005,0.02
2,3,14,0.0,0.0,1,propagule,1129,0,0,0.08237378210806023,True,0.005,0.02
2,3,15,0.0,0.0,1,propagule,1109,0,0,0.0829576194770063,True,0.005,0.02
2,3,16,0.0,0.0,1,propagule,1106,0,0,0.08408679927667269,True,0.005,0.02
2,3,17,0.0,0.0,1,propagule,1080,0,0,0.0824074074074074,True,0.005,0.02
2,3,18,0.0,0.0,1,propagule,2435,0,0,0.036139630390143736,True,0.005,0.02
2,3,19,0.0,0.0,1,propagule,2378,0,0,0.036585365853658534,True,0.005,0.02
2,3,20,0.0,0.0,1,propagule,2336,0,0,0.038527397260273974,True,0.005,0.02
2,3,21,0.0,0.0,1,propagule,2304,0,0,0.0390625,True,0.005,0.02
2,3,22,0.0,0.0,1,propagule,2266,0,0,0.038834951456310676,True,0.005,0.02
2,3,23,0.0,0.0,1,propagule,2205,0,0,0.039002267573696146,True,0.005,0.02
2,3,24,0.0,0.0,1,propagule,2178,0,0,0.04040404040404041,True,0.005,0.02
2,3,25,0.0,0.0,1,propagule,2089,0,0,0.04068932503590235,True,0.005,0.02
2,3,26,0.0,0.0,1,propagule,2030,0,0,0.04039408866995074,True,0.005,0.02
2,3,27,0.0,0.0,1,propagule,1979,0,0,0.040929762506316324,True,0.005,0.02
2,3,28,0.0,0.0,1,propagule,1940,0,0,0.041237113402061855,True,0.005,0.02
2,3,29,0.0,0.0,1,propagule,1899,0,0,0.044233807266982623,True,0.005,0.02
2,3,30,0.0,0.0,1,propagule,1864,0,0,0.04291845493562232,True,0.005,0.02
2,3,31,0.0,0.0,1,propagule,1815,0,0,0.04242424242424243,True,0.005,0.02
2,3,32,0.0,0.0,1,propagule,1760,0,0,0.044886363636363634,True,0.005,0.02
2,3,33,0.0,0.0,1,propagule,1753,0,0,0.045636052481460354,True,0.005,0.02
2,3,34,0.0,0.0,1,propagule,1708,0,0,0.04566744730679157,True,0.005,0.02
2,3,35,0.0,0.0,1,propagule,1700,0,0,0.04352941176470588,True,0.005,0.02
2,3,36,0.0,0.0,1,propagule,1603,0,0,0.048034934497816595,True,0.005,0.02
2,3,37,0.0,0.0,1,propagule,1583,0,0,0.053063802905874924,True,0.005,0.02
2,3,38,0.0,0.0,1,propagule,1546,0,0,0.056921086675291076,True,0.005,0.02
2,3,39,0.0,0.0,1,propagule,1532,0,0,0.05548302872062663,True,0.005,0.02
2,3,40,0.0,0.0,1,propagule,1514,0,0,0.058784676354029064,True,0.005,0.02
2,3,41,0.0,0.0,1,propagule,1498,0,0,0.056742323097463285,True,0.005,0.02
2,3,42,0.0,0.0,1,propagule,1487,0,0,0.05716207128446537,True,0.005,0.02
2,3,43,0.0,0.0,1,propagule,1519,0,0,0.086899275839368,True,0.005,0.02
2,3,44,0.0,0.0,1,propagule,1465,0,0,0.08054607508532423,True,0.005,0.02
2,3,45,0.0,0.0,1,propagule,1436,0,0,0.0745125348189415,True,0.005,0.02
2,3,46,0.0,0.0,1,propagule,1420,0,0,0.0823943661971831,True,0.005,0.02
2,3,47,0.0,0.0,1,propagule,1401,0,0,0.08208422555317631,True,0.005,0.02
2,3,48,0.0,0.0,1,propagule,1359,0,0,0.07652685798381163,True,0.005,0.02
2,3,49,0.0,0.0,1,propagule,1338,0,0,0.08071748878923767,True,0.005,0.02
2,3,50,0.0,0.0,1,propagule,1322,0,0,0.07791225416036308,True,0.005,0.02
2,3,51,0.0,0.0,1,propagule,1297,0,0,0.08249807247494217,True,0.005,0.02
2,3,52,0.0,0.0,1,propagule,1292,0,0,0.0781733746130031,True,0.005,0.02
2,4,1,0.0,0.0,1,propagule,1281,0,0,0.08118657298985169,True,0.005,0.02
2,4,2,0.0,0.0,1,propagule,1270,0,0,0.08188976377952756,True,0.005,0.02
2,4,3,0.0,0.0,1,propagule,1267,0,0,0.08524072612470403,True,0.005,0.02
2,4,4,0.0,0.0,1,propagule,1256,0,0,0.08439490445859872,True,0.005,0.02
2,4,5,0.0,0.0,1,propagule,1245,0,0,0.09156626506024096,True,0.005,0.02
2,4,6,0.0,0.0,1,propagule,1226,0,0,0.09053833605220228,True,0.005,0.02
2,4,7,0.0,0.0,1,propagule,1218,0,0,0.09359605911330049,True,0.005,0.02
2,4,8,0.0,0.0,1,propagule,1200,0,0,0.09166666666666666,True,0.005,0.02
2,4,9,0.0,0.0,1,propagule,1187,0,0,0.09435551811288964,True,0.005,0.02
2,4,10,0.0,0.0,1,propagule,1165,0,0,0.0927038626609442,True,0.005,0.02
2,4,11,0.0,0.0,1,propagule,1158,0,0,0.09585492227979274,True,0.005,0.02
2,4,12,0.0,0.0,1,propagule,1143,0,0,0.09448818897637795,True,0.005,0.02
2,4,13,0.0,0.0,1,propagule,1128,0,0,0.09397163120567376,True,0.005,0.02
2,4,14,0.0,0.0,1,propagule,1116,0,0,0.09587813620071685,True,0.005,0.02
2,4,15,0.0,0.0,1,propagule,1103,0,0,0.09519492293744333,True,0.005,0.02
2,4,16,0.0,0.0,1,propagule,1092,0,0,0.09523809523809523,True,0.005,0.02
2,4,17,0.0,0.0,1,propagule,1083,0,0,0.09418282548476455,True,0.005,0.02
2,4,18,0.0,0.0,1,propagule,2342,0,0,0.04312553373185312,True,0.005,0.02
2,4,19,0.0,0.0,1,propagule,2315,0,0,0.04319654427645788,True,0.005,0.02
2,4,20,0.0,0.0,1,propagule,2286,0,0,0.04636920384951881,True,0.005,0.02
2,4,21,0.0,0.0,1,propagule,2211,0,0,0.04251469923111714,True,0.005,0.02
2,4,22,0.0,0.0,1,propagule,2174,0,0,0.04415823367065318,True,0.005,0.02
2,4,23,0.0,0.0,1,propagule,2134,0,0,0.04311152764761012,True,0.005,0.02
2,4,24,0.0,0.0,1,propagule,2093,0,0,0.04586717630195891,True,0.005,0.02
2,4,25,0.0,0.0,1,propagule,2034,0,0,0.04375614552605703,True,0.005,0.02
2,4,26,0.0,0.0,1,propagule,2013,0,0,0.04520615996025832,True,0.005,0.02
2,4,27,0.0,0.0,1,propagule,1940,0,0,0.04536082474226804,True,0.005,0.02
2,4,28,0.0,0.0,1,propagule,1916,0,0,0.043319415448851775,True,0.005,0.02
2,4,29,0.0,0.0,1,propagule,1868,0,0,0.047109207708779445,True,0.005,0.02
2,4,30,0.0,0.0,1,propagule,1848,0,0,0.04924242424242424,True,0.005,0.02
2,4,31,0.0,0.0,1,propagule,1785,0,0,0.047619047619047616,True,0.005,0.02
2,4,32,0.0,0.0,1,propagule,1762,0,0,0.04767309875141884,True,0.005,0.02
2,4,33,0.0,0.0,1,propagule,1721,0,0,0.04997094712376525,True,0.005,0.02
2,4,34,0.0,0.0,1,propagule,1698,0,0,0.04946996466431095,True,0.005,0.02
2,4,35,0.0,0.0,1,propagule,1635,0,0,0.05076452599388379,True,0.005,0.02
2,4,36,0.0,0.0,1,propagule,1616,0,0,0.06188118811881188,True,0.005,0.02
2,4,37,0.0,0.0,1,propagule,1576,0,0,0.05964467005076142,True,0.005,0.02
2,4,38,0.0,0.0,1,propagule,1549,0,0,0.06003873466752744,True,0.005,0.02
2,4,39,0.0,0.0,1,propagule,1537,0,0,0.05920624593363696,True,0.005,0.02
2,4,40,0.0,0.0,1,propagule,1516,0,0,0.06200527704485488,True,0.005,0.02
2,4,41,0.0,0.0,1,propagule,1494,0,0,0.06157965194109773,True,0.005,0.02
2,4,42,0.0,0.0,1,propagule,1490,0,0,0.06778523489932886,True,0.005,0.02
2,4,43,0.0,0.0,1,propagule,1586,0,0,0.1210592686002522,True,0.005,0.02
2,4,44,0.0,0.0,1,propagule,1511,0,0,0.10191925876902713,True,0.005,0.02
2,4,45,0.0,0.0,1,propagule,1474,0,0,0.09633649932157395,True,0.005,0.02
2,4,46,0.0,0.0,1,propagule,1459,0,0,0.09458533241946539,True,0.005,0.02
2,4,47,0.0,0.0,1,propagule,1453,0,0,0.09704060564349622,True,0.005,0.02
2,4,48,0.0,0.0,1,propagule,1441,0,0,0.10340041637751561,True,0.005,0.02
2,4,49,0.0,0.0,1,propagule,1436,0,0,0.10515320334261838,True,0.005,0.02
2,4,50,0.0,0.0,1,propagule,1424,0,0,0.10814606741573034,True,0.005,0.02
2,4,51,0.0,0.0,1,propagule,1417,0,0,0.11079745942131264,True,0.005,0.02
2,4,52,0.0,0.0,1,propagule,1414,0,0,0.11103253182461104,True,0.005,0.02
2,5,1,0.0,0.0,1,propagule,1403,0,0,0.11261582323592302,True,0.005,0.02
2,5,2,0.0,0.0,1,propagule,1396,0,0,0.11819484240687679,True,0.005,0.02
2,5,3,0.0,0.0,1,propagule,1398,0,0,0.12088698140200287,True,0.005,0.02
2,5,4,0.0,0.0,1,propagule,1384,0,0,0.12644508670520233,True,0.005,0.02
2,5,5,0.0,0.0,1,propagule,1378,0,0,0.1269956458635704,True,0.005,0.02
2,5,6,0.0,0.0,1,propagule,1367,0,0,0.13386978785662035,True,0.005,0.02
2,5,7,0.0,0.0,1,propagule,1354,0,0,0.13146233382570163,True,0.005,0.02
2,5,8,0.0,0.0,1,propagule,1341,0,0,0.1372110365398956,True,0.005,0.02
2,5,9,0.0,0.0,1,propagule,1335,0,0,0.13782771535580524,True,0.005,0.02
2,5,10,0.0,0.0,1,propagule,1326,0,0,0.14177978883861236,True,0.005,0.02
2,5,11,0.0,0.0,1,propagule,1315,0,0,0.1414448669201521,True,0.005,0.02
2,5,12,0.0,0.0,1,propagule,1304,0,0,0.14570552147239263,True,0.005,0.02
2,5,13,0.0,0.0,1,propagule,1285,0,0,0.14396887159533073,True,0.005,0.02
2,5,14,0.0,0.0,1,propagule,1278,0,0,0.14632237871674492,True,0.005,0.02
2,5,15,0.0,0.0,1,propagule,1261,0,0,0.14432989690721648,True,0.005,0.02
2,5,16,0.0,0.0,1,propagule,1249,0,0,0.1489191353082466,True,0.005,0.02
2,5,17,0.0,0.0,1,propagule,1234,0,0,0.14424635332252836,True,0.005,0.02
2,5,18,0.0,0.0,1,propagule,2812,0,0,0.06578947368421052,True,0.005,0.02
2,5,19,0.0,0.0,1,propagule,2729,0,0,0.06449248809087578,True,0.005,0.02
2,5,20,0.0,0.0,1,propagule,2660,0,0,0.06578947368421052,True,0.005,0.02
2,5,21,0.0,0.0,1,propagule,2573,0,0,0.06529343179168286,True,0.005,0.02
2,5,22,0.0,0.0,1,propagule,2497,0,0,0.06607929515418502,True,0.005,0.02
2,5,23,0.0,0.0,1,propagule,2476,0,0,0.06744749596122779,True,0.005,0.02
2,5,24,0.0,0.0,1,propagule,2387,0,0,0.06702974444909929,True,0.005,0.02
2,5,25,0.0,0.0,1,propagule,2341,0,0,0.06877402819307989,True,0.005,0.02
2,5,26,0.0,0.0,1,propagule,2278,0,0,0.06892010535557506,True,0.005,0.02
2,5,27,0.0,0.0,1,propagule,2238,0,0,0.06970509383378017,True,0.005,0.02
2,5,28,0.0,0.0,1,propagule,2184,0,0,0.07051282051282051,True,0.005,0.02
2,5,29,0.0,0.0,1,propagule,2133,0,0,0.07172995780590717,True,0.005,0.02
2,5,30,0.0,0.0,1,propagule,2053,0,0,0.07062834875791525,True,0.005,0.02
2,5,31,0.0,0.0,1,propagule,2009,0,0,0.07217521154803384,True,0.005,0.02
2,5,32,0.0,0.0,1,propagule,1982,0,0,0.07416750756811302,True,0.005,0.02
2,5,33,0.0,0.0,1,propagule,1954,0,0,0.07420675537359263,True,0.005,0.02
2,5,34,0.0,0.0,1,propagule,1914,0,0,0.07471264367816093,True,0.005,0.02
2,5,35,0.0,0.0,1,propagule,1912,0,0,0.07479079497907949,True,0.005,0.02
2,5,36,0.0,0.0,1,propagule,1871,0,0,0.07589524318546231,True,0.005,0.02
2,5,37,0.0,0.0,1,propagule,1840,0,0,0.07608695652173914,True,0.005,0.02
2,5,38,0.0,0.0,1,propagule,1789,0,0,0.07657909446618222,True,0.005,0.02
2,5,39,0.0,0.0,1,propagule,1766,0,0,0.0753114382785957,True,0.005,0.02
2,5,40,0.0,0.0,1,propagule,1748,0,0,0.07780320366132723,True,0.005,0.02
2,5,41,0.0,0.0,1,propagule,1725,0,0,0.07594202898550724,True,0.005,0.02
2,5,42,0.0,0.0,1,propagule,1714,0,0,0.07817969661610269,True,0.005,0.02
2,5,43,0.0,0.0,1,propagule,1720,0,0,0.1058139534883721,True,0.005,0.02
2,5,44,0.0,0.0,1,propagule,1651,0,0,0.09569957601453664,True,0.005,0.02
2,5,45,0.0,0.0,1,propagule,1621,0,0,0.0919185687847008,True,0.005,0.02
2,5,46,0.0,0.0,1,propagule,1610,0,0,0.09316770186335403,True,0.005,0.02
2,5,47,0.0,0.0,1,propagule,1578,0,0,0.09188846641318124,True,0.005,0.02
2,5,48,0.0,0.0,1,propagule,1555,0,0,0.0932475884244373,True,0.005,0.02
2,5,49,0.0,0.0,1,propagule,1527,0,0,0.09233791748526522,True,0.005,0.02
2,5,50,0.0,0.0,1,propagule,1506,0,0,0.09362549800796813,True,0.005,0.02
2,5,51,0.0,0.0,1,propagule,1487,0,0,0.09280430396772024,True,0.005,0.02
2,5,52,0.0,0.0,1,propagule,1468,0,0,0.09264305177111716,True,0.005,0.02
2,6,1,0.0,0.0,1,propagule,1448,0,0,0.09323204419889503,True,0.005,0.02
2,6,2,0.0,0.0,1,propagule,1413,0,0,0.09129511677282377,True,0.005,0.02
2,6,3,0.0,0.0,1,propagule,1397,0,0,0.09305654974946313,True,0.005,0.02
2,6,4,0.0,0.0,1,propagule,1381,0,0,0.09485879797248371,True,0.005,0.02
2,6,5,0.0,0.0,1,propagule,1358,0,0,0.09646539027982327,True,0.005,0.02
2,6,6,0.0,0.0,1,propagule,1345,0,0,0.10037174721189591,True,0.005,0.02
2,6,7,0.0,0.0,1,propagule,1326,0,0,0.10105580693815988,True,0.005,0.02
2,6,8,0.0,0.0,1,propagule,1318,0,0,0.1047040971168437,True,0.005,0.02
2,6,9,0.0,0.0,1,propagule,1296,0,0,0.10416666666666667,True,0.005,0.02
2,6,10,0.0,0.0,1,propagule,1289,0,0,0.10628394103956555,True,0.005,0.02
2,6,11,0.0,0.0,1,propagule,1269,0,0,0.10559495665878645,True,0.005,0.02
2,6,12,0.0,0.0,1,propagule,1262,0,0,0.10855784469096671,True,0.005,0.02
2,6,13,0.0,0.0,1,propagule,1238,0,0,0.1074313408723748,True,0.005,0.02
2,6,14,0.0,0.0,1,propagule,1228,0,0,0.11074918566775244,True,0.005,0.02
2,6,15,0.0,0.0,1,propagule,1205,0,0,0.1078838174273859,True,0.005,0.02
2,6,16,0.0,0.0,1,propagule,1208,0,0,0.11341059602649006,True,0.005,0.02
2,6,17,0.0,0.0,1,propagule,1190,0,0,0.11008403361344538,True,0.005,0.02
2,6,18,0.0,0.0,1,propagule,2665,0,0,0.05178236397748593,True,0.005,0.02
2,6,19,0.0,0.0,1,propagule,2613,0,0,0.050133945656333716,True,0.005,0.02
2,6,20,0.0,0.0,1,propagule,2581,0,0,0.05191786129407207,True,0.005,0.02
2,6,21,0.0,0.0,1,propagule,2532,0,0,0.05134281200631911,True,0.005,0.02
2,6,22,0.0,0.0,1,propagule,2500,0,0,0.0528,True,0.005,0.02
2,6,23,0.0,0.0,1,propagule,2429,0,0,0.052284890901605596,True,0.005,0.02
2,6,24,0.0,0.0,1,propagule,2380,0,0,0.05420168067226891,True,0.005,0.02
2,6,25,0.0,0.0,1,propagule,2326,0,0,0.05374032674118659,True,0.005,0.02
2,6,26,0.0,0.0,1,propagule,2280,0,0,0.05526315789473684,True,0.005,0.02
2,6,27,0.0,0.0,1,propagule,2233,0,0,0.054187192118226604,True,0.005,0.02
2,6,28,0.0,0.0,1,propagule,2195,0,0,0.05603644646924829,True,0.005,0.02
2,6,29,0.0,0.0,1,propagule,2140,0,0,0.054672897196261686,True,0.005,0.02
2,6,30,0.0,0.0,1,propagule,2102,0,0,0.05566127497621313,True,0.005,0.02
2,6,31,0.0,0.0,1,propagule,2040,0,0,0.055392156862745096,True,0.005,0.02
2,6,32,0.0,0.0,1,propagule,2005,0,0,0.058354114713216956,True,0.005,0.02
2,6,33,0.0,0.0,1,propagule,1950,0,0,0.05794871794871795,True,0.005,0.02
2,6,34,0.0,0.0,1,propagule,1921,0,0,0.05986465382613222,True,0.005,0.02
2,6,35,0.0,0.0,1,propagule,1874,0,0,0.05816435432230523,True,0.005,0.02
2,6,36,0.0,0.0,1,propagule,1850,0,0,0.061621621621621624,True,0.005,0.02
2,6,37,0.0,0.0,1,propagule,1811,0,0,0.061292103810049695,True,0.005,0.02
2,6,38,0.0,0.0,1,propagule,1801,0,0,0.06496390893947807,True,0.005,0.02
2,6,39,0.0,0.0,1,propagule,1774,0,0,0.06426155580608793,True,0.005,0.02
2,6,40,0.0,0.0,1,propagule,1763,0,0,0.06693136698808849,True,0.005,0.02
2,6,41,0.0,0.0,1,propagule,1738,0,0,0.0667433831990794,True,0.005,0.02
2,6,42,0.0,0.0,1,propagule,1727,0,0,0.0671685002895194,True,0.005,0.02
2,6,43,0.0,0.0,1,propagule,1783,0,0,0.11890072910824454,True,0.005,0.02
2,6,44,0.0,0.0,1,propagule,1711,0,0,0.09701928696668614,True,0.005,0.02
2,6,45,0.0,0.0,1,propagule,1695,0,0,0.09321533923303835,True,0.005,0.02
2,6,46,0.0,0.0,1,propagule,1700,0,0,0.09705882352941177,True,0.005,0.02
2,6,47,0.0,0.0,1,propagule,1687,0,0,0.0978067575577949,True,0.005,0.02
2,6,48,0.0,0.0,1,propagule,1678,0,0,0.10131108462455304,True,0.005,0.02
2,6,49,0.0,0.0,1,propagule,1650,0,0,0.1006060606060606,True,0.005,0.02
2,6,50,0.0,0.0,1,propagule,1642,0,0,0.10475030450669914,True,0.005,0.02
2,6,51,0.0,0.0,1,propagule,1620,0,0,0.1037037037037037,True,0.005,0.02
2,6,52,0.0,0.0,1,propagule,1608,0,0,0.10696517412935323,True,0.005,0.02
2,7,1,0.0,0.0,1,propagule,1585,0,0,0.10599369085173502,True,0.005,0.02
2,7,2,0.0,0.0,1,propagule,1574,0,0,0.10927573062261753,True,0.005,0.02
2,7,3,0.0,0.0,1,propagule,1551,0,0,0.10767246937459704,True,0.005,0.02
2,7,4,0.0,0.0,1,propagule,1544,0,0,0.11139896373056994,True,0.005,0.02
2,7,5,0.0,0.0,1,propagule,1524,0,0,0.10826771653543307,True,0.005,0.02
2,7,6,0.0,0.0,1,propagule,1500,0,0,0.112,True,0.005,0.02
2,7,7,0.0,0.0,1,propagule,1475,0,0,0.10711864406779661,True,0.005,0.02
2,7,8,0.0,0.0,1,propagule,1459,0,0,0.11309115832762166,True,0.005,0.02
2,7,9,0.0,0.0,1,propagule,1439,0,0,0.10979847116052814,True,0.005,0.02
2,7,10,0.0,0.0,1,propagule,1435,0,0,0.11289198606271778,True,0.005,0.02
2,7,11,0.0,0.0,1,propagule,1412,0,0,0.11048158640226628,True,0.005,0.02
2,7,12,0.0,0.0,1,propagule,1402,0,0,0.11340941512125535,True,0.005,0.02
2,7,13,0.0,0.0,1,propagule,1379,0,0,0.11385061638868746,True,0.005,0.02
2,7,14,0.0,0.0,1,propagule,1372,0,0,0.11443148688046648,True,0.005,0.02
2,7,15,0.0,0.0,1,propagule,1352,0,0,0.11242603550295859,True,0.005,0.02
2,7,16,0.0,0.0,1,propagule,1344,0,0,0.11607142857142858,True,0.005,0.02
2,7,17,0.0,0.0,1,propagule,1326,0,0,0.1138763197586727,True,0.005,0.02
2,7,18,0.0,0.0,1,propagule,2951,0,0,0.0518468315825144,True,0.005,0.02
2,7,19,0.0,0.0,1,propagule,2905,0,0,0.05163511187607573,True,0.005,0.02
2,7,20,0.0,0.0,1,propagule,2848,0,0,0.051264044943820225,True,0.005,0.02
2,7,21,0.0,0.0,1,propagule,2770,0,0,0.052346570397111915,True,0.005,0.02
2,7,22,0.0,0.0,1,propagule,2691,0,0,0.05165366034931252,True,0.005,0.02
2,7,23,0.0,0.0,1,propagule,2630,0,0,0.05285171102661597,True,0.005,0.02
2,7,24,0.0,0.0,1,propagule,2557,0,0,0.053578412201798986,True,0.005,0.02
2,7,25,0.0,0.0,1,propagule,2526,0,0,0.05304829770387965,True,0.005,0.02
2,7,26,0.0,0.0,1,propagule,2454,0,0,0.0550122249388753,True,0.005,0.02
2,7,27,0.0,0.0,1,propagule,2433,0,0,0.056309083436087135,True,0.005,0.02
2,7,28,0.0,0.0,1,propagule,2333,0,0,0.0574367766823832,True,0.005,0.02
2,7,29,0.0,0.0,1,propagule,2269,0,0,0.05861613045394447,True,0.005,0.02
2,7,30,0.0,0.0,1,propagule,2228,0,0,0.06014362657091562,True,0.005,0.02
2,7,31,0.0,0.0,1,propagule,2178,0,0,0.05922865013774105,True,0.005,0.02
2,7,32,0.0,0.0,1,propagule,2139,0,0,0.061711079943899017,True,0.005,0.02
2,7,33,0.0,0.0,1,propagule,2093,0,0,0.06258958432871477,True,0.005,0.02
2,7,34,0.0,0.0,1,propagule,2036,0,0,0.06532416502946954,True,0.005,0.02
2,7,35,0.0,0.0,1,propagule,1996,0,0,0.06362725450901803,True,0.005,0.02
2,7,36,0.0,0.0,1,propagule,1968,0,0,0.06758130081300813,True,0.005,0.02
2,7,37,0.0,0.0,1,propagule,1940,0,0,0.06597938144329897,True,0.005,0.02
2,7,38,0.0,0.0,1,propagule,1923,0,0,0.07072282891315652,True,0.005,0.02
2,7,39,0.0,0.0,1,propagule,1894,0,0,0.06863780359028511,True,0.005,0.02
2,7,40,0.0,0.0,1,propagule,1864,0,0,0.0713519313304721,True,0.005,0.02
2,7,41,0.0,0.0,1,propagule,1840,0,0,0.07173913043478261,True,0.005,0.02
2,7,42,0.0,0.0,1,propagule,1821,0,0,0.07413509060955518,True,0.005,0.02
2,7,43,0.0,0.0,1,propagule,1898,0,0,0.1238145416227608,True,0.005,0.02
2,7,44,0.0,0.0,1,propagule,1795,0,0,0.09749303621169916,True,0.005,0.02
2,7,45,0.0,0.0,1,propagule,1736,0,0,0.09216589861751152,True,0.005,0.02
2,7,46,0.0,0.0,1,propagule,1714,0,0,0.08926487747957992,True,0.005,0.02
2,7,47,0.0,0.0,1,propagule,1695,0,0,0.09026548672566372,True,0.005,0.02
2,7,48,0.0,0.0,1,propagule,1672,0,0,0.09270334928229665,True,0.005,0.02
2,7,49,0.0,0.0,1,propagule,1642,0,0,0.09500609013398295,True,0.005,0.02
2,7,50,0.0,0.0,1,propagule,1638,0,0,0.0989010989010989,True,0.005,0.02
2,7,51,0.0,0.0,1,propagule,1607,0,0,0.09831985065339141,True,0.005,0.02
2,7,52,0.0,0.0,1,propagule,1591,0,0,0.10119421747328725,True,0.005,0.02
2,8,1,0.0,0.0,1,propagule,1568,0,0,0.10204081632653061,True,0.005,0.02
2,8,2,0.0,0.0,1,propagule,1553,0,0,0.103026400515132,True,0.005,0.02
2,8,3,0.0,0.0,1,propagule,1527,0,0,0.10216110019646366,True,0.005,0.02
2,8,4,0.0,0.0,1,propagule,1512,0,0,0.10582010582010581,True,0.005,0.02
2,8,5,0.0,0.0,1,propagule,1479,0,0,0.10344827586206896,True,0.005,0.02
2,8,6,0.0,0.0,1,propagule,1473,0,0,0.10726408689748812,True,0.005,0.02
2,8,7,0.0,0.0,1,propagule,1451,0,0,0.10544452101998622,True,0.005,0.02
2,8,8,0.0,0.0,1,propagule,1439,0,0,0.10910354412786658,True,0.005,0.02
2,8,9,0.0,0.0,1,propagule,1416,0,0,0.10734463276836158,True,0.005,0.02
2,8,10,0.0,0.0,1,propagule,1404,0,0,0.1103988603988604,True,0.005,0.02
2,8,11,0.0,0.0,1,propagule,1374,0,0,0.10844250363901019,True,0.005,0.02
2,8,12,0.0,0.0,1,propagule,1361,0,0,0.112417340191036,True,0.005,0.02
2,8,13,0.0,0.0,1,propagule,1338,0,0,0.11061285500747384,True,0.005,0.02
2,8,14,0.0,0.0,1,propagule,1328,0,0,0.11596385542168675,True,0.005,0.02
2,8,15,0.0,0.0,1,propagule,1306,0,0,0.11332312404287902,True,0.005,0.02
2,8,16,0.0,0.0,1,propagule,1303,0,0,0.11895625479662318,True,0.005,0.02
2,8,17,0.0,0.0,1,propagule,1281,0,0,0.117096018735363,True,0.005,0.02
2,8,18,0.0,0.0,1,propagule,2904,0,0,0.05337465564738292,True,0.005,0.02
2,8,19,0.0,0.0,1,propagule,2838,0,0,0.052854122621564484,True,0.005,0.02
2,8,20,0.0,0.0,1,propagule,2808,0,0,0.05413105413105413,True,0.005,0.02
2,8,21,0.0,0.0,1,propagule,2759,0,0,0.05364262413918086,True,0.005,0.02
2,8,22,0.0,0.0,1,propagule,2670,0,0,0.05468164794007491,True,0.005,0.02
2,8,23,0.0,0.0,1,propagule,2606,0,0,0.05487336914811972,True,0.005,0.02
2,8,24,0.0,0.0,1,propagule,2551,0,0,0.05566444531556253,True,0.005,0.02
2,8,25,0.0,0.0,1,propagule,2467,0,0,0.055127685447912446,True,0.005,0.02
2,8,26,0.0,0.0,1,propagule,2410,0,0,0.05726141078838174,True,0.005,0.02
2,8,27,0.0,0.0,1,propagule,2353,0,0,0.058648533786655334,True,0.005,0.02
2,8,28,0.0,0.0,1,propagule,2320,0,0,0.0603448275862069,True,0.005,0.02
2,8,29,0.0,0.0,1,propagule,2278,0,0,0.05926251097453907,True,0.005,0.02
2,8,30,0.0,0.0,1,propagule,2246,0,0,0.060552092609082814,True,0.005,0.02
2,8,31,0.0,0.0,1,propagule,2201,0,0,0.05997273966378919,True,0.005,0.02
2,8,32,0.0,0.0,1,propagule,2138,0,0,0.060336763330215155,True,0.005,0.02
2,8,33,0.0,0.0,1,propagule,2089,0,0,0.059837242699856394,True,0.005,0.02
2,8,34,0.0,0.0,1,propagule,2055,0,0,0.06326034063260341,True,0.005,0.02
2,8,35,0.0,0.0,1,propagule,2001,0,0,0.06296851574212893,True,0.005,0.02
2,8,36,0.0,0.0,1,propagule,1972,0,0,0.06490872210953347,True,0.005,0.02
2,8,37,0.0,0.0,1,propagule,1940,0,0,0.06443298969072164,True,0.005,0.02
2,8,38,0.0,0.0,1,propagule,1921,0,0,0.0676730869338886,True,0.005,0.02
2,8,39,0.0,0.0,1,propagule,1879,0,0,0.06652474720596062,True,0.005,0.02
2,8,40,0.0,0.0,1,propagule,1856,0,0,0.06950431034482758,True,0.005,0.02
2,8,41,0.0,0.0,1,propagule,1826,0,0,0.06736035049288061,True,0.005,0.02
2,8,42,0.0,0.0,1,propagule,1811,0,0,0.0706791827719492,True,0.005,0.02
2,8,43,0.0,0.0,1,propagule,1895,0,0,0.11187335092348286,True,0.005,0.02
2,8,44,0.0,0.0,1,propagule,1799,0,0,0.09783212896053363,True,0.005,0.02
2,8,45,0.0,0.0,1,propagule,1769,0,0,0.0966647823629169,True,0.005,0.02
2,8,46,0.0,0.0,1,propagule,1735,0,0,0.09798270893371758,True,0.005,0.02
2,8,47,0.0,0.0,1,propagule,1708,0,0,0.09718969555035128,True,0.005,0.02
2,8,48,0.0,0.0,1,propagule,1704,0,0,0.10093896713615023,True,0.005,0.02
2,8,49,0.0,0.0,1,propagule,1676,0,0,0.09904534606205251,True,0.005,0.02
2,8,50,0.0,0.0,1,propagule,1666,0,0,0.10384153661464586,True,0.005,0.02
2,8,51,0.0,0.0,1,propagule,1642,0,0,0.10353227771010962,True,0.005,0.02
2,8,52,0.0,0.0,1,propagule,1634,0,0,0.10771113831089352,True,0.005,0.02
2,9,1,0.0,0.0,1,propagule,1629,0,0,0.1092694904849601,True,0.005,0.02
2,9,2,0.0,0.0,1,propagule,1604,0,0,0.10910224438902744,True,0.005,0.02
2,9,3,0.0,0.0,1,propagule,1594,0,0,0.10853199498117942,True,0.005,0.02
2,9,4,0.0,0.0,1,propagule,1578,0,0,0.10773130544993663,True,0.005,0.02
2,9,5,0.0,0.0,1,propagule,1561,0,0,0.10698270339525945,True,0.005,0.02
2,9,6,0.0,0.0,1,propagule,1545,0,0,0.1080906148867314,True,0.005,0.02
2,9,7,0.0,0.0,1,propagule,1529,0,0,0.10725964682799215,True,0.005,0.02
2,9,8,0.0,0.0,1,propagule,1512,0,0,0.10978835978835978,True,0.005,0.02
2,9,9,0.0,0.0,1,propagule,1493,0,0,0.10515740120562625,True,0.005,0.02
2,9,10,0.0,0.0,1,propagule,1477,0,0,0.10765064319566689,True,0.005,0.02
2,9,11,0.0,0.0,1,propagule,1458,0,0,0.10631001371742113,True,0.005,0.02
2,9,12,0.0,0.0,1,propagule,1446,0,0,0.10926694329183956,True,0.005,0.02
2,9,13,0.0,0.0,1,propagule,1424,0,0,0.10955056179775281,True,0.005,0.02
2,9,14,0.0,0.0,1,propagule,1411,0,0,0.1105598866052445,True,0.005,0.02
2,9,15,0.0,0.0,1,propagule,1391,0,0,0.10999281092739037,True,0.005,0.02
2,9,16,0.0,0.0,1,propagule,1386,0,0,0.11255411255411256,True,0.005,0.02
2,9,17,0.0,0.0,1,propagule,1370,0,0,0.11167883211678832,True,0.005,0.02
2,9,18,0.0,0.0,1,propagule,2795,0,0,0.04257602862254025,True,0.005,0.02
2,9,19,0.0,0.0,1,propagule,2742,0,0,0.04157549234135667,True,0.005,0.02
2,9,20,0.0,0.0,1,propagule,2677,0,0,0.04221143070601419,True,0.005,0.02
2,9,21,0.0,0.0,1,propagule,2589,0,0,0.04171494785631518,True,0.005,0.02
2,9,22,0.0,0.0,1,propagule,2544,0,0,0.04363207547169811,True,0.005,0.02
2,9,23,0.0,0.0,1,propagule,2497,0,0,0.043251902282739285,True,0.005,0.02
2,9,24,0.0,0.0,1,propagule,2449,0,0,0.04532462229481421,True,0.005,0.02
2,9,25,0.0,0.0,1,propagule,2391,0,0,0.044751150146382264,True,0.005,0.02
2,9,26,0.0,0.0,1,propagule,2349,0,0,0.04597701149425287,True,0.005,0.02
2,9,27,0.0,0.0,1,propagule,2298,0,0,0.047432550043516104,True,0.005,0.02
2,9,28,0.0,0.0,1,propagule,2277,0,0,0.04830917874396135,True,0.005,0.02
2,9,29,0.0,0.0,1,propagule,2242,0,0,0.04817127564674398,True,0.005,0.02
2,9,30,0.0,0.0,1,propagule,2219,0,0,0.04957187922487607,True,0.005,0.02
2,9,31,0.0,0.0,1,propagule,2183,0,0,0.04993128721942281,True,0.005,0.02
2,9,32,0.0,0.0,1,propagule,2159,0,0,0.05141269106067624,True,0.005,0.02
2,9,33,0.0,0.0,1,propagule,2095,0,0,0.051551312649164675,True,0.005,0.02
2,9,34,0.0,0.0,1,propagule,2061,0,0,0.052886948083454635,True,0.005,0.02
2,9,35,0.0,0.0,1,propagule,2031,0,0,0.053175775480059084,True,0.005,0.02
2,9,36,0.0,0.0,1,propagule,1996,0,0,0.05511022044088176,True,0.005,0.02
2,9,37,0.0,0.0,1,propagule,1959,0,0,0.05461970393057682,True,0.005,0.02
2,9,38,0.0,0.0,1,propagule,1935,0,0,0.05581395348837209,True,0.005,0.02
2,9,39,0.0,0.0,1,propagule,1903,0,0,0.05465055176037835,True,0.005,0.02
2,9,40,0.0,0.0,1,propagule,1889,0,0,0.0555849655902594,True,0.005,0.02
2,9,41,0.0,0.0,1,propagule,1861,0,0,0.05373455131649651,True,0.005,0.02
2,9,42,0.0,0.0,1,propagule,1844,0,0,0.055314533622559656,True,0.005,0.02
2,9,43,0.0,0.0,1,propagule,1918,0,0,0.0948905109489051,True,0.005,0.02
2,9,44,0.0,0.0,1,propagule,1830,0,0,0.08196721311475409,True,0.005,0.02
2,9,45,0.0,0.0,1,propagule,1774,0,0,0.07440811724915446,True,0.005,0.02
2,9,46,0.0,0.0,1,propagule,1735,0,0,0.07550432276657061,True,0.005,0.02
2,9,47,0.0,0.0,1,propagule,1720,0,0,0.07383720930232558,True,0.005,0.02
2,9,48,0.0,0.0,1,propagule,1670,0,0,0.07425149700598803,True,0.005,0.02
2,9,49,0.0,0.0,1,propagule,1622,0,0,0.0690505548705302,True,0.005,0.02
2,9,50,0.0,0.0,1,propagule,1610,0,0,0.07391304347826087,True,0.005,0.02
2,9,51,0.0,0.0,1,propagule,1566,0,0,0.07088122605363985,True,0.005,0.02
2,9,52,0.0,0.0,1,propagule,1556,0,0,0.07583547557840617,True,0.005,0.02
2,10,1,0.0,0.0,1,propagule,1531,0,0,0.07446113651208361,True,0.005,0.02
2,10,2,0.0,0.0,1,propagule,1516,0,0,0.07783641160949868,True,0.005,0.02
2,10,3,0.0,0.0,1,propagule,1499,0,0,0.07471647765176785,True,0.005,0.02
2,10,4,0.0,0.0,1,propagule,1493,0,0,0.07702612190221031,True,0.005,0.02
2,10,5,0.0,0.0,1,propagule,1474,0,0,0.07530529172320218,True,0.005,0.02
2,10,6,0.0,0.0,1,propagule,1471,0,0,0.08021753908905506,True,0.005,0.02
2,10,7,0.0,0.0,1,propagule,1457,0,0,0.07755662319835278,True,0.005,0.02
2,10,8,0.0,0.0,1,propagule,1454,0,0,0.08046767537826685,True,0.005,0.02
2,10,9,0.0,0.0,1,propagule,1426,0,0,0.07784011220196353,True,0.005,0.02
2,10,10,0.0,0.0,1,propagule,1424,0,0,0.08146067415730338,True,0.005,0.02
2,10,11,0.0,0.0,1,propagule,1399,0,0,0.07862759113652609,True,0.005,0.02
2,10,12,0.0,0.0,1,propagule,1392,0,0,0.08405172413793104,True,0.005,0.02
2,10,13,0.0,0.0,1,propagule,1365,0,0,0.07985347985347985,True,0.005,0.02
2,10,14,0.0,0.0,1,propagule,1364,0,0,0.08504398826979472,True,0.005,0.02
2,10,15,0.0,0.0,1,propagule,1345,0,0,0.08029739776951673,True,0.005,0.02
2,10,16,0.0,0.0,1,propagule,1341,0,0,0.08575689783743475,True,0.005,0.02
2,10,17,0.0,0.0,1,propagule,1324,0,0,0.08157099697885196,True,0.005,0.02
2,10,18,0.0,0.0,1,propagule,2860,0,0,0.03531468531468532,True,0.005,0.02
2,10,19,0.0,0.0,1,propagule,2803,0,0,0.033892258294684265,True,0.005,0.02
2,10,20,0.0,0.0,1,propagule,2771,0,0,0.03536629375676651,True,0.005,0.02
2,10,21,0.0,0.0,1,propagule,2704,0,0,0.03365384615384615,True,0.005,0.02
2,10,22,0.0,0.0,1,propagule,2673,0,0,0.03591470258136925,True,0.005,0.02
2,10,23,0.0,0.0,1,propagule,2614,0,0,0.03519510328997705,True,0.005,0.02
2,10,24,0.0,0.0,1,propagule,2558,0,0,0.037138389366692726,True,0.005,0.02
2,10,25,0.0,0.0,1,propagule,2494,0,0,0.03608660785886127,True,0.005,0.02
2,10,26,0.0,0.0,1,propagule,2465,0,0,0.039350912778904665,True,0.005,0.02
2,10,27,0.0,0.0,1,propagule,2397,0,0,0.03796412181894034,True,0.005,0.02
2,10,28,0.0,0.0,1,propagule,2362,0,0,0.03937341236240474,True,0.005,0.02
2,10,29,0.0,0.0,1,propagule,2296,0,0,0.03832752613240418,True,0.005,0.02
2,10,30,0.0,0.0,1,propagule,2278,0,0,0.040825285338015806,True,0.005,0.02
2,10,31,0.0,0.0,1,propagule,2207,0,0,0.03987313094698686,True,0.005,0.02
2,10,32,0.0,0.0,1,propagule,2170,0,0,0.04285714285714286,True,0.005,0.02
2,10,33,0.0,0.0,1,propagule,2128,0,0,0.042293233082706765,True,0.005,0.02
2,10,34,0.0,0.0,1,propagule,2110,0,0,0.04454976303317536,True,0.005,0.02
2,10,35,0.0,0.0,1,propagule,2062,0,0,0.04364694471387003,True,0.005,0.02
2,10,36,0.0,0.0,1,propagule,2047,0,0,0.04836345872007816,True,0.005,0.02
2,10,37,0.0,0.0,1,propagule,2007,0,0,0.04534130543099153,True,0.005,0.02
2,10,38,0.0,0.0,1,propagule,1991,0,0,0.049723756906077346,True,0.005,0.02
2,10,39,0.0,0.0,1,propagule,1953,0,0,0.04608294930875576,True,0.005,0.02
2,10,40,0.0,0.0,1,propagule,1951,0,0,0.051255766273705795,True,0.005,0.02
2,10,41,0.0,0.0,1,propagule,1912,0,0,0.047594142259414225,True,0.005,0.02
2,10,42,0.0,0.0,1,propagule,1906,0,0,0.05141657922350472,True,0.005,0.02
2,10,43,0.0,0.0,1,propagule,2044,0,0,0.11643835616438356,True,0.005,0.02
2,10,44,0.0,0.0,1,propagule,1941,0,0,0.09325090159711488,True,0.005,0.02
2,10,45,0.0,0.0,1,propagule,1875,0,0,0.0816,True,0.005,0.02
2,10,46,0.0,0.0,1,propagule,1846,0,0,0.08071505958829903,True,0.005,0.02
2,10,47,0.0,0.0,1,propagule,1810,0,0,0.07900552486187845,True,0.005,0.02
2,10,48,0.0,0.0,1,propagule,1789,0,0,0.08272778088317496,True,0.005,0.02
2,10,49,0.0,0.0,1,propagule,1734,0,0,0.0784313725490196,True,0.005,0.02
2,10,50,0.0,0.0,1,propagule,1683,0,0,0.08080808080808081,True,0.005,0.02
2,10,51,0.0,0.0,1,propagule,1658,0,0,0.08142340168878166,True,0.005,0.02
2,10,52,0.0,0.0,1,propagule,1646,0,0,0.08444714459295262,True,0.005,0.02
2,1,1,0.0,0.0,1,propagule,948,0,0,0.0,True,0.005,0.025
2,1,2,0.0,0.0,1,propagule,954,0,0,0.0,True,0.005,0.025
2,1,3,0.0,0.0,1,propagule,933,0,0,0.0,True,0.005,0.025
2,1,4,0.0,0.0,1,propagule,921,0,0,0.0,True,0.005,0.025
2,1,5,0.0,0.0,1,propagule,914,0,0,0.0,True,0.005,0.025
2,1,6,0.0,0.0,1,propagule,888,0,0,0.0,True,0.005,0.025
2,1,7,0.0,0.0,1,propagule,878,0,0,0.0,True,0.005,0.025
2,1,8,0.0,0.0,1,propagule,857,0,0,0.0,True,0.005,0.025
2,1,9,0.0,0.0,1,propagule,846,0,0,0.0,True,0.005,0.025
2,1,10,0.0,0.0,1,propagule,832,0,0,0.0,True,0.005,0.025
2,1,11,0.0,0.0,1,propagule,824,0,0,0.0,True,0.005,0.025
2,1,12,0.0,0.0,1,propagule,810,0,0,0.0,True,0.005,0.025
2,1,13,0.0,0.0,1,propagule,801,0,0,0.0,True,0.005,0.025
2,1,14,0.0,0.0,1,propagule,788,0,0,0.0,True,0.005,0.025
2,1,15,0.0,0.0,1,propagule,779,0,0,0.0,True,0.005,0.025
2,1,16,0.0,0.0,1,propagule,772,0,0,0.0,True,0.005,0.025
2,1,17,0.0,0.0,1,propagule,769,0,0,0.0,True,0.005,0.025
2,1,18,0.0,0.0,1,propagule,2233,0,0,0.0,True,0.005,0.025
2,1,19,0.0,0.0,1,propagule,2217,0,0,0.0,True,0.005,0.025
2,1,20,0.0,0.0,1,propagule,2162,0,0,0.0,True,0.005,0.025
2,1,21,0.0,0.0,1,propagule,2102,0,0,0.0,True,0.005,0.025
2,1,22,0.0,0.0,1,propagule,2054,0,0,0.0004868549172346641,True,0.005,0.025
2,1,23,0.0,0.0,1,propagule,2015,0,0,0.0019851116625310174,True,0.005,0.025
2,1,24,0.0,0.0,1,propagule,1991,0,0,0.0015067805123053742,True,0.005,0.025
2,1,25,0.0,0.0,1,propagule,1950,0,0,0.003076923076923077,True,0.005,0.025
2,1,26,0.0,0.0,1,propagule,1943,0,0,0.004117344312918168,True,0.005,0.025
2,1,27,0.0,0.0,1,propagule,1861,0,0,0.006448146157979581,True,0.005,0.025
2,1,28,0.0,0.0,1,propagule,1840,0,0,0.006521739130434782,True,0.005,0.025
2,1,29,0.0,0.0,1,propagule,1814,0,0,0.007717750826901874,True,0.005,0.025
2,1,30,0.0,0.0,1,propagule,1802,0,0,0.007214206437291898,True,0.005,0.025
2,1,31,0.0,0.0,1,propagule,1758,0,0,0.007963594994311717,True,0.005,0.025
2,1,32,0.0,0.0,1,propagule,1716,0,0,0.008158508158508158,True,0.005,0.025
2,1,33,0.0,0.0,1,propagule,1686,0,0,0.00830367734282325,True,0.005,0.025
2,1,34,0.0,0.0,1,propagule,1654,0,0,0.009068923821039904,True,0.005,0.025
2,1,35,0.0,0.0,1,propagule,1622,0,0,0.008631319358816275,True,0.005,0.025
2,1,36,0.0,0.0,1,propagule,1575,0,0,0.010158730158730159,True,0.005,0.025
2,1,37,0.0,0.0,1,propagule,1535,0,0,0.009771986970684038,True,0.005,0.025
2,1,38,0.0,0.0,1,propagule,1507,0,0,0.010617120106171201,True,0.005,0.025
2,1,39,0.0,0.0,1,propagule,1475,0,0,0.01152542372881356,True,0.005,0.025
2,1,40,0.0,0.0,1,propagule,1451,0,0,0.012405237767057202,True,0.005,0.025
2,1,41,0.0,0.0,1,propagule,1423,0,0,0.011243851018973999,True,0.005,0.025
2,1,42,0.0,0.0,1,propagule,1393,0,0,0.012203876525484566,True,0.005,0.025
2,1,43,0.0,0.0,1,propagule,1380,0,0,0.01956521739130435,True,0.005,0.025
2,1,44,0.0,0.0,1,propagule,1352,0,0,0.020710059171597635,True,0.005,0.025
2,1,45,0.0,0.0,1,propagule,1340,0,0,0.020895522388059702,True,0.005,0.025
2,1,46,0.0,0.0,1,propagule,1321,0,0,0.02043906131718395,True,0.005,0.025
2,1,47,0.0,0.0,1,propagule,1293,0,0,0.02165506573859242,True,0.005,0.025
2,1,48,0.0,0.0,1,propagule,1277,0,0,0.021143304620203602,True,0.005,0.025
2,1,49,0.0,0.0,1,propagule,1269,0,0,0.02127659574468085,True,0.005,0.025
2,1,50,0.0,0.0,1,propagule,1250,0,0,0.0232,True,0.005,0.025
2,1,51,0.0,0.0,1,propagule,1229,0,0,0.022782750203417412,True,0.005,0.025
2,1,52,0.0,0.0,1,propagule,1204,0,0,0.02408637873754153,True,0.005,0.025
2,2,1,0.0,0.0,1,propagule,1197,0,0,0.023391812865497075,True,0.005,0.025
2,2,2,0.0,0.0,1,propagule,1183,0,0,0.02282333051563821,True,0.005,0.025
2,2,3,0.0,0.0,1,propagule,1162,0,0,0.024096385542168676,True,0.005,0.025
2,2,4,0.0,0.0,1,propagule,1148,0,0,0.024390243902439025,True,0.005,0.025
2,2,5,0.0,0.0,1,propagule,1139,0,0,0.027216856892010536,True,0.005,0.025
2,2,6,0.0,0.0,1,propagule,1111,0,0,0.025202520252025202,True,0.005,0.025
2,2,7,0.0,0.0,1,propagule,1104,0,0,0.025362318840579712,True,0.005,0.025
2,2,8,0.0,0.0,1,propagule,1094,0,0,0.022851919561243144,True,0.005,0.025
2,2,9,0.0,0.0,1,propagule,1074,0,0,0.024208566108007448,True,0.005,0.025
2,2,10,0.0,0.0,1,propagule,1063,0,0,0.023518344308560677,True,0.005,0.025
2,2,11,0.0,0.0,1,propagule,1052,0,0,0.02376425855513308,True,0.005,0.025
2,2,12,0.0,0.0,1,propagule,1041,0,0,0.024975984630163303,True,0.005,0.025
2,2,13,0.0,0.0,1,propagule,1030,0,0,0.02524271844660194,True,0.005,0.025
2,2,14,0.0,0.0,1,propagule,1020,0,0,0.025490196078431372,True,0.005,0.025
2,2,15,0.0,0.0,1,propagule,1003,0,0,0.024925224327018942,True,0.005,0.025
2,2,16,0.0,0.0,1,propagule,984,0,0,0.022357723577235773,True,0.005,0.025
2,2,17,0.0,0.0,1,propagule,973,0,0,0.025693730729701953,True,0.005,0.025
2,2,18,0.0,0.0,1,propagule,1823,0,0,0.012616566099835436,True,0.005,0.025
2,2,19,0.0,0.0,1,propagule,1779,0,0,0.012366498032602586,True,0.005,0.025
2,2,20,0.0,0.0,1,propagule,1741,0,0,0.010338885697874785,True,0.005,0.025
2,2,21,0.0,0.0,1,propagule,1692,0,0,0.013002364066193853,True,0.005,0.025
2,2,22,0.0,0.0,1,propagule,1677,0,0,0.011329755515802028,True,0.005,0.025
2,2,23,0.0,0.0,1,propagule,1631,0,0,0.014101778050275904,True,0.005,0.025
2,2,24,0.0,0.0,1,propagule,1595,0,0,0.013793103448275862,True,0.005,0.025
2,2,25,0.0,0.0,1,propagule,1571,0,0,0.015913430935709738,True,0.005,0.025
2,2,26,0.0,0.0,1,propagule,1532,0,0,0.01370757180156658,True,0.005,0.025
2,2,27,0.0,0.0,1,propagule,1481,0,0,0.014854827819041188,True,0.005,0.025
2,2,28,0.0,0.0,1,propagule,1457,0,0,0.013726835964310227,True,0.005,0.025
2,2,29,0.0,0.0,1,propagule,1445,0,0,0.01591695501730104,True,0.005,0.025
2,2,30,0.0,0.0,1,propagule,1416,0,0,0.016242937853107344,True,0.005,0.025
2,2,31,0.0,0.0,1,propagule,1402,0,0,0.016405135520684736,True,0.005,0.025
2,2,32,0.0,0.0,1,propagule,1394,0,0,0.01721664275466284,True,0.005,0.025
2,2,33,0.0,0.0,1,propagule,1366,0,0,0.017569546120058566,True,0.005,0.025
2,2,34,0.0,0.0,1,propagule,1347,0,0,0.017817371937639197,True,0.005,0.025
2,2,35,0.0,0.0,1,propagule,1317,0,0,0.017463933181473046,True,0.005,0.025
2,2,36,0.0,0.0,1,propagule,1311,0,0,0.019832189168573607,True,0.005,0.025
2,2,37,0.0,0.0,1,propagule,1280,0,0,0.02265625,True,0.005,0.025
2,2,38,0.0,0.0,1,propagule,1264,0,0,0.022151898734177215,True,0.005,0.025
2,2,39,0.0,0.0,1,propagule,1237,0,0,0.02021018593371059,True,0.005,0.025
2,2,40,0.0,0.0,1,propagule,1229,0,0,0.024410089503661515,True,0.005,0.025
2,2,41,0.0,0.0,1,propagule,1204,0,0,0.02574750830564784,True,0.005,0.025
2,2,42,0.0,0.0,1,propagule,1204,0,0,0.02823920265780731,True,0.005,0.025
2,2,43,0.0,0.0,1,propagule,1228,0,0,0.05211726384364821,True,0.005,0.025
2,2,44,0.0,0.0,1,propagule,1215,0,0,0.047736625514403296,True,0.005,0.025
2,2,45,0.0,0.0,1,propagule,1176,0,0,0.036564625850340135,True,0.005,0.025
2,2,46,0.0,0.0,1,propagule,1173,0,0,0.0443307757885763,True,0.005,0.025
2,2,47,0.0,0.0,1,propagule,1161,0,0,0.041343669250646,True,0.005,0.025
2,2,48,0.0,0.0,1,propagule,1163,0,0,0.046431642304385214,True,0.005,0.025
2,2,49,0.0,0.0,1,propagule,1139,0,0,0.046532045654082525,True,0.005,0.025
2,2,50,0.0,0.0,1,propagule,1147,0,0,0.05143853530950305,True,0.005,0.025
2,2,51,0.0,0.0,1,propagule,1127,0,0,0.050576752440106475,True,0.005,0.025
2,2,52,0.0,0.0,1,propagule,1124,0,0,0.054270462633451956,True,0.005,0.025
2,3,1,0.0,0.0,1,propagule,1098,0,0,0.051001821493624776,True,0.005,0.025
2,3,2,0.0,0.0,1,propagule,1105,0,0,0.06244343891402715,True,0.005,0.025
2,3,3,0.0,0.0,1,propagule,1084,0,0,0.055350553505535055,True,0.005,0.025
2,3,4,0.0,0.0,1,propagule,1085,0,0,0.0663594470046083,True,0.005,0.025
2,3,5,0.0,0.0,1,propagule,1064,0,0,0.06203007518796992,True,0.005,0.025
2,3,6,0.0,0.0,1,propagule,1057,0,0,0.06338694418164617,True,0.005,0.025
2,3,7,0.0,0.0,1,propagule,1037,0,0,0.052073288331726135,True,0.005,0.025
2,3,8,0.0,0.0,1,propagule,1039,0,0,0.06063522617901829,True,0.005,0.025
2,3,9,0.0,0.0,1,propagule,1021,0,0,0.05386875612144956,True,0.005,0.025
2,3,10,0.0,0.0,1,propagule,1022,0,0,0.060665362035225046,True,0.005,0.025
2,3,11,0.0,0.0,1,propagule,1000,0,0,0.055,True,0.005,0.025
2,3,12,0.0,0.0,1,propagule,1004,0,0,0.06374501992031872,True,0.005,0.025
2,3,13,0.0,0.0,1,propagule,983,0,0,0.06002034587995931,True,0.005,0.025
2,3,14,0.0,0.0,1,propagule,979,0,0,0.06435137895812053,True,0.005,0.025
2,3,15,0.0,0.0,1,propagule,952,0,0,0.06197478991596639,True,0.005,0.025
2,3,16,0.0,0.0,1,propagule,946,0,0,0.06448202959830866,True,0.005,0.025
2,3,17,0.0,0.0,1,propagule,938,0,0,0.06716417910447761,True,0.005,0.025
2,3,18,0.0,0.0,1,propagule,2206,0,0,0.027198549410698096,True,0.005,0.025
2,3,19,0.0,0.0,1,propagule,2093,0,0,0.025322503583373148,True,0.005,0.025
2,3,20,0.0,0.0,1,propagule,2028,0,0,0.02465483234714004,True,0.005,0.025
2,3,21,0.0,0.0,1,propagule,1962,0,0,0.02599388379204893,True,0.005,0.025
2,3,22,0.0,0.0,1,propagule,1924,0,0,0.028586278586278588,True,0.005,0.025
2,3,23,0.0,0.0,1,propagule,1857,0,0,0.029617662897145933,True,0.005,0.025
2,3,24,0.0,0.0,1,propagule,1836,0,0,0.029411764705882353,True,0.005,0.025
2,3,25,0.0,0.0,1,propagule,1773,0,0,0.030456852791878174,True,0.005,0.025
2,3,26,0.0,0.0,1,propagule,1732,0,0,0.030600461893764433,True,0.005,0.025
2,3,27,0.0,0.0,1,propagule,1681,0,0,0.030933967876264127,True,0.005,0.025
2,3,28,0.0,0.0,1,propagule,1654,0,0,0.03143893591293833,True,0.005,0.025
2,3,29,0.0,0.0,1,propagule,1641,0,0,0.03351614868982328,True,0.005,0.025
2,3,30,0.0,0.0,1,propagule,1609,0,0,0.03356121814791796,True,0.005,0.025
2,3,31,0.0,0.0,1,propagule,1573,0,0,0.03496503496503497,True,0.005,0.025
2,3,32,0.0,0.0,1,propagule,1541,0,0,0.03439325113562622,True,0.005,0.025
2,3,33,0.0,0.0,1,propagule,1510,0,0,0.03576158940397351,True,0.005,0.025
2,3,34,0.0,0.0,1,propagule,1483,0,0,0.03573836817262306,True,0.005,0.025
2,3,35,0.0,0.0,1,propagule,1447,0,0,0.03455425017277125,True,0.005,0.025
2,3,36,0.0,0.0,1,propagule,1450,0,0,0.04896551724137931,True,0.005,0.025
2,3,37,0.0,0.0,1,propagule,1389,0,0,0.04463642908567315,True,0.005,0.025
2,3,38,0.0,0.0,1,propagule,1367,0,0,0.04754937820043892,True,0.005,0.025
2,3,39,0.0,0.0,1,propagule,1332,0,0,0.04279279279279279,True,0.005,0.025
2,3,40,0.0,0.0,1,propagule,1310,0,0,0.04732824427480916,True,0.005,0.025
2,3,41,0.0,0.0,1,propagule,1282,0,0,0.05070202808112324,True,0.005,0.025
2,3,42,0.0,0.0,1,propagule,1259,0,0,0.04924543288324067,True,0.005,0.025
2,3,43,0.0,0.0,1,propagule,1323,0,0,0.08314436885865457,True,0.005,0.025
2,3,44,0.0,0.0,1,propagule,1279,0,0,0.07427677873338545,True,0.005,0.025
2,3,45,0.0,0.0,1,propagule,1246,0,0,0.06741573033707865,True,0.005,0.025
2,3,46,0.0,0.0,1,propagule,1240,0,0,0.0717741935483871,True,0.005,0.025
2,3,47,0.0,0.0,1,propagule,1223,0,0,0.07522485690923958,True,0.005,0.025
2,3,48,0.0,0.0,1,propagule,1251,0,0,0.08872901678657075,True,0.005,0.025
2,3,49,0.0,0.0,1,propagule,1221,0,0,0.08845208845208845,True,0.005,0.025
2,3,50,0.0,0.0,1,propagule,1222,0,0,0.09901800327332243,True,0.005,0.025
2,3,51,0.0,0.0,1,propagule,1203,0,0,0.09725685785536159,True,0.005,0.025
2,3,52,0.0,0.0,1,propagule,1197,0,0,0.10192147034252297,True,0.005,0.025
2,4,1,0.0,0.0,1,propagule,1157,0,0,0.09507346585998272,True,0.005,0.025
2,4,2,0.0,0.0,1,propagule,1166,0,0,0.10291595197255575,True,0.005,0.025
2,4,3,0.0,0.0,1,propagule,1124,0,0,0.08896797153024912,True,0.005,0.025
2,4,4,0.0,0.0,1,propagule,1142,0,0,0.10507880910683012,True,0.005,0.025
2,4,5,0.0,0.0,1,propagule,1090,0,0,0.08990825688073395,True,0.005,0.025
2,4,6,0.0,0.0,1,propagule,1100,0,0,0.10181818181818182,True,0.005,0.025
2,4,7,0.0,0.0,1,propagule,1070,0,0,0.09065420560747664,True,0.005,0.025
2,4,8,0.0,0.0,1,propagule,1088,0,0,0.10202205882352941,True,0.005,0.025
2,4,9,0.0,0.0,1,propagule,1051,0,0,0.09039010466222645,True,0.005,0.025
2,4,10,0.0,0.0,1,propagule,1072,0,0,0.1044776119402985,True,0.005,0.025
2,4,11,0.0,0.0,1,propagule,1036,0,0,0.0916988416988417,True,0.005,0.025
2,4,12,0.0,0.0,1,propagule,1049,0,0,0.10390848427073403,True,0.005,0.025
2,4,13,0.0,0.0,1,propagule,1015,0,0,0.09458128078817735,True,0.005,0.025
2,4,14,0.0,0.0,1,propagule,1026,0,0,0.10623781676413255,True,0.005,0.025
2,4,15,0.0,0.0,1,propagule,986,0,0,0.09533468559837728,True,0.005,0.025
2,4,16,0.0,0.0,1,propagule,1005,0,0,0.10845771144278607,True,0.005,0.025
2,4,17,0.0,0.0,1,propagule,958,0,0,0.09498956158663883,True,0.005,0.025
2,4,18,0.0,0.0,1,propagule,2311,0,0,0.04500216356555604,True,0.005,0.025
2,4,19,0.0,0.0,1,propagule,2214,0,0,0.03929539295392954,True,0.005,0.025
2,4,20,0.0,0.0,1,propagule,2183,0,0,0.04122766834631241,True,0.005,0.025
2,4,21,0.0,0.0,1,propagule,2113,0,0,0.03928064363464269,True,0.005,0.025
2,4,22,0.0,0.0,1,propagule,2078,0,0,0.04090471607314726,True,0.005,0.025
2,4,23,0.0,0.0,1,propagule,2028,0,0,0.041913214990138066,True,0.005,0.025
2,4,24,0.0,0.0,1,propagule,1977,0,0,0.042994436014162876,True,0.005,0.025
2,4,25,0.0,0.0,1,propagule,1912,0,0,0.04236401673640167,True,0.005,0.025
2,4,26,0.0,0.0,1,propagule,1867,0,0,0.04392072844134976,True,0.005,0.025
2,4,27,0.0,0.0,1,propagule,1837,0,0,0.043549265106151334,True,0.005,0.025
2,4,28,0.0,0.0,1,propagule,1795,0,0,0.04178272980501393,True,0.005,0.025
2,4,29,0.0,0.0,1,propagule,1768,0,0,0.04411764705882353,True,0.005,0.025
2,4,30,0.0,0.0,1,propagule,1717,0,0,0.0425160163075131,True,0.005,0.025
2,4,31,0.0,0.0,1,propagule,1683,0,0,0.0427807486631016,True,0.005,0.025
2,4,32,0.0,0.0,1,propagule,1658,0,0,0.04463208685162847,True,0.005,0.025
2,4,33,0.0,0.0,1,propagule,1611,0,0,0.04407200496585972,True,0.005,0.025
2,4,34,0.0,0.0,1,propagule,1587,0,0,0.045368620037807186,True,0.005,0.025
2,4,35,0.0,0.0,1,propagule,1521,0,0,0.044707429322813935,True,0.005,0.025
2,4,36,0.0,0.0,1,propagule,1506,0,0,0.049800796812749,True,0.005,0.025
2,4,37,0.0,0.0,1,propagule,1458,0,0,0.04526748971193416,True,0.005,0.025
2,4,38,0.0,0.0,1,propagule,1449,0,0,0.047619047619047616,True,0.005,0.025
2,4,39,0.0,0.0,1,propagule,1418,0,0,0.045839210155148094,True,0.005,0.025
2,4,40,0.0,0.0,1,propagule,1396,0,0,0.05157593123209169,True,0.005,0.025
2,4,41,0.0,0.0,1,propagule,1385,0,0,0.05270758122743682,True,0.005,0.025
2,4,42,0.0,0.0,1,propagule,1372,0,0,0.0575801749271137,True,0.005,0.025
2,4,43,0.0,0.0,1,propagule,1362,0,0,0.07342143906020558,True,0.005,0.025
2,4,44,0.0,0.0,1,propagule,1287,0,0,0.06060606060606061,True,0.005,0.025
2,4,45,0.0,0.0,1,propagule,1267,0,0,0.06393054459352802,True,0.005,0.025
2,4,46,0.0,0.0,1,propagule,1227,0,0,0.05867970660146699,True,0.005,0.025
2,4,47,0.0,0.0,1,propagule,1230,0,0,0.06341463414634146,True,0.005,0.025
2,4,48,0.0,0.0,1,propagule,1208,0,0,0.06291390728476821,True,0.005,0.025
2,4,49,0.0,0.0,1,propagule,1202,0,0,0.06572379367720466,True,0.005,0.025
2,4,50,0.0,0.0,1,propagule,1169,0,0,0.05902480752780154,True,0.005,0.025
2,4,51,0.0,0.0,1,propagule,1169,0,0,0.06330196749358426,True,0.005,0.025
2,4,52,0.0,0.0,1,propagule,1139,0,0,0.058823529411764705,True,0.005,0.025
2,5,1,0.0,0.0,1,propagule,1130,0,0,0.06460176991150443,True,0.005,0.025
2,5,2,0.0,0.0,1,propagule,1102,0,0,0.06170598911070781,True,0.005,0.025
2,5,3,0.0,0.0,1,propagule,1097,0,0,0.06563354603463993,True,0.005,0.025
2,5,4,0.0,0.0,1,propagule,1076,0,0,0.06598513011152417,True,0.005,0.025
2,5,5,0.0,0.0,1,propagule,1067,0,0,0.06560449859418932,True,0.005,0.025
2,5,6,0.0,0.0,1,propagule,1047,0,0,0.06494746895893028,True,0.005,0.025
2,5,7,0.0,0.0,1,propagule,1044,0,0,0.06800766283524905,True,0.005,0.025
2,5,8,0.0,0.0,1,propagule,1030,0,0,0.06699029126213592,True,0.005,0.025
2,5,9,0.0,0.0,1,propagule,1022,0,0,0.06555772994129158,True,0.005,0.025
2,5,10,0.0,0.0,1,propagule,1011,0,0,0.06824925816023739,True,0.005,0.025
2,5,11,0.0,0.0,1,propagule,1001,0,0,0.07092907092907093,True,0.005,0.025
2,5,12,0.0,0.0,1,propagule,993,0,0,0.06948640483383686,True,0.005,0.025
2,5,13,0.0,0.0,1,propagule,981,0,0,0.06931702344546381,True,0.005,0.025
2,5,14,0.0,0.0,1,propagule,963,0,0,0.0695742471443406,True,0.005,0.025
2,5,15,0.0,0.0,1,propagule,949,0,0,0.07270811380400422,True,0.005,0.025
2,5,16,0.0,0.0,1,propagule,938,0,0,0.07036247334754797,True,0.005,0.025
2,5,17,0.0,0.0,1,propagule,926,0,0,0.07127429805615551,True,0.005,0.025
2,5,18,0.0,0.0,1,propagule,2066,0,0,0.031945788964181994,True,0.005,0.025
2,5,19,0.0,0.0,1,propagule,2012,0,0,0.031312127236580514,True,0.005,0.025
2,5,20,0.0,0.0,1,propagule,1955,0,0,0.031713554987212275,True,0.005,0.025
2,5,21,0.0,0.0,1,propagule,1898,0,0,0.0321390937829294,True,0.005,0.025
2,5,22,0.0,0.0,1,propagule,1842,0,0,0.02985884907709012,True,0.005,0.025
2,5,23,0.0,0.0,1,propagule,1804,0,0,0.03215077605321508,True,0.005,0.025
2,5,24,0.0,0.0,1,propagule,1749,0,0,0.029159519725557463,True,0.005,0.025
2,5,25,0.0,0.0,1,propagule,1726,0,0,0.03070683661645423,True,0.005,0.025
2,5,26,0.0,0.0,1,propagule,1675,0,0,0.03044776119402985,True,0.005,0.025
2,5,27,0.0,0.0,1,propagule,1660,0,0,0.031927710843373494,True,0.005,0.025
2,5,28,0.0,0.0,1,propagule,1605,0,0,0.029906542056074768,True,0.005,0.025
2,5,29,0.0,0.0,1,propagule,1591,0,0,0.03331238214959145,True,0.005,0.025
2,5,30,0.0,0.0,1,propagule,1547,0,0,0.029088558500323207,True,0.005,0.025
2,5,31,0.0,0.0,1,propagule,1506,0,0,0.033200531208499334,True,0.005,0.025
2,5,32,0.0,0.0,1,propagule,1466,0,0,0.034106412005457026,True,0.005,0.025
2,5,33,0.0,0.0,1,propagule,1443,0,0,0.03465003465003465,True,0.005,0.025
2,5,34,0.0,0.0,1,propagule,1424,0,0,0.033707865168539325,True,0.005,0.025
2,5,35,0.0,0.0,1,propagule,1381,0,0,0.03258508327299059,True,0.005,0.025
2,5,36,0.0,0.0,1,propagule,1358,0,0,0.03608247422680412,True,0.005,0.025
2,5,37,0.0,0.0,1,propagule,1309,0,0,0.03361344537815126,True,0.005,0.025
2,5,38,0.0,0.0,1,propagule,1300,0,0,0.03923076923076923,True,0.005,0.025
2,5,39,0.0,0.0,1,propagule,1276,0,0,0.03683385579937304,True,0.005,0.025
2,5,40,0.0,0.0,1,propagule,1262,0,0,0.039619651347068144,True,0.005,0.025
2,5,41,0.0,0.0,1,propagule,1240,0,0,0.0467741935483871,True,0.005,0.025
2,5,42,0.0,0.0,1,propagule,1219,0,0,0.0475799835931091,True,0.005,0.025
2,5,43,0.0,0.0,1,propagule,1278,0,0,0.08841940532081377,True,0.005,0.025
2,5,44,0.0,0.0,1,propagule,1209,0,0,0.07444168734491315,True,0.005,0.025
2,5,45,0.0,0.0,1,propagule,1188,0,0,0.07407407407407407,True,0.005,0.025
2,5,46,0.0,0.0,1,propagule,1146,0,0,0.06631762652705062,True,0.005,0.025
2,5,47,0.0,0.0,1,propagule,1148,0,0,0.07142857142857142,True,0.005,0.025
2,5,48,0.0,0.0,1,propagule,1133,0,0,0.06884377758164166,True,0.005,0.025
2,5,49,0.0,0.0,1,propagule,1118,0,0,0.07155635062611806,True,0.005,0.025
2,5,50,0.0,0.0,1,propagule,1083,0,0,0.0664819944598338,True,0.005,0.025
2,5,51,0.0,0.0,1,propagule,1078,0,0,0.06957328385899815,True,0.005,0.025
2,5,52,0.0,0.0,1,propagule,1062,0,0,0.0687382297551789,True,0.005,0.025
2,6,1,0.0,0.0,1,propagule,1059,0,0,0.07459867799811143,True,0.005,0.025
2,6,2,0.0,0.0,1,propagule,1041,0,0,0.07012487992315082,True,0.005,0.025
2,6,3,0.0,0.0,1,propagule,1036,0,0,0.07722007722007722,True,0.005,0.025
2,6,4,0.0,0.0,1,propagule,1011,0,0,0.07418397626112759,True,0.005,0.025
2,6,5,0.0,0.0,1,propagule,1018,0,0,0.0825147347740668,True,0.005,0.025
2,6,6,0.0,0.0,1,propagule,991,0,0,0.07568113017154389,True,0.005,0.025
2,6,7,0.0,0.0,1,propagule,992,0,0,0.0846774193548387,True,0.005,0.025
2,6,8,0.0,0.0,1,propagule,978,0,0,0.0787321063394683,True,0.005,0.025
2,6,9,0.0,0.0,1,propagule,970,0,0,0.0865979381443299,True,0.005,0.025
2,6,10,0.0,0.0,1,propagule,947,0,0,0.08130939809926083,True,0.005,0.025
2,6,11,0.0,0.0,1,propagule,949,0,0,0.09062170706006323,True,0.005,0.025
2,6,12,0.0,0.0,1,propagule,933,0,0,0.08145766345123258,True,0.005,0.025
2,6,13,0.0,0.0,1,propagule,930,0,0,0.08817204301075268,True,0.005,0.025
2,6,14,0.0,0.0,1,propagule,912,0,0,0.07894736842105263,True,0.005,0.025
2,6,15,0.0,0.0,1,propagule,907,0,0,0.09151047409040794,True,0.005,0.025
2,6,16,0.0,0.0,1,propagule,885,0,0,0.08022598870056497,True,0.005,0.025
2,6,17,0.0,0.0,1,propagule,890,0,0,0.09550561797752809,True,0.005,0.025
2,6,18,0.0,0.0,1,propagule,2059,0,0,0.03739679456046625,True,0.005,0.025
2,6,19,0.0,0.0,1,propagule,1983,0,0,0.03479576399394856,True,0.005,0.025
2,6,20,0.0,0.0,1,propagule,1923,0,0,0.033281331253250133,True,0.005,0.025
2,6,21,0.0,0.0,1,propagule,1868,0,0,0.03158458244111349,True,0.005,0.025
2,6,22,0.0,0.0,1,propagule,1824,0,0,0.03070175438596491,True,0.005,0.025
2,6,23,0.0,0.0,1,propagule,1790,0,0,0.0329608938547486,True,0.005,0.025
2,6,24,0.0,0.0,1,propagule,1740,0,0,0.03218390804597701,True,0.005,0.025
2,6,25,0.0,0.0,1,propagule,1718,0,0,0.03434225844004657,True,0.005,0.025
2,6,26,0.0,0.0,1,propagule,1633,0,0,0.03368034292712799,True,0.005,0.025
2,6,27,0.0,0.0,1,propagule,1620,0,0,0.037654320987654324,True,0.005,0.025
2,6,28,0.0,0.0,1,propagule,1587,0,0,0.03843730308758664,True,0.005,0.025
2,6,29,0.0,0.0,1,propagule,1565,0,0,0.03961661341853035,True,0.005,0.025
2,6,30,0.0,0.0,1,propagule,1534,0,0,0.03650586701434159,True,0.005,0.025
2,6,31,0.0,0.0,1,propagule,1515,0,0,0.03762376237623762,True,0.005,0.025
2,6,32,0.0,0.0,1,propagule,1485,0,0,0.03636363636363636,True,0.005,0.025
2,6,33,0.0,0.0,1,propagule,1436,0,0,0.03690807799442897,True,0.005,0.025
2,6,34,0.0,0.0,1,propagule,1393,0,0,0.0366116295764537,True,0.005,0.025
2,6,35,0.0,0.0,1,propagule,1366,0,0,0.040995607613469986,True,0.005,0.025
2,6,36,0.0,0.0,1,propagule,1350,0,0,0.04148148148148148,True,0.005,0.025
2,6,37,0.0,0.0,1,propagule,1331,0,0,0.042073628850488355,True,0.005,0.025
2,6,38,0.0,0.0,1,propagule,1316,0,0,0.03875379939209726,True,0.005,0.025
2,6,39,0.0,0.0,1,propagule,1316,0,0,0.0486322188449848,True,0.005,0.025
2,6,40,0.0,0.0,1,propagule,1280,0,0,0.0421875,True,0.005,0.025
2,6,41,0.0,0.0,1,propagule,1266,0,0,0.045813586097946286,True,0.005,0.025
2,6,42,0.0,0.0,1,propagule,1236,0,0,0.04288025889967637,True,0.005,0.025
2,6,43,0.0,0.0,1,propagule,1349,0,0,0.10971089696071164,True,0.005,0.025
2,6,44,0.0,0.0,1,propagule,1259,0,0,0.08895949166004766,True,0.005,0.025
2,6,45,0.0,0.0,1,propagule,1241,0,0,0.09024979854955681,True,0.005,0.025
2,6,46,0.0,0.0,1,propagule,1206,0,0,0.0912106135986733,True,0.005,0.025
2,6,47,0.0,0.0,1,propagule,1212,0,0,0.09405940594059406,True,0.005,0.025
2,6,48,0.0,0.0,1,propagule,1192,0,0,0.09815436241610738,True,0.005,0.025
2,6,49,0.0,0.0,1,propagule,1199,0,0,0.1042535446205171,True,0.005,0.025
2,6,50,0.0,0.0,1,propagule,1201,0,0,0.10824313072439634,True,0.005,0.025
2,6,51,0.0,0.0,1,propagule,1190,0,0,0.11428571428571428,True,0.005,0.025
2,6,52,0.0,0.0,1,propagule,1182,0,0,0.11590524534686972,True,0.005,0.025
2,7,1,0.0,0.0,1,propagule,1176,0,0,0.12414965986394558,True,0.005,0.025
2,7,2,0.0,0.0,1,propagule,1172,0,0,0.12542662116040956,True,0.005,0.025
2,7,3,0.0,0.0,1,propagule,1163,0,0,0.13155631986242478,True,0.005,0.025
2,7,4,0.0,0.0,1,propagule,1155,0,0,0.13246753246753246,True,0.005,0.025
2,7,5,0.0,0.0,1,propagule,1148,0,0,0.1367595818815331,True,0.005,0.025
2,7,6,0.0,0.0,1,propagule,1123,0,0,0.13268032056990206,True,0.005,0.025
2,7,7,0.0,0.0,1,propagule,1118,0,0,0.13774597495527727,True,0.005,0.025
2,7,8,0.0,0.0,1,propagule,1093,0,0,0.13998170173833485,True,0.005,0.025
2,7,9,0.0,0.0,1,propagule,1084,0,0,0.13837638376383765,True,0.005,0.025
2,7,10,0.0,0.0,1,propagule,1059,0,0,0.1359773371104816,True,0.005,0.025
2,7,11,0.0,0.0,1,propagule,1050,0,0,0.13904761904761906,True,0.005,0.025
2,7,12,0.0,0.0,1,propagule,1038,0,0,0.14065510597302505,True,0.005,0.025
2,7,13,0.0,0.0,1,propagule,1029,0,0,0.13896987366375121,True,0.005,0.025
2,7,14,0.0,0.0,1,propagule,1019,0,0,0.13837095191364082,True,0.005,0.025
2,7,15,0.0,0.0,1,propagule,1003,0,0,0.14057826520438685,True,0.005,0.025
2,7,16,0.0,0.0,1,propagule,990,0,0,0.1393939393939394,True,0.005,0.025
2,7,17,0.0,0.0,1,propagule,986,0,0,0.14198782961460446,True,0.005,0.025
2,7,18,0.0,0.0,1,propagule,2246,0,0,0.058771148708815675,True,0.005,0.025
2,7,19,0.0,0.0,1,propagule,2206,0,0,0.06074342701722575,True,0.005,0.025
2,7,20,0.0,0.0,1,propagule,2155,0,0,0.05939675174013921,True,0.005,0.025
2,7,21,0.0,0.0,1,propagule,2103,0,0,0.06134094151212553,True,0.005,0.025
2,7,22,0.0,0.0,1,propagule,2042,0,0,0.05827619980411362,True,0.005,0.025
2,7,23,0.0,0.0,1,propagule,1998,0,0,0.06056056056056056,True,0.005,0.025
2,7,24,0.0,0.0,1,propagule,1937,0,0,0.060918946824987094,True,0.005,0.025
2,7,25,0.0,0.0,1,propagule,1886,0,0,0.059915164369035,True,0.005,0.025
2,7,26,0.0,0.0,1,propagule,1848,0,0,0.061147186147186144,True,0.005,0.025
2,7,27,0.0,0.0,1,propagule,1790,0,0,0.06089385474860335,True,0.005,0.025
2,7,28,0.0,0.0,1,propagule,1767,0,0,0.06451612903225806,True,0.005,0.025
2,7,29,0.0,0.0,1,propagule,1701,0,0,0.06466784244562022,True,0.005,0.025
2,7,30,0.0,0.0,1,propagule,1679,0,0,0.06670637284097677,True,0.005,0.025
2,7,31,0.0,0.0,1,propagule,1622,0,0,0.06473489519112208,True,0.005,0.025
2,7,32,0.0,0.0,1,propagule,1602,0,0,0.07116104868913857,True,0.005,0.025
2,7,33,0.0,0.0,1,propagule,1568,0,0,0.07142857142857142,True,0.005,0.025
2,7,34,0.0,0.0,1,propagule,1544,0,0,0.07189119170984457,True,0.005,0.025
2,7,35,0.0,0.0,1,propagule,1492,0,0,0.07171581769436998,True,0.005,0.025
2,7,36,0.0,0.0,1,propagule,1465,0,0,0.0757679180887372,True,0.005,0.025
2,7,37,0.0,0.0,1,propagule,1416,0,0,0.07062146892655367,True,0.005,0.025
2,7,38,0.0,0.0,1,propagule,1404,0,0,0.07763532763532764,True,0.005,0.025
2,7,39,0.0,0.0,1,propagule,1387,0,0,0.07642393655371305,True,0.005,0.025
2,7,40,0.0,0.0,1,propagule,1372,0,0,0.07871720116618076,True,0.005,0.025
2,7,41,0.0,0.0,1,propagule,1353,0,0,0.08130081300813008,True,0.005,0.025
2,7,42,0.0,0.0,1,propagule,1334,0,0,0.08170914542728636,True,0.005,0.025
2,7,43,0.0,0.0,1,propagule,1391,0,0,0.12005751258087707,True,0.005,0.025
2,7,44,0.0,0.0,1,propagule,1303,0,0,0.10437452033768227,True,0.005,0.025
2,7,45,0.0,0.0,1,propagule,1288,0,0,0.1048136645962733,True,0.005,0.025
2,7,46,0.0,0.0,1,propagule,1255,0,0,0.10278884462151394,True,0.005,0.025
2,7,47,0.0,0.0,1,propagule,1239,0,0,0.10411622276029056,True,0.005,0.025
2,7,48,0.0,0.0,1,propagule,1215,0,0,0.10123456790123457,True,0.005,0.025
2,7,49,0.0,0.0,1,propagule,1204,0,0,0.10465116279069768,True,0.005,0.025
2,7,50,0.0,0.0,1,propagule,1186,0,0,0.10370994940978077,True,0.005,0.025
2,7,51,0.0,0.0,1,propagule,1181,0,0,0.10753598645215919,True,0.005,0.025
2,7,52,0.0,0.0,1,propagule,1168,0,0,0.10787671232876712,True,0.005,0.025
2,8,1,0.0,0.0,1,propagule,1158,0,0,0.11053540587219343,True,0.005,0.025
2,8,2,0.0,0.0,1,propagule,1139,0,0,0.10974539069359086,True,0.005,0.025
2,8,3,0.0,0.0,1,propagule,1133,0,0,0.11297440423654016,True,0.005,0.025
2,8,4,0.0,0.0,1,propagule,1112,0,0,0.11151079136690648,True,0.005,0.025
2,8,5,0.0,0.0,1,propagule,1101,0,0,0.11353315168029064,True,0.005,0.025
2,8,6,0.0,0.0,1,propagule,1081,0,0,0.11193339500462535,True,0.005,0.025
2,8,7,0.0,0.0,1,propagule,1073,0,0,0.11369990680335508,True,0.005,0.025
2,8,8,0.0,0.0,1,propagule,1051,0,0,0.11322549952426261,True,0.005,0.025
2,8,9,0.0,0.0,1,propagule,1045,0,0,0.11291866028708133,True,0.005,0.025
2,8,10,0.0,0.0,1,propagule,1025,0,0,0.11317073170731708,True,0.005,0.025
2,8,11,0.0,0.0,1,propagule,1018,0,0,0.1168958742632613,True,0.005,0.025
2,8,12,0.0,0.0,1,propagule,1008,0,0,0.11805555555555555,True,0.005,0.025
2,8,13,0.0,0.0,1,propagule,1001,0,0,0.11788211788211789,True,0.005,0.025
2,8,14,0.0,0.0,1,propagule,987,0,0,0.11752786220871327,True,0.005,0.025
2,8,15,0.0,0.0,1,propagule,980,0,0,0.11938775510204082,True,0.005,0.025
2,8,16,0.0,0.0,1,propagule,953,0,0,0.11857292759706191,True,0.005,0.025
2,8,17,0.0,0.0,1,propagule,950,0,0,0.11894736842105263,True,0.005,0.025
2,8,18,0.0,0.0,1,propagule,2118,0,0,0.05288007554296506,True,0.005,0.025
2,8,19,0.0,0.0,1,propagule,2092,0,0,0.05162523900573614,True,0.005,0.025
2,8,20,0.0,0.0,1,propagule,2036,0,0,0.05304518664047151,True,0.005,0.025
2,8,21,0.0,0.0,1,propagule,1988,0,0,0.052313883299798795,True,0.005,0.025
2,8,22,0.0,0.0,1,propagule,1920,0,0,0.05260416666666667,True,0.005,0.025
2,8,23,0.0,0.0,1,propagule,1890,0,0,0.05291005291005291,True,0.005,0.025
2,8,24,0.0,0.0,1,propagule,1852,0,0,0.05183585313174946,True,0.005,0.025
2,8,25,0.0,0.0,1,propagule,1820,0,0,0.05384615384615385,True,0.005,0.025
2,8,26,0.0,0.0,1,propagule,1764,0,0,0.05442176870748299,True,0.005,0.025
2,8,27,0.0,0.0,1,propagule,1745,0,0,0.05673352435530086,True,0.005,0.025
2,8,28,0.0,0.0,1,propagule,1699,0,0,0.05650382577987051,True,0.005,0.025
2,8,29,0.0,0.0,1,propagule,1671,0,0,0.05685218432076601,True,0.005,0.025
2,8,30,0.0,0.0,1,propagule,1621,0,0,0.05737199259716225,True,0.005,0.025
2,8,31,0.0,0.0,1,propagule,1590,0,0,0.059748427672955975,True,0.005,0.025
2,8,32,0.0,0.0,1,propagule,1536,0,0,0.060546875,True,0.005,0.025
2,8,33,0.0,0.0,1,propagule,1497,0,0,0.06212424849699399,True,0.005,0.025
2,8,34,0.0,0.0,1,propagule,1446,0,0,0.06224066390041494,True,0.005,0.025
2,8,35,0.0,0.0,1,propagule,1431,0,0,0.06289308176100629,True,0.005,0.025
2,8,36,0.0,0.0,1,propagule,1396,0,0,0.06446991404011461,True,0.005,0.025
2,8,37,0.0,0.0,1,propagule,1365,0,0,0.06373626373626373,True,0.005,0.025
2,8,38,0.0,0.0,1,propagule,1344,0,0,0.0662202380952381,True,0.005,0.025
2,8,39,0.0,0.0,1,propagule,1336,0,0,0.06961077844311377,True,0.005,0.025
2,8,40,0.0,0.0,1,propagule,1319,0,0,0.06899166034874905,True,0.005,0.025
2,8,41,0.0,0.0,1,propagule,1303,0,0,0.06907137375287797,True,0.005,0.025
2,8,42,0.0,0.0,1,propagule,1283,0,0,0.0701480904130943,True,0.005,0.025
2,8,43,0.0,0.0,1,propagule,1381,0,0,0.12454742939898625,True,0.005,0.025
2,8,44,0.0,0.0,1,propagule,1291,0,0,0.10844306738962045,True,0.005,0.025
2,8,45,0.0,0.0,1,propagule,1252,0,0,0.09904153354632587,True,0.005,0.025
2,8,46,0.0,0.0,1,propagule,1228,0,0,0.0993485342019544,True,0.005,0.025
2,8,47,0.0,0.0,1,propagule,1217,0,0,0.10024650780608052,True,0.005,0.025
2,8,48,0.0,0.0,1,propagule,1202,0,0,0.09900166389351081,True,0.005,0.025
2,8,49,0.0,0.0,1,propagule,1186,0,0,0.09780775716694773,True,0.005,0.025
2,8,50,0.0,0.0,1,propagule,1163,0,0,0.09716251074806535,True,0.005,0.025
2,8,51,0.0,0.0,1,propagule,1155,0,0,0.1012987012987013,True,0.005,0.025
2,8,52,0.0,0.0,1,propagule,1148,0,0,0.1019163763066202,True,0.005,0.025
2,9,1,0.0,0.0,1,propagule,1142,0,0,0.10595446584938704,True,0.005,0.025
2,9,2,0.0,0.0,1,propagule,1124,0,0,0.10409252669039146,True,0.005,0.025
2,9,3,0.0,0.0,1,propagule,1106,0,0,0.1003616636528029,True,0.005,0.025
2,9,4,0.0,0.0,1,propagule,1096,0,0,0.1031021897810219,True,0.005,0.025
2,9,5,0.0,0.0,1,propagule,1081,0,0,0.09805735430157261,True,0.005,0.025
2,9,6,0.0,0.0,1,propagule,1072,0,0,0.10727611940298508,True,0.005,0.025
2,9,7,0.0,0.0,1,propagule,1057,0,0,0.10501419110690634,True,0.005,0.025
2,9,8,0.0,0.0,1,propagule,1048,0,0,0.11164122137404581,True,0.005,0.025
2,9,9,0.0,0.0,1,propagule,1026,0,0,0.10526315789473684,True,0.005,0.025
2,9,10,0.0,0.0,1,propagule,1014,0,0,0.11045364891518737,True,0.005,0.025
2,9,11,0.0,0.0,1,propagule,1004,0,0,0.10756972111553785,True,0.005,0.025
2,9,12,0.0,0.0,1,propagule,999,0,0,0.11211211211211211,True,0.005,0.025
2,9,13,0.0,0.0,1,propagule,981,0,0,0.11009174311926606,True,0.005,0.025
2,9,14,0.0,0.0,1,propagule,972,0,0,0.11213991769547325,True,0.005,0.025
2,9,15,0.0,0.0,1,propagule,962,0,0,0.10810810810810811,True,0.005,0.025
2,9,16,0.0,0.0,1,propagule,954,0,0,0.11320754716981132,True,0.005,0.025
2,9,17,0.0,0.0,1,propagule,936,0,0,0.11217948717948718,True,0.005,0.025
2,9,18,0.0,0.0,1,propagule,1916,0,0,0.050626304801670144,True,0.005,0.025
2,9,19,0.0,0.0,1,propagule,1883,0,0,0.05045140732873075,True,0.005,0.025
2,9,20,0.0,0.0,1,propagule,1855,0,0,0.05175202156334232,True,0.005,0.025
2,9,21,0.0,0.0,1,propagule,1809,0,0,0.04975124378109453,True,0.005,0.025
2,9,22,0.0,0.0,1,propagule,1779,0,0,0.05171444631815627,True,0.005,0.025
2,9,23,0.0,0.0,1,propagule,1715,0,0,0.05131195335276968,True,0.005,0.025
2,9,24,0.0,0.0,1,propagule,1671,0,0,0.05326152004787552,True,0.005,0.025
2,9,25,0.0,0.0,1,propagule,1628,0,0,0.05221130221130221,True,0.005,0.025
2,9,26,0.0,0.0,1,propagule,1611,0,0,0.054003724394785846,True,0.005,0.025
2,9,27,0.0,0.0,1,propagule,1565,0,0,0.0536741214057508,True,0.005,0.025
2,9,28,0.0,0.0,1,propagule,1537,0,0,0.053350683148991544,True,0.005,0.025
2,9,29,0.0,0.0,1,propagule,1483,0,0,0.05529332434254889,True,0.005,0.025
2,9,30,0.0,0.0,1,propagule,1441,0,0,0.05690492713393477,True,0.005,0.025
2,9,31,0.0,0.0,1,propagule,1436,0,0,0.057799442896935935,True,0.005,0.025
2,9,32,0.0,0.0,1,propagule,1393,0,0,0.05958363244795405,True,0.005,0.025
2,9,33,0.0,0.0,1,propagule,1367,0,0,0.06217995610826628,True,0.005,0.025
2,9,34,0.0,0.0,1,propagule,1342,0,0,0.06259314456035768,True,0.005,0.025
2,9,35,0.0,0.0,1,propagule,1295,0,0,0.06254826254826255,True,0.005,0.025
2,9,36,0.0,0.0,1,propagule,1262,0,0,0.06259904912836767,True,0.005,0.025
2,9,37,0.0,0.0,1,propagule,1248,0,0,0.0673076923076923,True,0.005,0.025
2,9,38,0.0,0.0,1,propagule,1233,0,0,0.0665044606650446,True,0.005,0.025
2,9,39,0.0,0.0,1,propagule,1219,0,0,0.06480721903199343,True,0.005,0.025
2,9,40,0.0,0.0,1,propagule,1202,0,0,0.06905158069883527,True,0.005,0.025
2,9,41,0.0,0.0,1,propagule,1178,0,0,0.06791171477079797,True,0.005,0.025
2,9,42,0.0,0.0,1,propagule,1166,0,0,0.06946826758147513,True,0.005,0.025
2,9,43,0.0,0.0,1,propagule,1279,0,0,0.13682564503518374,True,0.005,0.025
2,9,44,0.0,0.0,1,propagule,1208,0,0,0.11754966887417219,True,0.005,0.025
2,9,45,0.0,0.0,1,propagule,1163,0,0,0.10748065348237318,True,0.005,0.025
2,9,46,0.0,0.0,1,propagule,1141,0,0,0.10780017528483786,True,0.005,0.025
2,9,47,0.0,0.0,1,propagule,1130,0,0,0.10619469026548672,True,0.005,0.025
2,9,48,0.0,0.0,1,propagule,1113,0,0,0.1087151841868823,True,0.005,0.025
2,9,49,0.0,0.0,1,propagule,1096,0,0,0.11222627737226278,True,0.005,0.025
2,9,50,0.0,0.0,1,propagule,1086,0,0,0.10957642725598526,True,0.005,0.025
2,9,51,0.0,0.0,1,propagule,1073,0,0,0.11276794035414725,True,0.005,0.025
2,9,52,0.0,0.0,1,propagule,1058,0,0,0.11342155009451796,True,0.005,0.025
2,10,1,0.0,0.0,1,propagule,1043,0,0,0.11313518696069032,True,0.005,0.025
2,10,2,0.0,0.0,1,propagule,1030,0,0,0.11553398058252427,True,0.005,0.025
2,10,3,0.0,0.0,1,propagule,1017,0,0,0.11504424778761062,True,0.005,0.025
2,10,4,0.0,0.0,1,propagule,1004,0,0,0.1145418326693227,True,0.005,0.025
2,10,5,0.0,0.0,1,propagule,990,0,0,0.11313131313131314,True,0.005,0.025
2,10,6,0.0,0.0,1,propagule,973,0,0,0.11408016443987667,True,0.005,0.025
2,10,7,0.0,0.0,1,propagule,958,0,0,0.11691022964509394,True,0.005,0.025
2,10,8,0.0,0.0,1,propagule,949,0,0,0.11380400421496312,True,0.005,0.025
2,10,9,0.0,0.0,1,propagule,938,0,0,0.11513859275053305,True,0.005,0.025
2,10,10,0.0,0.0,1,propagule,927,0,0,0.11434735706580366,True,0.005,0.025
2,10,11,0.0,0.0,1,propagule,917,0,0,0.11668484187568157,True,0.005,0.025
2,10,12,0.0,0.0,1,propagule,913,0,0,0.11610076670317634,True,0.005,0.025
2,10,13,0.0,0.0,1,propagule,911,0,0,0.11745334796926454,True,0.005,0.025
2,10,14,0.0,0.0,1,propagule,901,0,0,0.11431742508324085,True,0.005,0.025
2,10,15,0.0,0.0,1,propagule,897,0,0,0.11705685618729098,True,0.005,0.025
2,10,16,0.0,0.0,1,propagule,883,0,0,0.11664779161947905,True,0.005,0.025
2,10,17,0.0,0.0,1,propagule,871,0,0,0.11940298507462686,True,0.005,0.025
2,10,18,0.0,0.0,1,propagule,1795,0,0,0.053481894150417826,True,0.005,0.025
2,10,19,0.0,0.0,1,propagule,1763,0,0,0.05388542257515598,True,0.005,0.025
2,10,20,0.0,0.0,1,propagule,1718,0,0,0.05413271245634459,True,0.005,0.025
2,10,21,0.0,0.0,1,propagule,1684,0,0,0.055819477434679333,True,0.005,0.025
2,10,22,0.0,0.0,1,propagule,1646,0,0,0.05528554070473876,True,0.005,0.025
2,10,23,0.0,0.0,1,propagule,1604,0,0,0.05673316708229426,True,0.005,0.025
2,10,24,0.0,0.0,1,propagule,1562,0,0,0.05441741357234315,True,0.005,0.025
2,10,25,0.0,0.0,1,propagule,1527,0,0,0.056319580877537655,True,0.005,0.025
2,10,26,0.0,0.0,1,propagule,1506,0,0,0.05444887118193891,True,0.005,0.025
2,10,27,0.0,0.0,1,propagule,1467,0,0,0.05589638718473074,True,0.005,0.025
2,10,28,0.0,0.0,1,propagule,1428,0,0,0.056022408963585436,True,0.005,0.025
2,10,29,0.0,0.0,1,propagule,1415,0,0,0.05724381625441696,True,0.005,0.025
2,10,30,0.0,0.0,1,propagule,1379,0,0,0.05946337926033358,True,0.005,0.025
2,10,31,0.0,0.0,1,propagule,1353,0,0,0.0598669623059867,True,0.005,0.025
2,10,32,0.0,0.0,1,propagule,1328,0,0,0.060240963855421686,True,0.005,0.025
2,10,33,0.0,0.0,1,propagule,1293,0,0,0.061871616395978345,True,0.005,0.025
2,10,34,0.0,0.0,1,propagule,1266,0,0,0.06240126382306477,True,0.005,0.025
2,10,35,0.0,0.0,1,propagule,1255,0,0,0.06374501992031872,True,0.005,0.025
2,10,36,0.0,0.0,1,propagule,1238,0,0,0.06462035541195477,True,0.005,0.025
2,10,37,0.0,0.0,1,propagule,1226,0,0,0.06851549755301795,True,0.005,0.025
2,10,38,0.0,0.0,1,propagule,1202,0,0,0.06738768718801996,True,0.005,0.025
2,10,39,0.0,0.0,1,propagule,1189,0,0,0.07064760302775441,True,0.005,0.025
2,10,40,0.0,0.0,1,propagule,1166,0,0,0.06946826758147513,True,0.005,0.025
2,10,41,0.0,0.0,1,propagule,1158,0,0,0.07167530224525043,True,0.005,0.025
2,10,42,0.0,0.0,1,propagule,1142,0,0,0.07180385288966724,True,0.005,0.025
2,10,43,0.0,0.0,1,propagule,1261,0,0,0.13560666137985725,True,0.005,0.025
2,10,44,0.0,0.0,1,propagule,1182,0,0,0.11421319796954314,True,0.005,0.025
2,10,45,0.0,0.0,1,propagule,1178,0,0,0.11969439728353141,True,0.005,0.025
2,10,46,0.0,0.0,1,propagule,1163,0,0,0.12381771281169389,True,0.005,0.025
2,10,47,0.0,0.0,1,propagule,1166,0,0,0.13293310463121785,True,0.005,0.025
2,10,48,0.0,0.0,1,propagule,1156,0,0,0.13494809688581316,True,0.005,0.025
2,10,49,0.0,0.0,1,propagule,1152,0,0,0.1388888888888889,True,0.005,0.025
2,10,50,0.0,0.0,1,propagule,1145,0,0,0.14323144104803492,True,0.005,0.025
2,10,51,0.0,0.0,1,propagule,1140,0,0,0.14649122807017545,True,0.005,0.025
2,10,52,0.0,0.0,1,propagule,1118,0,0,0.1413237924865832,True,0.005,0.025
2,1,1,0.0,0.0,1,propagule,923,0,0,0.0,True,0.01,0.015
2,1,2,0.0,0.0,1,propagule,924,0,0,0.0010822510822510823,True,0.01,0.015
2,1,3,0.0,0.0,1,propagule,928,0,0,0.0010775862068965517,True,0.01,0.015
2,1,4,0.0,0.0,1,propagule,916,0,0,0.0054585152838427945,True,0.01,0.015
2,1,5,0.0,0.0,1,propagule,915,0,0,0.008743169398907104,True,0.01,0.015
2,1,6,0.0,0.0,1,propagule,902,0,0,0.011086474501108648,True,0.01,0.015
2,1,7,0.0,0.0,1,propagule,898,0,0,0.011135857461024499,True,0.01,0.015
2,1,8,0.0,0.0,1,propagule,879,0,0,0.012514220705346985,True,0.01,0.015
2,1,9,0.0,0.0,1,propagule,866,0,0,0.016166281755196306,True,0.01,0.015
2,1,10,0.0,0.0,1,propagule,851,0,0,0.01762632197414806,True,0.01,0.015
2,1,11,0.0,0.0,1,propagule,840,0,0,0.017857142857142856,True,0.01,0.015
2,1,12,0.0,0.0,1,propagule,824,0,0,0.01820388349514563,True,0.01,0.015
2,1,13,0.0,0.0,1,propagule,821,0,0,0.018270401948842874,True,0.01,0.015
2,1,14,0.0,0.0,1,propagule,810,0,0,0.018518518518518517,True,0.01,0.015
2,1,15,0.0,0.0,1,propagule,794,0,0,0.018891687657430732,True,0.01,0.015
2,1,16,0.0,0.0,1,propagule,782,0,0,0.016624040920716114,True,0.01,0.015
2,1,17,0.0,0.0,1,propagule,778,0,0,0.016709511568123392,True,0.01,0.015
2,1,18,0.0,0.0,1,propagule,2217,0,0,0.005863779882724403,True,0.01,0.015
2,1,19,0.0,0.0,1,propagule,2181,0,0,0.005960568546538285,True,0.01,0.015
2,1,20,0.0,0.0,1,propagule,2135,0,0,0.006088992974238876,True,0.01,0.015
2,1,21,0.0,0.0,1,propagule,2082,0,0,0.006243996157540826,True,0.01,0.015
2,1,22,0.0,0.0,1,propagule,2013,0,0,0.006458022851465474,True,0.01,0.015
2,1,23,0.0,0.0,1,propagule,2009,0,0,0.006470881035340966,True,0.01,0.015
2,1,24,0.0,0.0,1,propagule,1962,0,0,0.0061162079510703364,True,0.01,0.015
2,1,25,0.0,0.0,1,propagule,1895,0,0,0.0063324538258575196,True,0.01,0.015
2,1,26,0.0,0.0,1,propagule,1875,0,0,0.005866666666666667,True,0.01,0.015
2,1,27,0.0,0.0,1,propagule,1838,0,0,0.005984766050054407,True,0.01,0.015
2,1,28,0.0,0.0,1,propagule,1795,0,0,0.006128133704735376,True,0.01,0.015
2,1,29,0.0,0.0,1,propagule,1773,0,0,0.00676818950930626,True,0.01,0.015
2,1,30,0.0,0.0,1,propagule,1732,0,0,0.006351039260969977,True,0.01,0.015
2,1,31,0.0,0.0,1,propagule,1702,0,0,0.006462984723854289,True,0.01,0.015
2,1,32,0.0,0.0,1,propagule,1659,0,0,0.006630500301386378,True,0.01,0.015
2,1,33,0.0,0.0,1,propagule,1672,0,0,0.006578947368421052,True,0.01,0.015
2,1,34,0.0,0.0,1,propagule,1586,0,0,0.006305170239596469,True,0.01,0.015
2,1,35,0.0,0.0,1,propagule,1565,0,0,0.006389776357827476,True,0.01,0.015
2,1,36,0.0,0.0,1,propagule,1526,0,0,0.010484927916120577,True,0.01,0.015
2,1,37,0.0,0.0,1,propagule,1510,0,0,0.011258278145695364,True,0.01,0.015
2,1,38,0.0,0.0,1,propagule,1492,0,0,0.012064343163538873,True,0.01,0.015
2,1,39,0.0,0.0,1,propagule,1466,0,0,0.011596180081855388,True,0.01,0.015
2,1,40,0.0,0.0,1,propagule,1443,0,0,0.012474012474012475,True,0.01,0.015
2,1,41,0.0,0.0,1,propagule,1433,0,0,0.011863224005582694,True,0.01,0.015
2,1,42,0.0,0.0,1,propagule,1411,0,0,0.012756909992912827,True,0.01,0.015
2,1,43,0.0,0.0,1,propagule,1391,0,0,0.020848310567936738,True,0.01,0.015
2,1,44,0.0,0.0,1,propagule,1379,0,0,0.018129079042784626,True,0.01,0.015
2,1,45,0.0,0.0,1,propagule,1364,0,0,0.018328445747800588,True,0.01,0.015
2,1,46,0.0,0.0,1,propagule,1353,0,0,0.019955654101995565,True,0.01,0.015
2,1,47,0.0,0.0,1,propagule,1337,0,0,0.020942408376963352,True,0.01,0.015
2,1,48,0.0,0.0,1,propagule,1332,0,0,0.026276276276276277,True,0.01,0.015
2,1,49,0.0,0.0,1,propagule,1335,0,0,0.03670411985018727,True,0.01,0.015
2,1,50,0.0,0.0,1,propagule,1317,0,0,0.03644646924829157,True,0.01,0.015
2,1,51,0.0,0.0,1,propagule,1307,0,0,0.036725325172149964,True,0.01,0.015
2,1,52,0.0,0.0,1,propagule,1283,0,0,0.03585346843335931,True,0.01,0.015
2,2,1,0.0,0.0,1,propagule,1275,0,0,0.03764705882352941,True,0.01,0.015
2,2,2,0.0,0.0,1,propagule,1271,0,0,0.03933910306845004,True,0.01,0.015
2,2,3,0.0,0.0,1,propagule,1264,0,0,0.041930379746835444,True,0.01,0.015
2,2,4,0.0,0.0,1,propagule,1231,0,0,0.03899268887083672,True,0.01,0.015
2,2,5,0.0,0.0,1,propagule,1238,0,0,0.046849757673667204,True,0.01,0.015
2,2,6,0.0,0.0,1,propagule,1214,0,0,0.044481054365733116,True,0.01,0.015
2,2,7,0.0,0.0,1,propagule,1213,0,0,0.05028854080791426,True,0.01,0.015
2,2,8,0.0,0.0,1,propagule,1184,0,0,0.04391891891891892,True,0.01,0.015
2,2,9,0.0,0.0,1,propagule,1194,0,0,0.05025125628140704,True,0.01,0.015
2,2,10,0.0,0.0,1,propagule,1155,0,0,0.04242424242424243,True,0.01,0.015
2,2,11,0.0,0.0,1,propagule,1161,0,0,0.053402239448751075,True,0.01,0.015
2,2,12,0.0,0.0,1,propagule,1135,0,0,0.04581497797356828,True,0.01,0.015
2,2,13,0.0,0.0,1,propagule,1140,0,0,0.05087719298245614,True,0.01,0.015
2,2,14,0.0,0.0,1,propagule,1106,0,0,0.0433996383363472,True,0.01,0.015
2,2,15,0.0,0.0,1,propagule,1111,0,0,0.05130513051305131,True,0.01,0.015
2,2,16,0.0,0.0,1,propagule,1082,0,0,0.04251386321626617,True,0.01,0.015
2,2,17,0.0,0.0,1,propagule,1087,0,0,0.04875804967801288,True,0.01,0.015
2,2,18,0.0,0.0,1,propagule,1965,0,0,0.02391857506361323,True,0.01,0.015
2,2,19,0.0,0.0,1,propagule,1953,0,0,0.02713773681515617,True,0.01,0.015
2,2,20,0.0,0.0,1,propagule,1861,0,0,0.023643202579258463,True,0.01,0.015
2,2,21,0.0,0.0,1,propagule,1829,0,0,0.024603608529250958,True,0.01,0.015
2,2,22,0.0,0.0,1,propagule,1785,0,0,0.025210084033613446,True,0.01,0.015
2,2,23,0.0,0.0,1,propagule,1765,0,0,0.024362606232294616,True,0.01,0.015
2,2,24,0.0,0.0,1,propagule,1692,0,0,0.022458628841607566,True,0.01,0.015
2,2,25,0.0,0.0,1,propagule,1667,0,0,0.020995800839832032,True,0.01,0.015
2,2,26,0.0,0.0,1,propagule,1627,0,0,0.0215119852489244,True,0.01,0.015
2,2,27,0.0,0.0,1,propagule,1624,0,0,0.022167487684729065,True,0.01,0.015
2,2,28,0.0,0.0,1,propagule,1583,0,0,0.022741629816803537,True,0.01,0.015
2,2,29,0.0,0.0,1,propagule,1552,0,0,0.025128865979381444,True,0.01,0.015
2,2,30,0.0,0.0,1,propagule,1518,0,0,0.027009222661396576,True,0.01,0.015
2,2,31,0.0,0.0,1,propagule,1492,0,0,0.02546916890080429,True,0.01,0.015
2,2,32,0.0,0.0,1,propagule,1436,0,0,0.02576601671309192,True,0.01,0.015
2,2,33,0.0,0.0,1,propagule,1432,0,0,0.02863128491620112,True,0.01,0.015
2,2,34,0.0,0.0,1,propagule,1361,0,0,0.02645113886847906,True,0.01,0.015
2,2,35,0.0,0.0,1,propagule,1353,0,0,0.026607538802660754,True,0.01,0.015
2,2,36,0.0,0.0,1,propagule,1322,0,0,0.025718608169440244,True,0.01,0.015
2,2,37,0.0,0.0,1,propagule,1332,0,0,0.03303303303303303,True,0.01,0.015
2,2,38,0.0,0.0,1,propagule,1299,0,0,0.03387220939183987,True,0.01,0.015
2,2,39,0.0,0.0,1,propagule,1284,0,0,0.03660436137071651,True,0.01,0.015
2,2,40,0.0,0.0,1,propagule,1251,0,0,0.03437250199840128,True,0.01,0.015
2,2,41,0.0,0.0,1,propagule,1236,0,0,0.03640776699029126,True,0.01,0.015
2,2,42,0.0,0.0,1,propagule,1219,0,0,0.03773584905660377,True,0.01,0.015
2,2,43,0.0,0.0,1,propagule,1305,0,0,0.07049808429118774,True,0.01,0.015
2,2,44,0.0,0.0,1,propagule,1226,0,0,0.049755301794453505,True,0.01,0.015
2,2,45,0.0,0.0,1,propagule,1194,0,0,0.04773869346733668,True,0.01,0.015
2,2,46,0.0,0.0,1,propagule,1173,0,0,0.043478260869565216,True,0.01,0.015
2,2,47,0.0,0.0,1,propagule,1172,0,0,0.041808873720136516,True,0.01,0.015
2,2,48,0.0,0.0,1,propagule,1120,0,0,0.03660714285714286,True,0.01,0.015
2,2,49,0.0,0.0,1,propagule,1118,0,0,0.04740608228980322,True,0.01,0.015
2,2,50,0.0,0.0,1,propagule,1086,0,0,0.03959484346224678,True,0.01,0.015
2,2,51,0.0,0.0,1,propagule,1089,0,0,0.049586776859504134,True,0.01,0.015
2,2,52,0.0,0.0,1,propagule,1065,0,0,0.046009389671361506,True,0.01,0.015
2,3,1,0.0,0.0,1,propagule,1064,0,0,0.05451127819548872,True,0.01,0.015
2,3,2,0.0,0.0,1,propagule,1045,0,0,0.04880382775119617,True,0.01,0.015
2,3,3,0.0,0.0,1,propagule,1039,0,0,0.05101058710298364,True,0.01,0.015
2,3,4,0.0,0.0,1,propagule,1023,0,0,0.0469208211143695,True,0.01,0.015
2,3,5,0.0,0.0,1,propagule,1011,0,0,0.04945598417408507,True,0.01,0.015
2,3,6,0.0,0.0,1,propagule,1015,0,0,0.05517241379310345,True,0.01,0.015
2,3,7,0.0,0.0,1,propagule,980,0,0,0.053061224489795916,True,0.01,0.015
2,3,8,0.0,0.0,1,propagule,972,0,0,0.05452674897119342,True,0.01,0.015
2,3,9,0.0,0.0,1,propagule,958,0,0,0.05636743215031315,True,0.01,0.015
2,3,10,0.0,0.0,1,propagule,952,0,0,0.05777310924369748,True,0.01,0.015
2,3,11,0.0,0.0,1,propagule,937,0,0,0.0576307363927428,True,0.01,0.015
2,3,12,0.0,0.0,1,propagule,936,0,0,0.056623931623931624,True,0.01,0.015
2,3,13,0.0,0.0,1,propagule,918,0,0,0.05773420479302832,True,0.01,0.015
2,3,14,0.0,0.0,1,propagule,911,0,0,0.05817782656421515,True,0.01,0.015
2,3,15,0.0,0.0,1,propagule,899,0,0,0.060066740823136816,True,0.01,0.015
2,3,16,0.0,0.0,1,propagule,895,0,0,0.05921787709497207,True,0.01,0.015
2,3,17,0.0,0.0,1,propagule,881,0,0,0.060158910329171394,True,0.01,0.015
2,3,18,0.0,0.0,1,propagule,1898,0,0,0.02792413066385669,True,0.01,0.015
2,3,19,0.0,0.0,1,propagule,1875,0,0,0.029333333333333333,True,0.01,0.015
2,3,20,0.0,0.0,1,propagule,1849,0,0,0.030827474310438075,True,0.01,0.015
2,3,21,0.0,0.0,1,propagule,1816,0,0,0.028634361233480177,True,0.01,0.015
2,3,22,0.0,0.0,1,propagule,1738,0,0,0.03049482163406214,True,0.01,0.015
2,3,23,0.0,0.0,1,propagule,1708,0,0,0.03044496487119438,True,0.01,0.015
2,3,24,0.0,0.0,1,propagule,1604,0,0,0.034912718204488775,True,0.01,0.015
2,3,25,0.0,0.0,1,propagule,1562,0,0,0.030089628681177975,True,0.01,0.015
2,3,26,0.0,0.0,1,propagule,1545,0,0,0.042071197411003236,True,0.01,0.015
2,3,27,0.0,0.0,1,propagule,1528,0,0,0.045157068062827224,True,0.01,0.015
2,3,28,0.0,0.0,1,propagule,1447,0,0,0.0414651002073255,True,0.01,0.015
2,3,29,0.0,0.0,1,propagule,1433,0,0,0.03768318213538032,True,0.01,0.015
2,3,30,0.0,0.0,1,propagule,1389,0,0,0.03959683225341973,True,0.01,0.015
2,3,31,0.0,0.0,1,propagule,1370,0,0,0.040145985401459854,True,0.01,0.015
2,3,32,0.0,0.0,1,propagule,1321,0,0,0.0408781226343679,True,0.01,0.015
2,3,33,0.0,0.0,1,propagule,1306,0,0,0.0444104134762634,True,0.01,0.015
2,3,34,0.0,0.0,1,propagule,1243,0,0,0.04022526146419952,True,0.01,0.015
2,3,35,0.0,0.0,1,propagule,1211,0,0,0.04128819157720892,True,0.01,0.015
2,3,36,0.0,0.0,1,propagule,1203,0,0,0.04405652535328346,True,0.01,0.015
2,3,37,0.0,0.0,1,propagule,1208,0,0,0.052152317880794705,True,0.01,0.015
2,3,38,0.0,0.0,1,propagule,1178,0,0,0.05178268251273345,True,0.01,0.015
2,3,39,0.0,0.0,1,propagule,1153,0,0,0.04856895056374675,True,0.01,0.015
2,3,40,0.0,0.0,1,propagule,1117,0,0,0.043867502238137866,True,0.01,0.015
2,3,41,0.0,0.0,1,propagule,1106,0,0,0.04159132007233273,True,0.01,0.015
2,3,42,0.0,0.0,1,propagule,1088,0,0,0.042279411764705885,True,0.01,0.015
2,3,43,0.0,0.0,1,propagule,1228,0,0,0.11074918566775244,True,0.01,0.015
2,3,44,0.0,0.0,1,propagule,1157,0,0,0.08902333621434745,True,0.01,0.015
2,3,45,0.0,0.0,1,propagule,1085,0,0,0.06359447004608294,True,0.01,0.015
2,3,46,0.0,0.0,1,propagule,1078,0,0,0.07235621521335807,True,0.01,0.015
2,3,47,0.0,0.0,1,propagule,1037,0,0,0.058823529411764705,True,0.01,0.015
2,3,48,0.0,0.0,1,propagule,1029,0,0,0.06705539358600583,True,0.01,0.015
2,3,49,0.0,0.0,1,propagule,1006,0,0,0.061630218687872766,True,0.01,0.015
2,3,50,0.0,0.0,1,propagule,994,0,0,0.06740442655935613,True,0.01,0.015
2,3,51,0.0,0.0,1,propagule,983,0,0,0.06917599186164802,True,0.01,0.015
2,3,52,0.0,0.0,1,propagule,979,0,0,0.0745658835546476,True,0.01,0.015
2,4,1,0.0,0.0,1,propagule,955,0,0,0.06910994764397906,True,0.01,0.015
2,4,2,0.0,0.0,1,propagule,939,0,0,0.06602768903088392,True,0.01,0.015
2,4,3,0.0,0.0,1,propagule,929,0,0,0.0688912809472551,True,0.01,0.015
2,4,4,0.0,0.0,1,propagule,913,0,0,0.06900328587075576,True,0.01,0.015
2,4,5,0.0,0.0,1,propagule,903,0,0,0.07198228128460686,True,0.01,0.015
2,4,6,0.0,0.0,1,propagule,895,0,0,0.07039106145251396,True,0.01,0.015
2,4,7,0.0,0.0,1,propagule,894,0,0,0.07829977628635347,True,0.01,0.015
2,4,8,0.0,0.0,1,propagule,866,0,0,0.07274826789838337,True,0.01,0.015
2,4,9,0.0,0.0,1,propagule,866,0,0,0.07852193995381063,True,0.01,0.015
2,4,10,0.0,0.0,1,propagule,842,0,0,0.07125890736342043,True,0.01,0.015
2,4,11,0.0,0.0,1,propagule,847,0,0,0.0743801652892562,True,0.01,0.015
2,4,12,0.0,0.0,1,propagule,821,0,0,0.06455542021924482,True,0.01,0.015
2,4,13,0.0,0.0,1,propagule,818,0,0,0.07212713936430318,True,0.01,0.015
2,4,14,0.0,0.0,1,propagule,796,0,0,0.06658291457286432,True,0.01,0.015
2,4,15,0.0,0.0,1,propagule,804,0,0,0.07587064676616916,True,0.01,0.015
2,4,16,0.0,0.0,1,propagule,778,0,0,0.06940874035989718,True,0.01,0.015
2,4,17,0.0,0.0,1,propagule,777,0,0,0.07593307593307594,True,0.01,0.015
2,4,18,0.0,0.0,1,propagule,1572,0,0,0.03371501272264631,True,0.01,0.015
2,4,19,0.0,0.0,1,propagule,1566,0,0,0.03384418901660281,True,0.01,0.015
2,4,20,0.0,0.0,1,propagule,1520,0,0,0.03355263157894737,True,0.01,0.015
2,4,21,0.0,0.0,1,propagule,1488,0,0,0.03494623655913978,True,0.01,0.015
2,4,22,0.0,0.0,1,propagule,1417,0,0,0.030345800988002825,True,0.01,0.015
2,4,23,0.0,0.0,1,propagule,1397,0,0,0.03364352183249821,True,0.01,0.015
2,4,24,0.0,0.0,1,propagule,1321,0,0,0.03255109765329296,True,0.01,0.015
2,4,25,0.0,0.0,1,propagule,1295,0,0,0.036293436293436294,True,0.01,0.015
2,4,26,0.0,0.0,1,propagule,1281,0,0,0.0351288056206089,True,0.01,0.015
2,4,27,0.0,0.0,1,propagule,1251,0,0,0.04156674660271783,True,0.01,0.015
2,4,28,0.0,0.0,1,propagule,1206,0,0,0.03897180762852405,True,0.01,0.015
2,4,29,0.0,0.0,1,propagule,1200,0,0,0.04,True,0.01,0.015
2,4,30,0.0,0.0,1,propagule,1149,0,0,0.033942558746736295,True,0.01,0.015
2,4,31,0.0,0.0,1,propagule,1137,0,0,0.03869832893579595,True,0.01,0.015
2,4,32,0.0,0.0,1,propagule,1122,0,0,0.034759358288770054,True,0.01,0.015
2,4,33,0.0,0.0,1,propagule,1112,0,0,0.0368705035971223,True,0.01,0.015
2,4,34,0.0,0.0,1,propagule,1092,0,0,0.0347985347985348,True,0.01,0.015
2,4,35,0.0,0.0,1,propagule,1102,0,0,0.0426497277676951,True,0.01,0.015
2,4,36,0.0,0.0,1,propagule,1071,0,0,0.04108309990662932,True,0.01,0.015
2,4,37,0.0,0.0,1,propagule,1083,0,0,0.04986149584487535,True,0.01,0.015
2,4,38,0.0,0.0,1,propagule,1043,0,0,0.04314477468839885,True,0.01,0.015
2,4,39,0.0,0.0,1,propagule,1034,0,0,0.0425531914893617,True,0.01,0.015
2,4,40,0.0,0.0,1,propagule,998,0,0,0.045090180360721446,True,0.01,0.015
2,4,41,0.0,0.0,1,propagule,987,0,0,0.047619047619047616,True,0.01,0.015
2,4,42,0.0,0.0,1,propagule,1001,0,0,0.053946053946053944,True,0.01,0.015
2,4,43,0.0,0.0,1,propagule,1141,0,0,0.12182296231375986,True,0.01,0.015
2,4,44,0.0,0.0,1,propagule,1056,0,0,0.0928030303030303,True,0.01,0.015
2,4,45,0.0,0.0,1,propagule,979,0,0,0.06945863125638406,True,0.01,0.015
2,4,46,0.0,0.0,1,propagule,953,0,0,0.07345225603357818,True,0.01,0.015
2,4,47,0.0,0.0,1,propagule,910,0,0,0.06703296703296703,True,0.01,0.015
2,4,48,0.0,0.0,1,propagule,898,0,0,0.06347438752783964,True,0.01,0.015
2,4,49,0.0,0.0,1,propagule,891,0,0,0.06846240179573512,True,0.01,0.015
2,4,50,0.0,0.0,1,propagule,874,0,0,0.06292906178489703,True,0.01,0.015
2,4,51,0.0,0.0,1,propagule,876,0,0,0.06506849315068493,True,0.01,0.015
2,4,52,0.0,0.0,1,propagule,858,0,0,0.06293706293706294,True,0.01,0.015
2,5,1,0.0,0.0,1,propagule,852,0,0,0.06572769953051644,True,0.01,0.015
2,5,2,0.0,0.0,1,propagule,848,0,0,0.0695754716981132,True,0.01,0.015
2,5,3,0.0,0.0,1,propagule,835,0,0,0.0658682634730539,True,0.01,0.015
2,5,4,0.0,0.0,1,propagule,825,0,0,0.06787878787878789,True,0.01,0.015
2,5,5,0.0,0.0,1,propagule,830,0,0,0.0746987951807229,True,0.01,0.015
2,5,6,0.0,0.0,1,propagule,817,0,0,0.07711138310893513,True,0.01,0.015
2,5,7,0.0,0.0,1,propagule,816,0,0,0.0821078431372549,True,0.01,0.015
2,5,8,0.0,0.0,1,propagule,802,0,0,0.0798004987531172,True,0.01,0.015
2,5,9,0.0,0.0,1,propagule,804,0,0,0.08955223880597014,True,0.01,0.015
2,5,10,0.0,0.0,1,propagule,794,0,0,0.08690176322418136,True,0.01,0.015
2,5,11,0.0,0.0,1,propagule,789,0,0,0.09252217997465145,True,0.01,0.015
2,5,12,0.0,0.0,1,propagule,783,0,0,0.09323116219667944,True,0.01,0.015
2,5,13,0.0,0.0,1,propagule,773,0,0,0.09573091849935317,True,0.01,0.015
2,5,14,0.0,0.0,1,propagule,766,0,0,0.10052219321148825,True,0.01,0.015
2,5,15,0.0,0.0,1,propagule,762,0,0,0.0984251968503937,True,0.01,0.015
2,5,16,0.0,0.0,1,propagule,745,0,0,0.0953020134228188,True,0.01,0.015
2,5,17,0.0,0.0,1,propagule,743,0,0,0.09690444145356662,True,0.01,0.015
2,5,18,0.0,0.0,1,propagule,1584,0,0,0.04671717171717172,True,0.01,0.015
2,5,19,0.0,0.0,1,propagule,1571,0,0,0.04519414385741566,True,0.01,0.015
2,5,20,0.0,0.0,1,propagule,1529,0,0,0.04381948986265533,True,0.01,0.015
2,5,21,0.0,0.0,1,propagule,1503,0,0,0.04125083166999335,True,0.01,0.015
2,5,22,0.0,0.0,1,propagule,1418,0,0,0.036671368124118475,True,0.01,0.015
2,5,23,0.0,0.0,1,propagule,1390,0,0,0.038129496402877695,True,0.01,0.015
2,5,24,0.0,0.0,1,propagule,1366,0,0,0.03806734992679356,True,0.01,0.015
2,5,25,0.0,0.0,1,propagule,1374,0,0,0.040756914119359534,True,0.01,0.015
2,5,26,0.0,0.0,1,propagule,1324,0,0,0.03625377643504532,True,0.01,0.015
2,5,27,0.0,0.0,1,propagule,1301,0,0,0.03996925441967717,True,0.01,0.015
2,5,28,0.0,0.0,1,propagule,1262,0,0,0.03565768621236133,True,0.01,0.015
2,5,29,0.0,0.0,1,propagule,1226,0,0,0.03588907014681892,True,0.01,0.015
2,5,30,0.0,0.0,1,propagule,1193,0,0,0.03604358759430008,True,0.01,0.015
2,5,31,0.0,0.0,1,propagule,1155,0,0,0.03896103896103896,True,0.01,0.015
2,5,32,0.0,0.0,1,propagule,1128,0,0,0.038120567375886524,True,0.01,0.015
2,5,33,0.0,0.0,1,propagule,1121,0,0,0.0383586083853702,True,0.01,0.015
2,5,34,0.0,0.0,1,propagule,1063,0,0,0.036688617121354655,True,0.01,0.015
2,5,35,0.0,0.0,1,propagule,1014,0,0,0.03944773175542406,True,0.01,0.015
2,5,36,0.0,0.0,1,propagule,975,0,0,0.038974358974358976,True,0.01,0.015
2,5,37,0.0,0.0,1,propagule,978,0,0,0.050102249488752554,True,0.01,0.015
2,5,38,0.0,0.0,1,propagule,935,0,0,0.044919786096256686,True,0.01,0.015
2,5,39,0.0,0.0,1,propagule,936,0,0,0.04700854700854701,True,0.01,0.015
2,5,40,0.0,0.0,1,propagule,906,0,0,0.04304635761589404,True,0.01,0.015
2,5,41,0.0,0.0,1,propagule,905,0,0,0.04640883977900553,True,0.01,0.015
2,5,42,0.0,0.0,1,propagule,891,0,0,0.04713804713804714,True,0.01,0.015
2,5,43,0.0,0.0,1,propagule,1036,0,0,0.13416988416988418,True,0.01,0.015
2,5,44,0.0,0.0,1,propagule,957,0,0,0.10762800417972831,True,0.01,0.015
2,5,45,0.0,0.0,1,propagule,911,0,0,0.09110867178924259,True,0.01,0.015
2,5,46,0.0,0.0,1,propagule,867,0,0,0.07381776239907728,True,0.01,0.015
2,5,47,0.0,0.0,1,propagule,857,0,0,0.073512252042007,True,0.01,0.015
2,5,48,0.0,0.0,1,propagule,828,0,0,0.07004830917874397,True,0.01,0.015
2,5,49,0.0,0.0,1,propagule,814,0,0,0.07002457002457002,True,0.01,0.015
2,5,50,0.0,0.0,1,propagule,807,0,0,0.07187112763320942,True,0.01,0.015
2,5,51,0.0,0.0,1,propagule,795,0,0,0.07044025157232704,True,0.01,0.015
2,5,52,0.0,0.0,1,propagule,793,0,0,0.07313997477931904,True,0.01,0.015
2,6,1,0.0,0.0,1,propagule,783,0,0,0.07407407407407407,True,0.01,0.015
2,6,2,0.0,0.0,1,propagule,770,0,0,0.07272727272727272,True,0.01,0.015
2,6,3,0.0,0.0,1,propagule,766,0,0,0.07441253263707572,True,0.01,0.015
2,6,4,0.0,0.0,1,propagule,758,0,0,0.07387862796833773,True,0.01,0.015
2,6,5,0.0,0.0,1,propagule,752,0,0,0.0797872340425532,True,0.01,0.015
2,6,6,0.0,0.0,1,propagule,739,0,0,0.07713125845737483,True,0.01,0.015
2,6,7,0.0,0.0,1,propagule,738,0,0,0.08130081300813008,True,0.01,0.015
2,6,8,0.0,0.0,1,propagule,737,0,0,0.08412483039348712,True,0.01,0.015
2,6,9,0.0,0.0,1,propagule,730,0,0,0.08356164383561644,True,0.01,0.015
2,6,10,0.0,0.0,1,propagule,719,0,0,0.07788595271210014,True,0.01,0.015
2,6,11,0.0,0.0,1,propagule,717,0,0,0.08507670850767085,True,0.01,0.015
2,6,12,0.0,0.0,1,propagule,703,0,0,0.07965860597439545,True,0.01,0.015
2,6,13,0.0,0.0,1,propagule,707,0,0,0.0891089108910891,True,0.01,0.015
2,6,14,0.0,0.0,1,propagule,691,0,0,0.08104196816208394,True,0.01,0.015
2,6,15,0.0,0.0,1,propagule,693,0,0,0.08946608946608947,True,0.01,0.015
2,6,16,0.0,0.0,1,propagule,679,0,0,0.07952871870397643,True,0.01,0.015
2,6,17,0.0,0.0,1,propagule,673,0,0,0.08469539375928678,True,0.01,0.015
2,6,18,0.0,0.0,1,propagule,1354,0,0,0.04431314623338257,True,0.01,0.015
2,6,19,0.0,0.0,1,propagule,1325,0,0,0.0430188679245283,True,0.01,0.015
2,6,20,0.0,0.0,1,propagule,1302,0,0,0.043010752688172046,True,0.01,0.015
2,6,21,0.0,0.0,1,propagule,1263,0,0,0.03721298495645289,True,0.01,0.015
2,6,22,0.0,0.0,1,propagule,1230,0,0,0.03983739837398374,True,0.01,0.015
2,6,23,0.0,0.0,1,propagule,1190,0,0,0.03865546218487395,True,0.01,0.015
2,6,24,0.0,0.0,1,propagule,1185,0,0,0.0379746835443038,True,0.01,0.015
2,6,25,0.0,0.0,1,propagule,1127,0,0,0.0354924578527063,True,0.01,0.015
2,6,26,0.0,0.0,1,propagule,1101,0,0,0.04268846503178928,True,0.01,0.015
2,6,27,0.0,0.0,1,propagule,1079,0,0,0.03892493049119555,True,0.01,0.015
2,6,28,0.0,0.0,1,propagule,1061,0,0,0.03770028275212064,True,0.01,0.015
2,6,29,0.0,0.0,1,propagule,1024,0,0,0.0400390625,True,0.01,0.015
2,6,30,0.0,0.0,1,propagule,993,0,0,0.0433031218529708,True,0.01,0.015
2,6,31,0.0,0.0,1,propagule,984,0,0,0.042682926829268296,True,0.01,0.015
2,6,32,0.0,0.0,1,propagule,965,0,0,0.04248704663212435,True,0.01,0.015
2,6,33,0.0,0.0,1,propagule,951,0,0,0.0452155625657203,True,0.01,0.015
2,6,34,0.0,0.0,1,propagule,933,0,0,0.04287245444801715,True,0.01,0.015
2,6,35,0.0,0.0,1,propagule,906,0,0,0.04746136865342163,True,0.01,0.015
2,6,36,0.0,0.0,1,propagule,872,0,0,0.04472477064220184,True,0.01,0.015
2,6,37,0.0,0.0,1,propagule,838,0,0,0.04295942720763723,True,0.01,0.015
2,6,38,0.0,0.0,1,propagule,843,0,0,0.05219454329774614,True,0.01,0.015
2,6,39,0.0,0.0,1,propagule,826,0,0,0.05084745762711865,True,0.01,0.015
2,6,40,0.0,0.0,1,propagule,816,0,0,0.05392156862745098,True,0.01,0.015
2,6,41,0.0,0.0,1,propagule,808,0,0,0.055693069306930694,True,0.01,0.015
2,6,42,0.0,0.0,1,propagule,802,0,0,0.05610972568578554,True,0.01,0.015
2,6,43,0.0,0.0,1,propagule,1028,0,0,0.16731517509727625,True,0.01,0.015
2,6,44,0.0,0.0,1,propagule,925,0,0,0.12324324324324325,True,0.01,0.015
2,6,45,0.0,0.0,1,propagule,849,0,0,0.09658421672555949,True,0.01,0.015
2,6,46,0.0,0.0,1,propagule,815,0,0,0.08711656441717791,True,0.01,0.015
2,6,47,0.0,0.0,1,propagule,776,0,0,0.08118556701030928,True,0.01,0.015
2,6,48,0.0,0.0,1,propagule,760,0,0,0.07763157894736843,True,0.01,0.015
2,6,49,0.0,0.0,1,propagule,743,0,0,0.0740242261103634,True,0.01,0.015
2,6,50,0.0,0.0,1,propagule,743,0,0,0.07671601615074024,True,0.01,0.015
2,6,51,0.0,0.0,1,propagule,724,0,0,0.07458563535911603,True,0.01,0.015
2,6,52,0.0,0.0,1,propagule,727,0,0,0.07702888583218707,True,0.01,0.015
2,7,1,0.0,0.0,1,propagule,695,0,0,0.07050359712230216,True,0.01,0.015
2,7,2,0.0,0.0,1,propagule,690,0,0,0.07246376811594203,True,0.01,0.015
2,7,3,0.0,0.0,1,propagule,689,0,0,0.07111756168359942,True,0.01,0.015
2,7,4,0.0,0.0,1,propagule,675,0,0,0.0725925925925926,True,0.01,0.015
2,7,5,0.0,0.0,1,propagule,668,0,0,0.0718562874251497,True,0.01,0.015
2,7,6,0.0,0.0,1,propagule,664,0,0,0.07379518072289157,True,0.01,0.015
2,7,7,0.0,0.0,1,propagule,658,0,0,0.0729483282674772,True,0.01,0.015
2,7,8,0.0,0.0,1,propagule,644,0,0,0.07298136645962733,True,0.01,0.015
2,7,9,0.0,0.0,1,propagule,644,0,0,0.07298136645962733,True,0.01,0.015
2,7,10,0.0,0.0,1,propagule,626,0,0,0.07188498402555911,True,0.01,0.015
2,7,11,0.0,0.0,1,propagule,624,0,0,0.07371794871794872,True,0.01,0.015
2,7,12,0.0,0.0,1,propagule,608,0,0,0.07072368421052631,True,0.01,0.015
2,7,13,0.0,0.0,1,propagule,604,0,0,0.07450331125827815,True,0.01,0.015
2,7,14,0.0,0.0,1,propagule,595,0,0,0.07226890756302522,True,0.01,0.015
2,7,15,0.0,0.0,1,propagule,599,0,0,0.07679465776293823,True,0.01,0.015
2,7,16,0.0,0.0,1,propagule,588,0,0,0.07482993197278912,True,0.01,0.015
2,7,17,0.0,0.0,1,propagule,583,0,0,0.07375643224699828,True,0.01,0.015
2,7,18,0.0,0.0,1,propagule,1183,0,0,0.034657650042265425,True,0.01,0.015
2,7,19,0.0,0.0,1,propagule,1180,0,0,0.04067796610169491,True,0.01,0.015
2,7,20,0.0,0.0,1,propagule,1131,0,0,0.036251105216622455,True,0.01,0.015
2,7,21,0.0,0.0,1,propagule,1123,0,0,0.039180765805877114,True,0.01,0.015
2,7,22,0.0,0.0,1,propagule,1076,0,0,0.03438661710037175,True,0.01,0.015
2,7,23,0.0,0.0,1,propagule,1056,0,0,0.038825757575757576,True,0.01,0.015
2,7,24,0.0,0.0,1,propagule,1015,0,0,0.03842364532019704,True,0.01,0.015
2,7,25,0.0,0.0,1,propagule,994,0,0,0.039235412474849095,True,0.01,0.015
2,7,26,0.0,0.0,1,propagule,971,0,0,0.037075180226570546,True,0.01,0.015
2,7,27,0.0,0.0,1,propagule,953,0,0,0.03882476390346275,True,0.01,0.015
2,7,28,0.0,0.0,1,propagule,928,0,0,0.03771551724137931,True,0.01,0.015
2,7,29,0.0,0.0,1,propagule,925,0,0,0.03783783783783784,True,0.01,0.015
2,7,30,0.0,0.0,1,propagule,921,0,0,0.038002171552660155,True,0.01,0.015
2,7,31,0.0,0.0,1,propagule,899,0,0,0.03781979977753059,True,0.01,0.015
2,7,32,0.0,0.0,1,propagule,893,0,0,0.03807390817469205,True,0.01,0.015
2,7,33,0.0,0.0,1,propagule,881,0,0,0.043132803632236094,True,0.01,0.015
2,7,34,0.0,0.0,1,propagule,869,0,0,0.0379746835443038,True,0.01,0.015
2,7,35,0.0,0.0,1,propagule,859,0,0,0.04307334109429569,True,0.01,0.015
2,7,36,0.0,0.0,1,propagule,837,0,0,0.04062126642771804,True,0.01,0.015
2,7,37,0.0,0.0,1,propagule,830,0,0,0.043373493975903614,True,0.01,0.015
2,7,38,0.0,0.0,1,propagule,828,0,0,0.042270531400966184,True,0.01,0.015
2,7,39,0.0,0.0,1,propagule,798,0,0,0.046365914786967416,True,0.01,0.015
2,7,40,0.0,0.0,1,propagule,793,0,0,0.04539722572509458,True,0.01,0.015
2,7,41,0.0,0.0,1,propagule,788,0,0,0.046954314720812185,True,0.01,0.015
2,7,42,0.0,0.0,1,propagule,784,0,0,0.04591836734693878,True,0.01,0.015
2,7,43,0.0,0.0,1,propagule,1017,0,0,0.1504424778761062,True,0.01,0.015
2,7,44,0.0,0.0,1,propagule,900,0,0,0.10555555555555556,True,0.01,0.015
2,7,45,0.0,0.0,1,propagule,849,0,0,0.08716136631330977,True,0.01,0.015
2,7,46,0.0,0.0,1,propagule,823,0,0,0.08019441069258809,True,0.01,0.015
2,7,47,0.0,0.0,1,propagule,776,0,0,0.07345360824742268,True,0.01,0.015
2,7,48,0.0,0.0,1,propagule,759,0,0,0.0764163372859025,True,0.01,0.015
2,7,49,0.0,0.0,1,propagule,731,0,0,0.07113543091655267,True,0.01,0.015
2,7,50,0.0,0.0,1,propagule,712,0,0,0.07162921348314606,True,0.01,0.015
2,7,51,0.0,0.0,1,propagule,707,0,0,0.07355021216407355,True,0.01,0.015
2,7,52,0.0,0.0,1,propagule,691,0,0,0.0723589001447178,True,0.01,0.015
2,8,1,0.0,0.0,1,propagule,685,0,0,0.07445255474452554,True,0.01,0.015
2,8,2,0.0,0.0,1,propagule,687,0,0,0.07714701601164484,True,0.01,0.015
2,8,3,0.0,0.0,1,propagule,663,0,0,0.07088989441930618,True,0.01,0.015
2,8,4,0.0,0.0,1,propagule,660,0,0,0.06818181818181818,True,0.01,0.015
2,8,5,0.0,0.0,1,propagule,649,0,0,0.07087827426810478,True,0.01,0.015
2,8,6,0.0,0.0,1,propagule,643,0,0,0.06842923794712286,True,0.01,0.015
2,8,7,0.0,0.0,1,propagule,636,0,0,0.0660377358490566,True,0.01,0.015
2,8,8,0.0,0.0,1,propagule,624,0,0,0.0641025641025641,True,0.01,0.015
2,8,9,0.0,0.0,1,propagule,613,0,0,0.0636215334420881,True,0.01,0.015
2,8,10,0.0,0.0,1,propagule,616,0,0,0.07305194805194805,True,0.01,0.015
2,8,11,0.0,0.0,1,propagule,605,0,0,0.06776859504132231,True,0.01,0.015
2,8,12,0.0,0.0,1,propagule,603,0,0,0.06965174129353234,True,0.01,0.015
2,8,13,0.0,0.0,1,propagule,582,0,0,0.06701030927835051,True,0.01,0.015
2,8,14,0.0,0.0,1,propagule,579,0,0,0.07081174438687392,True,0.01,0.015
2,8,15,0.0,0.0,1,propagule,577,0,0,0.07452339688041594,True,0.01,0.015
2,8,16,0.0,0.0,1,propagule,575,0,0,0.0782608695652174,True,0.01,0.015
2,8,17,0.0,0.0,1,propagule,563,0,0,0.07282415630550622,True,0.01,0.015
2,8,18,0.0,0.0,1,propagule,1160,0,0,0.03793103448275862,True,0.01,0.015
2,8,19,0.0,0.0,1,propagule,1138,0,0,0.03602811950790861,True,0.01,0.015
2,8,20,0.0,0.0,1,propagule,1118,0,0,0.03577817531305903,True,0.01,0.015
2,8,21,0.0,0.0,1,propagule,1075,0,0,0.03255813953488372,True,0.01,0.015
2,8,22,0.0,0.0,1,propagule,1019,0,0,0.03042198233562316,True,0.01,0.015
2,8,23,0.0,0.0,1,propagule,1005,0,0,0.03383084577114428,True,0.01,0.015
2,8,24,0.0,0.0,1,propagule,980,0,0,0.0326530612244898,True,0.01,0.015
2,8,25,0.0,0.0,1,propagule,975,0,0,0.038974358974358976,True,0.01,0.015
2,8,26,0.0,0.0,1,propagule,932,0,0,0.032188841201716736,True,0.01,0.015
2,8,27,0.0,0.0,1,propagule,931,0,0,0.03544575725026853,True,0.01,0.015
2,8,28,0.0,0.0,1,propagule,904,0,0,0.033185840707964605,True,0.01,0.015
2,8,29,0.0,0.0,1,propagule,914,0,0,0.038293216630196934,True,0.01,0.015
2,8,30,0.0,0.0,1,propagule,857,0,0,0.03267211201866978,True,0.01,0.015
2,8,31,0.0,0.0,1,propagule,866,0,0,0.03579676674364896,True,0.01,0.015
2,8,32,0.0,0.0,1,propagule,834,0,0,0.03477218225419664,True,0.01,0.015
2,8,33,0.0,0.0,1,propagule,826,0,0,0.035108958837772396,True,0.01,0.015
2,8,34,0.0,0.0,1,propagule,812,0,0,0.034482758620689655,True,0.01,0.015
2,8,35,0.0,0.0,1,propagule,806,0,0,0.034739454094292806,True,0.01,0.015
2,8,36,0.0,0.0,1,propagule,788,0,0,0.03426395939086294,True,0.01,0.015
2,8,37,0.0,0.0,1,propagule,795,0,0,0.04150943396226415,True,0.01,0.015
2,8,38,0.0,0.0,1,propagule,771,0,0,0.03501945525291829,True,0.01,0.015
2,8,39,0.0,0.0,1,propagule,762,0,0,0.03937007874015748,True,0.01,0.015
2,8,40,0.0,0.0,1,propagule,747,0,0,0.03480589022757698,True,0.01,0.015
2,8,41,0.0,0.0,1,propagule,751,0,0,0.0426098535286285,True,0.01,0.015
2,8,42,0.0,0.0,1,propagule,728,0,0,0.03571428571428571,True,0.01,0.015
2,8,43,0.0,0.0,1,propagule,969,0,0,0.14241486068111456,True,0.01,0.015
2,8,44,0.0,0.0,1,propagule,833,0,0,0.09003601440576231,True,0.01,0.015
2,8,45,0.0,0.0,1,propagule,786,0,0,0.07506361323155217,True,0.01,0.015
2,8,46,0.0,0.0,1,propagule,753,0,0,0.0703851261620186,True,0.01,0.015
2,8,47,0.0,0.0,1,propagule,700,0,0,0.05857142857142857,True,0.01,0.015
2,8,48,0.0,0.0,1,propagule,667,0,0,0.050974512743628186,True,0.01,0.015
2,8,49,0.0,0.0,1,propagule,655,0,0,0.05648854961832061,True,0.01,0.015
2,8,50,0.0,0.0,1,propagule,649,0,0,0.053929121725731895,True,0.01,0.015
2,8,51,0.0,0.0,1,propagule,639,0,0,0.06103286384976526,True,0.01,0.015
2,8,52,0.0,0.0,1,propagule,633,0,0,0.06003159557661927,True,0.01,0.015
2,9,1,0.0,0.0,1,propagule,616,0,0,0.05844155844155844,True,0.01,0.015
2,9,2,0.0,0.0,1,propagule,610,0,0,0.06229508196721312,True,0.01,0.015
2,9,3,0.0,0.0,1,propagule,594,0,0,0.06565656565656566,True,0.01,0.015
2,9,4,0.0,0.0,1,propagule,591,0,0,0.06091370558375635,True,0.01,0.015
2,9,5,0.0,0.0,1,propagule,576,0,0,0.0625,True,0.01,0.015
2,9,6,0.0,0.0,1,propagule,570,0,0,0.06315789473684211,True,0.01,0.015
2,9,7,0.0,0.0,1,propagule,569,0,0,0.061511423550087874,True,0.01,0.015
2,9,8,0.0,0.0,1,propagule,560,0,0,0.06607142857142857,True,0.01,0.015
2,9,9,0.0,0.0,1,propagule,561,0,0,0.0659536541889483,True,0.01,0.015
2,9,10,0.0,0.0,1,propagule,555,0,0,0.06486486486486487,True,0.01,0.015
2,9,11,0.0,0.0,1,propagule,544,0,0,0.06801470588235294,True,0.01,0.015
2,9,12,0.0,0.0,1,propagule,542,0,0,0.06826568265682657,True,0.01,0.015
2,9,13,0.0,0.0,1,propagule,539,0,0,0.07050092764378478,True,0.01,0.015
2,9,14,0.0,0.0,1,propagule,532,0,0,0.06578947368421052,True,0.01,0.015
2,9,15,0.0,0.0,1,propagule,529,0,0,0.06427221172022685,True,0.01,0.015
2,9,16,0.0,0.0,1,propagule,526,0,0,0.06844106463878327,True,0.01,0.015
2,9,17,0.0,0.0,1,propagule,524,0,0,0.0648854961832061,True,0.01,0.015
2,9,18,0.0,0.0,1,propagule,1071,0,0,0.032679738562091505,True,0.01,0.015
2,9,19,0.0,0.0,1,propagule,1061,0,0,0.03204524033930255,True,0.01,0.015
2,9,20,0.0,0.0,1,propagule,1039,0,0,0.030798845043310877,True,0.01,0.015
2,9,21,0.0,0.0,1,propagule,1030,0,0,0.031067961165048542,True,0.01,0.015
2,9,22,0.0,0.0,1,propagule,1011,0,0,0.032640949554896145,True,0.01,0.015
2,9,23,0.0,0.0,1,propagule,965,0,0,0.029015544041450778,True,0.01,0.015
2,9,24,0.0,0.0,1,propagule,960,0,0,0.03333333333333333,True,0.01,0.015
2,9,25,0.0,0.0,1,propagule,910,0,0,0.02857142857142857,True,0.01,0.015
2,9,26,0.0,0.0,1,propagule,919,0,0,0.029379760609358,True,0.01,0.015
2,9,27,0.0,0.0,1,propagule,865,0,0,0.028901734104046242,True,0.01,0.015
2,9,28,0.0,0.0,1,propagule,865,0,0,0.028901734104046242,True,0.01,0.015
2,9,29,0.0,0.0,1,propagule,842,0,0,0.0344418052256532,True,0.01,0.015
2,9,30,0.0,0.0,1,propagule,831,0,0,0.031287605294825514,True,0.01,0.015
2,9,31,0.0,0.0,1,propagule,808,0,0,0.0297029702970297,True,0.01,0.015
2,9,32,0.0,0.0,1,propagule,810,0,0,0.0345679012345679,True,0.01,0.015
2,9,33,0.0,0.0,1,propagule,770,0,0,0.03116883116883117,True,0.01,0.015
2,9,34,0.0,0.0,1,propagule,769,0,0,0.035110533159947985,True,0.01,0.015
2,9,35,0.0,0.0,1,propagule,744,0,0,0.03494623655913978,True,0.01,0.015
2,9,36,0.0,0.0,1,propagule,733,0,0,0.04365620736698499,True,0.01,0.015
2,9,37,0.0,0.0,1,propagule,718,0,0,0.04596100278551532,True,0.01,0.015
2,9,38,0.0,0.0,1,propagule,714,0,0,0.056022408963585436,True,0.01,0.015
2,9,39,0.0,0.0,1,propagule,696,0,0,0.04741379310344827,True,0.01,0.015
2,9,40,0.0,0.0,1,propagule,699,0,0,0.05150214592274678,True,0.01,0.015
2,9,41,0.0,0.0,1,propagule,683,0,0,0.048316251830161056,True,0.01,0.015
2,9,42,0.0,0.0,1,propagule,688,0,0,0.055232558139534885,True,0.01,0.015
2,9,43,0.0,0.0,1,propagule,870,0,0,0.167816091954023,True,0.01,0.015
2,9,44,0.0,0.0,1,propagule,770,0,0,0.12077922077922078,True,0.01,0.015
2,9,45,0.0,0.0,1,propagule,726,0,0,0.10055096418732783,True,0.01,0.015
2,9,46,0.0,0.0,1,propagule,693,0,0,0.10101010101010101,True,0.01,0.015
2,9,47,0.0,0.0,1,propagule,658,0,0,0.08662613981762918,True,0.01,0.015
2,9,48,0.0,0.0,1,propagule,639,0,0,0.08450704225352113,True,0.01,0.015
2,9,49,0.0,0.0,1,propagule,628,0,0,0.07961783439490445,True,0.01,0.015
2,9,50,0.0,0.0,1,propagule,626,0,0,0.08466453674121406,True,0.01,0.015
2,9,51,0.0,0.0,1,propagule,615,0,0,0.07804878048780488,True,0.01,0.015
2,9,52,0.0,0.0,1,propagule,603,0,0,0.08291873963515754,True,0.01,0.015
2,10,1,0.0,0.0,1,propagule,603,0,0,0.08291873963515754,True,0.01,0.015
2,10,2,0.0,0.0,1,propagule,587,0,0,0.08347529812606473,True,0.01,0.015
2,10,3,0.0,0.0,1,propagule,589,0,0,0.0899830220713073,True,0.01,0.015
2,10,4,0.0,0.0,1,propagule,568,0,0,0.08274647887323944,True,0.01,0.015
2,10,5,0.0,0.0,1,propagule,562,0,0,0.08362989323843416,True,0.01,0.015
2,10,6,0.0,0.0,1,propagule,551,0,0,0.08166969147005444,True,0.01,0.015
2,10,7,0.0,0.0,1,propagule,549,0,0,0.08378870673952642,True,0.01,0.015
2,10,8,0.0,0.0,1,propagule,532,0,0,0.07706766917293233,True,0.01,0.015
2,10,9,0.0,0.0,1,propagule,530,0,0,0.08113207547169811,True,0.01,0.015
2,10,10,0.0,0.0,1,propagule,514,0,0,0.08171206225680934,True,0.01,0.015
2,10,11,0.0,0.0,1,propagule,514,0,0,0.08560311284046693,True,0.01,0.015
2,10,12,0.0,0.0,1,propagule,496,0,0,0.07862903225806452,True,0.01,0.015
2,10,13,0.0,0.0,1,propagule,495,0,0,0.08080808080808081,True,0.01,0.015
2,10,14,0.0,0.0,1,propagule,482,0,0,0.07883817427385892,True,0.01,0.015
2,10,15,0.0,0.0,1,propagule,486,0,0,0.08024691358024691,True,0.01,0.015
2,10,16,0.0,0.0,1,propagule,475,0,0,0.08421052631578947,True,0.01,0.015
2,10,17,0.0,0.0,1,propagule,482,0,0,0.08713692946058091,True,0.01,0.015
2,10,18,0.0,0.0,1,propagule,956,0,0,0.038702928870292884,True,0.01,0.015
2,10,19,0.0,0.0,1,propagule,955,0,0,0.041884816753926704,True,0.01,0.015
2,10,20,0.0,0.0,1,propagule,908,0,0,0.037444933920704845,True,0.01,0.015
2,10,21,0.0,0.0,1,propagule,895,0,0,0.04022346368715084,True,0.01,0.015
2,10,22,0.0,0.0,1,propagule,873,0,0,0.037800687285223365,True,0.01,0.015
2,10,23,0.0,0.0,1,propagule,848,0,0,0.03773584905660377,True,0.01,0.015
2,10,24,0.0,0.0,1,propagule,840,0,0,0.0380952380952381,True,0.01,0.015
2,10,25,0.0,0.0,1,propagule,823,0,0,0.03766707168894289,True,0.01,0.015
2,10,26,0.0,0.0,1,propagule,812,0,0,0.038177339901477834,True,0.01,0.015
2,10,27,0.0,0.0,1,propagule,814,0,0,0.036855036855036855,True,0.01,0.015
2,10,28,0.0,0.0,1,propagule,791,0,0,0.03666245259165613,True,0.01,0.015
2,10,29,0.0,0.0,1,propagule,783,0,0,0.038314176245210725,True,0.01,0.015
2,10,30,0.0,0.0,1,propagule,771,0,0,0.03761348897535668,True,0.01,0.015
2,10,31,0.0,0.0,1,propagule,770,0,0,0.04155844155844156,True,0.01,0.015
2,10,32,0.0,0.0,1,propagule,760,0,0,0.04342105263157895,True,0.01,0.015
2,10,33,0.0,0.0,1,propagule,739,0,0,0.04330175913396482,True,0.01,0.015
2,10,34,0.0,0.0,1,propagule,729,0,0,0.0411522633744856,True,0.01,0.015
2,10,35,0.0,0.0,1,propagule,715,0,0,0.043356643356643354,True,0.01,0.015
2,10,36,0.0,0.0,1,propagule,697,0,0,0.04160688665710186,True,0.01,0.015
2,10,37,0.0,0.0,1,propagule,680,0,0,0.045588235294117645,True,0.01,0.015
2,10,38,0.0,0.0,1,propagule,673,0,0,0.04606240713224369,True,0.01,0.015
2,10,39,0.0,0.0,1,propagule,663,0,0,0.04675716440422323,True,0.01,0.015
2,10,40,0.0,0.0,1,propagule,656,0,0,0.04420731707317073,True,0.01,0.015
2,10,41,0.0,0.0,1,propagule,642,0,0,0.040498442367601244,True,0.01,0.015
2,10,42,0.0,0.0,1,propagule,632,0,0,0.04272151898734177,True,0.01,0.015
2,10,43,0.0,0.0,1,propagule,805,0,0,0.16770186335403728,True,0.01,0.015
2,10,44,0.0,0.0,1,propagule,693,0,0,0.11255411255411256,True,0.01,0.015
2,10,45,0.0,0.0,1,propagule,644,0,0,0.10093167701863354,True,0.01,0.015
2,10,46,0.0,0.0,1,propagule,618,0,0,0.09546925566343042,True,0.01,0.015
2,10,47,0.0,0.0,1,propagule,605,0,0,0.09752066115702479,True,0.01,0.015
2,10,48,0.0,0.0,1,propagule,590,0,0,0.08813559322033898,True,0.01,0.015
2,10,49,0.0,0.0,1,propagule,586,0,0,0.08873720136518772,True,0.01,0.015
2,10,50,0.0,0.0,1,propagule,568,0,0,0.08098591549295775,True,0.01,0.015
2,10,51,0.0,0.0,1,propagule,573,0,0,0.08551483420593368,True,0.01,0.015
2,10,52,0.0,0.0,1,propagule,546,0,0,0.07509157509157509,True,0.01,0.015
2,1,1,0.0,0.0,1,propagule,900,0,0,0.0,True,0.01,0.02
2,1,2,0.0,0.0,1,propagule,896,0,0,0.0011160714285714285,True,0.01,0.02
2,1,3,0.0,0.0,1,propagule,889,0,0,0.0011248593925759281,True,0.01,0.02
2,1,4,0.0,0.0,1,propagule,882,0,0,0.0011337868480725624,True,0.01,0.02
2,1,5,0.0,0.0,1,propagule,875,0,0,0.001142857142857143,True,0.01,0.02
2,1,6,0.0,0.0,1,propagule,861,0,0,0.0011614401858304297,True,0.01,0.02
2,1,7,0.0,0.0,1,propagule,844,0,0,0.004739336492890996,True,0.01,0.02
2,1,8,0.0,0.0,1,propagule,838,0,0,0.00477326968973747,True,0.01,0.02
2,1,9,0.0,0.0,1,propagule,817,0,0,0.0036719706242350062,True,0.01,0.02
2,1,10,0.0,0.0,1,propagule,799,0,0,0.0050062578222778474,True,0.01,0.02
2,1,11,0.0,0.0,1,propagule,798,0,0,0.0037593984962406013,True,0.01,0.02
2,1,12,0.0,0.0,1,propagule,778,0,0,0.005141388174807198,True,0.01,0.02
2,1,13,0.0,0.0,1,propagule,769,0,0,0.0039011703511053317,True,0.01,0.02
2,1,14,0.0,0.0,1,propagule,760,0,0,0.005263157894736842,True,0.01,0.02
2,1,15,0.0,0.0,1,propagule,744,0,0,0.004032258064516129,True,0.01,0.02
2,1,16,0.0,0.0,1,propagule,740,0,0,0.005405405405405406,True,0.01,0.02
2,1,17,0.0,0.0,1,propagule,729,0,0,0.00411522633744856,True,0.01,0.02
2,1,18,0.0,0.0,1,propagule,2101,0,0,0.0019038553069966682,True,0.01,0.02
2,1,19,0.0,0.0,1,propagule,1996,0,0,0.001503006012024048,True,0.01,0.02
2,1,20,0.0,0.0,1,propagule,2010,0,0,0.001990049751243781,True,0.01,0.02
2,1,21,0.0,0.0,1,propagule,1998,0,0,0.002002002002002002,True,0.01,0.02
2,1,22,0.0,0.0,1,propagule,1943,0,0,0.003602676273803397,True,0.01,0.02
2,1,23,0.0,0.0,1,propagule,1919,0,0,0.005211047420531527,True,0.01,0.02
2,1,24,0.0,0.0,1,propagule,1899,0,0,0.00631911532385466,True,0.01,0.02
2,1,25,0.0,0.0,1,propagule,1883,0,0,0.006372809346787042,True,0.01,0.02
2,1,26,0.0,0.0,1,propagule,1858,0,0,0.006996770721205597,True,0.01,0.02
2,1,27,0.0,0.0,1,propagule,1815,0,0,0.006611570247933884,True,0.01,0.02
2,1,28,0.0,0.0,1,propagule,1781,0,0,0.0072992700729927005,True,0.01,0.02
2,1,29,0.0,0.0,1,propagule,1740,0,0,0.007471264367816092,True,0.01,0.02
2,1,30,0.0,0.0,1,propagule,1669,0,0,0.007789095266626723,True,0.01,0.02
2,1,31,0.0,0.0,1,propagule,1687,0,0,0.007705986959098993,True,0.01,0.02
2,1,32,0.0,0.0,1,propagule,1619,0,0,0.008029647930821495,True,0.01,0.02
2,1,33,0.0,0.0,1,propagule,1608,0,0,0.00808457711442786,True,0.01,0.02
2,1,34,0.0,0.0,1,propagule,1529,0,0,0.008502289077828646,True,0.01,0.02
2,1,35,0.0,0.0,1,propagule,1546,0,0,0.008408796895213453,True,0.01,0.02
2,1,36,0.0,0.0,1,propagule,1501,0,0,0.008660892738174551,True,0.01,0.02
2,1,37,0.0,0.0,1,propagule,1482,0,0,0.010796221322537112,True,0.01,0.02
2,1,38,0.0,0.0,1,propagule,1415,0,0,0.009893992932862191,True,0.01,0.02
2,1,39,0.0,0.0,1,propagule,1408,0,0,0.012073863636363636,True,0.01,0.02
2,1,40,0.0,0.0,1,propagule,1394,0,0,0.015064562410329985,True,0.01,0.02
2,1,41,0.0,0.0,1,propagule,1392,0,0,0.017959770114942528,True,0.01,0.02
2,1,42,0.0,0.0,1,propagule,1372,0,0,0.01967930029154519,True,0.01,0.02
2,1,43,0.0,0.0,1,propagule,1339,0,0,0.020911127707244213,True,0.01,0.02
2,1,44,0.0,0.0,1,propagule,1319,0,0,0.018953752843062926,True,0.01,0.02
2,1,45,0.0,0.0,1,propagule,1307,0,0,0.019892884468247895,True,0.01,0.02
2,1,46,0.0,0.0,1,propagule,1278,0,0,0.02034428794992175,True,0.01,0.02
2,1,47,0.0,0.0,1,propagule,1277,0,0,0.022709475332811275,True,0.01,0.02
2,1,48,0.0,0.0,1,propagule,1243,0,0,0.02172164119066774,True,0.01,0.02
2,1,49,0.0,0.0,1,propagule,1237,0,0,0.024252223120452707,True,0.01,0.02
2,1,50,0.0,0.0,1,propagule,1241,0,0,0.028203062046736505,True,0.01,0.02
2,1,51,0.0,0.0,1,propagule,1219,0,0,0.030352748154224774,True,0.01,0.02
2,1,52,0.0,0.0,1,propagule,1204,0,0,0.03156146179401993,True,0.01,0.02
2,2,1,0.0,0.0,1,propagule,1193,0,0,0.03604358759430008,True,0.01,0.02
2,2,2,0.0,0.0,1,propagule,1183,0,0,0.034657650042265425,True,0.01,0.02
2,2,3,0.0,0.0,1,propagule,1167,0,0,0.03513281919451585,True,0.01,0.02
2,2,4,0.0,0.0,1,propagule,1151,0,0,0.036490008688097306,True,0.01,0.02
2,2,5,0.0,0.0,1,propagule,1141,0,0,0.03680981595092025,True,0.01,0.02
2,2,6,0.0,0.0,1,propagule,1134,0,0,0.043209876543209874,True,0.01,0.02
2,2,7,0.0,0.0,1,propagule,1127,0,0,0.0417036379769299,True,0.01,0.02
2,2,8,0.0,0.0,1,propagule,1107,0,0,0.045167118337850046,True,0.01,0.02
2,2,9,0.0,0.0,1,propagule,1092,0,0,0.045787545787545784,True,0.01,0.02
2,2,10,0.0,0.0,1,propagule,1086,0,0,0.04696132596685083,True,0.01,0.02
2,2,11,0.0,0.0,1,propagule,1064,0,0,0.045112781954887216,True,0.01,0.02
2,2,12,0.0,0.0,1,propagule,1059,0,0,0.04627006610009443,True,0.01,0.02
2,2,13,0.0,0.0,1,propagule,1031,0,0,0.0475266731328807,True,0.01,0.02
2,2,14,0.0,0.0,1,propagule,1027,0,0,0.04771178188899708,True,0.01,0.02
2,2,15,0.0,0.0,1,propagule,1010,0,0,0.047524752475247525,True,0.01,0.02
2,2,16,0.0,0.0,1,propagule,1004,0,0,0.049800796812749,True,0.01,0.02
2,2,17,0.0,0.0,1,propagule,1004,0,0,0.049800796812749,True,0.01,0.02
2,2,18,0.0,0.0,1,propagule,1750,0,0,0.027428571428571427,True,0.01,0.02
2,2,19,0.0,0.0,1,propagule,1693,0,0,0.02598936798582398,True,0.01,0.02
2,2,20,0.0,0.0,1,propagule,1646,0,0,0.028554070473876064,True,0.01,0.02
2,2,21,0.0,0.0,1,propagule,1620,0,0,0.025925925925925925,True,0.01,0.02
2,2,22,0.0,0.0,1,propagule,1560,0,0,0.026282051282051282,True,0.01,0.02
2,2,23,0.0,0.0,1,propagule,1528,0,0,0.026832460732984294,True,0.01,0.02
2,2,24,0.0,0.0,1,propagule,1493,0,0,0.02679169457468185,True,0.01,0.02
2,2,25,0.0,0.0,1,propagule,1465,0,0,0.025255972696245733,True,0.01,0.02
2,2,26,0.0,0.0,1,propagule,1443,0,0,0.02494802494802495,True,0.01,0.02
2,2,27,0.0,0.0,1,propagule,1425,0,0,0.025964912280701753,True,0.01,0.02
2,2,28,0.0,0.0,1,propagule,1410,0,0,0.02553191489361702,True,0.01,0.02
2,2,29,0.0,0.0,1,propagule,1398,0,0,0.02575107296137339,True,0.01,0.02
2,2,30,0.0,0.0,1,propagule,1354,0,0,0.026587887740029542,True,0.01,0.02
2,2,31,0.0,0.0,1,propagule,1337,0,0,0.02617801047120419,True,0.01,0.02
2,2,32,0.0,0.0,1,propagule,1316,0,0,0.02735562310030395,True,0.01,0.02
2,2,33,0.0,0.0,1,propagule,1299,0,0,0.02771362586605081,True,0.01,0.02
2,2,34,0.0,0.0,1,propagule,1249,0,0,0.025620496397117692,True,0.01,0.02
2,2,35,0.0,0.0,1,propagule,1237,0,0,0.02667744543249798,True,0.01,0.02
2,2,36,0.0,0.0,1,propagule,1188,0,0,0.031144781144781145,True,0.01,0.02
2,2,37,0.0,0.0,1,propagule,1168,0,0,0.03339041095890411,True,0.01,0.02
2,2,38,0.0,0.0,1,propagule,1129,0,0,0.03365810451727192,True,0.01,0.02
2,2,39,0.0,0.0,1,propagule,1116,0,0,0.034050179211469536,True,0.01,0.02
2,2,40,0.0,0.0,1,propagule,1079,0,0,0.03707136237256719,True,0.01,0.02
2,2,41,0.0,0.0,1,propagule,1063,0,0,0.03386641580432737,True,0.01,0.02
2,2,42,0.0,0.0,1,propagule,1041,0,0,0.03650336215177714,True,0.01,0.02
2,2,43,0.0,0.0,1,propagule,1074,0,0,0.06238361266294227,True,0.01,0.02
2,2,44,0.0,0.0,1,propagule,1053,0,0,0.0560303893637227,True,0.01,0.02
2,2,45,0.0,0.0,1,propagule,1029,0,0,0.052478134110787174,True,0.01,0.02
2,2,46,0.0,0.0,1,propagule,1031,0,0,0.06207565470417071,True,0.01,0.02
2,2,47,0.0,0.0,1,propagule,1040,0,0,0.07211538461538461,True,0.01,0.02
2,2,48,0.0,0.0,1,propagule,1019,0,0,0.07654563297350343,True,0.01,0.02
2,2,49,0.0,0.0,1,propagule,1041,0,0,0.08549471661863593,True,0.01,0.02
2,2,50,0.0,0.0,1,propagule,994,0,0,0.08551307847082495,True,0.01,0.02
2,2,51,0.0,0.0,1,propagule,1006,0,0,0.09940357852882704,True,0.01,0.02
2,2,52,0.0,0.0,1,propagule,998,0,0,0.09218436873747494,True,0.01,0.02
2,3,1,0.0,0.0,1,propagule,994,0,0,0.09959758551307847,True,0.01,0.02
2,3,2,0.0,0.0,1,propagule,963,0,0,0.09657320872274143,True,0.01,0.02
2,3,3,0.0,0.0,1,propagule,968,0,0,0.10227272727272728,True,0.01,0.02
2,3,4,0.0,0.0,1,propagule,950,0,0,0.09473684210526316,True,0.01,0.02
2,3,5,0.0,0.0,1,propagule,946,0,0,0.09513742071881606,True,0.01,0.02
2,3,6,0.0,0.0,1,propagule,933,0,0,0.09539121114683816,True,0.01,0.02
2,3,7,0.0,0.0,1,propagule,914,0,0,0.0962800875273523,True,0.01,0.02
2,3,8,0.0,0.0,1,propagule,882,0,0,0.08843537414965986,True,0.01,0.02
2,3,9,0.0,0.0,1,propagule,893,0,0,0.09966405375139978,True,0.01,0.02
2,3,10,0.0,0.0,1,propagule,860,0,0,0.09186046511627907,True,0.01,0.02
2,3,11,0.0,0.0,1,propagule,861,0,0,0.09872241579558652,True,0.01,0.02
2,3,12,0.0,0.0,1,propagule,863,0,0,0.10196987253765932,True,0.01,0.02
2,3,13,0.0,0.0,1,propagule,842,0,0,0.10095011876484561,True,0.01,0.02
2,3,14,0.0,0.0,1,propagule,825,0,0,0.09333333333333334,True,0.01,0.02
2,3,15,0.0,0.0,1,propagule,821,0,0,0.09987819732034105,True,0.01,0.02
2,3,16,0.0,0.0,1,propagule,815,0,0,0.09815950920245399,True,0.01,0.02
2,3,17,0.0,0.0,1,propagule,811,0,0,0.10234278668310727,True,0.01,0.02
2,3,18,0.0,0.0,1,propagule,1860,0,0,0.043548387096774194,True,0.01,0.02
2,3,19,0.0,0.0,1,propagule,1862,0,0,0.04618689581095596,True,0.01,0.02
2,3,20,0.0,0.0,1,propagule,1743,0,0,0.045324153757888695,True,0.01,0.02
2,3,21,0.0,0.0,1,propagule,1741,0,0,0.04595060310166571,True,0.01,0.02
2,3,22,0.0,0.0,1,propagule,1643,0,0,0.04382227632379793,True,0.01,0.02
2,3,23,0.0,0.0,1,propagule,1629,0,0,0.047268262737875995,True,0.01,0.02
2,3,24,0.0,0.0,1,propagule,1528,0,0,0.04450261780104712,True,0.01,0.02
2,3,25,0.0,0.0,1,propagule,1549,0,0,0.05035506778566817,True,0.01,0.02
2,3,26,0.0,0.0,1,propagule,1473,0,0,0.04480651731160896,True,0.01,0.02
2,3,27,0.0,0.0,1,propagule,1468,0,0,0.05108991825613079,True,0.01,0.02
2,3,28,0.0,0.0,1,propagule,1366,0,0,0.05197657393850659,True,0.01,0.02
2,3,29,0.0,0.0,1,propagule,1349,0,0,0.05559673832468495,True,0.01,0.02
2,3,30,0.0,0.0,1,propagule,1271,0,0,0.05192761605035405,True,0.01,0.02
2,3,31,0.0,0.0,1,propagule,1283,0,0,0.05689789555728761,True,0.01,0.02
2,3,32,0.0,0.0,1,propagule,1281,0,0,0.047619047619047616,True,0.01,0.02
2,3,33,0.0,0.0,1,propagule,1247,0,0,0.0545308740978348,True,0.01,0.02
2,3,34,0.0,0.0,1,propagule,1177,0,0,0.048428207306711976,True,0.01,0.02
2,3,35,0.0,0.0,1,propagule,1165,0,0,0.05665236051502146,True,0.01,0.02
2,3,36,0.0,0.0,1,propagule,1102,0,0,0.0544464609800363,True,0.01,0.02
2,3,37,0.0,0.0,1,propagule,1152,0,0,0.0685763888888889,True,0.01,0.02
2,3,38,0.0,0.0,1,propagule,1109,0,0,0.060414788097385035,True,0.01,0.02
2,3,39,0.0,0.0,1,propagule,1083,0,0,0.07017543859649122,True,0.01,0.02
2,3,40,0.0,0.0,1,propagule,1062,0,0,0.06685499058380415,True,0.01,0.02
2,3,41,0.0,0.0,1,propagule,1046,0,0,0.06978967495219886,True,0.01,0.02
2,3,42,0.0,0.0,1,propagule,1008,0,0,0.0625,True,0.01,0.02
2,3,43,0.0,0.0,1,propagule,1025,0,0,0.09853658536585366,True,0.01,0.02
2,3,44,0.0,0.0,1,propagule,961,0,0,0.09261186264308012,True,0.01,0.02
2,3,45,0.0,0.0,1,propagule,934,0,0,0.08244111349036402,True,0.01,0.02
2,3,46,0.0,0.0,1,propagule,937,0,0,0.09391675560298826,True,0.01,0.02
2,3,47,0.0,0.0,1,propagule,906,0,0,0.08940397350993377,True,0.01,0.02
2,3,48,0.0,0.0,1,propagule,917,0,0,0.1025081788440567,True,0.01,0.02
2,3,49,0.0,0.0,1,propagule,907,0,0,0.10253583241455347,True,0.01,0.02
2,3,50,0.0,0.0,1,propagule,908,0,0,0.10462555066079295,True,0.01,0.02
2,3,51,0.0,0.0,1,propagule,878,0,0,0.1070615034168565,True,0.01,0.02
2,3,52,0.0,0.0,1,propagule,887,0,0,0.11837655016910936,True,0.01,0.02
2,4,1,0.0,0.0,1,propagule,873,0,0,0.1145475372279496,True,0.01,0.02
2,4,2,0.0,0.0,1,propagule,868,0,0,0.11981566820276497,True,0.01,0.02
2,4,3,0.0,0.0,1,propagule,869,0,0,0.12888377445339472,True,0.01,0.02
2,4,4,0.0,0.0,1,propagule,860,0,0,0.12906976744186047,True,0.01,0.02
2,4,5,0.0,0.0,1,propagule,849,0,0,0.13898704358068315,True,0.01,0.02
2,4,6,0.0,0.0,1,propagule,848,0,0,0.13797169811320756,True,0.01,0.02
2,4,7,0.0,0.0,1,propagule,848,0,0,0.14622641509433962,True,0.01,0.02
2,4,8,0.0,0.0,1,propagule,836,0,0,0.14114832535885166,True,0.01,0.02
2,4,9,0.0,0.0,1,propagule,829,0,0,0.1411338962605549,True,0.01,0.02
2,4,10,0.0,0.0,1,propagule,821,0,0,0.14372716199756394,True,0.01,0.02
2,4,11,0.0,0.0,1,propagule,811,0,0,0.1442663378545006,True,0.01,0.02
2,4,12,0.0,0.0,1,propagule,805,0,0,0.14285714285714285,True,0.01,0.02
2,4,13,0.0,0.0,1,propagule,785,0,0,0.14140127388535031,True,0.01,0.02
2,4,14,0.0,0.0,1,propagule,796,0,0,0.1507537688442211,True,0.01,0.02
2,4,15,0.0,0.0,1,propagule,767,0,0,0.14471968709256844,True,0.01,0.02
2,4,16,0.0,0.0,1,propagule,758,0,0,0.14907651715039577,True,0.01,0.02
2,4,17,0.0,0.0,1,propagule,755,0,0,0.15364238410596026,True,0.01,0.02
2,4,18,0.0,0.0,1,propagule,1528,0,0,0.07591623036649214,True,0.01,0.02
2,4,19,0.0,0.0,1,propagule,1505,0,0,0.07707641196013289,True,0.01,0.02
2,4,20,0.0,0.0,1,propagule,1447,0,0,0.07601935038009675,True,0.01,0.02
2,4,21,0.0,0.0,1,propagule,1427,0,0,0.08199018920812894,True,0.01,0.02
2,4,22,0.0,0.0,1,propagule,1320,0,0,0.07045454545454545,True,0.01,0.02
2,4,23,0.0,0.0,1,propagule,1303,0,0,0.07521105141980046,True,0.01,0.02
2,4,24,0.0,0.0,1,propagule,1262,0,0,0.0705229793977813,True,0.01,0.02
2,4,25,0.0,0.0,1,propagule,1256,0,0,0.07245222929936306,True,0.01,0.02
2,4,26,0.0,0.0,1,propagule,1216,0,0,0.06990131578947369,True,0.01,0.02
2,4,27,0.0,0.0,1,propagule,1208,0,0,0.07450331125827815,True,0.01,0.02
2,4,28,0.0,0.0,1,propagule,1190,0,0,0.06890756302521009,True,0.01,0.02
2,4,29,0.0,0.0,1,propagule,1189,0,0,0.07317073170731707,True,0.01,0.02
2,4,30,0.0,0.0,1,propagule,1155,0,0,0.070995670995671,True,0.01,0.02
2,4,31,0.0,0.0,1,propagule,1116,0,0,0.07258064516129033,True,0.01,0.02
2,4,32,0.0,0.0,1,propagule,1033,0,0,0.07066795740561471,True,0.01,0.02
2,4,33,0.0,0.0,1,propagule,1032,0,0,0.0755813953488372,True,0.01,0.02
2,4,34,0.0,0.0,1,propagule,1002,0,0,0.0718562874251497,True,0.01,0.02
2,4,35,0.0,0.0,1,propagule,995,0,0,0.08040201005025126,True,0.01,0.02
2,4,36,0.0,0.0,1,propagule,958,0,0,0.08768267223382047,True,0.01,0.02
2,4,37,0.0,0.0,1,propagule,937,0,0,0.09284951974386339,True,0.01,0.02
2,4,38,0.0,0.0,1,propagule,890,0,0,0.0853932584269663,True,0.01,0.02
2,4,39,0.0,0.0,1,propagule,878,0,0,0.09225512528473805,True,0.01,0.02
2,4,40,0.0,0.0,1,propagule,867,0,0,0.0853517877739331,True,0.01,0.02
2,4,41,0.0,0.0,1,propagule,863,0,0,0.09038238702201622,True,0.01,0.02
2,4,42,0.0,0.0,1,propagule,867,0,0,0.10265282583621683,True,0.01,0.02
2,4,43,0.0,0.0,1,propagule,905,0,0,0.13591160220994475,True,0.01,0.02
2,4,44,0.0,0.0,1,propagule,824,0,0,0.11407766990291263,True,0.01,0.02
2,4,45,0.0,0.0,1,propagule,783,0,0,0.09961685823754789,True,0.01,0.02
2,4,46,0.0,0.0,1,propagule,782,0,0,0.10613810741687979,True,0.01,0.02
2,4,47,0.0,0.0,1,propagule,748,0,0,0.10294117647058823,True,0.01,0.02
2,4,48,0.0,0.0,1,propagule,742,0,0,0.10512129380053908,True,0.01,0.02
2,4,49,0.0,0.0,1,propagule,755,0,0,0.12582781456953643,True,0.01,0.02
2,4,50,0.0,0.0,1,propagule,731,0,0,0.12448700410396717,True,0.01,0.02
2,4,51,0.0,0.0,1,propagule,732,0,0,0.12158469945355191,True,0.01,0.02
2,4,52,0.0,0.0,1,propagule,719,0,0,0.12656467315716272,True,0.01,0.02
2,5,1,0.0,0.0,1,propagule,722,0,0,0.13850415512465375,True,0.01,0.02
2,5,2,0.0,0.0,1,propagule,716,0,0,0.138268156424581,True,0.01,0.02
2,5,3,0.0,0.0,1,propagule,719,0,0,0.13908205841446453,True,0.01,0.02
2,5,4,0.0,0.0,1,propagule,718,0,0,0.14345403899721448,True,0.01,0.02
2,5,5,0.0,0.0,1,propagule,711,0,0,0.14345991561181434,True,0.01,0.02
2,5,6,0.0,0.0,1,propagule,704,0,0,0.1434659090909091,True,0.01,0.02
2,5,7,0.0,0.0,1,propagule,695,0,0,0.14244604316546763,True,0.01,0.02
2,5,8,0.0,0.0,1,propagule,686,0,0,0.15306122448979592,True,0.01,0.02
2,5,9,0.0,0.0,1,propagule,684,0,0,0.15058479532163743,True,0.01,0.02
2,5,10,0.0,0.0,1,propagule,684,0,0,0.16228070175438597,True,0.01,0.02
2,5,11,0.0,0.0,1,propagule,675,0,0,0.16296296296296298,True,0.01,0.02
2,5,12,0.0,0.0,1,propagule,677,0,0,0.16838995568685378,True,0.01,0.02
2,5,13,0.0,0.0,1,propagule,672,0,0,0.16815476190476192,True,0.01,0.02
2,5,14,0.0,0.0,1,propagule,667,0,0,0.16941529235382308,True,0.01,0.02
2,5,15,0.0,0.0,1,propagule,659,0,0,0.17147192716236723,True,0.01,0.02
2,5,16,0.0,0.0,1,propagule,653,0,0,0.17304747320061256,True,0.01,0.02
2,5,17,0.0,0.0,1,propagule,652,0,0,0.17791411042944785,True,0.01,0.02
2,5,18,0.0,0.0,1,propagule,1399,0,0,0.08005718370264475,True,0.01,0.02
2,5,19,0.0,0.0,1,propagule,1363,0,0,0.08143800440205429,True,0.01,0.02
2,5,20,0.0,0.0,1,propagule,1309,0,0,0.0825057295645531,True,0.01,0.02
2,5,21,0.0,0.0,1,propagule,1275,0,0,0.08313725490196078,True,0.01,0.02
2,5,22,0.0,0.0,1,propagule,1217,0,0,0.0780608052588332,True,0.01,0.02
2,5,23,0.0,0.0,1,propagule,1147,0,0,0.08020924149956409,True,0.01,0.02
2,5,24,0.0,0.0,1,propagule,1064,0,0,0.08458646616541353,True,0.01,0.02
2,5,25,0.0,0.0,1,propagule,1021,0,0,0.07639569049951028,True,0.01,0.02
2,5,26,0.0,0.0,1,propagule,1026,0,0,0.07309941520467836,True,0.01,0.02
2,5,27,0.0,0.0,1,propagule,1001,0,0,0.07892107892107893,True,0.01,0.02
2,5,28,0.0,0.0,1,propagule,947,0,0,0.08130939809926083,True,0.01,0.02
2,5,29,0.0,0.0,1,propagule,851,0,0,0.08225616921269095,True,0.01,0.02
2,5,30,0.0,0.0,1,propagule,859,0,0,0.07916181606519208,True,0.01,0.02
2,5,31,0.0,0.0,1,propagule,824,0,0,0.08859223300970874,True,0.01,0.02
2,5,32,0.0,0.0,1,propagule,789,0,0,0.07858048162230671,True,0.01,0.02
2,5,33,0.0,0.0,1,propagule,786,0,0,0.08396946564885496,True,0.01,0.02
2,5,34,0.0,0.0,1,propagule,764,0,0,0.08769633507853403,True,0.01,0.02
2,5,35,0.0,0.0,1,propagule,750,0,0,0.08533333333333333,True,0.01,0.02
2,5,36,0.0,0.0,1,propagule,742,0,0,0.11590296495956873,True,0.01,0.02
2,5,37,0.0,0.0,1,propagule,702,0,0,0.11253561253561253,True,0.01,0.02
2,5,38,0.0,0.0,1,propagule,708,0,0,0.1285310734463277,True,0.01,0.02
2,5,39,0.0,0.0,1,propagule,698,0,0,0.1303724928366762,True,0.01,0.02
2,5,40,0.0,0.0,1,propagule,694,0,0,0.13256484149855907,True,0.01,0.02
2,5,41,0.0,0.0,1,propagule,681,0,0,0.13362701908957417,True,0.01,0.02
2,5,42,0.0,0.0,1,propagule,672,0,0,0.13839285714285715,True,0.01,0.02
2,5,43,0.0,0.0,1,propagule,722,0,0,0.18698060941828254,True,0.01,0.02
2,5,44,0.0,0.0,1,propagule,617,0,0,0.14910858995137763,True,0.01,0.02
2,5,45,0.0,0.0,1,propagule,581,0,0,0.1342512908777969,True,0.01,0.02
2,5,46,0.0,0.0,1,propagule,593,0,0,0.15177065767284992,True,0.01,0.02
2,5,47,0.0,0.0,1,propagule,553,0,0,0.1301989150090416,True,0.01,0.02
2,5,48,0.0,0.0,1,propagule,555,0,0,0.14234234234234233,True,0.01,0.02
2,5,49,0.0,0.0,1,propagule,546,0,0,0.14102564102564102,True,0.01,0.02
2,5,50,0.0,0.0,1,propagule,564,0,0,0.15070921985815602,True,0.01,0.02
2,5,51,0.0,0.0,1,propagule,559,0,0,0.148479427549195,True,0.01,0.02
2,5,52,0.0,0.0,1,propagule,558,0,0,0.16308243727598568,True,0.01,0.02
2,6,1,0.0,0.0,1,propagule,558,0,0,0.17025089605734767,True,0.01,0.02
2,6,2,0.0,0.0,1,propagule,550,0,0,0.1709090909090909,True,0.01,0.02
2,6,3,0.0,0.0,1,propagule,557,0,0,0.18312387791741472,True,0.01,0.02
2,6,4,0.0,0.0,1,propagule,553,0,0,0.16817359855334538,True,0.01,0.02
2,6,5,0.0,0.0,1,propagule,555,0,0,0.1873873873873874,True,0.01,0.02
2,6,6,0.0,0.0,1,propagule,557,0,0,0.19030520646319568,True,0.01,0.02
2,6,7,0.0,0.0,1,propagule,556,0,0,0.1906474820143885,True,0.01,0.02
2,6,8,0.0,0.0,1,propagule,545,0,0,0.1963302752293578,True,0.01,0.02
2,6,9,0.0,0.0,1,propagule,554,0,0,0.1967509025270758,True,0.01,0.02
2,6,10,0.0,0.0,1,propagule,540,0,0,0.2,True,0.01,0.02
2,6,11,0.0,0.0,1,propagule,546,0,0,0.20146520146520147,True,0.01,0.02
2,6,12,0.0,0.0,1,propagule,532,0,0,0.20112781954887218,True,0.01,0.02
2,6,13,0.0,0.0,1,propagule,528,0,0,0.19886363636363635,True,0.01,0.02
2,6,14,0.0,0.0,1,propagule,515,0,0,0.2058252427184466,True,0.01,0.02
2,6,15,0.0,0.0,1,propagule,512,0,0,0.203125,True,0.01,0.02
2,6,16,0.0,0.0,1,propagule,502,0,0,0.19721115537848605,True,0.01,0.02
2,6,17,0.0,0.0,1,propagule,497,0,0,0.19517102615694165,True,0.01,0.02
2,6,18,0.0,0.0,1,propagule,1023,0,0,0.093841642228739,True,0.01,0.02
2,6,19,0.0,0.0,1,propagule,1015,0,0,0.0916256157635468,True,0.01,0.02
2,6,20,0.0,0.0,1,propagule,994,0,0,0.0875251509054326,True,0.01,0.02
2,6,21,0.0,0.0,1,propagule,976,0,0,0.08299180327868852,True,0.01,0.02
2,6,22,0.0,0.0,1,propagule,926,0,0,0.07883369330453564,True,0.01,0.02
2,6,23,0.0,0.0,1,propagule,878,0,0,0.0774487471526196,True,0.01,0.02
2,6,24,0.0,0.0,1,propagule,860,0,0,0.08255813953488372,True,0.01,0.02
2,6,25,0.0,0.0,1,propagule,821,0,0,0.0730816077953715,True,0.01,0.02
2,6,26,0.0,0.0,1,propagule,844,0,0,0.08056872037914692,True,0.01,0.02
2,6,27,0.0,0.0,1,propagule,790,0,0,0.07215189873417721,True,0.01,0.02
2,6,28,0.0,0.0,1,propagule,785,0,0,0.0840764331210191,True,0.01,0.02
2,6,29,0.0,0.0,1,propagule,775,0,0,0.08258064516129032,True,0.01,0.02
2,6,30,0.0,0.0,1,propagule,749,0,0,0.08277703604806408,True,0.01,0.02
2,6,31,0.0,0.0,1,propagule,708,0,0,0.08050847457627118,True,0.01,0.02
2,6,32,0.0,0.0,1,propagule,704,0,0,0.08380681818181818,True,0.01,0.02
2,6,33,0.0,0.0,1,propagule,651,0,0,0.08141321044546851,True,0.01,0.02
2,6,34,0.0,0.0,1,propagule,672,0,0,0.08928571428571429,True,0.01,0.02
2,6,35,0.0,0.0,1,propagule,644,0,0,0.08229813664596274,True,0.01,0.02
2,6,36,0.0,0.0,1,propagule,634,0,0,0.09621451104100946,True,0.01,0.02
2,6,37,0.0,0.0,1,propagule,631,0,0,0.10618066561014262,True,0.01,0.02
2,6,38,0.0,0.0,1,propagule,610,0,0,0.10163934426229508,True,0.01,0.02
2,6,39,0.0,0.0,1,propagule,607,0,0,0.1070840197693575,True,0.01,0.02
2,6,40,0.0,0.0,1,propagule,597,0,0,0.10217755443886097,True,0.01,0.02
2,6,41,0.0,0.0,1,propagule,586,0,0,0.10238907849829351,True,0.01,0.02
2,6,42,0.0,0.0,1,propagule,592,0,0,0.12331081081081081,True,0.01,0.02
2,6,43,0.0,0.0,1,propagule,626,0,0,0.18210862619808307,True,0.01,0.02
2,6,44,0.0,0.0,1,propagule,553,0,0,0.14647377938517178,True,0.01,0.02
2,6,45,0.0,0.0,1,propagule,522,0,0,0.12835249042145594,True,0.01,0.02
2,6,46,0.0,0.0,1,propagule,526,0,0,0.13878326996197718,True,0.01,0.02
2,6,47,0.0,0.0,1,propagule,515,0,0,0.13398058252427184,True,0.01,0.02
2,6,48,0.0,0.0,1,propagule,504,0,0,0.12103174603174603,True,0.01,0.02
2,6,49,0.0,0.0,1,propagule,508,0,0,0.1279527559055118,True,0.01,0.02
2,6,50,0.0,0.0,1,propagule,491,0,0,0.14052953156822812,True,0.01,0.02
2,6,51,0.0,0.0,1,propagule,485,0,0,0.1422680412371134,True,0.01,0.02
2,6,52,0.0,0.0,1,propagule,476,0,0,0.14915966386554622,True,0.01,0.02
2,7,1,0.0,0.0,1,propagule,477,0,0,0.14465408805031446,True,0.01,0.02
2,7,2,0.0,0.0,1,propagule,477,0,0,0.1530398322851153,True,0.01,0.02
2,7,3,0.0,0.0,1,propagule,472,0,0,0.1483050847457627,True,0.01,0.02
2,7,4,0.0,0.0,1,propagule,468,0,0,0.14743589743589744,True,0.01,0.02
2,7,5,0.0,0.0,1,propagule,472,0,0,0.15254237288135594,True,0.01,0.02
2,7,6,0.0,0.0,1,propagule,468,0,0,0.16452991452991453,True,0.01,0.02
2,7,7,0.0,0.0,1,propagule,471,0,0,0.16772823779193205,True,0.01,0.02
2,7,8,0.0,0.0,1,propagule,459,0,0,0.1655773420479303,True,0.01,0.02
2,7,9,0.0,0.0,1,propagule,461,0,0,0.1648590021691974,True,0.01,0.02
2,7,10,0.0,0.0,1,propagule,459,0,0,0.17647058823529413,True,0.01,0.02
2,7,11,0.0,0.0,1,propagule,450,0,0,0.1711111111111111,True,0.01,0.02
2,7,12,0.0,0.0,1,propagule,445,0,0,0.1707865168539326,True,0.01,0.02
2,7,13,0.0,0.0,1,propagule,443,0,0,0.17155756207674944,True,0.01,0.02
2,7,14,0.0,0.0,1,propagule,433,0,0,0.17090069284064666,True,0.01,0.02
2,7,15,0.0,0.0,1,propagule,434,0,0,0.17050691244239632,True,0.01,0.02
2,7,16,0.0,0.0,1,propagule,424,0,0,0.17452830188679244,True,0.01,0.02
2,7,17,0.0,0.0,1,propagule,425,0,0,0.16705882352941176,True,0.01,0.02
2,7,18,0.0,0.0,1,propagule,868,0,0,0.07949308755760369,True,0.01,0.02
2,7,19,0.0,0.0,1,propagule,861,0,0,0.08013937282229965,True,0.01,0.02
2,7,20,0.0,0.0,1,propagule,826,0,0,0.0847457627118644,True,0.01,0.02
2,7,21,0.0,0.0,1,propagule,839,0,0,0.08462455303933254,True,0.01,0.02
2,7,22,0.0,0.0,1,propagule,785,0,0,0.08535031847133757,True,0.01,0.02
2,7,23,0.0,0.0,1,propagule,796,0,0,0.08542713567839195,True,0.01,0.02
2,7,24,0.0,0.0,1,propagule,743,0,0,0.08209959623149395,True,0.01,0.02
2,7,25,0.0,0.0,1,propagule,737,0,0,0.08412483039348712,True,0.01,0.02
2,7,26,0.0,0.0,1,propagule,693,0,0,0.0707070707070707,True,0.01,0.02
2,7,27,0.0,0.0,1,propagule,709,0,0,0.08885754583921016,True,0.01,0.02
2,7,28,0.0,0.0,1,propagule,667,0,0,0.08245877061469266,True,0.01,0.02
2,7,29,0.0,0.0,1,propagule,676,0,0,0.08875739644970414,True,0.01,0.02
2,7,30,0.0,0.0,1,propagule,651,0,0,0.08448540706605223,True,0.01,0.02
2,7,31,0.0,0.0,1,propagule,660,0,0,0.08484848484848485,True,0.01,0.02
2,7,32,0.0,0.0,1,propagule,619,0,0,0.07754442649434572,True,0.01,0.02
2,7,33,0.0,0.0,1,propagule,620,0,0,0.09193548387096774,True,0.01,0.02
2,7,34,0.0,0.0,1,propagule,583,0,0,0.07375643224699828,True,0.01,0.02
2,7,35,0.0,0.0,1,propagule,602,0,0,0.08970099667774087,True,0.01,0.02
2,7,36,0.0,0.0,1,propagule,582,0,0,0.08419243986254296,True,0.01,0.02
2,7,37,0.0,0.0,1,propagule,596,0,0,0.10570469798657718,True,0.01,0.02
2,7,38,0.0,0.0,1,propagule,569,0,0,0.0984182776801406,True,0.01,0.02
2,7,39,0.0,0.0,1,propagule,554,0,0,0.09566787003610108,True,0.01,0.02
2,7,40,0.0,0.0,1,propagule,543,0,0,0.10313075506445672,True,0.01,0.02
2,7,41,0.0,0.0,1,propagule,544,0,0,0.10661764705882353,True,0.01,0.02
2,7,42,0.0,0.0,1,propagule,537,0,0,0.10614525139664804,True,0.01,0.02
2,7,43,0.0,0.0,1,propagule,602,0,0,0.16943521594684385,True,0.01,0.02
2,7,44,0.0,0.0,1,propagule,548,0,0,0.15145985401459855,True,0.01,0.02
2,7,45,0.0,0.0,1,propagule,497,0,0,0.14084507042253522,True,0.01,0.02
2,7,46,0.0,0.0,1,propagule,500,0,0,0.15,True,0.01,0.02
2,7,47,0.0,0.0,1,propagule,484,0,0,0.15082644628099173,True,0.01,0.02
2,7,48,0.0,0.0,1,propagule,457,0,0,0.13347921225382933,True,0.01,0.02
2,7,49,0.0,0.0,1,propagule,464,0,0,0.16379310344827586,True,0.01,0.02
2,7,50,0.0,0.0,1,propagule,470,0,0,0.16382978723404254,True,0.01,0.02
2,7,51,0.0,0.0,1,propagule,475,0,0,0.1705263157894737,True,0.01,0.02
2,7,52,0.0,0.0,1,propagule,464,0,0,0.16379310344827586,True,0.01,0.02
2,8,1,0.0,0.0,1,propagule,480,0,0,0.19166666666666668,True,0.01,0.02
2,8,2,0.0,0.0,1,propagule,464,0,0,0.17456896551724138,True,0.01,0.02
2,8,3,0.0,0.0,1,propagule,485,0,0,0.1958762886597938,True,0.01,0.02
2,8,4,0.0,0.0,1,propagule,463,0,0,0.18142548596112312,True,0.01,0.02
2,8,5,0.0,0.0,1,propagule,484,0,0,0.19421487603305784,True,0.01,0.02
2,8,6,0.0,0.0,1,propagule,479,0,0,0.18997912317327767,True,0.01,0.02
2,8,7,0.0,0.0,1,propagule,474,0,0,0.19831223628691982,True,0.01,0.02
2,8,8,0.0,0.0,1,propagule,478,0,0,0.19456066945606695,True,0.01,0.02
2,8,9,0.0,0.0,1,propagule,480,0,0,0.2125,True,0.01,0.02
2,8,10,0.0,0.0,1,propagule,469,0,0,0.19616204690831557,True,0.01,0.02
2,8,11,0.0,0.0,1,propagule,471,0,0,0.2059447983014862,True,0.01,0.02
2,8,12,0.0,0.0,1,propagule,466,0,0,0.20386266094420602,True,0.01,0.02
2,8,13,0.0,0.0,1,propagule,463,0,0,0.21382289416846653,True,0.01,0.02
2,8,14,0.0,0.0,1,propagule,454,0,0,0.20704845814977973,True,0.01,0.02
2,8,15,0.0,0.0,1,propagule,445,0,0,0.21123595505617979,True,0.01,0.02
2,8,16,0.0,0.0,1,propagule,434,0,0,0.20506912442396313,True,0.01,0.02
2,8,17,0.0,0.0,1,propagule,446,0,0,0.21748878923766815,True,0.01,0.02
2,8,18,0.0,0.0,1,propagule,942,0,0,0.09766454352441614,True,0.01,0.02
2,8,19,0.0,0.0,1,propagule,940,0,0,0.10212765957446808,True,0.01,0.02
2,8,20,0.0,0.0,1,propagule,907,0,0,0.10033076074972437,True,0.01,0.02
2,8,21,0.0,0.0,1,propagule,914,0,0,0.10831509846827134,True,0.01,0.02
2,8,22,0.0,0.0,1,propagule,916,0,0,0.11135371179039301,True,0.01,0.02
2,8,23,0.0,0.0,1,propagule,861,0,0,0.10685249709639953,True,0.01,0.02
2,8,24,0.0,0.0,1,propagule,874,0,0,0.10869565217391304,True,0.01,0.02
2,8,25,0.0,0.0,1,propagule,815,0,0,0.10429447852760736,True,0.01,0.02
2,8,26,0.0,0.0,1,propagule,810,0,0,0.10864197530864197,True,0.01,0.02
2,8,27,0.0,0.0,1,propagule,753,0,0,0.10756972111553785,True,0.01,0.02
2,8,28,0.0,0.0,1,propagule,759,0,0,0.11725955204216074,True,0.01,0.02
2,8,29,0.0,0.0,1,propagule,749,0,0,0.12016021361815754,True,0.01,0.02
2,8,30,0.0,0.0,1,propagule,738,0,0,0.12466124661246612,True,0.01,0.02
2,8,31,0.0,0.0,1,propagule,710,0,0,0.11549295774647887,True,0.01,0.02
2,8,32,0.0,0.0,1,propagule,705,0,0,0.12624113475177304,True,0.01,0.02
2,8,33,0.0,0.0,1,propagule,684,0,0,0.11842105263157894,True,0.01,0.02
2,8,34,0.0,0.0,1,propagule,661,0,0,0.12708018154311648,True,0.01,0.02
2,8,35,0.0,0.0,1,propagule,652,0,0,0.1303680981595092,True,0.01,0.02
2,8,36,0.0,0.0,1,propagule,632,0,0,0.14715189873417722,True,0.01,0.02
2,8,37,0.0,0.0,1,propagule,569,0,0,0.14586994727592267,True,0.01,0.02
2,8,38,0.0,0.0,1,propagule,580,0,0,0.15862068965517243,True,0.01,0.02
2,8,39,0.0,0.0,1,propagule,555,0,0,0.15135135135135136,True,0.01,0.02
2,8,40,0.0,0.0,1,propagule,567,0,0,0.16049382716049382,True,0.01,0.02
2,8,41,0.0,0.0,1,propagule,531,0,0,0.15630885122410546,True,0.01,0.02
2,8,42,0.0,0.0,1,propagule,553,0,0,0.16636528028933092,True,0.01,0.02
2,8,43,0.0,0.0,1,propagule,581,0,0,0.19793459552495696,True,0.01,0.02
2,8,44,0.0,0.0,1,propagule,506,0,0,0.16600790513833993,True,0.01,0.02
2,8,45,0.0,0.0,1,propagule,489,0,0,0.16359918200409,True,0.01,0.02
2,8,46,0.0,0.0,1,propagule,487,0,0,0.1806981519507187,True,0.01,0.02
2,8,47,0.0,0.0,1,propagule,491,0,0,0.17922606924643583,True,0.01,0.02
2,8,48,0.0,0.0,1,propagule,508,0,0,0.19094488188976377,True,0.01,0.02
2,8,49,0.0,0.0,1,propagule,507,0,0,0.19723865877712032,True,0.01,0.02
2,8,50,0.0,0.0,1,propagule,503,0,0,0.18687872763419483,True,0.01,0.02
2,8,51,0.0,0.0,1,propagule,510,0,0,0.20784313725490197,True,0.01,0.02
2,8,52,0.0,0.0,1,propagule,505,0,0,0.19801980198019803,True,0.01,0.02
2,9,1,0.0,0.0,1,propagule,502,0,0,0.1952191235059761,True,0.01,0.02
2,9,2,0.0,0.0,1,propagule,498,0,0,0.18473895582329317,True,0.01,0.02
2,9,3,0.0,0.0,1,propagule,493,0,0,0.19675456389452334,True,0.01,0.02
2,9,4,0.0,0.0,1,propagule,490,0,0,0.19387755102040816,True,0.01,0.02
2,9,5,0.0,0.0,1,propagule,497,0,0,0.20321931589537223,True,0.01,0.02
2,9,6,0.0,0.0,1,propagule,489,0,0,0.20245398773006135,True,0.01,0.02
2,9,7,0.0,0.0,1,propagule,503,0,0,0.2147117296222664,True,0.01,0.02
2,9,8,0.0,0.0,1,propagule,488,0,0,0.21311475409836064,True,0.01,0.02
2,9,9,0.0,0.0,1,propagule,500,0,0,0.22,True,0.01,0.02
2,9,10,0.0,0.0,1,propagule,481,0,0,0.21205821205821207,True,0.01,0.02
2,9,11,0.0,0.0,1,propagule,477,0,0,0.20964360587002095,True,0.01,0.02
2,9,12,0.0,0.0,1,propagule,466,0,0,0.20600858369098712,True,0.01,0.02
2,9,13,0.0,0.0,1,propagule,467,0,0,0.20770877944325483,True,0.01,0.02
2,9,14,0.0,0.0,1,propagule,460,0,0,0.20652173913043478,True,0.01,0.02
2,9,15,0.0,0.0,1,propagule,458,0,0,0.21179039301310043,True,0.01,0.02
2,9,16,0.0,0.0,1,propagule,445,0,0,0.21123595505617979,True,0.01,0.02
2,9,17,0.0,0.0,1,propagule,444,0,0,0.21171171171171171,True,0.01,0.02
2,9,18,0.0,0.0,1,propagule,872,0,0,0.09288990825688073,True,0.01,0.02
2,9,19,0.0,0.0,1,propagule,868,0,0,0.08986175115207373,True,0.01,0.02
2,9,20,0.0,0.0,1,propagule,813,0,0,0.08241082410824108,True,0.01,0.02
2,9,21,0.0,0.0,1,propagule,848,0,0,0.09080188679245282,True,0.01,0.02
2,9,22,0.0,0.0,1,propagule,843,0,0,0.09489916963226572,True,0.01,0.02
2,9,23,0.0,0.0,1,propagule,838,0,0,0.09307875894988067,True,0.01,0.02
2,9,24,0.0,0.0,1,propagule,784,0,0,0.09566326530612244,True,0.01,0.02
2,9,25,0.0,0.0,1,propagule,784,0,0,0.09693877551020408,True,0.01,0.02
2,9,26,0.0,0.0,1,propagule,746,0,0,0.10053619302949061,True,0.01,0.02
2,9,27,0.0,0.0,1,propagule,724,0,0,0.10082872928176796,True,0.01,0.02
2,9,28,0.0,0.0,1,propagule,692,0,0,0.10260115606936417,True,0.01,0.02
2,9,29,0.0,0.0,1,propagule,674,0,0,0.09792284866468842,True,0.01,0.02
2,9,30,0.0,0.0,1,propagule,661,0,0,0.10741301059001512,True,0.01,0.02
2,9,31,0.0,0.0,1,propagule,655,0,0,0.10687022900763359,True,0.01,0.02
2,9,32,0.0,0.0,1,propagule,624,0,0,0.11057692307692307,True,0.01,0.02
2,9,33,0.0,0.0,1,propagule,636,0,0,0.11635220125786164,True,0.01,0.02
2,9,34,0.0,0.0,1,propagule,605,0,0,0.11900826446280992,True,0.01,0.02
2,9,35,0.0,0.0,1,propagule,610,0,0,0.12295081967213115,True,0.01,0.02
2,9,36,0.0,0.0,1,propagule,573,0,0,0.1256544502617801,True,0.01,0.02
2,9,37,0.0,0.0,1,propagule,584,0,0,0.13013698630136986,True,0.01,0.02
2,9,38,0.0,0.0,1,propagule,578,0,0,0.12802768166089964,True,0.01,0.02
2,9,39,0.0,0.0,1,propagule,575,0,0,0.13217391304347825,True,0.01,0.02
2,9,40,0.0,0.0,1,propagule,555,0,0,0.12792792792792793,True,0.01,0.02
2,9,41,0.0,0.0,1,propagule,571,0,0,0.14185639229422067,True,0.01,0.02
2,9,42,0.0,0.0,1,propagule,544,0,0,0.12683823529411764,True,0.01,0.02
2,9,43,0.0,0.0,1,propagule,568,0,0,0.1742957746478873,True,0.01,0.02
2,9,44,0.0,0.0,1,propagule,501,0,0,0.13572854291417166,True,0.01,0.02
2,9,45,0.0,0.0,1,propagule,491,0,0,0.1446028513238289,True,0.01,0.02
2,9,46,0.0,0.0,1,propagule,493,0,0,0.14807302231237324,True,0.01,0.02
2,9,47,0.0,0.0,1,propagule,508,0,0,0.17125984251968504,True,0.01,0.02
2,9,48,0.0,0.0,1,propagule,501,0,0,0.1656686626746507,True,0.01,0.02
2,9,49,0.0,0.0,1,propagule,502,0,0,0.17729083665338646,True,0.01,0.02
2,9,50,0.0,0.0,1,propagule,495,0,0,0.1696969696969697,True,0.01,0.02
2,9,51,0.0,0.0,1,propagule,505,0,0,0.18613861386138614,True,0.01,0.02
2,9,52,0.0,0.0,1,propagule,517,0,0,0.19342359767891681,True,0.01,0.02
2,10,1,0.0,0.0,1,propagule,511,0,0,0.1917808219178082,True,0.01,0.02
2,10,2,0.0,0.0,1,propagule,505,0,0,0.1900990099009901,True,0.01,0.02
2,10,3,0.0,0.0,1,propagule,505,0,0,0.19603960396039605,True,0.01,0.02
2,10,4,0.0,0.0,1,propagule,497,0,0,0.193158953722334,True,0.01,0.02
2,10,5,0.0,0.0,1,propagule,487,0,0,0.1971252566735113,True,0.01,0.02
2,10,6,0.0,0.0,1,propagule,481,0,0,0.20166320166320167,True,0.01,0.02
2,10,7,0.0,0.0,1,propagule,477,0,0,0.20335429769392033,True,0.01,0.02
2,10,8,0.0,0.0,1,propagule,472,0,0,0.2033898305084746,True,0.01,0.02
2,10,9,0.0,0.0,1,propagule,466,0,0,0.20600858369098712,True,0.01,0.02
2,10,10,0.0,0.0,1,propagule,456,0,0,0.20833333333333334,True,0.01,0.02
2,10,11,0.0,0.0,1,propagule,455,0,0,0.210989010989011,True,0.01,0.02
2,10,12,0.0,0.0,1,propagule,451,0,0,0.20842572062084258,True,0.01,0.02
2,10,13,0.0,0.0,1,propagule,447,0,0,0.2080536912751678,True,0.01,0.02
2,10,14,0.0,0.0,1,propagule,441,0,0,0.20861678004535147,True,0.01,0.02
2,10,15,0.0,0.0,1,propagule,441,0,0,0.20861678004535147,True,0.01,0.02
2,10,16,0.0,0.0,1,propagule,438,0,0,0.20776255707762556,True,0.01,0.02
2,10,17,0.0,0.0,1,propagule,433,0,0,0.20785219399538107,True,0.01,0.02
2,10,18,0.0,0.0,1,propagule,892,0,0,0.09865470852017937,True,0.01,0.02
2,10,19,0.0,0.0,1,propagule,864,0,0,0.09837962962962964,True,0.01,0.02
2,10,20,0.0,0.0,1,propagule,848,0,0,0.10023584905660378,True,0.01,0.02
2,10,21,0.0,0.0,1,propagule,829,0,0,0.09891435464414958,True,0.01,0.02
2,10,22,0.0,0.0,1,propagule,817,0,0,0.10281517747858017,True,0.01,0.02
2,10,23,0.0,0.0,1,propagule,800,0,0,0.09875,True,0.01,0.02
2,10,24,0.0,0.0,1,propagule,788,0,0,0.10025380710659898,True,0.01,0.02
2,10,25,0.0,0.0,1,propagule,754,0,0,0.10212201591511937,True,0.01,0.02
2,10,26,0.0,0.0,1,propagule,747,0,0,0.107095046854083,True,0.01,0.02
2,10,27,0.0,0.0,1,propagule,746,0,0,0.10589812332439678,True,0.01,0.02
2,10,28,0.0,0.0,1,propagule,713,0,0,0.10378681626928471,True,0.01,0.02
2,10,29,0.0,0.0,1,propagule,695,0,0,0.10359712230215827,True,0.01,0.02
2,10,30,0.0,0.0,1,propagule,657,0,0,0.1019786910197869,True,0.01,0.02
2,10,31,0.0,0.0,1,propagule,637,0,0,0.10204081632653061,True,0.01,0.02
2,10,32,0.0,0.0,1,propagule,636,0,0,0.10377358490566038,True,0.01,0.02
2,10,33,0.0,0.0,1,propagule,618,0,0,0.09870550161812297,True,0.01,0.02
2,10,34,0.0,0.0,1,propagule,591,0,0,0.11336717428087986,True,0.01,0.02
2,10,35,0.0,0.0,1,propagule,586,0,0,0.09897610921501707,True,0.01,0.02
2,10,36,0.0,0.0,1,propagule,575,0,0,0.11478260869565217,True,0.01,0.02
2,10,37,0.0,0.0,1,propagule,548,0,0,0.11131386861313869,True,0.01,0.02
2,10,38,0.0,0.0,1,propagule,561,0,0,0.12834224598930483,True,0.01,0.02
2,10,39,0.0,0.0,1,propagule,531,0,0,0.11487758945386065,True,0.01,0.02
2,10,40,0.0,0.0,1,propagule,545,0,0,0.12844036697247707,True,0.01,0.02
2,10,41,0.0,0.0,1,propagule,518,0,0,0.11583011583011583,True,0.01,0.02
2,10,42,0.0,0.0,1,propagule,536,0,0,0.13432835820895522,True,0.01,0.02
2,10,43,0.0,0.0,1,propagule,547,0,0,0.1590493601462523,True,0.01,0.02
2,10,44,0.0,0.0,1,propagule,493,0,0,0.12778904665314403,True,0.01,0.02
2,10,45,0.0,0.0,1,propagule,474,0,0,0.12658227848101267,True,0.01,0.02
2,10,46,0.0,0.0,1,propagule,475,0,0,0.13894736842105262,True,0.01,0.02
2,10,47,0.0,0.0,1,propagule,470,0,0,0.14680851063829786,True,0.01,0.02
2,10,48,0.0,0.0,1,propagule,487,0,0,0.17659137577002054,True,0.01,0.02
2,10,49,0.0,0.0,1,propagule,487,0,0,0.17248459958932238,True,0.01,0.02
2,10,50,0.0,0.0,1,propagule,491,0,0,0.17718940936863545,True,0.01,0.02
2,10,51,0.0,0.0,1,propagule,478,0,0,0.1694560669456067,True,0.01,0.02
2,10,52,0.0,0.0,1,propagule,474,0,0,0.1751054852320675,True,0.01,0.02
2,1,1,0.0,0.0,1,propagule,917,0,0,0.0,True,0.01,0.025
2,1,2,0.0,0.0,1,propagule,907,0,0,0.0033076074972436605,True,0.01,0.025
2,1,3,0.0,0.0,1,propagule,917,0,0,0.004362050163576881,True,0.01,0.025
2,1,4,0.0,0.0,1,propagule,904,0,0,0.004424778761061947,True,0.01,0.025
2,1,5,0.0,0.0,1,propagule,903,0,0,0.005537098560354375,True,0.01,0.025
2,1,6,0.0,0.0,1,propagule,902,0,0,0.0066518847006651885,True,0.01,0.025
2,1,7,0.0,0.0,1,propagule,885,0,0,0.007909604519774011,True,0.01,0.025
2,1,8,0.0,0.0,1,propagule,879,0,0,0.007963594994311717,True,0.01,0.025
2,1,9,0.0,0.0,1,propagule,866,0,0,0.008083140877598153,True,0.01,0.025
2,1,10,0.0,0.0,1,propagule,858,0,0,0.008158508158508158,True,0.01,0.025
2,1,11,0.0,0.0,1,propagule,836,0,0,0.009569377990430622,True,0.01,0.025
2,1,12,0.0,0.0,1,propagule,828,0,0,0.00966183574879227,True,0.01,0.025
2,1,13,0.0,0.0,1,propagule,811,0,0,0.009864364981504316,True,0.01,0.025
2,1,14,0.0,0.0,1,propagule,800,0,0,0.01,True,0.01,0.025
2,1,15,0.0,0.0,1,propagule,792,0,0,0.010101010101010102,True,0.01,0.025
2,1,16,0.0,0.0,1,propagule,786,0,0,0.010178117048346057,True,0.01,0.025
2,1,17,0.0,0.0,1,propagule,780,0,0,0.010256410256410256,True,0.01,0.025
2,1,18,0.0,0.0,1,propagule,2282,0,0,0.0035056967572304996,True,0.01,0.025
2,1,19,0.0,0.0,1,propagule,2200,0,0,0.0036363636363636364,True,0.01,0.025
2,1,20,0.0,0.0,1,propagule,2144,0,0,0.0037313432835820895,True,0.01,0.025
2,1,21,0.0,0.0,1,propagule,2129,0,0,0.0037576326914044154,True,0.01,0.025
2,1,22,0.0,0.0,1,propagule,2075,0,0,0.0038554216867469878,True,0.01,0.025
2,1,23,0.0,0.0,1,propagule,2009,0,0,0.004479840716774514,True,0.01,0.025
2,1,24,0.0,0.0,1,propagule,1966,0,0,0.00508646998982706,True,0.01,0.025
2,1,25,0.0,0.0,1,propagule,1942,0,0,0.005664263645726055,True,0.01,0.025
2,1,26,0.0,0.0,1,propagule,1892,0,0,0.005813953488372093,True,0.01,0.025
2,1,27,0.0,0.0,1,propagule,1856,0,0,0.007004310344827586,True,0.01,0.025
2,1,28,0.0,0.0,1,propagule,1773,0,0,0.007332205301748449,True,0.01,0.025
2,1,29,0.0,0.0,1,propagule,1742,0,0,0.007462686567164179,True,0.01,0.025
2,1,30,0.0,0.0,1,propagule,1693,0,0,0.00767867690490254,True,0.01,0.025
2,1,31,0.0,0.0,1,propagule,1646,0,0,0.00850546780072904,True,0.01,0.025
2,1,32,0.0,0.0,1,propagule,1597,0,0,0.008766437069505322,True,0.01,0.025
2,1,33,0.0,0.0,1,propagule,1557,0,0,0.008349389852280027,True,0.01,0.025
2,1,34,0.0,0.0,1,propagule,1531,0,0,0.008491182233834096,True,0.01,0.025
2,1,35,0.0,0.0,1,propagule,1485,0,0,0.008754208754208754,True,0.01,0.025
2,1,36,0.0,0.0,1,propagule,1461,0,0,0.010951403148528405,True,0.01,0.025
2,1,37,0.0,0.0,1,propagule,1415,0,0,0.01060070671378092,True,0.01,0.025
2,1,38,0.0,0.0,1,propagule,1395,0,0,0.00931899641577061,True,0.01,0.025
2,1,39,0.0,0.0,1,propagule,1370,0,0,0.010218978102189781,True,0.01,0.025
2,1,40,0.0,0.0,1,propagule,1357,0,0,0.010316875460574797,True,0.01,0.025
2,1,41,0.0,0.0,1,propagule,1345,0,0,0.010408921933085501,True,0.01,0.025
2,1,42,0.0,0.0,1,propagule,1323,0,0,0.009826152683295541,True,0.01,0.025
2,1,43,0.0,0.0,1,propagule,1317,0,0,0.024297646165527716,True,0.01,0.025
2,1,44,0.0,0.0,1,propagule,1292,0,0,0.020123839009287926,True,0.01,0.025
2,1,45,0.0,0.0,1,propagule,1254,0,0,0.019138755980861243,True,0.01,0.025
2,1,46,0.0,0.0,1,propagule,1233,0,0,0.0186536901865369,True,0.01,0.025
2,1,47,0.0,0.0,1,propagule,1209,0,0,0.01902398676592225,True,0.01,0.025
2,1,48,0.0,0.0,1,propagule,1186,0,0,0.01770657672849916,True,0.01,0.025
2,1,49,0.0,0.0,1,propagule,1176,0,0,0.017857142857142856,True,0.01,0.025
2,1,50,0.0,0.0,1,propagule,1150,0,0,0.017391304347826087,True,0.01,0.025
2,1,51,0.0,0.0,1,propagule,1139,0,0,0.01755926251097454,True,0.01,0.025
2,1,52,0.0,0.0,1,propagule,1119,0,0,0.020554066130473638,True,0.01,0.025
2,2,1,0.0,0.0,1,propagule,1111,0,0,0.020702070207020702,True,0.01,0.025
2,2,2,0.0,0.0,1,propagule,1081,0,0,0.024051803885291396,True,0.01,0.025
2,2,3,0.0,0.0,1,propagule,1071,0,0,0.025210084033613446,True,0.01,0.025
2,2,4,0.0,0.0,1,propagule,1049,0,0,0.023832221163012392,True,0.01,0.025
2,2,5,0.0,0.0,1,propagule,1046,0,0,0.027724665391969407,True,0.01,0.025
2,2,6,0.0,0.0,1,propagule,1034,0,0,0.029980657640232108,True,0.01,0.025
2,2,7,0.0,0.0,1,propagule,1025,0,0,0.027317073170731707,True,0.01,0.025
2,2,8,0.0,0.0,1,propagule,1019,0,0,0.03434739941118744,True,0.01,0.025
2,2,9,0.0,0.0,1,propagule,1007,0,0,0.03574975173783516,True,0.01,0.025
2,2,10,0.0,0.0,1,propagule,993,0,0,0.035246727089627394,True,0.01,0.025
2,2,11,0.0,0.0,1,propagule,979,0,0,0.033707865168539325,True,0.01,0.025
2,2,12,0.0,0.0,1,propagule,956,0,0,0.03765690376569038,True,0.01,0.025
2,2,13,0.0,0.0,1,propagule,947,0,0,0.03907074973600845,True,0.01,0.025
2,2,14,0.0,0.0,1,propagule,924,0,0,0.03571428571428571,True,0.01,0.025
2,2,15,0.0,0.0,1,propagule,919,0,0,0.03808487486398259,True,0.01,0.025
2,2,16,0.0,0.0,1,propagule,909,0,0,0.0407040704070407,True,0.01,0.025
2,2,17,0.0,0.0,1,propagule,900,0,0,0.04,True,0.01,0.025
2,2,18,0.0,0.0,1,propagule,1621,0,0,0.022208513263417645,True,0.01,0.025
2,2,19,0.0,0.0,1,propagule,1585,0,0,0.02145110410094637,True,0.01,0.025
2,2,20,0.0,0.0,1,propagule,1526,0,0,0.022935779816513763,True,0.01,0.025
2,2,21,0.0,0.0,1,propagule,1470,0,0,0.02312925170068027,True,0.01,0.025
2,2,22,0.0,0.0,1,propagule,1418,0,0,0.0232722143864598,True,0.01,0.025
2,2,23,0.0,0.0,1,propagule,1403,0,0,0.022095509622238062,True,0.01,0.025
2,2,24,0.0,0.0,1,propagule,1337,0,0,0.020942408376963352,True,0.01,0.025
2,2,25,0.0,0.0,1,propagule,1324,0,0,0.02416918429003021,True,0.01,0.025
2,2,26,0.0,0.0,1,propagule,1267,0,0,0.020520915548539857,True,0.01,0.025
2,2,27,0.0,0.0,1,propagule,1237,0,0,0.019401778496362168,True,0.01,0.025
2,2,28,0.0,0.0,1,propagule,1191,0,0,0.017632241813602016,True,0.01,0.025
2,2,29,0.0,0.0,1,propagule,1154,0,0,0.01733102253032929,True,0.01,0.025
2,2,30,0.0,0.0,1,propagule,1126,0,0,0.015097690941385435,True,0.01,0.025
2,2,31,0.0,0.0,1,propagule,1094,0,0,0.016453382084095063,True,0.01,0.025
2,2,32,0.0,0.0,1,propagule,1059,0,0,0.015108593012275733,True,0.01,0.025
2,2,33,0.0,0.0,1,propagule,1036,0,0,0.015444015444015444,True,0.01,0.025
2,2,34,0.0,0.0,1,propagule,1011,0,0,0.013847675568743818,True,0.01,0.025
2,2,35,0.0,0.0,1,propagule,979,0,0,0.017364657814096015,True,0.01,0.025
2,2,36,0.0,0.0,1,propagule,952,0,0,0.017857142857142856,True,0.01,0.025
2,2,37,0.0,0.0,1,propagule,921,0,0,0.021715526601520086,True,0.01,0.025
2,2,38,0.0,0.0,1,propagule,911,0,0,0.019758507135016465,True,0.01,0.025
2,2,39,0.0,0.0,1,propagule,894,0,0,0.026845637583892617,True,0.01,0.025
2,2,40,0.0,0.0,1,propagule,864,0,0,0.020833333333333332,True,0.01,0.025
2,2,41,0.0,0.0,1,propagule,850,0,0,0.02588235294117647,True,0.01,0.025
2,2,42,0.0,0.0,1,propagule,835,0,0,0.02155688622754491,True,0.01,0.025
2,2,43,0.0,0.0,1,propagule,888,0,0,0.06756756756756757,True,0.01,0.025
2,2,44,0.0,0.0,1,propagule,875,0,0,0.061714285714285715,True,0.01,0.025
2,2,45,0.0,0.0,1,propagule,864,0,0,0.07291666666666667,True,0.01,0.025
2,2,46,0.0,0.0,1,propagule,836,0,0,0.061004784688995214,True,0.01,0.025
2,2,47,0.0,0.0,1,propagule,841,0,0,0.07728894173602854,True,0.01,0.025
2,2,48,0.0,0.0,1,propagule,824,0,0,0.07766990291262135,True,0.01,0.025
2,2,49,0.0,0.0,1,propagule,815,0,0,0.08711656441717791,True,0.01,0.025
2,2,50,0.0,0.0,1,propagule,800,0,0,0.07625,True,0.01,0.025
2,2,51,0.0,0.0,1,propagule,789,0,0,0.08365019011406843,True,0.01,0.025
2,2,52,0.0,0.0,1,propagule,775,0,0,0.08,True,0.01,0.025
2,3,1,0.0,0.0,1,propagule,770,0,0,0.09090909090909091,True,0.01,0.025
2,3,2,0.0,0.0,1,propagule,744,0,0,0.08198924731182795,True,0.01,0.025
2,3,3,0.0,0.0,1,propagule,740,0,0,0.09594594594594595,True,0.01,0.025
2,3,4,0.0,0.0,1,propagule,735,0,0,0.08979591836734693,True,0.01,0.025
2,3,5,0.0,0.0,1,propagule,722,0,0,0.09279778393351801,True,0.01,0.025
2,3,6,0.0,0.0,1,propagule,716,0,0,0.0893854748603352,True,0.01,0.025
2,3,7,0.0,0.0,1,propagule,713,0,0,0.09957924263674614,True,0.01,0.025
2,3,8,0.0,0.0,1,propagule,698,0,0,0.09742120343839542,True,0.01,0.025
2,3,9,0.0,0.0,1,propagule,696,0,0,0.11063218390804598,True,0.01,0.025
2,3,10,0.0,0.0,1,propagule,679,0,0,0.10309278350515463,True,0.01,0.025
2,3,11,0.0,0.0,1,propagule,673,0,0,0.10549777117384844,True,0.01,0.025
2,3,12,0.0,0.0,1,propagule,656,0,0,0.11280487804878049,True,0.01,0.025
2,3,13,0.0,0.0,1,propagule,656,0,0,0.10670731707317073,True,0.01,0.025
2,3,14,0.0,0.0,1,propagule,646,0,0,0.10681114551083591,True,0.01,0.025
2,3,15,0.0,0.0,1,propagule,652,0,0,0.11042944785276074,True,0.01,0.025
2,3,16,0.0,0.0,1,propagule,640,0,0,0.109375,True,0.01,0.025
2,3,17,0.0,0.0,1,propagule,635,0,0,0.11023622047244094,True,0.01,0.025
2,3,18,0.0,0.0,1,propagule,1500,0,0,0.04666666666666667,True,0.01,0.025
2,3,19,0.0,0.0,1,propagule,1460,0,0,0.045205479452054796,True,0.01,0.025
2,3,20,0.0,0.0,1,propagule,1433,0,0,0.04815073272854152,True,0.01,0.025
2,3,21,0.0,0.0,1,propagule,1393,0,0,0.04594400574300072,True,0.01,0.025
2,3,22,0.0,0.0,1,propagule,1355,0,0,0.04428044280442804,True,0.01,0.025
2,3,23,0.0,0.0,1,propagule,1298,0,0,0.04699537750385208,True,0.01,0.025
2,3,24,0.0,0.0,1,propagule,1249,0,0,0.04723779023218575,True,0.01,0.025
2,3,25,0.0,0.0,1,propagule,1229,0,0,0.04800650935720097,True,0.01,0.025
2,3,26,0.0,0.0,1,propagule,1170,0,0,0.05128205128205128,True,0.01,0.025
2,3,27,0.0,0.0,1,propagule,1145,0,0,0.04890829694323144,True,0.01,0.025
2,3,28,0.0,0.0,1,propagule,1122,0,0,0.05169340463458111,True,0.01,0.025
2,3,29,0.0,0.0,1,propagule,1097,0,0,0.053783044667274384,True,0.01,0.025
2,3,30,0.0,0.0,1,propagule,1057,0,0,0.05203405865657521,True,0.01,0.025
2,3,31,0.0,0.0,1,propagule,1022,0,0,0.05577299412915851,True,0.01,0.025
2,3,32,0.0,0.0,1,propagule,980,0,0,0.05204081632653061,True,0.01,0.025
2,3,33,0.0,0.0,1,propagule,962,0,0,0.05197505197505198,True,0.01,0.025
2,3,34,0.0,0.0,1,propagule,928,0,0,0.04956896551724138,True,0.01,0.025
2,3,35,0.0,0.0,1,propagule,905,0,0,0.051933701657458566,True,0.01,0.025
2,3,36,0.0,0.0,1,propagule,866,0,0,0.06004618937644342,True,0.01,0.025
2,3,37,0.0,0.0,1,propagule,866,0,0,0.06928406466512702,True,0.01,0.025
2,3,38,0.0,0.0,1,propagule,839,0,0,0.05959475566150179,True,0.01,0.025
2,3,39,0.0,0.0,1,propagule,831,0,0,0.06738868832731648,True,0.01,0.025
2,3,40,0.0,0.0,1,propagule,808,0,0,0.05693069306930693,True,0.01,0.025
2,3,41,0.0,0.0,1,propagule,805,0,0,0.06335403726708075,True,0.01,0.025
2,3,42,0.0,0.0,1,propagule,787,0,0,0.06607369758576874,True,0.01,0.025
2,3,43,0.0,0.0,1,propagule,819,0,0,0.09768009768009768,True,0.01,0.025
2,3,44,0.0,0.0,1,propagule,785,0,0,0.07898089171974522,True,0.01,0.025
2,3,45,0.0,0.0,1,propagule,772,0,0,0.08160621761658031,True,0.01,0.025
2,3,46,0.0,0.0,1,propagule,747,0,0,0.07764390896921017,True,0.01,0.025
2,3,47,0.0,0.0,1,propagule,754,0,0,0.08620689655172414,True,0.01,0.025
2,3,48,0.0,0.0,1,propagule,730,0,0,0.07671232876712329,True,0.01,0.025
2,3,49,0.0,0.0,1,propagule,722,0,0,0.09418282548476455,True,0.01,0.025
2,3,50,0.0,0.0,1,propagule,703,0,0,0.07965860597439545,True,0.01,0.025
2,3,51,0.0,0.0,1,propagule,702,0,0,0.09544159544159544,True,0.01,0.025
2,3,52,0.0,0.0,1,propagule,686,0,0,0.08309037900874636,True,0.01,0.025
2,4,1,0.0,0.0,1,propagule,687,0,0,0.08879184861717612,True,0.01,0.025
2,4,2,0.0,0.0,1,propagule,665,0,0,0.08270676691729323,True,0.01,0.025
2,4,3,0.0,0.0,1,propagule,655,0,0,0.08854961832061069,True,0.01,0.025
2,4,4,0.0,0.0,1,propagule,638,0,0,0.08307210031347963,True,0.01,0.025
2,4,5,0.0,0.0,1,propagule,642,0,0,0.09345794392523364,True,0.01,0.025
2,4,6,0.0,0.0,1,propagule,619,0,0,0.0840064620355412,True,0.01,0.025
2,4,7,0.0,0.0,1,propagule,626,0,0,0.09584664536741214,True,0.01,0.025
2,4,8,0.0,0.0,1,propagule,601,0,0,0.07986688851913477,True,0.01,0.025
2,4,9,0.0,0.0,1,propagule,601,0,0,0.08652246256239601,True,0.01,0.025
2,4,10,0.0,0.0,1,propagule,584,0,0,0.07876712328767123,True,0.01,0.025
2,4,11,0.0,0.0,1,propagule,576,0,0,0.08854166666666667,True,0.01,0.025
2,4,12,0.0,0.0,1,propagule,561,0,0,0.08021390374331551,True,0.01,0.025
2,4,13,0.0,0.0,1,propagule,562,0,0,0.09074733096085409,True,0.01,0.025
2,4,14,0.0,0.0,1,propagule,544,0,0,0.08088235294117647,True,0.01,0.025
2,4,15,0.0,0.0,1,propagule,544,0,0,0.09558823529411764,True,0.01,0.025
2,4,16,0.0,0.0,1,propagule,524,0,0,0.08396946564885496,True,0.01,0.025
2,4,17,0.0,0.0,1,propagule,530,0,0,0.09811320754716982,True,0.01,0.025
2,4,18,0.0,0.0,1,propagule,1058,0,0,0.04064272211720227,True,0.01,0.025
2,4,19,0.0,0.0,1,propagule,1075,0,0,0.046511627906976744,True,0.01,0.025
2,4,20,0.0,0.0,1,propagule,1018,0,0,0.04223968565815324,True,0.01,0.025
2,4,21,0.0,0.0,1,propagule,1033,0,0,0.04743465634075508,True,0.01,0.025
2,4,22,0.0,0.0,1,propagule,962,0,0,0.0395010395010395,True,0.01,0.025
2,4,23,0.0,0.0,1,propagule,968,0,0,0.047520661157024795,True,0.01,0.025
2,4,24,0.0,0.0,1,propagule,920,0,0,0.0391304347826087,True,0.01,0.025
2,4,25,0.0,0.0,1,propagule,929,0,0,0.04413347685683531,True,0.01,0.025
2,4,26,0.0,0.0,1,propagule,872,0,0,0.04128440366972477,True,0.01,0.025
2,4,27,0.0,0.0,1,propagule,869,0,0,0.04372842347525892,True,0.01,0.025
2,4,28,0.0,0.0,1,propagule,828,0,0,0.04106280193236715,True,0.01,0.025
2,4,29,0.0,0.0,1,propagule,826,0,0,0.04600484261501211,True,0.01,0.025
2,4,30,0.0,0.0,1,propagule,775,0,0,0.04129032258064516,True,0.01,0.025
2,4,31,0.0,0.0,1,propagule,764,0,0,0.04450261780104712,True,0.01,0.025
2,4,32,0.0,0.0,1,propagule,723,0,0,0.042876901798063624,True,0.01,0.025
2,4,33,0.0,0.0,1,propagule,718,0,0,0.04596100278551532,True,0.01,0.025
2,4,34,0.0,0.0,1,propagule,674,0,0,0.04154302670623145,True,0.01,0.025
2,4,35,0.0,0.0,1,propagule,674,0,0,0.04747774480712166,True,0.01,0.025
2,4,36,0.0,0.0,1,propagule,633,0,0,0.044233807266982623,True,0.01,0.025
2,4,37,0.0,0.0,1,propagule,630,0,0,0.05396825396825397,True,0.01,0.025
2,4,38,0.0,0.0,1,propagule,607,0,0,0.04942339373970346,True,0.01,0.025
2,4,39,0.0,0.0,1,propagule,604,0,0,0.056291390728476824,True,0.01,0.025
2,4,40,0.0,0.0,1,propagule,592,0,0,0.05067567567567568,True,0.01,0.025
2,4,41,0.0,0.0,1,propagule,592,0,0,0.057432432432432436,True,0.01,0.025
2,4,42,0.0,0.0,1,propagule,575,0,0,0.050434782608695654,True,0.01,0.025
2,4,43,0.0,0.0,1,propagule,662,0,0,0.12537764350453173,True,0.01,0.025
2,4,44,0.0,0.0,1,propagule,610,0,0,0.09016393442622951,True,0.01,0.025
2,4,45,0.0,0.0,1,propagule,590,0,0,0.0847457627118644,True,0.01,0.025
2,4,46,0.0,0.0,1,propagule,572,0,0,0.07692307692307693,True,0.01,0.025
2,4,47,0.0,0.0,1,propagule,571,0,0,0.09281961471103327,True,0.01,0.025
2,4,48,0.0,0.0,1,propagule,564,0,0,0.08865248226950355,True,0.01,0.025
2,4,49,0.0,0.0,1,propagule,575,0,0,0.10434782608695652,True,0.01,0.025
2,4,50,0.0,0.0,1,propagule,574,0,0,0.10452961672473868,True,0.01,0.025
2,4,51,0.0,0.0,1,propagule,567,0,0,0.10582010582010581,True,0.01,0.025
2,4,52,0.0,0.0,1,propagule,559,0,0,0.1001788908765653,True,0.01,0.025
2,5,1,0.0,0.0,1,propagule,557,0,0,0.11310592459605028,True,0.01,0.025
2,5,2,0.0,0.0,1,propagule,534,0,0,0.10486891385767791,True,0.01,0.025
2,5,3,0.0,0.0,1,propagule,519,0,0,0.10404624277456648,True,0.01,0.025
2,5,4,0.0,0.0,1,propagule,503,0,0,0.10139165009940358,True,0.01,0.025
2,5,5,0.0,0.0,1,propagule,495,0,0,0.09696969696969697,True,0.01,0.025
2,5,6,0.0,0.0,1,propagule,484,0,0,0.09710743801652892,True,0.01,0.025
2,5,7,0.0,0.0,1,propagule,480,0,0,0.09166666666666666,True,0.01,0.025
2,5,8,0.0,0.0,1,propagule,472,0,0,0.08686440677966102,True,0.01,0.025
2,5,9,0.0,0.0,1,propagule,472,0,0,0.09745762711864407,True,0.01,0.025
2,5,10,0.0,0.0,1,propagule,459,0,0,0.08714596949891068,True,0.01,0.025
2,5,11,0.0,0.0,1,propagule,460,0,0,0.09565217391304348,True,0.01,0.025
2,5,12,0.0,0.0,1,propagule,455,0,0,0.08791208791208792,True,0.01,0.025
2,5,13,0.0,0.0,1,propagule,458,0,0,0.09606986899563319,True,0.01,0.025
2,5,14,0.0,0.0,1,propagule,448,0,0,0.08705357142857142,True,0.01,0.025
2,5,15,0.0,0.0,1,propagule,445,0,0,0.09438202247191012,True,0.01,0.025
2,5,16,0.0,0.0,1,propagule,436,0,0,0.0871559633027523,True,0.01,0.025
2,5,17,0.0,0.0,1,propagule,437,0,0,0.09382151029748284,True,0.01,0.025
2,5,18,0.0,0.0,1,propagule,914,0,0,0.04157549234135667,True,0.01,0.025
2,5,19,0.0,0.0,1,propagule,900,0,0,0.04555555555555556,True,0.01,0.025
2,5,20,0.0,0.0,1,propagule,869,0,0,0.04372842347525892,True,0.01,0.025
2,5,21,0.0,0.0,1,propagule,863,0,0,0.047508690614136734,True,0.01,0.025
2,5,22,0.0,0.0,1,propagule,832,0,0,0.04567307692307692,True,0.01,0.025
2,5,23,0.0,0.0,1,propagule,822,0,0,0.051094890510948905,True,0.01,0.025
2,5,24,0.0,0.0,1,propagule,782,0,0,0.04731457800511509,True,0.01,0.025
2,5,25,0.0,0.0,1,propagule,779,0,0,0.051347881899871634,True,0.01,0.025
2,5,26,0.0,0.0,1,propagule,742,0,0,0.04716981132075472,True,0.01,0.025
2,5,27,0.0,0.0,1,propagule,742,0,0,0.04851752021563342,True,0.01,0.025
2,5,28,0.0,0.0,1,propagule,701,0,0,0.04850213980028531,True,0.01,0.025
2,5,29,0.0,0.0,1,propagule,693,0,0,0.05194805194805195,True,0.01,0.025
2,5,30,0.0,0.0,1,propagule,670,0,0,0.05223880597014925,True,0.01,0.025
2,5,31,0.0,0.0,1,propagule,660,0,0,0.05454545454545454,True,0.01,0.025
2,5,32,0.0,0.0,1,propagule,624,0,0,0.04807692307692308,True,0.01,0.025
2,5,33,0.0,0.0,1,propagule,615,0,0,0.04715447154471545,True,0.01,0.025
2,5,34,0.0,0.0,1,propagule,595,0,0,0.0453781512605042,True,0.01,0.025
2,5,35,0.0,0.0,1,propagule,591,0,0,0.049069373942470386,True,0.01,0.025
2,5,36,0.0,0.0,1,propagule,557,0,0,0.04488330341113106,True,0.01,0.025
2,5,37,0.0,0.0,1,propagule,552,0,0,0.04710144927536232,True,0.01,0.025
2,5,38,0.0,0.0,1,propagule,531,0,0,0.04331450094161959,True,0.01,0.025
2,5,39,0.0,0.0,1,propagule,526,0,0,0.051330798479087454,True,0.01,0.025
2,5,40,0.0,0.0,1,propagule,509,0,0,0.04518664047151277,True,0.01,0.025
2,5,41,0.0,0.0,1,propagule,511,0,0,0.04892367906066536,True,0.01,0.025
2,5,42,0.0,0.0,1,propagule,496,0,0,0.046370967741935484,True,0.01,0.025
2,5,43,0.0,0.0,1,propagule,548,0,0,0.09854014598540146,True,0.01,0.025
2,5,44,0.0,0.0,1,propagule,519,0,0,0.09633911368015415,True,0.01,0.025
2,5,45,0.0,0.0,1,propagule,504,0,0,0.08333333333333333,True,0.01,0.025
2,5,46,0.0,0.0,1,propagule,498,0,0,0.08835341365461848,True,0.01,0.025
2,5,47,0.0,0.0,1,propagule,496,0,0,0.09879032258064516,True,0.01,0.025
2,5,48,0.0,0.0,1,propagule,481,0,0,0.09563409563409564,True,0.01,0.025
2,5,49,0.0,0.0,1,propagule,483,0,0,0.10351966873706005,True,0.01,0.025
2,5,50,0.0,0.0,1,propagule,481,0,0,0.09563409563409564,True,0.01,0.025
2,5,51,0.0,0.0,1,propagule,470,0,0,0.10425531914893617,True,0.01,0.025
2,5,52,0.0,0.0,1,propagule,460,0,0,0.09347826086956522,True,0.01,0.025
2,6,1,0.0,0.0,1,propagule,452,0,0,0.09734513274336283,True,0.01,0.025
2,6,2,0.0,0.0,1,propagule,442,0,0,0.08823529411764706,True,0.01,0.025
2,6,3,0.0,0.0,1,propagule,443,0,0,0.09932279909706546,True,0.01,0.025
2,6,4,0.0,0.0,1,propagule,429,0,0,0.08624708624708624,True,0.01,0.025
2,6,5,0.0,0.0,1,propagule,428,0,0,0.0911214953271028,True,0.01,0.025
2,6,6,0.0,0.0,1,propagule,416,0,0,0.07932692307692307,True,0.01,0.025
2,6,7,0.0,0.0,1,propagule,408,0,0,0.0857843137254902,True,0.01,0.025
2,6,8,0.0,0.0,1,propagule,396,0,0,0.07828282828282829,True,0.01,0.025
2,6,9,0.0,0.0,1,propagule,394,0,0,0.09137055837563451,True,0.01,0.025
2,6,10,0.0,0.0,1,propagule,390,0,0,0.08461538461538462,True,0.01,0.025
2,6,11,0.0,0.0,1,propagule,386,0,0,0.08549222797927461,True,0.01,0.025
2,6,12,0.0,0.0,1,propagule,381,0,0,0.07874015748031496,True,0.01,0.025
2,6,13,0.0,0.0,1,propagule,379,0,0,0.08443271767810026,True,0.01,0.025
2,6,14,0.0,0.0,1,propagule,373,0,0,0.08310991957104558,True,0.01,0.025
2,6,15,0.0,0.0,1,propagule,369,0,0,0.08672086720867209,True,0.01,0.025
2,6,16,0.0,0.0,1,propagule,356,0,0,0.07865168539325842,True,0.01,0.025
2,6,17,0.0,0.0,1,propagule,353,0,0,0.08781869688385269,True,0.01,0.025
2,6,18,0.0,0.0,1,propagule,754,0,0,0.03580901856763926,True,0.01,0.025
2,6,19,0.0,0.0,1,propagule,746,0,0,0.04155495978552279,True,0.01,0.025
2,6,20,0.0,0.0,1,propagule,735,0,0,0.036734693877551024,True,0.01,0.025
2,6,21,0.0,0.0,1,propagule,713,0,0,0.0364656381486676,True,0.01,0.025
2,6,22,0.0,0.0,1,propagule,695,0,0,0.03597122302158273,True,0.01,0.025
2,6,23,0.0,0.0,1,propagule,665,0,0,0.03458646616541353,True,0.01,0.025
2,6,24,0.0,0.0,1,propagule,643,0,0,0.03110419906687403,True,0.01,0.025
2,6,25,0.0,0.0,1,propagule,638,0,0,0.032915360501567396,True,0.01,0.025
2,6,26,0.0,0.0,1,propagule,614,0,0,0.026058631921824105,True,0.01,0.025
2,6,27,0.0,0.0,1,propagule,584,0,0,0.02910958904109589,True,0.01,0.025
2,6,28,0.0,0.0,1,propagule,580,0,0,0.027586206896551724,True,0.01,0.025
2,6,29,0.0,0.0,1,propagule,561,0,0,0.0285204991087344,True,0.01,0.025
2,6,30,0.0,0.0,1,propagule,563,0,0,0.037300177619893425,True,0.01,0.025
2,6,31,0.0,0.0,1,propagule,539,0,0,0.03153988868274583,True,0.01,0.025
2,6,32,0.0,0.0,1,propagule,536,0,0,0.03917910447761194,True,0.01,0.025
2,6,33,0.0,0.0,1,propagule,513,0,0,0.03508771929824561,True,0.01,0.025
2,6,34,0.0,0.0,1,propagule,517,0,0,0.04061895551257253,True,0.01,0.025
2,6,35,0.0,0.0,1,propagule,487,0,0,0.030800821355236138,True,0.01,0.025
2,6,36,0.0,0.0,1,propagule,481,0,0,0.037422037422037424,True,0.01,0.025
2,6,37,0.0,0.0,1,propagule,457,0,0,0.0350109409190372,True,0.01,0.025
2,6,38,0.0,0.0,1,propagule,464,0,0,0.04310344827586207,True,0.01,0.025
2,6,39,0.0,0.0,1,propagule,448,0,0,0.044642857142857144,True,0.01,0.025
2,6,40,0.0,0.0,1,propagule,455,0,0,0.05274725274725275,True,0.01,0.025
2,6,41,0.0,0.0,1,propagule,439,0,0,0.04783599088838269,True,0.01,0.025
2,6,42,0.0,0.0,1,propagule,434,0,0,0.059907834101382486,True,0.01,0.025
2,6,43,0.0,0.0,1,propagule,481,0,0,0.12474012474012475,True,0.01,0.025
2,6,44,0.0,0.0,1,propagule,444,0,0,0.09009009009009009,True,0.01,0.025
2,6,45,0.0,0.0,1,propagule,421,0,0,0.07600950118764846,True,0.01,0.025
2,6,46,0.0,0.0,1,propagule,404,0,0,0.06930693069306931,True,0.01,0.025
2,6,47,0.0,0.0,1,propagule,401,0,0,0.07231920199501247,True,0.01,0.025
2,6,48,0.0,0.0,1,propagule,400,0,0,0.0725,True,0.01,0.025
2,6,49,0.0,0.0,1,propagule,391,0,0,0.0741687979539642,True,0.01,0.025
2,6,50,0.0,0.0,1,propagule,381,0,0,0.07086614173228346,True,0.01,0.025
2,6,51,0.0,0.0,1,propagule,378,0,0,0.06878306878306878,True,0.01,0.025
2,6,52,0.0,0.0,1,propagule,369,0,0,0.07317073170731707,True,0.01,0.025
2,7,1,0.0,0.0,1,propagule,378,0,0,0.082010582010582,True,0.01,0.025
2,7,2,0.0,0.0,1,propagule,365,0,0,0.08493150684931507,True,0.01,0.025
2,7,3,0.0,0.0,1,propagule,363,0,0,0.08264462809917356,True,0.01,0.025
2,7,4,0.0,0.0,1,propagule,355,0,0,0.08169014084507042,True,0.01,0.025
2,7,5,0.0,0.0,1,propagule,354,0,0,0.0847457627118644,True,0.01,0.025
2,7,6,0.0,0.0,1,propagule,335,0,0,0.08656716417910448,True,0.01,0.025
2,7,7,0.0,0.0,1,propagule,327,0,0,0.07339449541284404,True,0.01,0.025
2,7,8,0.0,0.0,1,propagule,324,0,0,0.07716049382716049,True,0.01,0.025
2,7,9,0.0,0.0,1,propagule,312,0,0,0.07692307692307693,True,0.01,0.025
2,7,10,0.0,0.0,1,propagule,310,0,0,0.08064516129032258,True,0.01,0.025
2,7,11,0.0,0.0,1,propagule,303,0,0,0.07590759075907591,True,0.01,0.025
2,7,12,0.0,0.0,1,propagule,304,0,0,0.08223684210526316,True,0.01,0.025
2,7,13,0.0,0.0,1,propagule,299,0,0,0.0802675585284281,True,0.01,0.025
2,7,14,0.0,0.0,1,propagule,300,0,0,0.08,True,0.01,0.025
2,7,15,0.0,0.0,1,propagule,300,0,0,0.08333333333333333,True,0.01,0.025
2,7,16,0.0,0.0,1,propagule,292,0,0,0.0821917808219178,True,0.01,0.025
2,7,17,0.0,0.0,1,propagule,293,0,0,0.08532423208191127,True,0.01,0.025
2,7,18,0.0,0.0,1,propagule,646,0,0,0.034055727554179564,True,0.01,0.025
2,7,19,0.0,0.0,1,propagule,628,0,0,0.030254777070063694,True,0.01,0.025
2,7,20,0.0,0.0,1,propagule,596,0,0,0.031879194630872486,True,0.01,0.025
2,7,21,0.0,0.0,1,propagule,594,0,0,0.03367003367003367,True,0.01,0.025
2,7,22,0.0,0.0,1,propagule,570,0,0,0.02982456140350877,True,0.01,0.025
2,7,23,0.0,0.0,1,propagule,580,0,0,0.034482758620689655,True,0.01,0.025
2,7,24,0.0,0.0,1,propagule,539,0,0,0.029684601113172542,True,0.01,0.025
2,7,25,0.0,0.0,1,propagule,525,0,0,0.02857142857142857,True,0.01,0.025
2,7,26,0.0,0.0,1,propagule,499,0,0,0.03006012024048096,True,0.01,0.025
2,7,27,0.0,0.0,1,propagule,492,0,0,0.032520325203252036,True,0.01,0.025
2,7,28,0.0,0.0,1,propagule,467,0,0,0.027837259100642397,True,0.01,0.025
2,7,29,0.0,0.0,1,propagule,465,0,0,0.023655913978494623,True,0.01,0.025
2,7,30,0.0,0.0,1,propagule,438,0,0,0.0273972602739726,True,0.01,0.025
2,7,31,0.0,0.0,1,propagule,444,0,0,0.02702702702702703,True,0.01,0.025
2,7,32,0.0,0.0,1,propagule,422,0,0,0.02843601895734597,True,0.01,0.025
2,7,33,0.0,0.0,1,propagule,428,0,0,0.037383177570093455,True,0.01,0.025
2,7,34,0.0,0.0,1,propagule,405,0,0,0.027160493827160494,True,0.01,0.025
2,7,35,0.0,0.0,1,propagule,408,0,0,0.031862745098039214,True,0.01,0.025
2,7,36,0.0,0.0,1,propagule,396,0,0,0.03282828282828283,True,0.01,0.025
2,7,37,0.0,0.0,1,propagule,382,0,0,0.028795811518324606,True,0.01,0.025
2,7,38,0.0,0.0,1,propagule,372,0,0,0.02956989247311828,True,0.01,0.025
2,7,39,0.0,0.0,1,propagule,372,0,0,0.02956989247311828,True,0.01,0.025
2,7,40,0.0,0.0,1,propagule,370,0,0,0.03513513513513514,True,0.01,0.025
2,7,41,0.0,0.0,1,propagule,365,0,0,0.030136986301369864,True,0.01,0.025
2,7,42,0.0,0.0,1,propagule,358,0,0,0.036312849162011177,True,0.01,0.025
2,7,43,0.0,0.0,1,propagule,415,0,0,0.09879518072289156,True,0.01,0.025
2,7,44,0.0,0.0,1,propagule,394,0,0,0.07868020304568528,True,0.01,0.025
2,7,45,0.0,0.0,1,propagule,376,0,0,0.07446808510638298,True,0.01,0.025
2,7,46,0.0,0.0,1,propagule,358,0,0,0.061452513966480445,True,0.01,0.025
2,7,47,0.0,0.0,1,propagule,350,0,0,0.06,True,0.01,0.025
2,7,48,0.0,0.0,1,propagule,344,0,0,0.06976744186046512,True,0.01,0.025
2,7,49,0.0,0.0,1,propagule,337,0,0,0.06824925816023739,True,0.01,0.025
2,7,50,0.0,0.0,1,propagule,330,0,0,0.06060606060606061,True,0.01,0.025
2,7,51,0.0,0.0,1,propagule,332,0,0,0.07228915662650602,True,0.01,0.025
2,7,52,0.0,0.0,1,propagule,320,0,0,0.0625,True,0.01,0.025
2,8,1,0.0,0.0,1,propagule,323,0,0,0.07430340557275542,True,0.01,0.025
2,8,2,0.0,0.0,1,propagule,319,0,0,0.06896551724137931,True,0.01,0.025
2,8,3,0.0,0.0,1,propagule,318,0,0,0.07547169811320754,True,0.01,0.025
2,8,4,0.0,0.0,1,propagule,313,0,0,0.07348242811501597,True,0.01,0.025
2,8,5,0.0,0.0,1,propagule,308,0,0,0.07467532467532467,True,0.01,0.025
2,8,6,0.0,0.0,1,propagule,305,0,0,0.07213114754098361,True,0.01,0.025
2,8,7,0.0,0.0,1,propagule,301,0,0,0.07973421926910298,True,0.01,0.025
2,8,8,0.0,0.0,1,propagule,297,0,0,0.07407407407407407,True,0.01,0.025
2,8,9,0.0,0.0,1,propagule,289,0,0,0.07958477508650519,True,0.01,0.025
2,8,10,0.0,0.0,1,propagule,286,0,0,0.07692307692307693,True,0.01,0.025
2,8,11,0.0,0.0,1,propagule,284,0,0,0.08098591549295775,True,0.01,0.025
2,8,12,0.0,0.0,1,propagule,284,0,0,0.07394366197183098,True,0.01,0.025
2,8,13,0.0,0.0,1,propagule,280,0,0,0.07857142857142857,True,0.01,0.025
2,8,14,0.0,0.0,1,propagule,280,0,0,0.08214285714285714,True,0.01,0.025
2,8,15,0.0,0.0,1,propagule,273,0,0,0.08058608058608059,True,0.01,0.025
2,8,16,0.0,0.0,1,propagule,274,0,0,0.08394160583941605,True,0.01,0.025
2,8,17,0.0,0.0,1,propagule,269,0,0,0.07806691449814127,True,0.01,0.025
2,8,18,0.0,0.0,1,propagule,629,0,0,0.034976152623211444,True,0.01,0.025
2,8,19,0.0,0.0,1,propagule,621,0,0,0.033816425120772944,True,0.01,0.025
2,8,20,0.0,0.0,1,propagule,591,0,0,0.03722504230118443,True,0.01,0.025
2,8,21,0.0,0.0,1,propagule,576,0,0,0.036458333333333336,True,0.01,0.025
2,8,22,0.0,0.0,1,propagule,563,0,0,0.03907637655417407,True,0.01,0.025
2,8,23,0.0,0.0,1,propagule,543,0,0,0.040515653775322284,True,0.01,0.025
2,8,24,0.0,0.0,1,propagule,539,0,0,0.04267161410018553,True,0.01,0.025
2,8,25,0.0,0.0,1,propagule,514,0,0,0.042801556420233464,True,0.01,0.025
2,8,26,0.0,0.0,1,propagule,496,0,0,0.046370967741935484,True,0.01,0.025
2,8,27,0.0,0.0,1,propagule,482,0,0,0.04564315352697095,True,0.01,0.025
2,8,28,0.0,0.0,1,propagule,457,0,0,0.045951859956236324,True,0.01,0.025
2,8,29,0.0,0.0,1,propagule,447,0,0,0.04697986577181208,True,0.01,0.025
2,8,30,0.0,0.0,1,propagule,435,0,0,0.04367816091954023,True,0.01,0.025
2,8,31,0.0,0.0,1,propagule,438,0,0,0.04794520547945205,True,0.01,0.025
2,8,32,0.0,0.0,1,propagule,418,0,0,0.04066985645933014,True,0.01,0.025
2,8,33,0.0,0.0,1,propagule,409,0,0,0.04645476772616137,True,0.01,0.025
2,8,34,0.0,0.0,1,propagule,398,0,0,0.04020100502512563,True,0.01,0.025
2,8,35,0.0,0.0,1,propagule,410,0,0,0.04878048780487805,True,0.01,0.025
2,8,36,0.0,0.0,1,propagule,385,0,0,0.04155844155844156,True,0.01,0.025
2,8,37,0.0,0.0,1,propagule,389,0,0,0.05398457583547558,True,0.01,0.025
2,8,38,0.0,0.0,1,propagule,366,0,0,0.040983606557377046,True,0.01,0.025
2,8,39,0.0,0.0,1,propagule,373,0,0,0.064343163538874,True,0.01,0.025
2,8,40,0.0,0.0,1,propagule,352,0,0,0.03977272727272727,True,0.01,0.025
2,8,41,0.0,0.0,1,propagule,363,0,0,0.06611570247933884,True,0.01,0.025
2,8,42,0.0,0.0,1,propagule,341,0,0,0.04105571847507331,True,0.01,0.025
2,8,43,0.0,0.0,1,propagule,378,0,0,0.10582010582010581,True,0.01,0.025
2,8,44,0.0,0.0,1,propagule,353,0,0,0.08498583569405099,True,0.01,0.025
2,8,45,0.0,0.0,1,propagule,349,0,0,0.08022922636103152,True,0.01,0.025
2,8,46,0.0,0.0,1,propagule,336,0,0,0.07142857142857142,True,0.01,0.025
2,8,47,0.0,0.0,1,propagule,322,0,0,0.07453416149068323,True,0.01,0.025
2,8,48,0.0,0.0,1,propagule,316,0,0,0.06962025316455696,True,0.01,0.025
2,8,49,0.0,0.0,1,propagule,309,0,0,0.07766990291262135,True,0.01,0.025
2,8,50,0.0,0.0,1,propagule,310,0,0,0.08709677419354839,True,0.01,0.025
2,8,51,0.0,0.0,1,propagule,301,0,0,0.08305647840531562,True,0.01,0.025
2,8,52,0.0,0.0,1,propagule,302,0,0,0.08609271523178808,True,0.01,0.025
2,9,1,0.0,0.0,1,propagule,295,0,0,0.0847457627118644,True,0.01,0.025
2,9,2,0.0,0.0,1,propagule,294,0,0,0.08503401360544217,True,0.01,0.025
2,9,3,0.0,0.0,1,propagule,285,0,0,0.08421052631578947,True,0.01,0.025
2,9,4,0.0,0.0,1,propagule,285,0,0,0.08070175438596491,True,0.01,0.025
2,9,5,0.0,0.0,1,propagule,277,0,0,0.07220216606498195,True,0.01,0.025
2,9,6,0.0,0.0,1,propagule,273,0,0,0.08058608058608059,True,0.01,0.025
2,9,7,0.0,0.0,1,propagule,271,0,0,0.07749077490774908,True,0.01,0.025
2,9,8,0.0,0.0,1,propagule,267,0,0,0.08239700374531835,True,0.01,0.025
2,9,9,0.0,0.0,1,propagule,260,0,0,0.08461538461538462,True,0.01,0.025
2,9,10,0.0,0.0,1,propagule,253,0,0,0.07509881422924901,True,0.01,0.025
2,9,11,0.0,0.0,1,propagule,251,0,0,0.0796812749003984,True,0.01,0.025
2,9,12,0.0,0.0,1,propagule,249,0,0,0.08433734939759036,True,0.01,0.025
2,9,13,0.0,0.0,1,propagule,244,0,0,0.0778688524590164,True,0.01,0.025
2,9,14,0.0,0.0,1,propagule,237,0,0,0.0759493670886076,True,0.01,0.025
2,9,15,0.0,0.0,1,propagule,239,0,0,0.08368200836820083,True,0.01,0.025
2,9,16,0.0,0.0,1,propagule,231,0,0,0.08225108225108226,True,0.01,0.025
2,9,17,0.0,0.0,1,propagule,233,0,0,0.08583690987124463,True,0.01,0.025
2,9,18,0.0,0.0,1,propagule,446,0,0,0.04035874439461883,True,0.01,0.025
2,9,19,0.0,0.0,1,propagule,455,0,0,0.04395604395604396,True,0.01,0.025
2,9,20,0.0,0.0,1,propagule,429,0,0,0.04195804195804196,True,0.01,0.025
2,9,21,0.0,0.0,1,propagule,425,0,0,0.04,True,0.01,0.025
2,9,22,0.0,0.0,1,propagule,407,0,0,0.036855036855036855,True,0.01,0.025
2,9,23,0.0,0.0,1,propagule,412,0,0,0.0412621359223301,True,0.01,0.025
2,9,24,0.0,0.0,1,propagule,398,0,0,0.04271356783919598,True,0.01,0.025
2,9,25,0.0,0.0,1,propagule,395,0,0,0.04810126582278481,True,0.01,0.025
2,9,26,0.0,0.0,1,propagule,373,0,0,0.045576407506702415,True,0.01,0.025
2,9,27,0.0,0.0,1,propagule,381,0,0,0.04461942257217848,True,0.01,0.025
2,9,28,0.0,0.0,1,propagule,362,0,0,0.04419889502762431,True,0.01,0.025
2,9,29,0.0,0.0,1,propagule,366,0,0,0.040983606557377046,True,0.01,0.025
2,9,30,0.0,0.0,1,propagule,344,0,0,0.0436046511627907,True,0.01,0.025
2,9,31,0.0,0.0,1,propagule,353,0,0,0.039660056657223795,True,0.01,0.025
2,9,32,0.0,0.0,1,propagule,336,0,0,0.050595238095238096,True,0.01,0.025
2,9,33,0.0,0.0,1,propagule,331,0,0,0.045317220543806644,True,0.01,0.025
2,9,34,0.0,0.0,1,propagule,313,0,0,0.04792332268370607,True,0.01,0.025
2,9,35,0.0,0.0,1,propagule,302,0,0,0.052980132450331126,True,0.01,0.025
2,9,36,0.0,0.0,1,propagule,279,0,0,0.05017921146953405,True,0.01,0.025
2,9,37,0.0,0.0,1,propagule,287,0,0,0.05574912891986063,True,0.01,0.025
2,9,38,0.0,0.0,1,propagule,272,0,0,0.0625,True,0.01,0.025
2,9,39,0.0,0.0,1,propagule,280,0,0,0.075,True,0.01,0.025
2,9,40,0.0,0.0,1,propagule,260,0,0,0.06153846153846154,True,0.01,0.025
2,9,41,0.0,0.0,1,propagule,270,0,0,0.08148148148148149,True,0.01,0.025
2,9,42,0.0,0.0,1,propagule,249,0,0,0.0642570281124498,True,0.01,0.025
2,9,43,0.0,0.0,1,propagule,308,0,0,0.1396103896103896,True,0.01,0.025
2,9,44,0.0,0.0,1,propagule,284,0,0,0.11971830985915492,True,0.01,0.025
2,9,45,0.0,0.0,1,propagule,272,0,0,0.1213235294117647,True,0.01,0.025
2,9,46,0.0,0.0,1,propagule,254,0,0,0.1062992125984252,True,0.01,0.025
2,9,47,0.0,0.0,1,propagule,248,0,0,0.10483870967741936,True,0.01,0.025
2,9,48,0.0,0.0,1,propagule,243,0,0,0.09876543209876543,True,0.01,0.025
2,9,49,0.0,0.0,1,propagule,242,0,0,0.10330578512396695,True,0.01,0.025
2,9,50,0.0,0.0,1,propagule,235,0,0,0.09787234042553192,True,0.01,0.025
2,9,51,0.0,0.0,1,propagule,240,0,0,0.11666666666666667,True,0.01,0.025
2,9,52,0.0,0.0,1,propagule,228,0,0,0.10526315789473684,True,0.01,0.025
2,10,1,0.0,0.0,1,propagule,233,0,0,0.12017167381974249,True,0.01,0.025
2,10,2,0.0,0.0,1,propagule,224,0,0,0.10714285714285714,True,0.01,0.025
2,10,3,0.0,0.0,1,propagule,228,0,0,0.12280701754385964,True,0.01,0.025
2,10,4,0.0,0.0,1,propagule,220,0,0,0.11363636363636363,True,0.01,0.025
2,10,5,0.0,0.0,1,propagule,224,0,0,0.12053571428571429,True,0.01,0.025
2,10,6,0.0,0.0,1,propagule,224,0,0,0.12053571428571429,True,0.01,0.025
2,10,7,0.0,0.0,1,propagule,224,0,0,0.11607142857142858,True,0.01,0.025
2,10,8,0.0,0.0,1,propagule,220,0,0,0.12727272727272726,True,0.01,0.025
2,10,9,0.0,0.0,1,propagule,220,0,0,0.12272727272727273,True,0.01,0.025
2,10,10,0.0,0.0,1,propagule,218,0,0,0.12844036697247707,True,0.01,0.025
2,10,11,0.0,0.0,1,propagule,214,0,0,0.12149532710280374,True,0.01,0.025
2,10,12,0.0,0.0,1,propagule,209,0,0,0.11961722488038277,True,0.01,0.025
2,10,13,0.0,0.0,1,propagule,212,0,0,0.12264150943396226,True,0.01,0.025
2,10,14,0.0,0.0,1,propagule,208,0,0,0.1201923076923077,True,0.01,0.025
2,10,15,0.0,0.0,1,propagule,210,0,0,0.13333333333333333,True,0.01,0.025
2,10,16,0.0,0.0,1,propagule,203,0,0,0.12807881773399016,True,0.01,0.025
2,10,17,0.0,0.0,1,propagule,205,0,0,0.13170731707317074,True,0.01,0.025
2,10,18,0.0,0.0,1,propagule,471,0,0,0.050955414012738856,True,0.01,0.025
2,10,19,0.0,0.0,1,propagule,463,0,0,0.05399568034557235,True,0.01,0.025
2,10,20,0.0,0.0,1,propagule,452,0,0,0.05309734513274336,True,0.01,0.025
2,10,21,0.0,0.0,1,propagule,433,0,0,0.05542725173210162,True,0.01,0.025
2,10,22,0.0,0.0,1,propagule,420,0,0,0.05714285714285714,True,0.01,0.025
2,10,23,0.0,0.0,1,propagule,402,0,0,0.05970149253731343,True,0.01,0.025
2,10,24,0.0,0.0,1,propagule,396,0,0,0.06060606060606061,True,0.01,0.025
2,10,25,0.0,0.0,1,propagule,384,0,0,0.057291666666666664,True,0.01,0.025
2,10,26,0.0,0.0,1,propagule,382,0,0,0.060209424083769635,True,0.01,0.025
2,10,27,0.0,0.0,1,propagule,364,0,0,0.0521978021978022,True,0.01,0.025
2,10,28,0.0,0.0,1,propagule,366,0,0,0.06557377049180328,True,0.01,0.025
2,10,29,0.0,0.0,1,propagule,314,0,0,0.054140127388535034,True,0.01,0.025
2,10,30,0.0,0.0,1,propagule,301,0,0,0.0664451827242525,True,0.01,0.025
2,10,31,0.0,0.0,1,propagule,286,0,0,0.06293706293706294,True,0.01,0.025
2,10,32,0.0,0.0,1,propagule,290,0,0,0.06206896551724138,True,0.01,0.025
2,10,33,0.0,0.0,1,propagule,265,0,0,0.05660377358490566,True,0.01,0.025
2,10,34,0.0,0.0,1,propagule,272,0,0,0.06985294117647059,True,0.01,0.025
2,10,35,0.0,0.0,1,propagule,253,0,0,0.05928853754940711,True,0.01,0.025
2,10,36,0.0,0.0,1,propagule,260,0,0,0.07307692307692308,True,0.01,0.025
2,10,37,0.0,0.0,1,propagule,245,0,0,0.061224489795918366,True,0.01,0.025
2,10,38,0.0,0.0,1,propagule,256,0,0,0.078125,True,0.01,0.025
2,10,39,0.0,0.0,1,propagule,238,0,0,0.06302521008403361,True,0.01,0.025
2,10,40,0.0,0.0,1,propagule,246,0,0,0.08130081300813008,True,0.01,0.025
2,10,41,0.0,0.0,1,propagule,232,0,0,0.06465517241379311,True,0.01,0.025
2,10,42,0.0,0.0,1,propagule,242,0,0,0.08264462809917356,True,0.01,0.025
2,10,43,0.0,0.0,1,propagule,246,0,0,0.14634146341463414,True,0.01,0.025
2,10,44,0.0,0.0,1,propagule,242,0,0,0.128099173553719,True,0.01,0.025
2,10,45,0.0,0.0,1,propagule,225,0,0,0.10222222222222223,True,0.01,0.025
2,10,46,0.0,0.0,1,propagule,226,0,0,0.10619469026548672,True,0.01,0.025
2,10,47,0.0,0.0,1,propagule,222,0,0,0.09009009009009009,True,0.01,0.025
2,10,48,0.0,0.0,1,propagule,222,0,0,0.11261261261261261,True,0.01,0.025
2,10,49,0.0,0.0,1,propagule,215,0,0,0.08837209302325581,True,0.01,0.025
2,10,50,0.0,0.0,1,propagule,220,0,0,0.11363636363636363,True,0.01,0.025
2,10,51,0.0,0.0,1,propagule,212,0,0,0.08962264150943396,True,0.01,0.025
2,10,52,0.0,0.0,1,propagule,213,0,0,0.11267605633802817,True,0.01,0.025
3,1,1,0.0,0.0,1,propagule,995,0,0,0.0,True,0.001,0.015
3,1,2,0.0,0.0,1,propagule,999,0,0,0.0,True,0.001,0.015
3,1,3,0.0,0.0,1,propagule,982,0,0,0.0010183299389002036,True,0.001,0.015
3,1,4,0.0,0.0,1,propagule,986,0,0,0.0030425963488843813,True,0.001,0.015
3,1,5,0.0,0.0,1,propagule,982,0,0,0.0050916496945010185,True,0.001,0.015
3,1,6,0.0,0.0,1,propagule,998,0,0,0.004008016032064128,True,0.001,0.015
3,1,7,0.0,0.0,1,propagule,974,0,0,0.00513347022587269,True,0.001,0.015
3,1,8,0.0,0.0,1,propagule,956,0,0,0.0041841004184100415,True,0.001,0.015
3,1,9,0.0,0.0,1,propagule,946,0,0,0.005285412262156448,True,0.001,0.015
3,1,10,0.0,0.0,1,propagule,934,0,0,0.004282655246252677,True,0.001,0.015
3,1,11,0.0,0.0,1,propagule,927,0,0,0.005393743257820928,True,0.001,0.015
3,1,12,0.0,0.0,1,propagule,911,0,0,0.0043907793633369925,True,0.001,0.015
3,1,13,0.0,0.0,1,propagule,912,0,0,0.005482456140350877,True,0.001,0.015
3,1,14,0.0,0.0,1,propagule,900,0,0,0.0044444444444444444,True,0.001,0.015
3,1,15,0.0,0.0,1,propagule,900,0,0,0.005555555555555556,True,0.001,0.015
3,1,16,0.0,0.0,1,propagule,899,0,0,0.004449388209121246,True,0.001,0.015
3,1,17,0.0,0.0,1,propagule,887,0,0,0.005636978579481398,True,0.001,0.015
3,1,18,0.0,0.0,1,propagule,2492,0,0,0.0020064205457463883,True,0.001,0.015
3,1,19,0.0,0.0,1,propagule,2431,0,0,0.0020567667626491155,True,0.001,0.015
3,1,20,0.0,0.0,1,propagule,2367,0,0,0.0021123785382340513,True,0.001,0.015
3,1,21,0.0,0.0,1,propagule,2325,0,0,0.002150537634408602,True,0.001,0.015
3,1,22,0.0,0.0,1,propagule,2260,0,0,0.0022123893805309734,True,0.001,0.015
3,1,23,0.0,0.0,1,propagule,2196,0,0,0.002276867030965392,True,0.001,0.015
3,1,24,0.0,0.0,1,propagule,2169,0,0,0.002305209774089442,True,0.001,0.015
3,1,25,0.0,0.0,1,propagule,2151,0,0,0.0023245002324500234,True,0.001,0.015
3,1,26,0.0,0.0,1,propagule,2098,0,0,0.002859866539561487,True,0.001,0.015
3,1,27,0.0,0.0,1,propagule,2089,0,0,0.003350885591191958,True,0.001,0.015
3,1,28,0.0,0.0,1,propagule,2087,0,0,0.004791566842357451,True,0.001,0.015
3,1,29,0.0,0.0,1,propagule,2037,0,0,0.003436426116838488,True,0.001,0.015
3,1,30,0.0,0.0,1,propagule,2039,0,0,0.005394801373222168,True,0.001,0.015
3,1,31,0.0,0.0,1,propagule,1965,0,0,0.004071246819338422,True,0.001,0.015
3,1,32,0.0,0.0,1,propagule,1999,0,0,0.005502751375687844,True,0.001,0.015
3,1,33,0.0,0.0,1,propagule,1924,0,0,0.005717255717255718,True,0.001,0.015
3,1,34,0.0,0.0,1,propagule,1932,0,0,0.005693581780538302,True,0.001,0.015
3,1,35,0.0,0.0,1,propagule,1867,0,0,0.0058918050348152114,True,0.001,0.015
3,1,36,0.0,0.0,1,propagule,1871,0,0,0.010689470871191877,True,0.001,0.015
3,1,37,0.0,0.0,1,propagule,1806,0,0,0.009413067552602437,True,0.001,0.015
3,1,38,0.0,0.0,1,propagule,1806,0,0,0.013289036544850499,True,0.001,0.015
3,1,39,0.0,0.0,1,propagule,1761,0,0,0.011357183418512209,True,0.001,0.015
3,1,40,0.0,0.0,1,propagule,1768,0,0,0.015271493212669683,True,0.001,0.015
3,1,41,0.0,0.0,1,propagule,1773,0,0,0.016356457980823462,True,0.001,0.015
3,1,42,0.0,0.0,1,propagule,1756,0,0,0.015945330296127564,True,0.001,0.015
3,1,43,0.0,0.0,1,propagule,1799,0,0,0.03724291272929405,True,0.001,0.015
3,1,44,0.0,0.0,1,propagule,1746,0,0,0.030927835051546393,True,0.001,0.015
3,1,45,0.0,0.0,1,propagule,1713,0,0,0.02626970227670753,True,0.001,0.015
3,1,46,0.0,0.0,1,propagule,1693,0,0,0.02598936798582398,True,0.001,0.015
3,1,47,0.0,0.0,1,propagule,1656,0,0,0.02355072463768116,True,0.001,0.015
3,1,48,0.0,0.0,1,propagule,1678,0,0,0.032777115613825986,True,0.001,0.015
3,1,49,0.0,0.0,1,propagule,1621,0,0,0.024059222702035782,True,0.001,0.015
3,1,50,0.0,0.0,1,propagule,1647,0,0,0.03217972070431087,True,0.001,0.015
3,1,51,0.0,0.0,1,propagule,1604,0,0,0.026184538653366583,True,0.001,0.015
3,1,52,0.0,0.0,1,propagule,1587,0,0,0.029615626969124134,True,0.001,0.015
3,2,1,0.0,0.0,1,propagule,1602,0,0,0.03620474406991261,True,0.001,0.015
3,2,2,0.0,0.0,1,propagule,1582,0,0,0.038558786346396964,True,0.001,0.015
3,2,3,0.0,0.0,1,propagule,1576,0,0,0.038705583756345176,True,0.001,0.015
3,2,4,0.0,0.0,1,propagule,1561,0,0,0.044202434336963484,True,0.001,0.015
3,2,5,0.0,0.0,1,propagule,1535,0,0,0.040390879478827364,True,0.001,0.015
3,2,6,0.0,0.0,1,propagule,1516,0,0,0.040237467018469655,True,0.001,0.015
3,2,7,0.0,0.0,1,propagule,1508,0,0,0.03912466843501326,True,0.001,0.015
3,2,8,0.0,0.0,1,propagule,1503,0,0,0.039254823685961414,True,0.001,0.015
3,2,9,0.0,0.0,1,propagule,1496,0,0,0.03943850267379679,True,0.001,0.015
3,2,10,0.0,0.0,1,propagule,1469,0,0,0.04084411164057182,True,0.001,0.015
3,2,11,0.0,0.0,1,propagule,1474,0,0,0.045454545454545456,True,0.001,0.015
3,2,12,0.0,0.0,1,propagule,1434,0,0,0.042538354253835425,True,0.001,0.015
3,2,13,0.0,0.0,1,propagule,1433,0,0,0.0418702023726448,True,0.001,0.015
3,2,14,0.0,0.0,1,propagule,1407,0,0,0.03980099502487562,True,0.001,0.015
3,2,15,0.0,0.0,1,propagule,1412,0,0,0.04036827195467422,True,0.001,0.015
3,2,16,0.0,0.0,1,propagule,1384,0,0,0.04046242774566474,True,0.001,0.015
3,2,17,0.0,0.0,1,propagule,1381,0,0,0.041274438812454746,True,0.001,0.015
3,2,18,0.0,0.0,1,propagule,2487,0,0,0.02332127060715722,True,0.001,0.015
3,2,19,0.0,0.0,1,propagule,2478,0,0,0.024213075060532687,True,0.001,0.015
3,2,20,0.0,0.0,1,propagule,2354,0,0,0.020390824129141887,True,0.001,0.015
3,2,21,0.0,0.0,1,propagule,2325,0,0,0.01978494623655914,True,0.001,0.015
3,2,22,0.0,0.0,1,propagule,2283,0,0,0.019272886552781428,True,0.001,0.015
3,2,23,0.0,0.0,1,propagule,2278,0,0,0.02019315188762072,True,0.001,0.015
3,2,24,0.0,0.0,1,propagule,2176,0,0,0.02022058823529412,True,0.001,0.015
3,2,25,0.0,0.0,1,propagule,2176,0,0,0.022058823529411766,True,0.001,0.015
3,2,26,0.0,0.0,1,propagule,2127,0,0,0.021156558533145273,True,0.001,0.015
3,2,27,0.0,0.0,1,propagule,2128,0,0,0.022086466165413533,True,0.001,0.015
3,2,28,0.0,0.0,1,propagule,2090,0,0,0.020095693779904306,True,0.001,0.015
3,2,29,0.0,0.0,1,propagule,2051,0,0,0.021940516821062895,True,0.001,0.015
3,2,30,0.0,0.0,1,propagule,2017,0,0,0.02330193356470005,True,0.001,0.015
3,2,31,0.0,0.0,1,propagule,1990,0,0,0.021608040201005024,True,0.001,0.015
3,2,32,0.0,0.0,1,propagule,2008,0,0,0.023406374501992032,True,0.001,0.015
3,2,33,0.0,0.0,1,propagule,2003,0,0,0.024463305042436344,True,0.001,0.015
3,2,34,0.0,0.0,1,propagule,1954,0,0,0.022517911975435005,True,0.001,0.015
3,2,35,0.0,0.0,1,propagule,1948,0,0,0.022587268993839837,True,0.001,0.015
3,2,36,0.0,0.0,1,propagule,1942,0,0,0.03038105046343975,True,0.001,0.015
3,2,37,0.0,0.0,1,propagule,1894,0,0,0.030623020063357972,True,0.001,0.015
3,2,38,0.0,0.0,1,propagule,1881,0,0,0.030303030303030304,True,0.001,0.015
3,2,39,0.0,0.0,1,propagule,1849,0,0,0.027582477014602487,True,0.001,0.015
3,2,40,0.0,0.0,1,propagule,1834,0,0,0.03380588876772083,True,0.001,0.015
3,2,41,0.0,0.0,1,propagule,1808,0,0,0.030420353982300884,True,0.001,0.015
3,2,42,0.0,0.0,1,propagule,1781,0,0,0.033688938798427846,True,0.001,0.015
3,2,43,0.0,0.0,1,propagule,1934,0,0,0.0734229576008273,True,0.001,0.015
3,2,44,0.0,0.0,1,propagule,1835,0,0,0.05395095367847411,True,0.001,0.015
3,2,45,0.0,0.0,1,propagule,1790,0,0,0.048044692737430165,True,0.001,0.015
3,2,46,0.0,0.0,1,propagule,1751,0,0,0.047972587093089665,True,0.001,0.015
3,2,47,0.0,0.0,1,propagule,1724,0,0,0.04988399071925754,True,0.001,0.015
3,2,48,0.0,0.0,1,propagule,1671,0,0,0.04727707959305805,True,0.001,0.015
3,2,49,0.0,0.0,1,propagule,1699,0,0,0.05473808122424956,True,0.001,0.015
3,2,50,0.0,0.0,1,propagule,1678,0,0,0.05601907032181168,True,0.001,0.015
3,2,51,0.0,0.0,1,propagule,1684,0,0,0.06175771971496437,True,0.001,0.015
3,2,52,0.0,0.0,1,propagule,1642,0,0,0.0535931790499391,True,0.001,0.015
3,3,1,0.0,0.0,1,propagule,1664,0,0,0.06490384615384616,True,0.001,0.015
3,3,2,0.0,0.0,1,propagule,1640,0,0,0.06280487804878049,True,0.001,0.015
3,3,3,0.0,0.0,1,propagule,1651,0,0,0.06783767413688674,True,0.001,0.015
3,3,4,0.0,0.0,1,propagule,1616,0,0,0.06188118811881188,True,0.001,0.015
3,3,5,0.0,0.0,1,propagule,1644,0,0,0.06995133819951338,True,0.001,0.015
3,3,6,0.0,0.0,1,propagule,1602,0,0,0.06554307116104868,True,0.001,0.015
3,3,7,0.0,0.0,1,propagule,1610,0,0,0.06956521739130435,True,0.001,0.015
3,3,8,0.0,0.0,1,propagule,1599,0,0,0.07129455909943715,True,0.001,0.015
3,3,9,0.0,0.0,1,propagule,1598,0,0,0.07571964956195244,True,0.001,0.015
3,3,10,0.0,0.0,1,propagule,1581,0,0,0.07273877292852625,True,0.001,0.015
3,3,11,0.0,0.0,1,propagule,1572,0,0,0.0737913486005089,True,0.001,0.015
3,3,12,0.0,0.0,1,propagule,1549,0,0,0.0684312459651388,True,0.001,0.015
3,3,13,0.0,0.0,1,propagule,1554,0,0,0.07142857142857142,True,0.001,0.015
3,3,14,0.0,0.0,1,propagule,1533,0,0,0.0684931506849315,True,0.001,0.015
3,3,15,0.0,0.0,1,propagule,1541,0,0,0.07203114860480207,True,0.001,0.015
3,3,16,0.0,0.0,1,propagule,1533,0,0,0.07436399217221135,True,0.001,0.015
3,3,17,0.0,0.0,1,propagule,1513,0,0,0.0713813615333774,True,0.001,0.015
3,3,18,0.0,0.0,1,propagule,3560,0,0,0.032303370786516857,True,0.001,0.015
3,3,19,0.0,0.0,1,propagule,3450,0,0,0.030434782608695653,True,0.001,0.015
3,3,20,0.0,0.0,1,propagule,3406,0,0,0.030240751614797418,True,0.001,0.015
3,3,21,0.0,0.0,1,propagule,3314,0,0,0.02625226312613156,True,0.001,0.015
3,3,22,0.0,0.0,1,propagule,3257,0,0,0.026097635861221984,True,0.001,0.015
3,3,23,0.0,0.0,1,propagule,3149,0,0,0.024452207049857098,True,0.001,0.015
3,3,24,0.0,0.0,1,propagule,3107,0,0,0.024460894753781784,True,0.001,0.015
3,3,25,0.0,0.0,1,propagule,3059,0,0,0.02451781627983001,True,0.001,0.015
3,3,26,0.0,0.0,1,propagule,3024,0,0,0.0248015873015873,True,0.001,0.015
3,3,27,0.0,0.0,1,propagule,2959,0,0,0.026698208854342684,True,0.001,0.015
3,3,28,0.0,0.0,1,propagule,2914,0,0,0.027796842827728208,True,0.001,0.015
3,3,29,0.0,0.0,1,propagule,2873,0,0,0.027149321266968326,True,0.001,0.015
3,3,30,0.0,0.0,1,propagule,2810,0,0,0.026334519572953737,True,0.001,0.015
3,3,31,0.0,0.0,1,propagule,2790,0,0,0.02867383512544803,True,0.001,0.015
3,3,32,0.0,0.0,1,propagule,2759,0,0,0.029358463211308444,True,0.001,0.015
3,3,33,0.0,0.0,1,propagule,2724,0,0,0.02973568281938326,True,0.001,0.015
3,3,34,0.0,0.0,1,propagule,2676,0,0,0.030642750373692077,True,0.001,0.015
3,3,35,0.0,0.0,1,propagule,2642,0,0,0.030658591975775928,True,0.001,0.015
3,3,36,0.0,0.0,1,propagule,2627,0,0,0.03387894937190712,True,0.001,0.015
3,3,37,0.0,0.0,1,propagule,2609,0,0,0.040628593330778076,True,0.001,0.015
3,3,38,0.0,0.0,1,propagule,2549,0,0,0.03883876029815614,True,0.001,0.015
3,3,39,0.0,0.0,1,propagule,2501,0,0,0.03958416633346661,True,0.001,0.015
3,3,40,0.0,0.0,1,propagule,2479,0,0,0.041145623235175476,True,0.001,0.015
3,3,41,0.0,0.0,1,propagule,2458,0,0,0.044751830756712775,True,0.001,0.015
3,3,42,0.0,0.0,1,propagule,2442,0,0,0.044226044226044224,True,0.001,0.015
3,3,43,0.0,0.0,1,propagule,2789,0,0,0.10541412692721405,True,0.001,0.015
3,3,44,0.0,0.0,1,propagule,2625,0,0,0.08038095238095239,True,0.001,0.015
3,3,45,0.0,0.0,1,propagule,2506,0,0,0.07023144453312051,True,0.001,0.015
3,3,46,0.0,0.0,1,propagule,2410,0,0,0.06224066390041494,True,0.001,0.015
3,3,47,0.0,0.0,1,propagule,2365,0,0,0.06088794926004228,True,0.001,0.015
3,3,48,0.0,0.0,1,propagule,2355,0,0,0.06794055201698514,True,0.001,0.015
3,3,49,0.0,0.0,1,propagule,2313,0,0,0.0622568093385214,True,0.001,0.015
3,3,50,0.0,0.0,1,propagule,2288,0,0,0.06381118881118882,True,0.001,0.015
3,3,51,0.0,0.0,1,propagule,2277,0,0,0.06543697848045674,True,0.001,0.015
3,3,52,0.0,0.0,1,propagule,2276,0,0,0.07117750439367311,True,0.001,0.015
3,4,1,0.0,0.0,1,propagule,2223,0,0,0.06387764282501125,True,0.001,0.015
3,4,2,0.0,0.0,1,propagule,2220,0,0,0.07072072072072072,True,0.001,0.015
3,4,3,0.0,0.0,1,propagule,2192,0,0,0.06569343065693431,True,0.001,0.015
3,4,4,0.0,0.0,1,propagule,2172,0,0,0.06860036832412524,True,0.001,0.015
3,4,5,0.0,0.0,1,propagule,2134,0,0,0.06232427366447985,True,0.001,0.015
3,4,6,0.0,0.0,1,propagule,2121,0,0,0.066006600660066,True,0.001,0.015
3,4,7,0.0,0.0,1,propagule,2085,0,0,0.058992805755395686,True,0.001,0.015
3,4,8,0.0,0.0,1,propagule,2067,0,0,0.05999032414126754,True,0.001,0.015
3,4,9,0.0,0.0,1,propagule,2043,0,0,0.06069505628976995,True,0.001,0.015
3,4,10,0.0,0.0,1,propagule,2028,0,0,0.06360946745562131,True,0.001,0.015
3,4,11,0.0,0.0,1,propagule,2001,0,0,0.06346826586706647,True,0.001,0.015
3,4,12,0.0,0.0,1,propagule,2008,0,0,0.0647410358565737,True,0.001,0.015
3,4,13,0.0,0.0,1,propagule,1980,0,0,0.06565656565656566,True,0.001,0.015
3,4,14,0.0,0.0,1,propagule,1966,0,0,0.0671414038657172,True,0.001,0.015
3,4,15,0.0,0.0,1,propagule,1944,0,0,0.06532921810699588,True,0.001,0.015
3,4,16,0.0,0.0,1,propagule,1945,0,0,0.07146529562982006,True,0.001,0.015
3,4,17,0.0,0.0,1,propagule,1911,0,0,0.07012035583464155,True,0.001,0.015
3,4,18,0.0,0.0,1,propagule,3925,0,0,0.03694267515923567,True,0.001,0.015
3,4,19,0.0,0.0,1,propagule,3828,0,0,0.034482758620689655,True,0.001,0.015
3,4,20,0.0,0.0,1,propagule,3825,0,0,0.03738562091503268,True,0.001,0.015
3,4,21,0.0,0.0,1,propagule,3692,0,0,0.03494041170097508,True,0.001,0.015
3,4,22,0.0,0.0,1,propagule,3676,0,0,0.036996735582154515,True,0.001,0.015
3,4,23,0.0,0.0,1,propagule,3542,0,0,0.03303218520609825,True,0.001,0.015
3,4,24,0.0,0.0,1,propagule,3600,0,0,0.03888888888888889,True,0.001,0.015
3,4,25,0.0,0.0,1,propagule,3451,0,0,0.03332367429730513,True,0.001,0.015
3,4,26,0.0,0.0,1,propagule,3454,0,0,0.034163288940359006,True,0.001,0.015
3,4,27,0.0,0.0,1,propagule,3392,0,0,0.033903301886792456,True,0.001,0.015
3,4,28,0.0,0.0,1,propagule,3352,0,0,0.03579952267303103,True,0.001,0.015
3,4,29,0.0,0.0,1,propagule,3294,0,0,0.03278688524590164,True,0.001,0.015
3,4,30,0.0,0.0,1,propagule,3270,0,0,0.03394495412844037,True,0.001,0.015
3,4,31,0.0,0.0,1,propagule,3210,0,0,0.03271028037383177,True,0.001,0.015
3,4,32,0.0,0.0,1,propagule,3195,0,0,0.03380281690140845,True,0.001,0.015
3,4,33,0.0,0.0,1,propagule,3144,0,0,0.030534351145038167,True,0.001,0.015
3,4,34,0.0,0.0,1,propagule,3113,0,0,0.03405075489881144,True,0.001,0.015
3,4,35,0.0,0.0,1,propagule,3046,0,0,0.029875246224556794,True,0.001,0.015
3,4,36,0.0,0.0,1,propagule,3076,0,0,0.04193758127438232,True,0.001,0.015
3,4,37,0.0,0.0,1,propagule,2978,0,0,0.03794492948287441,True,0.001,0.015
3,4,38,0.0,0.0,1,propagule,2974,0,0,0.04270342972427707,True,0.001,0.015
3,4,39,0.0,0.0,1,propagule,2894,0,0,0.039046302695231516,True,0.001,0.015
3,4,40,0.0,0.0,1,propagule,2889,0,0,0.04292142609899619,True,0.001,0.015
3,4,41,0.0,0.0,1,propagule,2841,0,0,0.042238648363252376,True,0.001,0.015
3,4,42,0.0,0.0,1,propagule,2841,0,0,0.047166490672298486,True,0.001,0.015
3,4,43,0.0,0.0,1,propagule,3379,0,0,0.12814442142645754,True,0.001,0.015
3,4,44,0.0,0.0,1,propagule,3164,0,0,0.09955752212389381,True,0.001,0.015
3,4,45,0.0,0.0,1,propagule,2980,0,0,0.07651006711409396,True,0.001,0.015
3,4,46,0.0,0.0,1,propagule,2896,0,0,0.07113259668508287,True,0.001,0.015
3,4,47,0.0,0.0,1,propagule,2836,0,0,0.06699576868829338,True,0.001,0.015
3,4,48,0.0,0.0,1,propagule,2781,0,0,0.06328658755843222,True,0.001,0.015
3,4,49,0.0,0.0,1,propagule,2722,0,0,0.05988243938280676,True,0.001,0.015
3,4,50,0.0,0.0,1,propagule,2701,0,0,0.061458718992965566,True,0.001,0.015
3,4,51,0.0,0.0,1,propagule,2678,0,0,0.060492905153099324,True,0.001,0.015
3,4,52,0.0,0.0,1,propagule,2651,0,0,0.06186344775556394,True,0.001,0.015
3,5,1,0.0,0.0,1,propagule,2635,0,0,0.0633776091081594,True,0.001,0.015
3,5,2,0.0,0.0,1,propagule,2597,0,0,0.06083943011166731,True,0.001,0.015
3,5,3,0.0,0.0,1,propagule,2586,0,0,0.0634184068058778,True,0.001,0.015
3,5,4,0.0,0.0,1,propagule,2580,0,0,0.06821705426356589,True,0.001,0.015
3,5,5,0.0,0.0,1,propagule,2552,0,0,0.06504702194357367,True,0.001,0.015
3,5,6,0.0,0.0,1,propagule,2532,0,0,0.06358609794628751,True,0.001,0.015
3,5,7,0.0,0.0,1,propagule,2513,0,0,0.06406685236768803,True,0.001,0.015
3,5,8,0.0,0.0,1,propagule,2478,0,0,0.06295399515738499,True,0.001,0.015
3,5,9,0.0,0.0,1,propagule,2474,0,0,0.06426839126919967,True,0.001,0.015
3,5,10,0.0,0.0,1,propagule,2438,0,0,0.06357670221493027,True,0.001,0.015
3,5,11,0.0,0.0,1,propagule,2430,0,0,0.06707818930041153,True,0.001,0.015
3,5,12,0.0,0.0,1,propagule,2407,0,0,0.06813460739509763,True,0.001,0.015
3,5,13,0.0,0.0,1,propagule,2405,0,0,0.0735966735966736,True,0.001,0.015
3,5,14,0.0,0.0,1,propagule,2372,0,0,0.07040472175379427,True,0.001,0.015
3,5,15,0.0,0.0,1,propagule,2370,0,0,0.07383966244725738,True,0.001,0.015
3,5,16,0.0,0.0,1,propagule,2343,0,0,0.07084933845497225,True,0.001,0.015
3,5,17,0.0,0.0,1,propagule,2341,0,0,0.07432721059376335,True,0.001,0.015
3,5,18,0.0,0.0,1,propagule,5111,0,0,0.0330659362160047,True,0.001,0.015
3,5,19,0.0,0.0,1,propagule,5067,0,0,0.033353068877047566,True,0.001,0.015
3,5,20,0.0,0.0,1,propagule,4949,0,0,0.031117397454031116,True,0.001,0.015
3,5,21,0.0,0.0,1,propagule,4908,0,0,0.03321108394458028,True,0.001,0.015
3,5,22,0.0,0.0,1,propagule,4722,0,0,0.030919102075391783,True,0.001,0.015
3,5,23,0.0,0.0,1,propagule,4673,0,0,0.0342392467365718,True,0.001,0.015
3,5,24,0.0,0.0,1,propagule,4508,0,0,0.03127772848269743,True,0.001,0.015
3,5,25,0.0,0.0,1,propagule,4462,0,0,0.034737785746302104,True,0.001,0.015
3,5,26,0.0,0.0,1,propagule,4267,0,0,0.03234122334192641,True,0.001,0.015
3,5,27,0.0,0.0,1,propagule,4270,0,0,0.034894613583138175,True,0.001,0.015
3,5,28,0.0,0.0,1,propagule,4149,0,0,0.033261026753434564,True,0.001,0.015
3,5,29,0.0,0.0,1,propagule,4139,0,0,0.03696545059193042,True,0.001,0.015
3,5,30,0.0,0.0,1,propagule,4005,0,0,0.033707865168539325,True,0.001,0.015
3,5,31,0.0,0.0,1,propagule,3965,0,0,0.03455233291298865,True,0.001,0.015
3,5,32,0.0,0.0,1,propagule,3903,0,0,0.034076351524468355,True,0.001,0.015
3,5,33,0.0,0.0,1,propagule,3899,0,0,0.03693254680687356,True,0.001,0.015
3,5,34,0.0,0.0,1,propagule,3851,0,0,0.03609452090366139,True,0.001,0.015
3,5,35,0.0,0.0,1,propagule,3853,0,0,0.03763301323643914,True,0.001,0.015
3,5,36,0.0,0.0,1,propagule,3711,0,0,0.0342225815144166,True,0.001,0.015
3,5,37,0.0,0.0,1,propagule,3708,0,0,0.038834951456310676,True,0.001,0.015
3,5,38,0.0,0.0,1,propagule,3619,0,0,0.03564520585797182,True,0.001,0.015
3,5,39,0.0,0.0,1,propagule,3586,0,0,0.03931957612939208,True,0.001,0.015
3,5,40,0.0,0.0,1,propagule,3547,0,0,0.03806033267550042,True,0.001,0.015
3,5,41,0.0,0.0,1,propagule,3503,0,0,0.03939480445332572,True,0.001,0.015
3,5,42,0.0,0.0,1,propagule,3461,0,0,0.037272464605605314,True,0.001,0.015
3,5,43,0.0,0.0,1,propagule,4288,0,0,0.1368936567164179,True,0.001,0.015
3,5,44,0.0,0.0,1,propagule,3930,0,0,0.10432569974554708,True,0.001,0.015
3,5,45,0.0,0.0,1,propagule,3676,0,0,0.08215451577801959,True,0.001,0.015
3,5,46,0.0,0.0,1,propagule,3540,0,0,0.07429378531073447,True,0.001,0.015
3,5,47,0.0,0.0,1,propagule,3438,0,0,0.06806282722513089,True,0.001,0.015
3,5,48,0.0,0.0,1,propagule,3369,0,0,0.06381715642623924,True,0.001,0.015
3,5,49,0.0,0.0,1,propagule,3296,0,0,0.06067961165048544,True,0.001,0.015
3,5,50,0.0,0.0,1,propagule,3259,0,0,0.06075483277078859,True,0.001,0.015
3,5,51,0.0,0.0,1,propagule,3219,0,0,0.06057781919850885,True,0.001,0.015
3,5,52,0.0,0.0,1,propagule,3196,0,0,0.06382978723404255,True,0.001,0.015
3,6,1,0.0,0.0,1,propagule,3155,0,0,0.062123613312202855,True,0.001,0.015
3,6,2,0.0,0.0,1,propagule,3131,0,0,0.06228042159054615,True,0.001,0.015
3,6,3,0.0,0.0,1,propagule,3101,0,0,0.06223798774588842,True,0.001,0.015
3,6,4,0.0,0.0,1,propagule,3079,0,0,0.06495615459564794,True,0.001,0.015
3,6,5,0.0,0.0,1,propagule,3055,0,0,0.06644844517184943,True,0.001,0.015
3,6,6,0.0,0.0,1,propagule,3020,0,0,0.06556291390728476,True,0.001,0.015
3,6,7,0.0,0.0,1,propagule,3003,0,0,0.06793206793206794,True,0.001,0.015
3,6,8,0.0,0.0,1,propagule,2967,0,0,0.06471183013144591,True,0.001,0.015
3,6,9,0.0,0.0,1,propagule,2953,0,0,0.06772773450728073,True,0.001,0.015
3,6,10,0.0,0.0,1,propagule,2917,0,0,0.06444977716832362,True,0.001,0.015
3,6,11,0.0,0.0,1,propagule,2903,0,0,0.06751636238374095,True,0.001,0.015
3,6,12,0.0,0.0,1,propagule,2870,0,0,0.06620209059233449,True,0.001,0.015
3,6,13,0.0,0.0,1,propagule,2855,0,0,0.06690017513134851,True,0.001,0.015
3,6,14,0.0,0.0,1,propagule,2823,0,0,0.06624158696422246,True,0.001,0.015
3,6,15,0.0,0.0,1,propagule,2802,0,0,0.07102069950035689,True,0.001,0.015
3,6,16,0.0,0.0,1,propagule,2779,0,0,0.06765023389708529,True,0.001,0.015
3,6,17,0.0,0.0,1,propagule,2765,0,0,0.07305605786618445,True,0.001,0.015
3,6,18,0.0,0.0,1,propagule,6062,0,0,0.032002639392939625,True,0.001,0.015
3,6,19,0.0,0.0,1,propagule,5976,0,0,0.03145917001338688,True,0.001,0.015
3,6,20,0.0,0.0,1,propagule,5872,0,0,0.030313351498637602,True,0.001,0.015
3,6,21,0.0,0.0,1,propagule,5799,0,0,0.03035006035523366,True,0.001,0.015
3,6,22,0.0,0.0,1,propagule,5704,0,0,0.029978962131837306,True,0.001,0.015
3,6,23,0.0,0.0,1,propagule,5633,0,0,0.03142197763181254,True,0.001,0.015
3,6,24,0.0,0.0,1,propagule,5532,0,0,0.03109182935647144,True,0.001,0.015
3,6,25,0.0,0.0,1,propagule,5461,0,0,0.032228529573338216,True,0.001,0.015
3,6,26,0.0,0.0,1,propagule,5391,0,0,0.03190502689667965,True,0.001,0.015
3,6,27,0.0,0.0,1,propagule,5303,0,0,0.03186875353573449,True,0.001,0.015
3,6,28,0.0,0.0,1,propagule,5246,0,0,0.03221502096835684,True,0.001,0.015
3,6,29,0.0,0.0,1,propagule,5195,0,0,0.033493743984600574,True,0.001,0.015
3,6,30,0.0,0.0,1,propagule,5083,0,0,0.03364155026559119,True,0.001,0.015
3,6,31,0.0,0.0,1,propagule,5013,0,0,0.03311390384999002,True,0.001,0.015
3,6,32,0.0,0.0,1,propagule,4914,0,0,0.03317053317053317,True,0.001,0.015
3,6,33,0.0,0.0,1,propagule,4874,0,0,0.0344686089454247,True,0.001,0.015
3,6,34,0.0,0.0,1,propagule,4768,0,0,0.03355704697986577,True,0.001,0.015
3,6,35,0.0,0.0,1,propagule,4671,0,0,0.03318347248983087,True,0.001,0.015
3,6,36,0.0,0.0,1,propagule,4613,0,0,0.03533492304357251,True,0.001,0.015
3,6,37,0.0,0.0,1,propagule,4581,0,0,0.03645492250600305,True,0.001,0.015
3,6,38,0.0,0.0,1,propagule,4513,0,0,0.03523155329049413,True,0.001,0.015
3,6,39,0.0,0.0,1,propagule,4477,0,0,0.036408309135581865,True,0.001,0.015
3,6,40,0.0,0.0,1,propagule,4430,0,0,0.0363431151241535,True,0.001,0.015
3,6,41,0.0,0.0,1,propagule,4386,0,0,0.036935704514363885,True,0.001,0.015
3,6,42,0.0,0.0,1,propagule,4360,0,0,0.0389908256880734,True,0.001,0.015
3,6,43,0.0,0.0,1,propagule,5544,0,0,0.15963203463203463,True,0.001,0.015
3,6,44,0.0,0.0,1,propagule,5075,0,0,0.12374384236453202,True,0.001,0.015
3,6,45,0.0,0.0,1,propagule,4711,0,0,0.09424750583740182,True,0.001,0.015
3,6,46,0.0,0.0,1,propagule,4507,0,0,0.08231639671621921,True,0.001,0.015
3,6,47,0.0,0.0,1,propagule,4323,0,0,0.07402266944251677,True,0.001,0.015
3,6,48,0.0,0.0,1,propagule,4210,0,0,0.07268408551068883,True,0.001,0.015
3,6,49,0.0,0.0,1,propagule,4102,0,0,0.06825938566552901,True,0.001,0.015
3,6,50,0.0,0.0,1,propagule,4050,0,0,0.06962962962962962,True,0.001,0.015
3,6,51,0.0,0.0,1,propagule,4010,0,0,0.07057356608478803,True,0.001,0.015
3,6,52,0.0,0.0,1,propagule,3957,0,0,0.07177154409906494,True,0.001,0.015
3,7,1,0.0,0.0,1,propagule,3910,0,0,0.07058823529411765,True,0.001,0.015
3,7,2,0.0,0.0,1,propagule,3899,0,0,0.07463452167222365,True,0.001,0.015
3,7,3,0.0,0.0,1,propagule,3865,0,0,0.07296248382923674,True,0.001,0.015
3,7,4,0.0,0.0,1,propagule,3861,0,0,0.07666407666407667,True,0.001,0.015
3,7,5,0.0,0.0,1,propagule,3817,0,0,0.07545192559601782,True,0.001,0.015
3,7,6,0.0,0.0,1,propagule,3794,0,0,0.07749077490774908,True,0.001,0.015
3,7,7,0.0,0.0,1,propagule,3744,0,0,0.0750534188034188,True,0.001,0.015
3,7,8,0.0,0.0,1,propagule,3721,0,0,0.07793603869927439,True,0.001,0.015
3,7,9,0.0,0.0,1,propagule,3692,0,0,0.07692307692307693,True,0.001,0.015
3,7,10,0.0,0.0,1,propagule,3656,0,0,0.07850109409190371,True,0.001,0.015
3,7,11,0.0,0.0,1,propagule,3623,0,0,0.07728401876897599,True,0.001,0.015
3,7,12,0.0,0.0,1,propagule,3613,0,0,0.08054248546913922,True,0.001,0.015
3,7,13,0.0,0.0,1,propagule,3573,0,0,0.07948502658830114,True,0.001,0.015
3,7,14,0.0,0.0,1,propagule,3553,0,0,0.08302842668167745,True,0.001,0.015
3,7,15,0.0,0.0,1,propagule,3518,0,0,0.08214894826606026,True,0.001,0.015
3,7,16,0.0,0.0,1,propagule,3499,0,0,0.08316661903400972,True,0.001,0.015
3,7,17,0.0,0.0,1,propagule,3475,0,0,0.08287769784172662,True,0.001,0.015
3,7,18,0.0,0.0,1,propagule,7646,0,0,0.03910541459586712,True,0.001,0.015
3,7,19,0.0,0.0,1,propagule,7547,0,0,0.03763084669405062,True,0.001,0.015
3,7,20,0.0,0.0,1,propagule,7428,0,0,0.03729133010231556,True,0.001,0.015
3,7,21,0.0,0.0,1,propagule,7240,0,0,0.03618784530386741,True,0.001,0.015
3,7,22,0.0,0.0,1,propagule,7160,0,0,0.03840782122905028,True,0.001,0.015
3,7,23,0.0,0.0,1,propagule,6963,0,0,0.0371966106563263,True,0.001,0.015
3,7,24,0.0,0.0,1,propagule,6888,0,0,0.03948896631823461,True,0.001,0.015
3,7,25,0.0,0.0,1,propagule,6719,0,0,0.038398571215954753,True,0.001,0.015
3,7,26,0.0,0.0,1,propagule,6608,0,0,0.04025423728813559,True,0.001,0.015
3,7,27,0.0,0.0,1,propagule,6468,0,0,0.038806431663574524,True,0.001,0.015
3,7,28,0.0,0.0,1,propagule,6395,0,0,0.040031274433150896,True,0.001,0.015
3,7,29,0.0,0.0,1,propagule,6252,0,0,0.03950735764555342,True,0.001,0.015
3,7,30,0.0,0.0,1,propagule,6201,0,0,0.04112239961296565,True,0.001,0.015
3,7,31,0.0,0.0,1,propagule,6103,0,0,0.0406357529084057,True,0.001,0.015
3,7,32,0.0,0.0,1,propagule,6041,0,0,0.04270816090051316,True,0.001,0.015
3,7,33,0.0,0.0,1,propagule,5944,0,0,0.042227456258411844,True,0.001,0.015
3,7,34,0.0,0.0,1,propagule,5884,0,0,0.04333786539768865,True,0.001,0.015
3,7,35,0.0,0.0,1,propagule,5815,0,0,0.04282029234737747,True,0.001,0.015
3,7,36,0.0,0.0,1,propagule,5737,0,0,0.0453198535820115,True,0.001,0.015
3,7,37,0.0,0.0,1,propagule,5629,0,0,0.043346953277669215,True,0.001,0.015
3,7,38,0.0,0.0,1,propagule,5594,0,0,0.045405791919914194,True,0.001,0.015
3,7,39,0.0,0.0,1,propagule,5525,0,0,0.04470588235294118,True,0.001,0.015
3,7,40,0.0,0.0,1,propagule,5470,0,0,0.04570383912248629,True,0.001,0.015
3,7,41,0.0,0.0,1,propagule,5415,0,0,0.04598337950138504,True,0.001,0.015
3,7,42,0.0,0.0,1,propagule,5363,0,0,0.04642923736714526,True,0.001,0.015
3,7,43,0.0,0.0,1,propagule,6926,0,0,0.1667629223216864,True,0.001,0.015
3,7,44,0.0,0.0,1,propagule,6279,0,0,0.12661251791686573,True,0.001,0.015
3,7,45,0.0,0.0,1,propagule,5785,0,0,0.09628349178910976,True,0.001,0.015
3,7,46,0.0,0.0,1,propagule,5482,0,0,0.08026267785479752,True,0.001,0.015
3,7,47,0.0,0.0,1,propagule,5286,0,0,0.06961785849413545,True,0.001,0.015
3,7,48,0.0,0.0,1,propagule,5130,0,0,0.06608187134502924,True,0.001,0.015
3,7,49,0.0,0.0,1,propagule,5026,0,0,0.0650616792678074,True,0.001,0.015
3,7,50,0.0,0.0,1,propagule,4920,0,0,0.06382113821138212,True,0.001,0.015
3,7,51,0.0,0.0,1,propagule,4861,0,0,0.06541863814030036,True,0.001,0.015
3,7,52,0.0,0.0,1,propagule,4815,0,0,0.0660436137071651,True,0.001,0.015
3,8,1,0.0,0.0,1,propagule,4762,0,0,0.06635867282654347,True,0.001,0.015
3,8,2,0.0,0.0,1,propagule,4705,0,0,0.06609989373007438,True,0.001,0.015
3,8,3,0.0,0.0,1,propagule,4666,0,0,0.06665237891127304,True,0.001,0.015
3,8,4,0.0,0.0,1,propagule,4628,0,0,0.06698357821953328,True,0.001,0.015
3,8,5,0.0,0.0,1,propagule,4595,0,0,0.06789989118607181,True,0.001,0.015
3,8,6,0.0,0.0,1,propagule,4551,0,0,0.06789716545814106,True,0.001,0.015
3,8,7,0.0,0.0,1,propagule,4517,0,0,0.06862962143015276,True,0.001,0.015
3,8,8,0.0,0.0,1,propagule,4481,0,0,0.06962731533139924,True,0.001,0.015
3,8,9,0.0,0.0,1,propagule,4427,0,0,0.0677659814772984,True,0.001,0.015
3,8,10,0.0,0.0,1,propagule,4392,0,0,0.06853369763205829,True,0.001,0.015
3,8,11,0.0,0.0,1,propagule,4342,0,0,0.06909258406264394,True,0.001,0.015
3,8,12,0.0,0.0,1,propagule,4319,0,0,0.07015512850196805,True,0.001,0.015
3,8,13,0.0,0.0,1,propagule,4274,0,0,0.07089377632194666,True,0.001,0.015
3,8,14,0.0,0.0,1,propagule,4239,0,0,0.07124321774003303,True,0.001,0.015
3,8,15,0.0,0.0,1,propagule,4205,0,0,0.07158145065398336,True,0.001,0.015
3,8,16,0.0,0.0,1,propagule,4169,0,0,0.07147997121611897,True,0.001,0.015
3,8,17,0.0,0.0,1,propagule,4146,0,0,0.07356488181379643,True,0.001,0.015
3,8,18,0.0,0.0,1,propagule,9196,0,0,0.032405393649412785,True,0.001,0.015
3,8,19,0.0,0.0,1,propagule,9087,0,0,0.03268405414328161,True,0.001,0.015
3,8,20,0.0,0.0,1,propagule,8985,0,0,0.032721202003338896,True,0.001,0.015
3,8,21,0.0,0.0,1,propagule,8871,0,0,0.03269079021530831,True,0.001,0.015
3,8,22,0.0,0.0,1,propagule,8788,0,0,0.03265817023213473,True,0.001,0.015
3,8,23,0.0,0.0,1,propagule,8649,0,0,0.03260492542490461,True,0.001,0.015
3,8,24,0.0,0.0,1,propagule,8521,0,0,0.032742635840863746,True,0.001,0.015
3,8,25,0.0,0.0,1,propagule,8425,0,0,0.03335311572700297,True,0.001,0.015
3,8,26,0.0,0.0,1,propagule,8317,0,0,0.033185042683659974,True,0.001,0.015
3,8,27,0.0,0.0,1,propagule,8213,0,0,0.03323998538901741,True,0.001,0.015
3,8,28,0.0,0.0,1,propagule,8087,0,0,0.03375788302213429,True,0.001,0.015
3,8,29,0.0,0.0,1,propagule,7942,0,0,0.03437421304457316,True,0.001,0.015
3,8,30,0.0,0.0,1,propagule,7864,0,0,0.03484231943031536,True,0.001,0.015
3,8,31,0.0,0.0,1,propagule,7719,0,0,0.03523772509392408,True,0.001,0.015
3,8,32,0.0,0.0,1,propagule,7659,0,0,0.03616660138399269,True,0.001,0.015
3,8,33,0.0,0.0,1,propagule,7557,0,0,0.03572846367606193,True,0.001,0.015
3,8,34,0.0,0.0,1,propagule,7451,0,0,0.036370956918534425,True,0.001,0.015
3,8,35,0.0,0.0,1,propagule,7363,0,0,0.036534021458644574,True,0.001,0.015
3,8,36,0.0,0.0,1,propagule,7295,0,0,0.03742289239204935,True,0.001,0.015
3,8,37,0.0,0.0,1,propagule,7211,0,0,0.03841353487727084,True,0.001,0.015
3,8,38,0.0,0.0,1,propagule,7126,0,0,0.03859107493685097,True,0.001,0.015
3,8,39,0.0,0.0,1,propagule,7064,0,0,0.03935447338618347,True,0.001,0.015
3,8,40,0.0,0.0,1,propagule,7016,0,0,0.039908779931584946,True,0.001,0.015
3,8,41,0.0,0.0,1,propagule,6954,0,0,0.041271210813920045,True,0.001,0.015
3,8,42,0.0,0.0,1,propagule,6894,0,0,0.041050188569770815,True,0.001,0.015
3,8,43,0.0,0.0,1,propagule,9247,0,0,0.18449226776251756,True,0.001,0.015
3,8,44,0.0,0.0,1,propagule,8273,0,0,0.13852290583826907,True,0.001,0.015
3,8,45,0.0,0.0,1,propagule,7603,0,0,0.10522162304353545,True,0.001,0.015
3,8,46,0.0,0.0,1,propagule,7187,0,0,0.08793655210797273,True,0.001,0.015
3,8,47,0.0,0.0,1,propagule,6896,0,0,0.08149651972157773,True,0.001,0.015
3,8,48,0.0,0.0,1,propagule,6645,0,0,0.07644845748683221,True,0.001,0.015
3,8,49,0.0,0.0,1,propagule,6502,0,0,0.0759766225776684,True,0.001,0.015
3,8,50,0.0,0.0,1,propagule,6376,0,0,0.07449811794228356,True,0.001,0.015
3,8,51,0.0,0.0,1,propagule,6296,0,0,0.07433290978398983,True,0.001,0.015
3,8,52,0.0,0.0,1,propagule,6233,0,0,0.07380073800738007,True,0.001,0.015
3,9,1,0.0,0.0,1,propagule,6185,0,0,0.07453516572352466,True,0.001,0.015
3,9,2,0.0,0.0,1,propagule,6133,0,0,0.07467797162889288,True,0.001,0.015
3,9,3,0.0,0.0,1,propagule,6074,0,0,0.07523872242344419,True,0.001,0.015
3,9,4,0.0,0.0,1,propagule,6029,0,0,0.07530270359927019,True,0.001,0.015
3,9,5,0.0,0.0,1,propagule,5960,0,0,0.0738255033557047,True,0.001,0.015
3,9,6,0.0,0.0,1,propagule,5919,0,0,0.07704004054738976,True,0.001,0.015
3,9,7,0.0,0.0,1,propagule,5849,0,0,0.07676525901863566,True,0.001,0.015
3,9,8,0.0,0.0,1,propagule,5821,0,0,0.07850884727710015,True,0.001,0.015
3,9,9,0.0,0.0,1,propagule,5766,0,0,0.07630939993062782,True,0.001,0.015
3,9,10,0.0,0.0,1,propagule,5747,0,0,0.08021576474682443,True,0.001,0.015
3,9,11,0.0,0.0,1,propagule,5682,0,0,0.0781414994720169,True,0.001,0.015
3,9,12,0.0,0.0,1,propagule,5633,0,0,0.07935380791762826,True,0.001,0.015
3,9,13,0.0,0.0,1,propagule,5578,0,0,0.07870204374327716,True,0.001,0.015
3,9,14,0.0,0.0,1,propagule,5544,0,0,0.08062770562770563,True,0.001,0.015
3,9,15,0.0,0.0,1,propagule,5506,0,0,0.08063930257900472,True,0.001,0.015
3,9,16,0.0,0.0,1,propagule,5477,0,0,0.08216176739090743,True,0.001,0.015
3,9,17,0.0,0.0,1,propagule,5430,0,0,0.08213627992633518,True,0.001,0.015
3,9,18,0.0,0.0,1,propagule,11458,0,0,0.03412462908011869,True,0.001,0.015
3,9,19,0.0,0.0,1,propagule,11293,0,0,0.03391481448685026,True,0.001,0.015
3,9,20,0.0,0.0,1,propagule,11153,0,0,0.03326459248632655,True,0.001,0.015
3,9,21,0.0,0.0,1,propagule,11035,0,0,0.034073402809243314,True,0.001,0.015
3,9,22,0.0,0.0,1,propagule,10872,0,0,0.033388520971302425,True,0.001,0.015
3,9,23,0.0,0.0,1,propagule,10783,0,0,0.03412779374942038,True,0.001,0.015
3,9,24,0.0,0.0,1,propagule,10614,0,0,0.033917467495760314,True,0.001,0.015
3,9,25,0.0,0.0,1,propagule,10461,0,0,0.034795908612943315,True,0.001,0.015
3,9,26,0.0,0.0,1,propagule,10350,0,0,0.03468599033816425,True,0.001,0.015
3,9,27,0.0,0.0,1,propagule,10232,0,0,0.03567240031274433,True,0.001,0.015
3,9,28,0.0,0.0,1,propagule,10097,0,0,0.03575319401802515,True,0.001,0.015
3,9,29,0.0,0.0,1,propagule,10008,0,0,0.03647082334132694,True,0.001,0.015
3,9,30,0.0,0.0,1,propagule,9872,0,0,0.03636547811993517,True,0.001,0.015
3,9,31,0.0,0.0,1,propagule,9775,0,0,0.037033248081841434,True,0.001,0.015
3,9,32,0.0,0.0,1,propagule,9650,0,0,0.03709844559585492,True,0.001,0.015
3,9,33,0.0,0.0,1,propagule,9527,0,0,0.03799727091424373,True,0.001,0.015
3,9,34,0.0,0.0,1,propagule,9432,0,0,0.03795589482612383,True,0.001,0.015
3,9,35,0.0,0.0,1,propagule,9316,0,0,0.03896522112494633,True,0.001,0.015
3,9,36,0.0,0.0,1,propagule,9232,0,0,0.03921143847487002,True,0.001,0.015
3,9,37,0.0,0.0,1,propagule,9137,0,0,0.0395096858925249,True,0.001,0.015
3,9,38,0.0,0.0,1,propagule,9071,0,0,0.04001763862859663,True,0.001,0.015
3,9,39,0.0,0.0,1,propagule,8977,0,0,0.040102484126100034,True,0.001,0.015
3,9,40,0.0,0.0,1,propagule,8907,0,0,0.0413158190187493,True,0.001,0.015
3,9,41,0.0,0.0,1,propagule,8822,0,0,0.04160054409430968,True,0.001,0.015
3,9,42,0.0,0.0,1,propagule,8754,0,0,0.04260909298606352,True,0.001,0.015
3,9,43,0.0,0.0,1,propagule,11923,0,0,0.18988509603287762,True,0.001,0.015
3,9,44,0.0,0.0,1,propagule,10672,0,0,0.1455209895052474,True,0.001,0.015
3,9,45,0.0,0.0,1,propagule,9716,0,0,0.10508439687114039,True,0.001,0.015
3,9,46,0.0,0.0,1,propagule,9123,0,0,0.08725200043845226,True,0.001,0.015
3,9,47,0.0,0.0,1,propagule,8718,0,0,0.07788483597155312,True,0.001,0.015
3,9,48,0.0,0.0,1,propagule,8395,0,0,0.07361524717093508,True,0.001,0.015
3,9,49,0.0,0.0,1,propagule,8173,0,0,0.07218891471919736,True,0.001,0.015
3,9,50,0.0,0.0,1,propagule,7987,0,0,0.07186678352322524,True,0.001,0.015
3,9,51,0.0,0.0,1,propagule,7875,0,0,0.07212698412698412,True,0.001,0.015
3,9,52,0.0,0.0,1,propagule,7773,0,0,0.0724302071272353,True,0.001,0.015
3,10,1,0.0,0.0,1,propagule,7705,0,0,0.07255029201817002,True,0.001,0.015
3,10,2,0.0,0.0,1,propagule,7608,0,0,0.07334384858044164,True,0.001,0.015
3,10,3,0.0,0.0,1,propagule,7556,0,0,0.07358390682901006,True,0.001,0.015
3,10,4,0.0,0.0,1,propagule,7468,0,0,0.07351365827530798,True,0.001,0.015
3,10,5,0.0,0.0,1,propagule,7418,0,0,0.07427878134267997,True,0.001,0.015
3,10,6,0.0,0.0,1,propagule,7345,0,0,0.07392784206943499,True,0.001,0.015
3,10,7,0.0,0.0,1,propagule,7293,0,0,0.07514054572878102,True,0.001,0.015
3,10,8,0.0,0.0,1,propagule,7230,0,0,0.07524204702627939,True,0.001,0.015
3,10,9,0.0,0.0,1,propagule,7187,0,0,0.07597050229581188,True,0.001,0.015
3,10,10,0.0,0.0,1,propagule,7110,0,0,0.07482419127988749,True,0.001,0.015
3,10,11,0.0,0.0,1,propagule,7070,0,0,0.07609618104667609,True,0.001,0.015
3,10,12,0.0,0.0,1,propagule,7017,0,0,0.07553085364115719,True,0.001,0.015
3,10,13,0.0,0.0,1,propagule,6982,0,0,0.0770552850186193,True,0.001,0.015
3,10,14,0.0,0.0,1,propagule,6917,0,0,0.07720109874222929,True,0.001,0.015
3,10,15,0.0,0.0,1,propagule,6876,0,0,0.07780686445607912,True,0.001,0.015
3,10,16,0.0,0.0,1,propagule,6818,0,0,0.07773540627750074,True,0.001,0.015
3,10,17,0.0,0.0,1,propagule,6783,0,0,0.07857879994102904,True,0.001,0.015
3,10,18,0.0,0.0,1,propagule,14686,0,0,0.033841754051477595,True,0.001,0.015
3,10,19,0.0,0.0,1,propagule,14509,0,0,0.033909986904679855,True,0.001,0.015
3,10,20,0.0,0.0,1,propagule,14320,0,0,0.033868715083798885,True,0.001,0.015
3,10,21,0.0,0.0,1,propagule,14120,0,0,0.03413597733711048,True,0.001,0.015
3,10,22,0.0,0.0,1,propagule,13945,0,0,0.03427751882395124,True,0.001,0.015
3,10,23,0.0,0.0,1,propagule,13711,0,0,0.03427904602144264,True,0.001,0.015
3,10,24,0.0,0.0,1,propagule,13551,0,0,0.034757582466238654,True,0.001,0.015
3,10,25,0.0,0.0,1,propagule,13357,0,0,0.034438871003967954,True,0.001,0.015
3,10,26,0.0,0.0,1,propagule,13238,0,0,0.03512615198670494,True,0.001,0.015
3,10,27,0.0,0.0,1,propagule,13089,0,0,0.03506761402704561,True,0.001,0.015
3,10,28,0.0,0.0,1,propagule,12980,0,0,0.035747303543913714,True,0.001,0.015
3,10,29,0.0,0.0,1,propagule,12796,0,0,0.03618318224445139,True,0.001,0.015
3,10,30,0.0,0.0,1,propagule,12678,0,0,0.036677709417889254,True,0.001,0.015
3,10,31,0.0,0.0,1,propagule,12488,0,0,0.03651505445227418,True,0.001,0.015
3,10,32,0.0,0.0,1,propagule,12379,0,0,0.03715970595363115,True,0.001,0.015
3,10,33,0.0,0.0,1,propagule,12229,0,0,0.0373701856243356,True,0.001,0.015
3,10,34,0.0,0.0,1,propagule,12081,0,0,0.037827994371326876,True,0.001,0.015
3,10,35,0.0,0.0,1,propagule,11928,0,0,0.03814553990610329,True,0.001,0.015
3,10,36,0.0,0.0,1,propagule,11835,0,0,0.038698774820447826,True,0.001,0.015
3,10,37,0.0,0.0,1,propagule,11701,0,0,0.03845825143150158,True,0.001,0.015
3,10,38,0.0,0.0,1,propagule,11609,0,0,0.03902144887587217,True,0.001,0.015
3,10,39,0.0,0.0,1,propagule,11518,0,0,0.03924292411877062,True,0.001,0.015
3,10,40,0.0,0.0,1,propagule,11439,0,0,0.04012588512981904,True,0.001,0.015
3,10,41,0.0,0.0,1,propagule,11335,0,0,0.03996471107190119,True,0.001,0.015
3,10,42,0.0,0.0,1,propagule,11247,0,0,0.04063305770427669,True,0.001,0.015
3,10,43,0.0,0.0,1,propagule,15716,0,0,0.20119623313820312,True,0.001,0.015
3,10,44,0.0,0.0,1,propagule,13953,0,0,0.15444707231419766,True,0.001,0.015
3,10,45,0.0,0.0,1,propagule,12627,0,0,0.11839708561020036,True,0.001,0.015
3,10,46,0.0,0.0,1,propagule,11801,0,0,0.10041521904923312,True,0.001,0.015
3,10,47,0.0,0.0,1,propagule,11214,0,0,0.09051186017478152,True,0.001,0.015
3,10,48,0.0,0.0,1,propagule,10719,0,0,0.08480268681780016,True,0.001,0.015
3,10,49,0.0,0.0,1,propagule,10349,0,0,0.08377621026186105,True,0.001,0.015
3,10,50,0.0,0.0,1,propagule,10052,0,0,0.08296856346995622,True,0.001,0.015
3,10,51,0.0,0.0,1,propagule,9888,0,0,0.08363673139158576,True,0.001,0.015
3,10,52,0.0,0.0,1,propagule,9749,0,0,0.08308544466099087,True,0.001,0.015
3,1,1,0.0,0.0,1,propagule,891,0,0,0.0,True,0.001,0.02
3,1,2,0.0,0.0,1,propagule,899,0,0,0.0011123470522803114,True,0.001,0.02
3,1,3,0.0,0.0,1,propagule,881,0,0,0.0,True,0.001,0.02
3,1,4,0.0,0.0,1,propagule,885,0,0,0.0011299435028248588,True,0.001,0.02
3,1,5,0.0,0.0,1,propagule,867,0,0,0.0011534025374855825,True,0.001,0.02
3,1,6,0.0,0.0,1,propagule,872,0,0,0.0011467889908256881,True,0.001,0.02
3,1,7,0.0,0.0,1,propagule,853,0,0,0.0011723329425556857,True,0.001,0.02
3,1,8,0.0,0.0,1,propagule,842,0,0,0.0011876484560570072,True,0.001,0.02
3,1,9,0.0,0.0,1,propagule,824,0,0,0.0,True,0.001,0.02
3,1,10,0.0,0.0,1,propagule,829,0,0,0.0012062726176115801,True,0.001,0.02
3,1,11,0.0,0.0,1,propagule,813,0,0,0.0012300123001230013,True,0.001,0.02
3,1,12,0.0,0.0,1,propagule,811,0,0,0.0012330456226880395,True,0.001,0.02
3,1,13,0.0,0.0,1,propagule,793,0,0,0.0012610340479192938,True,0.001,0.02
3,1,14,0.0,0.0,1,propagule,802,0,0,0.0012468827930174563,True,0.001,0.02
3,1,15,0.0,0.0,1,propagule,791,0,0,0.0012642225031605564,True,0.001,0.02
3,1,16,0.0,0.0,1,propagule,792,0,0,0.0012626262626262627,True,0.001,0.02
3,1,17,0.0,0.0,1,propagule,779,0,0,0.0012836970474967907,True,0.001,0.02
3,1,18,0.0,0.0,1,propagule,2277,0,0,0.0004391743522178305,True,0.001,0.02
3,1,19,0.0,0.0,1,propagule,2269,0,0,0.0008814455707360071,True,0.001,0.02
3,1,20,0.0,0.0,1,propagule,2213,0,0,0.00045187528242205153,True,0.001,0.02
3,1,21,0.0,0.0,1,propagule,2180,0,0,0.0009174311926605505,True,0.001,0.02
3,1,22,0.0,0.0,1,propagule,2147,0,0,0.0009315323707498836,True,0.001,0.02
3,1,23,0.0,0.0,1,propagule,2106,0,0,0.001899335232668566,True,0.001,0.02
3,1,24,0.0,0.0,1,propagule,2093,0,0,0.0033444816053511705,True,0.001,0.02
3,1,25,0.0,0.0,1,propagule,2079,0,0,0.00481000481000481,True,0.001,0.02
3,1,26,0.0,0.0,1,propagule,2032,0,0,0.0044291338582677165,True,0.001,0.02
3,1,27,0.0,0.0,1,propagule,1996,0,0,0.006513026052104208,True,0.001,0.02
3,1,28,0.0,0.0,1,propagule,1954,0,0,0.006141248720573183,True,0.001,0.02
3,1,29,0.0,0.0,1,propagule,1921,0,0,0.007287870900572618,True,0.001,0.02
3,1,30,0.0,0.0,1,propagule,1894,0,0,0.007391763463569166,True,0.001,0.02
3,1,31,0.0,0.0,1,propagule,1876,0,0,0.007995735607675906,True,0.001,0.02
3,1,32,0.0,0.0,1,propagule,1832,0,0,0.008187772925764192,True,0.001,0.02
3,1,33,0.0,0.0,1,propagule,1794,0,0,0.00947603121516165,True,0.001,0.02
3,1,34,0.0,0.0,1,propagule,1750,0,0,0.009714285714285713,True,0.001,0.02
3,1,35,0.0,0.0,1,propagule,1710,0,0,0.009941520467836258,True,0.001,0.02
3,1,36,0.0,0.0,1,propagule,1693,0,0,0.014176018901358535,True,0.001,0.02
3,1,37,0.0,0.0,1,propagule,1664,0,0,0.012620192307692308,True,0.001,0.02
3,1,38,0.0,0.0,1,propagule,1646,0,0,0.015188335358444714,True,0.001,0.02
3,1,39,0.0,0.0,1,propagule,1611,0,0,0.013656114214773432,True,0.001,0.02
3,1,40,0.0,0.0,1,propagule,1590,0,0,0.014465408805031447,True,0.001,0.02
3,1,41,0.0,0.0,1,propagule,1556,0,0,0.013496143958868894,True,0.001,0.02
3,1,42,0.0,0.0,1,propagule,1543,0,0,0.014257939079714841,True,0.001,0.02
3,1,43,0.0,0.0,1,propagule,1512,0,0,0.021825396825396824,True,0.001,0.02
3,1,44,0.0,0.0,1,propagule,1506,0,0,0.024568393094289508,True,0.001,0.02
3,1,45,0.0,0.0,1,propagule,1463,0,0,0.021189336978810664,True,0.001,0.02
3,1,46,0.0,0.0,1,propagule,1446,0,0,0.022821576763485476,True,0.001,0.02
3,1,47,0.0,0.0,1,propagule,1422,0,0,0.02461322081575246,True,0.001,0.02
3,1,48,0.0,0.0,1,propagule,1421,0,0,0.02674173117522871,True,0.001,0.02
3,1,49,0.0,0.0,1,propagule,1398,0,0,0.027181688125894134,True,0.001,0.02
3,1,50,0.0,0.0,1,propagule,1397,0,0,0.026485325697924122,True,0.001,0.02
3,1,51,0.0,0.0,1,propagule,1382,0,0,0.027496382054992764,True,0.001,0.02
3,1,52,0.0,0.0,1,propagule,1377,0,0,0.02832244008714597,True,0.001,0.02
3,2,1,0.0,0.0,1,propagule,1358,0,0,0.030927835051546393,True,0.001,0.02
3,2,2,0.0,0.0,1,propagule,1353,0,0,0.029563932002956393,True,0.001,0.02
3,2,3,0.0,0.0,1,propagule,1332,0,0,0.03078078078078078,True,0.001,0.02
3,2,4,0.0,0.0,1,propagule,1324,0,0,0.028700906344410877,True,0.001,0.02
3,2,5,0.0,0.0,1,propagule,1316,0,0,0.029635258358662615,True,0.001,0.02
3,2,6,0.0,0.0,1,propagule,1295,0,0,0.030115830115830116,True,0.001,0.02
3,2,7,0.0,0.0,1,propagule,1277,0,0,0.031323414252153486,True,0.001,0.02
3,2,8,0.0,0.0,1,propagule,1269,0,0,0.030732860520094562,True,0.001,0.02
3,2,9,0.0,0.0,1,propagule,1239,0,0,0.031476997578692496,True,0.001,0.02
3,2,10,0.0,0.0,1,propagule,1249,0,0,0.03282626100880705,True,0.001,0.02
3,2,11,0.0,0.0,1,propagule,1226,0,0,0.03181076672104405,True,0.001,0.02
3,2,12,0.0,0.0,1,propagule,1226,0,0,0.033442088091353996,True,0.001,0.02
3,2,13,0.0,0.0,1,propagule,1193,0,0,0.03520536462699078,True,0.001,0.02
3,2,14,0.0,0.0,1,propagule,1188,0,0,0.034511784511784514,True,0.001,0.02
3,2,15,0.0,0.0,1,propagule,1169,0,0,0.03507271171941831,True,0.001,0.02
3,2,16,0.0,0.0,1,propagule,1173,0,0,0.03751065643648764,True,0.001,0.02
3,2,17,0.0,0.0,1,propagule,1143,0,0,0.03674540682414698,True,0.001,0.02
3,2,18,0.0,0.0,1,propagule,2209,0,0,0.018560434585785424,True,0.001,0.02
3,2,19,0.0,0.0,1,propagule,2169,0,0,0.01705855232826187,True,0.001,0.02
3,2,20,0.0,0.0,1,propagule,2152,0,0,0.019981412639405203,True,0.001,0.02
3,2,21,0.0,0.0,1,propagule,2088,0,0,0.01867816091954023,True,0.001,0.02
3,2,22,0.0,0.0,1,propagule,2060,0,0,0.020388349514563107,True,0.001,0.02
3,2,23,0.0,0.0,1,propagule,2007,0,0,0.017937219730941704,True,0.001,0.02
3,2,24,0.0,0.0,1,propagule,2001,0,0,0.02048975512243878,True,0.001,0.02
3,2,25,0.0,0.0,1,propagule,1968,0,0,0.018292682926829267,True,0.001,0.02
3,2,26,0.0,0.0,1,propagule,1961,0,0,0.020907700152983173,True,0.001,0.02
3,2,27,0.0,0.0,1,propagule,1934,0,0,0.02016546018614271,True,0.001,0.02
3,2,28,0.0,0.0,1,propagule,1922,0,0,0.022892819979188347,True,0.001,0.02
3,2,29,0.0,0.0,1,propagule,1869,0,0,0.02086677367576244,True,0.001,0.02
3,2,30,0.0,0.0,1,propagule,1855,0,0,0.022102425876010783,True,0.001,0.02
3,2,31,0.0,0.0,1,propagule,1837,0,0,0.01905280348394121,True,0.001,0.02
3,2,32,0.0,0.0,1,propagule,1837,0,0,0.02231899836690256,True,0.001,0.02
3,2,33,0.0,0.0,1,propagule,1789,0,0,0.021240916713247623,True,0.001,0.02
3,2,34,0.0,0.0,1,propagule,1779,0,0,0.022484541877459248,True,0.001,0.02
3,2,35,0.0,0.0,1,propagule,1730,0,0,0.021965317919075144,True,0.001,0.02
3,2,36,0.0,0.0,1,propagule,1735,0,0,0.02478386167146974,True,0.001,0.02
3,2,37,0.0,0.0,1,propagule,1687,0,0,0.024303497332542976,True,0.001,0.02
3,2,38,0.0,0.0,1,propagule,1676,0,0,0.0256563245823389,True,0.001,0.02
3,2,39,0.0,0.0,1,propagule,1648,0,0,0.025485436893203883,True,0.001,0.02
3,2,40,0.0,0.0,1,propagule,1654,0,0,0.024788391777509067,True,0.001,0.02
3,2,41,0.0,0.0,1,propagule,1623,0,0,0.025261860751694395,True,0.001,0.02
3,2,42,0.0,0.0,1,propagule,1619,0,0,0.025941939468807906,True,0.001,0.02
3,2,43,0.0,0.0,1,propagule,1622,0,0,0.04500616522811344,True,0.001,0.02
3,2,44,0.0,0.0,1,propagule,1599,0,0,0.04252657911194497,True,0.001,0.02
3,2,45,0.0,0.0,1,propagule,1582,0,0,0.0461441213653603,True,0.001,0.02
3,2,46,0.0,0.0,1,propagule,1595,0,0,0.058307210031347964,True,0.001,0.02
3,2,47,0.0,0.0,1,propagule,1584,0,0,0.06060606060606061,True,0.001,0.02
3,2,48,0.0,0.0,1,propagule,1594,0,0,0.06838143036386449,True,0.001,0.02
3,2,49,0.0,0.0,1,propagule,1585,0,0,0.07570977917981073,True,0.001,0.02
3,2,50,0.0,0.0,1,propagule,1584,0,0,0.08207070707070707,True,0.001,0.02
3,2,51,0.0,0.0,1,propagule,1598,0,0,0.09073842302878599,True,0.001,0.02
3,2,52,0.0,0.0,1,propagule,1583,0,0,0.0890713834491472,True,0.001,0.02
3,3,1,0.0,0.0,1,propagule,1591,0,0,0.09428032683846638,True,0.001,0.02
3,3,2,0.0,0.0,1,propagule,1575,0,0,0.09206349206349207,True,0.001,0.02
3,3,3,0.0,0.0,1,propagule,1591,0,0,0.10119421747328725,True,0.001,0.02
3,3,4,0.0,0.0,1,propagule,1563,0,0,0.09404990403071017,True,0.001,0.02
3,3,5,0.0,0.0,1,propagule,1562,0,0,0.10115236875800256,True,0.001,0.02
3,3,6,0.0,0.0,1,propagule,1544,0,0,0.0977979274611399,True,0.001,0.02
3,3,7,0.0,0.0,1,propagule,1548,0,0,0.1078811369509044,True,0.001,0.02
3,3,8,0.0,0.0,1,propagule,1513,0,0,0.09715796430931924,True,0.001,0.02
3,3,9,0.0,0.0,1,propagule,1522,0,0,0.10643889618922471,True,0.001,0.02
3,3,10,0.0,0.0,1,propagule,1489,0,0,0.10006715916722633,True,0.001,0.02
3,3,11,0.0,0.0,1,propagule,1501,0,0,0.11192538307794804,True,0.001,0.02
3,3,12,0.0,0.0,1,propagule,1483,0,0,0.10316925151719487,True,0.001,0.02
3,3,13,0.0,0.0,1,propagule,1490,0,0,0.11342281879194631,True,0.001,0.02
3,3,14,0.0,0.0,1,propagule,1446,0,0,0.0995850622406639,True,0.001,0.02
3,3,15,0.0,0.0,1,propagule,1457,0,0,0.11187371310912834,True,0.001,0.02
3,3,16,0.0,0.0,1,propagule,1433,0,0,0.10746685275645498,True,0.001,0.02
3,3,17,0.0,0.0,1,propagule,1429,0,0,0.11826452064380685,True,0.001,0.02
3,3,18,0.0,0.0,1,propagule,3274,0,0,0.046426389737324374,True,0.001,0.02
3,3,19,0.0,0.0,1,propagule,3265,0,0,0.051761102603369066,True,0.001,0.02
3,3,20,0.0,0.0,1,propagule,3088,0,0,0.04630829015544041,True,0.001,0.02
3,3,21,0.0,0.0,1,propagule,3149,0,0,0.05335026992696094,True,0.001,0.02
3,3,22,0.0,0.0,1,propagule,3080,0,0,0.04772727272727273,True,0.001,0.02
3,3,23,0.0,0.0,1,propagule,3130,0,0,0.05750798722044728,True,0.001,0.02
3,3,24,0.0,0.0,1,propagule,2968,0,0,0.051549865229110516,True,0.001,0.02
3,3,25,0.0,0.0,1,propagule,3037,0,0,0.06025683240039513,True,0.001,0.02
3,3,26,0.0,0.0,1,propagule,2843,0,0,0.05240942666197679,True,0.001,0.02
3,3,27,0.0,0.0,1,propagule,2910,0,0,0.058419243986254296,True,0.001,0.02
3,3,28,0.0,0.0,1,propagule,2779,0,0,0.05793450881612091,True,0.001,0.02
3,3,29,0.0,0.0,1,propagule,2859,0,0,0.06365862189576775,True,0.001,0.02
3,3,30,0.0,0.0,1,propagule,2669,0,0,0.05807418508804796,True,0.001,0.02
3,3,31,0.0,0.0,1,propagule,2766,0,0,0.06471438900939985,True,0.001,0.02
3,3,32,0.0,0.0,1,propagule,2611,0,0,0.05591727307545002,True,0.001,0.02
3,3,33,0.0,0.0,1,propagule,2726,0,0,0.06676449009537784,True,0.001,0.02
3,3,34,0.0,0.0,1,propagule,2534,0,0,0.05998421468034728,True,0.001,0.02
3,3,35,0.0,0.0,1,propagule,2605,0,0,0.06756238003838771,True,0.001,0.02
3,3,36,0.0,0.0,1,propagule,2474,0,0,0.06265157639450283,True,0.001,0.02
3,3,37,0.0,0.0,1,propagule,2513,0,0,0.06884202148826105,True,0.001,0.02
3,3,38,0.0,0.0,1,propagule,2420,0,0,0.0603305785123967,True,0.001,0.02
3,3,39,0.0,0.0,1,propagule,2464,0,0,0.07142857142857142,True,0.001,0.02
3,3,40,0.0,0.0,1,propagule,2449,0,0,0.06859942833809718,True,0.001,0.02
3,3,41,0.0,0.0,1,propagule,2448,0,0,0.07230392156862746,True,0.001,0.02
3,3,42,0.0,0.0,1,propagule,2357,0,0,0.06576156130674586,True,0.001,0.02
3,3,43,0.0,0.0,1,propagule,2311,0,0,0.08221549112938122,True,0.001,0.02
3,3,44,0.0,0.0,1,propagule,2259,0,0,0.0787959274015051,True,0.001,0.02
3,3,45,0.0,0.0,1,propagule,2277,0,0,0.09046991655687307,True,0.001,0.02
3,3,46,0.0,0.0,1,propagule,2300,0,0,0.09782608695652174,True,0.001,0.02
3,3,47,0.0,0.0,1,propagule,2330,0,0,0.1017167381974249,True,0.001,0.02
3,3,48,0.0,0.0,1,propagule,2329,0,0,0.10905968226706741,True,0.001,0.02
3,3,49,0.0,0.0,1,propagule,2320,0,0,0.11336206896551725,True,0.001,0.02
3,3,50,0.0,0.0,1,propagule,2313,0,0,0.11456982274102896,True,0.001,0.02
3,3,51,0.0,0.0,1,propagule,2296,0,0,0.11803135888501742,True,0.001,0.02
3,3,52,0.0,0.0,1,propagule,2282,0,0,0.1161262050832603,True,0.001,0.02
3,4,1,0.0,0.0,1,propagule,2253,0,0,0.12117177097203728,True,0.001,0.02
3,4,2,0.0,0.0,1,propagule,2232,0,0,0.12007168458781362,True,0.001,0.02
3,4,3,0.0,0.0,1,propagule,2205,0,0,0.12063492063492064,True,0.001,0.02
3,4,4,0.0,0.0,1,propagule,2190,0,0,0.12009132420091324,True,0.001,0.02
3,4,5,0.0,0.0,1,propagule,2159,0,0,0.12274201018990273,True,0.001,0.02
3,4,6,0.0,0.0,1,propagule,2130,0,0,0.12065727699530517,True,0.001,0.02
3,4,7,0.0,0.0,1,propagule,2097,0,0,0.1235097758702909,True,0.001,0.02
3,4,8,0.0,0.0,1,propagule,2081,0,0,0.12301777991350313,True,0.001,0.02
3,4,9,0.0,0.0,1,propagule,2063,0,0,0.12603005332040718,True,0.001,0.02
3,4,10,0.0,0.0,1,propagule,2040,0,0,0.12450980392156863,True,0.001,0.02
3,4,11,0.0,0.0,1,propagule,2028,0,0,0.1267258382642998,True,0.001,0.02
3,4,12,0.0,0.0,1,propagule,2017,0,0,0.1264253842340109,True,0.001,0.02
3,4,13,0.0,0.0,1,propagule,1998,0,0,0.12962962962962962,True,0.001,0.02
3,4,14,0.0,0.0,1,propagule,1978,0,0,0.1263902932254803,True,0.001,0.02
3,4,15,0.0,0.0,1,propagule,1953,0,0,0.12800819252432155,True,0.001,0.02
3,4,16,0.0,0.0,1,propagule,1939,0,0,0.12893243940175347,True,0.001,0.02
3,4,17,0.0,0.0,1,propagule,1920,0,0,0.12916666666666668,True,0.001,0.02
3,4,18,0.0,0.0,1,propagule,4155,0,0,0.0592057761732852,True,0.001,0.02
3,4,19,0.0,0.0,1,propagule,4089,0,0,0.06040596722915138,True,0.001,0.02
3,4,20,0.0,0.0,1,propagule,4031,0,0,0.06127511783676507,True,0.001,0.02
3,4,21,0.0,0.0,1,propagule,4000,0,0,0.062,True,0.001,0.02
3,4,22,0.0,0.0,1,propagule,3916,0,0,0.06281920326864147,True,0.001,0.02
3,4,23,0.0,0.0,1,propagule,3842,0,0,0.06402915148360229,True,0.001,0.02
3,4,24,0.0,0.0,1,propagule,3765,0,0,0.06374501992031872,True,0.001,0.02
3,4,25,0.0,0.0,1,propagule,3702,0,0,0.06509994597514857,True,0.001,0.02
3,4,26,0.0,0.0,1,propagule,3629,0,0,0.06585836318545053,True,0.001,0.02
3,4,27,0.0,0.0,1,propagule,3585,0,0,0.06750348675034867,True,0.001,0.02
3,4,28,0.0,0.0,1,propagule,3527,0,0,0.06634533597958606,True,0.001,0.02
3,4,29,0.0,0.0,1,propagule,3502,0,0,0.06767561393489435,True,0.001,0.02
3,4,30,0.0,0.0,1,propagule,3460,0,0,0.06705202312138728,True,0.001,0.02
3,4,31,0.0,0.0,1,propagule,3439,0,0,0.06862460017446932,True,0.001,0.02
3,4,32,0.0,0.0,1,propagule,3375,0,0,0.06903703703703704,True,0.001,0.02
3,4,33,0.0,0.0,1,propagule,3318,0,0,0.07022302591922845,True,0.001,0.02
3,4,34,0.0,0.0,1,propagule,3252,0,0,0.07195571955719557,True,0.001,0.02
3,4,35,0.0,0.0,1,propagule,3210,0,0,0.07258566978193147,True,0.001,0.02
3,4,36,0.0,0.0,1,propagule,3155,0,0,0.07416798732171156,True,0.001,0.02
3,4,37,0.0,0.0,1,propagule,3112,0,0,0.07358611825192803,True,0.001,0.02
3,4,38,0.0,0.0,1,propagule,3078,0,0,0.07537361923326835,True,0.001,0.02
3,4,39,0.0,0.0,1,propagule,3040,0,0,0.075,True,0.001,0.02
3,4,40,0.0,0.0,1,propagule,3012,0,0,0.07602921646746348,True,0.001,0.02
3,4,41,0.0,0.0,1,propagule,2978,0,0,0.07521826729348556,True,0.001,0.02
3,4,42,0.0,0.0,1,propagule,2956,0,0,0.07645466847090664,True,0.001,0.02
3,4,43,0.0,0.0,1,propagule,2818,0,0,0.09261887863733144,True,0.001,0.02
3,4,44,0.0,0.0,1,propagule,2727,0,0,0.08250825082508251,True,0.001,0.02
3,4,45,0.0,0.0,1,propagule,2729,0,0,0.08831073653352876,True,0.001,0.02
3,4,46,0.0,0.0,1,propagule,2772,0,0,0.0992063492063492,True,0.001,0.02
3,4,47,0.0,0.0,1,propagule,2802,0,0,0.10742326909350464,True,0.001,0.02
3,4,48,0.0,0.0,1,propagule,2836,0,0,0.11283497884344147,True,0.001,0.02
3,4,49,0.0,0.0,1,propagule,2822,0,0,0.11693834160170093,True,0.001,0.02
3,4,50,0.0,0.0,1,propagule,2833,0,0,0.12354394634662902,True,0.001,0.02
3,4,51,0.0,0.0,1,propagule,2819,0,0,0.12841433132316424,True,0.001,0.02
3,4,52,0.0,0.0,1,propagule,2794,0,0,0.12813171080887617,True,0.001,0.02
3,5,1,0.0,0.0,1,propagule,2776,0,0,0.1307636887608069,True,0.001,0.02
3,5,2,0.0,0.0,1,propagule,2759,0,0,0.12975715839072127,True,0.001,0.02
3,5,3,0.0,0.0,1,propagule,2724,0,0,0.13069016152716592,True,0.001,0.02
3,5,4,0.0,0.0,1,propagule,2703,0,0,0.1313355530891602,True,0.001,0.02
3,5,5,0.0,0.0,1,propagule,2681,0,0,0.13241327862737784,True,0.001,0.02
3,5,6,0.0,0.0,1,propagule,2653,0,0,0.13079532604598568,True,0.001,0.02
3,5,7,0.0,0.0,1,propagule,2617,0,0,0.1322124570118456,True,0.001,0.02
3,5,8,0.0,0.0,1,propagule,2602,0,0,0.13259031514219832,True,0.001,0.02
3,5,9,0.0,0.0,1,propagule,2560,0,0,0.13359375,True,0.001,0.02
3,5,10,0.0,0.0,1,propagule,2543,0,0,0.1340935902477389,True,0.001,0.02
3,5,11,0.0,0.0,1,propagule,2504,0,0,0.13458466453674123,True,0.001,0.02
3,5,12,0.0,0.0,1,propagule,2493,0,0,0.13678299237866026,True,0.001,0.02
3,5,13,0.0,0.0,1,propagule,2473,0,0,0.13505863323898099,True,0.001,0.02
3,5,14,0.0,0.0,1,propagule,2448,0,0,0.136437908496732,True,0.001,0.02
3,5,15,0.0,0.0,1,propagule,2415,0,0,0.13581780538302277,True,0.001,0.02
3,5,16,0.0,0.0,1,propagule,2404,0,0,0.13685524126455906,True,0.001,0.02
3,5,17,0.0,0.0,1,propagule,2379,0,0,0.1366120218579235,True,0.001,0.02
3,5,18,0.0,0.0,1,propagule,5406,0,0,0.059563448020717724,True,0.001,0.02
3,5,19,0.0,0.0,1,propagule,5332,0,0,0.060765191297824456,True,0.001,0.02
3,5,20,0.0,0.0,1,propagule,5255,0,0,0.06108468125594672,True,0.001,0.02
3,5,21,0.0,0.0,1,propagule,5168,0,0,0.062113003095975235,True,0.001,0.02
3,5,22,0.0,0.0,1,propagule,5087,0,0,0.0625122862197759,True,0.001,0.02
3,5,23,0.0,0.0,1,propagule,4979,0,0,0.06206065474994979,True,0.001,0.02
3,5,24,0.0,0.0,1,propagule,4869,0,0,0.06181967549804888,True,0.001,0.02
3,5,25,0.0,0.0,1,propagule,4758,0,0,0.06368221941992434,True,0.001,0.02
3,5,26,0.0,0.0,1,propagule,4637,0,0,0.06448134569764934,True,0.001,0.02
3,5,27,0.0,0.0,1,propagule,4549,0,0,0.06418993185315454,True,0.001,0.02
3,5,28,0.0,0.0,1,propagule,4453,0,0,0.06490006737031215,True,0.001,0.02
3,5,29,0.0,0.0,1,propagule,4383,0,0,0.06593657312343144,True,0.001,0.02
3,5,30,0.0,0.0,1,propagule,4325,0,0,0.06705202312138728,True,0.001,0.02
3,5,31,0.0,0.0,1,propagule,4224,0,0,0.06699810606060606,True,0.001,0.02
3,5,32,0.0,0.0,1,propagule,4188,0,0,0.06829035339063992,True,0.001,0.02
3,5,33,0.0,0.0,1,propagule,4127,0,0,0.0692997334625636,True,0.001,0.02
3,5,34,0.0,0.0,1,propagule,4078,0,0,0.07013241785188817,True,0.001,0.02
3,5,35,0.0,0.0,1,propagule,3984,0,0,0.06977911646586345,True,0.001,0.02
3,5,36,0.0,0.0,1,propagule,3934,0,0,0.07041179461108286,True,0.001,0.02
3,5,37,0.0,0.0,1,propagule,3824,0,0,0.07165271966527197,True,0.001,0.02
3,5,38,0.0,0.0,1,propagule,3790,0,0,0.07229551451187335,True,0.001,0.02
3,5,39,0.0,0.0,1,propagule,3740,0,0,0.0732620320855615,True,0.001,0.02
3,5,40,0.0,0.0,1,propagule,3702,0,0,0.07320367368989736,True,0.001,0.02
3,5,41,0.0,0.0,1,propagule,3628,0,0,0.07414553472987873,True,0.001,0.02
3,5,42,0.0,0.0,1,propagule,3603,0,0,0.07466000555092978,True,0.001,0.02
3,5,43,0.0,0.0,1,propagule,3382,0,0,0.08367829686575991,True,0.001,0.02
3,5,44,0.0,0.0,1,propagule,3292,0,0,0.08201701093560146,True,0.001,0.02
3,5,45,0.0,0.0,1,propagule,3317,0,0,0.08622249020198974,True,0.001,0.02
3,5,46,0.0,0.0,1,propagule,3380,0,0,0.0940828402366864,True,0.001,0.02
3,5,47,0.0,0.0,1,propagule,3428,0,0,0.10268378063010501,True,0.001,0.02
3,5,48,0.0,0.0,1,propagule,3460,0,0,0.10867052023121387,True,0.001,0.02
3,5,49,0.0,0.0,1,propagule,3452,0,0,0.10921205098493626,True,0.001,0.02
3,5,50,0.0,0.0,1,propagule,3453,0,0,0.11352447147408051,True,0.001,0.02
3,5,51,0.0,0.0,1,propagule,3442,0,0,0.1167925624636839,True,0.001,0.02
3,5,52,0.0,0.0,1,propagule,3436,0,0,0.12048894062863795,True,0.001,0.02
3,6,1,0.0,0.0,1,propagule,3408,0,0,0.12177230046948356,True,0.001,0.02
3,6,2,0.0,0.0,1,propagule,3395,0,0,0.12282768777614138,True,0.001,0.02
3,6,3,0.0,0.0,1,propagule,3359,0,0,0.12354867520095267,True,0.001,0.02
3,6,4,0.0,0.0,1,propagule,3330,0,0,0.12432432432432433,True,0.001,0.02
3,6,5,0.0,0.0,1,propagule,3288,0,0,0.12469586374695864,True,0.001,0.02
3,6,6,0.0,0.0,1,propagule,3260,0,0,0.1245398773006135,True,0.001,0.02
3,6,7,0.0,0.0,1,propagule,3233,0,0,0.12557995669656666,True,0.001,0.02
3,6,8,0.0,0.0,1,propagule,3209,0,0,0.12589591773138048,True,0.001,0.02
3,6,9,0.0,0.0,1,propagule,3183,0,0,0.12661011624253848,True,0.001,0.02
3,6,10,0.0,0.0,1,propagule,3154,0,0,0.12618896639188332,True,0.001,0.02
3,6,11,0.0,0.0,1,propagule,3125,0,0,0.1264,True,0.001,0.02
3,6,12,0.0,0.0,1,propagule,3099,0,0,0.12616973217166827,True,0.001,0.02
3,6,13,0.0,0.0,1,propagule,3077,0,0,0.12674683132921677,True,0.001,0.02
3,6,14,0.0,0.0,1,propagule,3055,0,0,0.1276595744680851,True,0.001,0.02
3,6,15,0.0,0.0,1,propagule,3026,0,0,0.12822207534699273,True,0.001,0.02
3,6,16,0.0,0.0,1,propagule,3005,0,0,0.12845257903494176,True,0.001,0.02
3,6,17,0.0,0.0,1,propagule,2981,0,0,0.12780945991278095,True,0.001,0.02
3,6,18,0.0,0.0,1,propagule,6614,0,0,0.057302691260961595,True,0.001,0.02
3,6,19,0.0,0.0,1,propagule,6530,0,0,0.05681470137825421,True,0.001,0.02
3,6,20,0.0,0.0,1,propagule,6423,0,0,0.05744978981784213,True,0.001,0.02
3,6,21,0.0,0.0,1,propagule,6303,0,0,0.05759162303664921,True,0.001,0.02
3,6,22,0.0,0.0,1,propagule,6191,0,0,0.05766435147795187,True,0.001,0.02
3,6,23,0.0,0.0,1,propagule,6075,0,0,0.05860082304526749,True,0.001,0.02
3,6,24,0.0,0.0,1,propagule,5960,0,0,0.05838926174496644,True,0.001,0.02
3,6,25,0.0,0.0,1,propagule,5871,0,0,0.05944472832566854,True,0.001,0.02
3,6,26,0.0,0.0,1,propagule,5788,0,0,0.05995162404975812,True,0.001,0.02
3,6,27,0.0,0.0,1,propagule,5719,0,0,0.060500087427872,True,0.001,0.02
3,6,28,0.0,0.0,1,propagule,5608,0,0,0.06080599144079886,True,0.001,0.02
3,6,29,0.0,0.0,1,propagule,5512,0,0,0.06150217706821481,True,0.001,0.02
3,6,30,0.0,0.0,1,propagule,5426,0,0,0.06155547364541098,True,0.001,0.02
3,6,31,0.0,0.0,1,propagule,5319,0,0,0.06241774769693551,True,0.001,0.02
3,6,32,0.0,0.0,1,propagule,5242,0,0,0.06276230446394505,True,0.001,0.02
3,6,33,0.0,0.0,1,propagule,5158,0,0,0.06359053896859247,True,0.001,0.02
3,6,34,0.0,0.0,1,propagule,5089,0,0,0.06366673216741993,True,0.001,0.02
3,6,35,0.0,0.0,1,propagule,4998,0,0,0.06482593037214886,True,0.001,0.02
3,6,36,0.0,0.0,1,propagule,4913,0,0,0.06533686138815388,True,0.001,0.02
3,6,37,0.0,0.0,1,propagule,4814,0,0,0.0656418778562526,True,0.001,0.02
3,6,38,0.0,0.0,1,propagule,4767,0,0,0.06670862177470108,True,0.001,0.02
3,6,39,0.0,0.0,1,propagule,4705,0,0,0.0669500531349628,True,0.001,0.02
3,6,40,0.0,0.0,1,propagule,4659,0,0,0.06825499034127495,True,0.001,0.02
3,6,41,0.0,0.0,1,propagule,4601,0,0,0.06802868941534448,True,0.001,0.02
3,6,42,0.0,0.0,1,propagule,4553,0,0,0.06896551724137931,True,0.001,0.02
3,6,43,0.0,0.0,1,propagule,4171,0,0,0.07072644449772236,True,0.001,0.02
3,6,44,0.0,0.0,1,propagule,4100,0,0,0.07195121951219512,True,0.001,0.02
3,6,45,0.0,0.0,1,propagule,4095,0,0,0.07228327228327229,True,0.001,0.02
3,6,46,0.0,0.0,1,propagule,4143,0,0,0.07796282886797007,True,0.001,0.02
3,6,47,0.0,0.0,1,propagule,4174,0,0,0.08121705797795879,True,0.001,0.02
3,6,48,0.0,0.0,1,propagule,4197,0,0,0.08672861567786515,True,0.001,0.02
3,6,49,0.0,0.0,1,propagule,4198,0,0,0.08980466888994759,True,0.001,0.02
3,6,50,0.0,0.0,1,propagule,4201,0,0,0.0923589621518686,True,0.001,0.02
3,6,51,0.0,0.0,1,propagule,4172,0,0,0.0941994247363375,True,0.001,0.02
3,6,52,0.0,0.0,1,propagule,4154,0,0,0.09484833895040924,True,0.001,0.02
3,7,1,0.0,0.0,1,propagule,4123,0,0,0.09531894251758428,True,0.001,0.02
3,7,2,0.0,0.0,1,propagule,4087,0,0,0.09664790800097871,True,0.001,0.02
3,7,3,0.0,0.0,1,propagule,4057,0,0,0.09711609563717032,True,0.001,0.02
3,7,4,0.0,0.0,1,propagule,4025,0,0,0.09763975155279503,True,0.001,0.02
3,7,5,0.0,0.0,1,propagule,3989,0,0,0.09776886437703686,True,0.001,0.02
3,7,6,0.0,0.0,1,propagule,3955,0,0,0.09810366624525917,True,0.001,0.02
3,7,7,0.0,0.0,1,propagule,3923,0,0,0.09966862095335202,True,0.001,0.02
3,7,8,0.0,0.0,1,propagule,3896,0,0,0.10061601642710473,True,0.001,0.02
3,7,9,0.0,0.0,1,propagule,3857,0,0,0.1005963183821623,True,0.001,0.02
3,7,10,0.0,0.0,1,propagule,3826,0,0,0.10010454783063251,True,0.001,0.02
3,7,11,0.0,0.0,1,propagule,3790,0,0,0.10079155672823219,True,0.001,0.02
3,7,12,0.0,0.0,1,propagule,3769,0,0,0.10082249933669409,True,0.001,0.02
3,7,13,0.0,0.0,1,propagule,3733,0,0,0.1023305652290383,True,0.001,0.02
3,7,14,0.0,0.0,1,propagule,3700,0,0,0.10135135135135136,True,0.001,0.02
3,7,15,0.0,0.0,1,propagule,3665,0,0,0.10177353342428376,True,0.001,0.02
3,7,16,0.0,0.0,1,propagule,3642,0,0,0.10241625480505218,True,0.001,0.02
3,7,17,0.0,0.0,1,propagule,3601,0,0,0.10358233823937794,True,0.001,0.02
3,7,18,0.0,0.0,1,propagule,8138,0,0,0.045465716392233964,True,0.001,0.02
3,7,19,0.0,0.0,1,propagule,8007,0,0,0.046084675908579995,True,0.001,0.02
3,7,20,0.0,0.0,1,propagule,7870,0,0,0.04650571791613723,True,0.001,0.02
3,7,21,0.0,0.0,1,propagule,7754,0,0,0.0470724787206603,True,0.001,0.02
3,7,22,0.0,0.0,1,propagule,7622,0,0,0.04749409603778536,True,0.001,0.02
3,7,23,0.0,0.0,1,propagule,7463,0,0,0.04810397963285542,True,0.001,0.02
3,7,24,0.0,0.0,1,propagule,7327,0,0,0.048860379418588784,True,0.001,0.02
3,7,25,0.0,0.0,1,propagule,7229,0,0,0.04952275556785171,True,0.001,0.02
3,7,26,0.0,0.0,1,propagule,7079,0,0,0.049442011583557,True,0.001,0.02
3,7,27,0.0,0.0,1,propagule,6935,0,0,0.05032444124008652,True,0.001,0.02
3,7,28,0.0,0.0,1,propagule,6797,0,0,0.05105193467706341,True,0.001,0.02
3,7,29,0.0,0.0,1,propagule,6683,0,0,0.05192278916654197,True,0.001,0.02
3,7,30,0.0,0.0,1,propagule,6584,0,0,0.05255164034021871,True,0.001,0.02
3,7,31,0.0,0.0,1,propagule,6465,0,0,0.05336426914153132,True,0.001,0.02
3,7,32,0.0,0.0,1,propagule,6352,0,0,0.05415617128463476,True,0.001,0.02
3,7,33,0.0,0.0,1,propagule,6243,0,0,0.05510171391958994,True,0.001,0.02
3,7,34,0.0,0.0,1,propagule,6154,0,0,0.05589860253493663,True,0.001,0.02
3,7,35,0.0,0.0,1,propagule,6090,0,0,0.05599343185550082,True,0.001,0.02
3,7,36,0.0,0.0,1,propagule,5981,0,0,0.056846681156997154,True,0.001,0.02
3,7,37,0.0,0.0,1,propagule,5915,0,0,0.05714285714285714,True,0.001,0.02
3,7,38,0.0,0.0,1,propagule,5839,0,0,0.057372837814694294,True,0.001,0.02
3,7,39,0.0,0.0,1,propagule,5791,0,0,0.05784838542566051,True,0.001,0.02
3,7,40,0.0,0.0,1,propagule,5716,0,0,0.05808257522743177,True,0.001,0.02
3,7,41,0.0,0.0,1,propagule,5671,0,0,0.0585434667607124,True,0.001,0.02
3,7,42,0.0,0.0,1,propagule,5612,0,0,0.0589807555238774,True,0.001,0.02
3,7,43,0.0,0.0,1,propagule,5174,0,0,0.06474681097796675,True,0.001,0.02
3,7,44,0.0,0.0,1,propagule,5077,0,0,0.06283238132755564,True,0.001,0.02
3,7,45,0.0,0.0,1,propagule,5102,0,0,0.06566052528420227,True,0.001,0.02
3,7,46,0.0,0.0,1,propagule,5175,0,0,0.06801932367149759,True,0.001,0.02
3,7,47,0.0,0.0,1,propagule,5220,0,0,0.07049808429118774,True,0.001,0.02
3,7,48,0.0,0.0,1,propagule,5238,0,0,0.07235586101565483,True,0.001,0.02
3,7,49,0.0,0.0,1,propagule,5225,0,0,0.07425837320574162,True,0.001,0.02
3,7,50,0.0,0.0,1,propagule,5209,0,0,0.07698214628527549,True,0.001,0.02
3,7,51,0.0,0.0,1,propagule,5174,0,0,0.0784692694240433,True,0.001,0.02
3,7,52,0.0,0.0,1,propagule,5120,0,0,0.0798828125,True,0.001,0.02
3,8,1,0.0,0.0,1,propagule,5088,0,0,0.08038522012578617,True,0.001,0.02
3,8,2,0.0,0.0,1,propagule,5041,0,0,0.08093632215830192,True,0.001,0.02
3,8,3,0.0,0.0,1,propagule,4993,0,0,0.08151411976767474,True,0.001,0.02
3,8,4,0.0,0.0,1,propagule,4942,0,0,0.08134358559287738,True,0.001,0.02
3,8,5,0.0,0.0,1,propagule,4896,0,0,0.08190359477124183,True,0.001,0.02
3,8,6,0.0,0.0,1,propagule,4850,0,0,0.08247422680412371,True,0.001,0.02
3,8,7,0.0,0.0,1,propagule,4805,0,0,0.08324661810613944,True,0.001,0.02
3,8,8,0.0,0.0,1,propagule,4762,0,0,0.08378832423351533,True,0.001,0.02
3,8,9,0.0,0.0,1,propagule,4728,0,0,0.08396785109983079,True,0.001,0.02
3,8,10,0.0,0.0,1,propagule,4682,0,0,0.08436565570269115,True,0.001,0.02
3,8,11,0.0,0.0,1,propagule,4647,0,0,0.08500107596298688,True,0.001,0.02
3,8,12,0.0,0.0,1,propagule,4612,0,0,0.08564614050303555,True,0.001,0.02
3,8,13,0.0,0.0,1,propagule,4577,0,0,0.08630107057024251,True,0.001,0.02
3,8,14,0.0,0.0,1,propagule,4541,0,0,0.08676502972913455,True,0.001,0.02
3,8,15,0.0,0.0,1,propagule,4495,0,0,0.08743047830923248,True,0.001,0.02
3,8,16,0.0,0.0,1,propagule,4468,0,0,0.08751119068934646,True,0.001,0.02
3,8,17,0.0,0.0,1,propagule,4424,0,0,0.08815551537070525,True,0.001,0.02
3,8,18,0.0,0.0,1,propagule,10137,0,0,0.03837427246719937,True,0.001,0.02
3,8,19,0.0,0.0,1,propagule,10013,0,0,0.03874962548686707,True,0.001,0.02
3,8,20,0.0,0.0,1,propagule,9878,0,0,0.03927920631706823,True,0.001,0.02
3,8,21,0.0,0.0,1,propagule,9709,0,0,0.03996292100113297,True,0.001,0.02
3,8,22,0.0,0.0,1,propagule,9559,0,0,0.04027617951668585,True,0.001,0.02
3,8,23,0.0,0.0,1,propagule,9415,0,0,0.04067976633032395,True,0.001,0.02
3,8,24,0.0,0.0,1,propagule,9303,0,0,0.04084703858970225,True,0.001,0.02
3,8,25,0.0,0.0,1,propagule,9186,0,0,0.04147615937295885,True,0.001,0.02
3,8,26,0.0,0.0,1,propagule,9044,0,0,0.04212737726669615,True,0.001,0.02
3,8,27,0.0,0.0,1,propagule,8935,0,0,0.04264129826524902,True,0.001,0.02
3,8,28,0.0,0.0,1,propagule,8795,0,0,0.04320636725412166,True,0.001,0.02
3,8,29,0.0,0.0,1,propagule,8658,0,0,0.043774543774543775,True,0.001,0.02
3,8,30,0.0,0.0,1,propagule,8525,0,0,0.04410557184750733,True,0.001,0.02
3,8,31,0.0,0.0,1,propagule,8401,0,0,0.04487561004642304,True,0.001,0.02
3,8,32,0.0,0.0,1,propagule,8266,0,0,0.04536656181950157,True,0.001,0.02
3,8,33,0.0,0.0,1,propagule,8153,0,0,0.04611799337667116,True,0.001,0.02
3,8,34,0.0,0.0,1,propagule,8037,0,0,0.04641035212143835,True,0.001,0.02
3,8,35,0.0,0.0,1,propagule,7934,0,0,0.04688681623392992,True,0.001,0.02
3,8,36,0.0,0.0,1,propagule,7840,0,0,0.047448979591836735,True,0.001,0.02
3,8,37,0.0,0.0,1,propagule,7737,0,0,0.04782215328938865,True,0.001,0.02
3,8,38,0.0,0.0,1,propagule,7648,0,0,0.04837866108786611,True,0.001,0.02
3,8,39,0.0,0.0,1,propagule,7578,0,0,0.04882554763789918,True,0.001,0.02
3,8,40,0.0,0.0,1,propagule,7488,0,0,0.04927884615384615,True,0.001,0.02
3,8,41,0.0,0.0,1,propagule,7408,0,0,0.0498110151187905,True,0.001,0.02
3,8,42,0.0,0.0,1,propagule,7344,0,0,0.05038126361655773,True,0.001,0.02
3,8,43,0.0,0.0,1,propagule,6621,0,0,0.05769521220359462,True,0.001,0.02
3,8,44,0.0,0.0,1,propagule,6522,0,0,0.05887764489420423,True,0.001,0.02
3,8,45,0.0,0.0,1,propagule,6552,0,0,0.057997557997558,True,0.001,0.02
3,8,46,0.0,0.0,1,propagule,6632,0,0,0.06031363088057901,True,0.001,0.02
3,8,47,0.0,0.0,1,propagule,6723,0,0,0.06262085378551242,True,0.001,0.02
3,8,48,0.0,0.0,1,propagule,6804,0,0,0.06599059376837155,True,0.001,0.02
3,8,49,0.0,0.0,1,propagule,6808,0,0,0.06742068155111633,True,0.001,0.02
3,8,50,0.0,0.0,1,propagule,6795,0,0,0.06902133922001472,True,0.001,0.02
3,8,51,0.0,0.0,1,propagule,6756,0,0,0.06941977501480166,True,0.001,0.02
3,8,52,0.0,0.0,1,propagule,6705,0,0,0.07024608501118568,True,0.001,0.02
3,9,1,0.0,0.0,1,propagule,6650,0,0,0.07097744360902256,True,0.001,0.02
3,9,2,0.0,0.0,1,propagule,6588,0,0,0.0711900425015179,True,0.001,0.02
3,9,3,0.0,0.0,1,propagule,6515,0,0,0.07152724481964697,True,0.001,0.02
3,9,4,0.0,0.0,1,propagule,6454,0,0,0.07142857142857142,True,0.001,0.02
3,9,5,0.0,0.0,1,propagule,6409,0,0,0.0722421594632548,True,0.001,0.02
3,9,6,0.0,0.0,1,propagule,6335,0,0,0.07277032359905287,True,0.001,0.02
3,9,7,0.0,0.0,1,propagule,6277,0,0,0.07344272741755616,True,0.001,0.02
3,9,8,0.0,0.0,1,propagule,6217,0,0,0.07350812288885314,True,0.001,0.02
3,9,9,0.0,0.0,1,propagule,6153,0,0,0.07443523484479116,True,0.001,0.02
3,9,10,0.0,0.0,1,propagule,6095,0,0,0.07481542247744052,True,0.001,0.02
3,9,11,0.0,0.0,1,propagule,6038,0,0,0.0756873136800265,True,0.001,0.02
3,9,12,0.0,0.0,1,propagule,5969,0,0,0.0762271737309432,True,0.001,0.02
3,9,13,0.0,0.0,1,propagule,5916,0,0,0.07707910750507099,True,0.001,0.02
3,9,14,0.0,0.0,1,propagule,5849,0,0,0.07779107539750385,True,0.001,0.02
3,9,15,0.0,0.0,1,propagule,5809,0,0,0.07849888104665174,True,0.001,0.02
3,9,16,0.0,0.0,1,propagule,5765,0,0,0.0787510841283608,True,0.001,0.02
3,9,17,0.0,0.0,1,propagule,5726,0,0,0.07911281872162068,True,0.001,0.02
3,9,18,0.0,0.0,1,propagule,12438,0,0,0.030229940504904327,True,0.001,0.02
3,9,19,0.0,0.0,1,propagule,12259,0,0,0.030752916224814422,True,0.001,0.02
3,9,20,0.0,0.0,1,propagule,12065,0,0,0.03116452548694571,True,0.001,0.02
3,9,21,0.0,0.0,1,propagule,11893,0,0,0.031531152778945595,True,0.001,0.02
3,9,22,0.0,0.0,1,propagule,11728,0,0,0.03197476125511596,True,0.001,0.02
3,9,23,0.0,0.0,1,propagule,11540,0,0,0.03232235701906413,True,0.001,0.02
3,9,24,0.0,0.0,1,propagule,11355,0,0,0.03284896521356231,True,0.001,0.02
3,9,25,0.0,0.0,1,propagule,11155,0,0,0.03334827431645002,True,0.001,0.02
3,9,26,0.0,0.0,1,propagule,11007,0,0,0.033524121013900246,True,0.001,0.02
3,9,27,0.0,0.0,1,propagule,10830,0,0,0.033702677746999074,True,0.001,0.02
3,9,28,0.0,0.0,1,propagule,10688,0,0,0.03405688622754491,True,0.001,0.02
3,9,29,0.0,0.0,1,propagule,10530,0,0,0.03447293447293447,True,0.001,0.02
3,9,30,0.0,0.0,1,propagule,10383,0,0,0.03496099393238948,True,0.001,0.02
3,9,31,0.0,0.0,1,propagule,10221,0,0,0.03531944036787007,True,0.001,0.02
3,9,32,0.0,0.0,1,propagule,10076,0,0,0.03572846367606193,True,0.001,0.02
3,9,33,0.0,0.0,1,propagule,9952,0,0,0.03617363344051447,True,0.001,0.02
3,9,34,0.0,0.0,1,propagule,9846,0,0,0.036461507211050175,True,0.001,0.02
3,9,35,0.0,0.0,1,propagule,9715,0,0,0.03664436438497169,True,0.001,0.02
3,9,36,0.0,0.0,1,propagule,9572,0,0,0.03687839531968241,True,0.001,0.02
3,9,37,0.0,0.0,1,propagule,9425,0,0,0.03745358090185676,True,0.001,0.02
3,9,38,0.0,0.0,1,propagule,9323,0,0,0.037863348707497586,True,0.001,0.02
3,9,39,0.0,0.0,1,propagule,9229,0,0,0.03814064362336114,True,0.001,0.02
3,9,40,0.0,0.0,1,propagule,9134,0,0,0.03853733304138384,True,0.001,0.02
3,9,41,0.0,0.0,1,propagule,9026,0,0,0.038998448925326834,True,0.001,0.02
3,9,42,0.0,0.0,1,propagule,8917,0,0,0.039363014466748905,True,0.001,0.02
3,9,43,0.0,0.0,1,propagule,8076,0,0,0.04110946012877662,True,0.001,0.02
3,9,44,0.0,0.0,1,propagule,7966,0,0,0.03979412503138338,True,0.001,0.02
3,9,45,0.0,0.0,1,propagule,7950,0,0,0.042767295597484274,True,0.001,0.02
3,9,46,0.0,0.0,1,propagule,8013,0,0,0.04542618245351304,True,0.001,0.02
3,9,47,0.0,0.0,1,propagule,8091,0,0,0.048448893832653564,True,0.001,0.02
3,9,48,0.0,0.0,1,propagule,8143,0,0,0.05022718899668427,True,0.001,0.02
3,9,49,0.0,0.0,1,propagule,8156,0,0,0.05186365865620402,True,0.001,0.02
3,9,50,0.0,0.0,1,propagule,8151,0,0,0.05398110661268556,True,0.001,0.02
3,9,51,0.0,0.0,1,propagule,8110,0,0,0.055856966707768185,True,0.001,0.02
3,9,52,0.0,0.0,1,propagule,8087,0,0,0.05700506986521578,True,0.001,0.02
3,10,1,0.0,0.0,1,propagule,8045,0,0,0.058297078931013054,True,0.001,0.02
3,10,2,0.0,0.0,1,propagule,7971,0,0,0.059340107891105255,True,0.001,0.02
3,10,3,0.0,0.0,1,propagule,7907,0,0,0.05969394207664095,True,0.001,0.02
3,10,4,0.0,0.0,1,propagule,7841,0,0,0.06032393827317944,True,0.001,0.02
3,10,5,0.0,0.0,1,propagule,7766,0,0,0.06064898274530003,True,0.001,0.02
3,10,6,0.0,0.0,1,propagule,7715,0,0,0.061049902786779,True,0.001,0.02
3,10,7,0.0,0.0,1,propagule,7656,0,0,0.061128526645768025,True,0.001,0.02
3,10,8,0.0,0.0,1,propagule,7599,0,0,0.06145545466508751,True,0.001,0.02
3,10,9,0.0,0.0,1,propagule,7536,0,0,0.06157112526539278,True,0.001,0.02
3,10,10,0.0,0.0,1,propagule,7483,0,0,0.06200721635707604,True,0.001,0.02
3,10,11,0.0,0.0,1,propagule,7414,0,0,0.06204478014567035,True,0.001,0.02
3,10,12,0.0,0.0,1,propagule,7348,0,0,0.06260206859009254,True,0.001,0.02
3,10,13,0.0,0.0,1,propagule,7284,0,0,0.06260296540362438,True,0.001,0.02
3,10,14,0.0,0.0,1,propagule,7219,0,0,0.06275107355589417,True,0.001,0.02
3,10,15,0.0,0.0,1,propagule,7172,0,0,0.0630228667038483,True,0.001,0.02
3,10,16,0.0,0.0,1,propagule,7120,0,0,0.06306179775280898,True,0.001,0.02
3,10,17,0.0,0.0,1,propagule,7070,0,0,0.06308345120226308,True,0.001,0.02
3,10,18,0.0,0.0,1,propagule,15693,0,0,0.02561651691837125,True,0.001,0.02
3,10,19,0.0,0.0,1,propagule,15462,0,0,0.025869874531108523,True,0.001,0.02
3,10,20,0.0,0.0,1,propagule,15226,0,0,0.026139498226717458,True,0.001,0.02
3,10,21,0.0,0.0,1,propagule,14969,0,0,0.026454672990847753,True,0.001,0.02
3,10,22,0.0,0.0,1,propagule,14756,0,0,0.02676877202493901,True,0.001,0.02
3,10,23,0.0,0.0,1,propagule,14517,0,0,0.026865054763380865,True,0.001,0.02
3,10,24,0.0,0.0,1,propagule,14277,0,0,0.027246620438467466,True,0.001,0.02
3,10,25,0.0,0.0,1,propagule,14073,0,0,0.027428409010161303,True,0.001,0.02
3,10,26,0.0,0.0,1,propagule,13880,0,0,0.027521613832853026,True,0.001,0.02
3,10,27,0.0,0.0,1,propagule,13685,0,0,0.027767628790646693,True,0.001,0.02
3,10,28,0.0,0.0,1,propagule,13501,0,0,0.02799792607954966,True,0.001,0.02
3,10,29,0.0,0.0,1,propagule,13339,0,0,0.028188020091461128,True,0.001,0.02
3,10,30,0.0,0.0,1,propagule,13159,0,0,0.02857359981761532,True,0.001,0.02
3,10,31,0.0,0.0,1,propagule,12983,0,0,0.02849880613109451,True,0.001,0.02
3,10,32,0.0,0.0,1,propagule,12794,0,0,0.028763482882601218,True,0.001,0.02
3,10,33,0.0,0.0,1,propagule,12614,0,0,0.02917393372443317,True,0.001,0.02
3,10,34,0.0,0.0,1,propagule,12457,0,0,0.02946134703379626,True,0.001,0.02
3,10,35,0.0,0.0,1,propagule,12286,0,0,0.029708611427641217,True,0.001,0.02
3,10,36,0.0,0.0,1,propagule,12111,0,0,0.02989018247873834,True,0.001,0.02
3,10,37,0.0,0.0,1,propagule,11960,0,0,0.030267558528428093,True,0.001,0.02
3,10,38,0.0,0.0,1,propagule,11810,0,0,0.03056731583403895,True,0.001,0.02
3,10,39,0.0,0.0,1,propagule,11683,0,0,0.030814003252589234,True,0.001,0.02
3,10,40,0.0,0.0,1,propagule,11545,0,0,0.03126894759636206,True,0.001,0.02
3,10,41,0.0,0.0,1,propagule,11424,0,0,0.03160014005602241,True,0.001,0.02
3,10,42,0.0,0.0,1,propagule,11301,0,0,0.03176710025661446,True,0.001,0.02
3,10,43,0.0,0.0,1,propagule,10153,0,0,0.032502708559046585,True,0.001,0.02
3,10,44,0.0,0.0,1,propagule,10046,0,0,0.03215210033844316,True,0.001,0.02
3,10,45,0.0,0.0,1,propagule,10080,0,0,0.03442460317460318,True,0.001,0.02
3,10,46,0.0,0.0,1,propagule,10235,0,0,0.03722520762090865,True,0.001,0.02
3,10,47,0.0,0.0,1,propagule,10299,0,0,0.03942130303913001,True,0.001,0.02
3,10,48,0.0,0.0,1,propagule,10354,0,0,0.041240100444272745,True,0.001,0.02
3,10,49,0.0,0.0,1,propagule,10355,0,0,0.04307098020280058,True,0.001,0.02
3,10,50,0.0,0.0,1,propagule,10372,0,0,0.04512148091014269,True,0.001,0.02
3,10,51,0.0,0.0,1,propagule,10347,0,0,0.0466801971585967,True,0.001,0.02
3,10,52,0.0,0.0,1,propagule,10303,0,0,0.04736484519072115,True,0.001,0.02
3,1,1,0.0,0.0,1,propagule,886,0,0,0.0,True,0.001,0.025
3,1,2,0.0,0.0,1,propagule,890,0,0,0.0,True,0.001,0.025
3,1,3,0.0,0.0,1,propagule,878,0,0,0.0011389521640091116,True,0.001,0.025
3,1,4,0.0,0.0,1,propagule,866,0,0,0.0023094688221709007,True,0.001,0.025
3,1,5,0.0,0.0,1,propagule,870,0,0,0.0022988505747126436,True,0.001,0.025
3,1,6,0.0,0.0,1,propagule,864,0,0,0.0023148148148148147,True,0.001,0.025
3,1,7,0.0,0.0,1,propagule,867,0,0,0.002306805074971165,True,0.001,0.025
3,1,8,0.0,0.0,1,propagule,841,0,0,0.0023781212841854932,True,0.001,0.025
3,1,9,0.0,0.0,1,propagule,845,0,0,0.002366863905325444,True,0.001,0.025
3,1,10,0.0,0.0,1,propagule,829,0,0,0.0024125452352231603,True,0.001,0.025
3,1,11,0.0,0.0,1,propagule,829,0,0,0.0024125452352231603,True,0.001,0.025
3,1,12,0.0,0.0,1,propagule,804,0,0,0.0024875621890547263,True,0.001,0.025
3,1,13,0.0,0.0,1,propagule,812,0,0,0.0024630541871921183,True,0.001,0.025
3,1,14,0.0,0.0,1,propagule,779,0,0,0.0025673940949935813,True,0.001,0.025
3,1,15,0.0,0.0,1,propagule,791,0,0,0.0037926675094816687,True,0.001,0.025
3,1,16,0.0,0.0,1,propagule,774,0,0,0.003875968992248062,True,0.001,0.025
3,1,17,0.0,0.0,1,propagule,779,0,0,0.0038510911424903724,True,0.001,0.025
3,1,18,0.0,0.0,1,propagule,2203,0,0,0.0013617793917385383,True,0.001,0.025
3,1,19,0.0,0.0,1,propagule,2146,0,0,0.0013979496738117428,True,0.001,0.025
3,1,20,0.0,0.0,1,propagule,2093,0,0,0.001433349259436216,True,0.001,0.025
3,1,21,0.0,0.0,1,propagule,2029,0,0,0.0014785608674223755,True,0.001,0.025
3,1,22,0.0,0.0,1,propagule,1993,0,0,0.0015052684395383843,True,0.001,0.025
3,1,23,0.0,0.0,1,propagule,1941,0,0,0.0015455950540958269,True,0.001,0.025
3,1,24,0.0,0.0,1,propagule,1898,0,0,0.0015806111696522655,True,0.001,0.025
3,1,25,0.0,0.0,1,propagule,1869,0,0,0.0016051364365971107,True,0.001,0.025
3,1,26,0.0,0.0,1,propagule,1834,0,0,0.0027262813522355507,True,0.001,0.025
3,1,27,0.0,0.0,1,propagule,1800,0,0,0.005,True,0.001,0.025
3,1,28,0.0,0.0,1,propagule,1738,0,0,0.004602991944764097,True,0.001,0.025
3,1,29,0.0,0.0,1,propagule,1697,0,0,0.0058927519151443725,True,0.001,0.025
3,1,30,0.0,0.0,1,propagule,1652,0,0,0.005447941888619854,True,0.001,0.025
3,1,31,0.0,0.0,1,propagule,1603,0,0,0.006238303181534623,True,0.001,0.025
3,1,32,0.0,0.0,1,propagule,1596,0,0,0.005639097744360902,True,0.001,0.025
3,1,33,0.0,0.0,1,propagule,1531,0,0,0.005878510777269758,True,0.001,0.025
3,1,34,0.0,0.0,1,propagule,1497,0,0,0.006680026720106881,True,0.001,0.025
3,1,35,0.0,0.0,1,propagule,1459,0,0,0.006854009595613434,True,0.001,0.025
3,1,36,0.0,0.0,1,propagule,1416,0,0,0.009180790960451978,True,0.001,0.025
3,1,37,0.0,0.0,1,propagule,1378,0,0,0.007982583454281567,True,0.001,0.025
3,1,38,0.0,0.0,1,propagule,1348,0,0,0.008902077151335312,True,0.001,0.025
3,1,39,0.0,0.0,1,propagule,1311,0,0,0.008390541571319604,True,0.001,0.025
3,1,40,0.0,0.0,1,propagule,1287,0,0,0.00777000777000777,True,0.001,0.025
3,1,41,0.0,0.0,1,propagule,1280,0,0,0.00859375,True,0.001,0.025
3,1,42,0.0,0.0,1,propagule,1260,0,0,0.009523809523809525,True,0.001,0.025
3,1,43,0.0,0.0,1,propagule,1260,0,0,0.02619047619047619,True,0.001,0.025
3,1,44,0.0,0.0,1,propagule,1243,0,0,0.02252614641995173,True,0.001,0.025
3,1,45,0.0,0.0,1,propagule,1218,0,0,0.022167487684729065,True,0.001,0.025
3,1,46,0.0,0.0,1,propagule,1197,0,0,0.020885547201336674,True,0.001,0.025
3,1,47,0.0,0.0,1,propagule,1180,0,0,0.020338983050847456,True,0.001,0.025
3,1,48,0.0,0.0,1,propagule,1157,0,0,0.018150388936905792,True,0.001,0.025
3,1,49,0.0,0.0,1,propagule,1151,0,0,0.021720243266724587,True,0.001,0.025
3,1,50,0.0,0.0,1,propagule,1123,0,0,0.020480854853072127,True,0.001,0.025
3,1,51,0.0,0.0,1,propagule,1114,0,0,0.02244165170556553,True,0.001,0.025
3,1,52,0.0,0.0,1,propagule,1101,0,0,0.022706630336058128,True,0.001,0.025
3,2,1,0.0,0.0,1,propagule,1092,0,0,0.023809523809523808,True,0.001,0.025
3,2,2,0.0,0.0,1,propagule,1069,0,0,0.02432179607109448,True,0.001,0.025
3,2,3,0.0,0.0,1,propagule,1060,0,0,0.02547169811320755,True,0.001,0.025
3,2,4,0.0,0.0,1,propagule,1040,0,0,0.02403846153846154,True,0.001,0.025
3,2,5,0.0,0.0,1,propagule,1033,0,0,0.02420135527589545,True,0.001,0.025
3,2,6,0.0,0.0,1,propagule,1019,0,0,0.023552502453385672,True,0.001,0.025
3,2,7,0.0,0.0,1,propagule,1012,0,0,0.025691699604743084,True,0.001,0.025
3,2,8,0.0,0.0,1,propagule,999,0,0,0.026026026026026026,True,0.001,0.025
3,2,9,0.0,0.0,1,propagule,980,0,0,0.026530612244897958,True,0.001,0.025
3,2,10,0.0,0.0,1,propagule,968,0,0,0.026859504132231406,True,0.001,0.025
3,2,11,0.0,0.0,1,propagule,956,0,0,0.027196652719665274,True,0.001,0.025
3,2,12,0.0,0.0,1,propagule,943,0,0,0.029692470837751856,True,0.001,0.025
3,2,13,0.0,0.0,1,propagule,930,0,0,0.025806451612903226,True,0.001,0.025
3,2,14,0.0,0.0,1,propagule,930,0,0,0.026881720430107527,True,0.001,0.025
3,2,15,0.0,0.0,1,propagule,917,0,0,0.027262813522355506,True,0.001,0.025
3,2,16,0.0,0.0,1,propagule,899,0,0,0.027808676307007785,True,0.001,0.025
3,2,17,0.0,0.0,1,propagule,892,0,0,0.0257847533632287,True,0.001,0.025
3,2,18,0.0,0.0,1,propagule,1859,0,0,0.012910166756320602,True,0.001,0.025
3,2,19,0.0,0.0,1,propagule,1810,0,0,0.013259668508287293,True,0.001,0.025
3,2,20,0.0,0.0,1,propagule,1767,0,0,0.010752688172043012,True,0.001,0.025
3,2,21,0.0,0.0,1,propagule,1719,0,0,0.011052937754508435,True,0.001,0.025
3,2,22,0.0,0.0,1,propagule,1681,0,0,0.009518143961927425,True,0.001,0.025
3,2,23,0.0,0.0,1,propagule,1652,0,0,0.012106537530266344,True,0.001,0.025
3,2,24,0.0,0.0,1,propagule,1627,0,0,0.010448678549477565,True,0.001,0.025
3,2,25,0.0,0.0,1,propagule,1595,0,0,0.010031347962382446,True,0.001,0.025
3,2,26,0.0,0.0,1,propagule,1570,0,0,0.01019108280254777,True,0.001,0.025
3,2,27,0.0,0.0,1,propagule,1550,0,0,0.01032258064516129,True,0.001,0.025
3,2,28,0.0,0.0,1,propagule,1508,0,0,0.009283819628647215,True,0.001,0.025
3,2,29,0.0,0.0,1,propagule,1484,0,0,0.010107816711590296,True,0.001,0.025
3,2,30,0.0,0.0,1,propagule,1449,0,0,0.010351966873706004,True,0.001,0.025
3,2,31,0.0,0.0,1,propagule,1411,0,0,0.010630758327427357,True,0.001,0.025
3,2,32,0.0,0.0,1,propagule,1379,0,0,0.00870195794053662,True,0.001,0.025
3,2,33,0.0,0.0,1,propagule,1349,0,0,0.008895478131949592,True,0.001,0.025
3,2,34,0.0,0.0,1,propagule,1323,0,0,0.009070294784580499,True,0.001,0.025
3,2,35,0.0,0.0,1,propagule,1288,0,0,0.008540372670807454,True,0.001,0.025
3,2,36,0.0,0.0,1,propagule,1275,0,0,0.008627450980392156,True,0.001,0.025
3,2,37,0.0,0.0,1,propagule,1240,0,0,0.008870967741935484,True,0.001,0.025
3,2,38,0.0,0.0,1,propagule,1234,0,0,0.008914100486223663,True,0.001,0.025
3,2,39,0.0,0.0,1,propagule,1218,0,0,0.0090311986863711,True,0.001,0.025
3,2,40,0.0,0.0,1,propagule,1204,0,0,0.009136212624584718,True,0.001,0.025
3,2,41,0.0,0.0,1,propagule,1187,0,0,0.009267059814658803,True,0.001,0.025
3,2,42,0.0,0.0,1,propagule,1178,0,0,0.00933786078098472,True,0.001,0.025
3,2,43,0.0,0.0,1,propagule,1235,0,0,0.055870445344129556,True,0.001,0.025
3,2,44,0.0,0.0,1,propagule,1222,0,0,0.04582651391162029,True,0.001,0.025
3,2,45,0.0,0.0,1,propagule,1212,0,0,0.05115511551155116,True,0.001,0.025
3,2,46,0.0,0.0,1,propagule,1212,0,0,0.05115511551155116,True,0.001,0.025
3,2,47,0.0,0.0,1,propagule,1219,0,0,0.05988515176374077,True,0.001,0.025
3,2,48,0.0,0.0,1,propagule,1208,0,0,0.062086092715231786,True,0.001,0.025
3,2,49,0.0,0.0,1,propagule,1203,0,0,0.0714879467996675,True,0.001,0.025
3,2,50,0.0,0.0,1,propagule,1202,0,0,0.07737104825291181,True,0.001,0.025
3,2,51,0.0,0.0,1,propagule,1193,0,0,0.07711651299245599,True,0.001,0.025
3,2,52,0.0,0.0,1,propagule,1189,0,0,0.0832632464255677,True,0.001,0.025
3,3,1,0.0,0.0,1,propagule,1176,0,0,0.0858843537414966,True,0.001,0.025
3,3,2,0.0,0.0,1,propagule,1170,0,0,0.09145299145299145,True,0.001,0.025
3,3,3,0.0,0.0,1,propagule,1152,0,0,0.0920138888888889,True,0.001,0.025
3,3,4,0.0,0.0,1,propagule,1142,0,0,0.09369527145359019,True,0.001,0.025
3,3,5,0.0,0.0,1,propagule,1153,0,0,0.0997398091934085,True,0.001,0.025
3,3,6,0.0,0.0,1,propagule,1142,0,0,0.10157618213660245,True,0.001,0.025
3,3,7,0.0,0.0,1,propagule,1139,0,0,0.10272168568920105,True,0.001,0.025
3,3,8,0.0,0.0,1,propagule,1121,0,0,0.1008028545941124,True,0.001,0.025
3,3,9,0.0,0.0,1,propagule,1114,0,0,0.10323159784560143,True,0.001,0.025
3,3,10,0.0,0.0,1,propagule,1096,0,0,0.10127737226277372,True,0.001,0.025
3,3,11,0.0,0.0,1,propagule,1085,0,0,0.10506912442396313,True,0.001,0.025
3,3,12,0.0,0.0,1,propagule,1085,0,0,0.10506912442396313,True,0.001,0.025
3,3,13,0.0,0.0,1,propagule,1064,0,0,0.10902255639097744,True,0.001,0.025
3,3,14,0.0,0.0,1,propagule,1058,0,0,0.10775047258979206,True,0.001,0.025
3,3,15,0.0,0.0,1,propagule,1048,0,0,0.11068702290076336,True,0.001,0.025
3,3,16,0.0,0.0,1,propagule,1040,0,0,0.10865384615384616,True,0.001,0.025
3,3,17,0.0,0.0,1,propagule,1028,0,0,0.10992217898832685,True,0.001,0.025
3,3,18,0.0,0.0,1,propagule,2375,0,0,0.04673684210526316,True,0.001,0.025
3,3,19,0.0,0.0,1,propagule,2341,0,0,0.04784280222127296,True,0.001,0.025
3,3,20,0.0,0.0,1,propagule,2272,0,0,0.04753521126760563,True,0.001,0.025
3,3,21,0.0,0.0,1,propagule,2244,0,0,0.04590017825311943,True,0.001,0.025
3,3,22,0.0,0.0,1,propagule,2221,0,0,0.048626744709590275,True,0.001,0.025
3,3,23,0.0,0.0,1,propagule,2171,0,0,0.04974666052510364,True,0.001,0.025
3,3,24,0.0,0.0,1,propagule,2116,0,0,0.04678638941398866,True,0.001,0.025
3,3,25,0.0,0.0,1,propagule,2084,0,0,0.04798464491362764,True,0.001,0.025
3,3,26,0.0,0.0,1,propagule,2054,0,0,0.04965920155793573,True,0.001,0.025
3,3,27,0.0,0.0,1,propagule,1998,0,0,0.04954954954954955,True,0.001,0.025
3,3,28,0.0,0.0,1,propagule,1974,0,0,0.05116514690982776,True,0.001,0.025
3,3,29,0.0,0.0,1,propagule,1931,0,0,0.05178663904712584,True,0.001,0.025
3,3,30,0.0,0.0,1,propagule,1898,0,0,0.052160168598524764,True,0.001,0.025
3,3,31,0.0,0.0,1,propagule,1862,0,0,0.05263157894736842,True,0.001,0.025
3,3,32,0.0,0.0,1,propagule,1839,0,0,0.05328983143012507,True,0.001,0.025
3,3,33,0.0,0.0,1,propagule,1790,0,0,0.05418994413407821,True,0.001,0.025
3,3,34,0.0,0.0,1,propagule,1769,0,0,0.054267947993216506,True,0.001,0.025
3,3,35,0.0,0.0,1,propagule,1728,0,0,0.05787037037037037,True,0.001,0.025
3,3,36,0.0,0.0,1,propagule,1705,0,0,0.06334310850439882,True,0.001,0.025
3,3,37,0.0,0.0,1,propagule,1673,0,0,0.07112970711297072,True,0.001,0.025
3,3,38,0.0,0.0,1,propagule,1646,0,0,0.07533414337788578,True,0.001,0.025
3,3,39,0.0,0.0,1,propagule,1632,0,0,0.0784313725490196,True,0.001,0.025
3,3,40,0.0,0.0,1,propagule,1613,0,0,0.08059516429014259,True,0.001,0.025
3,3,41,0.0,0.0,1,propagule,1605,0,0,0.08660436137071652,True,0.001,0.025
3,3,42,0.0,0.0,1,propagule,1579,0,0,0.08613046231792273,True,0.001,0.025
3,3,43,0.0,0.0,1,propagule,1633,0,0,0.11512553582363748,True,0.001,0.025
3,3,44,0.0,0.0,1,propagule,1578,0,0,0.10836501901140684,True,0.001,0.025
3,3,45,0.0,0.0,1,propagule,1603,0,0,0.1222707423580786,True,0.001,0.025
3,3,46,0.0,0.0,1,propagule,1591,0,0,0.12382149591451917,True,0.001,0.025
3,3,47,0.0,0.0,1,propagule,1596,0,0,0.13471177944862156,True,0.001,0.025
3,3,48,0.0,0.0,1,propagule,1609,0,0,0.13921690490988192,True,0.001,0.025
3,3,49,0.0,0.0,1,propagule,1602,0,0,0.14481897627965043,True,0.001,0.025
3,3,50,0.0,0.0,1,propagule,1596,0,0,0.14661654135338345,True,0.001,0.025
3,3,51,0.0,0.0,1,propagule,1597,0,0,0.15466499686912963,True,0.001,0.025
3,3,52,0.0,0.0,1,propagule,1588,0,0,0.15365239294710328,True,0.001,0.025
3,4,1,0.0,0.0,1,propagule,1578,0,0,0.16159695817490494,True,0.001,0.025
3,4,2,0.0,0.0,1,propagule,1552,0,0,0.15979381443298968,True,0.001,0.025
3,4,3,0.0,0.0,1,propagule,1528,0,0,0.1642670157068063,True,0.001,0.025
3,4,4,0.0,0.0,1,propagule,1513,0,0,0.16192994051553206,True,0.001,0.025
3,4,5,0.0,0.0,1,propagule,1503,0,0,0.16699933466400532,True,0.001,0.025
3,4,6,0.0,0.0,1,propagule,1478,0,0,0.16576454668470908,True,0.001,0.025
3,4,7,0.0,0.0,1,propagule,1465,0,0,0.16723549488054607,True,0.001,0.025
3,4,8,0.0,0.0,1,propagule,1448,0,0,0.16988950276243095,True,0.001,0.025
3,4,9,0.0,0.0,1,propagule,1430,0,0,0.16993006993006993,True,0.001,0.025
3,4,10,0.0,0.0,1,propagule,1407,0,0,0.17199715707178392,True,0.001,0.025
3,4,11,0.0,0.0,1,propagule,1394,0,0,0.17216642754662842,True,0.001,0.025
3,4,12,0.0,0.0,1,propagule,1380,0,0,0.17318840579710146,True,0.001,0.025
3,4,13,0.0,0.0,1,propagule,1364,0,0,0.17302052785923755,True,0.001,0.025
3,4,14,0.0,0.0,1,propagule,1365,0,0,0.17435897435897435,True,0.001,0.025
3,4,15,0.0,0.0,1,propagule,1342,0,0,0.1751117734724292,True,0.001,0.025
3,4,16,0.0,0.0,1,propagule,1327,0,0,0.17633760361718162,True,0.001,0.025
3,4,17,0.0,0.0,1,propagule,1319,0,0,0.17589082638362397,True,0.001,0.025
3,4,18,0.0,0.0,1,propagule,3112,0,0,0.07551413881748072,True,0.001,0.025
3,4,19,0.0,0.0,1,propagule,3036,0,0,0.07444005270092227,True,0.001,0.025
3,4,20,0.0,0.0,1,propagule,2985,0,0,0.07537688442211055,True,0.001,0.025
3,4,21,0.0,0.0,1,propagule,2918,0,0,0.07676490747087046,True,0.001,0.025
3,4,22,0.0,0.0,1,propagule,2876,0,0,0.07927677329624479,True,0.001,0.025
3,4,23,0.0,0.0,1,propagule,2829,0,0,0.0784729586426299,True,0.001,0.025
3,4,24,0.0,0.0,1,propagule,2777,0,0,0.08102268635217862,True,0.001,0.025
3,4,25,0.0,0.0,1,propagule,2729,0,0,0.08208134847929645,True,0.001,0.025
3,4,26,0.0,0.0,1,propagule,2680,0,0,0.08283582089552238,True,0.001,0.025
3,4,27,0.0,0.0,1,propagule,2627,0,0,0.08374571754853445,True,0.001,0.025
3,4,28,0.0,0.0,1,propagule,2558,0,0,0.08287724784988272,True,0.001,0.025
3,4,29,0.0,0.0,1,propagule,2516,0,0,0.08386327503974562,True,0.001,0.025
3,4,30,0.0,0.0,1,propagule,2479,0,0,0.08430818878580072,True,0.001,0.025
3,4,31,0.0,0.0,1,propagule,2448,0,0,0.08660130718954248,True,0.001,0.025
3,4,32,0.0,0.0,1,propagule,2385,0,0,0.08763102725366877,True,0.001,0.025
3,4,33,0.0,0.0,1,propagule,2342,0,0,0.0892399658411614,True,0.001,0.025
3,4,34,0.0,0.0,1,propagule,2313,0,0,0.09252053610030264,True,0.001,0.025
3,4,35,0.0,0.0,1,propagule,2274,0,0,0.09278803869832894,True,0.001,0.025
3,4,36,0.0,0.0,1,propagule,2242,0,0,0.09589652096342552,True,0.001,0.025
3,4,37,0.0,0.0,1,propagule,2185,0,0,0.09565217391304348,True,0.001,0.025
3,4,38,0.0,0.0,1,propagule,2142,0,0,0.09477124183006536,True,0.001,0.025
3,4,39,0.0,0.0,1,propagule,2117,0,0,0.09730751062824752,True,0.001,0.025
3,4,40,0.0,0.0,1,propagule,2090,0,0,0.09952153110047847,True,0.001,0.025
3,4,41,0.0,0.0,1,propagule,2058,0,0,0.1000971817298348,True,0.001,0.025
3,4,42,0.0,0.0,1,propagule,2025,0,0,0.10123456790123457,True,0.001,0.025
3,4,43,0.0,0.0,1,propagule,1962,0,0,0.1345565749235474,True,0.001,0.025
3,4,44,0.0,0.0,1,propagule,1906,0,0,0.1259181532004197,True,0.001,0.025
3,4,45,0.0,0.0,1,propagule,1885,0,0,0.1246684350132626,True,0.001,0.025
3,4,46,0.0,0.0,1,propagule,1879,0,0,0.13145290047897817,True,0.001,0.025
3,4,47,0.0,0.0,1,propagule,1853,0,0,0.13221802482460873,True,0.001,0.025
3,4,48,0.0,0.0,1,propagule,1849,0,0,0.13358572201189833,True,0.001,0.025
3,4,49,0.0,0.0,1,propagule,1840,0,0,0.13804347826086957,True,0.001,0.025
3,4,50,0.0,0.0,1,propagule,1834,0,0,0.14122137404580154,True,0.001,0.025
3,4,51,0.0,0.0,1,propagule,1834,0,0,0.14122137404580154,True,0.001,0.025
3,4,52,0.0,0.0,1,propagule,1822,0,0,0.145993413830955,True,0.001,0.025
3,5,1,0.0,0.0,1,propagule,1814,0,0,0.14718853362734288,True,0.001,0.025
3,5,2,0.0,0.0,1,propagule,1807,0,0,0.14997232982844494,True,0.001,0.025
3,5,3,0.0,0.0,1,propagule,1788,0,0,0.15100671140939598,True,0.001,0.025
3,5,4,0.0,0.0,1,propagule,1773,0,0,0.15228426395939088,True,0.001,0.025
3,5,5,0.0,0.0,1,propagule,1757,0,0,0.15993170176437108,True,0.001,0.025
3,5,6,0.0,0.0,1,propagule,1747,0,0,0.16256439610761306,True,0.001,0.025
3,5,7,0.0,0.0,1,propagule,1742,0,0,0.1624569460390356,True,0.001,0.025
3,5,8,0.0,0.0,1,propagule,1729,0,0,0.1642567958357432,True,0.001,0.025
3,5,9,0.0,0.0,1,propagule,1722,0,0,0.16666666666666666,True,0.001,0.025
3,5,10,0.0,0.0,1,propagule,1686,0,0,0.16725978647686832,True,0.001,0.025
3,5,11,0.0,0.0,1,propagule,1689,0,0,0.17110716400236828,True,0.001,0.025
3,5,12,0.0,0.0,1,propagule,1669,0,0,0.1695626123427202,True,0.001,0.025
3,5,13,0.0,0.0,1,propagule,1663,0,0,0.1713770294648226,True,0.001,0.025
3,5,14,0.0,0.0,1,propagule,1645,0,0,0.16899696048632218,True,0.001,0.025
3,5,15,0.0,0.0,1,propagule,1643,0,0,0.17346317711503348,True,0.001,0.025
3,5,16,0.0,0.0,1,propagule,1624,0,0,0.17179802955665024,True,0.001,0.025
3,5,17,0.0,0.0,1,propagule,1617,0,0,0.17501546072974644,True,0.001,0.025
3,5,18,0.0,0.0,1,propagule,3608,0,0,0.0770509977827051,True,0.001,0.025
3,5,19,0.0,0.0,1,propagule,3558,0,0,0.07953906689151209,True,0.001,0.025
3,5,20,0.0,0.0,1,propagule,3467,0,0,0.07903086241707528,True,0.001,0.025
3,5,21,0.0,0.0,1,propagule,3387,0,0,0.08001180986123413,True,0.001,0.025
3,5,22,0.0,0.0,1,propagule,3286,0,0,0.08125380401704199,True,0.001,0.025
3,5,23,0.0,0.0,1,propagule,3222,0,0,0.08193668528864059,True,0.001,0.025
3,5,24,0.0,0.0,1,propagule,3164,0,0,0.08343868520859671,True,0.001,0.025
3,5,25,0.0,0.0,1,propagule,3114,0,0,0.08477842003853564,True,0.001,0.025
3,5,26,0.0,0.0,1,propagule,3077,0,0,0.08612284692882678,True,0.001,0.025
3,5,27,0.0,0.0,1,propagule,3013,0,0,0.08762031198141387,True,0.001,0.025
3,5,28,0.0,0.0,1,propagule,2971,0,0,0.08717603500504881,True,0.001,0.025
3,5,29,0.0,0.0,1,propagule,2905,0,0,0.08881239242685025,True,0.001,0.025
3,5,30,0.0,0.0,1,propagule,2839,0,0,0.09052483268756605,True,0.001,0.025
3,5,31,0.0,0.0,1,propagule,2775,0,0,0.09333333333333334,True,0.001,0.025
3,5,32,0.0,0.0,1,propagule,2695,0,0,0.09499072356215213,True,0.001,0.025
3,5,33,0.0,0.0,1,propagule,2642,0,0,0.09651778955336866,True,0.001,0.025
3,5,34,0.0,0.0,1,propagule,2577,0,0,0.09545983701979045,True,0.001,0.025
3,5,35,0.0,0.0,1,propagule,2564,0,0,0.09750390015600624,True,0.001,0.025
3,5,36,0.0,0.0,1,propagule,2508,0,0,0.09888357256778309,True,0.001,0.025
3,5,37,0.0,0.0,1,propagule,2490,0,0,0.10080321285140562,True,0.001,0.025
3,5,38,0.0,0.0,1,propagule,2452,0,0,0.10114192495921696,True,0.001,0.025
3,5,39,0.0,0.0,1,propagule,2404,0,0,0.10316139767054909,True,0.001,0.025
3,5,40,0.0,0.0,1,propagule,2379,0,0,0.10382513661202186,True,0.001,0.025
3,5,41,0.0,0.0,1,propagule,2348,0,0,0.10519591141396933,True,0.001,0.025
3,5,42,0.0,0.0,1,propagule,2317,0,0,0.10487699611566681,True,0.001,0.025
3,5,43,0.0,0.0,1,propagule,2225,0,0,0.12134831460674157,True,0.001,0.025
3,5,44,0.0,0.0,1,propagule,2121,0,0,0.11551155115511551,True,0.001,0.025
3,5,45,0.0,0.0,1,propagule,2121,0,0,0.11928335690711929,True,0.001,0.025
3,5,46,0.0,0.0,1,propagule,2087,0,0,0.12458073790129372,True,0.001,0.025
3,5,47,0.0,0.0,1,propagule,2095,0,0,0.13078758949880667,True,0.001,0.025
3,5,48,0.0,0.0,1,propagule,2098,0,0,0.13870352716873213,True,0.001,0.025
3,5,49,0.0,0.0,1,propagule,2104,0,0,0.1444866920152091,True,0.001,0.025
3,5,50,0.0,0.0,1,propagule,2098,0,0,0.14775977121067682,True,0.001,0.025
3,5,51,0.0,0.0,1,propagule,2087,0,0,0.1538092956396742,True,0.001,0.025
3,5,52,0.0,0.0,1,propagule,2071,0,0,0.1540318686624819,True,0.001,0.025
3,6,1,0.0,0.0,1,propagule,2060,0,0,0.15485436893203883,True,0.001,0.025
3,6,2,0.0,0.0,1,propagule,2027,0,0,0.15688209176122347,True,0.001,0.025
3,6,3,0.0,0.0,1,propagule,2008,0,0,0.15836653386454183,True,0.001,0.025
3,6,4,0.0,0.0,1,propagule,1995,0,0,0.16040100250626566,True,0.001,0.025
3,6,5,0.0,0.0,1,propagule,1978,0,0,0.160262891809909,True,0.001,0.025
3,6,6,0.0,0.0,1,propagule,1955,0,0,0.16317135549872122,True,0.001,0.025
3,6,7,0.0,0.0,1,propagule,1937,0,0,0.1621063500258131,True,0.001,0.025
3,6,8,0.0,0.0,1,propagule,1924,0,0,0.16372141372141372,True,0.001,0.025
3,6,9,0.0,0.0,1,propagule,1903,0,0,0.1644771413557541,True,0.001,0.025
3,6,10,0.0,0.0,1,propagule,1887,0,0,0.16481187069422362,True,0.001,0.025
3,6,11,0.0,0.0,1,propagule,1870,0,0,0.16684491978609625,True,0.001,0.025
3,6,12,0.0,0.0,1,propagule,1851,0,0,0.1658562938951918,True,0.001,0.025
3,6,13,0.0,0.0,1,propagule,1826,0,0,0.16593647316538881,True,0.001,0.025
3,6,14,0.0,0.0,1,propagule,1802,0,0,0.1670366259711432,True,0.001,0.025
3,6,15,0.0,0.0,1,propagule,1783,0,0,0.16769489624228828,True,0.001,0.025
3,6,16,0.0,0.0,1,propagule,1766,0,0,0.16987542468856173,True,0.001,0.025
3,6,17,0.0,0.0,1,propagule,1749,0,0,0.16981132075471697,True,0.001,0.025
3,6,18,0.0,0.0,1,propagule,4159,0,0,0.0709305121423419,True,0.001,0.025
3,6,19,0.0,0.0,1,propagule,4081,0,0,0.07228620436167606,True,0.001,0.025
3,6,20,0.0,0.0,1,propagule,4012,0,0,0.0732801595214357,True,0.001,0.025
3,6,21,0.0,0.0,1,propagule,3918,0,0,0.07427258805513016,True,0.001,0.025
3,6,22,0.0,0.0,1,propagule,3814,0,0,0.07498689040377557,True,0.001,0.025
3,6,23,0.0,0.0,1,propagule,3726,0,0,0.07648953301127215,True,0.001,0.025
3,6,24,0.0,0.0,1,propagule,3639,0,0,0.07694421544380324,True,0.001,0.025
3,6,25,0.0,0.0,1,propagule,3551,0,0,0.07913263869332582,True,0.001,0.025
3,6,26,0.0,0.0,1,propagule,3492,0,0,0.08018327605956473,True,0.001,0.025
3,6,27,0.0,0.0,1,propagule,3415,0,0,0.0808199121522694,True,0.001,0.025
3,6,28,0.0,0.0,1,propagule,3364,0,0,0.08234244946492271,True,0.001,0.025
3,6,29,0.0,0.0,1,propagule,3318,0,0,0.08378541289933696,True,0.001,0.025
3,6,30,0.0,0.0,1,propagule,3251,0,0,0.08458935712088587,True,0.001,0.025
3,6,31,0.0,0.0,1,propagule,3211,0,0,0.08595453129866085,True,0.001,0.025
3,6,32,0.0,0.0,1,propagule,3123,0,0,0.0861351264809478,True,0.001,0.025
3,6,33,0.0,0.0,1,propagule,3097,0,0,0.0878269292864062,True,0.001,0.025
3,6,34,0.0,0.0,1,propagule,3026,0,0,0.08856576338400529,True,0.001,0.025
3,6,35,0.0,0.0,1,propagule,2988,0,0,0.09103078982597054,True,0.001,0.025
3,6,36,0.0,0.0,1,propagule,2909,0,0,0.09109659676864902,True,0.001,0.025
3,6,37,0.0,0.0,1,propagule,2878,0,0,0.09103544127866574,True,0.001,0.025
3,6,38,0.0,0.0,1,propagule,2840,0,0,0.09119718309859155,True,0.001,0.025
3,6,39,0.0,0.0,1,propagule,2807,0,0,0.09262557890986818,True,0.001,0.025
3,6,40,0.0,0.0,1,propagule,2763,0,0,0.0930148389431777,True,0.001,0.025
3,6,41,0.0,0.0,1,propagule,2717,0,0,0.09532572690467428,True,0.001,0.025
3,6,42,0.0,0.0,1,propagule,2671,0,0,0.0950954698614751,True,0.001,0.025
3,6,43,0.0,0.0,1,propagule,2522,0,0,0.12053925455987312,True,0.001,0.025
3,6,44,0.0,0.0,1,propagule,2408,0,0,0.11295681063122924,True,0.001,0.025
3,6,45,0.0,0.0,1,propagule,2374,0,0,0.10994102780117944,True,0.001,0.025
3,6,46,0.0,0.0,1,propagule,2383,0,0,0.11246328157784305,True,0.001,0.025
3,6,47,0.0,0.0,1,propagule,2375,0,0,0.11494736842105263,True,0.001,0.025
3,6,48,0.0,0.0,1,propagule,2332,0,0,0.11578044596912522,True,0.001,0.025
3,6,49,0.0,0.0,1,propagule,2316,0,0,0.1196027633851468,True,0.001,0.025
3,6,50,0.0,0.0,1,propagule,2304,0,0,0.12152777777777778,True,0.001,0.025
3,6,51,0.0,0.0,1,propagule,2284,0,0,0.1190893169877408,True,0.001,0.025
3,6,52,0.0,0.0,1,propagule,2246,0,0,0.11976847729296528,True,0.001,0.025
3,7,1,0.0,0.0,1,propagule,2205,0,0,0.12108843537414966,True,0.001,0.025
3,7,2,0.0,0.0,1,propagule,2186,0,0,0.12351326623970722,True,0.001,0.025
3,7,3,0.0,0.0,1,propagule,2172,0,0,0.1270718232044199,True,0.001,0.025
3,7,4,0.0,0.0,1,propagule,2153,0,0,0.12633534602879704,True,0.001,0.025
3,7,5,0.0,0.0,1,propagule,2130,0,0,0.1272300469483568,True,0.001,0.025
3,7,6,0.0,0.0,1,propagule,2107,0,0,0.12766967252017086,True,0.001,0.025
3,7,7,0.0,0.0,1,propagule,2081,0,0,0.13214800576645844,True,0.001,0.025
3,7,8,0.0,0.0,1,propagule,2050,0,0,0.1326829268292683,True,0.001,0.025
3,7,9,0.0,0.0,1,propagule,2041,0,0,0.13522782949534543,True,0.001,0.025
3,7,10,0.0,0.0,1,propagule,2023,0,0,0.13692535837864558,True,0.001,0.025
3,7,11,0.0,0.0,1,propagule,2003,0,0,0.13879181228157764,True,0.001,0.025
3,7,12,0.0,0.0,1,propagule,1980,0,0,0.1383838383838384,True,0.001,0.025
3,7,13,0.0,0.0,1,propagule,1961,0,0,0.1417644059153493,True,0.001,0.025
3,7,14,0.0,0.0,1,propagule,1936,0,0,0.14256198347107438,True,0.001,0.025
3,7,15,0.0,0.0,1,propagule,1915,0,0,0.14308093994778068,True,0.001,0.025
3,7,16,0.0,0.0,1,propagule,1890,0,0,0.1439153439153439,True,0.001,0.025
3,7,17,0.0,0.0,1,propagule,1879,0,0,0.14582224587546566,True,0.001,0.025
3,7,18,0.0,0.0,1,propagule,4475,0,0,0.060782122905027935,True,0.001,0.025
3,7,19,0.0,0.0,1,propagule,4392,0,0,0.0610200364298725,True,0.001,0.025
3,7,20,0.0,0.0,1,propagule,4267,0,0,0.06022966955706585,True,0.001,0.025
3,7,21,0.0,0.0,1,propagule,4196,0,0,0.0617254528122021,True,0.001,0.025
3,7,22,0.0,0.0,1,propagule,4113,0,0,0.062484804279115,True,0.001,0.025
3,7,23,0.0,0.0,1,propagule,4049,0,0,0.06297851321313905,True,0.001,0.025
3,7,24,0.0,0.0,1,propagule,3995,0,0,0.06357947434292865,True,0.001,0.025
3,7,25,0.0,0.0,1,propagule,3904,0,0,0.06429303278688525,True,0.001,0.025
3,7,26,0.0,0.0,1,propagule,3829,0,0,0.06450770436145208,True,0.001,0.025
3,7,27,0.0,0.0,1,propagule,3765,0,0,0.0650730411686587,True,0.001,0.025
3,7,28,0.0,0.0,1,propagule,3702,0,0,0.06564019448946515,True,0.001,0.025
3,7,29,0.0,0.0,1,propagule,3640,0,0,0.06593406593406594,True,0.001,0.025
3,7,30,0.0,0.0,1,propagule,3574,0,0,0.06687185226636821,True,0.001,0.025
3,7,31,0.0,0.0,1,propagule,3510,0,0,0.06752136752136752,True,0.001,0.025
3,7,32,0.0,0.0,1,propagule,3452,0,0,0.06836616454229433,True,0.001,0.025
3,7,33,0.0,0.0,1,propagule,3410,0,0,0.06920821114369502,True,0.001,0.025
3,7,34,0.0,0.0,1,propagule,3366,0,0,0.06981580510992276,True,0.001,0.025
3,7,35,0.0,0.0,1,propagule,3329,0,0,0.07119255031541004,True,0.001,0.025
3,7,36,0.0,0.0,1,propagule,3262,0,0,0.07142857142857142,True,0.001,0.025
3,7,37,0.0,0.0,1,propagule,3205,0,0,0.07269890795631825,True,0.001,0.025
3,7,38,0.0,0.0,1,propagule,3155,0,0,0.07290015847860538,True,0.001,0.025
3,7,39,0.0,0.0,1,propagule,3128,0,0,0.0741687979539642,True,0.001,0.025
3,7,40,0.0,0.0,1,propagule,3084,0,0,0.07457846952010376,True,0.001,0.025
3,7,41,0.0,0.0,1,propagule,3054,0,0,0.07596594629993451,True,0.001,0.025
3,7,42,0.0,0.0,1,propagule,3012,0,0,0.07669322709163347,True,0.001,0.025
3,7,43,0.0,0.0,1,propagule,2931,0,0,0.11736608665984306,True,0.001,0.025
3,7,44,0.0,0.0,1,propagule,2767,0,0,0.09938561619082038,True,0.001,0.025
3,7,45,0.0,0.0,1,propagule,2696,0,0,0.1005192878338279,True,0.001,0.025
3,7,46,0.0,0.0,1,propagule,2647,0,0,0.09709104646769928,True,0.001,0.025
3,7,47,0.0,0.0,1,propagule,2648,0,0,0.09705438066465256,True,0.001,0.025
3,7,48,0.0,0.0,1,propagule,2616,0,0,0.0963302752293578,True,0.001,0.025
3,7,49,0.0,0.0,1,propagule,2593,0,0,0.09949865021210953,True,0.001,0.025
3,7,50,0.0,0.0,1,propagule,2591,0,0,0.10111925897336936,True,0.001,0.025
3,7,51,0.0,0.0,1,propagule,2575,0,0,0.10174757281553398,True,0.001,0.025
3,7,52,0.0,0.0,1,propagule,2525,0,0,0.10336633663366336,True,0.001,0.025
3,8,1,0.0,0.0,1,propagule,2504,0,0,0.10543130990415335,True,0.001,0.025
3,8,2,0.0,0.0,1,propagule,2484,0,0,0.10547504025764895,True,0.001,0.025
3,8,3,0.0,0.0,1,propagule,2464,0,0,0.10876623376623376,True,0.001,0.025
3,8,4,0.0,0.0,1,propagule,2458,0,0,0.11065907241659886,True,0.001,0.025
3,8,5,0.0,0.0,1,propagule,2441,0,0,0.11061040557148709,True,0.001,0.025
3,8,6,0.0,0.0,1,propagule,2424,0,0,0.11468646864686469,True,0.001,0.025
3,8,7,0.0,0.0,1,propagule,2420,0,0,0.11570247933884298,True,0.001,0.025
3,8,8,0.0,0.0,1,propagule,2402,0,0,0.11490424646128226,True,0.001,0.025
3,8,9,0.0,0.0,1,propagule,2388,0,0,0.11641541038525963,True,0.001,0.025
3,8,10,0.0,0.0,1,propagule,2370,0,0,0.11687763713080168,True,0.001,0.025
3,8,11,0.0,0.0,1,propagule,2351,0,0,0.11782220331773713,True,0.001,0.025
3,8,12,0.0,0.0,1,propagule,2317,0,0,0.11911955114372033,True,0.001,0.025
3,8,13,0.0,0.0,1,propagule,2259,0,0,0.12040725984949092,True,0.001,0.025
3,8,14,0.0,0.0,1,propagule,2247,0,0,0.12016021361815754,True,0.001,0.025
3,8,15,0.0,0.0,1,propagule,2217,0,0,0.12133513757329725,True,0.001,0.025
3,8,16,0.0,0.0,1,propagule,2198,0,0,0.12101910828025478,True,0.001,0.025
3,8,17,0.0,0.0,1,propagule,2177,0,0,0.12264584290307763,True,0.001,0.025
3,8,18,0.0,0.0,1,propagule,5093,0,0,0.05183585313174946,True,0.001,0.025
3,8,19,0.0,0.0,1,propagule,5026,0,0,0.05372065260644648,True,0.001,0.025
3,8,20,0.0,0.0,1,propagule,4945,0,0,0.053791708796764405,True,0.001,0.025
3,8,21,0.0,0.0,1,propagule,4845,0,0,0.054901960784313725,True,0.001,0.025
3,8,22,0.0,0.0,1,propagule,4756,0,0,0.05571909167367536,True,0.001,0.025
3,8,23,0.0,0.0,1,propagule,4678,0,0,0.05686190679777683,True,0.001,0.025
3,8,24,0.0,0.0,1,propagule,4584,0,0,0.058027923211169286,True,0.001,0.025
3,8,25,0.0,0.0,1,propagule,4513,0,0,0.05871925548415688,True,0.001,0.025
3,8,26,0.0,0.0,1,propagule,4464,0,0,0.059587813620071685,True,0.001,0.025
3,8,27,0.0,0.0,1,propagule,4401,0,0,0.060213587820949786,True,0.001,0.025
3,8,28,0.0,0.0,1,propagule,4322,0,0,0.05992596020360944,True,0.001,0.025
3,8,29,0.0,0.0,1,propagule,4268,0,0,0.06091846298031865,True,0.001,0.025
3,8,30,0.0,0.0,1,propagule,4207,0,0,0.06156405990016639,True,0.001,0.025
3,8,31,0.0,0.0,1,propagule,4157,0,0,0.0632667789271109,True,0.001,0.025
3,8,32,0.0,0.0,1,propagule,4091,0,0,0.06404302126619409,True,0.001,0.025
3,8,33,0.0,0.0,1,propagule,4043,0,0,0.06480336383873361,True,0.001,0.025
3,8,34,0.0,0.0,1,propagule,3973,0,0,0.06519003272086585,True,0.001,0.025
3,8,35,0.0,0.0,1,propagule,3887,0,0,0.06586056084383844,True,0.001,0.025
3,8,36,0.0,0.0,1,propagule,3822,0,0,0.06488749345892203,True,0.001,0.025
3,8,37,0.0,0.0,1,propagule,3773,0,0,0.06599522926053539,True,0.001,0.025
3,8,38,0.0,0.0,1,propagule,3722,0,0,0.0660934981192907,True,0.001,0.025
3,8,39,0.0,0.0,1,propagule,3669,0,0,0.06732079585718179,True,0.001,0.025
3,8,40,0.0,0.0,1,propagule,3613,0,0,0.06808746194298367,True,0.001,0.025
3,8,41,0.0,0.0,1,propagule,3567,0,0,0.06924586487244183,True,0.001,0.025
3,8,42,0.0,0.0,1,propagule,3529,0,0,0.0697081326154718,True,0.001,0.025
3,8,43,0.0,0.0,1,propagule,3454,0,0,0.11899247249565721,True,0.001,0.025
3,8,44,0.0,0.0,1,propagule,3240,0,0,0.1,True,0.001,0.025
3,8,45,0.0,0.0,1,propagule,3152,0,0,0.09486040609137056,True,0.001,0.025
3,8,46,0.0,0.0,1,propagule,3086,0,0,0.09559300064808814,True,0.001,0.025
3,8,47,0.0,0.0,1,propagule,3056,0,0,0.09914921465968586,True,0.001,0.025
3,8,48,0.0,0.0,1,propagule,3002,0,0,0.1022651565622918,True,0.001,0.025
3,8,49,0.0,0.0,1,propagule,2979,0,0,0.10339039946290701,True,0.001,0.025
3,8,50,0.0,0.0,1,propagule,2969,0,0,0.10710676995621421,True,0.001,0.025
3,8,51,0.0,0.0,1,propagule,2951,0,0,0.10945442222975263,True,0.001,0.025
3,8,52,0.0,0.0,1,propagule,2956,0,0,0.11299052774018944,True,0.001,0.025
3,9,1,0.0,0.0,1,propagule,2938,0,0,0.11266167460857726,True,0.001,0.025
3,9,2,0.0,0.0,1,propagule,2918,0,0,0.11446196024674435,True,0.001,0.025
3,9,3,0.0,0.0,1,propagule,2899,0,0,0.1176267678509831,True,0.001,0.025
3,9,4,0.0,0.0,1,propagule,2892,0,0,0.12344398340248963,True,0.001,0.025
3,9,5,0.0,0.0,1,propagule,2867,0,0,0.12312521799790722,True,0.001,0.025
3,9,6,0.0,0.0,1,propagule,2842,0,0,0.12280084447572133,True,0.001,0.025
3,9,7,0.0,0.0,1,propagule,2827,0,0,0.1245136186770428,True,0.001,0.025
3,9,8,0.0,0.0,1,propagule,2813,0,0,0.1254888019907572,True,0.001,0.025
3,9,9,0.0,0.0,1,propagule,2785,0,0,0.12746858168761221,True,0.001,0.025
3,9,10,0.0,0.0,1,propagule,2767,0,0,0.12902059992771955,True,0.001,0.025
3,9,11,0.0,0.0,1,propagule,2744,0,0,0.12973760932944606,True,0.001,0.025
3,9,12,0.0,0.0,1,propagule,2732,0,0,0.13177159590043924,True,0.001,0.025
3,9,13,0.0,0.0,1,propagule,2707,0,0,0.13224972294052456,True,0.001,0.025
3,9,14,0.0,0.0,1,propagule,2696,0,0,0.1357566765578635,True,0.001,0.025
3,9,15,0.0,0.0,1,propagule,2675,0,0,0.13682242990654206,True,0.001,0.025
3,9,16,0.0,0.0,1,propagule,2653,0,0,0.13984168865435356,True,0.001,0.025
3,9,17,0.0,0.0,1,propagule,2628,0,0,0.13774733637747336,True,0.001,0.025
3,9,18,0.0,0.0,1,propagule,5723,0,0,0.052420059409400664,True,0.001,0.025
3,9,19,0.0,0.0,1,propagule,5618,0,0,0.05464578141687433,True,0.001,0.025
3,9,20,0.0,0.0,1,propagule,5535,0,0,0.05365853658536585,True,0.001,0.025
3,9,21,0.0,0.0,1,propagule,5431,0,0,0.05394954888602467,True,0.001,0.025
3,9,22,0.0,0.0,1,propagule,5345,0,0,0.05519176800748363,True,0.001,0.025
3,9,23,0.0,0.0,1,propagule,5284,0,0,0.05696442089326268,True,0.001,0.025
3,9,24,0.0,0.0,1,propagule,5180,0,0,0.05752895752895753,True,0.001,0.025
3,9,25,0.0,0.0,1,propagule,5086,0,0,0.0591820684231223,True,0.001,0.025
3,9,26,0.0,0.0,1,propagule,5006,0,0,0.06012784658409908,True,0.001,0.025
3,9,27,0.0,0.0,1,propagule,4931,0,0,0.06144798215372135,True,0.001,0.025
3,9,28,0.0,0.0,1,propagule,4857,0,0,0.06217829936174593,True,0.001,0.025
3,9,29,0.0,0.0,1,propagule,4811,0,0,0.0636042402826855,True,0.001,0.025
3,9,30,0.0,0.0,1,propagule,4758,0,0,0.06431273644388398,True,0.001,0.025
3,9,31,0.0,0.0,1,propagule,4686,0,0,0.06572769953051644,True,0.001,0.025
3,9,32,0.0,0.0,1,propagule,4601,0,0,0.06607259291458378,True,0.001,0.025
3,9,33,0.0,0.0,1,propagule,4536,0,0,0.06657848324514991,True,0.001,0.025
3,9,34,0.0,0.0,1,propagule,4479,0,0,0.06764902880107167,True,0.001,0.025
3,9,35,0.0,0.0,1,propagule,4415,0,0,0.06862967157417893,True,0.001,0.025
3,9,36,0.0,0.0,1,propagule,4345,0,0,0.06973532796317607,True,0.001,0.025
3,9,37,0.0,0.0,1,propagule,4268,0,0,0.07075913776944705,True,0.001,0.025
3,9,38,0.0,0.0,1,propagule,4206,0,0,0.07132667617689016,True,0.001,0.025
3,9,39,0.0,0.0,1,propagule,4144,0,0,0.0719111969111969,True,0.001,0.025
3,9,40,0.0,0.0,1,propagule,4093,0,0,0.07280723185927193,True,0.001,0.025
3,9,41,0.0,0.0,1,propagule,4055,0,0,0.07398273736128237,True,0.001,0.025
3,9,42,0.0,0.0,1,propagule,3994,0,0,0.07486229344016024,True,0.001,0.025
3,9,43,0.0,0.0,1,propagule,3971,0,0,0.1304457315537648,True,0.001,0.025
3,9,44,0.0,0.0,1,propagule,3713,0,0,0.10880689469431726,True,0.001,0.025
3,9,45,0.0,0.0,1,propagule,3563,0,0,0.09907381420151558,True,0.001,0.025
3,9,46,0.0,0.0,1,propagule,3509,0,0,0.0957537760045597,True,0.001,0.025
3,9,47,0.0,0.0,1,propagule,3463,0,0,0.09904706901530465,True,0.001,0.025
3,9,48,0.0,0.0,1,propagule,3431,0,0,0.10346837656659866,True,0.001,0.025
3,9,49,0.0,0.0,1,propagule,3443,0,0,0.10601219866395585,True,0.001,0.025
3,9,50,0.0,0.0,1,propagule,3428,0,0,0.10910151691948658,True,0.001,0.025
3,9,51,0.0,0.0,1,propagule,3427,0,0,0.10913335278669391,True,0.001,0.025
3,9,52,0.0,0.0,1,propagule,3415,0,0,0.11068814055636896,True,0.001,0.025
3,10,1,0.0,0.0,1,propagule,3397,0,0,0.11156903149838092,True,0.001,0.025
3,10,2,0.0,0.0,1,propagule,3369,0,0,0.11219946571682991,True,0.001,0.025
3,10,3,0.0,0.0,1,propagule,3342,0,0,0.1128067025733094,True,0.001,0.025
3,10,4,0.0,0.0,1,propagule,3331,0,0,0.11618132692885019,True,0.001,0.025
3,10,5,0.0,0.0,1,propagule,3302,0,0,0.1175045427013931,True,0.001,0.025
3,10,6,0.0,0.0,1,propagule,3281,0,0,0.11795184395001523,True,0.001,0.025
3,10,7,0.0,0.0,1,propagule,3251,0,0,0.118732697631498,True,0.001,0.025
3,10,8,0.0,0.0,1,propagule,3221,0,0,0.12108040981061782,True,0.001,0.025
3,10,9,0.0,0.0,1,propagule,3204,0,0,0.12234706616729088,True,0.001,0.025
3,10,10,0.0,0.0,1,propagule,3182,0,0,0.12476429918290384,True,0.001,0.025
3,10,11,0.0,0.0,1,propagule,3144,0,0,0.12309160305343511,True,0.001,0.025
3,10,12,0.0,0.0,1,propagule,3134,0,0,0.12667517549457563,True,0.001,0.025
3,10,13,0.0,0.0,1,propagule,3100,0,0,0.1270967741935484,True,0.001,0.025
3,10,14,0.0,0.0,1,propagule,3086,0,0,0.1286454957874271,True,0.001,0.025
3,10,15,0.0,0.0,1,propagule,3072,0,0,0.13020833333333334,True,0.001,0.025
3,10,16,0.0,0.0,1,propagule,3058,0,0,0.13047743623283192,True,0.001,0.025
3,10,17,0.0,0.0,1,propagule,3044,0,0,0.13107752956636004,True,0.001,0.025
3,10,18,0.0,0.0,1,propagule,6873,0,0,0.05296086134148116,True,0.001,0.025
3,10,19,0.0,0.0,1,propagule,6772,0,0,0.05316007088009451,True,0.001,0.025
3,10,20,0.0,0.0,1,propagule,6668,0,0,0.054739052189562085,True,0.001,0.025
3,10,21,0.0,0.0,1,propagule,6548,0,0,0.05497861942577886,True,0.001,0.025
3,10,22,0.0,0.0,1,propagule,6439,0,0,0.056219909923901225,True,0.001,0.025
3,10,23,0.0,0.0,1,propagule,6336,0,0,0.056660353535353536,True,0.001,0.025
3,10,24,0.0,0.0,1,propagule,6243,0,0,0.05734422553259651,True,0.001,0.025
3,10,25,0.0,0.0,1,propagule,6171,0,0,0.05768919137903095,True,0.001,0.025
3,10,26,0.0,0.0,1,propagule,6080,0,0,0.0587171052631579,True,0.001,0.025
3,10,27,0.0,0.0,1,propagule,5982,0,0,0.05917753259779338,True,0.001,0.025
3,10,28,0.0,0.0,1,propagule,5890,0,0,0.06027164685908319,True,0.001,0.025
3,10,29,0.0,0.0,1,propagule,5794,0,0,0.06109768726268554,True,0.001,0.025
3,10,30,0.0,0.0,1,propagule,5708,0,0,0.062018220042046254,True,0.001,0.025
3,10,31,0.0,0.0,1,propagule,5624,0,0,0.06294452347083926,True,0.001,0.025
3,10,32,0.0,0.0,1,propagule,5541,0,0,0.064067857787403,True,0.001,0.025
3,10,33,0.0,0.0,1,propagule,5460,0,0,0.06483516483516484,True,0.001,0.025
3,10,34,0.0,0.0,1,propagule,5368,0,0,0.06594634873323398,True,0.001,0.025
3,10,35,0.0,0.0,1,propagule,5262,0,0,0.06670467502850627,True,0.001,0.025
3,10,36,0.0,0.0,1,propagule,5188,0,0,0.06784888203546646,True,0.001,0.025
3,10,37,0.0,0.0,1,propagule,5108,0,0,0.06832419733750979,True,0.001,0.025
3,10,38,0.0,0.0,1,propagule,5039,0,0,0.06945822583846001,True,0.001,0.025
3,10,39,0.0,0.0,1,propagule,4943,0,0,0.07040258952053409,True,0.001,0.025
3,10,40,0.0,0.0,1,propagule,4887,0,0,0.07161857990587273,True,0.001,0.025
3,10,41,0.0,0.0,1,propagule,4828,0,0,0.07270091135045567,True,0.001,0.025
3,10,42,0.0,0.0,1,propagule,4762,0,0,0.07391852162956741,True,0.001,0.025
3,10,43,0.0,0.0,1,propagule,4575,0,0,0.1250273224043716,True,0.001,0.025
3,10,44,0.0,0.0,1,propagule,4241,0,0,0.10728601744871492,True,0.001,0.025
3,10,45,0.0,0.0,1,propagule,4049,0,0,0.09582612990861941,True,0.001,0.025
3,10,46,0.0,0.0,1,propagule,3970,0,0,0.09571788413098237,True,0.001,0.025
3,10,47,0.0,0.0,1,propagule,3903,0,0,0.09428644632334102,True,0.001,0.025
3,10,48,0.0,0.0,1,propagule,3869,0,0,0.0935642284828121,True,0.001,0.025
3,10,49,0.0,0.0,1,propagule,3879,0,0,0.09615880381541635,True,0.001,0.025
3,10,50,0.0,0.0,1,propagule,3883,0,0,0.09708987895956735,True,0.001,0.025
3,10,51,0.0,0.0,1,propagule,3873,0,0,0.09682416731216112,True,0.001,0.025
3,10,52,0.0,0.0,1,propagule,3842,0,0,0.09786569495054659,True,0.001,0.025
3,1,1,0.0,0.0,1,propagule,960,0,0,0.0,True,0.005,0.015
3,1,2,0.0,0.0,1,propagule,938,0,0,0.0,True,0.005,0.015
3,1,3,0.0,0.0,1,propagule,929,0,0,0.0,True,0.005,0.015
3,1,4,0.0,0.0,1,propagule,912,0,0,0.0043859649122807015,True,0.005,0.015
3,1,5,0.0,0.0,1,propagule,909,0,0,0.005500550055005501,True,0.005,0.015
3,1,6,0.0,0.0,1,propagule,910,0,0,0.006593406593406593,True,0.005,0.015
3,1,7,0.0,0.0,1,propagule,884,0,0,0.005656108597285068,True,0.005,0.015
3,1,8,0.0,0.0,1,propagule,876,0,0,0.00684931506849315,True,0.005,0.015
3,1,9,0.0,0.0,1,propagule,857,0,0,0.005834305717619603,True,0.005,0.015
3,1,10,0.0,0.0,1,propagule,850,0,0,0.007058823529411765,True,0.005,0.015
3,1,11,0.0,0.0,1,propagule,838,0,0,0.0059665871121718375,True,0.005,0.015
3,1,12,0.0,0.0,1,propagule,839,0,0,0.007151370679380214,True,0.005,0.015
3,1,13,0.0,0.0,1,propagule,824,0,0,0.0048543689320388345,True,0.005,0.015
3,1,14,0.0,0.0,1,propagule,828,0,0,0.007246376811594203,True,0.005,0.015
3,1,15,0.0,0.0,1,propagule,809,0,0,0.003708281829419036,True,0.005,0.015
3,1,16,0.0,0.0,1,propagule,811,0,0,0.007398273736128237,True,0.005,0.015
3,1,17,0.0,0.0,1,propagule,800,0,0,0.00375,True,0.005,0.015
3,1,18,0.0,0.0,1,propagule,2388,0,0,0.002512562814070352,True,0.005,0.015
3,1,19,0.0,0.0,1,propagule,2333,0,0,0.0021431633090441492,True,0.005,0.015
3,1,20,0.0,0.0,1,propagule,2285,0,0,0.00262582056892779,True,0.005,0.015
3,1,21,0.0,0.0,1,propagule,2245,0,0,0.0026726057906458797,True,0.005,0.015
3,1,22,0.0,0.0,1,propagule,2186,0,0,0.0027447392497712718,True,0.005,0.015
3,1,23,0.0,0.0,1,propagule,2159,0,0,0.002779064381658175,True,0.005,0.015
3,1,24,0.0,0.0,1,propagule,2125,0,0,0.002823529411764706,True,0.005,0.015
3,1,25,0.0,0.0,1,propagule,2091,0,0,0.0023912003825920613,True,0.005,0.015
3,1,26,0.0,0.0,1,propagule,2057,0,0,0.002916869227029655,True,0.005,0.015
3,1,27,0.0,0.0,1,propagule,2002,0,0,0.002997002997002997,True,0.005,0.015
3,1,28,0.0,0.0,1,propagule,1961,0,0,0.0030596634370219276,True,0.005,0.015
3,1,29,0.0,0.0,1,propagule,1940,0,0,0.003092783505154639,True,0.005,0.015
3,1,30,0.0,0.0,1,propagule,1901,0,0,0.003156233561283535,True,0.005,0.015
3,1,31,0.0,0.0,1,propagule,1873,0,0,0.003203416978109984,True,0.005,0.015
3,1,32,0.0,0.0,1,propagule,1840,0,0,0.003260869565217391,True,0.005,0.015
3,1,33,0.0,0.0,1,propagule,1793,0,0,0.0033463469046291134,True,0.005,0.015
3,1,34,0.0,0.0,1,propagule,1803,0,0,0.0033277870216306157,True,0.005,0.015
3,1,35,0.0,0.0,1,propagule,1746,0,0,0.005154639175257732,True,0.005,0.015
3,1,36,0.0,0.0,1,propagule,1736,0,0,0.007488479262672811,True,0.005,0.015
3,1,37,0.0,0.0,1,propagule,1700,0,0,0.010588235294117647,True,0.005,0.015
3,1,38,0.0,0.0,1,propagule,1695,0,0,0.011209439528023599,True,0.005,0.015
3,1,39,0.0,0.0,1,propagule,1658,0,0,0.012062726176115802,True,0.005,0.015
3,1,40,0.0,0.0,1,propagule,1663,0,0,0.01503307276007216,True,0.005,0.015
3,1,41,0.0,0.0,1,propagule,1650,0,0,0.01696969696969697,True,0.005,0.015
3,1,42,0.0,0.0,1,propagule,1636,0,0,0.022004889975550123,True,0.005,0.015
3,1,43,0.0,0.0,1,propagule,1623,0,0,0.02895871842267406,True,0.005,0.015
3,1,44,0.0,0.0,1,propagule,1609,0,0,0.0254816656308266,True,0.005,0.015
3,1,45,0.0,0.0,1,propagule,1586,0,0,0.025220680958385876,True,0.005,0.015
3,1,46,0.0,0.0,1,propagule,1578,0,0,0.027249683143219267,True,0.005,0.015
3,1,47,0.0,0.0,1,propagule,1550,0,0,0.027096774193548386,True,0.005,0.015
3,1,48,0.0,0.0,1,propagule,1552,0,0,0.028994845360824743,True,0.005,0.015
3,1,49,0.0,0.0,1,propagule,1530,0,0,0.030065359477124184,True,0.005,0.015
3,1,50,0.0,0.0,1,propagule,1515,0,0,0.030363036303630363,True,0.005,0.015
3,1,51,0.0,0.0,1,propagule,1502,0,0,0.03262316910785619,True,0.005,0.015
3,1,52,0.0,0.0,1,propagule,1491,0,0,0.035546613011401745,True,0.005,0.015
3,2,1,0.0,0.0,1,propagule,1459,0,0,0.030843043180260453,True,0.005,0.015
3,2,2,0.0,0.0,1,propagule,1450,0,0,0.031724137931034485,True,0.005,0.015
3,2,3,0.0,0.0,1,propagule,1414,0,0,0.028995756718528994,True,0.005,0.015
3,2,4,0.0,0.0,1,propagule,1405,0,0,0.03202846975088968,True,0.005,0.015
3,2,5,0.0,0.0,1,propagule,1377,0,0,0.02832244008714597,True,0.005,0.015
3,2,6,0.0,0.0,1,propagule,1371,0,0,0.030634573304157548,True,0.005,0.015
3,2,7,0.0,0.0,1,propagule,1338,0,0,0.028400597907324365,True,0.005,0.015
3,2,8,0.0,0.0,1,propagule,1333,0,0,0.030007501875468866,True,0.005,0.015
3,2,9,0.0,0.0,1,propagule,1312,0,0,0.028963414634146343,True,0.005,0.015
3,2,10,0.0,0.0,1,propagule,1309,0,0,0.03361344537815126,True,0.005,0.015
3,2,11,0.0,0.0,1,propagule,1272,0,0,0.02830188679245283,True,0.005,0.015
3,2,12,0.0,0.0,1,propagule,1282,0,0,0.0358814352574103,True,0.005,0.015
3,2,13,0.0,0.0,1,propagule,1256,0,0,0.028662420382165606,True,0.005,0.015
3,2,14,0.0,0.0,1,propagule,1257,0,0,0.03739061256961018,True,0.005,0.015
3,2,15,0.0,0.0,1,propagule,1226,0,0,0.02936378466557912,True,0.005,0.015
3,2,16,0.0,0.0,1,propagule,1226,0,0,0.03425774877650897,True,0.005,0.015
3,2,17,0.0,0.0,1,propagule,1204,0,0,0.030730897009966777,True,0.005,0.015
3,2,18,0.0,0.0,1,propagule,2390,0,0,0.016317991631799162,True,0.005,0.015
3,2,19,0.0,0.0,1,propagule,2331,0,0,0.015444015444015444,True,0.005,0.015
3,2,20,0.0,0.0,1,propagule,2309,0,0,0.01645734084019056,True,0.005,0.015
3,2,21,0.0,0.0,1,propagule,2241,0,0,0.0142793395805444,True,0.005,0.015
3,2,22,0.0,0.0,1,propagule,2205,0,0,0.018140589569160998,True,0.005,0.015
3,2,23,0.0,0.0,1,propagule,2182,0,0,0.01695692025664528,True,0.005,0.015
3,2,24,0.0,0.0,1,propagule,2151,0,0,0.019525801952580194,True,0.005,0.015
3,2,25,0.0,0.0,1,propagule,2116,0,0,0.017485822306238186,True,0.005,0.015
3,2,26,0.0,0.0,1,propagule,2096,0,0,0.019083969465648856,True,0.005,0.015
3,2,27,0.0,0.0,1,propagule,2027,0,0,0.018253576714356193,True,0.005,0.015
3,2,28,0.0,0.0,1,propagule,2010,0,0,0.01890547263681592,True,0.005,0.015
3,2,29,0.0,0.0,1,propagule,1960,0,0,0.0163265306122449,True,0.005,0.015
3,2,30,0.0,0.0,1,propagule,1931,0,0,0.017607457276022784,True,0.005,0.015
3,2,31,0.0,0.0,1,propagule,1901,0,0,0.016307206733298264,True,0.005,0.015
3,2,32,0.0,0.0,1,propagule,1890,0,0,0.016931216931216932,True,0.005,0.015
3,2,33,0.0,0.0,1,propagule,1863,0,0,0.015566290928609769,True,0.005,0.015
3,2,34,0.0,0.0,1,propagule,1824,0,0,0.01699561403508772,True,0.005,0.015
3,2,35,0.0,0.0,1,propagule,1800,0,0,0.01611111111111111,True,0.005,0.015
3,2,36,0.0,0.0,1,propagule,1808,0,0,0.027101769911504425,True,0.005,0.015
3,2,37,0.0,0.0,1,propagule,1739,0,0,0.01437607820586544,True,0.005,0.015
3,2,38,0.0,0.0,1,propagule,1734,0,0,0.02191464821222607,True,0.005,0.015
3,2,39,0.0,0.0,1,propagule,1710,0,0,0.01695906432748538,True,0.005,0.015
3,2,40,0.0,0.0,1,propagule,1696,0,0,0.020636792452830188,True,0.005,0.015
3,2,41,0.0,0.0,1,propagule,1673,0,0,0.01972504482964734,True,0.005,0.015
3,2,42,0.0,0.0,1,propagule,1655,0,0,0.01933534743202417,True,0.005,0.015
3,2,43,0.0,0.0,1,propagule,1748,0,0,0.057208237986270026,True,0.005,0.015
3,2,44,0.0,0.0,1,propagule,1709,0,0,0.05032182562902282,True,0.005,0.015
3,2,45,0.0,0.0,1,propagule,1715,0,0,0.060641399416909623,True,0.005,0.015
3,2,46,0.0,0.0,1,propagule,1712,0,0,0.06542056074766354,True,0.005,0.015
3,2,47,0.0,0.0,1,propagule,1731,0,0,0.07163489312536106,True,0.005,0.015
3,2,48,0.0,0.0,1,propagule,1718,0,0,0.07741559953434225,True,0.005,0.015
3,2,49,0.0,0.0,1,propagule,1729,0,0,0.08617698091382302,True,0.005,0.015
3,2,50,0.0,0.0,1,propagule,1716,0,0,0.09324009324009325,True,0.005,0.015
3,2,51,0.0,0.0,1,propagule,1744,0,0,0.10378440366972477,True,0.005,0.015
3,2,52,0.0,0.0,1,propagule,1733,0,0,0.10732833237160992,True,0.005,0.015
3,3,1,0.0,0.0,1,propagule,1755,0,0,0.11225071225071225,True,0.005,0.015
3,3,2,0.0,0.0,1,propagule,1732,0,0,0.11547344110854503,True,0.005,0.015
3,3,3,0.0,0.0,1,propagule,1760,0,0,0.12556818181818183,True,0.005,0.015
3,3,4,0.0,0.0,1,propagule,1742,0,0,0.1285878300803674,True,0.005,0.015
3,3,5,0.0,0.0,1,propagule,1761,0,0,0.13231118682566723,True,0.005,0.015
3,3,6,0.0,0.0,1,propagule,1738,0,0,0.13176064441887228,True,0.005,0.015
3,3,7,0.0,0.0,1,propagule,1736,0,0,0.13767281105990783,True,0.005,0.015
3,3,8,0.0,0.0,1,propagule,1700,0,0,0.13470588235294118,True,0.005,0.015
3,3,9,0.0,0.0,1,propagule,1697,0,0,0.13376546847377727,True,0.005,0.015
3,3,10,0.0,0.0,1,propagule,1655,0,0,0.12809667673716013,True,0.005,0.015
3,3,11,0.0,0.0,1,propagule,1668,0,0,0.13788968824940048,True,0.005,0.015
3,3,12,0.0,0.0,1,propagule,1631,0,0,0.12998160637645617,True,0.005,0.015
3,3,13,0.0,0.0,1,propagule,1633,0,0,0.13288426209430496,True,0.005,0.015
3,3,14,0.0,0.0,1,propagule,1595,0,0,0.12601880877742946,True,0.005,0.015
3,3,15,0.0,0.0,1,propagule,1612,0,0,0.13337468982630274,True,0.005,0.015
3,3,16,0.0,0.0,1,propagule,1592,0,0,0.13316582914572864,True,0.005,0.015
3,3,17,0.0,0.0,1,propagule,1571,0,0,0.13303628262253342,True,0.005,0.015
3,3,18,0.0,0.0,1,propagule,3455,0,0,0.06338639652677279,True,0.005,0.015
3,3,19,0.0,0.0,1,propagule,3395,0,0,0.05979381443298969,True,0.005,0.015
3,3,20,0.0,0.0,1,propagule,3358,0,0,0.06283502084574151,True,0.005,0.015
3,3,21,0.0,0.0,1,propagule,3294,0,0,0.06314511232544019,True,0.005,0.015
3,3,22,0.0,0.0,1,propagule,3227,0,0,0.06600557793616361,True,0.005,0.015
3,3,23,0.0,0.0,1,propagule,3171,0,0,0.06717123935666983,True,0.005,0.015
3,3,24,0.0,0.0,1,propagule,3128,0,0,0.0668158567774936,True,0.005,0.015
3,3,25,0.0,0.0,1,propagule,3065,0,0,0.06590538336052203,True,0.005,0.015
3,3,26,0.0,0.0,1,propagule,3033,0,0,0.06660072535443455,True,0.005,0.015
3,3,27,0.0,0.0,1,propagule,3012,0,0,0.06772908366533864,True,0.005,0.015
3,3,28,0.0,0.0,1,propagule,2959,0,0,0.06792835417370734,True,0.005,0.015
3,3,29,0.0,0.0,1,propagule,2903,0,0,0.06923871856699966,True,0.005,0.015
3,3,30,0.0,0.0,1,propagule,2841,0,0,0.07004575853572685,True,0.005,0.015
3,3,31,0.0,0.0,1,propagule,2769,0,0,0.06933911159263272,True,0.005,0.015
3,3,32,0.0,0.0,1,propagule,2728,0,0,0.07074780058651027,True,0.005,0.015
3,3,33,0.0,0.0,1,propagule,2699,0,0,0.07298999629492404,True,0.005,0.015
3,3,34,0.0,0.0,1,propagule,2616,0,0,0.07224770642201835,True,0.005,0.015
3,3,35,0.0,0.0,1,propagule,2553,0,0,0.07324716020368194,True,0.005,0.015
3,3,36,0.0,0.0,1,propagule,2506,0,0,0.07781324820430965,True,0.005,0.015
3,3,37,0.0,0.0,1,propagule,2448,0,0,0.07761437908496732,True,0.005,0.015
3,3,38,0.0,0.0,1,propagule,2411,0,0,0.07756117793446703,True,0.005,0.015
3,3,39,0.0,0.0,1,propagule,2409,0,0,0.08177667081776671,True,0.005,0.015
3,3,40,0.0,0.0,1,propagule,2362,0,0,0.08044030482641829,True,0.005,0.015
3,3,41,0.0,0.0,1,propagule,2345,0,0,0.08443496801705756,True,0.005,0.015
3,3,42,0.0,0.0,1,propagule,2313,0,0,0.08344141807176826,True,0.005,0.015
3,3,43,0.0,0.0,1,propagule,2291,0,0,0.1069402007856831,True,0.005,0.015
3,3,44,0.0,0.0,1,propagule,2214,0,0,0.0971093044263776,True,0.005,0.015
3,3,45,0.0,0.0,1,propagule,2181,0,0,0.10041265474552957,True,0.005,0.015
3,3,46,0.0,0.0,1,propagule,2201,0,0,0.10631531122217174,True,0.005,0.015
3,3,47,0.0,0.0,1,propagule,2222,0,0,0.10981098109810981,True,0.005,0.015
3,3,48,0.0,0.0,1,propagule,2228,0,0,0.118491921005386,True,0.005,0.015
3,3,49,0.0,0.0,1,propagule,2244,0,0,0.12032085561497326,True,0.005,0.015
3,3,50,0.0,0.0,1,propagule,2239,0,0,0.12192943278249219,True,0.005,0.015
3,3,51,0.0,0.0,1,propagule,2237,0,0,0.1278497988377291,True,0.005,0.015
3,3,52,0.0,0.0,1,propagule,2191,0,0,0.1282519397535372,True,0.005,0.015
3,4,1,0.0,0.0,1,propagule,2187,0,0,0.12848651120256058,True,0.005,0.015
3,4,2,0.0,0.0,1,propagule,2147,0,0,0.12761993479273404,True,0.005,0.015
3,4,3,0.0,0.0,1,propagule,2130,0,0,0.12816901408450704,True,0.005,0.015
3,4,4,0.0,0.0,1,propagule,2107,0,0,0.129093497864262,True,0.005,0.015
3,4,5,0.0,0.0,1,propagule,2092,0,0,0.13193116634799235,True,0.005,0.015
3,4,6,0.0,0.0,1,propagule,2064,0,0,0.1298449612403101,True,0.005,0.015
3,4,7,0.0,0.0,1,propagule,2058,0,0,0.13119533527696792,True,0.005,0.015
3,4,8,0.0,0.0,1,propagule,2027,0,0,0.12777503700049334,True,0.005,0.015
3,4,9,0.0,0.0,1,propagule,2022,0,0,0.13254203758654798,True,0.005,0.015
3,4,10,0.0,0.0,1,propagule,1983,0,0,0.13061018658598084,True,0.005,0.015
3,4,11,0.0,0.0,1,propagule,1961,0,0,0.13105558388577257,True,0.005,0.015
3,4,12,0.0,0.0,1,propagule,1928,0,0,0.13226141078838174,True,0.005,0.015
3,4,13,0.0,0.0,1,propagule,1904,0,0,0.13445378151260504,True,0.005,0.015
3,4,14,0.0,0.0,1,propagule,1883,0,0,0.13170472650026555,True,0.005,0.015
3,4,15,0.0,0.0,1,propagule,1876,0,0,0.13486140724946696,True,0.005,0.015
3,4,16,0.0,0.0,1,propagule,1846,0,0,0.13217768147345613,True,0.005,0.015
3,4,17,0.0,0.0,1,propagule,1840,0,0,0.13858695652173914,True,0.005,0.015
3,4,18,0.0,0.0,1,propagule,3779,0,0,0.06350886477904208,True,0.005,0.015
3,4,19,0.0,0.0,1,propagule,3742,0,0,0.06493853554249064,True,0.005,0.015
3,4,20,0.0,0.0,1,propagule,3717,0,0,0.06537530266343826,True,0.005,0.015
3,4,21,0.0,0.0,1,propagule,3628,0,0,0.06725468577728776,True,0.005,0.015
3,4,22,0.0,0.0,1,propagule,3574,0,0,0.0685506435366536,True,0.005,0.015
3,4,23,0.0,0.0,1,propagule,3530,0,0,0.06827195467422097,True,0.005,0.015
3,4,24,0.0,0.0,1,propagule,3448,0,0,0.06873549883990719,True,0.005,0.015
3,4,25,0.0,0.0,1,propagule,3384,0,0,0.06973995271867613,True,0.005,0.015
3,4,26,0.0,0.0,1,propagule,3327,0,0,0.07063420498948002,True,0.005,0.015
3,4,27,0.0,0.0,1,propagule,3250,0,0,0.07015384615384615,True,0.005,0.015
3,4,28,0.0,0.0,1,propagule,3193,0,0,0.07171938615721891,True,0.005,0.015
3,4,29,0.0,0.0,1,propagule,3144,0,0,0.07251908396946564,True,0.005,0.015
3,4,30,0.0,0.0,1,propagule,3109,0,0,0.07204889031843037,True,0.005,0.015
3,4,31,0.0,0.0,1,propagule,3044,0,0,0.0726018396846255,True,0.005,0.015
3,4,32,0.0,0.0,1,propagule,2978,0,0,0.07286769644056414,True,0.005,0.015
3,4,33,0.0,0.0,1,propagule,2925,0,0,0.07418803418803419,True,0.005,0.015
3,4,34,0.0,0.0,1,propagule,2911,0,0,0.07454482995534181,True,0.005,0.015
3,4,35,0.0,0.0,1,propagule,2856,0,0,0.07598039215686274,True,0.005,0.015
3,4,36,0.0,0.0,1,propagule,2818,0,0,0.0801987224982257,True,0.005,0.015
3,4,37,0.0,0.0,1,propagule,2758,0,0,0.07904278462654098,True,0.005,0.015
3,4,38,0.0,0.0,1,propagule,2733,0,0,0.07976582510062202,True,0.005,0.015
3,4,39,0.0,0.0,1,propagule,2702,0,0,0.07957068837897853,True,0.005,0.015
3,4,40,0.0,0.0,1,propagule,2676,0,0,0.08034379671150972,True,0.005,0.015
3,4,41,0.0,0.0,1,propagule,2644,0,0,0.0794251134644478,True,0.005,0.015
3,4,42,0.0,0.0,1,propagule,2627,0,0,0.08070041872858774,True,0.005,0.015
3,4,43,0.0,0.0,1,propagule,2584,0,0,0.10835913312693499,True,0.005,0.015
3,4,44,0.0,0.0,1,propagule,2475,0,0,0.09737373737373738,True,0.005,0.015
3,4,45,0.0,0.0,1,propagule,2441,0,0,0.09463334698893897,True,0.005,0.015
3,4,46,0.0,0.0,1,propagule,2444,0,0,0.09901800327332243,True,0.005,0.015
3,4,47,0.0,0.0,1,propagule,2464,0,0,0.10430194805194805,True,0.005,0.015
3,4,48,0.0,0.0,1,propagule,2450,0,0,0.10857142857142857,True,0.005,0.015
3,4,49,0.0,0.0,1,propagule,2465,0,0,0.1103448275862069,True,0.005,0.015
3,4,50,0.0,0.0,1,propagule,2453,0,0,0.11496127191194455,True,0.005,0.015
3,4,51,0.0,0.0,1,propagule,2446,0,0,0.11774325429272281,True,0.005,0.015
3,4,52,0.0,0.0,1,propagule,2440,0,0,0.11844262295081967,True,0.005,0.015
3,5,1,0.0,0.0,1,propagule,2419,0,0,0.11905746176105829,True,0.005,0.015
3,5,2,0.0,0.0,1,propagule,2400,0,0,0.12416666666666666,True,0.005,0.015
3,5,3,0.0,0.0,1,propagule,2387,0,0,0.12023460410557185,True,0.005,0.015
3,5,4,0.0,0.0,1,propagule,2333,0,0,0.12173167595370767,True,0.005,0.015
3,5,5,0.0,0.0,1,propagule,2307,0,0,0.12267013437364542,True,0.005,0.015
3,5,6,0.0,0.0,1,propagule,2284,0,0,0.1212784588441331,True,0.005,0.015
3,5,7,0.0,0.0,1,propagule,2271,0,0,0.12241303390576838,True,0.005,0.015
3,5,8,0.0,0.0,1,propagule,2245,0,0,0.12293986636971047,True,0.005,0.015
3,5,9,0.0,0.0,1,propagule,2229,0,0,0.12382234185733512,True,0.005,0.015
3,5,10,0.0,0.0,1,propagule,2202,0,0,0.12488646684831971,True,0.005,0.015
3,5,11,0.0,0.0,1,propagule,2193,0,0,0.12676698586411309,True,0.005,0.015
3,5,12,0.0,0.0,1,propagule,2160,0,0,0.125,True,0.005,0.015
3,5,13,0.0,0.0,1,propagule,2148,0,0,0.12430167597765363,True,0.005,0.015
3,5,14,0.0,0.0,1,propagule,2134,0,0,0.1274601686972821,True,0.005,0.015
3,5,15,0.0,0.0,1,propagule,2122,0,0,0.12676720075400566,True,0.005,0.015
3,5,16,0.0,0.0,1,propagule,2106,0,0,0.12773029439696107,True,0.005,0.015
3,5,17,0.0,0.0,1,propagule,2100,0,0,0.12904761904761905,True,0.005,0.015
3,5,18,0.0,0.0,1,propagule,4393,0,0,0.060778511267926244,True,0.005,0.015
3,5,19,0.0,0.0,1,propagule,4322,0,0,0.06177695511337344,True,0.005,0.015
3,5,20,0.0,0.0,1,propagule,4221,0,0,0.06278133143804786,True,0.005,0.015
3,5,21,0.0,0.0,1,propagule,4162,0,0,0.06487265737626141,True,0.005,0.015
3,5,22,0.0,0.0,1,propagule,4051,0,0,0.06393483090594915,True,0.005,0.015
3,5,23,0.0,0.0,1,propagule,3948,0,0,0.06610942249240122,True,0.005,0.015
3,5,24,0.0,0.0,1,propagule,3882,0,0,0.06517259144770737,True,0.005,0.015
3,5,25,0.0,0.0,1,propagule,3785,0,0,0.06631439894319682,True,0.005,0.015
3,5,26,0.0,0.0,1,propagule,3729,0,0,0.06704210244033253,True,0.005,0.015
3,5,27,0.0,0.0,1,propagule,3667,0,0,0.06899372784292337,True,0.005,0.015
3,5,28,0.0,0.0,1,propagule,3620,0,0,0.06795580110497237,True,0.005,0.015
3,5,29,0.0,0.0,1,propagule,3576,0,0,0.06823266219239374,True,0.005,0.015
3,5,30,0.0,0.0,1,propagule,3535,0,0,0.06817538896746818,True,0.005,0.015
3,5,31,0.0,0.0,1,propagule,3455,0,0,0.06888567293777134,True,0.005,0.015
3,5,32,0.0,0.0,1,propagule,3401,0,0,0.07027344898559247,True,0.005,0.015
3,5,33,0.0,0.0,1,propagule,3331,0,0,0.06964875412788953,True,0.005,0.015
3,5,34,0.0,0.0,1,propagule,3259,0,0,0.07088063823258668,True,0.005,0.015
3,5,35,0.0,0.0,1,propagule,3177,0,0,0.07145105445388732,True,0.005,0.015
3,5,36,0.0,0.0,1,propagule,3144,0,0,0.07601781170483461,True,0.005,0.015
3,5,37,0.0,0.0,1,propagule,3073,0,0,0.07614708753660918,True,0.005,0.015
3,5,38,0.0,0.0,1,propagule,3042,0,0,0.07659434582511505,True,0.005,0.015
3,5,39,0.0,0.0,1,propagule,3003,0,0,0.07858807858807859,True,0.005,0.015
3,5,40,0.0,0.0,1,propagule,2987,0,0,0.0780046869768999,True,0.005,0.015
3,5,41,0.0,0.0,1,propagule,2956,0,0,0.07882273342354533,True,0.005,0.015
3,5,42,0.0,0.0,1,propagule,2925,0,0,0.07863247863247863,True,0.005,0.015
3,5,43,0.0,0.0,1,propagule,2802,0,0,0.0974304068522484,True,0.005,0.015
3,5,44,0.0,0.0,1,propagule,2701,0,0,0.08811551277304702,True,0.005,0.015
3,5,45,0.0,0.0,1,propagule,2685,0,0,0.0893854748603352,True,0.005,0.015
3,5,46,0.0,0.0,1,propagule,2690,0,0,0.09479553903345725,True,0.005,0.015
3,5,47,0.0,0.0,1,propagule,2702,0,0,0.09844559585492228,True,0.005,0.015
3,5,48,0.0,0.0,1,propagule,2718,0,0,0.10117733627667402,True,0.005,0.015
3,5,49,0.0,0.0,1,propagule,2701,0,0,0.10662717512032581,True,0.005,0.015
3,5,50,0.0,0.0,1,propagule,2686,0,0,0.10871183916604617,True,0.005,0.015
3,5,51,0.0,0.0,1,propagule,2673,0,0,0.10849233071455294,True,0.005,0.015
3,5,52,0.0,0.0,1,propagule,2667,0,0,0.11323584551931008,True,0.005,0.015
3,6,1,0.0,0.0,1,propagule,2637,0,0,0.1130072051573758,True,0.005,0.015
3,6,2,0.0,0.0,1,propagule,2621,0,0,0.11407859595574209,True,0.005,0.015
3,6,3,0.0,0.0,1,propagule,2598,0,0,0.11547344110854503,True,0.005,0.015
3,6,4,0.0,0.0,1,propagule,2571,0,0,0.11435239206534423,True,0.005,0.015
3,6,5,0.0,0.0,1,propagule,2553,0,0,0.11515863689776733,True,0.005,0.015
3,6,6,0.0,0.0,1,propagule,2533,0,0,0.11764705882352941,True,0.005,0.015
3,6,7,0.0,0.0,1,propagule,2507,0,0,0.11806940566414041,True,0.005,0.015
3,6,8,0.0,0.0,1,propagule,2491,0,0,0.11963067041348856,True,0.005,0.015
3,6,9,0.0,0.0,1,propagule,2479,0,0,0.118192819685357,True,0.005,0.015
3,6,10,0.0,0.0,1,propagule,2456,0,0,0.12214983713355049,True,0.005,0.015
3,6,11,0.0,0.0,1,propagule,2436,0,0,0.11986863711001643,True,0.005,0.015
3,6,12,0.0,0.0,1,propagule,2414,0,0,0.12096106048053024,True,0.005,0.015
3,6,13,0.0,0.0,1,propagule,2398,0,0,0.12051709758131776,True,0.005,0.015
3,6,14,0.0,0.0,1,propagule,2370,0,0,0.12151898734177215,True,0.005,0.015
3,6,15,0.0,0.0,1,propagule,2355,0,0,0.1197452229299363,True,0.005,0.015
3,6,16,0.0,0.0,1,propagule,2329,0,0,0.12065264061829112,True,0.005,0.015
3,6,17,0.0,0.0,1,propagule,2309,0,0,0.12169770463404071,True,0.005,0.015
3,6,18,0.0,0.0,1,propagule,4818,0,0,0.0589456205894562,True,0.005,0.015
3,6,19,0.0,0.0,1,propagule,4717,0,0,0.057875768496926015,True,0.005,0.015
3,6,20,0.0,0.0,1,propagule,4659,0,0,0.059025541961794374,True,0.005,0.015
3,6,21,0.0,0.0,1,propagule,4554,0,0,0.05928853754940711,True,0.005,0.015
3,6,22,0.0,0.0,1,propagule,4446,0,0,0.06185335132703554,True,0.005,0.015
3,6,23,0.0,0.0,1,propagule,4299,0,0,0.06071179344033496,True,0.005,0.015
3,6,24,0.0,0.0,1,propagule,4222,0,0,0.06276646139270488,True,0.005,0.015
3,6,25,0.0,0.0,1,propagule,4123,0,0,0.06160562697065244,True,0.005,0.015
3,6,26,0.0,0.0,1,propagule,4046,0,0,0.06376668314384577,True,0.005,0.015
3,6,27,0.0,0.0,1,propagule,3948,0,0,0.06585612968591692,True,0.005,0.015
3,6,28,0.0,0.0,1,propagule,3898,0,0,0.06516162134427912,True,0.005,0.015
3,6,29,0.0,0.0,1,propagule,3779,0,0,0.06747816882773221,True,0.005,0.015
3,6,30,0.0,0.0,1,propagule,3699,0,0,0.06731549067315491,True,0.005,0.015
3,6,31,0.0,0.0,1,propagule,3631,0,0,0.06664830625172129,True,0.005,0.015
3,6,32,0.0,0.0,1,propagule,3542,0,0,0.06832298136645963,True,0.005,0.015
3,6,33,0.0,0.0,1,propagule,3468,0,0,0.06862745098039216,True,0.005,0.015
3,6,34,0.0,0.0,1,propagule,3428,0,0,0.07030338389731622,True,0.005,0.015
3,6,35,0.0,0.0,1,propagule,3435,0,0,0.07132459970887918,True,0.005,0.015
3,6,36,0.0,0.0,1,propagule,3375,0,0,0.0714074074074074,True,0.005,0.015
3,6,37,0.0,0.0,1,propagule,3319,0,0,0.07231093702922567,True,0.005,0.015
3,6,38,0.0,0.0,1,propagule,3276,0,0,0.07173382173382173,True,0.005,0.015
3,6,39,0.0,0.0,1,propagule,3249,0,0,0.07202216066481995,True,0.005,0.015
3,6,40,0.0,0.0,1,propagule,3234,0,0,0.07452071737786023,True,0.005,0.015
3,6,41,0.0,0.0,1,propagule,3205,0,0,0.07394695787831514,True,0.005,0.015
3,6,42,0.0,0.0,1,propagule,3183,0,0,0.07602890355010995,True,0.005,0.015
3,6,43,0.0,0.0,1,propagule,2973,0,0,0.09754456777665657,True,0.005,0.015
3,6,44,0.0,0.0,1,propagule,2860,0,0,0.08846153846153847,True,0.005,0.015
3,6,45,0.0,0.0,1,propagule,2831,0,0,0.08512892970681737,True,0.005,0.015
3,6,46,0.0,0.0,1,propagule,2838,0,0,0.08527131782945736,True,0.005,0.015
3,6,47,0.0,0.0,1,propagule,2835,0,0,0.08959435626102293,True,0.005,0.015
3,6,48,0.0,0.0,1,propagule,2855,0,0,0.09211908931698774,True,0.005,0.015
3,6,49,0.0,0.0,1,propagule,2834,0,0,0.09280169371912492,True,0.005,0.015
3,6,50,0.0,0.0,1,propagule,2812,0,0,0.09352773826458037,True,0.005,0.015
3,6,51,0.0,0.0,1,propagule,2778,0,0,0.09539236861051116,True,0.005,0.015
3,6,52,0.0,0.0,1,propagule,2777,0,0,0.094706517824991,True,0.005,0.015
3,7,1,0.0,0.0,1,propagule,2733,0,0,0.09476765459202342,True,0.005,0.015
3,7,2,0.0,0.0,1,propagule,2713,0,0,0.09546627349797272,True,0.005,0.015
3,7,3,0.0,0.0,1,propagule,2707,0,0,0.09715552271887698,True,0.005,0.015
3,7,4,0.0,0.0,1,propagule,2684,0,0,0.09836065573770492,True,0.005,0.015
3,7,5,0.0,0.0,1,propagule,2660,0,0,0.10150375939849623,True,0.005,0.015
3,7,6,0.0,0.0,1,propagule,2645,0,0,0.10207939508506617,True,0.005,0.015
3,7,7,0.0,0.0,1,propagule,2626,0,0,0.10167555217060167,True,0.005,0.015
3,7,8,0.0,0.0,1,propagule,2606,0,0,0.10207214121258634,True,0.005,0.015
3,7,9,0.0,0.0,1,propagule,2573,0,0,0.10182666148464826,True,0.005,0.015
3,7,10,0.0,0.0,1,propagule,2540,0,0,0.10196850393700788,True,0.005,0.015
3,7,11,0.0,0.0,1,propagule,2519,0,0,0.10123064708217547,True,0.005,0.015
3,7,12,0.0,0.0,1,propagule,2485,0,0,0.10100603621730382,True,0.005,0.015
3,7,13,0.0,0.0,1,propagule,2482,0,0,0.10273972602739725,True,0.005,0.015
3,7,14,0.0,0.0,1,propagule,2446,0,0,0.10506950122649224,True,0.005,0.015
3,7,15,0.0,0.0,1,propagule,2416,0,0,0.10430463576158941,True,0.005,0.015
3,7,16,0.0,0.0,1,propagule,2394,0,0,0.1023391812865497,True,0.005,0.015
3,7,17,0.0,0.0,1,propagule,2389,0,0,0.104227710339054,True,0.005,0.015
3,7,18,0.0,0.0,1,propagule,4884,0,0,0.049754299754299756,True,0.005,0.015
3,7,19,0.0,0.0,1,propagule,4812,0,0,0.05133000831255195,True,0.005,0.015
3,7,20,0.0,0.0,1,propagule,4719,0,0,0.05191777919050646,True,0.005,0.015
3,7,21,0.0,0.0,1,propagule,4636,0,0,0.05241587575496117,True,0.005,0.015
3,7,22,0.0,0.0,1,propagule,4554,0,0,0.05138339920948617,True,0.005,0.015
3,7,23,0.0,0.0,1,propagule,4471,0,0,0.05211362111384478,True,0.005,0.015
3,7,24,0.0,0.0,1,propagule,4379,0,0,0.05206668189084266,True,0.005,0.015
3,7,25,0.0,0.0,1,propagule,4305,0,0,0.0529616724738676,True,0.005,0.015
3,7,26,0.0,0.0,1,propagule,4235,0,0,0.05194805194805195,True,0.005,0.015
3,7,27,0.0,0.0,1,propagule,4132,0,0,0.0537270087124879,True,0.005,0.015
3,7,28,0.0,0.0,1,propagule,4098,0,0,0.0531966813079551,True,0.005,0.015
3,7,29,0.0,0.0,1,propagule,3990,0,0,0.05488721804511278,True,0.005,0.015
3,7,30,0.0,0.0,1,propagule,3883,0,0,0.054339428277105334,True,0.005,0.015
3,7,31,0.0,0.0,1,propagule,3816,0,0,0.055031446540880505,True,0.005,0.015
3,7,32,0.0,0.0,1,propagule,3738,0,0,0.05457463884430177,True,0.005,0.015
3,7,33,0.0,0.0,1,propagule,3709,0,0,0.055810191426260446,True,0.005,0.015
3,7,34,0.0,0.0,1,propagule,3649,0,0,0.05755001370238422,True,0.005,0.015
3,7,35,0.0,0.0,1,propagule,3586,0,0,0.05633017289459007,True,0.005,0.015
3,7,36,0.0,0.0,1,propagule,3530,0,0,0.06430594900849858,True,0.005,0.015
3,7,37,0.0,0.0,1,propagule,3493,0,0,0.06670483824792442,True,0.005,0.015
3,7,38,0.0,0.0,1,propagule,3454,0,0,0.06861609727851765,True,0.005,0.015
3,7,39,0.0,0.0,1,propagule,3415,0,0,0.06764275256222547,True,0.005,0.015
3,7,40,0.0,0.0,1,propagule,3356,0,0,0.06585220500595948,True,0.005,0.015
3,7,41,0.0,0.0,1,propagule,3318,0,0,0.06630500301386377,True,0.005,0.015
3,7,42,0.0,0.0,1,propagule,3287,0,0,0.06753878916945542,True,0.005,0.015
3,7,43,0.0,0.0,1,propagule,3071,0,0,0.07945294692282644,True,0.005,0.015
3,7,44,0.0,0.0,1,propagule,2936,0,0,0.07425068119891008,True,0.005,0.015
3,7,45,0.0,0.0,1,propagule,2917,0,0,0.07713404182379156,True,0.005,0.015
3,7,46,0.0,0.0,1,propagule,2924,0,0,0.07934336525307797,True,0.005,0.015
3,7,47,0.0,0.0,1,propagule,2942,0,0,0.08463630183548607,True,0.005,0.015
3,7,48,0.0,0.0,1,propagule,2951,0,0,0.08708912233141308,True,0.005,0.015
3,7,49,0.0,0.0,1,propagule,2990,0,0,0.0959866220735786,True,0.005,0.015
3,7,50,0.0,0.0,1,propagule,2997,0,0,0.0960960960960961,True,0.005,0.015
3,7,51,0.0,0.0,1,propagule,2985,0,0,0.09715242881072027,True,0.005,0.015
3,7,52,0.0,0.0,1,propagule,2956,0,0,0.09810554803788904,True,0.005,0.015
3,8,1,0.0,0.0,1,propagule,2940,0,0,0.09965986394557823,True,0.005,0.015
3,8,2,0.0,0.0,1,propagule,2917,0,0,0.10010284538909839,True,0.005,0.015
3,8,3,0.0,0.0,1,propagule,2912,0,0,0.10164835164835165,True,0.005,0.015
3,8,4,0.0,0.0,1,propagule,2883,0,0,0.10128338536246966,True,0.005,0.015
3,8,5,0.0,0.0,1,propagule,2882,0,0,0.09993060374739764,True,0.005,0.015
3,8,6,0.0,0.0,1,propagule,2833,0,0,0.10271796681962583,True,0.005,0.015
3,8,7,0.0,0.0,1,propagule,2809,0,0,0.10217159131363475,True,0.005,0.015
3,8,8,0.0,0.0,1,propagule,2768,0,0,0.10115606936416185,True,0.005,0.015
3,8,9,0.0,0.0,1,propagule,2747,0,0,0.10338551146705496,True,0.005,0.015
3,8,10,0.0,0.0,1,propagule,2705,0,0,0.10351201478743069,True,0.005,0.015
3,8,11,0.0,0.0,1,propagule,2670,0,0,0.10074906367041199,True,0.005,0.015
3,8,12,0.0,0.0,1,propagule,2646,0,0,0.10430839002267574,True,0.005,0.015
3,8,13,0.0,0.0,1,propagule,2621,0,0,0.10339565051507059,True,0.005,0.015
3,8,14,0.0,0.0,1,propagule,2592,0,0,0.10378086419753087,True,0.005,0.015
3,8,15,0.0,0.0,1,propagule,2576,0,0,0.10287267080745342,True,0.005,0.015
3,8,16,0.0,0.0,1,propagule,2546,0,0,0.10290652003142184,True,0.005,0.015
3,8,17,0.0,0.0,1,propagule,2527,0,0,0.10288880094974277,True,0.005,0.015
3,8,18,0.0,0.0,1,propagule,5487,0,0,0.045379989065062874,True,0.005,0.015
3,8,19,0.0,0.0,1,propagule,5420,0,0,0.045202952029520294,True,0.005,0.015
3,8,20,0.0,0.0,1,propagule,5341,0,0,0.046058790488672535,True,0.005,0.015
3,8,21,0.0,0.0,1,propagule,5251,0,0,0.04703865930298991,True,0.005,0.015
3,8,22,0.0,0.0,1,propagule,5144,0,0,0.04762830482115085,True,0.005,0.015
3,8,23,0.0,0.0,1,propagule,5067,0,0,0.046970594039865796,True,0.005,0.015
3,8,24,0.0,0.0,1,propagule,4978,0,0,0.04821213338690237,True,0.005,0.015
3,8,25,0.0,0.0,1,propagule,4920,0,0,0.04878048780487805,True,0.005,0.015
3,8,26,0.0,0.0,1,propagule,4889,0,0,0.04929433421967683,True,0.005,0.015
3,8,27,0.0,0.0,1,propagule,4851,0,0,0.05029890744176459,True,0.005,0.015
3,8,28,0.0,0.0,1,propagule,4805,0,0,0.05098855359001041,True,0.005,0.015
3,8,29,0.0,0.0,1,propagule,4699,0,0,0.051925941689721214,True,0.005,0.015
3,8,30,0.0,0.0,1,propagule,4604,0,0,0.052345786272806255,True,0.005,0.015
3,8,31,0.0,0.0,1,propagule,4538,0,0,0.053107095636844424,True,0.005,0.015
3,8,32,0.0,0.0,1,propagule,4497,0,0,0.0533689126084056,True,0.005,0.015
3,8,33,0.0,0.0,1,propagule,4378,0,0,0.05322064869803563,True,0.005,0.015
3,8,34,0.0,0.0,1,propagule,4293,0,0,0.05380852550663871,True,0.005,0.015
3,8,35,0.0,0.0,1,propagule,4220,0,0,0.054976303317535544,True,0.005,0.015
3,8,36,0.0,0.0,1,propagule,4149,0,0,0.06676307543986502,True,0.005,0.015
3,8,37,0.0,0.0,1,propagule,4087,0,0,0.06483973574749205,True,0.005,0.015
3,8,38,0.0,0.0,1,propagule,4067,0,0,0.06712564543889846,True,0.005,0.015
3,8,39,0.0,0.0,1,propagule,4049,0,0,0.06989380093850334,True,0.005,0.015
3,8,40,0.0,0.0,1,propagule,4014,0,0,0.06900847035376183,True,0.005,0.015
3,8,41,0.0,0.0,1,propagule,3990,0,0,0.07117794486215538,True,0.005,0.015
3,8,42,0.0,0.0,1,propagule,3945,0,0,0.0714828897338403,True,0.005,0.015
3,8,43,0.0,0.0,1,propagule,3578,0,0,0.08580212409167133,True,0.005,0.015
3,8,44,0.0,0.0,1,propagule,3435,0,0,0.07802037845705968,True,0.005,0.015
3,8,45,0.0,0.0,1,propagule,3408,0,0,0.07717136150234742,True,0.005,0.015
3,8,46,0.0,0.0,1,propagule,3432,0,0,0.0780885780885781,True,0.005,0.015
3,8,47,0.0,0.0,1,propagule,3422,0,0,0.07977790765634132,True,0.005,0.015
3,8,48,0.0,0.0,1,propagule,3459,0,0,0.08701936976004626,True,0.005,0.015
3,8,49,0.0,0.0,1,propagule,3453,0,0,0.08977700550246162,True,0.005,0.015
3,8,50,0.0,0.0,1,propagule,3452,0,0,0.09009269988412515,True,0.005,0.015
3,8,51,0.0,0.0,1,propagule,3427,0,0,0.09600233440326816,True,0.005,0.015
3,8,52,0.0,0.0,1,propagule,3422,0,0,0.09468147282291058,True,0.005,0.015
3,9,1,0.0,0.0,1,propagule,3359,0,0,0.09556415599880917,True,0.005,0.015
3,9,2,0.0,0.0,1,propagule,3316,0,0,0.09981905910735826,True,0.005,0.015
3,9,3,0.0,0.0,1,propagule,3293,0,0,0.09869419981779533,True,0.005,0.015
3,9,4,0.0,0.0,1,propagule,3259,0,0,0.09911015648972077,True,0.005,0.015
3,9,5,0.0,0.0,1,propagule,3235,0,0,0.0982998454404946,True,0.005,0.015
3,9,6,0.0,0.0,1,propagule,3224,0,0,0.0989454094292804,True,0.005,0.015
3,9,7,0.0,0.0,1,propagule,3188,0,0,0.10006273525721456,True,0.005,0.015
3,9,8,0.0,0.0,1,propagule,3158,0,0,0.09911336288790373,True,0.005,0.015
3,9,9,0.0,0.0,1,propagule,3101,0,0,0.10093518219929055,True,0.005,0.015
3,9,10,0.0,0.0,1,propagule,3076,0,0,0.10305591677503251,True,0.005,0.015
3,9,11,0.0,0.0,1,propagule,3041,0,0,0.10062479447550148,True,0.005,0.015
3,9,12,0.0,0.0,1,propagule,3022,0,0,0.10390469887491727,True,0.005,0.015
3,9,13,0.0,0.0,1,propagule,2993,0,0,0.10190444370197127,True,0.005,0.015
3,9,14,0.0,0.0,1,propagule,2953,0,0,0.1015916017609211,True,0.005,0.015
3,9,15,0.0,0.0,1,propagule,2925,0,0,0.1011965811965812,True,0.005,0.015
3,9,16,0.0,0.0,1,propagule,2884,0,0,0.10020804438280166,True,0.005,0.015
3,9,17,0.0,0.0,1,propagule,2853,0,0,0.10094637223974763,True,0.005,0.015
3,9,18,0.0,0.0,1,propagule,6015,0,0,0.04222776392352452,True,0.005,0.015
3,9,19,0.0,0.0,1,propagule,5930,0,0,0.04097807757166948,True,0.005,0.015
3,9,20,0.0,0.0,1,propagule,5859,0,0,0.04079194401775047,True,0.005,0.015
3,9,21,0.0,0.0,1,propagule,5743,0,0,0.04109350513668814,True,0.005,0.015
3,9,22,0.0,0.0,1,propagule,5647,0,0,0.04196918717903311,True,0.005,0.015
3,9,23,0.0,0.0,1,propagule,5504,0,0,0.041787790697674417,True,0.005,0.015
3,9,24,0.0,0.0,1,propagule,5453,0,0,0.04217861727489455,True,0.005,0.015
3,9,25,0.0,0.0,1,propagule,5439,0,0,0.043758043758043756,True,0.005,0.015
3,9,26,0.0,0.0,1,propagule,5333,0,0,0.04294018376148509,True,0.005,0.015
3,9,27,0.0,0.0,1,propagule,5257,0,0,0.044512079132585126,True,0.005,0.015
3,9,28,0.0,0.0,1,propagule,5118,0,0,0.0441578741695975,True,0.005,0.015
3,9,29,0.0,0.0,1,propagule,4984,0,0,0.04333868378812199,True,0.005,0.015
3,9,30,0.0,0.0,1,propagule,4869,0,0,0.04313000616142945,True,0.005,0.015
3,9,31,0.0,0.0,1,propagule,4772,0,0,0.04484492875104778,True,0.005,0.015
3,9,32,0.0,0.0,1,propagule,4677,0,0,0.04361770365618987,True,0.005,0.015
3,9,33,0.0,0.0,1,propagule,4681,0,0,0.045075838496047856,True,0.005,0.015
3,9,34,0.0,0.0,1,propagule,4545,0,0,0.044884488448844885,True,0.005,0.015
3,9,35,0.0,0.0,1,propagule,4516,0,0,0.04495128432240921,True,0.005,0.015
3,9,36,0.0,0.0,1,propagule,4468,0,0,0.04543419874664279,True,0.005,0.015
3,9,37,0.0,0.0,1,propagule,4417,0,0,0.04776997962417931,True,0.005,0.015
3,9,38,0.0,0.0,1,propagule,4353,0,0,0.04594532506317482,True,0.005,0.015
3,9,39,0.0,0.0,1,propagule,4326,0,0,0.047156726768377254,True,0.005,0.015
3,9,40,0.0,0.0,1,propagule,4267,0,0,0.04710569486758847,True,0.005,0.015
3,9,41,0.0,0.0,1,propagule,4257,0,0,0.04886070002349072,True,0.005,0.015
3,9,42,0.0,0.0,1,propagule,4195,0,0,0.048629320619785456,True,0.005,0.015
3,9,43,0.0,0.0,1,propagule,3969,0,0,0.08163265306122448,True,0.005,0.015
3,9,44,0.0,0.0,1,propagule,3788,0,0,0.07444561774023231,True,0.005,0.015
3,9,45,0.0,0.0,1,propagule,3788,0,0,0.07893347412882788,True,0.005,0.015
3,9,46,0.0,0.0,1,propagule,3803,0,0,0.08466999737049698,True,0.005,0.015
3,9,47,0.0,0.0,1,propagule,3815,0,0,0.08938401048492792,True,0.005,0.015
3,9,48,0.0,0.0,1,propagule,3838,0,0,0.09275664408546118,True,0.005,0.015
3,9,49,0.0,0.0,1,propagule,3852,0,0,0.09553478712357218,True,0.005,0.015
3,9,50,0.0,0.0,1,propagule,3849,0,0,0.0989867498051442,True,0.005,0.015
3,9,51,0.0,0.0,1,propagule,3846,0,0,0.10348413936557463,True,0.005,0.015
3,9,52,0.0,0.0,1,propagule,3836,0,0,0.10349322210636079,True,0.005,0.015
3,10,1,0.0,0.0,1,propagule,3820,0,0,0.10471204188481675,True,0.005,0.015
3,10,2,0.0,0.0,1,propagule,3836,0,0,0.10766423357664233,True,0.005,0.015
3,10,3,0.0,0.0,1,propagule,3818,0,0,0.11131482451545312,True,0.005,0.015
3,10,4,0.0,0.0,1,propagule,3799,0,0,0.11318768096867597,True,0.005,0.015
3,10,5,0.0,0.0,1,propagule,3807,0,0,0.11505122143420016,True,0.005,0.015
3,10,6,0.0,0.0,1,propagule,3799,0,0,0.11660963411424059,True,0.005,0.015
3,10,7,0.0,0.0,1,propagule,3787,0,0,0.11856350673356218,True,0.005,0.015
3,10,8,0.0,0.0,1,propagule,3757,0,0,0.12004258717061485,True,0.005,0.015
3,10,9,0.0,0.0,1,propagule,3734,0,0,0.11863952865559721,True,0.005,0.015
3,10,10,0.0,0.0,1,propagule,3714,0,0,0.11954765751211632,True,0.005,0.015
3,10,11,0.0,0.0,1,propagule,3695,0,0,0.12070365358592693,True,0.005,0.015
3,10,12,0.0,0.0,1,propagule,3669,0,0,0.12155900790406106,True,0.005,0.015
3,10,13,0.0,0.0,1,propagule,3586,0,0,0.1238148354712772,True,0.005,0.015
3,10,14,0.0,0.0,1,propagule,3532,0,0,0.12514156285390712,True,0.005,0.015
3,10,15,0.0,0.0,1,propagule,3512,0,0,0.12386104783599089,True,0.005,0.015
3,10,16,0.0,0.0,1,propagule,3464,0,0,0.12182448036951501,True,0.005,0.015
3,10,17,0.0,0.0,1,propagule,3440,0,0,0.12441860465116279,True,0.005,0.015
3,10,18,0.0,0.0,1,propagule,7315,0,0,0.05550239234449761,True,0.005,0.015
3,10,19,0.0,0.0,1,propagule,7191,0,0,0.055625086914198305,True,0.005,0.015
3,10,20,0.0,0.0,1,propagule,7058,0,0,0.05624822896004534,True,0.005,0.015
3,10,21,0.0,0.0,1,propagule,6938,0,0,0.05621216488901701,True,0.005,0.015
3,10,22,0.0,0.0,1,propagule,6859,0,0,0.05685960052485785,True,0.005,0.015
3,10,23,0.0,0.0,1,propagule,6711,0,0,0.057368499478468185,True,0.005,0.015
3,10,24,0.0,0.0,1,propagule,6634,0,0,0.056828459451311424,True,0.005,0.015
3,10,25,0.0,0.0,1,propagule,6516,0,0,0.05862492326580725,True,0.005,0.015
3,10,26,0.0,0.0,1,propagule,6417,0,0,0.05859435873461119,True,0.005,0.015
3,10,27,0.0,0.0,1,propagule,6310,0,0,0.059587955625990494,True,0.005,0.015
3,10,28,0.0,0.0,1,propagule,6203,0,0,0.06142189263259713,True,0.005,0.015
3,10,29,0.0,0.0,1,propagule,6136,0,0,0.060625814863103,True,0.005,0.015
3,10,30,0.0,0.0,1,propagule,6048,0,0,0.061507936507936505,True,0.005,0.015
3,10,31,0.0,0.0,1,propagule,5917,0,0,0.06168666553996958,True,0.005,0.015
3,10,32,0.0,0.0,1,propagule,5813,0,0,0.06175812833304662,True,0.005,0.015
3,10,33,0.0,0.0,1,propagule,5727,0,0,0.06355858215470578,True,0.005,0.015
3,10,34,0.0,0.0,1,propagule,5664,0,0,0.0637358757062147,True,0.005,0.015
3,10,35,0.0,0.0,1,propagule,5551,0,0,0.06287155467483337,True,0.005,0.015
3,10,36,0.0,0.0,1,propagule,5431,0,0,0.06389246915853435,True,0.005,0.015
3,10,37,0.0,0.0,1,propagule,5381,0,0,0.06522951124326333,True,0.005,0.015
3,10,38,0.0,0.0,1,propagule,5329,0,0,0.06549071120285231,True,0.005,0.015
3,10,39,0.0,0.0,1,propagule,5283,0,0,0.06606095021767935,True,0.005,0.015
3,10,40,0.0,0.0,1,propagule,5234,0,0,0.06648834543370272,True,0.005,0.015
3,10,41,0.0,0.0,1,propagule,5161,0,0,0.06781631466770006,True,0.005,0.015
3,10,42,0.0,0.0,1,propagule,5100,0,0,0.06705882352941177,True,0.005,0.015
3,10,43,0.0,0.0,1,propagule,4494,0,0,0.08744993324432576,True,0.005,0.015
3,10,44,0.0,0.0,1,propagule,4306,0,0,0.08197863446353924,True,0.005,0.015
3,10,45,0.0,0.0,1,propagule,4263,0,0,0.08257095941825006,True,0.005,0.015
3,10,46,0.0,0.0,1,propagule,4296,0,0,0.08542830540037244,True,0.005,0.015
3,10,47,0.0,0.0,1,propagule,4301,0,0,0.0850964891885608,True,0.005,0.015
3,10,48,0.0,0.0,1,propagule,4349,0,0,0.08760634628650264,True,0.005,0.015
3,10,49,0.0,0.0,1,propagule,4370,0,0,0.08832951945080092,True,0.005,0.015
3,10,50,0.0,0.0,1,propagule,4393,0,0,0.09037104484407012,True,0.005,0.015
3,10,51,0.0,0.0,1,propagule,4385,0,0,0.08962371721778792,True,0.005,0.015
3,10,52,0.0,0.0,1,propagule,4360,0,0,0.0915137614678899,True,0.005,0.015
3,1,1,0.0,0.0,1,propagule,983,0,0,0.0,True,0.005,0.02
3,1,2,0.0,0.0,1,propagule,972,0,0,0.0,True,0.005,0.02
3,1,3,0.0,0.0,1,propagule,979,0,0,0.0,True,0.005,0.02
3,1,4,0.0,0.0,1,propagule,968,0,0,0.0010330578512396695,True,0.005,0.02
3,1,5,0.0,0.0,1,propagule,969,0,0,0.0030959752321981426,True,0.005,0.02
3,1,6,0.0,0.0,1,propagule,971,0,0,0.007209062821833162,True,0.005,0.02
3,1,7,0.0,0.0,1,propagule,964,0,0,0.00933609958506224,True,0.005,0.02
3,1,8,0.0,0.0,1,propagule,956,0,0,0.009414225941422594,True,0.005,0.02
3,1,9,0.0,0.0,1,propagule,945,0,0,0.010582010582010581,True,0.005,0.02
3,1,10,0.0,0.0,1,propagule,924,0,0,0.010822510822510822,True,0.005,0.02
3,1,11,0.0,0.0,1,propagule,917,0,0,0.010905125408942203,True,0.005,0.02
3,1,12,0.0,0.0,1,propagule,904,0,0,0.011061946902654867,True,0.005,0.02
3,1,13,0.0,0.0,1,propagule,901,0,0,0.011098779134295227,True,0.005,0.02
3,1,14,0.0,0.0,1,propagule,889,0,0,0.01124859392575928,True,0.005,0.02
3,1,15,0.0,0.0,1,propagule,889,0,0,0.01124859392575928,True,0.005,0.02
3,1,16,0.0,0.0,1,propagule,876,0,0,0.01141552511415525,True,0.005,0.02
3,1,17,0.0,0.0,1,propagule,879,0,0,0.011376564277588168,True,0.005,0.02
3,1,18,0.0,0.0,1,propagule,2514,0,0,0.003977724741447892,True,0.005,0.02
3,1,19,0.0,0.0,1,propagule,2462,0,0,0.004061738424045491,True,0.005,0.02
3,1,20,0.0,0.0,1,propagule,2417,0,0,0.004137360364087712,True,0.005,0.02
3,1,21,0.0,0.0,1,propagule,2365,0,0,0.004228329809725159,True,0.005,0.02
3,1,22,0.0,0.0,1,propagule,2312,0,0,0.004325259515570935,True,0.005,0.02
3,1,23,0.0,0.0,1,propagule,2250,0,0,0.0044444444444444444,True,0.005,0.02
3,1,24,0.0,0.0,1,propagule,2213,0,0,0.004518752824220515,True,0.005,0.02
3,1,25,0.0,0.0,1,propagule,2147,0,0,0.004657661853749418,True,0.005,0.02
3,1,26,0.0,0.0,1,propagule,2144,0,0,0.0046641791044776115,True,0.005,0.02
3,1,27,0.0,0.0,1,propagule,2102,0,0,0.004757373929590866,True,0.005,0.02
3,1,28,0.0,0.0,1,propagule,2084,0,0,0.0047984644913627635,True,0.005,0.02
3,1,29,0.0,0.0,1,propagule,2043,0,0,0.004894762604013705,True,0.005,0.02
3,1,30,0.0,0.0,1,propagule,2014,0,0,0.004965243296921549,True,0.005,0.02
3,1,31,0.0,0.0,1,propagule,2001,0,0,0.004997501249375313,True,0.005,0.02
3,1,32,0.0,0.0,1,propagule,1962,0,0,0.0050968399592252805,True,0.005,0.02
3,1,33,0.0,0.0,1,propagule,1925,0,0,0.005194805194805195,True,0.005,0.02
3,1,34,0.0,0.0,1,propagule,1896,0,0,0.004746835443037975,True,0.005,0.02
3,1,35,0.0,0.0,1,propagule,1897,0,0,0.004744333157617291,True,0.005,0.02
3,1,36,0.0,0.0,1,propagule,1858,0,0,0.005382131324004306,True,0.005,0.02
3,1,37,0.0,0.0,1,propagule,1817,0,0,0.006604292790313704,True,0.005,0.02
3,1,38,0.0,0.0,1,propagule,1791,0,0,0.006700167504187605,True,0.005,0.02
3,1,39,0.0,0.0,1,propagule,1783,0,0,0.009534492428491307,True,0.005,0.02
3,1,40,0.0,0.0,1,propagule,1752,0,0,0.009703196347031963,True,0.005,0.02
3,1,41,0.0,0.0,1,propagule,1726,0,0,0.008111239860950173,True,0.005,0.02
3,1,42,0.0,0.0,1,propagule,1701,0,0,0.009994121105232217,True,0.005,0.02
3,1,43,0.0,0.0,1,propagule,1671,0,0,0.013165769000598444,True,0.005,0.02
3,1,44,0.0,0.0,1,propagule,1659,0,0,0.014466546112115732,True,0.005,0.02
3,1,45,0.0,0.0,1,propagule,1637,0,0,0.013439218081857055,True,0.005,0.02
3,1,46,0.0,0.0,1,propagule,1620,0,0,0.013580246913580247,True,0.005,0.02
3,1,47,0.0,0.0,1,propagule,1584,0,0,0.013888888888888888,True,0.005,0.02
3,1,48,0.0,0.0,1,propagule,1574,0,0,0.015247776365946633,True,0.005,0.02
3,1,49,0.0,0.0,1,propagule,1535,0,0,0.015635179153094463,True,0.005,0.02
3,1,50,0.0,0.0,1,propagule,1519,0,0,0.015141540487162607,True,0.005,0.02
3,1,51,0.0,0.0,1,propagule,1492,0,0,0.015415549597855228,True,0.005,0.02
3,1,52,0.0,0.0,1,propagule,1493,0,0,0.016075016744809108,True,0.005,0.02
3,2,1,0.0,0.0,1,propagule,1454,0,0,0.01581843191196699,True,0.005,0.02
3,2,2,0.0,0.0,1,propagule,1463,0,0,0.017088174982911826,True,0.005,0.02
3,2,3,0.0,0.0,1,propagule,1425,0,0,0.016140350877192983,True,0.005,0.02
3,2,4,0.0,0.0,1,propagule,1416,0,0,0.016242937853107344,True,0.005,0.02
3,2,5,0.0,0.0,1,propagule,1398,0,0,0.015736766809728183,True,0.005,0.02
3,2,6,0.0,0.0,1,propagule,1375,0,0,0.016727272727272726,True,0.005,0.02
3,2,7,0.0,0.0,1,propagule,1366,0,0,0.01683748169838946,True,0.005,0.02
3,2,8,0.0,0.0,1,propagule,1359,0,0,0.01692420897718911,True,0.005,0.02
3,2,9,0.0,0.0,1,propagule,1336,0,0,0.014970059880239521,True,0.005,0.02
3,2,10,0.0,0.0,1,propagule,1331,0,0,0.015777610818933134,True,0.005,0.02
3,2,11,0.0,0.0,1,propagule,1311,0,0,0.015255530129672006,True,0.005,0.02
3,2,12,0.0,0.0,1,propagule,1299,0,0,0.016936104695919937,True,0.005,0.02
3,2,13,0.0,0.0,1,propagule,1272,0,0,0.015723270440251572,True,0.005,0.02
3,2,14,0.0,0.0,1,propagule,1266,0,0,0.018167456556082148,True,0.005,0.02
3,2,15,0.0,0.0,1,propagule,1247,0,0,0.015236567762630313,True,0.005,0.02
3,2,16,0.0,0.0,1,propagule,1241,0,0,0.017727639000805803,True,0.005,0.02
3,2,17,0.0,0.0,1,propagule,1215,0,0,0.014814814814814815,True,0.005,0.02
3,2,18,0.0,0.0,1,propagule,2285,0,0,0.00962800875273523,True,0.005,0.02
3,2,19,0.0,0.0,1,propagule,2221,0,0,0.00810445745159838,True,0.005,0.02
3,2,20,0.0,0.0,1,propagule,2168,0,0,0.008763837638376383,True,0.005,0.02
3,2,21,0.0,0.0,1,propagule,2132,0,0,0.008442776735459663,True,0.005,0.02
3,2,22,0.0,0.0,1,propagule,2109,0,0,0.00995732574679943,True,0.005,0.02
3,2,23,0.0,0.0,1,propagule,2058,0,0,0.008746355685131196,True,0.005,0.02
3,2,24,0.0,0.0,1,propagule,2035,0,0,0.010319410319410319,True,0.005,0.02
3,2,25,0.0,0.0,1,propagule,1950,0,0,0.010256410256410256,True,0.005,0.02
3,2,26,0.0,0.0,1,propagule,1923,0,0,0.0109204368174727,True,0.005,0.02
3,2,27,0.0,0.0,1,propagule,1865,0,0,0.011260053619302948,True,0.005,0.02
3,2,28,0.0,0.0,1,propagule,1812,0,0,0.011589403973509934,True,0.005,0.02
3,2,29,0.0,0.0,1,propagule,1789,0,0,0.012856344326439352,True,0.005,0.02
3,2,30,0.0,0.0,1,propagule,1755,0,0,0.010826210826210826,True,0.005,0.02
3,2,31,0.0,0.0,1,propagule,1720,0,0,0.012209302325581395,True,0.005,0.02
3,2,32,0.0,0.0,1,propagule,1682,0,0,0.013079667063020214,True,0.005,0.02
3,2,33,0.0,0.0,1,propagule,1664,0,0,0.013822115384615384,True,0.005,0.02
3,2,34,0.0,0.0,1,propagule,1641,0,0,0.012797074954296161,True,0.005,0.02
3,2,35,0.0,0.0,1,propagule,1632,0,0,0.013480392156862746,True,0.005,0.02
3,2,36,0.0,0.0,1,propagule,1609,0,0,0.01305158483530143,True,0.005,0.02
3,2,37,0.0,0.0,1,propagule,1573,0,0,0.014621741894469168,True,0.005,0.02
3,2,38,0.0,0.0,1,propagule,1549,0,0,0.014202711426726921,True,0.005,0.02
3,2,39,0.0,0.0,1,propagule,1534,0,0,0.016297262059973925,True,0.005,0.02
3,2,40,0.0,0.0,1,propagule,1519,0,0,0.015799868334430547,True,0.005,0.02
3,2,41,0.0,0.0,1,propagule,1524,0,0,0.01706036745406824,True,0.005,0.02
3,2,42,0.0,0.0,1,propagule,1502,0,0,0.017310252996005325,True,0.005,0.02
3,2,43,0.0,0.0,1,propagule,1531,0,0,0.036577400391900716,True,0.005,0.02
3,2,44,0.0,0.0,1,propagule,1493,0,0,0.032150033489618215,True,0.005,0.02
3,2,45,0.0,0.0,1,propagule,1483,0,0,0.03169251517194875,True,0.005,0.02
3,2,46,0.0,0.0,1,propagule,1462,0,0,0.03419972640218878,True,0.005,0.02
3,2,47,0.0,0.0,1,propagule,1435,0,0,0.033449477351916376,True,0.005,0.02
3,2,48,0.0,0.0,1,propagule,1423,0,0,0.03443429374560787,True,0.005,0.02
3,2,49,0.0,0.0,1,propagule,1412,0,0,0.03541076487252125,True,0.005,0.02
3,2,50,0.0,0.0,1,propagule,1394,0,0,0.03371592539454806,True,0.005,0.02
3,2,51,0.0,0.0,1,propagule,1383,0,0,0.038322487346348515,True,0.005,0.02
3,2,52,0.0,0.0,1,propagule,1366,0,0,0.03733528550512445,True,0.005,0.02
3,3,1,0.0,0.0,1,propagule,1365,0,0,0.03882783882783883,True,0.005,0.02
3,3,2,0.0,0.0,1,propagule,1337,0,0,0.035153328347045626,True,0.005,0.02
3,3,3,0.0,0.0,1,propagule,1342,0,0,0.039493293591654245,True,0.005,0.02
3,3,4,0.0,0.0,1,propagule,1331,0,0,0.03906836964688205,True,0.005,0.02
3,3,5,0.0,0.0,1,propagule,1319,0,0,0.045489006823351025,True,0.005,0.02
3,3,6,0.0,0.0,1,propagule,1297,0,0,0.04471858134155744,True,0.005,0.02
3,3,7,0.0,0.0,1,propagule,1283,0,0,0.048324240062353856,True,0.005,0.02
3,3,8,0.0,0.0,1,propagule,1270,0,0,0.048031496062992125,True,0.005,0.02
3,3,9,0.0,0.0,1,propagule,1259,0,0,0.05242255758538523,True,0.005,0.02
3,3,10,0.0,0.0,1,propagule,1231,0,0,0.047116165718927704,True,0.005,0.02
3,3,11,0.0,0.0,1,propagule,1214,0,0,0.047775947281713346,True,0.005,0.02
3,3,12,0.0,0.0,1,propagule,1194,0,0,0.04355108877721943,True,0.005,0.02
3,3,13,0.0,0.0,1,propagule,1184,0,0,0.048986486486486486,True,0.005,0.02
3,3,14,0.0,0.0,1,propagule,1174,0,0,0.04770017035775128,True,0.005,0.02
3,3,15,0.0,0.0,1,propagule,1164,0,0,0.0506872852233677,True,0.005,0.02
3,3,16,0.0,0.0,1,propagule,1154,0,0,0.05025996533795494,True,0.005,0.02
3,3,17,0.0,0.0,1,propagule,1145,0,0,0.05327510917030567,True,0.005,0.02
3,3,18,0.0,0.0,1,propagule,2614,0,0,0.020275439938791124,True,0.005,0.02
3,3,19,0.0,0.0,1,propagule,2622,0,0,0.02212051868802441,True,0.005,0.02
3,3,20,0.0,0.0,1,propagule,2529,0,0,0.021352313167259787,True,0.005,0.02
3,3,21,0.0,0.0,1,propagule,2501,0,0,0.024390243902439025,True,0.005,0.02
3,3,22,0.0,0.0,1,propagule,2431,0,0,0.02097902097902098,True,0.005,0.02
3,3,23,0.0,0.0,1,propagule,2375,0,0,0.024421052631578948,True,0.005,0.02
3,3,24,0.0,0.0,1,propagule,2330,0,0,0.02188841201716738,True,0.005,0.02
3,3,25,0.0,0.0,1,propagule,2316,0,0,0.025906735751295335,True,0.005,0.02
3,3,26,0.0,0.0,1,propagule,2272,0,0,0.02464788732394366,True,0.005,0.02
3,3,27,0.0,0.0,1,propagule,2225,0,0,0.025617977528089888,True,0.005,0.02
3,3,28,0.0,0.0,1,propagule,2179,0,0,0.024782010096374485,True,0.005,0.02
3,3,29,0.0,0.0,1,propagule,2155,0,0,0.03155452436194896,True,0.005,0.02
3,3,30,0.0,0.0,1,propagule,2051,0,0,0.023890784982935155,True,0.005,0.02
3,3,31,0.0,0.0,1,propagule,2045,0,0,0.026405867970660146,True,0.005,0.02
3,3,32,0.0,0.0,1,propagule,1954,0,0,0.02456499488229273,True,0.005,0.02
3,3,33,0.0,0.0,1,propagule,1971,0,0,0.030948756976154235,True,0.005,0.02
3,3,34,0.0,0.0,1,propagule,1893,0,0,0.029054410987849975,True,0.005,0.02
3,3,35,0.0,0.0,1,propagule,1866,0,0,0.031082529474812434,True,0.005,0.02
3,3,36,0.0,0.0,1,propagule,1797,0,0,0.0333889816360601,True,0.005,0.02
3,3,37,0.0,0.0,1,propagule,1794,0,0,0.042363433667781496,True,0.005,0.02
3,3,38,0.0,0.0,1,propagule,1738,0,0,0.04142692750287687,True,0.005,0.02
3,3,39,0.0,0.0,1,propagule,1724,0,0,0.04408352668213457,True,0.005,0.02
3,3,40,0.0,0.0,1,propagule,1714,0,0,0.046674445740956826,True,0.005,0.02
3,3,41,0.0,0.0,1,propagule,1698,0,0,0.04711425206124853,True,0.005,0.02
3,3,42,0.0,0.0,1,propagule,1663,0,0,0.04509921828021648,True,0.005,0.02
3,3,43,0.0,0.0,1,propagule,1791,0,0,0.09994416527079844,True,0.005,0.02
3,3,44,0.0,0.0,1,propagule,1700,0,0,0.08470588235294117,True,0.005,0.02
3,3,45,0.0,0.0,1,propagule,1669,0,0,0.08208508088675853,True,0.005,0.02
3,3,46,0.0,0.0,1,propagule,1657,0,0,0.08569704284852142,True,0.005,0.02
3,3,47,0.0,0.0,1,propagule,1634,0,0,0.08384332925336598,True,0.005,0.02
3,3,48,0.0,0.0,1,propagule,1654,0,0,0.09854897218863362,True,0.005,0.02
3,3,49,0.0,0.0,1,propagule,1614,0,0,0.09045848822800495,True,0.005,0.02
3,3,50,0.0,0.0,1,propagule,1617,0,0,0.09709338280766852,True,0.005,0.02
3,3,51,0.0,0.0,1,propagule,1580,0,0,0.09367088607594937,True,0.005,0.02
3,3,52,0.0,0.0,1,propagule,1592,0,0,0.0992462311557789,True,0.005,0.02
3,4,1,0.0,0.0,1,propagule,1549,0,0,0.0974822466107166,True,0.005,0.02
3,4,2,0.0,0.0,1,propagule,1552,0,0,0.10373711340206186,True,0.005,0.02
3,4,3,0.0,0.0,1,propagule,1513,0,0,0.10046265697290152,True,0.005,0.02
3,4,4,0.0,0.0,1,propagule,1509,0,0,0.10470510271703115,True,0.005,0.02
3,4,5,0.0,0.0,1,propagule,1478,0,0,0.10351826792963464,True,0.005,0.02
3,4,6,0.0,0.0,1,propagule,1475,0,0,0.10983050847457627,True,0.005,0.02
3,4,7,0.0,0.0,1,propagule,1438,0,0,0.1070931849791377,True,0.005,0.02
3,4,8,0.0,0.0,1,propagule,1438,0,0,0.11196105702364395,True,0.005,0.02
3,4,9,0.0,0.0,1,propagule,1407,0,0,0.10660980810234541,True,0.005,0.02
3,4,10,0.0,0.0,1,propagule,1400,0,0,0.11,True,0.005,0.02
3,4,11,0.0,0.0,1,propagule,1389,0,0,0.11447084233261338,True,0.005,0.02
3,4,12,0.0,0.0,1,propagule,1368,0,0,0.11257309941520467,True,0.005,0.02
3,4,13,0.0,0.0,1,propagule,1346,0,0,0.11589895988112928,True,0.005,0.02
3,4,14,0.0,0.0,1,propagule,1348,0,0,0.12091988130563798,True,0.005,0.02
3,4,15,0.0,0.0,1,propagule,1321,0,0,0.11809235427706283,True,0.005,0.02
3,4,16,0.0,0.0,1,propagule,1318,0,0,0.12063732928679818,True,0.005,0.02
3,4,17,0.0,0.0,1,propagule,1292,0,0,0.11609907120743033,True,0.005,0.02
3,4,18,0.0,0.0,1,propagule,2904,0,0,0.05337465564738292,True,0.005,0.02
3,4,19,0.0,0.0,1,propagule,2837,0,0,0.053577722946774764,True,0.005,0.02
3,4,20,0.0,0.0,1,propagule,2782,0,0,0.054277498202731846,True,0.005,0.02
3,4,21,0.0,0.0,1,propagule,2712,0,0,0.052728613569321535,True,0.005,0.02
3,4,22,0.0,0.0,1,propagule,2667,0,0,0.05249343832020997,True,0.005,0.02
3,4,23,0.0,0.0,1,propagule,2583,0,0,0.05265195509097948,True,0.005,0.02
3,4,24,0.0,0.0,1,propagule,2527,0,0,0.05421448357736446,True,0.005,0.02
3,4,25,0.0,0.0,1,propagule,2465,0,0,0.05314401622718053,True,0.005,0.02
3,4,26,0.0,0.0,1,propagule,2403,0,0,0.05451518934665002,True,0.005,0.02
3,4,27,0.0,0.0,1,propagule,2376,0,0,0.055134680134680134,True,0.005,0.02
3,4,28,0.0,0.0,1,propagule,2298,0,0,0.05961705831157528,True,0.005,0.02
3,4,29,0.0,0.0,1,propagule,2265,0,0,0.05827814569536424,True,0.005,0.02
3,4,30,0.0,0.0,1,propagule,2213,0,0,0.061455038409399004,True,0.005,0.02
3,4,31,0.0,0.0,1,propagule,2189,0,0,0.06030150753768844,True,0.005,0.02
3,4,32,0.0,0.0,1,propagule,2148,0,0,0.06378026070763501,True,0.005,0.02
3,4,33,0.0,0.0,1,propagule,2120,0,0,0.06367924528301887,True,0.005,0.02
3,4,34,0.0,0.0,1,propagule,2048,0,0,0.06494140625,True,0.005,0.02
3,4,35,0.0,0.0,1,propagule,2004,0,0,0.06536926147704591,True,0.005,0.02
3,4,36,0.0,0.0,1,propagule,1958,0,0,0.06486210418794688,True,0.005,0.02
3,4,37,0.0,0.0,1,propagule,1923,0,0,0.06812272490899636,True,0.005,0.02
3,4,38,0.0,0.0,1,propagule,1873,0,0,0.06994127068873465,True,0.005,0.02
3,4,39,0.0,0.0,1,propagule,1850,0,0,0.06756756756756757,True,0.005,0.02
3,4,40,0.0,0.0,1,propagule,1820,0,0,0.07142857142857142,True,0.005,0.02
3,4,41,0.0,0.0,1,propagule,1793,0,0,0.07138873396542109,True,0.005,0.02
3,4,42,0.0,0.0,1,propagule,1792,0,0,0.08091517857142858,True,0.005,0.02
3,4,43,0.0,0.0,1,propagule,1874,0,0,0.1056563500533618,True,0.005,0.02
3,4,44,0.0,0.0,1,propagule,1801,0,0,0.0982787340366463,True,0.005,0.02
3,4,45,0.0,0.0,1,propagule,1759,0,0,0.09721432632177374,True,0.005,0.02
3,4,46,0.0,0.0,1,propagule,1707,0,0,0.09724663151728179,True,0.005,0.02
3,4,47,0.0,0.0,1,propagule,1675,0,0,0.09671641791044776,True,0.005,0.02
3,4,48,0.0,0.0,1,propagule,1664,0,0,0.10276442307692307,True,0.005,0.02
3,4,49,0.0,0.0,1,propagule,1639,0,0,0.10067114093959731,True,0.005,0.02
3,4,50,0.0,0.0,1,propagule,1631,0,0,0.10606989576946659,True,0.005,0.02
3,4,51,0.0,0.0,1,propagule,1610,0,0,0.1062111801242236,True,0.005,0.02
3,4,52,0.0,0.0,1,propagule,1594,0,0,0.10915934755332497,True,0.005,0.02
3,5,1,0.0,0.0,1,propagule,1585,0,0,0.10914826498422713,True,0.005,0.02
3,5,2,0.0,0.0,1,propagule,1572,0,0,0.11195928753180662,True,0.005,0.02
3,5,3,0.0,0.0,1,propagule,1548,0,0,0.11046511627906977,True,0.005,0.02
3,5,4,0.0,0.0,1,propagule,1530,0,0,0.1130718954248366,True,0.005,0.02
3,5,5,0.0,0.0,1,propagule,1507,0,0,0.1121433311214333,True,0.005,0.02
3,5,6,0.0,0.0,1,propagule,1494,0,0,0.11646586345381527,True,0.005,0.02
3,5,7,0.0,0.0,1,propagule,1471,0,0,0.1142080217539089,True,0.005,0.02
3,5,8,0.0,0.0,1,propagule,1450,0,0,0.11655172413793104,True,0.005,0.02
3,5,9,0.0,0.0,1,propagule,1433,0,0,0.1151430565247732,True,0.005,0.02
3,5,10,0.0,0.0,1,propagule,1419,0,0,0.11909795630725863,True,0.005,0.02
3,5,11,0.0,0.0,1,propagule,1399,0,0,0.11865618298784847,True,0.005,0.02
3,5,12,0.0,0.0,1,propagule,1396,0,0,0.12249283667621777,True,0.005,0.02
3,5,13,0.0,0.0,1,propagule,1380,0,0,0.1246376811594203,True,0.005,0.02
3,5,14,0.0,0.0,1,propagule,1359,0,0,0.12214863870493009,True,0.005,0.02
3,5,15,0.0,0.0,1,propagule,1347,0,0,0.12472160356347439,True,0.005,0.02
3,5,16,0.0,0.0,1,propagule,1338,0,0,0.12705530642750373,True,0.005,0.02
3,5,17,0.0,0.0,1,propagule,1320,0,0,0.12727272727272726,True,0.005,0.02
3,5,18,0.0,0.0,1,propagule,2901,0,0,0.05722164770768701,True,0.005,0.02
3,5,19,0.0,0.0,1,propagule,2841,0,0,0.056318197817669835,True,0.005,0.02
3,5,20,0.0,0.0,1,propagule,2810,0,0,0.05765124555160142,True,0.005,0.02
3,5,21,0.0,0.0,1,propagule,2696,0,0,0.057863501483679525,True,0.005,0.02
3,5,22,0.0,0.0,1,propagule,2603,0,0,0.059546676911256244,True,0.005,0.02
3,5,23,0.0,0.0,1,propagule,2569,0,0,0.05955624756714675,True,0.005,0.02
3,5,24,0.0,0.0,1,propagule,2518,0,0,0.058379666401906276,True,0.005,0.02
3,5,25,0.0,0.0,1,propagule,2495,0,0,0.061322645290581165,True,0.005,0.02
3,5,26,0.0,0.0,1,propagule,2453,0,0,0.06481858948226661,True,0.005,0.02
3,5,27,0.0,0.0,1,propagule,2385,0,0,0.06540880503144654,True,0.005,0.02
3,5,28,0.0,0.0,1,propagule,2328,0,0,0.0661512027491409,True,0.005,0.02
3,5,29,0.0,0.0,1,propagule,2279,0,0,0.06713470820535322,True,0.005,0.02
3,5,30,0.0,0.0,1,propagule,2245,0,0,0.06993318485523385,True,0.005,0.02
3,5,31,0.0,0.0,1,propagule,2222,0,0,0.0702070207020702,True,0.005,0.02
3,5,32,0.0,0.0,1,propagule,2196,0,0,0.07194899817850638,True,0.005,0.02
3,5,33,0.0,0.0,1,propagule,2147,0,0,0.0712622263623661,True,0.005,0.02
3,5,34,0.0,0.0,1,propagule,2107,0,0,0.07214048410061699,True,0.005,0.02
3,5,35,0.0,0.0,1,propagule,2076,0,0,0.07273603082851637,True,0.005,0.02
3,5,36,0.0,0.0,1,propagule,2073,0,0,0.08007718282682104,True,0.005,0.02
3,5,37,0.0,0.0,1,propagule,1990,0,0,0.07487437185929648,True,0.005,0.02
3,5,38,0.0,0.0,1,propagule,1968,0,0,0.08028455284552846,True,0.005,0.02
3,5,39,0.0,0.0,1,propagule,1928,0,0,0.0783195020746888,True,0.005,0.02
3,5,40,0.0,0.0,1,propagule,1916,0,0,0.07933194154488518,True,0.005,0.02
3,5,41,0.0,0.0,1,propagule,1882,0,0,0.07704569606801276,True,0.005,0.02
3,5,42,0.0,0.0,1,propagule,1868,0,0,0.08190578158458243,True,0.005,0.02
3,5,43,0.0,0.0,1,propagule,1932,0,0,0.11387163561076605,True,0.005,0.02
3,5,44,0.0,0.0,1,propagule,1831,0,0,0.10595303113052977,True,0.005,0.02
3,5,45,0.0,0.0,1,propagule,1775,0,0,0.10253521126760563,True,0.005,0.02
3,5,46,0.0,0.0,1,propagule,1755,0,0,0.10484330484330484,True,0.005,0.02
3,5,47,0.0,0.0,1,propagule,1714,0,0,0.10560093348891482,True,0.005,0.02
3,5,48,0.0,0.0,1,propagule,1704,0,0,0.1068075117370892,True,0.005,0.02
3,5,49,0.0,0.0,1,propagule,1695,0,0,0.11032448377581121,True,0.005,0.02
3,5,50,0.0,0.0,1,propagule,1668,0,0,0.1091127098321343,True,0.005,0.02
3,5,51,0.0,0.0,1,propagule,1654,0,0,0.10701330108827085,True,0.005,0.02
3,5,52,0.0,0.0,1,propagule,1638,0,0,0.1105006105006105,True,0.005,0.02
3,6,1,0.0,0.0,1,propagule,1622,0,0,0.10974106041923551,True,0.005,0.02
3,6,2,0.0,0.0,1,propagule,1602,0,0,0.1111111111111111,True,0.005,0.02
3,6,3,0.0,0.0,1,propagule,1579,0,0,0.10829639012032932,True,0.005,0.02
3,6,4,0.0,0.0,1,propagule,1579,0,0,0.11272957568081064,True,0.005,0.02
3,6,5,0.0,0.0,1,propagule,1555,0,0,0.11254019292604502,True,0.005,0.02
3,6,6,0.0,0.0,1,propagule,1550,0,0,0.11612903225806452,True,0.005,0.02
3,6,7,0.0,0.0,1,propagule,1517,0,0,0.1133816743572841,True,0.005,0.02
3,6,8,0.0,0.0,1,propagule,1498,0,0,0.11348464619492657,True,0.005,0.02
3,6,9,0.0,0.0,1,propagule,1485,0,0,0.11582491582491583,True,0.005,0.02
3,6,10,0.0,0.0,1,propagule,1476,0,0,0.11449864498644986,True,0.005,0.02
3,6,11,0.0,0.0,1,propagule,1459,0,0,0.11514736120630568,True,0.005,0.02
3,6,12,0.0,0.0,1,propagule,1430,0,0,0.11608391608391608,True,0.005,0.02
3,6,13,0.0,0.0,1,propagule,1411,0,0,0.11693834160170093,True,0.005,0.02
3,6,14,0.0,0.0,1,propagule,1396,0,0,0.1174785100286533,True,0.005,0.02
3,6,15,0.0,0.0,1,propagule,1391,0,0,0.12005751258087707,True,0.005,0.02
3,6,16,0.0,0.0,1,propagule,1374,0,0,0.12081513828238719,True,0.005,0.02
3,6,17,0.0,0.0,1,propagule,1368,0,0,0.12353801169590643,True,0.005,0.02
3,6,18,0.0,0.0,1,propagule,3043,0,0,0.05290831416365429,True,0.005,0.02
3,6,19,0.0,0.0,1,propagule,2964,0,0,0.05263157894736842,True,0.005,0.02
3,6,20,0.0,0.0,1,propagule,2897,0,0,0.05488436313427684,True,0.005,0.02
3,6,21,0.0,0.0,1,propagule,2865,0,0,0.054799301919720766,True,0.005,0.02
3,6,22,0.0,0.0,1,propagule,2770,0,0,0.0555956678700361,True,0.005,0.02
3,6,23,0.0,0.0,1,propagule,2702,0,0,0.05588452997779423,True,0.005,0.02
3,6,24,0.0,0.0,1,propagule,2639,0,0,0.05759757483895415,True,0.005,0.02
3,6,25,0.0,0.0,1,propagule,2581,0,0,0.05889190236342503,True,0.005,0.02
3,6,26,0.0,0.0,1,propagule,2522,0,0,0.05947660586835844,True,0.005,0.02
3,6,27,0.0,0.0,1,propagule,2456,0,0,0.05985342019543974,True,0.005,0.02
3,6,28,0.0,0.0,1,propagule,2425,0,0,0.061855670103092786,True,0.005,0.02
3,6,29,0.0,0.0,1,propagule,2370,0,0,0.06118143459915612,True,0.005,0.02
3,6,30,0.0,0.0,1,propagule,2309,0,0,0.061931572109138154,True,0.005,0.02
3,6,31,0.0,0.0,1,propagule,2296,0,0,0.06358885017421603,True,0.005,0.02
3,6,32,0.0,0.0,1,propagule,2238,0,0,0.06389633601429848,True,0.005,0.02
3,6,33,0.0,0.0,1,propagule,2197,0,0,0.06554392353208921,True,0.005,0.02
3,6,34,0.0,0.0,1,propagule,2136,0,0,0.06647940074906367,True,0.005,0.02
3,6,35,0.0,0.0,1,propagule,2123,0,0,0.06924163918982572,True,0.005,0.02
3,6,36,0.0,0.0,1,propagule,2040,0,0,0.06764705882352941,True,0.005,0.02
3,6,37,0.0,0.0,1,propagule,2020,0,0,0.06930693069306931,True,0.005,0.02
3,6,38,0.0,0.0,1,propagule,1995,0,0,0.06917293233082707,True,0.005,0.02
3,6,39,0.0,0.0,1,propagule,1976,0,0,0.07135627530364372,True,0.005,0.02
3,6,40,0.0,0.0,1,propagule,1949,0,0,0.07080554130323242,True,0.005,0.02
3,6,41,0.0,0.0,1,propagule,1945,0,0,0.07352185089974293,True,0.005,0.02
3,6,42,0.0,0.0,1,propagule,1915,0,0,0.07154046997389034,True,0.005,0.02
3,6,43,0.0,0.0,1,propagule,2037,0,0,0.12812960235640647,True,0.005,0.02
3,6,44,0.0,0.0,1,propagule,1911,0,0,0.10675039246467818,True,0.005,0.02
3,6,45,0.0,0.0,1,propagule,1849,0,0,0.10492157923201731,True,0.005,0.02
3,6,46,0.0,0.0,1,propagule,1809,0,0,0.10337202874516307,True,0.005,0.02
3,6,47,0.0,0.0,1,propagule,1752,0,0,0.1021689497716895,True,0.005,0.02
3,6,48,0.0,0.0,1,propagule,1731,0,0,0.10109763142692085,True,0.005,0.02
3,6,49,0.0,0.0,1,propagule,1724,0,0,0.10730858468677494,True,0.005,0.02
3,6,50,0.0,0.0,1,propagule,1679,0,0,0.1042287075640262,True,0.005,0.02
3,6,51,0.0,0.0,1,propagule,1666,0,0,0.10444177671068428,True,0.005,0.02
3,6,52,0.0,0.0,1,propagule,1648,0,0,0.10558252427184465,True,0.005,0.02
3,7,1,0.0,0.0,1,propagule,1631,0,0,0.10668301655426118,True,0.005,0.02
3,7,2,0.0,0.0,1,propagule,1616,0,0,0.10952970297029703,True,0.005,0.02
3,7,3,0.0,0.0,1,propagule,1609,0,0,0.11373523927905531,True,0.005,0.02
3,7,4,0.0,0.0,1,propagule,1586,0,0,0.11097099621689786,True,0.005,0.02
3,7,5,0.0,0.0,1,propagule,1576,0,0,0.11230964467005077,True,0.005,0.02
3,7,6,0.0,0.0,1,propagule,1553,0,0,0.11461687057308435,True,0.005,0.02
3,7,7,0.0,0.0,1,propagule,1534,0,0,0.11342894393741851,True,0.005,0.02
3,7,8,0.0,0.0,1,propagule,1528,0,0,0.11452879581151833,True,0.005,0.02
3,7,9,0.0,0.0,1,propagule,1507,0,0,0.11678832116788321,True,0.005,0.02
3,7,10,0.0,0.0,1,propagule,1488,0,0,0.11559139784946236,True,0.005,0.02
3,7,11,0.0,0.0,1,propagule,1470,0,0,0.11292517006802721,True,0.005,0.02
3,7,12,0.0,0.0,1,propagule,1455,0,0,0.11271477663230241,True,0.005,0.02
3,7,13,0.0,0.0,1,propagule,1434,0,0,0.11436541143654114,True,0.005,0.02
3,7,14,0.0,0.0,1,propagule,1420,0,0,0.11338028169014085,True,0.005,0.02
3,7,15,0.0,0.0,1,propagule,1393,0,0,0.11270638908829864,True,0.005,0.02
3,7,16,0.0,0.0,1,propagule,1376,0,0,0.11409883720930232,True,0.005,0.02
3,7,17,0.0,0.0,1,propagule,1359,0,0,0.11258278145695365,True,0.005,0.02
3,7,18,0.0,0.0,1,propagule,2951,0,0,0.054218908844459505,True,0.005,0.02
3,7,19,0.0,0.0,1,propagule,2861,0,0,0.05207969241523943,True,0.005,0.02
3,7,20,0.0,0.0,1,propagule,2845,0,0,0.05342706502636204,True,0.005,0.02
3,7,21,0.0,0.0,1,propagule,2762,0,0,0.05358435916002897,True,0.005,0.02
3,7,22,0.0,0.0,1,propagule,2701,0,0,0.05516475379489078,True,0.005,0.02
3,7,23,0.0,0.0,1,propagule,2622,0,0,0.053012967200610224,True,0.005,0.02
3,7,24,0.0,0.0,1,propagule,2574,0,0,0.05439005439005439,True,0.005,0.02
3,7,25,0.0,0.0,1,propagule,2503,0,0,0.054734318817419095,True,0.005,0.02
3,7,26,0.0,0.0,1,propagule,2464,0,0,0.05519480519480519,True,0.005,0.02
3,7,27,0.0,0.0,1,propagule,2376,0,0,0.054292929292929296,True,0.005,0.02
3,7,28,0.0,0.0,1,propagule,2341,0,0,0.05724049551473729,True,0.005,0.02
3,7,29,0.0,0.0,1,propagule,2280,0,0,0.05482456140350877,True,0.005,0.02
3,7,30,0.0,0.0,1,propagule,2243,0,0,0.05617476593847526,True,0.005,0.02
3,7,31,0.0,0.0,1,propagule,2202,0,0,0.055404178019981834,True,0.005,0.02
3,7,32,0.0,0.0,1,propagule,2142,0,0,0.05695611577964519,True,0.005,0.02
3,7,33,0.0,0.0,1,propagule,2075,0,0,0.059759036144578316,True,0.005,0.02
3,7,34,0.0,0.0,1,propagule,2039,0,0,0.05934281510544385,True,0.005,0.02
3,7,35,0.0,0.0,1,propagule,1968,0,0,0.06046747967479675,True,0.005,0.02
3,7,36,0.0,0.0,1,propagule,1912,0,0,0.06380753138075314,True,0.005,0.02
3,7,37,0.0,0.0,1,propagule,1851,0,0,0.06050783360345759,True,0.005,0.02
3,7,38,0.0,0.0,1,propagule,1845,0,0,0.06504065040650407,True,0.005,0.02
3,7,39,0.0,0.0,1,propagule,1817,0,0,0.06659328563566318,True,0.005,0.02
3,7,40,0.0,0.0,1,propagule,1789,0,0,0.06707657909446618,True,0.005,0.02
3,7,41,0.0,0.0,1,propagule,1759,0,0,0.06310403638430927,True,0.005,0.02
3,7,42,0.0,0.0,1,propagule,1735,0,0,0.06512968299711816,True,0.005,0.02
3,7,43,0.0,0.0,1,propagule,1928,0,0,0.13692946058091288,True,0.005,0.02
3,7,44,0.0,0.0,1,propagule,1808,0,0,0.11836283185840708,True,0.005,0.02
3,7,45,0.0,0.0,1,propagule,1725,0,0,0.10840579710144928,True,0.005,0.02
3,7,46,0.0,0.0,1,propagule,1680,0,0,0.10416666666666667,True,0.005,0.02
3,7,47,0.0,0.0,1,propagule,1641,0,0,0.10237659963436929,True,0.005,0.02
3,7,48,0.0,0.0,1,propagule,1620,0,0,0.10432098765432099,True,0.005,0.02
3,7,49,0.0,0.0,1,propagule,1610,0,0,0.10745341614906832,True,0.005,0.02
3,7,50,0.0,0.0,1,propagule,1572,0,0,0.10305343511450382,True,0.005,0.02
3,7,51,0.0,0.0,1,propagule,1556,0,0,0.10668380462724936,True,0.005,0.02
3,7,52,0.0,0.0,1,propagule,1536,0,0,0.10611979166666667,True,0.005,0.02
3,8,1,0.0,0.0,1,propagule,1521,0,0,0.10650887573964497,True,0.005,0.02
3,8,2,0.0,0.0,1,propagule,1503,0,0,0.10645375914836992,True,0.005,0.02
3,8,3,0.0,0.0,1,propagule,1493,0,0,0.10649698593436034,True,0.005,0.02
3,8,4,0.0,0.0,1,propagule,1472,0,0,0.10733695652173914,True,0.005,0.02
3,8,5,0.0,0.0,1,propagule,1460,0,0,0.11027397260273973,True,0.005,0.02
3,8,6,0.0,0.0,1,propagule,1437,0,0,0.10786360473208072,True,0.005,0.02
3,8,7,0.0,0.0,1,propagule,1432,0,0,0.11103351955307263,True,0.005,0.02
3,8,8,0.0,0.0,1,propagule,1410,0,0,0.10780141843971631,True,0.005,0.02
3,8,9,0.0,0.0,1,propagule,1402,0,0,0.10984308131241084,True,0.005,0.02
3,8,10,0.0,0.0,1,propagule,1385,0,0,0.11046931407942238,True,0.005,0.02
3,8,11,0.0,0.0,1,propagule,1369,0,0,0.11176040905770636,True,0.005,0.02
3,8,12,0.0,0.0,1,propagule,1360,0,0,0.11397058823529412,True,0.005,0.02
3,8,13,0.0,0.0,1,propagule,1340,0,0,0.11492537313432835,True,0.005,0.02
3,8,14,0.0,0.0,1,propagule,1325,0,0,0.11471698113207547,True,0.005,0.02
3,8,15,0.0,0.0,1,propagule,1319,0,0,0.11675511751326763,True,0.005,0.02
3,8,16,0.0,0.0,1,propagule,1298,0,0,0.11633281972265024,True,0.005,0.02
3,8,17,0.0,0.0,1,propagule,1294,0,0,0.11823802163833076,True,0.005,0.02
3,8,18,0.0,0.0,1,propagule,2845,0,0,0.05342706502636204,True,0.005,0.02
3,8,19,0.0,0.0,1,propagule,2828,0,0,0.05480905233380481,True,0.005,0.02
3,8,20,0.0,0.0,1,propagule,2733,0,0,0.05305525064032199,True,0.005,0.02
3,8,21,0.0,0.0,1,propagule,2668,0,0,0.05472263868065967,True,0.005,0.02
3,8,22,0.0,0.0,1,propagule,2609,0,0,0.05557684936757378,True,0.005,0.02
3,8,23,0.0,0.0,1,propagule,2574,0,0,0.05555555555555555,True,0.005,0.02
3,8,24,0.0,0.0,1,propagule,2491,0,0,0.055800883179446,True,0.005,0.02
3,8,25,0.0,0.0,1,propagule,2445,0,0,0.05685071574642127,True,0.005,0.02
3,8,26,0.0,0.0,1,propagule,2412,0,0,0.05679933665008292,True,0.005,0.02
3,8,27,0.0,0.0,1,propagule,2356,0,0,0.05857385398981324,True,0.005,0.02
3,8,28,0.0,0.0,1,propagule,2295,0,0,0.058823529411764705,True,0.005,0.02
3,8,29,0.0,0.0,1,propagule,2268,0,0,0.059964726631393295,True,0.005,0.02
3,8,30,0.0,0.0,1,propagule,2220,0,0,0.060810810810810814,True,0.005,0.02
3,8,31,0.0,0.0,1,propagule,2210,0,0,0.06153846153846154,True,0.005,0.02
3,8,32,0.0,0.0,1,propagule,2170,0,0,0.06129032258064516,True,0.005,0.02
3,8,33,0.0,0.0,1,propagule,2136,0,0,0.062265917602996254,True,0.005,0.02
3,8,34,0.0,0.0,1,propagule,2101,0,0,0.06282722513089005,True,0.005,0.02
3,8,35,0.0,0.0,1,propagule,2082,0,0,0.06292026897214217,True,0.005,0.02
3,8,36,0.0,0.0,1,propagule,2037,0,0,0.06529209621993128,True,0.005,0.02
3,8,37,0.0,0.0,1,propagule,2007,0,0,0.0687593423019432,True,0.005,0.02
3,8,38,0.0,0.0,1,propagule,1976,0,0,0.06882591093117409,True,0.005,0.02
3,8,39,0.0,0.0,1,propagule,1957,0,0,0.07153806847215124,True,0.005,0.02
3,8,40,0.0,0.0,1,propagule,1933,0,0,0.0693222969477496,True,0.005,0.02
3,8,41,0.0,0.0,1,propagule,1919,0,0,0.07399687337154769,True,0.005,0.02
3,8,42,0.0,0.0,1,propagule,1892,0,0,0.07241014799154334,True,0.005,0.02
3,8,43,0.0,0.0,1,propagule,2040,0,0,0.13529411764705881,True,0.005,0.02
3,8,44,0.0,0.0,1,propagule,1868,0,0,0.11563169164882227,True,0.005,0.02
3,8,45,0.0,0.0,1,propagule,1757,0,0,0.10700056915196357,True,0.005,0.02
3,8,46,0.0,0.0,1,propagule,1691,0,0,0.10112359550561797,True,0.005,0.02
3,8,47,0.0,0.0,1,propagule,1635,0,0,0.09969418960244648,True,0.005,0.02
3,8,48,0.0,0.0,1,propagule,1618,0,0,0.09950556242274412,True,0.005,0.02
3,8,49,0.0,0.0,1,propagule,1599,0,0,0.10006253908692933,True,0.005,0.02
3,8,50,0.0,0.0,1,propagule,1584,0,0,0.10101010101010101,True,0.005,0.02
3,8,51,0.0,0.0,1,propagule,1550,0,0,0.09935483870967741,True,0.005,0.02
3,8,52,0.0,0.0,1,propagule,1561,0,0,0.10506085842408712,True,0.005,0.02
3,9,1,0.0,0.0,1,propagule,1536,0,0,0.099609375,True,0.005,0.02
3,9,2,0.0,0.0,1,propagule,1515,0,0,0.10231023102310231,True,0.005,0.02
3,9,3,0.0,0.0,1,propagule,1486,0,0,0.1009421265141319,True,0.005,0.02
3,9,4,0.0,0.0,1,propagule,1478,0,0,0.10216508795669824,True,0.005,0.02
3,9,5,0.0,0.0,1,propagule,1468,0,0,0.10286103542234333,True,0.005,0.02
3,9,6,0.0,0.0,1,propagule,1457,0,0,0.10706932052161977,True,0.005,0.02
3,9,7,0.0,0.0,1,propagule,1434,0,0,0.10599721059972106,True,0.005,0.02
3,9,8,0.0,0.0,1,propagule,1420,0,0,0.10915492957746478,True,0.005,0.02
3,9,9,0.0,0.0,1,propagule,1397,0,0,0.10808876163206872,True,0.005,0.02
3,9,10,0.0,0.0,1,propagule,1383,0,0,0.10629067245119306,True,0.005,0.02
3,9,11,0.0,0.0,1,propagule,1369,0,0,0.11176040905770636,True,0.005,0.02
3,9,12,0.0,0.0,1,propagule,1353,0,0,0.10716925351071692,True,0.005,0.02
3,9,13,0.0,0.0,1,propagule,1350,0,0,0.11037037037037037,True,0.005,0.02
3,9,14,0.0,0.0,1,propagule,1329,0,0,0.10684725357411588,True,0.005,0.02
3,9,15,0.0,0.0,1,propagule,1321,0,0,0.10976532929598788,True,0.005,0.02
3,9,16,0.0,0.0,1,propagule,1293,0,0,0.10904872389791183,True,0.005,0.02
3,9,17,0.0,0.0,1,propagule,1283,0,0,0.10678098207326578,True,0.005,0.02
3,9,18,0.0,0.0,1,propagule,2685,0,0,0.04543761638733706,True,0.005,0.02
3,9,19,0.0,0.0,1,propagule,2647,0,0,0.044578768417075934,True,0.005,0.02
3,9,20,0.0,0.0,1,propagule,2595,0,0,0.04508670520231214,True,0.005,0.02
3,9,21,0.0,0.0,1,propagule,2535,0,0,0.046153846153846156,True,0.005,0.02
3,9,22,0.0,0.0,1,propagule,2494,0,0,0.046511627906976744,True,0.005,0.02
3,9,23,0.0,0.0,1,propagule,2447,0,0,0.0469963220269718,True,0.005,0.02
3,9,24,0.0,0.0,1,propagule,2399,0,0,0.04751979991663193,True,0.005,0.02
3,9,25,0.0,0.0,1,propagule,2345,0,0,0.04904051172707889,True,0.005,0.02
3,9,26,0.0,0.0,1,propagule,2309,0,0,0.04937202252057168,True,0.005,0.02
3,9,27,0.0,0.0,1,propagule,2275,0,0,0.05010989010989011,True,0.005,0.02
3,9,28,0.0,0.0,1,propagule,2241,0,0,0.049085229808121376,True,0.005,0.02
3,9,29,0.0,0.0,1,propagule,2197,0,0,0.04779244424214838,True,0.005,0.02
3,9,30,0.0,0.0,1,propagule,2140,0,0,0.04766355140186916,True,0.005,0.02
3,9,31,0.0,0.0,1,propagule,2101,0,0,0.04950023798191337,True,0.005,0.02
3,9,32,0.0,0.0,1,propagule,2058,0,0,0.04956268221574344,True,0.005,0.02
3,9,33,0.0,0.0,1,propagule,2035,0,0,0.05110565110565111,True,0.005,0.02
3,9,34,0.0,0.0,1,propagule,1986,0,0,0.04984894259818731,True,0.005,0.02
3,9,35,0.0,0.0,1,propagule,1957,0,0,0.05058763413387839,True,0.005,0.02
3,9,36,0.0,0.0,1,propagule,1912,0,0,0.05177824267782427,True,0.005,0.02
3,9,37,0.0,0.0,1,propagule,1918,0,0,0.05943691345151199,True,0.005,0.02
3,9,38,0.0,0.0,1,propagule,1871,0,0,0.056654195617316945,True,0.005,0.02
3,9,39,0.0,0.0,1,propagule,1842,0,0,0.05754614549402823,True,0.005,0.02
3,9,40,0.0,0.0,1,propagule,1814,0,0,0.057883131201764054,True,0.005,0.02
3,9,41,0.0,0.0,1,propagule,1797,0,0,0.06010016694490818,True,0.005,0.02
3,9,42,0.0,0.0,1,propagule,1779,0,0,0.060146149522203485,True,0.005,0.02
3,9,43,0.0,0.0,1,propagule,2006,0,0,0.14207377866400797,True,0.005,0.02
3,9,44,0.0,0.0,1,propagule,1824,0,0,0.11732456140350878,True,0.005,0.02
3,9,45,0.0,0.0,1,propagule,1712,0,0,0.10163551401869159,True,0.005,0.02
3,9,46,0.0,0.0,1,propagule,1644,0,0,0.09793187347931874,True,0.005,0.02
3,9,47,0.0,0.0,1,propagule,1607,0,0,0.09769757311761046,True,0.005,0.02
3,9,48,0.0,0.0,1,propagule,1577,0,0,0.09701965757767914,True,0.005,0.02
3,9,49,0.0,0.0,1,propagule,1551,0,0,0.09800128949065119,True,0.005,0.02
3,9,50,0.0,0.0,1,propagule,1526,0,0,0.0963302752293578,True,0.005,0.02
3,9,51,0.0,0.0,1,propagule,1510,0,0,0.09933774834437085,True,0.005,0.02
3,9,52,0.0,0.0,1,propagule,1489,0,0,0.0987239758226998,True,0.005,0.02
3,10,1,0.0,0.0,1,propagule,1476,0,0,0.09823848238482384,True,0.005,0.02
3,10,2,0.0,0.0,1,propagule,1457,0,0,0.09951956074124914,True,0.005,0.02
3,10,3,0.0,0.0,1,propagule,1448,0,0,0.10082872928176796,True,0.005,0.02
3,10,4,0.0,0.0,1,propagule,1427,0,0,0.09950946040644709,True,0.005,0.02
3,10,5,0.0,0.0,1,propagule,1416,0,0,0.10240112994350282,True,0.005,0.02
3,10,6,0.0,0.0,1,propagule,1397,0,0,0.10093056549749463,True,0.005,0.02
3,10,7,0.0,0.0,1,propagule,1389,0,0,0.10367170626349892,True,0.005,0.02
3,10,8,0.0,0.0,1,propagule,1375,0,0,0.10036363636363636,True,0.005,0.02
3,10,9,0.0,0.0,1,propagule,1359,0,0,0.10375275938189846,True,0.005,0.02
3,10,10,0.0,0.0,1,propagule,1342,0,0,0.10506706408345752,True,0.005,0.02
3,10,11,0.0,0.0,1,propagule,1329,0,0,0.10684725357411588,True,0.005,0.02
3,10,12,0.0,0.0,1,propagule,1313,0,0,0.10357958872810358,True,0.005,0.02
3,10,13,0.0,0.0,1,propagule,1299,0,0,0.10546574287913779,True,0.005,0.02
3,10,14,0.0,0.0,1,propagule,1286,0,0,0.10497667185069985,True,0.005,0.02
3,10,15,0.0,0.0,1,propagule,1279,0,0,0.10789679437060204,True,0.005,0.02
3,10,16,0.0,0.0,1,propagule,1263,0,0,0.10847189231987332,True,0.005,0.02
3,10,17,0.0,0.0,1,propagule,1249,0,0,0.10728582866293035,True,0.005,0.02
3,10,18,0.0,0.0,1,propagule,2625,0,0,0.04380952380952381,True,0.005,0.02
3,10,19,0.0,0.0,1,propagule,2584,0,0,0.04411764705882353,True,0.005,0.02
3,10,20,0.0,0.0,1,propagule,2543,0,0,0.045615414864333466,True,0.005,0.02
3,10,21,0.0,0.0,1,propagule,2499,0,0,0.045218087234893956,True,0.005,0.02
3,10,22,0.0,0.0,1,propagule,2456,0,0,0.04682410423452769,True,0.005,0.02
3,10,23,0.0,0.0,1,propagule,2405,0,0,0.04656964656964657,True,0.005,0.02
3,10,24,0.0,0.0,1,propagule,2365,0,0,0.048625792811839326,True,0.005,0.02
3,10,25,0.0,0.0,1,propagule,2294,0,0,0.04751525719267655,True,0.005,0.02
3,10,26,0.0,0.0,1,propagule,2247,0,0,0.04850912327547842,True,0.005,0.02
3,10,27,0.0,0.0,1,propagule,2210,0,0,0.04932126696832579,True,0.005,0.02
3,10,28,0.0,0.0,1,propagule,2167,0,0,0.04891555145362252,True,0.005,0.02
3,10,29,0.0,0.0,1,propagule,2117,0,0,0.04865375531412376,True,0.005,0.02
3,10,30,0.0,0.0,1,propagule,2096,0,0,0.050095419847328244,True,0.005,0.02
3,10,31,0.0,0.0,1,propagule,2063,0,0,0.04992729035385361,True,0.005,0.02
3,10,32,0.0,0.0,1,propagule,2023,0,0,0.050914483440435,True,0.005,0.02
3,10,33,0.0,0.0,1,propagule,1985,0,0,0.05188916876574307,True,0.005,0.02
3,10,34,0.0,0.0,1,propagule,1953,0,0,0.05273937532002048,True,0.005,0.02
3,10,35,0.0,0.0,1,propagule,1929,0,0,0.055469155002592016,True,0.005,0.02
3,10,36,0.0,0.0,1,propagule,1894,0,0,0.05385427666314678,True,0.005,0.02
3,10,37,0.0,0.0,1,propagule,1860,0,0,0.05967741935483871,True,0.005,0.02
3,10,38,0.0,0.0,1,propagule,1817,0,0,0.056686846450192625,True,0.005,0.02
3,10,39,0.0,0.0,1,propagule,1794,0,0,0.05741360089186176,True,0.005,0.02
3,10,40,0.0,0.0,1,propagule,1772,0,0,0.05812641083521445,True,0.005,0.02
3,10,41,0.0,0.0,1,propagule,1748,0,0,0.05892448512585812,True,0.005,0.02
3,10,42,0.0,0.0,1,propagule,1720,0,0,0.05872093023255814,True,0.005,0.02
3,10,43,0.0,0.0,1,propagule,2024,0,0,0.183300395256917,True,0.005,0.02
3,10,44,0.0,0.0,1,propagule,1814,0,0,0.14994487320837926,True,0.005,0.02
3,10,45,0.0,0.0,1,propagule,1705,0,0,0.1313782991202346,True,0.005,0.02
3,10,46,0.0,0.0,1,propagule,1644,0,0,0.1307785888077859,True,0.005,0.02
3,10,47,0.0,0.0,1,propagule,1591,0,0,0.13073538654934003,True,0.005,0.02
3,10,48,0.0,0.0,1,propagule,1556,0,0,0.13110539845758354,True,0.005,0.02
3,10,49,0.0,0.0,1,propagule,1540,0,0,0.13116883116883116,True,0.005,0.02
3,10,50,0.0,0.0,1,propagule,1505,0,0,0.13023255813953488,True,0.005,0.02
3,10,51,0.0,0.0,1,propagule,1486,0,0,0.13189771197846567,True,0.005,0.02
3,10,52,0.0,0.0,1,propagule,1475,0,0,0.13559322033898305,True,0.005,0.02
3,1,1,0.0,0.0,1,propagule,956,0,0,0.0,True,0.005,0.025
3,1,2,0.0,0.0,1,propagule,961,0,0,0.0,True,0.005,0.025
3,1,3,0.0,0.0,1,propagule,939,0,0,0.0010649627263045794,True,0.005,0.025
3,1,4,0.0,0.0,1,propagule,958,0,0,0.003131524008350731,True,0.005,0.025
3,1,5,0.0,0.0,1,propagule,940,0,0,0.0031914893617021275,True,0.005,0.025
3,1,6,0.0,0.0,1,propagule,946,0,0,0.006342494714587738,True,0.005,0.025
3,1,7,0.0,0.0,1,propagule,912,0,0,0.0043859649122807015,True,0.005,0.025
3,1,8,0.0,0.0,1,propagule,912,0,0,0.007675438596491228,True,0.005,0.025
3,1,9,0.0,0.0,1,propagule,898,0,0,0.005567928730512249,True,0.005,0.025
3,1,10,0.0,0.0,1,propagule,898,0,0,0.0077951002227171495,True,0.005,0.025
3,1,11,0.0,0.0,1,propagule,878,0,0,0.0056947608200455585,True,0.005,0.025
3,1,12,0.0,0.0,1,propagule,884,0,0,0.007918552036199095,True,0.005,0.025
3,1,13,0.0,0.0,1,propagule,871,0,0,0.0057405281285878304,True,0.005,0.025
3,1,14,0.0,0.0,1,propagule,867,0,0,0.008073817762399077,True,0.005,0.025
3,1,15,0.0,0.0,1,propagule,855,0,0,0.005847953216374269,True,0.005,0.025
3,1,16,0.0,0.0,1,propagule,854,0,0,0.00819672131147541,True,0.005,0.025
3,1,17,0.0,0.0,1,propagule,845,0,0,0.007100591715976331,True,0.005,0.025
3,1,18,0.0,0.0,1,propagule,2420,0,0,0.002892561983471074,True,0.005,0.025
3,1,19,0.0,0.0,1,propagule,2310,0,0,0.0025974025974025974,True,0.005,0.025
3,1,20,0.0,0.0,1,propagule,2290,0,0,0.002183406113537118,True,0.005,0.025
3,1,21,0.0,0.0,1,propagule,2190,0,0,0.0031963470319634705,True,0.005,0.025
3,1,22,0.0,0.0,1,propagule,2127,0,0,0.0028208744710860366,True,0.005,0.025
3,1,23,0.0,0.0,1,propagule,2096,0,0,0.003816793893129771,True,0.005,0.025
3,1,24,0.0,0.0,1,propagule,2047,0,0,0.0029311187103077674,True,0.005,0.025
3,1,25,0.0,0.0,1,propagule,1970,0,0,0.003045685279187817,True,0.005,0.025
3,1,26,0.0,0.0,1,propagule,1946,0,0,0.003083247687564234,True,0.005,0.025
3,1,27,0.0,0.0,1,propagule,1926,0,0,0.003115264797507788,True,0.005,0.025
3,1,28,0.0,0.0,1,propagule,1848,0,0,0.003246753246753247,True,0.005,0.025
3,1,29,0.0,0.0,1,propagule,1828,0,0,0.0038293216630196935,True,0.005,0.025
3,1,30,0.0,0.0,1,propagule,1784,0,0,0.0033632286995515697,True,0.005,0.025
3,1,31,0.0,0.0,1,propagule,1754,0,0,0.004561003420752566,True,0.005,0.025
3,1,32,0.0,0.0,1,propagule,1733,0,0,0.004616272360069244,True,0.005,0.025
3,1,33,0.0,0.0,1,propagule,1716,0,0,0.004662004662004662,True,0.005,0.025
3,1,34,0.0,0.0,1,propagule,1690,0,0,0.004142011834319527,True,0.005,0.025
3,1,35,0.0,0.0,1,propagule,1656,0,0,0.004830917874396135,True,0.005,0.025
3,1,36,0.0,0.0,1,propagule,1633,0,0,0.004898958971218616,True,0.005,0.025
3,1,37,0.0,0.0,1,propagule,1593,0,0,0.005021971123666039,True,0.005,0.025
3,1,38,0.0,0.0,1,propagule,1599,0,0,0.005628517823639775,True,0.005,0.025
3,1,39,0.0,0.0,1,propagule,1533,0,0,0.0045662100456621,True,0.005,0.025
3,1,40,0.0,0.0,1,propagule,1540,0,0,0.007142857142857143,True,0.005,0.025
3,1,41,0.0,0.0,1,propagule,1477,0,0,0.006093432633716994,True,0.005,0.025
3,1,42,0.0,0.0,1,propagule,1483,0,0,0.006068779501011463,True,0.005,0.025
3,1,43,0.0,0.0,1,propagule,1447,0,0,0.01796821008984105,True,0.005,0.025
3,1,44,0.0,0.0,1,propagule,1431,0,0,0.016771488469601678,True,0.005,0.025
3,1,45,0.0,0.0,1,propagule,1425,0,0,0.020350877192982456,True,0.005,0.025
3,1,46,0.0,0.0,1,propagule,1427,0,0,0.023826208829712685,True,0.005,0.025
3,1,47,0.0,0.0,1,propagule,1425,0,0,0.028771929824561403,True,0.005,0.025
3,1,48,0.0,0.0,1,propagule,1404,0,0,0.027065527065527065,True,0.005,0.025
3,1,49,0.0,0.0,1,propagule,1400,0,0,0.03357142857142857,True,0.005,0.025
3,1,50,0.0,0.0,1,propagule,1383,0,0,0.03109182935647144,True,0.005,0.025
3,1,51,0.0,0.0,1,propagule,1386,0,0,0.04112554112554113,True,0.005,0.025
3,1,52,0.0,0.0,1,propagule,1350,0,0,0.0362962962962963,True,0.005,0.025
3,2,1,0.0,0.0,1,propagule,1336,0,0,0.04116766467065868,True,0.005,0.025
3,2,2,0.0,0.0,1,propagule,1319,0,0,0.039423805913570885,True,0.005,0.025
3,2,3,0.0,0.0,1,propagule,1302,0,0,0.0445468509984639,True,0.005,0.025
3,2,4,0.0,0.0,1,propagule,1286,0,0,0.038880248833592534,True,0.005,0.025
3,2,5,0.0,0.0,1,propagule,1275,0,0,0.04549019607843137,True,0.005,0.025
3,2,6,0.0,0.0,1,propagule,1245,0,0,0.0393574297188755,True,0.005,0.025
3,2,7,0.0,0.0,1,propagule,1245,0,0,0.04738955823293173,True,0.005,0.025
3,2,8,0.0,0.0,1,propagule,1227,0,0,0.04726976365118175,True,0.005,0.025
3,2,9,0.0,0.0,1,propagule,1210,0,0,0.047933884297520664,True,0.005,0.025
3,2,10,0.0,0.0,1,propagule,1205,0,0,0.048132780082987554,True,0.005,0.025
3,2,11,0.0,0.0,1,propagule,1186,0,0,0.048060708263069137,True,0.005,0.025
3,2,12,0.0,0.0,1,propagule,1180,0,0,0.04745762711864407,True,0.005,0.025
3,2,13,0.0,0.0,1,propagule,1161,0,0,0.04909560723514212,True,0.005,0.025
3,2,14,0.0,0.0,1,propagule,1154,0,0,0.04592720970537262,True,0.005,0.025
3,2,15,0.0,0.0,1,propagule,1131,0,0,0.04862953138815208,True,0.005,0.025
3,2,16,0.0,0.0,1,propagule,1120,0,0,0.044642857142857144,True,0.005,0.025
3,2,17,0.0,0.0,1,propagule,1103,0,0,0.04805077062556664,True,0.005,0.025
3,2,18,0.0,0.0,1,propagule,2173,0,0,0.02300966405890474,True,0.005,0.025
3,2,19,0.0,0.0,1,propagule,2138,0,0,0.025724976613657625,True,0.005,0.025
3,2,20,0.0,0.0,1,propagule,2095,0,0,0.025775656324582338,True,0.005,0.025
3,2,21,0.0,0.0,1,propagule,2023,0,0,0.02570439940682155,True,0.005,0.025
3,2,22,0.0,0.0,1,propagule,1995,0,0,0.02506265664160401,True,0.005,0.025
3,2,23,0.0,0.0,1,propagule,1961,0,0,0.027536970933197347,True,0.005,0.025
3,2,24,0.0,0.0,1,propagule,1925,0,0,0.027532467532467533,True,0.005,0.025
3,2,25,0.0,0.0,1,propagule,1852,0,0,0.026457883369330453,True,0.005,0.025
3,2,26,0.0,0.0,1,propagule,1851,0,0,0.02593192868719611,True,0.005,0.025
3,2,27,0.0,0.0,1,propagule,1742,0,0,0.02640642939150402,True,0.005,0.025
3,2,28,0.0,0.0,1,propagule,1733,0,0,0.030005770340450086,True,0.005,0.025
3,2,29,0.0,0.0,1,propagule,1652,0,0,0.029661016949152543,True,0.005,0.025
3,2,30,0.0,0.0,1,propagule,1658,0,0,0.027744270205066344,True,0.005,0.025
3,2,31,0.0,0.0,1,propagule,1590,0,0,0.031446540880503145,True,0.005,0.025
3,2,32,0.0,0.0,1,propagule,1585,0,0,0.03028391167192429,True,0.005,0.025
3,2,33,0.0,0.0,1,propagule,1510,0,0,0.031125827814569535,True,0.005,0.025
3,2,34,0.0,0.0,1,propagule,1512,0,0,0.02976190476190476,True,0.005,0.025
3,2,35,0.0,0.0,1,propagule,1470,0,0,0.030612244897959183,True,0.005,0.025
3,2,36,0.0,0.0,1,propagule,1452,0,0,0.0337465564738292,True,0.005,0.025
3,2,37,0.0,0.0,1,propagule,1425,0,0,0.028070175438596492,True,0.005,0.025
3,2,38,0.0,0.0,1,propagule,1421,0,0,0.036593947923997186,True,0.005,0.025
3,2,39,0.0,0.0,1,propagule,1394,0,0,0.03084648493543759,True,0.005,0.025
3,2,40,0.0,0.0,1,propagule,1389,0,0,0.040316774658027354,True,0.005,0.025
3,2,41,0.0,0.0,1,propagule,1350,0,0,0.03333333333333333,True,0.005,0.025
3,2,42,0.0,0.0,1,propagule,1339,0,0,0.040328603435399554,True,0.005,0.025
3,2,43,0.0,0.0,1,propagule,1361,0,0,0.05878030859662013,True,0.005,0.025
3,2,44,0.0,0.0,1,propagule,1328,0,0,0.04743975903614458,True,0.005,0.025
3,2,45,0.0,0.0,1,propagule,1332,0,0,0.0533033033033033,True,0.005,0.025
3,2,46,0.0,0.0,1,propagule,1301,0,0,0.04996156802459646,True,0.005,0.025
3,2,47,0.0,0.0,1,propagule,1294,0,0,0.05255023183925812,True,0.005,0.025
3,2,48,0.0,0.0,1,propagule,1276,0,0,0.05329153605015674,True,0.005,0.025
3,2,49,0.0,0.0,1,propagule,1276,0,0,0.0603448275862069,True,0.005,0.025
3,2,50,0.0,0.0,1,propagule,1259,0,0,0.05798252581413821,True,0.005,0.025
3,2,51,0.0,0.0,1,propagule,1253,0,0,0.05826017557861133,True,0.005,0.025
3,2,52,0.0,0.0,1,propagule,1229,0,0,0.05614320585842148,True,0.005,0.025
3,3,1,0.0,0.0,1,propagule,1226,0,0,0.05791190864600326,True,0.005,0.025
3,3,2,0.0,0.0,1,propagule,1218,0,0,0.05747126436781609,True,0.005,0.025
3,3,3,0.0,0.0,1,propagule,1197,0,0,0.05847953216374269,True,0.005,0.025
3,3,4,0.0,0.0,1,propagule,1197,0,0,0.06349206349206349,True,0.005,0.025
3,3,5,0.0,0.0,1,propagule,1160,0,0,0.056896551724137934,True,0.005,0.025
3,3,6,0.0,0.0,1,propagule,1177,0,0,0.0637213254035684,True,0.005,0.025
3,3,7,0.0,0.0,1,propagule,1147,0,0,0.06102877070619006,True,0.005,0.025
3,3,8,0.0,0.0,1,propagule,1167,0,0,0.07112253641816624,True,0.005,0.025
3,3,9,0.0,0.0,1,propagule,1134,0,0,0.06349206349206349,True,0.005,0.025
3,3,10,0.0,0.0,1,propagule,1141,0,0,0.07099035933391762,True,0.005,0.025
3,3,11,0.0,0.0,1,propagule,1116,0,0,0.06630824372759857,True,0.005,0.025
3,3,12,0.0,0.0,1,propagule,1125,0,0,0.07466666666666667,True,0.005,0.025
3,3,13,0.0,0.0,1,propagule,1101,0,0,0.07084468664850137,True,0.005,0.025
3,3,14,0.0,0.0,1,propagule,1095,0,0,0.0776255707762557,True,0.005,0.025
3,3,15,0.0,0.0,1,propagule,1075,0,0,0.07348837209302325,True,0.005,0.025
3,3,16,0.0,0.0,1,propagule,1082,0,0,0.07855822550831792,True,0.005,0.025
3,3,17,0.0,0.0,1,propagule,1068,0,0,0.07865168539325842,True,0.005,0.025
3,3,18,0.0,0.0,1,propagule,2583,0,0,0.03445605884630275,True,0.005,0.025
3,3,19,0.0,0.0,1,propagule,2503,0,0,0.03316020775069916,True,0.005,0.025
3,3,20,0.0,0.0,1,propagule,2478,0,0,0.03470540758676352,True,0.005,0.025
3,3,21,0.0,0.0,1,propagule,2386,0,0,0.03352891869237217,True,0.005,0.025
3,3,22,0.0,0.0,1,propagule,2371,0,0,0.036271615352172076,True,0.005,0.025
3,3,23,0.0,0.0,1,propagule,2258,0,0,0.03631532329495128,True,0.005,0.025
3,3,24,0.0,0.0,1,propagule,2246,0,0,0.0396260017809439,True,0.005,0.025
3,3,25,0.0,0.0,1,propagule,2189,0,0,0.040657834627683874,True,0.005,0.025
3,3,26,0.0,0.0,1,propagule,2153,0,0,0.04412447747329308,True,0.005,0.025
3,3,27,0.0,0.0,1,propagule,2079,0,0,0.040885040885040885,True,0.005,0.025
3,3,28,0.0,0.0,1,propagule,2038,0,0,0.04170755642787046,True,0.005,0.025
3,3,29,0.0,0.0,1,propagule,2001,0,0,0.043478260869565216,True,0.005,0.025
3,3,30,0.0,0.0,1,propagule,1976,0,0,0.045040485829959516,True,0.005,0.025
3,3,31,0.0,0.0,1,propagule,1922,0,0,0.04422476586888657,True,0.005,0.025
3,3,32,0.0,0.0,1,propagule,1892,0,0,0.0459830866807611,True,0.005,0.025
3,3,33,0.0,0.0,1,propagule,1842,0,0,0.04451682953311618,True,0.005,0.025
3,3,34,0.0,0.0,1,propagule,1828,0,0,0.04814004376367615,True,0.005,0.025
3,3,35,0.0,0.0,1,propagule,1770,0,0,0.04632768361581921,True,0.005,0.025
3,3,36,0.0,0.0,1,propagule,1782,0,0,0.05218855218855219,True,0.005,0.025
3,3,37,0.0,0.0,1,propagule,1732,0,0,0.049653579676674366,True,0.005,0.025
3,3,38,0.0,0.0,1,propagule,1732,0,0,0.05484988452655889,True,0.005,0.025
3,3,39,0.0,0.0,1,propagule,1694,0,0,0.05667060212514758,True,0.005,0.025
3,3,40,0.0,0.0,1,propagule,1662,0,0,0.06016847172081829,True,0.005,0.025
3,3,41,0.0,0.0,1,propagule,1616,0,0,0.058787128712871284,True,0.005,0.025
3,3,42,0.0,0.0,1,propagule,1603,0,0,0.0611353711790393,True,0.005,0.025
3,3,43,0.0,0.0,1,propagule,1635,0,0,0.08807339449541285,True,0.005,0.025
3,3,44,0.0,0.0,1,propagule,1577,0,0,0.07989854153455929,True,0.005,0.025
3,3,45,0.0,0.0,1,propagule,1561,0,0,0.08071748878923767,True,0.005,0.025
3,3,46,0.0,0.0,1,propagule,1520,0,0,0.08421052631578947,True,0.005,0.025
3,3,47,0.0,0.0,1,propagule,1514,0,0,0.08718626155878467,True,0.005,0.025
3,3,48,0.0,0.0,1,propagule,1489,0,0,0.0893216924110141,True,0.005,0.025
3,3,49,0.0,0.0,1,propagule,1466,0,0,0.08799454297407913,True,0.005,0.025
3,3,50,0.0,0.0,1,propagule,1454,0,0,0.0873452544704264,True,0.005,0.025
3,3,51,0.0,0.0,1,propagule,1446,0,0,0.09059474412171507,True,0.005,0.025
3,3,52,0.0,0.0,1,propagule,1429,0,0,0.09097270818754374,True,0.005,0.025
3,4,1,0.0,0.0,1,propagule,1412,0,0,0.09277620396600567,True,0.005,0.025
3,4,2,0.0,0.0,1,propagule,1390,0,0,0.09064748201438849,True,0.005,0.025
3,4,3,0.0,0.0,1,propagule,1384,0,0,0.09609826589595376,True,0.005,0.025
3,4,4,0.0,0.0,1,propagule,1358,0,0,0.093519882179676,True,0.005,0.025
3,4,5,0.0,0.0,1,propagule,1339,0,0,0.09559372666168783,True,0.005,0.025
3,4,6,0.0,0.0,1,propagule,1321,0,0,0.093111279333838,True,0.005,0.025
3,4,7,0.0,0.0,1,propagule,1308,0,0,0.09403669724770643,True,0.005,0.025
3,4,8,0.0,0.0,1,propagule,1293,0,0,0.0951276102088167,True,0.005,0.025
3,4,9,0.0,0.0,1,propagule,1273,0,0,0.09426551453260015,True,0.005,0.025
3,4,10,0.0,0.0,1,propagule,1265,0,0,0.09644268774703557,True,0.005,0.025
3,4,11,0.0,0.0,1,propagule,1244,0,0,0.09646302250803858,True,0.005,0.025
3,4,12,0.0,0.0,1,propagule,1240,0,0,0.10161290322580645,True,0.005,0.025
3,4,13,0.0,0.0,1,propagule,1215,0,0,0.09958847736625515,True,0.005,0.025
3,4,14,0.0,0.0,1,propagule,1206,0,0,0.1011608623548922,True,0.005,0.025
3,4,15,0.0,0.0,1,propagule,1181,0,0,0.10160880609652836,True,0.005,0.025
3,4,16,0.0,0.0,1,propagule,1168,0,0,0.10273972602739725,True,0.005,0.025
3,4,17,0.0,0.0,1,propagule,1146,0,0,0.10383944153577661,True,0.005,0.025
3,4,18,0.0,0.0,1,propagule,2602,0,0,0.04496541122213682,True,0.005,0.025
3,4,19,0.0,0.0,1,propagule,2562,0,0,0.04566744730679157,True,0.005,0.025
3,4,20,0.0,0.0,1,propagule,2509,0,0,0.046632124352331605,True,0.005,0.025
3,4,21,0.0,0.0,1,propagule,2440,0,0,0.046311475409836066,True,0.005,0.025
3,4,22,0.0,0.0,1,propagule,2400,0,0,0.04708333333333333,True,0.005,0.025
3,4,23,0.0,0.0,1,propagule,2358,0,0,0.047073791348600506,True,0.005,0.025
3,4,24,0.0,0.0,1,propagule,2318,0,0,0.04788610871440897,True,0.005,0.025
3,4,25,0.0,0.0,1,propagule,2263,0,0,0.048608042421564294,True,0.005,0.025
3,4,26,0.0,0.0,1,propagule,2221,0,0,0.049527239981990094,True,0.005,0.025
3,4,27,0.0,0.0,1,propagule,2178,0,0,0.049586776859504134,True,0.005,0.025
3,4,28,0.0,0.0,1,propagule,2149,0,0,0.049790600279199626,True,0.005,0.025
3,4,29,0.0,0.0,1,propagule,2090,0,0,0.05071770334928229,True,0.005,0.025
3,4,30,0.0,0.0,1,propagule,2020,0,0,0.05198019801980198,True,0.005,0.025
3,4,31,0.0,0.0,1,propagule,1968,0,0,0.053353658536585365,True,0.005,0.025
3,4,32,0.0,0.0,1,propagule,1923,0,0,0.05408216328653146,True,0.005,0.025
3,4,33,0.0,0.0,1,propagule,1877,0,0,0.05594033031433138,True,0.005,0.025
3,4,34,0.0,0.0,1,propagule,1830,0,0,0.05573770491803279,True,0.005,0.025
3,4,35,0.0,0.0,1,propagule,1786,0,0,0.05711086226203808,True,0.005,0.025
3,4,36,0.0,0.0,1,propagule,1755,0,0,0.05698005698005698,True,0.005,0.025
3,4,37,0.0,0.0,1,propagule,1712,0,0,0.05957943925233645,True,0.005,0.025
3,4,38,0.0,0.0,1,propagule,1693,0,0,0.0596574128765505,True,0.005,0.025
3,4,39,0.0,0.0,1,propagule,1662,0,0,0.060770156438026475,True,0.005,0.025
3,4,40,0.0,0.0,1,propagule,1647,0,0,0.05950212507589557,True,0.005,0.025
3,4,41,0.0,0.0,1,propagule,1616,0,0,0.06002475247524752,True,0.005,0.025
3,4,42,0.0,0.0,1,propagule,1592,0,0,0.06030150753768844,True,0.005,0.025
3,4,43,0.0,0.0,1,propagule,1607,0,0,0.09023024268823895,True,0.005,0.025
3,4,44,0.0,0.0,1,propagule,1563,0,0,0.0818937939859245,True,0.005,0.025
3,4,45,0.0,0.0,1,propagule,1531,0,0,0.0829523187459177,True,0.005,0.025
3,4,46,0.0,0.0,1,propagule,1523,0,0,0.09061063690085358,True,0.005,0.025
3,4,47,0.0,0.0,1,propagule,1478,0,0,0.09066305818673884,True,0.005,0.025
3,4,48,0.0,0.0,1,propagule,1461,0,0,0.09514031485284052,True,0.005,0.025
3,4,49,0.0,0.0,1,propagule,1452,0,0,0.09848484848484848,True,0.005,0.025
3,4,50,0.0,0.0,1,propagule,1440,0,0,0.09861111111111111,True,0.005,0.025
3,4,51,0.0,0.0,1,propagule,1410,0,0,0.10070921985815603,True,0.005,0.025
3,4,52,0.0,0.0,1,propagule,1400,0,0,0.10214285714285715,True,0.005,0.025
3,5,1,0.0,0.0,1,propagule,1376,0,0,0.10174418604651163,True,0.005,0.025
3,5,2,0.0,0.0,1,propagule,1375,0,0,0.10327272727272727,True,0.005,0.025
3,5,3,0.0,0.0,1,propagule,1343,0,0,0.10573343261355175,True,0.005,0.025
3,5,4,0.0,0.0,1,propagule,1339,0,0,0.10306198655713218,True,0.005,0.025
3,5,5,0.0,0.0,1,propagule,1311,0,0,0.10526315789473684,True,0.005,0.025
3,5,6,0.0,0.0,1,propagule,1310,0,0,0.10534351145038168,True,0.005,0.025
3,5,7,0.0,0.0,1,propagule,1287,0,0,0.10722610722610723,True,0.005,0.025
3,5,8,0.0,0.0,1,propagule,1268,0,0,0.10488958990536278,True,0.005,0.025
3,5,9,0.0,0.0,1,propagule,1259,0,0,0.11040508339952343,True,0.005,0.025
3,5,10,0.0,0.0,1,propagule,1254,0,0,0.11004784688995216,True,0.005,0.025
3,5,11,0.0,0.0,1,propagule,1236,0,0,0.10922330097087378,True,0.005,0.025
3,5,12,0.0,0.0,1,propagule,1230,0,0,0.108130081300813,True,0.005,0.025
3,5,13,0.0,0.0,1,propagule,1209,0,0,0.11000827129859388,True,0.005,0.025
3,5,14,0.0,0.0,1,propagule,1203,0,0,0.10972568578553615,True,0.005,0.025
3,5,15,0.0,0.0,1,propagule,1186,0,0,0.11045531197301856,True,0.005,0.025
3,5,16,0.0,0.0,1,propagule,1183,0,0,0.11158072696534235,True,0.005,0.025
3,5,17,0.0,0.0,1,propagule,1164,0,0,0.11254295532646048,True,0.005,0.025
3,5,18,0.0,0.0,1,propagule,2646,0,0,0.04950869236583522,True,0.005,0.025
3,5,19,0.0,0.0,1,propagule,2593,0,0,0.049749325106054766,True,0.005,0.025
3,5,20,0.0,0.0,1,propagule,2526,0,0,0.0498812351543943,True,0.005,0.025
3,5,21,0.0,0.0,1,propagule,2434,0,0,0.04889071487263763,True,0.005,0.025
3,5,22,0.0,0.0,1,propagule,2363,0,0,0.04951333051206094,True,0.005,0.025
3,5,23,0.0,0.0,1,propagule,2305,0,0,0.05032537960954447,True,0.005,0.025
3,5,24,0.0,0.0,1,propagule,2262,0,0,0.05083996463306808,True,0.005,0.025
3,5,25,0.0,0.0,1,propagule,2234,0,0,0.051924798567591766,True,0.005,0.025
3,5,26,0.0,0.0,1,propagule,2193,0,0,0.05426356589147287,True,0.005,0.025
3,5,27,0.0,0.0,1,propagule,2137,0,0,0.0542817033224146,True,0.005,0.025
3,5,28,0.0,0.0,1,propagule,2078,0,0,0.05534167468719923,True,0.005,0.025
3,5,29,0.0,0.0,1,propagule,2005,0,0,0.05685785536159601,True,0.005,0.025
3,5,30,0.0,0.0,1,propagule,1946,0,0,0.05498458376156218,True,0.005,0.025
3,5,31,0.0,0.0,1,propagule,1898,0,0,0.05584826132771338,True,0.005,0.025
3,5,32,0.0,0.0,1,propagule,1858,0,0,0.05435952637244349,True,0.005,0.025
3,5,33,0.0,0.0,1,propagule,1819,0,0,0.057174271577789995,True,0.005,0.025
3,5,34,0.0,0.0,1,propagule,1784,0,0,0.05717488789237668,True,0.005,0.025
3,5,35,0.0,0.0,1,propagule,1750,0,0,0.06,True,0.005,0.025
3,5,36,0.0,0.0,1,propagule,1712,0,0,0.06016355140186916,True,0.005,0.025
3,5,37,0.0,0.0,1,propagule,1695,0,0,0.06489675516224189,True,0.005,0.025
3,5,38,0.0,0.0,1,propagule,1666,0,0,0.06482593037214886,True,0.005,0.025
3,5,39,0.0,0.0,1,propagule,1636,0,0,0.06601466992665037,True,0.005,0.025
3,5,40,0.0,0.0,1,propagule,1627,0,0,0.06637984019668101,True,0.005,0.025
3,5,41,0.0,0.0,1,propagule,1602,0,0,0.07116104868913857,True,0.005,0.025
3,5,42,0.0,0.0,1,propagule,1586,0,0,0.07061790668348046,True,0.005,0.025
3,5,43,0.0,0.0,1,propagule,1597,0,0,0.10644959298685035,True,0.005,0.025
3,5,44,0.0,0.0,1,propagule,1537,0,0,0.0904359141184125,True,0.005,0.025
3,5,45,0.0,0.0,1,propagule,1513,0,0,0.09517514871116986,True,0.005,0.025
3,5,46,0.0,0.0,1,propagule,1459,0,0,0.08773132282385196,True,0.005,0.025
3,5,47,0.0,0.0,1,propagule,1440,0,0,0.09097222222222222,True,0.005,0.025
3,5,48,0.0,0.0,1,propagule,1423,0,0,0.08924806746310611,True,0.005,0.025
3,5,49,0.0,0.0,1,propagule,1406,0,0,0.09388335704125178,True,0.005,0.025
3,5,50,0.0,0.0,1,propagule,1387,0,0,0.09300648882480173,True,0.005,0.025
3,5,51,0.0,0.0,1,propagule,1372,0,0,0.09475218658892129,True,0.005,0.025
3,5,52,0.0,0.0,1,propagule,1369,0,0,0.09422936449963477,True,0.005,0.025
3,6,1,0.0,0.0,1,propagule,1338,0,0,0.09715994020926756,True,0.005,0.025
3,6,2,0.0,0.0,1,propagule,1330,0,0,0.09774436090225563,True,0.005,0.025
3,6,3,0.0,0.0,1,propagule,1318,0,0,0.09787556904400607,True,0.005,0.025
3,6,4,0.0,0.0,1,propagule,1310,0,0,0.09923664122137404,True,0.005,0.025
3,6,5,0.0,0.0,1,propagule,1294,0,0,0.10046367851622875,True,0.005,0.025
3,6,6,0.0,0.0,1,propagule,1281,0,0,0.09992193598750976,True,0.005,0.025
3,6,7,0.0,0.0,1,propagule,1259,0,0,0.10087370929308975,True,0.005,0.025
3,6,8,0.0,0.0,1,propagule,1254,0,0,0.10047846889952153,True,0.005,0.025
3,6,9,0.0,0.0,1,propagule,1234,0,0,0.10210696920583469,True,0.005,0.025
3,6,10,0.0,0.0,1,propagule,1229,0,0,0.10333604556550041,True,0.005,0.025
3,6,11,0.0,0.0,1,propagule,1207,0,0,0.1043910521955261,True,0.005,0.025
3,6,12,0.0,0.0,1,propagule,1200,0,0,0.10333333333333333,True,0.005,0.025
3,6,13,0.0,0.0,1,propagule,1188,0,0,0.10606060606060606,True,0.005,0.025
3,6,14,0.0,0.0,1,propagule,1187,0,0,0.10530749789385004,True,0.005,0.025
3,6,15,0.0,0.0,1,propagule,1168,0,0,0.10445205479452055,True,0.005,0.025
3,6,16,0.0,0.0,1,propagule,1165,0,0,0.10386266094420601,True,0.005,0.025
3,6,17,0.0,0.0,1,propagule,1144,0,0,0.10576923076923077,True,0.005,0.025
3,6,18,0.0,0.0,1,propagule,2613,0,0,0.04477611940298507,True,0.005,0.025
3,6,19,0.0,0.0,1,propagule,2549,0,0,0.04629266378972146,True,0.005,0.025
3,6,20,0.0,0.0,1,propagule,2506,0,0,0.047086991221069435,True,0.005,0.025
3,6,21,0.0,0.0,1,propagule,2455,0,0,0.04806517311608961,True,0.005,0.025
3,6,22,0.0,0.0,1,propagule,2361,0,0,0.04616687844133842,True,0.005,0.025
3,6,23,0.0,0.0,1,propagule,2286,0,0,0.047244094488188976,True,0.005,0.025
3,6,24,0.0,0.0,1,propagule,2201,0,0,0.0481599273057701,True,0.005,0.025
3,6,25,0.0,0.0,1,propagule,2146,0,0,0.04986020503261883,True,0.005,0.025
3,6,26,0.0,0.0,1,propagule,2097,0,0,0.05007153075822604,True,0.005,0.025
3,6,27,0.0,0.0,1,propagule,2068,0,0,0.05029013539651837,True,0.005,0.025
3,6,28,0.0,0.0,1,propagule,1986,0,0,0.050352467270896276,True,0.005,0.025
3,6,29,0.0,0.0,1,propagule,1961,0,0,0.05099439061703213,True,0.005,0.025
3,6,30,0.0,0.0,1,propagule,1924,0,0,0.05197505197505198,True,0.005,0.025
3,6,31,0.0,0.0,1,propagule,1882,0,0,0.053134962805526036,True,0.005,0.025
3,6,32,0.0,0.0,1,propagule,1829,0,0,0.0541279387643521,True,0.005,0.025
3,6,33,0.0,0.0,1,propagule,1799,0,0,0.054474708171206226,True,0.005,0.025
3,6,34,0.0,0.0,1,propagule,1762,0,0,0.05561861520998865,True,0.005,0.025
3,6,35,0.0,0.0,1,propagule,1712,0,0,0.0566588785046729,True,0.005,0.025
3,6,36,0.0,0.0,1,propagule,1631,0,0,0.05702023298589822,True,0.005,0.025
3,6,37,0.0,0.0,1,propagule,1595,0,0,0.05956112852664577,True,0.005,0.025
3,6,38,0.0,0.0,1,propagule,1560,0,0,0.057692307692307696,True,0.005,0.025
3,6,39,0.0,0.0,1,propagule,1545,0,0,0.062135922330097085,True,0.005,0.025
3,6,40,0.0,0.0,1,propagule,1517,0,0,0.061305207646671064,True,0.005,0.025
3,6,41,0.0,0.0,1,propagule,1498,0,0,0.062082777036048066,True,0.005,0.025
3,6,42,0.0,0.0,1,propagule,1466,0,0,0.06275579809004093,True,0.005,0.025
3,6,43,0.0,0.0,1,propagule,1493,0,0,0.09979906229068988,True,0.005,0.025
3,6,44,0.0,0.0,1,propagule,1432,0,0,0.08030726256983241,True,0.005,0.025
3,6,45,0.0,0.0,1,propagule,1392,0,0,0.07686781609195402,True,0.005,0.025
3,6,46,0.0,0.0,1,propagule,1342,0,0,0.07078986587183309,True,0.005,0.025
3,6,47,0.0,0.0,1,propagule,1330,0,0,0.07218045112781955,True,0.005,0.025
3,6,48,0.0,0.0,1,propagule,1296,0,0,0.06790123456790123,True,0.005,0.025
3,6,49,0.0,0.0,1,propagule,1290,0,0,0.06976744186046512,True,0.005,0.025
3,6,50,0.0,0.0,1,propagule,1268,0,0,0.0694006309148265,True,0.005,0.025
3,6,51,0.0,0.0,1,propagule,1252,0,0,0.0694888178913738,True,0.005,0.025
3,6,52,0.0,0.0,1,propagule,1236,0,0,0.0703883495145631,True,0.005,0.025
3,7,1,0.0,0.0,1,propagule,1221,0,0,0.06961506961506962,True,0.005,0.025
3,7,2,0.0,0.0,1,propagule,1208,0,0,0.07201986754966887,True,0.005,0.025
3,7,3,0.0,0.0,1,propagule,1191,0,0,0.07388748950461797,True,0.005,0.025
3,7,4,0.0,0.0,1,propagule,1178,0,0,0.07640067911714771,True,0.005,0.025
3,7,5,0.0,0.0,1,propagule,1165,0,0,0.07725321888412018,True,0.005,0.025
3,7,6,0.0,0.0,1,propagule,1153,0,0,0.0797918473547268,True,0.005,0.025
3,7,7,0.0,0.0,1,propagule,1133,0,0,0.07678729037952339,True,0.005,0.025
3,7,8,0.0,0.0,1,propagule,1115,0,0,0.08161434977578476,True,0.005,0.025
3,7,9,0.0,0.0,1,propagule,1092,0,0,0.07875457875457875,True,0.005,0.025
3,7,10,0.0,0.0,1,propagule,1081,0,0,0.08233117483811286,True,0.005,0.025
3,7,11,0.0,0.0,1,propagule,1068,0,0,0.08146067415730338,True,0.005,0.025
3,7,12,0.0,0.0,1,propagule,1054,0,0,0.08349146110056926,True,0.005,0.025
3,7,13,0.0,0.0,1,propagule,1044,0,0,0.08237547892720307,True,0.005,0.025
3,7,14,0.0,0.0,1,propagule,1034,0,0,0.08317214700193423,True,0.005,0.025
3,7,15,0.0,0.0,1,propagule,1016,0,0,0.08169291338582677,True,0.005,0.025
3,7,16,0.0,0.0,1,propagule,1002,0,0,0.08383233532934131,True,0.005,0.025
3,7,17,0.0,0.0,1,propagule,987,0,0,0.08206686930091185,True,0.005,0.025
3,7,18,0.0,0.0,1,propagule,2237,0,0,0.03665623603039785,True,0.005,0.025
3,7,19,0.0,0.0,1,propagule,2191,0,0,0.03696942035600183,True,0.005,0.025
3,7,20,0.0,0.0,1,propagule,2121,0,0,0.037246581801037244,True,0.005,0.025
3,7,21,0.0,0.0,1,propagule,2071,0,0,0.03718010622887494,True,0.005,0.025
3,7,22,0.0,0.0,1,propagule,2017,0,0,0.03668815071888944,True,0.005,0.025
3,7,23,0.0,0.0,1,propagule,1978,0,0,0.037917087967644085,True,0.005,0.025
3,7,24,0.0,0.0,1,propagule,1935,0,0,0.03772609819121447,True,0.005,0.025
3,7,25,0.0,0.0,1,propagule,1884,0,0,0.03821656050955414,True,0.005,0.025
3,7,26,0.0,0.0,1,propagule,1846,0,0,0.0390032502708559,True,0.005,0.025
3,7,27,0.0,0.0,1,propagule,1815,0,0,0.04022038567493113,True,0.005,0.025
3,7,28,0.0,0.0,1,propagule,1798,0,0,0.041156840934371525,True,0.005,0.025
3,7,29,0.0,0.0,1,propagule,1772,0,0,0.041196388261851014,True,0.005,0.025
3,7,30,0.0,0.0,1,propagule,1730,0,0,0.04161849710982659,True,0.005,0.025
3,7,31,0.0,0.0,1,propagule,1677,0,0,0.04293381037567084,True,0.005,0.025
3,7,32,0.0,0.0,1,propagule,1643,0,0,0.041996348143639686,True,0.005,0.025
3,7,33,0.0,0.0,1,propagule,1607,0,0,0.042314872433105166,True,0.005,0.025
3,7,34,0.0,0.0,1,propagule,1584,0,0,0.043560606060606064,True,0.005,0.025
3,7,35,0.0,0.0,1,propagule,1554,0,0,0.0444015444015444,True,0.005,0.025
3,7,36,0.0,0.0,1,propagule,1526,0,0,0.04456094364351245,True,0.005,0.025
3,7,37,0.0,0.0,1,propagule,1480,0,0,0.04527027027027027,True,0.005,0.025
3,7,38,0.0,0.0,1,propagule,1468,0,0,0.047683923705722074,True,0.005,0.025
3,7,39,0.0,0.0,1,propagule,1444,0,0,0.04778393351800554,True,0.005,0.025
3,7,40,0.0,0.0,1,propagule,1427,0,0,0.04905395935529082,True,0.005,0.025
3,7,41,0.0,0.0,1,propagule,1410,0,0,0.05035460992907802,True,0.005,0.025
3,7,42,0.0,0.0,1,propagule,1396,0,0,0.05157593123209169,True,0.005,0.025
3,7,43,0.0,0.0,1,propagule,1459,0,0,0.10555174777244689,True,0.005,0.025
3,7,44,0.0,0.0,1,propagule,1369,0,0,0.08546384222059898,True,0.005,0.025
3,7,45,0.0,0.0,1,propagule,1338,0,0,0.08370702541106129,True,0.005,0.025
3,7,46,0.0,0.0,1,propagule,1328,0,0,0.08885542168674698,True,0.005,0.025
3,7,47,0.0,0.0,1,propagule,1297,0,0,0.09175019275250579,True,0.005,0.025
3,7,48,0.0,0.0,1,propagule,1277,0,0,0.09631949882537197,True,0.005,0.025
3,7,49,0.0,0.0,1,propagule,1260,0,0,0.09682539682539683,True,0.005,0.025
3,7,50,0.0,0.0,1,propagule,1239,0,0,0.096045197740113,True,0.005,0.025
3,7,51,0.0,0.0,1,propagule,1225,0,0,0.09714285714285714,True,0.005,0.025
3,7,52,0.0,0.0,1,propagule,1212,0,0,0.09735973597359736,True,0.005,0.025
3,8,1,0.0,0.0,1,propagule,1196,0,0,0.09782608695652174,True,0.005,0.025
3,8,2,0.0,0.0,1,propagule,1194,0,0,0.09715242881072027,True,0.005,0.025
3,8,3,0.0,0.0,1,propagule,1171,0,0,0.09735269000853972,True,0.005,0.025
3,8,4,0.0,0.0,1,propagule,1161,0,0,0.09905254091300603,True,0.005,0.025
3,8,5,0.0,0.0,1,propagule,1145,0,0,0.10131004366812227,True,0.005,0.025
3,8,6,0.0,0.0,1,propagule,1138,0,0,0.10193321616871705,True,0.005,0.025
3,8,7,0.0,0.0,1,propagule,1124,0,0,0.10142348754448399,True,0.005,0.025
3,8,8,0.0,0.0,1,propagule,1109,0,0,0.10279531109107304,True,0.005,0.025
3,8,9,0.0,0.0,1,propagule,1086,0,0,0.10220994475138122,True,0.005,0.025
3,8,10,0.0,0.0,1,propagule,1076,0,0,0.10223048327137546,True,0.005,0.025
3,8,11,0.0,0.0,1,propagule,1058,0,0,0.10491493383742911,True,0.005,0.025
3,8,12,0.0,0.0,1,propagule,1050,0,0,0.10571428571428572,True,0.005,0.025
3,8,13,0.0,0.0,1,propagule,1036,0,0,0.10714285714285714,True,0.005,0.025
3,8,14,0.0,0.0,1,propagule,1031,0,0,0.1096023278370514,True,0.005,0.025
3,8,15,0.0,0.0,1,propagule,1013,0,0,0.10957551826258638,True,0.005,0.025
3,8,16,0.0,0.0,1,propagule,1009,0,0,0.11199207135777998,True,0.005,0.025
3,8,17,0.0,0.0,1,propagule,993,0,0,0.11278952668680765,True,0.005,0.025
3,8,18,0.0,0.0,1,propagule,2194,0,0,0.050592525068368276,True,0.005,0.025
3,8,19,0.0,0.0,1,propagule,2119,0,0,0.048607833883907506,True,0.005,0.025
3,8,20,0.0,0.0,1,propagule,2067,0,0,0.04837929366231253,True,0.005,0.025
3,8,21,0.0,0.0,1,propagule,2004,0,0,0.04840319361277445,True,0.005,0.025
3,8,22,0.0,0.0,1,propagule,1932,0,0,0.04917184265010352,True,0.005,0.025
3,8,23,0.0,0.0,1,propagule,1869,0,0,0.04975922953451043,True,0.005,0.025
3,8,24,0.0,0.0,1,propagule,1822,0,0,0.04939626783754116,True,0.005,0.025
3,8,25,0.0,0.0,1,propagule,1776,0,0,0.050112612612612614,True,0.005,0.025
3,8,26,0.0,0.0,1,propagule,1728,0,0,0.05092592592592592,True,0.005,0.025
3,8,27,0.0,0.0,1,propagule,1686,0,0,0.051601423487544484,True,0.005,0.025
3,8,28,0.0,0.0,1,propagule,1646,0,0,0.05285540704738761,True,0.005,0.025
3,8,29,0.0,0.0,1,propagule,1598,0,0,0.05319148936170213,True,0.005,0.025
3,8,30,0.0,0.0,1,propagule,1580,0,0,0.05443037974683544,True,0.005,0.025
3,8,31,0.0,0.0,1,propagule,1560,0,0,0.05576923076923077,True,0.005,0.025
3,8,32,0.0,0.0,1,propagule,1536,0,0,0.057291666666666664,True,0.005,0.025
3,8,33,0.0,0.0,1,propagule,1514,0,0,0.058784676354029064,True,0.005,0.025
3,8,34,0.0,0.0,1,propagule,1496,0,0,0.05949197860962567,True,0.005,0.025
3,8,35,0.0,0.0,1,propagule,1464,0,0,0.060792349726775954,True,0.005,0.025
3,8,36,0.0,0.0,1,propagule,1436,0,0,0.05988857938718663,True,0.005,0.025
3,8,37,0.0,0.0,1,propagule,1410,0,0,0.06099290780141844,True,0.005,0.025
3,8,38,0.0,0.0,1,propagule,1392,0,0,0.06321839080459771,True,0.005,0.025
3,8,39,0.0,0.0,1,propagule,1368,0,0,0.062134502923976605,True,0.005,0.025
3,8,40,0.0,0.0,1,propagule,1342,0,0,0.06482861400894188,True,0.005,0.025
3,8,41,0.0,0.0,1,propagule,1329,0,0,0.0654627539503386,True,0.005,0.025
3,8,42,0.0,0.0,1,propagule,1305,0,0,0.06436781609195402,True,0.005,0.025
3,8,43,0.0,0.0,1,propagule,1337,0,0,0.11967090501121914,True,0.005,0.025
3,8,44,0.0,0.0,1,propagule,1260,0,0,0.0992063492063492,True,0.005,0.025
3,8,45,0.0,0.0,1,propagule,1240,0,0,0.09919354838709678,True,0.005,0.025
3,8,46,0.0,0.0,1,propagule,1228,0,0,0.09771986970684039,True,0.005,0.025
3,8,47,0.0,0.0,1,propagule,1195,0,0,0.09707112970711297,True,0.005,0.025
3,8,48,0.0,0.0,1,propagule,1183,0,0,0.09636517328825021,True,0.005,0.025
3,8,49,0.0,0.0,1,propagule,1153,0,0,0.09627059843885516,True,0.005,0.025
3,8,50,0.0,0.0,1,propagule,1146,0,0,0.1012216404886562,True,0.005,0.025
3,8,51,0.0,0.0,1,propagule,1116,0,0,0.0967741935483871,True,0.005,0.025
3,8,52,0.0,0.0,1,propagule,1107,0,0,0.0993676603432701,True,0.005,0.025
3,9,1,0.0,0.0,1,propagule,1099,0,0,0.09918107370336669,True,0.005,0.025
3,9,2,0.0,0.0,1,propagule,1086,0,0,0.1003683241252302,True,0.005,0.025
3,9,3,0.0,0.0,1,propagule,1077,0,0,0.1021355617455896,True,0.005,0.025
3,9,4,0.0,0.0,1,propagule,1065,0,0,0.10234741784037558,True,0.005,0.025
3,9,5,0.0,0.0,1,propagule,1051,0,0,0.10180780209324453,True,0.005,0.025
3,9,6,0.0,0.0,1,propagule,1043,0,0,0.10354745925215723,True,0.005,0.025
3,9,7,0.0,0.0,1,propagule,1024,0,0,0.1015625,True,0.005,0.025
3,9,8,0.0,0.0,1,propagule,1015,0,0,0.10344827586206896,True,0.005,0.025
3,9,9,0.0,0.0,1,propagule,997,0,0,0.10531594784353059,True,0.005,0.025
3,9,10,0.0,0.0,1,propagule,989,0,0,0.10616784630940344,True,0.005,0.025
3,9,11,0.0,0.0,1,propagule,983,0,0,0.10783316378433368,True,0.005,0.025
3,9,12,0.0,0.0,1,propagule,973,0,0,0.10585817060637205,True,0.005,0.025
3,9,13,0.0,0.0,1,propagule,964,0,0,0.10580912863070539,True,0.005,0.025
3,9,14,0.0,0.0,1,propagule,944,0,0,0.10699152542372882,True,0.005,0.025
3,9,15,0.0,0.0,1,propagule,935,0,0,0.10802139037433155,True,0.005,0.025
3,9,16,0.0,0.0,1,propagule,929,0,0,0.1108719052744887,True,0.005,0.025
3,9,17,0.0,0.0,1,propagule,918,0,0,0.11002178649237472,True,0.005,0.025
3,9,18,0.0,0.0,1,propagule,2017,0,0,0.04313336638572137,True,0.005,0.025
3,9,19,0.0,0.0,1,propagule,1976,0,0,0.043522267206477734,True,0.005,0.025
3,9,20,0.0,0.0,1,propagule,1932,0,0,0.04296066252587992,True,0.005,0.025
3,9,21,0.0,0.0,1,propagule,1896,0,0,0.043248945147679324,True,0.005,0.025
3,9,22,0.0,0.0,1,propagule,1852,0,0,0.044816414686825054,True,0.005,0.025
3,9,23,0.0,0.0,1,propagule,1786,0,0,0.04591265397536394,True,0.005,0.025
3,9,24,0.0,0.0,1,propagule,1739,0,0,0.047153536515238646,True,0.005,0.025
3,9,25,0.0,0.0,1,propagule,1695,0,0,0.047787610619469026,True,0.005,0.025
3,9,26,0.0,0.0,1,propagule,1647,0,0,0.048573163327261686,True,0.005,0.025
3,9,27,0.0,0.0,1,propagule,1612,0,0,0.04900744416873449,True,0.005,0.025
3,9,28,0.0,0.0,1,propagule,1585,0,0,0.050473186119873815,True,0.005,0.025
3,9,29,0.0,0.0,1,propagule,1565,0,0,0.049201277955271565,True,0.005,0.025
3,9,30,0.0,0.0,1,propagule,1517,0,0,0.05075807514831905,True,0.005,0.025
3,9,31,0.0,0.0,1,propagule,1477,0,0,0.04942450914014895,True,0.005,0.025
3,9,32,0.0,0.0,1,propagule,1455,0,0,0.05085910652920962,True,0.005,0.025
3,9,33,0.0,0.0,1,propagule,1420,0,0,0.05070422535211268,True,0.005,0.025
3,9,34,0.0,0.0,1,propagule,1402,0,0,0.052781740370898715,True,0.005,0.025
3,9,35,0.0,0.0,1,propagule,1374,0,0,0.05240174672489083,True,0.005,0.025
3,9,36,0.0,0.0,1,propagule,1340,0,0,0.05149253731343283,True,0.005,0.025
3,9,37,0.0,0.0,1,propagule,1323,0,0,0.05215419501133787,True,0.005,0.025
3,9,38,0.0,0.0,1,propagule,1310,0,0,0.0549618320610687,True,0.005,0.025
3,9,39,0.0,0.0,1,propagule,1289,0,0,0.05663304887509697,True,0.005,0.025
3,9,40,0.0,0.0,1,propagule,1267,0,0,0.056037884767166535,True,0.005,0.025
3,9,41,0.0,0.0,1,propagule,1240,0,0,0.05806451612903226,True,0.005,0.025
3,9,42,0.0,0.0,1,propagule,1219,0,0,0.05906480721903199,True,0.005,0.025
3,9,43,0.0,0.0,1,propagule,1309,0,0,0.12757830404889228,True,0.005,0.025
3,9,44,0.0,0.0,1,propagule,1225,0,0,0.09714285714285714,True,0.005,0.025
3,9,45,0.0,0.0,1,propagule,1170,0,0,0.08632478632478632,True,0.005,0.025
3,9,46,0.0,0.0,1,propagule,1164,0,0,0.0859106529209622,True,0.005,0.025
3,9,47,0.0,0.0,1,propagule,1124,0,0,0.08629893238434164,True,0.005,0.025
3,9,48,0.0,0.0,1,propagule,1117,0,0,0.08683974932855863,True,0.005,0.025
3,9,49,0.0,0.0,1,propagule,1088,0,0,0.08639705882352941,True,0.005,0.025
3,9,50,0.0,0.0,1,propagule,1090,0,0,0.0889908256880734,True,0.005,0.025
3,9,51,0.0,0.0,1,propagule,1076,0,0,0.09107806691449814,True,0.005,0.025
3,9,52,0.0,0.0,1,propagule,1068,0,0,0.09269662921348315,True,0.005,0.025
3,10,1,0.0,0.0,1,propagule,1053,0,0,0.0949667616334283,True,0.005,0.025
3,10,2,0.0,0.0,1,propagule,1047,0,0,0.09455587392550144,True,0.005,0.025
3,10,3,0.0,0.0,1,propagule,1031,0,0,0.0950533462657614,True,0.005,0.025
3,10,4,0.0,0.0,1,propagule,1030,0,0,0.09902912621359224,True,0.005,0.025
3,10,5,0.0,0.0,1,propagule,1012,0,0,0.09881422924901186,True,0.005,0.025
3,10,6,0.0,0.0,1,propagule,1000,0,0,0.103,True,0.005,0.025
3,10,7,0.0,0.0,1,propagule,985,0,0,0.10355329949238579,True,0.005,0.025
3,10,8,0.0,0.0,1,propagule,977,0,0,0.10440122824974411,True,0.005,0.025
3,10,9,0.0,0.0,1,propagule,959,0,0,0.10427528675703858,True,0.005,0.025
3,10,10,0.0,0.0,1,propagule,958,0,0,0.10438413361169102,True,0.005,0.025
3,10,11,0.0,0.0,1,propagule,946,0,0,0.10253699788583509,True,0.005,0.025
3,10,12,0.0,0.0,1,propagule,949,0,0,0.10326659641728135,True,0.005,0.025
3,10,13,0.0,0.0,1,propagule,935,0,0,0.10267379679144385,True,0.005,0.025
3,10,14,0.0,0.0,1,propagule,931,0,0,0.10526315789473684,True,0.005,0.025
3,10,15,0.0,0.0,1,propagule,912,0,0,0.10526315789473684,True,0.005,0.025
3,10,16,0.0,0.0,1,propagule,907,0,0,0.10584343991179714,True,0.005,0.025
3,10,17,0.0,0.0,1,propagule,895,0,0,0.10726256983240223,True,0.005,0.025
3,10,18,0.0,0.0,1,propagule,2063,0,0,0.046049442559379546,True,0.005,0.025
3,10,19,0.0,0.0,1,propagule,2031,0,0,0.046282619399310686,True,0.005,0.025
3,10,20,0.0,0.0,1,propagule,1975,0,0,0.04708860759493671,True,0.005,0.025
3,10,21,0.0,0.0,1,propagule,1904,0,0,0.0467436974789916,True,0.005,0.025
3,10,22,0.0,0.0,1,propagule,1861,0,0,0.04836109618484686,True,0.005,0.025
3,10,23,0.0,0.0,1,propagule,1795,0,0,0.04902506963788301,True,0.005,0.025
3,10,24,0.0,0.0,1,propagule,1750,0,0,0.04971428571428571,True,0.005,0.025
3,10,25,0.0,0.0,1,propagule,1713,0,0,0.04903677758318739,True,0.005,0.025
3,10,26,0.0,0.0,1,propagule,1684,0,0,0.04631828978622328,True,0.005,0.025
3,10,27,0.0,0.0,1,propagule,1636,0,0,0.04584352078239609,True,0.005,0.025
3,10,28,0.0,0.0,1,propagule,1594,0,0,0.04642409033877039,True,0.005,0.025
3,10,29,0.0,0.0,1,propagule,1580,0,0,0.04746835443037975,True,0.005,0.025
3,10,30,0.0,0.0,1,propagule,1554,0,0,0.047619047619047616,True,0.005,0.025
3,10,31,0.0,0.0,1,propagule,1514,0,0,0.0488771466314399,True,0.005,0.025
3,10,32,0.0,0.0,1,propagule,1479,0,0,0.05070993914807302,True,0.005,0.025
3,10,33,0.0,0.0,1,propagule,1447,0,0,0.05044920525224603,True,0.005,0.025
3,10,34,0.0,0.0,1,propagule,1418,0,0,0.05007052186177715,True,0.005,0.025
3,10,35,0.0,0.0,1,propagule,1388,0,0,0.05187319884726225,True,0.005,0.025
3,10,36,0.0,0.0,1,propagule,1368,0,0,0.054093567251461985,True,0.005,0.025
3,10,37,0.0,0.0,1,propagule,1329,0,0,0.05342362678705794,True,0.005,0.025
3,10,38,0.0,0.0,1,propagule,1309,0,0,0.053475935828877004,True,0.005,0.025
3,10,39,0.0,0.0,1,propagule,1293,0,0,0.05645784996133024,True,0.005,0.025
3,10,40,0.0,0.0,1,propagule,1275,0,0,0.05803921568627451,True,0.005,0.025
3,10,41,0.0,0.0,1,propagule,1265,0,0,0.05928853754940711,True,0.005,0.025
3,10,42,0.0,0.0,1,propagule,1247,0,0,0.05854049719326383,True,0.005,0.025
3,10,43,0.0,0.0,1,propagule,1316,0,0,0.11778115501519756,True,0.005,0.025
3,10,44,0.0,0.0,1,propagule,1225,0,0,0.10693877551020409,True,0.005,0.025
3,10,45,0.0,0.0,1,propagule,1173,0,0,0.09718670076726342,True,0.005,0.025
3,10,46,0.0,0.0,1,propagule,1162,0,0,0.09896729776247848,True,0.005,0.025
3,10,47,0.0,0.0,1,propagule,1137,0,0,0.1011433597185576,True,0.005,0.025
3,10,48,0.0,0.0,1,propagule,1137,0,0,0.10817941952506596,True,0.005,0.025
3,10,49,0.0,0.0,1,propagule,1102,0,0,0.10707803992740472,True,0.005,0.025
3,10,50,0.0,0.0,1,propagule,1093,0,0,0.11070448307410796,True,0.005,0.025
3,10,51,0.0,0.0,1,propagule,1072,0,0,0.10634328358208955,True,0.005,0.025
3,10,52,0.0,0.0,1,propagule,1067,0,0,0.1105904404873477,True,0.005,0.025
3,1,1,0.0,0.0,1,propagule,935,0,0,0.0,True,0.01,0.015
3,1,2,0.0,0.0,1,propagule,953,0,0,0.0,True,0.01,0.015
3,1,3,0.0,0.0,1,propagule,927,0,0,0.0010787486515641855,True,0.01,0.015
3,1,4,0.0,0.0,1,propagule,920,0,0,0.0010869565217391304,True,0.01,0.015
3,1,5,0.0,0.0,1,propagule,900,0,0,0.0011111111111111111,True,0.01,0.015
3,1,6,0.0,0.0,1,propagule,913,0,0,0.002190580503833516,True,0.01,0.015
3,1,7,0.0,0.0,1,propagule,886,0,0,0.002257336343115124,True,0.01,0.015
3,1,8,0.0,0.0,1,propagule,887,0,0,0.002254791431792559,True,0.01,0.015
3,1,9,0.0,0.0,1,propagule,861,0,0,0.003484320557491289,True,0.01,0.015
3,1,10,0.0,0.0,1,propagule,860,0,0,0.0034883720930232558,True,0.01,0.015
3,1,11,0.0,0.0,1,propagule,835,0,0,0.0023952095808383233,True,0.01,0.015
3,1,12,0.0,0.0,1,propagule,840,0,0,0.0035714285714285713,True,0.01,0.015
3,1,13,0.0,0.0,1,propagule,815,0,0,0.0036809815950920245,True,0.01,0.015
3,1,14,0.0,0.0,1,propagule,804,0,0,0.0024875621890547263,True,0.01,0.015
3,1,15,0.0,0.0,1,propagule,794,0,0,0.003778337531486146,True,0.01,0.015
3,1,16,0.0,0.0,1,propagule,790,0,0,0.002531645569620253,True,0.01,0.015
3,1,17,0.0,0.0,1,propagule,779,0,0,0.0038510911424903724,True,0.01,0.015
3,1,18,0.0,0.0,1,propagule,2162,0,0,0.0009250693802035153,True,0.01,0.015
3,1,19,0.0,0.0,1,propagule,2117,0,0,0.000944733112895607,True,0.01,0.015
3,1,20,0.0,0.0,1,propagule,2082,0,0,0.0009606147934678194,True,0.01,0.015
3,1,21,0.0,0.0,1,propagule,2024,0,0,0.0009881422924901185,True,0.01,0.015
3,1,22,0.0,0.0,1,propagule,2001,0,0,0.0014992503748125937,True,0.01,0.015
3,1,23,0.0,0.0,1,propagule,1974,0,0,0.0010131712259371835,True,0.01,0.015
3,1,24,0.0,0.0,1,propagule,1924,0,0,0.0015592515592515593,True,0.01,0.015
3,1,25,0.0,0.0,1,propagule,1909,0,0,0.0026191723415400735,True,0.01,0.015
3,1,26,0.0,0.0,1,propagule,1870,0,0,0.00267379679144385,True,0.01,0.015
3,1,27,0.0,0.0,1,propagule,1823,0,0,0.0016456390565002743,True,0.01,0.015
3,1,28,0.0,0.0,1,propagule,1795,0,0,0.0038997214484679664,True,0.01,0.015
3,1,29,0.0,0.0,1,propagule,1761,0,0,0.0034071550255536627,True,0.01,0.015
3,1,30,0.0,0.0,1,propagule,1744,0,0,0.0034403669724770644,True,0.01,0.015
3,1,31,0.0,0.0,1,propagule,1718,0,0,0.004656577415599534,True,0.01,0.015
3,1,32,0.0,0.0,1,propagule,1677,0,0,0.004770423375074538,True,0.01,0.015
3,1,33,0.0,0.0,1,propagule,1636,0,0,0.004278728606356968,True,0.01,0.015
3,1,34,0.0,0.0,1,propagule,1585,0,0,0.005047318611987382,True,0.01,0.015
3,1,35,0.0,0.0,1,propagule,1566,0,0,0.004469987228607918,True,0.01,0.015
3,1,36,0.0,0.0,1,propagule,1537,0,0,0.004554326610279766,True,0.01,0.015
3,1,37,0.0,0.0,1,propagule,1502,0,0,0.0039946737683089215,True,0.01,0.015
3,1,38,0.0,0.0,1,propagule,1476,0,0,0.0047425474254742545,True,0.01,0.015
3,1,39,0.0,0.0,1,propagule,1475,0,0,0.004067796610169492,True,0.01,0.015
3,1,40,0.0,0.0,1,propagule,1434,0,0,0.0048814504881450485,True,0.01,0.015
3,1,41,0.0,0.0,1,propagule,1416,0,0,0.0049435028248587575,True,0.01,0.015
3,1,42,0.0,0.0,1,propagule,1405,0,0,0.007829181494661922,True,0.01,0.015
3,1,43,0.0,0.0,1,propagule,1426,0,0,0.0182328190743338,True,0.01,0.015
3,1,44,0.0,0.0,1,propagule,1428,0,0,0.025910364145658265,True,0.01,0.015
3,1,45,0.0,0.0,1,propagule,1417,0,0,0.025405786873676783,True,0.01,0.015
3,1,46,0.0,0.0,1,propagule,1407,0,0,0.026297085998578537,True,0.01,0.015
3,1,47,0.0,0.0,1,propagule,1393,0,0,0.03015075376884422,True,0.01,0.015
3,1,48,0.0,0.0,1,propagule,1400,0,0,0.03,True,0.01,0.015
3,1,49,0.0,0.0,1,propagule,1371,0,0,0.030634573304157548,True,0.01,0.015
3,1,50,0.0,0.0,1,propagule,1378,0,0,0.034107402031930335,True,0.01,0.015
3,1,51,0.0,0.0,1,propagule,1358,0,0,0.03313696612665685,True,0.01,0.015
3,1,52,0.0,0.0,1,propagule,1342,0,0,0.03427719821162444,True,0.01,0.015
3,2,1,0.0,0.0,1,propagule,1322,0,0,0.03479576399394856,True,0.01,0.015
3,2,2,0.0,0.0,1,propagule,1320,0,0,0.035606060606060606,True,0.01,0.015
3,2,3,0.0,0.0,1,propagule,1307,0,0,0.035960214231063506,True,0.01,0.015
3,2,4,0.0,0.0,1,propagule,1291,0,0,0.03563129357087529,True,0.01,0.015
3,2,5,0.0,0.0,1,propagule,1273,0,0,0.03613511390416339,True,0.01,0.015
3,2,6,0.0,0.0,1,propagule,1259,0,0,0.03494837172359015,True,0.01,0.015
3,2,7,0.0,0.0,1,propagule,1235,0,0,0.03562753036437247,True,0.01,0.015
3,2,8,0.0,0.0,1,propagule,1221,0,0,0.03521703521703522,True,0.01,0.015
3,2,9,0.0,0.0,1,propagule,1211,0,0,0.03633360858794385,True,0.01,0.015
3,2,10,0.0,0.0,1,propagule,1200,0,0,0.03666666666666667,True,0.01,0.015
3,2,11,0.0,0.0,1,propagule,1188,0,0,0.0361952861952862,True,0.01,0.015
3,2,12,0.0,0.0,1,propagule,1168,0,0,0.03424657534246575,True,0.01,0.015
3,2,13,0.0,0.0,1,propagule,1157,0,0,0.03543647363872083,True,0.01,0.015
3,2,14,0.0,0.0,1,propagule,1149,0,0,0.03568320278503046,True,0.01,0.015
3,2,15,0.0,0.0,1,propagule,1139,0,0,0.035996488147497806,True,0.01,0.015
3,2,16,0.0,0.0,1,propagule,1128,0,0,0.03546099290780142,True,0.01,0.015
3,2,17,0.0,0.0,1,propagule,1118,0,0,0.03577817531305903,True,0.01,0.015
3,2,18,0.0,0.0,1,propagule,1961,0,0,0.01988781234064253,True,0.01,0.015
3,2,19,0.0,0.0,1,propagule,1933,0,0,0.02017589239524056,True,0.01,0.015
3,2,20,0.0,0.0,1,propagule,1877,0,0,0.020245071923281833,True,0.01,0.015
3,2,21,0.0,0.0,1,propagule,1848,0,0,0.020562770562770564,True,0.01,0.015
3,2,22,0.0,0.0,1,propagule,1803,0,0,0.02107598447032723,True,0.01,0.015
3,2,23,0.0,0.0,1,propagule,1759,0,0,0.018760659465605456,True,0.01,0.015
3,2,24,0.0,0.0,1,propagule,1705,0,0,0.01994134897360704,True,0.01,0.015
3,2,25,0.0,0.0,1,propagule,1668,0,0,0.019184652278177457,True,0.01,0.015
3,2,26,0.0,0.0,1,propagule,1608,0,0,0.01927860696517413,True,0.01,0.015
3,2,27,0.0,0.0,1,propagule,1586,0,0,0.0201765447667087,True,0.01,0.015
3,2,28,0.0,0.0,1,propagule,1569,0,0,0.019120458891013385,True,0.01,0.015
3,2,29,0.0,0.0,1,propagule,1539,0,0,0.018193632228719947,True,0.01,0.015
3,2,30,0.0,0.0,1,propagule,1515,0,0,0.018481848184818482,True,0.01,0.015
3,2,31,0.0,0.0,1,propagule,1471,0,0,0.017675050985723997,True,0.01,0.015
3,2,32,0.0,0.0,1,propagule,1415,0,0,0.018374558303886925,True,0.01,0.015
3,2,33,0.0,0.0,1,propagule,1406,0,0,0.01991465149359886,True,0.01,0.015
3,2,34,0.0,0.0,1,propagule,1358,0,0,0.01914580265095729,True,0.01,0.015
3,2,35,0.0,0.0,1,propagule,1340,0,0,0.019402985074626865,True,0.01,0.015
3,2,36,0.0,0.0,1,propagule,1309,0,0,0.026737967914438502,True,0.01,0.015
3,2,37,0.0,0.0,1,propagule,1264,0,0,0.0245253164556962,True,0.01,0.015
3,2,38,0.0,0.0,1,propagule,1243,0,0,0.027353177795655673,True,0.01,0.015
3,2,39,0.0,0.0,1,propagule,1213,0,0,0.0247320692497939,True,0.01,0.015
3,2,40,0.0,0.0,1,propagule,1207,0,0,0.024855012427506214,True,0.01,0.015
3,2,41,0.0,0.0,1,propagule,1188,0,0,0.025252525252525252,True,0.01,0.015
3,2,42,0.0,0.0,1,propagule,1159,0,0,0.025884383088869714,True,0.01,0.015
3,2,43,0.0,0.0,1,propagule,1156,0,0,0.03633217993079585,True,0.01,0.015
3,2,44,0.0,0.0,1,propagule,1137,0,0,0.03518029903254178,True,0.01,0.015
3,2,45,0.0,0.0,1,propagule,1140,0,0,0.04035087719298246,True,0.01,0.015
3,2,46,0.0,0.0,1,propagule,1113,0,0,0.03773584905660377,True,0.01,0.015
3,2,47,0.0,0.0,1,propagule,1116,0,0,0.04659498207885305,True,0.01,0.015
3,2,48,0.0,0.0,1,propagule,1096,0,0,0.05018248175182482,True,0.01,0.015
3,2,49,0.0,0.0,1,propagule,1090,0,0,0.04954128440366973,True,0.01,0.015
3,2,50,0.0,0.0,1,propagule,1091,0,0,0.054078826764436295,True,0.01,0.015
3,2,51,0.0,0.0,1,propagule,1079,0,0,0.05282669138090825,True,0.01,0.015
3,2,52,0.0,0.0,1,propagule,1073,0,0,0.05591798695246971,True,0.01,0.015
3,3,1,0.0,0.0,1,propagule,1067,0,0,0.056232427366447985,True,0.01,0.015
3,3,2,0.0,0.0,1,propagule,1066,0,0,0.06191369606003752,True,0.01,0.015
3,3,3,0.0,0.0,1,propagule,1050,0,0,0.058095238095238096,True,0.01,0.015
3,3,4,0.0,0.0,1,propagule,1039,0,0,0.06256015399422522,True,0.01,0.015
3,3,5,0.0,0.0,1,propagule,1016,0,0,0.0639763779527559,True,0.01,0.015
3,3,6,0.0,0.0,1,propagule,1010,0,0,0.06732673267326733,True,0.01,0.015
3,3,7,0.0,0.0,1,propagule,985,0,0,0.06192893401015229,True,0.01,0.015
3,3,8,0.0,0.0,1,propagule,960,0,0,0.06145833333333333,True,0.01,0.015
3,3,9,0.0,0.0,1,propagule,943,0,0,0.05938494167550371,True,0.01,0.015
3,3,10,0.0,0.0,1,propagule,938,0,0,0.06396588486140725,True,0.01,0.015
3,3,11,0.0,0.0,1,propagule,930,0,0,0.06451612903225806,True,0.01,0.015
3,3,12,0.0,0.0,1,propagule,920,0,0,0.06521739130434782,True,0.01,0.015
3,3,13,0.0,0.0,1,propagule,916,0,0,0.06550218340611354,True,0.01,0.015
3,3,14,0.0,0.0,1,propagule,903,0,0,0.06533776301218161,True,0.01,0.015
3,3,15,0.0,0.0,1,propagule,900,0,0,0.06222222222222222,True,0.01,0.015
3,3,16,0.0,0.0,1,propagule,888,0,0,0.06531531531531531,True,0.01,0.015
3,3,17,0.0,0.0,1,propagule,885,0,0,0.06327683615819209,True,0.01,0.015
3,3,18,0.0,0.0,1,propagule,1870,0,0,0.029946524064171122,True,0.01,0.015
3,3,19,0.0,0.0,1,propagule,1831,0,0,0.028399781540142,True,0.01,0.015
3,3,20,0.0,0.0,1,propagule,1796,0,0,0.026726057906458798,True,0.01,0.015
3,3,21,0.0,0.0,1,propagule,1778,0,0,0.032058492688413945,True,0.01,0.015
3,3,22,0.0,0.0,1,propagule,1747,0,0,0.031482541499713794,True,0.01,0.015
3,3,23,0.0,0.0,1,propagule,1761,0,0,0.034071550255536626,True,0.01,0.015
3,3,24,0.0,0.0,1,propagule,1666,0,0,0.031212484993997598,True,0.01,0.015
3,3,25,0.0,0.0,1,propagule,1691,0,0,0.036073329390892965,True,0.01,0.015
3,3,26,0.0,0.0,1,propagule,1563,0,0,0.03326935380678183,True,0.01,0.015
3,3,27,0.0,0.0,1,propagule,1567,0,0,0.03828972559029994,True,0.01,0.015
3,3,28,0.0,0.0,1,propagule,1490,0,0,0.03557046979865772,True,0.01,0.015
3,3,29,0.0,0.0,1,propagule,1491,0,0,0.03621730382293763,True,0.01,0.015
3,3,30,0.0,0.0,1,propagule,1419,0,0,0.03453136011275546,True,0.01,0.015
3,3,31,0.0,0.0,1,propagule,1422,0,0,0.03656821378340366,True,0.01,0.015
3,3,32,0.0,0.0,1,propagule,1335,0,0,0.030711610486891385,True,0.01,0.015
3,3,33,0.0,0.0,1,propagule,1389,0,0,0.04103671706263499,True,0.01,0.015
3,3,34,0.0,0.0,1,propagule,1322,0,0,0.040090771558245086,True,0.01,0.015
3,3,35,0.0,0.0,1,propagule,1339,0,0,0.043315907393577296,True,0.01,0.015
3,3,36,0.0,0.0,1,propagule,1233,0,0,0.042984590429845905,True,0.01,0.015
3,3,37,0.0,0.0,1,propagule,1239,0,0,0.06053268765133172,True,0.01,0.015
3,3,38,0.0,0.0,1,propagule,1179,0,0,0.05937234944868533,True,0.01,0.015
3,3,39,0.0,0.0,1,propagule,1200,0,0,0.0675,True,0.01,0.015
3,3,40,0.0,0.0,1,propagule,1148,0,0,0.06184668989547038,True,0.01,0.015
3,3,41,0.0,0.0,1,propagule,1164,0,0,0.070446735395189,True,0.01,0.015
3,3,42,0.0,0.0,1,propagule,1091,0,0,0.05774518790100825,True,0.01,0.015
3,3,43,0.0,0.0,1,propagule,1135,0,0,0.08898678414096917,True,0.01,0.015
3,3,44,0.0,0.0,1,propagule,1088,0,0,0.08455882352941177,True,0.01,0.015
3,3,45,0.0,0.0,1,propagule,1054,0,0,0.0777988614800759,True,0.01,0.015
3,3,46,0.0,0.0,1,propagule,1031,0,0,0.06886517943743937,True,0.01,0.015
3,3,47,0.0,0.0,1,propagule,1055,0,0,0.08151658767772511,True,0.01,0.015
3,3,48,0.0,0.0,1,propagule,1049,0,0,0.08579599618684461,True,0.01,0.015
3,3,49,0.0,0.0,1,propagule,1040,0,0,0.08557692307692308,True,0.01,0.015
3,3,50,0.0,0.0,1,propagule,1036,0,0,0.08783783783783784,True,0.01,0.015
3,3,51,0.0,0.0,1,propagule,1037,0,0,0.08871745419479267,True,0.01,0.015
3,3,52,0.0,0.0,1,propagule,1034,0,0,0.09090909090909091,True,0.01,0.015
3,4,1,0.0,0.0,1,propagule,1013,0,0,0.08687068114511352,True,0.01,0.015
3,4,2,0.0,0.0,1,propagule,1016,0,0,0.09251968503937008,True,0.01,0.015
3,4,3,0.0,0.0,1,propagule,987,0,0,0.08814589665653495,True,0.01,0.015
3,4,4,0.0,0.0,1,propagule,985,0,0,0.0883248730964467,True,0.01,0.015
3,4,5,0.0,0.0,1,propagule,962,0,0,0.08523908523908524,True,0.01,0.015
3,4,6,0.0,0.0,1,propagule,972,0,0,0.09156378600823045,True,0.01,0.015
3,4,7,0.0,0.0,1,propagule,945,0,0,0.08783068783068783,True,0.01,0.015
3,4,8,0.0,0.0,1,propagule,942,0,0,0.09341825902335456,True,0.01,0.015
3,4,9,0.0,0.0,1,propagule,917,0,0,0.08724100327153762,True,0.01,0.015
3,4,10,0.0,0.0,1,propagule,925,0,0,0.09513513513513513,True,0.01,0.015
3,4,11,0.0,0.0,1,propagule,900,0,0,0.08888888888888889,True,0.01,0.015
3,4,12,0.0,0.0,1,propagule,906,0,0,0.09602649006622517,True,0.01,0.015
3,4,13,0.0,0.0,1,propagule,873,0,0,0.09392898052691867,True,0.01,0.015
3,4,14,0.0,0.0,1,propagule,874,0,0,0.09610983981693363,True,0.01,0.015
3,4,15,0.0,0.0,1,propagule,846,0,0,0.09101654846335698,True,0.01,0.015
3,4,16,0.0,0.0,1,propagule,856,0,0,0.09462616822429906,True,0.01,0.015
3,4,17,0.0,0.0,1,propagule,828,0,0,0.09178743961352658,True,0.01,0.015
3,4,18,0.0,0.0,1,propagule,1720,0,0,0.04709302325581395,True,0.01,0.015
3,4,19,0.0,0.0,1,propagule,1656,0,0,0.0464975845410628,True,0.01,0.015
3,4,20,0.0,0.0,1,propagule,1616,0,0,0.04517326732673267,True,0.01,0.015
3,4,21,0.0,0.0,1,propagule,1569,0,0,0.0497131931166348,True,0.01,0.015
3,4,22,0.0,0.0,1,propagule,1548,0,0,0.04780361757105943,True,0.01,0.015
3,4,23,0.0,0.0,1,propagule,1527,0,0,0.051735428945645055,True,0.01,0.015
3,4,24,0.0,0.0,1,propagule,1476,0,0,0.05420054200542006,True,0.01,0.015
3,4,25,0.0,0.0,1,propagule,1431,0,0,0.053109713487071976,True,0.01,0.015
3,4,26,0.0,0.0,1,propagule,1387,0,0,0.05335255948089401,True,0.01,0.015
3,4,27,0.0,0.0,1,propagule,1337,0,0,0.05385190725504862,True,0.01,0.015
3,4,28,0.0,0.0,1,propagule,1342,0,0,0.05588673621460507,True,0.01,0.015
3,4,29,0.0,0.0,1,propagule,1297,0,0,0.05397070161912105,True,0.01,0.015
3,4,30,0.0,0.0,1,propagule,1283,0,0,0.05845674201091192,True,0.01,0.015
3,4,31,0.0,0.0,1,propagule,1228,0,0,0.05456026058631922,True,0.01,0.015
3,4,32,0.0,0.0,1,propagule,1227,0,0,0.05867970660146699,True,0.01,0.015
3,4,33,0.0,0.0,1,propagule,1169,0,0,0.05474764756201882,True,0.01,0.015
3,4,34,0.0,0.0,1,propagule,1148,0,0,0.059233449477351915,True,0.01,0.015
3,4,35,0.0,0.0,1,propagule,1112,0,0,0.05665467625899281,True,0.01,0.015
3,4,36,0.0,0.0,1,propagule,1098,0,0,0.06375227686703097,True,0.01,0.015
3,4,37,0.0,0.0,1,propagule,1077,0,0,0.06499535747446611,True,0.01,0.015
3,4,38,0.0,0.0,1,propagule,1064,0,0,0.06954887218045112,True,0.01,0.015
3,4,39,0.0,0.0,1,propagule,1034,0,0,0.06479690522243714,True,0.01,0.015
3,4,40,0.0,0.0,1,propagule,1029,0,0,0.06705539358600583,True,0.01,0.015
3,4,41,0.0,0.0,1,propagule,1017,0,0,0.06784660766961652,True,0.01,0.015
3,4,42,0.0,0.0,1,propagule,1021,0,0,0.07247796278158668,True,0.01,0.015
3,4,43,0.0,0.0,1,propagule,1070,0,0,0.1308411214953271,True,0.01,0.015
3,4,44,0.0,0.0,1,propagule,986,0,0,0.10141987829614604,True,0.01,0.015
3,4,45,0.0,0.0,1,propagule,961,0,0,0.0967741935483871,True,0.01,0.015
3,4,46,0.0,0.0,1,propagule,950,0,0,0.10210526315789474,True,0.01,0.015
3,4,47,0.0,0.0,1,propagule,954,0,0,0.10377358490566038,True,0.01,0.015
3,4,48,0.0,0.0,1,propagule,952,0,0,0.1134453781512605,True,0.01,0.015
3,4,49,0.0,0.0,1,propagule,961,0,0,0.12174817898022892,True,0.01,0.015
3,4,50,0.0,0.0,1,propagule,944,0,0,0.12182203389830508,True,0.01,0.015
3,4,51,0.0,0.0,1,propagule,950,0,0,0.12947368421052632,True,0.01,0.015
3,4,52,0.0,0.0,1,propagule,941,0,0,0.12964930924548354,True,0.01,0.015
3,5,1,0.0,0.0,1,propagule,939,0,0,0.13099041533546327,True,0.01,0.015
3,5,2,0.0,0.0,1,propagule,916,0,0,0.1277292576419214,True,0.01,0.015
3,5,3,0.0,0.0,1,propagule,906,0,0,0.1291390728476821,True,0.01,0.015
3,5,4,0.0,0.0,1,propagule,897,0,0,0.1282051282051282,True,0.01,0.015
3,5,5,0.0,0.0,1,propagule,886,0,0,0.12641083521444696,True,0.01,0.015
3,5,6,0.0,0.0,1,propagule,880,0,0,0.13295454545454546,True,0.01,0.015
3,5,7,0.0,0.0,1,propagule,867,0,0,0.12687427912341406,True,0.01,0.015
3,5,8,0.0,0.0,1,propagule,863,0,0,0.12977983777520277,True,0.01,0.015
3,5,9,0.0,0.0,1,propagule,858,0,0,0.13053613053613053,True,0.01,0.015
3,5,10,0.0,0.0,1,propagule,853,0,0,0.13012895662368112,True,0.01,0.015
3,5,11,0.0,0.0,1,propagule,849,0,0,0.13074204946996468,True,0.01,0.015
3,5,12,0.0,0.0,1,propagule,841,0,0,0.13317479191438764,True,0.01,0.015
3,5,13,0.0,0.0,1,propagule,825,0,0,0.1321212121212121,True,0.01,0.015
3,5,14,0.0,0.0,1,propagule,823,0,0,0.13608748481166463,True,0.01,0.015
3,5,15,0.0,0.0,1,propagule,804,0,0,0.1318407960199005,True,0.01,0.015
3,5,16,0.0,0.0,1,propagule,803,0,0,0.13325031133250312,True,0.01,0.015
3,5,17,0.0,0.0,1,propagule,792,0,0,0.13383838383838384,True,0.01,0.015
3,5,18,0.0,0.0,1,propagule,1650,0,0,0.06424242424242424,True,0.01,0.015
3,5,19,0.0,0.0,1,propagule,1608,0,0,0.06592039800995025,True,0.01,0.015
3,5,20,0.0,0.0,1,propagule,1575,0,0,0.06476190476190476,True,0.01,0.015
3,5,21,0.0,0.0,1,propagule,1552,0,0,0.06507731958762887,True,0.01,0.015
3,5,22,0.0,0.0,1,propagule,1514,0,0,0.06869220607661823,True,0.01,0.015
3,5,23,0.0,0.0,1,propagule,1484,0,0,0.06940700808625337,True,0.01,0.015
3,5,24,0.0,0.0,1,propagule,1457,0,0,0.06863417982155114,True,0.01,0.015
3,5,25,0.0,0.0,1,propagule,1413,0,0,0.06723283793347487,True,0.01,0.015
3,5,26,0.0,0.0,1,propagule,1384,0,0,0.06864161849710983,True,0.01,0.015
3,5,27,0.0,0.0,1,propagule,1359,0,0,0.07137601177336277,True,0.01,0.015
3,5,28,0.0,0.0,1,propagule,1334,0,0,0.0704647676161919,True,0.01,0.015
3,5,29,0.0,0.0,1,propagule,1310,0,0,0.07251908396946564,True,0.01,0.015
3,5,30,0.0,0.0,1,propagule,1260,0,0,0.0746031746031746,True,0.01,0.015
3,5,31,0.0,0.0,1,propagule,1235,0,0,0.07935222672064778,True,0.01,0.015
3,5,32,0.0,0.0,1,propagule,1175,0,0,0.0825531914893617,True,0.01,0.015
3,5,33,0.0,0.0,1,propagule,1150,0,0,0.08695652173913043,True,0.01,0.015
3,5,34,0.0,0.0,1,propagule,1122,0,0,0.08823529411764706,True,0.01,0.015
3,5,35,0.0,0.0,1,propagule,1086,0,0,0.0865561694290976,True,0.01,0.015
3,5,36,0.0,0.0,1,propagule,1068,0,0,0.0898876404494382,True,0.01,0.015
3,5,37,0.0,0.0,1,propagule,1042,0,0,0.09021113243761997,True,0.01,0.015
3,5,38,0.0,0.0,1,propagule,1021,0,0,0.0910871694417238,True,0.01,0.015
3,5,39,0.0,0.0,1,propagule,1013,0,0,0.09180651530108588,True,0.01,0.015
3,5,40,0.0,0.0,1,propagule,1005,0,0,0.09253731343283582,True,0.01,0.015
3,5,41,0.0,0.0,1,propagule,987,0,0,0.09422492401215805,True,0.01,0.015
3,5,42,0.0,0.0,1,propagule,981,0,0,0.09480122324159021,True,0.01,0.015
3,5,43,0.0,0.0,1,propagule,1032,0,0,0.14825581395348839,True,0.01,0.015
3,5,44,0.0,0.0,1,propagule,969,0,0,0.12796697626418987,True,0.01,0.015
3,5,45,0.0,0.0,1,propagule,929,0,0,0.1216361679224973,True,0.01,0.015
3,5,46,0.0,0.0,1,propagule,940,0,0,0.12872340425531914,True,0.01,0.015
3,5,47,0.0,0.0,1,propagule,946,0,0,0.13530655391120508,True,0.01,0.015
3,5,48,0.0,0.0,1,propagule,943,0,0,0.13679745493107104,True,0.01,0.015
3,5,49,0.0,0.0,1,propagule,936,0,0,0.14316239316239315,True,0.01,0.015
3,5,50,0.0,0.0,1,propagule,943,0,0,0.15270413573700956,True,0.01,0.015
3,5,51,0.0,0.0,1,propagule,932,0,0,0.16201716738197425,True,0.01,0.015
3,5,52,0.0,0.0,1,propagule,933,0,0,0.15969989281886388,True,0.01,0.015
3,6,1,0.0,0.0,1,propagule,936,0,0,0.16346153846153846,True,0.01,0.015
3,6,2,0.0,0.0,1,propagule,930,0,0,0.16236559139784945,True,0.01,0.015
3,6,3,0.0,0.0,1,propagule,912,0,0,0.1611842105263158,True,0.01,0.015
3,6,4,0.0,0.0,1,propagule,907,0,0,0.16207276736493936,True,0.01,0.015
3,6,5,0.0,0.0,1,propagule,899,0,0,0.1657397107897664,True,0.01,0.015
3,6,6,0.0,0.0,1,propagule,894,0,0,0.1610738255033557,True,0.01,0.015
3,6,7,0.0,0.0,1,propagule,871,0,0,0.16417910447761194,True,0.01,0.015
3,6,8,0.0,0.0,1,propagule,871,0,0,0.15958668197474168,True,0.01,0.015
3,6,9,0.0,0.0,1,propagule,854,0,0,0.16276346604215455,True,0.01,0.015
3,6,10,0.0,0.0,1,propagule,850,0,0,0.16,True,0.01,0.015
3,6,11,0.0,0.0,1,propagule,839,0,0,0.16209773539928488,True,0.01,0.015
3,6,12,0.0,0.0,1,propagule,829,0,0,0.16284680337756333,True,0.01,0.015
3,6,13,0.0,0.0,1,propagule,814,0,0,0.16339066339066338,True,0.01,0.015
3,6,14,0.0,0.0,1,propagule,802,0,0,0.1633416458852868,True,0.01,0.015
3,6,15,0.0,0.0,1,propagule,795,0,0,0.16352201257861634,True,0.01,0.015
3,6,16,0.0,0.0,1,propagule,787,0,0,0.16518424396442186,True,0.01,0.015
3,6,17,0.0,0.0,1,propagule,779,0,0,0.16559691912708602,True,0.01,0.015
3,6,18,0.0,0.0,1,propagule,1651,0,0,0.07692307692307693,True,0.01,0.015
3,6,19,0.0,0.0,1,propagule,1619,0,0,0.07473749227918468,True,0.01,0.015
3,6,20,0.0,0.0,1,propagule,1547,0,0,0.07369101486748546,True,0.01,0.015
3,6,21,0.0,0.0,1,propagule,1507,0,0,0.072992700729927,True,0.01,0.015
3,6,22,0.0,0.0,1,propagule,1496,0,0,0.07286096256684492,True,0.01,0.015
3,6,23,0.0,0.0,1,propagule,1467,0,0,0.07430129516019086,True,0.01,0.015
3,6,24,0.0,0.0,1,propagule,1454,0,0,0.07152682255845942,True,0.01,0.015
3,6,25,0.0,0.0,1,propagule,1414,0,0,0.07284299858557285,True,0.01,0.015
3,6,26,0.0,0.0,1,propagule,1406,0,0,0.07254623044096728,True,0.01,0.015
3,6,27,0.0,0.0,1,propagule,1388,0,0,0.07276657060518732,True,0.01,0.015
3,6,28,0.0,0.0,1,propagule,1316,0,0,0.0737082066869301,True,0.01,0.015
3,6,29,0.0,0.0,1,propagule,1280,0,0,0.0734375,True,0.01,0.015
3,6,30,0.0,0.0,1,propagule,1236,0,0,0.07605177993527508,True,0.01,0.015
3,6,31,0.0,0.0,1,propagule,1187,0,0,0.07582139848357203,True,0.01,0.015
3,6,32,0.0,0.0,1,propagule,1164,0,0,0.07560137457044673,True,0.01,0.015
3,6,33,0.0,0.0,1,propagule,1124,0,0,0.07562277580071175,True,0.01,0.015
3,6,34,0.0,0.0,1,propagule,1100,0,0,0.07545454545454545,True,0.01,0.015
3,6,35,0.0,0.0,1,propagule,1075,0,0,0.07720930232558139,True,0.01,0.015
3,6,36,0.0,0.0,1,propagule,1053,0,0,0.0788224121557455,True,0.01,0.015
3,6,37,0.0,0.0,1,propagule,1045,0,0,0.08038277511961722,True,0.01,0.015
3,6,38,0.0,0.0,1,propagule,1031,0,0,0.08050436469447139,True,0.01,0.015
3,6,39,0.0,0.0,1,propagule,1010,0,0,0.0801980198019802,True,0.01,0.015
3,6,40,0.0,0.0,1,propagule,992,0,0,0.07762096774193548,True,0.01,0.015
3,6,41,0.0,0.0,1,propagule,971,0,0,0.07826982492276004,True,0.01,0.015
3,6,42,0.0,0.0,1,propagule,960,0,0,0.08020833333333334,True,0.01,0.015
3,6,43,0.0,0.0,1,propagule,952,0,0,0.12394957983193278,True,0.01,0.015
3,6,44,0.0,0.0,1,propagule,908,0,0,0.10022026431718062,True,0.01,0.015
3,6,45,0.0,0.0,1,propagule,882,0,0,0.09750566893424037,True,0.01,0.015
3,6,46,0.0,0.0,1,propagule,888,0,0,0.10247747747747747,True,0.01,0.015
3,6,47,0.0,0.0,1,propagule,889,0,0,0.10573678290213723,True,0.01,0.015
3,6,48,0.0,0.0,1,propagule,892,0,0,0.10986547085201794,True,0.01,0.015
3,6,49,0.0,0.0,1,propagule,893,0,0,0.10526315789473684,True,0.01,0.015
3,6,50,0.0,0.0,1,propagule,884,0,0,0.11085972850678733,True,0.01,0.015
3,6,51,0.0,0.0,1,propagule,883,0,0,0.11664779161947905,True,0.01,0.015
3,6,52,0.0,0.0,1,propagule,879,0,0,0.11262798634812286,True,0.01,0.015
3,7,1,0.0,0.0,1,propagule,868,0,0,0.11175115207373272,True,0.01,0.015
3,7,2,0.0,0.0,1,propagule,859,0,0,0.11175785797438882,True,0.01,0.015
3,7,3,0.0,0.0,1,propagule,848,0,0,0.11320754716981132,True,0.01,0.015
3,7,4,0.0,0.0,1,propagule,834,0,0,0.11270983213429256,True,0.01,0.015
3,7,5,0.0,0.0,1,propagule,827,0,0,0.11487303506650544,True,0.01,0.015
3,7,6,0.0,0.0,1,propagule,813,0,0,0.11316113161131611,True,0.01,0.015
3,7,7,0.0,0.0,1,propagule,806,0,0,0.11662531017369727,True,0.01,0.015
3,7,8,0.0,0.0,1,propagule,790,0,0,0.11139240506329114,True,0.01,0.015
3,7,9,0.0,0.0,1,propagule,788,0,0,0.11421319796954314,True,0.01,0.015
3,7,10,0.0,0.0,1,propagule,779,0,0,0.11424903722721438,True,0.01,0.015
3,7,11,0.0,0.0,1,propagule,765,0,0,0.11764705882352941,True,0.01,0.015
3,7,12,0.0,0.0,1,propagule,763,0,0,0.11795543905635648,True,0.01,0.015
3,7,13,0.0,0.0,1,propagule,745,0,0,0.11946308724832215,True,0.01,0.015
3,7,14,0.0,0.0,1,propagule,735,0,0,0.11836734693877551,True,0.01,0.015
3,7,15,0.0,0.0,1,propagule,727,0,0,0.11691884456671252,True,0.01,0.015
3,7,16,0.0,0.0,1,propagule,722,0,0,0.11634349030470914,True,0.01,0.015
3,7,17,0.0,0.0,1,propagule,717,0,0,0.12273361227336123,True,0.01,0.015
3,7,18,0.0,0.0,1,propagule,1502,0,0,0.0559254327563249,True,0.01,0.015
3,7,19,0.0,0.0,1,propagule,1450,0,0,0.06,True,0.01,0.015
3,7,20,0.0,0.0,1,propagule,1435,0,0,0.0578397212543554,True,0.01,0.015
3,7,21,0.0,0.0,1,propagule,1361,0,0,0.060249816311535635,True,0.01,0.015
3,7,22,0.0,0.0,1,propagule,1326,0,0,0.06184012066365008,True,0.01,0.015
3,7,23,0.0,0.0,1,propagule,1297,0,0,0.06476484194294525,True,0.01,0.015
3,7,24,0.0,0.0,1,propagule,1254,0,0,0.06299840510366826,True,0.01,0.015
3,7,25,0.0,0.0,1,propagule,1237,0,0,0.06548100242522231,True,0.01,0.015
3,7,26,0.0,0.0,1,propagule,1207,0,0,0.06462303231151616,True,0.01,0.015
3,7,27,0.0,0.0,1,propagule,1181,0,0,0.06689246401354784,True,0.01,0.015
3,7,28,0.0,0.0,1,propagule,1166,0,0,0.06689536878216124,True,0.01,0.015
3,7,29,0.0,0.0,1,propagule,1147,0,0,0.06974716652136007,True,0.01,0.015
3,7,30,0.0,0.0,1,propagule,1110,0,0,0.06936936936936937,True,0.01,0.015
3,7,31,0.0,0.0,1,propagule,1105,0,0,0.06877828054298643,True,0.01,0.015
3,7,32,0.0,0.0,1,propagule,1081,0,0,0.06753006475485661,True,0.01,0.015
3,7,33,0.0,0.0,1,propagule,1067,0,0,0.06841611996251172,True,0.01,0.015
3,7,34,0.0,0.0,1,propagule,1028,0,0,0.06906614785992218,True,0.01,0.015
3,7,35,0.0,0.0,1,propagule,1004,0,0,0.07171314741035857,True,0.01,0.015
3,7,36,0.0,0.0,1,propagule,981,0,0,0.0764525993883792,True,0.01,0.015
3,7,37,0.0,0.0,1,propagule,964,0,0,0.07365145228215768,True,0.01,0.015
3,7,38,0.0,0.0,1,propagule,954,0,0,0.07337526205450734,True,0.01,0.015
3,7,39,0.0,0.0,1,propagule,943,0,0,0.07317073170731707,True,0.01,0.015
3,7,40,0.0,0.0,1,propagule,925,0,0,0.07567567567567568,True,0.01,0.015
3,7,41,0.0,0.0,1,propagule,911,0,0,0.07464324917672886,True,0.01,0.015
3,7,42,0.0,0.0,1,propagule,895,0,0,0.07597765363128492,True,0.01,0.015
3,7,43,0.0,0.0,1,propagule,901,0,0,0.11875693673695893,True,0.01,0.015
3,7,44,0.0,0.0,1,propagule,861,0,0,0.10104529616724739,True,0.01,0.015
3,7,45,0.0,0.0,1,propagule,824,0,0,0.0983009708737864,True,0.01,0.015
3,7,46,0.0,0.0,1,propagule,824,0,0,0.09951456310679611,True,0.01,0.015
3,7,47,0.0,0.0,1,propagule,818,0,0,0.10268948655256724,True,0.01,0.015
3,7,48,0.0,0.0,1,propagule,815,0,0,0.10797546012269939,True,0.01,0.015
3,7,49,0.0,0.0,1,propagule,823,0,0,0.10814094775212636,True,0.01,0.015
3,7,50,0.0,0.0,1,propagule,810,0,0,0.10987654320987654,True,0.01,0.015
3,7,51,0.0,0.0,1,propagule,813,0,0,0.11193111931119311,True,0.01,0.015
3,7,52,0.0,0.0,1,propagule,804,0,0,0.11194029850746269,True,0.01,0.015
3,8,1,0.0,0.0,1,propagule,794,0,0,0.11083123425692695,True,0.01,0.015
3,8,2,0.0,0.0,1,propagule,789,0,0,0.11153358681875793,True,0.01,0.015
3,8,3,0.0,0.0,1,propagule,783,0,0,0.1123882503192848,True,0.01,0.015
3,8,4,0.0,0.0,1,propagule,770,0,0,0.11038961038961038,True,0.01,0.015
3,8,5,0.0,0.0,1,propagule,771,0,0,0.10894941634241245,True,0.01,0.015
3,8,6,0.0,0.0,1,propagule,763,0,0,0.10353866317169069,True,0.01,0.015
3,8,7,0.0,0.0,1,propagule,745,0,0,0.10469798657718121,True,0.01,0.015
3,8,8,0.0,0.0,1,propagule,743,0,0,0.10497981157469717,True,0.01,0.015
3,8,9,0.0,0.0,1,propagule,733,0,0,0.10504774897680765,True,0.01,0.015
3,8,10,0.0,0.0,1,propagule,720,0,0,0.10555555555555556,True,0.01,0.015
3,8,11,0.0,0.0,1,propagule,702,0,0,0.10541310541310542,True,0.01,0.015
3,8,12,0.0,0.0,1,propagule,700,0,0,0.10714285714285714,True,0.01,0.015
3,8,13,0.0,0.0,1,propagule,698,0,0,0.10888252148997135,True,0.01,0.015
3,8,14,0.0,0.0,1,propagule,688,0,0,0.10901162790697674,True,0.01,0.015
3,8,15,0.0,0.0,1,propagule,688,0,0,0.10901162790697674,True,0.01,0.015
3,8,16,0.0,0.0,1,propagule,676,0,0,0.10798816568047337,True,0.01,0.015
3,8,17,0.0,0.0,1,propagule,671,0,0,0.10879284649776454,True,0.01,0.015
3,8,18,0.0,0.0,1,propagule,1376,0,0,0.05377906976744186,True,0.01,0.015
3,8,19,0.0,0.0,1,propagule,1351,0,0,0.052553663952627686,True,0.01,0.015
3,8,20,0.0,0.0,1,propagule,1317,0,0,0.05315110098709187,True,0.01,0.015
3,8,21,0.0,0.0,1,propagule,1286,0,0,0.05287713841368585,True,0.01,0.015
3,8,22,0.0,0.0,1,propagule,1273,0,0,0.05577376276512176,True,0.01,0.015
3,8,23,0.0,0.0,1,propagule,1232,0,0,0.05519480519480519,True,0.01,0.015
3,8,24,0.0,0.0,1,propagule,1201,0,0,0.05661948376353039,True,0.01,0.015
3,8,25,0.0,0.0,1,propagule,1180,0,0,0.05677966101694915,True,0.01,0.015
3,8,26,0.0,0.0,1,propagule,1166,0,0,0.057461406518010294,True,0.01,0.015
3,8,27,0.0,0.0,1,propagule,1143,0,0,0.05774278215223097,True,0.01,0.015
3,8,28,0.0,0.0,1,propagule,1128,0,0,0.057624113475177305,True,0.01,0.015
3,8,29,0.0,0.0,1,propagule,1108,0,0,0.05776173285198556,True,0.01,0.015
3,8,30,0.0,0.0,1,propagule,1085,0,0,0.05898617511520737,True,0.01,0.015
3,8,31,0.0,0.0,1,propagule,1059,0,0,0.059490084985835696,True,0.01,0.015
3,8,32,0.0,0.0,1,propagule,1025,0,0,0.05951219512195122,True,0.01,0.015
3,8,33,0.0,0.0,1,propagule,1007,0,0,0.06156901688182721,True,0.01,0.015
3,8,34,0.0,0.0,1,propagule,996,0,0,0.06224899598393574,True,0.01,0.015
3,8,35,0.0,0.0,1,propagule,989,0,0,0.06268958543983821,True,0.01,0.015
3,8,36,0.0,0.0,1,propagule,973,0,0,0.065775950668037,True,0.01,0.015
3,8,37,0.0,0.0,1,propagule,957,0,0,0.06687565308254964,True,0.01,0.015
3,8,38,0.0,0.0,1,propagule,937,0,0,0.06830309498399147,True,0.01,0.015
3,8,39,0.0,0.0,1,propagule,927,0,0,0.0668824163969795,True,0.01,0.015
3,8,40,0.0,0.0,1,propagule,913,0,0,0.06681270536692223,True,0.01,0.015
3,8,41,0.0,0.0,1,propagule,899,0,0,0.06451612903225806,True,0.01,0.015
3,8,42,0.0,0.0,1,propagule,887,0,0,0.0665163472378805,True,0.01,0.015
3,8,43,0.0,0.0,1,propagule,867,0,0,0.1061130334486736,True,0.01,0.015
3,8,44,0.0,0.0,1,propagule,835,0,0,0.08502994011976048,True,0.01,0.015
3,8,45,0.0,0.0,1,propagule,823,0,0,0.0850546780072904,True,0.01,0.015
3,8,46,0.0,0.0,1,propagule,808,0,0,0.09405940594059406,True,0.01,0.015
3,8,47,0.0,0.0,1,propagule,809,0,0,0.09394313967861558,True,0.01,0.015
3,8,48,0.0,0.0,1,propagule,809,0,0,0.10012360939431397,True,0.01,0.015
3,8,49,0.0,0.0,1,propagule,805,0,0,0.1031055900621118,True,0.01,0.015
3,8,50,0.0,0.0,1,propagule,796,0,0,0.10552763819095477,True,0.01,0.015
3,8,51,0.0,0.0,1,propagule,790,0,0,0.10506329113924051,True,0.01,0.015
3,8,52,0.0,0.0,1,propagule,777,0,0,0.10167310167310167,True,0.01,0.015
3,9,1,0.0,0.0,1,propagule,773,0,0,0.10219922380336352,True,0.01,0.015
3,9,2,0.0,0.0,1,propagule,756,0,0,0.10052910052910052,True,0.01,0.015
3,9,3,0.0,0.0,1,propagule,752,0,0,0.10106382978723404,True,0.01,0.015
3,9,4,0.0,0.0,1,propagule,737,0,0,0.10176390773405698,True,0.01,0.015
3,9,5,0.0,0.0,1,propagule,731,0,0,0.1012311901504788,True,0.01,0.015
3,9,6,0.0,0.0,1,propagule,717,0,0,0.10181311018131102,True,0.01,0.015
3,9,7,0.0,0.0,1,propagule,708,0,0,0.1016949152542373,True,0.01,0.015
3,9,8,0.0,0.0,1,propagule,698,0,0,0.10315186246418338,True,0.01,0.015
3,9,9,0.0,0.0,1,propagule,694,0,0,0.10518731988472622,True,0.01,0.015
3,9,10,0.0,0.0,1,propagule,691,0,0,0.10419681620839363,True,0.01,0.015
3,9,11,0.0,0.0,1,propagule,681,0,0,0.10572687224669604,True,0.01,0.015
3,9,12,0.0,0.0,1,propagule,669,0,0,0.10762331838565023,True,0.01,0.015
3,9,13,0.0,0.0,1,propagule,664,0,0,0.10692771084337349,True,0.01,0.015
3,9,14,0.0,0.0,1,propagule,653,0,0,0.10566615620214395,True,0.01,0.015
3,9,15,0.0,0.0,1,propagule,649,0,0,0.10785824345146379,True,0.01,0.015
3,9,16,0.0,0.0,1,propagule,641,0,0,0.1029641185647426,True,0.01,0.015
3,9,17,0.0,0.0,1,propagule,631,0,0,0.10618066561014262,True,0.01,0.015
3,9,18,0.0,0.0,1,propagule,1299,0,0,0.04541955350269438,True,0.01,0.015
3,9,19,0.0,0.0,1,propagule,1283,0,0,0.04598597038191738,True,0.01,0.015
3,9,20,0.0,0.0,1,propagule,1245,0,0,0.04497991967871486,True,0.01,0.015
3,9,21,0.0,0.0,1,propagule,1222,0,0,0.04582651391162029,True,0.01,0.015
3,9,22,0.0,0.0,1,propagule,1183,0,0,0.04395604395604396,True,0.01,0.015
3,9,23,0.0,0.0,1,propagule,1160,0,0,0.045689655172413794,True,0.01,0.015
3,9,24,0.0,0.0,1,propagule,1138,0,0,0.043936731107205626,True,0.01,0.015
3,9,25,0.0,0.0,1,propagule,1109,0,0,0.047790802524797116,True,0.01,0.015
3,9,26,0.0,0.0,1,propagule,1083,0,0,0.04709141274238227,True,0.01,0.015
3,9,27,0.0,0.0,1,propagule,1065,0,0,0.046948356807511735,True,0.01,0.015
3,9,28,0.0,0.0,1,propagule,1052,0,0,0.04752851711026616,True,0.01,0.015
3,9,29,0.0,0.0,1,propagule,1023,0,0,0.04594330400782014,True,0.01,0.015
3,9,30,0.0,0.0,1,propagule,996,0,0,0.04618473895582329,True,0.01,0.015
3,9,31,0.0,0.0,1,propagule,946,0,0,0.048625792811839326,True,0.01,0.015
3,9,32,0.0,0.0,1,propagule,943,0,0,0.04984093319194061,True,0.01,0.015
3,9,33,0.0,0.0,1,propagule,925,0,0,0.05189189189189189,True,0.01,0.015
3,9,34,0.0,0.0,1,propagule,910,0,0,0.051648351648351645,True,0.01,0.015
3,9,35,0.0,0.0,1,propagule,883,0,0,0.05096262740656852,True,0.01,0.015
3,9,36,0.0,0.0,1,propagule,867,0,0,0.04844290657439446,True,0.01,0.015
3,9,37,0.0,0.0,1,propagule,842,0,0,0.048693586698337295,True,0.01,0.015
3,9,38,0.0,0.0,1,propagule,835,0,0,0.05029940119760479,True,0.01,0.015
3,9,39,0.0,0.0,1,propagule,822,0,0,0.04866180048661801,True,0.01,0.015
3,9,40,0.0,0.0,1,propagule,813,0,0,0.04797047970479705,True,0.01,0.015
3,9,41,0.0,0.0,1,propagule,805,0,0,0.0484472049689441,True,0.01,0.015
3,9,42,0.0,0.0,1,propagule,792,0,0,0.047979797979797977,True,0.01,0.015
3,9,43,0.0,0.0,1,propagule,789,0,0,0.09632446134347275,True,0.01,0.015
3,9,44,0.0,0.0,1,propagule,753,0,0,0.07569721115537849,True,0.01,0.015
3,9,45,0.0,0.0,1,propagule,737,0,0,0.08276797829036635,True,0.01,0.015
3,9,46,0.0,0.0,1,propagule,740,0,0,0.08648648648648649,True,0.01,0.015
3,9,47,0.0,0.0,1,propagule,749,0,0,0.09078771695594126,True,0.01,0.015
3,9,48,0.0,0.0,1,propagule,757,0,0,0.10171730515191546,True,0.01,0.015
3,9,49,0.0,0.0,1,propagule,756,0,0,0.10317460317460317,True,0.01,0.015
3,9,50,0.0,0.0,1,propagule,753,0,0,0.1049136786188579,True,0.01,0.015
3,9,51,0.0,0.0,1,propagule,751,0,0,0.10785619174434088,True,0.01,0.015
3,9,52,0.0,0.0,1,propagule,745,0,0,0.10738255033557047,True,0.01,0.015
3,10,1,0.0,0.0,1,propagule,743,0,0,0.10901749663526245,True,0.01,0.015
3,10,2,0.0,0.0,1,propagule,736,0,0,0.10597826086956522,True,0.01,0.015
3,10,3,0.0,0.0,1,propagule,731,0,0,0.10807113543091655,True,0.01,0.015
3,10,4,0.0,0.0,1,propagule,721,0,0,0.10818307905686546,True,0.01,0.015
3,10,5,0.0,0.0,1,propagule,713,0,0,0.1093969144460028,True,0.01,0.015
3,10,6,0.0,0.0,1,propagule,705,0,0,0.1049645390070922,True,0.01,0.015
3,10,7,0.0,0.0,1,propagule,699,0,0,0.11015736766809728,True,0.01,0.015
3,10,8,0.0,0.0,1,propagule,690,0,0,0.10579710144927536,True,0.01,0.015
3,10,9,0.0,0.0,1,propagule,682,0,0,0.10850439882697947,True,0.01,0.015
3,10,10,0.0,0.0,1,propagule,672,0,0,0.1056547619047619,True,0.01,0.015
3,10,11,0.0,0.0,1,propagule,669,0,0,0.11210762331838565,True,0.01,0.015
3,10,12,0.0,0.0,1,propagule,656,0,0,0.10975609756097561,True,0.01,0.015
3,10,13,0.0,0.0,1,propagule,654,0,0,0.11314984709480122,True,0.01,0.015
3,10,14,0.0,0.0,1,propagule,645,0,0,0.11007751937984496,True,0.01,0.015
3,10,15,0.0,0.0,1,propagule,637,0,0,0.11145996860282574,True,0.01,0.015
3,10,16,0.0,0.0,1,propagule,627,0,0,0.11004784688995216,True,0.01,0.015
3,10,17,0.0,0.0,1,propagule,621,0,0,0.11272141706924316,True,0.01,0.015
3,10,18,0.0,0.0,1,propagule,1236,0,0,0.052588996763754045,True,0.01,0.015
3,10,19,0.0,0.0,1,propagule,1230,0,0,0.05365853658536585,True,0.01,0.015
3,10,20,0.0,0.0,1,propagule,1197,0,0,0.05263157894736842,True,0.01,0.015
3,10,21,0.0,0.0,1,propagule,1167,0,0,0.05398457583547558,True,0.01,0.015
3,10,22,0.0,0.0,1,propagule,1136,0,0,0.05457746478873239,True,0.01,0.015
3,10,23,0.0,0.0,1,propagule,1124,0,0,0.05516014234875445,True,0.01,0.015
3,10,24,0.0,0.0,1,propagule,1067,0,0,0.056232427366447985,True,0.01,0.015
3,10,25,0.0,0.0,1,propagule,1045,0,0,0.05645933014354067,True,0.01,0.015
3,10,26,0.0,0.0,1,propagule,1022,0,0,0.05675146771037182,True,0.01,0.015
3,10,27,0.0,0.0,1,propagule,987,0,0,0.05673758865248227,True,0.01,0.015
3,10,28,0.0,0.0,1,propagule,972,0,0,0.05761316872427984,True,0.01,0.015
3,10,29,0.0,0.0,1,propagule,952,0,0,0.05777310924369748,True,0.01,0.015
3,10,30,0.0,0.0,1,propagule,932,0,0,0.059012875536480686,True,0.01,0.015
3,10,31,0.0,0.0,1,propagule,919,0,0,0.058759521218716,True,0.01,0.015
3,10,32,0.0,0.0,1,propagule,901,0,0,0.05993340732519423,True,0.01,0.015
3,10,33,0.0,0.0,1,propagule,882,0,0,0.061224489795918366,True,0.01,0.015
3,10,34,0.0,0.0,1,propagule,872,0,0,0.06192660550458716,True,0.01,0.015
3,10,35,0.0,0.0,1,propagule,850,0,0,0.06352941176470588,True,0.01,0.015
3,10,36,0.0,0.0,1,propagule,825,0,0,0.06424242424242424,True,0.01,0.015
3,10,37,0.0,0.0,1,propagule,801,0,0,0.06491885143570537,True,0.01,0.015
3,10,38,0.0,0.0,1,propagule,786,0,0,0.0648854961832061,True,0.01,0.015
3,10,39,0.0,0.0,1,propagule,769,0,0,0.06631989596879063,True,0.01,0.015
3,10,40,0.0,0.0,1,propagule,756,0,0,0.06746031746031746,True,0.01,0.015
3,10,41,0.0,0.0,1,propagule,741,0,0,0.06612685560053981,True,0.01,0.015
3,10,42,0.0,0.0,1,propagule,732,0,0,0.06557377049180328,True,0.01,0.015
3,10,43,0.0,0.0,1,propagule,718,0,0,0.10027855153203342,True,0.01,0.015
3,10,44,0.0,0.0,1,propagule,684,0,0,0.09502923976608187,True,0.01,0.015
3,10,45,0.0,0.0,1,propagule,673,0,0,0.09212481426448738,True,0.01,0.015
3,10,46,0.0,0.0,1,propagule,668,0,0,0.09281437125748503,True,0.01,0.015
3,10,47,0.0,0.0,1,propagule,672,0,0,0.09672619047619048,True,0.01,0.015
3,10,48,0.0,0.0,1,propagule,671,0,0,0.09687034277198212,True,0.01,0.015
3,10,49,0.0,0.0,1,propagule,659,0,0,0.09408194233687406,True,0.01,0.015
3,10,50,0.0,0.0,1,propagule,650,0,0,0.09692307692307692,True,0.01,0.015
3,10,51,0.0,0.0,1,propagule,639,0,0,0.09546165884194054,True,0.01,0.015
3,10,52,0.0,0.0,1,propagule,631,0,0,0.09667194928684628,True,0.01,0.015
3,1,1,0.0,0.0,1,propagule,920,0,0,0.0,True,0.01,0.02
3,1,2,0.0,0.0,1,propagule,922,0,0,0.0021691973969631237,True,0.01,0.02
3,1,3,0.0,0.0,1,propagule,905,0,0,0.0011049723756906078,True,0.01,0.02
3,1,4,0.0,0.0,1,propagule,909,0,0,0.0022002200220022,True,0.01,0.02
3,1,5,0.0,0.0,1,propagule,890,0,0,0.0022471910112359553,True,0.01,0.02
3,1,6,0.0,0.0,1,propagule,888,0,0,0.0022522522522522522,True,0.01,0.02
3,1,7,0.0,0.0,1,propagule,885,0,0,0.0022598870056497176,True,0.01,0.02
3,1,8,0.0,0.0,1,propagule,868,0,0,0.002304147465437788,True,0.01,0.02
3,1,9,0.0,0.0,1,propagule,856,0,0,0.002336448598130841,True,0.01,0.02
3,1,10,0.0,0.0,1,propagule,847,0,0,0.0023612750885478157,True,0.01,0.02
3,1,11,0.0,0.0,1,propagule,837,0,0,0.0023894862604540022,True,0.01,0.02
3,1,12,0.0,0.0,1,propagule,828,0,0,0.0024154589371980675,True,0.01,0.02
3,1,13,0.0,0.0,1,propagule,816,0,0,0.0024509803921568627,True,0.01,0.02
3,1,14,0.0,0.0,1,propagule,811,0,0,0.002466091245376079,True,0.01,0.02
3,1,15,0.0,0.0,1,propagule,792,0,0,0.0025252525252525255,True,0.01,0.02
3,1,16,0.0,0.0,1,propagule,791,0,0,0.0025284450063211127,True,0.01,0.02
3,1,17,0.0,0.0,1,propagule,777,0,0,0.002574002574002574,True,0.01,0.02
3,1,18,0.0,0.0,1,propagule,2177,0,0,0.0009186954524575103,True,0.01,0.02
3,1,19,0.0,0.0,1,propagule,2104,0,0,0.0009505703422053232,True,0.01,0.02
3,1,20,0.0,0.0,1,propagule,2052,0,0,0.0009746588693957114,True,0.01,0.02
3,1,21,0.0,0.0,1,propagule,2007,0,0,0.000996512207274539,True,0.01,0.02
3,1,22,0.0,0.0,1,propagule,1982,0,0,0.0010090817356205853,True,0.01,0.02
3,1,23,0.0,0.0,1,propagule,1948,0,0,0.001026694045174538,True,0.01,0.02
3,1,24,0.0,0.0,1,propagule,1909,0,0,0.001571503404924044,True,0.01,0.02
3,1,25,0.0,0.0,1,propagule,1865,0,0,0.0037533512064343165,True,0.01,0.02
3,1,26,0.0,0.0,1,propagule,1834,0,0,0.0027262813522355507,True,0.01,0.02
3,1,27,0.0,0.0,1,propagule,1809,0,0,0.003869541182974019,True,0.01,0.02
3,1,28,0.0,0.0,1,propagule,1769,0,0,0.002826455624646693,True,0.01,0.02
3,1,29,0.0,0.0,1,propagule,1723,0,0,0.003482298316889147,True,0.01,0.02
3,1,30,0.0,0.0,1,propagule,1666,0,0,0.004201680672268907,True,0.01,0.02
3,1,31,0.0,0.0,1,propagule,1628,0,0,0.005528255528255528,True,0.01,0.02
3,1,32,0.0,0.0,1,propagule,1597,0,0,0.005009392611145898,True,0.01,0.02
3,1,33,0.0,0.0,1,propagule,1567,0,0,0.006381620931716656,True,0.01,0.02
3,1,34,0.0,0.0,1,propagule,1522,0,0,0.005256241787122208,True,0.01,0.02
3,1,35,0.0,0.0,1,propagule,1496,0,0,0.0066844919786096255,True,0.01,0.02
3,1,36,0.0,0.0,1,propagule,1442,0,0,0.005547850208044383,True,0.01,0.02
3,1,37,0.0,0.0,1,propagule,1416,0,0,0.007062146892655367,True,0.01,0.02
3,1,38,0.0,0.0,1,propagule,1385,0,0,0.005776173285198556,True,0.01,0.02
3,1,39,0.0,0.0,1,propagule,1370,0,0,0.0051094890510948905,True,0.01,0.02
3,1,40,0.0,0.0,1,propagule,1348,0,0,0.008160237388724036,True,0.01,0.02
3,1,41,0.0,0.0,1,propagule,1332,0,0,0.0075075075075075074,True,0.01,0.02
3,1,42,0.0,0.0,1,propagule,1318,0,0,0.011380880121396054,True,0.01,0.02
3,1,43,0.0,0.0,1,propagule,1322,0,0,0.019667170953101363,True,0.01,0.02
3,1,44,0.0,0.0,1,propagule,1320,0,0,0.02196969696969697,True,0.01,0.02
3,1,45,0.0,0.0,1,propagule,1295,0,0,0.018532818532818532,True,0.01,0.02
3,1,46,0.0,0.0,1,propagule,1274,0,0,0.01805337519623234,True,0.01,0.02
3,1,47,0.0,0.0,1,propagule,1254,0,0,0.019138755980861243,True,0.01,0.02
3,1,48,0.0,0.0,1,propagule,1243,0,0,0.01850362027353178,True,0.01,0.02
3,1,49,0.0,0.0,1,propagule,1227,0,0,0.017929910350448247,True,0.01,0.02
3,1,50,0.0,0.0,1,propagule,1227,0,0,0.023634881825590873,True,0.01,0.02
3,1,51,0.0,0.0,1,propagule,1194,0,0,0.017587939698492462,True,0.01,0.02
3,1,52,0.0,0.0,1,propagule,1190,0,0,0.0226890756302521,True,0.01,0.02
3,2,1,0.0,0.0,1,propagule,1164,0,0,0.019759450171821305,True,0.01,0.02
3,2,2,0.0,0.0,1,propagule,1160,0,0,0.022413793103448276,True,0.01,0.02
3,2,3,0.0,0.0,1,propagule,1134,0,0,0.020282186948853614,True,0.01,0.02
3,2,4,0.0,0.0,1,propagule,1134,0,0,0.023809523809523808,True,0.01,0.02
3,2,5,0.0,0.0,1,propagule,1125,0,0,0.020444444444444446,True,0.01,0.02
3,2,6,0.0,0.0,1,propagule,1115,0,0,0.02242152466367713,True,0.01,0.02
3,2,7,0.0,0.0,1,propagule,1109,0,0,0.02164111812443643,True,0.01,0.02
3,2,8,0.0,0.0,1,propagule,1089,0,0,0.024793388429752067,True,0.01,0.02
3,2,9,0.0,0.0,1,propagule,1075,0,0,0.023255813953488372,True,0.01,0.02
3,2,10,0.0,0.0,1,propagule,1062,0,0,0.02448210922787194,True,0.01,0.02
3,2,11,0.0,0.0,1,propagule,1043,0,0,0.02109300095877277,True,0.01,0.02
3,2,12,0.0,0.0,1,propagule,1044,0,0,0.02586206896551724,True,0.01,0.02
3,2,13,0.0,0.0,1,propagule,1025,0,0,0.02048780487804878,True,0.01,0.02
3,2,14,0.0,0.0,1,propagule,1022,0,0,0.02446183953033268,True,0.01,0.02
3,2,15,0.0,0.0,1,propagule,991,0,0,0.020181634712411706,True,0.01,0.02
3,2,16,0.0,0.0,1,propagule,981,0,0,0.023445463812436288,True,0.01,0.02
3,2,17,0.0,0.0,1,propagule,961,0,0,0.019771071800208116,True,0.01,0.02
3,2,18,0.0,0.0,1,propagule,1712,0,0,0.012850467289719626,True,0.01,0.02
3,2,19,0.0,0.0,1,propagule,1657,0,0,0.011466505733252867,True,0.01,0.02
3,2,20,0.0,0.0,1,propagule,1616,0,0,0.012376237623762377,True,0.01,0.02
3,2,21,0.0,0.0,1,propagule,1549,0,0,0.009683666881859263,True,0.01,0.02
3,2,22,0.0,0.0,1,propagule,1525,0,0,0.012459016393442624,True,0.01,0.02
3,2,23,0.0,0.0,1,propagule,1464,0,0,0.01092896174863388,True,0.01,0.02
3,2,24,0.0,0.0,1,propagule,1430,0,0,0.012587412587412588,True,0.01,0.02
3,2,25,0.0,0.0,1,propagule,1394,0,0,0.014347202295552367,True,0.01,0.02
3,2,26,0.0,0.0,1,propagule,1345,0,0,0.011895910780669145,True,0.01,0.02
3,2,27,0.0,0.0,1,propagule,1343,0,0,0.01563663440059568,True,0.01,0.02
3,2,28,0.0,0.0,1,propagule,1298,0,0,0.013097072419106317,True,0.01,0.02
3,2,29,0.0,0.0,1,propagule,1302,0,0,0.014592933947772658,True,0.01,0.02
3,2,30,0.0,0.0,1,propagule,1250,0,0,0.012,True,0.01,0.02
3,2,31,0.0,0.0,1,propagule,1241,0,0,0.0128928283642224,True,0.01,0.02
3,2,32,0.0,0.0,1,propagule,1207,0,0,0.0115990057995029,True,0.01,0.02
3,2,33,0.0,0.0,1,propagule,1193,0,0,0.014249790444258172,True,0.01,0.02
3,2,34,0.0,0.0,1,propagule,1164,0,0,0.01288659793814433,True,0.01,0.02
3,2,35,0.0,0.0,1,propagule,1160,0,0,0.014655172413793103,True,0.01,0.02
3,2,36,0.0,0.0,1,propagule,1146,0,0,0.01832460732984293,True,0.01,0.02
3,2,37,0.0,0.0,1,propagule,1121,0,0,0.015165031222123104,True,0.01,0.02
3,2,38,0.0,0.0,1,propagule,1114,0,0,0.019748653500897665,True,0.01,0.02
3,2,39,0.0,0.0,1,propagule,1106,0,0,0.0189873417721519,True,0.01,0.02
3,2,40,0.0,0.0,1,propagule,1097,0,0,0.020054694621695533,True,0.01,0.02
3,2,41,0.0,0.0,1,propagule,1083,0,0,0.02123730378578024,True,0.01,0.02
3,2,42,0.0,0.0,1,propagule,1062,0,0,0.022598870056497175,True,0.01,0.02
3,2,43,0.0,0.0,1,propagule,1099,0,0,0.048225659690627844,True,0.01,0.02
3,2,44,0.0,0.0,1,propagule,1064,0,0,0.03571428571428571,True,0.01,0.02
3,2,45,0.0,0.0,1,propagule,1073,0,0,0.04380242311276794,True,0.01,0.02
3,2,46,0.0,0.0,1,propagule,1054,0,0,0.04079696394686907,True,0.01,0.02
3,2,47,0.0,0.0,1,propagule,1050,0,0,0.04380952380952381,True,0.01,0.02
3,2,48,0.0,0.0,1,propagule,1035,0,0,0.043478260869565216,True,0.01,0.02
3,2,49,0.0,0.0,1,propagule,1026,0,0,0.04678362573099415,True,0.01,0.02
3,2,50,0.0,0.0,1,propagule,1003,0,0,0.0448654037886341,True,0.01,0.02
3,2,51,0.0,0.0,1,propagule,994,0,0,0.04627766599597585,True,0.01,0.02
3,2,52,0.0,0.0,1,propagule,975,0,0,0.0441025641025641,True,0.01,0.02
3,3,1,0.0,0.0,1,propagule,970,0,0,0.0443298969072165,True,0.01,0.02
3,3,2,0.0,0.0,1,propagule,944,0,0,0.04449152542372881,True,0.01,0.02
3,3,3,0.0,0.0,1,propagule,939,0,0,0.046858359957401494,True,0.01,0.02
3,3,4,0.0,0.0,1,propagule,937,0,0,0.054429028815368194,True,0.01,0.02
3,3,5,0.0,0.0,1,propagule,931,0,0,0.05477980665950591,True,0.01,0.02
3,3,6,0.0,0.0,1,propagule,926,0,0,0.06263498920086392,True,0.01,0.02
3,3,7,0.0,0.0,1,propagule,918,0,0,0.05991285403050109,True,0.01,0.02
3,3,8,0.0,0.0,1,propagule,906,0,0,0.06512141280353201,True,0.01,0.02
3,3,9,0.0,0.0,1,propagule,902,0,0,0.06430155210643015,True,0.01,0.02
3,3,10,0.0,0.0,1,propagule,909,0,0,0.0671067106710671,True,0.01,0.02
3,3,11,0.0,0.0,1,propagule,911,0,0,0.07025246981339188,True,0.01,0.02
3,3,12,0.0,0.0,1,propagule,891,0,0,0.0718294051627385,True,0.01,0.02
3,3,13,0.0,0.0,1,propagule,888,0,0,0.0731981981981982,True,0.01,0.02
3,3,14,0.0,0.0,1,propagule,871,0,0,0.0711825487944891,True,0.01,0.02
3,3,15,0.0,0.0,1,propagule,864,0,0,0.07060185185185185,True,0.01,0.02
3,3,16,0.0,0.0,1,propagule,847,0,0,0.06965761511216056,True,0.01,0.02
3,3,17,0.0,0.0,1,propagule,841,0,0,0.06777645659928656,True,0.01,0.02
3,3,18,0.0,0.0,1,propagule,1855,0,0,0.029649595687331536,True,0.01,0.02
3,3,19,0.0,0.0,1,propagule,1843,0,0,0.02875746066196419,True,0.01,0.02
3,3,20,0.0,0.0,1,propagule,1769,0,0,0.030525720746184284,True,0.01,0.02
3,3,21,0.0,0.0,1,propagule,1737,0,0,0.03166378814047208,True,0.01,0.02
3,3,22,0.0,0.0,1,propagule,1668,0,0,0.03177458033573141,True,0.01,0.02
3,3,23,0.0,0.0,1,propagule,1660,0,0,0.03313253012048193,True,0.01,0.02
3,3,24,0.0,0.0,1,propagule,1598,0,0,0.03504380475594493,True,0.01,0.02
3,3,25,0.0,0.0,1,propagule,1553,0,0,0.03219575016097875,True,0.01,0.02
3,3,26,0.0,0.0,1,propagule,1525,0,0,0.03278688524590164,True,0.01,0.02
3,3,27,0.0,0.0,1,propagule,1493,0,0,0.03415941058271936,True,0.01,0.02
3,3,28,0.0,0.0,1,propagule,1468,0,0,0.0340599455040872,True,0.01,0.02
3,3,29,0.0,0.0,1,propagule,1425,0,0,0.02736842105263158,True,0.01,0.02
3,3,30,0.0,0.0,1,propagule,1406,0,0,0.031294452347083924,True,0.01,0.02
3,3,31,0.0,0.0,1,propagule,1388,0,0,0.0345821325648415,True,0.01,0.02
3,3,32,0.0,0.0,1,propagule,1386,0,0,0.04040404040404041,True,0.01,0.02
3,3,33,0.0,0.0,1,propagule,1314,0,0,0.0365296803652968,True,0.01,0.02
3,3,34,0.0,0.0,1,propagule,1303,0,0,0.03683806600153492,True,0.01,0.02
3,3,35,0.0,0.0,1,propagule,1273,0,0,0.03456402199528672,True,0.01,0.02
3,3,36,0.0,0.0,1,propagule,1274,0,0,0.05337519623233909,True,0.01,0.02
3,3,37,0.0,0.0,1,propagule,1241,0,0,0.04593070104754231,True,0.01,0.02
3,3,38,0.0,0.0,1,propagule,1208,0,0,0.043874172185430466,True,0.01,0.02
3,3,39,0.0,0.0,1,propagule,1177,0,0,0.041631265930331354,True,0.01,0.02
3,3,40,0.0,0.0,1,propagule,1151,0,0,0.04865334491746308,True,0.01,0.02
3,3,41,0.0,0.0,1,propagule,1126,0,0,0.043516873889875664,True,0.01,0.02
3,3,42,0.0,0.0,1,propagule,1105,0,0,0.044343891402714934,True,0.01,0.02
3,3,43,0.0,0.0,1,propagule,1179,0,0,0.07888040712468193,True,0.01,0.02
3,3,44,0.0,0.0,1,propagule,1157,0,0,0.07605877268798616,True,0.01,0.02
3,3,45,0.0,0.0,1,propagule,1147,0,0,0.08282476024411509,True,0.01,0.02
3,3,46,0.0,0.0,1,propagule,1149,0,0,0.08790252393385553,True,0.01,0.02
3,3,47,0.0,0.0,1,propagule,1155,0,0,0.09956709956709957,True,0.01,0.02
3,3,48,0.0,0.0,1,propagule,1151,0,0,0.09730668983492616,True,0.01,0.02
3,3,49,0.0,0.0,1,propagule,1161,0,0,0.10766580534022395,True,0.01,0.02
3,3,50,0.0,0.0,1,propagule,1140,0,0,0.10701754385964912,True,0.01,0.02
3,3,51,0.0,0.0,1,propagule,1146,0,0,0.1143106457242583,True,0.01,0.02
3,3,52,0.0,0.0,1,propagule,1128,0,0,0.1125886524822695,True,0.01,0.02
3,4,1,0.0,0.0,1,propagule,1135,0,0,0.1171806167400881,True,0.01,0.02
3,4,2,0.0,0.0,1,propagule,1115,0,0,0.11838565022421525,True,0.01,0.02
3,4,3,0.0,0.0,1,propagule,1117,0,0,0.11996418979409132,True,0.01,0.02
3,4,4,0.0,0.0,1,propagule,1105,0,0,0.12126696832579185,True,0.01,0.02
3,4,5,0.0,0.0,1,propagule,1090,0,0,0.12110091743119267,True,0.01,0.02
3,4,6,0.0,0.0,1,propagule,1064,0,0,0.1174812030075188,True,0.01,0.02
3,4,7,0.0,0.0,1,propagule,1057,0,0,0.11920529801324503,True,0.01,0.02
3,4,8,0.0,0.0,1,propagule,1038,0,0,0.12042389210019268,True,0.01,0.02
3,4,9,0.0,0.0,1,propagule,1034,0,0,0.12572533849129594,True,0.01,0.02
3,4,10,0.0,0.0,1,propagule,1019,0,0,0.12365063788027478,True,0.01,0.02
3,4,11,0.0,0.0,1,propagule,1012,0,0,0.12648221343873517,True,0.01,0.02
3,4,12,0.0,0.0,1,propagule,989,0,0,0.1243680485338726,True,0.01,0.02
3,4,13,0.0,0.0,1,propagule,968,0,0,0.13016528925619836,True,0.01,0.02
3,4,14,0.0,0.0,1,propagule,952,0,0,0.12605042016806722,True,0.01,0.02
3,4,15,0.0,0.0,1,propagule,948,0,0,0.12552742616033755,True,0.01,0.02
3,4,16,0.0,0.0,1,propagule,940,0,0,0.1276595744680851,True,0.01,0.02
3,4,17,0.0,0.0,1,propagule,929,0,0,0.12701829924650163,True,0.01,0.02
3,4,18,0.0,0.0,1,propagule,1820,0,0,0.06263736263736264,True,0.01,0.02
3,4,19,0.0,0.0,1,propagule,1810,0,0,0.06298342541436464,True,0.01,0.02
3,4,20,0.0,0.0,1,propagule,1761,0,0,0.06189664963089154,True,0.01,0.02
3,4,21,0.0,0.0,1,propagule,1722,0,0,0.0627177700348432,True,0.01,0.02
3,4,22,0.0,0.0,1,propagule,1697,0,0,0.06187389510901591,True,0.01,0.02
3,4,23,0.0,0.0,1,propagule,1629,0,0,0.06077348066298342,True,0.01,0.02
3,4,24,0.0,0.0,1,propagule,1583,0,0,0.06443461781427669,True,0.01,0.02
3,4,25,0.0,0.0,1,propagule,1514,0,0,0.06142668428005284,True,0.01,0.02
3,4,26,0.0,0.0,1,propagule,1493,0,0,0.06630944407233758,True,0.01,0.02
3,4,27,0.0,0.0,1,propagule,1444,0,0,0.06578947368421052,True,0.01,0.02
3,4,28,0.0,0.0,1,propagule,1415,0,0,0.0706713780918728,True,0.01,0.02
3,4,29,0.0,0.0,1,propagule,1358,0,0,0.06701030927835051,True,0.01,0.02
3,4,30,0.0,0.0,1,propagule,1340,0,0,0.0708955223880597,True,0.01,0.02
3,4,31,0.0,0.0,1,propagule,1300,0,0,0.07615384615384616,True,0.01,0.02
3,4,32,0.0,0.0,1,propagule,1279,0,0,0.07505863956215794,True,0.01,0.02
3,4,33,0.0,0.0,1,propagule,1244,0,0,0.07717041800643087,True,0.01,0.02
3,4,34,0.0,0.0,1,propagule,1213,0,0,0.07831821929101401,True,0.01,0.02
3,4,35,0.0,0.0,1,propagule,1184,0,0,0.07432432432432433,True,0.01,0.02
3,4,36,0.0,0.0,1,propagule,1172,0,0,0.08361774744027303,True,0.01,0.02
3,4,37,0.0,0.0,1,propagule,1152,0,0,0.08506944444444445,True,0.01,0.02
3,4,38,0.0,0.0,1,propagule,1137,0,0,0.0853122251539138,True,0.01,0.02
3,4,39,0.0,0.0,1,propagule,1116,0,0,0.08870967741935484,True,0.01,0.02
3,4,40,0.0,0.0,1,propagule,1101,0,0,0.08810172570390554,True,0.01,0.02
3,4,41,0.0,0.0,1,propagule,1072,0,0,0.08395522388059702,True,0.01,0.02
3,4,42,0.0,0.0,1,propagule,1061,0,0,0.08671065032987747,True,0.01,0.02
3,4,43,0.0,0.0,1,propagule,1023,0,0,0.09481915933528837,True,0.01,0.02
3,4,44,0.0,0.0,1,propagule,1001,0,0,0.0899100899100899,True,0.01,0.02
3,4,45,0.0,0.0,1,propagule,1004,0,0,0.08964143426294821,True,0.01,0.02
3,4,46,0.0,0.0,1,propagule,1011,0,0,0.10286844708209693,True,0.01,0.02
3,4,47,0.0,0.0,1,propagule,1008,0,0,0.0992063492063492,True,0.01,0.02
3,4,48,0.0,0.0,1,propagule,998,0,0,0.10320641282565131,True,0.01,0.02
3,4,49,0.0,0.0,1,propagule,991,0,0,0.10494450050454086,True,0.01,0.02
3,4,50,0.0,0.0,1,propagule,974,0,0,0.10164271047227925,True,0.01,0.02
3,4,51,0.0,0.0,1,propagule,971,0,0,0.10401647785787847,True,0.01,0.02
3,4,52,0.0,0.0,1,propagule,950,0,0,0.1,True,0.01,0.02
3,5,1,0.0,0.0,1,propagule,951,0,0,0.10304942166140904,True,0.01,0.02
3,5,2,0.0,0.0,1,propagule,937,0,0,0.09925293489861259,True,0.01,0.02
3,5,3,0.0,0.0,1,propagule,929,0,0,0.10333692142088267,True,0.01,0.02
3,5,4,0.0,0.0,1,propagule,918,0,0,0.10675381263616558,True,0.01,0.02
3,5,5,0.0,0.0,1,propagule,912,0,0,0.10964912280701754,True,0.01,0.02
3,5,6,0.0,0.0,1,propagule,897,0,0,0.10813823857302118,True,0.01,0.02
3,5,7,0.0,0.0,1,propagule,885,0,0,0.1096045197740113,True,0.01,0.02
3,5,8,0.0,0.0,1,propagule,869,0,0,0.10701956271576525,True,0.01,0.02
3,5,9,0.0,0.0,1,propagule,862,0,0,0.11020881670533643,True,0.01,0.02
3,5,10,0.0,0.0,1,propagule,844,0,0,0.10781990521327015,True,0.01,0.02
3,5,11,0.0,0.0,1,propagule,828,0,0,0.11231884057971014,True,0.01,0.02
3,5,12,0.0,0.0,1,propagule,808,0,0,0.10643564356435643,True,0.01,0.02
3,5,13,0.0,0.0,1,propagule,804,0,0,0.10945273631840796,True,0.01,0.02
3,5,14,0.0,0.0,1,propagule,777,0,0,0.0978120978120978,True,0.01,0.02
3,5,15,0.0,0.0,1,propagule,772,0,0,0.10233160621761658,True,0.01,0.02
3,5,16,0.0,0.0,1,propagule,754,0,0,0.09549071618037135,True,0.01,0.02
3,5,17,0.0,0.0,1,propagule,753,0,0,0.10092961487383798,True,0.01,0.02
3,5,18,0.0,0.0,1,propagule,1598,0,0,0.04380475594493116,True,0.01,0.02
3,5,19,0.0,0.0,1,propagule,1566,0,0,0.04597701149425287,True,0.01,0.02
3,5,20,0.0,0.0,1,propagule,1500,0,0,0.048,True,0.01,0.02
3,5,21,0.0,0.0,1,propagule,1459,0,0,0.047978067169294036,True,0.01,0.02
3,5,22,0.0,0.0,1,propagule,1428,0,0,0.05042016806722689,True,0.01,0.02
3,5,23,0.0,0.0,1,propagule,1380,0,0,0.05,True,0.01,0.02
3,5,24,0.0,0.0,1,propagule,1366,0,0,0.05197657393850659,True,0.01,0.02
3,5,25,0.0,0.0,1,propagule,1352,0,0,0.05251479289940828,True,0.01,0.02
3,5,26,0.0,0.0,1,propagule,1288,0,0,0.059782608695652176,True,0.01,0.02
3,5,27,0.0,0.0,1,propagule,1264,0,0,0.056962025316455694,True,0.01,0.02
3,5,28,0.0,0.0,1,propagule,1251,0,0,0.05675459632294165,True,0.01,0.02
3,5,29,0.0,0.0,1,propagule,1212,0,0,0.05858085808580858,True,0.01,0.02
3,5,30,0.0,0.0,1,propagule,1176,0,0,0.05102040816326531,True,0.01,0.02
3,5,31,0.0,0.0,1,propagule,1119,0,0,0.05361930294906166,True,0.01,0.02
3,5,32,0.0,0.0,1,propagule,1087,0,0,0.05335786568537258,True,0.01,0.02
3,5,33,0.0,0.0,1,propagule,1042,0,0,0.052783109404990404,True,0.01,0.02
3,5,34,0.0,0.0,1,propagule,1033,0,0,0.04743465634075508,True,0.01,0.02
3,5,35,0.0,0.0,1,propagule,1017,0,0,0.051130776794493606,True,0.01,0.02
3,5,36,0.0,0.0,1,propagule,1015,0,0,0.06502463054187192,True,0.01,0.02
3,5,37,0.0,0.0,1,propagule,962,0,0,0.05301455301455302,True,0.01,0.02
3,5,38,0.0,0.0,1,propagule,948,0,0,0.0580168776371308,True,0.01,0.02
3,5,39,0.0,0.0,1,propagule,903,0,0,0.04983388704318937,True,0.01,0.02
3,5,40,0.0,0.0,1,propagule,894,0,0,0.053691275167785234,True,0.01,0.02
3,5,41,0.0,0.0,1,propagule,864,0,0,0.04513888888888889,True,0.01,0.02
3,5,42,0.0,0.0,1,propagule,860,0,0,0.05232558139534884,True,0.01,0.02
3,5,43,0.0,0.0,1,propagule,893,0,0,0.08174692049272117,True,0.01,0.02
3,5,44,0.0,0.0,1,propagule,876,0,0,0.07077625570776255,True,0.01,0.02
3,5,45,0.0,0.0,1,propagule,878,0,0,0.08086560364464693,True,0.01,0.02
3,5,46,0.0,0.0,1,propagule,871,0,0,0.08495981630309989,True,0.01,0.02
3,5,47,0.0,0.0,1,propagule,864,0,0,0.0798611111111111,True,0.01,0.02
3,5,48,0.0,0.0,1,propagule,862,0,0,0.08236658932714618,True,0.01,0.02
3,5,49,0.0,0.0,1,propagule,845,0,0,0.08520710059171598,True,0.01,0.02
3,5,50,0.0,0.0,1,propagule,835,0,0,0.07904191616766468,True,0.01,0.02
3,5,51,0.0,0.0,1,propagule,814,0,0,0.08108108108108109,True,0.01,0.02
3,5,52,0.0,0.0,1,propagule,806,0,0,0.08312655086848635,True,0.01,0.02
3,6,1,0.0,0.0,1,propagule,791,0,0,0.08091024020227561,True,0.01,0.02
3,6,2,0.0,0.0,1,propagule,765,0,0,0.07973856209150326,True,0.01,0.02
3,6,3,0.0,0.0,1,propagule,756,0,0,0.07671957671957672,True,0.01,0.02
3,6,4,0.0,0.0,1,propagule,740,0,0,0.07702702702702703,True,0.01,0.02
3,6,5,0.0,0.0,1,propagule,735,0,0,0.07755102040816327,True,0.01,0.02
3,6,6,0.0,0.0,1,propagule,719,0,0,0.07510431154381085,True,0.01,0.02
3,6,7,0.0,0.0,1,propagule,714,0,0,0.07563025210084033,True,0.01,0.02
3,6,8,0.0,0.0,1,propagule,701,0,0,0.07560627674750357,True,0.01,0.02
3,6,9,0.0,0.0,1,propagule,696,0,0,0.07902298850574713,True,0.01,0.02
3,6,10,0.0,0.0,1,propagule,691,0,0,0.07814761215629522,True,0.01,0.02
3,6,11,0.0,0.0,1,propagule,677,0,0,0.07533234859675036,True,0.01,0.02
3,6,12,0.0,0.0,1,propagule,668,0,0,0.07784431137724551,True,0.01,0.02
3,6,13,0.0,0.0,1,propagule,656,0,0,0.07774390243902439,True,0.01,0.02
3,6,14,0.0,0.0,1,propagule,653,0,0,0.07963246554364471,True,0.01,0.02
3,6,15,0.0,0.0,1,propagule,641,0,0,0.07956318252730109,True,0.01,0.02
3,6,16,0.0,0.0,1,propagule,634,0,0,0.0804416403785489,True,0.01,0.02
3,6,17,0.0,0.0,1,propagule,625,0,0,0.0832,True,0.01,0.02
3,6,18,0.0,0.0,1,propagule,1215,0,0,0.04279835390946502,True,0.01,0.02
3,6,19,0.0,0.0,1,propagule,1183,0,0,0.04057480980557904,True,0.01,0.02
3,6,20,0.0,0.0,1,propagule,1151,0,0,0.04083405734144222,True,0.01,0.02
3,6,21,0.0,0.0,1,propagule,1129,0,0,0.04162976085031001,True,0.01,0.02
3,6,22,0.0,0.0,1,propagule,1110,0,0,0.04144144144144144,True,0.01,0.02
3,6,23,0.0,0.0,1,propagule,1041,0,0,0.04226705091258405,True,0.01,0.02
3,6,24,0.0,0.0,1,propagule,1024,0,0,0.0400390625,True,0.01,0.02
3,6,25,0.0,0.0,1,propagule,992,0,0,0.03931451612903226,True,0.01,0.02
3,6,26,0.0,0.0,1,propagule,982,0,0,0.04073319755600815,True,0.01,0.02
3,6,27,0.0,0.0,1,propagule,968,0,0,0.042355371900826444,True,0.01,0.02
3,6,28,0.0,0.0,1,propagule,947,0,0,0.04118268215417107,True,0.01,0.02
3,6,29,0.0,0.0,1,propagule,908,0,0,0.040748898678414094,True,0.01,0.02
3,6,30,0.0,0.0,1,propagule,908,0,0,0.040748898678414094,True,0.01,0.02
3,6,31,0.0,0.0,1,propagule,919,0,0,0.04461371055495103,True,0.01,0.02
3,6,32,0.0,0.0,1,propagule,881,0,0,0.04199772985244041,True,0.01,0.02
3,6,33,0.0,0.0,1,propagule,890,0,0,0.043820224719101124,True,0.01,0.02
3,6,34,0.0,0.0,1,propagule,854,0,0,0.03981264637002342,True,0.01,0.02
3,6,35,0.0,0.0,1,propagule,839,0,0,0.04290822407628129,True,0.01,0.02
3,6,36,0.0,0.0,1,propagule,810,0,0,0.04938271604938271,True,0.01,0.02
3,6,37,0.0,0.0,1,propagule,805,0,0,0.049689440993788817,True,0.01,0.02
3,6,38,0.0,0.0,1,propagule,798,0,0,0.05263157894736842,True,0.01,0.02
3,6,39,0.0,0.0,1,propagule,783,0,0,0.05236270753512133,True,0.01,0.02
3,6,40,0.0,0.0,1,propagule,777,0,0,0.05276705276705277,True,0.01,0.02
3,6,41,0.0,0.0,1,propagule,766,0,0,0.05483028720626632,True,0.01,0.02
3,6,42,0.0,0.0,1,propagule,757,0,0,0.05548216644649934,True,0.01,0.02
3,6,43,0.0,0.0,1,propagule,747,0,0,0.08433734939759036,True,0.01,0.02
3,6,44,0.0,0.0,1,propagule,722,0,0,0.06786703601108034,True,0.01,0.02
3,6,45,0.0,0.0,1,propagule,717,0,0,0.07112970711297072,True,0.01,0.02
3,6,46,0.0,0.0,1,propagule,709,0,0,0.07193229901269393,True,0.01,0.02
3,6,47,0.0,0.0,1,propagule,702,0,0,0.07264957264957266,True,0.01,0.02
3,6,48,0.0,0.0,1,propagule,685,0,0,0.06715328467153285,True,0.01,0.02
3,6,49,0.0,0.0,1,propagule,679,0,0,0.07216494845360824,True,0.01,0.02
3,6,50,0.0,0.0,1,propagule,666,0,0,0.06906906906906907,True,0.01,0.02
3,6,51,0.0,0.0,1,propagule,662,0,0,0.06948640483383686,True,0.01,0.02
3,6,52,0.0,0.0,1,propagule,672,0,0,0.07589285714285714,True,0.01,0.02
3,7,1,0.0,0.0,1,propagule,688,0,0,0.0872093023255814,True,0.01,0.02
3,7,2,0.0,0.0,1,propagule,692,0,0,0.09248554913294797,True,0.01,0.02
3,7,3,0.0,0.0,1,propagule,683,0,0,0.09370424597364568,True,0.01,0.02
3,7,4,0.0,0.0,1,propagule,678,0,0,0.0943952802359882,True,0.01,0.02
3,7,5,0.0,0.0,1,propagule,672,0,0,0.09375,True,0.01,0.02
3,7,6,0.0,0.0,1,propagule,658,0,0,0.09422492401215805,True,0.01,0.02
3,7,7,0.0,0.0,1,propagule,659,0,0,0.09559939301972686,True,0.01,0.02
3,7,8,0.0,0.0,1,propagule,657,0,0,0.1004566210045662,True,0.01,0.02
3,7,9,0.0,0.0,1,propagule,653,0,0,0.0995405819295559,True,0.01,0.02
3,7,10,0.0,0.0,1,propagule,645,0,0,0.10077519379844961,True,0.01,0.02
3,7,11,0.0,0.0,1,propagule,643,0,0,0.10108864696734059,True,0.01,0.02
3,7,12,0.0,0.0,1,propagule,633,0,0,0.10110584518167456,True,0.01,0.02
3,7,13,0.0,0.0,1,propagule,618,0,0,0.09870550161812297,True,0.01,0.02
3,7,14,0.0,0.0,1,propagule,611,0,0,0.09819967266775777,True,0.01,0.02
3,7,15,0.0,0.0,1,propagule,600,0,0,0.09666666666666666,True,0.01,0.02
3,7,16,0.0,0.0,1,propagule,594,0,0,0.09427609427609428,True,0.01,0.02
3,7,17,0.0,0.0,1,propagule,583,0,0,0.09605488850771869,True,0.01,0.02
3,7,18,0.0,0.0,1,propagule,1246,0,0,0.0449438202247191,True,0.01,0.02
3,7,19,0.0,0.0,1,propagule,1225,0,0,0.045714285714285714,True,0.01,0.02
3,7,20,0.0,0.0,1,propagule,1203,0,0,0.0457190357439734,True,0.01,0.02
3,7,21,0.0,0.0,1,propagule,1188,0,0,0.046296296296296294,True,0.01,0.02
3,7,22,0.0,0.0,1,propagule,1150,0,0,0.04608695652173913,True,0.01,0.02
3,7,23,0.0,0.0,1,propagule,1101,0,0,0.04904632152588556,True,0.01,0.02
3,7,24,0.0,0.0,1,propagule,1070,0,0,0.048598130841121495,True,0.01,0.02
3,7,25,0.0,0.0,1,propagule,1058,0,0,0.0500945179584121,True,0.01,0.02
3,7,26,0.0,0.0,1,propagule,1038,0,0,0.051059730250481696,True,0.01,0.02
3,7,27,0.0,0.0,1,propagule,1023,0,0,0.05180840664711633,True,0.01,0.02
3,7,28,0.0,0.0,1,propagule,990,0,0,0.05353535353535353,True,0.01,0.02
3,7,29,0.0,0.0,1,propagule,977,0,0,0.05424769703172978,True,0.01,0.02
3,7,30,0.0,0.0,1,propagule,946,0,0,0.05179704016913319,True,0.01,0.02
3,7,31,0.0,0.0,1,propagule,940,0,0,0.052127659574468084,True,0.01,0.02
3,7,32,0.0,0.0,1,propagule,928,0,0,0.05172413793103448,True,0.01,0.02
3,7,33,0.0,0.0,1,propagule,915,0,0,0.05245901639344262,True,0.01,0.02
3,7,34,0.0,0.0,1,propagule,870,0,0,0.05172413793103448,True,0.01,0.02
3,7,35,0.0,0.0,1,propagule,844,0,0,0.0533175355450237,True,0.01,0.02
3,7,36,0.0,0.0,1,propagule,838,0,0,0.059665871121718374,True,0.01,0.02
3,7,37,0.0,0.0,1,propagule,821,0,0,0.05968331303288672,True,0.01,0.02
3,7,38,0.0,0.0,1,propagule,810,0,0,0.05925925925925926,True,0.01,0.02
3,7,39,0.0,0.0,1,propagule,799,0,0,0.06132665832290363,True,0.01,0.02
3,7,40,0.0,0.0,1,propagule,777,0,0,0.06177606177606178,True,0.01,0.02
3,7,41,0.0,0.0,1,propagule,762,0,0,0.06299212598425197,True,0.01,0.02
3,7,42,0.0,0.0,1,propagule,751,0,0,0.06258322237017311,True,0.01,0.02
3,7,43,0.0,0.0,1,propagule,692,0,0,0.06502890173410404,True,0.01,0.02
3,7,44,0.0,0.0,1,propagule,675,0,0,0.0637037037037037,True,0.01,0.02
3,7,45,0.0,0.0,1,propagule,672,0,0,0.05952380952380952,True,0.01,0.02
3,7,46,0.0,0.0,1,propagule,676,0,0,0.06804733727810651,True,0.01,0.02
3,7,47,0.0,0.0,1,propagule,661,0,0,0.06505295007564296,True,0.01,0.02
3,7,48,0.0,0.0,1,propagule,656,0,0,0.06554878048780488,True,0.01,0.02
3,7,49,0.0,0.0,1,propagule,639,0,0,0.07042253521126761,True,0.01,0.02
3,7,50,0.0,0.0,1,propagule,628,0,0,0.06847133757961783,True,0.01,0.02
3,7,51,0.0,0.0,1,propagule,621,0,0,0.06924315619967794,True,0.01,0.02
3,7,52,0.0,0.0,1,propagule,619,0,0,0.07269789983844911,True,0.01,0.02
3,8,1,0.0,0.0,1,propagule,612,0,0,0.0718954248366013,True,0.01,0.02
3,8,2,0.0,0.0,1,propagule,614,0,0,0.0749185667752443,True,0.01,0.02
3,8,3,0.0,0.0,1,propagule,599,0,0,0.07512520868113523,True,0.01,0.02
3,8,4,0.0,0.0,1,propagule,597,0,0,0.07705192629815745,True,0.01,0.02
3,8,5,0.0,0.0,1,propagule,586,0,0,0.07337883959044368,True,0.01,0.02
3,8,6,0.0,0.0,1,propagule,586,0,0,0.07679180887372014,True,0.01,0.02
3,8,7,0.0,0.0,1,propagule,570,0,0,0.07894736842105263,True,0.01,0.02
3,8,8,0.0,0.0,1,propagule,565,0,0,0.07964601769911504,True,0.01,0.02
3,8,9,0.0,0.0,1,propagule,549,0,0,0.07832422586520947,True,0.01,0.02
3,8,10,0.0,0.0,1,propagule,546,0,0,0.07875457875457875,True,0.01,0.02
3,8,11,0.0,0.0,1,propagule,529,0,0,0.07750472589792061,True,0.01,0.02
3,8,12,0.0,0.0,1,propagule,525,0,0,0.08,True,0.01,0.02
3,8,13,0.0,0.0,1,propagule,511,0,0,0.07045009784735812,True,0.01,0.02
3,8,14,0.0,0.0,1,propagule,511,0,0,0.07632093933463796,True,0.01,0.02
3,8,15,0.0,0.0,1,propagule,500,0,0,0.076,True,0.01,0.02
3,8,16,0.0,0.0,1,propagule,500,0,0,0.08,True,0.01,0.02
3,8,17,0.0,0.0,1,propagule,490,0,0,0.07755102040816327,True,0.01,0.02
3,8,18,0.0,0.0,1,propagule,1026,0,0,0.038011695906432746,True,0.01,0.02
3,8,19,0.0,0.0,1,propagule,1014,0,0,0.038461538461538464,True,0.01,0.02
3,8,20,0.0,0.0,1,propagule,985,0,0,0.03959390862944162,True,0.01,0.02
3,8,21,0.0,0.0,1,propagule,967,0,0,0.04033092037228542,True,0.01,0.02
3,8,22,0.0,0.0,1,propagule,944,0,0,0.0413135593220339,True,0.01,0.02
3,8,23,0.0,0.0,1,propagule,902,0,0,0.041019955654102,True,0.01,0.02
3,8,24,0.0,0.0,1,propagule,848,0,0,0.04245283018867924,True,0.01,0.02
3,8,25,0.0,0.0,1,propagule,827,0,0,0.044740024183796856,True,0.01,0.02
3,8,26,0.0,0.0,1,propagule,819,0,0,0.045177045177045176,True,0.01,0.02
3,8,27,0.0,0.0,1,propagule,794,0,0,0.04408060453400504,True,0.01,0.02
3,8,28,0.0,0.0,1,propagule,781,0,0,0.04481434058898848,True,0.01,0.02
3,8,29,0.0,0.0,1,propagule,770,0,0,0.04285714285714286,True,0.01,0.02
3,8,30,0.0,0.0,1,propagule,751,0,0,0.043941411451398134,True,0.01,0.02
3,8,31,0.0,0.0,1,propagule,740,0,0,0.0472972972972973,True,0.01,0.02
3,8,32,0.0,0.0,1,propagule,718,0,0,0.04596100278551532,True,0.01,0.02
3,8,33,0.0,0.0,1,propagule,687,0,0,0.048034934497816595,True,0.01,0.02
3,8,34,0.0,0.0,1,propagule,678,0,0,0.048672566371681415,True,0.01,0.02
3,8,35,0.0,0.0,1,propagule,660,0,0,0.04696969696969697,True,0.01,0.02
3,8,36,0.0,0.0,1,propagule,652,0,0,0.05368098159509203,True,0.01,0.02
3,8,37,0.0,0.0,1,propagule,614,0,0,0.05537459283387622,True,0.01,0.02
3,8,38,0.0,0.0,1,propagule,615,0,0,0.055284552845528454,True,0.01,0.02
3,8,39,0.0,0.0,1,propagule,610,0,0,0.05737704918032787,True,0.01,0.02
3,8,40,0.0,0.0,1,propagule,605,0,0,0.05785123966942149,True,0.01,0.02
3,8,41,0.0,0.0,1,propagule,595,0,0,0.058823529411764705,True,0.01,0.02
3,8,42,0.0,0.0,1,propagule,591,0,0,0.05752961082910321,True,0.01,0.02
3,8,43,0.0,0.0,1,propagule,566,0,0,0.07773851590106007,True,0.01,0.02
3,8,44,0.0,0.0,1,propagule,549,0,0,0.0692167577413479,True,0.01,0.02
3,8,45,0.0,0.0,1,propagule,553,0,0,0.07775768535262206,True,0.01,0.02
3,8,46,0.0,0.0,1,propagule,556,0,0,0.08093525179856115,True,0.01,0.02
3,8,47,0.0,0.0,1,propagule,551,0,0,0.07985480943738657,True,0.01,0.02
3,8,48,0.0,0.0,1,propagule,546,0,0,0.08424908424908426,True,0.01,0.02
3,8,49,0.0,0.0,1,propagule,546,0,0,0.09157509157509157,True,0.01,0.02
3,8,50,0.0,0.0,1,propagule,542,0,0,0.08671586715867159,True,0.01,0.02
3,8,51,0.0,0.0,1,propagule,538,0,0,0.09107806691449814,True,0.01,0.02
3,8,52,0.0,0.0,1,propagule,532,0,0,0.09210526315789473,True,0.01,0.02
3,9,1,0.0,0.0,1,propagule,520,0,0,0.09230769230769231,True,0.01,0.02
3,9,2,0.0,0.0,1,propagule,519,0,0,0.0905587668593449,True,0.01,0.02
3,9,3,0.0,0.0,1,propagule,507,0,0,0.09072978303747535,True,0.01,0.02
3,9,4,0.0,0.0,1,propagule,496,0,0,0.0907258064516129,True,0.01,0.02
3,9,5,0.0,0.0,1,propagule,484,0,0,0.09090909090909091,True,0.01,0.02
3,9,6,0.0,0.0,1,propagule,477,0,0,0.09433962264150944,True,0.01,0.02
3,9,7,0.0,0.0,1,propagule,470,0,0,0.09361702127659574,True,0.01,0.02
3,9,8,0.0,0.0,1,propagule,463,0,0,0.09719222462203024,True,0.01,0.02
3,9,9,0.0,0.0,1,propagule,456,0,0,0.09210526315789473,True,0.01,0.02
3,9,10,0.0,0.0,1,propagule,455,0,0,0.0967032967032967,True,0.01,0.02
3,9,11,0.0,0.0,1,propagule,444,0,0,0.09009009009009009,True,0.01,0.02
3,9,12,0.0,0.0,1,propagule,439,0,0,0.09567198177676538,True,0.01,0.02
3,9,13,0.0,0.0,1,propagule,427,0,0,0.0936768149882904,True,0.01,0.02
3,9,14,0.0,0.0,1,propagule,426,0,0,0.09624413145539906,True,0.01,0.02
3,9,15,0.0,0.0,1,propagule,418,0,0,0.09330143540669857,True,0.01,0.02
3,9,16,0.0,0.0,1,propagule,416,0,0,0.09615384615384616,True,0.01,0.02
3,9,17,0.0,0.0,1,propagule,409,0,0,0.08801955990220049,True,0.01,0.02
3,9,18,0.0,0.0,1,propagule,799,0,0,0.03879849812265332,True,0.01,0.02
3,9,19,0.0,0.0,1,propagule,788,0,0,0.03807106598984772,True,0.01,0.02
3,9,20,0.0,0.0,1,propagule,774,0,0,0.040051679586563305,True,0.01,0.02
3,9,21,0.0,0.0,1,propagule,759,0,0,0.039525691699604744,True,0.01,0.02
3,9,22,0.0,0.0,1,propagule,756,0,0,0.042328042328042326,True,0.01,0.02
3,9,23,0.0,0.0,1,propagule,731,0,0,0.03967168262653899,True,0.01,0.02
3,9,24,0.0,0.0,1,propagule,722,0,0,0.045706371191135735,True,0.01,0.02
3,9,25,0.0,0.0,1,propagule,691,0,0,0.041968162083936326,True,0.01,0.02
3,9,26,0.0,0.0,1,propagule,699,0,0,0.044349070100143065,True,0.01,0.02
3,9,27,0.0,0.0,1,propagule,690,0,0,0.043478260869565216,True,0.01,0.02
3,9,28,0.0,0.0,1,propagule,666,0,0,0.04504504504504504,True,0.01,0.02
3,9,29,0.0,0.0,1,propagule,658,0,0,0.044072948328267476,True,0.01,0.02
3,9,30,0.0,0.0,1,propagule,640,0,0,0.046875,True,0.01,0.02
3,9,31,0.0,0.0,1,propagule,629,0,0,0.0492845786963434,True,0.01,0.02
3,9,32,0.0,0.0,1,propagule,611,0,0,0.04582651391162029,True,0.01,0.02
3,9,33,0.0,0.0,1,propagule,589,0,0,0.04923599320882852,True,0.01,0.02
3,9,34,0.0,0.0,1,propagule,568,0,0,0.04929577464788732,True,0.01,0.02
3,9,35,0.0,0.0,1,propagule,549,0,0,0.052823315118397086,True,0.01,0.02
3,9,36,0.0,0.0,1,propagule,506,0,0,0.05138339920948617,True,0.01,0.02
3,9,37,0.0,0.0,1,propagule,502,0,0,0.053784860557768925,True,0.01,0.02
3,9,38,0.0,0.0,1,propagule,497,0,0,0.056338028169014086,True,0.01,0.02
3,9,39,0.0,0.0,1,propagule,501,0,0,0.05788423153692615,True,0.01,0.02
3,9,40,0.0,0.0,1,propagule,491,0,0,0.059063136456211814,True,0.01,0.02
3,9,41,0.0,0.0,1,propagule,482,0,0,0.058091286307053944,True,0.01,0.02
3,9,42,0.0,0.0,1,propagule,476,0,0,0.058823529411764705,True,0.01,0.02
3,9,43,0.0,0.0,1,propagule,491,0,0,0.09368635437881874,True,0.01,0.02
3,9,44,0.0,0.0,1,propagule,483,0,0,0.09730848861283643,True,0.01,0.02
3,9,45,0.0,0.0,1,propagule,484,0,0,0.09710743801652892,True,0.01,0.02
3,9,46,0.0,0.0,1,propagule,470,0,0,0.10851063829787234,True,0.01,0.02
3,9,47,0.0,0.0,1,propagule,458,0,0,0.0982532751091703,True,0.01,0.02
3,9,48,0.0,0.0,1,propagule,448,0,0,0.10267857142857142,True,0.01,0.02
3,9,49,0.0,0.0,1,propagule,445,0,0,0.10112359550561797,True,0.01,0.02
3,9,50,0.0,0.0,1,propagule,438,0,0,0.1004566210045662,True,0.01,0.02
3,9,51,0.0,0.0,1,propagule,434,0,0,0.10368663594470046,True,0.01,0.02
3,9,52,0.0,0.0,1,propagule,428,0,0,0.102803738317757,True,0.01,0.02
3,10,1,0.0,0.0,1,propagule,423,0,0,0.1016548463356974,True,0.01,0.02
3,10,2,0.0,0.0,1,propagule,420,0,0,0.10238095238095238,True,0.01,0.02
3,10,3,0.0,0.0,1,propagule,416,0,0,0.10336538461538461,True,0.01,0.02
3,10,4,0.0,0.0,1,propagule,412,0,0,0.10436893203883495,True,0.01,0.02
3,10,5,0.0,0.0,1,propagule,407,0,0,0.10319410319410319,True,0.01,0.02
3,10,6,0.0,0.0,1,propagule,403,0,0,0.10173697270471464,True,0.01,0.02
3,10,7,0.0,0.0,1,propagule,394,0,0,0.09898477157360407,True,0.01,0.02
3,10,8,0.0,0.0,1,propagule,394,0,0,0.10152284263959391,True,0.01,0.02
3,10,9,0.0,0.0,1,propagule,392,0,0,0.09948979591836735,True,0.01,0.02
3,10,10,0.0,0.0,1,propagule,386,0,0,0.10103626943005181,True,0.01,0.02
3,10,11,0.0,0.0,1,propagule,382,0,0,0.09947643979057591,True,0.01,0.02
3,10,12,0.0,0.0,1,propagule,373,0,0,0.09651474530831099,True,0.01,0.02
3,10,13,0.0,0.0,1,propagule,371,0,0,0.09164420485175202,True,0.01,0.02
3,10,14,0.0,0.0,1,propagule,363,0,0,0.09090909090909091,True,0.01,0.02
3,10,15,0.0,0.0,1,propagule,360,0,0,0.08888888888888889,True,0.01,0.02
3,10,16,0.0,0.0,1,propagule,360,0,0,0.08888888888888889,True,0.01,0.02
3,10,17,0.0,0.0,1,propagule,353,0,0,0.08781869688385269,True,0.01,0.02
3,10,18,0.0,0.0,1,propagule,725,0,0,0.041379310344827586,True,0.01,0.02
3,10,19,0.0,0.0,1,propagule,709,0,0,0.04090267983074753,True,0.01,0.02
3,10,20,0.0,0.0,1,propagule,704,0,0,0.04261363636363636,True,0.01,0.02
3,10,21,0.0,0.0,1,propagule,684,0,0,0.04239766081871345,True,0.01,0.02
3,10,22,0.0,0.0,1,propagule,681,0,0,0.042584434654919234,True,0.01,0.02
3,10,23,0.0,0.0,1,propagule,660,0,0,0.04242424242424243,True,0.01,0.02
3,10,24,0.0,0.0,1,propagule,643,0,0,0.04354587869362364,True,0.01,0.02
3,10,25,0.0,0.0,1,propagule,637,0,0,0.04395604395604396,True,0.01,0.02
3,10,26,0.0,0.0,1,propagule,628,0,0,0.04617834394904458,True,0.01,0.02
3,10,27,0.0,0.0,1,propagule,603,0,0,0.04643449419568822,True,0.01,0.02
3,10,28,0.0,0.0,1,propagule,593,0,0,0.045531197301854974,True,0.01,0.02
3,10,29,0.0,0.0,1,propagule,591,0,0,0.04568527918781726,True,0.01,0.02
3,10,30,0.0,0.0,1,propagule,586,0,0,0.04607508532423208,True,0.01,0.02
3,10,31,0.0,0.0,1,propagule,571,0,0,0.04553415061295972,True,0.01,0.02
3,10,32,0.0,0.0,1,propagule,557,0,0,0.0466786355475763,True,0.01,0.02
3,10,33,0.0,0.0,1,propagule,552,0,0,0.04710144927536232,True,0.01,0.02
3,10,34,0.0,0.0,1,propagule,538,0,0,0.046468401486988845,True,0.01,0.02
3,10,35,0.0,0.0,1,propagule,527,0,0,0.04554079696394687,True,0.01,0.02
3,10,36,0.0,0.0,1,propagule,517,0,0,0.048355899419729204,True,0.01,0.02
3,10,37,0.0,0.0,1,propagule,510,0,0,0.050980392156862744,True,0.01,0.02
3,10,38,0.0,0.0,1,propagule,499,0,0,0.050100200400801605,True,0.01,0.02
3,10,39,0.0,0.0,1,propagule,490,0,0,0.05102040816326531,True,0.01,0.02
3,10,40,0.0,0.0,1,propagule,481,0,0,0.0498960498960499,True,0.01,0.02
3,10,41,0.0,0.0,1,propagule,475,0,0,0.04842105263157895,True,0.01,0.02
3,10,42,0.0,0.0,1,propagule,470,0,0,0.04893617021276596,True,0.01,0.02
3,10,43,0.0,0.0,1,propagule,487,0,0,0.08624229979466119,True,0.01,0.02
3,10,44,0.0,0.0,1,propagule,472,0,0,0.07838983050847458,True,0.01,0.02
3,10,45,0.0,0.0,1,propagule,478,0,0,0.08158995815899582,True,0.01,0.02
3,10,46,0.0,0.0,1,propagule,468,0,0,0.0876068376068376,True,0.01,0.02
3,10,47,0.0,0.0,1,propagule,467,0,0,0.0835117773019272,True,0.01,0.02
3,10,48,0.0,0.0,1,propagule,457,0,0,0.08533916849015317,True,0.01,0.02
3,10,49,0.0,0.0,1,propagule,454,0,0,0.0881057268722467,True,0.01,0.02
3,10,50,0.0,0.0,1,propagule,446,0,0,0.08520179372197309,True,0.01,0.02
3,10,51,0.0,0.0,1,propagule,441,0,0,0.08390022675736962,True,0.01,0.02
3,10,52,0.0,0.0,1,propagule,435,0,0,0.08045977011494253,True,0.01,0.02
3,1,1,0.0,0.0,1,propagule,948,0,0,0.0,True,0.01,0.025
3,1,2,0.0,0.0,1,propagule,944,0,0,0.001059322033898305,True,0.01,0.025
3,1,3,0.0,0.0,1,propagule,941,0,0,0.0,True,0.01,0.025
3,1,4,0.0,0.0,1,propagule,936,0,0,0.0010683760683760685,True,0.01,0.025
3,1,5,0.0,0.0,1,propagule,938,0,0,0.0031982942430703624,True,0.01,0.025
3,1,6,0.0,0.0,1,propagule,937,0,0,0.004268943436499467,True,0.01,0.025
3,1,7,0.0,0.0,1,propagule,925,0,0,0.003243243243243243,True,0.01,0.025
3,1,8,0.0,0.0,1,propagule,910,0,0,0.0032967032967032967,True,0.01,0.025
3,1,9,0.0,0.0,1,propagule,888,0,0,0.0022522522522522522,True,0.01,0.025
3,1,10,0.0,0.0,1,propagule,882,0,0,0.003401360544217687,True,0.01,0.025
3,1,11,0.0,0.0,1,propagule,866,0,0,0.0023094688221709007,True,0.01,0.025
3,1,12,0.0,0.0,1,propagule,854,0,0,0.00351288056206089,True,0.01,0.025
3,1,13,0.0,0.0,1,propagule,846,0,0,0.002364066193853428,True,0.01,0.025
3,1,14,0.0,0.0,1,propagule,836,0,0,0.0035885167464114833,True,0.01,0.025
3,1,15,0.0,0.0,1,propagule,816,0,0,0.0024509803921568627,True,0.01,0.025
3,1,16,0.0,0.0,1,propagule,810,0,0,0.003703703703703704,True,0.01,0.025
3,1,17,0.0,0.0,1,propagule,798,0,0,0.002506265664160401,True,0.01,0.025
3,1,18,0.0,0.0,1,propagule,2310,0,0,0.0012987012987012987,True,0.01,0.025
3,1,19,0.0,0.0,1,propagule,2260,0,0,0.001327433628318584,True,0.01,0.025
3,1,20,0.0,0.0,1,propagule,2176,0,0,0.0013786764705882354,True,0.01,0.025
3,1,21,0.0,0.0,1,propagule,2157,0,0,0.0013908205841446453,True,0.01,0.025
3,1,22,0.0,0.0,1,propagule,2064,0,0,0.0014534883720930232,True,0.01,0.025
3,1,23,0.0,0.0,1,propagule,2028,0,0,0.0009861932938856016,True,0.01,0.025
3,1,24,0.0,0.0,1,propagule,1946,0,0,0.0020554984583761563,True,0.01,0.025
3,1,25,0.0,0.0,1,propagule,1880,0,0,0.0015957446808510637,True,0.01,0.025
3,1,26,0.0,0.0,1,propagule,1821,0,0,0.0016474464579901153,True,0.01,0.025
3,1,27,0.0,0.0,1,propagule,1777,0,0,0.0022509848058525606,True,0.01,0.025
3,1,28,0.0,0.0,1,propagule,1697,0,0,0.002357100766057749,True,0.01,0.025
3,1,29,0.0,0.0,1,propagule,1636,0,0,0.0018337408312958435,True,0.01,0.025
3,1,30,0.0,0.0,1,propagule,1605,0,0,0.004984423676012461,True,0.01,0.025
3,1,31,0.0,0.0,1,propagule,1546,0,0,0.0019404915912031048,True,0.01,0.025
3,1,32,0.0,0.0,1,propagule,1509,0,0,0.004638833664678595,True,0.01,0.025
3,1,33,0.0,0.0,1,propagule,1461,0,0,0.0013689253935660506,True,0.01,0.025
3,1,34,0.0,0.0,1,propagule,1443,0,0,0.004851004851004851,True,0.01,0.025
3,1,35,0.0,0.0,1,propagule,1399,0,0,0.0014295925661186562,True,0.01,0.025
3,1,36,0.0,0.0,1,propagule,1373,0,0,0.0065549890750182084,True,0.01,0.025
3,1,37,0.0,0.0,1,propagule,1316,0,0,0.00911854103343465,True,0.01,0.025
3,1,38,0.0,0.0,1,propagule,1292,0,0,0.007739938080495356,True,0.01,0.025
3,1,39,0.0,0.0,1,propagule,1268,0,0,0.01025236593059937,True,0.01,0.025
3,1,40,0.0,0.0,1,propagule,1257,0,0,0.008750994431185362,True,0.01,0.025
3,1,41,0.0,0.0,1,propagule,1254,0,0,0.011961722488038277,True,0.01,0.025
3,1,42,0.0,0.0,1,propagule,1232,0,0,0.011363636363636364,True,0.01,0.025
3,1,43,0.0,0.0,1,propagule,1229,0,0,0.022782750203417412,True,0.01,0.025
3,1,44,0.0,0.0,1,propagule,1210,0,0,0.019834710743801654,True,0.01,0.025
3,1,45,0.0,0.0,1,propagule,1176,0,0,0.015306122448979591,True,0.01,0.025
3,1,46,0.0,0.0,1,propagule,1166,0,0,0.02058319039451115,True,0.01,0.025
3,1,47,0.0,0.0,1,propagule,1137,0,0,0.01759014951627089,True,0.01,0.025
3,1,48,0.0,0.0,1,propagule,1134,0,0,0.020282186948853614,True,0.01,0.025
3,1,49,0.0,0.0,1,propagule,1111,0,0,0.023402340234023402,True,0.01,0.025
3,1,50,0.0,0.0,1,propagule,1110,0,0,0.02252252252252252,True,0.01,0.025
3,1,51,0.0,0.0,1,propagule,1089,0,0,0.023875114784205693,True,0.01,0.025
3,1,52,0.0,0.0,1,propagule,1077,0,0,0.02042711234911792,True,0.01,0.025
3,2,1,0.0,0.0,1,propagule,1060,0,0,0.02169811320754717,True,0.01,0.025
3,2,2,0.0,0.0,1,propagule,1067,0,0,0.02155576382380506,True,0.01,0.025
3,2,3,0.0,0.0,1,propagule,1029,0,0,0.021379980563654033,True,0.01,0.025
3,2,4,0.0,0.0,1,propagule,1033,0,0,0.022265246853823813,True,0.01,0.025
3,2,5,0.0,0.0,1,propagule,999,0,0,0.02002002002002002,True,0.01,0.025
3,2,6,0.0,0.0,1,propagule,995,0,0,0.022110552763819097,True,0.01,0.025
3,2,7,0.0,0.0,1,propagule,965,0,0,0.02072538860103627,True,0.01,0.025
3,2,8,0.0,0.0,1,propagule,969,0,0,0.022703818369453045,True,0.01,0.025
3,2,9,0.0,0.0,1,propagule,946,0,0,0.021141649048625793,True,0.01,0.025
3,2,10,0.0,0.0,1,propagule,936,0,0,0.022435897435897436,True,0.01,0.025
3,2,11,0.0,0.0,1,propagule,910,0,0,0.020879120879120878,True,0.01,0.025
3,2,12,0.0,0.0,1,propagule,912,0,0,0.021929824561403508,True,0.01,0.025
3,2,13,0.0,0.0,1,propagule,889,0,0,0.020247469066366704,True,0.01,0.025
3,2,14,0.0,0.0,1,propagule,901,0,0,0.023307436182019976,True,0.01,0.025
3,2,15,0.0,0.0,1,propagule,887,0,0,0.02142051860202931,True,0.01,0.025
3,2,16,0.0,0.0,1,propagule,897,0,0,0.024526198439241916,True,0.01,0.025
3,2,17,0.0,0.0,1,propagule,867,0,0,0.02191464821222607,True,0.01,0.025
3,2,18,0.0,0.0,1,propagule,1639,0,0,0.013422818791946308,True,0.01,0.025
3,2,19,0.0,0.0,1,propagule,1594,0,0,0.01191969887076537,True,0.01,0.025
3,2,20,0.0,0.0,1,propagule,1553,0,0,0.0128783000643915,True,0.01,0.025
3,2,21,0.0,0.0,1,propagule,1486,0,0,0.01278600269179004,True,0.01,0.025
3,2,22,0.0,0.0,1,propagule,1453,0,0,0.015829318651066758,True,0.01,0.025
3,2,23,0.0,0.0,1,propagule,1406,0,0,0.01422475106685633,True,0.01,0.025
3,2,24,0.0,0.0,1,propagule,1380,0,0,0.015942028985507246,True,0.01,0.025
3,2,25,0.0,0.0,1,propagule,1312,0,0,0.01600609756097561,True,0.01,0.025
3,2,26,0.0,0.0,1,propagule,1295,0,0,0.018532818532818532,True,0.01,0.025
3,2,27,0.0,0.0,1,propagule,1241,0,0,0.019339242546333603,True,0.01,0.025
3,2,28,0.0,0.0,1,propagule,1236,0,0,0.019417475728155338,True,0.01,0.025
3,2,29,0.0,0.0,1,propagule,1192,0,0,0.01929530201342282,True,0.01,0.025
3,2,30,0.0,0.0,1,propagule,1177,0,0,0.016992353440951572,True,0.01,0.025
3,2,31,0.0,0.0,1,propagule,1167,0,0,0.016281062553556127,True,0.01,0.025
3,2,32,0.0,0.0,1,propagule,1163,0,0,0.018056749785038694,True,0.01,0.025
3,2,33,0.0,0.0,1,propagule,1109,0,0,0.015329125338142471,True,0.01,0.025
3,2,34,0.0,0.0,1,propagule,1066,0,0,0.017823639774859287,True,0.01,0.025
3,2,35,0.0,0.0,1,propagule,1032,0,0,0.016472868217054265,True,0.01,0.025
3,2,36,0.0,0.0,1,propagule,1026,0,0,0.021442495126705652,True,0.01,0.025
3,2,37,0.0,0.0,1,propagule,1002,0,0,0.020958083832335328,True,0.01,0.025
3,2,38,0.0,0.0,1,propagule,991,0,0,0.028254288597376387,True,0.01,0.025
3,2,39,0.0,0.0,1,propagule,964,0,0,0.025933609958506226,True,0.01,0.025
3,2,40,0.0,0.0,1,propagule,975,0,0,0.033846153846153845,True,0.01,0.025
3,2,41,0.0,0.0,1,propagule,961,0,0,0.04058272632674298,True,0.01,0.025
3,2,42,0.0,0.0,1,propagule,978,0,0,0.04703476482617587,True,0.01,0.025
3,2,43,0.0,0.0,1,propagule,986,0,0,0.058823529411764705,True,0.01,0.025
3,2,44,0.0,0.0,1,propagule,971,0,0,0.0607621009268795,True,0.01,0.025
3,2,45,0.0,0.0,1,propagule,943,0,0,0.061505832449628844,True,0.01,0.025
3,2,46,0.0,0.0,1,propagule,949,0,0,0.06322444678609063,True,0.01,0.025
3,2,47,0.0,0.0,1,propagule,935,0,0,0.06631016042780749,True,0.01,0.025
3,2,48,0.0,0.0,1,propagule,936,0,0,0.06837606837606838,True,0.01,0.025
3,2,49,0.0,0.0,1,propagule,909,0,0,0.0671067106710671,True,0.01,0.025
3,2,50,0.0,0.0,1,propagule,909,0,0,0.06490649064906491,True,0.01,0.025
3,2,51,0.0,0.0,1,propagule,890,0,0,0.0696629213483146,True,0.01,0.025
3,2,52,0.0,0.0,1,propagule,876,0,0,0.06506849315068493,True,0.01,0.025
3,3,1,0.0,0.0,1,propagule,863,0,0,0.06720741599073002,True,0.01,0.025
3,3,2,0.0,0.0,1,propagule,855,0,0,0.06432748538011696,True,0.01,0.025
3,3,3,0.0,0.0,1,propagule,840,0,0,0.06904761904761905,True,0.01,0.025
3,3,4,0.0,0.0,1,propagule,856,0,0,0.07476635514018691,True,0.01,0.025
3,3,5,0.0,0.0,1,propagule,836,0,0,0.08133971291866028,True,0.01,0.025
3,3,6,0.0,0.0,1,propagule,841,0,0,0.08442330558858502,True,0.01,0.025
3,3,7,0.0,0.0,1,propagule,816,0,0,0.08823529411764706,True,0.01,0.025
3,3,8,0.0,0.0,1,propagule,816,0,0,0.09068627450980392,True,0.01,0.025
3,3,9,0.0,0.0,1,propagule,797,0,0,0.08782936010037641,True,0.01,0.025
3,3,10,0.0,0.0,1,propagule,806,0,0,0.09057071960297766,True,0.01,0.025
3,3,11,0.0,0.0,1,propagule,783,0,0,0.08812260536398467,True,0.01,0.025
3,3,12,0.0,0.0,1,propagule,808,0,0,0.09900990099009901,True,0.01,0.025
3,3,13,0.0,0.0,1,propagule,772,0,0,0.09196891191709844,True,0.01,0.025
3,3,14,0.0,0.0,1,propagule,781,0,0,0.0998719590268886,True,0.01,0.025
3,3,15,0.0,0.0,1,propagule,756,0,0,0.09259259259259259,True,0.01,0.025
3,3,16,0.0,0.0,1,propagule,764,0,0,0.09816753926701571,True,0.01,0.025
3,3,17,0.0,0.0,1,propagule,750,0,0,0.09866666666666667,True,0.01,0.025
3,3,18,0.0,0.0,1,propagule,1645,0,0,0.04437689969604863,True,0.01,0.025
3,3,19,0.0,0.0,1,propagule,1579,0,0,0.04306523115896137,True,0.01,0.025
3,3,20,0.0,0.0,1,propagule,1573,0,0,0.040050858232676415,True,0.01,0.025
3,3,21,0.0,0.0,1,propagule,1549,0,0,0.045190445448676564,True,0.01,0.025
3,3,22,0.0,0.0,1,propagule,1513,0,0,0.04296100462656973,True,0.01,0.025
3,3,23,0.0,0.0,1,propagule,1455,0,0,0.04261168384879725,True,0.01,0.025
3,3,24,0.0,0.0,1,propagule,1410,0,0,0.04326241134751773,True,0.01,0.025
3,3,25,0.0,0.0,1,propagule,1379,0,0,0.03988397389412618,True,0.01,0.025
3,3,26,0.0,0.0,1,propagule,1368,0,0,0.04239766081871345,True,0.01,0.025
3,3,27,0.0,0.0,1,propagule,1322,0,0,0.046142208774583963,True,0.01,0.025
3,3,28,0.0,0.0,1,propagule,1290,0,0,0.046511627906976744,True,0.01,0.025
3,3,29,0.0,0.0,1,propagule,1241,0,0,0.048348106365834004,True,0.01,0.025
3,3,30,0.0,0.0,1,propagule,1261,0,0,0.046788263283108644,True,0.01,0.025
3,3,31,0.0,0.0,1,propagule,1202,0,0,0.04742096505823627,True,0.01,0.025
3,3,32,0.0,0.0,1,propagule,1204,0,0,0.0473421926910299,True,0.01,0.025
3,3,33,0.0,0.0,1,propagule,1167,0,0,0.05141388174807198,True,0.01,0.025
3,3,34,0.0,0.0,1,propagule,1147,0,0,0.05231037489102005,True,0.01,0.025
3,3,35,0.0,0.0,1,propagule,1062,0,0,0.04990583804143126,True,0.01,0.025
3,3,36,0.0,0.0,1,propagule,1078,0,0,0.06586270871985157,True,0.01,0.025
3,3,37,0.0,0.0,1,propagule,1066,0,0,0.07223264540337711,True,0.01,0.025
3,3,38,0.0,0.0,1,propagule,1071,0,0,0.0784313725490196,True,0.01,0.025
3,3,39,0.0,0.0,1,propagule,1053,0,0,0.07502374169040836,True,0.01,0.025
3,3,40,0.0,0.0,1,propagule,1056,0,0,0.08049242424242424,True,0.01,0.025
3,3,41,0.0,0.0,1,propagule,1041,0,0,0.08165225744476465,True,0.01,0.025
3,3,42,0.0,0.0,1,propagule,1026,0,0,0.08089668615984405,True,0.01,0.025
3,3,43,0.0,0.0,1,propagule,952,0,0,0.08823529411764706,True,0.01,0.025
3,3,44,0.0,0.0,1,propagule,927,0,0,0.08522114347357065,True,0.01,0.025
3,3,45,0.0,0.0,1,propagule,919,0,0,0.09031556039173014,True,0.01,0.025
3,3,46,0.0,0.0,1,propagule,930,0,0,0.09462365591397849,True,0.01,0.025
3,3,47,0.0,0.0,1,propagule,921,0,0,0.09663409337676439,True,0.01,0.025
3,3,48,0.0,0.0,1,propagule,910,0,0,0.0978021978021978,True,0.01,0.025
3,3,49,0.0,0.0,1,propagule,896,0,0,0.10379464285714286,True,0.01,0.025
3,3,50,0.0,0.0,1,propagule,877,0,0,0.09920182440136831,True,0.01,0.025
3,3,51,0.0,0.0,1,propagule,879,0,0,0.1080773606370876,True,0.01,0.025
3,3,52,0.0,0.0,1,propagule,860,0,0,0.10697674418604651,True,0.01,0.025
3,4,1,0.0,0.0,1,propagule,851,0,0,0.10928319623971798,True,0.01,0.025
3,4,2,0.0,0.0,1,propagule,838,0,0,0.10739856801909307,True,0.01,0.025
3,4,3,0.0,0.0,1,propagule,833,0,0,0.11164465786314526,True,0.01,0.025
3,4,4,0.0,0.0,1,propagule,813,0,0,0.1070110701107011,True,0.01,0.025
3,4,5,0.0,0.0,1,propagule,800,0,0,0.105,True,0.01,0.025
3,4,6,0.0,0.0,1,propagule,792,0,0,0.1111111111111111,True,0.01,0.025
3,4,7,0.0,0.0,1,propagule,784,0,0,0.10331632653061225,True,0.01,0.025
3,4,8,0.0,0.0,1,propagule,774,0,0,0.10723514211886305,True,0.01,0.025
3,4,9,0.0,0.0,1,propagule,770,0,0,0.1038961038961039,True,0.01,0.025
3,4,10,0.0,0.0,1,propagule,761,0,0,0.1011826544021025,True,0.01,0.025
3,4,11,0.0,0.0,1,propagule,747,0,0,0.10174029451137885,True,0.01,0.025
3,4,12,0.0,0.0,1,propagule,738,0,0,0.0989159891598916,True,0.01,0.025
3,4,13,0.0,0.0,1,propagule,729,0,0,0.09876543209876543,True,0.01,0.025
3,4,14,0.0,0.0,1,propagule,713,0,0,0.09957924263674614,True,0.01,0.025
3,4,15,0.0,0.0,1,propagule,704,0,0,0.10085227272727272,True,0.01,0.025
3,4,16,0.0,0.0,1,propagule,710,0,0,0.1056338028169014,True,0.01,0.025
3,4,17,0.0,0.0,1,propagule,696,0,0,0.10488505747126436,True,0.01,0.025
3,4,18,0.0,0.0,1,propagule,1439,0,0,0.05072967338429465,True,0.01,0.025
3,4,19,0.0,0.0,1,propagule,1377,0,0,0.05156136528685548,True,0.01,0.025
3,4,20,0.0,0.0,1,propagule,1313,0,0,0.05026656511805026,True,0.01,0.025
3,4,21,0.0,0.0,1,propagule,1298,0,0,0.05161787365177196,True,0.01,0.025
3,4,22,0.0,0.0,1,propagule,1281,0,0,0.05152224824355972,True,0.01,0.025
3,4,23,0.0,0.0,1,propagule,1250,0,0,0.0512,True,0.01,0.025
3,4,24,0.0,0.0,1,propagule,1233,0,0,0.051094890510948905,True,0.01,0.025
3,4,25,0.0,0.0,1,propagule,1213,0,0,0.05028854080791426,True,0.01,0.025
3,4,26,0.0,0.0,1,propagule,1188,0,0,0.05387205387205387,True,0.01,0.025
3,4,27,0.0,0.0,1,propagule,1143,0,0,0.05074365704286964,True,0.01,0.025
3,4,28,0.0,0.0,1,propagule,1128,0,0,0.054078014184397165,True,0.01,0.025
3,4,29,0.0,0.0,1,propagule,1091,0,0,0.05224564619615032,True,0.01,0.025
3,4,30,0.0,0.0,1,propagule,1073,0,0,0.05684995340167754,True,0.01,0.025
3,4,31,0.0,0.0,1,propagule,1026,0,0,0.057504873294346975,True,0.01,0.025
3,4,32,0.0,0.0,1,propagule,1034,0,0,0.06479690522243714,True,0.01,0.025
3,4,33,0.0,0.0,1,propagule,982,0,0,0.06008146639511202,True,0.01,0.025
3,4,34,0.0,0.0,1,propagule,951,0,0,0.060988433228180865,True,0.01,0.025
3,4,35,0.0,0.0,1,propagule,935,0,0,0.058823529411764705,True,0.01,0.025
3,4,36,0.0,0.0,1,propagule,922,0,0,0.06399132321041215,True,0.01,0.025
3,4,37,0.0,0.0,1,propagule,900,0,0,0.06,True,0.01,0.025
3,4,38,0.0,0.0,1,propagule,884,0,0,0.06561085972850679,True,0.01,0.025
3,4,39,0.0,0.0,1,propagule,878,0,0,0.06264236902050115,True,0.01,0.025
3,4,40,0.0,0.0,1,propagule,861,0,0,0.06736353077816493,True,0.01,0.025
3,4,41,0.0,0.0,1,propagule,855,0,0,0.06432748538011696,True,0.01,0.025
3,4,42,0.0,0.0,1,propagule,854,0,0,0.06791569086651054,True,0.01,0.025
3,4,43,0.0,0.0,1,propagule,813,0,0,0.08241082410824108,True,0.01,0.025
3,4,44,0.0,0.0,1,propagule,785,0,0,0.07261146496815286,True,0.01,0.025
3,4,45,0.0,0.0,1,propagule,770,0,0,0.06883116883116883,True,0.01,0.025
3,4,46,0.0,0.0,1,propagule,762,0,0,0.06692913385826772,True,0.01,0.025
3,4,47,0.0,0.0,1,propagule,767,0,0,0.07170795306388526,True,0.01,0.025
3,4,48,0.0,0.0,1,propagule,763,0,0,0.06946264744429882,True,0.01,0.025
3,4,49,0.0,0.0,1,propagule,755,0,0,0.07682119205298013,True,0.01,0.025
3,4,50,0.0,0.0,1,propagule,750,0,0,0.07466666666666667,True,0.01,0.025
3,4,51,0.0,0.0,1,propagule,750,0,0,0.08133333333333333,True,0.01,0.025
3,4,52,0.0,0.0,1,propagule,746,0,0,0.08579088471849866,True,0.01,0.025
3,5,1,0.0,0.0,1,propagule,732,0,0,0.08469945355191257,True,0.01,0.025
3,5,2,0.0,0.0,1,propagule,725,0,0,0.08137931034482758,True,0.01,0.025
3,5,3,0.0,0.0,1,propagule,713,0,0,0.08555399719495091,True,0.01,0.025
3,5,4,0.0,0.0,1,propagule,698,0,0,0.08739255014326648,True,0.01,0.025
3,5,5,0.0,0.0,1,propagule,696,0,0,0.08477011494252873,True,0.01,0.025
3,5,6,0.0,0.0,1,propagule,682,0,0,0.08504398826979472,True,0.01,0.025
3,5,7,0.0,0.0,1,propagule,678,0,0,0.08259587020648967,True,0.01,0.025
3,5,8,0.0,0.0,1,propagule,668,0,0,0.08383233532934131,True,0.01,0.025
3,5,9,0.0,0.0,1,propagule,663,0,0,0.08144796380090498,True,0.01,0.025
3,5,10,0.0,0.0,1,propagule,654,0,0,0.08256880733944955,True,0.01,0.025
3,5,11,0.0,0.0,1,propagule,648,0,0,0.08179012345679013,True,0.01,0.025
3,5,12,0.0,0.0,1,propagule,639,0,0,0.08607198748043818,True,0.01,0.025
3,5,13,0.0,0.0,1,propagule,634,0,0,0.08201892744479496,True,0.01,0.025
3,5,14,0.0,0.0,1,propagule,630,0,0,0.0873015873015873,True,0.01,0.025
3,5,15,0.0,0.0,1,propagule,626,0,0,0.0878594249201278,True,0.01,0.025
3,5,16,0.0,0.0,1,propagule,614,0,0,0.08957654723127036,True,0.01,0.025
3,5,17,0.0,0.0,1,propagule,609,0,0,0.08702791461412152,True,0.01,0.025
3,5,18,0.0,0.0,1,propagule,1393,0,0,0.0416367552045944,True,0.01,0.025
3,5,19,0.0,0.0,1,propagule,1375,0,0,0.04145454545454545,True,0.01,0.025
3,5,20,0.0,0.0,1,propagule,1331,0,0,0.04282494365138993,True,0.01,0.025
3,5,21,0.0,0.0,1,propagule,1298,0,0,0.04160246533127889,True,0.01,0.025
3,5,22,0.0,0.0,1,propagule,1275,0,0,0.04549019607843137,True,0.01,0.025
3,5,23,0.0,0.0,1,propagule,1239,0,0,0.04439063761097659,True,0.01,0.025
3,5,24,0.0,0.0,1,propagule,1202,0,0,0.04742096505823627,True,0.01,0.025
3,5,25,0.0,0.0,1,propagule,1164,0,0,0.0429553264604811,True,0.01,0.025
3,5,26,0.0,0.0,1,propagule,1126,0,0,0.04706927175843695,True,0.01,0.025
3,5,27,0.0,0.0,1,propagule,1075,0,0,0.04930232558139535,True,0.01,0.025
3,5,28,0.0,0.0,1,propagule,1041,0,0,0.04610951008645533,True,0.01,0.025
3,5,29,0.0,0.0,1,propagule,1024,0,0,0.0478515625,True,0.01,0.025
3,5,30,0.0,0.0,1,propagule,977,0,0,0.04503582395087001,True,0.01,0.025
3,5,31,0.0,0.0,1,propagule,964,0,0,0.044605809128630707,True,0.01,0.025
3,5,32,0.0,0.0,1,propagule,905,0,0,0.04419889502762431,True,0.01,0.025
3,5,33,0.0,0.0,1,propagule,881,0,0,0.04540295119182747,True,0.01,0.025
3,5,34,0.0,0.0,1,propagule,878,0,0,0.0489749430523918,True,0.01,0.025
3,5,35,0.0,0.0,1,propagule,849,0,0,0.04946996466431095,True,0.01,0.025
3,5,36,0.0,0.0,1,propagule,842,0,0,0.057007125890736345,True,0.01,0.025
3,5,37,0.0,0.0,1,propagule,811,0,0,0.055487053020961775,True,0.01,0.025
3,5,38,0.0,0.0,1,propagule,824,0,0,0.06796116504854369,True,0.01,0.025
3,5,39,0.0,0.0,1,propagule,811,0,0,0.06535141800246609,True,0.01,0.025
3,5,40,0.0,0.0,1,propagule,801,0,0,0.07116104868913857,True,0.01,0.025
3,5,41,0.0,0.0,1,propagule,792,0,0,0.06818181818181818,True,0.01,0.025
3,5,42,0.0,0.0,1,propagule,776,0,0,0.07087628865979381,True,0.01,0.025
3,5,43,0.0,0.0,1,propagule,735,0,0,0.07482993197278912,True,0.01,0.025
3,5,44,0.0,0.0,1,propagule,691,0,0,0.06657018813314038,True,0.01,0.025
3,5,45,0.0,0.0,1,propagule,676,0,0,0.057692307692307696,True,0.01,0.025
3,5,46,0.0,0.0,1,propagule,677,0,0,0.06351550960118169,True,0.01,0.025
3,5,47,0.0,0.0,1,propagule,654,0,0,0.05504587155963303,True,0.01,0.025
3,5,48,0.0,0.0,1,propagule,642,0,0,0.06697819314641744,True,0.01,0.025
3,5,49,0.0,0.0,1,propagule,640,0,0,0.071875,True,0.01,0.025
3,5,50,0.0,0.0,1,propagule,623,0,0,0.07704654895666131,True,0.01,0.025
3,5,51,0.0,0.0,1,propagule,631,0,0,0.07606973058637084,True,0.01,0.025
3,5,52,0.0,0.0,1,propagule,633,0,0,0.08214849921011058,True,0.01,0.025
3,6,1,0.0,0.0,1,propagule,627,0,0,0.08452950558213716,True,0.01,0.025
3,6,2,0.0,0.0,1,propagule,623,0,0,0.08346709470304976,True,0.01,0.025
3,6,3,0.0,0.0,1,propagule,611,0,0,0.07364975450081833,True,0.01,0.025
3,6,4,0.0,0.0,1,propagule,609,0,0,0.08210180623973727,True,0.01,0.025
3,6,5,0.0,0.0,1,propagule,603,0,0,0.08291873963515754,True,0.01,0.025
3,6,6,0.0,0.0,1,propagule,601,0,0,0.08485856905158069,True,0.01,0.025
3,6,7,0.0,0.0,1,propagule,593,0,0,0.08094435075885328,True,0.01,0.025
3,6,8,0.0,0.0,1,propagule,592,0,0,0.08783783783783784,True,0.01,0.025
3,6,9,0.0,0.0,1,propagule,583,0,0,0.08576329331046312,True,0.01,0.025
3,6,10,0.0,0.0,1,propagule,577,0,0,0.08665511265164645,True,0.01,0.025
3,6,11,0.0,0.0,1,propagule,566,0,0,0.08480565371024736,True,0.01,0.025
3,6,12,0.0,0.0,1,propagule,559,0,0,0.08765652951699464,True,0.01,0.025
3,6,13,0.0,0.0,1,propagule,547,0,0,0.08775137111517367,True,0.01,0.025
3,6,14,0.0,0.0,1,propagule,545,0,0,0.08990825688073395,True,0.01,0.025
3,6,15,0.0,0.0,1,propagule,542,0,0,0.08856088560885608,True,0.01,0.025
3,6,16,0.0,0.0,1,propagule,539,0,0,0.09090909090909091,True,0.01,0.025
3,6,17,0.0,0.0,1,propagule,514,0,0,0.08171206225680934,True,0.01,0.025
3,6,18,0.0,0.0,1,propagule,1107,0,0,0.03884372177055104,True,0.01,0.025
3,6,19,0.0,0.0,1,propagule,1047,0,0,0.04011461318051576,True,0.01,0.025
3,6,20,0.0,0.0,1,propagule,1047,0,0,0.04011461318051576,True,0.01,0.025
3,6,21,0.0,0.0,1,propagule,999,0,0,0.03903903903903904,True,0.01,0.025
3,6,22,0.0,0.0,1,propagule,993,0,0,0.03927492447129909,True,0.01,0.025
3,6,23,0.0,0.0,1,propagule,903,0,0,0.035437430786267994,True,0.01,0.025
3,6,24,0.0,0.0,1,propagule,877,0,0,0.039908779931584946,True,0.01,0.025
3,6,25,0.0,0.0,1,propagule,857,0,0,0.03617269544924154,True,0.01,0.025
3,6,26,0.0,0.0,1,propagule,838,0,0,0.03818615751789976,True,0.01,0.025
3,6,27,0.0,0.0,1,propagule,823,0,0,0.038882138517618466,True,0.01,0.025
3,6,28,0.0,0.0,1,propagule,821,0,0,0.0438489646772229,True,0.01,0.025
3,6,29,0.0,0.0,1,propagule,793,0,0,0.0416141235813367,True,0.01,0.025
3,6,30,0.0,0.0,1,propagule,778,0,0,0.04498714652956298,True,0.01,0.025
3,6,31,0.0,0.0,1,propagule,766,0,0,0.04569190600522193,True,0.01,0.025
3,6,32,0.0,0.0,1,propagule,748,0,0,0.0481283422459893,True,0.01,0.025
3,6,33,0.0,0.0,1,propagule,729,0,0,0.04801097393689986,True,0.01,0.025
3,6,34,0.0,0.0,1,propagule,709,0,0,0.05218617771509168,True,0.01,0.025
3,6,35,0.0,0.0,1,propagule,697,0,0,0.05164992826398852,True,0.01,0.025
3,6,36,0.0,0.0,1,propagule,696,0,0,0.05890804597701149,True,0.01,0.025
3,6,37,0.0,0.0,1,propagule,679,0,0,0.061855670103092786,True,0.01,0.025
3,6,38,0.0,0.0,1,propagule,669,0,0,0.06278026905829596,True,0.01,0.025
3,6,39,0.0,0.0,1,propagule,656,0,0,0.06554878048780488,True,0.01,0.025
3,6,40,0.0,0.0,1,propagule,647,0,0,0.05873261205564142,True,0.01,0.025
3,6,41,0.0,0.0,1,propagule,631,0,0,0.06656101426307448,True,0.01,0.025
3,6,42,0.0,0.0,1,propagule,627,0,0,0.06220095693779904,True,0.01,0.025
3,6,43,0.0,0.0,1,propagule,589,0,0,0.0967741935483871,True,0.01,0.025
3,6,44,0.0,0.0,1,propagule,541,0,0,0.06469500924214418,True,0.01,0.025
3,6,45,0.0,0.0,1,propagule,528,0,0,0.06439393939393939,True,0.01,0.025
3,6,46,0.0,0.0,1,propagule,525,0,0,0.06857142857142857,True,0.01,0.025
3,6,47,0.0,0.0,1,propagule,540,0,0,0.07407407407407407,True,0.01,0.025
3,6,48,0.0,0.0,1,propagule,522,0,0,0.07279693486590039,True,0.01,0.025
3,6,49,0.0,0.0,1,propagule,525,0,0,0.07809523809523809,True,0.01,0.025
3,6,50,0.0,0.0,1,propagule,525,0,0,0.06857142857142857,True,0.01,0.025
3,6,51,0.0,0.0,1,propagule,526,0,0,0.0741444866920152,True,0.01,0.025
3,6,52,0.0,0.0,1,propagule,517,0,0,0.06576402321083172,True,0.01,0.025
3,7,1,0.0,0.0,1,propagule,519,0,0,0.07514450867052024,True,0.01,0.025
3,7,2,0.0,0.0,1,propagule,512,0,0,0.07421875,True,0.01,0.025
3,7,3,0.0,0.0,1,propagule,515,0,0,0.08349514563106795,True,0.01,0.025
3,7,4,0.0,0.0,1,propagule,510,0,0,0.0803921568627451,True,0.01,0.025
3,7,5,0.0,0.0,1,propagule,506,0,0,0.08102766798418973,True,0.01,0.025
3,7,6,0.0,0.0,1,propagule,497,0,0,0.08450704225352113,True,0.01,0.025
3,7,7,0.0,0.0,1,propagule,489,0,0,0.08793456032719836,True,0.01,0.025
3,7,8,0.0,0.0,1,propagule,482,0,0,0.08506224066390042,True,0.01,0.025
3,7,9,0.0,0.0,1,propagule,474,0,0,0.08649789029535865,True,0.01,0.025
3,7,10,0.0,0.0,1,propagule,470,0,0,0.0851063829787234,True,0.01,0.025
3,7,11,0.0,0.0,1,propagule,464,0,0,0.08405172413793104,True,0.01,0.025
3,7,12,0.0,0.0,1,propagule,458,0,0,0.08296943231441048,True,0.01,0.025
3,7,13,0.0,0.0,1,propagule,454,0,0,0.08370044052863436,True,0.01,0.025
3,7,14,0.0,0.0,1,propagule,447,0,0,0.08053691275167785,True,0.01,0.025
3,7,15,0.0,0.0,1,propagule,442,0,0,0.08144796380090498,True,0.01,0.025
3,7,16,0.0,0.0,1,propagule,438,0,0,0.07990867579908675,True,0.01,0.025
3,7,17,0.0,0.0,1,propagule,432,0,0,0.08101851851851852,True,0.01,0.025
3,7,18,0.0,0.0,1,propagule,979,0,0,0.03472931562819203,True,0.01,0.025
3,7,19,0.0,0.0,1,propagule,956,0,0,0.036610878661087864,True,0.01,0.025
3,7,20,0.0,0.0,1,propagule,913,0,0,0.03723986856516977,True,0.01,0.025
3,7,21,0.0,0.0,1,propagule,859,0,0,0.03608847497089639,True,0.01,0.025
3,7,22,0.0,0.0,1,propagule,837,0,0,0.035842293906810034,True,0.01,0.025
3,7,23,0.0,0.0,1,propagule,828,0,0,0.036231884057971016,True,0.01,0.025
3,7,24,0.0,0.0,1,propagule,819,0,0,0.03663003663003663,True,0.01,0.025
3,7,25,0.0,0.0,1,propagule,814,0,0,0.04054054054054054,True,0.01,0.025
3,7,26,0.0,0.0,1,propagule,758,0,0,0.03825857519788918,True,0.01,0.025
3,7,27,0.0,0.0,1,propagule,755,0,0,0.04105960264900662,True,0.01,0.025
3,7,28,0.0,0.0,1,propagule,711,0,0,0.040787623066104076,True,0.01,0.025
3,7,29,0.0,0.0,1,propagule,678,0,0,0.04129793510324484,True,0.01,0.025
3,7,30,0.0,0.0,1,propagule,662,0,0,0.0377643504531722,True,0.01,0.025
3,7,31,0.0,0.0,1,propagule,641,0,0,0.0452418096723869,True,0.01,0.025
3,7,32,0.0,0.0,1,propagule,619,0,0,0.04361873990306947,True,0.01,0.025
3,7,33,0.0,0.0,1,propagule,613,0,0,0.05057096247960848,True,0.01,0.025
3,7,34,0.0,0.0,1,propagule,608,0,0,0.04111842105263158,True,0.01,0.025
3,7,35,0.0,0.0,1,propagule,599,0,0,0.045075125208681135,True,0.01,0.025
3,7,36,0.0,0.0,1,propagule,576,0,0,0.04513888888888889,True,0.01,0.025
3,7,37,0.0,0.0,1,propagule,561,0,0,0.044563279857397504,True,0.01,0.025
3,7,38,0.0,0.0,1,propagule,555,0,0,0.05045045045045045,True,0.01,0.025
3,7,39,0.0,0.0,1,propagule,548,0,0,0.04927007299270073,True,0.01,0.025
3,7,40,0.0,0.0,1,propagule,553,0,0,0.05244122965641953,True,0.01,0.025
3,7,41,0.0,0.0,1,propagule,549,0,0,0.056466302367941715,True,0.01,0.025
3,7,42,0.0,0.0,1,propagule,547,0,0,0.0603290676416819,True,0.01,0.025
3,7,43,0.0,0.0,1,propagule,499,0,0,0.07214428857715431,True,0.01,0.025
3,7,44,0.0,0.0,1,propagule,475,0,0,0.061052631578947365,True,0.01,0.025
3,7,45,0.0,0.0,1,propagule,468,0,0,0.06623931623931624,True,0.01,0.025
3,7,46,0.0,0.0,1,propagule,457,0,0,0.05032822757111598,True,0.01,0.025
3,7,47,0.0,0.0,1,propagule,466,0,0,0.06223175965665236,True,0.01,0.025
3,7,48,0.0,0.0,1,propagule,476,0,0,0.06092436974789916,True,0.01,0.025
3,7,49,0.0,0.0,1,propagule,480,0,0,0.07083333333333333,True,0.01,0.025
3,7,50,0.0,0.0,1,propagule,471,0,0,0.06369426751592357,True,0.01,0.025
3,7,51,0.0,0.0,1,propagule,468,0,0,0.06837606837606838,True,0.01,0.025
3,7,52,0.0,0.0,1,propagule,465,0,0,0.06451612903225806,True,0.01,0.025
3,8,1,0.0,0.0,1,propagule,456,0,0,0.06798245614035088,True,0.01,0.025
3,8,2,0.0,0.0,1,propagule,452,0,0,0.06415929203539823,True,0.01,0.025
3,8,3,0.0,0.0,1,propagule,451,0,0,0.07317073170731707,True,0.01,0.025
3,8,4,0.0,0.0,1,propagule,441,0,0,0.06802721088435375,True,0.01,0.025
3,8,5,0.0,0.0,1,propagule,444,0,0,0.07432432432432433,True,0.01,0.025
3,8,6,0.0,0.0,1,propagule,425,0,0,0.07058823529411765,True,0.01,0.025
3,8,7,0.0,0.0,1,propagule,424,0,0,0.07783018867924528,True,0.01,0.025
3,8,8,0.0,0.0,1,propagule,419,0,0,0.07159904534606205,True,0.01,0.025
3,8,9,0.0,0.0,1,propagule,417,0,0,0.0815347721822542,True,0.01,0.025
3,8,10,0.0,0.0,1,propagule,407,0,0,0.07125307125307126,True,0.01,0.025
3,8,11,0.0,0.0,1,propagule,408,0,0,0.0784313725490196,True,0.01,0.025
3,8,12,0.0,0.0,1,propagule,405,0,0,0.07160493827160494,True,0.01,0.025
3,8,13,0.0,0.0,1,propagule,408,0,0,0.08333333333333333,True,0.01,0.025
3,8,14,0.0,0.0,1,propagule,404,0,0,0.07920792079207921,True,0.01,0.025
3,8,15,0.0,0.0,1,propagule,397,0,0,0.08312342569269521,True,0.01,0.025
3,8,16,0.0,0.0,1,propagule,394,0,0,0.08121827411167512,True,0.01,0.025
3,8,17,0.0,0.0,1,propagule,384,0,0,0.07552083333333333,True,0.01,0.025
3,8,18,0.0,0.0,1,propagule,813,0,0,0.03567035670356704,True,0.01,0.025
3,8,19,0.0,0.0,1,propagule,775,0,0,0.03612903225806452,True,0.01,0.025
3,8,20,0.0,0.0,1,propagule,760,0,0,0.035526315789473684,True,0.01,0.025
3,8,21,0.0,0.0,1,propagule,687,0,0,0.033478893740902474,True,0.01,0.025
3,8,22,0.0,0.0,1,propagule,668,0,0,0.03592814371257485,True,0.01,0.025
3,8,23,0.0,0.0,1,propagule,668,0,0,0.0344311377245509,True,0.01,0.025
3,8,24,0.0,0.0,1,propagule,653,0,0,0.03522205206738132,True,0.01,0.025
3,8,25,0.0,0.0,1,propagule,623,0,0,0.03531300160513644,True,0.01,0.025
3,8,26,0.0,0.0,1,propagule,593,0,0,0.03709949409780776,True,0.01,0.025
3,8,27,0.0,0.0,1,propagule,548,0,0,0.03467153284671533,True,0.01,0.025
3,8,28,0.0,0.0,1,propagule,542,0,0,0.04059040590405904,True,0.01,0.025
3,8,29,0.0,0.0,1,propagule,522,0,0,0.038314176245210725,True,0.01,0.025
3,8,30,0.0,0.0,1,propagule,514,0,0,0.042801556420233464,True,0.01,0.025
3,8,31,0.0,0.0,1,propagule,498,0,0,0.04216867469879518,True,0.01,0.025
3,8,32,0.0,0.0,1,propagule,498,0,0,0.04618473895582329,True,0.01,0.025
3,8,33,0.0,0.0,1,propagule,473,0,0,0.03805496828752643,True,0.01,0.025
3,8,34,0.0,0.0,1,propagule,484,0,0,0.05165289256198347,True,0.01,0.025
3,8,35,0.0,0.0,1,propagule,473,0,0,0.046511627906976744,True,0.01,0.025
3,8,36,0.0,0.0,1,propagule,478,0,0,0.056485355648535567,True,0.01,0.025
3,8,37,0.0,0.0,1,propagule,464,0,0,0.05387931034482758,True,0.01,0.025
3,8,38,0.0,0.0,1,propagule,456,0,0,0.05701754385964912,True,0.01,0.025
3,8,39,0.0,0.0,1,propagule,442,0,0,0.05429864253393665,True,0.01,0.025
3,8,40,0.0,0.0,1,propagule,446,0,0,0.06278026905829596,True,0.01,0.025
3,8,41,0.0,0.0,1,propagule,444,0,0,0.060810810810810814,True,0.01,0.025
3,8,42,0.0,0.0,1,propagule,438,0,0,0.0639269406392694,True,0.01,0.025
3,8,43,0.0,0.0,1,propagule,446,0,0,0.09192825112107623,True,0.01,0.025
3,8,44,0.0,0.0,1,propagule,418,0,0,0.07894736842105263,True,0.01,0.025
3,8,45,0.0,0.0,1,propagule,406,0,0,0.07389162561576355,True,0.01,0.025
3,8,46,0.0,0.0,1,propagule,386,0,0,0.05699481865284974,True,0.01,0.025
3,8,47,0.0,0.0,1,propagule,383,0,0,0.06266318537859007,True,0.01,0.025
3,8,48,0.0,0.0,1,propagule,387,0,0,0.06976744186046512,True,0.01,0.025
3,8,49,0.0,0.0,1,propagule,384,0,0,0.0625,True,0.01,0.025
3,8,50,0.0,0.0,1,propagule,385,0,0,0.07532467532467532,True,0.01,0.025
3,8,51,0.0,0.0,1,propagule,380,0,0,0.07368421052631578,True,0.01,0.025
3,8,52,0.0,0.0,1,propagule,374,0,0,0.07754010695187166,True,0.01,0.025
3,9,1,0.0,0.0,1,propagule,373,0,0,0.0777479892761394,True,0.01,0.025
3,9,2,0.0,0.0,1,propagule,375,0,0,0.08,True,0.01,0.025
3,9,3,0.0,0.0,1,propagule,368,0,0,0.07608695652173914,True,0.01,0.025
3,9,4,0.0,0.0,1,propagule,365,0,0,0.07945205479452055,True,0.01,0.025
3,9,5,0.0,0.0,1,propagule,358,0,0,0.0782122905027933,True,0.01,0.025
3,9,6,0.0,0.0,1,propagule,356,0,0,0.08426966292134831,True,0.01,0.025
3,9,7,0.0,0.0,1,propagule,350,0,0,0.08,True,0.01,0.025
3,9,8,0.0,0.0,1,propagule,349,0,0,0.08595988538681948,True,0.01,0.025
3,9,9,0.0,0.0,1,propagule,341,0,0,0.07917888563049853,True,0.01,0.025
3,9,10,0.0,0.0,1,propagule,338,0,0,0.08579881656804733,True,0.01,0.025
3,9,11,0.0,0.0,1,propagule,334,0,0,0.08083832335329341,True,0.01,0.025
3,9,12,0.0,0.0,1,propagule,330,0,0,0.08484848484848485,True,0.01,0.025
3,9,13,0.0,0.0,1,propagule,327,0,0,0.08256880733944955,True,0.01,0.025
3,9,14,0.0,0.0,1,propagule,322,0,0,0.08385093167701864,True,0.01,0.025
3,9,15,0.0,0.0,1,propagule,321,0,0,0.08411214953271028,True,0.01,0.025
3,9,16,0.0,0.0,1,propagule,318,0,0,0.08490566037735849,True,0.01,0.025
3,9,17,0.0,0.0,1,propagule,315,0,0,0.08253968253968254,True,0.01,0.025
3,9,18,0.0,0.0,1,propagule,625,0,0,0.0352,True,0.01,0.025
3,9,19,0.0,0.0,1,propagule,618,0,0,0.03559870550161812,True,0.01,0.025
3,9,20,0.0,0.0,1,propagule,603,0,0,0.03648424543946932,True,0.01,0.025
3,9,21,0.0,0.0,1,propagule,587,0,0,0.03747870528109029,True,0.01,0.025
3,9,22,0.0,0.0,1,propagule,577,0,0,0.038128249566724434,True,0.01,0.025
3,9,23,0.0,0.0,1,propagule,566,0,0,0.038869257950530034,True,0.01,0.025
3,9,24,0.0,0.0,1,propagule,551,0,0,0.039927404718693285,True,0.01,0.025
3,9,25,0.0,0.0,1,propagule,539,0,0,0.03896103896103896,True,0.01,0.025
3,9,26,0.0,0.0,1,propagule,532,0,0,0.041353383458646614,True,0.01,0.025
3,9,27,0.0,0.0,1,propagule,519,0,0,0.04238921001926782,True,0.01,0.025
3,9,28,0.0,0.0,1,propagule,506,0,0,0.043478260869565216,True,0.01,0.025
3,9,29,0.0,0.0,1,propagule,497,0,0,0.04426559356136821,True,0.01,0.025
3,9,30,0.0,0.0,1,propagule,493,0,0,0.04259634888438134,True,0.01,0.025
3,9,31,0.0,0.0,1,propagule,483,0,0,0.043478260869565216,True,0.01,0.025
3,9,32,0.0,0.0,1,propagule,466,0,0,0.04291845493562232,True,0.01,0.025
3,9,33,0.0,0.0,1,propagule,441,0,0,0.049886621315192746,True,0.01,0.025
3,9,34,0.0,0.0,1,propagule,435,0,0,0.05057471264367816,True,0.01,0.025
3,9,35,0.0,0.0,1,propagule,418,0,0,0.050239234449760764,True,0.01,0.025
3,9,36,0.0,0.0,1,propagule,418,0,0,0.05741626794258373,True,0.01,0.025
3,9,37,0.0,0.0,1,propagule,404,0,0,0.0594059405940594,True,0.01,0.025
3,9,38,0.0,0.0,1,propagule,404,0,0,0.06435643564356436,True,0.01,0.025
3,9,39,0.0,0.0,1,propagule,395,0,0,0.060759493670886074,True,0.01,0.025
3,9,40,0.0,0.0,1,propagule,398,0,0,0.06532663316582915,True,0.01,0.025
3,9,41,0.0,0.0,1,propagule,390,0,0,0.05384615384615385,True,0.01,0.025
3,9,42,0.0,0.0,1,propagule,389,0,0,0.061696658097686374,True,0.01,0.025
3,9,43,0.0,0.0,1,propagule,383,0,0,0.1122715404699739,True,0.01,0.025
3,9,44,0.0,0.0,1,propagule,354,0,0,0.07909604519774012,True,0.01,0.025
3,9,45,0.0,0.0,1,propagule,347,0,0,0.08069164265129683,True,0.01,0.025
3,9,46,0.0,0.0,1,propagule,343,0,0,0.08746355685131195,True,0.01,0.025
3,9,47,0.0,0.0,1,propagule,335,0,0,0.09253731343283582,True,0.01,0.025
3,9,48,0.0,0.0,1,propagule,332,0,0,0.10240963855421686,True,0.01,0.025
3,9,49,0.0,0.0,1,propagule,334,0,0,0.10179640718562874,True,0.01,0.025
3,9,50,0.0,0.0,1,propagule,323,0,0,0.1021671826625387,True,0.01,0.025
3,9,51,0.0,0.0,1,propagule,326,0,0,0.09815950920245399,True,0.01,0.025
3,9,52,0.0,0.0,1,propagule,325,0,0,0.09846153846153846,True,0.01,0.025
3,10,1,0.0,0.0,1,propagule,322,0,0,0.09937888198757763,True,0.01,0.025
3,10,2,0.0,0.0,1,propagule,317,0,0,0.10410094637223975,True,0.01,0.025
3,10,3,0.0,0.0,1,propagule,321,0,0,0.09968847352024922,True,0.01,0.025
3,10,4,0.0,0.0,1,propagule,322,0,0,0.11490683229813664,True,0.01,0.025
3,10,5,0.0,0.0,1,propagule,319,0,0,0.10658307210031348,True,0.01,0.025
3,10,6,0.0,0.0,1,propagule,314,0,0,0.11464968152866242,True,0.01,0.025
3,10,7,0.0,0.0,1,propagule,309,0,0,0.11003236245954692,True,0.01,0.025
3,10,8,0.0,0.0,1,propagule,303,0,0,0.11221122112211221,True,0.01,0.025
3,10,9,0.0,0.0,1,propagule,303,0,0,0.11221122112211221,True,0.01,0.025
3,10,10,0.0,0.0,1,propagule,294,0,0,0.10884353741496598,True,0.01,0.025
3,10,11,0.0,0.0,1,propagule,296,0,0,0.11824324324324324,True,0.01,0.025
3,10,12,0.0,0.0,1,propagule,285,0,0,0.10877192982456141,True,0.01,0.025
3,10,13,0.0,0.0,1,propagule,286,0,0,0.11538461538461539,True,0.01,0.025
3,10,14,0.0,0.0,1,propagule,280,0,0,0.11428571428571428,True,0.01,0.025
3,10,15,0.0,0.0,1,propagule,280,0,0,0.11785714285714285,True,0.01,0.025
3,10,16,0.0,0.0,1,propagule,272,0,0,0.1213235294117647,True,0.01,0.025
3,10,17,0.0,0.0,1,propagule,266,0,0,0.12406015037593984,True,0.01,0.025
3,10,18,0.0,0.0,1,propagule,535,0,0,0.05794392523364486,True,0.01,0.025
3,10,19,0.0,0.0,1,propagule,505,0,0,0.05148514851485148,True,0.01,0.025
3,10,20,0.0,0.0,1,propagule,495,0,0,0.050505050505050504,True,0.01,0.025
3,10,21,0.0,0.0,1,propagule,468,0,0,0.053418803418803416,True,0.01,0.025
3,10,22,0.0,0.0,1,propagule,459,0,0,0.058823529411764705,True,0.01,0.025
3,10,23,0.0,0.0,1,propagule,451,0,0,0.05543237250554324,True,0.01,0.025
3,10,24,0.0,0.0,1,propagule,435,0,0,0.05747126436781609,True,0.01,0.025
3,10,25,0.0,0.0,1,propagule,432,0,0,0.06018518518518518,True,0.01,0.025
3,10,26,0.0,0.0,1,propagule,408,0,0,0.061274509803921566,True,0.01,0.025
3,10,27,0.0,0.0,1,propagule,415,0,0,0.06265060240963856,True,0.01,0.025
3,10,28,0.0,0.0,1,propagule,417,0,0,0.0671462829736211,True,0.01,0.025
3,10,29,0.0,0.0,1,propagule,410,0,0,0.06829268292682927,True,0.01,0.025
3,10,30,0.0,0.0,1,propagule,407,0,0,0.07125307125307126,True,0.01,0.025
3,10,31,0.0,0.0,1,propagule,390,0,0,0.06923076923076923,True,0.01,0.025
3,10,32,0.0,0.0,1,propagule,387,0,0,0.07235142118863049,True,0.01,0.025
3,10,33,0.0,0.0,1,propagule,381,0,0,0.07349081364829396,True,0.01,0.025
3,10,34,0.0,0.0,1,propagule,375,0,0,0.07466666666666667,True,0.01,0.025
3,10,35,0.0,0.0,1,propagule,373,0,0,0.07238605898123325,True,0.01,0.025
3,10,36,0.0,0.0,1,propagule,363,0,0,0.07162534435261708,True,0.01,0.025
3,10,37,0.0,0.0,1,propagule,350,0,0,0.07428571428571429,True,0.01,0.025
3,10,38,0.0,0.0,1,propagule,342,0,0,0.07602339181286549,True,0.01,0.025
3,10,39,0.0,0.0,1,propagule,332,0,0,0.07530120481927711,True,0.01,0.025
3,10,40,0.0,0.0,1,propagule,328,0,0,0.07926829268292683,True,0.01,0.025
3,10,41,0.0,0.0,1,propagule,325,0,0,0.08307692307692308,True,0.01,0.025
3,10,42,0.0,0.0,1,propagule,325,0,0,0.08923076923076922,True,0.01,0.025
3,10,43,0.0,0.0,1,propagule,316,0,0,0.14556962025316456,True,0.01,0.025
3,10,44,0.0,0.0,1,propagule,286,0,0,0.11888111888111888,True,0.01,0.025
3,10,45,0.0,0.0,1,propagule,283,0,0,0.11307420494699646,True,0.01,0.025
3,10,46,0.0,0.0,1,propagule,281,0,0,0.10676156583629894,True,0.01,0.025
3,10,47,0.0,0.0,1,propagule,273,0,0,0.11721611721611722,True,0.01,0.025
3,10,48,0.0,0.0,1,propagule,269,0,0,0.10037174721189591,True,0.01,0.025
3,10,49,0.0,0.0,1,propagule,272,0,0,0.10294117647058823,True,0.01,0.025
3,10,50,0.0,0.0,1,propagule,263,0,0,0.10266159695817491,True,0.01,0.025
3,10,51,0.0,0.0,1,propagule,271,0,0,0.1070110701107011,True,0.01,0.025
3,10,52,0.0,0.0,1,propagule,267,0,0,0.10112359550561797,True,0.01,0.025
4,1,1,0.0,0.0,1,propagule,952,0,0,0.0,True,0.001,0.015
4,1,2,0.0,0.0,1,propagule,944,0,0,0.0,True,0.001,0.015
4,1,3,0.0,0.0,1,propagule,940,0,0,0.0,True,0.001,0.015
4,1,4,0.0,0.0,1,propagule,934,0,0,0.0010706638115631692,True,0.001,0.015
4,1,5,0.0,0.0,1,propagule,928,0,0,0.0021551724137931034,True,0.001,0.015
4,1,6,0.0,0.0,1,propagule,925,0,0,0.002162162162162162,True,0.001,0.015
4,1,7,0.0,0.0,1,propagule,925,0,0,0.004324324324324324,True,0.001,0.015
4,1,8,0.0,0.0,1,propagule,909,0,0,0.0044004400440044,True,0.001,0.015
4,1,9,0.0,0.0,1,propagule,904,0,0,0.004424778761061947,True,0.001,0.015
4,1,10,0.0,0.0,1,propagule,901,0,0,0.004439511653718091,True,0.001,0.015
4,1,11,0.0,0.0,1,propagule,880,0,0,0.003409090909090909,True,0.001,0.015
4,1,12,0.0,0.0,1,propagule,871,0,0,0.003444316877152698,True,0.001,0.015
4,1,13,0.0,0.0,1,propagule,855,0,0,0.0035087719298245615,True,0.001,0.015
4,1,14,0.0,0.0,1,propagule,852,0,0,0.0035211267605633804,True,0.001,0.015
4,1,15,0.0,0.0,1,propagule,832,0,0,0.006009615384615385,True,0.001,0.015
4,1,16,0.0,0.0,1,propagule,840,0,0,0.007142857142857143,True,0.001,0.015
4,1,17,0.0,0.0,1,propagule,828,0,0,0.007246376811594203,True,0.001,0.015
4,1,18,0.0,0.0,1,propagule,2366,0,0,0.00253592561284869,True,0.001,0.015
4,1,19,0.0,0.0,1,propagule,2326,0,0,0.0025795356835769563,True,0.001,0.015
4,1,20,0.0,0.0,1,propagule,2339,0,0,0.0025651988029072254,True,0.001,0.015
4,1,21,0.0,0.0,1,propagule,2264,0,0,0.00265017667844523,True,0.001,0.015
4,1,22,0.0,0.0,1,propagule,2261,0,0,0.0026536930561698365,True,0.001,0.015
4,1,23,0.0,0.0,1,propagule,2236,0,0,0.0026833631484794273,True,0.001,0.015
4,1,24,0.0,0.0,1,propagule,2183,0,0,0.002748511223087494,True,0.001,0.015
4,1,25,0.0,0.0,1,propagule,2155,0,0,0.0027842227378190253,True,0.001,0.015
4,1,26,0.0,0.0,1,propagule,2135,0,0,0.002810304449648712,True,0.001,0.015
4,1,27,0.0,0.0,1,propagule,2116,0,0,0.002835538752362949,True,0.001,0.015
4,1,28,0.0,0.0,1,propagule,2076,0,0,0.002890173410404624,True,0.001,0.015
4,1,29,0.0,0.0,1,propagule,2013,0,0,0.0029806259314456036,True,0.001,0.015
4,1,30,0.0,0.0,1,propagule,1979,0,0,0.003031834259727135,True,0.001,0.015
4,1,31,0.0,0.0,1,propagule,1937,0,0,0.003097573567372225,True,0.001,0.015
4,1,32,0.0,0.0,1,propagule,1890,0,0,0.0031746031746031746,True,0.001,0.015
4,1,33,0.0,0.0,1,propagule,1864,0,0,0.003218884120171674,True,0.001,0.015
4,1,34,0.0,0.0,1,propagule,1834,0,0,0.003271537622682661,True,0.001,0.015
4,1,35,0.0,0.0,1,propagule,1797,0,0,0.00333889816360601,True,0.001,0.015
4,1,36,0.0,0.0,1,propagule,1774,0,0,0.005073280721533258,True,0.001,0.015
4,1,37,0.0,0.0,1,propagule,1758,0,0,0.005119453924914676,True,0.001,0.015
4,1,38,0.0,0.0,1,propagule,1747,0,0,0.007441327990841442,True,0.001,0.015
4,1,39,0.0,0.0,1,propagule,1721,0,0,0.008134805345729227,True,0.001,0.015
4,1,40,0.0,0.0,1,propagule,1714,0,0,0.011085180863477246,True,0.001,0.015
4,1,41,0.0,0.0,1,propagule,1695,0,0,0.01415929203539823,True,0.001,0.015
4,1,42,0.0,0.0,1,propagule,1671,0,0,0.011968880909634948,True,0.001,0.015
4,1,43,0.0,0.0,1,propagule,1662,0,0,0.025872442839951864,True,0.001,0.015
4,1,44,0.0,0.0,1,propagule,1653,0,0,0.02601330913490623,True,0.001,0.015
4,1,45,0.0,0.0,1,propagule,1638,0,0,0.02564102564102564,True,0.001,0.015
4,1,46,0.0,0.0,1,propagule,1639,0,0,0.028065893837705917,True,0.001,0.015
4,1,47,0.0,0.0,1,propagule,1651,0,0,0.034524530587522716,True,0.001,0.015
4,1,48,0.0,0.0,1,propagule,1644,0,0,0.043795620437956206,True,0.001,0.015
4,1,49,0.0,0.0,1,propagule,1662,0,0,0.049338146811071,True,0.001,0.015
4,1,50,0.0,0.0,1,propagule,1652,0,0,0.04963680387409201,True,0.001,0.015
4,1,51,0.0,0.0,1,propagule,1640,0,0,0.051829268292682924,True,0.001,0.015
4,1,52,0.0,0.0,1,propagule,1618,0,0,0.05253399258343634,True,0.001,0.015
4,2,1,0.0,0.0,1,propagule,1609,0,0,0.054070851460534496,True,0.001,0.015
4,2,2,0.0,0.0,1,propagule,1585,0,0,0.04921135646687697,True,0.001,0.015
4,2,3,0.0,0.0,1,propagule,1585,0,0,0.05741324921135647,True,0.001,0.015
4,2,4,0.0,0.0,1,propagule,1577,0,0,0.053899809765377296,True,0.001,0.015
4,2,5,0.0,0.0,1,propagule,1578,0,0,0.062103929024081114,True,0.001,0.015
4,2,6,0.0,0.0,1,propagule,1557,0,0,0.057161207450224794,True,0.001,0.015
4,2,7,0.0,0.0,1,propagule,1549,0,0,0.06003873466752744,True,0.001,0.015
4,2,8,0.0,0.0,1,propagule,1516,0,0,0.05343007915567282,True,0.001,0.015
4,2,9,0.0,0.0,1,propagule,1512,0,0,0.0582010582010582,True,0.001,0.015
4,2,10,0.0,0.0,1,propagule,1495,0,0,0.05618729096989967,True,0.001,0.015
4,2,11,0.0,0.0,1,propagule,1480,0,0,0.05675675675675676,True,0.001,0.015
4,2,12,0.0,0.0,1,propagule,1456,0,0,0.052884615384615384,True,0.001,0.015
4,2,13,0.0,0.0,1,propagule,1456,0,0,0.059065934065934064,True,0.001,0.015
4,2,14,0.0,0.0,1,propagule,1430,0,0,0.05244755244755245,True,0.001,0.015
4,2,15,0.0,0.0,1,propagule,1414,0,0,0.057284299858557285,True,0.001,0.015
4,2,16,0.0,0.0,1,propagule,1393,0,0,0.050969131371141424,True,0.001,0.015
4,2,17,0.0,0.0,1,propagule,1387,0,0,0.05623648161499639,True,0.001,0.015
4,2,18,0.0,0.0,1,propagule,2598,0,0,0.02848344880677444,True,0.001,0.015
4,2,19,0.0,0.0,1,propagule,2547,0,0,0.031016882606988615,True,0.001,0.015
4,2,20,0.0,0.0,1,propagule,2528,0,0,0.03125,True,0.001,0.015
4,2,21,0.0,0.0,1,propagule,2502,0,0,0.0319744204636291,True,0.001,0.015
4,2,22,0.0,0.0,1,propagule,2485,0,0,0.032595573440643864,True,0.001,0.015
4,2,23,0.0,0.0,1,propagule,2440,0,0,0.03114754098360656,True,0.001,0.015
4,2,24,0.0,0.0,1,propagule,2430,0,0,0.03374485596707819,True,0.001,0.015
4,2,25,0.0,0.0,1,propagule,2401,0,0,0.03290295710120783,True,0.001,0.015
4,2,26,0.0,0.0,1,propagule,2366,0,0,0.03296703296703297,True,0.001,0.015
4,2,27,0.0,0.0,1,propagule,2358,0,0,0.03477523324851569,True,0.001,0.015
4,2,28,0.0,0.0,1,propagule,2294,0,0,0.03312990409764603,True,0.001,0.015
4,2,29,0.0,0.0,1,propagule,2284,0,0,0.03590192644483362,True,0.001,0.015
4,2,30,0.0,0.0,1,propagule,2269,0,0,0.03525782282944028,True,0.001,0.015
4,2,31,0.0,0.0,1,propagule,2255,0,0,0.03458980044345898,True,0.001,0.015
4,2,32,0.0,0.0,1,propagule,2232,0,0,0.03494623655913978,True,0.001,0.015
4,2,33,0.0,0.0,1,propagule,2174,0,0,0.034958601655933765,True,0.001,0.015
4,2,34,0.0,0.0,1,propagule,2165,0,0,0.03556581986143187,True,0.001,0.015
4,2,35,0.0,0.0,1,propagule,2136,0,0,0.03604868913857678,True,0.001,0.015
4,2,36,0.0,0.0,1,propagule,2113,0,0,0.03786086133459536,True,0.001,0.015
4,2,37,0.0,0.0,1,propagule,2057,0,0,0.03889158969372873,True,0.001,0.015
4,2,38,0.0,0.0,1,propagule,2050,0,0,0.041951219512195125,True,0.001,0.015
4,2,39,0.0,0.0,1,propagule,2012,0,0,0.036779324055666,True,0.001,0.015
4,2,40,0.0,0.0,1,propagule,1996,0,0,0.04308617234468938,True,0.001,0.015
4,2,41,0.0,0.0,1,propagule,1973,0,0,0.04004054738976178,True,0.001,0.015
4,2,42,0.0,0.0,1,propagule,1959,0,0,0.042879019908116385,True,0.001,0.015
4,2,43,0.0,0.0,1,propagule,1966,0,0,0.0676500508646999,True,0.001,0.015
4,2,44,0.0,0.0,1,propagule,1955,0,0,0.06547314578005115,True,0.001,0.015
4,2,45,0.0,0.0,1,propagule,1983,0,0,0.07362581946545638,True,0.001,0.015
4,2,46,0.0,0.0,1,propagule,1971,0,0,0.0806697108066971,True,0.001,0.015
4,2,47,0.0,0.0,1,propagule,2000,0,0,0.087,True,0.001,0.015
4,2,48,0.0,0.0,1,propagule,2020,0,0,0.09603960396039604,True,0.001,0.015
4,2,49,0.0,0.0,1,propagule,2021,0,0,0.09896091044037605,True,0.001,0.015
4,2,50,0.0,0.0,1,propagule,2048,0,0,0.10791015625,True,0.001,0.015
4,2,51,0.0,0.0,1,propagule,2005,0,0,0.10324189526184539,True,0.001,0.015
4,2,52,0.0,0.0,1,propagule,2023,0,0,0.11319822046465645,True,0.001,0.015
4,3,1,0.0,0.0,1,propagule,1966,0,0,0.10478128179043744,True,0.001,0.015
4,3,2,0.0,0.0,1,propagule,2000,0,0,0.1155,True,0.001,0.015
4,3,3,0.0,0.0,1,propagule,1944,0,0,0.10648148148148148,True,0.001,0.015
4,3,4,0.0,0.0,1,propagule,1954,0,0,0.11514841351074719,True,0.001,0.015
4,3,5,0.0,0.0,1,propagule,1917,0,0,0.10954616588419405,True,0.001,0.015
4,3,6,0.0,0.0,1,propagule,1927,0,0,0.11364815775817333,True,0.001,0.015
4,3,7,0.0,0.0,1,propagule,1894,0,0,0.11034846884899684,True,0.001,0.015
4,3,8,0.0,0.0,1,propagule,1914,0,0,0.11650992685475445,True,0.001,0.015
4,3,9,0.0,0.0,1,propagule,1856,0,0,0.10614224137931035,True,0.001,0.015
4,3,10,0.0,0.0,1,propagule,1874,0,0,0.11312700106723586,True,0.001,0.015
4,3,11,0.0,0.0,1,propagule,1840,0,0,0.11032608695652174,True,0.001,0.015
4,3,12,0.0,0.0,1,propagule,1845,0,0,0.11490514905149052,True,0.001,0.015
4,3,13,0.0,0.0,1,propagule,1817,0,0,0.11117226197028068,True,0.001,0.015
4,3,14,0.0,0.0,1,propagule,1824,0,0,0.11677631578947369,True,0.001,0.015
4,3,15,0.0,0.0,1,propagule,1801,0,0,0.11327040533037201,True,0.001,0.015
4,3,16,0.0,0.0,1,propagule,1804,0,0,0.11696230598669623,True,0.001,0.015
4,3,17,0.0,0.0,1,propagule,1788,0,0,0.11521252796420582,True,0.001,0.015
4,3,18,0.0,0.0,1,propagule,3966,0,0,0.05370650529500756,True,0.001,0.015
4,3,19,0.0,0.0,1,propagule,3874,0,0,0.05265875064532782,True,0.001,0.015
4,3,20,0.0,0.0,1,propagule,3852,0,0,0.053738317757009345,True,0.001,0.015
4,3,21,0.0,0.0,1,propagule,3827,0,0,0.05722498040240397,True,0.001,0.015
4,3,22,0.0,0.0,1,propagule,3832,0,0,0.059237995824634654,True,0.001,0.015
4,3,23,0.0,0.0,1,propagule,3771,0,0,0.05940068947228852,True,0.001,0.015
4,3,24,0.0,0.0,1,propagule,3746,0,0,0.0595301655098772,True,0.001,0.015
4,3,25,0.0,0.0,1,propagule,3707,0,0,0.05988670083625573,True,0.001,0.015
4,3,26,0.0,0.0,1,propagule,3642,0,0,0.060955518945634266,True,0.001,0.015
4,3,27,0.0,0.0,1,propagule,3553,0,0,0.06051224317478188,True,0.001,0.015
4,3,28,0.0,0.0,1,propagule,3551,0,0,0.061391157420444945,True,0.001,0.015
4,3,29,0.0,0.0,1,propagule,3459,0,0,0.0598438855160451,True,0.001,0.015
4,3,30,0.0,0.0,1,propagule,3464,0,0,0.062066974595842955,True,0.001,0.015
4,3,31,0.0,0.0,1,propagule,3400,0,0,0.06147058823529412,True,0.001,0.015
4,3,32,0.0,0.0,1,propagule,3414,0,0,0.06121851200937317,True,0.001,0.015
4,3,33,0.0,0.0,1,propagule,3330,0,0,0.06246246246246246,True,0.001,0.015
4,3,34,0.0,0.0,1,propagule,3335,0,0,0.06416791604197901,True,0.001,0.015
4,3,35,0.0,0.0,1,propagule,3256,0,0,0.06326781326781326,True,0.001,0.015
4,3,36,0.0,0.0,1,propagule,3263,0,0,0.0665032178976402,True,0.001,0.015
4,3,37,0.0,0.0,1,propagule,3199,0,0,0.06595811190997186,True,0.001,0.015
4,3,38,0.0,0.0,1,propagule,3225,0,0,0.0675968992248062,True,0.001,0.015
4,3,39,0.0,0.0,1,propagule,3147,0,0,0.06800127105179536,True,0.001,0.015
4,3,40,0.0,0.0,1,propagule,3145,0,0,0.06931637519872814,True,0.001,0.015
4,3,41,0.0,0.0,1,propagule,3090,0,0,0.07022653721682848,True,0.001,0.015
4,3,42,0.0,0.0,1,propagule,3090,0,0,0.07119741100323625,True,0.001,0.015
4,3,43,0.0,0.0,1,propagule,2977,0,0,0.0950621430970776,True,0.001,0.015
4,3,44,0.0,0.0,1,propagule,2867,0,0,0.0851063829787234,True,0.001,0.015
4,3,45,0.0,0.0,1,propagule,2836,0,0,0.08744710860366714,True,0.001,0.015
4,3,46,0.0,0.0,1,propagule,2830,0,0,0.08939929328621908,True,0.001,0.015
4,3,47,0.0,0.0,1,propagule,2843,0,0,0.09532184312346113,True,0.001,0.015
4,3,48,0.0,0.0,1,propagule,2783,0,0,0.09306503772906935,True,0.001,0.015
4,3,49,0.0,0.0,1,propagule,2790,0,0,0.09426523297491039,True,0.001,0.015
4,3,50,0.0,0.0,1,propagule,2802,0,0,0.10028551034975018,True,0.001,0.015
4,3,51,0.0,0.0,1,propagule,2767,0,0,0.10119262739428984,True,0.001,0.015
4,3,52,0.0,0.0,1,propagule,2715,0,0,0.09834254143646409,True,0.001,0.015
4,4,1,0.0,0.0,1,propagule,2723,0,0,0.10135879544619905,True,0.001,0.015
4,4,2,0.0,0.0,1,propagule,2672,0,0,0.10104790419161677,True,0.001,0.015
4,4,3,0.0,0.0,1,propagule,2683,0,0,0.10324263883712262,True,0.001,0.015
4,4,4,0.0,0.0,1,propagule,2620,0,0,0.1,True,0.001,0.015
4,4,5,0.0,0.0,1,propagule,2617,0,0,0.10202521971723347,True,0.001,0.015
4,4,6,0.0,0.0,1,propagule,2593,0,0,0.10374084072502893,True,0.001,0.015
4,4,7,0.0,0.0,1,propagule,2593,0,0,0.10374084072502893,True,0.001,0.015
4,4,8,0.0,0.0,1,propagule,2529,0,0,0.10280743376828787,True,0.001,0.015
4,4,9,0.0,0.0,1,propagule,2546,0,0,0.10604870384917518,True,0.001,0.015
4,4,10,0.0,0.0,1,propagule,2498,0,0,0.10608486789431545,True,0.001,0.015
4,4,11,0.0,0.0,1,propagule,2515,0,0,0.10815109343936381,True,0.001,0.015
4,4,12,0.0,0.0,1,propagule,2468,0,0,0.10453808752025932,True,0.001,0.015
4,4,13,0.0,0.0,1,propagule,2464,0,0,0.10673701298701299,True,0.001,0.015
4,4,14,0.0,0.0,1,propagule,2416,0,0,0.10637417218543047,True,0.001,0.015
4,4,15,0.0,0.0,1,propagule,2430,0,0,0.10781893004115227,True,0.001,0.015
4,4,16,0.0,0.0,1,propagule,2379,0,0,0.1080285834384195,True,0.001,0.015
4,4,17,0.0,0.0,1,propagule,2388,0,0,0.11013400335008375,True,0.001,0.015
4,4,18,0.0,0.0,1,propagule,4916,0,0,0.050854353132628156,True,0.001,0.015
4,4,19,0.0,0.0,1,propagule,4929,0,0,0.05295191722458917,True,0.001,0.015
4,4,20,0.0,0.0,1,propagule,4805,0,0,0.05161290322580645,True,0.001,0.015
4,4,21,0.0,0.0,1,propagule,4852,0,0,0.05482275350370981,True,0.001,0.015
4,4,22,0.0,0.0,1,propagule,4687,0,0,0.05355237892041818,True,0.001,0.015
4,4,23,0.0,0.0,1,propagule,4748,0,0,0.05602358887952822,True,0.001,0.015
4,4,24,0.0,0.0,1,propagule,4616,0,0,0.05654246100519931,True,0.001,0.015
4,4,25,0.0,0.0,1,propagule,4644,0,0,0.05770887166236004,True,0.001,0.015
4,4,26,0.0,0.0,1,propagule,4520,0,0,0.05796460176991151,True,0.001,0.015
4,4,27,0.0,0.0,1,propagule,4556,0,0,0.05948200175592625,True,0.001,0.015
4,4,28,0.0,0.0,1,propagule,4413,0,0,0.05982324949014276,True,0.001,0.015
4,4,29,0.0,0.0,1,propagule,4394,0,0,0.06053709604005462,True,0.001,0.015
4,4,30,0.0,0.0,1,propagule,4216,0,0,0.06285578747628083,True,0.001,0.015
4,4,31,0.0,0.0,1,propagule,4240,0,0,0.06485849056603774,True,0.001,0.015
4,4,32,0.0,0.0,1,propagule,4077,0,0,0.0657346087809664,True,0.001,0.015
4,4,33,0.0,0.0,1,propagule,4079,0,0,0.06594753616082373,True,0.001,0.015
4,4,34,0.0,0.0,1,propagule,3965,0,0,0.06885245901639345,True,0.001,0.015
4,4,35,0.0,0.0,1,propagule,3907,0,0,0.07038648579472741,True,0.001,0.015
4,4,36,0.0,0.0,1,propagule,3862,0,0,0.07224236147074055,True,0.001,0.015
4,4,37,0.0,0.0,1,propagule,3914,0,0,0.07281553398058252,True,0.001,0.015
4,4,38,0.0,0.0,1,propagule,3763,0,0,0.07015678979537603,True,0.001,0.015
4,4,39,0.0,0.0,1,propagule,3804,0,0,0.07255520504731862,True,0.001,0.015
4,4,40,0.0,0.0,1,propagule,3712,0,0,0.07112068965517242,True,0.001,0.015
4,4,41,0.0,0.0,1,propagule,3760,0,0,0.07367021276595745,True,0.001,0.015
4,4,42,0.0,0.0,1,propagule,3662,0,0,0.0718186783178591,True,0.001,0.015
4,4,43,0.0,0.0,1,propagule,3586,0,0,0.10345789180145008,True,0.001,0.015
4,4,44,0.0,0.0,1,propagule,3493,0,0,0.10134554823933581,True,0.001,0.015
4,4,45,0.0,0.0,1,propagule,3484,0,0,0.10562571756601608,True,0.001,0.015
4,4,46,0.0,0.0,1,propagule,3493,0,0,0.10707128542799886,True,0.001,0.015
4,4,47,0.0,0.0,1,propagule,3511,0,0,0.11734548561663344,True,0.001,0.015
4,4,48,0.0,0.0,1,propagule,3522,0,0,0.12379329926178308,True,0.001,0.015
4,4,49,0.0,0.0,1,propagule,3557,0,0,0.12876019117233622,True,0.001,0.015
4,4,50,0.0,0.0,1,propagule,3510,0,0,0.1319088319088319,True,0.001,0.015
4,4,51,0.0,0.0,1,propagule,3564,0,0,0.14029180695847362,True,0.001,0.015
4,4,52,0.0,0.0,1,propagule,3532,0,0,0.14269535673839184,True,0.001,0.015
4,5,1,0.0,0.0,1,propagule,3570,0,0,0.14705882352941177,True,0.001,0.015
4,5,2,0.0,0.0,1,propagule,3514,0,0,0.14826408651109846,True,0.001,0.015
4,5,3,0.0,0.0,1,propagule,3564,0,0,0.15235690235690236,True,0.001,0.015
4,5,4,0.0,0.0,1,propagule,3503,0,0,0.15415358264344847,True,0.001,0.015
4,5,5,0.0,0.0,1,propagule,3526,0,0,0.15626772546795237,True,0.001,0.015
4,5,6,0.0,0.0,1,propagule,3465,0,0,0.15670995670995672,True,0.001,0.015
4,5,7,0.0,0.0,1,propagule,3519,0,0,0.16112531969309463,True,0.001,0.015
4,5,8,0.0,0.0,1,propagule,3436,0,0,0.15919674039580908,True,0.001,0.015
4,5,9,0.0,0.0,1,propagule,3469,0,0,0.16200634188526952,True,0.001,0.015
4,5,10,0.0,0.0,1,propagule,3395,0,0,0.16082474226804125,True,0.001,0.015
4,5,11,0.0,0.0,1,propagule,3411,0,0,0.16153620639108765,True,0.001,0.015
4,5,12,0.0,0.0,1,propagule,3348,0,0,0.16099163679808842,True,0.001,0.015
4,5,13,0.0,0.0,1,propagule,3377,0,0,0.1625703286941072,True,0.001,0.015
4,5,14,0.0,0.0,1,propagule,3321,0,0,0.16320385426076484,True,0.001,0.015
4,5,15,0.0,0.0,1,propagule,3324,0,0,0.16335740072202165,True,0.001,0.015
4,5,16,0.0,0.0,1,propagule,3260,0,0,0.1638036809815951,True,0.001,0.015
4,5,17,0.0,0.0,1,propagule,3265,0,0,0.16355283307810106,True,0.001,0.015
4,5,18,0.0,0.0,1,propagule,7185,0,0,0.07390396659707725,True,0.001,0.015
4,5,19,0.0,0.0,1,propagule,7147,0,0,0.07485658318175459,True,0.001,0.015
4,5,20,0.0,0.0,1,propagule,7039,0,0,0.07486858928825117,True,0.001,0.015
4,5,21,0.0,0.0,1,propagule,7010,0,0,0.075320970042796,True,0.001,0.015
4,5,22,0.0,0.0,1,propagule,6891,0,0,0.07531562908141054,True,0.001,0.015
4,5,23,0.0,0.0,1,propagule,6831,0,0,0.0758307714829454,True,0.001,0.015
4,5,24,0.0,0.0,1,propagule,6661,0,0,0.07746584596907372,True,0.001,0.015
4,5,25,0.0,0.0,1,propagule,6567,0,0,0.07887924470839043,True,0.001,0.015
4,5,26,0.0,0.0,1,propagule,6388,0,0,0.07999373825923607,True,0.001,0.015
4,5,27,0.0,0.0,1,propagule,6365,0,0,0.08059701492537313,True,0.001,0.015
4,5,28,0.0,0.0,1,propagule,6180,0,0,0.08090614886731391,True,0.001,0.015
4,5,29,0.0,0.0,1,propagule,6165,0,0,0.08029197080291971,True,0.001,0.015
4,5,30,0.0,0.0,1,propagule,6031,0,0,0.08124689106284198,True,0.001,0.015
4,5,31,0.0,0.0,1,propagule,5999,0,0,0.08184697449574929,True,0.001,0.015
4,5,32,0.0,0.0,1,propagule,5848,0,0,0.08276333789329686,True,0.001,0.015
4,5,33,0.0,0.0,1,propagule,5887,0,0,0.08289451333446578,True,0.001,0.015
4,5,34,0.0,0.0,1,propagule,5750,0,0,0.08365217391304348,True,0.001,0.015
4,5,35,0.0,0.0,1,propagule,5707,0,0,0.08393201331697915,True,0.001,0.015
4,5,36,0.0,0.0,1,propagule,5611,0,0,0.0860809124933167,True,0.001,0.015
4,5,37,0.0,0.0,1,propagule,5603,0,0,0.08548991611636624,True,0.001,0.015
4,5,38,0.0,0.0,1,propagule,5513,0,0,0.08797387992018864,True,0.001,0.015
4,5,39,0.0,0.0,1,propagule,5521,0,0,0.08730302481434522,True,0.001,0.015
4,5,40,0.0,0.0,1,propagule,5394,0,0,0.08806080830552465,True,0.001,0.015
4,5,41,0.0,0.0,1,propagule,5435,0,0,0.09015639374425023,True,0.001,0.015
4,5,42,0.0,0.0,1,propagule,5322,0,0,0.08887636226982337,True,0.001,0.015
4,5,43,0.0,0.0,1,propagule,4977,0,0,0.10990556560176813,True,0.001,0.015
4,5,44,0.0,0.0,1,propagule,4842,0,0,0.10718711276332094,True,0.001,0.015
4,5,45,0.0,0.0,1,propagule,4806,0,0,0.1075738660008323,True,0.001,0.015
4,5,46,0.0,0.0,1,propagule,4794,0,0,0.11013767209011265,True,0.001,0.015
4,5,47,0.0,0.0,1,propagule,4804,0,0,0.11323896752706078,True,0.001,0.015
4,5,48,0.0,0.0,1,propagule,4776,0,0,0.11704355108877722,True,0.001,0.015
4,5,49,0.0,0.0,1,propagule,4771,0,0,0.11905260951582478,True,0.001,0.015
4,5,50,0.0,0.0,1,propagule,4813,0,0,0.12590899646789944,True,0.001,0.015
4,5,51,0.0,0.0,1,propagule,4826,0,0,0.12847078325735597,True,0.001,0.015
4,5,52,0.0,0.0,1,propagule,4787,0,0,0.1288907457697932,True,0.001,0.015
4,6,1,0.0,0.0,1,propagule,4806,0,0,0.13254265501456514,True,0.001,0.015
4,6,2,0.0,0.0,1,propagule,4686,0,0,0.13294921041399915,True,0.001,0.015
4,6,3,0.0,0.0,1,propagule,4701,0,0,0.133588598170602,True,0.001,0.015
4,6,4,0.0,0.0,1,propagule,4630,0,0,0.13347732181425487,True,0.001,0.015
4,6,5,0.0,0.0,1,propagule,4640,0,0,0.13706896551724138,True,0.001,0.015
4,6,6,0.0,0.0,1,propagule,4565,0,0,0.13581599123767799,True,0.001,0.015
4,6,7,0.0,0.0,1,propagule,4573,0,0,0.13907719221517603,True,0.001,0.015
4,6,8,0.0,0.0,1,propagule,4505,0,0,0.13806881243063263,True,0.001,0.015
4,6,9,0.0,0.0,1,propagule,4509,0,0,0.1408294522066977,True,0.001,0.015
4,6,10,0.0,0.0,1,propagule,4447,0,0,0.13897009219698672,True,0.001,0.015
4,6,11,0.0,0.0,1,propagule,4460,0,0,0.14192825112107624,True,0.001,0.015
4,6,12,0.0,0.0,1,propagule,4401,0,0,0.14019541013406045,True,0.001,0.015
4,6,13,0.0,0.0,1,propagule,4406,0,0,0.14207898320472084,True,0.001,0.015
4,6,14,0.0,0.0,1,propagule,4357,0,0,0.14161120036722516,True,0.001,0.015
4,6,15,0.0,0.0,1,propagule,4336,0,0,0.14252767527675278,True,0.001,0.015
4,6,16,0.0,0.0,1,propagule,4290,0,0,0.14219114219114218,True,0.001,0.015
4,6,17,0.0,0.0,1,propagule,4282,0,0,0.14339093881363849,True,0.001,0.015
4,6,18,0.0,0.0,1,propagule,9239,0,0,0.06526680376664142,True,0.001,0.015
4,6,19,0.0,0.0,1,propagule,9166,0,0,0.06578660266201178,True,0.001,0.015
4,6,20,0.0,0.0,1,propagule,8990,0,0,0.06651835372636263,True,0.001,0.015
4,6,21,0.0,0.0,1,propagule,8891,0,0,0.06703407940614105,True,0.001,0.015
4,6,22,0.0,0.0,1,propagule,8732,0,0,0.06756756756756757,True,0.001,0.015
4,6,23,0.0,0.0,1,propagule,8659,0,0,0.06802171151403165,True,0.001,0.015
4,6,24,0.0,0.0,1,propagule,8526,0,0,0.06814449917898194,True,0.001,0.015
4,6,25,0.0,0.0,1,propagule,8427,0,0,0.06823306040109173,True,0.001,0.015
4,6,26,0.0,0.0,1,propagule,8314,0,0,0.06952128939138802,True,0.001,0.015
4,6,27,0.0,0.0,1,propagule,8227,0,0,0.06952716664640816,True,0.001,0.015
4,6,28,0.0,0.0,1,propagule,8130,0,0,0.07011070110701106,True,0.001,0.015
4,6,29,0.0,0.0,1,propagule,8008,0,0,0.07067932067932067,True,0.001,0.015
4,6,30,0.0,0.0,1,propagule,7868,0,0,0.07168276563294357,True,0.001,0.015
4,6,31,0.0,0.0,1,propagule,7703,0,0,0.07282876801246267,True,0.001,0.015
4,6,32,0.0,0.0,1,propagule,7583,0,0,0.07411314783067388,True,0.001,0.015
4,6,33,0.0,0.0,1,propagule,7486,0,0,0.07427197435212396,True,0.001,0.015
4,6,34,0.0,0.0,1,propagule,7377,0,0,0.07482716551443676,True,0.001,0.015
4,6,35,0.0,0.0,1,propagule,7252,0,0,0.0758411472697187,True,0.001,0.015
4,6,36,0.0,0.0,1,propagule,7118,0,0,0.07628547344759765,True,0.001,0.015
4,6,37,0.0,0.0,1,propagule,7029,0,0,0.07668231611893583,True,0.001,0.015
4,6,38,0.0,0.0,1,propagule,6969,0,0,0.07762950208064284,True,0.001,0.015
4,6,39,0.0,0.0,1,propagule,6897,0,0,0.07771494852834565,True,0.001,0.015
4,6,40,0.0,0.0,1,propagule,6836,0,0,0.07840842598010532,True,0.001,0.015
4,6,41,0.0,0.0,1,propagule,6777,0,0,0.07938615906743397,True,0.001,0.015
4,6,42,0.0,0.0,1,propagule,6715,0,0,0.07922561429635146,True,0.001,0.015
4,6,43,0.0,0.0,1,propagule,6254,0,0,0.10617204988807163,True,0.001,0.015
4,6,44,0.0,0.0,1,propagule,6080,0,0,0.103125,True,0.001,0.015
4,6,45,0.0,0.0,1,propagule,6010,0,0,0.10582362728785358,True,0.001,0.015
4,6,46,0.0,0.0,1,propagule,6016,0,0,0.10505319148936171,True,0.001,0.015
4,6,47,0.0,0.0,1,propagule,5999,0,0,0.11001833638939823,True,0.001,0.015
4,6,48,0.0,0.0,1,propagule,5984,0,0,0.11330213903743315,True,0.001,0.015
4,6,49,0.0,0.0,1,propagule,5977,0,0,0.11661368579554961,True,0.001,0.015
4,6,50,0.0,0.0,1,propagule,5985,0,0,0.11796157059314955,True,0.001,0.015
4,6,51,0.0,0.0,1,propagule,5969,0,0,0.12146088121963478,True,0.001,0.015
4,6,52,0.0,0.0,1,propagule,6003,0,0,0.12293853073463268,True,0.001,0.015
4,7,1,0.0,0.0,1,propagule,5888,0,0,0.12449048913043478,True,0.001,0.015
4,7,2,0.0,0.0,1,propagule,5883,0,0,0.12714601393846678,True,0.001,0.015
4,7,3,0.0,0.0,1,propagule,5780,0,0,0.12612456747404843,True,0.001,0.015
4,7,4,0.0,0.0,1,propagule,5756,0,0,0.12804030576789438,True,0.001,0.015
4,7,5,0.0,0.0,1,propagule,5681,0,0,0.12709030100334448,True,0.001,0.015
4,7,6,0.0,0.0,1,propagule,5677,0,0,0.1291174916329047,True,0.001,0.015
4,7,7,0.0,0.0,1,propagule,5604,0,0,0.12883654532476801,True,0.001,0.015
4,7,8,0.0,0.0,1,propagule,5586,0,0,0.1297887576083065,True,0.001,0.015
4,7,9,0.0,0.0,1,propagule,5519,0,0,0.12937126290994747,True,0.001,0.015
4,7,10,0.0,0.0,1,propagule,5500,0,0,0.13036363636363638,True,0.001,0.015
4,7,11,0.0,0.0,1,propagule,5449,0,0,0.13048265736832446,True,0.001,0.015
4,7,12,0.0,0.0,1,propagule,5404,0,0,0.13045891931902295,True,0.001,0.015
4,7,13,0.0,0.0,1,propagule,5361,0,0,0.1301995896288006,True,0.001,0.015
4,7,14,0.0,0.0,1,propagule,5322,0,0,0.12983840661405488,True,0.001,0.015
4,7,15,0.0,0.0,1,propagule,5283,0,0,0.13079689570319894,True,0.001,0.015
4,7,16,0.0,0.0,1,propagule,5258,0,0,0.1306580448839863,True,0.001,0.015
4,7,17,0.0,0.0,1,propagule,5222,0,0,0.13136729222520108,True,0.001,0.015
4,7,18,0.0,0.0,1,propagule,11439,0,0,0.05944575574788006,True,0.001,0.015
4,7,19,0.0,0.0,1,propagule,11272,0,0,0.06023775727466288,True,0.001,0.015
4,7,20,0.0,0.0,1,propagule,11130,0,0,0.06082659478885894,True,0.001,0.015
4,7,21,0.0,0.0,1,propagule,10969,0,0,0.06162822499772085,True,0.001,0.015
4,7,22,0.0,0.0,1,propagule,10738,0,0,0.06202272303967219,True,0.001,0.015
4,7,23,0.0,0.0,1,propagule,10599,0,0,0.06283611661477498,True,0.001,0.015
4,7,24,0.0,0.0,1,propagule,10442,0,0,0.06282321394368895,True,0.001,0.015
4,7,25,0.0,0.0,1,propagule,10284,0,0,0.06398288603656165,True,0.001,0.015
4,7,26,0.0,0.0,1,propagule,10106,0,0,0.06412032455966753,True,0.001,0.015
4,7,27,0.0,0.0,1,propagule,9941,0,0,0.06498340207222614,True,0.001,0.015
4,7,28,0.0,0.0,1,propagule,9789,0,0,0.06537950761058331,True,0.001,0.015
4,7,29,0.0,0.0,1,propagule,9689,0,0,0.06584786871710187,True,0.001,0.015
4,7,30,0.0,0.0,1,propagule,9515,0,0,0.06631634261692065,True,0.001,0.015
4,7,31,0.0,0.0,1,propagule,9353,0,0,0.06682347909761574,True,0.001,0.015
4,7,32,0.0,0.0,1,propagule,9176,0,0,0.0672406277244987,True,0.001,0.015
4,7,33,0.0,0.0,1,propagule,9043,0,0,0.06745549043459029,True,0.001,0.015
4,7,34,0.0,0.0,1,propagule,8912,0,0,0.06799820466786355,True,0.001,0.015
4,7,35,0.0,0.0,1,propagule,8765,0,0,0.06902452937820878,True,0.001,0.015
4,7,36,0.0,0.0,1,propagule,8607,0,0,0.06971070059254096,True,0.001,0.015
4,7,37,0.0,0.0,1,propagule,8487,0,0,0.06951808648521268,True,0.001,0.015
4,7,38,0.0,0.0,1,propagule,8407,0,0,0.06982276674200072,True,0.001,0.015
4,7,39,0.0,0.0,1,propagule,8326,0,0,0.07026183041076146,True,0.001,0.015
4,7,40,0.0,0.0,1,propagule,8249,0,0,0.07091768699236271,True,0.001,0.015
4,7,41,0.0,0.0,1,propagule,8176,0,0,0.07106164383561644,True,0.001,0.015
4,7,42,0.0,0.0,1,propagule,8084,0,0,0.07187036120732311,True,0.001,0.015
4,7,43,0.0,0.0,1,propagule,7582,0,0,0.10775520970720126,True,0.001,0.015
4,7,44,0.0,0.0,1,propagule,7281,0,0,0.103831891223733,True,0.001,0.015
4,7,45,0.0,0.0,1,propagule,7155,0,0,0.1037037037037037,True,0.001,0.015
4,7,46,0.0,0.0,1,propagule,7152,0,0,0.10696308724832215,True,0.001,0.015
4,7,47,0.0,0.0,1,propagule,7180,0,0,0.1116991643454039,True,0.001,0.015
4,7,48,0.0,0.0,1,propagule,7138,0,0,0.11697954609134212,True,0.001,0.015
4,7,49,0.0,0.0,1,propagule,7184,0,0,0.12235523385300669,True,0.001,0.015
4,7,50,0.0,0.0,1,propagule,7274,0,0,0.12908990926587846,True,0.001,0.015
4,7,51,0.0,0.0,1,propagule,7259,0,0,0.13087202093952335,True,0.001,0.015
4,7,52,0.0,0.0,1,propagule,7307,0,0,0.1332968386478719,True,0.001,0.015
4,8,1,0.0,0.0,1,propagule,7280,0,0,0.1364010989010989,True,0.001,0.015
4,8,2,0.0,0.0,1,propagule,7222,0,0,0.1381888673497646,True,0.001,0.015
4,8,3,0.0,0.0,1,propagule,7196,0,0,0.13938299055030573,True,0.001,0.015
4,8,4,0.0,0.0,1,propagule,7171,0,0,0.14098452098730999,True,0.001,0.015
4,8,5,0.0,0.0,1,propagule,7106,0,0,0.14114832535885166,True,0.001,0.015
4,8,6,0.0,0.0,1,propagule,7094,0,0,0.14166901606991825,True,0.001,0.015
4,8,7,0.0,0.0,1,propagule,7040,0,0,0.14176136363636363,True,0.001,0.015
4,8,8,0.0,0.0,1,propagule,7002,0,0,0.1419594401599543,True,0.001,0.015
4,8,9,0.0,0.0,1,propagule,6952,0,0,0.14283659378596086,True,0.001,0.015
4,8,10,0.0,0.0,1,propagule,6904,0,0,0.14339513325608344,True,0.001,0.015
4,8,11,0.0,0.0,1,propagule,6849,0,0,0.1445466491458607,True,0.001,0.015
4,8,12,0.0,0.0,1,propagule,6793,0,0,0.14514941851906374,True,0.001,0.015
4,8,13,0.0,0.0,1,propagule,6731,0,0,0.14485217649680582,True,0.001,0.015
4,8,14,0.0,0.0,1,propagule,6685,0,0,0.14540014958863126,True,0.001,0.015
4,8,15,0.0,0.0,1,propagule,6634,0,0,0.1459149834187519,True,0.001,0.015
4,8,16,0.0,0.0,1,propagule,6590,0,0,0.14658573596358118,True,0.001,0.015
4,8,17,0.0,0.0,1,propagule,6549,0,0,0.14673996029928232,True,0.001,0.015
4,8,18,0.0,0.0,1,propagule,14666,0,0,0.06545752079639984,True,0.001,0.015
4,8,19,0.0,0.0,1,propagule,14513,0,0,0.06573416936539654,True,0.001,0.015
4,8,20,0.0,0.0,1,propagule,14326,0,0,0.06610358788217227,True,0.001,0.015
4,8,21,0.0,0.0,1,propagule,14146,0,0,0.0663791884631698,True,0.001,0.015
4,8,22,0.0,0.0,1,propagule,13962,0,0,0.06725397507520413,True,0.001,0.015
4,8,23,0.0,0.0,1,propagule,13809,0,0,0.06785429792164531,True,0.001,0.015
4,8,24,0.0,0.0,1,propagule,13620,0,0,0.06828193832599119,True,0.001,0.015
4,8,25,0.0,0.0,1,propagule,13403,0,0,0.06893978959934344,True,0.001,0.015
4,8,26,0.0,0.0,1,propagule,13284,0,0,0.06940680517916291,True,0.001,0.015
4,8,27,0.0,0.0,1,propagule,13124,0,0,0.06994818652849741,True,0.001,0.015
4,8,28,0.0,0.0,1,propagule,12972,0,0,0.07069071847055196,True,0.001,0.015
4,8,29,0.0,0.0,1,propagule,12794,0,0,0.07143973737689542,True,0.001,0.015
4,8,30,0.0,0.0,1,propagule,12656,0,0,0.07213969658659924,True,0.001,0.015
4,8,31,0.0,0.0,1,propagule,12500,0,0,0.07272,True,0.001,0.015
4,8,32,0.0,0.0,1,propagule,12322,0,0,0.07368933614672943,True,0.001,0.015
4,8,33,0.0,0.0,1,propagule,12197,0,0,0.07411658604574896,True,0.001,0.015
4,8,34,0.0,0.0,1,propagule,12050,0,0,0.07468879668049792,True,0.001,0.015
4,8,35,0.0,0.0,1,propagule,11875,0,0,0.07494736842105264,True,0.001,0.015
4,8,36,0.0,0.0,1,propagule,11714,0,0,0.07606283080075124,True,0.001,0.015
4,8,37,0.0,0.0,1,propagule,11592,0,0,0.07669082125603864,True,0.001,0.015
4,8,38,0.0,0.0,1,propagule,11490,0,0,0.07728459530026109,True,0.001,0.015
4,8,39,0.0,0.0,1,propagule,11399,0,0,0.0779892973067813,True,0.001,0.015
4,8,40,0.0,0.0,1,propagule,11308,0,0,0.07870534135125574,True,0.001,0.015
4,8,41,0.0,0.0,1,propagule,11222,0,0,0.0789520584566031,True,0.001,0.015
4,8,42,0.0,0.0,1,propagule,11135,0,0,0.07983834755276156,True,0.001,0.015
4,8,43,0.0,0.0,1,propagule,10285,0,0,0.11686922702965484,True,0.001,0.015
4,8,44,0.0,0.0,1,propagule,9937,0,0,0.11593036127603905,True,0.001,0.015
4,8,45,0.0,0.0,1,propagule,9728,0,0,0.11492598684210527,True,0.001,0.015
4,8,46,0.0,0.0,1,propagule,9689,0,0,0.11600784394674372,True,0.001,0.015
4,8,47,0.0,0.0,1,propagule,9627,0,0,0.11831307780201517,True,0.001,0.015
4,8,48,0.0,0.0,1,propagule,9606,0,0,0.12273579013116802,True,0.001,0.015
4,8,49,0.0,0.0,1,propagule,9586,0,0,0.12466096390569581,True,0.001,0.015
4,8,50,0.0,0.0,1,propagule,9658,0,0,0.12818388900393457,True,0.001,0.015
4,8,51,0.0,0.0,1,propagule,9691,0,0,0.13166855845629966,True,0.001,0.015
4,8,52,0.0,0.0,1,propagule,9706,0,0,0.13414382855965382,True,0.001,0.015
4,9,1,0.0,0.0,1,propagule,9580,0,0,0.1349686847599165,True,0.001,0.015
4,9,2,0.0,0.0,1,propagule,9564,0,0,0.13833124215809284,True,0.001,0.015
4,9,3,0.0,0.0,1,propagule,9487,0,0,0.13808369347528196,True,0.001,0.015
4,9,4,0.0,0.0,1,propagule,9451,0,0,0.139561951116284,True,0.001,0.015
4,9,5,0.0,0.0,1,propagule,9393,0,0,0.1398914084956883,True,0.001,0.015
4,9,6,0.0,0.0,1,propagule,9347,0,0,0.1414357547876324,True,0.001,0.015
4,9,7,0.0,0.0,1,propagule,9278,0,0,0.1421642595386937,True,0.001,0.015
4,9,8,0.0,0.0,1,propagule,9224,0,0,0.14256287944492627,True,0.001,0.015
4,9,9,0.0,0.0,1,propagule,9160,0,0,0.1431222707423581,True,0.001,0.015
4,9,10,0.0,0.0,1,propagule,9111,0,0,0.14378224124684447,True,0.001,0.015
4,9,11,0.0,0.0,1,propagule,9035,0,0,0.14410625345877145,True,0.001,0.015
4,9,12,0.0,0.0,1,propagule,8976,0,0,0.14527629233511585,True,0.001,0.015
4,9,13,0.0,0.0,1,propagule,8908,0,0,0.1455994611585092,True,0.001,0.015
4,9,14,0.0,0.0,1,propagule,8860,0,0,0.14627539503386006,True,0.001,0.015
4,9,15,0.0,0.0,1,propagule,8813,0,0,0.14614773629864972,True,0.001,0.015
4,9,16,0.0,0.0,1,propagule,8760,0,0,0.14691780821917808,True,0.001,0.015
4,9,17,0.0,0.0,1,propagule,8702,0,0,0.14709262238565846,True,0.001,0.015
4,9,18,0.0,0.0,1,propagule,18419,0,0,0.061892610890927846,True,0.001,0.015
4,9,19,0.0,0.0,1,propagule,18229,0,0,0.062427999341708264,True,0.001,0.015
4,9,20,0.0,0.0,1,propagule,18010,0,0,0.06324264297612438,True,0.001,0.015
4,9,21,0.0,0.0,1,propagule,17778,0,0,0.06373045336933289,True,0.001,0.015
4,9,22,0.0,0.0,1,propagule,17558,0,0,0.06435812734935642,True,0.001,0.015
4,9,23,0.0,0.0,1,propagule,17375,0,0,0.06492086330935251,True,0.001,0.015
4,9,24,0.0,0.0,1,propagule,17146,0,0,0.06543800303277733,True,0.001,0.015
4,9,25,0.0,0.0,1,propagule,16891,0,0,0.06607068853235451,True,0.001,0.015
4,9,26,0.0,0.0,1,propagule,16670,0,0,0.06682663467306539,True,0.001,0.015
4,9,27,0.0,0.0,1,propagule,16493,0,0,0.0674225428969866,True,0.001,0.015
4,9,28,0.0,0.0,1,propagule,16321,0,0,0.06801053856994056,True,0.001,0.015
4,9,29,0.0,0.0,1,propagule,16165,0,0,0.06854314877822455,True,0.001,0.015
4,9,30,0.0,0.0,1,propagule,15995,0,0,0.06914660831509847,True,0.001,0.015
4,9,31,0.0,0.0,1,propagule,15784,0,0,0.06956411556006083,True,0.001,0.015
4,9,32,0.0,0.0,1,propagule,15588,0,0,0.07037464716448551,True,0.001,0.015
4,9,33,0.0,0.0,1,propagule,15432,0,0,0.07108605495075168,True,0.001,0.015
4,9,34,0.0,0.0,1,propagule,15276,0,0,0.07168106834249803,True,0.001,0.015
4,9,35,0.0,0.0,1,propagule,15129,0,0,0.0723114548218653,True,0.001,0.015
4,9,36,0.0,0.0,1,propagule,14979,0,0,0.0727017824954937,True,0.001,0.015
4,9,37,0.0,0.0,1,propagule,14812,0,0,0.07325141776937619,True,0.001,0.015
4,9,38,0.0,0.0,1,propagule,14665,0,0,0.07391749062393453,True,0.001,0.015
4,9,39,0.0,0.0,1,propagule,14535,0,0,0.07444100447196422,True,0.001,0.015
4,9,40,0.0,0.0,1,propagule,14389,0,0,0.07512683299742859,True,0.001,0.015
4,9,41,0.0,0.0,1,propagule,14270,0,0,0.07554309740714786,True,0.001,0.015
4,9,42,0.0,0.0,1,propagule,14152,0,0,0.07624364047484454,True,0.001,0.015
4,9,43,0.0,0.0,1,propagule,13226,0,0,0.12157870860426433,True,0.001,0.015
4,9,44,0.0,0.0,1,propagule,12523,0,0,0.11658548271181027,True,0.001,0.015
4,9,45,0.0,0.0,1,propagule,12269,0,0,0.11467927296438178,True,0.001,0.015
4,9,46,0.0,0.0,1,propagule,12253,0,0,0.11695095078756224,True,0.001,0.015
4,9,47,0.0,0.0,1,propagule,12229,0,0,0.12012429470929757,True,0.001,0.015
4,9,48,0.0,0.0,1,propagule,12216,0,0,0.122871643745907,True,0.001,0.015
4,9,49,0.0,0.0,1,propagule,12236,0,0,0.12520431513566524,True,0.001,0.015
4,9,50,0.0,0.0,1,propagule,12279,0,0,0.12688329668539783,True,0.001,0.015
4,9,51,0.0,0.0,1,propagule,12330,0,0,0.13008921330089213,True,0.001,0.015
4,9,52,0.0,0.0,1,propagule,12296,0,0,0.1319128171763175,True,0.001,0.015
4,10,1,0.0,0.0,1,propagule,12323,0,0,0.13462630852876734,True,0.001,0.015
4,10,2,0.0,0.0,1,propagule,12082,0,0,0.13342161893726204,True,0.001,0.015
4,10,3,0.0,0.0,1,propagule,12029,0,0,0.13434200681685926,True,0.001,0.015
4,10,4,0.0,0.0,1,propagule,11978,0,0,0.13599933210886625,True,0.001,0.015
4,10,5,0.0,0.0,1,propagule,11920,0,0,0.13691275167785236,True,0.001,0.015
4,10,6,0.0,0.0,1,propagule,11805,0,0,0.1373146971622194,True,0.001,0.015
4,10,7,0.0,0.0,1,propagule,11711,0,0,0.13781914439415935,True,0.001,0.015
4,10,8,0.0,0.0,1,propagule,11603,0,0,0.13875721796087218,True,0.001,0.015
4,10,9,0.0,0.0,1,propagule,11529,0,0,0.13886720444097495,True,0.001,0.015
4,10,10,0.0,0.0,1,propagule,11431,0,0,0.13970781208993088,True,0.001,0.015
4,10,11,0.0,0.0,1,propagule,11340,0,0,0.14029982363315696,True,0.001,0.015
4,10,12,0.0,0.0,1,propagule,11270,0,0,0.140905057675244,True,0.001,0.015
4,10,13,0.0,0.0,1,propagule,11192,0,0,0.1411722659042173,True,0.001,0.015
4,10,14,0.0,0.0,1,propagule,11119,0,0,0.14191923734148754,True,0.001,0.015
4,10,15,0.0,0.0,1,propagule,11037,0,0,0.14233940382350277,True,0.001,0.015
4,10,16,0.0,0.0,1,propagule,10955,0,0,0.14276586033774533,True,0.001,0.015
4,10,17,0.0,0.0,1,propagule,10876,0,0,0.14343508642883412,True,0.001,0.015
4,10,18,0.0,0.0,1,propagule,23767,0,0,0.0621870661000547,True,0.001,0.015
4,10,19,0.0,0.0,1,propagule,23487,0,0,0.06275812151402904,True,0.001,0.015
4,10,20,0.0,0.0,1,propagule,23205,0,0,0.06308985132514544,True,0.001,0.015
4,10,21,0.0,0.0,1,propagule,22974,0,0,0.0634195177156786,True,0.001,0.015
4,10,22,0.0,0.0,1,propagule,22605,0,0,0.06317186463171864,True,0.001,0.015
4,10,23,0.0,0.0,1,propagule,22315,0,0,0.06372395249831951,True,0.001,0.015
4,10,24,0.0,0.0,1,propagule,22038,0,0,0.06425265450585353,True,0.001,0.015
4,10,25,0.0,0.0,1,propagule,21747,0,0,0.06492849588448982,True,0.001,0.015
4,10,26,0.0,0.0,1,propagule,21369,0,0,0.06490710842809677,True,0.001,0.015
4,10,27,0.0,0.0,1,propagule,21061,0,0,0.06557143535444661,True,0.001,0.015
4,10,28,0.0,0.0,1,propagule,20783,0,0,0.06620795842756098,True,0.001,0.015
4,10,29,0.0,0.0,1,propagule,20539,0,0,0.06689712254734895,True,0.001,0.015
4,10,30,0.0,0.0,1,propagule,20260,0,0,0.0673741362290227,True,0.001,0.015
4,10,31,0.0,0.0,1,propagule,20017,0,0,0.06799220662436929,True,0.001,0.015
4,10,32,0.0,0.0,1,propagule,19766,0,0,0.0686026510168977,True,0.001,0.015
4,10,33,0.0,0.0,1,propagule,19547,0,0,0.06896198905202844,True,0.001,0.015
4,10,34,0.0,0.0,1,propagule,19297,0,0,0.06954448878063947,True,0.001,0.015
4,10,35,0.0,0.0,1,propagule,19075,0,0,0.07024901703800786,True,0.001,0.015
4,10,36,0.0,0.0,1,propagule,18871,0,0,0.07074346881458322,True,0.001,0.015
4,10,37,0.0,0.0,1,propagule,18692,0,0,0.07120693344746415,True,0.001,0.015
4,10,38,0.0,0.0,1,propagule,18528,0,0,0.07140544041450778,True,0.001,0.015
4,10,39,0.0,0.0,1,propagule,18356,0,0,0.07196556984092395,True,0.001,0.015
4,10,40,0.0,0.0,1,propagule,18193,0,0,0.07244544605067883,True,0.001,0.015
4,10,41,0.0,0.0,1,propagule,18063,0,0,0.07285611470962741,True,0.001,0.015
4,10,42,0.0,0.0,1,propagule,17899,0,0,0.07335605341080507,True,0.001,0.015
4,10,43,0.0,0.0,1,propagule,16974,0,0,0.1303169553434665,True,0.001,0.015
4,10,44,0.0,0.0,1,propagule,15985,0,0,0.1253049734125743,True,0.001,0.015
4,10,45,0.0,0.0,1,propagule,15614,0,0,0.12264634302548995,True,0.001,0.015
4,10,46,0.0,0.0,1,propagule,15565,0,0,0.12283970446514617,True,0.001,0.015
4,10,47,0.0,0.0,1,propagule,15488,0,0,0.1262267561983471,True,0.001,0.015
4,10,48,0.0,0.0,1,propagule,15457,0,0,0.1268680856569839,True,0.001,0.015
4,10,49,0.0,0.0,1,propagule,15496,0,0,0.13164687661331956,True,0.001,0.015
4,10,50,0.0,0.0,1,propagule,15616,0,0,0.1362704918032787,True,0.001,0.015
4,10,51,0.0,0.0,1,propagule,15598,0,0,0.13828695986664957,True,0.001,0.015
4,10,52,0.0,0.0,1,propagule,15617,0,0,0.14087212652878273,True,0.001,0.015
4,1,1,0.0,0.0,1,propagule,996,0,0,0.0,True,0.001,0.02
4,1,2,0.0,0.0,1,propagule,986,0,0,0.002028397565922921,True,0.001,0.02
4,1,3,0.0,0.0,1,propagule,970,0,0,0.002061855670103093,True,0.001,0.02
4,1,4,0.0,0.0,1,propagule,973,0,0,0.0020554984583761563,True,0.001,0.02
4,1,5,0.0,0.0,1,propagule,973,0,0,0.0020554984583761563,True,0.001,0.02
4,1,6,0.0,0.0,1,propagule,950,0,0,0.002105263157894737,True,0.001,0.02
4,1,7,0.0,0.0,1,propagule,948,0,0,0.002109704641350211,True,0.001,0.02
4,1,8,0.0,0.0,1,propagule,923,0,0,0.0021668472372697724,True,0.001,0.02
4,1,9,0.0,0.0,1,propagule,929,0,0,0.002152852529601722,True,0.001,0.02
4,1,10,0.0,0.0,1,propagule,908,0,0,0.0022026431718061676,True,0.001,0.02
4,1,11,0.0,0.0,1,propagule,913,0,0,0.002190580503833516,True,0.001,0.02
4,1,12,0.0,0.0,1,propagule,890,0,0,0.0022471910112359553,True,0.001,0.02
4,1,13,0.0,0.0,1,propagule,894,0,0,0.0022371364653243847,True,0.001,0.02
4,1,14,0.0,0.0,1,propagule,871,0,0,0.002296211251435132,True,0.001,0.02
4,1,15,0.0,0.0,1,propagule,878,0,0,0.002277904328018223,True,0.001,0.02
4,1,16,0.0,0.0,1,propagule,863,0,0,0.002317497103128621,True,0.001,0.02
4,1,17,0.0,0.0,1,propagule,866,0,0,0.0023094688221709007,True,0.001,0.02
4,1,18,0.0,0.0,1,propagule,2385,0,0,0.0008385744234800838,True,0.001,0.02
4,1,19,0.0,0.0,1,propagule,2316,0,0,0.0008635578583765112,True,0.001,0.02
4,1,20,0.0,0.0,1,propagule,2277,0,0,0.000878348704435661,True,0.001,0.02
4,1,21,0.0,0.0,1,propagule,2279,0,0,0.0017551557700745941,True,0.001,0.02
4,1,22,0.0,0.0,1,propagule,2213,0,0,0.0013556258472661546,True,0.001,0.02
4,1,23,0.0,0.0,1,propagule,2163,0,0,0.0018492834026814608,True,0.001,0.02
4,1,24,0.0,0.0,1,propagule,2136,0,0,0.0023408239700374533,True,0.001,0.02
4,1,25,0.0,0.0,1,propagule,2117,0,0,0.0033065658951346244,True,0.001,0.02
4,1,26,0.0,0.0,1,propagule,2047,0,0,0.003419638495359062,True,0.001,0.02
4,1,27,0.0,0.0,1,propagule,2015,0,0,0.0034739454094292804,True,0.001,0.02
4,1,28,0.0,0.0,1,propagule,2013,0,0,0.004470938897168405,True,0.001,0.02
4,1,29,0.0,0.0,1,propagule,1946,0,0,0.0041109969167523125,True,0.001,0.02
4,1,30,0.0,0.0,1,propagule,1943,0,0,0.0066906845084920225,True,0.001,0.02
4,1,31,0.0,0.0,1,propagule,1872,0,0,0.005876068376068376,True,0.001,0.02
4,1,32,0.0,0.0,1,propagule,1862,0,0,0.01020408163265306,True,0.001,0.02
4,1,33,0.0,0.0,1,propagule,1804,0,0,0.010532150776053215,True,0.001,0.02
4,1,34,0.0,0.0,1,propagule,1803,0,0,0.011647254575707155,True,0.001,0.02
4,1,35,0.0,0.0,1,propagule,1778,0,0,0.010686164229471317,True,0.001,0.02
4,1,36,0.0,0.0,1,propagule,1747,0,0,0.012020606754436176,True,0.001,0.02
4,1,37,0.0,0.0,1,propagule,1726,0,0,0.014484356894553883,True,0.001,0.02
4,1,38,0.0,0.0,1,propagule,1704,0,0,0.01643192488262911,True,0.001,0.02
4,1,39,0.0,0.0,1,propagule,1680,0,0,0.015476190476190477,True,0.001,0.02
4,1,40,0.0,0.0,1,propagule,1666,0,0,0.018607442977190875,True,0.001,0.02
4,1,41,0.0,0.0,1,propagule,1637,0,0,0.01588271227855834,True,0.001,0.02
4,1,42,0.0,0.0,1,propagule,1625,0,0,0.020923076923076923,True,0.001,0.02
4,1,43,0.0,0.0,1,propagule,1591,0,0,0.023884349465744813,True,0.001,0.02
4,1,44,0.0,0.0,1,propagule,1589,0,0,0.027061044682190057,True,0.001,0.02
4,1,45,0.0,0.0,1,propagule,1564,0,0,0.024936061381074168,True,0.001,0.02
4,1,46,0.0,0.0,1,propagule,1556,0,0,0.02506426735218509,True,0.001,0.02
4,1,47,0.0,0.0,1,propagule,1556,0,0,0.030848329048843187,True,0.001,0.02
4,1,48,0.0,0.0,1,propagule,1531,0,0,0.02939255388634879,True,0.001,0.02
4,1,49,0.0,0.0,1,propagule,1526,0,0,0.03014416775884666,True,0.001,0.02
4,1,50,0.0,0.0,1,propagule,1508,0,0,0.03050397877984085,True,0.001,0.02
4,1,51,0.0,0.0,1,propagule,1484,0,0,0.03234501347708895,True,0.001,0.02
4,1,52,0.0,0.0,1,propagule,1461,0,0,0.03148528405201916,True,0.001,0.02
4,2,1,0.0,0.0,1,propagule,1463,0,0,0.032809295967190705,True,0.001,0.02
4,2,2,0.0,0.0,1,propagule,1439,0,0,0.030576789437109102,True,0.001,0.02
4,2,3,0.0,0.0,1,propagule,1431,0,0,0.033542976939203356,True,0.001,0.02
4,2,4,0.0,0.0,1,propagule,1411,0,0,0.03330970942593905,True,0.001,0.02
4,2,5,0.0,0.0,1,propagule,1392,0,0,0.034482758620689655,True,0.001,0.02
4,2,6,0.0,0.0,1,propagule,1372,0,0,0.03206997084548105,True,0.001,0.02
4,2,7,0.0,0.0,1,propagule,1363,0,0,0.03521643433602348,True,0.001,0.02
4,2,8,0.0,0.0,1,propagule,1349,0,0,0.03187546330615271,True,0.001,0.02
4,2,9,0.0,0.0,1,propagule,1344,0,0,0.03422619047619048,True,0.001,0.02
4,2,10,0.0,0.0,1,propagule,1327,0,0,0.031650339110776186,True,0.001,0.02
4,2,11,0.0,0.0,1,propagule,1313,0,0,0.03274942878903275,True,0.001,0.02
4,2,12,0.0,0.0,1,propagule,1295,0,0,0.03166023166023166,True,0.001,0.02
4,2,13,0.0,0.0,1,propagule,1289,0,0,0.035686578743211794,True,0.001,0.02
4,2,14,0.0,0.0,1,propagule,1273,0,0,0.031421838177533384,True,0.001,0.02
4,2,15,0.0,0.0,1,propagule,1269,0,0,0.03546099290780142,True,0.001,0.02
4,2,16,0.0,0.0,1,propagule,1250,0,0,0.0328,True,0.001,0.02
4,2,17,0.0,0.0,1,propagule,1238,0,0,0.036348949919224556,True,0.001,0.02
4,2,18,0.0,0.0,1,propagule,2383,0,0,0.01888375996642887,True,0.001,0.02
4,2,19,0.0,0.0,1,propagule,2309,0,0,0.017756604590731917,True,0.001,0.02
4,2,20,0.0,0.0,1,propagule,2275,0,0,0.01802197802197802,True,0.001,0.02
4,2,21,0.0,0.0,1,propagule,2223,0,0,0.01799370220422852,True,0.001,0.02
4,2,22,0.0,0.0,1,propagule,2197,0,0,0.019116977696859355,True,0.001,0.02
4,2,23,0.0,0.0,1,propagule,2161,0,0,0.01850994909763998,True,0.001,0.02
4,2,24,0.0,0.0,1,propagule,2138,0,0,0.020112254443405052,True,0.001,0.02
4,2,25,0.0,0.0,1,propagule,2097,0,0,0.018121125417262757,True,0.001,0.02
4,2,26,0.0,0.0,1,propagule,2079,0,0,0.02068302068302068,True,0.001,0.02
4,2,27,0.0,0.0,1,propagule,2029,0,0,0.018728437654016758,True,0.001,0.02
4,2,28,0.0,0.0,1,propagule,1982,0,0,0.020181634712411706,True,0.001,0.02
4,2,29,0.0,0.0,1,propagule,1958,0,0,0.019918283963227784,True,0.001,0.02
4,2,30,0.0,0.0,1,propagule,1923,0,0,0.021320852834113363,True,0.001,0.02
4,2,31,0.0,0.0,1,propagule,1909,0,0,0.019381875327396544,True,0.001,0.02
4,2,32,0.0,0.0,1,propagule,1899,0,0,0.022116903633491312,True,0.001,0.02
4,2,33,0.0,0.0,1,propagule,1866,0,0,0.01929260450160772,True,0.001,0.02
4,2,34,0.0,0.0,1,propagule,1862,0,0,0.02201933404940924,True,0.001,0.02
4,2,35,0.0,0.0,1,propagule,1823,0,0,0.020844761382336808,True,0.001,0.02
4,2,36,0.0,0.0,1,propagule,1809,0,0,0.022664455500276397,True,0.001,0.02
4,2,37,0.0,0.0,1,propagule,1792,0,0,0.025669642857142856,True,0.001,0.02
4,2,38,0.0,0.0,1,propagule,1775,0,0,0.0276056338028169,True,0.001,0.02
4,2,39,0.0,0.0,1,propagule,1756,0,0,0.02733485193621868,True,0.001,0.02
4,2,40,0.0,0.0,1,propagule,1730,0,0,0.028323699421965318,True,0.001,0.02
4,2,41,0.0,0.0,1,propagule,1711,0,0,0.030391583869082407,True,0.001,0.02
4,2,42,0.0,0.0,1,propagule,1702,0,0,0.029964747356051705,True,0.001,0.02
4,2,43,0.0,0.0,1,propagule,1744,0,0,0.0625,True,0.001,0.02
4,2,44,0.0,0.0,1,propagule,1686,0,0,0.051008303677342826,True,0.001,0.02
4,2,45,0.0,0.0,1,propagule,1661,0,0,0.052378085490668275,True,0.001,0.02
4,2,46,0.0,0.0,1,propagule,1671,0,0,0.05864751645721125,True,0.001,0.02
4,2,47,0.0,0.0,1,propagule,1644,0,0,0.06143552311435523,True,0.001,0.02
4,2,48,0.0,0.0,1,propagule,1644,0,0,0.06569343065693431,True,0.001,0.02
4,2,49,0.0,0.0,1,propagule,1639,0,0,0.0774862721171446,True,0.001,0.02
4,2,50,0.0,0.0,1,propagule,1655,0,0,0.08217522658610273,True,0.001,0.02
4,2,51,0.0,0.0,1,propagule,1647,0,0,0.08682452944748027,True,0.001,0.02
4,2,52,0.0,0.0,1,propagule,1645,0,0,0.09604863221884498,True,0.001,0.02
4,3,1,0.0,0.0,1,propagule,1635,0,0,0.09480122324159021,True,0.001,0.02
4,3,2,0.0,0.0,1,propagule,1638,0,0,0.09645909645909646,True,0.001,0.02
4,3,3,0.0,0.0,1,propagule,1612,0,0,0.09615384615384616,True,0.001,0.02
4,3,4,0.0,0.0,1,propagule,1608,0,0,0.09888059701492537,True,0.001,0.02
4,3,5,0.0,0.0,1,propagule,1586,0,0,0.09836065573770492,True,0.001,0.02
4,3,6,0.0,0.0,1,propagule,1586,0,0,0.09709962168978563,True,0.001,0.02
4,3,7,0.0,0.0,1,propagule,1564,0,0,0.09718670076726342,True,0.001,0.02
4,3,8,0.0,0.0,1,propagule,1559,0,0,0.09749839640795381,True,0.001,0.02
4,3,9,0.0,0.0,1,propagule,1538,0,0,0.09752925877763328,True,0.001,0.02
4,3,10,0.0,0.0,1,propagule,1534,0,0,0.10039113428943937,True,0.001,0.02
4,3,11,0.0,0.0,1,propagule,1502,0,0,0.10053262316910785,True,0.001,0.02
4,3,12,0.0,0.0,1,propagule,1502,0,0,0.10053262316910785,True,0.001,0.02
4,3,13,0.0,0.0,1,propagule,1478,0,0,0.09945872801082543,True,0.001,0.02
4,3,14,0.0,0.0,1,propagule,1474,0,0,0.09972862957937585,True,0.001,0.02
4,3,15,0.0,0.0,1,propagule,1471,0,0,0.10808973487423522,True,0.001,0.02
4,3,16,0.0,0.0,1,propagule,1459,0,0,0.10623714873200822,True,0.001,0.02
4,3,17,0.0,0.0,1,propagule,1456,0,0,0.11401098901098901,True,0.001,0.02
4,3,18,0.0,0.0,1,propagule,3495,0,0,0.045493562231759654,True,0.001,0.02
4,3,19,0.0,0.0,1,propagule,3468,0,0,0.04815455594002307,True,0.001,0.02
4,3,20,0.0,0.0,1,propagule,3421,0,0,0.054370067231803564,True,0.001,0.02
4,3,21,0.0,0.0,1,propagule,3368,0,0,0.05671021377672209,True,0.001,0.02
4,3,22,0.0,0.0,1,propagule,3333,0,0,0.0576057605760576,True,0.001,0.02
4,3,23,0.0,0.0,1,propagule,3286,0,0,0.058734023128423615,True,0.001,0.02
4,3,24,0.0,0.0,1,propagule,3182,0,0,0.059710873664362035,True,0.001,0.02
4,3,25,0.0,0.0,1,propagule,3172,0,0,0.06305170239596469,True,0.001,0.02
4,3,26,0.0,0.0,1,propagule,3088,0,0,0.06282383419689119,True,0.001,0.02
4,3,27,0.0,0.0,1,propagule,3025,0,0,0.062479338842975206,True,0.001,0.02
4,3,28,0.0,0.0,1,propagule,2943,0,0,0.06048250084947333,True,0.001,0.02
4,3,29,0.0,0.0,1,propagule,2936,0,0,0.06607629427792916,True,0.001,0.02
4,3,30,0.0,0.0,1,propagule,2883,0,0,0.0638224072147069,True,0.001,0.02
4,3,31,0.0,0.0,1,propagule,2882,0,0,0.0655794587092297,True,0.001,0.02
4,3,32,0.0,0.0,1,propagule,2841,0,0,0.06476592749032031,True,0.001,0.02
4,3,33,0.0,0.0,1,propagule,2810,0,0,0.06761565836298933,True,0.001,0.02
4,3,34,0.0,0.0,1,propagule,2776,0,0,0.06556195965417867,True,0.001,0.02
4,3,35,0.0,0.0,1,propagule,2785,0,0,0.06858168761220826,True,0.001,0.02
4,3,36,0.0,0.0,1,propagule,2737,0,0,0.07197661673364998,True,0.001,0.02
4,3,37,0.0,0.0,1,propagule,2704,0,0,0.07618343195266272,True,0.001,0.02
4,3,38,0.0,0.0,1,propagule,2644,0,0,0.07488653555219364,True,0.001,0.02
4,3,39,0.0,0.0,1,propagule,2620,0,0,0.07442748091603053,True,0.001,0.02
4,3,40,0.0,0.0,1,propagule,2572,0,0,0.0750388802488336,True,0.001,0.02
4,3,41,0.0,0.0,1,propagule,2539,0,0,0.07680189050807404,True,0.001,0.02
4,3,42,0.0,0.0,1,propagule,2488,0,0,0.07435691318327975,True,0.001,0.02
4,3,43,0.0,0.0,1,propagule,2481,0,0,0.10399032648125756,True,0.001,0.02
4,3,44,0.0,0.0,1,propagule,2376,0,0,0.09806397306397306,True,0.001,0.02
4,3,45,0.0,0.0,1,propagule,2329,0,0,0.094461142121082,True,0.001,0.02
4,3,46,0.0,0.0,1,propagule,2294,0,0,0.0967741935483871,True,0.001,0.02
4,3,47,0.0,0.0,1,propagule,2294,0,0,0.1002615518744551,True,0.001,0.02
4,3,48,0.0,0.0,1,propagule,2271,0,0,0.10215763980625275,True,0.001,0.02
4,3,49,0.0,0.0,1,propagule,2266,0,0,0.10723742277140336,True,0.001,0.02
4,3,50,0.0,0.0,1,propagule,2247,0,0,0.10992434356920339,True,0.001,0.02
4,3,51,0.0,0.0,1,propagule,2244,0,0,0.11497326203208556,True,0.001,0.02
4,3,52,0.0,0.0,1,propagule,2219,0,0,0.1167192429022082,True,0.001,0.02
4,4,1,0.0,0.0,1,propagule,2214,0,0,0.12240289069557363,True,0.001,0.02
4,4,2,0.0,0.0,1,propagule,2190,0,0,0.12191780821917808,True,0.001,0.02
4,4,3,0.0,0.0,1,propagule,2185,0,0,0.12402745995423341,True,0.001,0.02
4,4,4,0.0,0.0,1,propagule,2156,0,0,0.12059369202226346,True,0.001,0.02
4,4,5,0.0,0.0,1,propagule,2157,0,0,0.12563745943439963,True,0.001,0.02
4,4,6,0.0,0.0,1,propagule,2139,0,0,0.12809724170172979,True,0.001,0.02
4,4,7,0.0,0.0,1,propagule,2123,0,0,0.131888836552049,True,0.001,0.02
4,4,8,0.0,0.0,1,propagule,2116,0,0,0.1327977315689981,True,0.001,0.02
4,4,9,0.0,0.0,1,propagule,2116,0,0,0.13610586011342155,True,0.001,0.02
4,4,10,0.0,0.0,1,propagule,2106,0,0,0.13770180436847104,True,0.001,0.02
4,4,11,0.0,0.0,1,propagule,2102,0,0,0.14034253092293053,True,0.001,0.02
4,4,12,0.0,0.0,1,propagule,2084,0,0,0.14059500959692897,True,0.001,0.02
4,4,13,0.0,0.0,1,propagule,2076,0,0,0.14258188824662812,True,0.001,0.02
4,4,14,0.0,0.0,1,propagule,2060,0,0,0.14466019417475728,True,0.001,0.02
4,4,15,0.0,0.0,1,propagule,2043,0,0,0.14537444933920704,True,0.001,0.02
4,4,16,0.0,0.0,1,propagule,2030,0,0,0.1438423645320197,True,0.001,0.02
4,4,17,0.0,0.0,1,propagule,2019,0,0,0.14413075780089152,True,0.001,0.02
4,4,18,0.0,0.0,1,propagule,4293,0,0,0.06708595387840671,True,0.001,0.02
4,4,19,0.0,0.0,1,propagule,4246,0,0,0.06782854451248234,True,0.001,0.02
4,4,20,0.0,0.0,1,propagule,4131,0,0,0.06753812636165578,True,0.001,0.02
4,4,21,0.0,0.0,1,propagule,4080,0,0,0.0696078431372549,True,0.001,0.02
4,4,22,0.0,0.0,1,propagule,3988,0,0,0.06920762286860582,True,0.001,0.02
4,4,23,0.0,0.0,1,propagule,3921,0,0,0.0703902065799541,True,0.001,0.02
4,4,24,0.0,0.0,1,propagule,3828,0,0,0.07157784743991641,True,0.001,0.02
4,4,25,0.0,0.0,1,propagule,3778,0,0,0.07252514557967178,True,0.001,0.02
4,4,26,0.0,0.0,1,propagule,3715,0,0,0.0737550471063257,True,0.001,0.02
4,4,27,0.0,0.0,1,propagule,3652,0,0,0.07393209200438117,True,0.001,0.02
4,4,28,0.0,0.0,1,propagule,3614,0,0,0.07581627006087438,True,0.001,0.02
4,4,29,0.0,0.0,1,propagule,3528,0,0,0.07568027210884354,True,0.001,0.02
4,4,30,0.0,0.0,1,propagule,3477,0,0,0.07707794075352316,True,0.001,0.02
4,4,31,0.0,0.0,1,propagule,3415,0,0,0.07789165446559297,True,0.001,0.02
4,4,32,0.0,0.0,1,propagule,3367,0,0,0.079002079002079,True,0.001,0.02
4,4,33,0.0,0.0,1,propagule,3294,0,0,0.08014571948998178,True,0.001,0.02
4,4,34,0.0,0.0,1,propagule,3264,0,0,0.07996323529411764,True,0.001,0.02
4,4,35,0.0,0.0,1,propagule,3199,0,0,0.08096280087527352,True,0.001,0.02
4,4,36,0.0,0.0,1,propagule,3170,0,0,0.0832807570977918,True,0.001,0.02
4,4,37,0.0,0.0,1,propagule,3118,0,0,0.08402822322001283,True,0.001,0.02
4,4,38,0.0,0.0,1,propagule,3095,0,0,0.08497576736672052,True,0.001,0.02
4,4,39,0.0,0.0,1,propagule,3054,0,0,0.08611656843483956,True,0.001,0.02
4,4,40,0.0,0.0,1,propagule,3025,0,0,0.08661157024793388,True,0.001,0.02
4,4,41,0.0,0.0,1,propagule,3002,0,0,0.0882744836775483,True,0.001,0.02
4,4,42,0.0,0.0,1,propagule,2971,0,0,0.08885897004375631,True,0.001,0.02
4,4,43,0.0,0.0,1,propagule,2977,0,0,0.11891165602955996,True,0.001,0.02
4,4,44,0.0,0.0,1,propagule,2866,0,0,0.11270062805303559,True,0.001,0.02
4,4,45,0.0,0.0,1,propagule,2831,0,0,0.11268103143765454,True,0.001,0.02
4,4,46,0.0,0.0,1,propagule,2788,0,0,0.11154949784791966,True,0.001,0.02
4,4,47,0.0,0.0,1,propagule,2777,0,0,0.11451206337774576,True,0.001,0.02
4,4,48,0.0,0.0,1,propagule,2762,0,0,0.1165821868211441,True,0.001,0.02
4,4,49,0.0,0.0,1,propagule,2738,0,0,0.11869978086194302,True,0.001,0.02
4,4,50,0.0,0.0,1,propagule,2715,0,0,0.12191528545119705,True,0.001,0.02
4,4,51,0.0,0.0,1,propagule,2695,0,0,0.12504638218923933,True,0.001,0.02
4,4,52,0.0,0.0,1,propagule,2676,0,0,0.1266816143497758,True,0.001,0.02
4,5,1,0.0,0.0,1,propagule,2656,0,0,0.12989457831325302,True,0.001,0.02
4,5,2,0.0,0.0,1,propagule,2644,0,0,0.13275340393343418,True,0.001,0.02
4,5,3,0.0,0.0,1,propagule,2624,0,0,0.13490853658536586,True,0.001,0.02
4,5,4,0.0,0.0,1,propagule,2602,0,0,0.13566487317448117,True,0.001,0.02
4,5,5,0.0,0.0,1,propagule,2589,0,0,0.13866357667052917,True,0.001,0.02
4,5,6,0.0,0.0,1,propagule,2584,0,0,0.14086687306501547,True,0.001,0.02
4,5,7,0.0,0.0,1,propagule,2566,0,0,0.14341387373343725,True,0.001,0.02
4,5,8,0.0,0.0,1,propagule,2547,0,0,0.14448370632116214,True,0.001,0.02
4,5,9,0.0,0.0,1,propagule,2534,0,0,0.1456195737963694,True,0.001,0.02
4,5,10,0.0,0.0,1,propagule,2525,0,0,0.14693069306930692,True,0.001,0.02
4,5,11,0.0,0.0,1,propagule,2505,0,0,0.14850299401197606,True,0.001,0.02
4,5,12,0.0,0.0,1,propagule,2480,0,0,0.1495967741935484,True,0.001,0.02
4,5,13,0.0,0.0,1,propagule,2467,0,0,0.1487636805837049,True,0.001,0.02
4,5,14,0.0,0.0,1,propagule,2453,0,0,0.15002038320423972,True,0.001,0.02
4,5,15,0.0,0.0,1,propagule,2440,0,0,0.14959016393442623,True,0.001,0.02
4,5,16,0.0,0.0,1,propagule,2421,0,0,0.15076414704667493,True,0.001,0.02
4,5,17,0.0,0.0,1,propagule,2404,0,0,0.15016638935108154,True,0.001,0.02
4,5,18,0.0,0.0,1,propagule,5397,0,0,0.0663331480452103,True,0.001,0.02
4,5,19,0.0,0.0,1,propagule,5326,0,0,0.06721742395794217,True,0.001,0.02
4,5,20,0.0,0.0,1,propagule,5231,0,0,0.06786465303001338,True,0.001,0.02
4,5,21,0.0,0.0,1,propagule,5155,0,0,0.06944713870029098,True,0.001,0.02
4,5,22,0.0,0.0,1,propagule,4994,0,0,0.07048458149779736,True,0.001,0.02
4,5,23,0.0,0.0,1,propagule,4950,0,0,0.07212121212121213,True,0.001,0.02
4,5,24,0.0,0.0,1,propagule,4819,0,0,0.07200664038182196,True,0.001,0.02
4,5,25,0.0,0.0,1,propagule,4707,0,0,0.07371999150201827,True,0.001,0.02
4,5,26,0.0,0.0,1,propagule,4635,0,0,0.0744336569579288,True,0.001,0.02
4,5,27,0.0,0.0,1,propagule,4567,0,0,0.07510400700678782,True,0.001,0.02
4,5,28,0.0,0.0,1,propagule,4517,0,0,0.07549258357316803,True,0.001,0.02
4,5,29,0.0,0.0,1,propagule,4464,0,0,0.07683691756272401,True,0.001,0.02
4,5,30,0.0,0.0,1,propagule,4390,0,0,0.07813211845102505,True,0.001,0.02
4,5,31,0.0,0.0,1,propagule,4314,0,0,0.07858136300417246,True,0.001,0.02
4,5,32,0.0,0.0,1,propagule,4259,0,0,0.07959614933082883,True,0.001,0.02
4,5,33,0.0,0.0,1,propagule,4202,0,0,0.0809138505473584,True,0.001,0.02
4,5,34,0.0,0.0,1,propagule,4138,0,0,0.08216529724504591,True,0.001,0.02
4,5,35,0.0,0.0,1,propagule,4094,0,0,0.08353688324377137,True,0.001,0.02
4,5,36,0.0,0.0,1,propagule,4013,0,0,0.08547221530027412,True,0.001,0.02
4,5,37,0.0,0.0,1,propagule,3967,0,0,0.08696748172422486,True,0.001,0.02
4,5,38,0.0,0.0,1,propagule,3896,0,0,0.08547227926078028,True,0.001,0.02
4,5,39,0.0,0.0,1,propagule,3834,0,0,0.08555033907146584,True,0.001,0.02
4,5,40,0.0,0.0,1,propagule,3797,0,0,0.08717408480379246,True,0.001,0.02
4,5,41,0.0,0.0,1,propagule,3745,0,0,0.08678237650200267,True,0.001,0.02
4,5,42,0.0,0.0,1,propagule,3706,0,0,0.08904479222881813,True,0.001,0.02
4,5,43,0.0,0.0,1,propagule,3783,0,0,0.1260904044409199,True,0.001,0.02
4,5,44,0.0,0.0,1,propagule,3608,0,0,0.11225055432372505,True,0.001,0.02
4,5,45,0.0,0.0,1,propagule,3531,0,0,0.10988388558482017,True,0.001,0.02
4,5,46,0.0,0.0,1,propagule,3487,0,0,0.1092629767708632,True,0.001,0.02
4,5,47,0.0,0.0,1,propagule,3495,0,0,0.11244635193133047,True,0.001,0.02
4,5,48,0.0,0.0,1,propagule,3454,0,0,0.11262304574406486,True,0.001,0.02
4,5,49,0.0,0.0,1,propagule,3426,0,0,0.11646234676007006,True,0.001,0.02
4,5,50,0.0,0.0,1,propagule,3398,0,0,0.12419070041200707,True,0.001,0.02
4,5,51,0.0,0.0,1,propagule,3379,0,0,0.12548091151228175,True,0.001,0.02
4,5,52,0.0,0.0,1,propagule,3369,0,0,0.13030572870287918,True,0.001,0.02
4,6,1,0.0,0.0,1,propagule,3341,0,0,0.13259503142771625,True,0.001,0.02
4,6,2,0.0,0.0,1,propagule,3326,0,0,0.13559831629585087,True,0.001,0.02
4,6,3,0.0,0.0,1,propagule,3310,0,0,0.1377643504531722,True,0.001,0.02
4,6,4,0.0,0.0,1,propagule,3273,0,0,0.13779407271616254,True,0.001,0.02
4,6,5,0.0,0.0,1,propagule,3258,0,0,0.13965623081645182,True,0.001,0.02
4,6,6,0.0,0.0,1,propagule,3217,0,0,0.14081442337581598,True,0.001,0.02
4,6,7,0.0,0.0,1,propagule,3204,0,0,0.1420099875156055,True,0.001,0.02
4,6,8,0.0,0.0,1,propagule,3172,0,0,0.14281210592686003,True,0.001,0.02
4,6,9,0.0,0.0,1,propagule,3147,0,0,0.144264378773435,True,0.001,0.02
4,6,10,0.0,0.0,1,propagule,3115,0,0,0.14446227929373998,True,0.001,0.02
4,6,11,0.0,0.0,1,propagule,3096,0,0,0.145671834625323,True,0.001,0.02
4,6,12,0.0,0.0,1,propagule,3070,0,0,0.14560260586319218,True,0.001,0.02
4,6,13,0.0,0.0,1,propagule,3041,0,0,0.147977638934561,True,0.001,0.02
4,6,14,0.0,0.0,1,propagule,3012,0,0,0.14807436918990705,True,0.001,0.02
4,6,15,0.0,0.0,1,propagule,3003,0,0,0.14885114885114886,True,0.001,0.02
4,6,16,0.0,0.0,1,propagule,2972,0,0,0.14939434724091522,True,0.001,0.02
4,6,17,0.0,0.0,1,propagule,2960,0,0,0.15,True,0.001,0.02
4,6,18,0.0,0.0,1,propagule,6568,0,0,0.06638246041412911,True,0.001,0.02
4,6,19,0.0,0.0,1,propagule,6464,0,0,0.06760519801980198,True,0.001,0.02
4,6,20,0.0,0.0,1,propagule,6350,0,0,0.06740157480314961,True,0.001,0.02
4,6,21,0.0,0.0,1,propagule,6238,0,0,0.06813081115742226,True,0.001,0.02
4,6,22,0.0,0.0,1,propagule,6143,0,0,0.06934722448315156,True,0.001,0.02
4,6,23,0.0,0.0,1,propagule,6047,0,0,0.070448156110468,True,0.001,0.02
4,6,24,0.0,0.0,1,propagule,5952,0,0,0.07056451612903226,True,0.001,0.02
4,6,25,0.0,0.0,1,propagule,5902,0,0,0.0706540155879363,True,0.001,0.02
4,6,26,0.0,0.0,1,propagule,5790,0,0,0.07081174438687392,True,0.001,0.02
4,6,27,0.0,0.0,1,propagule,5715,0,0,0.07086614173228346,True,0.001,0.02
4,6,28,0.0,0.0,1,propagule,5613,0,0,0.07161945483698556,True,0.001,0.02
4,6,29,0.0,0.0,1,propagule,5492,0,0,0.0721048798252003,True,0.001,0.02
4,6,30,0.0,0.0,1,propagule,5393,0,0,0.07194511403671426,True,0.001,0.02
4,6,31,0.0,0.0,1,propagule,5313,0,0,0.07302842085450781,True,0.001,0.02
4,6,32,0.0,0.0,1,propagule,5193,0,0,0.07394569612940496,True,0.001,0.02
4,6,33,0.0,0.0,1,propagule,5116,0,0,0.07564503518373729,True,0.001,0.02
4,6,34,0.0,0.0,1,propagule,5017,0,0,0.07614112019134942,True,0.001,0.02
4,6,35,0.0,0.0,1,propagule,4963,0,0,0.077171065887568,True,0.001,0.02
4,6,36,0.0,0.0,1,propagule,4919,0,0,0.07745476722911161,True,0.001,0.02
4,6,37,0.0,0.0,1,propagule,4841,0,0,0.07808304069407147,True,0.001,0.02
4,6,38,0.0,0.0,1,propagule,4787,0,0,0.07896386045540005,True,0.001,0.02
4,6,39,0.0,0.0,1,propagule,4729,0,0,0.08014379361387186,True,0.001,0.02
4,6,40,0.0,0.0,1,propagule,4681,0,0,0.08011108737449263,True,0.001,0.02
4,6,41,0.0,0.0,1,propagule,4629,0,0,0.08165910563836681,True,0.001,0.02
4,6,42,0.0,0.0,1,propagule,4589,0,0,0.0821529745042493,True,0.001,0.02
4,6,43,0.0,0.0,1,propagule,4631,0,0,0.1237313755128482,True,0.001,0.02
4,6,44,0.0,0.0,1,propagule,4435,0,0,0.11251409244644871,True,0.001,0.02
4,6,45,0.0,0.0,1,propagule,4342,0,0,0.10732381391064026,True,0.001,0.02
4,6,46,0.0,0.0,1,propagule,4263,0,0,0.10837438423645321,True,0.001,0.02
4,6,47,0.0,0.0,1,propagule,4228,0,0,0.10927152317880795,True,0.001,0.02
4,6,48,0.0,0.0,1,propagule,4176,0,0,0.11087164750957855,True,0.001,0.02
4,6,49,0.0,0.0,1,propagule,4136,0,0,0.11121856866537717,True,0.001,0.02
4,6,50,0.0,0.0,1,propagule,4079,0,0,0.11620495219416524,True,0.001,0.02
4,6,51,0.0,0.0,1,propagule,4050,0,0,0.1182716049382716,True,0.001,0.02
4,6,52,0.0,0.0,1,propagule,4039,0,0,0.1208219856400099,True,0.001,0.02
4,7,1,0.0,0.0,1,propagule,4019,0,0,0.12341378452351331,True,0.001,0.02
4,7,2,0.0,0.0,1,propagule,3992,0,0,0.12650300601202405,True,0.001,0.02
4,7,3,0.0,0.0,1,propagule,3963,0,0,0.12944738834216502,True,0.001,0.02
4,7,4,0.0,0.0,1,propagule,3947,0,0,0.13047884469217128,True,0.001,0.02
4,7,5,0.0,0.0,1,propagule,3924,0,0,0.1317533129459735,True,0.001,0.02
4,7,6,0.0,0.0,1,propagule,3899,0,0,0.13285457809694792,True,0.001,0.02
4,7,7,0.0,0.0,1,propagule,3866,0,0,0.13424728401448527,True,0.001,0.02
4,7,8,0.0,0.0,1,propagule,3843,0,0,0.1355711683580536,True,0.001,0.02
4,7,9,0.0,0.0,1,propagule,3803,0,0,0.13568235603470943,True,0.001,0.02
4,7,10,0.0,0.0,1,propagule,3776,0,0,0.1363877118644068,True,0.001,0.02
4,7,11,0.0,0.0,1,propagule,3747,0,0,0.1374432879637043,True,0.001,0.02
4,7,12,0.0,0.0,1,propagule,3719,0,0,0.13847808550685667,True,0.001,0.02
4,7,13,0.0,0.0,1,propagule,3679,0,0,0.13889643924979614,True,0.001,0.02
4,7,14,0.0,0.0,1,propagule,3655,0,0,0.13980848153214775,True,0.001,0.02
4,7,15,0.0,0.0,1,propagule,3618,0,0,0.14068546158098397,True,0.001,0.02
4,7,16,0.0,0.0,1,propagule,3592,0,0,0.14142538975501115,True,0.001,0.02
4,7,17,0.0,0.0,1,propagule,3572,0,0,0.14193729003359462,True,0.001,0.02
4,7,18,0.0,0.0,1,propagule,8227,0,0,0.06162635225477087,True,0.001,0.02
4,7,19,0.0,0.0,1,propagule,8137,0,0,0.0620621850804965,True,0.001,0.02
4,7,20,0.0,0.0,1,propagule,7937,0,0,0.06186216454579816,True,0.001,0.02
4,7,21,0.0,0.0,1,propagule,7779,0,0,0.06260444787247718,True,0.001,0.02
4,7,22,0.0,0.0,1,propagule,7619,0,0,0.06313164457277858,True,0.001,0.02
4,7,23,0.0,0.0,1,propagule,7483,0,0,0.06347721502071361,True,0.001,0.02
4,7,24,0.0,0.0,1,propagule,7343,0,0,0.06414272095873622,True,0.001,0.02
4,7,25,0.0,0.0,1,propagule,7202,0,0,0.06567620105526242,True,0.001,0.02
4,7,26,0.0,0.0,1,propagule,7068,0,0,0.06621392190152801,True,0.001,0.02
4,7,27,0.0,0.0,1,propagule,6971,0,0,0.06756562903457179,True,0.001,0.02
4,7,28,0.0,0.0,1,propagule,6837,0,0,0.06757349714787188,True,0.001,0.02
4,7,29,0.0,0.0,1,propagule,6724,0,0,0.06841165972635337,True,0.001,0.02
4,7,30,0.0,0.0,1,propagule,6618,0,0,0.06890299184043518,True,0.001,0.02
4,7,31,0.0,0.0,1,propagule,6561,0,0,0.06965401615607376,True,0.001,0.02
4,7,32,0.0,0.0,1,propagule,6426,0,0,0.0700280112044818,True,0.001,0.02
4,7,33,0.0,0.0,1,propagule,6346,0,0,0.07043807122596911,True,0.001,0.02
4,7,34,0.0,0.0,1,propagule,6215,0,0,0.07160096540627514,True,0.001,0.02
4,7,35,0.0,0.0,1,propagule,6117,0,0,0.07242112146477031,True,0.001,0.02
4,7,36,0.0,0.0,1,propagule,6033,0,0,0.07276645118514835,True,0.001,0.02
4,7,37,0.0,0.0,1,propagule,5968,0,0,0.07406166219839141,True,0.001,0.02
4,7,38,0.0,0.0,1,propagule,5885,0,0,0.07425658453695837,True,0.001,0.02
4,7,39,0.0,0.0,1,propagule,5833,0,0,0.07560432024687125,True,0.001,0.02
4,7,40,0.0,0.0,1,propagule,5771,0,0,0.07624328539247964,True,0.001,0.02
4,7,41,0.0,0.0,1,propagule,5712,0,0,0.07720588235294118,True,0.001,0.02
4,7,42,0.0,0.0,1,propagule,5637,0,0,0.07716870675891431,True,0.001,0.02
4,7,43,0.0,0.0,1,propagule,5596,0,0,0.10847033595425304,True,0.001,0.02
4,7,44,0.0,0.0,1,propagule,5399,0,0,0.10150027782922763,True,0.001,0.02
4,7,45,0.0,0.0,1,propagule,5297,0,0,0.09892391919954692,True,0.001,0.02
4,7,46,0.0,0.0,1,propagule,5249,0,0,0.10135263859782816,True,0.001,0.02
4,7,47,0.0,0.0,1,propagule,5181,0,0,0.10345493148040918,True,0.001,0.02
4,7,48,0.0,0.0,1,propagule,5128,0,0,0.10764430577223089,True,0.001,0.02
4,7,49,0.0,0.0,1,propagule,5061,0,0,0.11104524797470855,True,0.001,0.02
4,7,50,0.0,0.0,1,propagule,4971,0,0,0.11325688996177831,True,0.001,0.02
4,7,51,0.0,0.0,1,propagule,4903,0,0,0.11380787273098103,True,0.001,0.02
4,7,52,0.0,0.0,1,propagule,4874,0,0,0.1153057037340993,True,0.001,0.02
4,8,1,0.0,0.0,1,propagule,4838,0,0,0.11575031004547334,True,0.001,0.02
4,8,2,0.0,0.0,1,propagule,4790,0,0,0.11711899791231732,True,0.001,0.02
4,8,3,0.0,0.0,1,propagule,4736,0,0,0.11782094594594594,True,0.001,0.02
4,8,4,0.0,0.0,1,propagule,4700,0,0,0.11957446808510638,True,0.001,0.02
4,8,5,0.0,0.0,1,propagule,4656,0,0,0.11963058419243987,True,0.001,0.02
4,8,6,0.0,0.0,1,propagule,4625,0,0,0.12108108108108108,True,0.001,0.02
4,8,7,0.0,0.0,1,propagule,4581,0,0,0.12049770792403405,True,0.001,0.02
4,8,8,0.0,0.0,1,propagule,4547,0,0,0.1216186496591159,True,0.001,0.02
4,8,9,0.0,0.0,1,propagule,4501,0,0,0.12197289491224172,True,0.001,0.02
4,8,10,0.0,0.0,1,propagule,4474,0,0,0.12226195797943674,True,0.001,0.02
4,8,11,0.0,0.0,1,propagule,4439,0,0,0.12300067582788916,True,0.001,0.02
4,8,12,0.0,0.0,1,propagule,4402,0,0,0.12380736029077692,True,0.001,0.02
4,8,13,0.0,0.0,1,propagule,4350,0,0,0.1250574712643678,True,0.001,0.02
4,8,14,0.0,0.0,1,propagule,4312,0,0,0.12569573283858998,True,0.001,0.02
4,8,15,0.0,0.0,1,propagule,4276,0,0,0.12675397567820393,True,0.001,0.02
4,8,16,0.0,0.0,1,propagule,4241,0,0,0.1270926668238623,True,0.001,0.02
4,8,17,0.0,0.0,1,propagule,4223,0,0,0.12716078617096851,True,0.001,0.02
4,8,18,0.0,0.0,1,propagule,9595,0,0,0.055966649296508596,True,0.001,0.02
4,8,19,0.0,0.0,1,propagule,9464,0,0,0.0566356720202874,True,0.001,0.02
4,8,20,0.0,0.0,1,propagule,9324,0,0,0.057486057486057486,True,0.001,0.02
4,8,21,0.0,0.0,1,propagule,9157,0,0,0.058206836300098284,True,0.001,0.02
4,8,22,0.0,0.0,1,propagule,9040,0,0,0.05907079646017699,True,0.001,0.02
4,8,23,0.0,0.0,1,propagule,8895,0,0,0.0596964586846543,True,0.001,0.02
4,8,24,0.0,0.0,1,propagule,8769,0,0,0.0604401870224655,True,0.001,0.02
4,8,25,0.0,0.0,1,propagule,8627,0,0,0.06108728410803292,True,0.001,0.02
4,8,26,0.0,0.0,1,propagule,8513,0,0,0.06155291906495947,True,0.001,0.02
4,8,27,0.0,0.0,1,propagule,8375,0,0,0.06256716417910448,True,0.001,0.02
4,8,28,0.0,0.0,1,propagule,8274,0,0,0.0630891950688905,True,0.001,0.02
4,8,29,0.0,0.0,1,propagule,8162,0,0,0.06432246998284734,True,0.001,0.02
4,8,30,0.0,0.0,1,propagule,8048,0,0,0.06498508946322068,True,0.001,0.02
4,8,31,0.0,0.0,1,propagule,7939,0,0,0.06600327497165889,True,0.001,0.02
4,8,32,0.0,0.0,1,propagule,7858,0,0,0.06655637566810893,True,0.001,0.02
4,8,33,0.0,0.0,1,propagule,7753,0,0,0.0677157229459564,True,0.001,0.02
4,8,34,0.0,0.0,1,propagule,7595,0,0,0.06833443054641211,True,0.001,0.02
4,8,35,0.0,0.0,1,propagule,7466,0,0,0.06978301634074471,True,0.001,0.02
4,8,36,0.0,0.0,1,propagule,7354,0,0,0.07084579820505847,True,0.001,0.02
4,8,37,0.0,0.0,1,propagule,7246,0,0,0.07203974606679547,True,0.001,0.02
4,8,38,0.0,0.0,1,propagule,7172,0,0,0.07250418293363078,True,0.001,0.02
4,8,39,0.0,0.0,1,propagule,7099,0,0,0.07381321312860967,True,0.001,0.02
4,8,40,0.0,0.0,1,propagule,7007,0,0,0.07406878835450265,True,0.001,0.02
4,8,41,0.0,0.0,1,propagule,6944,0,0,0.07459677419354839,True,0.001,0.02
4,8,42,0.0,0.0,1,propagule,6862,0,0,0.0750510055377441,True,0.001,0.02
4,8,43,0.0,0.0,1,propagule,7090,0,0,0.12905500705218617,True,0.001,0.02
4,8,44,0.0,0.0,1,propagule,6764,0,0,0.11679479597871083,True,0.001,0.02
4,8,45,0.0,0.0,1,propagule,6592,0,0,0.11347087378640777,True,0.001,0.02
4,8,46,0.0,0.0,1,propagule,6500,0,0,0.1123076923076923,True,0.001,0.02
4,8,47,0.0,0.0,1,propagule,6427,0,0,0.11576163062081843,True,0.001,0.02
4,8,48,0.0,0.0,1,propagule,6359,0,0,0.11983016197515332,True,0.001,0.02
4,8,49,0.0,0.0,1,propagule,6288,0,0,0.12245547073791349,True,0.001,0.02
4,8,50,0.0,0.0,1,propagule,6188,0,0,0.12459599224305107,True,0.001,0.02
4,8,51,0.0,0.0,1,propagule,6127,0,0,0.12779500571242045,True,0.001,0.02
4,8,52,0.0,0.0,1,propagule,6062,0,0,0.12966017815902342,True,0.001,0.02
4,9,1,0.0,0.0,1,propagule,6010,0,0,0.13161397670549085,True,0.001,0.02
4,9,2,0.0,0.0,1,propagule,5939,0,0,0.13335578380198687,True,0.001,0.02
4,9,3,0.0,0.0,1,propagule,5884,0,0,0.13494221617946975,True,0.001,0.02
4,9,4,0.0,0.0,1,propagule,5847,0,0,0.13630921840259963,True,0.001,0.02
4,9,5,0.0,0.0,1,propagule,5803,0,0,0.13682577976908494,True,0.001,0.02
4,9,6,0.0,0.0,1,propagule,5757,0,0,0.13705054715997916,True,0.001,0.02
4,9,7,0.0,0.0,1,propagule,5702,0,0,0.13802174675552437,True,0.001,0.02
4,9,8,0.0,0.0,1,propagule,5653,0,0,0.13904121705289227,True,0.001,0.02
4,9,9,0.0,0.0,1,propagule,5609,0,0,0.13924050632911392,True,0.001,0.02
4,9,10,0.0,0.0,1,propagule,5572,0,0,0.1405240488155061,True,0.001,0.02
4,9,11,0.0,0.0,1,propagule,5527,0,0,0.1413063144563054,True,0.001,0.02
4,9,12,0.0,0.0,1,propagule,5489,0,0,0.14246675168518855,True,0.001,0.02
4,9,13,0.0,0.0,1,propagule,5440,0,0,0.14227941176470588,True,0.001,0.02
4,9,14,0.0,0.0,1,propagule,5390,0,0,0.14285714285714285,True,0.001,0.02
4,9,15,0.0,0.0,1,propagule,5357,0,0,0.14336382303528095,True,0.001,0.02
4,9,16,0.0,0.0,1,propagule,5300,0,0,0.14433962264150943,True,0.001,0.02
4,9,17,0.0,0.0,1,propagule,5256,0,0,0.14554794520547945,True,0.001,0.02
4,9,18,0.0,0.0,1,propagule,11803,0,0,0.05710412606964331,True,0.001,0.02
4,9,19,0.0,0.0,1,propagule,11642,0,0,0.05772204088644563,True,0.001,0.02
4,9,20,0.0,0.0,1,propagule,11467,0,0,0.05842853405424261,True,0.001,0.02
4,9,21,0.0,0.0,1,propagule,11277,0,0,0.059235612308238005,True,0.001,0.02
4,9,22,0.0,0.0,1,propagule,11097,0,0,0.06001622060016221,True,0.001,0.02
4,9,23,0.0,0.0,1,propagule,10919,0,0,0.06081142961809689,True,0.001,0.02
4,9,24,0.0,0.0,1,propagule,10738,0,0,0.06165021419258707,True,0.001,0.02
4,9,25,0.0,0.0,1,propagule,10583,0,0,0.06245866011527922,True,0.001,0.02
4,9,26,0.0,0.0,1,propagule,10454,0,0,0.06332504304572413,True,0.001,0.02
4,9,27,0.0,0.0,1,propagule,10316,0,0,0.06378441256300892,True,0.001,0.02
4,9,28,0.0,0.0,1,propagule,10179,0,0,0.0645446507515473,True,0.001,0.02
4,9,29,0.0,0.0,1,propagule,10026,0,0,0.06513066028326352,True,0.001,0.02
4,9,30,0.0,0.0,1,propagule,9871,0,0,0.0660520717252558,True,0.001,0.02
4,9,31,0.0,0.0,1,propagule,9702,0,0,0.06699649556792414,True,0.001,0.02
4,9,32,0.0,0.0,1,propagule,9583,0,0,0.06782844620682459,True,0.001,0.02
4,9,33,0.0,0.0,1,propagule,9460,0,0,0.0686046511627907,True,0.001,0.02
4,9,34,0.0,0.0,1,propagule,9336,0,0,0.06908740359897173,True,0.001,0.02
4,9,35,0.0,0.0,1,propagule,9235,0,0,0.06962642122360585,True,0.001,0.02
4,9,36,0.0,0.0,1,propagule,9129,0,0,0.07032533683864607,True,0.001,0.02
4,9,37,0.0,0.0,1,propagule,9001,0,0,0.0714365070547717,True,0.001,0.02
4,9,38,0.0,0.0,1,propagule,8914,0,0,0.07179717298631366,True,0.001,0.02
4,9,39,0.0,0.0,1,propagule,8816,0,0,0.07282214156079855,True,0.001,0.02
4,9,40,0.0,0.0,1,propagule,8717,0,0,0.07376390960192727,True,0.001,0.02
4,9,41,0.0,0.0,1,propagule,8624,0,0,0.07409554730983302,True,0.001,0.02
4,9,42,0.0,0.0,1,propagule,8535,0,0,0.07486818980667838,True,0.001,0.02
4,9,43,0.0,0.0,1,propagule,8724,0,0,0.12941311325080238,True,0.001,0.02
4,9,44,0.0,0.0,1,propagule,8311,0,0,0.11767536999157743,True,0.001,0.02
4,9,45,0.0,0.0,1,propagule,8106,0,0,0.11374290648902048,True,0.001,0.02
4,9,46,0.0,0.0,1,propagule,7987,0,0,0.11568799298860649,True,0.001,0.02
4,9,47,0.0,0.0,1,propagule,7896,0,0,0.11765450861195542,True,0.001,0.02
4,9,48,0.0,0.0,1,propagule,7778,0,0,0.11969658009771149,True,0.001,0.02
4,9,49,0.0,0.0,1,propagule,7673,0,0,0.12159520396194448,True,0.001,0.02
4,9,50,0.0,0.0,1,propagule,7560,0,0,0.12433862433862433,True,0.001,0.02
4,9,51,0.0,0.0,1,propagule,7448,0,0,0.1272824919441461,True,0.001,0.02
4,9,52,0.0,0.0,1,propagule,7372,0,0,0.12927292457948997,True,0.001,0.02
4,10,1,0.0,0.0,1,propagule,7317,0,0,0.13174798414650812,True,0.001,0.02
4,10,2,0.0,0.0,1,propagule,7237,0,0,0.1329280088434434,True,0.001,0.02
4,10,3,0.0,0.0,1,propagule,7193,0,0,0.1337411372167385,True,0.001,0.02
4,10,4,0.0,0.0,1,propagule,7138,0,0,0.13491173998318856,True,0.001,0.02
4,10,5,0.0,0.0,1,propagule,7065,0,0,0.1364472753007785,True,0.001,0.02
4,10,6,0.0,0.0,1,propagule,6993,0,0,0.13756613756613756,True,0.001,0.02
4,10,7,0.0,0.0,1,propagule,6931,0,0,0.13793103448275862,True,0.001,0.02
4,10,8,0.0,0.0,1,propagule,6878,0,0,0.13913928467577785,True,0.001,0.02
4,10,9,0.0,0.0,1,propagule,6829,0,0,0.1394054766437253,True,0.001,0.02
4,10,10,0.0,0.0,1,propagule,6773,0,0,0.13981987302524732,True,0.001,0.02
4,10,11,0.0,0.0,1,propagule,6711,0,0,0.14036656236030398,True,0.001,0.02
4,10,12,0.0,0.0,1,propagule,6667,0,0,0.14129293535323234,True,0.001,0.02
4,10,13,0.0,0.0,1,propagule,6608,0,0,0.1425544794188862,True,0.001,0.02
4,10,14,0.0,0.0,1,propagule,6542,0,0,0.1433812289819627,True,0.001,0.02
4,10,15,0.0,0.0,1,propagule,6496,0,0,0.14455049261083744,True,0.001,0.02
4,10,16,0.0,0.0,1,propagule,6446,0,0,0.14536146447409246,True,0.001,0.02
4,10,17,0.0,0.0,1,propagule,6394,0,0,0.14623084141382547,True,0.001,0.02
4,10,18,0.0,0.0,1,propagule,14199,0,0,0.0606380731037397,True,0.001,0.02
4,10,19,0.0,0.0,1,propagule,14009,0,0,0.061103576272396314,True,0.001,0.02
4,10,20,0.0,0.0,1,propagule,13826,0,0,0.06147837407782439,True,0.001,0.02
4,10,21,0.0,0.0,1,propagule,13580,0,0,0.0625920471281296,True,0.001,0.02
4,10,22,0.0,0.0,1,propagule,13421,0,0,0.06340809179643841,True,0.001,0.02
4,10,23,0.0,0.0,1,propagule,13175,0,0,0.06428842504743833,True,0.001,0.02
4,10,24,0.0,0.0,1,propagule,12956,0,0,0.06529793146032727,True,0.001,0.02
4,10,25,0.0,0.0,1,propagule,12744,0,0,0.0661487758945386,True,0.001,0.02
4,10,26,0.0,0.0,1,propagule,12557,0,0,0.06697459584295612,True,0.001,0.02
4,10,27,0.0,0.0,1,propagule,12360,0,0,0.06788025889967637,True,0.001,0.02
4,10,28,0.0,0.0,1,propagule,12215,0,0,0.06844044207941057,True,0.001,0.02
4,10,29,0.0,0.0,1,propagule,12029,0,0,0.06933244658741375,True,0.001,0.02
4,10,30,0.0,0.0,1,propagule,11890,0,0,0.07014297729184188,True,0.001,0.02
4,10,31,0.0,0.0,1,propagule,11737,0,0,0.07080173809320951,True,0.001,0.02
4,10,32,0.0,0.0,1,propagule,11592,0,0,0.07185990338164251,True,0.001,0.02
4,10,33,0.0,0.0,1,propagule,11410,0,0,0.07186678352322524,True,0.001,0.02
4,10,34,0.0,0.0,1,propagule,11260,0,0,0.07282415630550622,True,0.001,0.02
4,10,35,0.0,0.0,1,propagule,11105,0,0,0.07402071139126519,True,0.001,0.02
4,10,36,0.0,0.0,1,propagule,10923,0,0,0.0747963013824041,True,0.001,0.02
4,10,37,0.0,0.0,1,propagule,10765,0,0,0.07607988852763586,True,0.001,0.02
4,10,38,0.0,0.0,1,propagule,10647,0,0,0.07635953789799943,True,0.001,0.02
4,10,39,0.0,0.0,1,propagule,10537,0,0,0.07706178229097466,True,0.001,0.02
4,10,40,0.0,0.0,1,propagule,10427,0,0,0.0780665579744893,True,0.001,0.02
4,10,41,0.0,0.0,1,propagule,10322,0,0,0.07857004456500678,True,0.001,0.02
4,10,42,0.0,0.0,1,propagule,10204,0,0,0.0795766366130929,True,0.001,0.02
4,10,43,0.0,0.0,1,propagule,10473,0,0,0.1354912632483529,True,0.001,0.02
4,10,44,0.0,0.0,1,propagule,9854,0,0,0.12127055003044449,True,0.001,0.02
4,10,45,0.0,0.0,1,propagule,9584,0,0,0.11696577629382304,True,0.001,0.02
4,10,46,0.0,0.0,1,propagule,9429,0,0,0.11761586594548733,True,0.001,0.02
4,10,47,0.0,0.0,1,propagule,9325,0,0,0.12096514745308311,True,0.001,0.02
4,10,48,0.0,0.0,1,propagule,9216,0,0,0.12391493055555555,True,0.001,0.02
4,10,49,0.0,0.0,1,propagule,9142,0,0,0.12655873988186392,True,0.001,0.02
4,10,50,0.0,0.0,1,propagule,9042,0,0,0.12950674629506748,True,0.001,0.02
4,10,51,0.0,0.0,1,propagule,8905,0,0,0.1326221224031443,True,0.001,0.02
4,10,52,0.0,0.0,1,propagule,8808,0,0,0.13510445049954586,True,0.001,0.02
4,1,1,0.0,0.0,1,propagule,943,0,0,0.0,True,0.001,0.025
4,1,2,0.0,0.0,1,propagule,947,0,0,0.0,True,0.001,0.025
4,1,3,0.0,0.0,1,propagule,934,0,0,0.0010706638115631692,True,0.001,0.025
4,1,4,0.0,0.0,1,propagule,933,0,0,0.003215434083601286,True,0.001,0.025
4,1,5,0.0,0.0,1,propagule,924,0,0,0.003246753246753247,True,0.001,0.025
4,1,6,0.0,0.0,1,propagule,930,0,0,0.004301075268817204,True,0.001,0.025
4,1,7,0.0,0.0,1,propagule,914,0,0,0.006564551422319475,True,0.001,0.025
4,1,8,0.0,0.0,1,propagule,913,0,0,0.007667031763417305,True,0.001,0.025
4,1,9,0.0,0.0,1,propagule,886,0,0,0.006772009029345372,True,0.001,0.025
4,1,10,0.0,0.0,1,propagule,882,0,0,0.007936507936507936,True,0.001,0.025
4,1,11,0.0,0.0,1,propagule,870,0,0,0.009195402298850575,True,0.001,0.025
4,1,12,0.0,0.0,1,propagule,874,0,0,0.009153318077803204,True,0.001,0.025
4,1,13,0.0,0.0,1,propagule,857,0,0,0.009334889148191364,True,0.001,0.025
4,1,14,0.0,0.0,1,propagule,847,0,0,0.009445100354191263,True,0.001,0.025
4,1,15,0.0,0.0,1,propagule,833,0,0,0.009603841536614645,True,0.001,0.025
4,1,16,0.0,0.0,1,propagule,830,0,0,0.00963855421686747,True,0.001,0.025
4,1,17,0.0,0.0,1,propagule,819,0,0,0.009768009768009768,True,0.001,0.025
4,1,18,0.0,0.0,1,propagule,2300,0,0,0.0034782608695652175,True,0.001,0.025
4,1,19,0.0,0.0,1,propagule,2299,0,0,0.0034797738147020443,True,0.001,0.025
4,1,20,0.0,0.0,1,propagule,2228,0,0,0.003590664272890485,True,0.001,0.025
4,1,21,0.0,0.0,1,propagule,2186,0,0,0.0036596523330283625,True,0.001,0.025
4,1,22,0.0,0.0,1,propagule,2141,0,0,0.0037365716954694066,True,0.001,0.025
4,1,23,0.0,0.0,1,propagule,2102,0,0,0.003805899143672693,True,0.001,0.025
4,1,24,0.0,0.0,1,propagule,2062,0,0,0.0038797284190106693,True,0.001,0.025
4,1,25,0.0,0.0,1,propagule,2029,0,0,0.003942828979793002,True,0.001,0.025
4,1,26,0.0,0.0,1,propagule,2015,0,0,0.004466501240694789,True,0.001,0.025
4,1,27,0.0,0.0,1,propagule,1989,0,0,0.005027652086475616,True,0.001,0.025
4,1,28,0.0,0.0,1,propagule,1987,0,0,0.0055359838953195776,True,0.001,0.025
4,1,29,0.0,0.0,1,propagule,1945,0,0,0.005655526992287918,True,0.001,0.025
4,1,30,0.0,0.0,1,propagule,1922,0,0,0.005723204994797087,True,0.001,0.025
4,1,31,0.0,0.0,1,propagule,1913,0,0,0.00575013068478829,True,0.001,0.025
4,1,32,0.0,0.0,1,propagule,1851,0,0,0.005942733657482442,True,0.001,0.025
4,1,33,0.0,0.0,1,propagule,1807,0,0,0.005534034311012728,True,0.001,0.025
4,1,34,0.0,0.0,1,propagule,1797,0,0,0.006121313299944352,True,0.001,0.025
4,1,35,0.0,0.0,1,propagule,1720,0,0,0.005813953488372093,True,0.001,0.025
4,1,36,0.0,0.0,1,propagule,1713,0,0,0.0099241097489784,True,0.001,0.025
4,1,37,0.0,0.0,1,propagule,1674,0,0,0.008363201911589008,True,0.001,0.025
4,1,38,0.0,0.0,1,propagule,1658,0,0,0.009650180940892641,True,0.001,0.025
4,1,39,0.0,0.0,1,propagule,1624,0,0,0.007389162561576354,True,0.001,0.025
4,1,40,0.0,0.0,1,propagule,1622,0,0,0.009864364981504316,True,0.001,0.025
4,1,41,0.0,0.0,1,propagule,1587,0,0,0.007561436672967864,True,0.001,0.025
4,1,42,0.0,0.0,1,propagule,1574,0,0,0.009529860228716646,True,0.001,0.025
4,1,43,0.0,0.0,1,propagule,1565,0,0,0.023642172523961662,True,0.001,0.025
4,1,44,0.0,0.0,1,propagule,1530,0,0,0.023529411764705882,True,0.001,0.025
4,1,45,0.0,0.0,1,propagule,1524,0,0,0.024278215223097113,True,0.001,0.025
4,1,46,0.0,0.0,1,propagule,1493,0,0,0.02478231748158071,True,0.001,0.025
4,1,47,0.0,0.0,1,propagule,1499,0,0,0.027351567711807873,True,0.001,0.025
4,1,48,0.0,0.0,1,propagule,1462,0,0,0.024623803009575923,True,0.001,0.025
4,1,49,0.0,0.0,1,propagule,1477,0,0,0.02979011509817197,True,0.001,0.025
4,1,50,0.0,0.0,1,propagule,1436,0,0,0.028551532033426183,True,0.001,0.025
4,1,51,0.0,0.0,1,propagule,1427,0,0,0.02943237561317449,True,0.001,0.025
4,1,52,0.0,0.0,1,propagule,1405,0,0,0.029181494661921707,True,0.001,0.025
4,2,1,0.0,0.0,1,propagule,1407,0,0,0.028429282160625444,True,0.001,0.025
4,2,2,0.0,0.0,1,propagule,1372,0,0,0.02988338192419825,True,0.001,0.025
4,2,3,0.0,0.0,1,propagule,1347,0,0,0.030438010393466965,True,0.001,0.025
4,2,4,0.0,0.0,1,propagule,1322,0,0,0.031013615733736764,True,0.001,0.025
4,2,5,0.0,0.0,1,propagule,1311,0,0,0.034324942791762014,True,0.001,0.025
4,2,6,0.0,0.0,1,propagule,1294,0,0,0.03632148377125193,True,0.001,0.025
4,2,7,0.0,0.0,1,propagule,1302,0,0,0.0445468509984639,True,0.001,0.025
4,2,8,0.0,0.0,1,propagule,1282,0,0,0.041341653666146644,True,0.001,0.025
4,2,9,0.0,0.0,1,propagule,1279,0,0,0.04534792806880375,True,0.001,0.025
4,2,10,0.0,0.0,1,propagule,1254,0,0,0.04066985645933014,True,0.001,0.025
4,2,11,0.0,0.0,1,propagule,1252,0,0,0.04552715654952077,True,0.001,0.025
4,2,12,0.0,0.0,1,propagule,1218,0,0,0.041050903119868636,True,0.001,0.025
4,2,13,0.0,0.0,1,propagule,1228,0,0,0.048859934853420196,True,0.001,0.025
4,2,14,0.0,0.0,1,propagule,1200,0,0,0.0425,True,0.001,0.025
4,2,15,0.0,0.0,1,propagule,1213,0,0,0.048639736191261336,True,0.001,0.025
4,2,16,0.0,0.0,1,propagule,1172,0,0,0.042662116040955635,True,0.001,0.025
4,2,17,0.0,0.0,1,propagule,1169,0,0,0.04704875962360992,True,0.001,0.025
4,2,18,0.0,0.0,1,propagule,2361,0,0,0.02075391783142736,True,0.001,0.025
4,2,19,0.0,0.0,1,propagule,2326,0,0,0.023215821152192607,True,0.001,0.025
4,2,20,0.0,0.0,1,propagule,2272,0,0,0.022007042253521125,True,0.001,0.025
4,2,21,0.0,0.0,1,propagule,2251,0,0,0.02310084406930253,True,0.001,0.025
4,2,22,0.0,0.0,1,propagule,2216,0,0,0.02572202166064982,True,0.001,0.025
4,2,23,0.0,0.0,1,propagule,2175,0,0,0.023908045977011495,True,0.001,0.025
4,2,24,0.0,0.0,1,propagule,2152,0,0,0.02648698884758364,True,0.001,0.025
4,2,25,0.0,0.0,1,propagule,2099,0,0,0.02572653644592663,True,0.001,0.025
4,2,26,0.0,0.0,1,propagule,2080,0,0,0.026923076923076925,True,0.001,0.025
4,2,27,0.0,0.0,1,propagule,2039,0,0,0.02893575282000981,True,0.001,0.025
4,2,28,0.0,0.0,1,propagule,1995,0,0,0.02957393483709273,True,0.001,0.025
4,2,29,0.0,0.0,1,propagule,1956,0,0,0.02965235173824131,True,0.001,0.025
4,2,30,0.0,0.0,1,propagule,1954,0,0,0.031218014329580348,True,0.001,0.025
4,2,31,0.0,0.0,1,propagule,1887,0,0,0.0296767355590885,True,0.001,0.025
4,2,32,0.0,0.0,1,propagule,1878,0,0,0.03354632587859425,True,0.001,0.025
4,2,33,0.0,0.0,1,propagule,1836,0,0,0.03159041394335512,True,0.001,0.025
4,2,34,0.0,0.0,1,propagule,1838,0,0,0.03536452665941241,True,0.001,0.025
4,2,35,0.0,0.0,1,propagule,1790,0,0,0.0329608938547486,True,0.001,0.025
4,2,36,0.0,0.0,1,propagule,1752,0,0,0.0365296803652968,True,0.001,0.025
4,2,37,0.0,0.0,1,propagule,1765,0,0,0.042492917847025496,True,0.001,0.025
4,2,38,0.0,0.0,1,propagule,1730,0,0,0.039884393063583816,True,0.001,0.025
4,2,39,0.0,0.0,1,propagule,1685,0,0,0.040356083086053415,True,0.001,0.025
4,2,40,0.0,0.0,1,propagule,1661,0,0,0.040939193257074055,True,0.001,0.025
4,2,41,0.0,0.0,1,propagule,1654,0,0,0.04171704957678356,True,0.001,0.025
4,2,42,0.0,0.0,1,propagule,1622,0,0,0.04192355117139334,True,0.001,0.025
4,2,43,0.0,0.0,1,propagule,1677,0,0,0.07334525939177101,True,0.001,0.025
4,2,44,0.0,0.0,1,propagule,1631,0,0,0.06315144083384426,True,0.001,0.025
4,2,45,0.0,0.0,1,propagule,1627,0,0,0.07006760909649662,True,0.001,0.025
4,2,46,0.0,0.0,1,propagule,1620,0,0,0.07098765432098765,True,0.001,0.025
4,2,47,0.0,0.0,1,propagule,1629,0,0,0.07550644567219153,True,0.001,0.025
4,2,48,0.0,0.0,1,propagule,1600,0,0,0.07625,True,0.001,0.025
4,2,49,0.0,0.0,1,propagule,1612,0,0,0.08312655086848635,True,0.001,0.025
4,2,50,0.0,0.0,1,propagule,1582,0,0,0.08154235145385588,True,0.001,0.025
4,2,51,0.0,0.0,1,propagule,1583,0,0,0.08528111181301326,True,0.001,0.025
4,2,52,0.0,0.0,1,propagule,1575,0,0,0.08825396825396825,True,0.001,0.025
4,3,1,0.0,0.0,1,propagule,1565,0,0,0.08753993610223643,True,0.001,0.025
4,3,2,0.0,0.0,1,propagule,1549,0,0,0.09167204648160103,True,0.001,0.025
4,3,3,0.0,0.0,1,propagule,1530,0,0,0.09084967320261438,True,0.001,0.025
4,3,4,0.0,0.0,1,propagule,1524,0,0,0.09580052493438321,True,0.001,0.025
4,3,5,0.0,0.0,1,propagule,1509,0,0,0.09410205434062292,True,0.001,0.025
4,3,6,0.0,0.0,1,propagule,1496,0,0,0.09358288770053476,True,0.001,0.025
4,3,7,0.0,0.0,1,propagule,1485,0,0,0.09562289562289562,True,0.001,0.025
4,3,8,0.0,0.0,1,propagule,1460,0,0,0.09520547945205479,True,0.001,0.025
4,3,9,0.0,0.0,1,propagule,1455,0,0,0.09896907216494845,True,0.001,0.025
4,3,10,0.0,0.0,1,propagule,1441,0,0,0.09646079111727966,True,0.001,0.025
4,3,11,0.0,0.0,1,propagule,1431,0,0,0.09783368273934312,True,0.001,0.025
4,3,12,0.0,0.0,1,propagule,1414,0,0,0.09688826025459689,True,0.001,0.025
4,3,13,0.0,0.0,1,propagule,1402,0,0,0.09629101283880172,True,0.001,0.025
4,3,14,0.0,0.0,1,propagule,1388,0,0,0.09654178674351585,True,0.001,0.025
4,3,15,0.0,0.0,1,propagule,1372,0,0,0.09620991253644315,True,0.001,0.025
4,3,16,0.0,0.0,1,propagule,1367,0,0,0.0958302852962692,True,0.001,0.025
4,3,17,0.0,0.0,1,propagule,1356,0,0,0.10029498525073746,True,0.001,0.025
4,3,18,0.0,0.0,1,propagule,3311,0,0,0.03986710963455149,True,0.001,0.025
4,3,19,0.0,0.0,1,propagule,3237,0,0,0.039233858510966946,True,0.001,0.025
4,3,20,0.0,0.0,1,propagule,3177,0,0,0.04123386842933585,True,0.001,0.025
4,3,21,0.0,0.0,1,propagule,3074,0,0,0.039362394274560834,True,0.001,0.025
4,3,22,0.0,0.0,1,propagule,3037,0,0,0.04247612775765558,True,0.001,0.025
4,3,23,0.0,0.0,1,propagule,2979,0,0,0.0433031218529708,True,0.001,0.025
4,3,24,0.0,0.0,1,propagule,2899,0,0,0.041393583994480856,True,0.001,0.025
4,3,25,0.0,0.0,1,propagule,2771,0,0,0.04114038253338145,True,0.001,0.025
4,3,26,0.0,0.0,1,propagule,2764,0,0,0.04739507959479016,True,0.001,0.025
4,3,27,0.0,0.0,1,propagule,2675,0,0,0.04560747663551402,True,0.001,0.025
4,3,28,0.0,0.0,1,propagule,2682,0,0,0.0488441461595824,True,0.001,0.025
4,3,29,0.0,0.0,1,propagule,2566,0,0,0.04520654715510522,True,0.001,0.025
4,3,30,0.0,0.0,1,propagule,2559,0,0,0.04611176240719031,True,0.001,0.025
4,3,31,0.0,0.0,1,propagule,2464,0,0,0.04626623376623377,True,0.001,0.025
4,3,32,0.0,0.0,1,propagule,2443,0,0,0.04707327056897258,True,0.001,0.025
4,3,33,0.0,0.0,1,propagule,2378,0,0,0.0479394449116905,True,0.001,0.025
4,3,34,0.0,0.0,1,propagule,2367,0,0,0.049429657794676805,True,0.001,0.025
4,3,35,0.0,0.0,1,propagule,2327,0,0,0.05242801890846584,True,0.001,0.025
4,3,36,0.0,0.0,1,propagule,2283,0,0,0.052124397722295226,True,0.001,0.025
4,3,37,0.0,0.0,1,propagule,2239,0,0,0.056721750781598926,True,0.001,0.025
4,3,38,0.0,0.0,1,propagule,2211,0,0,0.0574400723654455,True,0.001,0.025
4,3,39,0.0,0.0,1,propagule,2186,0,0,0.0585544373284538,True,0.001,0.025
4,3,40,0.0,0.0,1,propagule,2176,0,0,0.06158088235294118,True,0.001,0.025
4,3,41,0.0,0.0,1,propagule,2138,0,0,0.060336763330215155,True,0.001,0.025
4,3,42,0.0,0.0,1,propagule,2117,0,0,0.05951818611242324,True,0.001,0.025
4,3,43,0.0,0.0,1,propagule,2173,0,0,0.09433962264150944,True,0.001,0.025
4,3,44,0.0,0.0,1,propagule,2113,0,0,0.08755324183625178,True,0.001,0.025
4,3,45,0.0,0.0,1,propagule,2062,0,0,0.08001939864209505,True,0.001,0.025
4,3,46,0.0,0.0,1,propagule,2051,0,0,0.08386153096050707,True,0.001,0.025
4,3,47,0.0,0.0,1,propagule,2029,0,0,0.08624938393297191,True,0.001,0.025
4,3,48,0.0,0.0,1,propagule,2032,0,0,0.09202755905511811,True,0.001,0.025
4,3,49,0.0,0.0,1,propagule,2010,0,0,0.09203980099502487,True,0.001,0.025
4,3,50,0.0,0.0,1,propagule,2015,0,0,0.09727047146401985,True,0.001,0.025
4,3,51,0.0,0.0,1,propagule,1961,0,0,0.09535951045385008,True,0.001,0.025
4,3,52,0.0,0.0,1,propagule,1955,0,0,0.09923273657289003,True,0.001,0.025
4,4,1,0.0,0.0,1,propagule,1911,0,0,0.09785452642595499,True,0.001,0.025
4,4,2,0.0,0.0,1,propagule,1896,0,0,0.09651898734177215,True,0.001,0.025
4,4,3,0.0,0.0,1,propagule,1859,0,0,0.10005379236148466,True,0.001,0.025
4,4,4,0.0,0.0,1,propagule,1840,0,0,0.10217391304347827,True,0.001,0.025
4,4,5,0.0,0.0,1,propagule,1814,0,0,0.09977949283351709,True,0.001,0.025
4,4,6,0.0,0.0,1,propagule,1802,0,0,0.10155382907880134,True,0.001,0.025
4,4,7,0.0,0.0,1,propagule,1786,0,0,0.1019036954087346,True,0.001,0.025
4,4,8,0.0,0.0,1,propagule,1763,0,0,0.10153148043108338,True,0.001,0.025
4,4,9,0.0,0.0,1,propagule,1738,0,0,0.10069044879171461,True,0.001,0.025
4,4,10,0.0,0.0,1,propagule,1718,0,0,0.10186263096623982,True,0.001,0.025
4,4,11,0.0,0.0,1,propagule,1687,0,0,0.1019561351511559,True,0.001,0.025
4,4,12,0.0,0.0,1,propagule,1655,0,0,0.10392749244712991,True,0.001,0.025
4,4,13,0.0,0.0,1,propagule,1626,0,0,0.1033210332103321,True,0.001,0.025
4,4,14,0.0,0.0,1,propagule,1599,0,0,0.10381488430268918,True,0.001,0.025
4,4,15,0.0,0.0,1,propagule,1578,0,0,0.10709759188846642,True,0.001,0.025
4,4,16,0.0,0.0,1,propagule,1577,0,0,0.10653138871274571,True,0.001,0.025
4,4,17,0.0,0.0,1,propagule,1554,0,0,0.10553410553410554,True,0.001,0.025
4,4,18,0.0,0.0,1,propagule,3627,0,0,0.044113592500689275,True,0.001,0.025
4,4,19,0.0,0.0,1,propagule,3519,0,0,0.04461494742824666,True,0.001,0.025
4,4,20,0.0,0.0,1,propagule,3459,0,0,0.045388840705406185,True,0.001,0.025
4,4,21,0.0,0.0,1,propagule,3342,0,0,0.04428485936564931,True,0.001,0.025
4,4,22,0.0,0.0,1,propagule,3269,0,0,0.04557968797797492,True,0.001,0.025
4,4,23,0.0,0.0,1,propagule,3224,0,0,0.04745657568238213,True,0.001,0.025
4,4,24,0.0,0.0,1,propagule,3180,0,0,0.04779874213836478,True,0.001,0.025
4,4,25,0.0,0.0,1,propagule,3109,0,0,0.049533612093920876,True,0.001,0.025
4,4,26,0.0,0.0,1,propagule,3070,0,0,0.0498371335504886,True,0.001,0.025
4,4,27,0.0,0.0,1,propagule,2963,0,0,0.05028687141410732,True,0.001,0.025
4,4,28,0.0,0.0,1,propagule,2943,0,0,0.05436629289840299,True,0.001,0.025
4,4,29,0.0,0.0,1,propagule,2864,0,0,0.05377094972067039,True,0.001,0.025
4,4,30,0.0,0.0,1,propagule,2832,0,0,0.05508474576271186,True,0.001,0.025
4,4,31,0.0,0.0,1,propagule,2746,0,0,0.053532410779315365,True,0.001,0.025
4,4,32,0.0,0.0,1,propagule,2714,0,0,0.05563743551952837,True,0.001,0.025
4,4,33,0.0,0.0,1,propagule,2635,0,0,0.05540796963946869,True,0.001,0.025
4,4,34,0.0,0.0,1,propagule,2582,0,0,0.055770720371804805,True,0.001,0.025
4,4,35,0.0,0.0,1,propagule,2536,0,0,0.05717665615141956,True,0.001,0.025
4,4,36,0.0,0.0,1,propagule,2533,0,0,0.06671930517173312,True,0.001,0.025
4,4,37,0.0,0.0,1,propagule,2466,0,0,0.0665044606650446,True,0.001,0.025
4,4,38,0.0,0.0,1,propagule,2434,0,0,0.0686113393590797,True,0.001,0.025
4,4,39,0.0,0.0,1,propagule,2376,0,0,0.06860269360269361,True,0.001,0.025
4,4,40,0.0,0.0,1,propagule,2357,0,0,0.07127704709376326,True,0.001,0.025
4,4,41,0.0,0.0,1,propagule,2334,0,0,0.07455012853470437,True,0.001,0.025
4,4,42,0.0,0.0,1,propagule,2278,0,0,0.07418788410886742,True,0.001,0.025
4,4,43,0.0,0.0,1,propagule,2359,0,0,0.11996608732513778,True,0.001,0.025
4,4,44,0.0,0.0,1,propagule,2239,0,0,0.1094238499330058,True,0.001,0.025
4,4,45,0.0,0.0,1,propagule,2206,0,0,0.10652765185856754,True,0.001,0.025
4,4,46,0.0,0.0,1,propagule,2144,0,0,0.10074626865671642,True,0.001,0.025
4,4,47,0.0,0.0,1,propagule,2133,0,0,0.10642287857477731,True,0.001,0.025
4,4,48,0.0,0.0,1,propagule,2116,0,0,0.11058601134215501,True,0.001,0.025
4,4,49,0.0,0.0,1,propagule,2116,0,0,0.11578449905482041,True,0.001,0.025
4,4,50,0.0,0.0,1,propagule,2071,0,0,0.11395461129888942,True,0.001,0.025
4,4,51,0.0,0.0,1,propagule,2085,0,0,0.12134292565947243,True,0.001,0.025
4,4,52,0.0,0.0,1,propagule,2047,0,0,0.12408402540302882,True,0.001,0.025
4,5,1,0.0,0.0,1,propagule,2045,0,0,0.12518337408312957,True,0.001,0.025
4,5,2,0.0,0.0,1,propagule,2019,0,0,0.1253095591877167,True,0.001,0.025
4,5,3,0.0,0.0,1,propagule,2012,0,0,0.13071570576540756,True,0.001,0.025
4,5,4,0.0,0.0,1,propagule,1990,0,0,0.12763819095477386,True,0.001,0.025
4,5,5,0.0,0.0,1,propagule,1976,0,0,0.12904858299595143,True,0.001,0.025
4,5,6,0.0,0.0,1,propagule,1961,0,0,0.13105558388577257,True,0.001,0.025
4,5,7,0.0,0.0,1,propagule,1943,0,0,0.13226968605249614,True,0.001,0.025
4,5,8,0.0,0.0,1,propagule,1916,0,0,0.13204592901878914,True,0.001,0.025
4,5,9,0.0,0.0,1,propagule,1889,0,0,0.1323451561672843,True,0.001,0.025
4,5,10,0.0,0.0,1,propagule,1872,0,0,0.1346153846153846,True,0.001,0.025
4,5,11,0.0,0.0,1,propagule,1861,0,0,0.13756045137023107,True,0.001,0.025
4,5,12,0.0,0.0,1,propagule,1836,0,0,0.1383442265795207,True,0.001,0.025
4,5,13,0.0,0.0,1,propagule,1818,0,0,0.13696369636963696,True,0.001,0.025
4,5,14,0.0,0.0,1,propagule,1787,0,0,0.13598209289311697,True,0.001,0.025
4,5,15,0.0,0.0,1,propagule,1766,0,0,0.13816534541336353,True,0.001,0.025
4,5,16,0.0,0.0,1,propagule,1740,0,0,0.1367816091954023,True,0.001,0.025
4,5,17,0.0,0.0,1,propagule,1739,0,0,0.14261069580218516,True,0.001,0.025
4,5,18,0.0,0.0,1,propagule,4000,0,0,0.0575,True,0.001,0.025
4,5,19,0.0,0.0,1,propagule,3953,0,0,0.06020743738932456,True,0.001,0.025
4,5,20,0.0,0.0,1,propagule,3844,0,0,0.05957336108220603,True,0.001,0.025
4,5,21,0.0,0.0,1,propagule,3773,0,0,0.06095944871455076,True,0.001,0.025
4,5,22,0.0,0.0,1,propagule,3679,0,0,0.06142973634139712,True,0.001,0.025
4,5,23,0.0,0.0,1,propagule,3646,0,0,0.0628085573230938,True,0.001,0.025
4,5,24,0.0,0.0,1,propagule,3552,0,0,0.06306306306306306,True,0.001,0.025
4,5,25,0.0,0.0,1,propagule,3509,0,0,0.06383585066970647,True,0.001,0.025
4,5,26,0.0,0.0,1,propagule,3454,0,0,0.06485234510712218,True,0.001,0.025
4,5,27,0.0,0.0,1,propagule,3388,0,0,0.06582054309327037,True,0.001,0.025
4,5,28,0.0,0.0,1,propagule,3309,0,0,0.06829857963130856,True,0.001,0.025
4,5,29,0.0,0.0,1,propagule,3227,0,0,0.06910443136039665,True,0.001,0.025
4,5,30,0.0,0.0,1,propagule,3176,0,0,0.07084382871536524,True,0.001,0.025
4,5,31,0.0,0.0,1,propagule,3107,0,0,0.07177341486964918,True,0.001,0.025
4,5,32,0.0,0.0,1,propagule,3085,0,0,0.07260940032414911,True,0.001,0.025
4,5,33,0.0,0.0,1,propagule,2970,0,0,0.07373737373737374,True,0.001,0.025
4,5,34,0.0,0.0,1,propagule,2953,0,0,0.07754825601083644,True,0.001,0.025
4,5,35,0.0,0.0,1,propagule,2898,0,0,0.0779848171152519,True,0.001,0.025
4,5,36,0.0,0.0,1,propagule,2885,0,0,0.08180242634315425,True,0.001,0.025
4,5,37,0.0,0.0,1,propagule,2860,0,0,0.08251748251748252,True,0.001,0.025
4,5,38,0.0,0.0,1,propagule,2790,0,0,0.08172043010752689,True,0.001,0.025
4,5,39,0.0,0.0,1,propagule,2778,0,0,0.08675305975521959,True,0.001,0.025
4,5,40,0.0,0.0,1,propagule,2741,0,0,0.08609996351696461,True,0.001,0.025
4,5,41,0.0,0.0,1,propagule,2720,0,0,0.08970588235294118,True,0.001,0.025
4,5,42,0.0,0.0,1,propagule,2672,0,0,0.08832335329341318,True,0.001,0.025
4,5,43,0.0,0.0,1,propagule,2715,0,0,0.12559852670349908,True,0.001,0.025
4,5,44,0.0,0.0,1,propagule,2586,0,0,0.11175560711523588,True,0.001,0.025
4,5,45,0.0,0.0,1,propagule,2533,0,0,0.11054086063955784,True,0.001,0.025
4,5,46,0.0,0.0,1,propagule,2471,0,0,0.10764872521246459,True,0.001,0.025
4,5,47,0.0,0.0,1,propagule,2472,0,0,0.11610032362459546,True,0.001,0.025
4,5,48,0.0,0.0,1,propagule,2422,0,0,0.11271676300578035,True,0.001,0.025
4,5,49,0.0,0.0,1,propagule,2417,0,0,0.11956971452213488,True,0.001,0.025
4,5,50,0.0,0.0,1,propagule,2384,0,0,0.1174496644295302,True,0.001,0.025
4,5,51,0.0,0.0,1,propagule,2362,0,0,0.11854360711261643,True,0.001,0.025
4,5,52,0.0,0.0,1,propagule,2322,0,0,0.11843238587424634,True,0.001,0.025
4,6,1,0.0,0.0,1,propagule,2330,0,0,0.12489270386266095,True,0.001,0.025
4,6,2,0.0,0.0,1,propagule,2301,0,0,0.12081703607127336,True,0.001,0.025
4,6,3,0.0,0.0,1,propagule,2310,0,0,0.13116883116883116,True,0.001,0.025
4,6,4,0.0,0.0,1,propagule,2259,0,0,0.12217795484727756,True,0.001,0.025
4,6,5,0.0,0.0,1,propagule,2263,0,0,0.1307998232434821,True,0.001,0.025
4,6,6,0.0,0.0,1,propagule,2230,0,0,0.12556053811659193,True,0.001,0.025
4,6,7,0.0,0.0,1,propagule,2231,0,0,0.13088301210219633,True,0.001,0.025
4,6,8,0.0,0.0,1,propagule,2199,0,0,0.12642110050022737,True,0.001,0.025
4,6,9,0.0,0.0,1,propagule,2206,0,0,0.1346328195829556,True,0.001,0.025
4,6,10,0.0,0.0,1,propagule,2161,0,0,0.12910689495603886,True,0.001,0.025
4,6,11,0.0,0.0,1,propagule,2162,0,0,0.1364477335800185,True,0.001,0.025
4,6,12,0.0,0.0,1,propagule,2126,0,0,0.1317027281279398,True,0.001,0.025
4,6,13,0.0,0.0,1,propagule,2103,0,0,0.1383737517831669,True,0.001,0.025
4,6,14,0.0,0.0,1,propagule,2062,0,0,0.13433559650824442,True,0.001,0.025
4,6,15,0.0,0.0,1,propagule,2046,0,0,0.13831867057673508,True,0.001,0.025
4,6,16,0.0,0.0,1,propagule,2029,0,0,0.13701330704780681,True,0.001,0.025
4,6,17,0.0,0.0,1,propagule,2012,0,0,0.14363817097415507,True,0.001,0.025
4,6,18,0.0,0.0,1,propagule,4566,0,0,0.060008760402978534,True,0.001,0.025
4,6,19,0.0,0.0,1,propagule,4506,0,0,0.06125166444740346,True,0.001,0.025
4,6,20,0.0,0.0,1,propagule,4441,0,0,0.061022292276514296,True,0.001,0.025
4,6,21,0.0,0.0,1,propagule,4292,0,0,0.06360671015843429,True,0.001,0.025
4,6,22,0.0,0.0,1,propagule,4209,0,0,0.06414825374198146,True,0.001,0.025
4,6,23,0.0,0.0,1,propagule,4121,0,0,0.06576073768502791,True,0.001,0.025
4,6,24,0.0,0.0,1,propagule,4063,0,0,0.06669948314053654,True,0.001,0.025
4,6,25,0.0,0.0,1,propagule,3993,0,0,0.06862008514901077,True,0.001,0.025
4,6,26,0.0,0.0,1,propagule,3949,0,0,0.06963788300835655,True,0.001,0.025
4,6,27,0.0,0.0,1,propagule,3915,0,0,0.07075351213282248,True,0.001,0.025
4,6,28,0.0,0.0,1,propagule,3821,0,0,0.07092384192619733,True,0.001,0.025
4,6,29,0.0,0.0,1,propagule,3737,0,0,0.07358843992507359,True,0.001,0.025
4,6,30,0.0,0.0,1,propagule,3653,0,0,0.07363810566657542,True,0.001,0.025
4,6,31,0.0,0.0,1,propagule,3608,0,0,0.07511086474501108,True,0.001,0.025
4,6,32,0.0,0.0,1,propagule,3533,0,0,0.07642230399094255,True,0.001,0.025
4,6,33,0.0,0.0,1,propagule,3463,0,0,0.07710077967080566,True,0.001,0.025
4,6,34,0.0,0.0,1,propagule,3396,0,0,0.07891637220259129,True,0.001,0.025
4,6,35,0.0,0.0,1,propagule,3360,0,0,0.0818452380952381,True,0.001,0.025
4,6,36,0.0,0.0,1,propagule,3284,0,0,0.08221680876979294,True,0.001,0.025
4,6,37,0.0,0.0,1,propagule,3262,0,0,0.08614347026364194,True,0.001,0.025
4,6,38,0.0,0.0,1,propagule,3211,0,0,0.08751167860479601,True,0.001,0.025
4,6,39,0.0,0.0,1,propagule,3184,0,0,0.0882537688442211,True,0.001,0.025
4,6,40,0.0,0.0,1,propagule,3126,0,0,0.08989123480486244,True,0.001,0.025
4,6,41,0.0,0.0,1,propagule,3096,0,0,0.09011627906976744,True,0.001,0.025
4,6,42,0.0,0.0,1,propagule,3055,0,0,0.09230769230769231,True,0.001,0.025
4,6,43,0.0,0.0,1,propagule,3080,0,0,0.13116883116883116,True,0.001,0.025
4,6,44,0.0,0.0,1,propagule,2928,0,0,0.1171448087431694,True,0.001,0.025
4,6,45,0.0,0.0,1,propagule,2837,0,0,0.11491011632005639,True,0.001,0.025
4,6,46,0.0,0.0,1,propagule,2778,0,0,0.11375089992800576,True,0.001,0.025
4,6,47,0.0,0.0,1,propagule,2758,0,0,0.12001450326323423,True,0.001,0.025
4,6,48,0.0,0.0,1,propagule,2720,0,0,0.12279411764705882,True,0.001,0.025
4,6,49,0.0,0.0,1,propagule,2712,0,0,0.12684365781710916,True,0.001,0.025
4,6,50,0.0,0.0,1,propagule,2663,0,0,0.12617348854675178,True,0.001,0.025
4,6,51,0.0,0.0,1,propagule,2650,0,0,0.1320754716981132,True,0.001,0.025
4,6,52,0.0,0.0,1,propagule,2614,0,0,0.13121652639632747,True,0.001,0.025
4,7,1,0.0,0.0,1,propagule,2615,0,0,0.13652007648183556,True,0.001,0.025
4,7,2,0.0,0.0,1,propagule,2546,0,0,0.13275726630007856,True,0.001,0.025
4,7,3,0.0,0.0,1,propagule,2529,0,0,0.13958086200079084,True,0.001,0.025
4,7,4,0.0,0.0,1,propagule,2475,0,0,0.13616161616161615,True,0.001,0.025
4,7,5,0.0,0.0,1,propagule,2470,0,0,0.14129554655870447,True,0.001,0.025
4,7,6,0.0,0.0,1,propagule,2421,0,0,0.13713341594382486,True,0.001,0.025
4,7,7,0.0,0.0,1,propagule,2419,0,0,0.14427449359239355,True,0.001,0.025
4,7,8,0.0,0.0,1,propagule,2372,0,0,0.1399662731871838,True,0.001,0.025
4,7,9,0.0,0.0,1,propagule,2365,0,0,0.14545454545454545,True,0.001,0.025
4,7,10,0.0,0.0,1,propagule,2318,0,0,0.14236410698878343,True,0.001,0.025
4,7,11,0.0,0.0,1,propagule,2305,0,0,0.1470715835140998,True,0.001,0.025
4,7,12,0.0,0.0,1,propagule,2257,0,0,0.1435533894550288,True,0.001,0.025
4,7,13,0.0,0.0,1,propagule,2261,0,0,0.14904909332153915,True,0.001,0.025
4,7,14,0.0,0.0,1,propagule,2218,0,0,0.1447249774571686,True,0.001,0.025
4,7,15,0.0,0.0,1,propagule,2226,0,0,0.15049415992812218,True,0.001,0.025
4,7,16,0.0,0.0,1,propagule,2194,0,0,0.1453965360072926,True,0.001,0.025
4,7,17,0.0,0.0,1,propagule,2199,0,0,0.14961346066393816,True,0.001,0.025
4,7,18,0.0,0.0,1,propagule,5256,0,0,0.059931506849315065,True,0.001,0.025
4,7,19,0.0,0.0,1,propagule,5206,0,0,0.06165962351133308,True,0.001,0.025
4,7,20,0.0,0.0,1,propagule,5001,0,0,0.060587882423515295,True,0.001,0.025
4,7,21,0.0,0.0,1,propagule,4908,0,0,0.06316218418907905,True,0.001,0.025
4,7,22,0.0,0.0,1,propagule,4781,0,0,0.06316670152687723,True,0.001,0.025
4,7,23,0.0,0.0,1,propagule,4724,0,0,0.06562235393734124,True,0.001,0.025
4,7,24,0.0,0.0,1,propagule,4602,0,0,0.06562364189482833,True,0.001,0.025
4,7,25,0.0,0.0,1,propagule,4534,0,0,0.0670489633877371,True,0.001,0.025
4,7,26,0.0,0.0,1,propagule,4391,0,0,0.06809382828512867,True,0.001,0.025
4,7,27,0.0,0.0,1,propagule,4310,0,0,0.07030162412993039,True,0.001,0.025
4,7,28,0.0,0.0,1,propagule,4192,0,0,0.0715648854961832,True,0.001,0.025
4,7,29,0.0,0.0,1,propagule,4106,0,0,0.07403799318071115,True,0.001,0.025
4,7,30,0.0,0.0,1,propagule,3996,0,0,0.07382382382382383,True,0.001,0.025
4,7,31,0.0,0.0,1,propagule,3951,0,0,0.0756770437863832,True,0.001,0.025
4,7,32,0.0,0.0,1,propagule,3861,0,0,0.07666407666407667,True,0.001,0.025
4,7,33,0.0,0.0,1,propagule,3801,0,0,0.07866350960273612,True,0.001,0.025
4,7,34,0.0,0.0,1,propagule,3738,0,0,0.07891920813269128,True,0.001,0.025
4,7,35,0.0,0.0,1,propagule,3676,0,0,0.08025027203482046,True,0.001,0.025
4,7,36,0.0,0.0,1,propagule,3594,0,0,0.08152476349471341,True,0.001,0.025
4,7,37,0.0,0.0,1,propagule,3519,0,0,0.08496732026143791,True,0.001,0.025
4,7,38,0.0,0.0,1,propagule,3461,0,0,0.08379081190407396,True,0.001,0.025
4,7,39,0.0,0.0,1,propagule,3399,0,0,0.08737864077669903,True,0.001,0.025
4,7,40,0.0,0.0,1,propagule,3355,0,0,0.08643815201192251,True,0.001,0.025
4,7,41,0.0,0.0,1,propagule,3324,0,0,0.08904933814681107,True,0.001,0.025
4,7,42,0.0,0.0,1,propagule,3274,0,0,0.0885766646304215,True,0.001,0.025
4,7,43,0.0,0.0,1,propagule,3387,0,0,0.14024210215529967,True,0.001,0.025
4,7,44,0.0,0.0,1,propagule,3197,0,0,0.1232405380043791,True,0.001,0.025
4,7,45,0.0,0.0,1,propagule,3088,0,0,0.11658031088082901,True,0.001,0.025
4,7,46,0.0,0.0,1,propagule,3051,0,0,0.11766633890527696,True,0.001,0.025
4,7,47,0.0,0.0,1,propagule,3020,0,0,0.11788079470198676,True,0.001,0.025
4,7,48,0.0,0.0,1,propagule,2998,0,0,0.11974649766511007,True,0.001,0.025
4,7,49,0.0,0.0,1,propagule,2997,0,0,0.1254587921254588,True,0.001,0.025
4,7,50,0.0,0.0,1,propagule,2955,0,0,0.12690355329949238,True,0.001,0.025
4,7,51,0.0,0.0,1,propagule,2923,0,0,0.13034553540882654,True,0.001,0.025
4,7,52,0.0,0.0,1,propagule,2855,0,0,0.12854640980735552,True,0.001,0.025
4,8,1,0.0,0.0,1,propagule,2850,0,0,0.13333333333333333,True,0.001,0.025
4,8,2,0.0,0.0,1,propagule,2816,0,0,0.13352272727272727,True,0.001,0.025
4,8,3,0.0,0.0,1,propagule,2815,0,0,0.13712255772646537,True,0.001,0.025
4,8,4,0.0,0.0,1,propagule,2753,0,0,0.1362150381402107,True,0.001,0.025
4,8,5,0.0,0.0,1,propagule,2748,0,0,0.13864628820960698,True,0.001,0.025
4,8,6,0.0,0.0,1,propagule,2702,0,0,0.1384159881569208,True,0.001,0.025
4,8,7,0.0,0.0,1,propagule,2688,0,0,0.14174107142857142,True,0.001,0.025
4,8,8,0.0,0.0,1,propagule,2636,0,0,0.14036418816388468,True,0.001,0.025
4,8,9,0.0,0.0,1,propagule,2635,0,0,0.14497153700189752,True,0.001,0.025
4,8,10,0.0,0.0,1,propagule,2588,0,0,0.14296754250386398,True,0.001,0.025
4,8,11,0.0,0.0,1,propagule,2588,0,0,0.14953632148377125,True,0.001,0.025
4,8,12,0.0,0.0,1,propagule,2543,0,0,0.14667715296893433,True,0.001,0.025
4,8,13,0.0,0.0,1,propagule,2547,0,0,0.1519434628975265,True,0.001,0.025
4,8,14,0.0,0.0,1,propagule,2513,0,0,0.14803024273776363,True,0.001,0.025
4,8,15,0.0,0.0,1,propagule,2504,0,0,0.15455271565495207,True,0.001,0.025
4,8,16,0.0,0.0,1,propagule,2457,0,0,0.1514041514041514,True,0.001,0.025
4,8,17,0.0,0.0,1,propagule,2460,0,0,0.15772357723577235,True,0.001,0.025
4,8,18,0.0,0.0,1,propagule,5508,0,0,0.06862745098039216,True,0.001,0.025
4,8,19,0.0,0.0,1,propagule,5430,0,0,0.0707182320441989,True,0.001,0.025
4,8,20,0.0,0.0,1,propagule,5301,0,0,0.0692322203357857,True,0.001,0.025
4,8,21,0.0,0.0,1,propagule,5220,0,0,0.07126436781609195,True,0.001,0.025
4,8,22,0.0,0.0,1,propagule,5099,0,0,0.07040596195332419,True,0.001,0.025
4,8,23,0.0,0.0,1,propagule,4998,0,0,0.07102841136454582,True,0.001,0.025
4,8,24,0.0,0.0,1,propagule,4904,0,0,0.07238988580750408,True,0.001,0.025
4,8,25,0.0,0.0,1,propagule,4820,0,0,0.07385892116182573,True,0.001,0.025
4,8,26,0.0,0.0,1,propagule,4705,0,0,0.07502656748140277,True,0.001,0.025
4,8,27,0.0,0.0,1,propagule,4659,0,0,0.07598197037990985,True,0.001,0.025
4,8,28,0.0,0.0,1,propagule,4594,0,0,0.07727470613844145,True,0.001,0.025
4,8,29,0.0,0.0,1,propagule,4547,0,0,0.07807345502529141,True,0.001,0.025
4,8,30,0.0,0.0,1,propagule,4483,0,0,0.07918804372072273,True,0.001,0.025
4,8,31,0.0,0.0,1,propagule,4443,0,0,0.08035111411208642,True,0.001,0.025
4,8,32,0.0,0.0,1,propagule,4384,0,0,0.08166058394160584,True,0.001,0.025
4,8,33,0.0,0.0,1,propagule,4312,0,0,0.08348794063079777,True,0.001,0.025
4,8,34,0.0,0.0,1,propagule,4235,0,0,0.08406139315230224,True,0.001,0.025
4,8,35,0.0,0.0,1,propagule,4208,0,0,0.08578897338403042,True,0.001,0.025
4,8,36,0.0,0.0,1,propagule,4130,0,0,0.08692493946731235,True,0.001,0.025
4,8,37,0.0,0.0,1,propagule,4090,0,0,0.08997555012224939,True,0.001,0.025
4,8,38,0.0,0.0,1,propagule,4020,0,0,0.09029850746268657,True,0.001,0.025
4,8,39,0.0,0.0,1,propagule,3972,0,0,0.09038267875125881,True,0.001,0.025
4,8,40,0.0,0.0,1,propagule,3924,0,0,0.09123343527013252,True,0.001,0.025
4,8,41,0.0,0.0,1,propagule,3882,0,0,0.09325090159711488,True,0.001,0.025
4,8,42,0.0,0.0,1,propagule,3826,0,0,0.0948771562990068,True,0.001,0.025
4,8,43,0.0,0.0,1,propagule,4023,0,0,0.1518767089236888,True,0.001,0.025
4,8,44,0.0,0.0,1,propagule,3824,0,0,0.13938284518828453,True,0.001,0.025
4,8,45,0.0,0.0,1,propagule,3691,0,0,0.13302628014088322,True,0.001,0.025
4,8,46,0.0,0.0,1,propagule,3619,0,0,0.13346228239845262,True,0.001,0.025
4,8,47,0.0,0.0,1,propagule,3560,0,0,0.13679775280898876,True,0.001,0.025
4,8,48,0.0,0.0,1,propagule,3531,0,0,0.14131973945058057,True,0.001,0.025
4,8,49,0.0,0.0,1,propagule,3520,0,0,0.1434659090909091,True,0.001,0.025
4,8,50,0.0,0.0,1,propagule,3481,0,0,0.1442114334961218,True,0.001,0.025
4,8,51,0.0,0.0,1,propagule,3457,0,0,0.1489730980619034,True,0.001,0.025
4,8,52,0.0,0.0,1,propagule,3435,0,0,0.14934497816593886,True,0.001,0.025
4,9,1,0.0,0.0,1,propagule,3413,0,0,0.1520656314093173,True,0.001,0.025
4,9,2,0.0,0.0,1,propagule,3378,0,0,0.15008880994671403,True,0.001,0.025
4,9,3,0.0,0.0,1,propagule,3344,0,0,0.15400717703349281,True,0.001,0.025
4,9,4,0.0,0.0,1,propagule,3305,0,0,0.15158850226928897,True,0.001,0.025
4,9,5,0.0,0.0,1,propagule,3281,0,0,0.15544041450777202,True,0.001,0.025
4,9,6,0.0,0.0,1,propagule,3243,0,0,0.1541782300339192,True,0.001,0.025
4,9,7,0.0,0.0,1,propagule,3222,0,0,0.1579764121663563,True,0.001,0.025
4,9,8,0.0,0.0,1,propagule,3184,0,0,0.1560929648241206,True,0.001,0.025
4,9,9,0.0,0.0,1,propagule,3162,0,0,0.16192283364958887,True,0.001,0.025
4,9,10,0.0,0.0,1,propagule,3089,0,0,0.15927484622855292,True,0.001,0.025
4,9,11,0.0,0.0,1,propagule,3073,0,0,0.1656361861373251,True,0.001,0.025
4,9,12,0.0,0.0,1,propagule,3027,0,0,0.16022464486290056,True,0.001,0.025
4,9,13,0.0,0.0,1,propagule,2961,0,0,0.1661600810536981,True,0.001,0.025
4,9,14,0.0,0.0,1,propagule,2910,0,0,0.1625429553264605,True,0.001,0.025
4,9,15,0.0,0.0,1,propagule,2910,0,0,0.1676975945017182,True,0.001,0.025
4,9,16,0.0,0.0,1,propagule,2862,0,0,0.16352201257861634,True,0.001,0.025
4,9,17,0.0,0.0,1,propagule,2857,0,0,0.16835841792089604,True,0.001,0.025
4,9,18,0.0,0.0,1,propagule,6112,0,0,0.06282722513089005,True,0.001,0.025
4,9,19,0.0,0.0,1,propagule,6026,0,0,0.06571523398606041,True,0.001,0.025
4,9,20,0.0,0.0,1,propagule,5884,0,0,0.06475186947654657,True,0.001,0.025
4,9,21,0.0,0.0,1,propagule,5801,0,0,0.0672297879675918,True,0.001,0.025
4,9,22,0.0,0.0,1,propagule,5697,0,0,0.06828155169387397,True,0.001,0.025
4,9,23,0.0,0.0,1,propagule,5599,0,0,0.06911948562243257,True,0.001,0.025
4,9,24,0.0,0.0,1,propagule,5513,0,0,0.07037910393615092,True,0.001,0.025
4,9,25,0.0,0.0,1,propagule,5407,0,0,0.0708341039393379,True,0.001,0.025
4,9,26,0.0,0.0,1,propagule,5320,0,0,0.07255639097744361,True,0.001,0.025
4,9,27,0.0,0.0,1,propagule,5204,0,0,0.07282859338970023,True,0.001,0.025
4,9,28,0.0,0.0,1,propagule,5157,0,0,0.07349234050804732,True,0.001,0.025
4,9,29,0.0,0.0,1,propagule,5056,0,0,0.07456487341772151,True,0.001,0.025
4,9,30,0.0,0.0,1,propagule,4979,0,0,0.07591885920867644,True,0.001,0.025
4,9,31,0.0,0.0,1,propagule,4903,0,0,0.07627982867632062,True,0.001,0.025
4,9,32,0.0,0.0,1,propagule,4838,0,0,0.0770979743695742,True,0.001,0.025
4,9,33,0.0,0.0,1,propagule,4797,0,0,0.077756931415468,True,0.001,0.025
4,9,34,0.0,0.0,1,propagule,4694,0,0,0.0786109927567107,True,0.001,0.025
4,9,35,0.0,0.0,1,propagule,4630,0,0,0.08077753779697625,True,0.001,0.025
4,9,36,0.0,0.0,1,propagule,4549,0,0,0.08111672895141789,True,0.001,0.025
4,9,37,0.0,0.0,1,propagule,4478,0,0,0.08284948637784725,True,0.001,0.025
4,9,38,0.0,0.0,1,propagule,4430,0,0,0.08442437923250565,True,0.001,0.025
4,9,39,0.0,0.0,1,propagule,4359,0,0,0.08534067446662079,True,0.001,0.025
4,9,40,0.0,0.0,1,propagule,4303,0,0,0.0866837090402045,True,0.001,0.025
4,9,41,0.0,0.0,1,propagule,4259,0,0,0.0894576191594271,True,0.001,0.025
4,9,42,0.0,0.0,1,propagule,4215,0,0,0.09015421115065243,True,0.001,0.025
4,9,43,0.0,0.0,1,propagule,4350,0,0,0.15195402298850574,True,0.001,0.025
4,9,44,0.0,0.0,1,propagule,4091,0,0,0.13517477389391347,True,0.001,0.025
4,9,45,0.0,0.0,1,propagule,3962,0,0,0.12796567390206967,True,0.001,0.025
4,9,46,0.0,0.0,1,propagule,3881,0,0,0.12831744395774286,True,0.001,0.025
4,9,47,0.0,0.0,1,propagule,3848,0,0,0.1353950103950104,True,0.001,0.025
4,9,48,0.0,0.0,1,propagule,3795,0,0,0.138866930171278,True,0.001,0.025
4,9,49,0.0,0.0,1,propagule,3774,0,0,0.14202437731849496,True,0.001,0.025
4,9,50,0.0,0.0,1,propagule,3754,0,0,0.14517847629195524,True,0.001,0.025
4,9,51,0.0,0.0,1,propagule,3695,0,0,0.1445196211096076,True,0.001,0.025
4,9,52,0.0,0.0,1,propagule,3654,0,0,0.14641488779419815,True,0.001,0.025
4,10,1,0.0,0.0,1,propagule,3611,0,0,0.1478814732761008,True,0.001,0.025
4,10,2,0.0,0.0,1,propagule,3584,0,0,0.14955357142857142,True,0.001,0.025
4,10,3,0.0,0.0,1,propagule,3540,0,0,0.1519774011299435,True,0.001,0.025
4,10,4,0.0,0.0,1,propagule,3503,0,0,0.1521552954610334,True,0.001,0.025
4,10,5,0.0,0.0,1,propagule,3495,0,0,0.15536480686695278,True,0.001,0.025
4,10,6,0.0,0.0,1,propagule,3447,0,0,0.15404699738903394,True,0.001,0.025
4,10,7,0.0,0.0,1,propagule,3422,0,0,0.15692577440093514,True,0.001,0.025
4,10,8,0.0,0.0,1,propagule,3372,0,0,0.15569395017793594,True,0.001,0.025
4,10,9,0.0,0.0,1,propagule,3358,0,0,0.15902322811197142,True,0.001,0.025
4,10,10,0.0,0.0,1,propagule,3308,0,0,0.15779927448609432,True,0.001,0.025
4,10,11,0.0,0.0,1,propagule,3291,0,0,0.1607414159829839,True,0.001,0.025
4,10,12,0.0,0.0,1,propagule,3254,0,0,0.15980331899200984,True,0.001,0.025
4,10,13,0.0,0.0,1,propagule,3144,0,0,0.16316793893129772,True,0.001,0.025
4,10,14,0.0,0.0,1,propagule,3100,0,0,0.16096774193548388,True,0.001,0.025
4,10,15,0.0,0.0,1,propagule,3078,0,0,0.16471734892787523,True,0.001,0.025
4,10,16,0.0,0.0,1,propagule,3017,0,0,0.16440172356645674,True,0.001,0.025
4,10,17,0.0,0.0,1,propagule,2996,0,0,0.16655540720961282,True,0.001,0.025
4,10,18,0.0,0.0,1,propagule,6748,0,0,0.06668642560758743,True,0.001,0.025
4,10,19,0.0,0.0,1,propagule,6651,0,0,0.06795970530747256,True,0.001,0.025
4,10,20,0.0,0.0,1,propagule,6536,0,0,0.06869645042839657,True,0.001,0.025
4,10,21,0.0,0.0,1,propagule,6441,0,0,0.07002018320136624,True,0.001,0.025
4,10,22,0.0,0.0,1,propagule,6336,0,0,0.07054924242424243,True,0.001,0.025
4,10,23,0.0,0.0,1,propagule,6242,0,0,0.07177186799102851,True,0.001,0.025
4,10,24,0.0,0.0,1,propagule,6118,0,0,0.07289964040536123,True,0.001,0.025
4,10,25,0.0,0.0,1,propagule,6021,0,0,0.07390798870619499,True,0.001,0.025
4,10,26,0.0,0.0,1,propagule,5955,0,0,0.07489504617968094,True,0.001,0.025
4,10,27,0.0,0.0,1,propagule,5845,0,0,0.07613344739093242,True,0.001,0.025
4,10,28,0.0,0.0,1,propagule,5768,0,0,0.07766990291262135,True,0.001,0.025
4,10,29,0.0,0.0,1,propagule,5681,0,0,0.07815525435662736,True,0.001,0.025
4,10,30,0.0,0.0,1,propagule,5639,0,0,0.0794467104096471,True,0.001,0.025
4,10,31,0.0,0.0,1,propagule,5537,0,0,0.08091024020227561,True,0.001,0.025
4,10,32,0.0,0.0,1,propagule,5450,0,0,0.0818348623853211,True,0.001,0.025
4,10,33,0.0,0.0,1,propagule,5371,0,0,0.08247998510519457,True,0.001,0.025
4,10,34,0.0,0.0,1,propagule,5323,0,0,0.08322374600789029,True,0.001,0.025
4,10,35,0.0,0.0,1,propagule,5213,0,0,0.08421254555917898,True,0.001,0.025
4,10,36,0.0,0.0,1,propagule,5156,0,0,0.08572536850271528,True,0.001,0.025
4,10,37,0.0,0.0,1,propagule,5076,0,0,0.08687943262411348,True,0.001,0.025
4,10,38,0.0,0.0,1,propagule,4997,0,0,0.08745247148288973,True,0.001,0.025
4,10,39,0.0,0.0,1,propagule,4929,0,0,0.08825319537431528,True,0.001,0.025
4,10,40,0.0,0.0,1,propagule,4880,0,0,0.09057377049180328,True,0.001,0.025
4,10,41,0.0,0.0,1,propagule,4822,0,0,0.09062629614267939,True,0.001,0.025
4,10,42,0.0,0.0,1,propagule,4759,0,0,0.09287665475940324,True,0.001,0.025
4,10,43,0.0,0.0,1,propagule,4990,0,0,0.16472945891783566,True,0.001,0.025
4,10,44,0.0,0.0,1,propagule,4661,0,0,0.15018236429950654,True,0.001,0.025
4,10,45,0.0,0.0,1,propagule,4477,0,0,0.14362296180477999,True,0.001,0.025
4,10,46,0.0,0.0,1,propagule,4393,0,0,0.14249943091281583,True,0.001,0.025
4,10,47,0.0,0.0,1,propagule,4342,0,0,0.14762782128051588,True,0.001,0.025
4,10,48,0.0,0.0,1,propagule,4315,0,0,0.1522595596755504,True,0.001,0.025
4,10,49,0.0,0.0,1,propagule,4325,0,0,0.15976878612716763,True,0.001,0.025
4,10,50,0.0,0.0,1,propagule,4316,0,0,0.1628822984244671,True,0.001,0.025
4,10,51,0.0,0.0,1,propagule,4308,0,0,0.1701485608170845,True,0.001,0.025
4,10,52,0.0,0.0,1,propagule,4282,0,0,0.17375058383932743,True,0.001,0.025
4,1,1,0.0,0.0,1,propagule,934,0,0,0.0,True,0.005,0.015
4,1,2,0.0,0.0,1,propagule,929,0,0,0.0,True,0.005,0.015
4,1,3,0.0,0.0,1,propagule,914,0,0,0.0,True,0.005,0.015
4,1,4,0.0,0.0,1,propagule,913,0,0,0.001095290251916758,True,0.005,0.015
4,1,5,0.0,0.0,1,propagule,920,0,0,0.0010869565217391304,True,0.005,0.015
4,1,6,0.0,0.0,1,propagule,916,0,0,0.002183406113537118,True,0.005,0.015
4,1,7,0.0,0.0,1,propagule,893,0,0,0.0022396416573348264,True,0.005,0.015
4,1,8,0.0,0.0,1,propagule,889,0,0,0.0022497187851518562,True,0.005,0.015
4,1,9,0.0,0.0,1,propagule,856,0,0,0.002336448598130841,True,0.005,0.015
4,1,10,0.0,0.0,1,propagule,854,0,0,0.00234192037470726,True,0.005,0.015
4,1,11,0.0,0.0,1,propagule,839,0,0,0.0023837902264600714,True,0.005,0.015
4,1,12,0.0,0.0,1,propagule,835,0,0,0.0023952095808383233,True,0.005,0.015
4,1,13,0.0,0.0,1,propagule,819,0,0,0.002442002442002442,True,0.005,0.015
4,1,14,0.0,0.0,1,propagule,817,0,0,0.0024479804161566705,True,0.005,0.015
4,1,15,0.0,0.0,1,propagule,807,0,0,0.0024783147459727386,True,0.005,0.015
4,1,16,0.0,0.0,1,propagule,803,0,0,0.0024906600249066002,True,0.005,0.015
4,1,17,0.0,0.0,1,propagule,790,0,0,0.002531645569620253,True,0.005,0.015
4,1,18,0.0,0.0,1,propagule,2336,0,0,0.0008561643835616438,True,0.005,0.015
4,1,19,0.0,0.0,1,propagule,2283,0,0,0.001314060446780552,True,0.005,0.015
4,1,20,0.0,0.0,1,propagule,2212,0,0,0.00135623869801085,True,0.005,0.015
4,1,21,0.0,0.0,1,propagule,2187,0,0,0.0013717421124828531,True,0.005,0.015
4,1,22,0.0,0.0,1,propagule,2163,0,0,0.0013869625520110957,True,0.005,0.015
4,1,23,0.0,0.0,1,propagule,2151,0,0,0.0032543003254300326,True,0.005,0.015
4,1,24,0.0,0.0,1,propagule,2139,0,0,0.0032725572697522207,True,0.005,0.015
4,1,25,0.0,0.0,1,propagule,2084,0,0,0.0033589251439539347,True,0.005,0.015
4,1,26,0.0,0.0,1,propagule,2024,0,0,0.005928853754940711,True,0.005,0.015
4,1,27,0.0,0.0,1,propagule,2008,0,0,0.007470119521912351,True,0.005,0.015
4,1,28,0.0,0.0,1,propagule,1944,0,0,0.007716049382716049,True,0.005,0.015
4,1,29,0.0,0.0,1,propagule,1955,0,0,0.0076726342710997444,True,0.005,0.015
4,1,30,0.0,0.0,1,propagule,1903,0,0,0.007882291119285338,True,0.005,0.015
4,1,31,0.0,0.0,1,propagule,1888,0,0,0.007944915254237288,True,0.005,0.015
4,1,32,0.0,0.0,1,propagule,1832,0,0,0.008187772925764192,True,0.005,0.015
4,1,33,0.0,0.0,1,propagule,1827,0,0,0.008210180623973728,True,0.005,0.015
4,1,34,0.0,0.0,1,propagule,1731,0,0,0.005199306759098787,True,0.005,0.015
4,1,35,0.0,0.0,1,propagule,1735,0,0,0.008069164265129682,True,0.005,0.015
4,1,36,0.0,0.0,1,propagule,1644,0,0,0.00851581508515815,True,0.005,0.015
4,1,37,0.0,0.0,1,propagule,1661,0,0,0.008428657435279952,True,0.005,0.015
4,1,38,0.0,0.0,1,propagule,1596,0,0,0.008771929824561403,True,0.005,0.015
4,1,39,0.0,0.0,1,propagule,1617,0,0,0.009894867037724181,True,0.005,0.015
4,1,40,0.0,0.0,1,propagule,1534,0,0,0.01108213820078227,True,0.005,0.015
4,1,41,0.0,0.0,1,propagule,1568,0,0,0.01020408163265306,True,0.005,0.015
4,1,42,0.0,0.0,1,propagule,1498,0,0,0.011348464619492658,True,0.005,0.015
4,1,43,0.0,0.0,1,propagule,1528,0,0,0.020287958115183247,True,0.005,0.015
4,1,44,0.0,0.0,1,propagule,1483,0,0,0.01753202966958867,True,0.005,0.015
4,1,45,0.0,0.0,1,propagule,1446,0,0,0.016597510373443983,True,0.005,0.015
4,1,46,0.0,0.0,1,propagule,1426,0,0,0.016830294530154277,True,0.005,0.015
4,1,47,0.0,0.0,1,propagule,1426,0,0,0.021037868162692847,True,0.005,0.015
4,1,48,0.0,0.0,1,propagule,1416,0,0,0.01977401129943503,True,0.005,0.015
4,1,49,0.0,0.0,1,propagule,1394,0,0,0.02223816355810617,True,0.005,0.015
4,1,50,0.0,0.0,1,propagule,1382,0,0,0.020984081041968163,True,0.005,0.015
4,1,51,0.0,0.0,1,propagule,1361,0,0,0.019103600293901544,True,0.005,0.015
4,1,52,0.0,0.0,1,propagule,1352,0,0,0.020710059171597635,True,0.005,0.015
4,2,1,0.0,0.0,1,propagule,1338,0,0,0.02092675635276532,True,0.005,0.015
4,2,2,0.0,0.0,1,propagule,1324,0,0,0.022658610271903322,True,0.005,0.015
4,2,3,0.0,0.0,1,propagule,1315,0,0,0.02129277566539924,True,0.005,0.015
4,2,4,0.0,0.0,1,propagule,1304,0,0,0.023006134969325152,True,0.005,0.015
4,2,5,0.0,0.0,1,propagule,1292,0,0,0.02476780185758514,True,0.005,0.015
4,2,6,0.0,0.0,1,propagule,1276,0,0,0.024294670846394983,True,0.005,0.015
4,2,7,0.0,0.0,1,propagule,1259,0,0,0.025416997617156472,True,0.005,0.015
4,2,8,0.0,0.0,1,propagule,1245,0,0,0.02650602409638554,True,0.005,0.015
4,2,9,0.0,0.0,1,propagule,1233,0,0,0.025141930251419302,True,0.005,0.015
4,2,10,0.0,0.0,1,propagule,1230,0,0,0.026829268292682926,True,0.005,0.015
4,2,11,0.0,0.0,1,propagule,1218,0,0,0.024630541871921183,True,0.005,0.015
4,2,12,0.0,0.0,1,propagule,1203,0,0,0.029093931837073983,True,0.005,0.015
4,2,13,0.0,0.0,1,propagule,1190,0,0,0.024369747899159664,True,0.005,0.015
4,2,14,0.0,0.0,1,propagule,1181,0,0,0.03048264182895851,True,0.005,0.015
4,2,15,0.0,0.0,1,propagule,1170,0,0,0.028205128205128206,True,0.005,0.015
4,2,16,0.0,0.0,1,propagule,1152,0,0,0.03125,True,0.005,0.015
4,2,17,0.0,0.0,1,propagule,1143,0,0,0.02712160979877515,True,0.005,0.015
4,2,18,0.0,0.0,1,propagule,2119,0,0,0.016989145823501653,True,0.005,0.015
4,2,19,0.0,0.0,1,propagule,2094,0,0,0.015281757402101241,True,0.005,0.015
4,2,20,0.0,0.0,1,propagule,2066,0,0,0.016940948693126814,True,0.005,0.015
4,2,21,0.0,0.0,1,propagule,2032,0,0,0.014763779527559055,True,0.005,0.015
4,2,22,0.0,0.0,1,propagule,2018,0,0,0.01684836471754212,True,0.005,0.015
4,2,23,0.0,0.0,1,propagule,1953,0,0,0.014848950332821301,True,0.005,0.015
4,2,24,0.0,0.0,1,propagule,1974,0,0,0.017223910840932118,True,0.005,0.015
4,2,25,0.0,0.0,1,propagule,1955,0,0,0.017391304347826087,True,0.005,0.015
4,2,26,0.0,0.0,1,propagule,1896,0,0,0.01740506329113924,True,0.005,0.015
4,2,27,0.0,0.0,1,propagule,1873,0,0,0.01868659903897491,True,0.005,0.015
4,2,28,0.0,0.0,1,propagule,1850,0,0,0.018378378378378378,True,0.005,0.015
4,2,29,0.0,0.0,1,propagule,1822,0,0,0.018660812294182216,True,0.005,0.015
4,2,30,0.0,0.0,1,propagule,1802,0,0,0.01997780244173141,True,0.005,0.015
4,2,31,0.0,0.0,1,propagule,1773,0,0,0.02030456852791878,True,0.005,0.015
4,2,32,0.0,0.0,1,propagule,1730,0,0,0.019653179190751446,True,0.005,0.015
4,2,33,0.0,0.0,1,propagule,1718,0,0,0.018626309662398137,True,0.005,0.015
4,2,34,0.0,0.0,1,propagule,1687,0,0,0.018375815056312982,True,0.005,0.015
4,2,35,0.0,0.0,1,propagule,1651,0,0,0.019382192610539067,True,0.005,0.015
4,2,36,0.0,0.0,1,propagule,1651,0,0,0.029678982434887948,True,0.005,0.015
4,2,37,0.0,0.0,1,propagule,1614,0,0,0.02664188351920694,True,0.005,0.015
4,2,38,0.0,0.0,1,propagule,1587,0,0,0.030245746691871456,True,0.005,0.015
4,2,39,0.0,0.0,1,propagule,1557,0,0,0.029543994861913937,True,0.005,0.015
4,2,40,0.0,0.0,1,propagule,1558,0,0,0.03273427471116817,True,0.005,0.015
4,2,41,0.0,0.0,1,propagule,1532,0,0,0.03328981723237598,True,0.005,0.015
4,2,42,0.0,0.0,1,propagule,1535,0,0,0.03517915309446254,True,0.005,0.015
4,2,43,0.0,0.0,1,propagule,1546,0,0,0.05886157826649418,True,0.005,0.015
4,2,44,0.0,0.0,1,propagule,1529,0,0,0.051667756703727925,True,0.005,0.015
4,2,45,0.0,0.0,1,propagule,1514,0,0,0.05019815059445178,True,0.005,0.015
4,2,46,0.0,0.0,1,propagule,1514,0,0,0.056142668428005284,True,0.005,0.015
4,2,47,0.0,0.0,1,propagule,1515,0,0,0.058745874587458745,True,0.005,0.015
4,2,48,0.0,0.0,1,propagule,1526,0,0,0.06684141546526867,True,0.005,0.015
4,2,49,0.0,0.0,1,propagule,1515,0,0,0.06732673267326733,True,0.005,0.015
4,2,50,0.0,0.0,1,propagule,1521,0,0,0.07297830374753451,True,0.005,0.015
4,2,51,0.0,0.0,1,propagule,1511,0,0,0.07544672402382528,True,0.005,0.015
4,2,52,0.0,0.0,1,propagule,1499,0,0,0.07605070046697798,True,0.005,0.015
4,3,1,0.0,0.0,1,propagule,1490,0,0,0.08187919463087248,True,0.005,0.015
4,3,2,0.0,0.0,1,propagule,1491,0,0,0.08048289738430583,True,0.005,0.015
4,3,3,0.0,0.0,1,propagule,1483,0,0,0.08631153068105192,True,0.005,0.015
4,3,4,0.0,0.0,1,propagule,1472,0,0,0.08627717391304347,True,0.005,0.015
4,3,5,0.0,0.0,1,propagule,1455,0,0,0.08453608247422681,True,0.005,0.015
4,3,6,0.0,0.0,1,propagule,1451,0,0,0.08614748449345279,True,0.005,0.015
4,3,7,0.0,0.0,1,propagule,1441,0,0,0.08674531575294935,True,0.005,0.015
4,3,8,0.0,0.0,1,propagule,1422,0,0,0.0850914205344585,True,0.005,0.015
4,3,9,0.0,0.0,1,propagule,1424,0,0,0.09339887640449439,True,0.005,0.015
4,3,10,0.0,0.0,1,propagule,1414,0,0,0.09193776520509193,True,0.005,0.015
4,3,11,0.0,0.0,1,propagule,1404,0,0,0.09259259259259259,True,0.005,0.015
4,3,12,0.0,0.0,1,propagule,1386,0,0,0.09307359307359307,True,0.005,0.015
4,3,13,0.0,0.0,1,propagule,1369,0,0,0.09203798392987582,True,0.005,0.015
4,3,14,0.0,0.0,1,propagule,1363,0,0,0.09170946441672781,True,0.005,0.015
4,3,15,0.0,0.0,1,propagule,1343,0,0,0.09233060312732688,True,0.005,0.015
4,3,16,0.0,0.0,1,propagule,1336,0,0,0.08982035928143713,True,0.005,0.015
4,3,17,0.0,0.0,1,propagule,1338,0,0,0.09342301943198804,True,0.005,0.015
4,3,18,0.0,0.0,1,propagule,3037,0,0,0.038524860059269014,True,0.005,0.015
4,3,19,0.0,0.0,1,propagule,3015,0,0,0.04046434494195688,True,0.005,0.015
4,3,20,0.0,0.0,1,propagule,2959,0,0,0.03852652923284894,True,0.005,0.015
4,3,21,0.0,0.0,1,propagule,2933,0,0,0.039209001022843505,True,0.005,0.015
4,3,22,0.0,0.0,1,propagule,2829,0,0,0.037469070342877345,True,0.005,0.015
4,3,23,0.0,0.0,1,propagule,2735,0,0,0.0376599634369287,True,0.005,0.015
4,3,24,0.0,0.0,1,propagule,2629,0,0,0.036135412704450365,True,0.005,0.015
4,3,25,0.0,0.0,1,propagule,2598,0,0,0.03810623556581986,True,0.005,0.015
4,3,26,0.0,0.0,1,propagule,2569,0,0,0.037368625924484235,True,0.005,0.015
4,3,27,0.0,0.0,1,propagule,2539,0,0,0.038991729027176056,True,0.005,0.015
4,3,28,0.0,0.0,1,propagule,2448,0,0,0.03880718954248366,True,0.005,0.015
4,3,29,0.0,0.0,1,propagule,2359,0,0,0.03857566765578635,True,0.005,0.015
4,3,30,0.0,0.0,1,propagule,2349,0,0,0.04044274159216688,True,0.005,0.015
4,3,31,0.0,0.0,1,propagule,2307,0,0,0.04291287386215865,True,0.005,0.015
4,3,32,0.0,0.0,1,propagule,2258,0,0,0.04030115146147033,True,0.005,0.015
4,3,33,0.0,0.0,1,propagule,2215,0,0,0.042437923250564336,True,0.005,0.015
4,3,34,0.0,0.0,1,propagule,2144,0,0,0.04197761194029851,True,0.005,0.015
4,3,35,0.0,0.0,1,propagule,2112,0,0,0.041193181818181816,True,0.005,0.015
4,3,36,0.0,0.0,1,propagule,2125,0,0,0.04847058823529412,True,0.005,0.015
4,3,37,0.0,0.0,1,propagule,2089,0,0,0.04451890856869316,True,0.005,0.015
4,3,38,0.0,0.0,1,propagule,2051,0,0,0.04729400292540224,True,0.005,0.015
4,3,39,0.0,0.0,1,propagule,2050,0,0,0.05170731707317073,True,0.005,0.015
4,3,40,0.0,0.0,1,propagule,2016,0,0,0.05009920634920635,True,0.005,0.015
4,3,41,0.0,0.0,1,propagule,1999,0,0,0.05102551275637819,True,0.005,0.015
4,3,42,0.0,0.0,1,propagule,1987,0,0,0.05334675390035229,True,0.005,0.015
4,3,43,0.0,0.0,1,propagule,2006,0,0,0.07676969092721835,True,0.005,0.015
4,3,44,0.0,0.0,1,propagule,1937,0,0,0.0748580278781621,True,0.005,0.015
4,3,45,0.0,0.0,1,propagule,1921,0,0,0.07912545549193128,True,0.005,0.015
4,3,46,0.0,0.0,1,propagule,1944,0,0,0.08333333333333333,True,0.005,0.015
4,3,47,0.0,0.0,1,propagule,1955,0,0,0.08593350383631713,True,0.005,0.015
4,3,48,0.0,0.0,1,propagule,1954,0,0,0.09109518935516889,True,0.005,0.015
4,3,49,0.0,0.0,1,propagule,1954,0,0,0.09570112589559877,True,0.005,0.015
4,3,50,0.0,0.0,1,propagule,1950,0,0,0.09641025641025641,True,0.005,0.015
4,3,51,0.0,0.0,1,propagule,1943,0,0,0.09933093154915079,True,0.005,0.015
4,3,52,0.0,0.0,1,propagule,1927,0,0,0.09911779968863518,True,0.005,0.015
4,4,1,0.0,0.0,1,propagule,1906,0,0,0.10283315844700944,True,0.005,0.015
4,4,2,0.0,0.0,1,propagule,1900,0,0,0.10105263157894737,True,0.005,0.015
4,4,3,0.0,0.0,1,propagule,1867,0,0,0.10123192287091591,True,0.005,0.015
4,4,4,0.0,0.0,1,propagule,1865,0,0,0.10080428954423593,True,0.005,0.015
4,4,5,0.0,0.0,1,propagule,1839,0,0,0.10277324632952692,True,0.005,0.015
4,4,6,0.0,0.0,1,propagule,1815,0,0,0.10578512396694215,True,0.005,0.015
4,4,7,0.0,0.0,1,propagule,1807,0,0,0.10570005534034312,True,0.005,0.015
4,4,8,0.0,0.0,1,propagule,1789,0,0,0.106763555058692,True,0.005,0.015
4,4,9,0.0,0.0,1,propagule,1770,0,0,0.10677966101694915,True,0.005,0.015
4,4,10,0.0,0.0,1,propagule,1758,0,0,0.1075085324232082,True,0.005,0.015
4,4,11,0.0,0.0,1,propagule,1738,0,0,0.10989643268124281,True,0.005,0.015
4,4,12,0.0,0.0,1,propagule,1722,0,0,0.10975609756097561,True,0.005,0.015
4,4,13,0.0,0.0,1,propagule,1701,0,0,0.10934744268077601,True,0.005,0.015
4,4,14,0.0,0.0,1,propagule,1698,0,0,0.10954063604240283,True,0.005,0.015
4,4,15,0.0,0.0,1,propagule,1674,0,0,0.1087216248506571,True,0.005,0.015
4,4,16,0.0,0.0,1,propagule,1660,0,0,0.10903614457831326,True,0.005,0.015
4,4,17,0.0,0.0,1,propagule,1640,0,0,0.10914634146341463,True,0.005,0.015
4,4,18,0.0,0.0,1,propagule,3391,0,0,0.05219699203774698,True,0.005,0.015
4,4,19,0.0,0.0,1,propagule,3277,0,0,0.05126640219713152,True,0.005,0.015
4,4,20,0.0,0.0,1,propagule,3207,0,0,0.052697224820704706,True,0.005,0.015
4,4,21,0.0,0.0,1,propagule,3166,0,0,0.05211623499684144,True,0.005,0.015
4,4,22,0.0,0.0,1,propagule,3137,0,0,0.05259802358941664,True,0.005,0.015
4,4,23,0.0,0.0,1,propagule,3070,0,0,0.05276872964169381,True,0.005,0.015
4,4,24,0.0,0.0,1,propagule,3029,0,0,0.053813139650049524,True,0.005,0.015
4,4,25,0.0,0.0,1,propagule,2973,0,0,0.05348133198789102,True,0.005,0.015
4,4,26,0.0,0.0,1,propagule,2947,0,0,0.05463182897862233,True,0.005,0.015
4,4,27,0.0,0.0,1,propagule,2889,0,0,0.054344063689858085,True,0.005,0.015
4,4,28,0.0,0.0,1,propagule,2868,0,0,0.054741980474198045,True,0.005,0.015
4,4,29,0.0,0.0,1,propagule,2861,0,0,0.05697308633344984,True,0.005,0.015
4,4,30,0.0,0.0,1,propagule,2813,0,0,0.05865623889086385,True,0.005,0.015
4,4,31,0.0,0.0,1,propagule,2720,0,0,0.058823529411764705,True,0.005,0.015
4,4,32,0.0,0.0,1,propagule,2653,0,0,0.06143987938183189,True,0.005,0.015
4,4,33,0.0,0.0,1,propagule,2577,0,0,0.0613116026387272,True,0.005,0.015
4,4,34,0.0,0.0,1,propagule,2557,0,0,0.06257332811888933,True,0.005,0.015
4,4,35,0.0,0.0,1,propagule,2494,0,0,0.061748195669607056,True,0.005,0.015
4,4,36,0.0,0.0,1,propagule,2455,0,0,0.06313645621181263,True,0.005,0.015
4,4,37,0.0,0.0,1,propagule,2410,0,0,0.06390041493775933,True,0.005,0.015
4,4,38,0.0,0.0,1,propagule,2390,0,0,0.06527196652719665,True,0.005,0.015
4,4,39,0.0,0.0,1,propagule,2348,0,0,0.0651618398637138,True,0.005,0.015
4,4,40,0.0,0.0,1,propagule,2334,0,0,0.0676949443016281,True,0.005,0.015
4,4,41,0.0,0.0,1,propagule,2318,0,0,0.06988783433994823,True,0.005,0.015
4,4,42,0.0,0.0,1,propagule,2296,0,0,0.06837979094076654,True,0.005,0.015
4,4,43,0.0,0.0,1,propagule,2240,0,0,0.08705357142857142,True,0.005,0.015
4,4,44,0.0,0.0,1,propagule,2176,0,0,0.07904411764705882,True,0.005,0.015
4,4,45,0.0,0.0,1,propagule,2156,0,0,0.08348794063079777,True,0.005,0.015
4,4,46,0.0,0.0,1,propagule,2149,0,0,0.08096789204281062,True,0.005,0.015
4,4,47,0.0,0.0,1,propagule,2160,0,0,0.08472222222222223,True,0.005,0.015
4,4,48,0.0,0.0,1,propagule,2134,0,0,0.08575445173383317,True,0.005,0.015
4,4,49,0.0,0.0,1,propagule,2132,0,0,0.08583489681050657,True,0.005,0.015
4,4,50,0.0,0.0,1,propagule,2102,0,0,0.0851569933396765,True,0.005,0.015
4,4,51,0.0,0.0,1,propagule,2084,0,0,0.08637236084452975,True,0.005,0.015
4,4,52,0.0,0.0,1,propagule,2070,0,0,0.08550724637681159,True,0.005,0.015
4,5,1,0.0,0.0,1,propagule,2053,0,0,0.08572820263029712,True,0.005,0.015
4,5,2,0.0,0.0,1,propagule,2038,0,0,0.08537782139352307,True,0.005,0.015
4,5,3,0.0,0.0,1,propagule,2013,0,0,0.08643815201192251,True,0.005,0.015
4,5,4,0.0,0.0,1,propagule,2000,0,0,0.0875,True,0.005,0.015
4,5,5,0.0,0.0,1,propagule,1986,0,0,0.08710976837865056,True,0.005,0.015
4,5,6,0.0,0.0,1,propagule,1976,0,0,0.08704453441295547,True,0.005,0.015
4,5,7,0.0,0.0,1,propagule,1955,0,0,0.08695652173913043,True,0.005,0.015
4,5,8,0.0,0.0,1,propagule,1936,0,0,0.08884297520661157,True,0.005,0.015
4,5,9,0.0,0.0,1,propagule,1918,0,0,0.08759124087591241,True,0.005,0.015
4,5,10,0.0,0.0,1,propagule,1906,0,0,0.09024134312696747,True,0.005,0.015
4,5,11,0.0,0.0,1,propagule,1887,0,0,0.08797032326444092,True,0.005,0.015
4,5,12,0.0,0.0,1,propagule,1873,0,0,0.08916177255739455,True,0.005,0.015
4,5,13,0.0,0.0,1,propagule,1851,0,0,0.08968125337655321,True,0.005,0.015
4,5,14,0.0,0.0,1,propagule,1836,0,0,0.09041394335511982,True,0.005,0.015
4,5,15,0.0,0.0,1,propagule,1822,0,0,0.09110867178924259,True,0.005,0.015
4,5,16,0.0,0.0,1,propagule,1806,0,0,0.09080841638981174,True,0.005,0.015
4,5,17,0.0,0.0,1,propagule,1792,0,0,0.09151785714285714,True,0.005,0.015
4,5,18,0.0,0.0,1,propagule,3989,0,0,0.040862371521684634,True,0.005,0.015
4,5,19,0.0,0.0,1,propagule,3938,0,0,0.04164550533265617,True,0.005,0.015
4,5,20,0.0,0.0,1,propagule,3836,0,0,0.04223149113660062,True,0.005,0.015
4,5,21,0.0,0.0,1,propagule,3812,0,0,0.04302203567681007,True,0.005,0.015
4,5,22,0.0,0.0,1,propagule,3706,0,0,0.042903399892066915,True,0.005,0.015
4,5,23,0.0,0.0,1,propagule,3641,0,0,0.0444932710793738,True,0.005,0.015
4,5,24,0.0,0.0,1,propagule,3597,0,0,0.045037531276063386,True,0.005,0.015
4,5,25,0.0,0.0,1,propagule,3493,0,0,0.046378471228170626,True,0.005,0.015
4,5,26,0.0,0.0,1,propagule,3432,0,0,0.04632867132867133,True,0.005,0.015
4,5,27,0.0,0.0,1,propagule,3364,0,0,0.04518430439952437,True,0.005,0.015
4,5,28,0.0,0.0,1,propagule,3288,0,0,0.04592457420924574,True,0.005,0.015
4,5,29,0.0,0.0,1,propagule,3207,0,0,0.04646086685375741,True,0.005,0.015
4,5,30,0.0,0.0,1,propagule,3198,0,0,0.047217010631644775,True,0.005,0.015
4,5,31,0.0,0.0,1,propagule,3113,0,0,0.04690009637006103,True,0.005,0.015
4,5,32,0.0,0.0,1,propagule,3062,0,0,0.04866100587851078,True,0.005,0.015
4,5,33,0.0,0.0,1,propagule,2994,0,0,0.049432197728790914,True,0.005,0.015
4,5,34,0.0,0.0,1,propagule,2965,0,0,0.04924114671163575,True,0.005,0.015
4,5,35,0.0,0.0,1,propagule,2907,0,0,0.04987960096319229,True,0.005,0.015
4,5,36,0.0,0.0,1,propagule,2855,0,0,0.050437828371278456,True,0.005,0.015
4,5,37,0.0,0.0,1,propagule,2826,0,0,0.05060155697098372,True,0.005,0.015
4,5,38,0.0,0.0,1,propagule,2775,0,0,0.05117117117117117,True,0.005,0.015
4,5,39,0.0,0.0,1,propagule,2757,0,0,0.05186797243380486,True,0.005,0.015
4,5,40,0.0,0.0,1,propagule,2738,0,0,0.053323593864134405,True,0.005,0.015
4,5,41,0.0,0.0,1,propagule,2713,0,0,0.05307777368227055,True,0.005,0.015
4,5,42,0.0,0.0,1,propagule,2691,0,0,0.054626532887402456,True,0.005,0.015
4,5,43,0.0,0.0,1,propagule,2664,0,0,0.07545045045045046,True,0.005,0.015
4,5,44,0.0,0.0,1,propagule,2560,0,0,0.066796875,True,0.005,0.015
4,5,45,0.0,0.0,1,propagule,2564,0,0,0.06981279251170047,True,0.005,0.015
4,5,46,0.0,0.0,1,propagule,2564,0,0,0.07410296411856475,True,0.005,0.015
4,5,47,0.0,0.0,1,propagule,2571,0,0,0.07817969661610269,True,0.005,0.015
4,5,48,0.0,0.0,1,propagule,2571,0,0,0.07934655775962661,True,0.005,0.015
4,5,49,0.0,0.0,1,propagule,2575,0,0,0.08155339805825243,True,0.005,0.015
4,5,50,0.0,0.0,1,propagule,2565,0,0,0.08304093567251462,True,0.005,0.015
4,5,51,0.0,0.0,1,propagule,2548,0,0,0.08634222919937205,True,0.005,0.015
4,5,52,0.0,0.0,1,propagule,2527,0,0,0.0886426592797784,True,0.005,0.015
4,6,1,0.0,0.0,1,propagule,2499,0,0,0.08883553421368548,True,0.005,0.015
4,6,2,0.0,0.0,1,propagule,2467,0,0,0.0867450344548034,True,0.005,0.015
4,6,3,0.0,0.0,1,propagule,2433,0,0,0.0896013152486642,True,0.005,0.015
4,6,4,0.0,0.0,1,propagule,2410,0,0,0.087551867219917,True,0.005,0.015
4,6,5,0.0,0.0,1,propagule,2383,0,0,0.08938313050776332,True,0.005,0.015
4,6,6,0.0,0.0,1,propagule,2360,0,0,0.08855932203389831,True,0.005,0.015
4,6,7,0.0,0.0,1,propagule,2333,0,0,0.09087012430347192,True,0.005,0.015
4,6,8,0.0,0.0,1,propagule,2313,0,0,0.09122351923908344,True,0.005,0.015
4,6,9,0.0,0.0,1,propagule,2291,0,0,0.0907900480139677,True,0.005,0.015
4,6,10,0.0,0.0,1,propagule,2268,0,0,0.09126984126984126,True,0.005,0.015
4,6,11,0.0,0.0,1,propagule,2248,0,0,0.09074733096085409,True,0.005,0.015
4,6,12,0.0,0.0,1,propagule,2232,0,0,0.0913978494623656,True,0.005,0.015
4,6,13,0.0,0.0,1,propagule,2210,0,0,0.09140271493212669,True,0.005,0.015
4,6,14,0.0,0.0,1,propagule,2182,0,0,0.0921173235563703,True,0.005,0.015
4,6,15,0.0,0.0,1,propagule,2159,0,0,0.0935618341824919,True,0.005,0.015
4,6,16,0.0,0.0,1,propagule,2142,0,0,0.09337068160597572,True,0.005,0.015
4,6,17,0.0,0.0,1,propagule,2124,0,0,0.09463276836158192,True,0.005,0.015
4,6,18,0.0,0.0,1,propagule,4488,0,0,0.04434046345811052,True,0.005,0.015
4,6,19,0.0,0.0,1,propagule,4434,0,0,0.043752819124943616,True,0.005,0.015
4,6,20,0.0,0.0,1,propagule,4310,0,0,0.04477958236658933,True,0.005,0.015
4,6,21,0.0,0.0,1,propagule,4193,0,0,0.04650608156451228,True,0.005,0.015
4,6,22,0.0,0.0,1,propagule,4115,0,0,0.04714459295261239,True,0.005,0.015
4,6,23,0.0,0.0,1,propagule,4002,0,0,0.04672663668165917,True,0.005,0.015
4,6,24,0.0,0.0,1,propagule,3916,0,0,0.047497446373850866,True,0.005,0.015
4,6,25,0.0,0.0,1,propagule,3823,0,0,0.04812974104106722,True,0.005,0.015
4,6,26,0.0,0.0,1,propagule,3776,0,0,0.048199152542372885,True,0.005,0.015
4,6,27,0.0,0.0,1,propagule,3691,0,0,0.04903820102953129,True,0.005,0.015
4,6,28,0.0,0.0,1,propagule,3606,0,0,0.04963948973932335,True,0.005,0.015
4,6,29,0.0,0.0,1,propagule,3537,0,0,0.05004240882103478,True,0.005,0.015
4,6,30,0.0,0.0,1,propagule,3521,0,0,0.050837830161885825,True,0.005,0.015
4,6,31,0.0,0.0,1,propagule,3464,0,0,0.05023094688221709,True,0.005,0.015
4,6,32,0.0,0.0,1,propagule,3424,0,0,0.05169392523364486,True,0.005,0.015
4,6,33,0.0,0.0,1,propagule,3361,0,0,0.05206783695328771,True,0.005,0.015
4,6,34,0.0,0.0,1,propagule,3321,0,0,0.053297199638663056,True,0.005,0.015
4,6,35,0.0,0.0,1,propagule,3240,0,0,0.05246913580246913,True,0.005,0.015
4,6,36,0.0,0.0,1,propagule,3175,0,0,0.052598425196850394,True,0.005,0.015
4,6,37,0.0,0.0,1,propagule,3124,0,0,0.0499359795134443,True,0.005,0.015
4,6,38,0.0,0.0,1,propagule,3104,0,0,0.05025773195876289,True,0.005,0.015
4,6,39,0.0,0.0,1,propagule,3070,0,0,0.050814332247557006,True,0.005,0.015
4,6,40,0.0,0.0,1,propagule,3042,0,0,0.05193951347797501,True,0.005,0.015
4,6,41,0.0,0.0,1,propagule,3011,0,0,0.05181002989040186,True,0.005,0.015
4,6,42,0.0,0.0,1,propagule,2988,0,0,0.05287817938420348,True,0.005,0.015
4,6,43,0.0,0.0,1,propagule,2857,0,0,0.07140357017850893,True,0.005,0.015
4,6,44,0.0,0.0,1,propagule,2760,0,0,0.06956521739130435,True,0.005,0.015
4,6,45,0.0,0.0,1,propagule,2740,0,0,0.06751824817518248,True,0.005,0.015
4,6,46,0.0,0.0,1,propagule,2729,0,0,0.0696225723708318,True,0.005,0.015
4,6,47,0.0,0.0,1,propagule,2722,0,0,0.07237325495958853,True,0.005,0.015
4,6,48,0.0,0.0,1,propagule,2730,0,0,0.07362637362637363,True,0.005,0.015
4,6,49,0.0,0.0,1,propagule,2716,0,0,0.07952871870397643,True,0.005,0.015
4,6,50,0.0,0.0,1,propagule,2699,0,0,0.07743608743979252,True,0.005,0.015
4,6,51,0.0,0.0,1,propagule,2681,0,0,0.07907497202536368,True,0.005,0.015
4,6,52,0.0,0.0,1,propagule,2646,0,0,0.08049886621315193,True,0.005,0.015
4,7,1,0.0,0.0,1,propagule,2623,0,0,0.07967975600457491,True,0.005,0.015
4,7,2,0.0,0.0,1,propagule,2596,0,0,0.08012326656394453,True,0.005,0.015
4,7,3,0.0,0.0,1,propagule,2568,0,0,0.08021806853582554,True,0.005,0.015
4,7,4,0.0,0.0,1,propagule,2537,0,0,0.07843910130074892,True,0.005,0.015
4,7,5,0.0,0.0,1,propagule,2510,0,0,0.0804780876494024,True,0.005,0.015
4,7,6,0.0,0.0,1,propagule,2488,0,0,0.07958199356913183,True,0.005,0.015
4,7,7,0.0,0.0,1,propagule,2467,0,0,0.0790433725172274,True,0.005,0.015
4,7,8,0.0,0.0,1,propagule,2438,0,0,0.07834290401968827,True,0.005,0.015
4,7,9,0.0,0.0,1,propagule,2409,0,0,0.0784557907845579,True,0.005,0.015
4,7,10,0.0,0.0,1,propagule,2390,0,0,0.0794979079497908,True,0.005,0.015
4,7,11,0.0,0.0,1,propagule,2370,0,0,0.07974683544303797,True,0.005,0.015
4,7,12,0.0,0.0,1,propagule,2345,0,0,0.079317697228145,True,0.005,0.015
4,7,13,0.0,0.0,1,propagule,2325,0,0,0.08129032258064516,True,0.005,0.015
4,7,14,0.0,0.0,1,propagule,2298,0,0,0.08181026979982593,True,0.005,0.015
4,7,15,0.0,0.0,1,propagule,2280,0,0,0.0793859649122807,True,0.005,0.015
4,7,16,0.0,0.0,1,propagule,2258,0,0,0.08060230292294066,True,0.005,0.015
4,7,17,0.0,0.0,1,propagule,2235,0,0,0.08053691275167785,True,0.005,0.015
4,7,18,0.0,0.0,1,propagule,4808,0,0,0.0370216306156406,True,0.005,0.015
4,7,19,0.0,0.0,1,propagule,4758,0,0,0.03741067675493905,True,0.005,0.015
4,7,20,0.0,0.0,1,propagule,4678,0,0,0.037836682342881574,True,0.005,0.015
4,7,21,0.0,0.0,1,propagule,4588,0,0,0.03770706190061029,True,0.005,0.015
4,7,22,0.0,0.0,1,propagule,4545,0,0,0.03806380638063806,True,0.005,0.015
4,7,23,0.0,0.0,1,propagule,4473,0,0,0.038900067069081154,True,0.005,0.015
4,7,24,0.0,0.0,1,propagule,4395,0,0,0.03890784982935153,True,0.005,0.015
4,7,25,0.0,0.0,1,propagule,4321,0,0,0.039111316824809075,True,0.005,0.015
4,7,26,0.0,0.0,1,propagule,4256,0,0,0.039473684210526314,True,0.005,0.015
4,7,27,0.0,0.0,1,propagule,4203,0,0,0.040209374256483466,True,0.005,0.015
4,7,28,0.0,0.0,1,propagule,4143,0,0,0.04055032585083273,True,0.005,0.015
4,7,29,0.0,0.0,1,propagule,4080,0,0,0.04068627450980392,True,0.005,0.015
4,7,30,0.0,0.0,1,propagule,4020,0,0,0.04154228855721393,True,0.005,0.015
4,7,31,0.0,0.0,1,propagule,3960,0,0,0.04116161616161616,True,0.005,0.015
4,7,32,0.0,0.0,1,propagule,3885,0,0,0.04118404118404118,True,0.005,0.015
4,7,33,0.0,0.0,1,propagule,3806,0,0,0.04151339989490278,True,0.005,0.015
4,7,34,0.0,0.0,1,propagule,3717,0,0,0.04250739843960183,True,0.005,0.015
4,7,35,0.0,0.0,1,propagule,3653,0,0,0.04243087872981111,True,0.005,0.015
4,7,36,0.0,0.0,1,propagule,3583,0,0,0.042701646664806026,True,0.005,0.015
4,7,37,0.0,0.0,1,propagule,3515,0,0,0.043243243243243246,True,0.005,0.015
4,7,38,0.0,0.0,1,propagule,3481,0,0,0.04337833955759839,True,0.005,0.015
4,7,39,0.0,0.0,1,propagule,3440,0,0,0.043313953488372095,True,0.005,0.015
4,7,40,0.0,0.0,1,propagule,3418,0,0,0.0435927442949093,True,0.005,0.015
4,7,41,0.0,0.0,1,propagule,3380,0,0,0.04408284023668639,True,0.005,0.015
4,7,42,0.0,0.0,1,propagule,3335,0,0,0.044677661169415295,True,0.005,0.015
4,7,43,0.0,0.0,1,propagule,3267,0,0,0.06274869911233548,True,0.005,0.015
4,7,44,0.0,0.0,1,propagule,3152,0,0,0.060596446700507615,True,0.005,0.015
4,7,45,0.0,0.0,1,propagule,3159,0,0,0.06141183918961697,True,0.005,0.015
4,7,46,0.0,0.0,1,propagule,3169,0,0,0.06405806248027769,True,0.005,0.015
4,7,47,0.0,0.0,1,propagule,3169,0,0,0.06879141685074155,True,0.005,0.015
4,7,48,0.0,0.0,1,propagule,3171,0,0,0.07190160832544938,True,0.005,0.015
4,7,49,0.0,0.0,1,propagule,3164,0,0,0.07332490518331226,True,0.005,0.015
4,7,50,0.0,0.0,1,propagule,3163,0,0,0.07777426493834967,True,0.005,0.015
4,7,51,0.0,0.0,1,propagule,3142,0,0,0.07829408020369191,True,0.005,0.015
4,7,52,0.0,0.0,1,propagule,3112,0,0,0.07937017994858611,True,0.005,0.015
4,8,1,0.0,0.0,1,propagule,3094,0,0,0.07789269553975436,True,0.005,0.015
4,8,2,0.0,0.0,1,propagule,3077,0,0,0.07864803379915503,True,0.005,0.015
4,8,3,0.0,0.0,1,propagule,3031,0,0,0.07786209171890465,True,0.005,0.015
4,8,4,0.0,0.0,1,propagule,2994,0,0,0.07915831663326653,True,0.005,0.015
4,8,5,0.0,0.0,1,propagule,2974,0,0,0.08036314727639543,True,0.005,0.015
4,8,6,0.0,0.0,1,propagule,2944,0,0,0.08118206521739131,True,0.005,0.015
4,8,7,0.0,0.0,1,propagule,2903,0,0,0.08060626937650706,True,0.005,0.015
4,8,8,0.0,0.0,1,propagule,2879,0,0,0.08093087877735325,True,0.005,0.015
4,8,9,0.0,0.0,1,propagule,2851,0,0,0.08277797264117853,True,0.005,0.015
4,8,10,0.0,0.0,1,propagule,2821,0,0,0.0815313718539525,True,0.005,0.015
4,8,11,0.0,0.0,1,propagule,2800,0,0,0.08142857142857143,True,0.005,0.015
4,8,12,0.0,0.0,1,propagule,2776,0,0,0.08213256484149856,True,0.005,0.015
4,8,13,0.0,0.0,1,propagule,2754,0,0,0.08351488743645606,True,0.005,0.015
4,8,14,0.0,0.0,1,propagule,2733,0,0,0.08342480790340286,True,0.005,0.015
4,8,15,0.0,0.0,1,propagule,2709,0,0,0.08379475821336287,True,0.005,0.015
4,8,16,0.0,0.0,1,propagule,2689,0,0,0.08293045741911491,True,0.005,0.015
4,8,17,0.0,0.0,1,propagule,2659,0,0,0.08424219631440391,True,0.005,0.015
4,8,18,0.0,0.0,1,propagule,5714,0,0,0.03797689884494225,True,0.005,0.015
4,8,19,0.0,0.0,1,propagule,5647,0,0,0.03807331326367983,True,0.005,0.015
4,8,20,0.0,0.0,1,propagule,5547,0,0,0.038218857039841354,True,0.005,0.015
4,8,21,0.0,0.0,1,propagule,5444,0,0,0.0387582659808964,True,0.005,0.015
4,8,22,0.0,0.0,1,propagule,5374,0,0,0.039077037588388534,True,0.005,0.015
4,8,23,0.0,0.0,1,propagule,5302,0,0,0.03923047906450396,True,0.005,0.015
4,8,24,0.0,0.0,1,propagule,5210,0,0,0.039539347408829174,True,0.005,0.015
4,8,25,0.0,0.0,1,propagule,5145,0,0,0.03965014577259475,True,0.005,0.015
4,8,26,0.0,0.0,1,propagule,5075,0,0,0.04039408866995074,True,0.005,0.015
4,8,27,0.0,0.0,1,propagule,4984,0,0,0.04073033707865169,True,0.005,0.015
4,8,28,0.0,0.0,1,propagule,4924,0,0,0.041429731925264016,True,0.005,0.015
4,8,29,0.0,0.0,1,propagule,4852,0,0,0.0416323165704864,True,0.005,0.015
4,8,30,0.0,0.0,1,propagule,4774,0,0,0.04189359028068706,True,0.005,0.015
4,8,31,0.0,0.0,1,propagule,4677,0,0,0.04254864229206756,True,0.005,0.015
4,8,32,0.0,0.0,1,propagule,4575,0,0,0.04306010928961749,True,0.005,0.015
4,8,33,0.0,0.0,1,propagule,4512,0,0,0.04299645390070922,True,0.005,0.015
4,8,34,0.0,0.0,1,propagule,4410,0,0,0.04353741496598639,True,0.005,0.015
4,8,35,0.0,0.0,1,propagule,4352,0,0,0.04411764705882353,True,0.005,0.015
4,8,36,0.0,0.0,1,propagule,4286,0,0,0.043630424638357444,True,0.005,0.015
4,8,37,0.0,0.0,1,propagule,4222,0,0,0.04405495026054003,True,0.005,0.015
4,8,38,0.0,0.0,1,propagule,4180,0,0,0.04377990430622009,True,0.005,0.015
4,8,39,0.0,0.0,1,propagule,4134,0,0,0.0440251572327044,True,0.005,0.015
4,8,40,0.0,0.0,1,propagule,4084,0,0,0.04407443682664055,True,0.005,0.015
4,8,41,0.0,0.0,1,propagule,4022,0,0,0.044256588761810045,True,0.005,0.015
4,8,42,0.0,0.0,1,propagule,3981,0,0,0.044461190655614165,True,0.005,0.015
4,8,43,0.0,0.0,1,propagule,3833,0,0,0.061309679102530656,True,0.005,0.015
4,8,44,0.0,0.0,1,propagule,3706,0,0,0.0558553696708041,True,0.005,0.015
4,8,45,0.0,0.0,1,propagule,3686,0,0,0.059956592512208355,True,0.005,0.015
4,8,46,0.0,0.0,1,propagule,3693,0,0,0.060926076360682375,True,0.005,0.015
4,8,47,0.0,0.0,1,propagule,3667,0,0,0.06190346332151623,True,0.005,0.015
4,8,48,0.0,0.0,1,propagule,3636,0,0,0.06023102310231023,True,0.005,0.015
4,8,49,0.0,0.0,1,propagule,3603,0,0,0.061892867055231754,True,0.005,0.015
4,8,50,0.0,0.0,1,propagule,3580,0,0,0.06452513966480447,True,0.005,0.015
4,8,51,0.0,0.0,1,propagule,3547,0,0,0.06512545813363406,True,0.005,0.015
4,8,52,0.0,0.0,1,propagule,3528,0,0,0.06575963718820861,True,0.005,0.015
4,9,1,0.0,0.0,1,propagule,3492,0,0,0.06643757159221077,True,0.005,0.015
4,9,2,0.0,0.0,1,propagule,3467,0,0,0.06662820882607441,True,0.005,0.015
4,9,3,0.0,0.0,1,propagule,3421,0,0,0.06723180356620871,True,0.005,0.015
4,9,4,0.0,0.0,1,propagule,3409,0,0,0.06922851276034027,True,0.005,0.015
4,9,5,0.0,0.0,1,propagule,3381,0,0,0.06980183377698905,True,0.005,0.015
4,9,6,0.0,0.0,1,propagule,3339,0,0,0.06948188080263552,True,0.005,0.015
4,9,7,0.0,0.0,1,propagule,3308,0,0,0.07043530834340991,True,0.005,0.015
4,9,8,0.0,0.0,1,propagule,3272,0,0,0.07029339853300734,True,0.005,0.015
4,9,9,0.0,0.0,1,propagule,3227,0,0,0.072513170127053,True,0.005,0.015
4,9,10,0.0,0.0,1,propagule,3185,0,0,0.07001569858712715,True,0.005,0.015
4,9,11,0.0,0.0,1,propagule,3147,0,0,0.07117890054019702,True,0.005,0.015
4,9,12,0.0,0.0,1,propagule,3108,0,0,0.07014157014157014,True,0.005,0.015
4,9,13,0.0,0.0,1,propagule,3065,0,0,0.07243066884176183,True,0.005,0.015
4,9,14,0.0,0.0,1,propagule,3041,0,0,0.07070042749095692,True,0.005,0.015
4,9,15,0.0,0.0,1,propagule,3002,0,0,0.0709526982011992,True,0.005,0.015
4,9,16,0.0,0.0,1,propagule,2970,0,0,0.0707070707070707,True,0.005,0.015
4,9,17,0.0,0.0,1,propagule,2948,0,0,0.07293080054274084,True,0.005,0.015
4,9,18,0.0,0.0,1,propagule,6301,0,0,0.03015394381844152,True,0.005,0.015
4,9,19,0.0,0.0,1,propagule,6204,0,0,0.029980657640232108,True,0.005,0.015
4,9,20,0.0,0.0,1,propagule,6099,0,0,0.030332841449417936,True,0.005,0.015
4,9,21,0.0,0.0,1,propagule,6007,0,0,0.03162976527384718,True,0.005,0.015
4,9,22,0.0,0.0,1,propagule,5900,0,0,0.031864406779661014,True,0.005,0.015
4,9,23,0.0,0.0,1,propagule,5808,0,0,0.03185261707988981,True,0.005,0.015
4,9,24,0.0,0.0,1,propagule,5742,0,0,0.03221873911529084,True,0.005,0.015
4,9,25,0.0,0.0,1,propagule,5627,0,0,0.032344055446952194,True,0.005,0.015
4,9,26,0.0,0.0,1,propagule,5531,0,0,0.03200144639305731,True,0.005,0.015
4,9,27,0.0,0.0,1,propagule,5436,0,0,0.0336644591611479,True,0.005,0.015
4,9,28,0.0,0.0,1,propagule,5384,0,0,0.03324665676077266,True,0.005,0.015
4,9,29,0.0,0.0,1,propagule,5321,0,0,0.03307648938169517,True,0.005,0.015
4,9,30,0.0,0.0,1,propagule,5245,0,0,0.03374642516682555,True,0.005,0.015
4,9,31,0.0,0.0,1,propagule,5158,0,0,0.034703373400542845,True,0.005,0.015
4,9,32,0.0,0.0,1,propagule,5062,0,0,0.03417621493480837,True,0.005,0.015
4,9,33,0.0,0.0,1,propagule,4932,0,0,0.03527980535279805,True,0.005,0.015
4,9,34,0.0,0.0,1,propagule,4841,0,0,0.03552984920470977,True,0.005,0.015
4,9,35,0.0,0.0,1,propagule,4787,0,0,0.03572174639649049,True,0.005,0.015
4,9,36,0.0,0.0,1,propagule,4712,0,0,0.037563667232597624,True,0.005,0.015
4,9,37,0.0,0.0,1,propagule,4630,0,0,0.03822894168466523,True,0.005,0.015
4,9,38,0.0,0.0,1,propagule,4588,0,0,0.03901482127288579,True,0.005,0.015
4,9,39,0.0,0.0,1,propagule,4541,0,0,0.038537767011671435,True,0.005,0.015
4,9,40,0.0,0.0,1,propagule,4500,0,0,0.03888888888888889,True,0.005,0.015
4,9,41,0.0,0.0,1,propagule,4451,0,0,0.038418332958885644,True,0.005,0.015
4,9,42,0.0,0.0,1,propagule,4417,0,0,0.03871405931627802,True,0.005,0.015
4,9,43,0.0,0.0,1,propagule,4200,0,0,0.05238095238095238,True,0.005,0.015
4,9,44,0.0,0.0,1,propagule,4053,0,0,0.050579817419195656,True,0.005,0.015
4,9,45,0.0,0.0,1,propagule,4007,0,0,0.051410032443224354,True,0.005,0.015
4,9,46,0.0,0.0,1,propagule,4014,0,0,0.053562531141006474,True,0.005,0.015
4,9,47,0.0,0.0,1,propagule,4012,0,0,0.05807577268195414,True,0.005,0.015
4,9,48,0.0,0.0,1,propagule,4003,0,0,0.05970522108418686,True,0.005,0.015
4,9,49,0.0,0.0,1,propagule,4016,0,0,0.06424302788844621,True,0.005,0.015
4,9,50,0.0,0.0,1,propagule,4019,0,0,0.06519034585717841,True,0.005,0.015
4,9,51,0.0,0.0,1,propagule,3986,0,0,0.06648268941294531,True,0.005,0.015
4,9,52,0.0,0.0,1,propagule,3960,0,0,0.0691919191919192,True,0.005,0.015
4,10,1,0.0,0.0,1,propagule,3928,0,0,0.06975560081466395,True,0.005,0.015
4,10,2,0.0,0.0,1,propagule,3898,0,0,0.07054899948691637,True,0.005,0.015
4,10,3,0.0,0.0,1,propagule,3859,0,0,0.07178025395180099,True,0.005,0.015
4,10,4,0.0,0.0,1,propagule,3816,0,0,0.07154088050314465,True,0.005,0.015
4,10,5,0.0,0.0,1,propagule,3791,0,0,0.07227644420997098,True,0.005,0.015
4,10,6,0.0,0.0,1,propagule,3763,0,0,0.07201700770661706,True,0.005,0.015
4,10,7,0.0,0.0,1,propagule,3722,0,0,0.07361633530360022,True,0.005,0.015
4,10,8,0.0,0.0,1,propagule,3694,0,0,0.07363291824580401,True,0.005,0.015
4,10,9,0.0,0.0,1,propagule,3655,0,0,0.0746922024623803,True,0.005,0.015
4,10,10,0.0,0.0,1,propagule,3629,0,0,0.0744006613392119,True,0.005,0.015
4,10,11,0.0,0.0,1,propagule,3596,0,0,0.07508342602892103,True,0.005,0.015
4,10,12,0.0,0.0,1,propagule,3558,0,0,0.07504215851602024,True,0.005,0.015
4,10,13,0.0,0.0,1,propagule,3526,0,0,0.07487237663074305,True,0.005,0.015
4,10,14,0.0,0.0,1,propagule,3491,0,0,0.07533657977656832,True,0.005,0.015
4,10,15,0.0,0.0,1,propagule,3461,0,0,0.07483386304536262,True,0.005,0.015
4,10,16,0.0,0.0,1,propagule,3430,0,0,0.07405247813411078,True,0.005,0.015
4,10,17,0.0,0.0,1,propagule,3399,0,0,0.07502206531332745,True,0.005,0.015
4,10,18,0.0,0.0,1,propagule,7253,0,0,0.03419274782848476,True,0.005,0.015
4,10,19,0.0,0.0,1,propagule,7179,0,0,0.03440590611505781,True,0.005,0.015
4,10,20,0.0,0.0,1,propagule,7062,0,0,0.034551118663268196,True,0.005,0.015
4,10,21,0.0,0.0,1,propagule,6945,0,0,0.03470122390208783,True,0.005,0.015
4,10,22,0.0,0.0,1,propagule,6792,0,0,0.035188457008244994,True,0.005,0.015
4,10,23,0.0,0.0,1,propagule,6687,0,0,0.035740989980559294,True,0.005,0.015
4,10,24,0.0,0.0,1,propagule,6571,0,0,0.036219753462182314,True,0.005,0.015
4,10,25,0.0,0.0,1,propagule,6455,0,0,0.036870642912470955,True,0.005,0.015
4,10,26,0.0,0.0,1,propagule,6336,0,0,0.037089646464646464,True,0.005,0.015
4,10,27,0.0,0.0,1,propagule,6231,0,0,0.03755416466056813,True,0.005,0.015
4,10,28,0.0,0.0,1,propagule,6109,0,0,0.037649369782288424,True,0.005,0.015
4,10,29,0.0,0.0,1,propagule,5996,0,0,0.03852568378919279,True,0.005,0.015
4,10,30,0.0,0.0,1,propagule,5907,0,0,0.03842898256306077,True,0.005,0.015
4,10,31,0.0,0.0,1,propagule,5834,0,0,0.03856702091189578,True,0.005,0.015
4,10,32,0.0,0.0,1,propagule,5730,0,0,0.038394415357766144,True,0.005,0.015
4,10,33,0.0,0.0,1,propagule,5626,0,0,0.038926413082118735,True,0.005,0.015
4,10,34,0.0,0.0,1,propagule,5509,0,0,0.039753131239789435,True,0.005,0.015
4,10,35,0.0,0.0,1,propagule,5383,0,0,0.04012632361136913,True,0.005,0.015
4,10,36,0.0,0.0,1,propagule,5276,0,0,0.03980288097043214,True,0.005,0.015
4,10,37,0.0,0.0,1,propagule,5172,0,0,0.040409899458623354,True,0.005,0.015
4,10,38,0.0,0.0,1,propagule,5120,0,0,0.040625,True,0.005,0.015
4,10,39,0.0,0.0,1,propagule,5082,0,0,0.04092876820149548,True,0.005,0.015
4,10,40,0.0,0.0,1,propagule,5029,0,0,0.041161264664943326,True,0.005,0.015
4,10,41,0.0,0.0,1,propagule,4984,0,0,0.04113162118780096,True,0.005,0.015
4,10,42,0.0,0.0,1,propagule,4926,0,0,0.0416159155501421,True,0.005,0.015
4,10,43,0.0,0.0,1,propagule,4647,0,0,0.05143103077254142,True,0.005,0.015
4,10,44,0.0,0.0,1,propagule,4482,0,0,0.0499776885319054,True,0.005,0.015
4,10,45,0.0,0.0,1,propagule,4449,0,0,0.051022701730726004,True,0.005,0.015
4,10,46,0.0,0.0,1,propagule,4460,0,0,0.05358744394618834,True,0.005,0.015
4,10,47,0.0,0.0,1,propagule,4457,0,0,0.05631590756113978,True,0.005,0.015
4,10,48,0.0,0.0,1,propagule,4471,0,0,0.057034220532319393,True,0.005,0.015
4,10,49,0.0,0.0,1,propagule,4464,0,0,0.058915770609319,True,0.005,0.015
4,10,50,0.0,0.0,1,propagule,4445,0,0,0.0578177727784027,True,0.005,0.015
4,10,51,0.0,0.0,1,propagule,4434,0,0,0.05863779882724402,True,0.005,0.015
4,10,52,0.0,0.0,1,propagule,4402,0,0,0.05974557019536574,True,0.005,0.015
4,1,1,0.0,0.0,1,propagule,935,0,0,0.0,True,0.005,0.02
4,1,2,0.0,0.0,1,propagule,925,0,0,0.0,True,0.005,0.02
4,1,3,0.0,0.0,1,propagule,910,0,0,0.001098901098901099,True,0.005,0.02
4,1,4,0.0,0.0,1,propagule,920,0,0,0.0,True,0.005,0.02
4,1,5,0.0,0.0,1,propagule,916,0,0,0.001091703056768559,True,0.005,0.02
4,1,6,0.0,0.0,1,propagule,905,0,0,0.0,True,0.005,0.02
4,1,7,0.0,0.0,1,propagule,909,0,0,0.0011001100110011,True,0.005,0.02
4,1,8,0.0,0.0,1,propagule,885,0,0,0.0,True,0.005,0.02
4,1,9,0.0,0.0,1,propagule,872,0,0,0.0011467889908256881,True,0.005,0.02
4,1,10,0.0,0.0,1,propagule,846,0,0,0.001182033096926714,True,0.005,0.02
4,1,11,0.0,0.0,1,propagule,839,0,0,0.0011918951132300357,True,0.005,0.02
4,1,12,0.0,0.0,1,propagule,822,0,0,0.0,True,0.005,0.02
4,1,13,0.0,0.0,1,propagule,826,0,0,0.0012106537530266344,True,0.005,0.02
4,1,14,0.0,0.0,1,propagule,811,0,0,0.0,True,0.005,0.02
4,1,15,0.0,0.0,1,propagule,807,0,0,0.0012391573729863693,True,0.005,0.02
4,1,16,0.0,0.0,1,propagule,789,0,0,0.0,True,0.005,0.02
4,1,17,0.0,0.0,1,propagule,793,0,0,0.0012610340479192938,True,0.005,0.02
4,1,18,0.0,0.0,1,propagule,2306,0,0,0.0,True,0.005,0.02
4,1,19,0.0,0.0,1,propagule,2278,0,0,0.0004389815627743635,True,0.005,0.02
4,1,20,0.0,0.0,1,propagule,2190,0,0,0.00045662100456621003,True,0.005,0.02
4,1,21,0.0,0.0,1,propagule,2147,0,0,0.0004657661853749418,True,0.005,0.02
4,1,22,0.0,0.0,1,propagule,2108,0,0,0.003320683111954459,True,0.005,0.02
4,1,23,0.0,0.0,1,propagule,2074,0,0,0.0028929604628736743,True,0.005,0.02
4,1,24,0.0,0.0,1,propagule,2053,0,0,0.0034096444227959084,True,0.005,0.02
4,1,25,0.0,0.0,1,propagule,2002,0,0,0.0034965034965034965,True,0.005,0.02
4,1,26,0.0,0.0,1,propagule,1959,0,0,0.0035732516590096988,True,0.005,0.02
4,1,27,0.0,0.0,1,propagule,1921,0,0,0.003643935450286309,True,0.005,0.02
4,1,28,0.0,0.0,1,propagule,1883,0,0,0.004779607010090282,True,0.005,0.02
4,1,29,0.0,0.0,1,propagule,1870,0,0,0.006951871657754011,True,0.005,0.02
4,1,30,0.0,0.0,1,propagule,1859,0,0,0.008068854222700376,True,0.005,0.02
4,1,31,0.0,0.0,1,propagule,1807,0,0,0.007194244604316547,True,0.005,0.02
4,1,32,0.0,0.0,1,propagule,1781,0,0,0.007860752386299831,True,0.005,0.02
4,1,33,0.0,0.0,1,propagule,1710,0,0,0.008187134502923977,True,0.005,0.02
4,1,34,0.0,0.0,1,propagule,1673,0,0,0.008368200836820083,True,0.005,0.02
4,1,35,0.0,0.0,1,propagule,1640,0,0,0.00853658536585366,True,0.005,0.02
4,1,36,0.0,0.0,1,propagule,1611,0,0,0.010552451893234015,True,0.005,0.02
4,1,37,0.0,0.0,1,propagule,1588,0,0,0.008816120906801008,True,0.005,0.02
4,1,38,0.0,0.0,1,propagule,1573,0,0,0.01144310235219326,True,0.005,0.02
4,1,39,0.0,0.0,1,propagule,1549,0,0,0.010329244673983214,True,0.005,0.02
4,1,40,0.0,0.0,1,propagule,1523,0,0,0.011818778726198293,True,0.005,0.02
4,1,41,0.0,0.0,1,propagule,1508,0,0,0.011273209549071617,True,0.005,0.02
4,1,42,0.0,0.0,1,propagule,1492,0,0,0.012734584450402145,True,0.005,0.02
4,1,43,0.0,0.0,1,propagule,1454,0,0,0.019944979367262722,True,0.005,0.02
4,1,44,0.0,0.0,1,propagule,1439,0,0,0.022237665045170257,True,0.005,0.02
4,1,45,0.0,0.0,1,propagule,1438,0,0,0.024339360222531293,True,0.005,0.02
4,1,46,0.0,0.0,1,propagule,1403,0,0,0.02565930149679259,True,0.005,0.02
4,1,47,0.0,0.0,1,propagule,1402,0,0,0.029957203994293864,True,0.005,0.02
4,1,48,0.0,0.0,1,propagule,1378,0,0,0.03193033381712627,True,0.005,0.02
4,1,49,0.0,0.0,1,propagule,1376,0,0,0.03488372093023256,True,0.005,0.02
4,1,50,0.0,0.0,1,propagule,1358,0,0,0.036818851251840944,True,0.005,0.02
4,1,51,0.0,0.0,1,propagule,1353,0,0,0.03991130820399113,True,0.005,0.02
4,1,52,0.0,0.0,1,propagule,1336,0,0,0.038922155688622756,True,0.005,0.02
4,2,1,0.0,0.0,1,propagule,1317,0,0,0.037965072133637055,True,0.005,0.02
4,2,2,0.0,0.0,1,propagule,1312,0,0,0.041920731707317076,True,0.005,0.02
4,2,3,0.0,0.0,1,propagule,1296,0,0,0.040123456790123455,True,0.005,0.02
4,2,4,0.0,0.0,1,propagule,1291,0,0,0.044926413632842756,True,0.005,0.02
4,2,5,0.0,0.0,1,propagule,1263,0,0,0.04433887569279493,True,0.005,0.02
4,2,6,0.0,0.0,1,propagule,1238,0,0,0.0444264943457189,True,0.005,0.02
4,2,7,0.0,0.0,1,propagule,1237,0,0,0.0444624090541633,True,0.005,0.02
4,2,8,0.0,0.0,1,propagule,1221,0,0,0.04095004095004095,True,0.005,0.02
4,2,9,0.0,0.0,1,propagule,1214,0,0,0.045304777594728174,True,0.005,0.02
4,2,10,0.0,0.0,1,propagule,1191,0,0,0.0436607892527288,True,0.005,0.02
4,2,11,0.0,0.0,1,propagule,1196,0,0,0.047658862876254184,True,0.005,0.02
4,2,12,0.0,0.0,1,propagule,1162,0,0,0.04561101549053356,True,0.005,0.02
4,2,13,0.0,0.0,1,propagule,1160,0,0,0.05086206896551724,True,0.005,0.02
4,2,14,0.0,0.0,1,propagule,1131,0,0,0.04597701149425287,True,0.005,0.02
4,2,15,0.0,0.0,1,propagule,1133,0,0,0.05030891438658429,True,0.005,0.02
4,2,16,0.0,0.0,1,propagule,1101,0,0,0.04632152588555858,True,0.005,0.02
4,2,17,0.0,0.0,1,propagule,1103,0,0,0.05258386219401632,True,0.005,0.02
4,2,18,0.0,0.0,1,propagule,2020,0,0,0.024257425742574258,True,0.005,0.02
4,2,19,0.0,0.0,1,propagule,2034,0,0,0.028515240904621434,True,0.005,0.02
4,2,20,0.0,0.0,1,propagule,1951,0,0,0.023577652485904665,True,0.005,0.02
4,2,21,0.0,0.0,1,propagule,1932,0,0,0.025879917184265012,True,0.005,0.02
4,2,22,0.0,0.0,1,propagule,1851,0,0,0.021609940572663425,True,0.005,0.02
4,2,23,0.0,0.0,1,propagule,1847,0,0,0.026529507309149974,True,0.005,0.02
4,2,24,0.0,0.0,1,propagule,1765,0,0,0.020963172804532578,True,0.005,0.02
4,2,25,0.0,0.0,1,propagule,1780,0,0,0.02359550561797753,True,0.005,0.02
4,2,26,0.0,0.0,1,propagule,1716,0,0,0.02156177156177156,True,0.005,0.02
4,2,27,0.0,0.0,1,propagule,1705,0,0,0.026392961876832845,True,0.005,0.02
4,2,28,0.0,0.0,1,propagule,1637,0,0,0.021991447770311544,True,0.005,0.02
4,2,29,0.0,0.0,1,propagule,1647,0,0,0.024286581663630843,True,0.005,0.02
4,2,30,0.0,0.0,1,propagule,1601,0,0,0.022485946283572766,True,0.005,0.02
4,2,31,0.0,0.0,1,propagule,1592,0,0,0.02512562814070352,True,0.005,0.02
4,2,32,0.0,0.0,1,propagule,1505,0,0,0.020598006644518274,True,0.005,0.02
4,2,33,0.0,0.0,1,propagule,1514,0,0,0.023117569352708058,True,0.005,0.02
4,2,34,0.0,0.0,1,propagule,1471,0,0,0.021753908905506457,True,0.005,0.02
4,2,35,0.0,0.0,1,propagule,1481,0,0,0.02633355840648211,True,0.005,0.02
4,2,36,0.0,0.0,1,propagule,1428,0,0,0.024509803921568627,True,0.005,0.02
4,2,37,0.0,0.0,1,propagule,1415,0,0,0.028975265017667843,True,0.005,0.02
4,2,38,0.0,0.0,1,propagule,1367,0,0,0.025603511338697878,True,0.005,0.02
4,2,39,0.0,0.0,1,propagule,1370,0,0,0.032846715328467155,True,0.005,0.02
4,2,40,0.0,0.0,1,propagule,1338,0,0,0.026905829596412557,True,0.005,0.02
4,2,41,0.0,0.0,1,propagule,1338,0,0,0.032137518684603884,True,0.005,0.02
4,2,42,0.0,0.0,1,propagule,1300,0,0,0.026153846153846153,True,0.005,0.02
4,2,43,0.0,0.0,1,propagule,1360,0,0,0.06102941176470588,True,0.005,0.02
4,2,44,0.0,0.0,1,propagule,1301,0,0,0.04765564950038432,True,0.005,0.02
4,2,45,0.0,0.0,1,propagule,1291,0,0,0.045701006971340045,True,0.005,0.02
4,2,46,0.0,0.0,1,propagule,1278,0,0,0.051643192488262914,True,0.005,0.02
4,2,47,0.0,0.0,1,propagule,1280,0,0,0.059375,True,0.005,0.02
4,2,48,0.0,0.0,1,propagule,1244,0,0,0.05627009646302251,True,0.005,0.02
4,2,49,0.0,0.0,1,propagule,1248,0,0,0.06570512820512821,True,0.005,0.02
4,2,50,0.0,0.0,1,propagule,1222,0,0,0.05973813420621931,True,0.005,0.02
4,2,51,0.0,0.0,1,propagule,1206,0,0,0.06135986733001658,True,0.005,0.02
4,2,52,0.0,0.0,1,propagule,1185,0,0,0.06413502109704641,True,0.005,0.02
4,3,1,0.0,0.0,1,propagule,1180,0,0,0.0635593220338983,True,0.005,0.02
4,3,2,0.0,0.0,1,propagule,1157,0,0,0.06136560069144339,True,0.005,0.02
4,3,3,0.0,0.0,1,propagule,1160,0,0,0.06724137931034482,True,0.005,0.02
4,3,4,0.0,0.0,1,propagule,1125,0,0,0.06311111111111112,True,0.005,0.02
4,3,5,0.0,0.0,1,propagule,1125,0,0,0.06577777777777778,True,0.005,0.02
4,3,6,0.0,0.0,1,propagule,1100,0,0,0.06454545454545454,True,0.005,0.02
4,3,7,0.0,0.0,1,propagule,1094,0,0,0.06581352833638025,True,0.005,0.02
4,3,8,0.0,0.0,1,propagule,1085,0,0,0.0663594470046083,True,0.005,0.02
4,3,9,0.0,0.0,1,propagule,1069,0,0,0.07015902712815715,True,0.005,0.02
4,3,10,0.0,0.0,1,propagule,1058,0,0,0.0671077504725898,True,0.005,0.02
4,3,11,0.0,0.0,1,propagule,1058,0,0,0.07088846880907372,True,0.005,0.02
4,3,12,0.0,0.0,1,propagule,1037,0,0,0.0665380906460945,True,0.005,0.02
4,3,13,0.0,0.0,1,propagule,1031,0,0,0.07080504364694472,True,0.005,0.02
4,3,14,0.0,0.0,1,propagule,1018,0,0,0.068762278978389,True,0.005,0.02
4,3,15,0.0,0.0,1,propagule,1013,0,0,0.07305034550839092,True,0.005,0.02
4,3,16,0.0,0.0,1,propagule,994,0,0,0.06740442655935613,True,0.005,0.02
4,3,17,0.0,0.0,1,propagule,994,0,0,0.07344064386317907,True,0.005,0.02
4,3,18,0.0,0.0,1,propagule,2223,0,0,0.029689608636977057,True,0.005,0.02
4,3,19,0.0,0.0,1,propagule,2218,0,0,0.031559963931469794,True,0.005,0.02
4,3,20,0.0,0.0,1,propagule,2147,0,0,0.030740568234746156,True,0.005,0.02
4,3,21,0.0,0.0,1,propagule,2102,0,0,0.031874405328258804,True,0.005,0.02
4,3,22,0.0,0.0,1,propagule,2049,0,0,0.0317227916056613,True,0.005,0.02
4,3,23,0.0,0.0,1,propagule,2004,0,0,0.033932135728542916,True,0.005,0.02
4,3,24,0.0,0.0,1,propagule,1989,0,0,0.03569632981397687,True,0.005,0.02
4,3,25,0.0,0.0,1,propagule,1936,0,0,0.03615702479338843,True,0.005,0.02
4,3,26,0.0,0.0,1,propagule,1908,0,0,0.036163522012578615,True,0.005,0.02
4,3,27,0.0,0.0,1,propagule,1853,0,0,0.03831624392876417,True,0.005,0.02
4,3,28,0.0,0.0,1,propagule,1813,0,0,0.038058466629895205,True,0.005,0.02
4,3,29,0.0,0.0,1,propagule,1769,0,0,0.041831543244771056,True,0.005,0.02
4,3,30,0.0,0.0,1,propagule,1723,0,0,0.03946604759141033,True,0.005,0.02
4,3,31,0.0,0.0,1,propagule,1676,0,0,0.0441527446300716,True,0.005,0.02
4,3,32,0.0,0.0,1,propagule,1652,0,0,0.04297820823244552,True,0.005,0.02
4,3,33,0.0,0.0,1,propagule,1618,0,0,0.04326328800988875,True,0.005,0.02
4,3,34,0.0,0.0,1,propagule,1580,0,0,0.04493670886075949,True,0.005,0.02
4,3,35,0.0,0.0,1,propagule,1566,0,0,0.04597701149425287,True,0.005,0.02
4,3,36,0.0,0.0,1,propagule,1533,0,0,0.045662100456621,True,0.005,0.02
4,3,37,0.0,0.0,1,propagule,1538,0,0,0.05981794538361508,True,0.005,0.02
4,3,38,0.0,0.0,1,propagule,1479,0,0,0.050033806626098715,True,0.005,0.02
4,3,39,0.0,0.0,1,propagule,1456,0,0,0.05357142857142857,True,0.005,0.02
4,3,40,0.0,0.0,1,propagule,1432,0,0,0.04958100558659218,True,0.005,0.02
4,3,41,0.0,0.0,1,propagule,1417,0,0,0.05504587155963303,True,0.005,0.02
4,3,42,0.0,0.0,1,propagule,1390,0,0,0.05251798561151079,True,0.005,0.02
4,3,43,0.0,0.0,1,propagule,1513,0,0,0.10707204230006609,True,0.005,0.02
4,3,44,0.0,0.0,1,propagule,1418,0,0,0.08744710860366714,True,0.005,0.02
4,3,45,0.0,0.0,1,propagule,1376,0,0,0.08212209302325581,True,0.005,0.02
4,3,46,0.0,0.0,1,propagule,1344,0,0,0.0900297619047619,True,0.005,0.02
4,3,47,0.0,0.0,1,propagule,1356,0,0,0.10471976401179942,True,0.005,0.02
4,3,48,0.0,0.0,1,propagule,1329,0,0,0.09781790820165538,True,0.005,0.02
4,3,49,0.0,0.0,1,propagule,1328,0,0,0.1091867469879518,True,0.005,0.02
4,3,50,0.0,0.0,1,propagule,1310,0,0,0.10305343511450382,True,0.005,0.02
4,3,51,0.0,0.0,1,propagule,1314,0,0,0.1187214611872146,True,0.005,0.02
4,3,52,0.0,0.0,1,propagule,1278,0,0,0.10876369327073553,True,0.005,0.02
4,4,1,0.0,0.0,1,propagule,1279,0,0,0.12040656763096169,True,0.005,0.02
4,4,2,0.0,0.0,1,propagule,1259,0,0,0.11517077045274027,True,0.005,0.02
4,4,3,0.0,0.0,1,propagule,1236,0,0,0.12055016181229773,True,0.005,0.02
4,4,4,0.0,0.0,1,propagule,1203,0,0,0.12136325852036575,True,0.005,0.02
4,4,5,0.0,0.0,1,propagule,1196,0,0,0.1245819397993311,True,0.005,0.02
4,4,6,0.0,0.0,1,propagule,1163,0,0,0.117798796216681,True,0.005,0.02
4,4,7,0.0,0.0,1,propagule,1157,0,0,0.12445980985306827,True,0.005,0.02
4,4,8,0.0,0.0,1,propagule,1133,0,0,0.12180052956751986,True,0.005,0.02
4,4,9,0.0,0.0,1,propagule,1121,0,0,0.12578055307760927,True,0.005,0.02
4,4,10,0.0,0.0,1,propagule,1106,0,0,0.12296564195298372,True,0.005,0.02
4,4,11,0.0,0.0,1,propagule,1097,0,0,0.1267092069279854,True,0.005,0.02
4,4,12,0.0,0.0,1,propagule,1087,0,0,0.12235510579576817,True,0.005,0.02
4,4,13,0.0,0.0,1,propagule,1080,0,0,0.125,True,0.005,0.02
4,4,14,0.0,0.0,1,propagule,1072,0,0,0.12126865671641791,True,0.005,0.02
4,4,15,0.0,0.0,1,propagule,1062,0,0,0.12335216572504708,True,0.005,0.02
4,4,16,0.0,0.0,1,propagule,1046,0,0,0.12045889101338432,True,0.005,0.02
4,4,17,0.0,0.0,1,propagule,1042,0,0,0.1238003838771593,True,0.005,0.02
4,4,18,0.0,0.0,1,propagule,2268,0,0,0.054673721340388004,True,0.005,0.02
4,4,19,0.0,0.0,1,propagule,2261,0,0,0.05616983635559487,True,0.005,0.02
4,4,20,0.0,0.0,1,propagule,2185,0,0,0.05491990846681922,True,0.005,0.02
4,4,21,0.0,0.0,1,propagule,2147,0,0,0.055426176059618075,True,0.005,0.02
4,4,22,0.0,0.0,1,propagule,2050,0,0,0.05268292682926829,True,0.005,0.02
4,4,23,0.0,0.0,1,propagule,2020,0,0,0.055445544554455446,True,0.005,0.02
4,4,24,0.0,0.0,1,propagule,1941,0,0,0.05358062854198867,True,0.005,0.02
4,4,25,0.0,0.0,1,propagule,1873,0,0,0.055525894287239724,True,0.005,0.02
4,4,26,0.0,0.0,1,propagule,1830,0,0,0.05081967213114754,True,0.005,0.02
4,4,27,0.0,0.0,1,propagule,1801,0,0,0.05385896724042199,True,0.005,0.02
4,4,28,0.0,0.0,1,propagule,1754,0,0,0.053591790193842644,True,0.005,0.02
4,4,29,0.0,0.0,1,propagule,1734,0,0,0.05478662053056517,True,0.005,0.02
4,4,30,0.0,0.0,1,propagule,1683,0,0,0.05525846702317291,True,0.005,0.02
4,4,31,0.0,0.0,1,propagule,1662,0,0,0.05595667870036101,True,0.005,0.02
4,4,32,0.0,0.0,1,propagule,1603,0,0,0.053649407361197755,True,0.005,0.02
4,4,33,0.0,0.0,1,propagule,1589,0,0,0.05601006922592826,True,0.005,0.02
4,4,34,0.0,0.0,1,propagule,1559,0,0,0.05644644002565747,True,0.005,0.02
4,4,35,0.0,0.0,1,propagule,1505,0,0,0.05780730897009967,True,0.005,0.02
4,4,36,0.0,0.0,1,propagule,1470,0,0,0.05918367346938776,True,0.005,0.02
4,4,37,0.0,0.0,1,propagule,1453,0,0,0.06125258086717137,True,0.005,0.02
4,4,38,0.0,0.0,1,propagule,1435,0,0,0.06411149825783972,True,0.005,0.02
4,4,39,0.0,0.0,1,propagule,1417,0,0,0.05998588567395907,True,0.005,0.02
4,4,40,0.0,0.0,1,propagule,1405,0,0,0.06192170818505338,True,0.005,0.02
4,4,41,0.0,0.0,1,propagule,1380,0,0,0.06159420289855073,True,0.005,0.02
4,4,42,0.0,0.0,1,propagule,1375,0,0,0.06836363636363636,True,0.005,0.02
4,4,43,0.0,0.0,1,propagule,1455,0,0,0.11202749140893471,True,0.005,0.02
4,4,44,0.0,0.0,1,propagule,1404,0,0,0.10612535612535613,True,0.005,0.02
4,4,45,0.0,0.0,1,propagule,1379,0,0,0.10369833212472807,True,0.005,0.02
4,4,46,0.0,0.0,1,propagule,1362,0,0,0.10425844346549193,True,0.005,0.02
4,4,47,0.0,0.0,1,propagule,1302,0,0,0.09984639016897082,True,0.005,0.02
4,4,48,0.0,0.0,1,propagule,1288,0,0,0.10714285714285714,True,0.005,0.02
4,4,49,0.0,0.0,1,propagule,1269,0,0,0.10717100078802207,True,0.005,0.02
4,4,50,0.0,0.0,1,propagule,1275,0,0,0.11450980392156863,True,0.005,0.02
4,4,51,0.0,0.0,1,propagule,1240,0,0,0.10806451612903226,True,0.005,0.02
4,4,52,0.0,0.0,1,propagule,1239,0,0,0.1162227602905569,True,0.005,0.02
4,5,1,0.0,0.0,1,propagule,1207,0,0,0.11101905550952776,True,0.005,0.02
4,5,2,0.0,0.0,1,propagule,1199,0,0,0.11759799833194329,True,0.005,0.02
4,5,3,0.0,0.0,1,propagule,1178,0,0,0.11205432937181664,True,0.005,0.02
4,5,4,0.0,0.0,1,propagule,1165,0,0,0.11931330472103004,True,0.005,0.02
4,5,5,0.0,0.0,1,propagule,1142,0,0,0.11558669001751314,True,0.005,0.02
4,5,6,0.0,0.0,1,propagule,1154,0,0,0.12305025996533796,True,0.005,0.02
4,5,7,0.0,0.0,1,propagule,1122,0,0,0.11497326203208556,True,0.005,0.02
4,5,8,0.0,0.0,1,propagule,1114,0,0,0.11759425493716337,True,0.005,0.02
4,5,9,0.0,0.0,1,propagule,1090,0,0,0.11467889908256881,True,0.005,0.02
4,5,10,0.0,0.0,1,propagule,1082,0,0,0.12014787430683918,True,0.005,0.02
4,5,11,0.0,0.0,1,propagule,1064,0,0,0.1174812030075188,True,0.005,0.02
4,5,12,0.0,0.0,1,propagule,1065,0,0,0.12206572769953052,True,0.005,0.02
4,5,13,0.0,0.0,1,propagule,1040,0,0,0.11923076923076924,True,0.005,0.02
4,5,14,0.0,0.0,1,propagule,1041,0,0,0.12007684918347743,True,0.005,0.02
4,5,15,0.0,0.0,1,propagule,1012,0,0,0.11561264822134387,True,0.005,0.02
4,5,16,0.0,0.0,1,propagule,1012,0,0,0.12055335968379446,True,0.005,0.02
4,5,17,0.0,0.0,1,propagule,985,0,0,0.11065989847715736,True,0.005,0.02
4,5,18,0.0,0.0,1,propagule,2283,0,0,0.051248357424441525,True,0.005,0.02
4,5,19,0.0,0.0,1,propagule,2195,0,0,0.04965831435079727,True,0.005,0.02
4,5,20,0.0,0.0,1,propagule,2212,0,0,0.054249547920433995,True,0.005,0.02
4,5,21,0.0,0.0,1,propagule,2089,0,0,0.051220679751077074,True,0.005,0.02
4,5,22,0.0,0.0,1,propagule,2097,0,0,0.05484024797329518,True,0.005,0.02
4,5,23,0.0,0.0,1,propagule,1979,0,0,0.05154118241536129,True,0.005,0.02
4,5,24,0.0,0.0,1,propagule,1944,0,0,0.05452674897119342,True,0.005,0.02
4,5,25,0.0,0.0,1,propagule,1860,0,0,0.0532258064516129,True,0.005,0.02
4,5,26,0.0,0.0,1,propagule,1856,0,0,0.05765086206896552,True,0.005,0.02
4,5,27,0.0,0.0,1,propagule,1776,0,0,0.054617117117117114,True,0.005,0.02
4,5,28,0.0,0.0,1,propagule,1753,0,0,0.05704506560182544,True,0.005,0.02
4,5,29,0.0,0.0,1,propagule,1705,0,0,0.05571847507331378,True,0.005,0.02
4,5,30,0.0,0.0,1,propagule,1691,0,0,0.0579538734476641,True,0.005,0.02
4,5,31,0.0,0.0,1,propagule,1655,0,0,0.05740181268882175,True,0.005,0.02
4,5,32,0.0,0.0,1,propagule,1613,0,0,0.06013639181649101,True,0.005,0.02
4,5,33,0.0,0.0,1,propagule,1556,0,0,0.05462724935732648,True,0.005,0.02
4,5,34,0.0,0.0,1,propagule,1518,0,0,0.059947299077733864,True,0.005,0.02
4,5,35,0.0,0.0,1,propagule,1484,0,0,0.057951482479784364,True,0.005,0.02
4,5,36,0.0,0.0,1,propagule,1467,0,0,0.0627130197682345,True,0.005,0.02
4,5,37,0.0,0.0,1,propagule,1427,0,0,0.05886475122634898,True,0.005,0.02
4,5,38,0.0,0.0,1,propagule,1426,0,0,0.06311360448807854,True,0.005,0.02
4,5,39,0.0,0.0,1,propagule,1390,0,0,0.05827338129496403,True,0.005,0.02
4,5,40,0.0,0.0,1,propagule,1387,0,0,0.06272530641672674,True,0.005,0.02
4,5,41,0.0,0.0,1,propagule,1356,0,0,0.059734513274336286,True,0.005,0.02
4,5,42,0.0,0.0,1,propagule,1355,0,0,0.06420664206642067,True,0.005,0.02
4,5,43,0.0,0.0,1,propagule,1507,0,0,0.12873258128732581,True,0.005,0.02
4,5,44,0.0,0.0,1,propagule,1392,0,0,0.10416666666666667,True,0.005,0.02
4,5,45,0.0,0.0,1,propagule,1365,0,0,0.10256410256410256,True,0.005,0.02
4,5,46,0.0,0.0,1,propagule,1330,0,0,0.09548872180451128,True,0.005,0.02
4,5,47,0.0,0.0,1,propagule,1306,0,0,0.0903522205206738,True,0.005,0.02
4,5,48,0.0,0.0,1,propagule,1291,0,0,0.09604957397366383,True,0.005,0.02
4,5,49,0.0,0.0,1,propagule,1269,0,0,0.09850275807722617,True,0.005,0.02
4,5,50,0.0,0.0,1,propagule,1262,0,0,0.10063391442155309,True,0.005,0.02
4,5,51,0.0,0.0,1,propagule,1240,0,0,0.10161290322580645,True,0.005,0.02
4,5,52,0.0,0.0,1,propagule,1238,0,0,0.10581583198707593,True,0.005,0.02
4,6,1,0.0,0.0,1,propagule,1209,0,0,0.10421836228287841,True,0.005,0.02
4,6,2,0.0,0.0,1,propagule,1206,0,0,0.11028192371475953,True,0.005,0.02
4,6,3,0.0,0.0,1,propagule,1197,0,0,0.10944026733500417,True,0.005,0.02
4,6,4,0.0,0.0,1,propagule,1189,0,0,0.11101766190075694,True,0.005,0.02
4,6,5,0.0,0.0,1,propagule,1170,0,0,0.11025641025641025,True,0.005,0.02
4,6,6,0.0,0.0,1,propagule,1157,0,0,0.11063094209161625,True,0.005,0.02
4,6,7,0.0,0.0,1,propagule,1133,0,0,0.11209179170344219,True,0.005,0.02
4,6,8,0.0,0.0,1,propagule,1139,0,0,0.11764705882352941,True,0.005,0.02
4,6,9,0.0,0.0,1,propagule,1121,0,0,0.11864406779661017,True,0.005,0.02
4,6,10,0.0,0.0,1,propagule,1098,0,0,0.11930783242258652,True,0.005,0.02
4,6,11,0.0,0.0,1,propagule,1098,0,0,0.12568306010928962,True,0.005,0.02
4,6,12,0.0,0.0,1,propagule,1082,0,0,0.11922365988909427,True,0.005,0.02
4,6,13,0.0,0.0,1,propagule,1076,0,0,0.12546468401486988,True,0.005,0.02
4,6,14,0.0,0.0,1,propagule,1056,0,0,0.12310606060606061,True,0.005,0.02
4,6,15,0.0,0.0,1,propagule,1046,0,0,0.12810707456978968,True,0.005,0.02
4,6,16,0.0,0.0,1,propagule,1024,0,0,0.1279296875,True,0.005,0.02
4,6,17,0.0,0.0,1,propagule,1006,0,0,0.12524850894632206,True,0.005,0.02
4,6,18,0.0,0.0,1,propagule,2216,0,0,0.05550541516245487,True,0.005,0.02
4,6,19,0.0,0.0,1,propagule,2156,0,0,0.05797773654916512,True,0.005,0.02
4,6,20,0.0,0.0,1,propagule,2121,0,0,0.05799151343705799,True,0.005,0.02
4,6,21,0.0,0.0,1,propagule,2056,0,0,0.060797665369649805,True,0.005,0.02
4,6,22,0.0,0.0,1,propagule,2013,0,0,0.06259314456035768,True,0.005,0.02
4,6,23,0.0,0.0,1,propagule,1973,0,0,0.06234161175874303,True,0.005,0.02
4,6,24,0.0,0.0,1,propagule,1933,0,0,0.062079668908432487,True,0.005,0.02
4,6,25,0.0,0.0,1,propagule,1893,0,0,0.06075013206550449,True,0.005,0.02
4,6,26,0.0,0.0,1,propagule,1846,0,0,0.06446370530877574,True,0.005,0.02
4,6,27,0.0,0.0,1,propagule,1806,0,0,0.06423034330011074,True,0.005,0.02
4,6,28,0.0,0.0,1,propagule,1787,0,0,0.06715165081141578,True,0.005,0.02
4,6,29,0.0,0.0,1,propagule,1729,0,0,0.06998264893001735,True,0.005,0.02
4,6,30,0.0,0.0,1,propagule,1692,0,0,0.07092198581560284,True,0.005,0.02
4,6,31,0.0,0.0,1,propagule,1645,0,0,0.06930091185410335,True,0.005,0.02
4,6,32,0.0,0.0,1,propagule,1606,0,0,0.06787048567870485,True,0.005,0.02
4,6,33,0.0,0.0,1,propagule,1592,0,0,0.06721105527638191,True,0.005,0.02
4,6,34,0.0,0.0,1,propagule,1555,0,0,0.06881028938906752,True,0.005,0.02
4,6,35,0.0,0.0,1,propagule,1545,0,0,0.06796116504854369,True,0.005,0.02
4,6,36,0.0,0.0,1,propagule,1513,0,0,0.0760079312623926,True,0.005,0.02
4,6,37,0.0,0.0,1,propagule,1474,0,0,0.07123473541383989,True,0.005,0.02
4,6,38,0.0,0.0,1,propagule,1458,0,0,0.0720164609053498,True,0.005,0.02
4,6,39,0.0,0.0,1,propagule,1425,0,0,0.07228070175438596,True,0.005,0.02
4,6,40,0.0,0.0,1,propagule,1415,0,0,0.07137809187279152,True,0.005,0.02
4,6,41,0.0,0.0,1,propagule,1389,0,0,0.07631389488840892,True,0.005,0.02
4,6,42,0.0,0.0,1,propagule,1378,0,0,0.07402031930333818,True,0.005,0.02
4,6,43,0.0,0.0,1,propagule,1549,0,0,0.14202711426726922,True,0.005,0.02
4,6,44,0.0,0.0,1,propagule,1419,0,0,0.1113460183227625,True,0.005,0.02
4,6,45,0.0,0.0,1,propagule,1350,0,0,0.10814814814814815,True,0.005,0.02
4,6,46,0.0,0.0,1,propagule,1310,0,0,0.10229007633587786,True,0.005,0.02
4,6,47,0.0,0.0,1,propagule,1282,0,0,0.10686427457098284,True,0.005,0.02
4,6,48,0.0,0.0,1,propagule,1250,0,0,0.1064,True,0.005,0.02
4,6,49,0.0,0.0,1,propagule,1227,0,0,0.10676446617766912,True,0.005,0.02
4,6,50,0.0,0.0,1,propagule,1219,0,0,0.11238720262510254,True,0.005,0.02
4,6,51,0.0,0.0,1,propagule,1201,0,0,0.11074104912572856,True,0.005,0.02
4,6,52,0.0,0.0,1,propagule,1189,0,0,0.11269974768713205,True,0.005,0.02
4,7,1,0.0,0.0,1,propagule,1165,0,0,0.1072961373390558,True,0.005,0.02
4,7,2,0.0,0.0,1,propagule,1159,0,0,0.11044003451251079,True,0.005,0.02
4,7,3,0.0,0.0,1,propagule,1143,0,0,0.11023622047244094,True,0.005,0.02
4,7,4,0.0,0.0,1,propagule,1136,0,0,0.11003521126760564,True,0.005,0.02
4,7,5,0.0,0.0,1,propagule,1116,0,0,0.11290322580645161,True,0.005,0.02
4,7,6,0.0,0.0,1,propagule,1122,0,0,0.11586452762923351,True,0.005,0.02
4,7,7,0.0,0.0,1,propagule,1094,0,0,0.11517367458866545,True,0.005,0.02
4,7,8,0.0,0.0,1,propagule,1098,0,0,0.11930783242258652,True,0.005,0.02
4,7,9,0.0,0.0,1,propagule,1067,0,0,0.11527647610121837,True,0.005,0.02
4,7,10,0.0,0.0,1,propagule,1068,0,0,0.11704119850187265,True,0.005,0.02
4,7,11,0.0,0.0,1,propagule,1044,0,0,0.11685823754789272,True,0.005,0.02
4,7,12,0.0,0.0,1,propagule,1046,0,0,0.12237093690248566,True,0.005,0.02
4,7,13,0.0,0.0,1,propagule,1028,0,0,0.122568093385214,True,0.005,0.02
4,7,14,0.0,0.0,1,propagule,1033,0,0,0.12294288480154889,True,0.005,0.02
4,7,15,0.0,0.0,1,propagule,1006,0,0,0.11928429423459244,True,0.005,0.02
4,7,16,0.0,0.0,1,propagule,1004,0,0,0.12151394422310757,True,0.005,0.02
4,7,17,0.0,0.0,1,propagule,984,0,0,0.12195121951219512,True,0.005,0.02
4,7,18,0.0,0.0,1,propagule,2257,0,0,0.052281789986708016,True,0.005,0.02
4,7,19,0.0,0.0,1,propagule,2225,0,0,0.052584269662921346,True,0.005,0.02
4,7,20,0.0,0.0,1,propagule,2149,0,0,0.051186598417868774,True,0.005,0.02
4,7,21,0.0,0.0,1,propagule,2107,0,0,0.04983388704318937,True,0.005,0.02
4,7,22,0.0,0.0,1,propagule,2035,0,0,0.051597051597051594,True,0.005,0.02
4,7,23,0.0,0.0,1,propagule,1981,0,0,0.05199394245330641,True,0.005,0.02
4,7,24,0.0,0.0,1,propagule,1949,0,0,0.05233453052847614,True,0.005,0.02
4,7,25,0.0,0.0,1,propagule,1915,0,0,0.050130548302872065,True,0.005,0.02
4,7,26,0.0,0.0,1,propagule,1848,0,0,0.050865800865800864,True,0.005,0.02
4,7,27,0.0,0.0,1,propagule,1804,0,0,0.05266075388026607,True,0.005,0.02
4,7,28,0.0,0.0,1,propagule,1776,0,0,0.05292792792792793,True,0.005,0.02
4,7,29,0.0,0.0,1,propagule,1752,0,0,0.05365296803652968,True,0.005,0.02
4,7,30,0.0,0.0,1,propagule,1713,0,0,0.05195563339171045,True,0.005,0.02
4,7,31,0.0,0.0,1,propagule,1683,0,0,0.05228758169934641,True,0.005,0.02
4,7,32,0.0,0.0,1,propagule,1653,0,0,0.0514216575922565,True,0.005,0.02
4,7,33,0.0,0.0,1,propagule,1602,0,0,0.05305867665418227,True,0.005,0.02
4,7,34,0.0,0.0,1,propagule,1589,0,0,0.05475141598489616,True,0.005,0.02
4,7,35,0.0,0.0,1,propagule,1559,0,0,0.055163566388710714,True,0.005,0.02
4,7,36,0.0,0.0,1,propagule,1542,0,0,0.057068741893644616,True,0.005,0.02
4,7,37,0.0,0.0,1,propagule,1506,0,0,0.05644090305444887,True,0.005,0.02
4,7,38,0.0,0.0,1,propagule,1482,0,0,0.05735492577597841,True,0.005,0.02
4,7,39,0.0,0.0,1,propagule,1448,0,0,0.054558011049723756,True,0.005,0.02
4,7,40,0.0,0.0,1,propagule,1438,0,0,0.0584144645340751,True,0.005,0.02
4,7,41,0.0,0.0,1,propagule,1422,0,0,0.05977496483825598,True,0.005,0.02
4,7,42,0.0,0.0,1,propagule,1403,0,0,0.06200997861724875,True,0.005,0.02
4,7,43,0.0,0.0,1,propagule,1587,0,0,0.13862633900441085,True,0.005,0.02
4,7,44,0.0,0.0,1,propagule,1465,0,0,0.11331058020477816,True,0.005,0.02
4,7,45,0.0,0.0,1,propagule,1365,0,0,0.09377289377289377,True,0.005,0.02
4,7,46,0.0,0.0,1,propagule,1327,0,0,0.09193669932177845,True,0.005,0.02
4,7,47,0.0,0.0,1,propagule,1273,0,0,0.09112333071484682,True,0.005,0.02
4,7,48,0.0,0.0,1,propagule,1246,0,0,0.09791332263242375,True,0.005,0.02
4,7,49,0.0,0.0,1,propagule,1243,0,0,0.09734513274336283,True,0.005,0.02
4,7,50,0.0,0.0,1,propagule,1216,0,0,0.09950657894736842,True,0.005,0.02
4,7,51,0.0,0.0,1,propagule,1197,0,0,0.09941520467836257,True,0.005,0.02
4,7,52,0.0,0.0,1,propagule,1176,0,0,0.10119047619047619,True,0.005,0.02
4,8,1,0.0,0.0,1,propagule,1163,0,0,0.0997420464316423,True,0.005,0.02
4,8,2,0.0,0.0,1,propagule,1147,0,0,0.1037489102005231,True,0.005,0.02
4,8,3,0.0,0.0,1,propagule,1130,0,0,0.10088495575221239,True,0.005,0.02
4,8,4,0.0,0.0,1,propagule,1111,0,0,0.10441044104410441,True,0.005,0.02
4,8,5,0.0,0.0,1,propagule,1086,0,0,0.09852670349907919,True,0.005,0.02
4,8,6,0.0,0.0,1,propagule,1083,0,0,0.10710987996306556,True,0.005,0.02
4,8,7,0.0,0.0,1,propagule,1069,0,0,0.1019644527595884,True,0.005,0.02
4,8,8,0.0,0.0,1,propagule,1062,0,0,0.10546139359698682,True,0.005,0.02
4,8,9,0.0,0.0,1,propagule,1053,0,0,0.10161443494776828,True,0.005,0.02
4,8,10,0.0,0.0,1,propagule,1049,0,0,0.10581506196377502,True,0.005,0.02
4,8,11,0.0,0.0,1,propagule,1025,0,0,0.10439024390243902,True,0.005,0.02
4,8,12,0.0,0.0,1,propagule,1020,0,0,0.11078431372549019,True,0.005,0.02
4,8,13,0.0,0.0,1,propagule,1011,0,0,0.10979228486646884,True,0.005,0.02
4,8,14,0.0,0.0,1,propagule,1001,0,0,0.11288711288711288,True,0.005,0.02
4,8,15,0.0,0.0,1,propagule,997,0,0,0.11334002006018054,True,0.005,0.02
4,8,16,0.0,0.0,1,propagule,983,0,0,0.11800610376398779,True,0.005,0.02
4,8,17,0.0,0.0,1,propagule,977,0,0,0.1218014329580348,True,0.005,0.02
4,8,18,0.0,0.0,1,propagule,2218,0,0,0.05049594229035167,True,0.005,0.02
4,8,19,0.0,0.0,1,propagule,2193,0,0,0.05198358413132695,True,0.005,0.02
4,8,20,0.0,0.0,1,propagule,2144,0,0,0.05363805970149254,True,0.005,0.02
4,8,21,0.0,0.0,1,propagule,2098,0,0,0.05290753098188751,True,0.005,0.02
4,8,22,0.0,0.0,1,propagule,2059,0,0,0.053909664885866924,True,0.005,0.02
4,8,23,0.0,0.0,1,propagule,2025,0,0,0.05382716049382716,True,0.005,0.02
4,8,24,0.0,0.0,1,propagule,1974,0,0,0.05369807497467072,True,0.005,0.02
4,8,25,0.0,0.0,1,propagule,1960,0,0,0.05714285714285714,True,0.005,0.02
4,8,26,0.0,0.0,1,propagule,1887,0,0,0.05405405405405406,True,0.005,0.02
4,8,27,0.0,0.0,1,propagule,1861,0,0,0.055346587855991405,True,0.005,0.02
4,8,28,0.0,0.0,1,propagule,1809,0,0,0.055279159756771695,True,0.005,0.02
4,8,29,0.0,0.0,1,propagule,1798,0,0,0.05839822024471635,True,0.005,0.02
4,8,30,0.0,0.0,1,propagule,1761,0,0,0.059057353776263484,True,0.005,0.02
4,8,31,0.0,0.0,1,propagule,1735,0,0,0.05994236311239193,True,0.005,0.02
4,8,32,0.0,0.0,1,propagule,1693,0,0,0.05847607796810396,True,0.005,0.02
4,8,33,0.0,0.0,1,propagule,1675,0,0,0.0608955223880597,True,0.005,0.02
4,8,34,0.0,0.0,1,propagule,1640,0,0,0.05975609756097561,True,0.005,0.02
4,8,35,0.0,0.0,1,propagule,1624,0,0,0.06342364532019705,True,0.005,0.02
4,8,36,0.0,0.0,1,propagule,1571,0,0,0.061744112030553785,True,0.005,0.02
4,8,37,0.0,0.0,1,propagule,1547,0,0,0.06464124111182935,True,0.005,0.02
4,8,38,0.0,0.0,1,propagule,1524,0,0,0.06299212598425197,True,0.005,0.02
4,8,39,0.0,0.0,1,propagule,1504,0,0,0.06382978723404255,True,0.005,0.02
4,8,40,0.0,0.0,1,propagule,1486,0,0,0.06460296096904442,True,0.005,0.02
4,8,41,0.0,0.0,1,propagule,1480,0,0,0.06959459459459459,True,0.005,0.02
4,8,42,0.0,0.0,1,propagule,1456,0,0,0.06593406593406594,True,0.005,0.02
4,8,43,0.0,0.0,1,propagule,1754,0,0,0.17730900798175597,True,0.005,0.02
4,8,44,0.0,0.0,1,propagule,1591,0,0,0.14142049025769957,True,0.005,0.02
4,8,45,0.0,0.0,1,propagule,1507,0,0,0.12408759124087591,True,0.005,0.02
4,8,46,0.0,0.0,1,propagule,1442,0,0,0.11650485436893204,True,0.005,0.02
4,8,47,0.0,0.0,1,propagule,1391,0,0,0.11358734723220705,True,0.005,0.02
4,8,48,0.0,0.0,1,propagule,1367,0,0,0.11265544989027067,True,0.005,0.02
4,8,49,0.0,0.0,1,propagule,1338,0,0,0.11210762331838565,True,0.005,0.02
4,8,50,0.0,0.0,1,propagule,1328,0,0,0.11069277108433735,True,0.005,0.02
4,8,51,0.0,0.0,1,propagule,1299,0,0,0.11085450346420324,True,0.005,0.02
4,8,52,0.0,0.0,1,propagule,1293,0,0,0.11136890951276102,True,0.005,0.02
4,9,1,0.0,0.0,1,propagule,1267,0,0,0.10970797158642462,True,0.005,0.02
4,9,2,0.0,0.0,1,propagule,1258,0,0,0.11446740858505565,True,0.005,0.02
4,9,3,0.0,0.0,1,propagule,1240,0,0,0.11209677419354838,True,0.005,0.02
4,9,4,0.0,0.0,1,propagule,1242,0,0,0.11755233494363929,True,0.005,0.02
4,9,5,0.0,0.0,1,propagule,1216,0,0,0.1118421052631579,True,0.005,0.02
4,9,6,0.0,0.0,1,propagule,1220,0,0,0.1180327868852459,True,0.005,0.02
4,9,7,0.0,0.0,1,propagule,1205,0,0,0.11286307053941909,True,0.005,0.02
4,9,8,0.0,0.0,1,propagule,1196,0,0,0.11956521739130435,True,0.005,0.02
4,9,9,0.0,0.0,1,propagule,1173,0,0,0.11508951406649616,True,0.005,0.02
4,9,10,0.0,0.0,1,propagule,1156,0,0,0.11764705882352941,True,0.005,0.02
4,9,11,0.0,0.0,1,propagule,1141,0,0,0.11568799298860649,True,0.005,0.02
4,9,12,0.0,0.0,1,propagule,1129,0,0,0.11780336581045173,True,0.005,0.02
4,9,13,0.0,0.0,1,propagule,1114,0,0,0.11759425493716337,True,0.005,0.02
4,9,14,0.0,0.0,1,propagule,1100,0,0,0.11818181818181818,True,0.005,0.02
4,9,15,0.0,0.0,1,propagule,1081,0,0,0.11748381128584644,True,0.005,0.02
4,9,16,0.0,0.0,1,propagule,1083,0,0,0.12188365650969529,True,0.005,0.02
4,9,17,0.0,0.0,1,propagule,1063,0,0,0.11947318908748825,True,0.005,0.02
4,9,18,0.0,0.0,1,propagule,2254,0,0,0.04924578527062999,True,0.005,0.02
4,9,19,0.0,0.0,1,propagule,2210,0,0,0.04841628959276018,True,0.005,0.02
4,9,20,0.0,0.0,1,propagule,2169,0,0,0.04979253112033195,True,0.005,0.02
4,9,21,0.0,0.0,1,propagule,2143,0,0,0.05086327578161456,True,0.005,0.02
4,9,22,0.0,0.0,1,propagule,2088,0,0,0.05076628352490421,True,0.005,0.02
4,9,23,0.0,0.0,1,propagule,2060,0,0,0.05,True,0.005,0.02
4,9,24,0.0,0.0,1,propagule,1998,0,0,0.05155155155155155,True,0.005,0.02
4,9,25,0.0,0.0,1,propagule,1944,0,0,0.050411522633744855,True,0.005,0.02
4,9,26,0.0,0.0,1,propagule,1910,0,0,0.05130890052356021,True,0.005,0.02
4,9,27,0.0,0.0,1,propagule,1891,0,0,0.053410893707033315,True,0.005,0.02
4,9,28,0.0,0.0,1,propagule,1834,0,0,0.05179934569247546,True,0.005,0.02
4,9,29,0.0,0.0,1,propagule,1818,0,0,0.052805280528052806,True,0.005,0.02
4,9,30,0.0,0.0,1,propagule,1788,0,0,0.053691275167785234,True,0.005,0.02
4,9,31,0.0,0.0,1,propagule,1760,0,0,0.055113636363636365,True,0.005,0.02
4,9,32,0.0,0.0,1,propagule,1688,0,0,0.05627962085308057,True,0.005,0.02
4,9,33,0.0,0.0,1,propagule,1651,0,0,0.058146577831617204,True,0.005,0.02
4,9,34,0.0,0.0,1,propagule,1607,0,0,0.05849408836341008,True,0.005,0.02
4,9,35,0.0,0.0,1,propagule,1581,0,0,0.058823529411764705,True,0.005,0.02
4,9,36,0.0,0.0,1,propagule,1544,0,0,0.05893782383419689,True,0.005,0.02
4,9,37,0.0,0.0,1,propagule,1529,0,0,0.06278613472858077,True,0.005,0.02
4,9,38,0.0,0.0,1,propagule,1499,0,0,0.06204136090727151,True,0.005,0.02
4,9,39,0.0,0.0,1,propagule,1491,0,0,0.06371562709590879,True,0.005,0.02
4,9,40,0.0,0.0,1,propagule,1467,0,0,0.06475800954328562,True,0.005,0.02
4,9,41,0.0,0.0,1,propagule,1452,0,0,0.0640495867768595,True,0.005,0.02
4,9,42,0.0,0.0,1,propagule,1425,0,0,0.06526315789473684,True,0.005,0.02
4,9,43,0.0,0.0,1,propagule,1739,0,0,0.16618746405980447,True,0.005,0.02
4,9,44,0.0,0.0,1,propagule,1553,0,0,0.1365099806825499,True,0.005,0.02
4,9,45,0.0,0.0,1,propagule,1455,0,0,0.12164948453608247,True,0.005,0.02
4,9,46,0.0,0.0,1,propagule,1419,0,0,0.11768851303735024,True,0.005,0.02
4,9,47,0.0,0.0,1,propagule,1367,0,0,0.11485003657644477,True,0.005,0.02
4,9,48,0.0,0.0,1,propagule,1351,0,0,0.11917098445595854,True,0.005,0.02
4,9,49,0.0,0.0,1,propagule,1297,0,0,0.1133384734001542,True,0.005,0.02
4,9,50,0.0,0.0,1,propagule,1282,0,0,0.11388455538221529,True,0.005,0.02
4,9,51,0.0,0.0,1,propagule,1246,0,0,0.10914927768860354,True,0.005,0.02
4,9,52,0.0,0.0,1,propagule,1238,0,0,0.11308562197092084,True,0.005,0.02
4,10,1,0.0,0.0,1,propagule,1202,0,0,0.10815307820299501,True,0.005,0.02
4,10,2,0.0,0.0,1,propagule,1194,0,0,0.11222780569514237,True,0.005,0.02
4,10,3,0.0,0.0,1,propagule,1164,0,0,0.10824742268041238,True,0.005,0.02
4,10,4,0.0,0.0,1,propagule,1171,0,0,0.11357813834329633,True,0.005,0.02
4,10,5,0.0,0.0,1,propagule,1144,0,0,0.10751748251748251,True,0.005,0.02
4,10,6,0.0,0.0,1,propagule,1153,0,0,0.11448395490026018,True,0.005,0.02
4,10,7,0.0,0.0,1,propagule,1128,0,0,0.1099290780141844,True,0.005,0.02
4,10,8,0.0,0.0,1,propagule,1115,0,0,0.11210762331838565,True,0.005,0.02
4,10,9,0.0,0.0,1,propagule,1088,0,0,0.11121323529411764,True,0.005,0.02
4,10,10,0.0,0.0,1,propagule,1073,0,0,0.10997204100652376,True,0.005,0.02
4,10,11,0.0,0.0,1,propagule,1051,0,0,0.10561370123691723,True,0.005,0.02
4,10,12,0.0,0.0,1,propagule,1052,0,0,0.11026615969581749,True,0.005,0.02
4,10,13,0.0,0.0,1,propagule,1030,0,0,0.10776699029126213,True,0.005,0.02
4,10,14,0.0,0.0,1,propagule,1024,0,0,0.109375,True,0.005,0.02
4,10,15,0.0,0.0,1,propagule,1006,0,0,0.10636182902584493,True,0.005,0.02
4,10,16,0.0,0.0,1,propagule,1007,0,0,0.11221449851042702,True,0.005,0.02
4,10,17,0.0,0.0,1,propagule,976,0,0,0.10860655737704918,True,0.005,0.02
4,10,18,0.0,0.0,1,propagule,2165,0,0,0.04295612009237875,True,0.005,0.02
4,10,19,0.0,0.0,1,propagule,2123,0,0,0.04239284032030146,True,0.005,0.02
4,10,20,0.0,0.0,1,propagule,2083,0,0,0.04320691310609698,True,0.005,0.02
4,10,21,0.0,0.0,1,propagule,2027,0,0,0.04292057227429699,True,0.005,0.02
4,10,22,0.0,0.0,1,propagule,1975,0,0,0.044050632911392405,True,0.005,0.02
4,10,23,0.0,0.0,1,propagule,1918,0,0,0.04483837330552659,True,0.005,0.02
4,10,24,0.0,0.0,1,propagule,1889,0,0,0.04446797247220752,True,0.005,0.02
4,10,25,0.0,0.0,1,propagule,1860,0,0,0.04516129032258064,True,0.005,0.02
4,10,26,0.0,0.0,1,propagule,1809,0,0,0.04643449419568822,True,0.005,0.02
4,10,27,0.0,0.0,1,propagule,1772,0,0,0.04740406320541761,True,0.005,0.02
4,10,28,0.0,0.0,1,propagule,1738,0,0,0.04948216340621404,True,0.005,0.02
4,10,29,0.0,0.0,1,propagule,1725,0,0,0.05217391304347826,True,0.005,0.02
4,10,30,0.0,0.0,1,propagule,1701,0,0,0.05114638447971781,True,0.005,0.02
4,10,31,0.0,0.0,1,propagule,1658,0,0,0.05066344993968637,True,0.005,0.02
4,10,32,0.0,0.0,1,propagule,1643,0,0,0.051734631771150334,True,0.005,0.02
4,10,33,0.0,0.0,1,propagule,1611,0,0,0.05276225946617008,True,0.005,0.02
4,10,34,0.0,0.0,1,propagule,1571,0,0,0.052196053469127944,True,0.005,0.02
4,10,35,0.0,0.0,1,propagule,1532,0,0,0.05483028720626632,True,0.005,0.02
4,10,36,0.0,0.0,1,propagule,1491,0,0,0.05432595573440644,True,0.005,0.02
4,10,37,0.0,0.0,1,propagule,1447,0,0,0.05736005528680028,True,0.005,0.02
4,10,38,0.0,0.0,1,propagule,1426,0,0,0.05890603085553997,True,0.005,0.02
4,10,39,0.0,0.0,1,propagule,1417,0,0,0.062103034580098804,True,0.005,0.02
4,10,40,0.0,0.0,1,propagule,1395,0,0,0.06093189964157706,True,0.005,0.02
4,10,41,0.0,0.0,1,propagule,1381,0,0,0.0608254887762491,True,0.005,0.02
4,10,42,0.0,0.0,1,propagule,1368,0,0,0.06286549707602339,True,0.005,0.02
4,10,43,0.0,0.0,1,propagule,1733,0,0,0.1933064050778996,True,0.005,0.02
4,10,44,0.0,0.0,1,propagule,1522,0,0,0.15243101182654403,True,0.005,0.02
4,10,45,0.0,0.0,1,propagule,1397,0,0,0.12383679312813171,True,0.005,0.02
4,10,46,0.0,0.0,1,propagule,1330,0,0,0.11428571428571428,True,0.005,0.02
4,10,47,0.0,0.0,1,propagule,1278,0,0,0.10485133020344288,True,0.005,0.02
4,10,48,0.0,0.0,1,propagule,1253,0,0,0.10694333599361533,True,0.005,0.02
4,10,49,0.0,0.0,1,propagule,1219,0,0,0.10746513535684987,True,0.005,0.02
4,10,50,0.0,0.0,1,propagule,1201,0,0,0.10741049125728559,True,0.005,0.02
4,10,51,0.0,0.0,1,propagule,1181,0,0,0.1100762066045724,True,0.005,0.02
4,10,52,0.0,0.0,1,propagule,1167,0,0,0.11139674378748929,True,0.005,0.02
4,1,1,0.0,0.0,1,propagule,933,0,0,0.0,True,0.005,0.025
4,1,2,0.0,0.0,1,propagule,935,0,0,0.0,True,0.005,0.025
4,1,3,0.0,0.0,1,propagule,927,0,0,0.0010787486515641855,True,0.005,0.025
4,1,4,0.0,0.0,1,propagule,930,0,0,0.001075268817204301,True,0.005,0.025
4,1,5,0.0,0.0,1,propagule,919,0,0,0.002176278563656148,True,0.005,0.025
4,1,6,0.0,0.0,1,propagule,924,0,0,0.003246753246753247,True,0.005,0.025
4,1,7,0.0,0.0,1,propagule,905,0,0,0.0033149171270718232,True,0.005,0.025
4,1,8,0.0,0.0,1,propagule,898,0,0,0.0033407572383073497,True,0.005,0.025
4,1,9,0.0,0.0,1,propagule,889,0,0,0.003374578177727784,True,0.005,0.025
4,1,10,0.0,0.0,1,propagule,876,0,0,0.003424657534246575,True,0.005,0.025
4,1,11,0.0,0.0,1,propagule,878,0,0,0.003416856492027335,True,0.005,0.025
4,1,12,0.0,0.0,1,propagule,865,0,0,0.003468208092485549,True,0.005,0.025
4,1,13,0.0,0.0,1,propagule,860,0,0,0.0034883720930232558,True,0.005,0.025
4,1,14,0.0,0.0,1,propagule,851,0,0,0.0035252643948296123,True,0.005,0.025
4,1,15,0.0,0.0,1,propagule,839,0,0,0.003575685339690107,True,0.005,0.025
4,1,16,0.0,0.0,1,propagule,839,0,0,0.003575685339690107,True,0.005,0.025
4,1,17,0.0,0.0,1,propagule,835,0,0,0.003592814371257485,True,0.005,0.025
4,1,18,0.0,0.0,1,propagule,2283,0,0,0.001314060446780552,True,0.005,0.025
4,1,19,0.0,0.0,1,propagule,2254,0,0,0.0013309671694764862,True,0.005,0.025
4,1,20,0.0,0.0,1,propagule,2183,0,0,0.001374255611543747,True,0.005,0.025
4,1,21,0.0,0.0,1,propagule,2126,0,0,0.0014111006585136407,True,0.005,0.025
4,1,22,0.0,0.0,1,propagule,2078,0,0,0.0014436958614051972,True,0.005,0.025
4,1,23,0.0,0.0,1,propagule,2014,0,0,0.0014895729890764648,True,0.005,0.025
4,1,24,0.0,0.0,1,propagule,1999,0,0,0.0015007503751875938,True,0.005,0.025
4,1,25,0.0,0.0,1,propagule,1942,0,0,0.001544799176107106,True,0.005,0.025
4,1,26,0.0,0.0,1,propagule,1901,0,0,0.0015781167806417674,True,0.005,0.025
4,1,27,0.0,0.0,1,propagule,1897,0,0,0.0031628887717448603,True,0.005,0.025
4,1,28,0.0,0.0,1,propagule,1810,0,0,0.0027624309392265192,True,0.005,0.025
4,1,29,0.0,0.0,1,propagule,1772,0,0,0.004514672686230248,True,0.005,0.025
4,1,30,0.0,0.0,1,propagule,1745,0,0,0.005157593123209169,True,0.005,0.025
4,1,31,0.0,0.0,1,propagule,1737,0,0,0.0051813471502590676,True,0.005,0.025
4,1,32,0.0,0.0,1,propagule,1707,0,0,0.006444053895723492,True,0.005,0.025
4,1,33,0.0,0.0,1,propagule,1682,0,0,0.007134363852556481,True,0.005,0.025
4,1,34,0.0,0.0,1,propagule,1633,0,0,0.007348438456827924,True,0.005,0.025
4,1,35,0.0,0.0,1,propagule,1620,0,0,0.007407407407407408,True,0.005,0.025
4,1,36,0.0,0.0,1,propagule,1566,0,0,0.009578544061302681,True,0.005,0.025
4,1,37,0.0,0.0,1,propagule,1536,0,0,0.010416666666666666,True,0.005,0.025
4,1,38,0.0,0.0,1,propagule,1495,0,0,0.010033444816053512,True,0.005,0.025
4,1,39,0.0,0.0,1,propagule,1480,0,0,0.010135135135135136,True,0.005,0.025
4,1,40,0.0,0.0,1,propagule,1452,0,0,0.011019283746556474,True,0.005,0.025
4,1,41,0.0,0.0,1,propagule,1445,0,0,0.010380622837370242,True,0.005,0.025
4,1,42,0.0,0.0,1,propagule,1406,0,0,0.010668563300142247,True,0.005,0.025
4,1,43,0.0,0.0,1,propagule,1390,0,0,0.01870503597122302,True,0.005,0.025
4,1,44,0.0,0.0,1,propagule,1358,0,0,0.016936671575846832,True,0.005,0.025
4,1,45,0.0,0.0,1,propagule,1335,0,0,0.015730337078651686,True,0.005,0.025
4,1,46,0.0,0.0,1,propagule,1330,0,0,0.021052631578947368,True,0.005,0.025
4,1,47,0.0,0.0,1,propagule,1306,0,0,0.01914241960183767,True,0.005,0.025
4,1,48,0.0,0.0,1,propagule,1306,0,0,0.022970903522205207,True,0.005,0.025
4,1,49,0.0,0.0,1,propagule,1288,0,0,0.023291925465838508,True,0.005,0.025
4,1,50,0.0,0.0,1,propagule,1282,0,0,0.0265210608424337,True,0.005,0.025
4,1,51,0.0,0.0,1,propagule,1258,0,0,0.026232114467408585,True,0.005,0.025
4,1,52,0.0,0.0,1,propagule,1252,0,0,0.029552715654952075,True,0.005,0.025
4,2,1,0.0,0.0,1,propagule,1219,0,0,0.02543068088597211,True,0.005,0.025
4,2,2,0.0,0.0,1,propagule,1229,0,0,0.03498779495524817,True,0.005,0.025
4,2,3,0.0,0.0,1,propagule,1197,0,0,0.029239766081871343,True,0.005,0.025
4,2,4,0.0,0.0,1,propagule,1200,0,0,0.03333333333333333,True,0.005,0.025
4,2,5,0.0,0.0,1,propagule,1176,0,0,0.03231292517006803,True,0.005,0.025
4,2,6,0.0,0.0,1,propagule,1181,0,0,0.03386960203217612,True,0.005,0.025
4,2,7,0.0,0.0,1,propagule,1162,0,0,0.03614457831325301,True,0.005,0.025
4,2,8,0.0,0.0,1,propagule,1155,0,0,0.0380952380952381,True,0.005,0.025
4,2,9,0.0,0.0,1,propagule,1126,0,0,0.037300177619893425,True,0.005,0.025
4,2,10,0.0,0.0,1,propagule,1121,0,0,0.0383586083853702,True,0.005,0.025
4,2,11,0.0,0.0,1,propagule,1098,0,0,0.037340619307832425,True,0.005,0.025
4,2,12,0.0,0.0,1,propagule,1090,0,0,0.04128440366972477,True,0.005,0.025
4,2,13,0.0,0.0,1,propagule,1063,0,0,0.03574788334901223,True,0.005,0.025
4,2,14,0.0,0.0,1,propagule,1065,0,0,0.04131455399061033,True,0.005,0.025
4,2,15,0.0,0.0,1,propagule,1049,0,0,0.037178265014299335,True,0.005,0.025
4,2,16,0.0,0.0,1,propagule,1047,0,0,0.039159503342884434,True,0.005,0.025
4,2,17,0.0,0.0,1,propagule,1031,0,0,0.037827352085354024,True,0.005,0.025
4,2,18,0.0,0.0,1,propagule,2056,0,0,0.019941634241245135,True,0.005,0.025
4,2,19,0.0,0.0,1,propagule,2014,0,0,0.019364448857994043,True,0.005,0.025
4,2,20,0.0,0.0,1,propagule,1984,0,0,0.020161290322580645,True,0.005,0.025
4,2,21,0.0,0.0,1,propagule,1940,0,0,0.01958762886597938,True,0.005,0.025
4,2,22,0.0,0.0,1,propagule,1902,0,0,0.02103049421661409,True,0.005,0.025
4,2,23,0.0,0.0,1,propagule,1876,0,0,0.021321961620469083,True,0.005,0.025
4,2,24,0.0,0.0,1,propagule,1844,0,0,0.021691973969631236,True,0.005,0.025
4,2,25,0.0,0.0,1,propagule,1788,0,0,0.020134228187919462,True,0.005,0.025
4,2,26,0.0,0.0,1,propagule,1776,0,0,0.020833333333333332,True,0.005,0.025
4,2,27,0.0,0.0,1,propagule,1722,0,0,0.02032520325203252,True,0.005,0.025
4,2,28,0.0,0.0,1,propagule,1713,0,0,0.023934617629889084,True,0.005,0.025
4,2,29,0.0,0.0,1,propagule,1681,0,0,0.022010707911957167,True,0.005,0.025
4,2,30,0.0,0.0,1,propagule,1673,0,0,0.024506873879258817,True,0.005,0.025
4,2,31,0.0,0.0,1,propagule,1622,0,0,0.02157829839704069,True,0.005,0.025
4,2,32,0.0,0.0,1,propagule,1603,0,0,0.023081721771678103,True,0.005,0.025
4,2,33,0.0,0.0,1,propagule,1576,0,0,0.022208121827411168,True,0.005,0.025
4,2,34,0.0,0.0,1,propagule,1575,0,0,0.024761904761904763,True,0.005,0.025
4,2,35,0.0,0.0,1,propagule,1498,0,0,0.02336448598130841,True,0.005,0.025
4,2,36,0.0,0.0,1,propagule,1521,0,0,0.029585798816568046,True,0.005,0.025
4,2,37,0.0,0.0,1,propagule,1480,0,0,0.026351351351351353,True,0.005,0.025
4,2,38,0.0,0.0,1,propagule,1475,0,0,0.02576271186440678,True,0.005,0.025
4,2,39,0.0,0.0,1,propagule,1440,0,0,0.025694444444444443,True,0.005,0.025
4,2,40,0.0,0.0,1,propagule,1445,0,0,0.03044982698961938,True,0.005,0.025
4,2,41,0.0,0.0,1,propagule,1404,0,0,0.027065527065527065,True,0.005,0.025
4,2,42,0.0,0.0,1,propagule,1424,0,0,0.03651685393258427,True,0.005,0.025
4,2,43,0.0,0.0,1,propagule,1421,0,0,0.054187192118226604,True,0.005,0.025
4,2,44,0.0,0.0,1,propagule,1396,0,0,0.05945558739255014,True,0.005,0.025
4,2,45,0.0,0.0,1,propagule,1402,0,0,0.06276747503566334,True,0.005,0.025
4,2,46,0.0,0.0,1,propagule,1398,0,0,0.06723891273247497,True,0.005,0.025
4,2,47,0.0,0.0,1,propagule,1411,0,0,0.073706591070163,True,0.005,0.025
4,2,48,0.0,0.0,1,propagule,1395,0,0,0.07813620071684588,True,0.005,0.025
4,2,49,0.0,0.0,1,propagule,1384,0,0,0.07658959537572255,True,0.005,0.025
4,2,50,0.0,0.0,1,propagule,1366,0,0,0.07833089311859444,True,0.005,0.025
4,2,51,0.0,0.0,1,propagule,1360,0,0,0.08235294117647059,True,0.005,0.025
4,2,52,0.0,0.0,1,propagule,1332,0,0,0.08183183183183183,True,0.005,0.025
4,3,1,0.0,0.0,1,propagule,1317,0,0,0.0812452543659833,True,0.005,0.025
4,3,2,0.0,0.0,1,propagule,1299,0,0,0.08083140877598152,True,0.005,0.025
4,3,3,0.0,0.0,1,propagule,1301,0,0,0.08531898539584935,True,0.005,0.025
4,3,4,0.0,0.0,1,propagule,1276,0,0,0.08307210031347963,True,0.005,0.025
4,3,5,0.0,0.0,1,propagule,1275,0,0,0.08784313725490196,True,0.005,0.025
4,3,6,0.0,0.0,1,propagule,1256,0,0,0.08598726114649681,True,0.005,0.025
4,3,7,0.0,0.0,1,propagule,1245,0,0,0.08755020080321285,True,0.005,0.025
4,3,8,0.0,0.0,1,propagule,1222,0,0,0.08428805237315876,True,0.005,0.025
4,3,9,0.0,0.0,1,propagule,1218,0,0,0.08866995073891626,True,0.005,0.025
4,3,10,0.0,0.0,1,propagule,1191,0,0,0.08648194794290512,True,0.005,0.025
4,3,11,0.0,0.0,1,propagule,1194,0,0,0.09045226130653267,True,0.005,0.025
4,3,12,0.0,0.0,1,propagule,1163,0,0,0.08770421324161651,True,0.005,0.025
4,3,13,0.0,0.0,1,propagule,1164,0,0,0.09106529209621993,True,0.005,0.025
4,3,14,0.0,0.0,1,propagule,1141,0,0,0.08939526730937773,True,0.005,0.025
4,3,15,0.0,0.0,1,propagule,1143,0,0,0.09448818897637795,True,0.005,0.025
4,3,16,0.0,0.0,1,propagule,1120,0,0,0.08928571428571429,True,0.005,0.025
4,3,17,0.0,0.0,1,propagule,1112,0,0,0.09622302158273381,True,0.005,0.025
4,3,18,0.0,0.0,1,propagule,2498,0,0,0.03843074459567654,True,0.005,0.025
4,3,19,0.0,0.0,1,propagule,2469,0,0,0.0425273390036452,True,0.005,0.025
4,3,20,0.0,0.0,1,propagule,2344,0,0,0.03967576791808874,True,0.005,0.025
4,3,21,0.0,0.0,1,propagule,2329,0,0,0.0420781451266638,True,0.005,0.025
4,3,22,0.0,0.0,1,propagule,2224,0,0,0.03866906474820144,True,0.005,0.025
4,3,23,0.0,0.0,1,propagule,2208,0,0,0.041666666666666664,True,0.005,0.025
4,3,24,0.0,0.0,1,propagule,2163,0,0,0.042071197411003236,True,0.005,0.025
4,3,25,0.0,0.0,1,propagule,2113,0,0,0.04212020823473734,True,0.005,0.025
4,3,26,0.0,0.0,1,propagule,2044,0,0,0.041585127201565555,True,0.005,0.025
4,3,27,0.0,0.0,1,propagule,2001,0,0,0.04447776111944028,True,0.005,0.025
4,3,28,0.0,0.0,1,propagule,1948,0,0,0.043634496919917866,True,0.005,0.025
4,3,29,0.0,0.0,1,propagule,1914,0,0,0.044409613375130615,True,0.005,0.025
4,3,30,0.0,0.0,1,propagule,1887,0,0,0.04451510333863275,True,0.005,0.025
4,3,31,0.0,0.0,1,propagule,1857,0,0,0.04577275175013463,True,0.005,0.025
4,3,32,0.0,0.0,1,propagule,1791,0,0,0.0446677833612507,True,0.005,0.025
4,3,33,0.0,0.0,1,propagule,1769,0,0,0.04465799886941775,True,0.005,0.025
4,3,34,0.0,0.0,1,propagule,1713,0,0,0.04495037945125511,True,0.005,0.025
4,3,35,0.0,0.0,1,propagule,1699,0,0,0.047675103001765744,True,0.005,0.025
4,3,36,0.0,0.0,1,propagule,1650,0,0,0.048484848484848485,True,0.005,0.025
4,3,37,0.0,0.0,1,propagule,1646,0,0,0.05285540704738761,True,0.005,0.025
4,3,38,0.0,0.0,1,propagule,1596,0,0,0.05012531328320802,True,0.005,0.025
4,3,39,0.0,0.0,1,propagule,1581,0,0,0.05502846299810247,True,0.005,0.025
4,3,40,0.0,0.0,1,propagule,1547,0,0,0.05429864253393665,True,0.005,0.025
4,3,41,0.0,0.0,1,propagule,1536,0,0,0.057942708333333336,True,0.005,0.025
4,3,42,0.0,0.0,1,propagule,1502,0,0,0.0559254327563249,True,0.005,0.025
4,3,43,0.0,0.0,1,propagule,1566,0,0,0.09450830140485313,True,0.005,0.025
4,3,44,0.0,0.0,1,propagule,1476,0,0,0.07249322493224933,True,0.005,0.025
4,3,45,0.0,0.0,1,propagule,1437,0,0,0.07237299930410578,True,0.005,0.025
4,3,46,0.0,0.0,1,propagule,1437,0,0,0.07724425887265135,True,0.005,0.025
4,3,47,0.0,0.0,1,propagule,1425,0,0,0.08,True,0.005,0.025
4,3,48,0.0,0.0,1,propagule,1436,0,0,0.08844011142061281,True,0.005,0.025
4,3,49,0.0,0.0,1,propagule,1433,0,0,0.09141660851360782,True,0.005,0.025
4,3,50,0.0,0.0,1,propagule,1431,0,0,0.0992313067784766,True,0.005,0.025
4,3,51,0.0,0.0,1,propagule,1442,0,0,0.10263522884882108,True,0.005,0.025
4,3,52,0.0,0.0,1,propagule,1436,0,0,0.10445682451253482,True,0.005,0.025
4,4,1,0.0,0.0,1,propagule,1423,0,0,0.10119465917076599,True,0.005,0.025
4,4,2,0.0,0.0,1,propagule,1417,0,0,0.11150317572335922,True,0.005,0.025
4,4,3,0.0,0.0,1,propagule,1401,0,0,0.10920770877944326,True,0.005,0.025
4,4,4,0.0,0.0,1,propagule,1381,0,0,0.11296162201303403,True,0.005,0.025
4,4,5,0.0,0.0,1,propagule,1368,0,0,0.1111111111111111,True,0.005,0.025
4,4,6,0.0,0.0,1,propagule,1350,0,0,0.11259259259259259,True,0.005,0.025
4,4,7,0.0,0.0,1,propagule,1338,0,0,0.11210762331838565,True,0.005,0.025
4,4,8,0.0,0.0,1,propagule,1314,0,0,0.1141552511415525,True,0.005,0.025
4,4,9,0.0,0.0,1,propagule,1296,0,0,0.1111111111111111,True,0.005,0.025
4,4,10,0.0,0.0,1,propagule,1281,0,0,0.11475409836065574,True,0.005,0.025
4,4,11,0.0,0.0,1,propagule,1263,0,0,0.11243072050673,True,0.005,0.025
4,4,12,0.0,0.0,1,propagule,1247,0,0,0.11627906976744186,True,0.005,0.025
4,4,13,0.0,0.0,1,propagule,1229,0,0,0.11472742066720912,True,0.005,0.025
4,4,14,0.0,0.0,1,propagule,1211,0,0,0.1147811725846408,True,0.005,0.025
4,4,15,0.0,0.0,1,propagule,1200,0,0,0.11583333333333333,True,0.005,0.025
4,4,16,0.0,0.0,1,propagule,1194,0,0,0.11809045226130653,True,0.005,0.025
4,4,17,0.0,0.0,1,propagule,1179,0,0,0.11789652247667515,True,0.005,0.025
4,4,18,0.0,0.0,1,propagule,2569,0,0,0.05449591280653951,True,0.005,0.025
4,4,19,0.0,0.0,1,propagule,2508,0,0,0.05582137161084529,True,0.005,0.025
4,4,20,0.0,0.0,1,propagule,2497,0,0,0.05726872246696035,True,0.005,0.025
4,4,21,0.0,0.0,1,propagule,2422,0,0,0.0573905862923204,True,0.005,0.025
4,4,22,0.0,0.0,1,propagule,2380,0,0,0.06008403361344538,True,0.005,0.025
4,4,23,0.0,0.0,1,propagule,2319,0,0,0.06080206985769728,True,0.005,0.025
4,4,24,0.0,0.0,1,propagule,2268,0,0,0.06261022927689594,True,0.005,0.025
4,4,25,0.0,0.0,1,propagule,2210,0,0,0.06244343891402715,True,0.005,0.025
4,4,26,0.0,0.0,1,propagule,2145,0,0,0.05920745920745921,True,0.005,0.025
4,4,27,0.0,0.0,1,propagule,2130,0,0,0.06338028169014084,True,0.005,0.025
4,4,28,0.0,0.0,1,propagule,2049,0,0,0.0634455832113226,True,0.005,0.025
4,4,29,0.0,0.0,1,propagule,1997,0,0,0.06459689534301452,True,0.005,0.025
4,4,30,0.0,0.0,1,propagule,1971,0,0,0.06747843734145104,True,0.005,0.025
4,4,31,0.0,0.0,1,propagule,1962,0,0,0.06829765545361875,True,0.005,0.025
4,4,32,0.0,0.0,1,propagule,1905,0,0,0.06824146981627296,True,0.005,0.025
4,4,33,0.0,0.0,1,propagule,1834,0,0,0.06652126499454744,True,0.005,0.025
4,4,34,0.0,0.0,1,propagule,1818,0,0,0.0704070407040704,True,0.005,0.025
4,4,35,0.0,0.0,1,propagule,1786,0,0,0.07334826427771557,True,0.005,0.025
4,4,36,0.0,0.0,1,propagule,1745,0,0,0.07679083094555873,True,0.005,0.025
4,4,37,0.0,0.0,1,propagule,1698,0,0,0.07714958775029446,True,0.005,0.025
4,4,38,0.0,0.0,1,propagule,1686,0,0,0.07888493475682087,True,0.005,0.025
4,4,39,0.0,0.0,1,propagule,1662,0,0,0.0812274368231047,True,0.005,0.025
4,4,40,0.0,0.0,1,propagule,1641,0,0,0.07800121876904327,True,0.005,0.025
4,4,41,0.0,0.0,1,propagule,1613,0,0,0.07873527588344699,True,0.005,0.025
4,4,42,0.0,0.0,1,propagule,1602,0,0,0.08177278401997504,True,0.005,0.025
4,4,43,0.0,0.0,1,propagule,1540,0,0,0.08701298701298701,True,0.005,0.025
4,4,44,0.0,0.0,1,propagule,1481,0,0,0.07900067521944631,True,0.005,0.025
4,4,45,0.0,0.0,1,propagule,1461,0,0,0.08145106091718002,True,0.005,0.025
4,4,46,0.0,0.0,1,propagule,1466,0,0,0.09208731241473397,True,0.005,0.025
4,4,47,0.0,0.0,1,propagule,1472,0,0,0.09510869565217392,True,0.005,0.025
4,4,48,0.0,0.0,1,propagule,1472,0,0,0.10190217391304347,True,0.005,0.025
4,4,49,0.0,0.0,1,propagule,1470,0,0,0.10680272108843537,True,0.005,0.025
4,4,50,0.0,0.0,1,propagule,1463,0,0,0.11073137388926863,True,0.005,0.025
4,4,51,0.0,0.0,1,propagule,1464,0,0,0.11748633879781421,True,0.005,0.025
4,4,52,0.0,0.0,1,propagule,1457,0,0,0.11873713109128346,True,0.005,0.025
4,5,1,0.0,0.0,1,propagule,1444,0,0,0.11980609418282548,True,0.005,0.025
4,5,2,0.0,0.0,1,propagule,1437,0,0,0.11969380654140571,True,0.005,0.025
4,5,3,0.0,0.0,1,propagule,1408,0,0,0.12073863636363637,True,0.005,0.025
4,5,4,0.0,0.0,1,propagule,1404,0,0,0.12179487179487179,True,0.005,0.025
4,5,5,0.0,0.0,1,propagule,1369,0,0,0.12198685171658144,True,0.005,0.025
4,5,6,0.0,0.0,1,propagule,1358,0,0,0.12371134020618557,True,0.005,0.025
4,5,7,0.0,0.0,1,propagule,1336,0,0,0.1220059880239521,True,0.005,0.025
4,5,8,0.0,0.0,1,propagule,1327,0,0,0.12283345892991711,True,0.005,0.025
4,5,9,0.0,0.0,1,propagule,1303,0,0,0.12356101304681504,True,0.005,0.025
4,5,10,0.0,0.0,1,propagule,1291,0,0,0.12470952749806352,True,0.005,0.025
4,5,11,0.0,0.0,1,propagule,1267,0,0,0.12470402525651145,True,0.005,0.025
4,5,12,0.0,0.0,1,propagule,1261,0,0,0.12371134020618557,True,0.005,0.025
4,5,13,0.0,0.0,1,propagule,1240,0,0,0.12419354838709677,True,0.005,0.025
4,5,14,0.0,0.0,1,propagule,1237,0,0,0.12449474535165723,True,0.005,0.025
4,5,15,0.0,0.0,1,propagule,1220,0,0,0.12459016393442623,True,0.005,0.025
4,5,16,0.0,0.0,1,propagule,1221,0,0,0.12448812448812449,True,0.005,0.025
4,5,17,0.0,0.0,1,propagule,1199,0,0,0.12593828190158465,True,0.005,0.025
4,5,18,0.0,0.0,1,propagule,2798,0,0,0.05325232308791994,True,0.005,0.025
4,5,19,0.0,0.0,1,propagule,2726,0,0,0.05392516507703595,True,0.005,0.025
4,5,20,0.0,0.0,1,propagule,2666,0,0,0.055138784696174045,True,0.005,0.025
4,5,21,0.0,0.0,1,propagule,2569,0,0,0.056052938886726356,True,0.005,0.025
4,5,22,0.0,0.0,1,propagule,2520,0,0,0.05634920634920635,True,0.005,0.025
4,5,23,0.0,0.0,1,propagule,2457,0,0,0.057794057794057795,True,0.005,0.025
4,5,24,0.0,0.0,1,propagule,2410,0,0,0.05850622406639004,True,0.005,0.025
4,5,25,0.0,0.0,1,propagule,2347,0,0,0.05837239028547082,True,0.005,0.025
4,5,26,0.0,0.0,1,propagule,2290,0,0,0.05895196506550218,True,0.005,0.025
4,5,27,0.0,0.0,1,propagule,2244,0,0,0.058823529411764705,True,0.005,0.025
4,5,28,0.0,0.0,1,propagule,2186,0,0,0.059926806953339434,True,0.005,0.025
4,5,29,0.0,0.0,1,propagule,2120,0,0,0.06037735849056604,True,0.005,0.025
4,5,30,0.0,0.0,1,propagule,2062,0,0,0.06207565470417071,True,0.005,0.025
4,5,31,0.0,0.0,1,propagule,1973,0,0,0.06335529650278764,True,0.005,0.025
4,5,32,0.0,0.0,1,propagule,1943,0,0,0.06639217704580545,True,0.005,0.025
4,5,33,0.0,0.0,1,propagule,1908,0,0,0.0660377358490566,True,0.005,0.025
4,5,34,0.0,0.0,1,propagule,1865,0,0,0.06648793565683646,True,0.005,0.025
4,5,35,0.0,0.0,1,propagule,1824,0,0,0.0668859649122807,True,0.005,0.025
4,5,36,0.0,0.0,1,propagule,1780,0,0,0.06629213483146068,True,0.005,0.025
4,5,37,0.0,0.0,1,propagule,1738,0,0,0.06731875719217491,True,0.005,0.025
4,5,38,0.0,0.0,1,propagule,1710,0,0,0.06783625730994151,True,0.005,0.025
4,5,39,0.0,0.0,1,propagule,1684,0,0,0.06947743467933491,True,0.005,0.025
4,5,40,0.0,0.0,1,propagule,1658,0,0,0.06996381182147166,True,0.005,0.025
4,5,41,0.0,0.0,1,propagule,1640,0,0,0.07195121951219512,True,0.005,0.025
4,5,42,0.0,0.0,1,propagule,1617,0,0,0.07297464440321583,True,0.005,0.025
4,5,43,0.0,0.0,1,propagule,1601,0,0,0.09369144284821987,True,0.005,0.025
4,5,44,0.0,0.0,1,propagule,1554,0,0,0.08301158301158301,True,0.005,0.025
4,5,45,0.0,0.0,1,propagule,1527,0,0,0.08120497707924033,True,0.005,0.025
4,5,46,0.0,0.0,1,propagule,1499,0,0,0.08205470313542361,True,0.005,0.025
4,5,47,0.0,0.0,1,propagule,1496,0,0,0.08689839572192513,True,0.005,0.025
4,5,48,0.0,0.0,1,propagule,1480,0,0,0.08783783783783784,True,0.005,0.025
4,5,49,0.0,0.0,1,propagule,1472,0,0,0.09103260869565218,True,0.005,0.025
4,5,50,0.0,0.0,1,propagule,1449,0,0,0.09109730848861283,True,0.005,0.025
4,5,51,0.0,0.0,1,propagule,1443,0,0,0.09355509355509356,True,0.005,0.025
4,5,52,0.0,0.0,1,propagule,1424,0,0,0.09480337078651685,True,0.005,0.025
4,6,1,0.0,0.0,1,propagule,1408,0,0,0.09730113636363637,True,0.005,0.025
4,6,2,0.0,0.0,1,propagule,1390,0,0,0.0985611510791367,True,0.005,0.025
4,6,3,0.0,0.0,1,propagule,1366,0,0,0.09882869692532943,True,0.005,0.025
4,6,4,0.0,0.0,1,propagule,1350,0,0,0.09777777777777778,True,0.005,0.025
4,6,5,0.0,0.0,1,propagule,1334,0,0,0.09895052473763119,True,0.005,0.025
4,6,6,0.0,0.0,1,propagule,1314,0,0,0.09969558599695585,True,0.005,0.025
4,6,7,0.0,0.0,1,propagule,1297,0,0,0.1017733230531997,True,0.005,0.025
4,6,8,0.0,0.0,1,propagule,1279,0,0,0.10086004691164972,True,0.005,0.025
4,6,9,0.0,0.0,1,propagule,1272,0,0,0.10220125786163523,True,0.005,0.025
4,6,10,0.0,0.0,1,propagule,1246,0,0,0.10112359550561797,True,0.005,0.025
4,6,11,0.0,0.0,1,propagule,1233,0,0,0.10381184103811841,True,0.005,0.025
4,6,12,0.0,0.0,1,propagule,1219,0,0,0.10582444626743231,True,0.005,0.025
4,6,13,0.0,0.0,1,propagule,1212,0,0,0.10726072607260725,True,0.005,0.025
4,6,14,0.0,0.0,1,propagule,1194,0,0,0.10552763819095477,True,0.005,0.025
4,6,15,0.0,0.0,1,propagule,1178,0,0,0.1035653650254669,True,0.005,0.025
4,6,16,0.0,0.0,1,propagule,1163,0,0,0.10404127257093723,True,0.005,0.025
4,6,17,0.0,0.0,1,propagule,1152,0,0,0.10677083333333333,True,0.005,0.025
4,6,18,0.0,0.0,1,propagule,2684,0,0,0.045081967213114756,True,0.005,0.025
4,6,19,0.0,0.0,1,propagule,2630,0,0,0.045627376425855515,True,0.005,0.025
4,6,20,0.0,0.0,1,propagule,2551,0,0,0.04508036064288514,True,0.005,0.025
4,6,21,0.0,0.0,1,propagule,2501,0,0,0.045981607357057176,True,0.005,0.025
4,6,22,0.0,0.0,1,propagule,2458,0,0,0.0467860048820179,True,0.005,0.025
4,6,23,0.0,0.0,1,propagule,2427,0,0,0.04738360115368768,True,0.005,0.025
4,6,24,0.0,0.0,1,propagule,2367,0,0,0.04773975496408957,True,0.005,0.025
4,6,25,0.0,0.0,1,propagule,2298,0,0,0.047867711053089644,True,0.005,0.025
4,6,26,0.0,0.0,1,propagule,2229,0,0,0.04755495737999103,True,0.005,0.025
4,6,27,0.0,0.0,1,propagule,2178,0,0,0.049127640036730945,True,0.005,0.025
4,6,28,0.0,0.0,1,propagule,2142,0,0,0.0480859010270775,True,0.005,0.025
4,6,29,0.0,0.0,1,propagule,2072,0,0,0.04971042471042471,True,0.005,0.025
4,6,30,0.0,0.0,1,propagule,2014,0,0,0.05114200595829196,True,0.005,0.025
4,6,31,0.0,0.0,1,propagule,1964,0,0,0.05244399185336049,True,0.005,0.025
4,6,32,0.0,0.0,1,propagule,1928,0,0,0.05134854771784232,True,0.005,0.025
4,6,33,0.0,0.0,1,propagule,1875,0,0,0.0512,True,0.005,0.025
4,6,34,0.0,0.0,1,propagule,1824,0,0,0.052083333333333336,True,0.005,0.025
4,6,35,0.0,0.0,1,propagule,1779,0,0,0.05227655986509275,True,0.005,0.025
4,6,36,0.0,0.0,1,propagule,1754,0,0,0.053591790193842644,True,0.005,0.025
4,6,37,0.0,0.0,1,propagule,1726,0,0,0.054461181923522596,True,0.005,0.025
4,6,38,0.0,0.0,1,propagule,1707,0,0,0.053309900410076154,True,0.005,0.025
4,6,39,0.0,0.0,1,propagule,1677,0,0,0.057841383422778773,True,0.005,0.025
4,6,40,0.0,0.0,1,propagule,1662,0,0,0.05896510228640193,True,0.005,0.025
4,6,41,0.0,0.0,1,propagule,1642,0,0,0.061510353227771014,True,0.005,0.025
4,6,42,0.0,0.0,1,propagule,1617,0,0,0.05875077303648732,True,0.005,0.025
4,6,43,0.0,0.0,1,propagule,1568,0,0,0.0778061224489796,True,0.005,0.025
4,6,44,0.0,0.0,1,propagule,1523,0,0,0.07156927117531188,True,0.005,0.025
4,6,45,0.0,0.0,1,propagule,1498,0,0,0.07009345794392523,True,0.005,0.025
4,6,46,0.0,0.0,1,propagule,1491,0,0,0.07578806170355466,True,0.005,0.025
4,6,47,0.0,0.0,1,propagule,1496,0,0,0.08088235294117647,True,0.005,0.025
4,6,48,0.0,0.0,1,propagule,1490,0,0,0.08053691275167785,True,0.005,0.025
4,6,49,0.0,0.0,1,propagule,1466,0,0,0.082537517053206,True,0.005,0.025
4,6,50,0.0,0.0,1,propagule,1445,0,0,0.0837370242214533,True,0.005,0.025
4,6,51,0.0,0.0,1,propagule,1429,0,0,0.08467459762071379,True,0.005,0.025
4,6,52,0.0,0.0,1,propagule,1413,0,0,0.08421797593772117,True,0.005,0.025
4,7,1,0.0,0.0,1,propagule,1390,0,0,0.0841726618705036,True,0.005,0.025
4,7,2,0.0,0.0,1,propagule,1371,0,0,0.08388037928519329,True,0.005,0.025
4,7,3,0.0,0.0,1,propagule,1347,0,0,0.08537490720118783,True,0.005,0.025
4,7,4,0.0,0.0,1,propagule,1333,0,0,0.08627156789197299,True,0.005,0.025
4,7,5,0.0,0.0,1,propagule,1316,0,0,0.08662613981762918,True,0.005,0.025
4,7,6,0.0,0.0,1,propagule,1304,0,0,0.08742331288343558,True,0.005,0.025
4,7,7,0.0,0.0,1,propagule,1279,0,0,0.08913213448006255,True,0.005,0.025
4,7,8,0.0,0.0,1,propagule,1258,0,0,0.09062003179650238,True,0.005,0.025
4,7,9,0.0,0.0,1,propagule,1244,0,0,0.09163987138263666,True,0.005,0.025
4,7,10,0.0,0.0,1,propagule,1230,0,0,0.0910569105691057,True,0.005,0.025
4,7,11,0.0,0.0,1,propagule,1215,0,0,0.09218106995884774,True,0.005,0.025
4,7,12,0.0,0.0,1,propagule,1200,0,0,0.0925,True,0.005,0.025
4,7,13,0.0,0.0,1,propagule,1195,0,0,0.09372384937238494,True,0.005,0.025
4,7,14,0.0,0.0,1,propagule,1178,0,0,0.0933786078098472,True,0.005,0.025
4,7,15,0.0,0.0,1,propagule,1172,0,0,0.0947098976109215,True,0.005,0.025
4,7,16,0.0,0.0,1,propagule,1153,0,0,0.09280138768430182,True,0.005,0.025
4,7,17,0.0,0.0,1,propagule,1143,0,0,0.09448818897637795,True,0.005,0.025
4,7,18,0.0,0.0,1,propagule,2691,0,0,0.03864734299516908,True,0.005,0.025
4,7,19,0.0,0.0,1,propagule,2634,0,0,0.039104024297646166,True,0.005,0.025
4,7,20,0.0,0.0,1,propagule,2537,0,0,0.04020496649586126,True,0.005,0.025
4,7,21,0.0,0.0,1,propagule,2465,0,0,0.04056795131845842,True,0.005,0.025
4,7,22,0.0,0.0,1,propagule,2389,0,0,0.041021347844286314,True,0.005,0.025
4,7,23,0.0,0.0,1,propagule,2331,0,0,0.04032604032604033,True,0.005,0.025
4,7,24,0.0,0.0,1,propagule,2270,0,0,0.040969162995594714,True,0.005,0.025
4,7,25,0.0,0.0,1,propagule,2191,0,0,0.04198995892286627,True,0.005,0.025
4,7,26,0.0,0.0,1,propagule,2131,0,0,0.04223369310183012,True,0.005,0.025
4,7,27,0.0,0.0,1,propagule,2075,0,0,0.042409638554216866,True,0.005,0.025
4,7,28,0.0,0.0,1,propagule,2019,0,0,0.04358593363051015,True,0.005,0.025
4,7,29,0.0,0.0,1,propagule,1951,0,0,0.044079958995386984,True,0.005,0.025
4,7,30,0.0,0.0,1,propagule,1914,0,0,0.045454545454545456,True,0.005,0.025
4,7,31,0.0,0.0,1,propagule,1869,0,0,0.04601391118245051,True,0.005,0.025
4,7,32,0.0,0.0,1,propagule,1824,0,0,0.04550438596491228,True,0.005,0.025
4,7,33,0.0,0.0,1,propagule,1776,0,0,0.04504504504504504,True,0.005,0.025
4,7,34,0.0,0.0,1,propagule,1722,0,0,0.04587688734030197,True,0.005,0.025
4,7,35,0.0,0.0,1,propagule,1718,0,0,0.046565774155995346,True,0.005,0.025
4,7,36,0.0,0.0,1,propagule,1678,0,0,0.04648390941597139,True,0.005,0.025
4,7,37,0.0,0.0,1,propagule,1647,0,0,0.04796599878567092,True,0.005,0.025
4,7,38,0.0,0.0,1,propagule,1621,0,0,0.048118445404071564,True,0.005,0.025
4,7,39,0.0,0.0,1,propagule,1592,0,0,0.048994974874371856,True,0.005,0.025
4,7,40,0.0,0.0,1,propagule,1569,0,0,0.0497131931166348,True,0.005,0.025
4,7,41,0.0,0.0,1,propagule,1543,0,0,0.050550874918988985,True,0.005,0.025
4,7,42,0.0,0.0,1,propagule,1523,0,0,0.04924491135915955,True,0.005,0.025
4,7,43,0.0,0.0,1,propagule,1485,0,0,0.06936026936026936,True,0.005,0.025
4,7,44,0.0,0.0,1,propagule,1452,0,0,0.06198347107438017,True,0.005,0.025
4,7,45,0.0,0.0,1,propagule,1445,0,0,0.05951557093425606,True,0.005,0.025
4,7,46,0.0,0.0,1,propagule,1428,0,0,0.06022408963585434,True,0.005,0.025
4,7,47,0.0,0.0,1,propagule,1407,0,0,0.06538734896943853,True,0.005,0.025
4,7,48,0.0,0.0,1,propagule,1385,0,0,0.06570397111913358,True,0.005,0.025
4,7,49,0.0,0.0,1,propagule,1373,0,0,0.06700655498907501,True,0.005,0.025
4,7,50,0.0,0.0,1,propagule,1352,0,0,0.06656804733727811,True,0.005,0.025
4,7,51,0.0,0.0,1,propagule,1340,0,0,0.06716417910447761,True,0.005,0.025
4,7,52,0.0,0.0,1,propagule,1325,0,0,0.0649056603773585,True,0.005,0.025
4,8,1,0.0,0.0,1,propagule,1306,0,0,0.06891271056661562,True,0.005,0.025
4,8,2,0.0,0.0,1,propagule,1280,0,0,0.065625,True,0.005,0.025
4,8,3,0.0,0.0,1,propagule,1264,0,0,0.06724683544303797,True,0.005,0.025
4,8,4,0.0,0.0,1,propagule,1241,0,0,0.06688154713940371,True,0.005,0.025
4,8,5,0.0,0.0,1,propagule,1224,0,0,0.06944444444444445,True,0.005,0.025
4,8,6,0.0,0.0,1,propagule,1210,0,0,0.06776859504132231,True,0.005,0.025
4,8,7,0.0,0.0,1,propagule,1196,0,0,0.07023411371237458,True,0.005,0.025
4,8,8,0.0,0.0,1,propagule,1174,0,0,0.06984667802385008,True,0.005,0.025
4,8,9,0.0,0.0,1,propagule,1159,0,0,0.06816220880069025,True,0.005,0.025
4,8,10,0.0,0.0,1,propagule,1143,0,0,0.06911636045494313,True,0.005,0.025
4,8,11,0.0,0.0,1,propagule,1130,0,0,0.06991150442477877,True,0.005,0.025
4,8,12,0.0,0.0,1,propagule,1117,0,0,0.06893464637421665,True,0.005,0.025
4,8,13,0.0,0.0,1,propagule,1107,0,0,0.07046070460704607,True,0.005,0.025
4,8,14,0.0,0.0,1,propagule,1092,0,0,0.07051282051282051,True,0.005,0.025
4,8,15,0.0,0.0,1,propagule,1075,0,0,0.07162790697674419,True,0.005,0.025
4,8,16,0.0,0.0,1,propagule,1068,0,0,0.0702247191011236,True,0.005,0.025
4,8,17,0.0,0.0,1,propagule,1060,0,0,0.07075471698113207,True,0.005,0.025
4,8,18,0.0,0.0,1,propagule,2497,0,0,0.030436523828594315,True,0.005,0.025
4,8,19,0.0,0.0,1,propagule,2455,0,0,0.03054989816700611,True,0.005,0.025
4,8,20,0.0,0.0,1,propagule,2401,0,0,0.03123698458975427,True,0.005,0.025
4,8,21,0.0,0.0,1,propagule,2350,0,0,0.03276595744680851,True,0.005,0.025
4,8,22,0.0,0.0,1,propagule,2268,0,0,0.03262786596119929,True,0.005,0.025
4,8,23,0.0,0.0,1,propagule,2190,0,0,0.0319634703196347,True,0.005,0.025
4,8,24,0.0,0.0,1,propagule,2123,0,0,0.03155911446066886,True,0.005,0.025
4,8,25,0.0,0.0,1,propagule,2086,0,0,0.0311601150527325,True,0.005,0.025
4,8,26,0.0,0.0,1,propagule,2043,0,0,0.03181595692608909,True,0.005,0.025
4,8,27,0.0,0.0,1,propagule,1999,0,0,0.032016008004002,True,0.005,0.025
4,8,28,0.0,0.0,1,propagule,1960,0,0,0.0326530612244898,True,0.005,0.025
4,8,29,0.0,0.0,1,propagule,1906,0,0,0.03305351521511018,True,0.005,0.025
4,8,30,0.0,0.0,1,propagule,1879,0,0,0.034060670569451834,True,0.005,0.025
4,8,31,0.0,0.0,1,propagule,1854,0,0,0.03505933117583603,True,0.005,0.025
4,8,32,0.0,0.0,1,propagule,1821,0,0,0.0356946732564525,True,0.005,0.025
4,8,33,0.0,0.0,1,propagule,1779,0,0,0.03653738055087127,True,0.005,0.025
4,8,34,0.0,0.0,1,propagule,1746,0,0,0.03665521191294387,True,0.005,0.025
4,8,35,0.0,0.0,1,propagule,1721,0,0,0.037187681580476466,True,0.005,0.025
4,8,36,0.0,0.0,1,propagule,1699,0,0,0.03766921718658034,True,0.005,0.025
4,8,37,0.0,0.0,1,propagule,1666,0,0,0.03841536614645858,True,0.005,0.025
4,8,38,0.0,0.0,1,propagule,1646,0,0,0.038882138517618466,True,0.005,0.025
4,8,39,0.0,0.0,1,propagule,1627,0,0,0.03995082974800246,True,0.005,0.025
4,8,40,0.0,0.0,1,propagule,1604,0,0,0.04114713216957606,True,0.005,0.025
4,8,41,0.0,0.0,1,propagule,1579,0,0,0.04053198226725776,True,0.005,0.025
4,8,42,0.0,0.0,1,propagule,1561,0,0,0.04035874439461883,True,0.005,0.025
4,8,43,0.0,0.0,1,propagule,1534,0,0,0.06714471968709257,True,0.005,0.025
4,8,44,0.0,0.0,1,propagule,1471,0,0,0.05710401087695445,True,0.005,0.025
4,8,45,0.0,0.0,1,propagule,1453,0,0,0.056434962147281484,True,0.005,0.025
4,8,46,0.0,0.0,1,propagule,1436,0,0,0.0584958217270195,True,0.005,0.025
4,8,47,0.0,0.0,1,propagule,1451,0,0,0.06202618883528601,True,0.005,0.025
4,8,48,0.0,0.0,1,propagule,1459,0,0,0.06922549691569568,True,0.005,0.025
4,8,49,0.0,0.0,1,propagule,1464,0,0,0.07581967213114754,True,0.005,0.025
4,8,50,0.0,0.0,1,propagule,1462,0,0,0.0786593707250342,True,0.005,0.025
4,8,51,0.0,0.0,1,propagule,1461,0,0,0.08213552361396304,True,0.005,0.025
4,8,52,0.0,0.0,1,propagule,1446,0,0,0.08852005532503458,True,0.005,0.025
4,9,1,0.0,0.0,1,propagule,1427,0,0,0.0889978976874562,True,0.005,0.025
4,9,2,0.0,0.0,1,propagule,1411,0,0,0.09071580439404678,True,0.005,0.025
4,9,3,0.0,0.0,1,propagule,1402,0,0,0.0912981455064194,True,0.005,0.025
4,9,4,0.0,0.0,1,propagule,1390,0,0,0.0920863309352518,True,0.005,0.025
4,9,5,0.0,0.0,1,propagule,1373,0,0,0.09468317552804079,True,0.005,0.025
4,9,6,0.0,0.0,1,propagule,1360,0,0,0.09705882352941177,True,0.005,0.025
4,9,7,0.0,0.0,1,propagule,1348,0,0,0.09643916913946587,True,0.005,0.025
4,9,8,0.0,0.0,1,propagule,1336,0,0,0.09805389221556886,True,0.005,0.025
4,9,9,0.0,0.0,1,propagule,1318,0,0,0.09863429438543247,True,0.005,0.025
4,9,10,0.0,0.0,1,propagule,1306,0,0,0.09877488514548238,True,0.005,0.025
4,9,11,0.0,0.0,1,propagule,1292,0,0,0.10061919504643962,True,0.005,0.025
4,9,12,0.0,0.0,1,propagule,1275,0,0,0.1011764705882353,True,0.005,0.025
4,9,13,0.0,0.0,1,propagule,1257,0,0,0.1026252983293556,True,0.005,0.025
4,9,14,0.0,0.0,1,propagule,1240,0,0,0.10403225806451613,True,0.005,0.025
4,9,15,0.0,0.0,1,propagule,1217,0,0,0.10599835661462613,True,0.005,0.025
4,9,16,0.0,0.0,1,propagule,1209,0,0,0.10669975186104218,True,0.005,0.025
4,9,17,0.0,0.0,1,propagule,1189,0,0,0.10765349032800672,True,0.005,0.025
4,9,18,0.0,0.0,1,propagule,2570,0,0,0.04202334630350195,True,0.005,0.025
4,9,19,0.0,0.0,1,propagule,2501,0,0,0.04238304678128749,True,0.005,0.025
4,9,20,0.0,0.0,1,propagule,2444,0,0,0.042962356792144024,True,0.005,0.025
4,9,21,0.0,0.0,1,propagule,2410,0,0,0.04273858921161826,True,0.005,0.025
4,9,22,0.0,0.0,1,propagule,2348,0,0,0.04386712095400341,True,0.005,0.025
4,9,23,0.0,0.0,1,propagule,2302,0,0,0.04474370112945265,True,0.005,0.025
4,9,24,0.0,0.0,1,propagule,2231,0,0,0.045271178843567905,True,0.005,0.025
4,9,25,0.0,0.0,1,propagule,2199,0,0,0.04547521600727603,True,0.005,0.025
4,9,26,0.0,0.0,1,propagule,2147,0,0,0.04471355379599441,True,0.005,0.025
4,9,27,0.0,0.0,1,propagule,2095,0,0,0.045346062052505964,True,0.005,0.025
4,9,28,0.0,0.0,1,propagule,2039,0,0,0.04462972045120157,True,0.005,0.025
4,9,29,0.0,0.0,1,propagule,2013,0,0,0.044709388971684055,True,0.005,0.025
4,9,30,0.0,0.0,1,propagule,1975,0,0,0.045063291139240506,True,0.005,0.025
4,9,31,0.0,0.0,1,propagule,1956,0,0,0.04652351738241309,True,0.005,0.025
4,9,32,0.0,0.0,1,propagule,1913,0,0,0.0465237846314689,True,0.005,0.025
4,9,33,0.0,0.0,1,propagule,1854,0,0,0.04692556634304207,True,0.005,0.025
4,9,34,0.0,0.0,1,propagule,1787,0,0,0.048125349748181306,True,0.005,0.025
4,9,35,0.0,0.0,1,propagule,1781,0,0,0.04997192588433464,True,0.005,0.025
4,9,36,0.0,0.0,1,propagule,1750,0,0,0.05085714285714286,True,0.005,0.025
4,9,37,0.0,0.0,1,propagule,1724,0,0,0.05046403712296984,True,0.005,0.025
4,9,38,0.0,0.0,1,propagule,1709,0,0,0.052077238150965474,True,0.005,0.025
4,9,39,0.0,0.0,1,propagule,1691,0,0,0.05204021289178001,True,0.005,0.025
4,9,40,0.0,0.0,1,propagule,1662,0,0,0.052346570397111915,True,0.005,0.025
4,9,41,0.0,0.0,1,propagule,1646,0,0,0.05224787363304982,True,0.005,0.025
4,9,42,0.0,0.0,1,propagule,1627,0,0,0.05224339274738783,True,0.005,0.025
4,9,43,0.0,0.0,1,propagule,1521,0,0,0.06574621959237344,True,0.005,0.025
4,9,44,0.0,0.0,1,propagule,1454,0,0,0.059147180192572216,True,0.005,0.025
4,9,45,0.0,0.0,1,propagule,1456,0,0,0.06043956043956044,True,0.005,0.025
4,9,46,0.0,0.0,1,propagule,1454,0,0,0.05845942228335626,True,0.005,0.025
4,9,47,0.0,0.0,1,propagule,1455,0,0,0.058419243986254296,True,0.005,0.025
4,9,48,0.0,0.0,1,propagule,1455,0,0,0.0577319587628866,True,0.005,0.025
4,9,49,0.0,0.0,1,propagule,1441,0,0,0.05759888965995836,True,0.005,0.025
4,9,50,0.0,0.0,1,propagule,1431,0,0,0.05870020964360587,True,0.005,0.025
4,9,51,0.0,0.0,1,propagule,1409,0,0,0.058907026259758695,True,0.005,0.025
4,9,52,0.0,0.0,1,propagule,1393,0,0,0.06030150753768844,True,0.005,0.025
4,10,1,0.0,0.0,1,propagule,1378,0,0,0.0602322206095791,True,0.005,0.025
4,10,2,0.0,0.0,1,propagule,1362,0,0,0.05947136563876652,True,0.005,0.025
4,10,3,0.0,0.0,1,propagule,1341,0,0,0.06040268456375839,True,0.005,0.025
4,10,4,0.0,0.0,1,propagule,1317,0,0,0.06150341685649203,True,0.005,0.025
4,10,5,0.0,0.0,1,propagule,1292,0,0,0.06191950464396285,True,0.005,0.025
4,10,6,0.0,0.0,1,propagule,1275,0,0,0.06196078431372549,True,0.005,0.025
4,10,7,0.0,0.0,1,propagule,1263,0,0,0.0625494853523357,True,0.005,0.025
4,10,8,0.0,0.0,1,propagule,1253,0,0,0.06304868316041501,True,0.005,0.025
4,10,9,0.0,0.0,1,propagule,1236,0,0,0.06229773462783172,True,0.005,0.025
4,10,10,0.0,0.0,1,propagule,1219,0,0,0.06316652994257588,True,0.005,0.025
4,10,11,0.0,0.0,1,propagule,1203,0,0,0.06400665004156277,True,0.005,0.025
4,10,12,0.0,0.0,1,propagule,1193,0,0,0.06370494551550712,True,0.005,0.025
4,10,13,0.0,0.0,1,propagule,1178,0,0,0.06451612903225806,True,0.005,0.025
4,10,14,0.0,0.0,1,propagule,1165,0,0,0.06523605150214593,True,0.005,0.025
4,10,15,0.0,0.0,1,propagule,1153,0,0,0.06591500433651344,True,0.005,0.025
4,10,16,0.0,0.0,1,propagule,1137,0,0,0.06596306068601583,True,0.005,0.025
4,10,17,0.0,0.0,1,propagule,1126,0,0,0.06660746003552398,True,0.005,0.025
4,10,18,0.0,0.0,1,propagule,2469,0,0,0.026326447954637504,True,0.005,0.025
4,10,19,0.0,0.0,1,propagule,2402,0,0,0.027060782681099085,True,0.005,0.025
4,10,20,0.0,0.0,1,propagule,2351,0,0,0.027222458528285837,True,0.005,0.025
4,10,21,0.0,0.0,1,propagule,2303,0,0,0.02735562310030395,True,0.005,0.025
4,10,22,0.0,0.0,1,propagule,2262,0,0,0.027851458885941646,True,0.005,0.025
4,10,23,0.0,0.0,1,propagule,2205,0,0,0.027664399092970523,True,0.005,0.025
4,10,24,0.0,0.0,1,propagule,2160,0,0,0.02824074074074074,True,0.005,0.025
4,10,25,0.0,0.0,1,propagule,2114,0,0,0.028855250709555344,True,0.005,0.025
4,10,26,0.0,0.0,1,propagule,2078,0,0,0.028392685274302214,True,0.005,0.025
4,10,27,0.0,0.0,1,propagule,2031,0,0,0.029049729197439686,True,0.005,0.025
4,10,28,0.0,0.0,1,propagule,1983,0,0,0.029752899646999495,True,0.005,0.025
4,10,29,0.0,0.0,1,propagule,1937,0,0,0.030459473412493547,True,0.005,0.025
4,10,30,0.0,0.0,1,propagule,1897,0,0,0.030574591460200317,True,0.005,0.025
4,10,31,0.0,0.0,1,propagule,1868,0,0,0.031049250535331904,True,0.005,0.025
4,10,32,0.0,0.0,1,propagule,1836,0,0,0.03159041394335512,True,0.005,0.025
4,10,33,0.0,0.0,1,propagule,1802,0,0,0.031631520532741396,True,0.005,0.025
4,10,34,0.0,0.0,1,propagule,1771,0,0,0.032185206098249576,True,0.005,0.025
4,10,35,0.0,0.0,1,propagule,1726,0,0,0.03302433371958285,True,0.005,0.025
4,10,36,0.0,0.0,1,propagule,1679,0,0,0.03216200119118523,True,0.005,0.025
4,10,37,0.0,0.0,1,propagule,1633,0,0,0.03306797305572566,True,0.005,0.025
4,10,38,0.0,0.0,1,propagule,1609,0,0,0.03356121814791796,True,0.005,0.025
4,10,39,0.0,0.0,1,propagule,1588,0,0,0.03400503778337532,True,0.005,0.025
4,10,40,0.0,0.0,1,propagule,1567,0,0,0.03446075303126994,True,0.005,0.025
4,10,41,0.0,0.0,1,propagule,1546,0,0,0.03492884864165589,True,0.005,0.025
4,10,42,0.0,0.0,1,propagule,1516,0,0,0.03496042216358839,True,0.005,0.025
4,10,43,0.0,0.0,1,propagule,1472,0,0,0.04619565217391304,True,0.005,0.025
4,10,44,0.0,0.0,1,propagule,1430,0,0,0.044055944055944055,True,0.005,0.025
4,10,45,0.0,0.0,1,propagule,1404,0,0,0.04415954415954416,True,0.005,0.025
4,10,46,0.0,0.0,1,propagule,1388,0,0,0.0446685878962536,True,0.005,0.025
4,10,47,0.0,0.0,1,propagule,1373,0,0,0.04442825928623452,True,0.005,0.025
4,10,48,0.0,0.0,1,propagule,1356,0,0,0.04498525073746313,True,0.005,0.025
4,10,49,0.0,0.0,1,propagule,1341,0,0,0.04399701715137957,True,0.005,0.025
4,10,50,0.0,0.0,1,propagule,1326,0,0,0.0444947209653092,True,0.005,0.025
4,10,51,0.0,0.0,1,propagule,1314,0,0,0.0441400304414003,True,0.005,0.025
4,10,52,0.0,0.0,1,propagule,1291,0,0,0.044926413632842756,True,0.005,0.025
4,1,1,0.0,0.0,1,propagule,943,0,0,0.0,True,0.01,0.015
4,1,2,0.0,0.0,1,propagule,946,0,0,0.0,True,0.01,0.015
4,1,3,0.0,0.0,1,propagule,925,0,0,0.001081081081081081,True,0.01,0.015
4,1,4,0.0,0.0,1,propagule,916,0,0,0.0,True,0.01,0.015
4,1,5,0.0,0.0,1,propagule,913,0,0,0.002190580503833516,True,0.01,0.015
4,1,6,0.0,0.0,1,propagule,904,0,0,0.0022123893805309734,True,0.01,0.015
4,1,7,0.0,0.0,1,propagule,889,0,0,0.00562429696287964,True,0.01,0.015
4,1,8,0.0,0.0,1,propagule,884,0,0,0.006787330316742082,True,0.01,0.015
4,1,9,0.0,0.0,1,propagule,865,0,0,0.008092485549132947,True,0.01,0.015
4,1,10,0.0,0.0,1,propagule,865,0,0,0.006936416184971098,True,0.01,0.015
4,1,11,0.0,0.0,1,propagule,850,0,0,0.00823529411764706,True,0.01,0.015
4,1,12,0.0,0.0,1,propagule,839,0,0,0.007151370679380214,True,0.01,0.015
4,1,13,0.0,0.0,1,propagule,828,0,0,0.008454106280193236,True,0.01,0.015
4,1,14,0.0,0.0,1,propagule,815,0,0,0.008588957055214725,True,0.01,0.015
4,1,15,0.0,0.0,1,propagule,808,0,0,0.007425742574257425,True,0.01,0.015
4,1,16,0.0,0.0,1,propagule,794,0,0,0.007556675062972292,True,0.01,0.015
4,1,17,0.0,0.0,1,propagule,780,0,0,0.007692307692307693,True,0.01,0.015
4,1,18,0.0,0.0,1,propagule,2095,0,0,0.002863961813842482,True,0.01,0.015
4,1,19,0.0,0.0,1,propagule,2077,0,0,0.002888781896966779,True,0.01,0.015
4,1,20,0.0,0.0,1,propagule,2045,0,0,0.00293398533007335,True,0.01,0.015
4,1,21,0.0,0.0,1,propagule,2008,0,0,0.00298804780876494,True,0.01,0.015
4,1,22,0.0,0.0,1,propagule,1950,0,0,0.003076923076923077,True,0.01,0.015
4,1,23,0.0,0.0,1,propagule,1902,0,0,0.0031545741324921135,True,0.01,0.015
4,1,24,0.0,0.0,1,propagule,1862,0,0,0.00322234156820623,True,0.01,0.015
4,1,25,0.0,0.0,1,propagule,1825,0,0,0.0032876712328767125,True,0.01,0.015
4,1,26,0.0,0.0,1,propagule,1787,0,0,0.003357582540570789,True,0.01,0.015
4,1,27,0.0,0.0,1,propagule,1749,0,0,0.003430531732418525,True,0.01,0.015
4,1,28,0.0,0.0,1,propagule,1713,0,0,0.0035026269702276708,True,0.01,0.015
4,1,29,0.0,0.0,1,propagule,1694,0,0,0.0035419126328217238,True,0.01,0.015
4,1,30,0.0,0.0,1,propagule,1673,0,0,0.0035863717872086074,True,0.01,0.015
4,1,31,0.0,0.0,1,propagule,1610,0,0,0.0037267080745341614,True,0.01,0.015
4,1,32,0.0,0.0,1,propagule,1597,0,0,0.0031308703819661866,True,0.01,0.015
4,1,33,0.0,0.0,1,propagule,1541,0,0,0.003244646333549643,True,0.01,0.015
4,1,34,0.0,0.0,1,propagule,1520,0,0,0.003289473684210526,True,0.01,0.015
4,1,35,0.0,0.0,1,propagule,1492,0,0,0.003351206434316354,True,0.01,0.015
4,1,36,0.0,0.0,1,propagule,1485,0,0,0.003367003367003367,True,0.01,0.015
4,1,37,0.0,0.0,1,propagule,1435,0,0,0.004181184668989547,True,0.01,0.015
4,1,38,0.0,0.0,1,propagule,1422,0,0,0.0035161744022503515,True,0.01,0.015
4,1,39,0.0,0.0,1,propagule,1395,0,0,0.0035842293906810036,True,0.01,0.015
4,1,40,0.0,0.0,1,propagule,1382,0,0,0.00361794500723589,True,0.01,0.015
4,1,41,0.0,0.0,1,propagule,1360,0,0,0.003676470588235294,True,0.01,0.015
4,1,42,0.0,0.0,1,propagule,1344,0,0,0.003720238095238095,True,0.01,0.015
4,1,43,0.0,0.0,1,propagule,1344,0,0,0.01711309523809524,True,0.01,0.015
4,1,44,0.0,0.0,1,propagule,1341,0,0,0.01715137956748695,True,0.01,0.015
4,1,45,0.0,0.0,1,propagule,1316,0,0,0.015957446808510637,True,0.01,0.015
4,1,46,0.0,0.0,1,propagule,1309,0,0,0.016042780748663103,True,0.01,0.015
4,1,47,0.0,0.0,1,propagule,1285,0,0,0.014785992217898832,True,0.01,0.015
4,1,48,0.0,0.0,1,propagule,1264,0,0,0.014240506329113924,True,0.01,0.015
4,1,49,0.0,0.0,1,propagule,1243,0,0,0.015285599356395816,True,0.01,0.015
4,1,50,0.0,0.0,1,propagule,1220,0,0,0.014754098360655738,True,0.01,0.015
4,1,51,0.0,0.0,1,propagule,1202,0,0,0.014975041597337771,True,0.01,0.015
4,1,52,0.0,0.0,1,propagule,1193,0,0,0.015088013411567477,True,0.01,0.015
4,2,1,0.0,0.0,1,propagule,1172,0,0,0.015358361774744027,True,0.01,0.015
4,2,2,0.0,0.0,1,propagule,1154,0,0,0.01559792027729636,True,0.01,0.015
4,2,3,0.0,0.0,1,propagule,1136,0,0,0.01584507042253521,True,0.01,0.015
4,2,4,0.0,0.0,1,propagule,1120,0,0,0.016964285714285713,True,0.01,0.015
4,2,5,0.0,0.0,1,propagule,1103,0,0,0.015412511332728921,True,0.01,0.015
4,2,6,0.0,0.0,1,propagule,1096,0,0,0.01551094890510949,True,0.01,0.015
4,2,7,0.0,0.0,1,propagule,1078,0,0,0.014842300556586271,True,0.01,0.015
4,2,8,0.0,0.0,1,propagule,1066,0,0,0.01594746716697936,True,0.01,0.015
4,2,9,0.0,0.0,1,propagule,1046,0,0,0.01338432122370937,True,0.01,0.015
4,2,10,0.0,0.0,1,propagule,1042,0,0,0.016314779270633396,True,0.01,0.015
4,2,11,0.0,0.0,1,propagule,1018,0,0,0.012770137524557957,True,0.01,0.015
4,2,12,0.0,0.0,1,propagule,1006,0,0,0.014910536779324055,True,0.01,0.015
4,2,13,0.0,0.0,1,propagule,983,0,0,0.012207527975584944,True,0.01,0.015
4,2,14,0.0,0.0,1,propagule,972,0,0,0.015432098765432098,True,0.01,0.015
4,2,15,0.0,0.0,1,propagule,957,0,0,0.012539184952978056,True,0.01,0.015
4,2,16,0.0,0.0,1,propagule,954,0,0,0.015723270440251572,True,0.01,0.015
4,2,17,0.0,0.0,1,propagule,941,0,0,0.012752391073326248,True,0.01,0.015
4,2,18,0.0,0.0,1,propagule,1685,0,0,0.008902077151335312,True,0.01,0.015
4,2,19,0.0,0.0,1,propagule,1614,0,0,0.006815365551425031,True,0.01,0.015
4,2,20,0.0,0.0,1,propagule,1592,0,0,0.008793969849246231,True,0.01,0.015
4,2,21,0.0,0.0,1,propagule,1555,0,0,0.005787781350482315,True,0.01,0.015
4,2,22,0.0,0.0,1,propagule,1523,0,0,0.008535784635587657,True,0.01,0.015
4,2,23,0.0,0.0,1,propagule,1483,0,0,0.009440323668240054,True,0.01,0.015
4,2,24,0.0,0.0,1,propagule,1476,0,0,0.009485094850948509,True,0.01,0.015
4,2,25,0.0,0.0,1,propagule,1441,0,0,0.008327550312283136,True,0.01,0.015
4,2,26,0.0,0.0,1,propagule,1438,0,0,0.0076495132127955496,True,0.01,0.015
4,2,27,0.0,0.0,1,propagule,1410,0,0,0.00851063829787234,True,0.01,0.015
4,2,28,0.0,0.0,1,propagule,1382,0,0,0.007959479015918957,True,0.01,0.015
4,2,29,0.0,0.0,1,propagule,1349,0,0,0.005189028910303929,True,0.01,0.015
4,2,30,0.0,0.0,1,propagule,1336,0,0,0.005988023952095809,True,0.01,0.015
4,2,31,0.0,0.0,1,propagule,1301,0,0,0.005380476556495004,True,0.01,0.015
4,2,32,0.0,0.0,1,propagule,1280,0,0,0.00390625,True,0.01,0.015
4,2,33,0.0,0.0,1,propagule,1263,0,0,0.006334125098970704,True,0.01,0.015
4,2,34,0.0,0.0,1,propagule,1226,0,0,0.004893964110929853,True,0.01,0.015
4,2,35,0.0,0.0,1,propagule,1222,0,0,0.004909983633387889,True,0.01,0.015
4,2,36,0.0,0.0,1,propagule,1174,0,0,0.005110732538330494,True,0.01,0.015
4,2,37,0.0,0.0,1,propagule,1166,0,0,0.008576329331046312,True,0.01,0.015
4,2,38,0.0,0.0,1,propagule,1133,0,0,0.00794351279788173,True,0.01,0.015
4,2,39,0.0,0.0,1,propagule,1133,0,0,0.01235657546337158,True,0.01,0.015
4,2,40,0.0,0.0,1,propagule,1103,0,0,0.007252946509519492,True,0.01,0.015
4,2,41,0.0,0.0,1,propagule,1098,0,0,0.012750455373406194,True,0.01,0.015
4,2,42,0.0,0.0,1,propagule,1077,0,0,0.009285051067780872,True,0.01,0.015
4,2,43,0.0,0.0,1,propagule,1093,0,0,0.022872827081427266,True,0.01,0.015
4,2,44,0.0,0.0,1,propagule,1076,0,0,0.020446096654275093,True,0.01,0.015
4,2,45,0.0,0.0,1,propagule,1084,0,0,0.024907749077490774,True,0.01,0.015
4,2,46,0.0,0.0,1,propagule,1057,0,0,0.02554399243140965,True,0.01,0.015
4,2,47,0.0,0.0,1,propagule,1055,0,0,0.026540284360189573,True,0.01,0.015
4,2,48,0.0,0.0,1,propagule,1025,0,0,0.024390243902439025,True,0.01,0.015
4,2,49,0.0,0.0,1,propagule,1030,0,0,0.02815533980582524,True,0.01,0.015
4,2,50,0.0,0.0,1,propagule,1009,0,0,0.027750247770069375,True,0.01,0.015
4,2,51,0.0,0.0,1,propagule,1003,0,0,0.026919242273180457,True,0.01,0.015
4,2,52,0.0,0.0,1,propagule,976,0,0,0.0235655737704918,True,0.01,0.015
4,3,1,0.0,0.0,1,propagule,974,0,0,0.029774127310061602,True,0.01,0.015
4,3,2,0.0,0.0,1,propagule,950,0,0,0.02736842105263158,True,0.01,0.015
4,3,3,0.0,0.0,1,propagule,944,0,0,0.028601694915254237,True,0.01,0.015
4,3,4,0.0,0.0,1,propagule,930,0,0,0.02903225806451613,True,0.01,0.015
4,3,5,0.0,0.0,1,propagule,924,0,0,0.032467532467532464,True,0.01,0.015
4,3,6,0.0,0.0,1,propagule,896,0,0,0.030133928571428572,True,0.01,0.015
4,3,7,0.0,0.0,1,propagule,882,0,0,0.031746031746031744,True,0.01,0.015
4,3,8,0.0,0.0,1,propagule,869,0,0,0.02991944764096663,True,0.01,0.015
4,3,9,0.0,0.0,1,propagule,869,0,0,0.0333716915995397,True,0.01,0.015
4,3,10,0.0,0.0,1,propagule,858,0,0,0.03496503496503497,True,0.01,0.015
4,3,11,0.0,0.0,1,propagule,847,0,0,0.03659976387249114,True,0.01,0.015
4,3,12,0.0,0.0,1,propagule,833,0,0,0.03481392557022809,True,0.01,0.015
4,3,13,0.0,0.0,1,propagule,819,0,0,0.03418803418803419,True,0.01,0.015
4,3,14,0.0,0.0,1,propagule,812,0,0,0.0332512315270936,True,0.01,0.015
4,3,15,0.0,0.0,1,propagule,801,0,0,0.03495630461922597,True,0.01,0.015
4,3,16,0.0,0.0,1,propagule,794,0,0,0.0327455919395466,True,0.01,0.015
4,3,17,0.0,0.0,1,propagule,783,0,0,0.033205619412515965,True,0.01,0.015
4,3,18,0.0,0.0,1,propagule,1666,0,0,0.013205282112845138,True,0.01,0.015
4,3,19,0.0,0.0,1,propagule,1636,0,0,0.012836185819070905,True,0.01,0.015
4,3,20,0.0,0.0,1,propagule,1613,0,0,0.012399256044637322,True,0.01,0.015
4,3,21,0.0,0.0,1,propagule,1574,0,0,0.015247776365946633,True,0.01,0.015
4,3,22,0.0,0.0,1,propagule,1530,0,0,0.013725490196078431,True,0.01,0.015
4,3,23,0.0,0.0,1,propagule,1489,0,0,0.016118200134318333,True,0.01,0.015
4,3,24,0.0,0.0,1,propagule,1469,0,0,0.014976174268209666,True,0.01,0.015
4,3,25,0.0,0.0,1,propagule,1445,0,0,0.01660899653979239,True,0.01,0.015
4,3,26,0.0,0.0,1,propagule,1400,0,0,0.013571428571428571,True,0.01,0.015
4,3,27,0.0,0.0,1,propagule,1380,0,0,0.016666666666666666,True,0.01,0.015
4,3,28,0.0,0.0,1,propagule,1346,0,0,0.01634472511144131,True,0.01,0.015
4,3,29,0.0,0.0,1,propagule,1330,0,0,0.016541353383458645,True,0.01,0.015
4,3,30,0.0,0.0,1,propagule,1306,0,0,0.018376722817764167,True,0.01,0.015
4,3,31,0.0,0.0,1,propagule,1292,0,0,0.01780185758513932,True,0.01,0.015
4,3,32,0.0,0.0,1,propagule,1259,0,0,0.017474185861795076,True,0.01,0.015
4,3,33,0.0,0.0,1,propagule,1223,0,0,0.017170891251022075,True,0.01,0.015
4,3,34,0.0,0.0,1,propagule,1223,0,0,0.019623875715453803,True,0.01,0.015
4,3,35,0.0,0.0,1,propagule,1169,0,0,0.017964071856287425,True,0.01,0.015
4,3,36,0.0,0.0,1,propagule,1162,0,0,0.025817555938037865,True,0.01,0.015
4,3,37,0.0,0.0,1,propagule,1133,0,0,0.02294792586054722,True,0.01,0.015
4,3,38,0.0,0.0,1,propagule,1127,0,0,0.02839396628216504,True,0.01,0.015
4,3,39,0.0,0.0,1,propagule,1101,0,0,0.025431425976385105,True,0.01,0.015
4,3,40,0.0,0.0,1,propagule,1085,0,0,0.026728110599078342,True,0.01,0.015
4,3,41,0.0,0.0,1,propagule,1076,0,0,0.028810408921933085,True,0.01,0.015
4,3,42,0.0,0.0,1,propagule,1067,0,0,0.033739456419868794,True,0.01,0.015
4,3,43,0.0,0.0,1,propagule,1117,0,0,0.06803939122649955,True,0.01,0.015
4,3,44,0.0,0.0,1,propagule,1090,0,0,0.05596330275229358,True,0.01,0.015
4,3,45,0.0,0.0,1,propagule,1082,0,0,0.05822550831792976,True,0.01,0.015
4,3,46,0.0,0.0,1,propagule,1069,0,0,0.05144995322731525,True,0.01,0.015
4,3,47,0.0,0.0,1,propagule,1059,0,0,0.056657223796033995,True,0.01,0.015
4,3,48,0.0,0.0,1,propagule,1050,0,0,0.054285714285714284,True,0.01,0.015
4,3,49,0.0,0.0,1,propagule,1032,0,0,0.055232558139534885,True,0.01,0.015
4,3,50,0.0,0.0,1,propagule,1026,0,0,0.05847953216374269,True,0.01,0.015
4,3,51,0.0,0.0,1,propagule,996,0,0,0.05923694779116466,True,0.01,0.015
4,3,52,0.0,0.0,1,propagule,987,0,0,0.057750759878419454,True,0.01,0.015
4,4,1,0.0,0.0,1,propagule,955,0,0,0.050261780104712044,True,0.01,0.015
4,4,2,0.0,0.0,1,propagule,963,0,0,0.06230529595015576,True,0.01,0.015
4,4,3,0.0,0.0,1,propagule,942,0,0,0.05626326963906582,True,0.01,0.015
4,4,4,0.0,0.0,1,propagule,945,0,0,0.06666666666666667,True,0.01,0.015
4,4,5,0.0,0.0,1,propagule,912,0,0,0.05043859649122807,True,0.01,0.015
4,4,6,0.0,0.0,1,propagule,917,0,0,0.061068702290076333,True,0.01,0.015
4,4,7,0.0,0.0,1,propagule,887,0,0,0.05298759864712514,True,0.01,0.015
4,4,8,0.0,0.0,1,propagule,886,0,0,0.06433408577878104,True,0.01,0.015
4,4,9,0.0,0.0,1,propagule,864,0,0,0.05555555555555555,True,0.01,0.015
4,4,10,0.0,0.0,1,propagule,860,0,0,0.05813953488372093,True,0.01,0.015
4,4,11,0.0,0.0,1,propagule,850,0,0,0.05411764705882353,True,0.01,0.015
4,4,12,0.0,0.0,1,propagule,847,0,0,0.06139315230224321,True,0.01,0.015
4,4,13,0.0,0.0,1,propagule,835,0,0,0.05748502994011976,True,0.01,0.015
4,4,14,0.0,0.0,1,propagule,830,0,0,0.06506024096385542,True,0.01,0.015
4,4,15,0.0,0.0,1,propagule,821,0,0,0.05481120584652863,True,0.01,0.015
4,4,16,0.0,0.0,1,propagule,808,0,0,0.06064356435643564,True,0.01,0.015
4,4,17,0.0,0.0,1,propagule,796,0,0,0.06030150753768844,True,0.01,0.015
4,4,18,0.0,0.0,1,propagule,1612,0,0,0.03163771712158809,True,0.01,0.015
4,4,19,0.0,0.0,1,propagule,1564,0,0,0.02877237851662404,True,0.01,0.015
4,4,20,0.0,0.0,1,propagule,1525,0,0,0.031475409836065574,True,0.01,0.015
4,4,21,0.0,0.0,1,propagule,1464,0,0,0.028005464480874317,True,0.01,0.015
4,4,22,0.0,0.0,1,propagule,1436,0,0,0.03203342618384401,True,0.01,0.015
4,4,23,0.0,0.0,1,propagule,1410,0,0,0.031205673758865248,True,0.01,0.015
4,4,24,0.0,0.0,1,propagule,1385,0,0,0.032490974729241874,True,0.01,0.015
4,4,25,0.0,0.0,1,propagule,1356,0,0,0.033185840707964605,True,0.01,0.015
4,4,26,0.0,0.0,1,propagule,1313,0,0,0.035034272658035034,True,0.01,0.015
4,4,27,0.0,0.0,1,propagule,1294,0,0,0.0347758887171561,True,0.01,0.015
4,4,28,0.0,0.0,1,propagule,1280,0,0,0.03515625,True,0.01,0.015
4,4,29,0.0,0.0,1,propagule,1246,0,0,0.03531300160513644,True,0.01,0.015
4,4,30,0.0,0.0,1,propagule,1209,0,0,0.03556658395368073,True,0.01,0.015
4,4,31,0.0,0.0,1,propagule,1180,0,0,0.03559322033898305,True,0.01,0.015
4,4,32,0.0,0.0,1,propagule,1146,0,0,0.034904013961605584,True,0.01,0.015
4,4,33,0.0,0.0,1,propagule,1139,0,0,0.03687445127304653,True,0.01,0.015
4,4,34,0.0,0.0,1,propagule,1104,0,0,0.03985507246376811,True,0.01,0.015
4,4,35,0.0,0.0,1,propagule,1060,0,0,0.040566037735849055,True,0.01,0.015
4,4,36,0.0,0.0,1,propagule,1027,0,0,0.03700097370983447,True,0.01,0.015
4,4,37,0.0,0.0,1,propagule,1012,0,0,0.042490118577075096,True,0.01,0.015
4,4,38,0.0,0.0,1,propagule,1013,0,0,0.04738400789733465,True,0.01,0.015
4,4,39,0.0,0.0,1,propagule,1004,0,0,0.045816733067729085,True,0.01,0.015
4,4,40,0.0,0.0,1,propagule,993,0,0,0.050352467270896276,True,0.01,0.015
4,4,41,0.0,0.0,1,propagule,970,0,0,0.0443298969072165,True,0.01,0.015
4,4,42,0.0,0.0,1,propagule,960,0,0,0.04583333333333333,True,0.01,0.015
4,4,43,0.0,0.0,1,propagule,1012,0,0,0.08102766798418973,True,0.01,0.015
4,4,44,0.0,0.0,1,propagule,967,0,0,0.0672182006204757,True,0.01,0.015
4,4,45,0.0,0.0,1,propagule,981,0,0,0.0744138634046891,True,0.01,0.015
4,4,46,0.0,0.0,1,propagule,970,0,0,0.07525773195876288,True,0.01,0.015
4,4,47,0.0,0.0,1,propagule,965,0,0,0.08393782383419689,True,0.01,0.015
4,4,48,0.0,0.0,1,propagule,955,0,0,0.08272251308900523,True,0.01,0.015
4,4,49,0.0,0.0,1,propagule,946,0,0,0.08456659619450317,True,0.01,0.015
4,4,50,0.0,0.0,1,propagule,925,0,0,0.08648648648648649,True,0.01,0.015
4,4,51,0.0,0.0,1,propagule,907,0,0,0.08379272326350606,True,0.01,0.015
4,4,52,0.0,0.0,1,propagule,887,0,0,0.08004509582863585,True,0.01,0.015
4,5,1,0.0,0.0,1,propagule,877,0,0,0.09007981755986318,True,0.01,0.015
4,5,2,0.0,0.0,1,propagule,874,0,0,0.09267734553775744,True,0.01,0.015
4,5,3,0.0,0.0,1,propagule,864,0,0,0.09259259259259259,True,0.01,0.015
4,5,4,0.0,0.0,1,propagule,863,0,0,0.09269988412514485,True,0.01,0.015
4,5,5,0.0,0.0,1,propagule,848,0,0,0.08962264150943396,True,0.01,0.015
4,5,6,0.0,0.0,1,propagule,843,0,0,0.08896797153024912,True,0.01,0.015
4,5,7,0.0,0.0,1,propagule,827,0,0,0.08948004836759371,True,0.01,0.015
4,5,8,0.0,0.0,1,propagule,827,0,0,0.09068923821039904,True,0.01,0.015
4,5,9,0.0,0.0,1,propagule,810,0,0,0.08641975308641975,True,0.01,0.015
4,5,10,0.0,0.0,1,propagule,813,0,0,0.08610086100861009,True,0.01,0.015
4,5,11,0.0,0.0,1,propagule,800,0,0,0.08875,True,0.01,0.015
4,5,12,0.0,0.0,1,propagule,794,0,0,0.08816120906801007,True,0.01,0.015
4,5,13,0.0,0.0,1,propagule,786,0,0,0.09287531806615776,True,0.01,0.015
4,5,14,0.0,0.0,1,propagule,770,0,0,0.08961038961038961,True,0.01,0.015
4,5,15,0.0,0.0,1,propagule,761,0,0,0.09329829172141918,True,0.01,0.015
4,5,16,0.0,0.0,1,propagule,748,0,0,0.09090909090909091,True,0.01,0.015
4,5,17,0.0,0.0,1,propagule,741,0,0,0.09041835357624832,True,0.01,0.015
4,5,18,0.0,0.0,1,propagule,1568,0,0,0.04272959183673469,True,0.01,0.015
4,5,19,0.0,0.0,1,propagule,1544,0,0,0.04339378238341969,True,0.01,0.015
4,5,20,0.0,0.0,1,propagule,1527,0,0,0.04060248853962017,True,0.01,0.015
4,5,21,0.0,0.0,1,propagule,1507,0,0,0.042468480424684804,True,0.01,0.015
4,5,22,0.0,0.0,1,propagule,1484,0,0,0.04110512129380054,True,0.01,0.015
4,5,23,0.0,0.0,1,propagule,1431,0,0,0.04122990915443746,True,0.01,0.015
4,5,24,0.0,0.0,1,propagule,1384,0,0,0.041184971098265896,True,0.01,0.015
4,5,25,0.0,0.0,1,propagule,1328,0,0,0.04442771084337349,True,0.01,0.015
4,5,26,0.0,0.0,1,propagule,1305,0,0,0.04597701149425287,True,0.01,0.015
4,5,27,0.0,0.0,1,propagule,1264,0,0,0.04746835443037975,True,0.01,0.015
4,5,28,0.0,0.0,1,propagule,1214,0,0,0.04695222405271829,True,0.01,0.015
4,5,29,0.0,0.0,1,propagule,1198,0,0,0.05091819699499165,True,0.01,0.015
4,5,30,0.0,0.0,1,propagule,1135,0,0,0.05286343612334802,True,0.01,0.015
4,5,31,0.0,0.0,1,propagule,1127,0,0,0.050576752440106475,True,0.01,0.015
4,5,32,0.0,0.0,1,propagule,1101,0,0,0.051771117166212535,True,0.01,0.015
4,5,33,0.0,0.0,1,propagule,1076,0,0,0.05018587360594796,True,0.01,0.015
4,5,34,0.0,0.0,1,propagule,1035,0,0,0.04927536231884058,True,0.01,0.015
4,5,35,0.0,0.0,1,propagule,1029,0,0,0.052478134110787174,True,0.01,0.015
4,5,36,0.0,0.0,1,propagule,982,0,0,0.05091649694501019,True,0.01,0.015
4,5,37,0.0,0.0,1,propagule,973,0,0,0.052415210688591986,True,0.01,0.015
4,5,38,0.0,0.0,1,propagule,953,0,0,0.05456453305351522,True,0.01,0.015
4,5,39,0.0,0.0,1,propagule,937,0,0,0.054429028815368194,True,0.01,0.015
4,5,40,0.0,0.0,1,propagule,936,0,0,0.05448717948717949,True,0.01,0.015
4,5,41,0.0,0.0,1,propagule,923,0,0,0.05742145178764897,True,0.01,0.015
4,5,42,0.0,0.0,1,propagule,910,0,0,0.05824175824175824,True,0.01,0.015
4,5,43,0.0,0.0,1,propagule,945,0,0,0.10158730158730159,True,0.01,0.015
4,5,44,0.0,0.0,1,propagule,915,0,0,0.09289617486338798,True,0.01,0.015
4,5,45,0.0,0.0,1,propagule,901,0,0,0.09655937846836848,True,0.01,0.015
4,5,46,0.0,0.0,1,propagule,902,0,0,0.10310421286031042,True,0.01,0.015
4,5,47,0.0,0.0,1,propagule,892,0,0,0.10986547085201794,True,0.01,0.015
4,5,48,0.0,0.0,1,propagule,880,0,0,0.10909090909090909,True,0.01,0.015
4,5,49,0.0,0.0,1,propagule,872,0,0,0.11697247706422019,True,0.01,0.015
4,5,50,0.0,0.0,1,propagule,862,0,0,0.1148491879350348,True,0.01,0.015
4,5,51,0.0,0.0,1,propagule,855,0,0,0.11929824561403508,True,0.01,0.015
4,5,52,0.0,0.0,1,propagule,849,0,0,0.12249705535924617,True,0.01,0.015
4,6,1,0.0,0.0,1,propagule,838,0,0,0.1288782816229117,True,0.01,0.015
4,6,2,0.0,0.0,1,propagule,831,0,0,0.1263537906137184,True,0.01,0.015
4,6,3,0.0,0.0,1,propagule,812,0,0,0.13054187192118227,True,0.01,0.015
4,6,4,0.0,0.0,1,propagule,798,0,0,0.12155388471177944,True,0.01,0.015
4,6,5,0.0,0.0,1,propagule,783,0,0,0.1277139208173691,True,0.01,0.015
4,6,6,0.0,0.0,1,propagule,768,0,0,0.11979166666666667,True,0.01,0.015
4,6,7,0.0,0.0,1,propagule,762,0,0,0.12860892388451445,True,0.01,0.015
4,6,8,0.0,0.0,1,propagule,751,0,0,0.12250332889480692,True,0.01,0.015
4,6,9,0.0,0.0,1,propagule,739,0,0,0.13125845737483086,True,0.01,0.015
4,6,10,0.0,0.0,1,propagule,725,0,0,0.12137931034482759,True,0.01,0.015
4,6,11,0.0,0.0,1,propagule,721,0,0,0.1289875173370319,True,0.01,0.015
4,6,12,0.0,0.0,1,propagule,711,0,0,0.12236286919831224,True,0.01,0.015
4,6,13,0.0,0.0,1,propagule,709,0,0,0.1325811001410437,True,0.01,0.015
4,6,14,0.0,0.0,1,propagule,697,0,0,0.12625538020086083,True,0.01,0.015
4,6,15,0.0,0.0,1,propagule,692,0,0,0.13439306358381503,True,0.01,0.015
4,6,16,0.0,0.0,1,propagule,683,0,0,0.12884333821376281,True,0.01,0.015
4,6,17,0.0,0.0,1,propagule,671,0,0,0.13412816691505217,True,0.01,0.015
4,6,18,0.0,0.0,1,propagule,1389,0,0,0.06335493160547156,True,0.01,0.015
4,6,19,0.0,0.0,1,propagule,1356,0,0,0.06342182890855458,True,0.01,0.015
4,6,20,0.0,0.0,1,propagule,1333,0,0,0.0622655663915979,True,0.01,0.015
4,6,21,0.0,0.0,1,propagule,1310,0,0,0.06412213740458016,True,0.01,0.015
4,6,22,0.0,0.0,1,propagule,1275,0,0,0.0611764705882353,True,0.01,0.015
4,6,23,0.0,0.0,1,propagule,1258,0,0,0.06359300476947535,True,0.01,0.015
4,6,24,0.0,0.0,1,propagule,1226,0,0,0.061174551386623165,True,0.01,0.015
4,6,25,0.0,0.0,1,propagule,1222,0,0,0.06546644844517185,True,0.01,0.015
4,6,26,0.0,0.0,1,propagule,1192,0,0,0.06291946308724833,True,0.01,0.015
4,6,27,0.0,0.0,1,propagule,1185,0,0,0.06582278481012659,True,0.01,0.015
4,6,28,0.0,0.0,1,propagule,1166,0,0,0.0634648370497427,True,0.01,0.015
4,6,29,0.0,0.0,1,propagule,1143,0,0,0.06561679790026247,True,0.01,0.015
4,6,30,0.0,0.0,1,propagule,1116,0,0,0.06541218637992832,True,0.01,0.015
4,6,31,0.0,0.0,1,propagule,1096,0,0,0.06751824817518248,True,0.01,0.015
4,6,32,0.0,0.0,1,propagule,1060,0,0,0.06981132075471698,True,0.01,0.015
4,6,33,0.0,0.0,1,propagule,1047,0,0,0.07067812798471824,True,0.01,0.015
4,6,34,0.0,0.0,1,propagule,1031,0,0,0.07371483996120272,True,0.01,0.015
4,6,35,0.0,0.0,1,propagule,1018,0,0,0.07170923379174853,True,0.01,0.015
4,6,36,0.0,0.0,1,propagule,983,0,0,0.07222787385554426,True,0.01,0.015
4,6,37,0.0,0.0,1,propagule,969,0,0,0.07739938080495357,True,0.01,0.015
4,6,38,0.0,0.0,1,propagule,960,0,0,0.075,True,0.01,0.015
4,6,39,0.0,0.0,1,propagule,951,0,0,0.07570977917981073,True,0.01,0.015
4,6,40,0.0,0.0,1,propagule,942,0,0,0.07430997876857749,True,0.01,0.015
4,6,41,0.0,0.0,1,propagule,932,0,0,0.0740343347639485,True,0.01,0.015
4,6,42,0.0,0.0,1,propagule,925,0,0,0.07675675675675675,True,0.01,0.015
4,6,43,0.0,0.0,1,propagule,950,0,0,0.10421052631578948,True,0.01,0.015
4,6,44,0.0,0.0,1,propagule,919,0,0,0.09684439608269858,True,0.01,0.015
4,6,45,0.0,0.0,1,propagule,918,0,0,0.10130718954248366,True,0.01,0.015
4,6,46,0.0,0.0,1,propagule,897,0,0,0.10256410256410256,True,0.01,0.015
4,6,47,0.0,0.0,1,propagule,888,0,0,0.10698198198198199,True,0.01,0.015
4,6,48,0.0,0.0,1,propagule,884,0,0,0.10520361990950226,True,0.01,0.015
4,6,49,0.0,0.0,1,propagule,868,0,0,0.10483870967741936,True,0.01,0.015
4,6,50,0.0,0.0,1,propagule,853,0,0,0.10902696365767878,True,0.01,0.015
4,6,51,0.0,0.0,1,propagule,841,0,0,0.10582639714625446,True,0.01,0.015
4,6,52,0.0,0.0,1,propagule,823,0,0,0.10935601458080195,True,0.01,0.015
4,7,1,0.0,0.0,1,propagule,814,0,0,0.11056511056511056,True,0.01,0.015
4,7,2,0.0,0.0,1,propagule,806,0,0,0.11662531017369727,True,0.01,0.015
4,7,3,0.0,0.0,1,propagule,791,0,0,0.11125158027812895,True,0.01,0.015
4,7,4,0.0,0.0,1,propagule,774,0,0,0.11886304909560723,True,0.01,0.015
4,7,5,0.0,0.0,1,propagule,763,0,0,0.11533420707732635,True,0.01,0.015
4,7,6,0.0,0.0,1,propagule,751,0,0,0.11584553928095873,True,0.01,0.015
4,7,7,0.0,0.0,1,propagule,743,0,0,0.11305518169582772,True,0.01,0.015
4,7,8,0.0,0.0,1,propagule,727,0,0,0.11416781292984869,True,0.01,0.015
4,7,9,0.0,0.0,1,propagule,717,0,0,0.1101813110181311,True,0.01,0.015
4,7,10,0.0,0.0,1,propagule,712,0,0,0.1151685393258427,True,0.01,0.015
4,7,11,0.0,0.0,1,propagule,703,0,0,0.11379800853485064,True,0.01,0.015
4,7,12,0.0,0.0,1,propagule,698,0,0,0.11604584527220631,True,0.01,0.015
4,7,13,0.0,0.0,1,propagule,689,0,0,0.11465892597968069,True,0.01,0.015
4,7,14,0.0,0.0,1,propagule,678,0,0,0.11504424778761062,True,0.01,0.015
4,7,15,0.0,0.0,1,propagule,671,0,0,0.11326378539493294,True,0.01,0.015
4,7,16,0.0,0.0,1,propagule,660,0,0,0.11363636363636363,True,0.01,0.015
4,7,17,0.0,0.0,1,propagule,651,0,0,0.11674347158218126,True,0.01,0.015
4,7,18,0.0,0.0,1,propagule,1317,0,0,0.05618830675778284,True,0.01,0.015
4,7,19,0.0,0.0,1,propagule,1265,0,0,0.05612648221343874,True,0.01,0.015
4,7,20,0.0,0.0,1,propagule,1229,0,0,0.05532953620829943,True,0.01,0.015
4,7,21,0.0,0.0,1,propagule,1194,0,0,0.05527638190954774,True,0.01,0.015
4,7,22,0.0,0.0,1,propagule,1128,0,0,0.0549645390070922,True,0.01,0.015
4,7,23,0.0,0.0,1,propagule,1090,0,0,0.05688073394495413,True,0.01,0.015
4,7,24,0.0,0.0,1,propagule,1031,0,0,0.058195926285160036,True,0.01,0.015
4,7,25,0.0,0.0,1,propagule,1018,0,0,0.060903732809430254,True,0.01,0.015
4,7,26,0.0,0.0,1,propagule,984,0,0,0.061991869918699184,True,0.01,0.015
4,7,27,0.0,0.0,1,propagule,971,0,0,0.06282183316168898,True,0.01,0.015
4,7,28,0.0,0.0,1,propagule,961,0,0,0.060353798126951096,True,0.01,0.015
4,7,29,0.0,0.0,1,propagule,959,0,0,0.061522419186652764,True,0.01,0.015
4,7,30,0.0,0.0,1,propagule,906,0,0,0.059602649006622516,True,0.01,0.015
4,7,31,0.0,0.0,1,propagule,898,0,0,0.0645879732739421,True,0.01,0.015
4,7,32,0.0,0.0,1,propagule,865,0,0,0.06358381502890173,True,0.01,0.015
4,7,33,0.0,0.0,1,propagule,868,0,0,0.06336405529953917,True,0.01,0.015
4,7,34,0.0,0.0,1,propagule,840,0,0,0.0630952380952381,True,0.01,0.015
4,7,35,0.0,0.0,1,propagule,838,0,0,0.06801909307875895,True,0.01,0.015
4,7,36,0.0,0.0,1,propagule,816,0,0,0.06372549019607843,True,0.01,0.015
4,7,37,0.0,0.0,1,propagule,803,0,0,0.0660024906600249,True,0.01,0.015
4,7,38,0.0,0.0,1,propagule,781,0,0,0.06530089628681178,True,0.01,0.015
4,7,39,0.0,0.0,1,propagule,776,0,0,0.06829896907216494,True,0.01,0.015
4,7,40,0.0,0.0,1,propagule,755,0,0,0.06490066225165562,True,0.01,0.015
4,7,41,0.0,0.0,1,propagule,745,0,0,0.06711409395973154,True,0.01,0.015
4,7,42,0.0,0.0,1,propagule,730,0,0,0.0684931506849315,True,0.01,0.015
4,7,43,0.0,0.0,1,propagule,782,0,0,0.11892583120204604,True,0.01,0.015
4,7,44,0.0,0.0,1,propagule,757,0,0,0.10039630118890357,True,0.01,0.015
4,7,45,0.0,0.0,1,propagule,745,0,0,0.10201342281879194,True,0.01,0.015
4,7,46,0.0,0.0,1,propagule,753,0,0,0.11420982735723771,True,0.01,0.015
4,7,47,0.0,0.0,1,propagule,730,0,0,0.10684931506849316,True,0.01,0.015
4,7,48,0.0,0.0,1,propagule,746,0,0,0.12466487935656836,True,0.01,0.015
4,7,49,0.0,0.0,1,propagule,736,0,0,0.125,True,0.01,0.015
4,7,50,0.0,0.0,1,propagule,735,0,0,0.1292517006802721,True,0.01,0.015
4,7,51,0.0,0.0,1,propagule,722,0,0,0.12326869806094183,True,0.01,0.015
4,7,52,0.0,0.0,1,propagule,725,0,0,0.1310344827586207,True,0.01,0.015
4,8,1,0.0,0.0,1,propagule,704,0,0,0.12926136363636365,True,0.01,0.015
4,8,2,0.0,0.0,1,propagule,705,0,0,0.13333333333333333,True,0.01,0.015
4,8,3,0.0,0.0,1,propagule,690,0,0,0.13043478260869565,True,0.01,0.015
4,8,4,0.0,0.0,1,propagule,688,0,0,0.13662790697674418,True,0.01,0.015
4,8,5,0.0,0.0,1,propagule,667,0,0,0.13193403298350825,True,0.01,0.015
4,8,6,0.0,0.0,1,propagule,665,0,0,0.13533834586466165,True,0.01,0.015
4,8,7,0.0,0.0,1,propagule,649,0,0,0.13559322033898305,True,0.01,0.015
4,8,8,0.0,0.0,1,propagule,645,0,0,0.14418604651162792,True,0.01,0.015
4,8,9,0.0,0.0,1,propagule,632,0,0,0.1360759493670886,True,0.01,0.015
4,8,10,0.0,0.0,1,propagule,627,0,0,0.14035087719298245,True,0.01,0.015
4,8,11,0.0,0.0,1,propagule,611,0,0,0.1342062193126023,True,0.01,0.015
4,8,12,0.0,0.0,1,propagule,611,0,0,0.13747954173486088,True,0.01,0.015
4,8,13,0.0,0.0,1,propagule,599,0,0,0.12687813021702837,True,0.01,0.015
4,8,14,0.0,0.0,1,propagule,603,0,0,0.13764510779436154,True,0.01,0.015
4,8,15,0.0,0.0,1,propagule,587,0,0,0.131175468483816,True,0.01,0.015
4,8,16,0.0,0.0,1,propagule,593,0,0,0.14165261382799327,True,0.01,0.015
4,8,17,0.0,0.0,1,propagule,576,0,0,0.13541666666666666,True,0.01,0.015
4,8,18,0.0,0.0,1,propagule,1286,0,0,0.06376360808709176,True,0.01,0.015
4,8,19,0.0,0.0,1,propagule,1268,0,0,0.06072555205047318,True,0.01,0.015
4,8,20,0.0,0.0,1,propagule,1250,0,0,0.0632,True,0.01,0.015
4,8,21,0.0,0.0,1,propagule,1229,0,0,0.061838893409275834,True,0.01,0.015
4,8,22,0.0,0.0,1,propagule,1185,0,0,0.06244725738396625,True,0.01,0.015
4,8,23,0.0,0.0,1,propagule,1135,0,0,0.059030837004405284,True,0.01,0.015
4,8,24,0.0,0.0,1,propagule,1108,0,0,0.0631768953068592,True,0.01,0.015
4,8,25,0.0,0.0,1,propagule,1056,0,0,0.06628787878787878,True,0.01,0.015
4,8,26,0.0,0.0,1,propagule,1030,0,0,0.06893203883495146,True,0.01,0.015
4,8,27,0.0,0.0,1,propagule,1010,0,0,0.06633663366336634,True,0.01,0.015
4,8,28,0.0,0.0,1,propagule,991,0,0,0.07063572149344097,True,0.01,0.015
4,8,29,0.0,0.0,1,propagule,971,0,0,0.0690010298661174,True,0.01,0.015
4,8,30,0.0,0.0,1,propagule,956,0,0,0.06903765690376569,True,0.01,0.015
4,8,31,0.0,0.0,1,propagule,928,0,0,0.06896551724137931,True,0.01,0.015
4,8,32,0.0,0.0,1,propagule,942,0,0,0.07218683651804671,True,0.01,0.015
4,8,33,0.0,0.0,1,propagule,917,0,0,0.07197382769901854,True,0.01,0.015
4,8,34,0.0,0.0,1,propagule,919,0,0,0.07399347116430903,True,0.01,0.015
4,8,35,0.0,0.0,1,propagule,898,0,0,0.07126948775055679,True,0.01,0.015
4,8,36,0.0,0.0,1,propagule,869,0,0,0.0713463751438435,True,0.01,0.015
4,8,37,0.0,0.0,1,propagule,860,0,0,0.07209302325581396,True,0.01,0.015
4,8,38,0.0,0.0,1,propagule,858,0,0,0.08158508158508158,True,0.01,0.015
4,8,39,0.0,0.0,1,propagule,829,0,0,0.07117008443908324,True,0.01,0.015
4,8,40,0.0,0.0,1,propagule,828,0,0,0.0821256038647343,True,0.01,0.015
4,8,41,0.0,0.0,1,propagule,806,0,0,0.07320099255583126,True,0.01,0.015
4,8,42,0.0,0.0,1,propagule,808,0,0,0.08787128712871287,True,0.01,0.015
4,8,43,0.0,0.0,1,propagule,804,0,0,0.11069651741293532,True,0.01,0.015
4,8,44,0.0,0.0,1,propagule,782,0,0,0.09846547314578005,True,0.01,0.015
4,8,45,0.0,0.0,1,propagule,765,0,0,0.09934640522875816,True,0.01,0.015
4,8,46,0.0,0.0,1,propagule,772,0,0,0.10880829015544041,True,0.01,0.015
4,8,47,0.0,0.0,1,propagule,757,0,0,0.10568031704095113,True,0.01,0.015
4,8,48,0.0,0.0,1,propagule,751,0,0,0.11451398135818908,True,0.01,0.015
4,8,49,0.0,0.0,1,propagule,751,0,0,0.11717709720372836,True,0.01,0.015
4,8,50,0.0,0.0,1,propagule,749,0,0,0.11882510013351134,True,0.01,0.015
4,8,51,0.0,0.0,1,propagule,741,0,0,0.1214574898785425,True,0.01,0.015
4,8,52,0.0,0.0,1,propagule,726,0,0,0.11707988980716254,True,0.01,0.015
4,9,1,0.0,0.0,1,propagule,721,0,0,0.12066574202496533,True,0.01,0.015
4,9,2,0.0,0.0,1,propagule,705,0,0,0.1148936170212766,True,0.01,0.015
4,9,3,0.0,0.0,1,propagule,705,0,0,0.12056737588652482,True,0.01,0.015
4,9,4,0.0,0.0,1,propagule,697,0,0,0.12338593974175036,True,0.01,0.015
4,9,5,0.0,0.0,1,propagule,697,0,0,0.12482065997130559,True,0.01,0.015
4,9,6,0.0,0.0,1,propagule,687,0,0,0.12518195050946143,True,0.01,0.015
4,9,7,0.0,0.0,1,propagule,683,0,0,0.1259150805270864,True,0.01,0.015
4,9,8,0.0,0.0,1,propagule,664,0,0,0.1280120481927711,True,0.01,0.015
4,9,9,0.0,0.0,1,propagule,664,0,0,0.125,True,0.01,0.015
4,9,10,0.0,0.0,1,propagule,650,0,0,0.12461538461538461,True,0.01,0.015
4,9,11,0.0,0.0,1,propagule,653,0,0,0.12710566615620214,True,0.01,0.015
4,9,12,0.0,0.0,1,propagule,639,0,0,0.1267605633802817,True,0.01,0.015
4,9,13,0.0,0.0,1,propagule,638,0,0,0.12852664576802508,True,0.01,0.015
4,9,14,0.0,0.0,1,propagule,624,0,0,0.1266025641025641,True,0.01,0.015
4,9,15,0.0,0.0,1,propagule,624,0,0,0.1282051282051282,True,0.01,0.015
4,9,16,0.0,0.0,1,propagule,608,0,0,0.12664473684210525,True,0.01,0.015
4,9,17,0.0,0.0,1,propagule,606,0,0,0.12871287128712872,True,0.01,0.015
4,9,18,0.0,0.0,1,propagule,1168,0,0,0.06078767123287671,True,0.01,0.015
4,9,19,0.0,0.0,1,propagule,1161,0,0,0.06201550387596899,True,0.01,0.015
4,9,20,0.0,0.0,1,propagule,1131,0,0,0.0610079575596817,True,0.01,0.015
4,9,21,0.0,0.0,1,propagule,1113,0,0,0.06289308176100629,True,0.01,0.015
4,9,22,0.0,0.0,1,propagule,1089,0,0,0.06060606060606061,True,0.01,0.015
4,9,23,0.0,0.0,1,propagule,1087,0,0,0.061637534498620056,True,0.01,0.015
4,9,24,0.0,0.0,1,propagule,1051,0,0,0.05994291151284491,True,0.01,0.015
4,9,25,0.0,0.0,1,propagule,1022,0,0,0.06360078277886497,True,0.01,0.015
4,9,26,0.0,0.0,1,propagule,993,0,0,0.06445115810674723,True,0.01,0.015
4,9,27,0.0,0.0,1,propagule,990,0,0,0.06666666666666667,True,0.01,0.015
4,9,28,0.0,0.0,1,propagule,961,0,0,0.06659729448491156,True,0.01,0.015
4,9,29,0.0,0.0,1,propagule,958,0,0,0.0709812108559499,True,0.01,0.015
4,9,30,0.0,0.0,1,propagule,911,0,0,0.06915477497255763,True,0.01,0.015
4,9,31,0.0,0.0,1,propagule,898,0,0,0.07238307349665925,True,0.01,0.015
4,9,32,0.0,0.0,1,propagule,880,0,0,0.06931818181818182,True,0.01,0.015
4,9,33,0.0,0.0,1,propagule,874,0,0,0.07208237986270023,True,0.01,0.015
4,9,34,0.0,0.0,1,propagule,850,0,0,0.07058823529411765,True,0.01,0.015
4,9,35,0.0,0.0,1,propagule,835,0,0,0.07305389221556886,True,0.01,0.015
4,9,36,0.0,0.0,1,propagule,809,0,0,0.0754017305315204,True,0.01,0.015
4,9,37,0.0,0.0,1,propagule,793,0,0,0.07944514501891552,True,0.01,0.015
4,9,38,0.0,0.0,1,propagule,783,0,0,0.07918263090676884,True,0.01,0.015
4,9,39,0.0,0.0,1,propagule,766,0,0,0.0783289817232376,True,0.01,0.015
4,9,40,0.0,0.0,1,propagule,762,0,0,0.08005249343832022,True,0.01,0.015
4,9,41,0.0,0.0,1,propagule,748,0,0,0.07887700534759358,True,0.01,0.015
4,9,42,0.0,0.0,1,propagule,740,0,0,0.07972972972972973,True,0.01,0.015
4,9,43,0.0,0.0,1,propagule,741,0,0,0.11875843454790823,True,0.01,0.015
4,9,44,0.0,0.0,1,propagule,725,0,0,0.10620689655172413,True,0.01,0.015
4,9,45,0.0,0.0,1,propagule,719,0,0,0.10987482614742698,True,0.01,0.015
4,9,46,0.0,0.0,1,propagule,710,0,0,0.10704225352112676,True,0.01,0.015
4,9,47,0.0,0.0,1,propagule,713,0,0,0.11220196353436185,True,0.01,0.015
4,9,48,0.0,0.0,1,propagule,705,0,0,0.10921985815602837,True,0.01,0.015
4,9,49,0.0,0.0,1,propagule,695,0,0,0.1079136690647482,True,0.01,0.015
4,9,50,0.0,0.0,1,propagule,695,0,0,0.11223021582733812,True,0.01,0.015
4,9,51,0.0,0.0,1,propagule,672,0,0,0.10119047619047619,True,0.01,0.015
4,9,52,0.0,0.0,1,propagule,673,0,0,0.1025260029717682,True,0.01,0.015
4,10,1,0.0,0.0,1,propagule,660,0,0,0.10151515151515152,True,0.01,0.015
4,10,2,0.0,0.0,1,propagule,661,0,0,0.1059001512859304,True,0.01,0.015
4,10,3,0.0,0.0,1,propagule,641,0,0,0.0998439937597504,True,0.01,0.015
4,10,4,0.0,0.0,1,propagule,628,0,0,0.09872611464968153,True,0.01,0.015
4,10,5,0.0,0.0,1,propagule,629,0,0,0.10015898251192369,True,0.01,0.015
4,10,6,0.0,0.0,1,propagule,611,0,0,0.09819967266775777,True,0.01,0.015
4,10,7,0.0,0.0,1,propagule,609,0,0,0.09852216748768473,True,0.01,0.015
4,10,8,0.0,0.0,1,propagule,601,0,0,0.09983361064891846,True,0.01,0.015
4,10,9,0.0,0.0,1,propagule,593,0,0,0.09780775716694773,True,0.01,0.015
4,10,10,0.0,0.0,1,propagule,589,0,0,0.09847198641765705,True,0.01,0.015
4,10,11,0.0,0.0,1,propagule,577,0,0,0.09878682842287695,True,0.01,0.015
4,10,12,0.0,0.0,1,propagule,577,0,0,0.10051993067590988,True,0.01,0.015
4,10,13,0.0,0.0,1,propagule,571,0,0,0.09807355516637478,True,0.01,0.015
4,10,14,0.0,0.0,1,propagule,567,0,0,0.10052910052910052,True,0.01,0.015
4,10,15,0.0,0.0,1,propagule,557,0,0,0.09694793536804308,True,0.01,0.015
4,10,16,0.0,0.0,1,propagule,554,0,0,0.10288808664259928,True,0.01,0.015
4,10,17,0.0,0.0,1,propagule,538,0,0,0.10037174721189591,True,0.01,0.015
4,10,18,0.0,0.0,1,propagule,1057,0,0,0.05203405865657521,True,0.01,0.015
4,10,19,0.0,0.0,1,propagule,1037,0,0,0.04918032786885246,True,0.01,0.015
4,10,20,0.0,0.0,1,propagule,965,0,0,0.05181347150259067,True,0.01,0.015
4,10,21,0.0,0.0,1,propagule,912,0,0,0.05482456140350877,True,0.01,0.015
4,10,22,0.0,0.0,1,propagule,874,0,0,0.05491990846681922,True,0.01,0.015
4,10,23,0.0,0.0,1,propagule,877,0,0,0.05701254275940707,True,0.01,0.015
4,10,24,0.0,0.0,1,propagule,843,0,0,0.054567022538552785,True,0.01,0.015
4,10,25,0.0,0.0,1,propagule,833,0,0,0.056422569027611044,True,0.01,0.015
4,10,26,0.0,0.0,1,propagule,803,0,0,0.05603985056039851,True,0.01,0.015
4,10,27,0.0,0.0,1,propagule,810,0,0,0.05925925925925926,True,0.01,0.015
4,10,28,0.0,0.0,1,propagule,770,0,0,0.05584415584415584,True,0.01,0.015
4,10,29,0.0,0.0,1,propagule,752,0,0,0.05851063829787234,True,0.01,0.015
4,10,30,0.0,0.0,1,propagule,755,0,0,0.05827814569536424,True,0.01,0.015
4,10,31,0.0,0.0,1,propagule,739,0,0,0.06089309878213803,True,0.01,0.015
4,10,32,0.0,0.0,1,propagule,739,0,0,0.056833558863328824,True,0.01,0.015
4,10,33,0.0,0.0,1,propagule,720,0,0,0.058333333333333334,True,0.01,0.015
4,10,34,0.0,0.0,1,propagule,706,0,0,0.05524079320113314,True,0.01,0.015
4,10,35,0.0,0.0,1,propagule,685,0,0,0.05401459854014599,True,0.01,0.015
4,10,36,0.0,0.0,1,propagule,668,0,0,0.06736526946107785,True,0.01,0.015
4,10,37,0.0,0.0,1,propagule,653,0,0,0.06584992343032159,True,0.01,0.015
4,10,38,0.0,0.0,1,propagule,651,0,0,0.07219662058371736,True,0.01,0.015
4,10,39,0.0,0.0,1,propagule,633,0,0,0.06635071090047394,True,0.01,0.015
4,10,40,0.0,0.0,1,propagule,629,0,0,0.06995230524642289,True,0.01,0.015
4,10,41,0.0,0.0,1,propagule,620,0,0,0.07096774193548387,True,0.01,0.015
4,10,42,0.0,0.0,1,propagule,624,0,0,0.07692307692307693,True,0.01,0.015
4,10,43,0.0,0.0,1,propagule,621,0,0,0.11916264090177134,True,0.01,0.015
4,10,44,0.0,0.0,1,propagule,594,0,0,0.09427609427609428,True,0.01,0.015
4,10,45,0.0,0.0,1,propagule,588,0,0,0.09523809523809523,True,0.01,0.015
4,10,46,0.0,0.0,1,propagule,571,0,0,0.08581436077057793,True,0.01,0.015
4,10,47,0.0,0.0,1,propagule,562,0,0,0.08540925266903915,True,0.01,0.015
4,10,48,0.0,0.0,1,propagule,557,0,0,0.08797127468581688,True,0.01,0.015
4,10,49,0.0,0.0,1,propagule,555,0,0,0.09009009009009009,True,0.01,0.015
4,10,50,0.0,0.0,1,propagule,546,0,0,0.08791208791208792,True,0.01,0.015
4,10,51,0.0,0.0,1,propagule,545,0,0,0.08990825688073395,True,0.01,0.015
4,10,52,0.0,0.0,1,propagule,537,0,0,0.09124767225325885,True,0.01,0.015
4,1,1,0.0,0.0,1,propagule,909,0,0,0.0,True,0.01,0.02
4,1,2,0.0,0.0,1,propagule,914,0,0,0.002188183807439825,True,0.01,0.02
4,1,3,0.0,0.0,1,propagule,910,0,0,0.0032967032967032967,True,0.01,0.02
4,1,4,0.0,0.0,1,propagule,909,0,0,0.0044004400440044,True,0.01,0.02
4,1,5,0.0,0.0,1,propagule,922,0,0,0.006507592190889371,True,0.01,0.02
4,1,6,0.0,0.0,1,propagule,913,0,0,0.007667031763417305,True,0.01,0.02
4,1,7,0.0,0.0,1,propagule,900,0,0,0.0077777777777777776,True,0.01,0.02
4,1,8,0.0,0.0,1,propagule,906,0,0,0.00772626931567329,True,0.01,0.02
4,1,9,0.0,0.0,1,propagule,878,0,0,0.007972665148063782,True,0.01,0.02
4,1,10,0.0,0.0,1,propagule,872,0,0,0.008027522935779817,True,0.01,0.02
4,1,11,0.0,0.0,1,propagule,855,0,0,0.008187134502923977,True,0.01,0.02
4,1,12,0.0,0.0,1,propagule,841,0,0,0.008323424494649227,True,0.01,0.02
4,1,13,0.0,0.0,1,propagule,832,0,0,0.007211538461538462,True,0.01,0.02
4,1,14,0.0,0.0,1,propagule,826,0,0,0.007263922518159807,True,0.01,0.02
4,1,15,0.0,0.0,1,propagule,812,0,0,0.008620689655172414,True,0.01,0.02
4,1,16,0.0,0.0,1,propagule,812,0,0,0.007389162561576354,True,0.01,0.02
4,1,17,0.0,0.0,1,propagule,790,0,0,0.008860759493670886,True,0.01,0.02
4,1,18,0.0,0.0,1,propagule,2260,0,0,0.002654867256637168,True,0.01,0.02
4,1,19,0.0,0.0,1,propagule,2223,0,0,0.003148897885739991,True,0.01,0.02
4,1,20,0.0,0.0,1,propagule,2131,0,0,0.00328484279680901,True,0.01,0.02
4,1,21,0.0,0.0,1,propagule,2130,0,0,0.0028169014084507044,True,0.01,0.02
4,1,22,0.0,0.0,1,propagule,2083,0,0,0.0028804608737397984,True,0.01,0.02
4,1,23,0.0,0.0,1,propagule,2028,0,0,0.0029585798816568047,True,0.01,0.02
4,1,24,0.0,0.0,1,propagule,1991,0,0,0.0035158211953792064,True,0.01,0.02
4,1,25,0.0,0.0,1,propagule,1981,0,0,0.004543160020191822,True,0.01,0.02
4,1,26,0.0,0.0,1,propagule,1954,0,0,0.0040941658137154556,True,0.01,0.02
4,1,27,0.0,0.0,1,propagule,1882,0,0,0.0037194473963868225,True,0.01,0.02
4,1,28,0.0,0.0,1,propagule,1867,0,0,0.005356186395286556,True,0.01,0.02
4,1,29,0.0,0.0,1,propagule,1816,0,0,0.004955947136563877,True,0.01,0.02
4,1,30,0.0,0.0,1,propagule,1786,0,0,0.005599104143337066,True,0.01,0.02
4,1,31,0.0,0.0,1,propagule,1744,0,0,0.005160550458715597,True,0.01,0.02
4,1,32,0.0,0.0,1,propagule,1713,0,0,0.005837711617046118,True,0.01,0.02
4,1,33,0.0,0.0,1,propagule,1655,0,0,0.005438066465256798,True,0.01,0.02
4,1,34,0.0,0.0,1,propagule,1634,0,0,0.0055079559363525096,True,0.01,0.02
4,1,35,0.0,0.0,1,propagule,1589,0,0,0.0062932662051604785,True,0.01,0.02
4,1,36,0.0,0.0,1,propagule,1553,0,0,0.008370895041854474,True,0.01,0.02
4,1,37,0.0,0.0,1,propagule,1510,0,0,0.011258278145695364,True,0.01,0.02
4,1,38,0.0,0.0,1,propagule,1480,0,0,0.012162162162162163,True,0.01,0.02
4,1,39,0.0,0.0,1,propagule,1465,0,0,0.010238907849829351,True,0.01,0.02
4,1,40,0.0,0.0,1,propagule,1442,0,0,0.012482662968099861,True,0.01,0.02
4,1,41,0.0,0.0,1,propagule,1422,0,0,0.010548523206751054,True,0.01,0.02
4,1,42,0.0,0.0,1,propagule,1401,0,0,0.013561741613133477,True,0.01,0.02
4,1,43,0.0,0.0,1,propagule,1373,0,0,0.02039329934450109,True,0.01,0.02
4,1,44,0.0,0.0,1,propagule,1368,0,0,0.02266081871345029,True,0.01,0.02
4,1,45,0.0,0.0,1,propagule,1350,0,0,0.017777777777777778,True,0.01,0.02
4,1,46,0.0,0.0,1,propagule,1345,0,0,0.021561338289962824,True,0.01,0.02
4,1,47,0.0,0.0,1,propagule,1324,0,0,0.02190332326283988,True,0.01,0.02
4,1,48,0.0,0.0,1,propagule,1314,0,0,0.0258751902587519,True,0.01,0.02
4,1,49,0.0,0.0,1,propagule,1278,0,0,0.02190923317683881,True,0.01,0.02
4,1,50,0.0,0.0,1,propagule,1277,0,0,0.028974158183241974,True,0.01,0.02
4,1,51,0.0,0.0,1,propagule,1231,0,0,0.021121039805036556,True,0.01,0.02
4,1,52,0.0,0.0,1,propagule,1238,0,0,0.02988691437802908,True,0.01,0.02
4,2,1,0.0,0.0,1,propagule,1194,0,0,0.022613065326633167,True,0.01,0.02
4,2,2,0.0,0.0,1,propagule,1203,0,0,0.02826267664172901,True,0.01,0.02
4,2,3,0.0,0.0,1,propagule,1163,0,0,0.019776440240756664,True,0.01,0.02
4,2,4,0.0,0.0,1,propagule,1164,0,0,0.02491408934707904,True,0.01,0.02
4,2,5,0.0,0.0,1,propagule,1135,0,0,0.02026431718061674,True,0.01,0.02
4,2,6,0.0,0.0,1,propagule,1130,0,0,0.024778761061946902,True,0.01,0.02
4,2,7,0.0,0.0,1,propagule,1105,0,0,0.023529411764705882,True,0.01,0.02
4,2,8,0.0,0.0,1,propagule,1095,0,0,0.0273972602739726,True,0.01,0.02
4,2,9,0.0,0.0,1,propagule,1063,0,0,0.022577610536218252,True,0.01,0.02
4,2,10,0.0,0.0,1,propagule,1072,0,0,0.02332089552238806,True,0.01,0.02
4,2,11,0.0,0.0,1,propagule,1042,0,0,0.023032629558541268,True,0.01,0.02
4,2,12,0.0,0.0,1,propagule,1044,0,0,0.023946360153256706,True,0.01,0.02
4,2,13,0.0,0.0,1,propagule,1028,0,0,0.027237354085603113,True,0.01,0.02
4,2,14,0.0,0.0,1,propagule,1019,0,0,0.02453385672227674,True,0.01,0.02
4,2,15,0.0,0.0,1,propagule,995,0,0,0.024120603015075376,True,0.01,0.02
4,2,16,0.0,0.0,1,propagule,994,0,0,0.025150905432595575,True,0.01,0.02
4,2,17,0.0,0.0,1,propagule,985,0,0,0.025380710659898477,True,0.01,0.02
4,2,18,0.0,0.0,1,propagule,1766,0,0,0.01245753114382786,True,0.01,0.02
4,2,19,0.0,0.0,1,propagule,1715,0,0,0.011661807580174927,True,0.01,0.02
4,2,20,0.0,0.0,1,propagule,1690,0,0,0.015384615384615385,True,0.01,0.02
4,2,21,0.0,0.0,1,propagule,1627,0,0,0.014751075599262446,True,0.01,0.02
4,2,22,0.0,0.0,1,propagule,1606,0,0,0.014321295143212951,True,0.01,0.02
4,2,23,0.0,0.0,1,propagule,1569,0,0,0.014659018483110261,True,0.01,0.02
4,2,24,0.0,0.0,1,propagule,1562,0,0,0.01792573623559539,True,0.01,0.02
4,2,25,0.0,0.0,1,propagule,1524,0,0,0.015748031496062992,True,0.01,0.02
4,2,26,0.0,0.0,1,propagule,1522,0,0,0.020367936925098553,True,0.01,0.02
4,2,27,0.0,0.0,1,propagule,1471,0,0,0.017675050985723997,True,0.01,0.02
4,2,28,0.0,0.0,1,propagule,1466,0,0,0.021828103683492497,True,0.01,0.02
4,2,29,0.0,0.0,1,propagule,1435,0,0,0.020209059233449476,True,0.01,0.02
4,2,30,0.0,0.0,1,propagule,1407,0,0,0.01990049751243781,True,0.01,0.02
4,2,31,0.0,0.0,1,propagule,1380,0,0,0.021739130434782608,True,0.01,0.02
4,2,32,0.0,0.0,1,propagule,1345,0,0,0.020817843866171002,True,0.01,0.02
4,2,33,0.0,0.0,1,propagule,1331,0,0,0.02404207362885049,True,0.01,0.02
4,2,34,0.0,0.0,1,propagule,1336,0,0,0.029191616766467067,True,0.01,0.02
4,2,35,0.0,0.0,1,propagule,1293,0,0,0.0317092034029389,True,0.01,0.02
4,2,36,0.0,0.0,1,propagule,1256,0,0,0.035828025477707005,True,0.01,0.02
4,2,37,0.0,0.0,1,propagule,1235,0,0,0.03319838056680162,True,0.01,0.02
4,2,38,0.0,0.0,1,propagule,1224,0,0,0.035130718954248366,True,0.01,0.02
4,2,39,0.0,0.0,1,propagule,1213,0,0,0.041220115416323165,True,0.01,0.02
4,2,40,0.0,0.0,1,propagule,1183,0,0,0.034657650042265425,True,0.01,0.02
4,2,41,0.0,0.0,1,propagule,1174,0,0,0.03747870528109029,True,0.01,0.02
4,2,42,0.0,0.0,1,propagule,1154,0,0,0.03292894280762565,True,0.01,0.02
4,2,43,0.0,0.0,1,propagule,1143,0,0,0.051618547681539804,True,0.01,0.02
4,2,44,0.0,0.0,1,propagule,1123,0,0,0.051647373107747106,True,0.01,0.02
4,2,45,0.0,0.0,1,propagule,1119,0,0,0.05630026809651475,True,0.01,0.02
4,2,46,0.0,0.0,1,propagule,1115,0,0,0.05829596412556054,True,0.01,0.02
4,2,47,0.0,0.0,1,propagule,1097,0,0,0.059252506836827715,True,0.01,0.02
4,2,48,0.0,0.0,1,propagule,1091,0,0,0.05866177818515124,True,0.01,0.02
4,2,49,0.0,0.0,1,propagule,1070,0,0,0.0616822429906542,True,0.01,0.02
4,2,50,0.0,0.0,1,propagule,1062,0,0,0.06308851224105462,True,0.01,0.02
4,2,51,0.0,0.0,1,propagule,1053,0,0,0.06362773029439696,True,0.01,0.02
4,2,52,0.0,0.0,1,propagule,1046,0,0,0.06787762906309751,True,0.01,0.02
4,3,1,0.0,0.0,1,propagule,1039,0,0,0.06448508180943215,True,0.01,0.02
4,3,2,0.0,0.0,1,propagule,1027,0,0,0.06621226874391431,True,0.01,0.02
4,3,3,0.0,0.0,1,propagule,1021,0,0,0.06562193927522038,True,0.01,0.02
4,3,4,0.0,0.0,1,propagule,1007,0,0,0.06752730883813307,True,0.01,0.02
4,3,5,0.0,0.0,1,propagule,997,0,0,0.06519558676028084,True,0.01,0.02
4,3,6,0.0,0.0,1,propagule,972,0,0,0.06790123456790123,True,0.01,0.02
4,3,7,0.0,0.0,1,propagule,969,0,0,0.06604747162022703,True,0.01,0.02
4,3,8,0.0,0.0,1,propagule,962,0,0,0.06964656964656965,True,0.01,0.02
4,3,9,0.0,0.0,1,propagule,947,0,0,0.0665258711721225,True,0.01,0.02
4,3,10,0.0,0.0,1,propagule,928,0,0,0.07112068965517242,True,0.01,0.02
4,3,11,0.0,0.0,1,propagule,919,0,0,0.06855277475516866,True,0.01,0.02
4,3,12,0.0,0.0,1,propagule,906,0,0,0.0695364238410596,True,0.01,0.02
4,3,13,0.0,0.0,1,propagule,902,0,0,0.06873614190687362,True,0.01,0.02
4,3,14,0.0,0.0,1,propagule,887,0,0,0.06764374295377677,True,0.01,0.02
4,3,15,0.0,0.0,1,propagule,886,0,0,0.06659142212189616,True,0.01,0.02
4,3,16,0.0,0.0,1,propagule,863,0,0,0.06836616454229433,True,0.01,0.02
4,3,17,0.0,0.0,1,propagule,860,0,0,0.06511627906976744,True,0.01,0.02
4,3,18,0.0,0.0,1,propagule,1833,0,0,0.031096563011456628,True,0.01,0.02
4,3,19,0.0,0.0,1,propagule,1803,0,0,0.03105934553521908,True,0.01,0.02
4,3,20,0.0,0.0,1,propagule,1753,0,0,0.032515687393040504,True,0.01,0.02
4,3,21,0.0,0.0,1,propagule,1681,0,0,0.03271861986912552,True,0.01,0.02
4,3,22,0.0,0.0,1,propagule,1635,0,0,0.03425076452599388,True,0.01,0.02
4,3,23,0.0,0.0,1,propagule,1598,0,0,0.03316645807259074,True,0.01,0.02
4,3,24,0.0,0.0,1,propagule,1555,0,0,0.03472668810289389,True,0.01,0.02
4,3,25,0.0,0.0,1,propagule,1494,0,0,0.03346720214190094,True,0.01,0.02
4,3,26,0.0,0.0,1,propagule,1480,0,0,0.03581081081081081,True,0.01,0.02
4,3,27,0.0,0.0,1,propagule,1433,0,0,0.03628750872295883,True,0.01,0.02
4,3,28,0.0,0.0,1,propagule,1394,0,0,0.036585365853658534,True,0.01,0.02
4,3,29,0.0,0.0,1,propagule,1345,0,0,0.03271375464684015,True,0.01,0.02
4,3,30,0.0,0.0,1,propagule,1322,0,0,0.03555219364599092,True,0.01,0.02
4,3,31,0.0,0.0,1,propagule,1276,0,0,0.034482758620689655,True,0.01,0.02
4,3,32,0.0,0.0,1,propagule,1242,0,0,0.03784219001610306,True,0.01,0.02
4,3,33,0.0,0.0,1,propagule,1198,0,0,0.035058430717863104,True,0.01,0.02
4,3,34,0.0,0.0,1,propagule,1200,0,0,0.0375,True,0.01,0.02
4,3,35,0.0,0.0,1,propagule,1152,0,0,0.034722222222222224,True,0.01,0.02
4,3,36,0.0,0.0,1,propagule,1159,0,0,0.04055220017256255,True,0.01,0.02
4,3,37,0.0,0.0,1,propagule,1121,0,0,0.03568242640499554,True,0.01,0.02
4,3,38,0.0,0.0,1,propagule,1113,0,0,0.03773584905660377,True,0.01,0.02
4,3,39,0.0,0.0,1,propagule,1096,0,0,0.040145985401459854,True,0.01,0.02
4,3,40,0.0,0.0,1,propagule,1082,0,0,0.04066543438077634,True,0.01,0.02
4,3,41,0.0,0.0,1,propagule,1064,0,0,0.042293233082706765,True,0.01,0.02
4,3,42,0.0,0.0,1,propagule,1049,0,0,0.04575786463298379,True,0.01,0.02
4,3,43,0.0,0.0,1,propagule,1075,0,0,0.07348837209302325,True,0.01,0.02
4,3,44,0.0,0.0,1,propagule,1047,0,0,0.06399235912129896,True,0.01,0.02
4,3,45,0.0,0.0,1,propagule,1045,0,0,0.0660287081339713,True,0.01,0.02
4,3,46,0.0,0.0,1,propagule,1026,0,0,0.0682261208576998,True,0.01,0.02
4,3,47,0.0,0.0,1,propagule,1018,0,0,0.07465618860510806,True,0.01,0.02
4,3,48,0.0,0.0,1,propagule,1007,0,0,0.07547169811320754,True,0.01,0.02
4,3,49,0.0,0.0,1,propagule,1008,0,0,0.07936507936507936,True,0.01,0.02
4,3,50,0.0,0.0,1,propagule,993,0,0,0.07955689828801611,True,0.01,0.02
4,3,51,0.0,0.0,1,propagule,989,0,0,0.0839231547017189,True,0.01,0.02
4,3,52,0.0,0.0,1,propagule,980,0,0,0.0826530612244898,True,0.01,0.02
4,4,1,0.0,0.0,1,propagule,973,0,0,0.08530318602261049,True,0.01,0.02
4,4,2,0.0,0.0,1,propagule,954,0,0,0.09014675052410902,True,0.01,0.02
4,4,3,0.0,0.0,1,propagule,939,0,0,0.08306709265175719,True,0.01,0.02
4,4,4,0.0,0.0,1,propagule,939,0,0,0.09052183173588925,True,0.01,0.02
4,4,5,0.0,0.0,1,propagule,923,0,0,0.08342361863488625,True,0.01,0.02
4,4,6,0.0,0.0,1,propagule,917,0,0,0.08833151581243184,True,0.01,0.02
4,4,7,0.0,0.0,1,propagule,909,0,0,0.08690869086908691,True,0.01,0.02
4,4,8,0.0,0.0,1,propagule,899,0,0,0.0867630700778643,True,0.01,0.02
4,4,9,0.0,0.0,1,propagule,890,0,0,0.08314606741573034,True,0.01,0.02
4,4,10,0.0,0.0,1,propagule,880,0,0,0.08636363636363636,True,0.01,0.02
4,4,11,0.0,0.0,1,propagule,865,0,0,0.08323699421965318,True,0.01,0.02
4,4,12,0.0,0.0,1,propagule,855,0,0,0.08771929824561403,True,0.01,0.02
4,4,13,0.0,0.0,1,propagule,849,0,0,0.0812720848056537,True,0.01,0.02
4,4,14,0.0,0.0,1,propagule,840,0,0,0.0869047619047619,True,0.01,0.02
4,4,15,0.0,0.0,1,propagule,825,0,0,0.08727272727272728,True,0.01,0.02
4,4,16,0.0,0.0,1,propagule,818,0,0,0.08801955990220049,True,0.01,0.02
4,4,17,0.0,0.0,1,propagule,811,0,0,0.09247842170160296,True,0.01,0.02
4,4,18,0.0,0.0,1,propagule,1636,0,0,0.044009779951100246,True,0.01,0.02
4,4,19,0.0,0.0,1,propagule,1621,0,0,0.04441702652683529,True,0.01,0.02
4,4,20,0.0,0.0,1,propagule,1580,0,0,0.04240506329113924,True,0.01,0.02
4,4,21,0.0,0.0,1,propagule,1548,0,0,0.04521963824289406,True,0.01,0.02
4,4,22,0.0,0.0,1,propagule,1519,0,0,0.04476629361421988,True,0.01,0.02
4,4,23,0.0,0.0,1,propagule,1474,0,0,0.04206241519674356,True,0.01,0.02
4,4,24,0.0,0.0,1,propagule,1413,0,0,0.04246284501061571,True,0.01,0.02
4,4,25,0.0,0.0,1,propagule,1405,0,0,0.04555160142348755,True,0.01,0.02
4,4,26,0.0,0.0,1,propagule,1344,0,0,0.04241071428571429,True,0.01,0.02
4,4,27,0.0,0.0,1,propagule,1329,0,0,0.04589917231000752,True,0.01,0.02
4,4,28,0.0,0.0,1,propagule,1265,0,0,0.043478260869565216,True,0.01,0.02
4,4,29,0.0,0.0,1,propagule,1241,0,0,0.046736502820306204,True,0.01,0.02
4,4,30,0.0,0.0,1,propagule,1195,0,0,0.042677824267782424,True,0.01,0.02
4,4,31,0.0,0.0,1,propagule,1169,0,0,0.04448246364414029,True,0.01,0.02
4,4,32,0.0,0.0,1,propagule,1105,0,0,0.04072398190045249,True,0.01,0.02
4,4,33,0.0,0.0,1,propagule,1079,0,0,0.04355885078776645,True,0.01,0.02
4,4,34,0.0,0.0,1,propagule,1043,0,0,0.04314477468839885,True,0.01,0.02
4,4,35,0.0,0.0,1,propagule,1046,0,0,0.05066921606118547,True,0.01,0.02
4,4,36,0.0,0.0,1,propagule,991,0,0,0.045408678102926335,True,0.01,0.02
4,4,37,0.0,0.0,1,propagule,983,0,0,0.054933875890132246,True,0.01,0.02
4,4,38,0.0,0.0,1,propagule,953,0,0,0.046169989506820566,True,0.01,0.02
4,4,39,0.0,0.0,1,propagule,951,0,0,0.052576235541535225,True,0.01,0.02
4,4,40,0.0,0.0,1,propagule,917,0,0,0.04471101417666303,True,0.01,0.02
4,4,41,0.0,0.0,1,propagule,918,0,0,0.05119825708061002,True,0.01,0.02
4,4,42,0.0,0.0,1,propagule,894,0,0,0.042505592841163314,True,0.01,0.02
4,4,43,0.0,0.0,1,propagule,914,0,0,0.0711159737417943,True,0.01,0.02
4,4,44,0.0,0.0,1,propagule,874,0,0,0.06178489702517163,True,0.01,0.02
4,4,45,0.0,0.0,1,propagule,868,0,0,0.06336405529953917,True,0.01,0.02
4,4,46,0.0,0.0,1,propagule,858,0,0,0.07342657342657342,True,0.01,0.02
4,4,47,0.0,0.0,1,propagule,846,0,0,0.06973995271867613,True,0.01,0.02
4,4,48,0.0,0.0,1,propagule,829,0,0,0.07237635705669482,True,0.01,0.02
4,4,49,0.0,0.0,1,propagule,826,0,0,0.07021791767554479,True,0.01,0.02
4,4,50,0.0,0.0,1,propagule,822,0,0,0.07664233576642336,True,0.01,0.02
4,4,51,0.0,0.0,1,propagule,807,0,0,0.07063197026022305,True,0.01,0.02
4,4,52,0.0,0.0,1,propagule,793,0,0,0.07313997477931904,True,0.01,0.02
4,5,1,0.0,0.0,1,propagule,780,0,0,0.06923076923076923,True,0.01,0.02
4,5,2,0.0,0.0,1,propagule,775,0,0,0.07483870967741936,True,0.01,0.02
4,5,3,0.0,0.0,1,propagule,760,0,0,0.07105263157894737,True,0.01,0.02
4,5,4,0.0,0.0,1,propagule,745,0,0,0.07516778523489932,True,0.01,0.02
4,5,5,0.0,0.0,1,propagule,729,0,0,0.07133058984910837,True,0.01,0.02
4,5,6,0.0,0.0,1,propagule,723,0,0,0.07330567081604426,True,0.01,0.02
4,5,7,0.0,0.0,1,propagule,702,0,0,0.0698005698005698,True,0.01,0.02
4,5,8,0.0,0.0,1,propagule,702,0,0,0.08262108262108261,True,0.01,0.02
4,5,9,0.0,0.0,1,propagule,686,0,0,0.07142857142857142,True,0.01,0.02
4,5,10,0.0,0.0,1,propagule,684,0,0,0.07748538011695906,True,0.01,0.02
4,5,11,0.0,0.0,1,propagule,673,0,0,0.07429420505200594,True,0.01,0.02
4,5,12,0.0,0.0,1,propagule,663,0,0,0.07692307692307693,True,0.01,0.02
4,5,13,0.0,0.0,1,propagule,652,0,0,0.07208588957055215,True,0.01,0.02
4,5,14,0.0,0.0,1,propagule,647,0,0,0.07573415765069552,True,0.01,0.02
4,5,15,0.0,0.0,1,propagule,640,0,0,0.0734375,True,0.01,0.02
4,5,16,0.0,0.0,1,propagule,629,0,0,0.07631160572337042,True,0.01,0.02
4,5,17,0.0,0.0,1,propagule,627,0,0,0.07974481658692185,True,0.01,0.02
4,5,18,0.0,0.0,1,propagule,1326,0,0,0.03469079939668175,True,0.01,0.02
4,5,19,0.0,0.0,1,propagule,1306,0,0,0.036753445635528334,True,0.01,0.02
4,5,20,0.0,0.0,1,propagule,1271,0,0,0.03619197482297404,True,0.01,0.02
4,5,21,0.0,0.0,1,propagule,1244,0,0,0.03858520900321544,True,0.01,0.02
4,5,22,0.0,0.0,1,propagule,1224,0,0,0.04003267973856209,True,0.01,0.02
4,5,23,0.0,0.0,1,propagule,1199,0,0,0.0408673894912427,True,0.01,0.02
4,5,24,0.0,0.0,1,propagule,1184,0,0,0.03969594594594594,True,0.01,0.02
4,5,25,0.0,0.0,1,propagule,1137,0,0,0.04133685136323659,True,0.01,0.02
4,5,26,0.0,0.0,1,propagule,1081,0,0,0.043478260869565216,True,0.01,0.02
4,5,27,0.0,0.0,1,propagule,1067,0,0,0.04498594189315839,True,0.01,0.02
4,5,28,0.0,0.0,1,propagule,1047,0,0,0.044890162368672396,True,0.01,0.02
4,5,29,0.0,0.0,1,propagule,995,0,0,0.04221105527638191,True,0.01,0.02
4,5,30,0.0,0.0,1,propagule,1013,0,0,0.044422507403751234,True,0.01,0.02
4,5,31,0.0,0.0,1,propagule,975,0,0,0.043076923076923075,True,0.01,0.02
4,5,32,0.0,0.0,1,propagule,971,0,0,0.04840370751802266,True,0.01,0.02
4,5,33,0.0,0.0,1,propagule,948,0,0,0.04746835443037975,True,0.01,0.02
4,5,34,0.0,0.0,1,propagule,928,0,0,0.05064655172413793,True,0.01,0.02
4,5,35,0.0,0.0,1,propagule,906,0,0,0.05077262693156733,True,0.01,0.02
4,5,36,0.0,0.0,1,propagule,888,0,0,0.0518018018018018,True,0.01,0.02
4,5,37,0.0,0.0,1,propagule,863,0,0,0.05909617612977984,True,0.01,0.02
4,5,38,0.0,0.0,1,propagule,848,0,0,0.054245283018867926,True,0.01,0.02
4,5,39,0.0,0.0,1,propagule,827,0,0,0.053204353083434096,True,0.01,0.02
4,5,40,0.0,0.0,1,propagule,832,0,0,0.06009615384615385,True,0.01,0.02
4,5,41,0.0,0.0,1,propagule,808,0,0,0.050742574257425746,True,0.01,0.02
4,5,42,0.0,0.0,1,propagule,798,0,0,0.05764411027568922,True,0.01,0.02
4,5,43,0.0,0.0,1,propagule,804,0,0,0.09950248756218906,True,0.01,0.02
4,5,44,0.0,0.0,1,propagule,801,0,0,0.10486891385767791,True,0.01,0.02
4,5,45,0.0,0.0,1,propagule,793,0,0,0.1021437578814628,True,0.01,0.02
4,5,46,0.0,0.0,1,propagule,788,0,0,0.10152284263959391,True,0.01,0.02
4,5,47,0.0,0.0,1,propagule,780,0,0,0.10384615384615385,True,0.01,0.02
4,5,48,0.0,0.0,1,propagule,776,0,0,0.10695876288659793,True,0.01,0.02
4,5,49,0.0,0.0,1,propagule,766,0,0,0.1122715404699739,True,0.01,0.02
4,5,50,0.0,0.0,1,propagule,759,0,0,0.11725955204216074,True,0.01,0.02
4,5,51,0.0,0.0,1,propagule,741,0,0,0.11605937921727395,True,0.01,0.02
4,5,52,0.0,0.0,1,propagule,730,0,0,0.1178082191780822,True,0.01,0.02
4,6,1,0.0,0.0,1,propagule,717,0,0,0.1199442119944212,True,0.01,0.02
4,6,2,0.0,0.0,1,propagule,719,0,0,0.12517385257301808,True,0.01,0.02
4,6,3,0.0,0.0,1,propagule,705,0,0,0.11773049645390071,True,0.01,0.02
4,6,4,0.0,0.0,1,propagule,700,0,0,0.12428571428571429,True,0.01,0.02
4,6,5,0.0,0.0,1,propagule,683,0,0,0.11420204978038068,True,0.01,0.02
4,6,6,0.0,0.0,1,propagule,680,0,0,0.12205882352941176,True,0.01,0.02
4,6,7,0.0,0.0,1,propagule,671,0,0,0.12220566318926974,True,0.01,0.02
4,6,8,0.0,0.0,1,propagule,657,0,0,0.1232876712328767,True,0.01,0.02
4,6,9,0.0,0.0,1,propagule,643,0,0,0.11975116640746501,True,0.01,0.02
4,6,10,0.0,0.0,1,propagule,640,0,0,0.1234375,True,0.01,0.02
4,6,11,0.0,0.0,1,propagule,628,0,0,0.11942675159235669,True,0.01,0.02
4,6,12,0.0,0.0,1,propagule,628,0,0,0.12420382165605096,True,0.01,0.02
4,6,13,0.0,0.0,1,propagule,617,0,0,0.12317666126418152,True,0.01,0.02
4,6,14,0.0,0.0,1,propagule,610,0,0,0.12131147540983607,True,0.01,0.02
4,6,15,0.0,0.0,1,propagule,600,0,0,0.12333333333333334,True,0.01,0.02
4,6,16,0.0,0.0,1,propagule,589,0,0,0.12393887945670629,True,0.01,0.02
4,6,17,0.0,0.0,1,propagule,582,0,0,0.12027491408934708,True,0.01,0.02
4,6,18,0.0,0.0,1,propagule,1288,0,0,0.05512422360248447,True,0.01,0.02
4,6,19,0.0,0.0,1,propagule,1262,0,0,0.05705229793977813,True,0.01,0.02
4,6,20,0.0,0.0,1,propagule,1206,0,0,0.05721393034825871,True,0.01,0.02
4,6,21,0.0,0.0,1,propagule,1164,0,0,0.06099656357388316,True,0.01,0.02
4,6,22,0.0,0.0,1,propagule,1108,0,0,0.055054151624548735,True,0.01,0.02
4,6,23,0.0,0.0,1,propagule,1082,0,0,0.05545286506469501,True,0.01,0.02
4,6,24,0.0,0.0,1,propagule,1043,0,0,0.05560882070949185,True,0.01,0.02
4,6,25,0.0,0.0,1,propagule,1028,0,0,0.057392996108949414,True,0.01,0.02
4,6,26,0.0,0.0,1,propagule,1018,0,0,0.05795677799607073,True,0.01,0.02
4,6,27,0.0,0.0,1,propagule,994,0,0,0.060362173038229376,True,0.01,0.02
4,6,28,0.0,0.0,1,propagule,960,0,0,0.058333333333333334,True,0.01,0.02
4,6,29,0.0,0.0,1,propagule,948,0,0,0.0580168776371308,True,0.01,0.02
4,6,30,0.0,0.0,1,propagule,931,0,0,0.05692803437164339,True,0.01,0.02
4,6,31,0.0,0.0,1,propagule,918,0,0,0.05773420479302832,True,0.01,0.02
4,6,32,0.0,0.0,1,propagule,887,0,0,0.060879368658399095,True,0.01,0.02
4,6,33,0.0,0.0,1,propagule,864,0,0,0.06018518518518518,True,0.01,0.02
4,6,34,0.0,0.0,1,propagule,833,0,0,0.06482593037214886,True,0.01,0.02
4,6,35,0.0,0.0,1,propagule,812,0,0,0.0603448275862069,True,0.01,0.02
4,6,36,0.0,0.0,1,propagule,774,0,0,0.06589147286821706,True,0.01,0.02
4,6,37,0.0,0.0,1,propagule,743,0,0,0.06191117092866756,True,0.01,0.02
4,6,38,0.0,0.0,1,propagule,729,0,0,0.06721536351165981,True,0.01,0.02
4,6,39,0.0,0.0,1,propagule,711,0,0,0.06188466947960619,True,0.01,0.02
4,6,40,0.0,0.0,1,propagule,693,0,0,0.06782106782106782,True,0.01,0.02
4,6,41,0.0,0.0,1,propagule,683,0,0,0.06442166910688141,True,0.01,0.02
4,6,42,0.0,0.0,1,propagule,674,0,0,0.06379821958456973,True,0.01,0.02
4,6,43,0.0,0.0,1,propagule,683,0,0,0.1054172767203514,True,0.01,0.02
4,6,44,0.0,0.0,1,propagule,668,0,0,0.09580838323353294,True,0.01,0.02
4,6,45,0.0,0.0,1,propagule,662,0,0,0.09063444108761329,True,0.01,0.02
4,6,46,0.0,0.0,1,propagule,652,0,0,0.08895705521472393,True,0.01,0.02
4,6,47,0.0,0.0,1,propagule,654,0,0,0.09480122324159021,True,0.01,0.02
4,6,48,0.0,0.0,1,propagule,647,0,0,0.0973724884080371,True,0.01,0.02
4,6,49,0.0,0.0,1,propagule,646,0,0,0.1021671826625387,True,0.01,0.02
4,6,50,0.0,0.0,1,propagule,630,0,0,0.09682539682539683,True,0.01,0.02
4,6,51,0.0,0.0,1,propagule,624,0,0,0.09615384615384616,True,0.01,0.02
4,6,52,0.0,0.0,1,propagule,617,0,0,0.10048622366288493,True,0.01,0.02
4,7,1,0.0,0.0,1,propagule,597,0,0,0.09547738693467336,True,0.01,0.02
4,7,2,0.0,0.0,1,propagule,595,0,0,0.10084033613445378,True,0.01,0.02
4,7,3,0.0,0.0,1,propagule,579,0,0,0.09844559585492228,True,0.01,0.02
4,7,4,0.0,0.0,1,propagule,579,0,0,0.1001727115716753,True,0.01,0.02
4,7,5,0.0,0.0,1,propagule,567,0,0,0.10405643738977072,True,0.01,0.02
4,7,6,0.0,0.0,1,propagule,552,0,0,0.10144927536231885,True,0.01,0.02
4,7,7,0.0,0.0,1,propagule,544,0,0,0.10661764705882353,True,0.01,0.02
4,7,8,0.0,0.0,1,propagule,537,0,0,0.1042830540037244,True,0.01,0.02
4,7,9,0.0,0.0,1,propagule,528,0,0,0.10416666666666667,True,0.01,0.02
4,7,10,0.0,0.0,1,propagule,523,0,0,0.10707456978967496,True,0.01,0.02
4,7,11,0.0,0.0,1,propagule,513,0,0,0.10721247563352826,True,0.01,0.02
4,7,12,0.0,0.0,1,propagule,506,0,0,0.1067193675889328,True,0.01,0.02
4,7,13,0.0,0.0,1,propagule,503,0,0,0.1073558648111332,True,0.01,0.02
4,7,14,0.0,0.0,1,propagule,492,0,0,0.09959349593495935,True,0.01,0.02
4,7,15,0.0,0.0,1,propagule,493,0,0,0.10344827586206896,True,0.01,0.02
4,7,16,0.0,0.0,1,propagule,479,0,0,0.10438413361169102,True,0.01,0.02
4,7,17,0.0,0.0,1,propagule,480,0,0,0.10625,True,0.01,0.02
4,7,18,0.0,0.0,1,propagule,1023,0,0,0.0469208211143695,True,0.01,0.02
4,7,19,0.0,0.0,1,propagule,999,0,0,0.04904904904904905,True,0.01,0.02
4,7,20,0.0,0.0,1,propagule,970,0,0,0.049484536082474224,True,0.01,0.02
4,7,21,0.0,0.0,1,propagule,953,0,0,0.048268625393494226,True,0.01,0.02
4,7,22,0.0,0.0,1,propagule,928,0,0,0.04849137931034483,True,0.01,0.02
4,7,23,0.0,0.0,1,propagule,901,0,0,0.048834628190899,True,0.01,0.02
4,7,24,0.0,0.0,1,propagule,886,0,0,0.050790067720090294,True,0.01,0.02
4,7,25,0.0,0.0,1,propagule,866,0,0,0.04849884526558892,True,0.01,0.02
4,7,26,0.0,0.0,1,propagule,856,0,0,0.05023364485981308,True,0.01,0.02
4,7,27,0.0,0.0,1,propagule,832,0,0,0.051682692307692304,True,0.01,0.02
4,7,28,0.0,0.0,1,propagule,835,0,0,0.05269461077844311,True,0.01,0.02
4,7,29,0.0,0.0,1,propagule,810,0,0,0.05432098765432099,True,0.01,0.02
4,7,30,0.0,0.0,1,propagule,796,0,0,0.05402010050251256,True,0.01,0.02
4,7,31,0.0,0.0,1,propagule,766,0,0,0.05613577023498695,True,0.01,0.02
4,7,32,0.0,0.0,1,propagule,742,0,0,0.057951482479784364,True,0.01,0.02
4,7,33,0.0,0.0,1,propagule,726,0,0,0.06060606060606061,True,0.01,0.02
4,7,34,0.0,0.0,1,propagule,698,0,0,0.05730659025787966,True,0.01,0.02
4,7,35,0.0,0.0,1,propagule,696,0,0,0.0603448275862069,True,0.01,0.02
4,7,36,0.0,0.0,1,propagule,681,0,0,0.06020558002936858,True,0.01,0.02
4,7,37,0.0,0.0,1,propagule,671,0,0,0.06110283159463487,True,0.01,0.02
4,7,38,0.0,0.0,1,propagule,654,0,0,0.06269113149847094,True,0.01,0.02
4,7,39,0.0,0.0,1,propagule,646,0,0,0.06191950464396285,True,0.01,0.02
4,7,40,0.0,0.0,1,propagule,633,0,0,0.0631911532385466,True,0.01,0.02
4,7,41,0.0,0.0,1,propagule,626,0,0,0.0670926517571885,True,0.01,0.02
4,7,42,0.0,0.0,1,propagule,616,0,0,0.06168831168831169,True,0.01,0.02
4,7,43,0.0,0.0,1,propagule,618,0,0,0.08090614886731391,True,0.01,0.02
4,7,44,0.0,0.0,1,propagule,608,0,0,0.0805921052631579,True,0.01,0.02
4,7,45,0.0,0.0,1,propagule,593,0,0,0.0775716694772344,True,0.01,0.02
4,7,46,0.0,0.0,1,propagule,585,0,0,0.08034188034188035,True,0.01,0.02
4,7,47,0.0,0.0,1,propagule,572,0,0,0.08391608391608392,True,0.01,0.02
4,7,48,0.0,0.0,1,propagule,565,0,0,0.0831858407079646,True,0.01,0.02
4,7,49,0.0,0.0,1,propagule,561,0,0,0.0855614973262032,True,0.01,0.02
4,7,50,0.0,0.0,1,propagule,549,0,0,0.08014571948998178,True,0.01,0.02
4,7,51,0.0,0.0,1,propagule,540,0,0,0.08148148148148149,True,0.01,0.02
4,7,52,0.0,0.0,1,propagule,529,0,0,0.07750472589792061,True,0.01,0.02
4,8,1,0.0,0.0,1,propagule,523,0,0,0.0745697896749522,True,0.01,0.02
4,8,2,0.0,0.0,1,propagule,515,0,0,0.07961165048543689,True,0.01,0.02
4,8,3,0.0,0.0,1,propagule,506,0,0,0.07905138339920949,True,0.01,0.02
4,8,4,0.0,0.0,1,propagule,505,0,0,0.08118811881188119,True,0.01,0.02
4,8,5,0.0,0.0,1,propagule,489,0,0,0.07566462167689161,True,0.01,0.02
4,8,6,0.0,0.0,1,propagule,481,0,0,0.07484407484407485,True,0.01,0.02
4,8,7,0.0,0.0,1,propagule,473,0,0,0.07610993657505286,True,0.01,0.02
4,8,8,0.0,0.0,1,propagule,468,0,0,0.07692307692307693,True,0.01,0.02
4,8,9,0.0,0.0,1,propagule,463,0,0,0.07991360691144708,True,0.01,0.02
4,8,10,0.0,0.0,1,propagule,455,0,0,0.07692307692307693,True,0.01,0.02
4,8,11,0.0,0.0,1,propagule,454,0,0,0.08149779735682819,True,0.01,0.02
4,8,12,0.0,0.0,1,propagule,443,0,0,0.07900677200902935,True,0.01,0.02
4,8,13,0.0,0.0,1,propagule,440,0,0,0.08181818181818182,True,0.01,0.02
4,8,14,0.0,0.0,1,propagule,430,0,0,0.08139534883720931,True,0.01,0.02
4,8,15,0.0,0.0,1,propagule,428,0,0,0.08177570093457943,True,0.01,0.02
4,8,16,0.0,0.0,1,propagule,426,0,0,0.08450704225352113,True,0.01,0.02
4,8,17,0.0,0.0,1,propagule,424,0,0,0.08254716981132075,True,0.01,0.02
4,8,18,0.0,0.0,1,propagule,939,0,0,0.039403620873269436,True,0.01,0.02
4,8,19,0.0,0.0,1,propagule,915,0,0,0.03825136612021858,True,0.01,0.02
4,8,20,0.0,0.0,1,propagule,901,0,0,0.041065482796892344,True,0.01,0.02
4,8,21,0.0,0.0,1,propagule,864,0,0,0.03935185185185185,True,0.01,0.02
4,8,22,0.0,0.0,1,propagule,864,0,0,0.041666666666666664,True,0.01,0.02
4,8,23,0.0,0.0,1,propagule,831,0,0,0.039711191335740074,True,0.01,0.02
4,8,24,0.0,0.0,1,propagule,813,0,0,0.04305043050430504,True,0.01,0.02
4,8,25,0.0,0.0,1,propagule,789,0,0,0.04182509505703422,True,0.01,0.02
4,8,26,0.0,0.0,1,propagule,772,0,0,0.04145077720207254,True,0.01,0.02
4,8,27,0.0,0.0,1,propagule,768,0,0,0.045572916666666664,True,0.01,0.02
4,8,28,0.0,0.0,1,propagule,745,0,0,0.042953020134228186,True,0.01,0.02
4,8,29,0.0,0.0,1,propagule,739,0,0,0.04194857916102842,True,0.01,0.02
4,8,30,0.0,0.0,1,propagule,726,0,0,0.04132231404958678,True,0.01,0.02
4,8,31,0.0,0.0,1,propagule,713,0,0,0.043478260869565216,True,0.01,0.02
4,8,32,0.0,0.0,1,propagule,699,0,0,0.04148783977110158,True,0.01,0.02
4,8,33,0.0,0.0,1,propagule,677,0,0,0.0413589364844904,True,0.01,0.02
4,8,34,0.0,0.0,1,propagule,654,0,0,0.04128440366972477,True,0.01,0.02
4,8,35,0.0,0.0,1,propagule,641,0,0,0.0421216848673947,True,0.01,0.02
4,8,36,0.0,0.0,1,propagule,626,0,0,0.04472843450479233,True,0.01,0.02
4,8,37,0.0,0.0,1,propagule,623,0,0,0.052969502407704656,True,0.01,0.02
4,8,38,0.0,0.0,1,propagule,605,0,0,0.047933884297520664,True,0.01,0.02
4,8,39,0.0,0.0,1,propagule,594,0,0,0.04377104377104377,True,0.01,0.02
4,8,40,0.0,0.0,1,propagule,589,0,0,0.04584040747028863,True,0.01,0.02
4,8,41,0.0,0.0,1,propagule,580,0,0,0.04310344827586207,True,0.01,0.02
4,8,42,0.0,0.0,1,propagule,581,0,0,0.05163511187607573,True,0.01,0.02
4,8,43,0.0,0.0,1,propagule,577,0,0,0.06412478336221837,True,0.01,0.02
4,8,44,0.0,0.0,1,propagule,571,0,0,0.0647985989492119,True,0.01,0.02
4,8,45,0.0,0.0,1,propagule,539,0,0,0.055658627087198514,True,0.01,0.02
4,8,46,0.0,0.0,1,propagule,536,0,0,0.054104477611940295,True,0.01,0.02
4,8,47,0.0,0.0,1,propagule,525,0,0,0.049523809523809526,True,0.01,0.02
4,8,48,0.0,0.0,1,propagule,517,0,0,0.05222437137330754,True,0.01,0.02
4,8,49,0.0,0.0,1,propagule,512,0,0,0.048828125,True,0.01,0.02
4,8,50,0.0,0.0,1,propagule,503,0,0,0.04970178926441352,True,0.01,0.02
4,8,51,0.0,0.0,1,propagule,496,0,0,0.04838709677419355,True,0.01,0.02
4,8,52,0.0,0.0,1,propagule,490,0,0,0.05102040816326531,True,0.01,0.02
4,9,1,0.0,0.0,1,propagule,479,0,0,0.05010438413361169,True,0.01,0.02
4,9,2,0.0,0.0,1,propagule,471,0,0,0.05307855626326964,True,0.01,0.02
4,9,3,0.0,0.0,1,propagule,463,0,0,0.04967602591792657,True,0.01,0.02
4,9,4,0.0,0.0,1,propagule,462,0,0,0.05627705627705628,True,0.01,0.02
4,9,5,0.0,0.0,1,propagule,452,0,0,0.05088495575221239,True,0.01,0.02
4,9,6,0.0,0.0,1,propagule,450,0,0,0.05555555555555555,True,0.01,0.02
4,9,7,0.0,0.0,1,propagule,440,0,0,0.05227272727272727,True,0.01,0.02
4,9,8,0.0,0.0,1,propagule,432,0,0,0.05787037037037037,True,0.01,0.02
4,9,9,0.0,0.0,1,propagule,421,0,0,0.05463182897862233,True,0.01,0.02
4,9,10,0.0,0.0,1,propagule,419,0,0,0.05489260143198091,True,0.01,0.02
4,9,11,0.0,0.0,1,propagule,414,0,0,0.05555555555555555,True,0.01,0.02
4,9,12,0.0,0.0,1,propagule,417,0,0,0.0671462829736211,True,0.01,0.02
4,9,13,0.0,0.0,1,propagule,399,0,0,0.05764411027568922,True,0.01,0.02
4,9,14,0.0,0.0,1,propagule,395,0,0,0.06329113924050633,True,0.01,0.02
4,9,15,0.0,0.0,1,propagule,391,0,0,0.058823529411764705,True,0.01,0.02
4,9,16,0.0,0.0,1,propagule,388,0,0,0.06443298969072164,True,0.01,0.02
4,9,17,0.0,0.0,1,propagule,383,0,0,0.06005221932114883,True,0.01,0.02
4,9,18,0.0,0.0,1,propagule,798,0,0,0.023809523809523808,True,0.01,0.02
4,9,19,0.0,0.0,1,propagule,776,0,0,0.02190721649484536,True,0.01,0.02
4,9,20,0.0,0.0,1,propagule,761,0,0,0.023653088042049936,True,0.01,0.02
4,9,21,0.0,0.0,1,propagule,735,0,0,0.021768707482993196,True,0.01,0.02
4,9,22,0.0,0.0,1,propagule,719,0,0,0.022253129346314324,True,0.01,0.02
4,9,23,0.0,0.0,1,propagule,696,0,0,0.022988505747126436,True,0.01,0.02
4,9,24,0.0,0.0,1,propagule,675,0,0,0.025185185185185185,True,0.01,0.02
4,9,25,0.0,0.0,1,propagule,661,0,0,0.024205748865355523,True,0.01,0.02
4,9,26,0.0,0.0,1,propagule,664,0,0,0.02710843373493976,True,0.01,0.02
4,9,27,0.0,0.0,1,propagule,641,0,0,0.0249609984399376,True,0.01,0.02
4,9,28,0.0,0.0,1,propagule,628,0,0,0.028662420382165606,True,0.01,0.02
4,9,29,0.0,0.0,1,propagule,598,0,0,0.02508361204013378,True,0.01,0.02
4,9,30,0.0,0.0,1,propagule,571,0,0,0.0297723292469352,True,0.01,0.02
4,9,31,0.0,0.0,1,propagule,551,0,0,0.025408348457350273,True,0.01,0.02
4,9,32,0.0,0.0,1,propagule,545,0,0,0.025688073394495414,True,0.01,0.02
4,9,33,0.0,0.0,1,propagule,525,0,0,0.022857142857142857,True,0.01,0.02
4,9,34,0.0,0.0,1,propagule,503,0,0,0.02584493041749503,True,0.01,0.02
4,9,35,0.0,0.0,1,propagule,490,0,0,0.024489795918367346,True,0.01,0.02
4,9,36,0.0,0.0,1,propagule,483,0,0,0.026915113871635612,True,0.01,0.02
4,9,37,0.0,0.0,1,propagule,471,0,0,0.025477707006369428,True,0.01,0.02
4,9,38,0.0,0.0,1,propagule,467,0,0,0.029978586723768737,True,0.01,0.02
4,9,39,0.0,0.0,1,propagule,459,0,0,0.026143790849673203,True,0.01,0.02
4,9,40,0.0,0.0,1,propagule,457,0,0,0.030634573304157548,True,0.01,0.02
4,9,41,0.0,0.0,1,propagule,445,0,0,0.02696629213483146,True,0.01,0.02
4,9,42,0.0,0.0,1,propagule,437,0,0,0.029748283752860413,True,0.01,0.02
4,9,43,0.0,0.0,1,propagule,435,0,0,0.04597701149425287,True,0.01,0.02
4,9,44,0.0,0.0,1,propagule,432,0,0,0.041666666666666664,True,0.01,0.02
4,9,45,0.0,0.0,1,propagule,430,0,0,0.04186046511627907,True,0.01,0.02
4,9,46,0.0,0.0,1,propagule,427,0,0,0.04449648711943794,True,0.01,0.02
4,9,47,0.0,0.0,1,propagule,422,0,0,0.045023696682464455,True,0.01,0.02
4,9,48,0.0,0.0,1,propagule,408,0,0,0.041666666666666664,True,0.01,0.02
4,9,49,0.0,0.0,1,propagule,399,0,0,0.042606516290726815,True,0.01,0.02
4,9,50,0.0,0.0,1,propagule,393,0,0,0.043256997455470736,True,0.01,0.02
4,9,51,0.0,0.0,1,propagule,387,0,0,0.04392764857881137,True,0.01,0.02
4,9,52,0.0,0.0,1,propagule,381,0,0,0.05249343832020997,True,0.01,0.02
4,10,1,0.0,0.0,1,propagule,364,0,0,0.046703296703296704,True,0.01,0.02
4,10,2,0.0,0.0,1,propagule,363,0,0,0.046831955922865015,True,0.01,0.02
4,10,3,0.0,0.0,1,propagule,354,0,0,0.03954802259887006,True,0.01,0.02
4,10,4,0.0,0.0,1,propagule,349,0,0,0.04297994269340974,True,0.01,0.02
4,10,5,0.0,0.0,1,propagule,341,0,0,0.03812316715542522,True,0.01,0.02
4,10,6,0.0,0.0,1,propagule,333,0,0,0.042042042042042045,True,0.01,0.02
4,10,7,0.0,0.0,1,propagule,331,0,0,0.04229607250755287,True,0.01,0.02
4,10,8,0.0,0.0,1,propagule,324,0,0,0.037037037037037035,True,0.01,0.02
4,10,9,0.0,0.0,1,propagule,324,0,0,0.05246913580246913,True,0.01,0.02
4,10,10,0.0,0.0,1,propagule,317,0,0,0.03785488958990536,True,0.01,0.02
4,10,11,0.0,0.0,1,propagule,315,0,0,0.044444444444444446,True,0.01,0.02
4,10,12,0.0,0.0,1,propagule,308,0,0,0.032467532467532464,True,0.01,0.02
4,10,13,0.0,0.0,1,propagule,306,0,0,0.042483660130718956,True,0.01,0.02
4,10,14,0.0,0.0,1,propagule,303,0,0,0.039603960396039604,True,0.01,0.02
4,10,15,0.0,0.0,1,propagule,296,0,0,0.037162162162162164,True,0.01,0.02
4,10,16,0.0,0.0,1,propagule,294,0,0,0.04421768707482993,True,0.01,0.02
4,10,17,0.0,0.0,1,propagule,283,0,0,0.0353356890459364,True,0.01,0.02
4,10,18,0.0,0.0,1,propagule,672,0,0,0.022321428571428572,True,0.01,0.02
4,10,19,0.0,0.0,1,propagule,648,0,0,0.013888888888888888,True,0.01,0.02
4,10,20,0.0,0.0,1,propagule,628,0,0,0.01751592356687898,True,0.01,0.02
4,10,21,0.0,0.0,1,propagule,619,0,0,0.017770597738287562,True,0.01,0.02
4,10,22,0.0,0.0,1,propagule,596,0,0,0.015100671140939598,True,0.01,0.02
4,10,23,0.0,0.0,1,propagule,588,0,0,0.02040816326530612,True,0.01,0.02
4,10,24,0.0,0.0,1,propagule,561,0,0,0.016042780748663103,True,0.01,0.02
4,10,25,0.0,0.0,1,propagule,556,0,0,0.017985611510791366,True,0.01,0.02
4,10,26,0.0,0.0,1,propagule,541,0,0,0.0166358595194085,True,0.01,0.02
4,10,27,0.0,0.0,1,propagule,547,0,0,0.021937842778793418,True,0.01,0.02
4,10,28,0.0,0.0,1,propagule,524,0,0,0.019083969465648856,True,0.01,0.02
4,10,29,0.0,0.0,1,propagule,511,0,0,0.019569471624266144,True,0.01,0.02
4,10,30,0.0,0.0,1,propagule,488,0,0,0.020491803278688523,True,0.01,0.02
4,10,31,0.0,0.0,1,propagule,466,0,0,0.017167381974248927,True,0.01,0.02
4,10,32,0.0,0.0,1,propagule,444,0,0,0.015765765765765764,True,0.01,0.02
4,10,33,0.0,0.0,1,propagule,443,0,0,0.01805869074492099,True,0.01,0.02
4,10,34,0.0,0.0,1,propagule,431,0,0,0.013921113689095127,True,0.01,0.02
4,10,35,0.0,0.0,1,propagule,427,0,0,0.01873536299765808,True,0.01,0.02
4,10,36,0.0,0.0,1,propagule,414,0,0,0.014492753623188406,True,0.01,0.02
4,10,37,0.0,0.0,1,propagule,409,0,0,0.017114914425427872,True,0.01,0.02
4,10,38,0.0,0.0,1,propagule,406,0,0,0.014778325123152709,True,0.01,0.02
4,10,39,0.0,0.0,1,propagule,401,0,0,0.017456359102244388,True,0.01,0.02
4,10,40,0.0,0.0,1,propagule,397,0,0,0.015113350125944584,True,0.01,0.02
4,10,41,0.0,0.0,1,propagule,393,0,0,0.017811704834605598,True,0.01,0.02
4,10,42,0.0,0.0,1,propagule,383,0,0,0.018276762402088774,True,0.01,0.02
4,10,43,0.0,0.0,1,propagule,370,0,0,0.04054054054054054,True,0.01,0.02
4,10,44,0.0,0.0,1,propagule,354,0,0,0.022598870056497175,True,0.01,0.02
4,10,45,0.0,0.0,1,propagule,347,0,0,0.03170028818443804,True,0.01,0.02
4,10,46,0.0,0.0,1,propagule,339,0,0,0.02064896755162242,True,0.01,0.02
4,10,47,0.0,0.0,1,propagule,336,0,0,0.020833333333333332,True,0.01,0.02
4,10,48,0.0,0.0,1,propagule,335,0,0,0.020895522388059702,True,0.01,0.02
4,10,49,0.0,0.0,1,propagule,328,0,0,0.018292682926829267,True,0.01,0.02
4,10,50,0.0,0.0,1,propagule,329,0,0,0.0243161094224924,True,0.01,0.02
4,10,51,0.0,0.0,1,propagule,326,0,0,0.02147239263803681,True,0.01,0.02
4,10,52,0.0,0.0,1,propagule,318,0,0,0.0220125786163522,True,0.01,0.02
4,1,1,0.0,0.0,1,propagule,1047,0,0,0.0,True,0.01,0.025
4,1,2,0.0,0.0,1,propagule,1043,0,0,0.0,True,0.01,0.025
4,1,3,0.0,0.0,1,propagule,1020,0,0,0.000980392156862745,True,0.01,0.025
4,1,4,0.0,0.0,1,propagule,1020,0,0,0.00196078431372549,True,0.01,0.025
4,1,5,0.0,0.0,1,propagule,1006,0,0,0.002982107355864811,True,0.01,0.025
4,1,6,0.0,0.0,1,propagule,1005,0,0,0.004975124378109453,True,0.01,0.025
4,1,7,0.0,0.0,1,propagule,1003,0,0,0.004985044865403789,True,0.01,0.025
4,1,8,0.0,0.0,1,propagule,991,0,0,0.006054490413723511,True,0.01,0.025
4,1,9,0.0,0.0,1,propagule,972,0,0,0.00411522633744856,True,0.01,0.025
4,1,10,0.0,0.0,1,propagule,968,0,0,0.005165289256198347,True,0.01,0.025
4,1,11,0.0,0.0,1,propagule,929,0,0,0.004305705059203444,True,0.01,0.025
4,1,12,0.0,0.0,1,propagule,933,0,0,0.006430868167202572,True,0.01,0.025
4,1,13,0.0,0.0,1,propagule,906,0,0,0.005518763796909493,True,0.01,0.025
4,1,14,0.0,0.0,1,propagule,925,0,0,0.00972972972972973,True,0.01,0.025
4,1,15,0.0,0.0,1,propagule,897,0,0,0.010033444816053512,True,0.01,0.025
4,1,16,0.0,0.0,1,propagule,893,0,0,0.010078387458006719,True,0.01,0.025
4,1,17,0.0,0.0,1,propagule,872,0,0,0.005733944954128441,True,0.01,0.025
4,1,18,0.0,0.0,1,propagule,2535,0,0,0.0027613412228796844,True,0.01,0.025
4,1,19,0.0,0.0,1,propagule,2508,0,0,0.0027910685805422647,True,0.01,0.025
4,1,20,0.0,0.0,1,propagule,2428,0,0,0.002883031301482702,True,0.01,0.025
4,1,21,0.0,0.0,1,propagule,2384,0,0,0.003355704697986577,True,0.01,0.025
4,1,22,0.0,0.0,1,propagule,2286,0,0,0.003499562554680665,True,0.01,0.025
4,1,23,0.0,0.0,1,propagule,2226,0,0,0.0035938903863432167,True,0.01,0.025
4,1,24,0.0,0.0,1,propagule,2168,0,0,0.0036900369003690036,True,0.01,0.025
4,1,25,0.0,0.0,1,propagule,2121,0,0,0.003771805752003772,True,0.01,0.025
4,1,26,0.0,0.0,1,propagule,2061,0,0,0.004366812227074236,True,0.01,0.025
4,1,27,0.0,0.0,1,propagule,2021,0,0,0.004453240969816922,True,0.01,0.025
4,1,28,0.0,0.0,1,propagule,1968,0,0,0.00508130081300813,True,0.01,0.025
4,1,29,0.0,0.0,1,propagule,1903,0,0,0.005254860746190226,True,0.01,0.025
4,1,30,0.0,0.0,1,propagule,1830,0,0,0.006010928961748634,True,0.01,0.025
4,1,31,0.0,0.0,1,propagule,1794,0,0,0.006131549609810479,True,0.01,0.025
4,1,32,0.0,0.0,1,propagule,1756,0,0,0.00683371298405467,True,0.01,0.025
4,1,33,0.0,0.0,1,propagule,1718,0,0,0.007566938300349243,True,0.01,0.025
4,1,34,0.0,0.0,1,propagule,1674,0,0,0.007765830346475508,True,0.01,0.025
4,1,35,0.0,0.0,1,propagule,1632,0,0,0.007965686274509803,True,0.01,0.025
4,1,36,0.0,0.0,1,propagule,1618,0,0,0.00865265760197775,True,0.01,0.025
4,1,37,0.0,0.0,1,propagule,1577,0,0,0.011414077362079899,True,0.01,0.025
4,1,38,0.0,0.0,1,propagule,1549,0,0,0.010329244673983214,True,0.01,0.025
4,1,39,0.0,0.0,1,propagule,1518,0,0,0.011198945981554678,True,0.01,0.025
4,1,40,0.0,0.0,1,propagule,1478,0,0,0.010148849797023005,True,0.01,0.025
4,1,41,0.0,0.0,1,propagule,1446,0,0,0.01037344398340249,True,0.01,0.025
4,1,42,0.0,0.0,1,propagule,1434,0,0,0.010460251046025104,True,0.01,0.025
4,1,43,0.0,0.0,1,propagule,1440,0,0,0.021527777777777778,True,0.01,0.025
4,1,44,0.0,0.0,1,propagule,1412,0,0,0.0226628895184136,True,0.01,0.025
4,1,45,0.0,0.0,1,propagule,1384,0,0,0.019508670520231215,True,0.01,0.025
4,1,46,0.0,0.0,1,propagule,1371,0,0,0.019693654266958426,True,0.01,0.025
4,1,47,0.0,0.0,1,propagule,1352,0,0,0.019230769230769232,True,0.01,0.025
4,1,48,0.0,0.0,1,propagule,1340,0,0,0.022388059701492536,True,0.01,0.025
4,1,49,0.0,0.0,1,propagule,1319,0,0,0.02047005307050796,True,0.01,0.025
4,1,50,0.0,0.0,1,propagule,1306,0,0,0.023736600306278714,True,0.01,0.025
4,1,51,0.0,0.0,1,propagule,1303,0,0,0.023791250959324637,True,0.01,0.025
4,1,52,0.0,0.0,1,propagule,1285,0,0,0.02801556420233463,True,0.01,0.025
4,2,1,0.0,0.0,1,propagule,1267,0,0,0.026835043409629045,True,0.01,0.025
4,2,2,0.0,0.0,1,propagule,1247,0,0,0.028067361668003207,True,0.01,0.025
4,2,3,0.0,0.0,1,propagule,1247,0,0,0.03207698476343224,True,0.01,0.025
4,2,4,0.0,0.0,1,propagule,1224,0,0,0.031862745098039214,True,0.01,0.025
4,2,5,0.0,0.0,1,propagule,1216,0,0,0.033717105263157895,True,0.01,0.025
4,2,6,0.0,0.0,1,propagule,1199,0,0,0.0316930775646372,True,0.01,0.025
4,2,7,0.0,0.0,1,propagule,1189,0,0,0.03616484440706476,True,0.01,0.025
4,2,8,0.0,0.0,1,propagule,1172,0,0,0.034129692832764506,True,0.01,0.025
4,2,9,0.0,0.0,1,propagule,1151,0,0,0.03301476976542137,True,0.01,0.025
4,2,10,0.0,0.0,1,propagule,1143,0,0,0.031496062992125984,True,0.01,0.025
4,2,11,0.0,0.0,1,propagule,1118,0,0,0.03220035778175313,True,0.01,0.025
4,2,12,0.0,0.0,1,propagule,1116,0,0,0.03136200716845878,True,0.01,0.025
4,2,13,0.0,0.0,1,propagule,1101,0,0,0.03360581289736603,True,0.01,0.025
4,2,14,0.0,0.0,1,propagule,1089,0,0,0.03213957759412305,True,0.01,0.025
4,2,15,0.0,0.0,1,propagule,1070,0,0,0.03364485981308411,True,0.01,0.025
4,2,16,0.0,0.0,1,propagule,1061,0,0,0.03204524033930255,True,0.01,0.025
4,2,17,0.0,0.0,1,propagule,1054,0,0,0.03415559772296015,True,0.01,0.025
4,2,18,0.0,0.0,1,propagule,1908,0,0,0.01781970649895178,True,0.01,0.025
4,2,19,0.0,0.0,1,propagule,1871,0,0,0.017103153393907,True,0.01,0.025
4,2,20,0.0,0.0,1,propagule,1834,0,0,0.020174482006543076,True,0.01,0.025
4,2,21,0.0,0.0,1,propagule,1761,0,0,0.018739352640545145,True,0.01,0.025
4,2,22,0.0,0.0,1,propagule,1731,0,0,0.021374927787406125,True,0.01,0.025
4,2,23,0.0,0.0,1,propagule,1680,0,0,0.017857142857142856,True,0.01,0.025
4,2,24,0.0,0.0,1,propagule,1660,0,0,0.02108433734939759,True,0.01,0.025
4,2,25,0.0,0.0,1,propagule,1620,0,0,0.018518518518518517,True,0.01,0.025
4,2,26,0.0,0.0,1,propagule,1591,0,0,0.021370207416719043,True,0.01,0.025
4,2,27,0.0,0.0,1,propagule,1546,0,0,0.02069857697283312,True,0.01,0.025
4,2,28,0.0,0.0,1,propagule,1536,0,0,0.025390625,True,0.01,0.025
4,2,29,0.0,0.0,1,propagule,1508,0,0,0.021883289124668436,True,0.01,0.025
4,2,30,0.0,0.0,1,propagule,1455,0,0,0.02336769759450172,True,0.01,0.025
4,2,31,0.0,0.0,1,propagule,1384,0,0,0.02167630057803468,True,0.01,0.025
4,2,32,0.0,0.0,1,propagule,1362,0,0,0.024963289280469897,True,0.01,0.025
4,2,33,0.0,0.0,1,propagule,1330,0,0,0.022556390977443608,True,0.01,0.025
4,2,34,0.0,0.0,1,propagule,1311,0,0,0.02593440122044241,True,0.01,0.025
4,2,35,0.0,0.0,1,propagule,1262,0,0,0.021394611727416798,True,0.01,0.025
4,2,36,0.0,0.0,1,propagule,1254,0,0,0.03349282296650718,True,0.01,0.025
4,2,37,0.0,0.0,1,propagule,1204,0,0,0.02574750830564784,True,0.01,0.025
4,2,38,0.0,0.0,1,propagule,1178,0,0,0.02801358234295416,True,0.01,0.025
4,2,39,0.0,0.0,1,propagule,1151,0,0,0.030408340573414423,True,0.01,0.025
4,2,40,0.0,0.0,1,propagule,1139,0,0,0.0324846356453029,True,0.01,0.025
4,2,41,0.0,0.0,1,propagule,1108,0,0,0.0315884476534296,True,0.01,0.025
4,2,42,0.0,0.0,1,propagule,1100,0,0,0.035454545454545454,True,0.01,0.025
4,2,43,0.0,0.0,1,propagule,1161,0,0,0.06976744186046512,True,0.01,0.025
4,2,44,0.0,0.0,1,propagule,1102,0,0,0.04900181488203267,True,0.01,0.025
4,2,45,0.0,0.0,1,propagule,1047,0,0,0.04202483285577841,True,0.01,0.025
4,2,46,0.0,0.0,1,propagule,1062,0,0,0.05084745762711865,True,0.01,0.025
4,2,47,0.0,0.0,1,propagule,1010,0,0,0.04356435643564356,True,0.01,0.025
4,2,48,0.0,0.0,1,propagule,1021,0,0,0.04995102840352596,True,0.01,0.025
4,2,49,0.0,0.0,1,propagule,1006,0,0,0.04671968190854871,True,0.01,0.025
4,2,50,0.0,0.0,1,propagule,1001,0,0,0.04995004995004995,True,0.01,0.025
4,2,51,0.0,0.0,1,propagule,992,0,0,0.05241935483870968,True,0.01,0.025
4,2,52,0.0,0.0,1,propagule,979,0,0,0.05311542390194075,True,0.01,0.025
4,3,1,0.0,0.0,1,propagule,957,0,0,0.0522466039707419,True,0.01,0.025
4,3,2,0.0,0.0,1,propagule,963,0,0,0.058151609553478714,True,0.01,0.025
4,3,3,0.0,0.0,1,propagule,940,0,0,0.05425531914893617,True,0.01,0.025
4,3,4,0.0,0.0,1,propagule,931,0,0,0.05692803437164339,True,0.01,0.025
4,3,5,0.0,0.0,1,propagule,911,0,0,0.0570801317233809,True,0.01,0.025
4,3,6,0.0,0.0,1,propagule,910,0,0,0.06263736263736264,True,0.01,0.025
4,3,7,0.0,0.0,1,propagule,899,0,0,0.06117908787541713,True,0.01,0.025
4,3,8,0.0,0.0,1,propagule,891,0,0,0.06621773288439955,True,0.01,0.025
4,3,9,0.0,0.0,1,propagule,867,0,0,0.06113033448673587,True,0.01,0.025
4,3,10,0.0,0.0,1,propagule,863,0,0,0.06488991888760139,True,0.01,0.025
4,3,11,0.0,0.0,1,propagule,852,0,0,0.05985915492957746,True,0.01,0.025
4,3,12,0.0,0.0,1,propagule,840,0,0,0.06547619047619048,True,0.01,0.025
4,3,13,0.0,0.0,1,propagule,817,0,0,0.06242350061199511,True,0.01,0.025
4,3,14,0.0,0.0,1,propagule,814,0,0,0.0687960687960688,True,0.01,0.025
4,3,15,0.0,0.0,1,propagule,788,0,0,0.0583756345177665,True,0.01,0.025
4,3,16,0.0,0.0,1,propagule,791,0,0,0.06700379266750948,True,0.01,0.025
4,3,17,0.0,0.0,1,propagule,773,0,0,0.05821474773609314,True,0.01,0.025
4,3,18,0.0,0.0,1,propagule,1818,0,0,0.028602860286028604,True,0.01,0.025
4,3,19,0.0,0.0,1,propagule,1739,0,0,0.025301897642323174,True,0.01,0.025
4,3,20,0.0,0.0,1,propagule,1689,0,0,0.027235050325636473,True,0.01,0.025
4,3,21,0.0,0.0,1,propagule,1646,0,0,0.030984204131227218,True,0.01,0.025
4,3,22,0.0,0.0,1,propagule,1589,0,0,0.030207677784770296,True,0.01,0.025
4,3,23,0.0,0.0,1,propagule,1576,0,0,0.031725888324873094,True,0.01,0.025
4,3,24,0.0,0.0,1,propagule,1506,0,0,0.03253652058432935,True,0.01,0.025
4,3,25,0.0,0.0,1,propagule,1477,0,0,0.03046716316858497,True,0.01,0.025
4,3,26,0.0,0.0,1,propagule,1426,0,0,0.03155680224403927,True,0.01,0.025
4,3,27,0.0,0.0,1,propagule,1388,0,0,0.032420749279538905,True,0.01,0.025
4,3,28,0.0,0.0,1,propagule,1335,0,0,0.03520599250936329,True,0.01,0.025
4,3,29,0.0,0.0,1,propagule,1289,0,0,0.037238169123351435,True,0.01,0.025
4,3,30,0.0,0.0,1,propagule,1272,0,0,0.04009433962264151,True,0.01,0.025
4,3,31,0.0,0.0,1,propagule,1208,0,0,0.033112582781456956,True,0.01,0.025
4,3,32,0.0,0.0,1,propagule,1195,0,0,0.03765690376569038,True,0.01,0.025
4,3,33,0.0,0.0,1,propagule,1147,0,0,0.036617262423714034,True,0.01,0.025
4,3,34,0.0,0.0,1,propagule,1136,0,0,0.04137323943661972,True,0.01,0.025
4,3,35,0.0,0.0,1,propagule,1082,0,0,0.038817005545286505,True,0.01,0.025
4,3,36,0.0,0.0,1,propagule,1058,0,0,0.048204158790170135,True,0.01,0.025
4,3,37,0.0,0.0,1,propagule,1011,0,0,0.04549950544015826,True,0.01,0.025
4,3,38,0.0,0.0,1,propagule,998,0,0,0.045090180360721446,True,0.01,0.025
4,3,39,0.0,0.0,1,propagule,958,0,0,0.04279749478079332,True,0.01,0.025
4,3,40,0.0,0.0,1,propagule,957,0,0,0.04597701149425287,True,0.01,0.025
4,3,41,0.0,0.0,1,propagule,930,0,0,0.04516129032258064,True,0.01,0.025
4,3,42,0.0,0.0,1,propagule,928,0,0,0.052801724137931036,True,0.01,0.025
4,3,43,0.0,0.0,1,propagule,991,0,0,0.0958627648839556,True,0.01,0.025
4,3,44,0.0,0.0,1,propagule,936,0,0,0.07905982905982906,True,0.01,0.025
4,3,45,0.0,0.0,1,propagule,909,0,0,0.0737073707370737,True,0.01,0.025
4,3,46,0.0,0.0,1,propagule,895,0,0,0.07486033519553073,True,0.01,0.025
4,3,47,0.0,0.0,1,propagule,858,0,0,0.06643356643356643,True,0.01,0.025
4,3,48,0.0,0.0,1,propagule,852,0,0,0.07629107981220658,True,0.01,0.025
4,3,49,0.0,0.0,1,propagule,825,0,0,0.06787878787878789,True,0.01,0.025
4,3,50,0.0,0.0,1,propagule,823,0,0,0.07047387606318348,True,0.01,0.025
4,3,51,0.0,0.0,1,propagule,812,0,0,0.07512315270935961,True,0.01,0.025
4,3,52,0.0,0.0,1,propagule,796,0,0,0.08040201005025126,True,0.01,0.025
4,4,1,0.0,0.0,1,propagule,783,0,0,0.08045977011494253,True,0.01,0.025
4,4,2,0.0,0.0,1,propagule,775,0,0,0.08129032258064516,True,0.01,0.025
4,4,3,0.0,0.0,1,propagule,761,0,0,0.08278580814717477,True,0.01,0.025
4,4,4,0.0,0.0,1,propagule,754,0,0,0.08753315649867374,True,0.01,0.025
4,4,5,0.0,0.0,1,propagule,741,0,0,0.08636977058029689,True,0.01,0.025
4,4,6,0.0,0.0,1,propagule,735,0,0,0.09523809523809523,True,0.01,0.025
4,4,7,0.0,0.0,1,propagule,722,0,0,0.09418282548476455,True,0.01,0.025
4,4,8,0.0,0.0,1,propagule,705,0,0,0.0950354609929078,True,0.01,0.025
4,4,9,0.0,0.0,1,propagule,699,0,0,0.09728183118741059,True,0.01,0.025
4,4,10,0.0,0.0,1,propagule,678,0,0,0.09882005899705015,True,0.01,0.025
4,4,11,0.0,0.0,1,propagule,672,0,0,0.09077380952380952,True,0.01,0.025
4,4,12,0.0,0.0,1,propagule,660,0,0,0.09393939393939393,True,0.01,0.025
4,4,13,0.0,0.0,1,propagule,655,0,0,0.0900763358778626,True,0.01,0.025
4,4,14,0.0,0.0,1,propagule,650,0,0,0.09538461538461539,True,0.01,0.025
4,4,15,0.0,0.0,1,propagule,639,0,0,0.0892018779342723,True,0.01,0.025
4,4,16,0.0,0.0,1,propagule,636,0,0,0.09119496855345911,True,0.01,0.025
4,4,17,0.0,0.0,1,propagule,623,0,0,0.09149277688603531,True,0.01,0.025
4,4,18,0.0,0.0,1,propagule,1377,0,0,0.04212055192447349,True,0.01,0.025
4,4,19,0.0,0.0,1,propagule,1355,0,0,0.03985239852398524,True,0.01,0.025
4,4,20,0.0,0.0,1,propagule,1333,0,0,0.04276069017254314,True,0.01,0.025
4,4,21,0.0,0.0,1,propagule,1278,0,0,0.041471048513302036,True,0.01,0.025
4,4,22,0.0,0.0,1,propagule,1240,0,0,0.041935483870967745,True,0.01,0.025
4,4,23,0.0,0.0,1,propagule,1176,0,0,0.03826530612244898,True,0.01,0.025
4,4,24,0.0,0.0,1,propagule,1173,0,0,0.04092071611253197,True,0.01,0.025
4,4,25,0.0,0.0,1,propagule,1071,0,0,0.03454715219421102,True,0.01,0.025
4,4,26,0.0,0.0,1,propagule,1059,0,0,0.03871576959395656,True,0.01,0.025
4,4,27,0.0,0.0,1,propagule,973,0,0,0.03699897225077081,True,0.01,0.025
4,4,28,0.0,0.0,1,propagule,995,0,0,0.04120603015075377,True,0.01,0.025
4,4,29,0.0,0.0,1,propagule,959,0,0,0.040667361835245046,True,0.01,0.025
4,4,30,0.0,0.0,1,propagule,948,0,0,0.04113924050632911,True,0.01,0.025
4,4,31,0.0,0.0,1,propagule,868,0,0,0.03456221198156682,True,0.01,0.025
4,4,32,0.0,0.0,1,propagule,878,0,0,0.0387243735763098,True,0.01,0.025
4,4,33,0.0,0.0,1,propagule,826,0,0,0.0387409200968523,True,0.01,0.025
4,4,34,0.0,0.0,1,propagule,831,0,0,0.0421179302045728,True,0.01,0.025
4,4,35,0.0,0.0,1,propagule,807,0,0,0.04337050805452292,True,0.01,0.025
4,4,36,0.0,0.0,1,propagule,788,0,0,0.046954314720812185,True,0.01,0.025
4,4,37,0.0,0.0,1,propagule,755,0,0,0.04370860927152318,True,0.01,0.025
4,4,38,0.0,0.0,1,propagule,741,0,0,0.04723346828609987,True,0.01,0.025
4,4,39,0.0,0.0,1,propagule,739,0,0,0.05006765899864682,True,0.01,0.025
4,4,40,0.0,0.0,1,propagule,730,0,0,0.052054794520547946,True,0.01,0.025
4,4,41,0.0,0.0,1,propagule,716,0,0,0.051675977653631286,True,0.01,0.025
4,4,42,0.0,0.0,1,propagule,709,0,0,0.05782792665726375,True,0.01,0.025
4,4,43,0.0,0.0,1,propagule,804,0,0,0.12189054726368159,True,0.01,0.025
4,4,44,0.0,0.0,1,propagule,729,0,0,0.09190672153635117,True,0.01,0.025
4,4,45,0.0,0.0,1,propagule,712,0,0,0.08426966292134831,True,0.01,0.025
4,4,46,0.0,0.0,1,propagule,676,0,0,0.08431952662721894,True,0.01,0.025
4,4,47,0.0,0.0,1,propagule,672,0,0,0.08482142857142858,True,0.01,0.025
4,4,48,0.0,0.0,1,propagule,648,0,0,0.08179012345679013,True,0.01,0.025
4,4,49,0.0,0.0,1,propagule,639,0,0,0.08607198748043818,True,0.01,0.025
4,4,50,0.0,0.0,1,propagule,615,0,0,0.07804878048780488,True,0.01,0.025
4,4,51,0.0,0.0,1,propagule,613,0,0,0.08319738988580751,True,0.01,0.025
4,4,52,0.0,0.0,1,propagule,587,0,0,0.07666098807495741,True,0.01,0.025
4,5,1,0.0,0.0,1,propagule,585,0,0,0.08034188034188035,True,0.01,0.025
4,5,2,0.0,0.0,1,propagule,565,0,0,0.07964601769911504,True,0.01,0.025
4,5,3,0.0,0.0,1,propagule,574,0,0,0.08710801393728224,True,0.01,0.025
4,5,4,0.0,0.0,1,propagule,558,0,0,0.08243727598566308,True,0.01,0.025
4,5,5,0.0,0.0,1,propagule,560,0,0,0.09107142857142857,True,0.01,0.025
4,5,6,0.0,0.0,1,propagule,541,0,0,0.08872458410351201,True,0.01,0.025
4,5,7,0.0,0.0,1,propagule,534,0,0,0.0898876404494382,True,0.01,0.025
4,5,8,0.0,0.0,1,propagule,516,0,0,0.09302325581395349,True,0.01,0.025
4,5,9,0.0,0.0,1,propagule,513,0,0,0.09551656920077972,True,0.01,0.025
4,5,10,0.0,0.0,1,propagule,500,0,0,0.098,True,0.01,0.025
4,5,11,0.0,0.0,1,propagule,495,0,0,0.09696969696969697,True,0.01,0.025
4,5,12,0.0,0.0,1,propagule,479,0,0,0.09812108559498957,True,0.01,0.025
4,5,13,0.0,0.0,1,propagule,482,0,0,0.1037344398340249,True,0.01,0.025
4,5,14,0.0,0.0,1,propagule,468,0,0,0.10042735042735043,True,0.01,0.025
4,5,15,0.0,0.0,1,propagule,468,0,0,0.10256410256410256,True,0.01,0.025
4,5,16,0.0,0.0,1,propagule,457,0,0,0.10065645514223195,True,0.01,0.025
4,5,17,0.0,0.0,1,propagule,455,0,0,0.1054945054945055,True,0.01,0.025
4,5,18,0.0,0.0,1,propagule,1019,0,0,0.045142296368989206,True,0.01,0.025
4,5,19,0.0,0.0,1,propagule,1007,0,0,0.04667328699106256,True,0.01,0.025
4,5,20,0.0,0.0,1,propagule,966,0,0,0.046583850931677016,True,0.01,0.025
4,5,21,0.0,0.0,1,propagule,965,0,0,0.04870466321243523,True,0.01,0.025
4,5,22,0.0,0.0,1,propagule,897,0,0,0.044593088071348944,True,0.01,0.025
4,5,23,0.0,0.0,1,propagule,852,0,0,0.046948356807511735,True,0.01,0.025
4,5,24,0.0,0.0,1,propagule,819,0,0,0.047619047619047616,True,0.01,0.025
4,5,25,0.0,0.0,1,propagule,796,0,0,0.05150753768844221,True,0.01,0.025
4,5,26,0.0,0.0,1,propagule,779,0,0,0.04878048780487805,True,0.01,0.025
4,5,27,0.0,0.0,1,propagule,756,0,0,0.05555555555555555,True,0.01,0.025
4,5,28,0.0,0.0,1,propagule,732,0,0,0.050546448087431695,True,0.01,0.025
4,5,29,0.0,0.0,1,propagule,711,0,0,0.05625879043600562,True,0.01,0.025
4,5,30,0.0,0.0,1,propagule,695,0,0,0.053237410071942444,True,0.01,0.025
4,5,31,0.0,0.0,1,propagule,665,0,0,0.0481203007518797,True,0.01,0.025
4,5,32,0.0,0.0,1,propagule,648,0,0,0.046296296296296294,True,0.01,0.025
4,5,33,0.0,0.0,1,propagule,636,0,0,0.05660377358490566,True,0.01,0.025
4,5,34,0.0,0.0,1,propagule,625,0,0,0.0464,True,0.01,0.025
4,5,35,0.0,0.0,1,propagule,594,0,0,0.04713804713804714,True,0.01,0.025
4,5,36,0.0,0.0,1,propagule,603,0,0,0.05306799336650083,True,0.01,0.025
4,5,37,0.0,0.0,1,propagule,590,0,0,0.06949152542372881,True,0.01,0.025
4,5,38,0.0,0.0,1,propagule,584,0,0,0.0702054794520548,True,0.01,0.025
4,5,39,0.0,0.0,1,propagule,562,0,0,0.06405693950177936,True,0.01,0.025
4,5,40,0.0,0.0,1,propagule,563,0,0,0.06927175843694494,True,0.01,0.025
4,5,41,0.0,0.0,1,propagule,541,0,0,0.06839186691312385,True,0.01,0.025
4,5,42,0.0,0.0,1,propagule,541,0,0,0.07393715341959335,True,0.01,0.025
4,5,43,0.0,0.0,1,propagule,605,0,0,0.1305785123966942,True,0.01,0.025
4,5,44,0.0,0.0,1,propagule,570,0,0,0.11052631578947368,True,0.01,0.025
4,5,45,0.0,0.0,1,propagule,525,0,0,0.08952380952380952,True,0.01,0.025
4,5,46,0.0,0.0,1,propagule,511,0,0,0.0958904109589041,True,0.01,0.025
4,5,47,0.0,0.0,1,propagule,487,0,0,0.09034907597535935,True,0.01,0.025
4,5,48,0.0,0.0,1,propagule,502,0,0,0.099601593625498,True,0.01,0.025
4,5,49,0.0,0.0,1,propagule,473,0,0,0.09936575052854123,True,0.01,0.025
4,5,50,0.0,0.0,1,propagule,472,0,0,0.09745762711864407,True,0.01,0.025
4,5,51,0.0,0.0,1,propagule,466,0,0,0.09656652360515021,True,0.01,0.025
4,5,52,0.0,0.0,1,propagule,463,0,0,0.10151187904967603,True,0.01,0.025
4,6,1,0.0,0.0,1,propagule,458,0,0,0.0982532751091703,True,0.01,0.025
4,6,2,0.0,0.0,1,propagule,459,0,0,0.10239651416122005,True,0.01,0.025
4,6,3,0.0,0.0,1,propagule,446,0,0,0.1031390134529148,True,0.01,0.025
4,6,4,0.0,0.0,1,propagule,439,0,0,0.11389521640091116,True,0.01,0.025
4,6,5,0.0,0.0,1,propagule,428,0,0,0.10981308411214953,True,0.01,0.025
4,6,6,0.0,0.0,1,propagule,433,0,0,0.11778290993071594,True,0.01,0.025
4,6,7,0.0,0.0,1,propagule,424,0,0,0.11320754716981132,True,0.01,0.025
4,6,8,0.0,0.0,1,propagule,423,0,0,0.11583924349881797,True,0.01,0.025
4,6,9,0.0,0.0,1,propagule,413,0,0,0.1162227602905569,True,0.01,0.025
4,6,10,0.0,0.0,1,propagule,412,0,0,0.11650485436893204,True,0.01,0.025
4,6,11,0.0,0.0,1,propagule,409,0,0,0.1198044009779951,True,0.01,0.025
4,6,12,0.0,0.0,1,propagule,406,0,0,0.11822660098522167,True,0.01,0.025
4,6,13,0.0,0.0,1,propagule,388,0,0,0.11597938144329897,True,0.01,0.025
4,6,14,0.0,0.0,1,propagule,392,0,0,0.11734693877551021,True,0.01,0.025
4,6,15,0.0,0.0,1,propagule,386,0,0,0.11917098445595854,True,0.01,0.025
4,6,16,0.0,0.0,1,propagule,385,0,0,0.11688311688311688,True,0.01,0.025
4,6,17,0.0,0.0,1,propagule,375,0,0,0.11466666666666667,True,0.01,0.025
4,6,18,0.0,0.0,1,propagule,781,0,0,0.05505761843790013,True,0.01,0.025
4,6,19,0.0,0.0,1,propagule,766,0,0,0.05483028720626632,True,0.01,0.025
4,6,20,0.0,0.0,1,propagule,747,0,0,0.05488621151271754,True,0.01,0.025
4,6,21,0.0,0.0,1,propagule,724,0,0,0.05386740331491713,True,0.01,0.025
4,6,22,0.0,0.0,1,propagule,710,0,0,0.056338028169014086,True,0.01,0.025
4,6,23,0.0,0.0,1,propagule,691,0,0,0.056439942112879886,True,0.01,0.025
4,6,24,0.0,0.0,1,propagule,677,0,0,0.059084194977843424,True,0.01,0.025
4,6,25,0.0,0.0,1,propagule,656,0,0,0.0625,True,0.01,0.025
4,6,26,0.0,0.0,1,propagule,646,0,0,0.06346749226006192,True,0.01,0.025
4,6,27,0.0,0.0,1,propagule,635,0,0,0.06299212598425197,True,0.01,0.025
4,6,28,0.0,0.0,1,propagule,617,0,0,0.06320907617504051,True,0.01,0.025
4,6,29,0.0,0.0,1,propagule,597,0,0,0.06197654941373534,True,0.01,0.025
4,6,30,0.0,0.0,1,propagule,582,0,0,0.06357388316151202,True,0.01,0.025
4,6,31,0.0,0.0,1,propagule,560,0,0,0.0625,True,0.01,0.025
4,6,32,0.0,0.0,1,propagule,552,0,0,0.06159420289855073,True,0.01,0.025
4,6,33,0.0,0.0,1,propagule,544,0,0,0.06433823529411764,True,0.01,0.025
4,6,34,0.0,0.0,1,propagule,537,0,0,0.06517690875232775,True,0.01,0.025
4,6,35,0.0,0.0,1,propagule,516,0,0,0.06782945736434108,True,0.01,0.025
4,6,36,0.0,0.0,1,propagule,506,0,0,0.07312252964426877,True,0.01,0.025
4,6,37,0.0,0.0,1,propagule,494,0,0,0.06882591093117409,True,0.01,0.025
4,6,38,0.0,0.0,1,propagule,486,0,0,0.06995884773662552,True,0.01,0.025
4,6,39,0.0,0.0,1,propagule,477,0,0,0.07127882599580712,True,0.01,0.025
4,6,40,0.0,0.0,1,propagule,471,0,0,0.07643312101910828,True,0.01,0.025
4,6,41,0.0,0.0,1,propagule,470,0,0,0.08723404255319149,True,0.01,0.025
4,6,42,0.0,0.0,1,propagule,456,0,0,0.07675438596491228,True,0.01,0.025
4,6,43,0.0,0.0,1,propagule,518,0,0,0.1776061776061776,True,0.01,0.025
4,6,44,0.0,0.0,1,propagule,489,0,0,0.1492842535787321,True,0.01,0.025
4,6,45,0.0,0.0,1,propagule,458,0,0,0.13100436681222707,True,0.01,0.025
4,6,46,0.0,0.0,1,propagule,451,0,0,0.13303769401330376,True,0.01,0.025
4,6,47,0.0,0.0,1,propagule,445,0,0,0.13707865168539327,True,0.01,0.025
4,6,48,0.0,0.0,1,propagule,434,0,0,0.12903225806451613,True,0.01,0.025
4,6,49,0.0,0.0,1,propagule,421,0,0,0.12114014251781473,True,0.01,0.025
4,6,50,0.0,0.0,1,propagule,411,0,0,0.12652068126520682,True,0.01,0.025
4,6,51,0.0,0.0,1,propagule,411,0,0,0.12895377128953772,True,0.01,0.025
4,6,52,0.0,0.0,1,propagule,404,0,0,0.13366336633663367,True,0.01,0.025
4,7,1,0.0,0.0,1,propagule,404,0,0,0.13366336633663367,True,0.01,0.025
4,7,2,0.0,0.0,1,propagule,399,0,0,0.12280701754385964,True,0.01,0.025
4,7,3,0.0,0.0,1,propagule,398,0,0,0.12562814070351758,True,0.01,0.025
4,7,4,0.0,0.0,1,propagule,391,0,0,0.12276214833759591,True,0.01,0.025
4,7,5,0.0,0.0,1,propagule,387,0,0,0.12403100775193798,True,0.01,0.025
4,7,6,0.0,0.0,1,propagule,383,0,0,0.1174934725848564,True,0.01,0.025
4,7,7,0.0,0.0,1,propagule,376,0,0,0.1196808510638298,True,0.01,0.025
4,7,8,0.0,0.0,1,propagule,374,0,0,0.12299465240641712,True,0.01,0.025
4,7,9,0.0,0.0,1,propagule,370,0,0,0.12702702702702703,True,0.01,0.025
4,7,10,0.0,0.0,1,propagule,364,0,0,0.12362637362637363,True,0.01,0.025
4,7,11,0.0,0.0,1,propagule,357,0,0,0.12605042016806722,True,0.01,0.025
4,7,12,0.0,0.0,1,propagule,355,0,0,0.1267605633802817,True,0.01,0.025
4,7,13,0.0,0.0,1,propagule,349,0,0,0.12893982808022922,True,0.01,0.025
4,7,14,0.0,0.0,1,propagule,343,0,0,0.13119533527696792,True,0.01,0.025
4,7,15,0.0,0.0,1,propagule,341,0,0,0.12903225806451613,True,0.01,0.025
4,7,16,0.0,0.0,1,propagule,338,0,0,0.1301775147928994,True,0.01,0.025
4,7,17,0.0,0.0,1,propagule,334,0,0,0.1317365269461078,True,0.01,0.025
4,7,18,0.0,0.0,1,propagule,733,0,0,0.058663028649386086,True,0.01,0.025
4,7,19,0.0,0.0,1,propagule,715,0,0,0.06153846153846154,True,0.01,0.025
4,7,20,0.0,0.0,1,propagule,692,0,0,0.059248554913294796,True,0.01,0.025
4,7,21,0.0,0.0,1,propagule,671,0,0,0.06110283159463487,True,0.01,0.025
4,7,22,0.0,0.0,1,propagule,661,0,0,0.06202723146747353,True,0.01,0.025
4,7,23,0.0,0.0,1,propagule,639,0,0,0.06416275430359937,True,0.01,0.025
4,7,24,0.0,0.0,1,propagule,625,0,0,0.0624,True,0.01,0.025
4,7,25,0.0,0.0,1,propagule,599,0,0,0.0667779632721202,True,0.01,0.025
4,7,26,0.0,0.0,1,propagule,573,0,0,0.06457242582897033,True,0.01,0.025
4,7,27,0.0,0.0,1,propagule,546,0,0,0.06043956043956044,True,0.01,0.025
4,7,28,0.0,0.0,1,propagule,525,0,0,0.05714285714285714,True,0.01,0.025
4,7,29,0.0,0.0,1,propagule,492,0,0,0.06097560975609756,True,0.01,0.025
4,7,30,0.0,0.0,1,propagule,465,0,0,0.06451612903225806,True,0.01,0.025
4,7,31,0.0,0.0,1,propagule,460,0,0,0.06956521739130435,True,0.01,0.025
4,7,32,0.0,0.0,1,propagule,450,0,0,0.07111111111111111,True,0.01,0.025
4,7,33,0.0,0.0,1,propagule,430,0,0,0.06744186046511629,True,0.01,0.025
4,7,34,0.0,0.0,1,propagule,407,0,0,0.06142506142506143,True,0.01,0.025
4,7,35,0.0,0.0,1,propagule,387,0,0,0.06718346253229975,True,0.01,0.025
4,7,36,0.0,0.0,1,propagule,388,0,0,0.07474226804123711,True,0.01,0.025
4,7,37,0.0,0.0,1,propagule,374,0,0,0.07754010695187166,True,0.01,0.025
4,7,38,0.0,0.0,1,propagule,371,0,0,0.08086253369272237,True,0.01,0.025
4,7,39,0.0,0.0,1,propagule,364,0,0,0.08241758241758242,True,0.01,0.025
4,7,40,0.0,0.0,1,propagule,351,0,0,0.08547008547008547,True,0.01,0.025
4,7,41,0.0,0.0,1,propagule,352,0,0,0.08806818181818182,True,0.01,0.025
4,7,42,0.0,0.0,1,propagule,343,0,0,0.09037900874635568,True,0.01,0.025
4,7,43,0.0,0.0,1,propagule,385,0,0,0.16883116883116883,True,0.01,0.025
4,7,44,0.0,0.0,1,propagule,356,0,0,0.1544943820224719,True,0.01,0.025
4,7,45,0.0,0.0,1,propagule,332,0,0,0.1536144578313253,True,0.01,0.025
4,7,46,0.0,0.0,1,propagule,320,0,0,0.15,True,0.01,0.025
4,7,47,0.0,0.0,1,propagule,309,0,0,0.15210355987055016,True,0.01,0.025
4,7,48,0.0,0.0,1,propagule,298,0,0,0.15771812080536912,True,0.01,0.025
4,7,49,0.0,0.0,1,propagule,289,0,0,0.14878892733564014,True,0.01,0.025
4,7,50,0.0,0.0,1,propagule,284,0,0,0.15845070422535212,True,0.01,0.025
4,7,51,0.0,0.0,1,propagule,281,0,0,0.15658362989323843,True,0.01,0.025
4,7,52,0.0,0.0,1,propagule,279,0,0,0.16129032258064516,True,0.01,0.025
4,8,1,0.0,0.0,1,propagule,275,0,0,0.15636363636363637,True,0.01,0.025
4,8,2,0.0,0.0,1,propagule,274,0,0,0.15693430656934307,True,0.01,0.025
4,8,3,0.0,0.0,1,propagule,274,0,0,0.16058394160583941,True,0.01,0.025
4,8,4,0.0,0.0,1,propagule,274,0,0,0.16423357664233576,True,0.01,0.025
4,8,5,0.0,0.0,1,propagule,269,0,0,0.16356877323420074,True,0.01,0.025
4,8,6,0.0,0.0,1,propagule,267,0,0,0.16853932584269662,True,0.01,0.025
4,8,7,0.0,0.0,1,propagule,263,0,0,0.16730038022813687,True,0.01,0.025
4,8,8,0.0,0.0,1,propagule,266,0,0,0.16541353383458646,True,0.01,0.025
4,8,9,0.0,0.0,1,propagule,260,0,0,0.16538461538461538,True,0.01,0.025
4,8,10,0.0,0.0,1,propagule,258,0,0,0.16666666666666666,True,0.01,0.025
4,8,11,0.0,0.0,1,propagule,251,0,0,0.16733067729083664,True,0.01,0.025
4,8,12,0.0,0.0,1,propagule,254,0,0,0.1732283464566929,True,0.01,0.025
4,8,13,0.0,0.0,1,propagule,248,0,0,0.1693548387096774,True,0.01,0.025
4,8,14,0.0,0.0,1,propagule,247,0,0,0.1700404858299595,True,0.01,0.025
4,8,15,0.0,0.0,1,propagule,247,0,0,0.1700404858299595,True,0.01,0.025
4,8,16,0.0,0.0,1,propagule,241,0,0,0.17842323651452283,True,0.01,0.025
4,8,17,0.0,0.0,1,propagule,241,0,0,0.17842323651452283,True,0.01,0.025
4,8,18,0.0,0.0,1,propagule,536,0,0,0.07649253731343283,True,0.01,0.025
4,8,19,0.0,0.0,1,propagule,509,0,0,0.07858546168958742,True,0.01,0.025
4,8,20,0.0,0.0,1,propagule,500,0,0,0.08,True,0.01,0.025
4,8,21,0.0,0.0,1,propagule,478,0,0,0.08158995815899582,True,0.01,0.025
4,8,22,0.0,0.0,1,propagule,464,0,0,0.08620689655172414,True,0.01,0.025
4,8,23,0.0,0.0,1,propagule,450,0,0,0.08888888888888889,True,0.01,0.025
4,8,24,0.0,0.0,1,propagule,456,0,0,0.08771929824561403,True,0.01,0.025
4,8,25,0.0,0.0,1,propagule,440,0,0,0.09318181818181819,True,0.01,0.025
4,8,26,0.0,0.0,1,propagule,435,0,0,0.0896551724137931,True,0.01,0.025
4,8,27,0.0,0.0,1,propagule,421,0,0,0.09501187648456057,True,0.01,0.025
4,8,28,0.0,0.0,1,propagule,425,0,0,0.08941176470588236,True,0.01,0.025
4,8,29,0.0,0.0,1,propagule,403,0,0,0.09429280397022333,True,0.01,0.025
4,8,30,0.0,0.0,1,propagule,394,0,0,0.09644670050761421,True,0.01,0.025
4,8,31,0.0,0.0,1,propagule,393,0,0,0.09414758269720101,True,0.01,0.025
4,8,32,0.0,0.0,1,propagule,397,0,0,0.09319899244332494,True,0.01,0.025
4,8,33,0.0,0.0,1,propagule,384,0,0,0.09635416666666667,True,0.01,0.025
4,8,34,0.0,0.0,1,propagule,378,0,0,0.09788359788359788,True,0.01,0.025
4,8,35,0.0,0.0,1,propagule,352,0,0,0.09943181818181818,True,0.01,0.025
4,8,36,0.0,0.0,1,propagule,349,0,0,0.11174785100286533,True,0.01,0.025
4,8,37,0.0,0.0,1,propagule,337,0,0,0.10682492581602374,True,0.01,0.025
4,8,38,0.0,0.0,1,propagule,332,0,0,0.10843373493975904,True,0.01,0.025
4,8,39,0.0,0.0,1,propagule,328,0,0,0.10975609756097561,True,0.01,0.025
4,8,40,0.0,0.0,1,propagule,324,0,0,0.1111111111111111,True,0.01,0.025
4,8,41,0.0,0.0,1,propagule,322,0,0,0.11180124223602485,True,0.01,0.025
4,8,42,0.0,0.0,1,propagule,316,0,0,0.10759493670886076,True,0.01,0.025
4,8,43,0.0,0.0,1,propagule,353,0,0,0.16997167138810199,True,0.01,0.025
4,8,44,0.0,0.0,1,propagule,323,0,0,0.15170278637770898,True,0.01,0.025
4,8,45,0.0,0.0,1,propagule,299,0,0,0.14715719063545152,True,0.01,0.025
4,8,46,0.0,0.0,1,propagule,282,0,0,0.13829787234042554,True,0.01,0.025
4,8,47,0.0,0.0,1,propagule,271,0,0,0.14022140221402213,True,0.01,0.025
4,8,48,0.0,0.0,1,propagule,258,0,0,0.12015503875968993,True,0.01,0.025
4,8,49,0.0,0.0,1,propagule,254,0,0,0.1220472440944882,True,0.01,0.025
4,8,50,0.0,0.0,1,propagule,250,0,0,0.124,True,0.01,0.025
4,8,51,0.0,0.0,1,propagule,249,0,0,0.12449799196787148,True,0.01,0.025
4,8,52,0.0,0.0,1,propagule,243,0,0,0.12757201646090535,True,0.01,0.025
4,9,1,0.0,0.0,1,propagule,245,0,0,0.1346938775510204,True,0.01,0.025
4,9,2,0.0,0.0,1,propagule,236,0,0,0.1228813559322034,True,0.01,0.025
4,9,3,0.0,0.0,1,propagule,237,0,0,0.1308016877637131,True,0.01,0.025
4,9,4,0.0,0.0,1,propagule,231,0,0,0.1341991341991342,True,0.01,0.025
4,9,5,0.0,0.0,1,propagule,225,0,0,0.13777777777777778,True,0.01,0.025
4,9,6,0.0,0.0,1,propagule,222,0,0,0.13513513513513514,True,0.01,0.025
4,9,7,0.0,0.0,1,propagule,216,0,0,0.13425925925925927,True,0.01,0.025
4,9,8,0.0,0.0,1,propagule,218,0,0,0.13761467889908258,True,0.01,0.025
4,9,9,0.0,0.0,1,propagule,212,0,0,0.1320754716981132,True,0.01,0.025
4,9,10,0.0,0.0,1,propagule,213,0,0,0.14084507042253522,True,0.01,0.025
4,9,11,0.0,0.0,1,propagule,208,0,0,0.1346153846153846,True,0.01,0.025
4,9,12,0.0,0.0,1,propagule,205,0,0,0.14146341463414633,True,0.01,0.025
4,9,13,0.0,0.0,1,propagule,202,0,0,0.13861386138613863,True,0.01,0.025
4,9,14,0.0,0.0,1,propagule,197,0,0,0.14720812182741116,True,0.01,0.025
4,9,15,0.0,0.0,1,propagule,196,0,0,0.14285714285714285,True,0.01,0.025
4,9,16,0.0,0.0,1,propagule,193,0,0,0.14507772020725387,True,0.01,0.025
4,9,17,0.0,0.0,1,propagule,193,0,0,0.15544041450777202,True,0.01,0.025
4,9,18,0.0,0.0,1,propagule,401,0,0,0.057356608478802994,True,0.01,0.025
4,9,19,0.0,0.0,1,propagule,379,0,0,0.05804749340369393,True,0.01,0.025
4,9,20,0.0,0.0,1,propagule,379,0,0,0.06068601583113457,True,0.01,0.025
4,9,21,0.0,0.0,1,propagule,361,0,0,0.05817174515235457,True,0.01,0.025
4,9,22,0.0,0.0,1,propagule,359,0,0,0.06128133704735376,True,0.01,0.025
4,9,23,0.0,0.0,1,propagule,339,0,0,0.06489675516224189,True,0.01,0.025
4,9,24,0.0,0.0,1,propagule,333,0,0,0.06906906906906907,True,0.01,0.025
4,9,25,0.0,0.0,1,propagule,316,0,0,0.06962025316455696,True,0.01,0.025
4,9,26,0.0,0.0,1,propagule,307,0,0,0.07166123778501629,True,0.01,0.025
4,9,27,0.0,0.0,1,propagule,305,0,0,0.07540983606557378,True,0.01,0.025
4,9,28,0.0,0.0,1,propagule,295,0,0,0.0711864406779661,True,0.01,0.025
4,9,29,0.0,0.0,1,propagule,286,0,0,0.07342657342657342,True,0.01,0.025
4,9,30,0.0,0.0,1,propagule,274,0,0,0.072992700729927,True,0.01,0.025
4,9,31,0.0,0.0,1,propagule,278,0,0,0.07913669064748201,True,0.01,0.025
4,9,32,0.0,0.0,1,propagule,274,0,0,0.07664233576642336,True,0.01,0.025
4,9,33,0.0,0.0,1,propagule,274,0,0,0.07664233576642336,True,0.01,0.025
4,9,34,0.0,0.0,1,propagule,261,0,0,0.07662835249042145,True,0.01,0.025
4,9,35,0.0,0.0,1,propagule,248,0,0,0.07661290322580645,True,0.01,0.025
4,9,36,0.0,0.0,1,propagule,250,0,0,0.08,True,0.01,0.025
4,9,37,0.0,0.0,1,propagule,237,0,0,0.07172995780590717,True,0.01,0.025
4,9,38,0.0,0.0,1,propagule,240,0,0,0.07916666666666666,True,0.01,0.025
4,9,39,0.0,0.0,1,propagule,235,0,0,0.07234042553191489,True,0.01,0.025
4,9,40,0.0,0.0,1,propagule,239,0,0,0.08368200836820083,True,0.01,0.025
4,9,41,0.0,0.0,1,propagule,234,0,0,0.0811965811965812,True,0.01,0.025
4,9,42,0.0,0.0,1,propagule,236,0,0,0.0847457627118644,True,0.01,0.025
4,9,43,0.0,0.0,1,propagule,249,0,0,0.1646586345381526,True,0.01,0.025
4,9,44,0.0,0.0,1,propagule,230,0,0,0.14782608695652175,True,0.01,0.025
4,9,45,0.0,0.0,1,propagule,213,0,0,0.14084507042253522,True,0.01,0.025
4,9,46,0.0,0.0,1,propagule,216,0,0,0.14814814814814814,True,0.01,0.025
4,9,47,0.0,0.0,1,propagule,205,0,0,0.13658536585365855,True,0.01,0.025
4,9,48,0.0,0.0,1,propagule,204,0,0,0.14215686274509803,True,0.01,0.025
4,9,49,0.0,0.0,1,propagule,201,0,0,0.14427860696517414,True,0.01,0.025
4,9,50,0.0,0.0,1,propagule,198,0,0,0.14646464646464646,True,0.01,0.025
4,9,51,0.0,0.0,1,propagule,192,0,0,0.13020833333333334,True,0.01,0.025
4,9,52,0.0,0.0,1,propagule,183,0,0,0.12568306010928962,True,0.01,0.025
4,10,1,0.0,0.0,1,propagule,182,0,0,0.12087912087912088,True,0.01,0.025
4,10,2,0.0,0.0,1,propagule,181,0,0,0.11602209944751381,True,0.01,0.025
4,10,3,0.0,0.0,1,propagule,179,0,0,0.11731843575418995,True,0.01,0.025
4,10,4,0.0,0.0,1,propagule,177,0,0,0.11864406779661017,True,0.01,0.025
4,10,5,0.0,0.0,1,propagule,174,0,0,0.1206896551724138,True,0.01,0.025
4,10,6,0.0,0.0,1,propagule,174,0,0,0.1206896551724138,True,0.01,0.025
4,10,7,0.0,0.0,1,propagule,170,0,0,0.12352941176470589,True,0.01,0.025
4,10,8,0.0,0.0,1,propagule,168,0,0,0.125,True,0.01,0.025
4,10,9,0.0,0.0,1,propagule,166,0,0,0.12650602409638553,True,0.01,0.025
4,10,10,0.0,0.0,1,propagule,163,0,0,0.12883435582822086,True,0.01,0.025
4,10,11,0.0,0.0,1,propagule,163,0,0,0.12883435582822086,True,0.01,0.025
4,10,12,0.0,0.0,1,propagule,159,0,0,0.12578616352201258,True,0.01,0.025
4,10,13,0.0,0.0,1,propagule,154,0,0,0.12987012987012986,True,0.01,0.025
4,10,14,0.0,0.0,1,propagule,152,0,0,0.13157894736842105,True,0.01,0.025
4,10,15,0.0,0.0,1,propagule,153,0,0,0.13071895424836602,True,0.01,0.025
4,10,16,0.0,0.0,1,propagule,150,0,0,0.13333333333333333,True,0.01,0.025
4,10,17,0.0,0.0,1,propagule,147,0,0,0.1292517006802721,True,0.01,0.025
4,10,18,0.0,0.0,1,propagule,307,0,0,0.04560260586319218,True,0.01,0.025
4,10,19,0.0,0.0,1,propagule,305,0,0,0.04590163934426229,True,0.01,0.025
4,10,20,0.0,0.0,1,propagule,297,0,0,0.04713804713804714,True,0.01,0.025
4,10,21,0.0,0.0,1,propagule,293,0,0,0.04778156996587031,True,0.01,0.025
4,10,22,0.0,0.0,1,propagule,291,0,0,0.048109965635738834,True,0.01,0.025
4,10,23,0.0,0.0,1,propagule,287,0,0,0.04878048780487805,True,0.01,0.025
4,10,24,0.0,0.0,1,propagule,273,0,0,0.05128205128205128,True,0.01,0.025
4,10,25,0.0,0.0,1,propagule,266,0,0,0.04887218045112782,True,0.01,0.025
4,10,26,0.0,0.0,1,propagule,263,0,0,0.049429657794676805,True,0.01,0.025
4,10,27,0.0,0.0,1,propagule,260,0,0,0.05,True,0.01,0.025
4,10,28,0.0,0.0,1,propagule,253,0,0,0.05138339920948617,True,0.01,0.025
4,10,29,0.0,0.0,1,propagule,242,0,0,0.05371900826446281,True,0.01,0.025
4,10,30,0.0,0.0,1,propagule,235,0,0,0.05531914893617021,True,0.01,0.025
4,10,31,0.0,0.0,1,propagule,240,0,0,0.058333333333333334,True,0.01,0.025
4,10,32,0.0,0.0,1,propagule,233,0,0,0.055793991416309016,True,0.01,0.025
4,10,33,0.0,0.0,1,propagule,230,0,0,0.05652173913043478,True,0.01,0.025
4,10,34,0.0,0.0,1,propagule,226,0,0,0.061946902654867256,True,0.01,0.025
4,10,35,0.0,0.0,1,propagule,221,0,0,0.058823529411764705,True,0.01,0.025
4,10,36,0.0,0.0,1,propagule,211,0,0,0.061611374407582936,True,0.01,0.025
4,10,37,0.0,0.0,1,propagule,215,0,0,0.06976744186046512,True,0.01,0.025
4,10,38,0.0,0.0,1,propagule,206,0,0,0.06796116504854369,True,0.01,0.025
4,10,39,0.0,0.0,1,propagule,201,0,0,0.06965174129353234,True,0.01,0.025
4,10,40,0.0,0.0,1,propagule,198,0,0,0.0707070707070707,True,0.01,0.025
4,10,41,0.0,0.0,1,propagule,195,0,0,0.07179487179487179,True,0.01,0.025
4,10,42,0.0,0.0,1,propagule,189,0,0,0.07407407407407407,True,0.01,0.025
4,10,43,0.0,0.0,1,propagule,195,0,0,0.1282051282051282,True,0.01,0.025
4,10,44,0.0,0.0,1,propagule,182,0,0,0.12637362637362637,True,0.01,0.025
4,10,45,0.0,0.0,1,propagule,175,0,0,0.11428571428571428,True,0.01,0.025
4,10,46,0.0,0.0,1,propagule,161,0,0,0.09937888198757763,True,0.01,0.025
4,10,47,0.0,0.0,1,propagule,164,0,0,0.10365853658536585,True,0.01,0.025
4,10,48,0.0,0.0,1,propagule,157,0,0,0.10191082802547771,True,0.01,0.025
4,10,49,0.0,0.0,1,propagule,151,0,0,0.10596026490066225,True,0.01,0.025
4,10,50,0.0,0.0,1,propagule,148,0,0,0.10810810810810811,True,0.01,0.025
4,10,51,0.0,0.0,1,propagule,147,0,0,0.10884353741496598,True,0.01,0.025
4,10,52,0.0,0.0,1,propagule,142,0,0,0.11267605633802817,True,0.01,0.025
5,1,1,0.0,0.0,1,propagule,966,0,0,0.0,True,0.001,0.015
5,1,2,0.0,0.0,1,propagule,963,0,0,0.0020768431983385254,True,0.001,0.015
5,1,3,0.0,0.0,1,propagule,956,0,0,0.0020920502092050207,True,0.001,0.015
5,1,4,0.0,0.0,1,propagule,944,0,0,0.0031779661016949155,True,0.001,0.015
5,1,5,0.0,0.0,1,propagule,932,0,0,0.001072961373390558,True,0.001,0.015
5,1,6,0.0,0.0,1,propagule,922,0,0,0.0021691973969631237,True,0.001,0.015
5,1,7,0.0,0.0,1,propagule,915,0,0,0.001092896174863388,True,0.001,0.015
5,1,8,0.0,0.0,1,propagule,909,0,0,0.0033003300330033004,True,0.001,0.015
5,1,9,0.0,0.0,1,propagule,900,0,0,0.0033333333333333335,True,0.001,0.015
5,1,10,0.0,0.0,1,propagule,889,0,0,0.003374578177727784,True,0.001,0.015
5,1,11,0.0,0.0,1,propagule,879,0,0,0.0034129692832764505,True,0.001,0.015
5,1,12,0.0,0.0,1,propagule,867,0,0,0.0034602076124567475,True,0.001,0.015
5,1,13,0.0,0.0,1,propagule,851,0,0,0.0035252643948296123,True,0.001,0.015
5,1,14,0.0,0.0,1,propagule,847,0,0,0.0035419126328217238,True,0.001,0.015
5,1,15,0.0,0.0,1,propagule,831,0,0,0.0036101083032490976,True,0.001,0.015
5,1,16,0.0,0.0,1,propagule,824,0,0,0.0036407766990291263,True,0.001,0.015
5,1,17,0.0,0.0,1,propagule,814,0,0,0.0036855036855036856,True,0.001,0.015
5,1,18,0.0,0.0,1,propagule,2439,0,0,0.0012300123001230013,True,0.001,0.015
5,1,19,0.0,0.0,1,propagule,2395,0,0,0.0012526096033402922,True,0.001,0.015
5,1,20,0.0,0.0,1,propagule,2400,0,0,0.00125,True,0.001,0.015
5,1,21,0.0,0.0,1,propagule,2343,0,0,0.0012804097311139564,True,0.001,0.015
5,1,22,0.0,0.0,1,propagule,2275,0,0,0.0013186813186813187,True,0.001,0.015
5,1,23,0.0,0.0,1,propagule,2244,0,0,0.001336898395721925,True,0.001,0.015
5,1,24,0.0,0.0,1,propagule,2235,0,0,0.0013422818791946308,True,0.001,0.015
5,1,25,0.0,0.0,1,propagule,2141,0,0,0.0014012143858010276,True,0.001,0.015
5,1,26,0.0,0.0,1,propagule,2128,0,0,0.002349624060150376,True,0.001,0.015
5,1,27,0.0,0.0,1,propagule,2117,0,0,0.0023618327822390174,True,0.001,0.015
5,1,28,0.0,0.0,1,propagule,2084,0,0,0.0023992322456813818,True,0.001,0.015
5,1,29,0.0,0.0,1,propagule,2017,0,0,0.002478929102627665,True,0.001,0.015
5,1,30,0.0,0.0,1,propagule,2027,0,0,0.00246669955599408,True,0.001,0.015
5,1,31,0.0,0.0,1,propagule,1983,0,0,0.0030257186081694403,True,0.001,0.015
5,1,32,0.0,0.0,1,propagule,1967,0,0,0.003050330452465684,True,0.001,0.015
5,1,33,0.0,0.0,1,propagule,1888,0,0,0.003707627118644068,True,0.001,0.015
5,1,34,0.0,0.0,1,propagule,1878,0,0,0.003727369542066028,True,0.001,0.015
5,1,35,0.0,0.0,1,propagule,1823,0,0,0.0038398244651673065,True,0.001,0.015
5,1,36,0.0,0.0,1,propagule,1824,0,0,0.005482456140350877,True,0.001,0.015
5,1,37,0.0,0.0,1,propagule,1805,0,0,0.006648199445983379,True,0.001,0.015
5,1,38,0.0,0.0,1,propagule,1806,0,0,0.009966777408637873,True,0.001,0.015
5,1,39,0.0,0.0,1,propagule,1776,0,0,0.00731981981981982,True,0.001,0.015
5,1,40,0.0,0.0,1,propagule,1765,0,0,0.009631728045325779,True,0.001,0.015
5,1,41,0.0,0.0,1,propagule,1731,0,0,0.007510109763142692,True,0.001,0.015
5,1,42,0.0,0.0,1,propagule,1738,0,0,0.01093210586881473,True,0.001,0.015
5,1,43,0.0,0.0,1,propagule,1696,0,0,0.02122641509433962,True,0.001,0.015
5,1,44,0.0,0.0,1,propagule,1656,0,0,0.021135265700483092,True,0.001,0.015
5,1,45,0.0,0.0,1,propagule,1657,0,0,0.019915509957754977,True,0.001,0.015
5,1,46,0.0,0.0,1,propagule,1665,0,0,0.023423423423423424,True,0.001,0.015
5,1,47,0.0,0.0,1,propagule,1643,0,0,0.023737066342057214,True,0.001,0.015
5,1,48,0.0,0.0,1,propagule,1641,0,0,0.02315661182205972,True,0.001,0.015
5,1,49,0.0,0.0,1,propagule,1633,0,0,0.027556644213104716,True,0.001,0.015
5,1,50,0.0,0.0,1,propagule,1617,0,0,0.027210884353741496,True,0.001,0.015
5,1,51,0.0,0.0,1,propagule,1601,0,0,0.02873204247345409,True,0.001,0.015
5,1,52,0.0,0.0,1,propagule,1585,0,0,0.030914826498422712,True,0.001,0.015
5,2,1,0.0,0.0,1,propagule,1568,0,0,0.035076530612244895,True,0.001,0.015
5,2,2,0.0,0.0,1,propagule,1559,0,0,0.03527902501603592,True,0.001,0.015
5,2,3,0.0,0.0,1,propagule,1545,0,0,0.036245954692556634,True,0.001,0.015
5,2,4,0.0,0.0,1,propagule,1527,0,0,0.0366732154551408,True,0.001,0.015
5,2,5,0.0,0.0,1,propagule,1515,0,0,0.038943894389438946,True,0.001,0.015
5,2,6,0.0,0.0,1,propagule,1514,0,0,0.0416116248348745,True,0.001,0.015
5,2,7,0.0,0.0,1,propagule,1496,0,0,0.03877005347593583,True,0.001,0.015
5,2,8,0.0,0.0,1,propagule,1485,0,0,0.04040404040404041,True,0.001,0.015
5,2,9,0.0,0.0,1,propagule,1488,0,0,0.04099462365591398,True,0.001,0.015
5,2,10,0.0,0.0,1,propagule,1477,0,0,0.04468517264725796,True,0.001,0.015
5,2,11,0.0,0.0,1,propagule,1452,0,0,0.03925619834710744,True,0.001,0.015
5,2,12,0.0,0.0,1,propagule,1437,0,0,0.04314544189283229,True,0.001,0.015
5,2,13,0.0,0.0,1,propagule,1427,0,0,0.04134548002803083,True,0.001,0.015
5,2,14,0.0,0.0,1,propagule,1415,0,0,0.045936395759717315,True,0.001,0.015
5,2,15,0.0,0.0,1,propagule,1409,0,0,0.042583392476934,True,0.001,0.015
5,2,16,0.0,0.0,1,propagule,1392,0,0,0.04597701149425287,True,0.001,0.015
5,2,17,0.0,0.0,1,propagule,1388,0,0,0.043227665706051875,True,0.001,0.015
5,2,18,0.0,0.0,1,propagule,2618,0,0,0.024446142093200916,True,0.001,0.015
5,2,19,0.0,0.0,1,propagule,2533,0,0,0.021713383339913146,True,0.001,0.015
5,2,20,0.0,0.0,1,propagule,2547,0,0,0.024342363564978407,True,0.001,0.015
5,2,21,0.0,0.0,1,propagule,2490,0,0,0.023694779116465864,True,0.001,0.015
5,2,22,0.0,0.0,1,propagule,2472,0,0,0.024271844660194174,True,0.001,0.015
5,2,23,0.0,0.0,1,propagule,2448,0,0,0.024509803921568627,True,0.001,0.015
5,2,24,0.0,0.0,1,propagule,2410,0,0,0.026141078838174275,True,0.001,0.015
5,2,25,0.0,0.0,1,propagule,2374,0,0,0.02358887952822241,True,0.001,0.015
5,2,26,0.0,0.0,1,propagule,2356,0,0,0.02504244482173175,True,0.001,0.015
5,2,27,0.0,0.0,1,propagule,2331,0,0,0.02445302445302445,True,0.001,0.015
5,2,28,0.0,0.0,1,propagule,2326,0,0,0.025795356835769563,True,0.001,0.015
5,2,29,0.0,0.0,1,propagule,2247,0,0,0.0258121940364931,True,0.001,0.015
5,2,30,0.0,0.0,1,propagule,2271,0,0,0.02553940995156319,True,0.001,0.015
5,2,31,0.0,0.0,1,propagule,2199,0,0,0.02455661664392906,True,0.001,0.015
5,2,32,0.0,0.0,1,propagule,2211,0,0,0.02668475802804161,True,0.001,0.015
5,2,33,0.0,0.0,1,propagule,2153,0,0,0.02693915466790525,True,0.001,0.015
5,2,34,0.0,0.0,1,propagule,2158,0,0,0.027340129749768304,True,0.001,0.015
5,2,35,0.0,0.0,1,propagule,2103,0,0,0.02757964812173086,True,0.001,0.015
5,2,36,0.0,0.0,1,propagule,2081,0,0,0.03459875060067275,True,0.001,0.015
5,2,37,0.0,0.0,1,propagule,2025,0,0,0.03209876543209877,True,0.001,0.015
5,2,38,0.0,0.0,1,propagule,2003,0,0,0.029955067398901646,True,0.001,0.015
5,2,39,0.0,0.0,1,propagule,1976,0,0,0.030364372469635626,True,0.001,0.015
5,2,40,0.0,0.0,1,propagule,1974,0,0,0.031914893617021274,True,0.001,0.015
5,2,41,0.0,0.0,1,propagule,1960,0,0,0.03163265306122449,True,0.001,0.015
5,2,42,0.0,0.0,1,propagule,1940,0,0,0.031958762886597936,True,0.001,0.015
5,2,43,0.0,0.0,1,propagule,1953,0,0,0.0670762928827445,True,0.001,0.015
5,2,44,0.0,0.0,1,propagule,1852,0,0,0.04859611231101512,True,0.001,0.015
5,2,45,0.0,0.0,1,propagule,1833,0,0,0.049099836333878884,True,0.001,0.015
5,2,46,0.0,0.0,1,propagule,1810,0,0,0.04696132596685083,True,0.001,0.015
5,2,47,0.0,0.0,1,propagule,1805,0,0,0.05096952908587258,True,0.001,0.015
5,2,48,0.0,0.0,1,propagule,1803,0,0,0.05546311702717693,True,0.001,0.015
5,2,49,0.0,0.0,1,propagule,1767,0,0,0.053763440860215055,True,0.001,0.015
5,2,50,0.0,0.0,1,propagule,1744,0,0,0.0481651376146789,True,0.001,0.015
5,2,51,0.0,0.0,1,propagule,1712,0,0,0.05081775700934579,True,0.001,0.015
5,2,52,0.0,0.0,1,propagule,1730,0,0,0.05317919075144509,True,0.001,0.015
5,3,1,0.0,0.0,1,propagule,1671,0,0,0.054458408138839016,True,0.001,0.015
5,3,2,0.0,0.0,1,propagule,1698,0,0,0.05535924617196702,True,0.001,0.015
5,3,3,0.0,0.0,1,propagule,1657,0,0,0.056729028364514184,True,0.001,0.015
5,3,4,0.0,0.0,1,propagule,1675,0,0,0.057313432835820896,True,0.001,0.015
5,3,5,0.0,0.0,1,propagule,1630,0,0,0.05766871165644172,True,0.001,0.015
5,3,6,0.0,0.0,1,propagule,1647,0,0,0.06132361870066788,True,0.001,0.015
5,3,7,0.0,0.0,1,propagule,1614,0,0,0.06381660470879802,True,0.001,0.015
5,3,8,0.0,0.0,1,propagule,1626,0,0,0.06457564575645756,True,0.001,0.015
5,3,9,0.0,0.0,1,propagule,1588,0,0,0.06423173803526448,True,0.001,0.015
5,3,10,0.0,0.0,1,propagule,1605,0,0,0.06542056074766354,True,0.001,0.015
5,3,11,0.0,0.0,1,propagule,1573,0,0,0.06611570247933884,True,0.001,0.015
5,3,12,0.0,0.0,1,propagule,1592,0,0,0.06846733668341709,True,0.001,0.015
5,3,13,0.0,0.0,1,propagule,1545,0,0,0.06666666666666667,True,0.001,0.015
5,3,14,0.0,0.0,1,propagule,1566,0,0,0.06704980842911877,True,0.001,0.015
5,3,15,0.0,0.0,1,propagule,1528,0,0,0.06609947643979057,True,0.001,0.015
5,3,16,0.0,0.0,1,propagule,1554,0,0,0.06756756756756757,True,0.001,0.015
5,3,17,0.0,0.0,1,propagule,1507,0,0,0.0650298606502986,True,0.001,0.015
5,3,18,0.0,0.0,1,propagule,3439,0,0,0.030822913637685374,True,0.001,0.015
5,3,19,0.0,0.0,1,propagule,3275,0,0,0.028702290076335877,True,0.001,0.015
5,3,20,0.0,0.0,1,propagule,3255,0,0,0.03195084485407066,True,0.001,0.015
5,3,21,0.0,0.0,1,propagule,3132,0,0,0.028735632183908046,True,0.001,0.015
5,3,22,0.0,0.0,1,propagule,3132,0,0,0.02937420178799489,True,0.001,0.015
5,3,23,0.0,0.0,1,propagule,3028,0,0,0.029392338177014532,True,0.001,0.015
5,3,24,0.0,0.0,1,propagule,3057,0,0,0.03140333660451423,True,0.001,0.015
5,3,25,0.0,0.0,1,propagule,2977,0,0,0.030903594222371517,True,0.001,0.015
5,3,26,0.0,0.0,1,propagule,2975,0,0,0.03260504201680672,True,0.001,0.015
5,3,27,0.0,0.0,1,propagule,2896,0,0,0.03038674033149171,True,0.001,0.015
5,3,28,0.0,0.0,1,propagule,2883,0,0,0.03156434269857787,True,0.001,0.015
5,3,29,0.0,0.0,1,propagule,2802,0,0,0.029978586723768737,True,0.001,0.015
5,3,30,0.0,0.0,1,propagule,2771,0,0,0.031035727174305305,True,0.001,0.015
5,3,31,0.0,0.0,1,propagule,2687,0,0,0.030889467807964272,True,0.001,0.015
5,3,32,0.0,0.0,1,propagule,2686,0,0,0.03462397617274758,True,0.001,0.015
5,3,33,0.0,0.0,1,propagule,2613,0,0,0.03559127439724455,True,0.001,0.015
5,3,34,0.0,0.0,1,propagule,2641,0,0,0.03862173419159409,True,0.001,0.015
5,3,35,0.0,0.0,1,propagule,2563,0,0,0.03628560280920796,True,0.001,0.015
5,3,36,0.0,0.0,1,propagule,2560,0,0,0.04375,True,0.001,0.015
5,3,37,0.0,0.0,1,propagule,2446,0,0,0.039247751430907606,True,0.001,0.015
5,3,38,0.0,0.0,1,propagule,2443,0,0,0.04338927548096602,True,0.001,0.015
5,3,39,0.0,0.0,1,propagule,2419,0,0,0.04175279040926003,True,0.001,0.015
5,3,40,0.0,0.0,1,propagule,2403,0,0,0.046192259675405745,True,0.001,0.015
5,3,41,0.0,0.0,1,propagule,2361,0,0,0.04362558238034731,True,0.001,0.015
5,3,42,0.0,0.0,1,propagule,2378,0,0,0.05424726661059714,True,0.001,0.015
5,3,43,0.0,0.0,1,propagule,2614,0,0,0.11897475133894414,True,0.001,0.015
5,3,44,0.0,0.0,1,propagule,2469,0,0,0.1117861482381531,True,0.001,0.015
5,3,45,0.0,0.0,1,propagule,2478,0,0,0.11541565778853914,True,0.001,0.015
5,3,46,0.0,0.0,1,propagule,2457,0,0,0.12576312576312576,True,0.001,0.015
5,3,47,0.0,0.0,1,propagule,2526,0,0,0.1417260490894695,True,0.001,0.015
5,3,48,0.0,0.0,1,propagule,2535,0,0,0.15266272189349112,True,0.001,0.015
5,3,49,0.0,0.0,1,propagule,2569,0,0,0.16387699493966523,True,0.001,0.015
5,3,50,0.0,0.0,1,propagule,2577,0,0,0.17035312378734963,True,0.001,0.015
5,3,51,0.0,0.0,1,propagule,2625,0,0,0.18057142857142858,True,0.001,0.015
5,3,52,0.0,0.0,1,propagule,2622,0,0,0.1853546910755149,True,0.001,0.015
5,4,1,0.0,0.0,1,propagule,2656,0,0,0.19126506024096385,True,0.001,0.015
5,4,2,0.0,0.0,1,propagule,2629,0,0,0.19284899201217193,True,0.001,0.015
5,4,3,0.0,0.0,1,propagule,2650,0,0,0.19471698113207547,True,0.001,0.015
5,4,4,0.0,0.0,1,propagule,2627,0,0,0.19718309859154928,True,0.001,0.015
5,4,5,0.0,0.0,1,propagule,2635,0,0,0.19962049335863377,True,0.001,0.015
5,4,6,0.0,0.0,1,propagule,2640,0,0,0.1965909090909091,True,0.001,0.015
5,4,7,0.0,0.0,1,propagule,2636,0,0,0.20295902883156297,True,0.001,0.015
5,4,8,0.0,0.0,1,propagule,2596,0,0,0.20223420647149462,True,0.001,0.015
5,4,9,0.0,0.0,1,propagule,2599,0,0,0.20469411312043093,True,0.001,0.015
5,4,10,0.0,0.0,1,propagule,2563,0,0,0.20444791260241904,True,0.001,0.015
5,4,11,0.0,0.0,1,propagule,2566,0,0,0.2049883086515978,True,0.001,0.015
5,4,12,0.0,0.0,1,propagule,2537,0,0,0.20693732755222705,True,0.001,0.015
5,4,13,0.0,0.0,1,propagule,2535,0,0,0.20710059171597633,True,0.001,0.015
5,4,14,0.0,0.0,1,propagule,2503,0,0,0.20695165801038753,True,0.001,0.015
5,4,15,0.0,0.0,1,propagule,2492,0,0,0.20786516853932585,True,0.001,0.015
5,4,16,0.0,0.0,1,propagule,2456,0,0,0.20806188925081434,True,0.001,0.015
5,4,17,0.0,0.0,1,propagule,2448,0,0,0.20833333333333334,True,0.001,0.015
5,4,18,0.0,0.0,1,propagule,5289,0,0,0.09661561731896388,True,0.001,0.015
5,4,19,0.0,0.0,1,propagule,5217,0,0,0.09718228867165038,True,0.001,0.015
5,4,20,0.0,0.0,1,propagule,5140,0,0,0.09824902723735408,True,0.001,0.015
5,4,21,0.0,0.0,1,propagule,5089,0,0,0.09943014344664963,True,0.001,0.015
5,4,22,0.0,0.0,1,propagule,5029,0,0,0.09982103797971764,True,0.001,0.015
5,4,23,0.0,0.0,1,propagule,4959,0,0,0.1006251260334745,True,0.001,0.015
5,4,24,0.0,0.0,1,propagule,4884,0,0,0.10155610155610155,True,0.001,0.015
5,4,25,0.0,0.0,1,propagule,4831,0,0,0.10246325812461188,True,0.001,0.015
5,4,26,0.0,0.0,1,propagule,4785,0,0,0.10407523510971786,True,0.001,0.015
5,4,27,0.0,0.0,1,propagule,4751,0,0,0.1037676278678173,True,0.001,0.015
5,4,28,0.0,0.0,1,propagule,4655,0,0,0.10612244897959183,True,0.001,0.015
5,4,29,0.0,0.0,1,propagule,4632,0,0,0.10600172711571676,True,0.001,0.015
5,4,30,0.0,0.0,1,propagule,4573,0,0,0.10736934178876012,True,0.001,0.015
5,4,31,0.0,0.0,1,propagule,4522,0,0,0.10681114551083591,True,0.001,0.015
5,4,32,0.0,0.0,1,propagule,4465,0,0,0.10750279955207166,True,0.001,0.015
5,4,33,0.0,0.0,1,propagule,4374,0,0,0.11019661636945588,True,0.001,0.015
5,4,34,0.0,0.0,1,propagule,4271,0,0,0.1105127604776399,True,0.001,0.015
5,4,35,0.0,0.0,1,propagule,4269,0,0,0.11197001639728274,True,0.001,0.015
5,4,36,0.0,0.0,1,propagule,4230,0,0,0.11394799054373522,True,0.001,0.015
5,4,37,0.0,0.0,1,propagule,4152,0,0,0.11440269749518304,True,0.001,0.015
5,4,38,0.0,0.0,1,propagule,4109,0,0,0.1151131662204916,True,0.001,0.015
5,4,39,0.0,0.0,1,propagule,4087,0,0,0.11695620259358944,True,0.001,0.015
5,4,40,0.0,0.0,1,propagule,4038,0,0,0.11812778603268945,True,0.001,0.015
5,4,41,0.0,0.0,1,propagule,4008,0,0,0.11951097804391217,True,0.001,0.015
5,4,42,0.0,0.0,1,propagule,3996,0,0,0.12012012012012012,True,0.001,0.015
5,4,43,0.0,0.0,1,propagule,3653,0,0,0.14371749247194088,True,0.001,0.015
5,4,44,0.0,0.0,1,propagule,3489,0,0,0.1355689309257667,True,0.001,0.015
5,4,45,0.0,0.0,1,propagule,3457,0,0,0.14347700318194967,True,0.001,0.015
5,4,46,0.0,0.0,1,propagule,3498,0,0,0.14636935391652373,True,0.001,0.015
5,4,47,0.0,0.0,1,propagule,3494,0,0,0.1514024041213509,True,0.001,0.015
5,4,48,0.0,0.0,1,propagule,3495,0,0,0.15565092989985693,True,0.001,0.015
5,4,49,0.0,0.0,1,propagule,3510,0,0,0.15982905982905982,True,0.001,0.015
5,4,50,0.0,0.0,1,propagule,3540,0,0,0.1652542372881356,True,0.001,0.015
5,4,51,0.0,0.0,1,propagule,3562,0,0,0.16984839977540708,True,0.001,0.015
5,4,52,0.0,0.0,1,propagule,3548,0,0,0.17249154453213078,True,0.001,0.015
5,5,1,0.0,0.0,1,propagule,3540,0,0,0.17570621468926553,True,0.001,0.015
5,5,2,0.0,0.0,1,propagule,3543,0,0,0.17866215071972905,True,0.001,0.015
5,5,3,0.0,0.0,1,propagule,3535,0,0,0.1801980198019802,True,0.001,0.015
5,5,4,0.0,0.0,1,propagule,3512,0,0,0.18166287015945332,True,0.001,0.015
5,5,5,0.0,0.0,1,propagule,3498,0,0,0.18524871355060035,True,0.001,0.015
5,5,6,0.0,0.0,1,propagule,3478,0,0,0.18717653824036803,True,0.001,0.015
5,5,7,0.0,0.0,1,propagule,3472,0,0,0.18778801843317972,True,0.001,0.015
5,5,8,0.0,0.0,1,propagule,3444,0,0,0.18960511033681765,True,0.001,0.015
5,5,9,0.0,0.0,1,propagule,3431,0,0,0.1897406004080443,True,0.001,0.015
5,5,10,0.0,0.0,1,propagule,3378,0,0,0.1915334517465956,True,0.001,0.015
5,5,11,0.0,0.0,1,propagule,3376,0,0,0.19312796208530805,True,0.001,0.015
5,5,12,0.0,0.0,1,propagule,3356,0,0,0.1933849821215733,True,0.001,0.015
5,5,13,0.0,0.0,1,propagule,3346,0,0,0.19456066945606695,True,0.001,0.015
5,5,14,0.0,0.0,1,propagule,3313,0,0,0.19559311801992152,True,0.001,0.015
5,5,15,0.0,0.0,1,propagule,3291,0,0,0.19629292008508054,True,0.001,0.015
5,5,16,0.0,0.0,1,propagule,3265,0,0,0.19571209800918837,True,0.001,0.015
5,5,17,0.0,0.0,1,propagule,3247,0,0,0.1971050200184786,True,0.001,0.015
5,5,18,0.0,0.0,1,propagule,7103,0,0,0.0889764888075461,True,0.001,0.015
5,5,19,0.0,0.0,1,propagule,7041,0,0,0.08990200255645504,True,0.001,0.015
5,5,20,0.0,0.0,1,propagule,6884,0,0,0.09049970947123766,True,0.001,0.015
5,5,21,0.0,0.0,1,propagule,6759,0,0,0.09025003698772008,True,0.001,0.015
5,5,22,0.0,0.0,1,propagule,6645,0,0,0.09134687735139202,True,0.001,0.015
5,5,23,0.0,0.0,1,propagule,6548,0,0,0.09239462431276725,True,0.001,0.015
5,5,24,0.0,0.0,1,propagule,6467,0,0,0.09324261635998145,True,0.001,0.015
5,5,25,0.0,0.0,1,propagule,6371,0,0,0.09386281588447654,True,0.001,0.015
5,5,26,0.0,0.0,1,propagule,6259,0,0,0.09474356926026521,True,0.001,0.015
5,5,27,0.0,0.0,1,propagule,6171,0,0,0.09609463620158808,True,0.001,0.015
5,5,28,0.0,0.0,1,propagule,6090,0,0,0.0973727422003284,True,0.001,0.015
5,5,29,0.0,0.0,1,propagule,6024,0,0,0.09794156706507304,True,0.001,0.015
5,5,30,0.0,0.0,1,propagule,5927,0,0,0.09920701872785558,True,0.001,0.015
5,5,31,0.0,0.0,1,propagule,5809,0,0,0.10070580134274401,True,0.001,0.015
5,5,32,0.0,0.0,1,propagule,5692,0,0,0.10207308503162334,True,0.001,0.015
5,5,33,0.0,0.0,1,propagule,5584,0,0,0.10207736389684814,True,0.001,0.015
5,5,34,0.0,0.0,1,propagule,5518,0,0,0.1034795215657847,True,0.001,0.015
5,5,35,0.0,0.0,1,propagule,5456,0,0,0.10483870967741936,True,0.001,0.015
5,5,36,0.0,0.0,1,propagule,5409,0,0,0.10611943057866519,True,0.001,0.015
5,5,37,0.0,0.0,1,propagule,5335,0,0,0.10609184629803187,True,0.001,0.015
5,5,38,0.0,0.0,1,propagule,5300,0,0,0.10679245283018868,True,0.001,0.015
5,5,39,0.0,0.0,1,propagule,5241,0,0,0.10646823125357756,True,0.001,0.015
5,5,40,0.0,0.0,1,propagule,5218,0,0,0.10751245688003067,True,0.001,0.015
5,5,41,0.0,0.0,1,propagule,5168,0,0,0.1081656346749226,True,0.001,0.015
5,5,42,0.0,0.0,1,propagule,5139,0,0,0.1105273399494065,True,0.001,0.015
5,5,43,0.0,0.0,1,propagule,4700,0,0,0.1425531914893617,True,0.001,0.015
5,5,44,0.0,0.0,1,propagule,4447,0,0,0.13604677310546437,True,0.001,0.015
5,5,45,0.0,0.0,1,propagule,4385,0,0,0.13979475484606613,True,0.001,0.015
5,5,46,0.0,0.0,1,propagule,4402,0,0,0.14311676510676966,True,0.001,0.015
5,5,47,0.0,0.0,1,propagule,4409,0,0,0.14878657291902925,True,0.001,0.015
5,5,48,0.0,0.0,1,propagule,4445,0,0,0.15388076490438696,True,0.001,0.015
5,5,49,0.0,0.0,1,propagule,4451,0,0,0.15681869242866772,True,0.001,0.015
5,5,50,0.0,0.0,1,propagule,4451,0,0,0.16176140193215008,True,0.001,0.015
5,5,51,0.0,0.0,1,propagule,4411,0,0,0.16436182271593744,True,0.001,0.015
5,5,52,0.0,0.0,1,propagule,4419,0,0,0.1670061099796334,True,0.001,0.015
5,6,1,0.0,0.0,1,propagule,4427,0,0,0.17054438671786762,True,0.001,0.015
5,6,2,0.0,0.0,1,propagule,4427,0,0,0.1743844590015812,True,0.001,0.015
5,6,3,0.0,0.0,1,propagule,4390,0,0,0.1774487471526196,True,0.001,0.015
5,6,4,0.0,0.0,1,propagule,4375,0,0,0.17965714285714285,True,0.001,0.015
5,6,5,0.0,0.0,1,propagule,4360,0,0,0.181651376146789,True,0.001,0.015
5,6,6,0.0,0.0,1,propagule,4341,0,0,0.1833678875835061,True,0.001,0.015
5,6,7,0.0,0.0,1,propagule,4314,0,0,0.18382012053778396,True,0.001,0.015
5,6,8,0.0,0.0,1,propagule,4287,0,0,0.18591089339864708,True,0.001,0.015
5,6,9,0.0,0.0,1,propagule,4258,0,0,0.18717707844058243,True,0.001,0.015
5,6,10,0.0,0.0,1,propagule,4230,0,0,0.18723404255319148,True,0.001,0.015
5,6,11,0.0,0.0,1,propagule,4211,0,0,0.18807884113037282,True,0.001,0.015
5,6,12,0.0,0.0,1,propagule,4181,0,0,0.1891891891891892,True,0.001,0.015
5,6,13,0.0,0.0,1,propagule,4147,0,0,0.19025801784422475,True,0.001,0.015
5,6,14,0.0,0.0,1,propagule,4086,0,0,0.1926089084679393,True,0.001,0.015
5,6,15,0.0,0.0,1,propagule,4053,0,0,0.19220330619294348,True,0.001,0.015
5,6,16,0.0,0.0,1,propagule,4030,0,0,0.19305210918114143,True,0.001,0.015
5,6,17,0.0,0.0,1,propagule,4008,0,0,0.19386227544910178,True,0.001,0.015
5,6,18,0.0,0.0,1,propagule,8926,0,0,0.08671297333632086,True,0.001,0.015
5,6,19,0.0,0.0,1,propagule,8820,0,0,0.08752834467120181,True,0.001,0.015
5,6,20,0.0,0.0,1,propagule,8725,0,0,0.08882521489971347,True,0.001,0.015
5,6,21,0.0,0.0,1,propagule,8675,0,0,0.0904899135446686,True,0.001,0.015
5,6,22,0.0,0.0,1,propagule,8600,0,0,0.09151162790697674,True,0.001,0.015
5,6,23,0.0,0.0,1,propagule,8517,0,0,0.09252084067159798,True,0.001,0.015
5,6,24,0.0,0.0,1,propagule,8454,0,0,0.09415661225455406,True,0.001,0.015
5,6,25,0.0,0.0,1,propagule,8337,0,0,0.09643756747031307,True,0.001,0.015
5,6,26,0.0,0.0,1,propagule,8310,0,0,0.09687123947051744,True,0.001,0.015
5,6,27,0.0,0.0,1,propagule,8234,0,0,0.09812970609667233,True,0.001,0.015
5,6,28,0.0,0.0,1,propagule,8187,0,0,0.09954806400390863,True,0.001,0.015
5,6,29,0.0,0.0,1,propagule,8108,0,0,0.10002466699555994,True,0.001,0.015
5,6,30,0.0,0.0,1,propagule,7987,0,0,0.10154000250406911,True,0.001,0.015
5,6,31,0.0,0.0,1,propagule,7902,0,0,0.10288534548215642,True,0.001,0.015
5,6,32,0.0,0.0,1,propagule,7842,0,0,0.10392756949757714,True,0.001,0.015
5,6,33,0.0,0.0,1,propagule,7775,0,0,0.10456591639871382,True,0.001,0.015
5,6,34,0.0,0.0,1,propagule,7694,0,0,0.10566675331427086,True,0.001,0.015
5,6,35,0.0,0.0,1,propagule,7617,0,0,0.10660364973086517,True,0.001,0.015
5,6,36,0.0,0.0,1,propagule,7576,0,0,0.10836853220696938,True,0.001,0.015
5,6,37,0.0,0.0,1,propagule,7451,0,0,0.10911287075560328,True,0.001,0.015
5,6,38,0.0,0.0,1,propagule,7391,0,0,0.10999864700311189,True,0.001,0.015
5,6,39,0.0,0.0,1,propagule,7311,0,0,0.1107919573245794,True,0.001,0.015
5,6,40,0.0,0.0,1,propagule,7231,0,0,0.1122942884801549,True,0.001,0.015
5,6,41,0.0,0.0,1,propagule,7178,0,0,0.11298411813875732,True,0.001,0.015
5,6,42,0.0,0.0,1,propagule,7119,0,0,0.11335861778339655,True,0.001,0.015
5,6,43,0.0,0.0,1,propagule,6269,0,0,0.14276599138618598,True,0.001,0.015
5,6,44,0.0,0.0,1,propagule,5863,0,0,0.1354255500596964,True,0.001,0.015
5,6,45,0.0,0.0,1,propagule,5734,0,0,0.13376351587024765,True,0.001,0.015
5,6,46,0.0,0.0,1,propagule,5742,0,0,0.1365377917102055,True,0.001,0.015
5,6,47,0.0,0.0,1,propagule,5750,0,0,0.13895652173913042,True,0.001,0.015
5,6,48,0.0,0.0,1,propagule,5750,0,0,0.1413913043478261,True,0.001,0.015
5,6,49,0.0,0.0,1,propagule,5765,0,0,0.14674761491760624,True,0.001,0.015
5,6,50,0.0,0.0,1,propagule,5748,0,0,0.15083507306889352,True,0.001,0.015
5,6,51,0.0,0.0,1,propagule,5771,0,0,0.15508577369606655,True,0.001,0.015
5,6,52,0.0,0.0,1,propagule,5769,0,0,0.156526261050442,True,0.001,0.015
5,7,1,0.0,0.0,1,propagule,5743,0,0,0.15967264495908062,True,0.001,0.015
5,7,2,0.0,0.0,1,propagule,5721,0,0,0.16203460933403252,True,0.001,0.015
5,7,3,0.0,0.0,1,propagule,5691,0,0,0.1641187840449833,True,0.001,0.015
5,7,4,0.0,0.0,1,propagule,5652,0,0,0.16560509554140126,True,0.001,0.015
5,7,5,0.0,0.0,1,propagule,5603,0,0,0.16616098518650724,True,0.001,0.015
5,7,6,0.0,0.0,1,propagule,5567,0,0,0.16813364469193462,True,0.001,0.015
5,7,7,0.0,0.0,1,propagule,5519,0,0,0.16832759557890922,True,0.001,0.015
5,7,8,0.0,0.0,1,propagule,5474,0,0,0.16934599926927293,True,0.001,0.015
5,7,9,0.0,0.0,1,propagule,5394,0,0,0.171486837226548,True,0.001,0.015
5,7,10,0.0,0.0,1,propagule,5340,0,0,0.17284644194756554,True,0.001,0.015
5,7,11,0.0,0.0,1,propagule,5310,0,0,0.17382297551789078,True,0.001,0.015
5,7,12,0.0,0.0,1,propagule,5269,0,0,0.17403681913076485,True,0.001,0.015
5,7,13,0.0,0.0,1,propagule,5222,0,0,0.17522022213711222,True,0.001,0.015
5,7,14,0.0,0.0,1,propagule,5188,0,0,0.17559753276792597,True,0.001,0.015
5,7,15,0.0,0.0,1,propagule,5158,0,0,0.17720046529662659,True,0.001,0.015
5,7,16,0.0,0.0,1,propagule,5108,0,0,0.1773688332028191,True,0.001,0.015
5,7,17,0.0,0.0,1,propagule,5077,0,0,0.17845184163876304,True,0.001,0.015
5,7,18,0.0,0.0,1,propagule,11270,0,0,0.08039041703637977,True,0.001,0.015
5,7,19,0.0,0.0,1,propagule,11146,0,0,0.08101561098151804,True,0.001,0.015
5,7,20,0.0,0.0,1,propagule,10951,0,0,0.08227559127020363,True,0.001,0.015
5,7,21,0.0,0.0,1,propagule,10686,0,0,0.08384802545386487,True,0.001,0.015
5,7,22,0.0,0.0,1,propagule,10494,0,0,0.08442919763674481,True,0.001,0.015
5,7,23,0.0,0.0,1,propagule,10338,0,0,0.08521957825498162,True,0.001,0.015
5,7,24,0.0,0.0,1,propagule,10213,0,0,0.08606677763634583,True,0.001,0.015
5,7,25,0.0,0.0,1,propagule,10055,0,0,0.08672302337145699,True,0.001,0.015
5,7,26,0.0,0.0,1,propagule,9914,0,0,0.08775469033689731,True,0.001,0.015
5,7,27,0.0,0.0,1,propagule,9798,0,0,0.08879363135333741,True,0.001,0.015
5,7,28,0.0,0.0,1,propagule,9645,0,0,0.08968377397615344,True,0.001,0.015
5,7,29,0.0,0.0,1,propagule,9536,0,0,0.08976510067114093,True,0.001,0.015
5,7,30,0.0,0.0,1,propagule,9374,0,0,0.0904629827181566,True,0.001,0.015
5,7,31,0.0,0.0,1,propagule,9270,0,0,0.09158576051779935,True,0.001,0.015
5,7,32,0.0,0.0,1,propagule,9143,0,0,0.09165481789347041,True,0.001,0.015
5,7,33,0.0,0.0,1,propagule,9030,0,0,0.09224806201550388,True,0.001,0.015
5,7,34,0.0,0.0,1,propagule,8911,0,0,0.09269442262372349,True,0.001,0.015
5,7,35,0.0,0.0,1,propagule,8811,0,0,0.09397344228804903,True,0.001,0.015
5,7,36,0.0,0.0,1,propagule,8668,0,0,0.09460083064143977,True,0.001,0.015
5,7,37,0.0,0.0,1,propagule,8512,0,0,0.09609962406015038,True,0.001,0.015
5,7,38,0.0,0.0,1,propagule,8407,0,0,0.09611038420363982,True,0.001,0.015
5,7,39,0.0,0.0,1,propagule,8327,0,0,0.09691365437732677,True,0.001,0.015
5,7,40,0.0,0.0,1,propagule,8251,0,0,0.09732153678342019,True,0.001,0.015
5,7,41,0.0,0.0,1,propagule,8181,0,0,0.09839872876176506,True,0.001,0.015
5,7,42,0.0,0.0,1,propagule,8102,0,0,0.0988644779066897,True,0.001,0.015
5,7,43,0.0,0.0,1,propagule,7559,0,0,0.15861886492922345,True,0.001,0.015
5,7,44,0.0,0.0,1,propagule,7040,0,0,0.14673295454545454,True,0.001,0.015
5,7,45,0.0,0.0,1,propagule,6833,0,0,0.149568271623006,True,0.001,0.015
5,7,46,0.0,0.0,1,propagule,6865,0,0,0.1504734158776402,True,0.001,0.015
5,7,47,0.0,0.0,1,propagule,6844,0,0,0.15312682641729983,True,0.001,0.015
5,7,48,0.0,0.0,1,propagule,6889,0,0,0.15735230076934242,True,0.001,0.015
5,7,49,0.0,0.0,1,propagule,6925,0,0,0.16216606498194946,True,0.001,0.015
5,7,50,0.0,0.0,1,propagule,6993,0,0,0.1665951665951666,True,0.001,0.015
5,7,51,0.0,0.0,1,propagule,7025,0,0,0.17153024911032028,True,0.001,0.015
5,7,52,0.0,0.0,1,propagule,7088,0,0,0.17494356659142213,True,0.001,0.015
5,8,1,0.0,0.0,1,propagule,7093,0,0,0.1776399266882842,True,0.001,0.015
5,8,2,0.0,0.0,1,propagule,7074,0,0,0.18023748939779474,True,0.001,0.015
5,8,3,0.0,0.0,1,propagule,7057,0,0,0.18279722261584241,True,0.001,0.015
5,8,4,0.0,0.0,1,propagule,7018,0,0,0.18395554288971216,True,0.001,0.015
5,8,5,0.0,0.0,1,propagule,6965,0,0,0.18506819813352476,True,0.001,0.015
5,8,6,0.0,0.0,1,propagule,6866,0,0,0.18773667346344305,True,0.001,0.015
5,8,7,0.0,0.0,1,propagule,6819,0,0,0.18829740431148262,True,0.001,0.015
5,8,8,0.0,0.0,1,propagule,6759,0,0,0.18834147063175025,True,0.001,0.015
5,8,9,0.0,0.0,1,propagule,6723,0,0,0.18949873568347464,True,0.001,0.015
5,8,10,0.0,0.0,1,propagule,6656,0,0,0.19050480769230768,True,0.001,0.015
5,8,11,0.0,0.0,1,propagule,6622,0,0,0.19148293566898217,True,0.001,0.015
5,8,12,0.0,0.0,1,propagule,6536,0,0,0.19308445532435742,True,0.001,0.015
5,8,13,0.0,0.0,1,propagule,6498,0,0,0.1940597106802093,True,0.001,0.015
5,8,14,0.0,0.0,1,propagule,6449,0,0,0.1938285005427198,True,0.001,0.015
5,8,15,0.0,0.0,1,propagule,6409,0,0,0.19488219691059447,True,0.001,0.015
5,8,16,0.0,0.0,1,propagule,6372,0,0,0.194601381042059,True,0.001,0.015
5,8,17,0.0,0.0,1,propagule,6342,0,0,0.19552191737622202,True,0.001,0.015
5,8,18,0.0,0.0,1,propagule,14268,0,0,0.08606672273619288,True,0.001,0.015
5,8,19,0.0,0.0,1,propagule,14112,0,0,0.08687641723356009,True,0.001,0.015
5,8,20,0.0,0.0,1,propagule,13949,0,0,0.08796329485984658,True,0.001,0.015
5,8,21,0.0,0.0,1,propagule,13791,0,0,0.08889855702994706,True,0.001,0.015
5,8,22,0.0,0.0,1,propagule,13633,0,0,0.0899288491161153,True,0.001,0.015
5,8,23,0.0,0.0,1,propagule,13444,0,0,0.09089556679559654,True,0.001,0.015
5,8,24,0.0,0.0,1,propagule,13295,0,0,0.09206468597216999,True,0.001,0.015
5,8,25,0.0,0.0,1,propagule,13162,0,0,0.0928430329737122,True,0.001,0.015
5,8,26,0.0,0.0,1,propagule,13014,0,0,0.09343783617642538,True,0.001,0.015
5,8,27,0.0,0.0,1,propagule,12841,0,0,0.09430729693949069,True,0.001,0.015
5,8,28,0.0,0.0,1,propagule,12626,0,0,0.09527958181530176,True,0.001,0.015
5,8,29,0.0,0.0,1,propagule,12478,0,0,0.09616925789389325,True,0.001,0.015
5,8,30,0.0,0.0,1,propagule,12338,0,0,0.09709839520181553,True,0.001,0.015
5,8,31,0.0,0.0,1,propagule,12230,0,0,0.09787408013082584,True,0.001,0.015
5,8,32,0.0,0.0,1,propagule,12114,0,0,0.098646194485719,True,0.001,0.015
5,8,33,0.0,0.0,1,propagule,12010,0,0,0.09916736053288926,True,0.001,0.015
5,8,34,0.0,0.0,1,propagule,11890,0,0,0.10025231286795627,True,0.001,0.015
5,8,35,0.0,0.0,1,propagule,11741,0,0,0.10101354228770973,True,0.001,0.015
5,8,36,0.0,0.0,1,propagule,11629,0,0,0.10172843752687247,True,0.001,0.015
5,8,37,0.0,0.0,1,propagule,11519,0,0,0.10235263477732442,True,0.001,0.015
5,8,38,0.0,0.0,1,propagule,11402,0,0,0.10322750394667603,True,0.001,0.015
5,8,39,0.0,0.0,1,propagule,11303,0,0,0.10377775811731399,True,0.001,0.015
5,8,40,0.0,0.0,1,propagule,11197,0,0,0.10467089398946146,True,0.001,0.015
5,8,41,0.0,0.0,1,propagule,11106,0,0,0.1050783360345759,True,0.001,0.015
5,8,42,0.0,0.0,1,propagule,11010,0,0,0.10617620345140781,True,0.001,0.015
5,8,43,0.0,0.0,1,propagule,10319,0,0,0.1732726039344898,True,0.001,0.015
5,8,44,0.0,0.0,1,propagule,9500,0,0,0.15842105263157893,True,0.001,0.015
5,8,45,0.0,0.0,1,propagule,9141,0,0,0.15490646537577946,True,0.001,0.015
5,8,46,0.0,0.0,1,propagule,9023,0,0,0.1563781447412169,True,0.001,0.015
5,8,47,0.0,0.0,1,propagule,8991,0,0,0.15838060282504726,True,0.001,0.015
5,8,48,0.0,0.0,1,propagule,9034,0,0,0.1626079256143458,True,0.001,0.015
5,8,49,0.0,0.0,1,propagule,9090,0,0,0.16666666666666666,True,0.001,0.015
5,8,50,0.0,0.0,1,propagule,9127,0,0,0.17026405171469267,True,0.001,0.015
5,8,51,0.0,0.0,1,propagule,9151,0,0,0.17724838815430008,True,0.001,0.015
5,8,52,0.0,0.0,1,propagule,9176,0,0,0.18101569311246732,True,0.001,0.015
5,9,1,0.0,0.0,1,propagule,9187,0,0,0.1848263851093937,True,0.001,0.015
5,9,2,0.0,0.0,1,propagule,9210,0,0,0.18762214983713354,True,0.001,0.015
5,9,3,0.0,0.0,1,propagule,9213,0,0,0.1895148160208401,True,0.001,0.015
5,9,4,0.0,0.0,1,propagule,9231,0,0,0.1922868594951793,True,0.001,0.015
5,9,5,0.0,0.0,1,propagule,9225,0,0,0.19371273712737128,True,0.001,0.015
5,9,6,0.0,0.0,1,propagule,9176,0,0,0.19540104620749782,True,0.001,0.015
5,9,7,0.0,0.0,1,propagule,9135,0,0,0.19704433497536947,True,0.001,0.015
5,9,8,0.0,0.0,1,propagule,8881,0,0,0.20121607927035243,True,0.001,0.015
5,9,9,0.0,0.0,1,propagule,8832,0,0,0.20187952898550723,True,0.001,0.015
5,9,10,0.0,0.0,1,propagule,8775,0,0,0.20273504273504273,True,0.001,0.015
5,9,11,0.0,0.0,1,propagule,8717,0,0,0.20385453711139154,True,0.001,0.015
5,9,12,0.0,0.0,1,propagule,8652,0,0,0.20423023578363383,True,0.001,0.015
5,9,13,0.0,0.0,1,propagule,8581,0,0,0.20498776366390864,True,0.001,0.015
5,9,14,0.0,0.0,1,propagule,8512,0,0,0.20594454887218044,True,0.001,0.015
5,9,15,0.0,0.0,1,propagule,8460,0,0,0.20673758865248226,True,0.001,0.015
5,9,16,0.0,0.0,1,propagule,8398,0,0,0.2075494165277447,True,0.001,0.015
5,9,17,0.0,0.0,1,propagule,8337,0,0,0.20774859062012715,True,0.001,0.015
5,9,18,0.0,0.0,1,propagule,17713,0,0,0.08761926268842093,True,0.001,0.015
5,9,19,0.0,0.0,1,propagule,17522,0,0,0.08857436365711677,True,0.001,0.015
5,9,20,0.0,0.0,1,propagule,17281,0,0,0.08940454834789653,True,0.001,0.015
5,9,21,0.0,0.0,1,propagule,17118,0,0,0.0903142890524594,True,0.001,0.015
5,9,22,0.0,0.0,1,propagule,16875,0,0,0.09102222222222223,True,0.001,0.015
5,9,23,0.0,0.0,1,propagule,16649,0,0,0.09147696558351853,True,0.001,0.015
5,9,24,0.0,0.0,1,propagule,16413,0,0,0.0923658075915433,True,0.001,0.015
5,9,25,0.0,0.0,1,propagule,16164,0,0,0.0931081415491215,True,0.001,0.015
5,9,26,0.0,0.0,1,propagule,15920,0,0,0.0942211055276382,True,0.001,0.015
5,9,27,0.0,0.0,1,propagule,15743,0,0,0.09502636092231467,True,0.001,0.015
5,9,28,0.0,0.0,1,propagule,15580,0,0,0.09582798459563543,True,0.001,0.015
5,9,29,0.0,0.0,1,propagule,15408,0,0,0.09676791277258567,True,0.001,0.015
5,9,30,0.0,0.0,1,propagule,15238,0,0,0.09758498490615566,True,0.001,0.015
5,9,31,0.0,0.0,1,propagule,15090,0,0,0.09821073558648111,True,0.001,0.015
5,9,32,0.0,0.0,1,propagule,14923,0,0,0.09904174763787442,True,0.001,0.015
5,9,33,0.0,0.0,1,propagule,14768,0,0,0.10008125677139762,True,0.001,0.015
5,9,34,0.0,0.0,1,propagule,14614,0,0,0.1007937594087861,True,0.001,0.015
5,9,35,0.0,0.0,1,propagule,14474,0,0,0.10169959928147022,True,0.001,0.015
5,9,36,0.0,0.0,1,propagule,14292,0,0,0.10243492863140219,True,0.001,0.015
5,9,37,0.0,0.0,1,propagule,14074,0,0,0.103595282080432,True,0.001,0.015
5,9,38,0.0,0.0,1,propagule,13952,0,0,0.10450114678899082,True,0.001,0.015
5,9,39,0.0,0.0,1,propagule,13840,0,0,0.10513005780346821,True,0.001,0.015
5,9,40,0.0,0.0,1,propagule,13723,0,0,0.10602637907163157,True,0.001,0.015
5,9,41,0.0,0.0,1,propagule,13600,0,0,0.10683823529411765,True,0.001,0.015
5,9,42,0.0,0.0,1,propagule,13487,0,0,0.10758508193074813,True,0.001,0.015
5,9,43,0.0,0.0,1,propagule,12955,0,0,0.18803550752605172,True,0.001,0.015
5,9,44,0.0,0.0,1,propagule,11828,0,0,0.1762766317213392,True,0.001,0.015
5,9,45,0.0,0.0,1,propagule,11337,0,0,0.1723560024697892,True,0.001,0.015
5,9,46,0.0,0.0,1,propagule,11129,0,0,0.17261209452781023,True,0.001,0.015
5,9,47,0.0,0.0,1,propagule,11023,0,0,0.17409053796607094,True,0.001,0.015
5,9,48,0.0,0.0,1,propagule,11046,0,0,0.17897881586094513,True,0.001,0.015
5,9,49,0.0,0.0,1,propagule,11112,0,0,0.18403527717782578,True,0.001,0.015
5,9,50,0.0,0.0,1,propagule,11141,0,0,0.18965981509738802,True,0.001,0.015
5,9,51,0.0,0.0,1,propagule,11199,0,0,0.19305295115635324,True,0.001,0.015
5,9,52,0.0,0.0,1,propagule,11278,0,0,0.19879411243128214,True,0.001,0.015
5,10,1,0.0,0.0,1,propagule,11354,0,0,0.20292407961951736,True,0.001,0.015
5,10,2,0.0,0.0,1,propagule,11362,0,0,0.20709382151029748,True,0.001,0.015
5,10,3,0.0,0.0,1,propagule,11364,0,0,0.2096092925026399,True,0.001,0.015
5,10,4,0.0,0.0,1,propagule,11347,0,0,0.21195029523221998,True,0.001,0.015
5,10,5,0.0,0.0,1,propagule,11326,0,0,0.21428571428571427,True,0.001,0.015
5,10,6,0.0,0.0,1,propagule,11259,0,0,0.21573852029487522,True,0.001,0.015
5,10,7,0.0,0.0,1,propagule,11208,0,0,0.21734475374732334,True,0.001,0.015
5,10,8,0.0,0.0,1,propagule,11050,0,0,0.21800904977375565,True,0.001,0.015
5,10,9,0.0,0.0,1,propagule,10974,0,0,0.21888099143429926,True,0.001,0.015
5,10,10,0.0,0.0,1,propagule,10836,0,0,0.22102251753414545,True,0.001,0.015
5,10,11,0.0,0.0,1,propagule,10751,0,0,0.22183982885312994,True,0.001,0.015
5,10,12,0.0,0.0,1,propagule,10619,0,0,0.22337319898295507,True,0.001,0.015
5,10,13,0.0,0.0,1,propagule,10546,0,0,0.2235918831784563,True,0.001,0.015
5,10,14,0.0,0.0,1,propagule,10461,0,0,0.22397476340694006,True,0.001,0.015
5,10,15,0.0,0.0,1,propagule,10394,0,0,0.22503367327304213,True,0.001,0.015
5,10,16,0.0,0.0,1,propagule,10321,0,0,0.2256564286406356,True,0.001,0.015
5,10,17,0.0,0.0,1,propagule,10246,0,0,0.22662502439976576,True,0.001,0.015
5,10,18,0.0,0.0,1,propagule,22090,0,0,0.09891353553644183,True,0.001,0.015
5,10,19,0.0,0.0,1,propagule,21856,0,0,0.09974377745241582,True,0.001,0.015
5,10,20,0.0,0.0,1,propagule,21542,0,0,0.10059418809766967,True,0.001,0.015
5,10,21,0.0,0.0,1,propagule,21285,0,0,0.10162085976039464,True,0.001,0.015
5,10,22,0.0,0.0,1,propagule,21016,0,0,0.10239817282070804,True,0.001,0.015
5,10,23,0.0,0.0,1,propagule,20777,0,0,0.10352793954853926,True,0.001,0.015
5,10,24,0.0,0.0,1,propagule,20510,0,0,0.10433934666016577,True,0.001,0.015
5,10,25,0.0,0.0,1,propagule,20249,0,0,0.10528915008148551,True,0.001,0.015
5,10,26,0.0,0.0,1,propagule,20013,0,0,0.10623094988257632,True,0.001,0.015
5,10,27,0.0,0.0,1,propagule,19729,0,0,0.10715190835825435,True,0.001,0.015
5,10,28,0.0,0.0,1,propagule,19437,0,0,0.1079899161393219,True,0.001,0.015
5,10,29,0.0,0.0,1,propagule,19146,0,0,0.1093701034158571,True,0.001,0.015
5,10,30,0.0,0.0,1,propagule,18901,0,0,0.11020580921644357,True,0.001,0.015
5,10,31,0.0,0.0,1,propagule,18664,0,0,0.11074796399485641,True,0.001,0.015
5,10,32,0.0,0.0,1,propagule,18370,0,0,0.1115405552531301,True,0.001,0.015
5,10,33,0.0,0.0,1,propagule,18140,0,0,0.11284454244762955,True,0.001,0.015
5,10,34,0.0,0.0,1,propagule,17942,0,0,0.11353249359045814,True,0.001,0.015
5,10,35,0.0,0.0,1,propagule,17751,0,0,0.11430341952566053,True,0.001,0.015
5,10,36,0.0,0.0,1,propagule,17545,0,0,0.1151895126816757,True,0.001,0.015
5,10,37,0.0,0.0,1,propagule,17360,0,0,0.11578341013824885,True,0.001,0.015
5,10,38,0.0,0.0,1,propagule,17209,0,0,0.11650880353303504,True,0.001,0.015
5,10,39,0.0,0.0,1,propagule,17075,0,0,0.11718887262079063,True,0.001,0.015
5,10,40,0.0,0.0,1,propagule,16921,0,0,0.1181372259322735,True,0.001,0.015
5,10,41,0.0,0.0,1,propagule,16787,0,0,0.11896110085184965,True,0.001,0.015
5,10,42,0.0,0.0,1,propagule,16674,0,0,0.12000719683339331,True,0.001,0.015
5,10,43,0.0,0.0,1,propagule,16490,0,0,0.20770163735597333,True,0.001,0.015
5,10,44,0.0,0.0,1,propagule,14810,0,0,0.19203241053342338,True,0.001,0.015
5,10,45,0.0,0.0,1,propagule,14008,0,0,0.18725014277555682,True,0.001,0.015
5,10,46,0.0,0.0,1,propagule,13658,0,0,0.18597159174110411,True,0.001,0.015
5,10,47,0.0,0.0,1,propagule,13463,0,0,0.18836812003268216,True,0.001,0.015
5,10,48,0.0,0.0,1,propagule,13431,0,0,0.19231628322537414,True,0.001,0.015
5,10,49,0.0,0.0,1,propagule,13470,0,0,0.1941351150705271,True,0.001,0.015
5,10,50,0.0,0.0,1,propagule,13540,0,0,0.19889217134416542,True,0.001,0.015
5,10,51,0.0,0.0,1,propagule,13587,0,0,0.20306175020239936,True,0.001,0.015
5,10,52,0.0,0.0,1,propagule,13690,0,0,0.20679327976625275,True,0.001,0.015
5,1,1,0.0,0.0,1,propagule,930,0,0,0.0,True,0.001,0.02
5,1,2,0.0,0.0,1,propagule,935,0,0,0.0010695187165775401,True,0.001,0.02
5,1,3,0.0,0.0,1,propagule,913,0,0,0.002190580503833516,True,0.001,0.02
5,1,4,0.0,0.0,1,propagule,927,0,0,0.004314994606256742,True,0.001,0.02
5,1,5,0.0,0.0,1,propagule,924,0,0,0.004329004329004329,True,0.001,0.02
5,1,6,0.0,0.0,1,propagule,915,0,0,0.004371584699453552,True,0.001,0.02
5,1,7,0.0,0.0,1,propagule,912,0,0,0.003289473684210526,True,0.001,0.02
5,1,8,0.0,0.0,1,propagule,903,0,0,0.005537098560354375,True,0.001,0.02
5,1,9,0.0,0.0,1,propagule,894,0,0,0.0044742729306487695,True,0.001,0.02
5,1,10,0.0,0.0,1,propagule,884,0,0,0.004524886877828055,True,0.001,0.02
5,1,11,0.0,0.0,1,propagule,869,0,0,0.004602991944764097,True,0.001,0.02
5,1,12,0.0,0.0,1,propagule,864,0,0,0.004629629629629629,True,0.001,0.02
5,1,13,0.0,0.0,1,propagule,858,0,0,0.0034965034965034965,True,0.001,0.02
5,1,14,0.0,0.0,1,propagule,852,0,0,0.005868544600938967,True,0.001,0.02
5,1,15,0.0,0.0,1,propagule,840,0,0,0.004761904761904762,True,0.001,0.02
5,1,16,0.0,0.0,1,propagule,829,0,0,0.0048250904704463205,True,0.001,0.02
5,1,17,0.0,0.0,1,propagule,823,0,0,0.004860267314702308,True,0.001,0.02
5,1,18,0.0,0.0,1,propagule,2438,0,0,0.002050861361771944,True,0.001,0.02
5,1,19,0.0,0.0,1,propagule,2375,0,0,0.002105263157894737,True,0.001,0.02
5,1,20,0.0,0.0,1,propagule,2309,0,0,0.0021654395842356,True,0.001,0.02
5,1,21,0.0,0.0,1,propagule,2278,0,0,0.0021949078138718174,True,0.001,0.02
5,1,22,0.0,0.0,1,propagule,2227,0,0,0.002694207453973956,True,0.001,0.02
5,1,23,0.0,0.0,1,propagule,2193,0,0,0.0031919744642042863,True,0.001,0.02
5,1,24,0.0,0.0,1,propagule,2144,0,0,0.0032649253731343282,True,0.001,0.02
5,1,25,0.0,0.0,1,propagule,2108,0,0,0.003795066413662239,True,0.001,0.02
5,1,26,0.0,0.0,1,propagule,2040,0,0,0.00392156862745098,True,0.001,0.02
5,1,27,0.0,0.0,1,propagule,2023,0,0,0.003954522985664854,True,0.001,0.02
5,1,28,0.0,0.0,1,propagule,1976,0,0,0.005060728744939271,True,0.001,0.02
5,1,29,0.0,0.0,1,propagule,1945,0,0,0.005141388174807198,True,0.001,0.02
5,1,30,0.0,0.0,1,propagule,1899,0,0,0.006845708267509215,True,0.001,0.02
5,1,31,0.0,0.0,1,propagule,1870,0,0,0.006951871657754011,True,0.001,0.02
5,1,32,0.0,0.0,1,propagule,1816,0,0,0.007158590308370044,True,0.001,0.02
5,1,33,0.0,0.0,1,propagule,1759,0,0,0.007390562819783968,True,0.001,0.02
5,1,34,0.0,0.0,1,propagule,1728,0,0,0.007523148148148148,True,0.001,0.02
5,1,35,0.0,0.0,1,propagule,1704,0,0,0.007629107981220657,True,0.001,0.02
5,1,36,0.0,0.0,1,propagule,1665,0,0,0.00960960960960961,True,0.001,0.02
5,1,37,0.0,0.0,1,propagule,1618,0,0,0.010506798516687269,True,0.001,0.02
5,1,38,0.0,0.0,1,propagule,1594,0,0,0.010037641154328732,True,0.001,0.02
5,1,39,0.0,0.0,1,propagule,1576,0,0,0.010786802030456852,True,0.001,0.02
5,1,40,0.0,0.0,1,propagule,1567,0,0,0.01021059349074665,True,0.001,0.02
5,1,41,0.0,0.0,1,propagule,1556,0,0,0.010925449871465296,True,0.001,0.02
5,1,42,0.0,0.0,1,propagule,1544,0,0,0.010362694300518135,True,0.001,0.02
5,1,43,0.0,0.0,1,propagule,1557,0,0,0.02119460500963391,True,0.001,0.02
5,1,44,0.0,0.0,1,propagule,1540,0,0,0.01818181818181818,True,0.001,0.02
5,1,45,0.0,0.0,1,propagule,1530,0,0,0.01895424836601307,True,0.001,0.02
5,1,46,0.0,0.0,1,propagule,1512,0,0,0.01984126984126984,True,0.001,0.02
5,1,47,0.0,0.0,1,propagule,1493,0,0,0.01942397856664434,True,0.001,0.02
5,1,48,0.0,0.0,1,propagule,1482,0,0,0.020242914979757085,True,0.001,0.02
5,1,49,0.0,0.0,1,propagule,1466,0,0,0.021145975443383355,True,0.001,0.02
5,1,50,0.0,0.0,1,propagule,1450,0,0,0.020689655172413793,True,0.001,0.02
5,1,51,0.0,0.0,1,propagule,1432,0,0,0.020251396648044692,True,0.001,0.02
5,1,52,0.0,0.0,1,propagule,1407,0,0,0.02203269367448472,True,0.001,0.02
5,2,1,0.0,0.0,1,propagule,1403,0,0,0.022808267997148968,True,0.001,0.02
5,2,2,0.0,0.0,1,propagule,1384,0,0,0.024566473988439308,True,0.001,0.02
5,2,3,0.0,0.0,1,propagule,1377,0,0,0.023965141612200435,True,0.001,0.02
5,2,4,0.0,0.0,1,propagule,1362,0,0,0.027900146842878122,True,0.001,0.02
5,2,5,0.0,0.0,1,propagule,1349,0,0,0.025203854707190512,True,0.001,0.02
5,2,6,0.0,0.0,1,propagule,1324,0,0,0.024924471299093656,True,0.001,0.02
5,2,7,0.0,0.0,1,propagule,1319,0,0,0.026535253980288095,True,0.001,0.02
5,2,8,0.0,0.0,1,propagule,1299,0,0,0.024634334103156273,True,0.001,0.02
5,2,9,0.0,0.0,1,propagule,1293,0,0,0.026295436968290797,True,0.001,0.02
5,2,10,0.0,0.0,1,propagule,1268,0,0,0.02444794952681388,True,0.001,0.02
5,2,11,0.0,0.0,1,propagule,1257,0,0,0.027048528241845664,True,0.001,0.02
5,2,12,0.0,0.0,1,propagule,1240,0,0,0.025,True,0.001,0.02
5,2,13,0.0,0.0,1,propagule,1232,0,0,0.027597402597402596,True,0.001,0.02
5,2,14,0.0,0.0,1,propagule,1211,0,0,0.026424442609413706,True,0.001,0.02
5,2,15,0.0,0.0,1,propagule,1211,0,0,0.028075970272502065,True,0.001,0.02
5,2,16,0.0,0.0,1,propagule,1186,0,0,0.026138279932546374,True,0.001,0.02
5,2,17,0.0,0.0,1,propagule,1184,0,0,0.028716216216216218,True,0.001,0.02
5,2,18,0.0,0.0,1,propagule,2318,0,0,0.013373597929249352,True,0.001,0.02
5,2,19,0.0,0.0,1,propagule,2307,0,0,0.01517121803207629,True,0.001,0.02
5,2,20,0.0,0.0,1,propagule,2271,0,0,0.01453104359313078,True,0.001,0.02
5,2,21,0.0,0.0,1,propagule,2248,0,0,0.01601423487544484,True,0.001,0.02
5,2,22,0.0,0.0,1,propagule,2219,0,0,0.016674177557458314,True,0.001,0.02
5,2,23,0.0,0.0,1,propagule,2207,0,0,0.017671046669687357,True,0.001,0.02
5,2,24,0.0,0.0,1,propagule,2157,0,0,0.019471488178025034,True,0.001,0.02
5,2,25,0.0,0.0,1,propagule,2136,0,0,0.018258426966292134,True,0.001,0.02
5,2,26,0.0,0.0,1,propagule,2080,0,0,0.021153846153846155,True,0.001,0.02
5,2,27,0.0,0.0,1,propagule,2062,0,0,0.019398642095053348,True,0.001,0.02
5,2,28,0.0,0.0,1,propagule,2019,0,0,0.02030708271421496,True,0.001,0.02
5,2,29,0.0,0.0,1,propagule,1982,0,0,0.01917255297679112,True,0.001,0.02
5,2,30,0.0,0.0,1,propagule,1970,0,0,0.02081218274111675,True,0.001,0.02
5,2,31,0.0,0.0,1,propagule,1963,0,0,0.021905247070809986,True,0.001,0.02
5,2,32,0.0,0.0,1,propagule,1915,0,0,0.022976501305483028,True,0.001,0.02
5,2,33,0.0,0.0,1,propagule,1880,0,0,0.02446808510638298,True,0.001,0.02
5,2,34,0.0,0.0,1,propagule,1858,0,0,0.024757804090419805,True,0.001,0.02
5,2,35,0.0,0.0,1,propagule,1847,0,0,0.02490525175961018,True,0.001,0.02
5,2,36,0.0,0.0,1,propagule,1827,0,0,0.025725232621784347,True,0.001,0.02
5,2,37,0.0,0.0,1,propagule,1809,0,0,0.026533996683250415,True,0.001,0.02
5,2,38,0.0,0.0,1,propagule,1773,0,0,0.025944726452340666,True,0.001,0.02
5,2,39,0.0,0.0,1,propagule,1755,0,0,0.02678062678062678,True,0.001,0.02
5,2,40,0.0,0.0,1,propagule,1734,0,0,0.025951557093425604,True,0.001,0.02
5,2,41,0.0,0.0,1,propagule,1718,0,0,0.02619324796274738,True,0.001,0.02
5,2,42,0.0,0.0,1,propagule,1698,0,0,0.026501766784452298,True,0.001,0.02
5,2,43,0.0,0.0,1,propagule,1743,0,0,0.04704532415375789,True,0.001,0.02
5,2,44,0.0,0.0,1,propagule,1721,0,0,0.0453224869262057,True,0.001,0.02
5,2,45,0.0,0.0,1,propagule,1690,0,0,0.04260355029585799,True,0.001,0.02
5,2,46,0.0,0.0,1,propagule,1668,0,0,0.049160671462829736,True,0.001,0.02
5,2,47,0.0,0.0,1,propagule,1657,0,0,0.051297525648762825,True,0.001,0.02
5,2,48,0.0,0.0,1,propagule,1655,0,0,0.06163141993957704,True,0.001,0.02
5,2,49,0.0,0.0,1,propagule,1627,0,0,0.05838967424708052,True,0.001,0.02
5,2,50,0.0,0.0,1,propagule,1627,0,0,0.06883835279655809,True,0.001,0.02
5,2,51,0.0,0.0,1,propagule,1621,0,0,0.06785934608266501,True,0.001,0.02
5,2,52,0.0,0.0,1,propagule,1622,0,0,0.0752157829839704,True,0.001,0.02
5,3,1,0.0,0.0,1,propagule,1594,0,0,0.07214554579673776,True,0.001,0.02
5,3,2,0.0,0.0,1,propagule,1593,0,0,0.07721280602636535,True,0.001,0.02
5,3,3,0.0,0.0,1,propagule,1576,0,0,0.07677664974619289,True,0.001,0.02
5,3,4,0.0,0.0,1,propagule,1580,0,0,0.08354430379746836,True,0.001,0.02
5,3,5,0.0,0.0,1,propagule,1539,0,0,0.07602339181286549,True,0.001,0.02
5,3,6,0.0,0.0,1,propagule,1547,0,0,0.0892049127343245,True,0.001,0.02
5,3,7,0.0,0.0,1,propagule,1505,0,0,0.08372093023255814,True,0.001,0.02
5,3,8,0.0,0.0,1,propagule,1513,0,0,0.08922670191672175,True,0.001,0.02
5,3,9,0.0,0.0,1,propagule,1490,0,0,0.08859060402684564,True,0.001,0.02
5,3,10,0.0,0.0,1,propagule,1486,0,0,0.0908479138627187,True,0.001,0.02
5,3,11,0.0,0.0,1,propagule,1463,0,0,0.0861244019138756,True,0.001,0.02
5,3,12,0.0,0.0,1,propagule,1475,0,0,0.09423728813559322,True,0.001,0.02
5,3,13,0.0,0.0,1,propagule,1425,0,0,0.08491228070175438,True,0.001,0.02
5,3,14,0.0,0.0,1,propagule,1432,0,0,0.09078212290502793,True,0.001,0.02
5,3,15,0.0,0.0,1,propagule,1403,0,0,0.08695652173913043,True,0.001,0.02
5,3,16,0.0,0.0,1,propagule,1405,0,0,0.09181494661921709,True,0.001,0.02
5,3,17,0.0,0.0,1,propagule,1389,0,0,0.0892728581713463,True,0.001,0.02
5,3,18,0.0,0.0,1,propagule,3197,0,0,0.04097591492023772,True,0.001,0.02
5,3,19,0.0,0.0,1,propagule,3139,0,0,0.03950302644154189,True,0.001,0.02
5,3,20,0.0,0.0,1,propagule,3046,0,0,0.03939592908732764,True,0.001,0.02
5,3,21,0.0,0.0,1,propagule,3014,0,0,0.04213669542136696,True,0.001,0.02
5,3,22,0.0,0.0,1,propagule,2935,0,0,0.03986371379897785,True,0.001,0.02
5,3,23,0.0,0.0,1,propagule,2930,0,0,0.041296928327645054,True,0.001,0.02
5,3,24,0.0,0.0,1,propagule,2845,0,0,0.040421792618629174,True,0.001,0.02
5,3,25,0.0,0.0,1,propagule,2838,0,0,0.042283298097251586,True,0.001,0.02
5,3,26,0.0,0.0,1,propagule,2759,0,0,0.040231968104385646,True,0.001,0.02
5,3,27,0.0,0.0,1,propagule,2752,0,0,0.0436046511627907,True,0.001,0.02
5,3,28,0.0,0.0,1,propagule,2673,0,0,0.04302282080059858,True,0.001,0.02
5,3,29,0.0,0.0,1,propagule,2655,0,0,0.043691148775894535,True,0.001,0.02
5,3,30,0.0,0.0,1,propagule,2571,0,0,0.043173862310385065,True,0.001,0.02
5,3,31,0.0,0.0,1,propagule,2525,0,0,0.04356435643564356,True,0.001,0.02
5,3,32,0.0,0.0,1,propagule,2509,0,0,0.04902351534475887,True,0.001,0.02
5,3,33,0.0,0.0,1,propagule,2458,0,0,0.045565500406834825,True,0.001,0.02
5,3,34,0.0,0.0,1,propagule,2464,0,0,0.049107142857142856,True,0.001,0.02
5,3,35,0.0,0.0,1,propagule,2408,0,0,0.04775747508305648,True,0.001,0.02
5,3,36,0.0,0.0,1,propagule,2404,0,0,0.05906821963394343,True,0.001,0.02
5,3,37,0.0,0.0,1,propagule,2371,0,0,0.059046815689582456,True,0.001,0.02
5,3,38,0.0,0.0,1,propagule,2334,0,0,0.06212510711225364,True,0.001,0.02
5,3,39,0.0,0.0,1,propagule,2293,0,0,0.056694286960314,True,0.001,0.02
5,3,40,0.0,0.0,1,propagule,2265,0,0,0.060485651214128036,True,0.001,0.02
5,3,41,0.0,0.0,1,propagule,2229,0,0,0.05518169582772544,True,0.001,0.02
5,3,42,0.0,0.0,1,propagule,2209,0,0,0.06201901312811227,True,0.001,0.02
5,3,43,0.0,0.0,1,propagule,2304,0,0,0.09765625,True,0.001,0.02
5,3,44,0.0,0.0,1,propagule,2199,0,0,0.08458390177353342,True,0.001,0.02
5,3,45,0.0,0.0,1,propagule,2193,0,0,0.08846329229366165,True,0.001,0.02
5,3,46,0.0,0.0,1,propagule,2176,0,0,0.09329044117647059,True,0.001,0.02
5,3,47,0.0,0.0,1,propagule,2148,0,0,0.09078212290502793,True,0.001,0.02
5,3,48,0.0,0.0,1,propagule,2146,0,0,0.09645852749301025,True,0.001,0.02
5,3,49,0.0,0.0,1,propagule,2130,0,0,0.09812206572769953,True,0.001,0.02
5,3,50,0.0,0.0,1,propagule,2099,0,0,0.09861838970938543,True,0.001,0.02
5,3,51,0.0,0.0,1,propagule,2085,0,0,0.0973621103117506,True,0.001,0.02
5,3,52,0.0,0.0,1,propagule,2063,0,0,0.09743092583616093,True,0.001,0.02
5,4,1,0.0,0.0,1,propagule,2041,0,0,0.0984811366976972,True,0.001,0.02
5,4,2,0.0,0.0,1,propagule,2028,0,0,0.10108481262327416,True,0.001,0.02
5,4,3,0.0,0.0,1,propagule,2013,0,0,0.10134128166915052,True,0.001,0.02
5,4,4,0.0,0.0,1,propagule,1997,0,0,0.10465698547821732,True,0.001,0.02
5,4,5,0.0,0.0,1,propagule,1980,0,0,0.10454545454545454,True,0.001,0.02
5,4,6,0.0,0.0,1,propagule,1962,0,0,0.10295616717635066,True,0.001,0.02
5,4,7,0.0,0.0,1,propagule,1950,0,0,0.10923076923076923,True,0.001,0.02
5,4,8,0.0,0.0,1,propagule,1915,0,0,0.10861618798955613,True,0.001,0.02
5,4,9,0.0,0.0,1,propagule,1913,0,0,0.11186617877679038,True,0.001,0.02
5,4,10,0.0,0.0,1,propagule,1887,0,0,0.10969793322734499,True,0.001,0.02
5,4,11,0.0,0.0,1,propagule,1883,0,0,0.11311736590546999,True,0.001,0.02
5,4,12,0.0,0.0,1,propagule,1854,0,0,0.11165048543689321,True,0.001,0.02
5,4,13,0.0,0.0,1,propagule,1837,0,0,0.11322808927599347,True,0.001,0.02
5,4,14,0.0,0.0,1,propagule,1809,0,0,0.11055831951354339,True,0.001,0.02
5,4,15,0.0,0.0,1,propagule,1811,0,0,0.11595803423522916,True,0.001,0.02
5,4,16,0.0,0.0,1,propagule,1778,0,0,0.10967379077615298,True,0.001,0.02
5,4,17,0.0,0.0,1,propagule,1772,0,0,0.11173814898419865,True,0.001,0.02
5,4,18,0.0,0.0,1,propagule,3833,0,0,0.049830420036524915,True,0.001,0.02
5,4,19,0.0,0.0,1,propagule,3771,0,0,0.05277114823654203,True,0.001,0.02
5,4,20,0.0,0.0,1,propagule,3717,0,0,0.0516545601291364,True,0.001,0.02
5,4,21,0.0,0.0,1,propagule,3676,0,0,0.05359085963003264,True,0.001,0.02
5,4,22,0.0,0.0,1,propagule,3598,0,0,0.05252918287937743,True,0.001,0.02
5,4,23,0.0,0.0,1,propagule,3541,0,0,0.05506918949449308,True,0.001,0.02
5,4,24,0.0,0.0,1,propagule,3467,0,0,0.05480242284395731,True,0.001,0.02
5,4,25,0.0,0.0,1,propagule,3409,0,0,0.053974772660604284,True,0.001,0.02
5,4,26,0.0,0.0,1,propagule,3347,0,0,0.055572154167911565,True,0.001,0.02
5,4,27,0.0,0.0,1,propagule,3324,0,0,0.05836341756919374,True,0.001,0.02
5,4,28,0.0,0.0,1,propagule,3271,0,0,0.05747477835524305,True,0.001,0.02
5,4,29,0.0,0.0,1,propagule,3242,0,0,0.05922270203578038,True,0.001,0.02
5,4,30,0.0,0.0,1,propagule,3170,0,0,0.05962145110410095,True,0.001,0.02
5,4,31,0.0,0.0,1,propagule,3120,0,0,0.05929487179487179,True,0.001,0.02
5,4,32,0.0,0.0,1,propagule,3086,0,0,0.059948152948801035,True,0.001,0.02
5,4,33,0.0,0.0,1,propagule,3073,0,0,0.05987634233647901,True,0.001,0.02
5,4,34,0.0,0.0,1,propagule,3019,0,0,0.06028486253726399,True,0.001,0.02
5,4,35,0.0,0.0,1,propagule,2965,0,0,0.061045531197301856,True,0.001,0.02
5,4,36,0.0,0.0,1,propagule,2890,0,0,0.06089965397923876,True,0.001,0.02
5,4,37,0.0,0.0,1,propagule,2861,0,0,0.06536176162181055,True,0.001,0.02
5,4,38,0.0,0.0,1,propagule,2813,0,0,0.06434411660149307,True,0.001,0.02
5,4,39,0.0,0.0,1,propagule,2804,0,0,0.06597717546362339,True,0.001,0.02
5,4,40,0.0,0.0,1,propagule,2759,0,0,0.06379122870605292,True,0.001,0.02
5,4,41,0.0,0.0,1,propagule,2749,0,0,0.0672971989814478,True,0.001,0.02
5,4,42,0.0,0.0,1,propagule,2716,0,0,0.06701030927835051,True,0.001,0.02
5,4,43,0.0,0.0,1,propagule,2846,0,0,0.1061138439915671,True,0.001,0.02
5,4,44,0.0,0.0,1,propagule,2718,0,0,0.09161147902869757,True,0.001,0.02
5,4,45,0.0,0.0,1,propagule,2673,0,0,0.08903853348297792,True,0.001,0.02
5,4,46,0.0,0.0,1,propagule,2667,0,0,0.09336332958380203,True,0.001,0.02
5,4,47,0.0,0.0,1,propagule,2614,0,0,0.0891354246365723,True,0.001,0.02
5,4,48,0.0,0.0,1,propagule,2626,0,0,0.09824828636709824,True,0.001,0.02
5,4,49,0.0,0.0,1,propagule,2597,0,0,0.09549480169426261,True,0.001,0.02
5,4,50,0.0,0.0,1,propagule,2604,0,0,0.10176651305683564,True,0.001,0.02
5,4,51,0.0,0.0,1,propagule,2580,0,0,0.10271317829457365,True,0.001,0.02
5,4,52,0.0,0.0,1,propagule,2577,0,0,0.10671323244082266,True,0.001,0.02
5,5,1,0.0,0.0,1,propagule,2550,0,0,0.10352941176470588,True,0.001,0.02
5,5,2,0.0,0.0,1,propagule,2535,0,0,0.10729783037475345,True,0.001,0.02
5,5,3,0.0,0.0,1,propagule,2510,0,0,0.10796812749003984,True,0.001,0.02
5,5,4,0.0,0.0,1,propagule,2498,0,0,0.1088871096877502,True,0.001,0.02
5,5,5,0.0,0.0,1,propagule,2472,0,0,0.1076051779935275,True,0.001,0.02
5,5,6,0.0,0.0,1,propagule,2444,0,0,0.11006546644844517,True,0.001,0.02
5,5,7,0.0,0.0,1,propagule,2422,0,0,0.10982658959537572,True,0.001,0.02
5,5,8,0.0,0.0,1,propagule,2395,0,0,0.11148225469728601,True,0.001,0.02
5,5,9,0.0,0.0,1,propagule,2379,0,0,0.11097099621689786,True,0.001,0.02
5,5,10,0.0,0.0,1,propagule,2366,0,0,0.11411665257819104,True,0.001,0.02
5,5,11,0.0,0.0,1,propagule,2333,0,0,0.11315902271753107,True,0.001,0.02
5,5,12,0.0,0.0,1,propagule,2312,0,0,0.11418685121107267,True,0.001,0.02
5,5,13,0.0,0.0,1,propagule,2291,0,0,0.11305106940200786,True,0.001,0.02
5,5,14,0.0,0.0,1,propagule,2271,0,0,0.11756935270805813,True,0.001,0.02
5,5,15,0.0,0.0,1,propagule,2249,0,0,0.11471765228990663,True,0.001,0.02
5,5,16,0.0,0.0,1,propagule,2252,0,0,0.1172291296625222,True,0.001,0.02
5,5,17,0.0,0.0,1,propagule,2230,0,0,0.11659192825112108,True,0.001,0.02
5,5,18,0.0,0.0,1,propagule,5071,0,0,0.05146913823703411,True,0.001,0.02
5,5,19,0.0,0.0,1,propagule,4940,0,0,0.051417004048582994,True,0.001,0.02
5,5,20,0.0,0.0,1,propagule,4836,0,0,0.053763440860215055,True,0.001,0.02
5,5,21,0.0,0.0,1,propagule,4775,0,0,0.05403141361256544,True,0.001,0.02
5,5,22,0.0,0.0,1,propagule,4684,0,0,0.05465414175918019,True,0.001,0.02
5,5,23,0.0,0.0,1,propagule,4595,0,0,0.05571273122959739,True,0.001,0.02
5,5,24,0.0,0.0,1,propagule,4479,0,0,0.05715561509265461,True,0.001,0.02
5,5,25,0.0,0.0,1,propagule,4383,0,0,0.057723020762035136,True,0.001,0.02
5,5,26,0.0,0.0,1,propagule,4321,0,0,0.05878268919231659,True,0.001,0.02
5,5,27,0.0,0.0,1,propagule,4268,0,0,0.05857544517338332,True,0.001,0.02
5,5,28,0.0,0.0,1,propagule,4195,0,0,0.060071513706793804,True,0.001,0.02
5,5,29,0.0,0.0,1,propagule,4160,0,0,0.061057692307692306,True,0.001,0.02
5,5,30,0.0,0.0,1,propagule,4106,0,0,0.06088650754992694,True,0.001,0.02
5,5,31,0.0,0.0,1,propagule,4047,0,0,0.06103286384976526,True,0.001,0.02
5,5,32,0.0,0.0,1,propagule,3978,0,0,0.06209150326797386,True,0.001,0.02
5,5,33,0.0,0.0,1,propagule,3946,0,0,0.06259503294475419,True,0.001,0.02
5,5,34,0.0,0.0,1,propagule,3888,0,0,0.06481481481481481,True,0.001,0.02
5,5,35,0.0,0.0,1,propagule,3840,0,0,0.06536458333333334,True,0.001,0.02
5,5,36,0.0,0.0,1,propagule,3801,0,0,0.06761378584583004,True,0.001,0.02
5,5,37,0.0,0.0,1,propagule,3738,0,0,0.06848582129481005,True,0.001,0.02
5,5,38,0.0,0.0,1,propagule,3743,0,0,0.07026449372161368,True,0.001,0.02
5,5,39,0.0,0.0,1,propagule,3701,0,0,0.07025128343690894,True,0.001,0.02
5,5,40,0.0,0.0,1,propagule,3697,0,0,0.07330267784690289,True,0.001,0.02
5,5,41,0.0,0.0,1,propagule,3663,0,0,0.07562107562107562,True,0.001,0.02
5,5,42,0.0,0.0,1,propagule,3639,0,0,0.07804341852157186,True,0.001,0.02
5,5,43,0.0,0.0,1,propagule,3657,0,0,0.09898824172819251,True,0.001,0.02
5,5,44,0.0,0.0,1,propagule,3525,0,0,0.0902127659574468,True,0.001,0.02
5,5,45,0.0,0.0,1,propagule,3472,0,0,0.0869815668202765,True,0.001,0.02
5,5,46,0.0,0.0,1,propagule,3446,0,0,0.08995937318630295,True,0.001,0.02
5,5,47,0.0,0.0,1,propagule,3415,0,0,0.09224011713030747,True,0.001,0.02
5,5,48,0.0,0.0,1,propagule,3411,0,0,0.09527997654646732,True,0.001,0.02
5,5,49,0.0,0.0,1,propagule,3392,0,0,0.09581367924528301,True,0.001,0.02
5,5,50,0.0,0.0,1,propagule,3372,0,0,0.09697508896797152,True,0.001,0.02
5,5,51,0.0,0.0,1,propagule,3333,0,0,0.09960996099609962,True,0.001,0.02
5,5,52,0.0,0.0,1,propagule,3316,0,0,0.10102533172496984,True,0.001,0.02
5,6,1,0.0,0.0,1,propagule,3272,0,0,0.1023838630806846,True,0.001,0.02
5,6,2,0.0,0.0,1,propagule,3276,0,0,0.10500610500610501,True,0.001,0.02
5,6,3,0.0,0.0,1,propagule,3244,0,0,0.10450061652281134,True,0.001,0.02
5,6,4,0.0,0.0,1,propagule,3228,0,0,0.10780669144981413,True,0.001,0.02
5,6,5,0.0,0.0,1,propagule,3195,0,0,0.10766823161189358,True,0.001,0.02
5,6,6,0.0,0.0,1,propagule,3170,0,0,0.10883280757097792,True,0.001,0.02
5,6,7,0.0,0.0,1,propagule,3139,0,0,0.10927046830200701,True,0.001,0.02
5,6,8,0.0,0.0,1,propagule,3115,0,0,0.10914927768860354,True,0.001,0.02
5,6,9,0.0,0.0,1,propagule,3093,0,0,0.11121888134497251,True,0.001,0.02
5,6,10,0.0,0.0,1,propagule,3079,0,0,0.1136732705423839,True,0.001,0.02
5,6,11,0.0,0.0,1,propagule,3036,0,0,0.11231884057971014,True,0.001,0.02
5,6,12,0.0,0.0,1,propagule,3019,0,0,0.11427625041404439,True,0.001,0.02
5,6,13,0.0,0.0,1,propagule,2974,0,0,0.11230665770006724,True,0.001,0.02
5,6,14,0.0,0.0,1,propagule,2953,0,0,0.11412123264476803,True,0.001,0.02
5,6,15,0.0,0.0,1,propagule,2922,0,0,0.1132785763175907,True,0.001,0.02
5,6,16,0.0,0.0,1,propagule,2902,0,0,0.1140592694693315,True,0.001,0.02
5,6,17,0.0,0.0,1,propagule,2870,0,0,0.11498257839721254,True,0.001,0.02
5,6,18,0.0,0.0,1,propagule,6372,0,0,0.05194601381042059,True,0.001,0.02
5,6,19,0.0,0.0,1,propagule,6271,0,0,0.0524637218944347,True,0.001,0.02
5,6,20,0.0,0.0,1,propagule,6113,0,0,0.052183870440045806,True,0.001,0.02
5,6,21,0.0,0.0,1,propagule,5990,0,0,0.05392320534223706,True,0.001,0.02
5,6,22,0.0,0.0,1,propagule,5853,0,0,0.054672817358619515,True,0.001,0.02
5,6,23,0.0,0.0,1,propagule,5754,0,0,0.0564824469933959,True,0.001,0.02
5,6,24,0.0,0.0,1,propagule,5605,0,0,0.05655664585191793,True,0.001,0.02
5,6,25,0.0,0.0,1,propagule,5527,0,0,0.0578975936312647,True,0.001,0.02
5,6,26,0.0,0.0,1,propagule,5442,0,0,0.057883131201764054,True,0.001,0.02
5,6,27,0.0,0.0,1,propagule,5343,0,0,0.058581321355043986,True,0.001,0.02
5,6,28,0.0,0.0,1,propagule,5268,0,0,0.05903568716780562,True,0.001,0.02
5,6,29,0.0,0.0,1,propagule,5203,0,0,0.059773207764751105,True,0.001,0.02
5,6,30,0.0,0.0,1,propagule,5105,0,0,0.06072477962781587,True,0.001,0.02
5,6,31,0.0,0.0,1,propagule,5001,0,0,0.060387922415516895,True,0.001,0.02
5,6,32,0.0,0.0,1,propagule,4913,0,0,0.06228373702422145,True,0.001,0.02
5,6,33,0.0,0.0,1,propagule,4814,0,0,0.06231823847112588,True,0.001,0.02
5,6,34,0.0,0.0,1,propagule,4762,0,0,0.06299874002519949,True,0.001,0.02
5,6,35,0.0,0.0,1,propagule,4710,0,0,0.06454352441613588,True,0.001,0.02
5,6,36,0.0,0.0,1,propagule,4664,0,0,0.06625214408233276,True,0.001,0.02
5,6,37,0.0,0.0,1,propagule,4588,0,0,0.06691368788142982,True,0.001,0.02
5,6,38,0.0,0.0,1,propagule,4542,0,0,0.06803170409511229,True,0.001,0.02
5,6,39,0.0,0.0,1,propagule,4494,0,0,0.06920338228749444,True,0.001,0.02
5,6,40,0.0,0.0,1,propagule,4447,0,0,0.06948504609849336,True,0.001,0.02
5,6,41,0.0,0.0,1,propagule,4413,0,0,0.06979379107183321,True,0.001,0.02
5,6,42,0.0,0.0,1,propagule,4357,0,0,0.07069084232269911,True,0.001,0.02
5,6,43,0.0,0.0,1,propagule,4397,0,0,0.09574710029565613,True,0.001,0.02
5,6,44,0.0,0.0,1,propagule,4178,0,0,0.0852082336045955,True,0.001,0.02
5,6,45,0.0,0.0,1,propagule,4139,0,0,0.08746073930901184,True,0.001,0.02
5,6,46,0.0,0.0,1,propagule,4111,0,0,0.08951593286305035,True,0.001,0.02
5,6,47,0.0,0.0,1,propagule,4080,0,0,0.09117647058823529,True,0.001,0.02
5,6,48,0.0,0.0,1,propagule,4051,0,0,0.09331029375462849,True,0.001,0.02
5,6,49,0.0,0.0,1,propagule,4021,0,0,0.0945038547624969,True,0.001,0.02
5,6,50,0.0,0.0,1,propagule,3969,0,0,0.09549004787100025,True,0.001,0.02
5,6,51,0.0,0.0,1,propagule,3956,0,0,0.09630940343781598,True,0.001,0.02
5,6,52,0.0,0.0,1,propagule,3900,0,0,0.09769230769230769,True,0.001,0.02
5,7,1,0.0,0.0,1,propagule,3872,0,0,0.09839876033057851,True,0.001,0.02
5,7,2,0.0,0.0,1,propagule,3842,0,0,0.0989068193649141,True,0.001,0.02
5,7,3,0.0,0.0,1,propagule,3802,0,0,0.09889531825355076,True,0.001,0.02
5,7,4,0.0,0.0,1,propagule,3770,0,0,0.1,True,0.001,0.02
5,7,5,0.0,0.0,1,propagule,3738,0,0,0.09898341359015517,True,0.001,0.02
5,7,6,0.0,0.0,1,propagule,3694,0,0,0.09962100703844072,True,0.001,0.02
5,7,7,0.0,0.0,1,propagule,3661,0,0,0.09997268505872713,True,0.001,0.02
5,7,8,0.0,0.0,1,propagule,3631,0,0,0.09969705315340127,True,0.001,0.02
5,7,9,0.0,0.0,1,propagule,3591,0,0,0.10136452241715399,True,0.001,0.02
5,7,10,0.0,0.0,1,propagule,3557,0,0,0.10177115546809108,True,0.001,0.02
5,7,11,0.0,0.0,1,propagule,3526,0,0,0.10153148043108338,True,0.001,0.02
5,7,12,0.0,0.0,1,propagule,3494,0,0,0.1021751574127075,True,0.001,0.02
5,7,13,0.0,0.0,1,propagule,3456,0,0,0.10243055555555555,True,0.001,0.02
5,7,14,0.0,0.0,1,propagule,3436,0,0,0.1050640279394645,True,0.001,0.02
5,7,15,0.0,0.0,1,propagule,3408,0,0,0.10446009389671361,True,0.001,0.02
5,7,16,0.0,0.0,1,propagule,3378,0,0,0.10627590290112493,True,0.001,0.02
5,7,17,0.0,0.0,1,propagule,3344,0,0,0.1055622009569378,True,0.001,0.02
5,7,18,0.0,0.0,1,propagule,7536,0,0,0.04684182590233545,True,0.001,0.02
5,7,19,0.0,0.0,1,propagule,7407,0,0,0.04698258404212231,True,0.001,0.02
5,7,20,0.0,0.0,1,propagule,7305,0,0,0.048186173853524986,True,0.001,0.02
5,7,21,0.0,0.0,1,propagule,7147,0,0,0.048691758779907654,True,0.001,0.02
5,7,22,0.0,0.0,1,propagule,7037,0,0,0.049452891857325564,True,0.001,0.02
5,7,23,0.0,0.0,1,propagule,6879,0,0,0.04971652856519843,True,0.001,0.02
5,7,24,0.0,0.0,1,propagule,6743,0,0,0.05086756636511938,True,0.001,0.02
5,7,25,0.0,0.0,1,propagule,6596,0,0,0.05154639175257732,True,0.001,0.02
5,7,26,0.0,0.0,1,propagule,6459,0,0,0.05233008205604583,True,0.001,0.02
5,7,27,0.0,0.0,1,propagule,6390,0,0,0.05226917057902973,True,0.001,0.02
5,7,28,0.0,0.0,1,propagule,6284,0,0,0.05315085932527053,True,0.001,0.02
5,7,29,0.0,0.0,1,propagule,6191,0,0,0.05362623162655468,True,0.001,0.02
5,7,30,0.0,0.0,1,propagule,6086,0,0,0.05488005257969109,True,0.001,0.02
5,7,31,0.0,0.0,1,propagule,5990,0,0,0.05542570951585977,True,0.001,0.02
5,7,32,0.0,0.0,1,propagule,5912,0,0,0.05717185385656292,True,0.001,0.02
5,7,33,0.0,0.0,1,propagule,5842,0,0,0.05802807257788429,True,0.001,0.02
5,7,34,0.0,0.0,1,propagule,5763,0,0,0.05760888426166927,True,0.001,0.02
5,7,35,0.0,0.0,1,propagule,5705,0,0,0.058720420683610865,True,0.001,0.02
5,7,36,0.0,0.0,1,propagule,5584,0,0,0.05945558739255014,True,0.001,0.02
5,7,37,0.0,0.0,1,propagule,5510,0,0,0.0602540834845735,True,0.001,0.02
5,7,38,0.0,0.0,1,propagule,5453,0,0,0.06106730240234733,True,0.001,0.02
5,7,39,0.0,0.0,1,propagule,5385,0,0,0.06109563602599814,True,0.001,0.02
5,7,40,0.0,0.0,1,propagule,5331,0,0,0.06227724629525418,True,0.001,0.02
5,7,41,0.0,0.0,1,propagule,5278,0,0,0.06271314892004547,True,0.001,0.02
5,7,42,0.0,0.0,1,propagule,5247,0,0,0.06441776253097008,True,0.001,0.02
5,7,43,0.0,0.0,1,propagule,5261,0,0,0.08876639422163086,True,0.001,0.02
5,7,44,0.0,0.0,1,propagule,5015,0,0,0.08115653040877367,True,0.001,0.02
5,7,45,0.0,0.0,1,propagule,4960,0,0,0.07883064516129032,True,0.001,0.02
5,7,46,0.0,0.0,1,propagule,4903,0,0,0.07954313685498675,True,0.001,0.02
5,7,47,0.0,0.0,1,propagule,4881,0,0,0.0827699241958615,True,0.001,0.02
5,7,48,0.0,0.0,1,propagule,4822,0,0,0.08336789713811696,True,0.001,0.02
5,7,49,0.0,0.0,1,propagule,4794,0,0,0.08364622444722569,True,0.001,0.02
5,7,50,0.0,0.0,1,propagule,4763,0,0,0.08461053957589755,True,0.001,0.02
5,7,51,0.0,0.0,1,propagule,4713,0,0,0.08656906429026098,True,0.001,0.02
5,7,52,0.0,0.0,1,propagule,4677,0,0,0.08638015822108189,True,0.001,0.02
5,8,1,0.0,0.0,1,propagule,4625,0,0,0.08648648648648649,True,0.001,0.02
5,8,2,0.0,0.0,1,propagule,4586,0,0,0.08809419973833406,True,0.001,0.02
5,8,3,0.0,0.0,1,propagule,4545,0,0,0.08822882288228823,True,0.001,0.02
5,8,4,0.0,0.0,1,propagule,4501,0,0,0.08886914019106865,True,0.001,0.02
5,8,5,0.0,0.0,1,propagule,4472,0,0,0.08989266547406083,True,0.001,0.02
5,8,6,0.0,0.0,1,propagule,4434,0,0,0.08930987821380243,True,0.001,0.02
5,8,7,0.0,0.0,1,propagule,4391,0,0,0.09041220678660897,True,0.001,0.02
5,8,8,0.0,0.0,1,propagule,4357,0,0,0.09088822584347028,True,0.001,0.02
5,8,9,0.0,0.0,1,propagule,4324,0,0,0.09065679925994449,True,0.001,0.02
5,8,10,0.0,0.0,1,propagule,4290,0,0,0.09184149184149185,True,0.001,0.02
5,8,11,0.0,0.0,1,propagule,4256,0,0,0.09257518796992481,True,0.001,0.02
5,8,12,0.0,0.0,1,propagule,4226,0,0,0.09299574065309986,True,0.001,0.02
5,8,13,0.0,0.0,1,propagule,4177,0,0,0.09408666507062485,True,0.001,0.02
5,8,14,0.0,0.0,1,propagule,4152,0,0,0.0953757225433526,True,0.001,0.02
5,8,15,0.0,0.0,1,propagule,4116,0,0,0.0945092322643343,True,0.001,0.02
5,8,16,0.0,0.0,1,propagule,4084,0,0,0.09598432908912831,True,0.001,0.02
5,8,17,0.0,0.0,1,propagule,4043,0,0,0.09621568142468465,True,0.001,0.02
5,8,18,0.0,0.0,1,propagule,9049,0,0,0.043098684937562165,True,0.001,0.02
5,8,19,0.0,0.0,1,propagule,8905,0,0,0.043121841661987646,True,0.001,0.02
5,8,20,0.0,0.0,1,propagule,8829,0,0,0.043606297428927396,True,0.001,0.02
5,8,21,0.0,0.0,1,propagule,8691,0,0,0.043838453572661376,True,0.001,0.02
5,8,22,0.0,0.0,1,propagule,8595,0,0,0.04409540430482839,True,0.001,0.02
5,8,23,0.0,0.0,1,propagule,8506,0,0,0.0445567834469786,True,0.001,0.02
5,8,24,0.0,0.0,1,propagule,8368,0,0,0.04541108986615679,True,0.001,0.02
5,8,25,0.0,0.0,1,propagule,8251,0,0,0.045691431341655556,True,0.001,0.02
5,8,26,0.0,0.0,1,propagule,8163,0,0,0.04642900894279064,True,0.001,0.02
5,8,27,0.0,0.0,1,propagule,8023,0,0,0.04698990402592546,True,0.001,0.02
5,8,28,0.0,0.0,1,propagule,7886,0,0,0.04755262490489475,True,0.001,0.02
5,8,29,0.0,0.0,1,propagule,7779,0,0,0.047949607918755625,True,0.001,0.02
5,8,30,0.0,0.0,1,propagule,7672,0,0,0.049009384775808136,True,0.001,0.02
5,8,31,0.0,0.0,1,propagule,7578,0,0,0.04882554763789918,True,0.001,0.02
5,8,32,0.0,0.0,1,propagule,7494,0,0,0.049773151854817184,True,0.001,0.02
5,8,33,0.0,0.0,1,propagule,7393,0,0,0.05045313134045719,True,0.001,0.02
5,8,34,0.0,0.0,1,propagule,7314,0,0,0.05127153404429861,True,0.001,0.02
5,8,35,0.0,0.0,1,propagule,7209,0,0,0.05118601747815231,True,0.001,0.02
5,8,36,0.0,0.0,1,propagule,7140,0,0,0.05238095238095238,True,0.001,0.02
5,8,37,0.0,0.0,1,propagule,7049,0,0,0.053199035324159455,True,0.001,0.02
5,8,38,0.0,0.0,1,propagule,6964,0,0,0.05356117174037909,True,0.001,0.02
5,8,39,0.0,0.0,1,propagule,6883,0,0,0.054191486270521574,True,0.001,0.02
5,8,40,0.0,0.0,1,propagule,6807,0,0,0.054796532980755104,True,0.001,0.02
5,8,41,0.0,0.0,1,propagule,6739,0,0,0.05520106840777563,True,0.001,0.02
5,8,42,0.0,0.0,1,propagule,6665,0,0,0.056264066016504126,True,0.001,0.02
5,8,43,0.0,0.0,1,propagule,6703,0,0,0.0875727286289721,True,0.001,0.02
5,8,44,0.0,0.0,1,propagule,6428,0,0,0.07622899813316739,True,0.001,0.02
5,8,45,0.0,0.0,1,propagule,6349,0,0,0.07575996219877146,True,0.001,0.02
5,8,46,0.0,0.0,1,propagule,6303,0,0,0.07710613993336507,True,0.001,0.02
5,8,47,0.0,0.0,1,propagule,6262,0,0,0.07697221335036729,True,0.001,0.02
5,8,48,0.0,0.0,1,propagule,6203,0,0,0.0778655489279381,True,0.001,0.02
5,8,49,0.0,0.0,1,propagule,6168,0,0,0.07830739299610895,True,0.001,0.02
5,8,50,0.0,0.0,1,propagule,6095,0,0,0.07891714520098442,True,0.001,0.02
5,8,51,0.0,0.0,1,propagule,6042,0,0,0.07894736842105263,True,0.001,0.02
5,8,52,0.0,0.0,1,propagule,5990,0,0,0.07996661101836394,True,0.001,0.02
5,9,1,0.0,0.0,1,propagule,5933,0,0,0.08056632395078375,True,0.001,0.02
5,9,2,0.0,0.0,1,propagule,5868,0,0,0.08060668029993183,True,0.001,0.02
5,9,3,0.0,0.0,1,propagule,5832,0,0,0.08196159122085048,True,0.001,0.02
5,9,4,0.0,0.0,1,propagule,5764,0,0,0.08136710617626648,True,0.001,0.02
5,9,5,0.0,0.0,1,propagule,5735,0,0,0.08230165649520488,True,0.001,0.02
5,9,6,0.0,0.0,1,propagule,5661,0,0,0.08284755343578873,True,0.001,0.02
5,9,7,0.0,0.0,1,propagule,5622,0,0,0.0839558875844895,True,0.001,0.02
5,9,8,0.0,0.0,1,propagule,5552,0,0,0.08393371757925072,True,0.001,0.02
5,9,9,0.0,0.0,1,propagule,5527,0,0,0.08485616066582233,True,0.001,0.02
5,9,10,0.0,0.0,1,propagule,5462,0,0,0.08549981691688026,True,0.001,0.02
5,9,11,0.0,0.0,1,propagule,5428,0,0,0.08658806190125276,True,0.001,0.02
5,9,12,0.0,0.0,1,propagule,5375,0,0,0.08632558139534884,True,0.001,0.02
5,9,13,0.0,0.0,1,propagule,5352,0,0,0.08632286995515695,True,0.001,0.02
5,9,14,0.0,0.0,1,propagule,5301,0,0,0.08602150537634409,True,0.001,0.02
5,9,15,0.0,0.0,1,propagule,5259,0,0,0.08670849971477468,True,0.001,0.02
5,9,16,0.0,0.0,1,propagule,5209,0,0,0.08734881935112306,True,0.001,0.02
5,9,17,0.0,0.0,1,propagule,5190,0,0,0.08670520231213873,True,0.001,0.02
5,9,18,0.0,0.0,1,propagule,11336,0,0,0.033256880733944956,True,0.001,0.02
5,9,19,0.0,0.0,1,propagule,11199,0,0,0.0334851326011251,True,0.001,0.02
5,9,20,0.0,0.0,1,propagule,11070,0,0,0.03378500451671183,True,0.001,0.02
5,9,21,0.0,0.0,1,propagule,10924,0,0,0.03423654339069938,True,0.001,0.02
5,9,22,0.0,0.0,1,propagule,10748,0,0,0.03451804986974321,True,0.001,0.02
5,9,23,0.0,0.0,1,propagule,10583,0,0,0.03515071340829633,True,0.001,0.02
5,9,24,0.0,0.0,1,propagule,10410,0,0,0.03554274735830932,True,0.001,0.02
5,9,25,0.0,0.0,1,propagule,10268,0,0,0.035742111414102065,True,0.001,0.02
5,9,26,0.0,0.0,1,propagule,10137,0,0,0.03649995067574233,True,0.001,0.02
5,9,27,0.0,0.0,1,propagule,9991,0,0,0.0367330597537784,True,0.001,0.02
5,9,28,0.0,0.0,1,propagule,9852,0,0,0.03725131952902964,True,0.001,0.02
5,9,29,0.0,0.0,1,propagule,9697,0,0,0.037846756728885225,True,0.001,0.02
5,9,30,0.0,0.0,1,propagule,9574,0,0,0.03854188426989764,True,0.001,0.02
5,9,31,0.0,0.0,1,propagule,9420,0,0,0.03895966029723991,True,0.001,0.02
5,9,32,0.0,0.0,1,propagule,9313,0,0,0.03962203371631053,True,0.001,0.02
5,9,33,0.0,0.0,1,propagule,9168,0,0,0.03992146596858639,True,0.001,0.02
5,9,34,0.0,0.0,1,propagule,9054,0,0,0.04086591561740667,True,0.001,0.02
5,9,35,0.0,0.0,1,propagule,8923,0,0,0.04079345511599238,True,0.001,0.02
5,9,36,0.0,0.0,1,propagule,8828,0,0,0.04157227004984141,True,0.001,0.02
5,9,37,0.0,0.0,1,propagule,8723,0,0,0.04230196033474722,True,0.001,0.02
5,9,38,0.0,0.0,1,propagule,8633,0,0,0.04251129387235028,True,0.001,0.02
5,9,39,0.0,0.0,1,propagule,8524,0,0,0.04340685124354763,True,0.001,0.02
5,9,40,0.0,0.0,1,propagule,8434,0,0,0.043632914394119045,True,0.001,0.02
5,9,41,0.0,0.0,1,propagule,8355,0,0,0.044045481747456615,True,0.001,0.02
5,9,42,0.0,0.0,1,propagule,8253,0,0,0.0442263419362656,True,0.001,0.02
5,9,43,0.0,0.0,1,propagule,8412,0,0,0.07845934379457917,True,0.001,0.02
5,9,44,0.0,0.0,1,propagule,8016,0,0,0.06761477045908183,True,0.001,0.02
5,9,45,0.0,0.0,1,propagule,7902,0,0,0.06694507719564667,True,0.001,0.02
5,9,46,0.0,0.0,1,propagule,7861,0,0,0.06729423737437985,True,0.001,0.02
5,9,47,0.0,0.0,1,propagule,7783,0,0,0.06784016446100476,True,0.001,0.02
5,9,48,0.0,0.0,1,propagule,7748,0,0,0.06879194630872483,True,0.001,0.02
5,9,49,0.0,0.0,1,propagule,7673,0,0,0.06933402841131239,True,0.001,0.02
5,9,50,0.0,0.0,1,propagule,7602,0,0,0.07050776111549592,True,0.001,0.02
5,9,51,0.0,0.0,1,propagule,7522,0,0,0.07112470087742621,True,0.001,0.02
5,9,52,0.0,0.0,1,propagule,7462,0,0,0.07223264540337711,True,0.001,0.02
5,10,1,0.0,0.0,1,propagule,7392,0,0,0.07210497835497835,True,0.001,0.02
5,10,2,0.0,0.0,1,propagule,7340,0,0,0.07302452316076294,True,0.001,0.02
5,10,3,0.0,0.0,1,propagule,7270,0,0,0.07303988995873452,True,0.001,0.02
5,10,4,0.0,0.0,1,propagule,7219,0,0,0.07480260423881424,True,0.001,0.02
5,10,5,0.0,0.0,1,propagule,7132,0,0,0.07417274256870443,True,0.001,0.02
5,10,6,0.0,0.0,1,propagule,7086,0,0,0.07521874117979113,True,0.001,0.02
5,10,7,0.0,0.0,1,propagule,7006,0,0,0.07479303454182129,True,0.001,0.02
5,10,8,0.0,0.0,1,propagule,6955,0,0,0.07649173256649892,True,0.001,0.02
5,10,9,0.0,0.0,1,propagule,6889,0,0,0.07591813035273624,True,0.001,0.02
5,10,10,0.0,0.0,1,propagule,6840,0,0,0.07660818713450293,True,0.001,0.02
5,10,11,0.0,0.0,1,propagule,6780,0,0,0.07699115044247788,True,0.001,0.02
5,10,12,0.0,0.0,1,propagule,6725,0,0,0.07657992565055761,True,0.001,0.02
5,10,13,0.0,0.0,1,propagule,6690,0,0,0.07787742899850524,True,0.001,0.02
5,10,14,0.0,0.0,1,propagule,6610,0,0,0.07776096822995461,True,0.001,0.02
5,10,15,0.0,0.0,1,propagule,6556,0,0,0.0787065283709579,True,0.001,0.02
5,10,16,0.0,0.0,1,propagule,6503,0,0,0.07827156696909118,True,0.001,0.02
5,10,17,0.0,0.0,1,propagule,6462,0,0,0.07861343237387805,True,0.001,0.02
5,10,18,0.0,0.0,1,propagule,14021,0,0,0.032380001426431784,True,0.001,0.02
5,10,19,0.0,0.0,1,propagule,13864,0,0,0.032530294287362954,True,0.001,0.02
5,10,20,0.0,0.0,1,propagule,13693,0,0,0.032936536916672754,True,0.001,0.02
5,10,21,0.0,0.0,1,propagule,13458,0,0,0.03351166592361421,True,0.001,0.02
5,10,22,0.0,0.0,1,propagule,13241,0,0,0.03406087153538252,True,0.001,0.02
5,10,23,0.0,0.0,1,propagule,13086,0,0,0.03454073055173468,True,0.001,0.02
5,10,24,0.0,0.0,1,propagule,12849,0,0,0.03494435364619815,True,0.001,0.02
5,10,25,0.0,0.0,1,propagule,12627,0,0,0.035558723370555156,True,0.001,0.02
5,10,26,0.0,0.0,1,propagule,12450,0,0,0.03598393574297189,True,0.001,0.02
5,10,27,0.0,0.0,1,propagule,12272,0,0,0.036261408083441984,True,0.001,0.02
5,10,28,0.0,0.0,1,propagule,12096,0,0,0.03695436507936508,True,0.001,0.02
5,10,29,0.0,0.0,1,propagule,11902,0,0,0.037472693664930265,True,0.001,0.02
5,10,30,0.0,0.0,1,propagule,11749,0,0,0.0380457911311601,True,0.001,0.02
5,10,31,0.0,0.0,1,propagule,11556,0,0,0.03842159916926272,True,0.001,0.02
5,10,32,0.0,0.0,1,propagule,11432,0,0,0.03936319104268719,True,0.001,0.02
5,10,33,0.0,0.0,1,propagule,11265,0,0,0.039591655570350645,True,0.001,0.02
5,10,34,0.0,0.0,1,propagule,11138,0,0,0.04022266115999282,True,0.001,0.02
5,10,35,0.0,0.0,1,propagule,10953,0,0,0.040445540034693694,True,0.001,0.02
5,10,36,0.0,0.0,1,propagule,10803,0,0,0.04184022956586134,True,0.001,0.02
5,10,37,0.0,0.0,1,propagule,10639,0,0,0.04145126421656171,True,0.001,0.02
5,10,38,0.0,0.0,1,propagule,10531,0,0,0.0421612382489792,True,0.001,0.02
5,10,39,0.0,0.0,1,propagule,10399,0,0,0.04221559765362054,True,0.001,0.02
5,10,40,0.0,0.0,1,propagule,10313,0,0,0.043537283040822265,True,0.001,0.02
5,10,41,0.0,0.0,1,propagule,10187,0,0,0.04309413958967311,True,0.001,0.02
5,10,42,0.0,0.0,1,propagule,10080,0,0,0.04375,True,0.001,0.02
5,10,43,0.0,0.0,1,propagule,10229,0,0,0.07879558119073223,True,0.001,0.02
5,10,44,0.0,0.0,1,propagule,9765,0,0,0.06697388632872504,True,0.001,0.02
5,10,45,0.0,0.0,1,propagule,9614,0,0,0.06750572082379863,True,0.001,0.02
5,10,46,0.0,0.0,1,propagule,9519,0,0,0.06775921840529467,True,0.001,0.02
5,10,47,0.0,0.0,1,propagule,9418,0,0,0.06848587810575493,True,0.001,0.02
5,10,48,0.0,0.0,1,propagule,9369,0,0,0.0702316149002028,True,0.001,0.02
5,10,49,0.0,0.0,1,propagule,9291,0,0,0.07006780755569907,True,0.001,0.02
5,10,50,0.0,0.0,1,propagule,9195,0,0,0.07069059271343121,True,0.001,0.02
5,10,51,0.0,0.0,1,propagule,9134,0,0,0.07083424567549813,True,0.001,0.02
5,10,52,0.0,0.0,1,propagule,9054,0,0,0.0712392312789927,True,0.001,0.02
5,1,1,0.0,0.0,1,propagule,932,0,0,0.0,True,0.001,0.025
5,1,2,0.0,0.0,1,propagule,937,0,0,0.0,True,0.001,0.025
5,1,3,0.0,0.0,1,propagule,939,0,0,0.002129925452609159,True,0.001,0.025
5,1,4,0.0,0.0,1,propagule,921,0,0,0.003257328990228013,True,0.001,0.025
5,1,5,0.0,0.0,1,propagule,921,0,0,0.002171552660152009,True,0.001,0.025
5,1,6,0.0,0.0,1,propagule,922,0,0,0.0032537960954446853,True,0.001,0.025
5,1,7,0.0,0.0,1,propagule,904,0,0,0.0022123893805309734,True,0.001,0.025
5,1,8,0.0,0.0,1,propagule,897,0,0,0.0033444816053511705,True,0.001,0.025
5,1,9,0.0,0.0,1,propagule,889,0,0,0.0022497187851518562,True,0.001,0.025
5,1,10,0.0,0.0,1,propagule,893,0,0,0.0033594624860022394,True,0.001,0.025
5,1,11,0.0,0.0,1,propagule,884,0,0,0.006787330316742082,True,0.001,0.025
5,1,12,0.0,0.0,1,propagule,872,0,0,0.0034403669724770644,True,0.001,0.025
5,1,13,0.0,0.0,1,propagule,871,0,0,0.010332950631458095,True,0.001,0.025
5,1,14,0.0,0.0,1,propagule,866,0,0,0.006928406466512702,True,0.001,0.025
5,1,15,0.0,0.0,1,propagule,848,0,0,0.01179245283018868,True,0.001,0.025
5,1,16,0.0,0.0,1,propagule,850,0,0,0.007058823529411765,True,0.001,0.025
5,1,17,0.0,0.0,1,propagule,836,0,0,0.01076555023923445,True,0.001,0.025
5,1,18,0.0,0.0,1,propagule,2456,0,0,0.002035830618892508,True,0.001,0.025
5,1,19,0.0,0.0,1,propagule,2399,0,0,0.003751563151313047,True,0.001,0.025
5,1,20,0.0,0.0,1,propagule,2373,0,0,0.002107037505267594,True,0.001,0.025
5,1,21,0.0,0.0,1,propagule,2319,0,0,0.0038809831824062097,True,0.001,0.025
5,1,22,0.0,0.0,1,propagule,2276,0,0,0.0021968365553602814,True,0.001,0.025
5,1,23,0.0,0.0,1,propagule,2203,0,0,0.003631411711302769,True,0.001,0.025
5,1,24,0.0,0.0,1,propagule,2134,0,0,0.0028116213683223993,True,0.001,0.025
5,1,25,0.0,0.0,1,propagule,2109,0,0,0.003793266951161688,True,0.001,0.025
5,1,26,0.0,0.0,1,propagule,2047,0,0,0.0029311187103077674,True,0.001,0.025
5,1,27,0.0,0.0,1,propagule,1993,0,0,0.004014049172102358,True,0.001,0.025
5,1,28,0.0,0.0,1,propagule,1959,0,0,0.0035732516590096988,True,0.001,0.025
5,1,29,0.0,0.0,1,propagule,1932,0,0,0.004658385093167702,True,0.001,0.025
5,1,30,0.0,0.0,1,propagule,1905,0,0,0.004199475065616798,True,0.001,0.025
5,1,31,0.0,0.0,1,propagule,1870,0,0,0.006951871657754011,True,0.001,0.025
5,1,32,0.0,0.0,1,propagule,1833,0,0,0.006001091107474086,True,0.001,0.025
5,1,33,0.0,0.0,1,propagule,1789,0,0,0.006707657909446618,True,0.001,0.025
5,1,34,0.0,0.0,1,propagule,1761,0,0,0.0068143100511073255,True,0.001,0.025
5,1,35,0.0,0.0,1,propagule,1700,0,0,0.007058823529411765,True,0.001,0.025
5,1,36,0.0,0.0,1,propagule,1669,0,0,0.01378070701018574,True,0.001,0.025
5,1,37,0.0,0.0,1,propagule,1618,0,0,0.010506798516687269,True,0.001,0.025
5,1,38,0.0,0.0,1,propagule,1591,0,0,0.011942174732872407,True,0.001,0.025
5,1,39,0.0,0.0,1,propagule,1580,0,0,0.014556962025316455,True,0.001,0.025
5,1,40,0.0,0.0,1,propagule,1558,0,0,0.014120667522464698,True,0.001,0.025
5,1,41,0.0,0.0,1,propagule,1520,0,0,0.014473684210526316,True,0.001,0.025
5,1,42,0.0,0.0,1,propagule,1496,0,0,0.012032085561497326,True,0.001,0.025
5,1,43,0.0,0.0,1,propagule,1492,0,0,0.029490616621983913,True,0.001,0.025
5,1,44,0.0,0.0,1,propagule,1466,0,0,0.027285129604365622,True,0.001,0.025
5,1,45,0.0,0.0,1,propagule,1410,0,0,0.01702127659574468,True,0.001,0.025
5,1,46,0.0,0.0,1,propagule,1402,0,0,0.021398002853067047,True,0.001,0.025
5,1,47,0.0,0.0,1,propagule,1366,0,0,0.019765739385065886,True,0.001,0.025
5,1,48,0.0,0.0,1,propagule,1343,0,0,0.022338049143708117,True,0.001,0.025
5,1,49,0.0,0.0,1,propagule,1327,0,0,0.024114544084400905,True,0.001,0.025
5,1,50,0.0,0.0,1,propagule,1311,0,0,0.02212051868802441,True,0.001,0.025
5,1,51,0.0,0.0,1,propagule,1306,0,0,0.02450229709035222,True,0.001,0.025
5,1,52,0.0,0.0,1,propagule,1279,0,0,0.027365129007036748,True,0.001,0.025
5,2,1,0.0,0.0,1,propagule,1268,0,0,0.026813880126182965,True,0.001,0.025
5,2,2,0.0,0.0,1,propagule,1248,0,0,0.02564102564102564,True,0.001,0.025
5,2,3,0.0,0.0,1,propagule,1230,0,0,0.026016260162601626,True,0.001,0.025
5,2,4,0.0,0.0,1,propagule,1215,0,0,0.02633744855967078,True,0.001,0.025
5,2,5,0.0,0.0,1,propagule,1206,0,0,0.02570480928689884,True,0.001,0.025
5,2,6,0.0,0.0,1,propagule,1187,0,0,0.02443133951137321,True,0.001,0.025
5,2,7,0.0,0.0,1,propagule,1193,0,0,0.03269069572506287,True,0.001,0.025
5,2,8,0.0,0.0,1,propagule,1160,0,0,0.026724137931034484,True,0.001,0.025
5,2,9,0.0,0.0,1,propagule,1156,0,0,0.03200692041522491,True,0.001,0.025
5,2,10,0.0,0.0,1,propagule,1135,0,0,0.027312775330396475,True,0.001,0.025
5,2,11,0.0,0.0,1,propagule,1138,0,0,0.03163444639718805,True,0.001,0.025
5,2,12,0.0,0.0,1,propagule,1118,0,0,0.026833631484794274,True,0.001,0.025
5,2,13,0.0,0.0,1,propagule,1116,0,0,0.03136200716845878,True,0.001,0.025
5,2,14,0.0,0.0,1,propagule,1102,0,0,0.029945553539019964,True,0.001,0.025
5,2,15,0.0,0.0,1,propagule,1087,0,0,0.03035878564857406,True,0.001,0.025
5,2,16,0.0,0.0,1,propagule,1073,0,0,0.02982292637465051,True,0.001,0.025
5,2,17,0.0,0.0,1,propagule,1064,0,0,0.03101503759398496,True,0.001,0.025
5,2,18,0.0,0.0,1,propagule,2053,0,0,0.01607403799318071,True,0.001,0.025
5,2,19,0.0,0.0,1,propagule,2023,0,0,0.015818091942659415,True,0.001,0.025
5,2,20,0.0,0.0,1,propagule,1963,0,0,0.015792154865002548,True,0.001,0.025
5,2,21,0.0,0.0,1,propagule,1959,0,0,0.017355793772332824,True,0.001,0.025
5,2,22,0.0,0.0,1,propagule,1898,0,0,0.01685985247629083,True,0.001,0.025
5,2,23,0.0,0.0,1,propagule,1911,0,0,0.01674515960230246,True,0.001,0.025
5,2,24,0.0,0.0,1,propagule,1849,0,0,0.01568415359653867,True,0.001,0.025
5,2,25,0.0,0.0,1,propagule,1842,0,0,0.016286644951140065,True,0.001,0.025
5,2,26,0.0,0.0,1,propagule,1786,0,0,0.017357222844344905,True,0.001,0.025
5,2,27,0.0,0.0,1,propagule,1786,0,0,0.02127659574468085,True,0.001,0.025
5,2,28,0.0,0.0,1,propagule,1789,0,0,0.023476802683063163,True,0.001,0.025
5,2,29,0.0,0.0,1,propagule,1735,0,0,0.02363112391930836,True,0.001,0.025
5,2,30,0.0,0.0,1,propagule,1702,0,0,0.023501762632197415,True,0.001,0.025
5,2,31,0.0,0.0,1,propagule,1682,0,0,0.02497027348394768,True,0.001,0.025
5,2,32,0.0,0.0,1,propagule,1666,0,0,0.02460984393757503,True,0.001,0.025
5,2,33,0.0,0.0,1,propagule,1632,0,0,0.024509803921568627,True,0.001,0.025
5,2,34,0.0,0.0,1,propagule,1632,0,0,0.025735294117647058,True,0.001,0.025
5,2,35,0.0,0.0,1,propagule,1575,0,0,0.02158730158730159,True,0.001,0.025
5,2,36,0.0,0.0,1,propagule,1575,0,0,0.0380952380952381,True,0.001,0.025
5,2,37,0.0,0.0,1,propagule,1562,0,0,0.05377720870678617,True,0.001,0.025
5,2,38,0.0,0.0,1,propagule,1495,0,0,0.04414715719063545,True,0.001,0.025
5,2,39,0.0,0.0,1,propagule,1493,0,0,0.04956463496316142,True,0.001,0.025
5,2,40,0.0,0.0,1,propagule,1452,0,0,0.04338842975206612,True,0.001,0.025
5,2,41,0.0,0.0,1,propagule,1460,0,0,0.049315068493150684,True,0.001,0.025
5,2,42,0.0,0.0,1,propagule,1428,0,0,0.04061624649859944,True,0.001,0.025
5,2,43,0.0,0.0,1,propagule,1536,0,0,0.10091145833333333,True,0.001,0.025
5,2,44,0.0,0.0,1,propagule,1467,0,0,0.07839127471029311,True,0.001,0.025
5,2,45,0.0,0.0,1,propagule,1411,0,0,0.06874557051736357,True,0.001,0.025
5,2,46,0.0,0.0,1,propagule,1399,0,0,0.06933523945675482,True,0.001,0.025
5,2,47,0.0,0.0,1,propagule,1378,0,0,0.0660377358490566,True,0.001,0.025
5,2,48,0.0,0.0,1,propagule,1362,0,0,0.07195301027900147,True,0.001,0.025
5,2,49,0.0,0.0,1,propagule,1353,0,0,0.07243163340724317,True,0.001,0.025
5,2,50,0.0,0.0,1,propagule,1338,0,0,0.07623318385650224,True,0.001,0.025
5,2,51,0.0,0.0,1,propagule,1334,0,0,0.07721139430284858,True,0.001,0.025
5,2,52,0.0,0.0,1,propagule,1343,0,0,0.08116157855547282,True,0.001,0.025
5,3,1,0.0,0.0,1,propagule,1301,0,0,0.07993850883935434,True,0.001,0.025
5,3,2,0.0,0.0,1,propagule,1313,0,0,0.0853008377760853,True,0.001,0.025
5,3,3,0.0,0.0,1,propagule,1286,0,0,0.08009331259720062,True,0.001,0.025
5,3,4,0.0,0.0,1,propagule,1288,0,0,0.09083850931677019,True,0.001,0.025
5,3,5,0.0,0.0,1,propagule,1251,0,0,0.08313349320543566,True,0.001,0.025
5,3,6,0.0,0.0,1,propagule,1247,0,0,0.08740978348035285,True,0.001,0.025
5,3,7,0.0,0.0,1,propagule,1222,0,0,0.08346972176759411,True,0.001,0.025
5,3,8,0.0,0.0,1,propagule,1222,0,0,0.09328968903436989,True,0.001,0.025
5,3,9,0.0,0.0,1,propagule,1192,0,0,0.08305369127516779,True,0.001,0.025
5,3,10,0.0,0.0,1,propagule,1191,0,0,0.08984047019311503,True,0.001,0.025
5,3,11,0.0,0.0,1,propagule,1164,0,0,0.08505154639175258,True,0.001,0.025
5,3,12,0.0,0.0,1,propagule,1173,0,0,0.09121909633418585,True,0.001,0.025
5,3,13,0.0,0.0,1,propagule,1151,0,0,0.08861859252823631,True,0.001,0.025
5,3,14,0.0,0.0,1,propagule,1149,0,0,0.09225413402959094,True,0.001,0.025
5,3,15,0.0,0.0,1,propagule,1145,0,0,0.08995633187772925,True,0.001,0.025
5,3,16,0.0,0.0,1,propagule,1125,0,0,0.09777777777777778,True,0.001,0.025
5,3,17,0.0,0.0,1,propagule,1110,0,0,0.0945945945945946,True,0.001,0.025
5,3,18,0.0,0.0,1,propagule,2684,0,0,0.040238450074515646,True,0.001,0.025
5,3,19,0.0,0.0,1,propagule,2626,0,0,0.03808073115003808,True,0.001,0.025
5,3,20,0.0,0.0,1,propagule,2588,0,0,0.03902627511591963,True,0.001,0.025
5,3,21,0.0,0.0,1,propagule,2461,0,0,0.03778951645672491,True,0.001,0.025
5,3,22,0.0,0.0,1,propagule,2452,0,0,0.039559543230016314,True,0.001,0.025
5,3,23,0.0,0.0,1,propagule,2353,0,0,0.03867403314917127,True,0.001,0.025
5,3,24,0.0,0.0,1,propagule,2353,0,0,0.04207394815129622,True,0.001,0.025
5,3,25,0.0,0.0,1,propagule,2259,0,0,0.041168658698539175,True,0.001,0.025
5,3,26,0.0,0.0,1,propagule,2253,0,0,0.045272969374167776,True,0.001,0.025
5,3,27,0.0,0.0,1,propagule,2124,0,0,0.04001883239171375,True,0.001,0.025
5,3,28,0.0,0.0,1,propagule,2145,0,0,0.042890442890442894,True,0.001,0.025
5,3,29,0.0,0.0,1,propagule,2056,0,0,0.03988326848249027,True,0.001,0.025
5,3,30,0.0,0.0,1,propagule,2070,0,0,0.043478260869565216,True,0.001,0.025
5,3,31,0.0,0.0,1,propagule,1991,0,0,0.040683073832245106,True,0.001,0.025
5,3,32,0.0,0.0,1,propagule,1998,0,0,0.04454454454454455,True,0.001,0.025
5,3,33,0.0,0.0,1,propagule,1929,0,0,0.04302747537584241,True,0.001,0.025
5,3,34,0.0,0.0,1,propagule,1936,0,0,0.04648760330578512,True,0.001,0.025
5,3,35,0.0,0.0,1,propagule,1840,0,0,0.041304347826086954,True,0.001,0.025
5,3,36,0.0,0.0,1,propagule,1858,0,0,0.06081808396124865,True,0.001,0.025
5,3,37,0.0,0.0,1,propagule,1778,0,0,0.05511811023622047,True,0.001,0.025
5,3,38,0.0,0.0,1,propagule,1793,0,0,0.07027328499721137,True,0.001,0.025
5,3,39,0.0,0.0,1,propagule,1709,0,0,0.056173200702165006,True,0.001,0.025
5,3,40,0.0,0.0,1,propagule,1723,0,0,0.06500290191526407,True,0.001,0.025
5,3,41,0.0,0.0,1,propagule,1673,0,0,0.05678421996413628,True,0.001,0.025
5,3,42,0.0,0.0,1,propagule,1676,0,0,0.06861575178997613,True,0.001,0.025
5,3,43,0.0,0.0,1,propagule,1878,0,0,0.14110756123535675,True,0.001,0.025
5,3,44,0.0,0.0,1,propagule,1742,0,0,0.1148105625717566,True,0.001,0.025
5,3,45,0.0,0.0,1,propagule,1718,0,0,0.10942956926658906,True,0.001,0.025
5,3,46,0.0,0.0,1,propagule,1691,0,0,0.11235955056179775,True,0.001,0.025
5,3,47,0.0,0.0,1,propagule,1657,0,0,0.11466505733252867,True,0.001,0.025
5,3,48,0.0,0.0,1,propagule,1633,0,0,0.11879975505205144,True,0.001,0.025
5,3,49,0.0,0.0,1,propagule,1600,0,0,0.12125,True,0.001,0.025
5,3,50,0.0,0.0,1,propagule,1579,0,0,0.11969601013299556,True,0.001,0.025
5,3,51,0.0,0.0,1,propagule,1558,0,0,0.11874197689345314,True,0.001,0.025
5,3,52,0.0,0.0,1,propagule,1530,0,0,0.12222222222222222,True,0.001,0.025
5,4,1,0.0,0.0,1,propagule,1524,0,0,0.12860892388451445,True,0.001,0.025
5,4,2,0.0,0.0,1,propagule,1488,0,0,0.12365591397849462,True,0.001,0.025
5,4,3,0.0,0.0,1,propagule,1478,0,0,0.13261163734776726,True,0.001,0.025
5,4,4,0.0,0.0,1,propagule,1467,0,0,0.13701431492842536,True,0.001,0.025
5,4,5,0.0,0.0,1,propagule,1474,0,0,0.1417910447761194,True,0.001,0.025
5,4,6,0.0,0.0,1,propagule,1439,0,0,0.13759555246699096,True,0.001,0.025
5,4,7,0.0,0.0,1,propagule,1439,0,0,0.14523974982626825,True,0.001,0.025
5,4,8,0.0,0.0,1,propagule,1395,0,0,0.13978494623655913,True,0.001,0.025
5,4,9,0.0,0.0,1,propagule,1388,0,0,0.14769452449567724,True,0.001,0.025
5,4,10,0.0,0.0,1,propagule,1364,0,0,0.1429618768328446,True,0.001,0.025
5,4,11,0.0,0.0,1,propagule,1362,0,0,0.14757709251101322,True,0.001,0.025
5,4,12,0.0,0.0,1,propagule,1341,0,0,0.14466815809097688,True,0.001,0.025
5,4,13,0.0,0.0,1,propagule,1340,0,0,0.14925373134328357,True,0.001,0.025
5,4,14,0.0,0.0,1,propagule,1323,0,0,0.14512471655328799,True,0.001,0.025
5,4,15,0.0,0.0,1,propagule,1319,0,0,0.14859742228961334,True,0.001,0.025
5,4,16,0.0,0.0,1,propagule,1295,0,0,0.14826254826254825,True,0.001,0.025
5,4,17,0.0,0.0,1,propagule,1289,0,0,0.14895267649340574,True,0.001,0.025
5,4,18,0.0,0.0,1,propagule,3031,0,0,0.0653249752556912,True,0.001,0.025
5,4,19,0.0,0.0,1,propagule,2951,0,0,0.06472382243307354,True,0.001,0.025
5,4,20,0.0,0.0,1,propagule,2880,0,0,0.06597222222222222,True,0.001,0.025
5,4,21,0.0,0.0,1,propagule,2871,0,0,0.06548241030999652,True,0.001,0.025
5,4,22,0.0,0.0,1,propagule,2792,0,0,0.0666189111747851,True,0.001,0.025
5,4,23,0.0,0.0,1,propagule,2772,0,0,0.0707070707070707,True,0.001,0.025
5,4,24,0.0,0.0,1,propagule,2732,0,0,0.07064421669106881,True,0.001,0.025
5,4,25,0.0,0.0,1,propagule,2703,0,0,0.07436182019977802,True,0.001,0.025
5,4,26,0.0,0.0,1,propagule,2593,0,0,0.07443116081758581,True,0.001,0.025
5,4,27,0.0,0.0,1,propagule,2606,0,0,0.07789716039907905,True,0.001,0.025
5,4,28,0.0,0.0,1,propagule,2483,0,0,0.07692307692307693,True,0.001,0.025
5,4,29,0.0,0.0,1,propagule,2517,0,0,0.08263806118394915,True,0.001,0.025
5,4,30,0.0,0.0,1,propagule,2441,0,0,0.0819336337566571,True,0.001,0.025
5,4,31,0.0,0.0,1,propagule,2432,0,0,0.0859375,True,0.001,0.025
5,4,32,0.0,0.0,1,propagule,2280,0,0,0.08421052631578947,True,0.001,0.025
5,4,33,0.0,0.0,1,propagule,2279,0,0,0.08907415533128565,True,0.001,0.025
5,4,34,0.0,0.0,1,propagule,2159,0,0,0.09078276980083372,True,0.001,0.025
5,4,35,0.0,0.0,1,propagule,2167,0,0,0.09321642824180895,True,0.001,0.025
5,4,36,0.0,0.0,1,propagule,2101,0,0,0.10661589719181343,True,0.001,0.025
5,4,37,0.0,0.0,1,propagule,2149,0,0,0.11865984178687762,True,0.001,0.025
5,4,38,0.0,0.0,1,propagule,2028,0,0,0.10946745562130178,True,0.001,0.025
5,4,39,0.0,0.0,1,propagule,2045,0,0,0.1178484107579462,True,0.001,0.025
5,4,40,0.0,0.0,1,propagule,1966,0,0,0.11190233977619532,True,0.001,0.025
5,4,41,0.0,0.0,1,propagule,1981,0,0,0.12216052498738011,True,0.001,0.025
5,4,42,0.0,0.0,1,propagule,1893,0,0,0.11304807184363444,True,0.001,0.025
5,4,43,0.0,0.0,1,propagule,2193,0,0,0.191062471500228,True,0.001,0.025
5,4,44,0.0,0.0,1,propagule,2009,0,0,0.16874066699850673,True,0.001,0.025
5,4,45,0.0,0.0,1,propagule,1938,0,0,0.16408668730650156,True,0.001,0.025
5,4,46,0.0,0.0,1,propagule,1882,0,0,0.16418703506907545,True,0.001,0.025
5,4,47,0.0,0.0,1,propagule,1842,0,0,0.16558089033659065,True,0.001,0.025
5,4,48,0.0,0.0,1,propagule,1806,0,0,0.16500553709856036,True,0.001,0.025
5,4,49,0.0,0.0,1,propagule,1773,0,0,0.16187253243090807,True,0.001,0.025
5,4,50,0.0,0.0,1,propagule,1765,0,0,0.17110481586402265,True,0.001,0.025
5,4,51,0.0,0.0,1,propagule,1723,0,0,0.1688914683691236,True,0.001,0.025
5,4,52,0.0,0.0,1,propagule,1709,0,0,0.16910473961380926,True,0.001,0.025
5,5,1,0.0,0.0,1,propagule,1694,0,0,0.1717827626918536,True,0.001,0.025
5,5,2,0.0,0.0,1,propagule,1680,0,0,0.17202380952380952,True,0.001,0.025
5,5,3,0.0,0.0,1,propagule,1671,0,0,0.17474566128067026,True,0.001,0.025
5,5,4,0.0,0.0,1,propagule,1659,0,0,0.17721518987341772,True,0.001,0.025
5,5,5,0.0,0.0,1,propagule,1630,0,0,0.17484662576687116,True,0.001,0.025
5,5,6,0.0,0.0,1,propagule,1591,0,0,0.17347580138277813,True,0.001,0.025
5,5,7,0.0,0.0,1,propagule,1577,0,0,0.17882054533925174,True,0.001,0.025
5,5,8,0.0,0.0,1,propagule,1547,0,0,0.17582417582417584,True,0.001,0.025
5,5,9,0.0,0.0,1,propagule,1530,0,0,0.17647058823529413,True,0.001,0.025
5,5,10,0.0,0.0,1,propagule,1509,0,0,0.17826375082836315,True,0.001,0.025
5,5,11,0.0,0.0,1,propagule,1495,0,0,0.17859531772575252,True,0.001,0.025
5,5,12,0.0,0.0,1,propagule,1482,0,0,0.18218623481781376,True,0.001,0.025
5,5,13,0.0,0.0,1,propagule,1463,0,0,0.18386876281613124,True,0.001,0.025
5,5,14,0.0,0.0,1,propagule,1455,0,0,0.18487972508591066,True,0.001,0.025
5,5,15,0.0,0.0,1,propagule,1438,0,0,0.18289290681502085,True,0.001,0.025
5,5,16,0.0,0.0,1,propagule,1430,0,0,0.1853146853146853,True,0.001,0.025
5,5,17,0.0,0.0,1,propagule,1414,0,0,0.18387553041018387,True,0.001,0.025
5,5,18,0.0,0.0,1,propagule,3271,0,0,0.08040354631611128,True,0.001,0.025
5,5,19,0.0,0.0,1,propagule,3173,0,0,0.07658367475575166,True,0.001,0.025
5,5,20,0.0,0.0,1,propagule,3097,0,0,0.07684856312560542,True,0.001,0.025
5,5,21,0.0,0.0,1,propagule,3072,0,0,0.080078125,True,0.001,0.025
5,5,22,0.0,0.0,1,propagule,3035,0,0,0.08270181219110379,True,0.001,0.025
5,5,23,0.0,0.0,1,propagule,3017,0,0,0.08319522704673517,True,0.001,0.025
5,5,24,0.0,0.0,1,propagule,2963,0,0,0.08572392845089437,True,0.001,0.025
5,5,25,0.0,0.0,1,propagule,2909,0,0,0.08869027157098659,True,0.001,0.025
5,5,26,0.0,0.0,1,propagule,2860,0,0,0.09125874125874125,True,0.001,0.025
5,5,27,0.0,0.0,1,propagule,2816,0,0,0.09339488636363637,True,0.001,0.025
5,5,28,0.0,0.0,1,propagule,2706,0,0,0.09460458240946046,True,0.001,0.025
5,5,29,0.0,0.0,1,propagule,2712,0,0,0.09845132743362832,True,0.001,0.025
5,5,30,0.0,0.0,1,propagule,2631,0,0,0.09122006841505131,True,0.001,0.025
5,5,31,0.0,0.0,1,propagule,2652,0,0,0.09917043740573152,True,0.001,0.025
5,5,32,0.0,0.0,1,propagule,2497,0,0,0.09691629955947137,True,0.001,0.025
5,5,33,0.0,0.0,1,propagule,2463,0,0,0.10069021518473406,True,0.001,0.025
5,5,34,0.0,0.0,1,propagule,2412,0,0,0.09867330016583747,True,0.001,0.025
5,5,35,0.0,0.0,1,propagule,2448,0,0,0.1053921568627451,True,0.001,0.025
5,5,36,0.0,0.0,1,propagule,2335,0,0,0.11477516059957174,True,0.001,0.025
5,5,37,0.0,0.0,1,propagule,2364,0,0,0.11548223350253807,True,0.001,0.025
5,5,38,0.0,0.0,1,propagule,2246,0,0,0.1126447016918967,True,0.001,0.025
5,5,39,0.0,0.0,1,propagule,2246,0,0,0.12021371326803205,True,0.001,0.025
5,5,40,0.0,0.0,1,propagule,2156,0,0,0.11085343228200371,True,0.001,0.025
5,5,41,0.0,0.0,1,propagule,2172,0,0,0.11924493554327809,True,0.001,0.025
5,5,42,0.0,0.0,1,propagule,2095,0,0,0.1116945107398568,True,0.001,0.025
5,5,43,0.0,0.0,1,propagule,2473,0,0,0.18641326324302468,True,0.001,0.025
5,5,44,0.0,0.0,1,propagule,2292,0,0,0.17539267015706805,True,0.001,0.025
5,5,45,0.0,0.0,1,propagule,2186,0,0,0.1637694419030192,True,0.001,0.025
5,5,46,0.0,0.0,1,propagule,2126,0,0,0.16133584195672623,True,0.001,0.025
5,5,47,0.0,0.0,1,propagule,2066,0,0,0.1602129719264279,True,0.001,0.025
5,5,48,0.0,0.0,1,propagule,2043,0,0,0.16250611845325502,True,0.001,0.025
5,5,49,0.0,0.0,1,propagule,2014,0,0,0.1643495531281033,True,0.001,0.025
5,5,50,0.0,0.0,1,propagule,1958,0,0,0.16138917262512767,True,0.001,0.025
5,5,51,0.0,0.0,1,propagule,1950,0,0,0.16615384615384615,True,0.001,0.025
5,5,52,0.0,0.0,1,propagule,1918,0,0,0.16371220020855057,True,0.001,0.025
5,6,1,0.0,0.0,1,propagule,1882,0,0,0.17056323060573858,True,0.001,0.025
5,6,2,0.0,0.0,1,propagule,1850,0,0,0.17189189189189188,True,0.001,0.025
5,6,3,0.0,0.0,1,propagule,1838,0,0,0.176278563656148,True,0.001,0.025
5,6,4,0.0,0.0,1,propagule,1814,0,0,0.17750826901874311,True,0.001,0.025
5,6,5,0.0,0.0,1,propagule,1784,0,0,0.17376681614349776,True,0.001,0.025
5,6,6,0.0,0.0,1,propagule,1775,0,0,0.17746478873239438,True,0.001,0.025
5,6,7,0.0,0.0,1,propagule,1747,0,0,0.17687464224384658,True,0.001,0.025
5,6,8,0.0,0.0,1,propagule,1739,0,0,0.17596319723979298,True,0.001,0.025
5,6,9,0.0,0.0,1,propagule,1713,0,0,0.1780502043199066,True,0.001,0.025
5,6,10,0.0,0.0,1,propagule,1686,0,0,0.17615658362989323,True,0.001,0.025
5,6,11,0.0,0.0,1,propagule,1657,0,0,0.17622208811104406,True,0.001,0.025
5,6,12,0.0,0.0,1,propagule,1660,0,0,0.1783132530120482,True,0.001,0.025
5,6,13,0.0,0.0,1,propagule,1630,0,0,0.17791411042944785,True,0.001,0.025
5,6,14,0.0,0.0,1,propagule,1625,0,0,0.17846153846153845,True,0.001,0.025
5,6,15,0.0,0.0,1,propagule,1598,0,0,0.17772215269086358,True,0.001,0.025
5,6,16,0.0,0.0,1,propagule,1600,0,0,0.18,True,0.001,0.025
5,6,17,0.0,0.0,1,propagule,1584,0,0,0.18118686868686867,True,0.001,0.025
5,6,18,0.0,0.0,1,propagule,3673,0,0,0.07868227606860877,True,0.001,0.025
5,6,19,0.0,0.0,1,propagule,3533,0,0,0.07840362298330031,True,0.001,0.025
5,6,20,0.0,0.0,1,propagule,3477,0,0,0.07909117054932413,True,0.001,0.025
5,6,21,0.0,0.0,1,propagule,3429,0,0,0.08136482939632546,True,0.001,0.025
5,6,22,0.0,0.0,1,propagule,3395,0,0,0.08394698085419734,True,0.001,0.025
5,6,23,0.0,0.0,1,propagule,3380,0,0,0.08757396449704143,True,0.001,0.025
5,6,24,0.0,0.0,1,propagule,3324,0,0,0.0881468110709988,True,0.001,0.025
5,6,25,0.0,0.0,1,propagule,3226,0,0,0.08958462492250464,True,0.001,0.025
5,6,26,0.0,0.0,1,propagule,3194,0,0,0.09423919849718222,True,0.001,0.025
5,6,27,0.0,0.0,1,propagule,3206,0,0,0.09700561447286338,True,0.001,0.025
5,6,28,0.0,0.0,1,propagule,3090,0,0,0.09482200647249191,True,0.001,0.025
5,6,29,0.0,0.0,1,propagule,3121,0,0,0.10060877923742391,True,0.001,0.025
5,6,30,0.0,0.0,1,propagule,2969,0,0,0.09632873021219265,True,0.001,0.025
5,6,31,0.0,0.0,1,propagule,2922,0,0,0.09958932238193019,True,0.001,0.025
5,6,32,0.0,0.0,1,propagule,2823,0,0,0.09351753453772582,True,0.001,0.025
5,6,33,0.0,0.0,1,propagule,2793,0,0,0.0966702470461869,True,0.001,0.025
5,6,34,0.0,0.0,1,propagule,2688,0,0,0.09635416666666667,True,0.001,0.025
5,6,35,0.0,0.0,1,propagule,2684,0,0,0.09798807749627422,True,0.001,0.025
5,6,36,0.0,0.0,1,propagule,2598,0,0,0.10739030023094688,True,0.001,0.025
5,6,37,0.0,0.0,1,propagule,2511,0,0,0.10473914774990044,True,0.001,0.025
5,6,38,0.0,0.0,1,propagule,2446,0,0,0.1009811937857727,True,0.001,0.025
5,6,39,0.0,0.0,1,propagule,2404,0,0,0.10357737104825292,True,0.001,0.025
5,6,40,0.0,0.0,1,propagule,2379,0,0,0.1067675493905002,True,0.001,0.025
5,6,41,0.0,0.0,1,propagule,2350,0,0,0.1076595744680851,True,0.001,0.025
5,6,42,0.0,0.0,1,propagule,2315,0,0,0.1062634989200864,True,0.001,0.025
5,6,43,0.0,0.0,1,propagule,2765,0,0,0.19927667269439422,True,0.001,0.025
5,6,44,0.0,0.0,1,propagule,2513,0,0,0.17389574214086748,True,0.001,0.025
5,6,45,0.0,0.0,1,propagule,2399,0,0,0.1638182576073364,True,0.001,0.025
5,6,46,0.0,0.0,1,propagule,2333,0,0,0.16288041148735533,True,0.001,0.025
5,6,47,0.0,0.0,1,propagule,2282,0,0,0.16170026292725678,True,0.001,0.025
5,6,48,0.0,0.0,1,propagule,2244,0,0,0.1657754010695187,True,0.001,0.025
5,6,49,0.0,0.0,1,propagule,2186,0,0,0.1605672461116194,True,0.001,0.025
5,6,50,0.0,0.0,1,propagule,2158,0,0,0.16404077849860982,True,0.001,0.025
5,6,51,0.0,0.0,1,propagule,2126,0,0,0.1627469426152399,True,0.001,0.025
5,6,52,0.0,0.0,1,propagule,2078,0,0,0.1616939364773821,True,0.001,0.025
5,7,1,0.0,0.0,1,propagule,2050,0,0,0.1629268292682927,True,0.001,0.025
5,7,2,0.0,0.0,1,propagule,1987,0,0,0.15903371917463513,True,0.001,0.025
5,7,3,0.0,0.0,1,propagule,1967,0,0,0.15709201830198272,True,0.001,0.025
5,7,4,0.0,0.0,1,propagule,1943,0,0,0.1574884199691199,True,0.001,0.025
5,7,5,0.0,0.0,1,propagule,1916,0,0,0.1581419624217119,True,0.001,0.025
5,7,6,0.0,0.0,1,propagule,1879,0,0,0.16125598722724854,True,0.001,0.025
5,7,7,0.0,0.0,1,propagule,1849,0,0,0.16279069767441862,True,0.001,0.025
5,7,8,0.0,0.0,1,propagule,1823,0,0,0.16401535929786068,True,0.001,0.025
5,7,9,0.0,0.0,1,propagule,1801,0,0,0.16379789006107717,True,0.001,0.025
5,7,10,0.0,0.0,1,propagule,1788,0,0,0.1644295302013423,True,0.001,0.025
5,7,11,0.0,0.0,1,propagule,1762,0,0,0.16458569807037457,True,0.001,0.025
5,7,12,0.0,0.0,1,propagule,1745,0,0,0.1656160458452722,True,0.001,0.025
5,7,13,0.0,0.0,1,propagule,1735,0,0,0.1659942363112392,True,0.001,0.025
5,7,14,0.0,0.0,1,propagule,1711,0,0,0.16481589713617767,True,0.001,0.025
5,7,15,0.0,0.0,1,propagule,1701,0,0,0.16519694297472076,True,0.001,0.025
5,7,16,0.0,0.0,1,propagule,1676,0,0,0.1658711217183771,True,0.001,0.025
5,7,17,0.0,0.0,1,propagule,1669,0,0,0.16596764529658478,True,0.001,0.025
5,7,18,0.0,0.0,1,propagule,3973,0,0,0.06997231311351623,True,0.001,0.025
5,7,19,0.0,0.0,1,propagule,3885,0,0,0.07078507078507079,True,0.001,0.025
5,7,20,0.0,0.0,1,propagule,3777,0,0,0.07201482658194334,True,0.001,0.025
5,7,21,0.0,0.0,1,propagule,3702,0,0,0.07266342517558076,True,0.001,0.025
5,7,22,0.0,0.0,1,propagule,3638,0,0,0.07339197361187466,True,0.001,0.025
5,7,23,0.0,0.0,1,propagule,3566,0,0,0.07347167694896242,True,0.001,0.025
5,7,24,0.0,0.0,1,propagule,3524,0,0,0.07406356413166856,True,0.001,0.025
5,7,25,0.0,0.0,1,propagule,3409,0,0,0.07421531240833089,True,0.001,0.025
5,7,26,0.0,0.0,1,propagule,3332,0,0,0.07623049219687875,True,0.001,0.025
5,7,27,0.0,0.0,1,propagule,3271,0,0,0.07642922653622745,True,0.001,0.025
5,7,28,0.0,0.0,1,propagule,3197,0,0,0.0772599311854864,True,0.001,0.025
5,7,29,0.0,0.0,1,propagule,3140,0,0,0.07898089171974522,True,0.001,0.025
5,7,30,0.0,0.0,1,propagule,3080,0,0,0.0801948051948052,True,0.001,0.025
5,7,31,0.0,0.0,1,propagule,3041,0,0,0.0802367642222953,True,0.001,0.025
5,7,32,0.0,0.0,1,propagule,2957,0,0,0.08014879945891105,True,0.001,0.025
5,7,33,0.0,0.0,1,propagule,2887,0,0,0.08243851749220645,True,0.001,0.025
5,7,34,0.0,0.0,1,propagule,2793,0,0,0.08199069101324741,True,0.001,0.025
5,7,35,0.0,0.0,1,propagule,2727,0,0,0.08324165749908324,True,0.001,0.025
5,7,36,0.0,0.0,1,propagule,2664,0,0,0.08445945945945946,True,0.001,0.025
5,7,37,0.0,0.0,1,propagule,2596,0,0,0.08590138674884437,True,0.001,0.025
5,7,38,0.0,0.0,1,propagule,2570,0,0,0.08793774319066149,True,0.001,0.025
5,7,39,0.0,0.0,1,propagule,2543,0,0,0.08887141171844279,True,0.001,0.025
5,7,40,0.0,0.0,1,propagule,2505,0,0,0.09101796407185629,True,0.001,0.025
5,7,41,0.0,0.0,1,propagule,2480,0,0,0.09314516129032258,True,0.001,0.025
5,7,42,0.0,0.0,1,propagule,2447,0,0,0.09358398038414385,True,0.001,0.025
5,7,43,0.0,0.0,1,propagule,3042,0,0,0.2113740959894806,True,0.001,0.025
5,7,44,0.0,0.0,1,propagule,2748,0,0,0.17758369723435224,True,0.001,0.025
5,7,45,0.0,0.0,1,propagule,2599,0,0,0.1666025394382455,True,0.001,0.025
5,7,46,0.0,0.0,1,propagule,2511,0,0,0.16009557945041816,True,0.001,0.025
5,7,47,0.0,0.0,1,propagule,2445,0,0,0.15623721881390593,True,0.001,0.025
5,7,48,0.0,0.0,1,propagule,2398,0,0,0.15721434528773978,True,0.001,0.025
5,7,49,0.0,0.0,1,propagule,2331,0,0,0.15572715572715573,True,0.001,0.025
5,7,50,0.0,0.0,1,propagule,2295,0,0,0.15511982570806102,True,0.001,0.025
5,7,51,0.0,0.0,1,propagule,2257,0,0,0.15595923792645103,True,0.001,0.025
5,7,52,0.0,0.0,1,propagule,2195,0,0,0.15353075170842825,True,0.001,0.025
5,8,1,0.0,0.0,1,propagule,2145,0,0,0.15244755244755245,True,0.001,0.025
5,8,2,0.0,0.0,1,propagule,2126,0,0,0.15522107243650046,True,0.001,0.025
5,8,3,0.0,0.0,1,propagule,2084,0,0,0.15403071017274472,True,0.001,0.025
5,8,4,0.0,0.0,1,propagule,2066,0,0,0.15827686350435624,True,0.001,0.025
5,8,5,0.0,0.0,1,propagule,2025,0,0,0.15901234567901235,True,0.001,0.025
5,8,6,0.0,0.0,1,propagule,2010,0,0,0.15970149253731344,True,0.001,0.025
5,8,7,0.0,0.0,1,propagule,1987,0,0,0.15853044791142426,True,0.001,0.025
5,8,8,0.0,0.0,1,propagule,1963,0,0,0.15792154865002547,True,0.001,0.025
5,8,9,0.0,0.0,1,propagule,1949,0,0,0.16059517701385326,True,0.001,0.025
5,8,10,0.0,0.0,1,propagule,1929,0,0,0.1607050285121825,True,0.001,0.025
5,8,11,0.0,0.0,1,propagule,1906,0,0,0.1621196222455404,True,0.001,0.025
5,8,12,0.0,0.0,1,propagule,1881,0,0,0.16267942583732056,True,0.001,0.025
5,8,13,0.0,0.0,1,propagule,1866,0,0,0.16613076098606644,True,0.001,0.025
5,8,14,0.0,0.0,1,propagule,1843,0,0,0.16386326641345633,True,0.001,0.025
5,8,15,0.0,0.0,1,propagule,1824,0,0,0.1650219298245614,True,0.001,0.025
5,8,16,0.0,0.0,1,propagule,1814,0,0,0.16648291069459759,True,0.001,0.025
5,8,17,0.0,0.0,1,propagule,1804,0,0,0.16851441241685144,True,0.001,0.025
5,8,18,0.0,0.0,1,propagule,4387,0,0,0.06815591520401185,True,0.001,0.025
5,8,19,0.0,0.0,1,propagule,4315,0,0,0.06952491309385864,True,0.001,0.025
5,8,20,0.0,0.0,1,propagule,4227,0,0,0.07073574639224035,True,0.001,0.025
5,8,21,0.0,0.0,1,propagule,4162,0,0,0.0723209995194618,True,0.001,0.025
5,8,22,0.0,0.0,1,propagule,4079,0,0,0.07330227997058103,True,0.001,0.025
5,8,23,0.0,0.0,1,propagule,3996,0,0,0.07457457457457457,True,0.001,0.025
5,8,24,0.0,0.0,1,propagule,3895,0,0,0.07599486521181001,True,0.001,0.025
5,8,25,0.0,0.0,1,propagule,3842,0,0,0.07678292555960438,True,0.001,0.025
5,8,26,0.0,0.0,1,propagule,3786,0,0,0.0768621236133122,True,0.001,0.025
5,8,27,0.0,0.0,1,propagule,3726,0,0,0.07809983896940419,True,0.001,0.025
5,8,28,0.0,0.0,1,propagule,3672,0,0,0.0787037037037037,True,0.001,0.025
5,8,29,0.0,0.0,1,propagule,3600,0,0,0.08,True,0.001,0.025
5,8,30,0.0,0.0,1,propagule,3558,0,0,0.08066329398538505,True,0.001,0.025
5,8,31,0.0,0.0,1,propagule,3487,0,0,0.08115858904502438,True,0.001,0.025
5,8,32,0.0,0.0,1,propagule,3439,0,0,0.08200058156440826,True,0.001,0.025
5,8,33,0.0,0.0,1,propagule,3386,0,0,0.08298877731836976,True,0.001,0.025
5,8,34,0.0,0.0,1,propagule,3331,0,0,0.08405884118883218,True,0.001,0.025
5,8,35,0.0,0.0,1,propagule,3285,0,0,0.08584474885844749,True,0.001,0.025
5,8,36,0.0,0.0,1,propagule,3216,0,0,0.08955223880597014,True,0.001,0.025
5,8,37,0.0,0.0,1,propagule,3165,0,0,0.0909952606635071,True,0.001,0.025
5,8,38,0.0,0.0,1,propagule,3094,0,0,0.09114414996767937,True,0.001,0.025
5,8,39,0.0,0.0,1,propagule,3064,0,0,0.09464751958224543,True,0.001,0.025
5,8,40,0.0,0.0,1,propagule,3012,0,0,0.09262948207171315,True,0.001,0.025
5,8,41,0.0,0.0,1,propagule,2975,0,0,0.09478991596638656,True,0.001,0.025
5,8,42,0.0,0.0,1,propagule,2942,0,0,0.0955132562882393,True,0.001,0.025
5,8,43,0.0,0.0,1,propagule,3732,0,0,0.23445873526259378,True,0.001,0.025
5,8,44,0.0,0.0,1,propagule,3366,0,0,0.20707070707070707,True,0.001,0.025
5,8,45,0.0,0.0,1,propagule,3160,0,0,0.18575949367088607,True,0.001,0.025
5,8,46,0.0,0.0,1,propagule,3019,0,0,0.17986088108645246,True,0.001,0.025
5,8,47,0.0,0.0,1,propagule,2924,0,0,0.17749658002735977,True,0.001,0.025
5,8,48,0.0,0.0,1,propagule,2859,0,0,0.1759356418328087,True,0.001,0.025
5,8,49,0.0,0.0,1,propagule,2801,0,0,0.1749375223134595,True,0.001,0.025
5,8,50,0.0,0.0,1,propagule,2748,0,0,0.1772197962154294,True,0.001,0.025
5,8,51,0.0,0.0,1,propagule,2702,0,0,0.17505551443375278,True,0.001,0.025
5,8,52,0.0,0.0,1,propagule,2657,0,0,0.17651486639066616,True,0.001,0.025
5,9,1,0.0,0.0,1,propagule,2626,0,0,0.17707539984767706,True,0.001,0.025
5,9,2,0.0,0.0,1,propagule,2596,0,0,0.18143297380585516,True,0.001,0.025
5,9,3,0.0,0.0,1,propagule,2547,0,0,0.1790341578327444,True,0.001,0.025
5,9,4,0.0,0.0,1,propagule,2513,0,0,0.17906884202148826,True,0.001,0.025
5,9,5,0.0,0.0,1,propagule,2454,0,0,0.17766911165444174,True,0.001,0.025
5,9,6,0.0,0.0,1,propagule,2435,0,0,0.17905544147843944,True,0.001,0.025
5,9,7,0.0,0.0,1,propagule,2399,0,0,0.17799082951229678,True,0.001,0.025
5,9,8,0.0,0.0,1,propagule,2368,0,0,0.17820945945945946,True,0.001,0.025
5,9,9,0.0,0.0,1,propagule,2337,0,0,0.17843388960205392,True,0.001,0.025
5,9,10,0.0,0.0,1,propagule,2313,0,0,0.1798530047557285,True,0.001,0.025
5,9,11,0.0,0.0,1,propagule,2296,0,0,0.1803135888501742,True,0.001,0.025
5,9,12,0.0,0.0,1,propagule,2279,0,0,0.18034225537516455,True,0.001,0.025
5,9,13,0.0,0.0,1,propagule,2256,0,0,0.18129432624113476,True,0.001,0.025
5,9,14,0.0,0.0,1,propagule,2241,0,0,0.18250780901383312,True,0.001,0.025
5,9,15,0.0,0.0,1,propagule,2228,0,0,0.18402154398563733,True,0.001,0.025
5,9,16,0.0,0.0,1,propagule,2205,0,0,0.1854875283446712,True,0.001,0.025
5,9,17,0.0,0.0,1,propagule,2183,0,0,0.18506642235455795,True,0.001,0.025
5,9,18,0.0,0.0,1,propagule,4671,0,0,0.07321772639691715,True,0.001,0.025
5,9,19,0.0,0.0,1,propagule,4553,0,0,0.07204041291456183,True,0.001,0.025
5,9,20,0.0,0.0,1,propagule,4479,0,0,0.07345389595891941,True,0.001,0.025
5,9,21,0.0,0.0,1,propagule,4393,0,0,0.07420896881402231,True,0.001,0.025
5,9,22,0.0,0.0,1,propagule,4322,0,0,0.07519666820916243,True,0.001,0.025
5,9,23,0.0,0.0,1,propagule,4234,0,0,0.07605101558809636,True,0.001,0.025
5,9,24,0.0,0.0,1,propagule,4149,0,0,0.07736804049168475,True,0.001,0.025
5,9,25,0.0,0.0,1,propagule,4106,0,0,0.0786653677545056,True,0.001,0.025
5,9,26,0.0,0.0,1,propagule,4026,0,0,0.07948335817188276,True,0.001,0.025
5,9,27,0.0,0.0,1,propagule,3932,0,0,0.08087487283825025,True,0.001,0.025
5,9,28,0.0,0.0,1,propagule,3849,0,0,0.08209924655754741,True,0.001,0.025
5,9,29,0.0,0.0,1,propagule,3795,0,0,0.08274044795783926,True,0.001,0.025
5,9,30,0.0,0.0,1,propagule,3744,0,0,0.08360042735042734,True,0.001,0.025
5,9,31,0.0,0.0,1,propagule,3691,0,0,0.08425900839880791,True,0.001,0.025
5,9,32,0.0,0.0,1,propagule,3642,0,0,0.085667215815486,True,0.001,0.025
5,9,33,0.0,0.0,1,propagule,3579,0,0,0.0866163732886281,True,0.001,0.025
5,9,34,0.0,0.0,1,propagule,3510,0,0,0.08774928774928775,True,0.001,0.025
5,9,35,0.0,0.0,1,propagule,3436,0,0,0.08818393480791618,True,0.001,0.025
5,9,36,0.0,0.0,1,propagule,3397,0,0,0.08860759493670886,True,0.001,0.025
5,9,37,0.0,0.0,1,propagule,3344,0,0,0.08911483253588516,True,0.001,0.025
5,9,38,0.0,0.0,1,propagule,3294,0,0,0.0904675166970249,True,0.001,0.025
5,9,39,0.0,0.0,1,propagule,3241,0,0,0.09040419623572972,True,0.001,0.025
5,9,40,0.0,0.0,1,propagule,3208,0,0,0.09102244389027432,True,0.001,0.025
5,9,41,0.0,0.0,1,propagule,3163,0,0,0.09168510907366424,True,0.001,0.025
5,9,42,0.0,0.0,1,propagule,3136,0,0,0.09247448979591837,True,0.001,0.025
5,9,43,0.0,0.0,1,propagule,4100,0,0,0.23926829268292682,True,0.001,0.025
5,9,44,0.0,0.0,1,propagule,3683,0,0,0.2098832473527016,True,0.001,0.025
5,9,45,0.0,0.0,1,propagule,3455,0,0,0.19913169319826338,True,0.001,0.025
5,9,46,0.0,0.0,1,propagule,3298,0,0,0.19314736203759855,True,0.001,0.025
5,9,47,0.0,0.0,1,propagule,3185,0,0,0.19089481946624803,True,0.001,0.025
5,9,48,0.0,0.0,1,propagule,3071,0,0,0.18365353305112342,True,0.001,0.025
5,9,49,0.0,0.0,1,propagule,2999,0,0,0.1833944648216072,True,0.001,0.025
5,9,50,0.0,0.0,1,propagule,2948,0,0,0.18080054274084126,True,0.001,0.025
5,9,51,0.0,0.0,1,propagule,2888,0,0,0.17832409972299168,True,0.001,0.025
5,9,52,0.0,0.0,1,propagule,2811,0,0,0.1775168979011028,True,0.001,0.025
5,10,1,0.0,0.0,1,propagule,2792,0,0,0.1758595988538682,True,0.001,0.025
5,10,2,0.0,0.0,1,propagule,2752,0,0,0.17841569767441862,True,0.001,0.025
5,10,3,0.0,0.0,1,propagule,2711,0,0,0.17705643673921062,True,0.001,0.025
5,10,4,0.0,0.0,1,propagule,2683,0,0,0.17927692881103244,True,0.001,0.025
5,10,5,0.0,0.0,1,propagule,2661,0,0,0.18038331454340473,True,0.001,0.025
5,10,6,0.0,0.0,1,propagule,2618,0,0,0.18105423987776928,True,0.001,0.025
5,10,7,0.0,0.0,1,propagule,2602,0,0,0.18024596464258263,True,0.001,0.025
5,10,8,0.0,0.0,1,propagule,2577,0,0,0.18121847109041522,True,0.001,0.025
5,10,9,0.0,0.0,1,propagule,2559,0,0,0.182883939038687,True,0.001,0.025
5,10,10,0.0,0.0,1,propagule,2533,0,0,0.18397157520726412,True,0.001,0.025
5,10,11,0.0,0.0,1,propagule,2520,0,0,0.18452380952380953,True,0.001,0.025
5,10,12,0.0,0.0,1,propagule,2494,0,0,0.18444266238973536,True,0.001,0.025
5,10,13,0.0,0.0,1,propagule,2469,0,0,0.18509518023491292,True,0.001,0.025
5,10,14,0.0,0.0,1,propagule,2445,0,0,0.18609406952965235,True,0.001,0.025
5,10,15,0.0,0.0,1,propagule,2411,0,0,0.18581501451679802,True,0.001,0.025
5,10,16,0.0,0.0,1,propagule,2400,0,0,0.1875,True,0.001,0.025
5,10,17,0.0,0.0,1,propagule,2374,0,0,0.18660488626790228,True,0.001,0.025
5,10,18,0.0,0.0,1,propagule,5411,0,0,0.07429310663463315,True,0.001,0.025
5,10,19,0.0,0.0,1,propagule,5313,0,0,0.07547524938829286,True,0.001,0.025
5,10,20,0.0,0.0,1,propagule,5217,0,0,0.07571401188422465,True,0.001,0.025
5,10,21,0.0,0.0,1,propagule,5127,0,0,0.07684805929393407,True,0.001,0.025
5,10,22,0.0,0.0,1,propagule,5028,0,0,0.07776451869530629,True,0.001,0.025
5,10,23,0.0,0.0,1,propagule,4930,0,0,0.07910750507099391,True,0.001,0.025
5,10,24,0.0,0.0,1,propagule,4841,0,0,0.0803552984920471,True,0.001,0.025
5,10,25,0.0,0.0,1,propagule,4749,0,0,0.082122552116235,True,0.001,0.025
5,10,26,0.0,0.0,1,propagule,4670,0,0,0.0828693790149893,True,0.001,0.025
5,10,27,0.0,0.0,1,propagule,4577,0,0,0.08411623334061612,True,0.001,0.025
5,10,28,0.0,0.0,1,propagule,4464,0,0,0.08602150537634409,True,0.001,0.025
5,10,29,0.0,0.0,1,propagule,4385,0,0,0.087115165336374,True,0.001,0.025
5,10,30,0.0,0.0,1,propagule,4318,0,0,0.08823529411764706,True,0.001,0.025
5,10,31,0.0,0.0,1,propagule,4249,0,0,0.08943280771946341,True,0.001,0.025
5,10,32,0.0,0.0,1,propagule,4183,0,0,0.09156108056418838,True,0.001,0.025
5,10,33,0.0,0.0,1,propagule,4096,0,0,0.092041015625,True,0.001,0.025
5,10,34,0.0,0.0,1,propagule,4040,0,0,0.09356435643564356,True,0.001,0.025
5,10,35,0.0,0.0,1,propagule,3973,0,0,0.09463881198087087,True,0.001,0.025
5,10,36,0.0,0.0,1,propagule,3924,0,0,0.09607543323139653,True,0.001,0.025
5,10,37,0.0,0.0,1,propagule,3870,0,0,0.09664082687338502,True,0.001,0.025
5,10,38,0.0,0.0,1,propagule,3822,0,0,0.0989010989010989,True,0.001,0.025
5,10,39,0.0,0.0,1,propagule,3779,0,0,0.10029108229690395,True,0.001,0.025
5,10,40,0.0,0.0,1,propagule,3723,0,0,0.1004566210045662,True,0.001,0.025
5,10,41,0.0,0.0,1,propagule,3673,0,0,0.10182412197114075,True,0.001,0.025
5,10,42,0.0,0.0,1,propagule,3631,0,0,0.1035527402919306,True,0.001,0.025
5,10,43,0.0,0.0,1,propagule,4719,0,0,0.25535070989616443,True,0.001,0.025
5,10,44,0.0,0.0,1,propagule,4229,0,0,0.22724048238354222,True,0.001,0.025
5,10,45,0.0,0.0,1,propagule,3926,0,0,0.2009679062659195,True,0.001,0.025
5,10,46,0.0,0.0,1,propagule,3719,0,0,0.19709599354665233,True,0.001,0.025
5,10,47,0.0,0.0,1,propagule,3611,0,0,0.19163666574356134,True,0.001,0.025
5,10,48,0.0,0.0,1,propagule,3511,0,0,0.19082882369695245,True,0.001,0.025
5,10,49,0.0,0.0,1,propagule,3437,0,0,0.18795461157986615,True,0.001,0.025
5,10,50,0.0,0.0,1,propagule,3378,0,0,0.18738898756660746,True,0.001,0.025
5,10,51,0.0,0.0,1,propagule,3305,0,0,0.18910741301059,True,0.001,0.025
5,10,52,0.0,0.0,1,propagule,3231,0,0,0.18910554008047045,True,0.001,0.025
5,1,1,0.0,0.0,1,propagule,927,0,0,0.0,True,0.005,0.015
5,1,2,0.0,0.0,1,propagule,941,0,0,0.0,True,0.005,0.015
5,1,3,0.0,0.0,1,propagule,924,0,0,0.0,True,0.005,0.015
5,1,4,0.0,0.0,1,propagule,922,0,0,0.0010845986984815619,True,0.005,0.015
5,1,5,0.0,0.0,1,propagule,915,0,0,0.003278688524590164,True,0.005,0.015
5,1,6,0.0,0.0,1,propagule,919,0,0,0.00544069640914037,True,0.005,0.015
5,1,7,0.0,0.0,1,propagule,906,0,0,0.004415011037527594,True,0.005,0.015
5,1,8,0.0,0.0,1,propagule,904,0,0,0.0055309734513274336,True,0.005,0.015
5,1,9,0.0,0.0,1,propagule,892,0,0,0.005605381165919282,True,0.005,0.015
5,1,10,0.0,0.0,1,propagule,882,0,0,0.005668934240362812,True,0.005,0.015
5,1,11,0.0,0.0,1,propagule,868,0,0,0.00576036866359447,True,0.005,0.015
5,1,12,0.0,0.0,1,propagule,866,0,0,0.004618937644341801,True,0.005,0.015
5,1,13,0.0,0.0,1,propagule,852,0,0,0.005868544600938967,True,0.005,0.015
5,1,14,0.0,0.0,1,propagule,850,0,0,0.0058823529411764705,True,0.005,0.015
5,1,15,0.0,0.0,1,propagule,839,0,0,0.004767580452920143,True,0.005,0.015
5,1,16,0.0,0.0,1,propagule,831,0,0,0.006016847172081829,True,0.005,0.015
5,1,17,0.0,0.0,1,propagule,823,0,0,0.004860267314702308,True,0.005,0.015
5,1,18,0.0,0.0,1,propagule,2367,0,0,0.0021123785382340513,True,0.005,0.015
5,1,19,0.0,0.0,1,propagule,2352,0,0,0.0021258503401360546,True,0.005,0.015
5,1,20,0.0,0.0,1,propagule,2293,0,0,0.002180549498473615,True,0.005,0.015
5,1,21,0.0,0.0,1,propagule,2280,0,0,0.0021929824561403508,True,0.005,0.015
5,1,22,0.0,0.0,1,propagule,2213,0,0,0.0022593764121102574,True,0.005,0.015
5,1,23,0.0,0.0,1,propagule,2168,0,0,0.0023062730627306273,True,0.005,0.015
5,1,24,0.0,0.0,1,propagule,2127,0,0,0.0023507287259050304,True,0.005,0.015
5,1,25,0.0,0.0,1,propagule,2110,0,0,0.002369668246445498,True,0.005,0.015
5,1,26,0.0,0.0,1,propagule,2086,0,0,0.0023969319271332696,True,0.005,0.015
5,1,27,0.0,0.0,1,propagule,2033,0,0,0.002459419576979833,True,0.005,0.015
5,1,28,0.0,0.0,1,propagule,2007,0,0,0.002491280518186348,True,0.005,0.015
5,1,29,0.0,0.0,1,propagule,1972,0,0,0.002535496957403651,True,0.005,0.015
5,1,30,0.0,0.0,1,propagule,1948,0,0,0.002566735112936345,True,0.005,0.015
5,1,31,0.0,0.0,1,propagule,1923,0,0,0.0026001040041601664,True,0.005,0.015
5,1,32,0.0,0.0,1,propagule,1872,0,0,0.002670940170940171,True,0.005,0.015
5,1,33,0.0,0.0,1,propagule,1852,0,0,0.0026997840172786176,True,0.005,0.015
5,1,34,0.0,0.0,1,propagule,1808,0,0,0.0027654867256637168,True,0.005,0.015
5,1,35,0.0,0.0,1,propagule,1778,0,0,0.00281214848143982,True,0.005,0.015
5,1,36,0.0,0.0,1,propagule,1728,0,0,0.0028935185185185184,True,0.005,0.015
5,1,37,0.0,0.0,1,propagule,1704,0,0,0.0035211267605633804,True,0.005,0.015
5,1,38,0.0,0.0,1,propagule,1670,0,0,0.0029940119760479044,True,0.005,0.015
5,1,39,0.0,0.0,1,propagule,1649,0,0,0.0036385688295936932,True,0.005,0.015
5,1,40,0.0,0.0,1,propagule,1630,0,0,0.004294478527607362,True,0.005,0.015
5,1,41,0.0,0.0,1,propagule,1611,0,0,0.004965859714463066,True,0.005,0.015
5,1,42,0.0,0.0,1,propagule,1593,0,0,0.006905210295040804,True,0.005,0.015
5,1,43,0.0,0.0,1,propagule,1604,0,0,0.018703241895261846,True,0.005,0.015
5,1,44,0.0,0.0,1,propagule,1585,0,0,0.017665615141955835,True,0.005,0.015
5,1,45,0.0,0.0,1,propagule,1563,0,0,0.01599488163787588,True,0.005,0.015
5,1,46,0.0,0.0,1,propagule,1547,0,0,0.01616031027795734,True,0.005,0.015
5,1,47,0.0,0.0,1,propagule,1544,0,0,0.015544041450777202,True,0.005,0.015
5,1,48,0.0,0.0,1,propagule,1534,0,0,0.018904823989569754,True,0.005,0.015
5,1,49,0.0,0.0,1,propagule,1523,0,0,0.01772816808929744,True,0.005,0.015
5,1,50,0.0,0.0,1,propagule,1508,0,0,0.019230769230769232,True,0.005,0.015
5,1,51,0.0,0.0,1,propagule,1492,0,0,0.01943699731903485,True,0.005,0.015
5,1,52,0.0,0.0,1,propagule,1480,0,0,0.020945945945945947,True,0.005,0.015
5,2,1,0.0,0.0,1,propagule,1460,0,0,0.01986301369863014,True,0.005,0.015
5,2,2,0.0,0.0,1,propagule,1439,0,0,0.020847810979847115,True,0.005,0.015
5,2,3,0.0,0.0,1,propagule,1415,0,0,0.02049469964664311,True,0.005,0.015
5,2,4,0.0,0.0,1,propagule,1414,0,0,0.021216407355021217,True,0.005,0.015
5,2,5,0.0,0.0,1,propagule,1372,0,0,0.01967930029154519,True,0.005,0.015
5,2,6,0.0,0.0,1,propagule,1363,0,0,0.02127659574468085,True,0.005,0.015
5,2,7,0.0,0.0,1,propagule,1337,0,0,0.020942408376963352,True,0.005,0.015
5,2,8,0.0,0.0,1,propagule,1327,0,0,0.02185380557648832,True,0.005,0.015
5,2,9,0.0,0.0,1,propagule,1317,0,0,0.024297646165527716,True,0.005,0.015
5,2,10,0.0,0.0,1,propagule,1320,0,0,0.025757575757575757,True,0.005,0.015
5,2,11,0.0,0.0,1,propagule,1296,0,0,0.024691358024691357,True,0.005,0.015
5,2,12,0.0,0.0,1,propagule,1286,0,0,0.025660964230171075,True,0.005,0.015
5,2,13,0.0,0.0,1,propagule,1263,0,0,0.02454473475851148,True,0.005,0.015
5,2,14,0.0,0.0,1,propagule,1249,0,0,0.02401921537229784,True,0.005,0.015
5,2,15,0.0,0.0,1,propagule,1225,0,0,0.026122448979591838,True,0.005,0.015
5,2,16,0.0,0.0,1,propagule,1220,0,0,0.027049180327868853,True,0.005,0.015
5,2,17,0.0,0.0,1,propagule,1207,0,0,0.02899751449875725,True,0.005,0.015
5,2,18,0.0,0.0,1,propagule,2228,0,0,0.013913824057450628,True,0.005,0.015
5,2,19,0.0,0.0,1,propagule,2197,0,0,0.015020482476103778,True,0.005,0.015
5,2,20,0.0,0.0,1,propagule,2172,0,0,0.01427255985267035,True,0.005,0.015
5,2,21,0.0,0.0,1,propagule,2165,0,0,0.015242494226327945,True,0.005,0.015
5,2,22,0.0,0.0,1,propagule,2088,0,0,0.013888888888888888,True,0.005,0.015
5,2,23,0.0,0.0,1,propagule,2051,0,0,0.016089712335446125,True,0.005,0.015
5,2,24,0.0,0.0,1,propagule,1993,0,0,0.014049172102358254,True,0.005,0.015
5,2,25,0.0,0.0,1,propagule,1963,0,0,0.015792154865002548,True,0.005,0.015
5,2,26,0.0,0.0,1,propagule,1921,0,0,0.01353461738677772,True,0.005,0.015
5,2,27,0.0,0.0,1,propagule,1897,0,0,0.014760147601476014,True,0.005,0.015
5,2,28,0.0,0.0,1,propagule,1847,0,0,0.015159718462371413,True,0.005,0.015
5,2,29,0.0,0.0,1,propagule,1851,0,0,0.016747703943814155,True,0.005,0.015
5,2,30,0.0,0.0,1,propagule,1800,0,0,0.014444444444444444,True,0.005,0.015
5,2,31,0.0,0.0,1,propagule,1782,0,0,0.015712682379349047,True,0.005,0.015
5,2,32,0.0,0.0,1,propagule,1758,0,0,0.016496018202502846,True,0.005,0.015
5,2,33,0.0,0.0,1,propagule,1753,0,0,0.018824871648602397,True,0.005,0.015
5,2,34,0.0,0.0,1,propagule,1757,0,0,0.02105862265224815,True,0.005,0.015
5,2,35,0.0,0.0,1,propagule,1751,0,0,0.023986293546544833,True,0.005,0.015
5,2,36,0.0,0.0,1,propagule,1744,0,0,0.0389908256880734,True,0.005,0.015
5,2,37,0.0,0.0,1,propagule,1739,0,0,0.041403105232892465,True,0.005,0.015
5,2,38,0.0,0.0,1,propagule,1710,0,0,0.043859649122807015,True,0.005,0.015
5,2,39,0.0,0.0,1,propagule,1691,0,0,0.04021289178001183,True,0.005,0.015
5,2,40,0.0,0.0,1,propagule,1682,0,0,0.045778834720570746,True,0.005,0.015
5,2,41,0.0,0.0,1,propagule,1674,0,0,0.045997610513739545,True,0.005,0.015
5,2,42,0.0,0.0,1,propagule,1651,0,0,0.04482132041187159,True,0.005,0.015
5,2,43,0.0,0.0,1,propagule,1679,0,0,0.0684931506849315,True,0.005,0.015
5,2,44,0.0,0.0,1,propagule,1652,0,0,0.06658595641646489,True,0.005,0.015
5,2,45,0.0,0.0,1,propagule,1628,0,0,0.06633906633906633,True,0.005,0.015
5,2,46,0.0,0.0,1,propagule,1639,0,0,0.07443563148261134,True,0.005,0.015
5,2,47,0.0,0.0,1,propagule,1623,0,0,0.07455329636475662,True,0.005,0.015
5,2,48,0.0,0.0,1,propagule,1606,0,0,0.07721046077210461,True,0.005,0.015
5,2,49,0.0,0.0,1,propagule,1596,0,0,0.08395989974937343,True,0.005,0.015
5,2,50,0.0,0.0,1,propagule,1617,0,0,0.09029066171923315,True,0.005,0.015
5,2,51,0.0,0.0,1,propagule,1606,0,0,0.08841843088418432,True,0.005,0.015
5,2,52,0.0,0.0,1,propagule,1588,0,0,0.08942065491183879,True,0.005,0.015
5,3,1,0.0,0.0,1,propagule,1593,0,0,0.09667294413057125,True,0.005,0.015
5,3,2,0.0,0.0,1,propagule,1586,0,0,0.09962168978562422,True,0.005,0.015
5,3,3,0.0,0.0,1,propagule,1591,0,0,0.10747957259585167,True,0.005,0.015
5,3,4,0.0,0.0,1,propagule,1585,0,0,0.11041009463722397,True,0.005,0.015
5,3,5,0.0,0.0,1,propagule,1571,0,0,0.11139401654996817,True,0.005,0.015
5,3,6,0.0,0.0,1,propagule,1554,0,0,0.11132561132561132,True,0.005,0.015
5,3,7,0.0,0.0,1,propagule,1541,0,0,0.1135626216742375,True,0.005,0.015
5,3,8,0.0,0.0,1,propagule,1533,0,0,0.11219830397912589,True,0.005,0.015
5,3,9,0.0,0.0,1,propagule,1522,0,0,0.11235216819973719,True,0.005,0.015
5,3,10,0.0,0.0,1,propagule,1506,0,0,0.11288180610889774,True,0.005,0.015
5,3,11,0.0,0.0,1,propagule,1500,0,0,0.11533333333333333,True,0.005,0.015
5,3,12,0.0,0.0,1,propagule,1461,0,0,0.10951403148528405,True,0.005,0.015
5,3,13,0.0,0.0,1,propagule,1457,0,0,0.11324639670555937,True,0.005,0.015
5,3,14,0.0,0.0,1,propagule,1429,0,0,0.11266620013995801,True,0.005,0.015
5,3,15,0.0,0.0,1,propagule,1433,0,0,0.11444521981856245,True,0.005,0.015
5,3,16,0.0,0.0,1,propagule,1414,0,0,0.11386138613861387,True,0.005,0.015
5,3,17,0.0,0.0,1,propagule,1404,0,0,0.11396011396011396,True,0.005,0.015
5,3,18,0.0,0.0,1,propagule,3023,0,0,0.05358914985114125,True,0.005,0.015
5,3,19,0.0,0.0,1,propagule,2984,0,0,0.052613941018766756,True,0.005,0.015
5,3,20,0.0,0.0,1,propagule,2887,0,0,0.05230342916522342,True,0.005,0.015
5,3,21,0.0,0.0,1,propagule,2794,0,0,0.05261274158911954,True,0.005,0.015
5,3,22,0.0,0.0,1,propagule,2764,0,0,0.05390738060781476,True,0.005,0.015
5,3,23,0.0,0.0,1,propagule,2682,0,0,0.053691275167785234,True,0.005,0.015
5,3,24,0.0,0.0,1,propagule,2644,0,0,0.05219364599092285,True,0.005,0.015
5,3,25,0.0,0.0,1,propagule,2575,0,0,0.05048543689320388,True,0.005,0.015
5,3,26,0.0,0.0,1,propagule,2570,0,0,0.05175097276264591,True,0.005,0.015
5,3,27,0.0,0.0,1,propagule,2508,0,0,0.05223285486443381,True,0.005,0.015
5,3,28,0.0,0.0,1,propagule,2460,0,0,0.05,True,0.005,0.015
5,3,29,0.0,0.0,1,propagule,2397,0,0,0.04881101376720901,True,0.005,0.015
5,3,30,0.0,0.0,1,propagule,2370,0,0,0.05527426160337553,True,0.005,0.015
5,3,31,0.0,0.0,1,propagule,2301,0,0,0.05302042590178183,True,0.005,0.015
5,3,32,0.0,0.0,1,propagule,2291,0,0,0.053688345700567436,True,0.005,0.015
5,3,33,0.0,0.0,1,propagule,2240,0,0,0.054464285714285715,True,0.005,0.015
5,3,34,0.0,0.0,1,propagule,2192,0,0,0.0552007299270073,True,0.005,0.015
5,3,35,0.0,0.0,1,propagule,2174,0,0,0.059337626494940204,True,0.005,0.015
5,3,36,0.0,0.0,1,propagule,2154,0,0,0.06313834726090993,True,0.005,0.015
5,3,37,0.0,0.0,1,propagule,2122,0,0,0.06173421300659755,True,0.005,0.015
5,3,38,0.0,0.0,1,propagule,2098,0,0,0.06482364156339371,True,0.005,0.015
5,3,39,0.0,0.0,1,propagule,2104,0,0,0.06606463878326996,True,0.005,0.015
5,3,40,0.0,0.0,1,propagule,2089,0,0,0.06749640976543801,True,0.005,0.015
5,3,41,0.0,0.0,1,propagule,2064,0,0,0.06976744186046512,True,0.005,0.015
5,3,42,0.0,0.0,1,propagule,2046,0,0,0.07086999022482894,True,0.005,0.015
5,3,43,0.0,0.0,1,propagule,1973,0,0,0.08464267612772428,True,0.005,0.015
5,3,44,0.0,0.0,1,propagule,1910,0,0,0.08272251308900523,True,0.005,0.015
5,3,45,0.0,0.0,1,propagule,1919,0,0,0.0880667014069828,True,0.005,0.015
5,3,46,0.0,0.0,1,propagule,1919,0,0,0.08963001563314227,True,0.005,0.015
5,3,47,0.0,0.0,1,propagule,1911,0,0,0.09628466771323914,True,0.005,0.015
5,3,48,0.0,0.0,1,propagule,1902,0,0,0.0946372239747634,True,0.005,0.015
5,3,49,0.0,0.0,1,propagule,1910,0,0,0.10104712041884817,True,0.005,0.015
5,3,50,0.0,0.0,1,propagule,1909,0,0,0.10424305919329492,True,0.005,0.015
5,3,51,0.0,0.0,1,propagule,1892,0,0,0.1062367864693446,True,0.005,0.015
5,3,52,0.0,0.0,1,propagule,1874,0,0,0.10618996798292422,True,0.005,0.015
5,4,1,0.0,0.0,1,propagule,1874,0,0,0.10992529348986126,True,0.005,0.015
5,4,2,0.0,0.0,1,propagule,1860,0,0,0.11182795698924732,True,0.005,0.015
5,4,3,0.0,0.0,1,propagule,1852,0,0,0.11123110151187905,True,0.005,0.015
5,4,4,0.0,0.0,1,propagule,1839,0,0,0.11364872213159326,True,0.005,0.015
5,4,5,0.0,0.0,1,propagule,1817,0,0,0.11062190423775455,True,0.005,0.015
5,4,6,0.0,0.0,1,propagule,1796,0,0,0.11414253897550111,True,0.005,0.015
5,4,7,0.0,0.0,1,propagule,1780,0,0,0.11404494382022472,True,0.005,0.015
5,4,8,0.0,0.0,1,propagule,1771,0,0,0.1163184641445511,True,0.005,0.015
5,4,9,0.0,0.0,1,propagule,1748,0,0,0.11613272311212815,True,0.005,0.015
5,4,10,0.0,0.0,1,propagule,1734,0,0,0.1182237600922722,True,0.005,0.015
5,4,11,0.0,0.0,1,propagule,1717,0,0,0.11706464764123471,True,0.005,0.015
5,4,12,0.0,0.0,1,propagule,1706,0,0,0.11781946072684643,True,0.005,0.015
5,4,13,0.0,0.0,1,propagule,1683,0,0,0.11824123588829472,True,0.005,0.015
5,4,14,0.0,0.0,1,propagule,1662,0,0,0.12093862815884476,True,0.005,0.015
5,4,15,0.0,0.0,1,propagule,1642,0,0,0.11936662606577345,True,0.005,0.015
5,4,16,0.0,0.0,1,propagule,1621,0,0,0.12091301665638494,True,0.005,0.015
5,4,17,0.0,0.0,1,propagule,1602,0,0,0.12047440699126093,True,0.005,0.015
5,4,18,0.0,0.0,1,propagule,3355,0,0,0.056929955290611026,True,0.005,0.015
5,4,19,0.0,0.0,1,propagule,3281,0,0,0.05638524839987809,True,0.005,0.015
5,4,20,0.0,0.0,1,propagule,3243,0,0,0.05704594511255011,True,0.005,0.015
5,4,21,0.0,0.0,1,propagule,3176,0,0,0.058564231738035266,True,0.005,0.015
5,4,22,0.0,0.0,1,propagule,3124,0,0,0.05761843790012804,True,0.005,0.015
5,4,23,0.0,0.0,1,propagule,3021,0,0,0.05958291956305859,True,0.005,0.015
5,4,24,0.0,0.0,1,propagule,2982,0,0,0.059356136820925554,True,0.005,0.015
5,4,25,0.0,0.0,1,propagule,2931,0,0,0.05970658478335039,True,0.005,0.015
5,4,26,0.0,0.0,1,propagule,2871,0,0,0.05990943921978405,True,0.005,0.015
5,4,27,0.0,0.0,1,propagule,2829,0,0,0.06221279604100389,True,0.005,0.015
5,4,28,0.0,0.0,1,propagule,2782,0,0,0.06398274622573688,True,0.005,0.015
5,4,29,0.0,0.0,1,propagule,2716,0,0,0.06553755522827688,True,0.005,0.015
5,4,30,0.0,0.0,1,propagule,2643,0,0,0.06696935300794551,True,0.005,0.015
5,4,31,0.0,0.0,1,propagule,2603,0,0,0.06607760276603919,True,0.005,0.015
5,4,32,0.0,0.0,1,propagule,2550,0,0,0.06784313725490196,True,0.005,0.015
5,4,33,0.0,0.0,1,propagule,2505,0,0,0.069061876247505,True,0.005,0.015
5,4,34,0.0,0.0,1,propagule,2484,0,0,0.06843800322061191,True,0.005,0.015
5,4,35,0.0,0.0,1,propagule,2445,0,0,0.06830265848670757,True,0.005,0.015
5,4,36,0.0,0.0,1,propagule,2417,0,0,0.07695490277203144,True,0.005,0.015
5,4,37,0.0,0.0,1,propagule,2367,0,0,0.07562315166877905,True,0.005,0.015
5,4,38,0.0,0.0,1,propagule,2337,0,0,0.07744972186563971,True,0.005,0.015
5,4,39,0.0,0.0,1,propagule,2301,0,0,0.07561929595827901,True,0.005,0.015
5,4,40,0.0,0.0,1,propagule,2273,0,0,0.07699076110866696,True,0.005,0.015
5,4,41,0.0,0.0,1,propagule,2239,0,0,0.07726663689146941,True,0.005,0.015
5,4,42,0.0,0.0,1,propagule,2208,0,0,0.07789855072463768,True,0.005,0.015
5,4,43,0.0,0.0,1,propagule,2109,0,0,0.0953058321479374,True,0.005,0.015
5,4,44,0.0,0.0,1,propagule,2052,0,0,0.08966861598440545,True,0.005,0.015
5,4,45,0.0,0.0,1,propagule,2058,0,0,0.09183673469387756,True,0.005,0.015
5,4,46,0.0,0.0,1,propagule,2046,0,0,0.09628543499511241,True,0.005,0.015
5,4,47,0.0,0.0,1,propagule,2060,0,0,0.09951456310679611,True,0.005,0.015
5,4,48,0.0,0.0,1,propagule,2036,0,0,0.10265225933202357,True,0.005,0.015
5,4,49,0.0,0.0,1,propagule,2037,0,0,0.10652920962199312,True,0.005,0.015
5,4,50,0.0,0.0,1,propagule,2020,0,0,0.10643564356435643,True,0.005,0.015
5,4,51,0.0,0.0,1,propagule,2009,0,0,0.10801393728222997,True,0.005,0.015
5,4,52,0.0,0.0,1,propagule,1992,0,0,0.11244979919678715,True,0.005,0.015
5,5,1,0.0,0.0,1,propagule,1997,0,0,0.11417125688532799,True,0.005,0.015
5,5,2,0.0,0.0,1,propagule,1990,0,0,0.11658291457286432,True,0.005,0.015
5,5,3,0.0,0.0,1,propagule,1973,0,0,0.11708058793715155,True,0.005,0.015
5,5,4,0.0,0.0,1,propagule,1959,0,0,0.1153649821337417,True,0.005,0.015
5,5,5,0.0,0.0,1,propagule,1944,0,0,0.11728395061728394,True,0.005,0.015
5,5,6,0.0,0.0,1,propagule,1937,0,0,0.11615900877645845,True,0.005,0.015
5,5,7,0.0,0.0,1,propagule,1910,0,0,0.1162303664921466,True,0.005,0.015
5,5,8,0.0,0.0,1,propagule,1892,0,0,0.11363636363636363,True,0.005,0.015
5,5,9,0.0,0.0,1,propagule,1873,0,0,0.11425520555258943,True,0.005,0.015
5,5,10,0.0,0.0,1,propagule,1862,0,0,0.11493018259935553,True,0.005,0.015
5,5,11,0.0,0.0,1,propagule,1844,0,0,0.11496746203904555,True,0.005,0.015
5,5,12,0.0,0.0,1,propagule,1826,0,0,0.1171960569550931,True,0.005,0.015
5,5,13,0.0,0.0,1,propagule,1808,0,0,0.1172566371681416,True,0.005,0.015
5,5,14,0.0,0.0,1,propagule,1794,0,0,0.1164994425863991,True,0.005,0.015
5,5,15,0.0,0.0,1,propagule,1782,0,0,0.11672278338945005,True,0.005,0.015
5,5,16,0.0,0.0,1,propagule,1767,0,0,0.11827956989247312,True,0.005,0.015
5,5,17,0.0,0.0,1,propagule,1752,0,0,0.11815068493150685,True,0.005,0.015
5,5,18,0.0,0.0,1,propagule,3737,0,0,0.055392025689055394,True,0.005,0.015
5,5,19,0.0,0.0,1,propagule,3694,0,0,0.05576610720086627,True,0.005,0.015
5,5,20,0.0,0.0,1,propagule,3642,0,0,0.05601317957166392,True,0.005,0.015
5,5,21,0.0,0.0,1,propagule,3584,0,0,0.05608258928571429,True,0.005,0.015
5,5,22,0.0,0.0,1,propagule,3540,0,0,0.05734463276836158,True,0.005,0.015
5,5,23,0.0,0.0,1,propagule,3451,0,0,0.056795131845841784,True,0.005,0.015
5,5,24,0.0,0.0,1,propagule,3367,0,0,0.05702405702405702,True,0.005,0.015
5,5,25,0.0,0.0,1,propagule,3298,0,0,0.057913887204366285,True,0.005,0.015
5,5,26,0.0,0.0,1,propagule,3239,0,0,0.0595862920654523,True,0.005,0.015
5,5,27,0.0,0.0,1,propagule,3171,0,0,0.0586565752128666,True,0.005,0.015
5,5,28,0.0,0.0,1,propagule,3106,0,0,0.060206052801030266,True,0.005,0.015
5,5,29,0.0,0.0,1,propagule,3074,0,0,0.05985686402081978,True,0.005,0.015
5,5,30,0.0,0.0,1,propagule,3028,0,0,0.06010568031704095,True,0.005,0.015
5,5,31,0.0,0.0,1,propagule,2969,0,0,0.06163691478612327,True,0.005,0.015
5,5,32,0.0,0.0,1,propagule,2879,0,0,0.06147968044459882,True,0.005,0.015
5,5,33,0.0,0.0,1,propagule,2828,0,0,0.0632956152758133,True,0.005,0.015
5,5,34,0.0,0.0,1,propagule,2773,0,0,0.06419040750090155,True,0.005,0.015
5,5,35,0.0,0.0,1,propagule,2723,0,0,0.06573632023503488,True,0.005,0.015
5,5,36,0.0,0.0,1,propagule,2672,0,0,0.06699101796407185,True,0.005,0.015
5,5,37,0.0,0.0,1,propagule,2647,0,0,0.06875708349074423,True,0.005,0.015
5,5,38,0.0,0.0,1,propagule,2619,0,0,0.06949217258495609,True,0.005,0.015
5,5,39,0.0,0.0,1,propagule,2592,0,0,0.07021604938271606,True,0.005,0.015
5,5,40,0.0,0.0,1,propagule,2565,0,0,0.0709551656920078,True,0.005,0.015
5,5,41,0.0,0.0,1,propagule,2526,0,0,0.07165479018210609,True,0.005,0.015
5,5,42,0.0,0.0,1,propagule,2495,0,0,0.07214428857715431,True,0.005,0.015
5,5,43,0.0,0.0,1,propagule,2378,0,0,0.08830950378469302,True,0.005,0.015
5,5,44,0.0,0.0,1,propagule,2296,0,0,0.08275261324041812,True,0.005,0.015
5,5,45,0.0,0.0,1,propagule,2264,0,0,0.0892226148409894,True,0.005,0.015
5,5,46,0.0,0.0,1,propagule,2261,0,0,0.09376382131800089,True,0.005,0.015
5,5,47,0.0,0.0,1,propagule,2273,0,0,0.10030796304443466,True,0.005,0.015
5,5,48,0.0,0.0,1,propagule,2272,0,0,0.10519366197183098,True,0.005,0.015
5,5,49,0.0,0.0,1,propagule,2266,0,0,0.10856134157105031,True,0.005,0.015
5,5,50,0.0,0.0,1,propagule,2270,0,0,0.11189427312775331,True,0.005,0.015
5,5,51,0.0,0.0,1,propagule,2262,0,0,0.11361626878868258,True,0.005,0.015
5,5,52,0.0,0.0,1,propagule,2228,0,0,0.11265709156193895,True,0.005,0.015
5,6,1,0.0,0.0,1,propagule,2221,0,0,0.11391265195857722,True,0.005,0.015
5,6,2,0.0,0.0,1,propagule,2202,0,0,0.11398728428701181,True,0.005,0.015
5,6,3,0.0,0.0,1,propagule,2174,0,0,0.1140754369825207,True,0.005,0.015
5,6,4,0.0,0.0,1,propagule,2159,0,0,0.11625752663270032,True,0.005,0.015
5,6,5,0.0,0.0,1,propagule,2142,0,0,0.11811391223155929,True,0.005,0.015
5,6,6,0.0,0.0,1,propagule,2133,0,0,0.11954992967651196,True,0.005,0.015
5,6,7,0.0,0.0,1,propagule,2117,0,0,0.11856400566839868,True,0.005,0.015
5,6,8,0.0,0.0,1,propagule,2107,0,0,0.12007593735168486,True,0.005,0.015
5,6,9,0.0,0.0,1,propagule,2086,0,0,0.11888782358581017,True,0.005,0.015
5,6,10,0.0,0.0,1,propagule,2066,0,0,0.12100677637947725,True,0.005,0.015
5,6,11,0.0,0.0,1,propagule,2050,0,0,0.11902439024390243,True,0.005,0.015
5,6,12,0.0,0.0,1,propagule,2029,0,0,0.1192705766387383,True,0.005,0.015
5,6,13,0.0,0.0,1,propagule,2011,0,0,0.11984087518647439,True,0.005,0.015
5,6,14,0.0,0.0,1,propagule,1995,0,0,0.12030075187969924,True,0.005,0.015
5,6,15,0.0,0.0,1,propagule,1979,0,0,0.12177867609903992,True,0.005,0.015
5,6,16,0.0,0.0,1,propagule,1966,0,0,0.12207527975584945,True,0.005,0.015
5,6,17,0.0,0.0,1,propagule,1950,0,0,0.12461538461538461,True,0.005,0.015
5,6,18,0.0,0.0,1,propagule,4281,0,0,0.056762438682550806,True,0.005,0.015
5,6,19,0.0,0.0,1,propagule,4238,0,0,0.056866446436998584,True,0.005,0.015
5,6,20,0.0,0.0,1,propagule,4164,0,0,0.05787704130643612,True,0.005,0.015
5,6,21,0.0,0.0,1,propagule,4092,0,0,0.05767350928641251,True,0.005,0.015
5,6,22,0.0,0.0,1,propagule,4040,0,0,0.05866336633663366,True,0.005,0.015
5,6,23,0.0,0.0,1,propagule,3976,0,0,0.059356136820925554,True,0.005,0.015
5,6,24,0.0,0.0,1,propagule,3911,0,0,0.05931986704167732,True,0.005,0.015
5,6,25,0.0,0.0,1,propagule,3817,0,0,0.06078071784123657,True,0.005,0.015
5,6,26,0.0,0.0,1,propagule,3734,0,0,0.06186395286555972,True,0.005,0.015
5,6,27,0.0,0.0,1,propagule,3666,0,0,0.06164757228587016,True,0.005,0.015
5,6,28,0.0,0.0,1,propagule,3611,0,0,0.06175574633065633,True,0.005,0.015
5,6,29,0.0,0.0,1,propagule,3548,0,0,0.06200676437429538,True,0.005,0.015
5,6,30,0.0,0.0,1,propagule,3517,0,0,0.06312197895934035,True,0.005,0.015
5,6,31,0.0,0.0,1,propagule,3429,0,0,0.06328375619714202,True,0.005,0.015
5,6,32,0.0,0.0,1,propagule,3380,0,0,0.06479289940828402,True,0.005,0.015
5,6,33,0.0,0.0,1,propagule,3297,0,0,0.0646041856232939,True,0.005,0.015
5,6,34,0.0,0.0,1,propagule,3242,0,0,0.06600863664404688,True,0.005,0.015
5,6,35,0.0,0.0,1,propagule,3184,0,0,0.06564070351758794,True,0.005,0.015
5,6,36,0.0,0.0,1,propagule,3140,0,0,0.06687898089171974,True,0.005,0.015
5,6,37,0.0,0.0,1,propagule,3060,0,0,0.0673202614379085,True,0.005,0.015
5,6,38,0.0,0.0,1,propagule,3030,0,0,0.06897689768976897,True,0.005,0.015
5,6,39,0.0,0.0,1,propagule,2985,0,0,0.0680067001675042,True,0.005,0.015
5,6,40,0.0,0.0,1,propagule,2940,0,0,0.06870748299319727,True,0.005,0.015
5,6,41,0.0,0.0,1,propagule,2914,0,0,0.06863417982155114,True,0.005,0.015
5,6,42,0.0,0.0,1,propagule,2890,0,0,0.06955017301038062,True,0.005,0.015
5,6,43,0.0,0.0,1,propagule,2726,0,0,0.08694057226705797,True,0.005,0.015
5,6,44,0.0,0.0,1,propagule,2636,0,0,0.0834597875569044,True,0.005,0.015
5,6,45,0.0,0.0,1,propagule,2591,0,0,0.08722500964878425,True,0.005,0.015
5,6,46,0.0,0.0,1,propagule,2580,0,0,0.09108527131782945,True,0.005,0.015
5,6,47,0.0,0.0,1,propagule,2571,0,0,0.09568261376896149,True,0.005,0.015
5,6,48,0.0,0.0,1,propagule,2581,0,0,0.10034870205346764,True,0.005,0.015
5,6,49,0.0,0.0,1,propagule,2581,0,0,0.10461061604029447,True,0.005,0.015
5,6,50,0.0,0.0,1,propagule,2570,0,0,0.10544747081712062,True,0.005,0.015
5,6,51,0.0,0.0,1,propagule,2560,0,0,0.10703125,True,0.005,0.015
5,6,52,0.0,0.0,1,propagule,2524,0,0,0.10697305863708399,True,0.005,0.015
5,7,1,0.0,0.0,1,propagule,2509,0,0,0.10880829015544041,True,0.005,0.015
5,7,2,0.0,0.0,1,propagule,2483,0,0,0.10833668948852195,True,0.005,0.015
5,7,3,0.0,0.0,1,propagule,2473,0,0,0.11079660331581076,True,0.005,0.015
5,7,4,0.0,0.0,1,propagule,2453,0,0,0.11169995923359152,True,0.005,0.015
5,7,5,0.0,0.0,1,propagule,2440,0,0,0.11229508196721312,True,0.005,0.015
5,7,6,0.0,0.0,1,propagule,2421,0,0,0.11317637339942173,True,0.005,0.015
5,7,7,0.0,0.0,1,propagule,2404,0,0,0.11480865224625623,True,0.005,0.015
5,7,8,0.0,0.0,1,propagule,2383,0,0,0.11540075535039866,True,0.005,0.015
5,7,9,0.0,0.0,1,propagule,2361,0,0,0.11605252011859382,True,0.005,0.015
5,7,10,0.0,0.0,1,propagule,2338,0,0,0.11633875106929,True,0.005,0.015
5,7,11,0.0,0.0,1,propagule,2318,0,0,0.11734253666954271,True,0.005,0.015
5,7,12,0.0,0.0,1,propagule,2286,0,0,0.11811023622047244,True,0.005,0.015
5,7,13,0.0,0.0,1,propagule,2263,0,0,0.11842686699072029,True,0.005,0.015
5,7,14,0.0,0.0,1,propagule,2222,0,0,0.11701170117011701,True,0.005,0.015
5,7,15,0.0,0.0,1,propagule,2199,0,0,0.11778080945884493,True,0.005,0.015
5,7,16,0.0,0.0,1,propagule,2170,0,0,0.1184331797235023,True,0.005,0.015
5,7,17,0.0,0.0,1,propagule,2142,0,0,0.11811391223155929,True,0.005,0.015
5,7,18,0.0,0.0,1,propagule,4544,0,0,0.05567781690140845,True,0.005,0.015
5,7,19,0.0,0.0,1,propagule,4491,0,0,0.056112224448897796,True,0.005,0.015
5,7,20,0.0,0.0,1,propagule,4408,0,0,0.05694192377495463,True,0.005,0.015
5,7,21,0.0,0.0,1,propagule,4328,0,0,0.05730129390018484,True,0.005,0.015
5,7,22,0.0,0.0,1,propagule,4214,0,0,0.05861414333175131,True,0.005,0.015
5,7,23,0.0,0.0,1,propagule,4107,0,0,0.05868030192354517,True,0.005,0.015
5,7,24,0.0,0.0,1,propagule,4026,0,0,0.05986090412319921,True,0.005,0.015
5,7,25,0.0,0.0,1,propagule,3970,0,0,0.06095717884130982,True,0.005,0.015
5,7,26,0.0,0.0,1,propagule,3916,0,0,0.06179775280898876,True,0.005,0.015
5,7,27,0.0,0.0,1,propagule,3863,0,0,0.0631633445508672,True,0.005,0.015
5,7,28,0.0,0.0,1,propagule,3801,0,0,0.06314127861089187,True,0.005,0.015
5,7,29,0.0,0.0,1,propagule,3750,0,0,0.06373333333333334,True,0.005,0.015
5,7,30,0.0,0.0,1,propagule,3699,0,0,0.06434171397675047,True,0.005,0.015
5,7,31,0.0,0.0,1,propagule,3644,0,0,0.06448957189901207,True,0.005,0.015
5,7,32,0.0,0.0,1,propagule,3561,0,0,0.06430777871384442,True,0.005,0.015
5,7,33,0.0,0.0,1,propagule,3482,0,0,0.06404365307294659,True,0.005,0.015
5,7,34,0.0,0.0,1,propagule,3400,0,0,0.06529411764705882,True,0.005,0.015
5,7,35,0.0,0.0,1,propagule,3328,0,0,0.06490384615384616,True,0.005,0.015
5,7,36,0.0,0.0,1,propagule,3254,0,0,0.06637984019668101,True,0.005,0.015
5,7,37,0.0,0.0,1,propagule,3198,0,0,0.06722951844903065,True,0.005,0.015
5,7,38,0.0,0.0,1,propagule,3160,0,0,0.0670886075949367,True,0.005,0.015
5,7,39,0.0,0.0,1,propagule,3129,0,0,0.06711409395973154,True,0.005,0.015
5,7,40,0.0,0.0,1,propagule,3090,0,0,0.06828478964401294,True,0.005,0.015
5,7,41,0.0,0.0,1,propagule,3061,0,0,0.06925841228356747,True,0.005,0.015
5,7,42,0.0,0.0,1,propagule,3033,0,0,0.06989779096604022,True,0.005,0.015
5,7,43,0.0,0.0,1,propagule,2882,0,0,0.09403192227619708,True,0.005,0.015
5,7,44,0.0,0.0,1,propagule,2798,0,0,0.09113652609006433,True,0.005,0.015
5,7,45,0.0,0.0,1,propagule,2765,0,0,0.09005424954792043,True,0.005,0.015
5,7,46,0.0,0.0,1,propagule,2762,0,0,0.0937726285300507,True,0.005,0.015
5,7,47,0.0,0.0,1,propagule,2738,0,0,0.09642074506939372,True,0.005,0.015
5,7,48,0.0,0.0,1,propagule,2745,0,0,0.10163934426229508,True,0.005,0.015
5,7,49,0.0,0.0,1,propagule,2736,0,0,0.10307017543859649,True,0.005,0.015
5,7,50,0.0,0.0,1,propagule,2734,0,0,0.1049743964886613,True,0.005,0.015
5,7,51,0.0,0.0,1,propagule,2726,0,0,0.10564930300807043,True,0.005,0.015
5,7,52,0.0,0.0,1,propagule,2715,0,0,0.10718232044198896,True,0.005,0.015
5,8,1,0.0,0.0,1,propagule,2694,0,0,0.10541945063103192,True,0.005,0.015
5,8,2,0.0,0.0,1,propagule,2686,0,0,0.10945644080416977,True,0.005,0.015
5,8,3,0.0,0.0,1,propagule,2669,0,0,0.10977894342450356,True,0.005,0.015
5,8,4,0.0,0.0,1,propagule,2647,0,0,0.1106913486966377,True,0.005,0.015
5,8,5,0.0,0.0,1,propagule,2625,0,0,0.11161904761904762,True,0.005,0.015
5,8,6,0.0,0.0,1,propagule,2607,0,0,0.11123897199846566,True,0.005,0.015
5,8,7,0.0,0.0,1,propagule,2591,0,0,0.113469702817445,True,0.005,0.015
5,8,8,0.0,0.0,1,propagule,2570,0,0,0.11400778210116731,True,0.005,0.015
5,8,9,0.0,0.0,1,propagule,2546,0,0,0.11429693637077769,True,0.005,0.015
5,8,10,0.0,0.0,1,propagule,2524,0,0,0.1152931854199683,True,0.005,0.015
5,8,11,0.0,0.0,1,propagule,2501,0,0,0.11555377848860456,True,0.005,0.015
5,8,12,0.0,0.0,1,propagule,2475,0,0,0.11636363636363636,True,0.005,0.015
5,8,13,0.0,0.0,1,propagule,2457,0,0,0.11721611721611722,True,0.005,0.015
5,8,14,0.0,0.0,1,propagule,2428,0,0,0.11902800658978584,True,0.005,0.015
5,8,15,0.0,0.0,1,propagule,2402,0,0,0.11948376353039133,True,0.005,0.015
5,8,16,0.0,0.0,1,propagule,2372,0,0,0.12099494097807757,True,0.005,0.015
5,8,17,0.0,0.0,1,propagule,2345,0,0,0.12153518123667377,True,0.005,0.015
5,8,18,0.0,0.0,1,propagule,5189,0,0,0.05434573135478898,True,0.005,0.015
5,8,19,0.0,0.0,1,propagule,5114,0,0,0.055142745404771216,True,0.005,0.015
5,8,20,0.0,0.0,1,propagule,5050,0,0,0.055445544554455446,True,0.005,0.015
5,8,21,0.0,0.0,1,propagule,4977,0,0,0.0558569419328913,True,0.005,0.015
5,8,22,0.0,0.0,1,propagule,4869,0,0,0.05709591291846375,True,0.005,0.015
5,8,23,0.0,0.0,1,propagule,4804,0,0,0.057660283097418816,True,0.005,0.015
5,8,24,0.0,0.0,1,propagule,4699,0,0,0.05852309001915301,True,0.005,0.015
5,8,25,0.0,0.0,1,propagule,4617,0,0,0.05977907732293697,True,0.005,0.015
5,8,26,0.0,0.0,1,propagule,4552,0,0,0.059314586994727594,True,0.005,0.015
5,8,27,0.0,0.0,1,propagule,4480,0,0,0.06004464285714286,True,0.005,0.015
5,8,28,0.0,0.0,1,propagule,4426,0,0,0.06009941256213285,True,0.005,0.015
5,8,29,0.0,0.0,1,propagule,4359,0,0,0.060564349621472814,True,0.005,0.015
5,8,30,0.0,0.0,1,propagule,4269,0,0,0.06113843991567112,True,0.005,0.015
5,8,31,0.0,0.0,1,propagule,4190,0,0,0.062291169451073984,True,0.005,0.015
5,8,32,0.0,0.0,1,propagule,4142,0,0,0.06228874939642685,True,0.005,0.015
5,8,33,0.0,0.0,1,propagule,4088,0,0,0.06311154598825831,True,0.005,0.015
5,8,34,0.0,0.0,1,propagule,4021,0,0,0.06391444914200448,True,0.005,0.015
5,8,35,0.0,0.0,1,propagule,3947,0,0,0.06435267291613884,True,0.005,0.015
5,8,36,0.0,0.0,1,propagule,3856,0,0,0.06639004149377593,True,0.005,0.015
5,8,37,0.0,0.0,1,propagule,3790,0,0,0.06701846965699208,True,0.005,0.015
5,8,38,0.0,0.0,1,propagule,3760,0,0,0.0678191489361702,True,0.005,0.015
5,8,39,0.0,0.0,1,propagule,3721,0,0,0.06799247514109111,True,0.005,0.015
5,8,40,0.0,0.0,1,propagule,3683,0,0,0.06842248167254955,True,0.005,0.015
5,8,41,0.0,0.0,1,propagule,3647,0,0,0.06854949273375377,True,0.005,0.015
5,8,42,0.0,0.0,1,propagule,3603,0,0,0.06855398279211768,True,0.005,0.015
5,8,43,0.0,0.0,1,propagule,3332,0,0,0.08763505402160865,True,0.005,0.015
5,8,44,0.0,0.0,1,propagule,3237,0,0,0.08804448563484708,True,0.005,0.015
5,8,45,0.0,0.0,1,propagule,3230,0,0,0.08947368421052632,True,0.005,0.015
5,8,46,0.0,0.0,1,propagule,3210,0,0,0.09034267912772585,True,0.005,0.015
5,8,47,0.0,0.0,1,propagule,3202,0,0,0.0933791380387258,True,0.005,0.015
5,8,48,0.0,0.0,1,propagule,3185,0,0,0.09230769230769231,True,0.005,0.015
5,8,49,0.0,0.0,1,propagule,3181,0,0,0.0949386985224772,True,0.005,0.015
5,8,50,0.0,0.0,1,propagule,3169,0,0,0.09529820132533923,True,0.005,0.015
5,8,51,0.0,0.0,1,propagule,3156,0,0,0.09474017743979721,True,0.005,0.015
5,8,52,0.0,0.0,1,propagule,3144,0,0,0.09478371501272265,True,0.005,0.015
5,9,1,0.0,0.0,1,propagule,3127,0,0,0.09529900863447394,True,0.005,0.015
5,9,2,0.0,0.0,1,propagule,3105,0,0,0.0962962962962963,True,0.005,0.015
5,9,3,0.0,0.0,1,propagule,3088,0,0,0.09617875647668393,True,0.005,0.015
5,9,4,0.0,0.0,1,propagule,3051,0,0,0.09636184857423795,True,0.005,0.015
5,9,5,0.0,0.0,1,propagule,3021,0,0,0.09665673618007282,True,0.005,0.015
5,9,6,0.0,0.0,1,propagule,2992,0,0,0.09725935828877005,True,0.005,0.015
5,9,7,0.0,0.0,1,propagule,2965,0,0,0.09713322091062394,True,0.005,0.015
5,9,8,0.0,0.0,1,propagule,2939,0,0,0.09731201088805716,True,0.005,0.015
5,9,9,0.0,0.0,1,propagule,2919,0,0,0.09763617677286741,True,0.005,0.015
5,9,10,0.0,0.0,1,propagule,2891,0,0,0.09789000345901072,True,0.005,0.015
5,9,11,0.0,0.0,1,propagule,2871,0,0,0.09787530477185649,True,0.005,0.015
5,9,12,0.0,0.0,1,propagule,2842,0,0,0.09746657283603097,True,0.005,0.015
5,9,13,0.0,0.0,1,propagule,2823,0,0,0.09776833156216791,True,0.005,0.015
5,9,14,0.0,0.0,1,propagule,2792,0,0,0.09777936962750716,True,0.005,0.015
5,9,15,0.0,0.0,1,propagule,2766,0,0,0.09761388286334056,True,0.005,0.015
5,9,16,0.0,0.0,1,propagule,2744,0,0,0.09766763848396501,True,0.005,0.015
5,9,17,0.0,0.0,1,propagule,2726,0,0,0.09867938371239912,True,0.005,0.015
5,9,18,0.0,0.0,1,propagule,5441,0,0,0.042455430986950926,True,0.005,0.015
5,9,19,0.0,0.0,1,propagule,5380,0,0,0.04275092936802974,True,0.005,0.015
5,9,20,0.0,0.0,1,propagule,5267,0,0,0.04328839946838808,True,0.005,0.015
5,9,21,0.0,0.0,1,propagule,5194,0,0,0.04351174432036966,True,0.005,0.015
5,9,22,0.0,0.0,1,propagule,5144,0,0,0.04412908242612753,True,0.005,0.015
5,9,23,0.0,0.0,1,propagule,5068,0,0,0.044396211523283345,True,0.005,0.015
5,9,24,0.0,0.0,1,propagule,4984,0,0,0.0449438202247191,True,0.005,0.015
5,9,25,0.0,0.0,1,propagule,4928,0,0,0.045454545454545456,True,0.005,0.015
5,9,26,0.0,0.0,1,propagule,4879,0,0,0.04550112728018037,True,0.005,0.015
5,9,27,0.0,0.0,1,propagule,4797,0,0,0.04544506983531374,True,0.005,0.015
5,9,28,0.0,0.0,1,propagule,4717,0,0,0.04621581513673945,True,0.005,0.015
5,9,29,0.0,0.0,1,propagule,4638,0,0,0.04678740836567486,True,0.005,0.015
5,9,30,0.0,0.0,1,propagule,4585,0,0,0.04689203925845147,True,0.005,0.015
5,9,31,0.0,0.0,1,propagule,4499,0,0,0.047566125805734605,True,0.005,0.015
5,9,32,0.0,0.0,1,propagule,4434,0,0,0.04848894903022102,True,0.005,0.015
5,9,33,0.0,0.0,1,propagule,4363,0,0,0.04881961952784781,True,0.005,0.015
5,9,34,0.0,0.0,1,propagule,4280,0,0,0.049766355140186916,True,0.005,0.015
5,9,35,0.0,0.0,1,propagule,4213,0,0,0.05055779729408972,True,0.005,0.015
5,9,36,0.0,0.0,1,propagule,4169,0,0,0.052050851523147035,True,0.005,0.015
5,9,37,0.0,0.0,1,propagule,4086,0,0,0.052618697993147334,True,0.005,0.015
5,9,38,0.0,0.0,1,propagule,4040,0,0,0.05297029702970297,True,0.005,0.015
5,9,39,0.0,0.0,1,propagule,4005,0,0,0.05368289637952559,True,0.005,0.015
5,9,40,0.0,0.0,1,propagule,3963,0,0,0.05425182942215493,True,0.005,0.015
5,9,41,0.0,0.0,1,propagule,3915,0,0,0.05517241379310345,True,0.005,0.015
5,9,42,0.0,0.0,1,propagule,3866,0,0,0.054578375581996894,True,0.005,0.015
5,9,43,0.0,0.0,1,propagule,3623,0,0,0.07341981783052719,True,0.005,0.015
5,9,44,0.0,0.0,1,propagule,3530,0,0,0.0708215297450425,True,0.005,0.015
5,9,45,0.0,0.0,1,propagule,3482,0,0,0.07122343480758185,True,0.005,0.015
5,9,46,0.0,0.0,1,propagule,3443,0,0,0.07261109497531222,True,0.005,0.015
5,9,47,0.0,0.0,1,propagule,3420,0,0,0.0739766081871345,True,0.005,0.015
5,9,48,0.0,0.0,1,propagule,3414,0,0,0.07586408904510837,True,0.005,0.015
5,9,49,0.0,0.0,1,propagule,3410,0,0,0.07741935483870968,True,0.005,0.015
5,9,50,0.0,0.0,1,propagule,3408,0,0,0.07863849765258216,True,0.005,0.015
5,9,51,0.0,0.0,1,propagule,3392,0,0,0.08018867924528301,True,0.005,0.015
5,9,52,0.0,0.0,1,propagule,3365,0,0,0.08172362555720654,True,0.005,0.015
5,10,1,0.0,0.0,1,propagule,3339,0,0,0.08295896975142258,True,0.005,0.015
5,10,2,0.0,0.0,1,propagule,3309,0,0,0.08250226654578423,True,0.005,0.015
5,10,3,0.0,0.0,1,propagule,3281,0,0,0.08259676927765926,True,0.005,0.015
5,10,4,0.0,0.0,1,propagule,3258,0,0,0.08379373848987108,True,0.005,0.015
5,10,5,0.0,0.0,1,propagule,3219,0,0,0.08449829139484312,True,0.005,0.015
5,10,6,0.0,0.0,1,propagule,3186,0,0,0.08505963590709353,True,0.005,0.015
5,10,7,0.0,0.0,1,propagule,3149,0,0,0.08542394410924103,True,0.005,0.015
5,10,8,0.0,0.0,1,propagule,3122,0,0,0.08648302370275464,True,0.005,0.015
5,10,9,0.0,0.0,1,propagule,3093,0,0,0.08697057872615584,True,0.005,0.015
5,10,10,0.0,0.0,1,propagule,3065,0,0,0.08613376835236541,True,0.005,0.015
5,10,11,0.0,0.0,1,propagule,3033,0,0,0.08671282558522915,True,0.005,0.015
5,10,12,0.0,0.0,1,propagule,3007,0,0,0.08613235783172597,True,0.005,0.015
5,10,13,0.0,0.0,1,propagule,2990,0,0,0.08762541806020067,True,0.005,0.015
5,10,14,0.0,0.0,1,propagule,2962,0,0,0.08777852802160702,True,0.005,0.015
5,10,15,0.0,0.0,1,propagule,2939,0,0,0.08812521265736645,True,0.005,0.015
5,10,16,0.0,0.0,1,propagule,2916,0,0,0.0877914951989026,True,0.005,0.015
5,10,17,0.0,0.0,1,propagule,2889,0,0,0.08861197646244376,True,0.005,0.015
5,10,18,0.0,0.0,1,propagule,6258,0,0,0.037551933525087886,True,0.005,0.015
5,10,19,0.0,0.0,1,propagule,6175,0,0,0.037894736842105266,True,0.005,0.015
5,10,20,0.0,0.0,1,propagule,6071,0,0,0.03854389721627409,True,0.005,0.015
5,10,21,0.0,0.0,1,propagule,5939,0,0,0.03906381545714767,True,0.005,0.015
5,10,22,0.0,0.0,1,propagule,5846,0,0,0.03985631200821074,True,0.005,0.015
5,10,23,0.0,0.0,1,propagule,5776,0,0,0.03981994459833795,True,0.005,0.015
5,10,24,0.0,0.0,1,propagule,5687,0,0,0.04026727624406541,True,0.005,0.015
5,10,25,0.0,0.0,1,propagule,5612,0,0,0.04044903777619387,True,0.005,0.015
5,10,26,0.0,0.0,1,propagule,5546,0,0,0.04075009015506671,True,0.005,0.015
5,10,27,0.0,0.0,1,propagule,5454,0,0,0.0407040704070407,True,0.005,0.015
5,10,28,0.0,0.0,1,propagule,5369,0,0,0.04097597317936301,True,0.005,0.015
5,10,29,0.0,0.0,1,propagule,5302,0,0,0.04111655978875896,True,0.005,0.015
5,10,30,0.0,0.0,1,propagule,5212,0,0,0.04182655410590944,True,0.005,0.015
5,10,31,0.0,0.0,1,propagule,5108,0,0,0.042286609240407204,True,0.005,0.015
5,10,32,0.0,0.0,1,propagule,5025,0,0,0.042786069651741296,True,0.005,0.015
5,10,33,0.0,0.0,1,propagule,4893,0,0,0.04312282853055385,True,0.005,0.015
5,10,34,0.0,0.0,1,propagule,4787,0,0,0.043659912262377275,True,0.005,0.015
5,10,35,0.0,0.0,1,propagule,4700,0,0,0.044042553191489364,True,0.005,0.015
5,10,36,0.0,0.0,1,propagule,4629,0,0,0.04579822855908403,True,0.005,0.015
5,10,37,0.0,0.0,1,propagule,4520,0,0,0.04601769911504425,True,0.005,0.015
5,10,38,0.0,0.0,1,propagule,4470,0,0,0.046308724832214765,True,0.005,0.015
5,10,39,0.0,0.0,1,propagule,4441,0,0,0.04796217068227877,True,0.005,0.015
5,10,40,0.0,0.0,1,propagule,4386,0,0,0.04879160966712266,True,0.005,0.015
5,10,41,0.0,0.0,1,propagule,4337,0,0,0.048651141341941435,True,0.005,0.015
5,10,42,0.0,0.0,1,propagule,4287,0,0,0.049218567763004435,True,0.005,0.015
5,10,43,0.0,0.0,1,propagule,4016,0,0,0.07544820717131474,True,0.005,0.015
5,10,44,0.0,0.0,1,propagule,3888,0,0,0.0727880658436214,True,0.005,0.015
5,10,45,0.0,0.0,1,propagule,3854,0,0,0.07213284898806435,True,0.005,0.015
5,10,46,0.0,0.0,1,propagule,3819,0,0,0.07305577376276512,True,0.005,0.015
5,10,47,0.0,0.0,1,propagule,3803,0,0,0.07494083618196161,True,0.005,0.015
5,10,48,0.0,0.0,1,propagule,3799,0,0,0.07765201368781258,True,0.005,0.015
5,10,49,0.0,0.0,1,propagule,3794,0,0,0.0782814971006853,True,0.005,0.015
5,10,50,0.0,0.0,1,propagule,3774,0,0,0.0794912559618442,True,0.005,0.015
5,10,51,0.0,0.0,1,propagule,3757,0,0,0.08144796380090498,True,0.005,0.015
5,10,52,0.0,0.0,1,propagule,3724,0,0,0.08163265306122448,True,0.005,0.015
5,1,1,0.0,0.0,1,propagule,939,0,0,0.0,True,0.005,0.02
5,1,2,0.0,0.0,1,propagule,940,0,0,0.0,True,0.005,0.02
5,1,3,0.0,0.0,1,propagule,927,0,0,0.0010787486515641855,True,0.005,0.02
5,1,4,0.0,0.0,1,propagule,928,0,0,0.0021551724137931034,True,0.005,0.02
5,1,5,0.0,0.0,1,propagule,923,0,0,0.0032502708559046588,True,0.005,0.02
5,1,6,0.0,0.0,1,propagule,911,0,0,0.003293084522502744,True,0.005,0.02
5,1,7,0.0,0.0,1,propagule,903,0,0,0.0033222591362126247,True,0.005,0.02
5,1,8,0.0,0.0,1,propagule,896,0,0,0.0033482142857142855,True,0.005,0.02
5,1,9,0.0,0.0,1,propagule,885,0,0,0.003389830508474576,True,0.005,0.02
5,1,10,0.0,0.0,1,propagule,874,0,0,0.003432494279176201,True,0.005,0.02
5,1,11,0.0,0.0,1,propagule,871,0,0,0.001148105625717566,True,0.005,0.02
5,1,12,0.0,0.0,1,propagule,848,0,0,0.003537735849056604,True,0.005,0.02
5,1,13,0.0,0.0,1,propagule,842,0,0,0.0023752969121140144,True,0.005,0.02
5,1,14,0.0,0.0,1,propagule,834,0,0,0.0035971223021582736,True,0.005,0.02
5,1,15,0.0,0.0,1,propagule,823,0,0,0.002430133657351154,True,0.005,0.02
5,1,16,0.0,0.0,1,propagule,818,0,0,0.003667481662591687,True,0.005,0.02
5,1,17,0.0,0.0,1,propagule,813,0,0,0.0036900369003690036,True,0.005,0.02
5,1,18,0.0,0.0,1,propagule,2479,0,0,0.0008067769261799112,True,0.005,0.02
5,1,19,0.0,0.0,1,propagule,2416,0,0,0.0012417218543046358,True,0.005,0.02
5,1,20,0.0,0.0,1,propagule,2334,0,0,0.0012853470437017994,True,0.005,0.02
5,1,21,0.0,0.0,1,propagule,2257,0,0,0.0017722640673460345,True,0.005,0.02
5,1,22,0.0,0.0,1,propagule,2210,0,0,0.0018099547511312218,True,0.005,0.02
5,1,23,0.0,0.0,1,propagule,2191,0,0,0.003194888178913738,True,0.005,0.02
5,1,24,0.0,0.0,1,propagule,2149,0,0,0.003257328990228013,True,0.005,0.02
5,1,25,0.0,0.0,1,propagule,2080,0,0,0.0033653846153846156,True,0.005,0.02
5,1,26,0.0,0.0,1,propagule,2058,0,0,0.003887269193391642,True,0.005,0.02
5,1,27,0.0,0.0,1,propagule,2016,0,0,0.003968253968253968,True,0.005,0.02
5,1,28,0.0,0.0,1,propagule,1968,0,0,0.0040650406504065045,True,0.005,0.02
5,1,29,0.0,0.0,1,propagule,1920,0,0,0.004166666666666667,True,0.005,0.02
5,1,30,0.0,0.0,1,propagule,1880,0,0,0.00425531914893617,True,0.005,0.02
5,1,31,0.0,0.0,1,propagule,1830,0,0,0.004371584699453552,True,0.005,0.02
5,1,32,0.0,0.0,1,propagule,1809,0,0,0.004422332780541736,True,0.005,0.02
5,1,33,0.0,0.0,1,propagule,1778,0,0,0.0044994375703037125,True,0.005,0.02
5,1,34,0.0,0.0,1,propagule,1753,0,0,0.004563605248146035,True,0.005,0.02
5,1,35,0.0,0.0,1,propagule,1702,0,0,0.004700352526439483,True,0.005,0.02
5,1,36,0.0,0.0,1,propagule,1678,0,0,0.004767580452920143,True,0.005,0.02
5,1,37,0.0,0.0,1,propagule,1660,0,0,0.006024096385542169,True,0.005,0.02
5,1,38,0.0,0.0,1,propagule,1636,0,0,0.006112469437652812,True,0.005,0.02
5,1,39,0.0,0.0,1,propagule,1620,0,0,0.007407407407407408,True,0.005,0.02
5,1,40,0.0,0.0,1,propagule,1596,0,0,0.009398496240601503,True,0.005,0.02
5,1,41,0.0,0.0,1,propagule,1574,0,0,0.008894536213468869,True,0.005,0.02
5,1,42,0.0,0.0,1,propagule,1552,0,0,0.00902061855670103,True,0.005,0.02
5,1,43,0.0,0.0,1,propagule,1543,0,0,0.012313674659753726,True,0.005,0.02
5,1,44,0.0,0.0,1,propagule,1522,0,0,0.012483574244415242,True,0.005,0.02
5,1,45,0.0,0.0,1,propagule,1497,0,0,0.012692050768203072,True,0.005,0.02
5,1,46,0.0,0.0,1,propagule,1481,0,0,0.014179608372721135,True,0.005,0.02
5,1,47,0.0,0.0,1,propagule,1462,0,0,0.013679890560875513,True,0.005,0.02
5,1,48,0.0,0.0,1,propagule,1448,0,0,0.014502762430939226,True,0.005,0.02
5,1,49,0.0,0.0,1,propagule,1430,0,0,0.014685314685314685,True,0.005,0.02
5,1,50,0.0,0.0,1,propagule,1423,0,0,0.016163035839775124,True,0.005,0.02
5,1,51,0.0,0.0,1,propagule,1392,0,0,0.015086206896551725,True,0.005,0.02
5,1,52,0.0,0.0,1,propagule,1363,0,0,0.016140865737344093,True,0.005,0.02
5,2,1,0.0,0.0,1,propagule,1340,0,0,0.017164179104477612,True,0.005,0.02
5,2,2,0.0,0.0,1,propagule,1321,0,0,0.016654049962149888,True,0.005,0.02
5,2,3,0.0,0.0,1,propagule,1302,0,0,0.016897081413210446,True,0.005,0.02
5,2,4,0.0,0.0,1,propagule,1290,0,0,0.017829457364341085,True,0.005,0.02
5,2,5,0.0,0.0,1,propagule,1273,0,0,0.019638648860958365,True,0.005,0.02
5,2,6,0.0,0.0,1,propagule,1274,0,0,0.023547880690737835,True,0.005,0.02
5,2,7,0.0,0.0,1,propagule,1251,0,0,0.02238209432454037,True,0.005,0.02
5,2,8,0.0,0.0,1,propagule,1237,0,0,0.023443815683104285,True,0.005,0.02
5,2,9,0.0,0.0,1,propagule,1236,0,0,0.025080906148867314,True,0.005,0.02
5,2,10,0.0,0.0,1,propagule,1214,0,0,0.026359143327841845,True,0.005,0.02
5,2,11,0.0,0.0,1,propagule,1199,0,0,0.027522935779816515,True,0.005,0.02
5,2,12,0.0,0.0,1,propagule,1183,0,0,0.028740490278951817,True,0.005,0.02
5,2,13,0.0,0.0,1,propagule,1169,0,0,0.02737382378100941,True,0.005,0.02
5,2,14,0.0,0.0,1,propagule,1146,0,0,0.027923211169284468,True,0.005,0.02
5,2,15,0.0,0.0,1,propagule,1139,0,0,0.028094820017559263,True,0.005,0.02
5,2,16,0.0,0.0,1,propagule,1107,0,0,0.025293586269196026,True,0.005,0.02
5,2,17,0.0,0.0,1,propagule,1103,0,0,0.02901178603807797,True,0.005,0.02
5,2,18,0.0,0.0,1,propagule,1998,0,0,0.013513513513513514,True,0.005,0.02
5,2,19,0.0,0.0,1,propagule,1951,0,0,0.01486417221937468,True,0.005,0.02
5,2,20,0.0,0.0,1,propagule,1890,0,0,0.013756613756613757,True,0.005,0.02
5,2,21,0.0,0.0,1,propagule,1912,0,0,0.019351464435146442,True,0.005,0.02
5,2,22,0.0,0.0,1,propagule,1873,0,0,0.019754404698344902,True,0.005,0.02
5,2,23,0.0,0.0,1,propagule,1880,0,0,0.018085106382978722,True,0.005,0.02
5,2,24,0.0,0.0,1,propagule,1849,0,0,0.02055164954029205,True,0.005,0.02
5,2,25,0.0,0.0,1,propagule,1825,0,0,0.020273972602739727,True,0.005,0.02
5,2,26,0.0,0.0,1,propagule,1788,0,0,0.01901565995525727,True,0.005,0.02
5,2,27,0.0,0.0,1,propagule,1801,0,0,0.021654636313159357,True,0.005,0.02
5,2,28,0.0,0.0,1,propagule,1729,0,0,0.020242914979757085,True,0.005,0.02
5,2,29,0.0,0.0,1,propagule,1712,0,0,0.02161214953271028,True,0.005,0.02
5,2,30,0.0,0.0,1,propagule,1663,0,0,0.020444978953698137,True,0.005,0.02
5,2,31,0.0,0.0,1,propagule,1674,0,0,0.02031063321385902,True,0.005,0.02
5,2,32,0.0,0.0,1,propagule,1639,0,0,0.022574740695546065,True,0.005,0.02
5,2,33,0.0,0.0,1,propagule,1610,0,0,0.02298136645962733,True,0.005,0.02
5,2,34,0.0,0.0,1,propagule,1563,0,0,0.020473448496481125,True,0.005,0.02
5,2,35,0.0,0.0,1,propagule,1520,0,0,0.021052631578947368,True,0.005,0.02
5,2,36,0.0,0.0,1,propagule,1512,0,0,0.037037037037037035,True,0.005,0.02
5,2,37,0.0,0.0,1,propagule,1483,0,0,0.033715441672285906,True,0.005,0.02
5,2,38,0.0,0.0,1,propagule,1461,0,0,0.03696098562628337,True,0.005,0.02
5,2,39,0.0,0.0,1,propagule,1431,0,0,0.030747728860936407,True,0.005,0.02
5,2,40,0.0,0.0,1,propagule,1414,0,0,0.03748231966053748,True,0.005,0.02
5,2,41,0.0,0.0,1,propagule,1391,0,0,0.03450754852624011,True,0.005,0.02
5,2,42,0.0,0.0,1,propagule,1378,0,0,0.038461538461538464,True,0.005,0.02
5,2,43,0.0,0.0,1,propagule,1420,0,0,0.06126760563380282,True,0.005,0.02
5,2,44,0.0,0.0,1,propagule,1390,0,0,0.05467625899280575,True,0.005,0.02
5,2,45,0.0,0.0,1,propagule,1373,0,0,0.05826656955571741,True,0.005,0.02
5,2,46,0.0,0.0,1,propagule,1376,0,0,0.0625,True,0.005,0.02
5,2,47,0.0,0.0,1,propagule,1383,0,0,0.07086044830079537,True,0.005,0.02
5,2,48,0.0,0.0,1,propagule,1383,0,0,0.07664497469269703,True,0.005,0.02
5,2,49,0.0,0.0,1,propagule,1400,0,0,0.07928571428571428,True,0.005,0.02
5,2,50,0.0,0.0,1,propagule,1383,0,0,0.08387563268257411,True,0.005,0.02
5,2,51,0.0,0.0,1,propagule,1386,0,0,0.08513708513708514,True,0.005,0.02
5,2,52,0.0,0.0,1,propagule,1377,0,0,0.08714596949891068,True,0.005,0.02
5,3,1,0.0,0.0,1,propagule,1371,0,0,0.08606856309263311,True,0.005,0.02
5,3,2,0.0,0.0,1,propagule,1360,0,0,0.09044117647058823,True,0.005,0.02
5,3,3,0.0,0.0,1,propagule,1351,0,0,0.08882309400444116,True,0.005,0.02
5,3,4,0.0,0.0,1,propagule,1329,0,0,0.09255079006772009,True,0.005,0.02
5,3,5,0.0,0.0,1,propagule,1326,0,0,0.09049773755656108,True,0.005,0.02
5,3,6,0.0,0.0,1,propagule,1303,0,0,0.0920951650038373,True,0.005,0.02
5,3,7,0.0,0.0,1,propagule,1293,0,0,0.09280742459396751,True,0.005,0.02
5,3,8,0.0,0.0,1,propagule,1283,0,0,0.09353078721745908,True,0.005,0.02
5,3,9,0.0,0.0,1,propagule,1273,0,0,0.09426551453260015,True,0.005,0.02
5,3,10,0.0,0.0,1,propagule,1262,0,0,0.09429477020602219,True,0.005,0.02
5,3,11,0.0,0.0,1,propagule,1252,0,0,0.0950479233226837,True,0.005,0.02
5,3,12,0.0,0.0,1,propagule,1239,0,0,0.096045197740113,True,0.005,0.02
5,3,13,0.0,0.0,1,propagule,1235,0,0,0.09635627530364373,True,0.005,0.02
5,3,14,0.0,0.0,1,propagule,1219,0,0,0.09598031173092698,True,0.005,0.02
5,3,15,0.0,0.0,1,propagule,1199,0,0,0.09424520433694746,True,0.005,0.02
5,3,16,0.0,0.0,1,propagule,1189,0,0,0.09503784693019345,True,0.005,0.02
5,3,17,0.0,0.0,1,propagule,1177,0,0,0.09685641461342395,True,0.005,0.02
5,3,18,0.0,0.0,1,propagule,2657,0,0,0.042152803914188935,True,0.005,0.02
5,3,19,0.0,0.0,1,propagule,2630,0,0,0.04334600760456274,True,0.005,0.02
5,3,20,0.0,0.0,1,propagule,2585,0,0,0.04332688588007737,True,0.005,0.02
5,3,21,0.0,0.0,1,propagule,2575,0,0,0.04543689320388349,True,0.005,0.02
5,3,22,0.0,0.0,1,propagule,2490,0,0,0.04457831325301205,True,0.005,0.02
5,3,23,0.0,0.0,1,propagule,2473,0,0,0.04650222401940962,True,0.005,0.02
5,3,24,0.0,0.0,1,propagule,2375,0,0,0.04673684210526316,True,0.005,0.02
5,3,25,0.0,0.0,1,propagule,2322,0,0,0.04694229112833764,True,0.005,0.02
5,3,26,0.0,0.0,1,propagule,2236,0,0,0.04427549194991055,True,0.005,0.02
5,3,27,0.0,0.0,1,propagule,2200,0,0,0.045454545454545456,True,0.005,0.02
5,3,28,0.0,0.0,1,propagule,2118,0,0,0.04627006610009443,True,0.005,0.02
5,3,29,0.0,0.0,1,propagule,2111,0,0,0.04737091425864519,True,0.005,0.02
5,3,30,0.0,0.0,1,propagule,2066,0,0,0.04743465634075508,True,0.005,0.02
5,3,31,0.0,0.0,1,propagule,2040,0,0,0.04803921568627451,True,0.005,0.02
5,3,32,0.0,0.0,1,propagule,2000,0,0,0.047,True,0.005,0.02
5,3,33,0.0,0.0,1,propagule,1932,0,0,0.045548654244306416,True,0.005,0.02
5,3,34,0.0,0.0,1,propagule,1891,0,0,0.047593865679534636,True,0.005,0.02
5,3,35,0.0,0.0,1,propagule,1865,0,0,0.04825737265415549,True,0.005,0.02
5,3,36,0.0,0.0,1,propagule,1814,0,0,0.04906284454244763,True,0.005,0.02
5,3,37,0.0,0.0,1,propagule,1769,0,0,0.05031091011871114,True,0.005,0.02
5,3,38,0.0,0.0,1,propagule,1744,0,0,0.052752293577981654,True,0.005,0.02
5,3,39,0.0,0.0,1,propagule,1719,0,0,0.05235602094240838,True,0.005,0.02
5,3,40,0.0,0.0,1,propagule,1690,0,0,0.05384615384615385,True,0.005,0.02
5,3,41,0.0,0.0,1,propagule,1672,0,0,0.05382775119617225,True,0.005,0.02
5,3,42,0.0,0.0,1,propagule,1649,0,0,0.05700424499696786,True,0.005,0.02
5,3,43,0.0,0.0,1,propagule,1630,0,0,0.08588957055214724,True,0.005,0.02
5,3,44,0.0,0.0,1,propagule,1583,0,0,0.07580543272267846,True,0.005,0.02
5,3,45,0.0,0.0,1,propagule,1559,0,0,0.08017960230917255,True,0.005,0.02
5,3,46,0.0,0.0,1,propagule,1591,0,0,0.09113764927718417,True,0.005,0.02
5,3,47,0.0,0.0,1,propagule,1586,0,0,0.09899117276166457,True,0.005,0.02
5,3,48,0.0,0.0,1,propagule,1574,0,0,0.10736975857687421,True,0.005,0.02
5,3,49,0.0,0.0,1,propagule,1547,0,0,0.1085972850678733,True,0.005,0.02
5,3,50,0.0,0.0,1,propagule,1535,0,0,0.11465798045602606,True,0.005,0.02
5,3,51,0.0,0.0,1,propagule,1524,0,0,0.1141732283464567,True,0.005,0.02
5,3,52,0.0,0.0,1,propagule,1522,0,0,0.11892247043363995,True,0.005,0.02
5,4,1,0.0,0.0,1,propagule,1508,0,0,0.11737400530503979,True,0.005,0.02
5,4,2,0.0,0.0,1,propagule,1491,0,0,0.11737089201877934,True,0.005,0.02
5,4,3,0.0,0.0,1,propagule,1474,0,0,0.11804613297150611,True,0.005,0.02
5,4,4,0.0,0.0,1,propagule,1462,0,0,0.12175102599179206,True,0.005,0.02
5,4,5,0.0,0.0,1,propagule,1454,0,0,0.12310866574965612,True,0.005,0.02
5,4,6,0.0,0.0,1,propagule,1446,0,0,0.12309820193637622,True,0.005,0.02
5,4,7,0.0,0.0,1,propagule,1442,0,0,0.12343966712898752,True,0.005,0.02
5,4,8,0.0,0.0,1,propagule,1428,0,0,0.12394957983193278,True,0.005,0.02
5,4,9,0.0,0.0,1,propagule,1414,0,0,0.12588401697312587,True,0.005,0.02
5,4,10,0.0,0.0,1,propagule,1400,0,0,0.12857142857142856,True,0.005,0.02
5,4,11,0.0,0.0,1,propagule,1384,0,0,0.12933526011560695,True,0.005,0.02
5,4,12,0.0,0.0,1,propagule,1370,0,0,0.13138686131386862,True,0.005,0.02
5,4,13,0.0,0.0,1,propagule,1355,0,0,0.13136531365313653,True,0.005,0.02
5,4,14,0.0,0.0,1,propagule,1342,0,0,0.13263785394932937,True,0.005,0.02
5,4,15,0.0,0.0,1,propagule,1323,0,0,0.1345427059712774,True,0.005,0.02
5,4,16,0.0,0.0,1,propagule,1306,0,0,0.13476263399693722,True,0.005,0.02
5,4,17,0.0,0.0,1,propagule,1315,0,0,0.1429657794676806,True,0.005,0.02
5,4,18,0.0,0.0,1,propagule,2816,0,0,0.06214488636363636,True,0.005,0.02
5,4,19,0.0,0.0,1,propagule,2774,0,0,0.06272530641672674,True,0.005,0.02
5,4,20,0.0,0.0,1,propagule,2671,0,0,0.06252339947585174,True,0.005,0.02
5,4,21,0.0,0.0,1,propagule,2663,0,0,0.06458880961321818,True,0.005,0.02
5,4,22,0.0,0.0,1,propagule,2557,0,0,0.06335549472037544,True,0.005,0.02
5,4,23,0.0,0.0,1,propagule,2510,0,0,0.06653386454183267,True,0.005,0.02
5,4,24,0.0,0.0,1,propagule,2451,0,0,0.06446348429212566,True,0.005,0.02
5,4,25,0.0,0.0,1,propagule,2406,0,0,0.06650041562759768,True,0.005,0.02
5,4,26,0.0,0.0,1,propagule,2360,0,0,0.06610169491525424,True,0.005,0.02
5,4,27,0.0,0.0,1,propagule,2328,0,0,0.06786941580756013,True,0.005,0.02
5,4,28,0.0,0.0,1,propagule,2250,0,0,0.06622222222222222,True,0.005,0.02
5,4,29,0.0,0.0,1,propagule,2250,0,0,0.06711111111111111,True,0.005,0.02
5,4,30,0.0,0.0,1,propagule,2183,0,0,0.0673385249656436,True,0.005,0.02
5,4,31,0.0,0.0,1,propagule,2172,0,0,0.06952117863720074,True,0.005,0.02
5,4,32,0.0,0.0,1,propagule,2128,0,0,0.06954887218045112,True,0.005,0.02
5,4,33,0.0,0.0,1,propagule,2108,0,0,0.07210626185958255,True,0.005,0.02
5,4,34,0.0,0.0,1,propagule,2032,0,0,0.07283464566929133,True,0.005,0.02
5,4,35,0.0,0.0,1,propagule,1999,0,0,0.07403701850925462,True,0.005,0.02
5,4,36,0.0,0.0,1,propagule,1928,0,0,0.07261410788381743,True,0.005,0.02
5,4,37,0.0,0.0,1,propagule,1914,0,0,0.07628004179728318,True,0.005,0.02
5,4,38,0.0,0.0,1,propagule,1864,0,0,0.0740343347639485,True,0.005,0.02
5,4,39,0.0,0.0,1,propagule,1857,0,0,0.07539041464728057,True,0.005,0.02
5,4,40,0.0,0.0,1,propagule,1824,0,0,0.07675438596491228,True,0.005,0.02
5,4,41,0.0,0.0,1,propagule,1798,0,0,0.07730812013348165,True,0.005,0.02
5,4,42,0.0,0.0,1,propagule,1770,0,0,0.0807909604519774,True,0.005,0.02
5,4,43,0.0,0.0,1,propagule,1748,0,0,0.12814645308924486,True,0.005,0.02
5,4,44,0.0,0.0,1,propagule,1661,0,0,0.11920529801324503,True,0.005,0.02
5,4,45,0.0,0.0,1,propagule,1643,0,0,0.11259890444309191,True,0.005,0.02
5,4,46,0.0,0.0,1,propagule,1640,0,0,0.12073170731707317,True,0.005,0.02
5,4,47,0.0,0.0,1,propagule,1643,0,0,0.1278149726110773,True,0.005,0.02
5,4,48,0.0,0.0,1,propagule,1645,0,0,0.13495440729483282,True,0.005,0.02
5,4,49,0.0,0.0,1,propagule,1625,0,0,0.1366153846153846,True,0.005,0.02
5,4,50,0.0,0.0,1,propagule,1608,0,0,0.14116915422885573,True,0.005,0.02
5,4,51,0.0,0.0,1,propagule,1585,0,0,0.14258675078864352,True,0.005,0.02
5,4,52,0.0,0.0,1,propagule,1574,0,0,0.1423125794155019,True,0.005,0.02
5,5,1,0.0,0.0,1,propagule,1561,0,0,0.14221652786675207,True,0.005,0.02
5,5,2,0.0,0.0,1,propagule,1534,0,0,0.14602346805736635,True,0.005,0.02
5,5,3,0.0,0.0,1,propagule,1513,0,0,0.14077990746860541,True,0.005,0.02
5,5,4,0.0,0.0,1,propagule,1508,0,0,0.14920424403183025,True,0.005,0.02
5,5,5,0.0,0.0,1,propagule,1495,0,0,0.14581939799331103,True,0.005,0.02
5,5,6,0.0,0.0,1,propagule,1471,0,0,0.14615907545887152,True,0.005,0.02
5,5,7,0.0,0.0,1,propagule,1465,0,0,0.14607508532423208,True,0.005,0.02
5,5,8,0.0,0.0,1,propagule,1446,0,0,0.1507607192254495,True,0.005,0.02
5,5,9,0.0,0.0,1,propagule,1427,0,0,0.14505956552207427,True,0.005,0.02
5,5,10,0.0,0.0,1,propagule,1431,0,0,0.1509433962264151,True,0.005,0.02
5,5,11,0.0,0.0,1,propagule,1415,0,0,0.15123674911660778,True,0.005,0.02
5,5,12,0.0,0.0,1,propagule,1408,0,0,0.15482954545454544,True,0.005,0.02
5,5,13,0.0,0.0,1,propagule,1400,0,0,0.155,True,0.005,0.02
5,5,14,0.0,0.0,1,propagule,1389,0,0,0.15550755939524838,True,0.005,0.02
5,5,15,0.0,0.0,1,propagule,1380,0,0,0.15579710144927536,True,0.005,0.02
5,5,16,0.0,0.0,1,propagule,1375,0,0,0.15854545454545454,True,0.005,0.02
5,5,17,0.0,0.0,1,propagule,1352,0,0,0.15754437869822485,True,0.005,0.02
5,5,18,0.0,0.0,1,propagule,3052,0,0,0.07011795543905636,True,0.005,0.02
5,5,19,0.0,0.0,1,propagule,2997,0,0,0.0697364030697364,True,0.005,0.02
5,5,20,0.0,0.0,1,propagule,2954,0,0,0.07109004739336493,True,0.005,0.02
5,5,21,0.0,0.0,1,propagule,2862,0,0,0.06988120195667366,True,0.005,0.02
5,5,22,0.0,0.0,1,propagule,2839,0,0,0.07115181401902078,True,0.005,0.02
5,5,23,0.0,0.0,1,propagule,2724,0,0,0.0723201174743025,True,0.005,0.02
5,5,24,0.0,0.0,1,propagule,2687,0,0,0.0744324525493115,True,0.005,0.02
5,5,25,0.0,0.0,1,propagule,2626,0,0,0.0734958111195735,True,0.005,0.02
5,5,26,0.0,0.0,1,propagule,2582,0,0,0.07513555383423702,True,0.005,0.02
5,5,27,0.0,0.0,1,propagule,2520,0,0,0.07341269841269842,True,0.005,0.02
5,5,28,0.0,0.0,1,propagule,2456,0,0,0.0745114006514658,True,0.005,0.02
5,5,29,0.0,0.0,1,propagule,2400,0,0,0.07583333333333334,True,0.005,0.02
5,5,30,0.0,0.0,1,propagule,2388,0,0,0.07747068676716917,True,0.005,0.02
5,5,31,0.0,0.0,1,propagule,2319,0,0,0.07589478223372143,True,0.005,0.02
5,5,32,0.0,0.0,1,propagule,2292,0,0,0.07635253054101222,True,0.005,0.02
5,5,33,0.0,0.0,1,propagule,2234,0,0,0.07788719785138765,True,0.005,0.02
5,5,34,0.0,0.0,1,propagule,2221,0,0,0.07969383160738407,True,0.005,0.02
5,5,35,0.0,0.0,1,propagule,2168,0,0,0.08025830258302583,True,0.005,0.02
5,5,36,0.0,0.0,1,propagule,2137,0,0,0.08610201216658868,True,0.005,0.02
5,5,37,0.0,0.0,1,propagule,2080,0,0,0.08269230769230769,True,0.005,0.02
5,5,38,0.0,0.0,1,propagule,2054,0,0,0.08617332035053554,True,0.005,0.02
5,5,39,0.0,0.0,1,propagule,2015,0,0,0.08387096774193549,True,0.005,0.02
5,5,40,0.0,0.0,1,propagule,2002,0,0,0.08641358641358642,True,0.005,0.02
5,5,41,0.0,0.0,1,propagule,1975,0,0,0.08658227848101266,True,0.005,0.02
5,5,42,0.0,0.0,1,propagule,1949,0,0,0.08978963571062083,True,0.005,0.02
5,5,43,0.0,0.0,1,propagule,1825,0,0,0.1326027397260274,True,0.005,0.02
5,5,44,0.0,0.0,1,propagule,1732,0,0,0.11431870669745958,True,0.005,0.02
5,5,45,0.0,0.0,1,propagule,1694,0,0,0.11038961038961038,True,0.005,0.02
5,5,46,0.0,0.0,1,propagule,1673,0,0,0.10699342498505679,True,0.005,0.02
5,5,47,0.0,0.0,1,propagule,1667,0,0,0.11217756448710257,True,0.005,0.02
5,5,48,0.0,0.0,1,propagule,1638,0,0,0.115995115995116,True,0.005,0.02
5,5,49,0.0,0.0,1,propagule,1635,0,0,0.12538226299694188,True,0.005,0.02
5,5,50,0.0,0.0,1,propagule,1615,0,0,0.12941176470588237,True,0.005,0.02
5,5,51,0.0,0.0,1,propagule,1610,0,0,0.13229813664596274,True,0.005,0.02
5,5,52,0.0,0.0,1,propagule,1604,0,0,0.1371571072319202,True,0.005,0.02
5,6,1,0.0,0.0,1,propagule,1600,0,0,0.14,True,0.005,0.02
5,6,2,0.0,0.0,1,propagule,1585,0,0,0.14195583596214512,True,0.005,0.02
5,6,3,0.0,0.0,1,propagule,1583,0,0,0.14592545799115603,True,0.005,0.02
5,6,4,0.0,0.0,1,propagule,1564,0,0,0.14578005115089515,True,0.005,0.02
5,6,5,0.0,0.0,1,propagule,1564,0,0,0.14705882352941177,True,0.005,0.02
5,6,6,0.0,0.0,1,propagule,1549,0,0,0.1484828921885087,True,0.005,0.02
5,6,7,0.0,0.0,1,propagule,1554,0,0,0.15186615186615188,True,0.005,0.02
5,6,8,0.0,0.0,1,propagule,1537,0,0,0.15159401431359792,True,0.005,0.02
5,6,9,0.0,0.0,1,propagule,1519,0,0,0.15075707702435814,True,0.005,0.02
5,6,10,0.0,0.0,1,propagule,1516,0,0,0.15303430079155672,True,0.005,0.02
5,6,11,0.0,0.0,1,propagule,1499,0,0,0.15076717811874582,True,0.005,0.02
5,6,12,0.0,0.0,1,propagule,1484,0,0,0.15296495956873316,True,0.005,0.02
5,6,13,0.0,0.0,1,propagule,1456,0,0,0.15178571428571427,True,0.005,0.02
5,6,14,0.0,0.0,1,propagule,1442,0,0,0.15325936199722606,True,0.005,0.02
5,6,15,0.0,0.0,1,propagule,1420,0,0,0.15422535211267605,True,0.005,0.02
5,6,16,0.0,0.0,1,propagule,1411,0,0,0.1552090715804394,True,0.005,0.02
5,6,17,0.0,0.0,1,propagule,1392,0,0,0.15517241379310345,True,0.005,0.02
5,6,18,0.0,0.0,1,propagule,3134,0,0,0.06987874920229738,True,0.005,0.02
5,6,19,0.0,0.0,1,propagule,3042,0,0,0.06903353057199212,True,0.005,0.02
5,6,20,0.0,0.0,1,propagule,2979,0,0,0.07049345417925479,True,0.005,0.02
5,6,21,0.0,0.0,1,propagule,2892,0,0,0.07088520055325034,True,0.005,0.02
5,6,22,0.0,0.0,1,propagule,2883,0,0,0.07180020811654526,True,0.005,0.02
5,6,23,0.0,0.0,1,propagule,2768,0,0,0.07333815028901734,True,0.005,0.02
5,6,24,0.0,0.0,1,propagule,2741,0,0,0.07661437431594309,True,0.005,0.02
5,6,25,0.0,0.0,1,propagule,2659,0,0,0.07559232794283566,True,0.005,0.02
5,6,26,0.0,0.0,1,propagule,2619,0,0,0.07674684994272624,True,0.005,0.02
5,6,27,0.0,0.0,1,propagule,2574,0,0,0.07614607614607614,True,0.005,0.02
5,6,28,0.0,0.0,1,propagule,2545,0,0,0.07858546168958742,True,0.005,0.02
5,6,29,0.0,0.0,1,propagule,2463,0,0,0.0775477060495331,True,0.005,0.02
5,6,30,0.0,0.0,1,propagule,2450,0,0,0.08,True,0.005,0.02
5,6,31,0.0,0.0,1,propagule,2377,0,0,0.07909129154396298,True,0.005,0.02
5,6,32,0.0,0.0,1,propagule,2348,0,0,0.07921635434412266,True,0.005,0.02
5,6,33,0.0,0.0,1,propagule,2263,0,0,0.08130799823243483,True,0.005,0.02
5,6,34,0.0,0.0,1,propagule,2228,0,0,0.0848294434470377,True,0.005,0.02
5,6,35,0.0,0.0,1,propagule,2181,0,0,0.08390646492434663,True,0.005,0.02
5,6,36,0.0,0.0,1,propagule,2135,0,0,0.08758782201405152,True,0.005,0.02
5,6,37,0.0,0.0,1,propagule,2076,0,0,0.08670520231213873,True,0.005,0.02
5,6,38,0.0,0.0,1,propagule,2060,0,0,0.08932038834951456,True,0.005,0.02
5,6,39,0.0,0.0,1,propagule,2027,0,0,0.08781450419338925,True,0.005,0.02
5,6,40,0.0,0.0,1,propagule,2007,0,0,0.08918784255107125,True,0.005,0.02
5,6,41,0.0,0.0,1,propagule,1973,0,0,0.08717688798783578,True,0.005,0.02
5,6,42,0.0,0.0,1,propagule,1950,0,0,0.0882051282051282,True,0.005,0.02
5,6,43,0.0,0.0,1,propagule,1801,0,0,0.12937257079400333,True,0.005,0.02
5,6,44,0.0,0.0,1,propagule,1693,0,0,0.11872415829887774,True,0.005,0.02
5,6,45,0.0,0.0,1,propagule,1639,0,0,0.11043319097010372,True,0.005,0.02
5,6,46,0.0,0.0,1,propagule,1593,0,0,0.09855618330194602,True,0.005,0.02
5,6,47,0.0,0.0,1,propagule,1571,0,0,0.10120942075111394,True,0.005,0.02
5,6,48,0.0,0.0,1,propagule,1553,0,0,0.11268512556342562,True,0.005,0.02
5,6,49,0.0,0.0,1,propagule,1535,0,0,0.11009771986970684,True,0.005,0.02
5,6,50,0.0,0.0,1,propagule,1539,0,0,0.11565951916829109,True,0.005,0.02
5,6,51,0.0,0.0,1,propagule,1510,0,0,0.11655629139072848,True,0.005,0.02
5,6,52,0.0,0.0,1,propagule,1509,0,0,0.1219350563286945,True,0.005,0.02
5,7,1,0.0,0.0,1,propagule,1483,0,0,0.12002697235333783,True,0.005,0.02
5,7,2,0.0,0.0,1,propagule,1483,0,0,0.12542144302090358,True,0.005,0.02
5,7,3,0.0,0.0,1,propagule,1455,0,0,0.12439862542955327,True,0.005,0.02
5,7,4,0.0,0.0,1,propagule,1449,0,0,0.12353347135955832,True,0.005,0.02
5,7,5,0.0,0.0,1,propagule,1426,0,0,0.12342215988779803,True,0.005,0.02
5,7,6,0.0,0.0,1,propagule,1422,0,0,0.12658227848101267,True,0.005,0.02
5,7,7,0.0,0.0,1,propagule,1396,0,0,0.12320916905444126,True,0.005,0.02
5,7,8,0.0,0.0,1,propagule,1407,0,0,0.1300639658848614,True,0.005,0.02
5,7,9,0.0,0.0,1,propagule,1392,0,0,0.1278735632183908,True,0.005,0.02
5,7,10,0.0,0.0,1,propagule,1387,0,0,0.12977649603460706,True,0.005,0.02
5,7,11,0.0,0.0,1,propagule,1363,0,0,0.1305942773294204,True,0.005,0.02
5,7,12,0.0,0.0,1,propagule,1353,0,0,0.1337767923133777,True,0.005,0.02
5,7,13,0.0,0.0,1,propagule,1336,0,0,0.1317365269461078,True,0.005,0.02
5,7,14,0.0,0.0,1,propagule,1338,0,0,0.13303437967115098,True,0.005,0.02
5,7,15,0.0,0.0,1,propagule,1319,0,0,0.13419257012888552,True,0.005,0.02
5,7,16,0.0,0.0,1,propagule,1316,0,0,0.1337386018237082,True,0.005,0.02
5,7,17,0.0,0.0,1,propagule,1292,0,0,0.1346749226006192,True,0.005,0.02
5,7,18,0.0,0.0,1,propagule,3000,0,0,0.059,True,0.005,0.02
5,7,19,0.0,0.0,1,propagule,2938,0,0,0.058883594281824374,True,0.005,0.02
5,7,20,0.0,0.0,1,propagule,2905,0,0,0.060240963855421686,True,0.005,0.02
5,7,21,0.0,0.0,1,propagule,2791,0,0,0.05983518452167682,True,0.005,0.02
5,7,22,0.0,0.0,1,propagule,2736,0,0,0.06140350877192982,True,0.005,0.02
5,7,23,0.0,0.0,1,propagule,2666,0,0,0.0622655663915979,True,0.005,0.02
5,7,24,0.0,0.0,1,propagule,2614,0,0,0.06273909716908951,True,0.005,0.02
5,7,25,0.0,0.0,1,propagule,2545,0,0,0.06168958742632613,True,0.005,0.02
5,7,26,0.0,0.0,1,propagule,2505,0,0,0.06347305389221557,True,0.005,0.02
5,7,27,0.0,0.0,1,propagule,2452,0,0,0.0636215334420881,True,0.005,0.02
5,7,28,0.0,0.0,1,propagule,2403,0,0,0.066167290886392,True,0.005,0.02
5,7,29,0.0,0.0,1,propagule,2327,0,0,0.06446067898581866,True,0.005,0.02
5,7,30,0.0,0.0,1,propagule,2301,0,0,0.06605823554976098,True,0.005,0.02
5,7,31,0.0,0.0,1,propagule,2247,0,0,0.06542056074766354,True,0.005,0.02
5,7,32,0.0,0.0,1,propagule,2227,0,0,0.0673551863493489,True,0.005,0.02
5,7,33,0.0,0.0,1,propagule,2176,0,0,0.06801470588235294,True,0.005,0.02
5,7,34,0.0,0.0,1,propagule,2149,0,0,0.06979990693345742,True,0.005,0.02
5,7,35,0.0,0.0,1,propagule,2112,0,0,0.07007575757575757,True,0.005,0.02
5,7,36,0.0,0.0,1,propagule,2086,0,0,0.07334611697027804,True,0.005,0.02
5,7,37,0.0,0.0,1,propagule,2025,0,0,0.07308641975308643,True,0.005,0.02
5,7,38,0.0,0.0,1,propagule,2006,0,0,0.07577268195413758,True,0.005,0.02
5,7,39,0.0,0.0,1,propagule,1978,0,0,0.0743174924165824,True,0.005,0.02
5,7,40,0.0,0.0,1,propagule,1956,0,0,0.07566462167689161,True,0.005,0.02
5,7,41,0.0,0.0,1,propagule,1925,0,0,0.07428571428571429,True,0.005,0.02
5,7,42,0.0,0.0,1,propagule,1906,0,0,0.07607555089192025,True,0.005,0.02
5,7,43,0.0,0.0,1,propagule,1816,0,0,0.1316079295154185,True,0.005,0.02
5,7,44,0.0,0.0,1,propagule,1719,0,0,0.11169284467713787,True,0.005,0.02
5,7,45,0.0,0.0,1,propagule,1632,0,0,0.09803921568627451,True,0.005,0.02
5,7,46,0.0,0.0,1,propagule,1564,0,0,0.0959079283887468,True,0.005,0.02
5,7,47,0.0,0.0,1,propagule,1561,0,0,0.1031390134529148,True,0.005,0.02
5,7,48,0.0,0.0,1,propagule,1537,0,0,0.1099544567338972,True,0.005,0.02
5,7,49,0.0,0.0,1,propagule,1532,0,0,0.12140992167101827,True,0.005,0.02
5,7,50,0.0,0.0,1,propagule,1494,0,0,0.11914323962516733,True,0.005,0.02
5,7,51,0.0,0.0,1,propagule,1467,0,0,0.12201772324471712,True,0.005,0.02
5,7,52,0.0,0.0,1,propagule,1421,0,0,0.12244897959183673,True,0.005,0.02
5,8,1,0.0,0.0,1,propagule,1419,0,0,0.12755461592670894,True,0.005,0.02
5,8,2,0.0,0.0,1,propagule,1398,0,0,0.1251788268955651,True,0.005,0.02
5,8,3,0.0,0.0,1,propagule,1386,0,0,0.13131313131313133,True,0.005,0.02
5,8,4,0.0,0.0,1,propagule,1364,0,0,0.13563049853372433,True,0.005,0.02
5,8,5,0.0,0.0,1,propagule,1353,0,0,0.13895048041389504,True,0.005,0.02
5,8,6,0.0,0.0,1,propagule,1327,0,0,0.13941220798794274,True,0.005,0.02
5,8,7,0.0,0.0,1,propagule,1321,0,0,0.14080242240726723,True,0.005,0.02
5,8,8,0.0,0.0,1,propagule,1321,0,0,0.14383043149129449,True,0.005,0.02
5,8,9,0.0,0.0,1,propagule,1315,0,0,0.1444866920152091,True,0.005,0.02
5,8,10,0.0,0.0,1,propagule,1301,0,0,0.14373558800922367,True,0.005,0.02
5,8,11,0.0,0.0,1,propagule,1299,0,0,0.14549653579676675,True,0.005,0.02
5,8,12,0.0,0.0,1,propagule,1287,0,0,0.14763014763014762,True,0.005,0.02
5,8,13,0.0,0.0,1,propagule,1290,0,0,0.14728682170542637,True,0.005,0.02
5,8,14,0.0,0.0,1,propagule,1273,0,0,0.14925373134328357,True,0.005,0.02
5,8,15,0.0,0.0,1,propagule,1270,0,0,0.15354330708661418,True,0.005,0.02
5,8,16,0.0,0.0,1,propagule,1247,0,0,0.15156375300721733,True,0.005,0.02
5,8,17,0.0,0.0,1,propagule,1241,0,0,0.1522965350523771,True,0.005,0.02
5,8,18,0.0,0.0,1,propagule,2800,0,0,0.06678571428571428,True,0.005,0.02
5,8,19,0.0,0.0,1,propagule,2759,0,0,0.06922798115259152,True,0.005,0.02
5,8,20,0.0,0.0,1,propagule,2684,0,0,0.06818181818181818,True,0.005,0.02
5,8,21,0.0,0.0,1,propagule,2620,0,0,0.06946564885496183,True,0.005,0.02
5,8,22,0.0,0.0,1,propagule,2574,0,0,0.06993006993006994,True,0.005,0.02
5,8,23,0.0,0.0,1,propagule,2529,0,0,0.0711743772241993,True,0.005,0.02
5,8,24,0.0,0.0,1,propagule,2469,0,0,0.07087889833940866,True,0.005,0.02
5,8,25,0.0,0.0,1,propagule,2428,0,0,0.07166392092257001,True,0.005,0.02
5,8,26,0.0,0.0,1,propagule,2392,0,0,0.07274247491638795,True,0.005,0.02
5,8,27,0.0,0.0,1,propagule,2380,0,0,0.07436974789915966,True,0.005,0.02
5,8,28,0.0,0.0,1,propagule,2322,0,0,0.07493540051679587,True,0.005,0.02
5,8,29,0.0,0.0,1,propagule,2276,0,0,0.07557117750439367,True,0.005,0.02
5,8,30,0.0,0.0,1,propagule,2251,0,0,0.07552199022656597,True,0.005,0.02
5,8,31,0.0,0.0,1,propagule,2232,0,0,0.0775089605734767,True,0.005,0.02
5,8,32,0.0,0.0,1,propagule,2184,0,0,0.076007326007326,True,0.005,0.02
5,8,33,0.0,0.0,1,propagule,2169,0,0,0.07699400645458737,True,0.005,0.02
5,8,34,0.0,0.0,1,propagule,2108,0,0,0.07685009487666034,True,0.005,0.02
5,8,35,0.0,0.0,1,propagule,2083,0,0,0.07969275084013443,True,0.005,0.02
5,8,36,0.0,0.0,1,propagule,2042,0,0,0.07884427032321253,True,0.005,0.02
5,8,37,0.0,0.0,1,propagule,2036,0,0,0.08349705304518663,True,0.005,0.02
5,8,38,0.0,0.0,1,propagule,1987,0,0,0.07951685958731756,True,0.005,0.02
5,8,39,0.0,0.0,1,propagule,1966,0,0,0.08189216683621567,True,0.005,0.02
5,8,40,0.0,0.0,1,propagule,1943,0,0,0.08131755018013381,True,0.005,0.02
5,8,41,0.0,0.0,1,propagule,1918,0,0,0.08185610010427528,True,0.005,0.02
5,8,42,0.0,0.0,1,propagule,1895,0,0,0.08284960422163588,True,0.005,0.02
5,8,43,0.0,0.0,1,propagule,1968,0,0,0.16514227642276422,True,0.005,0.02
5,8,44,0.0,0.0,1,propagule,1795,0,0,0.13983286908077994,True,0.005,0.02
5,8,45,0.0,0.0,1,propagule,1686,0,0,0.1221826809015421,True,0.005,0.02
5,8,46,0.0,0.0,1,propagule,1638,0,0,0.11904761904761904,True,0.005,0.02
5,8,47,0.0,0.0,1,propagule,1591,0,0,0.12507856693903205,True,0.005,0.02
5,8,48,0.0,0.0,1,propagule,1552,0,0,0.12306701030927836,True,0.005,0.02
5,8,49,0.0,0.0,1,propagule,1502,0,0,0.12649800266311584,True,0.005,0.02
5,8,50,0.0,0.0,1,propagule,1455,0,0,0.12852233676975944,True,0.005,0.02
5,8,51,0.0,0.0,1,propagule,1435,0,0,0.12682926829268293,True,0.005,0.02
5,8,52,0.0,0.0,1,propagule,1404,0,0,0.1267806267806268,True,0.005,0.02
5,9,1,0.0,0.0,1,propagule,1371,0,0,0.13420860685630925,True,0.005,0.02
5,9,2,0.0,0.0,1,propagule,1365,0,0,0.13992673992673993,True,0.005,0.02
5,9,3,0.0,0.0,1,propagule,1361,0,0,0.1462160176340926,True,0.005,0.02
5,9,4,0.0,0.0,1,propagule,1346,0,0,0.14710252600297177,True,0.005,0.02
5,9,5,0.0,0.0,1,propagule,1339,0,0,0.14712471994025392,True,0.005,0.02
5,9,6,0.0,0.0,1,propagule,1324,0,0,0.14652567975830816,True,0.005,0.02
5,9,7,0.0,0.0,1,propagule,1326,0,0,0.15233785822021115,True,0.005,0.02
5,9,8,0.0,0.0,1,propagule,1307,0,0,0.1545524100994644,True,0.005,0.02
5,9,9,0.0,0.0,1,propagule,1308,0,0,0.15749235474006115,True,0.005,0.02
5,9,10,0.0,0.0,1,propagule,1295,0,0,0.15752895752895754,True,0.005,0.02
5,9,11,0.0,0.0,1,propagule,1287,0,0,0.1592851592851593,True,0.005,0.02
5,9,12,0.0,0.0,1,propagule,1272,0,0,0.15880503144654087,True,0.005,0.02
5,9,13,0.0,0.0,1,propagule,1264,0,0,0.16139240506329114,True,0.005,0.02
5,9,14,0.0,0.0,1,propagule,1244,0,0,0.15755627009646303,True,0.005,0.02
5,9,15,0.0,0.0,1,propagule,1235,0,0,0.15708502024291499,True,0.005,0.02
5,9,16,0.0,0.0,1,propagule,1219,0,0,0.1583264971287941,True,0.005,0.02
5,9,17,0.0,0.0,1,propagule,1213,0,0,0.15993404781533388,True,0.005,0.02
5,9,18,0.0,0.0,1,propagule,2543,0,0,0.06724341329138812,True,0.005,0.02
5,9,19,0.0,0.0,1,propagule,2523,0,0,0.06817281014665082,True,0.005,0.02
5,9,20,0.0,0.0,1,propagule,2458,0,0,0.06834825061025224,True,0.005,0.02
5,9,21,0.0,0.0,1,propagule,2431,0,0,0.06951871657754011,True,0.005,0.02
5,9,22,0.0,0.0,1,propagule,2376,0,0,0.06944444444444445,True,0.005,0.02
5,9,23,0.0,0.0,1,propagule,2355,0,0,0.07048832271762208,True,0.005,0.02
5,9,24,0.0,0.0,1,propagule,2303,0,0,0.07164567954841511,True,0.005,0.02
5,9,25,0.0,0.0,1,propagule,2271,0,0,0.0726552179656539,True,0.005,0.02
5,9,26,0.0,0.0,1,propagule,2224,0,0,0.0737410071942446,True,0.005,0.02
5,9,27,0.0,0.0,1,propagule,2206,0,0,0.07660924750679964,True,0.005,0.02
5,9,28,0.0,0.0,1,propagule,2151,0,0,0.07624360762436076,True,0.005,0.02
5,9,29,0.0,0.0,1,propagule,2111,0,0,0.07816200852676457,True,0.005,0.02
5,9,30,0.0,0.0,1,propagule,2061,0,0,0.07811741872877244,True,0.005,0.02
5,9,31,0.0,0.0,1,propagule,2044,0,0,0.08023483365949119,True,0.005,0.02
5,9,32,0.0,0.0,1,propagule,1999,0,0,0.07903951975987994,True,0.005,0.02
5,9,33,0.0,0.0,1,propagule,1997,0,0,0.08012018027040561,True,0.005,0.02
5,9,34,0.0,0.0,1,propagule,1956,0,0,0.08077709611451943,True,0.005,0.02
5,9,35,0.0,0.0,1,propagule,1944,0,0,0.08281893004115226,True,0.005,0.02
5,9,36,0.0,0.0,1,propagule,1888,0,0,0.0836864406779661,True,0.005,0.02
5,9,37,0.0,0.0,1,propagule,1874,0,0,0.08484525080042689,True,0.005,0.02
5,9,38,0.0,0.0,1,propagule,1832,0,0,0.08569868995633188,True,0.005,0.02
5,9,39,0.0,0.0,1,propagule,1811,0,0,0.08669243511871894,True,0.005,0.02
5,9,40,0.0,0.0,1,propagule,1782,0,0,0.08585858585858586,True,0.005,0.02
5,9,41,0.0,0.0,1,propagule,1755,0,0,0.08831908831908832,True,0.005,0.02
5,9,42,0.0,0.0,1,propagule,1734,0,0,0.08823529411764706,True,0.005,0.02
5,9,43,0.0,0.0,1,propagule,1959,0,0,0.20112302194997447,True,0.005,0.02
5,9,44,0.0,0.0,1,propagule,1800,0,0,0.17,True,0.005,0.02
5,9,45,0.0,0.0,1,propagule,1679,0,0,0.15306730196545562,True,0.005,0.02
5,9,46,0.0,0.0,1,propagule,1611,0,0,0.1446306641837368,True,0.005,0.02
5,9,47,0.0,0.0,1,propagule,1587,0,0,0.1518588531821046,True,0.005,0.02
5,9,48,0.0,0.0,1,propagule,1557,0,0,0.15221579961464354,True,0.005,0.02
5,9,49,0.0,0.0,1,propagule,1539,0,0,0.1572449642625081,True,0.005,0.02
5,9,50,0.0,0.0,1,propagule,1541,0,0,0.15898767034393252,True,0.005,0.02
5,9,51,0.0,0.0,1,propagule,1501,0,0,0.1632245169886742,True,0.005,0.02
5,9,52,0.0,0.0,1,propagule,1478,0,0,0.16508795669824086,True,0.005,0.02
5,10,1,0.0,0.0,1,propagule,1446,0,0,0.169432918395574,True,0.005,0.02
5,10,2,0.0,0.0,1,propagule,1427,0,0,0.1730903994393833,True,0.005,0.02
5,10,3,0.0,0.0,1,propagule,1406,0,0,0.1728307254623044,True,0.005,0.02
5,10,4,0.0,0.0,1,propagule,1381,0,0,0.17595944967414917,True,0.005,0.02
5,10,5,0.0,0.0,1,propagule,1360,0,0,0.18088235294117647,True,0.005,0.02
5,10,6,0.0,0.0,1,propagule,1345,0,0,0.18141263940520447,True,0.005,0.02
5,10,7,0.0,0.0,1,propagule,1317,0,0,0.18071374335611237,True,0.005,0.02
5,10,8,0.0,0.0,1,propagule,1319,0,0,0.18953752843062927,True,0.005,0.02
5,10,9,0.0,0.0,1,propagule,1301,0,0,0.18754803996925443,True,0.005,0.02
5,10,10,0.0,0.0,1,propagule,1289,0,0,0.18774243599689683,True,0.005,0.02
5,10,11,0.0,0.0,1,propagule,1275,0,0,0.18509803921568627,True,0.005,0.02
5,10,12,0.0,0.0,1,propagule,1265,0,0,0.1857707509881423,True,0.005,0.02
5,10,13,0.0,0.0,1,propagule,1258,0,0,0.18600953895071543,True,0.005,0.02
5,10,14,0.0,0.0,1,propagule,1243,0,0,0.18584070796460178,True,0.005,0.02
5,10,15,0.0,0.0,1,propagule,1233,0,0,0.18653690186536903,True,0.005,0.02
5,10,16,0.0,0.0,1,propagule,1212,0,0,0.18729372937293728,True,0.005,0.02
5,10,17,0.0,0.0,1,propagule,1200,0,0,0.1875,True,0.005,0.02
5,10,18,0.0,0.0,1,propagule,2618,0,0,0.07944996180290298,True,0.005,0.02
5,10,19,0.0,0.0,1,propagule,2579,0,0,0.08065141527723924,True,0.005,0.02
5,10,20,0.0,0.0,1,propagule,2536,0,0,0.08083596214511041,True,0.005,0.02
5,10,21,0.0,0.0,1,propagule,2511,0,0,0.08243727598566308,True,0.005,0.02
5,10,22,0.0,0.0,1,propagule,2447,0,0,0.08173273395995095,True,0.005,0.02
5,10,23,0.0,0.0,1,propagule,2409,0,0,0.08343711083437111,True,0.005,0.02
5,10,24,0.0,0.0,1,propagule,2355,0,0,0.08450106157112526,True,0.005,0.02
5,10,25,0.0,0.0,1,propagule,2326,0,0,0.08641444539982802,True,0.005,0.02
5,10,26,0.0,0.0,1,propagule,2300,0,0,0.08521739130434783,True,0.005,0.02
5,10,27,0.0,0.0,1,propagule,2252,0,0,0.08792184724689166,True,0.005,0.02
5,10,28,0.0,0.0,1,propagule,2214,0,0,0.08762420957542909,True,0.005,0.02
5,10,29,0.0,0.0,1,propagule,2175,0,0,0.08919540229885058,True,0.005,0.02
5,10,30,0.0,0.0,1,propagule,2147,0,0,0.08896134140661388,True,0.005,0.02
5,10,31,0.0,0.0,1,propagule,2133,0,0,0.09142053445850915,True,0.005,0.02
5,10,32,0.0,0.0,1,propagule,2065,0,0,0.0910411622276029,True,0.005,0.02
5,10,33,0.0,0.0,1,propagule,2061,0,0,0.09267345948568656,True,0.005,0.02
5,10,34,0.0,0.0,1,propagule,2001,0,0,0.09295352323838081,True,0.005,0.02
5,10,35,0.0,0.0,1,propagule,1978,0,0,0.09504550050556117,True,0.005,0.02
5,10,36,0.0,0.0,1,propagule,1942,0,0,0.09423274974253347,True,0.005,0.02
5,10,37,0.0,0.0,1,propagule,1911,0,0,0.0968079539508111,True,0.005,0.02
5,10,38,0.0,0.0,1,propagule,1878,0,0,0.09584664536741214,True,0.005,0.02
5,10,39,0.0,0.0,1,propagule,1844,0,0,0.09707158351409978,True,0.005,0.02
5,10,40,0.0,0.0,1,propagule,1815,0,0,0.09807162534435261,True,0.005,0.02
5,10,41,0.0,0.0,1,propagule,1796,0,0,0.09688195991091314,True,0.005,0.02
5,10,42,0.0,0.0,1,propagule,1773,0,0,0.09870276367738297,True,0.005,0.02
5,10,43,0.0,0.0,1,propagule,2009,0,0,0.22000995520159283,True,0.005,0.02
5,10,44,0.0,0.0,1,propagule,1791,0,0,0.19095477386934673,True,0.005,0.02
5,10,45,0.0,0.0,1,propagule,1666,0,0,0.1638655462184874,True,0.005,0.02
5,10,46,0.0,0.0,1,propagule,1583,0,0,0.14971572962728996,True,0.005,0.02
5,10,47,0.0,0.0,1,propagule,1551,0,0,0.14248871695680207,True,0.005,0.02
5,10,48,0.0,0.0,1,propagule,1533,0,0,0.15003261578604044,True,0.005,0.02
5,10,49,0.0,0.0,1,propagule,1513,0,0,0.1520158625247852,True,0.005,0.02
5,10,50,0.0,0.0,1,propagule,1486,0,0,0.1500672947510094,True,0.005,0.02
5,10,51,0.0,0.0,1,propagule,1444,0,0,0.16066481994459833,True,0.005,0.02
5,10,52,0.0,0.0,1,propagule,1396,0,0,0.15902578796561603,True,0.005,0.02
5,1,1,0.0,0.0,1,propagule,923,0,0,0.0,True,0.005,0.025
5,1,2,0.0,0.0,1,propagule,909,0,0,0.0011001100110011,True,0.005,0.025
5,1,3,0.0,0.0,1,propagule,902,0,0,0.0066518847006651885,True,0.005,0.025
5,1,4,0.0,0.0,1,propagule,891,0,0,0.007856341189674524,True,0.005,0.025
5,1,5,0.0,0.0,1,propagule,887,0,0,0.009019165727170236,True,0.005,0.025
5,1,6,0.0,0.0,1,propagule,881,0,0,0.01021566401816118,True,0.005,0.025
5,1,7,0.0,0.0,1,propagule,878,0,0,0.011389521640091117,True,0.005,0.025
5,1,8,0.0,0.0,1,propagule,865,0,0,0.011560693641618497,True,0.005,0.025
5,1,9,0.0,0.0,1,propagule,845,0,0,0.011834319526627219,True,0.005,0.025
5,1,10,0.0,0.0,1,propagule,837,0,0,0.011947431302270013,True,0.005,0.025
5,1,11,0.0,0.0,1,propagule,808,0,0,0.012376237623762377,True,0.005,0.025
5,1,12,0.0,0.0,1,propagule,808,0,0,0.012376237623762377,True,0.005,0.025
5,1,13,0.0,0.0,1,propagule,800,0,0,0.0125,True,0.005,0.025
5,1,14,0.0,0.0,1,propagule,786,0,0,0.01272264631043257,True,0.005,0.025
5,1,15,0.0,0.0,1,propagule,782,0,0,0.01278772378516624,True,0.005,0.025
5,1,16,0.0,0.0,1,propagule,777,0,0,0.010296010296010296,True,0.005,0.025
5,1,17,0.0,0.0,1,propagule,773,0,0,0.0129366106080207,True,0.005,0.025
5,1,18,0.0,0.0,1,propagule,2177,0,0,0.0036747818098300414,True,0.005,0.025
5,1,19,0.0,0.0,1,propagule,2122,0,0,0.00471253534401508,True,0.005,0.025
5,1,20,0.0,0.0,1,propagule,2114,0,0,0.004730368968779565,True,0.005,0.025
5,1,21,0.0,0.0,1,propagule,2092,0,0,0.004780114722753346,True,0.005,0.025
5,1,22,0.0,0.0,1,propagule,2024,0,0,0.004446640316205534,True,0.005,0.025
5,1,23,0.0,0.0,1,propagule,2004,0,0,0.00499001996007984,True,0.005,0.025
5,1,24,0.0,0.0,1,propagule,1956,0,0,0.004601226993865031,True,0.005,0.025
5,1,25,0.0,0.0,1,propagule,1902,0,0,0.005257623554153523,True,0.005,0.025
5,1,26,0.0,0.0,1,propagule,1863,0,0,0.004830917874396135,True,0.005,0.025
5,1,27,0.0,0.0,1,propagule,1803,0,0,0.006100942872989462,True,0.005,0.025
5,1,28,0.0,0.0,1,propagule,1764,0,0,0.00510204081632653,True,0.005,0.025
5,1,29,0.0,0.0,1,propagule,1746,0,0,0.006300114547537228,True,0.005,0.025
5,1,30,0.0,0.0,1,propagule,1714,0,0,0.006417736289381563,True,0.005,0.025
5,1,31,0.0,0.0,1,propagule,1664,0,0,0.007211538461538462,True,0.005,0.025
5,1,32,0.0,0.0,1,propagule,1659,0,0,0.009041591320072333,True,0.005,0.025
5,1,33,0.0,0.0,1,propagule,1623,0,0,0.009858287122612447,True,0.005,0.025
5,1,34,0.0,0.0,1,propagule,1614,0,0,0.00929368029739777,True,0.005,0.025
5,1,35,0.0,0.0,1,propagule,1576,0,0,0.010786802030456852,True,0.005,0.025
5,1,36,0.0,0.0,1,propagule,1535,0,0,0.012377850162866449,True,0.005,0.025
5,1,37,0.0,0.0,1,propagule,1511,0,0,0.011912640635340834,True,0.005,0.025
5,1,38,0.0,0.0,1,propagule,1489,0,0,0.013431833445265278,True,0.005,0.025
5,1,39,0.0,0.0,1,propagule,1441,0,0,0.012491325468424705,True,0.005,0.025
5,1,40,0.0,0.0,1,propagule,1452,0,0,0.013085399449035813,True,0.005,0.025
5,1,41,0.0,0.0,1,propagule,1410,0,0,0.01347517730496454,True,0.005,0.025
5,1,42,0.0,0.0,1,propagule,1418,0,0,0.014104372355430184,True,0.005,0.025
5,1,43,0.0,0.0,1,propagule,1400,0,0,0.025,True,0.005,0.025
5,1,44,0.0,0.0,1,propagule,1400,0,0,0.023571428571428573,True,0.005,0.025
5,1,45,0.0,0.0,1,propagule,1353,0,0,0.023651145602365115,True,0.005,0.025
5,1,46,0.0,0.0,1,propagule,1346,0,0,0.02526002971768202,True,0.005,0.025
5,1,47,0.0,0.0,1,propagule,1318,0,0,0.024279210925644917,True,0.005,0.025
5,1,48,0.0,0.0,1,propagule,1309,0,0,0.02750190985485103,True,0.005,0.025
5,1,49,0.0,0.0,1,propagule,1297,0,0,0.025443330763299923,True,0.005,0.025
5,1,50,0.0,0.0,1,propagule,1272,0,0,0.02830188679245283,True,0.005,0.025
5,1,51,0.0,0.0,1,propagule,1271,0,0,0.03304484657749803,True,0.005,0.025
5,1,52,0.0,0.0,1,propagule,1249,0,0,0.032025620496397116,True,0.005,0.025
5,2,1,0.0,0.0,1,propagule,1245,0,0,0.03293172690763052,True,0.005,0.025
5,2,2,0.0,0.0,1,propagule,1210,0,0,0.03305785123966942,True,0.005,0.025
5,2,3,0.0,0.0,1,propagule,1188,0,0,0.03535353535353535,True,0.005,0.025
5,2,4,0.0,0.0,1,propagule,1185,0,0,0.038818565400843885,True,0.005,0.025
5,2,5,0.0,0.0,1,propagule,1163,0,0,0.04213241616509028,True,0.005,0.025
5,2,6,0.0,0.0,1,propagule,1150,0,0,0.04173913043478261,True,0.005,0.025
5,2,7,0.0,0.0,1,propagule,1138,0,0,0.0421792618629174,True,0.005,0.025
5,2,8,0.0,0.0,1,propagule,1121,0,0,0.04192685102586976,True,0.005,0.025
5,2,9,0.0,0.0,1,propagule,1101,0,0,0.04087193460490463,True,0.005,0.025
5,2,10,0.0,0.0,1,propagule,1092,0,0,0.040293040293040296,True,0.005,0.025
5,2,11,0.0,0.0,1,propagule,1077,0,0,0.039925719591457756,True,0.005,0.025
5,2,12,0.0,0.0,1,propagule,1067,0,0,0.041237113402061855,True,0.005,0.025
5,2,13,0.0,0.0,1,propagule,1058,0,0,0.04253308128544423,True,0.005,0.025
5,2,14,0.0,0.0,1,propagule,1048,0,0,0.04103053435114504,True,0.005,0.025
5,2,15,0.0,0.0,1,propagule,1036,0,0,0.04054054054054054,True,0.005,0.025
5,2,16,0.0,0.0,1,propagule,1027,0,0,0.04186952288218111,True,0.005,0.025
5,2,17,0.0,0.0,1,propagule,1018,0,0,0.04616895874263261,True,0.005,0.025
5,2,18,0.0,0.0,1,propagule,2043,0,0,0.023494860499265784,True,0.005,0.025
5,2,19,0.0,0.0,1,propagule,1955,0,0,0.019948849104859334,True,0.005,0.025
5,2,20,0.0,0.0,1,propagule,1944,0,0,0.024691358024691357,True,0.005,0.025
5,2,21,0.0,0.0,1,propagule,1863,0,0,0.02308105206655931,True,0.005,0.025
5,2,22,0.0,0.0,1,propagule,1777,0,0,0.024198086662915026,True,0.005,0.025
5,2,23,0.0,0.0,1,propagule,1768,0,0,0.023755656108597284,True,0.005,0.025
5,2,24,0.0,0.0,1,propagule,1714,0,0,0.022753792298716453,True,0.005,0.025
5,2,25,0.0,0.0,1,propagule,1669,0,0,0.019772318753744758,True,0.005,0.025
5,2,26,0.0,0.0,1,propagule,1633,0,0,0.02204531537048377,True,0.005,0.025
5,2,27,0.0,0.0,1,propagule,1628,0,0,0.018427518427518427,True,0.005,0.025
5,2,28,0.0,0.0,1,propagule,1524,0,0,0.01837270341207349,True,0.005,0.025
5,2,29,0.0,0.0,1,propagule,1485,0,0,0.016835016835016835,True,0.005,0.025
5,2,30,0.0,0.0,1,propagule,1429,0,0,0.01609517144856543,True,0.005,0.025
5,2,31,0.0,0.0,1,propagule,1439,0,0,0.019457956914523976,True,0.005,0.025
5,2,32,0.0,0.0,1,propagule,1349,0,0,0.017790956263899184,True,0.005,0.025
5,2,33,0.0,0.0,1,propagule,1371,0,0,0.0175054704595186,True,0.005,0.025
5,2,34,0.0,0.0,1,propagule,1313,0,0,0.015232292460015232,True,0.005,0.025
5,2,35,0.0,0.0,1,propagule,1348,0,0,0.017062314540059347,True,0.005,0.025
5,2,36,0.0,0.0,1,propagule,1247,0,0,0.01764234161988773,True,0.005,0.025
5,2,37,0.0,0.0,1,propagule,1278,0,0,0.03129890453834116,True,0.005,0.025
5,2,38,0.0,0.0,1,propagule,1211,0,0,0.026424442609413706,True,0.005,0.025
5,2,39,0.0,0.0,1,propagule,1217,0,0,0.031224322103533278,True,0.005,0.025
5,2,40,0.0,0.0,1,propagule,1164,0,0,0.024054982817869417,True,0.005,0.025
5,2,41,0.0,0.0,1,propagule,1168,0,0,0.02910958904109589,True,0.005,0.025
5,2,42,0.0,0.0,1,propagule,1135,0,0,0.02643171806167401,True,0.005,0.025
5,2,43,0.0,0.0,1,propagule,1235,0,0,0.08016194331983806,True,0.005,0.025
5,2,44,0.0,0.0,1,propagule,1160,0,0,0.06293103448275862,True,0.005,0.025
5,2,45,0.0,0.0,1,propagule,1139,0,0,0.05970149253731343,True,0.005,0.025
5,2,46,0.0,0.0,1,propagule,1084,0,0,0.05719557195571956,True,0.005,0.025
5,2,47,0.0,0.0,1,propagule,1093,0,0,0.06312900274473925,True,0.005,0.025
5,2,48,0.0,0.0,1,propagule,1050,0,0,0.05238095238095238,True,0.005,0.025
5,2,49,0.0,0.0,1,propagule,1044,0,0,0.05842911877394636,True,0.005,0.025
5,2,50,0.0,0.0,1,propagule,1024,0,0,0.056640625,True,0.005,0.025
5,2,51,0.0,0.0,1,propagule,1029,0,0,0.06511175898931001,True,0.005,0.025
5,2,52,0.0,0.0,1,propagule,1002,0,0,0.05888223552894212,True,0.005,0.025
5,3,1,0.0,0.0,1,propagule,993,0,0,0.06445115810674723,True,0.005,0.025
5,3,2,0.0,0.0,1,propagule,976,0,0,0.060450819672131145,True,0.005,0.025
5,3,3,0.0,0.0,1,propagule,977,0,0,0.06960081883316274,True,0.005,0.025
5,3,4,0.0,0.0,1,propagule,945,0,0,0.06243386243386243,True,0.005,0.025
5,3,5,0.0,0.0,1,propagule,952,0,0,0.0661764705882353,True,0.005,0.025
5,3,6,0.0,0.0,1,propagule,926,0,0,0.06263498920086392,True,0.005,0.025
5,3,7,0.0,0.0,1,propagule,935,0,0,0.06631016042780749,True,0.005,0.025
5,3,8,0.0,0.0,1,propagule,901,0,0,0.06215316315205328,True,0.005,0.025
5,3,9,0.0,0.0,1,propagule,907,0,0,0.06615214994487321,True,0.005,0.025
5,3,10,0.0,0.0,1,propagule,890,0,0,0.0651685393258427,True,0.005,0.025
5,3,11,0.0,0.0,1,propagule,903,0,0,0.07308970099667775,True,0.005,0.025
5,3,12,0.0,0.0,1,propagule,877,0,0,0.06499429874572406,True,0.005,0.025
5,3,13,0.0,0.0,1,propagule,887,0,0,0.07328072153325817,True,0.005,0.025
5,3,14,0.0,0.0,1,propagule,862,0,0,0.06496519721577726,True,0.005,0.025
5,3,15,0.0,0.0,1,propagule,865,0,0,0.07283236994219654,True,0.005,0.025
5,3,16,0.0,0.0,1,propagule,839,0,0,0.06555423122765197,True,0.005,0.025
5,3,17,0.0,0.0,1,propagule,851,0,0,0.07873090481786134,True,0.005,0.025
5,3,18,0.0,0.0,1,propagule,1910,0,0,0.02931937172774869,True,0.005,0.025
5,3,19,0.0,0.0,1,propagule,1926,0,0,0.03374870197300104,True,0.005,0.025
5,3,20,0.0,0.0,1,propagule,1809,0,0,0.029297954671088998,True,0.005,0.025
5,3,21,0.0,0.0,1,propagule,1794,0,0,0.033444816053511704,True,0.005,0.025
5,3,22,0.0,0.0,1,propagule,1709,0,0,0.03510825043885313,True,0.005,0.025
5,3,23,0.0,0.0,1,propagule,1681,0,0,0.03390838786436645,True,0.005,0.025
5,3,24,0.0,0.0,1,propagule,1608,0,0,0.033582089552238806,True,0.005,0.025
5,3,25,0.0,0.0,1,propagule,1555,0,0,0.036655948553054665,True,0.005,0.025
5,3,26,0.0,0.0,1,propagule,1537,0,0,0.035783994795055306,True,0.005,0.025
5,3,27,0.0,0.0,1,propagule,1504,0,0,0.03789893617021277,True,0.005,0.025
5,3,28,0.0,0.0,1,propagule,1461,0,0,0.03627652292950034,True,0.005,0.025
5,3,29,0.0,0.0,1,propagule,1446,0,0,0.03734439834024896,True,0.005,0.025
5,3,30,0.0,0.0,1,propagule,1352,0,0,0.03550295857988166,True,0.005,0.025
5,3,31,0.0,0.0,1,propagule,1337,0,0,0.0344053851907255,True,0.005,0.025
5,3,32,0.0,0.0,1,propagule,1288,0,0,0.033385093167701864,True,0.005,0.025
5,3,33,0.0,0.0,1,propagule,1272,0,0,0.03459119496855346,True,0.005,0.025
5,3,34,0.0,0.0,1,propagule,1227,0,0,0.03504482477587612,True,0.005,0.025
5,3,35,0.0,0.0,1,propagule,1242,0,0,0.0426731078904992,True,0.005,0.025
5,3,36,0.0,0.0,1,propagule,1183,0,0,0.04057480980557904,True,0.005,0.025
5,3,37,0.0,0.0,1,propagule,1170,0,0,0.046153846153846156,True,0.005,0.025
5,3,38,0.0,0.0,1,propagule,1123,0,0,0.048975957257346395,True,0.005,0.025
5,3,39,0.0,0.0,1,propagule,1115,0,0,0.053811659192825115,True,0.005,0.025
5,3,40,0.0,0.0,1,propagule,1081,0,0,0.04440333024976873,True,0.005,0.025
5,3,41,0.0,0.0,1,propagule,1070,0,0,0.04953271028037383,True,0.005,0.025
5,3,42,0.0,0.0,1,propagule,1048,0,0,0.04770992366412214,True,0.005,0.025
5,3,43,0.0,0.0,1,propagule,1187,0,0,0.12721145745577084,True,0.005,0.025
5,3,44,0.0,0.0,1,propagule,1127,0,0,0.11180124223602485,True,0.005,0.025
5,3,45,0.0,0.0,1,propagule,1083,0,0,0.10341643582640812,True,0.005,0.025
5,3,46,0.0,0.0,1,propagule,1065,0,0,0.10704225352112676,True,0.005,0.025
5,3,47,0.0,0.0,1,propagule,1056,0,0,0.10321969696969698,True,0.005,0.025
5,3,48,0.0,0.0,1,propagule,1042,0,0,0.1017274472168906,True,0.005,0.025
5,3,49,0.0,0.0,1,propagule,1031,0,0,0.10766246362754607,True,0.005,0.025
5,3,50,0.0,0.0,1,propagule,1022,0,0,0.10567514677103718,True,0.005,0.025
5,3,51,0.0,0.0,1,propagule,1010,0,0,0.10693069306930693,True,0.005,0.025
5,3,52,0.0,0.0,1,propagule,989,0,0,0.10920121334681497,True,0.005,0.025
5,4,1,0.0,0.0,1,propagule,974,0,0,0.10780287474332649,True,0.005,0.025
5,4,2,0.0,0.0,1,propagule,963,0,0,0.10695742471443406,True,0.005,0.025
5,4,3,0.0,0.0,1,propagule,958,0,0,0.10438413361169102,True,0.005,0.025
5,4,4,0.0,0.0,1,propagule,946,0,0,0.10676532769556026,True,0.005,0.025
5,4,5,0.0,0.0,1,propagule,928,0,0,0.10344827586206896,True,0.005,0.025
5,4,6,0.0,0.0,1,propagule,929,0,0,0.10979547900968784,True,0.005,0.025
5,4,7,0.0,0.0,1,propagule,916,0,0,0.11026200873362445,True,0.005,0.025
5,4,8,0.0,0.0,1,propagule,902,0,0,0.10975609756097561,True,0.005,0.025
5,4,9,0.0,0.0,1,propagule,900,0,0,0.1111111111111111,True,0.005,0.025
5,4,10,0.0,0.0,1,propagule,886,0,0,0.11060948081264109,True,0.005,0.025
5,4,11,0.0,0.0,1,propagule,880,0,0,0.11136363636363636,True,0.005,0.025
5,4,12,0.0,0.0,1,propagule,864,0,0,0.1076388888888889,True,0.005,0.025
5,4,13,0.0,0.0,1,propagule,870,0,0,0.11494252873563218,True,0.005,0.025
5,4,14,0.0,0.0,1,propagule,850,0,0,0.11058823529411765,True,0.005,0.025
5,4,15,0.0,0.0,1,propagule,841,0,0,0.11296076099881094,True,0.005,0.025
5,4,16,0.0,0.0,1,propagule,826,0,0,0.11501210653753027,True,0.005,0.025
5,4,17,0.0,0.0,1,propagule,829,0,0,0.11700844390832328,True,0.005,0.025
5,4,18,0.0,0.0,1,propagule,1785,0,0,0.05266106442577031,True,0.005,0.025
5,4,19,0.0,0.0,1,propagule,1756,0,0,0.05239179954441914,True,0.005,0.025
5,4,20,0.0,0.0,1,propagule,1718,0,0,0.052968568102444706,True,0.005,0.025
5,4,21,0.0,0.0,1,propagule,1691,0,0,0.0514488468361916,True,0.005,0.025
5,4,22,0.0,0.0,1,propagule,1637,0,0,0.05375687232742822,True,0.005,0.025
5,4,23,0.0,0.0,1,propagule,1599,0,0,0.05628517823639775,True,0.005,0.025
5,4,24,0.0,0.0,1,propagule,1537,0,0,0.05465191932335719,True,0.005,0.025
5,4,25,0.0,0.0,1,propagule,1525,0,0,0.05639344262295082,True,0.005,0.025
5,4,26,0.0,0.0,1,propagule,1468,0,0,0.05313351498637602,True,0.005,0.025
5,4,27,0.0,0.0,1,propagule,1464,0,0,0.0546448087431694,True,0.005,0.025
5,4,28,0.0,0.0,1,propagule,1411,0,0,0.05457122608079376,True,0.005,0.025
5,4,29,0.0,0.0,1,propagule,1377,0,0,0.05737109658678286,True,0.005,0.025
5,4,30,0.0,0.0,1,propagule,1355,0,0,0.05830258302583026,True,0.005,0.025
5,4,31,0.0,0.0,1,propagule,1393,0,0,0.06460875807609476,True,0.005,0.025
5,4,32,0.0,0.0,1,propagule,1352,0,0,0.0643491124260355,True,0.005,0.025
5,4,33,0.0,0.0,1,propagule,1316,0,0,0.06534954407294832,True,0.005,0.025
5,4,34,0.0,0.0,1,propagule,1271,0,0,0.06215578284815106,True,0.005,0.025
5,4,35,0.0,0.0,1,propagule,1249,0,0,0.06405124099279423,True,0.005,0.025
5,4,36,0.0,0.0,1,propagule,1205,0,0,0.07385892116182573,True,0.005,0.025
5,4,37,0.0,0.0,1,propagule,1191,0,0,0.06801007556675064,True,0.005,0.025
5,4,38,0.0,0.0,1,propagule,1168,0,0,0.0684931506849315,True,0.005,0.025
5,4,39,0.0,0.0,1,propagule,1152,0,0,0.07552083333333333,True,0.005,0.025
5,4,40,0.0,0.0,1,propagule,1132,0,0,0.07243816254416961,True,0.005,0.025
5,4,41,0.0,0.0,1,propagule,1122,0,0,0.07754010695187166,True,0.005,0.025
5,4,42,0.0,0.0,1,propagule,1092,0,0,0.07509157509157509,True,0.005,0.025
5,4,43,0.0,0.0,1,propagule,1216,0,0,0.140625,True,0.005,0.025
5,4,44,0.0,0.0,1,propagule,1128,0,0,0.12145390070921985,True,0.005,0.025
5,4,45,0.0,0.0,1,propagule,1091,0,0,0.11365719523373052,True,0.005,0.025
5,4,46,0.0,0.0,1,propagule,1075,0,0,0.10976744186046512,True,0.005,0.025
5,4,47,0.0,0.0,1,propagule,1046,0,0,0.11376673040152964,True,0.005,0.025
5,4,48,0.0,0.0,1,propagule,1017,0,0,0.11307767944936087,True,0.005,0.025
5,4,49,0.0,0.0,1,propagule,993,0,0,0.1067472306143001,True,0.005,0.025
5,4,50,0.0,0.0,1,propagule,993,0,0,0.11379657603222558,True,0.005,0.025
5,4,51,0.0,0.0,1,propagule,965,0,0,0.11088082901554404,True,0.005,0.025
5,4,52,0.0,0.0,1,propagule,946,0,0,0.10993657505285412,True,0.005,0.025
5,5,1,0.0,0.0,1,propagule,941,0,0,0.1126461211477152,True,0.005,0.025
5,5,2,0.0,0.0,1,propagule,930,0,0,0.11827956989247312,True,0.005,0.025
5,5,3,0.0,0.0,1,propagule,921,0,0,0.11292073832790445,True,0.005,0.025
5,5,4,0.0,0.0,1,propagule,904,0,0,0.1172566371681416,True,0.005,0.025
5,5,5,0.0,0.0,1,propagule,893,0,0,0.11534154535274356,True,0.005,0.025
5,5,6,0.0,0.0,1,propagule,876,0,0,0.1141552511415525,True,0.005,0.025
5,5,7,0.0,0.0,1,propagule,857,0,0,0.10968494749124855,True,0.005,0.025
5,5,8,0.0,0.0,1,propagule,852,0,0,0.11619718309859155,True,0.005,0.025
5,5,9,0.0,0.0,1,propagule,845,0,0,0.11479289940828402,True,0.005,0.025
5,5,10,0.0,0.0,1,propagule,831,0,0,0.11793020457280386,True,0.005,0.025
5,5,11,0.0,0.0,1,propagule,818,0,0,0.11858190709046455,True,0.005,0.025
5,5,12,0.0,0.0,1,propagule,811,0,0,0.12083847102342787,True,0.005,0.025
5,5,13,0.0,0.0,1,propagule,795,0,0,0.11949685534591195,True,0.005,0.025
5,5,14,0.0,0.0,1,propagule,789,0,0,0.11787072243346007,True,0.005,0.025
5,5,15,0.0,0.0,1,propagule,781,0,0,0.1203585147247119,True,0.005,0.025
5,5,16,0.0,0.0,1,propagule,774,0,0,0.11757105943152454,True,0.005,0.025
5,5,17,0.0,0.0,1,propagule,761,0,0,0.11826544021024968,True,0.005,0.025
5,5,18,0.0,0.0,1,propagule,1760,0,0,0.051704545454545454,True,0.005,0.025
5,5,19,0.0,0.0,1,propagule,1723,0,0,0.05107370864770749,True,0.005,0.025
5,5,20,0.0,0.0,1,propagule,1705,0,0,0.05219941348973607,True,0.005,0.025
5,5,21,0.0,0.0,1,propagule,1660,0,0,0.051807228915662654,True,0.005,0.025
5,5,22,0.0,0.0,1,propagule,1622,0,0,0.056103575832305796,True,0.005,0.025
5,5,23,0.0,0.0,1,propagule,1571,0,0,0.0547422024188415,True,0.005,0.025
5,5,24,0.0,0.0,1,propagule,1555,0,0,0.059163987138263666,True,0.005,0.025
5,5,25,0.0,0.0,1,propagule,1492,0,0,0.05630026809651475,True,0.005,0.025
5,5,26,0.0,0.0,1,propagule,1487,0,0,0.05850706119704102,True,0.005,0.025
5,5,27,0.0,0.0,1,propagule,1454,0,0,0.0577716643741403,True,0.005,0.025
5,5,28,0.0,0.0,1,propagule,1450,0,0,0.05931034482758621,True,0.005,0.025
5,5,29,0.0,0.0,1,propagule,1395,0,0,0.05734767025089606,True,0.005,0.025
5,5,30,0.0,0.0,1,propagule,1378,0,0,0.06095791001451379,True,0.005,0.025
5,5,31,0.0,0.0,1,propagule,1326,0,0,0.05656108597285068,True,0.005,0.025
5,5,32,0.0,0.0,1,propagule,1332,0,0,0.060810810810810814,True,0.005,0.025
5,5,33,0.0,0.0,1,propagule,1215,0,0,0.05925925925925926,True,0.005,0.025
5,5,34,0.0,0.0,1,propagule,1197,0,0,0.06015037593984962,True,0.005,0.025
5,5,35,0.0,0.0,1,propagule,1158,0,0,0.05958549222797927,True,0.005,0.025
5,5,36,0.0,0.0,1,propagule,1128,0,0,0.061170212765957445,True,0.005,0.025
5,5,37,0.0,0.0,1,propagule,1099,0,0,0.06369426751592357,True,0.005,0.025
5,5,38,0.0,0.0,1,propagule,1078,0,0,0.06586270871985157,True,0.005,0.025
5,5,39,0.0,0.0,1,propagule,1051,0,0,0.06184586108468126,True,0.005,0.025
5,5,40,0.0,0.0,1,propagule,1053,0,0,0.06837606837606838,True,0.005,0.025
5,5,41,0.0,0.0,1,propagule,1030,0,0,0.06601941747572816,True,0.005,0.025
5,5,42,0.0,0.0,1,propagule,1028,0,0,0.07101167315175097,True,0.005,0.025
5,5,43,0.0,0.0,1,propagule,1162,0,0,0.15748709122203097,True,0.005,0.025
5,5,44,0.0,0.0,1,propagule,1079,0,0,0.1371640407784986,True,0.005,0.025
5,5,45,0.0,0.0,1,propagule,1021,0,0,0.11263467189030363,True,0.005,0.025
5,5,46,0.0,0.0,1,propagule,973,0,0,0.10380267214799589,True,0.005,0.025
5,5,47,0.0,0.0,1,propagule,962,0,0,0.11122661122661123,True,0.005,0.025
5,5,48,0.0,0.0,1,propagule,938,0,0,0.10127931769722814,True,0.005,0.025
5,5,49,0.0,0.0,1,propagule,923,0,0,0.10292524377031419,True,0.005,0.025
5,5,50,0.0,0.0,1,propagule,910,0,0,0.0967032967032967,True,0.005,0.025
5,5,51,0.0,0.0,1,propagule,900,0,0,0.10555555555555556,True,0.005,0.025
5,5,52,0.0,0.0,1,propagule,881,0,0,0.09648127128263337,True,0.005,0.025
5,6,1,0.0,0.0,1,propagule,878,0,0,0.10022779043280182,True,0.005,0.025
5,6,2,0.0,0.0,1,propagule,869,0,0,0.10126582278481013,True,0.005,0.025
5,6,3,0.0,0.0,1,propagule,873,0,0,0.10882016036655212,True,0.005,0.025
5,6,4,0.0,0.0,1,propagule,851,0,0,0.10105757931844889,True,0.005,0.025
5,6,5,0.0,0.0,1,propagule,853,0,0,0.11137162954279015,True,0.005,0.025
5,6,6,0.0,0.0,1,propagule,841,0,0,0.10463733650416171,True,0.005,0.025
5,6,7,0.0,0.0,1,propagule,836,0,0,0.11363636363636363,True,0.005,0.025
5,6,8,0.0,0.0,1,propagule,828,0,0,0.1111111111111111,True,0.005,0.025
5,6,9,0.0,0.0,1,propagule,811,0,0,0.10850801479654747,True,0.005,0.025
5,6,10,0.0,0.0,1,propagule,805,0,0,0.10807453416149068,True,0.005,0.025
5,6,11,0.0,0.0,1,propagule,800,0,0,0.11125,True,0.005,0.025
5,6,12,0.0,0.0,1,propagule,790,0,0,0.11139240506329114,True,0.005,0.025
5,6,13,0.0,0.0,1,propagule,782,0,0,0.11508951406649616,True,0.005,0.025
5,6,14,0.0,0.0,1,propagule,778,0,0,0.11825192802056556,True,0.005,0.025
5,6,15,0.0,0.0,1,propagule,766,0,0,0.11879895561357702,True,0.005,0.025
5,6,16,0.0,0.0,1,propagule,763,0,0,0.11795543905635648,True,0.005,0.025
5,6,17,0.0,0.0,1,propagule,754,0,0,0.1246684350132626,True,0.005,0.025
5,6,18,0.0,0.0,1,propagule,1704,0,0,0.0534037558685446,True,0.005,0.025
5,6,19,0.0,0.0,1,propagule,1662,0,0,0.05354993983152828,True,0.005,0.025
5,6,20,0.0,0.0,1,propagule,1637,0,0,0.05497861942577886,True,0.005,0.025
5,6,21,0.0,0.0,1,propagule,1605,0,0,0.05669781931464175,True,0.005,0.025
5,6,22,0.0,0.0,1,propagule,1559,0,0,0.055805003207184095,True,0.005,0.025
5,6,23,0.0,0.0,1,propagule,1547,0,0,0.057530704589528116,True,0.005,0.025
5,6,24,0.0,0.0,1,propagule,1484,0,0,0.05660377358490566,True,0.005,0.025
5,6,25,0.0,0.0,1,propagule,1445,0,0,0.06089965397923876,True,0.005,0.025
5,6,26,0.0,0.0,1,propagule,1398,0,0,0.060085836909871244,True,0.005,0.025
5,6,27,0.0,0.0,1,propagule,1367,0,0,0.06071689831748354,True,0.005,0.025
5,6,28,0.0,0.0,1,propagule,1339,0,0,0.06348020911127707,True,0.005,0.025
5,6,29,0.0,0.0,1,propagule,1312,0,0,0.06554878048780488,True,0.005,0.025
5,6,30,0.0,0.0,1,propagule,1261,0,0,0.06423473433782712,True,0.005,0.025
5,6,31,0.0,0.0,1,propagule,1225,0,0,0.06448979591836734,True,0.005,0.025
5,6,32,0.0,0.0,1,propagule,1232,0,0,0.07142857142857142,True,0.005,0.025
5,6,33,0.0,0.0,1,propagule,1182,0,0,0.06937394247038917,True,0.005,0.025
5,6,34,0.0,0.0,1,propagule,1152,0,0,0.06944444444444445,True,0.005,0.025
5,6,35,0.0,0.0,1,propagule,1128,0,0,0.07092198581560284,True,0.005,0.025
5,6,36,0.0,0.0,1,propagule,1109,0,0,0.0775473399458972,True,0.005,0.025
5,6,37,0.0,0.0,1,propagule,1066,0,0,0.075046904315197,True,0.005,0.025
5,6,38,0.0,0.0,1,propagule,1063,0,0,0.0799623706491063,True,0.005,0.025
5,6,39,0.0,0.0,1,propagule,1023,0,0,0.07331378299120235,True,0.005,0.025
5,6,40,0.0,0.0,1,propagule,1011,0,0,0.0751730959446093,True,0.005,0.025
5,6,41,0.0,0.0,1,propagule,986,0,0,0.07606490872210954,True,0.005,0.025
5,6,42,0.0,0.0,1,propagule,975,0,0,0.08307692307692308,True,0.005,0.025
5,6,43,0.0,0.0,1,propagule,1192,0,0,0.19714765100671142,True,0.005,0.025
5,6,44,0.0,0.0,1,propagule,1085,0,0,0.16589861751152074,True,0.005,0.025
5,6,45,0.0,0.0,1,propagule,1018,0,0,0.13555992141453832,True,0.005,0.025
5,6,46,0.0,0.0,1,propagule,972,0,0,0.12654320987654322,True,0.005,0.025
5,6,47,0.0,0.0,1,propagule,948,0,0,0.12552742616033755,True,0.005,0.025
5,6,48,0.0,0.0,1,propagule,909,0,0,0.11221122112211221,True,0.005,0.025
5,6,49,0.0,0.0,1,propagule,903,0,0,0.11406423034330011,True,0.005,0.025
5,6,50,0.0,0.0,1,propagule,884,0,0,0.11199095022624435,True,0.005,0.025
5,6,51,0.0,0.0,1,propagule,873,0,0,0.10767468499427263,True,0.005,0.025
5,6,52,0.0,0.0,1,propagule,851,0,0,0.10575793184488837,True,0.005,0.025
5,7,1,0.0,0.0,1,propagule,850,0,0,0.10941176470588235,True,0.005,0.025
5,7,2,0.0,0.0,1,propagule,836,0,0,0.10406698564593302,True,0.005,0.025
5,7,3,0.0,0.0,1,propagule,829,0,0,0.10856453558504221,True,0.005,0.025
5,7,4,0.0,0.0,1,propagule,816,0,0,0.10784313725490197,True,0.005,0.025
5,7,5,0.0,0.0,1,propagule,804,0,0,0.11318407960199005,True,0.005,0.025
5,7,6,0.0,0.0,1,propagule,800,0,0,0.115,True,0.005,0.025
5,7,7,0.0,0.0,1,propagule,788,0,0,0.11421319796954314,True,0.005,0.025
5,7,8,0.0,0.0,1,propagule,776,0,0,0.11597938144329897,True,0.005,0.025
5,7,9,0.0,0.0,1,propagule,760,0,0,0.11315789473684211,True,0.005,0.025
5,7,10,0.0,0.0,1,propagule,754,0,0,0.11538461538461539,True,0.005,0.025
5,7,11,0.0,0.0,1,propagule,742,0,0,0.11320754716981132,True,0.005,0.025
5,7,12,0.0,0.0,1,propagule,736,0,0,0.11956521739130435,True,0.005,0.025
5,7,13,0.0,0.0,1,propagule,724,0,0,0.11464088397790055,True,0.005,0.025
5,7,14,0.0,0.0,1,propagule,718,0,0,0.11142061281337047,True,0.005,0.025
5,7,15,0.0,0.0,1,propagule,706,0,0,0.11614730878186968,True,0.005,0.025
5,7,16,0.0,0.0,1,propagule,703,0,0,0.12091038406827881,True,0.005,0.025
5,7,17,0.0,0.0,1,propagule,698,0,0,0.11604584527220631,True,0.005,0.025
5,7,18,0.0,0.0,1,propagule,1639,0,0,0.04697986577181208,True,0.005,0.025
5,7,19,0.0,0.0,1,propagule,1684,0,0,0.05641330166270784,True,0.005,0.025
5,7,20,0.0,0.0,1,propagule,1591,0,0,0.05091137649277184,True,0.005,0.025
5,7,21,0.0,0.0,1,propagule,1580,0,0,0.053164556962025315,True,0.005,0.025
5,7,22,0.0,0.0,1,propagule,1536,0,0,0.052734375,True,0.005,0.025
5,7,23,0.0,0.0,1,propagule,1469,0,0,0.05445881552076242,True,0.005,0.025
5,7,24,0.0,0.0,1,propagule,1438,0,0,0.05354659248956885,True,0.005,0.025
5,7,25,0.0,0.0,1,propagule,1419,0,0,0.05426356589147287,True,0.005,0.025
5,7,26,0.0,0.0,1,propagule,1393,0,0,0.05527638190954774,True,0.005,0.025
5,7,27,0.0,0.0,1,propagule,1371,0,0,0.05762217359591539,True,0.005,0.025
5,7,28,0.0,0.0,1,propagule,1327,0,0,0.06028636021100226,True,0.005,0.025
5,7,29,0.0,0.0,1,propagule,1294,0,0,0.05641421947449768,True,0.005,0.025
5,7,30,0.0,0.0,1,propagule,1251,0,0,0.05755395683453238,True,0.005,0.025
5,7,31,0.0,0.0,1,propagule,1245,0,0,0.06506024096385542,True,0.005,0.025
5,7,32,0.0,0.0,1,propagule,1217,0,0,0.06327033689400165,True,0.005,0.025
5,7,33,0.0,0.0,1,propagule,1186,0,0,0.06323777403035413,True,0.005,0.025
5,7,34,0.0,0.0,1,propagule,1155,0,0,0.06233766233766234,True,0.005,0.025
5,7,35,0.0,0.0,1,propagule,1133,0,0,0.06354810238305383,True,0.005,0.025
5,7,36,0.0,0.0,1,propagule,1110,0,0,0.06396396396396396,True,0.005,0.025
5,7,37,0.0,0.0,1,propagule,1078,0,0,0.06493506493506493,True,0.005,0.025
5,7,38,0.0,0.0,1,propagule,1072,0,0,0.06623134328358209,True,0.005,0.025
5,7,39,0.0,0.0,1,propagule,1054,0,0,0.06641366223908918,True,0.005,0.025
5,7,40,0.0,0.0,1,propagule,1046,0,0,0.06692160611854685,True,0.005,0.025
5,7,41,0.0,0.0,1,propagule,1024,0,0,0.0693359375,True,0.005,0.025
5,7,42,0.0,0.0,1,propagule,1017,0,0,0.0688298918387414,True,0.005,0.025
5,7,43,0.0,0.0,1,propagule,1178,0,0,0.17572156196943972,True,0.005,0.025
5,7,44,0.0,0.0,1,propagule,1057,0,0,0.13245033112582782,True,0.005,0.025
5,7,45,0.0,0.0,1,propagule,1012,0,0,0.12648221343873517,True,0.005,0.025
5,7,46,0.0,0.0,1,propagule,971,0,0,0.11431513903192585,True,0.005,0.025
5,7,47,0.0,0.0,1,propagule,942,0,0,0.10828025477707007,True,0.005,0.025
5,7,48,0.0,0.0,1,propagule,912,0,0,0.10416666666666667,True,0.005,0.025
5,7,49,0.0,0.0,1,propagule,898,0,0,0.10356347438752785,True,0.005,0.025
5,7,50,0.0,0.0,1,propagule,863,0,0,0.10081112398609501,True,0.005,0.025
5,7,51,0.0,0.0,1,propagule,846,0,0,0.1016548463356974,True,0.005,0.025
5,7,52,0.0,0.0,1,propagule,835,0,0,0.10419161676646707,True,0.005,0.025
5,8,1,0.0,0.0,1,propagule,810,0,0,0.09506172839506173,True,0.005,0.025
5,8,2,0.0,0.0,1,propagule,808,0,0,0.10148514851485149,True,0.005,0.025
5,8,3,0.0,0.0,1,propagule,788,0,0,0.09390862944162437,True,0.005,0.025
5,8,4,0.0,0.0,1,propagule,779,0,0,0.10526315789473684,True,0.005,0.025
5,8,5,0.0,0.0,1,propagule,765,0,0,0.10065359477124183,True,0.005,0.025
5,8,6,0.0,0.0,1,propagule,772,0,0,0.11269430051813471,True,0.005,0.025
5,8,7,0.0,0.0,1,propagule,752,0,0,0.09973404255319149,True,0.005,0.025
5,8,8,0.0,0.0,1,propagule,756,0,0,0.11772486772486772,True,0.005,0.025
5,8,9,0.0,0.0,1,propagule,739,0,0,0.10960757780784844,True,0.005,0.025
5,8,10,0.0,0.0,1,propagule,736,0,0,0.11684782608695653,True,0.005,0.025
5,8,11,0.0,0.0,1,propagule,722,0,0,0.1149584487534626,True,0.005,0.025
5,8,12,0.0,0.0,1,propagule,719,0,0,0.12100139082058414,True,0.005,0.025
5,8,13,0.0,0.0,1,propagule,710,0,0,0.11690140845070422,True,0.005,0.025
5,8,14,0.0,0.0,1,propagule,700,0,0,0.12,True,0.005,0.025
5,8,15,0.0,0.0,1,propagule,698,0,0,0.12607449856733524,True,0.005,0.025
5,8,16,0.0,0.0,1,propagule,689,0,0,0.12191582002902758,True,0.005,0.025
5,8,17,0.0,0.0,1,propagule,688,0,0,0.12645348837209303,True,0.005,0.025
5,8,18,0.0,0.0,1,propagule,1627,0,0,0.05224339274738783,True,0.005,0.025
5,8,19,0.0,0.0,1,propagule,1593,0,0,0.05524168236032643,True,0.005,0.025
5,8,20,0.0,0.0,1,propagule,1569,0,0,0.05481198215423837,True,0.005,0.025
5,8,21,0.0,0.0,1,propagule,1532,0,0,0.05483028720626632,True,0.005,0.025
5,8,22,0.0,0.0,1,propagule,1510,0,0,0.056291390728476824,True,0.005,0.025
5,8,23,0.0,0.0,1,propagule,1498,0,0,0.056742323097463285,True,0.005,0.025
5,8,24,0.0,0.0,1,propagule,1461,0,0,0.0568104038329911,True,0.005,0.025
5,8,25,0.0,0.0,1,propagule,1424,0,0,0.05828651685393258,True,0.005,0.025
5,8,26,0.0,0.0,1,propagule,1407,0,0,0.057569296375266525,True,0.005,0.025
5,8,27,0.0,0.0,1,propagule,1378,0,0,0.05878084179970972,True,0.005,0.025
5,8,28,0.0,0.0,1,propagule,1338,0,0,0.05754857997010463,True,0.005,0.025
5,8,29,0.0,0.0,1,propagule,1294,0,0,0.061823802163833076,True,0.005,0.025
5,8,30,0.0,0.0,1,propagule,1259,0,0,0.06354249404289118,True,0.005,0.025
5,8,31,0.0,0.0,1,propagule,1241,0,0,0.0652699435938759,True,0.005,0.025
5,8,32,0.0,0.0,1,propagule,1208,0,0,0.06705298013245033,True,0.005,0.025
5,8,33,0.0,0.0,1,propagule,1151,0,0,0.06429192006950478,True,0.005,0.025
5,8,34,0.0,0.0,1,propagule,1133,0,0,0.06884377758164166,True,0.005,0.025
5,8,35,0.0,0.0,1,propagule,1108,0,0,0.06949458483754513,True,0.005,0.025
5,8,36,0.0,0.0,1,propagule,1104,0,0,0.07518115942028986,True,0.005,0.025
5,8,37,0.0,0.0,1,propagule,1090,0,0,0.07155963302752294,True,0.005,0.025
5,8,38,0.0,0.0,1,propagule,1073,0,0,0.07269338303821063,True,0.005,0.025
5,8,39,0.0,0.0,1,propagule,1055,0,0,0.07203791469194312,True,0.005,0.025
5,8,40,0.0,0.0,1,propagule,1044,0,0,0.07471264367816093,True,0.005,0.025
5,8,41,0.0,0.0,1,propagule,1029,0,0,0.07191448007774538,True,0.005,0.025
5,8,42,0.0,0.0,1,propagule,1016,0,0,0.07677165354330709,True,0.005,0.025
5,8,43,0.0,0.0,1,propagule,1201,0,0,0.18734388009991673,True,0.005,0.025
5,8,44,0.0,0.0,1,propagule,1096,0,0,0.15875912408759124,True,0.005,0.025
5,8,45,0.0,0.0,1,propagule,1025,0,0,0.13560975609756099,True,0.005,0.025
5,8,46,0.0,0.0,1,propagule,984,0,0,0.1209349593495935,True,0.005,0.025
5,8,47,0.0,0.0,1,propagule,960,0,0,0.12083333333333333,True,0.005,0.025
5,8,48,0.0,0.0,1,propagule,957,0,0,0.12016718913270637,True,0.005,0.025
5,8,49,0.0,0.0,1,propagule,935,0,0,0.11550802139037433,True,0.005,0.025
5,8,50,0.0,0.0,1,propagule,902,0,0,0.11529933481152993,True,0.005,0.025
5,8,51,0.0,0.0,1,propagule,885,0,0,0.11299435028248588,True,0.005,0.025
5,8,52,0.0,0.0,1,propagule,866,0,0,0.10854503464203233,True,0.005,0.025
5,9,1,0.0,0.0,1,propagule,870,0,0,0.11724137931034483,True,0.005,0.025
5,9,2,0.0,0.0,1,propagule,850,0,0,0.11294117647058824,True,0.005,0.025
5,9,3,0.0,0.0,1,propagule,853,0,0,0.1254396248534584,True,0.005,0.025
5,9,4,0.0,0.0,1,propagule,826,0,0,0.11864406779661017,True,0.005,0.025
5,9,5,0.0,0.0,1,propagule,828,0,0,0.1280193236714976,True,0.005,0.025
5,9,6,0.0,0.0,1,propagule,808,0,0,0.12004950495049505,True,0.005,0.025
5,9,7,0.0,0.0,1,propagule,808,0,0,0.13242574257425743,True,0.005,0.025
5,9,8,0.0,0.0,1,propagule,794,0,0,0.12468513853904283,True,0.005,0.025
5,9,9,0.0,0.0,1,propagule,792,0,0,0.12626262626262627,True,0.005,0.025
5,9,10,0.0,0.0,1,propagule,771,0,0,0.11932555123216602,True,0.005,0.025
5,9,11,0.0,0.0,1,propagule,772,0,0,0.12694300518134716,True,0.005,0.025
5,9,12,0.0,0.0,1,propagule,749,0,0,0.12016021361815754,True,0.005,0.025
5,9,13,0.0,0.0,1,propagule,751,0,0,0.13049267643142476,True,0.005,0.025
5,9,14,0.0,0.0,1,propagule,728,0,0,0.12225274725274725,True,0.005,0.025
5,9,15,0.0,0.0,1,propagule,730,0,0,0.1273972602739726,True,0.005,0.025
5,9,16,0.0,0.0,1,propagule,713,0,0,0.12061711079943899,True,0.005,0.025
5,9,17,0.0,0.0,1,propagule,716,0,0,0.1270949720670391,True,0.005,0.025
5,9,18,0.0,0.0,1,propagule,1490,0,0,0.046308724832214765,True,0.005,0.025
5,9,19,0.0,0.0,1,propagule,1476,0,0,0.05013550135501355,True,0.005,0.025
5,9,20,0.0,0.0,1,propagule,1432,0,0,0.04888268156424581,True,0.005,0.025
5,9,21,0.0,0.0,1,propagule,1419,0,0,0.05003523608174771,True,0.005,0.025
5,9,22,0.0,0.0,1,propagule,1386,0,0,0.048340548340548344,True,0.005,0.025
5,9,23,0.0,0.0,1,propagule,1366,0,0,0.05124450951683748,True,0.005,0.025
5,9,24,0.0,0.0,1,propagule,1337,0,0,0.053103964098728494,True,0.005,0.025
5,9,25,0.0,0.0,1,propagule,1339,0,0,0.05526512322628827,True,0.005,0.025
5,9,26,0.0,0.0,1,propagule,1305,0,0,0.056704980842911874,True,0.005,0.025
5,9,27,0.0,0.0,1,propagule,1292,0,0,0.058823529411764705,True,0.005,0.025
5,9,28,0.0,0.0,1,propagule,1251,0,0,0.05755395683453238,True,0.005,0.025
5,9,29,0.0,0.0,1,propagule,1244,0,0,0.06430868167202572,True,0.005,0.025
5,9,30,0.0,0.0,1,propagule,1216,0,0,0.05921052631578947,True,0.005,0.025
5,9,31,0.0,0.0,1,propagule,1203,0,0,0.06317539484621779,True,0.005,0.025
5,9,32,0.0,0.0,1,propagule,1187,0,0,0.061499578770008424,True,0.005,0.025
5,9,33,0.0,0.0,1,propagule,1160,0,0,0.06206896551724138,True,0.005,0.025
5,9,34,0.0,0.0,1,propagule,1132,0,0,0.060954063604240286,True,0.005,0.025
5,9,35,0.0,0.0,1,propagule,1104,0,0,0.06521739130434782,True,0.005,0.025
5,9,36,0.0,0.0,1,propagule,1089,0,0,0.06887052341597796,True,0.005,0.025
5,9,37,0.0,0.0,1,propagule,1075,0,0,0.07069767441860465,True,0.005,0.025
5,9,38,0.0,0.0,1,propagule,1044,0,0,0.06513409961685823,True,0.005,0.025
5,9,39,0.0,0.0,1,propagule,1032,0,0,0.06976744186046512,True,0.005,0.025
5,9,40,0.0,0.0,1,propagule,1023,0,0,0.06940371456500488,True,0.005,0.025
5,9,41,0.0,0.0,1,propagule,1017,0,0,0.07571288102261553,True,0.005,0.025
5,9,42,0.0,0.0,1,propagule,997,0,0,0.07522567703109329,True,0.005,0.025
5,9,43,0.0,0.0,1,propagule,1169,0,0,0.1899059024807528,True,0.005,0.025
5,9,44,0.0,0.0,1,propagule,1051,0,0,0.15794481446241673,True,0.005,0.025
5,9,45,0.0,0.0,1,propagule,994,0,0,0.14285714285714285,True,0.005,0.025
5,9,46,0.0,0.0,1,propagule,951,0,0,0.12933753943217666,True,0.005,0.025
5,9,47,0.0,0.0,1,propagule,920,0,0,0.11413043478260869,True,0.005,0.025
5,9,48,0.0,0.0,1,propagule,902,0,0,0.10975609756097561,True,0.005,0.025
5,9,49,0.0,0.0,1,propagule,893,0,0,0.10862262038073908,True,0.005,0.025
5,9,50,0.0,0.0,1,propagule,882,0,0,0.1111111111111111,True,0.005,0.025
5,9,51,0.0,0.0,1,propagule,870,0,0,0.1103448275862069,True,0.005,0.025
5,9,52,0.0,0.0,1,propagule,865,0,0,0.11329479768786127,True,0.005,0.025
5,10,1,0.0,0.0,1,propagule,846,0,0,0.10756501182033097,True,0.005,0.025
5,10,2,0.0,0.0,1,propagule,849,0,0,0.11071849234393404,True,0.005,0.025
5,10,3,0.0,0.0,1,propagule,832,0,0,0.109375,True,0.005,0.025
5,10,4,0.0,0.0,1,propagule,833,0,0,0.11164465786314526,True,0.005,0.025
5,10,5,0.0,0.0,1,propagule,822,0,0,0.11070559610705596,True,0.005,0.025
5,10,6,0.0,0.0,1,propagule,820,0,0,0.11341463414634147,True,0.005,0.025
5,10,7,0.0,0.0,1,propagule,807,0,0,0.11524163568773234,True,0.005,0.025
5,10,8,0.0,0.0,1,propagule,802,0,0,0.11596009975062344,True,0.005,0.025
5,10,9,0.0,0.0,1,propagule,793,0,0,0.11853720050441362,True,0.005,0.025
5,10,10,0.0,0.0,1,propagule,787,0,0,0.1156289707750953,True,0.005,0.025
5,10,11,0.0,0.0,1,propagule,775,0,0,0.11741935483870967,True,0.005,0.025
5,10,12,0.0,0.0,1,propagule,772,0,0,0.11658031088082901,True,0.005,0.025
5,10,13,0.0,0.0,1,propagule,764,0,0,0.11649214659685864,True,0.005,0.025
5,10,14,0.0,0.0,1,propagule,760,0,0,0.11842105263157894,True,0.005,0.025
5,10,15,0.0,0.0,1,propagule,755,0,0,0.12185430463576159,True,0.005,0.025
5,10,16,0.0,0.0,1,propagule,751,0,0,0.11717709720372836,True,0.005,0.025
5,10,17,0.0,0.0,1,propagule,747,0,0,0.11914323962516733,True,0.005,0.025
5,10,18,0.0,0.0,1,propagule,1609,0,0,0.04599129894344313,True,0.005,0.025
5,10,19,0.0,0.0,1,propagule,1571,0,0,0.047740292807129214,True,0.005,0.025
5,10,20,0.0,0.0,1,propagule,1532,0,0,0.05156657963446475,True,0.005,0.025
5,10,21,0.0,0.0,1,propagule,1482,0,0,0.05060728744939271,True,0.005,0.025
5,10,22,0.0,0.0,1,propagule,1450,0,0,0.05310344827586207,True,0.005,0.025
5,10,23,0.0,0.0,1,propagule,1425,0,0,0.05543859649122807,True,0.005,0.025
5,10,24,0.0,0.0,1,propagule,1401,0,0,0.054960742326909354,True,0.005,0.025
5,10,25,0.0,0.0,1,propagule,1365,0,0,0.05787545787545788,True,0.005,0.025
5,10,26,0.0,0.0,1,propagule,1319,0,0,0.058377558756633814,True,0.005,0.025
5,10,27,0.0,0.0,1,propagule,1301,0,0,0.06072252113758647,True,0.005,0.025
5,10,28,0.0,0.0,1,propagule,1265,0,0,0.05928853754940711,True,0.005,0.025
5,10,29,0.0,0.0,1,propagule,1241,0,0,0.060435132957292505,True,0.005,0.025
5,10,30,0.0,0.0,1,propagule,1225,0,0,0.05877551020408163,True,0.005,0.025
5,10,31,0.0,0.0,1,propagule,1229,0,0,0.060211554109031735,True,0.005,0.025
5,10,32,0.0,0.0,1,propagule,1192,0,0,0.06040268456375839,True,0.005,0.025
5,10,33,0.0,0.0,1,propagule,1178,0,0,0.059422750424448216,True,0.005,0.025
5,10,34,0.0,0.0,1,propagule,1160,0,0,0.0603448275862069,True,0.005,0.025
5,10,35,0.0,0.0,1,propagule,1143,0,0,0.06124234470691164,True,0.005,0.025
5,10,36,0.0,0.0,1,propagule,1110,0,0,0.06306306306306306,True,0.005,0.025
5,10,37,0.0,0.0,1,propagule,1090,0,0,0.06605504587155964,True,0.005,0.025
5,10,38,0.0,0.0,1,propagule,1070,0,0,0.06822429906542056,True,0.005,0.025
5,10,39,0.0,0.0,1,propagule,1049,0,0,0.0657769304099142,True,0.005,0.025
5,10,40,0.0,0.0,1,propagule,1033,0,0,0.06582768635043562,True,0.005,0.025
5,10,41,0.0,0.0,1,propagule,1020,0,0,0.06568627450980392,True,0.005,0.025
5,10,42,0.0,0.0,1,propagule,1006,0,0,0.06759443339960239,True,0.005,0.025
5,10,43,0.0,0.0,1,propagule,1172,0,0,0.17918088737201365,True,0.005,0.025
5,10,44,0.0,0.0,1,propagule,1072,0,0,0.14925373134328357,True,0.005,0.025
5,10,45,0.0,0.0,1,propagule,1009,0,0,0.13181367690782952,True,0.005,0.025
5,10,46,0.0,0.0,1,propagule,974,0,0,0.11704312114989733,True,0.005,0.025
5,10,47,0.0,0.0,1,propagule,955,0,0,0.1099476439790576,True,0.005,0.025
5,10,48,0.0,0.0,1,propagule,943,0,0,0.1071049840933192,True,0.005,0.025
5,10,49,0.0,0.0,1,propagule,938,0,0,0.10554371002132196,True,0.005,0.025
5,10,50,0.0,0.0,1,propagule,913,0,0,0.10624315443592552,True,0.005,0.025
5,10,51,0.0,0.0,1,propagule,899,0,0,0.10456062291434928,True,0.005,0.025
5,10,52,0.0,0.0,1,propagule,877,0,0,0.10262257696693272,True,0.005,0.025
5,1,1,0.0,0.0,1,propagule,930,0,0,0.0,True,0.01,0.015
5,1,2,0.0,0.0,1,propagule,916,0,0,0.0,True,0.01,0.015
5,1,3,0.0,0.0,1,propagule,906,0,0,0.0,True,0.01,0.015
5,1,4,0.0,0.0,1,propagule,888,0,0,0.0011261261261261261,True,0.01,0.015
5,1,5,0.0,0.0,1,propagule,884,0,0,0.0011312217194570137,True,0.01,0.015
5,1,6,0.0,0.0,1,propagule,862,0,0,0.0034802784222737818,True,0.01,0.015
5,1,7,0.0,0.0,1,propagule,853,0,0,0.0035169988276670576,True,0.01,0.015
5,1,8,0.0,0.0,1,propagule,834,0,0,0.005995203836930456,True,0.01,0.015
5,1,9,0.0,0.0,1,propagule,830,0,0,0.004819277108433735,True,0.01,0.015
5,1,10,0.0,0.0,1,propagule,809,0,0,0.006180469715698393,True,0.01,0.015
5,1,11,0.0,0.0,1,propagule,803,0,0,0.0062266500622665,True,0.01,0.015
5,1,12,0.0,0.0,1,propagule,787,0,0,0.0063532401524777635,True,0.01,0.015
5,1,13,0.0,0.0,1,propagule,782,0,0,0.00639386189258312,True,0.01,0.015
5,1,14,0.0,0.0,1,propagule,771,0,0,0.00648508430609598,True,0.01,0.015
5,1,15,0.0,0.0,1,propagule,756,0,0,0.006613756613756613,True,0.01,0.015
5,1,16,0.0,0.0,1,propagule,749,0,0,0.006675567423230975,True,0.01,0.015
5,1,17,0.0,0.0,1,propagule,735,0,0,0.006802721088435374,True,0.01,0.015
5,1,18,0.0,0.0,1,propagule,2148,0,0,0.0023277467411545625,True,0.01,0.015
5,1,19,0.0,0.0,1,propagule,2132,0,0,0.0023452157598499064,True,0.01,0.015
5,1,20,0.0,0.0,1,propagule,2080,0,0,0.002403846153846154,True,0.01,0.015
5,1,21,0.0,0.0,1,propagule,2052,0,0,0.0024366471734892786,True,0.01,0.015
5,1,22,0.0,0.0,1,propagule,1971,0,0,0.0025367833587011668,True,0.01,0.015
5,1,23,0.0,0.0,1,propagule,1965,0,0,0.002544529262086514,True,0.01,0.015
5,1,24,0.0,0.0,1,propagule,1927,0,0,0.002594706798131811,True,0.01,0.015
5,1,25,0.0,0.0,1,propagule,1937,0,0,0.002581311306143521,True,0.01,0.015
5,1,26,0.0,0.0,1,propagule,1928,0,0,0.00466804979253112,True,0.01,0.015
5,1,27,0.0,0.0,1,propagule,1898,0,0,0.004214963119072708,True,0.01,0.015
5,1,28,0.0,0.0,1,propagule,1848,0,0,0.005411255411255411,True,0.01,0.015
5,1,29,0.0,0.0,1,propagule,1816,0,0,0.004955947136563877,True,0.01,0.015
5,1,30,0.0,0.0,1,propagule,1751,0,0,0.0057110222729868645,True,0.01,0.015
5,1,31,0.0,0.0,1,propagule,1747,0,0,0.006296508299942759,True,0.01,0.015
5,1,32,0.0,0.0,1,propagule,1706,0,0,0.007033997655334115,True,0.01,0.015
5,1,33,0.0,0.0,1,propagule,1695,0,0,0.006489675516224189,True,0.01,0.015
5,1,34,0.0,0.0,1,propagule,1650,0,0,0.007272727272727273,True,0.01,0.015
5,1,35,0.0,0.0,1,propagule,1620,0,0,0.007407407407407408,True,0.01,0.015
5,1,36,0.0,0.0,1,propagule,1581,0,0,0.008855154965211892,True,0.01,0.015
5,1,37,0.0,0.0,1,propagule,1577,0,0,0.010145846544071021,True,0.01,0.015
5,1,38,0.0,0.0,1,propagule,1536,0,0,0.010416666666666666,True,0.01,0.015
5,1,39,0.0,0.0,1,propagule,1528,0,0,0.011780104712041885,True,0.01,0.015
5,1,40,0.0,0.0,1,propagule,1491,0,0,0.011401743796109993,True,0.01,0.015
5,1,41,0.0,0.0,1,propagule,1491,0,0,0.012072434607645875,True,0.01,0.015
5,1,42,0.0,0.0,1,propagule,1459,0,0,0.013022618231665525,True,0.01,0.015
5,1,43,0.0,0.0,1,propagule,1476,0,0,0.025067750677506776,True,0.01,0.015
5,1,44,0.0,0.0,1,propagule,1450,0,0,0.022758620689655173,True,0.01,0.015
5,1,45,0.0,0.0,1,propagule,1442,0,0,0.023578363384188627,True,0.01,0.015
5,1,46,0.0,0.0,1,propagule,1425,0,0,0.02456140350877193,True,0.01,0.015
5,1,47,0.0,0.0,1,propagule,1406,0,0,0.02631578947368421,True,0.01,0.015
5,1,48,0.0,0.0,1,propagule,1385,0,0,0.023826714801444042,True,0.01,0.015
5,1,49,0.0,0.0,1,propagule,1370,0,0,0.026277372262773723,True,0.01,0.015
5,1,50,0.0,0.0,1,propagule,1349,0,0,0.026686434395848776,True,0.01,0.015
5,1,51,0.0,0.0,1,propagule,1350,0,0,0.03037037037037037,True,0.01,0.015
5,1,52,0.0,0.0,1,propagule,1325,0,0,0.028679245283018868,True,0.01,0.015
5,2,1,0.0,0.0,1,propagule,1311,0,0,0.028985507246376812,True,0.01,0.015
5,2,2,0.0,0.0,1,propagule,1284,0,0,0.02570093457943925,True,0.01,0.015
5,2,3,0.0,0.0,1,propagule,1270,0,0,0.031496062992125984,True,0.01,0.015
5,2,4,0.0,0.0,1,propagule,1241,0,0,0.0257856567284448,True,0.01,0.015
5,2,5,0.0,0.0,1,propagule,1222,0,0,0.02618657937806874,True,0.01,0.015
5,2,6,0.0,0.0,1,propagule,1211,0,0,0.028075970272502065,True,0.01,0.015
5,2,7,0.0,0.0,1,propagule,1184,0,0,0.02787162162162162,True,0.01,0.015
5,2,8,0.0,0.0,1,propagule,1200,0,0,0.0325,True,0.01,0.015
5,2,9,0.0,0.0,1,propagule,1155,0,0,0.02683982683982684,True,0.01,0.015
5,2,10,0.0,0.0,1,propagule,1167,0,0,0.032562125107112254,True,0.01,0.015
5,2,11,0.0,0.0,1,propagule,1131,0,0,0.027409372236958444,True,0.01,0.015
5,2,12,0.0,0.0,1,propagule,1137,0,0,0.0316622691292876,True,0.01,0.015
5,2,13,0.0,0.0,1,propagule,1110,0,0,0.027927927927927927,True,0.01,0.015
5,2,14,0.0,0.0,1,propagule,1113,0,0,0.030548068283917342,True,0.01,0.015
5,2,15,0.0,0.0,1,propagule,1093,0,0,0.028362305580969808,True,0.01,0.015
5,2,16,0.0,0.0,1,propagule,1080,0,0,0.030555555555555555,True,0.01,0.015
5,2,17,0.0,0.0,1,propagule,1064,0,0,0.02725563909774436,True,0.01,0.015
5,2,18,0.0,0.0,1,propagule,1908,0,0,0.01729559748427673,True,0.01,0.015
5,2,19,0.0,0.0,1,propagule,1847,0,0,0.014618299945858148,True,0.01,0.015
5,2,20,0.0,0.0,1,propagule,1828,0,0,0.01586433260393873,True,0.01,0.015
5,2,21,0.0,0.0,1,propagule,1765,0,0,0.014164305949008499,True,0.01,0.015
5,2,22,0.0,0.0,1,propagule,1733,0,0,0.01673398730525101,True,0.01,0.015
5,2,23,0.0,0.0,1,propagule,1642,0,0,0.013398294762484775,True,0.01,0.015
5,2,24,0.0,0.0,1,propagule,1610,0,0,0.014906832298136646,True,0.01,0.015
5,2,25,0.0,0.0,1,propagule,1550,0,0,0.014193548387096775,True,0.01,0.015
5,2,26,0.0,0.0,1,propagule,1552,0,0,0.01610824742268041,True,0.01,0.015
5,2,27,0.0,0.0,1,propagule,1481,0,0,0.012829169480081027,True,0.01,0.015
5,2,28,0.0,0.0,1,propagule,1478,0,0,0.017591339648173207,True,0.01,0.015
5,2,29,0.0,0.0,1,propagule,1433,0,0,0.01674808094905792,True,0.01,0.015
5,2,30,0.0,0.0,1,propagule,1458,0,0,0.019890260631001373,True,0.01,0.015
5,2,31,0.0,0.0,1,propagule,1385,0,0,0.01660649819494585,True,0.01,0.015
5,2,32,0.0,0.0,1,propagule,1391,0,0,0.02228612508986341,True,0.01,0.015
5,2,33,0.0,0.0,1,propagule,1327,0,0,0.01733232856066315,True,0.01,0.015
5,2,34,0.0,0.0,1,propagule,1356,0,0,0.022861356932153392,True,0.01,0.015
5,2,35,0.0,0.0,1,propagule,1275,0,0,0.01647058823529412,True,0.01,0.015
5,2,36,0.0,0.0,1,propagule,1308,0,0,0.03363914373088685,True,0.01,0.015
5,2,37,0.0,0.0,1,propagule,1226,0,0,0.020391517128874388,True,0.01,0.015
5,2,38,0.0,0.0,1,propagule,1249,0,0,0.032025620496397116,True,0.01,0.015
5,2,39,0.0,0.0,1,propagule,1197,0,0,0.020050125313283207,True,0.01,0.015
5,2,40,0.0,0.0,1,propagule,1212,0,0,0.028877887788778877,True,0.01,0.015
5,2,41,0.0,0.0,1,propagule,1162,0,0,0.021514629948364887,True,0.01,0.015
5,2,42,0.0,0.0,1,propagule,1178,0,0,0.03480475382003396,True,0.01,0.015
5,2,43,0.0,0.0,1,propagule,1192,0,0,0.06795302013422819,True,0.01,0.015
5,2,44,0.0,0.0,1,propagule,1170,0,0,0.06752136752136752,True,0.01,0.015
5,2,45,0.0,0.0,1,propagule,1164,0,0,0.06443298969072164,True,0.01,0.015
5,2,46,0.0,0.0,1,propagule,1146,0,0,0.06457242582897033,True,0.01,0.015
5,2,47,0.0,0.0,1,propagule,1135,0,0,0.07136563876651983,True,0.01,0.015
5,2,48,0.0,0.0,1,propagule,1128,0,0,0.06914893617021277,True,0.01,0.015
5,2,49,0.0,0.0,1,propagule,1122,0,0,0.07932263814616755,True,0.01,0.015
5,2,50,0.0,0.0,1,propagule,1115,0,0,0.07892376681614349,True,0.01,0.015
5,2,51,0.0,0.0,1,propagule,1101,0,0,0.07901907356948229,True,0.01,0.015
5,2,52,0.0,0.0,1,propagule,1123,0,0,0.08370436331255565,True,0.01,0.015
5,3,1,0.0,0.0,1,propagule,1112,0,0,0.08992805755395683,True,0.01,0.015
5,3,2,0.0,0.0,1,propagule,1108,0,0,0.09025270758122744,True,0.01,0.015
5,3,3,0.0,0.0,1,propagule,1097,0,0,0.09571558796718323,True,0.01,0.015
5,3,4,0.0,0.0,1,propagule,1090,0,0,0.0908256880733945,True,0.01,0.015
5,3,5,0.0,0.0,1,propagule,1085,0,0,0.09400921658986175,True,0.01,0.015
5,3,6,0.0,0.0,1,propagule,1073,0,0,0.09133271202236719,True,0.01,0.015
5,3,7,0.0,0.0,1,propagule,1068,0,0,0.0945692883895131,True,0.01,0.015
5,3,8,0.0,0.0,1,propagule,1053,0,0,0.0892687559354226,True,0.01,0.015
5,3,9,0.0,0.0,1,propagule,1051,0,0,0.09419600380589914,True,0.01,0.015
5,3,10,0.0,0.0,1,propagule,1044,0,0,0.08812260536398467,True,0.01,0.015
5,3,11,0.0,0.0,1,propagule,1035,0,0,0.0927536231884058,True,0.01,0.015
5,3,12,0.0,0.0,1,propagule,1021,0,0,0.0881488736532811,True,0.01,0.015
5,3,13,0.0,0.0,1,propagule,1016,0,0,0.09153543307086615,True,0.01,0.015
5,3,14,0.0,0.0,1,propagule,1019,0,0,0.08930323846908735,True,0.01,0.015
5,3,15,0.0,0.0,1,propagule,997,0,0,0.09027081243731194,True,0.01,0.015
5,3,16,0.0,0.0,1,propagule,977,0,0,0.08085977482088025,True,0.01,0.015
5,3,17,0.0,0.0,1,propagule,966,0,0,0.08902691511387163,True,0.01,0.015
5,3,18,0.0,0.0,1,propagule,2265,0,0,0.037969094922737305,True,0.01,0.015
5,3,19,0.0,0.0,1,propagule,2186,0,0,0.036596523330283626,True,0.01,0.015
5,3,20,0.0,0.0,1,propagule,2104,0,0,0.03612167300380228,True,0.01,0.015
5,3,21,0.0,0.0,1,propagule,2063,0,0,0.038778477944740666,True,0.01,0.015
5,3,22,0.0,0.0,1,propagule,2007,0,0,0.036372695565520675,True,0.01,0.015
5,3,23,0.0,0.0,1,propagule,1954,0,0,0.038894575230296824,True,0.01,0.015
5,3,24,0.0,0.0,1,propagule,1912,0,0,0.03765690376569038,True,0.01,0.015
5,3,25,0.0,0.0,1,propagule,1848,0,0,0.038419913419913417,True,0.01,0.015
5,3,26,0.0,0.0,1,propagule,1858,0,0,0.043595263724434875,True,0.01,0.015
5,3,27,0.0,0.0,1,propagule,1772,0,0,0.04345372460496614,True,0.01,0.015
5,3,28,0.0,0.0,1,propagule,1711,0,0,0.04441846873173583,True,0.01,0.015
5,3,29,0.0,0.0,1,propagule,1651,0,0,0.039975772259236826,True,0.01,0.015
5,3,30,0.0,0.0,1,propagule,1638,0,0,0.043345543345543344,True,0.01,0.015
5,3,31,0.0,0.0,1,propagule,1524,0,0,0.04068241469816273,True,0.01,0.015
5,3,32,0.0,0.0,1,propagule,1524,0,0,0.04002624671916011,True,0.01,0.015
5,3,33,0.0,0.0,1,propagule,1474,0,0,0.0407055630936228,True,0.01,0.015
5,3,34,0.0,0.0,1,propagule,1462,0,0,0.03898768809849521,True,0.01,0.015
5,3,35,0.0,0.0,1,propagule,1418,0,0,0.039492242595204514,True,0.01,0.015
5,3,36,0.0,0.0,1,propagule,1442,0,0,0.04854368932038835,True,0.01,0.015
5,3,37,0.0,0.0,1,propagule,1376,0,0,0.04215116279069767,True,0.01,0.015
5,3,38,0.0,0.0,1,propagule,1379,0,0,0.04568527918781726,True,0.01,0.015
5,3,39,0.0,0.0,1,propagule,1334,0,0,0.04272863568215892,True,0.01,0.015
5,3,40,0.0,0.0,1,propagule,1343,0,0,0.045420699925539834,True,0.01,0.015
5,3,41,0.0,0.0,1,propagule,1302,0,0,0.043010752688172046,True,0.01,0.015
5,3,42,0.0,0.0,1,propagule,1320,0,0,0.051515151515151514,True,0.01,0.015
5,3,43,0.0,0.0,1,propagule,1300,0,0,0.07615384615384616,True,0.01,0.015
5,3,44,0.0,0.0,1,propagule,1251,0,0,0.07114308553157474,True,0.01,0.015
5,3,45,0.0,0.0,1,propagule,1251,0,0,0.07114308553157474,True,0.01,0.015
5,3,46,0.0,0.0,1,propagule,1198,0,0,0.0651085141903172,True,0.01,0.015
5,3,47,0.0,0.0,1,propagule,1220,0,0,0.07295081967213114,True,0.01,0.015
5,3,48,0.0,0.0,1,propagule,1183,0,0,0.07269653423499578,True,0.01,0.015
5,3,49,0.0,0.0,1,propagule,1201,0,0,0.0749375520399667,True,0.01,0.015
5,3,50,0.0,0.0,1,propagule,1178,0,0,0.07724957555178268,True,0.01,0.015
5,3,51,0.0,0.0,1,propagule,1187,0,0,0.08424599831508003,True,0.01,0.015
5,3,52,0.0,0.0,1,propagule,1167,0,0,0.0831191088260497,True,0.01,0.015
5,4,1,0.0,0.0,1,propagule,1167,0,0,0.0856898029134533,True,0.01,0.015
5,4,2,0.0,0.0,1,propagule,1147,0,0,0.08718395815170009,True,0.01,0.015
5,4,3,0.0,0.0,1,propagule,1137,0,0,0.0870712401055409,True,0.01,0.015
5,4,4,0.0,0.0,1,propagule,1124,0,0,0.08629893238434164,True,0.01,0.015
5,4,5,0.0,0.0,1,propagule,1109,0,0,0.08566275924256087,True,0.01,0.015
5,4,6,0.0,0.0,1,propagule,1095,0,0,0.08858447488584476,True,0.01,0.015
5,4,7,0.0,0.0,1,propagule,1084,0,0,0.08394833948339483,True,0.01,0.015
5,4,8,0.0,0.0,1,propagule,1066,0,0,0.08911819887429644,True,0.01,0.015
5,4,9,0.0,0.0,1,propagule,1054,0,0,0.08633776091081594,True,0.01,0.015
5,4,10,0.0,0.0,1,propagule,1051,0,0,0.09134157944814462,True,0.01,0.015
5,4,11,0.0,0.0,1,propagule,1047,0,0,0.08691499522445081,True,0.01,0.015
5,4,12,0.0,0.0,1,propagule,1030,0,0,0.09029126213592233,True,0.01,0.015
5,4,13,0.0,0.0,1,propagule,1021,0,0,0.0930460333006856,True,0.01,0.015
5,4,14,0.0,0.0,1,propagule,1016,0,0,0.10334645669291338,True,0.01,0.015
5,4,15,0.0,0.0,1,propagule,994,0,0,0.09356136820925554,True,0.01,0.015
5,4,16,0.0,0.0,1,propagule,999,0,0,0.1001001001001001,True,0.01,0.015
5,4,17,0.0,0.0,1,propagule,979,0,0,0.09090909090909091,True,0.01,0.015
5,4,18,0.0,0.0,1,propagule,2031,0,0,0.0482520925652388,True,0.01,0.015
5,4,19,0.0,0.0,1,propagule,1936,0,0,0.04493801652892562,True,0.01,0.015
5,4,20,0.0,0.0,1,propagule,1878,0,0,0.0463258785942492,True,0.01,0.015
5,4,21,0.0,0.0,1,propagule,1829,0,0,0.04428649535265172,True,0.01,0.015
5,4,22,0.0,0.0,1,propagule,1805,0,0,0.0481994459833795,True,0.01,0.015
5,4,23,0.0,0.0,1,propagule,1742,0,0,0.04477611940298507,True,0.01,0.015
5,4,24,0.0,0.0,1,propagule,1724,0,0,0.052204176334106726,True,0.01,0.015
5,4,25,0.0,0.0,1,propagule,1683,0,0,0.047534165181224004,True,0.01,0.015
5,4,26,0.0,0.0,1,propagule,1660,0,0,0.05,True,0.01,0.015
5,4,27,0.0,0.0,1,propagule,1617,0,0,0.04885590599876314,True,0.01,0.015
5,4,28,0.0,0.0,1,propagule,1589,0,0,0.05223410950283197,True,0.01,0.015
5,4,29,0.0,0.0,1,propagule,1546,0,0,0.052393272962483826,True,0.01,0.015
5,4,30,0.0,0.0,1,propagule,1489,0,0,0.05305574210879785,True,0.01,0.015
5,4,31,0.0,0.0,1,propagule,1438,0,0,0.05493741307371349,True,0.01,0.015
5,4,32,0.0,0.0,1,propagule,1419,0,0,0.052854122621564484,True,0.01,0.015
5,4,33,0.0,0.0,1,propagule,1373,0,0,0.05462490895848507,True,0.01,0.015
5,4,34,0.0,0.0,1,propagule,1351,0,0,0.053293856402664694,True,0.01,0.015
5,4,35,0.0,0.0,1,propagule,1308,0,0,0.05581039755351682,True,0.01,0.015
5,4,36,0.0,0.0,1,propagule,1273,0,0,0.061272584446190104,True,0.01,0.015
5,4,37,0.0,0.0,1,propagule,1236,0,0,0.05744336569579288,True,0.01,0.015
5,4,38,0.0,0.0,1,propagule,1220,0,0,0.06147540983606557,True,0.01,0.015
5,4,39,0.0,0.0,1,propagule,1200,0,0,0.06,True,0.01,0.015
5,4,40,0.0,0.0,1,propagule,1202,0,0,0.064891846921797,True,0.01,0.015
5,4,41,0.0,0.0,1,propagule,1170,0,0,0.05982905982905983,True,0.01,0.015
5,4,42,0.0,0.0,1,propagule,1150,0,0,0.06347826086956522,True,0.01,0.015
5,4,43,0.0,0.0,1,propagule,1182,0,0,0.10152284263959391,True,0.01,0.015
5,4,44,0.0,0.0,1,propagule,1135,0,0,0.08986784140969163,True,0.01,0.015
5,4,45,0.0,0.0,1,propagule,1113,0,0,0.08715184186882301,True,0.01,0.015
5,4,46,0.0,0.0,1,propagule,1101,0,0,0.08537693006357856,True,0.01,0.015
5,4,47,0.0,0.0,1,propagule,1087,0,0,0.08555657773689053,True,0.01,0.015
5,4,48,0.0,0.0,1,propagule,1068,0,0,0.08239700374531835,True,0.01,0.015
5,4,49,0.0,0.0,1,propagule,1077,0,0,0.08542246982358404,True,0.01,0.015
5,4,50,0.0,0.0,1,propagule,1043,0,0,0.08053691275167785,True,0.01,0.015
5,4,51,0.0,0.0,1,propagule,1057,0,0,0.08893093661305582,True,0.01,0.015
5,4,52,0.0,0.0,1,propagule,1021,0,0,0.07639569049951028,True,0.01,0.015
5,5,1,0.0,0.0,1,propagule,1035,0,0,0.08502415458937199,True,0.01,0.015
5,5,2,0.0,0.0,1,propagule,1005,0,0,0.07860696517412935,True,0.01,0.015
5,5,3,0.0,0.0,1,propagule,1008,0,0,0.08630952380952381,True,0.01,0.015
5,5,4,0.0,0.0,1,propagule,981,0,0,0.07951070336391437,True,0.01,0.015
5,5,5,0.0,0.0,1,propagule,986,0,0,0.08316430020283976,True,0.01,0.015
5,5,6,0.0,0.0,1,propagule,956,0,0,0.0794979079497908,True,0.01,0.015
5,5,7,0.0,0.0,1,propagule,960,0,0,0.0875,True,0.01,0.015
5,5,8,0.0,0.0,1,propagule,928,0,0,0.07758620689655173,True,0.01,0.015
5,5,9,0.0,0.0,1,propagule,937,0,0,0.0832443970117396,True,0.01,0.015
5,5,10,0.0,0.0,1,propagule,910,0,0,0.08021978021978023,True,0.01,0.015
5,5,11,0.0,0.0,1,propagule,907,0,0,0.08158765159867695,True,0.01,0.015
5,5,12,0.0,0.0,1,propagule,877,0,0,0.07867730900798175,True,0.01,0.015
5,5,13,0.0,0.0,1,propagule,884,0,0,0.083710407239819,True,0.01,0.015
5,5,14,0.0,0.0,1,propagule,862,0,0,0.08004640371229699,True,0.01,0.015
5,5,15,0.0,0.0,1,propagule,863,0,0,0.08111239860950174,True,0.01,0.015
5,5,16,0.0,0.0,1,propagule,831,0,0,0.07220216606498195,True,0.01,0.015
5,5,17,0.0,0.0,1,propagule,835,0,0,0.07784431137724551,True,0.01,0.015
5,5,18,0.0,0.0,1,propagule,1741,0,0,0.03388856978747846,True,0.01,0.015
5,5,19,0.0,0.0,1,propagule,1739,0,0,0.03565267395054629,True,0.01,0.015
5,5,20,0.0,0.0,1,propagule,1654,0,0,0.034461910519951636,True,0.01,0.015
5,5,21,0.0,0.0,1,propagule,1647,0,0,0.03946569520340012,True,0.01,0.015
5,5,22,0.0,0.0,1,propagule,1588,0,0,0.03526448362720403,True,0.01,0.015
5,5,23,0.0,0.0,1,propagule,1579,0,0,0.039898670044331855,True,0.01,0.015
5,5,24,0.0,0.0,1,propagule,1502,0,0,0.037283621837549935,True,0.01,0.015
5,5,25,0.0,0.0,1,propagule,1482,0,0,0.04048582995951417,True,0.01,0.015
5,5,26,0.0,0.0,1,propagule,1442,0,0,0.04022191400832178,True,0.01,0.015
5,5,27,0.0,0.0,1,propagule,1402,0,0,0.042796005706134094,True,0.01,0.015
5,5,28,0.0,0.0,1,propagule,1343,0,0,0.04095309009679821,True,0.01,0.015
5,5,29,0.0,0.0,1,propagule,1335,0,0,0.04344569288389513,True,0.01,0.015
5,5,30,0.0,0.0,1,propagule,1302,0,0,0.04377880184331797,True,0.01,0.015
5,5,31,0.0,0.0,1,propagule,1272,0,0,0.04559748427672956,True,0.01,0.015
5,5,32,0.0,0.0,1,propagule,1224,0,0,0.04493464052287582,True,0.01,0.015
5,5,33,0.0,0.0,1,propagule,1231,0,0,0.04955320877335499,True,0.01,0.015
5,5,34,0.0,0.0,1,propagule,1164,0,0,0.04553264604810996,True,0.01,0.015
5,5,35,0.0,0.0,1,propagule,1168,0,0,0.046232876712328765,True,0.01,0.015
5,5,36,0.0,0.0,1,propagule,1115,0,0,0.04663677130044843,True,0.01,0.015
5,5,37,0.0,0.0,1,propagule,1100,0,0,0.05,True,0.01,0.015
5,5,38,0.0,0.0,1,propagule,1068,0,0,0.047752808988764044,True,0.01,0.015
5,5,39,0.0,0.0,1,propagule,1065,0,0,0.05070422535211268,True,0.01,0.015
5,5,40,0.0,0.0,1,propagule,1041,0,0,0.04803073967339097,True,0.01,0.015
5,5,41,0.0,0.0,1,propagule,1028,0,0,0.04961089494163424,True,0.01,0.015
5,5,42,0.0,0.0,1,propagule,1011,0,0,0.04549950544015826,True,0.01,0.015
5,5,43,0.0,0.0,1,propagule,1073,0,0,0.09506057781919851,True,0.01,0.015
5,5,44,0.0,0.0,1,propagule,1022,0,0,0.07827788649706457,True,0.01,0.015
5,5,45,0.0,0.0,1,propagule,992,0,0,0.07661290322580645,True,0.01,0.015
5,5,46,0.0,0.0,1,propagule,966,0,0,0.06935817805383022,True,0.01,0.015
5,5,47,0.0,0.0,1,propagule,965,0,0,0.07461139896373056,True,0.01,0.015
5,5,48,0.0,0.0,1,propagule,944,0,0,0.06885593220338983,True,0.01,0.015
5,5,49,0.0,0.0,1,propagule,940,0,0,0.07765957446808511,True,0.01,0.015
5,5,50,0.0,0.0,1,propagule,923,0,0,0.07475622968580715,True,0.01,0.015
5,5,51,0.0,0.0,1,propagule,912,0,0,0.07894736842105263,True,0.01,0.015
5,5,52,0.0,0.0,1,propagule,884,0,0,0.0746606334841629,True,0.01,0.015
5,6,1,0.0,0.0,1,propagule,884,0,0,0.08144796380090498,True,0.01,0.015
5,6,2,0.0,0.0,1,propagule,871,0,0,0.07577497129735936,True,0.01,0.015
5,6,3,0.0,0.0,1,propagule,867,0,0,0.08189158016147635,True,0.01,0.015
5,6,4,0.0,0.0,1,propagule,850,0,0,0.07764705882352942,True,0.01,0.015
5,6,5,0.0,0.0,1,propagule,847,0,0,0.08146399055489964,True,0.01,0.015
5,6,6,0.0,0.0,1,propagule,832,0,0,0.078125,True,0.01,0.015
5,6,7,0.0,0.0,1,propagule,821,0,0,0.08404384896467722,True,0.01,0.015
5,6,8,0.0,0.0,1,propagule,809,0,0,0.07911001236093942,True,0.01,0.015
5,6,9,0.0,0.0,1,propagule,802,0,0,0.08229426433915212,True,0.01,0.015
5,6,10,0.0,0.0,1,propagule,787,0,0,0.07750952986022872,True,0.01,0.015
5,6,11,0.0,0.0,1,propagule,772,0,0,0.08290155440414508,True,0.01,0.015
5,6,12,0.0,0.0,1,propagule,759,0,0,0.07509881422924901,True,0.01,0.015
5,6,13,0.0,0.0,1,propagule,744,0,0,0.0793010752688172,True,0.01,0.015
5,6,14,0.0,0.0,1,propagule,735,0,0,0.0707482993197279,True,0.01,0.015
5,6,15,0.0,0.0,1,propagule,727,0,0,0.07565337001375516,True,0.01,0.015
5,6,16,0.0,0.0,1,propagule,722,0,0,0.06786703601108034,True,0.01,0.015
5,6,17,0.0,0.0,1,propagule,713,0,0,0.07433380084151472,True,0.01,0.015
5,6,18,0.0,0.0,1,propagule,1446,0,0,0.0338865836791148,True,0.01,0.015
5,6,19,0.0,0.0,1,propagule,1421,0,0,0.036593947923997186,True,0.01,0.015
5,6,20,0.0,0.0,1,propagule,1367,0,0,0.03511338697878566,True,0.01,0.015
5,6,21,0.0,0.0,1,propagule,1341,0,0,0.0395227442207308,True,0.01,0.015
5,6,22,0.0,0.0,1,propagule,1307,0,0,0.036725325172149964,True,0.01,0.015
5,6,23,0.0,0.0,1,propagule,1290,0,0,0.03875968992248062,True,0.01,0.015
5,6,24,0.0,0.0,1,propagule,1257,0,0,0.03818615751789976,True,0.01,0.015
5,6,25,0.0,0.0,1,propagule,1217,0,0,0.03697617091207888,True,0.01,0.015
5,6,26,0.0,0.0,1,propagule,1205,0,0,0.03983402489626556,True,0.01,0.015
5,6,27,0.0,0.0,1,propagule,1194,0,0,0.04355108877721943,True,0.01,0.015
5,6,28,0.0,0.0,1,propagule,1172,0,0,0.040955631399317405,True,0.01,0.015
5,6,29,0.0,0.0,1,propagule,1174,0,0,0.044293015332197615,True,0.01,0.015
5,6,30,0.0,0.0,1,propagule,1125,0,0,0.041777777777777775,True,0.01,0.015
5,6,31,0.0,0.0,1,propagule,1108,0,0,0.04422382671480144,True,0.01,0.015
5,6,32,0.0,0.0,1,propagule,1065,0,0,0.0431924882629108,True,0.01,0.015
5,6,33,0.0,0.0,1,propagule,1029,0,0,0.042759961127308066,True,0.01,0.015
5,6,34,0.0,0.0,1,propagule,998,0,0,0.041082164328657314,True,0.01,0.015
5,6,35,0.0,0.0,1,propagule,986,0,0,0.04766734279918864,True,0.01,0.015
5,6,36,0.0,0.0,1,propagule,932,0,0,0.043991416309012876,True,0.01,0.015
5,6,37,0.0,0.0,1,propagule,934,0,0,0.05139186295503212,True,0.01,0.015
5,6,38,0.0,0.0,1,propagule,915,0,0,0.05245901639344262,True,0.01,0.015
5,6,39,0.0,0.0,1,propagule,907,0,0,0.05512679162072767,True,0.01,0.015
5,6,40,0.0,0.0,1,propagule,886,0,0,0.050790067720090294,True,0.01,0.015
5,6,41,0.0,0.0,1,propagule,886,0,0,0.05756207674943566,True,0.01,0.015
5,6,42,0.0,0.0,1,propagule,866,0,0,0.049653579676674366,True,0.01,0.015
5,6,43,0.0,0.0,1,propagule,907,0,0,0.10363836824696802,True,0.01,0.015
5,6,44,0.0,0.0,1,propagule,873,0,0,0.0836197021764032,True,0.01,0.015
5,6,45,0.0,0.0,1,propagule,864,0,0,0.08449074074074074,True,0.01,0.015
5,6,46,0.0,0.0,1,propagule,845,0,0,0.07928994082840236,True,0.01,0.015
5,6,47,0.0,0.0,1,propagule,828,0,0,0.0748792270531401,True,0.01,0.015
5,6,48,0.0,0.0,1,propagule,822,0,0,0.07907542579075426,True,0.01,0.015
5,6,49,0.0,0.0,1,propagule,807,0,0,0.07558859975216853,True,0.01,0.015
5,6,50,0.0,0.0,1,propagule,796,0,0,0.08165829145728644,True,0.01,0.015
5,6,51,0.0,0.0,1,propagule,775,0,0,0.07612903225806451,True,0.01,0.015
5,6,52,0.0,0.0,1,propagule,771,0,0,0.08171206225680934,True,0.01,0.015
5,7,1,0.0,0.0,1,propagule,754,0,0,0.07692307692307693,True,0.01,0.015
5,7,2,0.0,0.0,1,propagule,748,0,0,0.08021390374331551,True,0.01,0.015
5,7,3,0.0,0.0,1,propagule,743,0,0,0.07940780619111709,True,0.01,0.015
5,7,4,0.0,0.0,1,propagule,731,0,0,0.08207934336525308,True,0.01,0.015
5,7,5,0.0,0.0,1,propagule,719,0,0,0.07649513212795549,True,0.01,0.015
5,7,6,0.0,0.0,1,propagule,710,0,0,0.08309859154929577,True,0.01,0.015
5,7,7,0.0,0.0,1,propagule,702,0,0,0.07977207977207977,True,0.01,0.015
5,7,8,0.0,0.0,1,propagule,696,0,0,0.08477011494252873,True,0.01,0.015
5,7,9,0.0,0.0,1,propagule,690,0,0,0.07971014492753623,True,0.01,0.015
5,7,10,0.0,0.0,1,propagule,688,0,0,0.08430232558139535,True,0.01,0.015
5,7,11,0.0,0.0,1,propagule,678,0,0,0.08259587020648967,True,0.01,0.015
5,7,12,0.0,0.0,1,propagule,671,0,0,0.08494783904619971,True,0.01,0.015
5,7,13,0.0,0.0,1,propagule,660,0,0,0.08484848484848485,True,0.01,0.015
5,7,14,0.0,0.0,1,propagule,650,0,0,0.08615384615384615,True,0.01,0.015
5,7,15,0.0,0.0,1,propagule,640,0,0,0.08125,True,0.01,0.015
5,7,16,0.0,0.0,1,propagule,636,0,0,0.08647798742138364,True,0.01,0.015
5,7,17,0.0,0.0,1,propagule,626,0,0,0.08306709265175719,True,0.01,0.015
5,7,18,0.0,0.0,1,propagule,1246,0,0,0.04333868378812199,True,0.01,0.015
5,7,19,0.0,0.0,1,propagule,1205,0,0,0.04149377593360996,True,0.01,0.015
5,7,20,0.0,0.0,1,propagule,1204,0,0,0.04318936877076412,True,0.01,0.015
5,7,21,0.0,0.0,1,propagule,1170,0,0,0.04358974358974359,True,0.01,0.015
5,7,22,0.0,0.0,1,propagule,1155,0,0,0.046753246753246755,True,0.01,0.015
5,7,23,0.0,0.0,1,propagule,1104,0,0,0.044384057971014496,True,0.01,0.015
5,7,24,0.0,0.0,1,propagule,1077,0,0,0.04549675023212628,True,0.01,0.015
5,7,25,0.0,0.0,1,propagule,1049,0,0,0.04671115347950429,True,0.01,0.015
5,7,26,0.0,0.0,1,propagule,1037,0,0,0.04628736740597879,True,0.01,0.015
5,7,27,0.0,0.0,1,propagule,993,0,0,0.04632426988922457,True,0.01,0.015
5,7,28,0.0,0.0,1,propagule,970,0,0,0.04742268041237113,True,0.01,0.015
5,7,29,0.0,0.0,1,propagule,947,0,0,0.044350580781414996,True,0.01,0.015
5,7,30,0.0,0.0,1,propagule,925,0,0,0.04540540540540541,True,0.01,0.015
5,7,31,0.0,0.0,1,propagule,918,0,0,0.046840958605664486,True,0.01,0.015
5,7,32,0.0,0.0,1,propagule,899,0,0,0.04560622914349277,True,0.01,0.015
5,7,33,0.0,0.0,1,propagule,894,0,0,0.0447427293064877,True,0.01,0.015
5,7,34,0.0,0.0,1,propagule,896,0,0,0.04799107142857143,True,0.01,0.015
5,7,35,0.0,0.0,1,propagule,852,0,0,0.045774647887323945,True,0.01,0.015
5,7,36,0.0,0.0,1,propagule,842,0,0,0.0498812351543943,True,0.01,0.015
5,7,37,0.0,0.0,1,propagule,823,0,0,0.05224787363304982,True,0.01,0.015
5,7,38,0.0,0.0,1,propagule,809,0,0,0.05067985166872682,True,0.01,0.015
5,7,39,0.0,0.0,1,propagule,790,0,0,0.049367088607594936,True,0.01,0.015
5,7,40,0.0,0.0,1,propagule,790,0,0,0.05822784810126582,True,0.01,0.015
5,7,41,0.0,0.0,1,propagule,769,0,0,0.0494148244473342,True,0.01,0.015
5,7,42,0.0,0.0,1,propagule,761,0,0,0.05387647831800263,True,0.01,0.015
5,7,43,0.0,0.0,1,propagule,792,0,0,0.08838383838383838,True,0.01,0.015
5,7,44,0.0,0.0,1,propagule,760,0,0,0.07105263157894737,True,0.01,0.015
5,7,45,0.0,0.0,1,propagule,756,0,0,0.07936507936507936,True,0.01,0.015
5,7,46,0.0,0.0,1,propagule,727,0,0,0.07290233837689133,True,0.01,0.015
5,7,47,0.0,0.0,1,propagule,722,0,0,0.08033240997229917,True,0.01,0.015
5,7,48,0.0,0.0,1,propagule,702,0,0,0.06837606837606838,True,0.01,0.015
5,7,49,0.0,0.0,1,propagule,705,0,0,0.07659574468085106,True,0.01,0.015
5,7,50,0.0,0.0,1,propagule,686,0,0,0.07142857142857142,True,0.01,0.015
5,7,51,0.0,0.0,1,propagule,683,0,0,0.07906295754026355,True,0.01,0.015
5,7,52,0.0,0.0,1,propagule,661,0,0,0.07110438729198185,True,0.01,0.015
5,8,1,0.0,0.0,1,propagule,653,0,0,0.07656967840735068,True,0.01,0.015
5,8,2,0.0,0.0,1,propagule,637,0,0,0.07221350078492936,True,0.01,0.015
5,8,3,0.0,0.0,1,propagule,638,0,0,0.0768025078369906,True,0.01,0.015
5,8,4,0.0,0.0,1,propagule,613,0,0,0.0701468189233279,True,0.01,0.015
5,8,5,0.0,0.0,1,propagule,606,0,0,0.07755775577557755,True,0.01,0.015
5,8,6,0.0,0.0,1,propagule,601,0,0,0.07653910149750416,True,0.01,0.015
5,8,7,0.0,0.0,1,propagule,594,0,0,0.08417508417508418,True,0.01,0.015
5,8,8,0.0,0.0,1,propagule,586,0,0,0.07849829351535836,True,0.01,0.015
5,8,9,0.0,0.0,1,propagule,578,0,0,0.08823529411764706,True,0.01,0.015
5,8,10,0.0,0.0,1,propagule,562,0,0,0.0800711743772242,True,0.01,0.015
5,8,11,0.0,0.0,1,propagule,560,0,0,0.08928571428571429,True,0.01,0.015
5,8,12,0.0,0.0,1,propagule,547,0,0,0.07861060329067641,True,0.01,0.015
5,8,13,0.0,0.0,1,propagule,548,0,0,0.08941605839416059,True,0.01,0.015
5,8,14,0.0,0.0,1,propagule,534,0,0,0.07677902621722846,True,0.01,0.015
5,8,15,0.0,0.0,1,propagule,537,0,0,0.09124767225325885,True,0.01,0.015
5,8,16,0.0,0.0,1,propagule,514,0,0,0.07782101167315175,True,0.01,0.015
5,8,17,0.0,0.0,1,propagule,523,0,0,0.09177820267686425,True,0.01,0.015
5,8,18,0.0,0.0,1,propagule,1101,0,0,0.03633060853769301,True,0.01,0.015
5,8,19,0.0,0.0,1,propagule,1109,0,0,0.04328223624887286,True,0.01,0.015
5,8,20,0.0,0.0,1,propagule,1072,0,0,0.03731343283582089,True,0.01,0.015
5,8,21,0.0,0.0,1,propagule,1070,0,0,0.04392523364485981,True,0.01,0.015
5,8,22,0.0,0.0,1,propagule,1032,0,0,0.0377906976744186,True,0.01,0.015
5,8,23,0.0,0.0,1,propagule,1017,0,0,0.043264503441494594,True,0.01,0.015
5,8,24,0.0,0.0,1,propagule,972,0,0,0.03806584362139918,True,0.01,0.015
5,8,25,0.0,0.0,1,propagule,963,0,0,0.04257528556593977,True,0.01,0.015
5,8,26,0.0,0.0,1,propagule,925,0,0,0.03891891891891892,True,0.01,0.015
5,8,27,0.0,0.0,1,propagule,907,0,0,0.040793825799338476,True,0.01,0.015
5,8,28,0.0,0.0,1,propagule,855,0,0,0.03859649122807018,True,0.01,0.015
5,8,29,0.0,0.0,1,propagule,848,0,0,0.041273584905660375,True,0.01,0.015
5,8,30,0.0,0.0,1,propagule,815,0,0,0.03803680981595092,True,0.01,0.015
5,8,31,0.0,0.0,1,propagule,813,0,0,0.03936039360393604,True,0.01,0.015
5,8,32,0.0,0.0,1,propagule,781,0,0,0.03841229193341869,True,0.01,0.015
5,8,33,0.0,0.0,1,propagule,777,0,0,0.03861003861003861,True,0.01,0.015
5,8,34,0.0,0.0,1,propagule,754,0,0,0.03978779840848806,True,0.01,0.015
5,8,35,0.0,0.0,1,propagule,742,0,0,0.0444743935309973,True,0.01,0.015
5,8,36,0.0,0.0,1,propagule,731,0,0,0.04103967168262654,True,0.01,0.015
5,8,37,0.0,0.0,1,propagule,737,0,0,0.051560379918588875,True,0.01,0.015
5,8,38,0.0,0.0,1,propagule,715,0,0,0.044755244755244755,True,0.01,0.015
5,8,39,0.0,0.0,1,propagule,710,0,0,0.04647887323943662,True,0.01,0.015
5,8,40,0.0,0.0,1,propagule,700,0,0,0.047142857142857146,True,0.01,0.015
5,8,41,0.0,0.0,1,propagule,693,0,0,0.046176046176046176,True,0.01,0.015
5,8,42,0.0,0.0,1,propagule,691,0,0,0.04630969609261939,True,0.01,0.015
5,8,43,0.0,0.0,1,propagule,732,0,0,0.0942622950819672,True,0.01,0.015
5,8,44,0.0,0.0,1,propagule,698,0,0,0.08166189111747851,True,0.01,0.015
5,8,45,0.0,0.0,1,propagule,692,0,0,0.07225433526011561,True,0.01,0.015
5,8,46,0.0,0.0,1,propagule,673,0,0,0.07280832095096583,True,0.01,0.015
5,8,47,0.0,0.0,1,propagule,680,0,0,0.07794117647058824,True,0.01,0.015
5,8,48,0.0,0.0,1,propagule,654,0,0,0.07186544342507645,True,0.01,0.015
5,8,49,0.0,0.0,1,propagule,652,0,0,0.07668711656441718,True,0.01,0.015
5,8,50,0.0,0.0,1,propagule,635,0,0,0.06929133858267716,True,0.01,0.015
5,8,51,0.0,0.0,1,propagule,634,0,0,0.07728706624605679,True,0.01,0.015
5,8,52,0.0,0.0,1,propagule,617,0,0,0.06807131280388978,True,0.01,0.015
5,9,1,0.0,0.0,1,propagule,616,0,0,0.07792207792207792,True,0.01,0.015
5,9,2,0.0,0.0,1,propagule,596,0,0,0.06879194630872483,True,0.01,0.015
5,9,3,0.0,0.0,1,propagule,599,0,0,0.07512520868113523,True,0.01,0.015
5,9,4,0.0,0.0,1,propagule,581,0,0,0.06884681583476764,True,0.01,0.015
5,9,5,0.0,0.0,1,propagule,584,0,0,0.07534246575342465,True,0.01,0.015
5,9,6,0.0,0.0,1,propagule,571,0,0,0.07005253940455342,True,0.01,0.015
5,9,7,0.0,0.0,1,propagule,567,0,0,0.07760141093474426,True,0.01,0.015
5,9,8,0.0,0.0,1,propagule,551,0,0,0.07259528130671507,True,0.01,0.015
5,9,9,0.0,0.0,1,propagule,551,0,0,0.07622504537205081,True,0.01,0.015
5,9,10,0.0,0.0,1,propagule,541,0,0,0.07024029574861368,True,0.01,0.015
5,9,11,0.0,0.0,1,propagule,539,0,0,0.07977736549165121,True,0.01,0.015
5,9,12,0.0,0.0,1,propagule,525,0,0,0.07238095238095238,True,0.01,0.015
5,9,13,0.0,0.0,1,propagule,535,0,0,0.08037383177570094,True,0.01,0.015
5,9,14,0.0,0.0,1,propagule,519,0,0,0.07321772639691715,True,0.01,0.015
5,9,15,0.0,0.0,1,propagule,521,0,0,0.08253358925143954,True,0.01,0.015
5,9,16,0.0,0.0,1,propagule,509,0,0,0.07662082514734773,True,0.01,0.015
5,9,17,0.0,0.0,1,propagule,511,0,0,0.08610567514677103,True,0.01,0.015
5,9,18,0.0,0.0,1,propagule,1024,0,0,0.033203125,True,0.01,0.015
5,9,19,0.0,0.0,1,propagule,1016,0,0,0.038385826771653545,True,0.01,0.015
5,9,20,0.0,0.0,1,propagule,984,0,0,0.03556910569105691,True,0.01,0.015
5,9,21,0.0,0.0,1,propagule,961,0,0,0.03850156087408949,True,0.01,0.015
5,9,22,0.0,0.0,1,propagule,935,0,0,0.03529411764705882,True,0.01,0.015
5,9,23,0.0,0.0,1,propagule,931,0,0,0.03866809881847476,True,0.01,0.015
5,9,24,0.0,0.0,1,propagule,911,0,0,0.036223929747530186,True,0.01,0.015
5,9,25,0.0,0.0,1,propagule,911,0,0,0.038419319429198684,True,0.01,0.015
5,9,26,0.0,0.0,1,propagule,868,0,0,0.03571428571428571,True,0.01,0.015
5,9,27,0.0,0.0,1,propagule,850,0,0,0.03764705882352941,True,0.01,0.015
5,9,28,0.0,0.0,1,propagule,841,0,0,0.0356718192627824,True,0.01,0.015
5,9,29,0.0,0.0,1,propagule,831,0,0,0.03730445246690734,True,0.01,0.015
5,9,30,0.0,0.0,1,propagule,818,0,0,0.034229828850855744,True,0.01,0.015
5,9,31,0.0,0.0,1,propagule,777,0,0,0.03732303732303732,True,0.01,0.015
5,9,32,0.0,0.0,1,propagule,766,0,0,0.03524804177545692,True,0.01,0.015
5,9,33,0.0,0.0,1,propagule,740,0,0,0.03783783783783784,True,0.01,0.015
5,9,34,0.0,0.0,1,propagule,732,0,0,0.036885245901639344,True,0.01,0.015
5,9,35,0.0,0.0,1,propagule,719,0,0,0.03894297635605007,True,0.01,0.015
5,9,36,0.0,0.0,1,propagule,710,0,0,0.03943661971830986,True,0.01,0.015
5,9,37,0.0,0.0,1,propagule,689,0,0,0.03918722786647315,True,0.01,0.015
5,9,38,0.0,0.0,1,propagule,675,0,0,0.037037037037037035,True,0.01,0.015
5,9,39,0.0,0.0,1,propagule,673,0,0,0.04309063893016345,True,0.01,0.015
5,9,40,0.0,0.0,1,propagule,652,0,0,0.03834355828220859,True,0.01,0.015
5,9,41,0.0,0.0,1,propagule,650,0,0,0.04153846153846154,True,0.01,0.015
5,9,42,0.0,0.0,1,propagule,635,0,0,0.03464566929133858,True,0.01,0.015
5,9,43,0.0,0.0,1,propagule,658,0,0,0.08358662613981763,True,0.01,0.015
5,9,44,0.0,0.0,1,propagule,625,0,0,0.0704,True,0.01,0.015
5,9,45,0.0,0.0,1,propagule,598,0,0,0.06020066889632107,True,0.01,0.015
5,9,46,0.0,0.0,1,propagule,592,0,0,0.0625,True,0.01,0.015
5,9,47,0.0,0.0,1,propagule,577,0,0,0.05719237435008666,True,0.01,0.015
5,9,48,0.0,0.0,1,propagule,576,0,0,0.05555555555555555,True,0.01,0.015
5,9,49,0.0,0.0,1,propagule,572,0,0,0.06293706293706294,True,0.01,0.015
5,9,50,0.0,0.0,1,propagule,563,0,0,0.055062166962699825,True,0.01,0.015
5,9,51,0.0,0.0,1,propagule,561,0,0,0.062388591800356503,True,0.01,0.015
5,9,52,0.0,0.0,1,propagule,551,0,0,0.05989110707803993,True,0.01,0.015
5,10,1,0.0,0.0,1,propagule,550,0,0,0.06,True,0.01,0.015
5,10,2,0.0,0.0,1,propagule,535,0,0,0.056074766355140186,True,0.01,0.015
5,10,3,0.0,0.0,1,propagule,537,0,0,0.0633147113594041,True,0.01,0.015
5,10,4,0.0,0.0,1,propagule,525,0,0,0.05714285714285714,True,0.01,0.015
5,10,5,0.0,0.0,1,propagule,521,0,0,0.05566218809980806,True,0.01,0.015
5,10,6,0.0,0.0,1,propagule,509,0,0,0.05697445972495088,True,0.01,0.015
5,10,7,0.0,0.0,1,propagule,505,0,0,0.055445544554455446,True,0.01,0.015
5,10,8,0.0,0.0,1,propagule,497,0,0,0.056338028169014086,True,0.01,0.015
5,10,9,0.0,0.0,1,propagule,495,0,0,0.06060606060606061,True,0.01,0.015
5,10,10,0.0,0.0,1,propagule,482,0,0,0.05186721991701245,True,0.01,0.015
5,10,11,0.0,0.0,1,propagule,480,0,0,0.05625,True,0.01,0.015
5,10,12,0.0,0.0,1,propagule,473,0,0,0.0613107822410148,True,0.01,0.015
5,10,13,0.0,0.0,1,propagule,466,0,0,0.05150214592274678,True,0.01,0.015
5,10,14,0.0,0.0,1,propagule,460,0,0,0.05217391304347826,True,0.01,0.015
5,10,15,0.0,0.0,1,propagule,464,0,0,0.05387931034482758,True,0.01,0.015
5,10,16,0.0,0.0,1,propagule,456,0,0,0.05263157894736842,True,0.01,0.015
5,10,17,0.0,0.0,1,propagule,454,0,0,0.05506607929515418,True,0.01,0.015
5,10,18,0.0,0.0,1,propagule,938,0,0,0.024520255863539446,True,0.01,0.015
5,10,19,0.0,0.0,1,propagule,925,0,0,0.021621621621621623,True,0.01,0.015
5,10,20,0.0,0.0,1,propagule,899,0,0,0.021134593993325918,True,0.01,0.015
5,10,21,0.0,0.0,1,propagule,869,0,0,0.023014959723820484,True,0.01,0.015
5,10,22,0.0,0.0,1,propagule,855,0,0,0.022222222222222223,True,0.01,0.015
5,10,23,0.0,0.0,1,propagule,854,0,0,0.02459016393442623,True,0.01,0.015
5,10,24,0.0,0.0,1,propagule,833,0,0,0.022809123649459785,True,0.01,0.015
5,10,25,0.0,0.0,1,propagule,831,0,0,0.02286401925391095,True,0.01,0.015
5,10,26,0.0,0.0,1,propagule,782,0,0,0.021739130434782608,True,0.01,0.015
5,10,27,0.0,0.0,1,propagule,765,0,0,0.023529411764705882,True,0.01,0.015
5,10,28,0.0,0.0,1,propagule,730,0,0,0.023287671232876714,True,0.01,0.015
5,10,29,0.0,0.0,1,propagule,732,0,0,0.02459016393442623,True,0.01,0.015
5,10,30,0.0,0.0,1,propagule,716,0,0,0.0223463687150838,True,0.01,0.015
5,10,31,0.0,0.0,1,propagule,708,0,0,0.02401129943502825,True,0.01,0.015
5,10,32,0.0,0.0,1,propagule,690,0,0,0.02463768115942029,True,0.01,0.015
5,10,33,0.0,0.0,1,propagule,671,0,0,0.02533532041728763,True,0.01,0.015
5,10,34,0.0,0.0,1,propagule,656,0,0,0.027439024390243903,True,0.01,0.015
5,10,35,0.0,0.0,1,propagule,631,0,0,0.02694136291600634,True,0.01,0.015
5,10,36,0.0,0.0,1,propagule,621,0,0,0.03864734299516908,True,0.01,0.015
5,10,37,0.0,0.0,1,propagule,589,0,0,0.035653650254668934,True,0.01,0.015
5,10,38,0.0,0.0,1,propagule,577,0,0,0.02772963604852686,True,0.01,0.015
5,10,39,0.0,0.0,1,propagule,573,0,0,0.038394415357766144,True,0.01,0.015
5,10,40,0.0,0.0,1,propagule,560,0,0,0.02857142857142857,True,0.01,0.015
5,10,41,0.0,0.0,1,propagule,562,0,0,0.04092526690391459,True,0.01,0.015
5,10,42,0.0,0.0,1,propagule,548,0,0,0.03102189781021898,True,0.01,0.015
5,10,43,0.0,0.0,1,propagule,597,0,0,0.08710217755443886,True,0.01,0.015
5,10,44,0.0,0.0,1,propagule,570,0,0,0.07719298245614035,True,0.01,0.015
5,10,45,0.0,0.0,1,propagule,554,0,0,0.0703971119133574,True,0.01,0.015
5,10,46,0.0,0.0,1,propagule,534,0,0,0.06367041198501873,True,0.01,0.015
5,10,47,0.0,0.0,1,propagule,532,0,0,0.07518796992481203,True,0.01,0.015
5,10,48,0.0,0.0,1,propagule,518,0,0,0.07142857142857142,True,0.01,0.015
5,10,49,0.0,0.0,1,propagule,518,0,0,0.06756756756756757,True,0.01,0.015
5,10,50,0.0,0.0,1,propagule,507,0,0,0.0650887573964497,True,0.01,0.015
5,10,51,0.0,0.0,1,propagule,510,0,0,0.07058823529411765,True,0.01,0.015
5,10,52,0.0,0.0,1,propagule,501,0,0,0.06387225548902195,True,0.01,0.015
5,1,1,0.0,0.0,1,propagule,927,0,0,0.0,True,0.01,0.02
5,1,2,0.0,0.0,1,propagule,922,0,0,0.0,True,0.01,0.02
5,1,3,0.0,0.0,1,propagule,931,0,0,0.0010741138560687433,True,0.01,0.02
5,1,4,0.0,0.0,1,propagule,918,0,0,0.0010893246187363835,True,0.01,0.02
5,1,5,0.0,0.0,1,propagule,919,0,0,0.002176278563656148,True,0.01,0.02
5,1,6,0.0,0.0,1,propagule,919,0,0,0.003264417845484222,True,0.01,0.02
5,1,7,0.0,0.0,1,propagule,919,0,0,0.003264417845484222,True,0.01,0.02
5,1,8,0.0,0.0,1,propagule,901,0,0,0.004439511653718091,True,0.01,0.02
5,1,9,0.0,0.0,1,propagule,890,0,0,0.0033707865168539327,True,0.01,0.02
5,1,10,0.0,0.0,1,propagule,881,0,0,0.004540295119182747,True,0.01,0.02
5,1,11,0.0,0.0,1,propagule,864,0,0,0.003472222222222222,True,0.01,0.02
5,1,12,0.0,0.0,1,propagule,861,0,0,0.004645760743321719,True,0.01,0.02
5,1,13,0.0,0.0,1,propagule,835,0,0,0.003592814371257485,True,0.01,0.02
5,1,14,0.0,0.0,1,propagule,831,0,0,0.0048134777376654635,True,0.01,0.02
5,1,15,0.0,0.0,1,propagule,824,0,0,0.0048543689320388345,True,0.01,0.02
5,1,16,0.0,0.0,1,propagule,810,0,0,0.0049382716049382715,True,0.01,0.02
5,1,17,0.0,0.0,1,propagule,793,0,0,0.005044136191677175,True,0.01,0.02
5,1,18,0.0,0.0,1,propagule,2305,0,0,0.0017353579175704988,True,0.01,0.02
5,1,19,0.0,0.0,1,propagule,2224,0,0,0.0017985611510791368,True,0.01,0.02
5,1,20,0.0,0.0,1,propagule,2144,0,0,0.0018656716417910447,True,0.01,0.02
5,1,21,0.0,0.0,1,propagule,2113,0,0,0.001893043066729768,True,0.01,0.02
5,1,22,0.0,0.0,1,propagule,2065,0,0,0.001937046004842615,True,0.01,0.02
5,1,23,0.0,0.0,1,propagule,2042,0,0,0.0019588638589618022,True,0.01,0.02
5,1,24,0.0,0.0,1,propagule,1994,0,0,0.0020060180541624875,True,0.01,0.02
5,1,25,0.0,0.0,1,propagule,1965,0,0,0.002035623409669211,True,0.01,0.02
5,1,26,0.0,0.0,1,propagule,1893,0,0,0.0021130480718436345,True,0.01,0.02
5,1,27,0.0,0.0,1,propagule,1854,0,0,0.002157497303128371,True,0.01,0.02
5,1,28,0.0,0.0,1,propagule,1787,0,0,0.002238388360380526,True,0.01,0.02
5,1,29,0.0,0.0,1,propagule,1761,0,0,0.002271436683702442,True,0.01,0.02
5,1,30,0.0,0.0,1,propagule,1723,0,0,0.003482298316889147,True,0.01,0.02
5,1,31,0.0,0.0,1,propagule,1675,0,0,0.00417910447761194,True,0.01,0.02
5,1,32,0.0,0.0,1,propagule,1659,0,0,0.003616636528028933,True,0.01,0.02
5,1,33,0.0,0.0,1,propagule,1601,0,0,0.004996876951905059,True,0.01,0.02
5,1,34,0.0,0.0,1,propagule,1561,0,0,0.003843689942344651,True,0.01,0.02
5,1,35,0.0,0.0,1,propagule,1525,0,0,0.005245901639344262,True,0.01,0.02
5,1,36,0.0,0.0,1,propagule,1516,0,0,0.011873350923482849,True,0.01,0.02
5,1,37,0.0,0.0,1,propagule,1489,0,0,0.011417058428475487,True,0.01,0.02
5,1,38,0.0,0.0,1,propagule,1466,0,0,0.013642564802182811,True,0.01,0.02
5,1,39,0.0,0.0,1,propagule,1460,0,0,0.019178082191780823,True,0.01,0.02
5,1,40,0.0,0.0,1,propagule,1431,0,0,0.013976240391334731,True,0.01,0.02
5,1,41,0.0,0.0,1,propagule,1428,0,0,0.02100840336134454,True,0.01,0.02
5,1,42,0.0,0.0,1,propagule,1404,0,0,0.018518518518518517,True,0.01,0.02
5,1,43,0.0,0.0,1,propagule,1375,0,0,0.02909090909090909,True,0.01,0.02
5,1,44,0.0,0.0,1,propagule,1368,0,0,0.029970760233918127,True,0.01,0.02
5,1,45,0.0,0.0,1,propagule,1346,0,0,0.03194650817236255,True,0.01,0.02
5,1,46,0.0,0.0,1,propagule,1366,0,0,0.03953147877013177,True,0.01,0.02
5,1,47,0.0,0.0,1,propagule,1332,0,0,0.04054054054054054,True,0.01,0.02
5,1,48,0.0,0.0,1,propagule,1340,0,0,0.041791044776119404,True,0.01,0.02
5,1,49,0.0,0.0,1,propagule,1295,0,0,0.03783783783783784,True,0.01,0.02
5,1,50,0.0,0.0,1,propagule,1305,0,0,0.0421455938697318,True,0.01,0.02
5,1,51,0.0,0.0,1,propagule,1288,0,0,0.046583850931677016,True,0.01,0.02
5,1,52,0.0,0.0,1,propagule,1266,0,0,0.04107424960505529,True,0.01,0.02
5,2,1,0.0,0.0,1,propagule,1254,0,0,0.044657097288676235,True,0.01,0.02
5,2,2,0.0,0.0,1,propagule,1223,0,0,0.039247751430907606,True,0.01,0.02
5,2,3,0.0,0.0,1,propagule,1208,0,0,0.04056291390728477,True,0.01,0.02
5,2,4,0.0,0.0,1,propagule,1192,0,0,0.040268456375838924,True,0.01,0.02
5,2,5,0.0,0.0,1,propagule,1178,0,0,0.04074702886247878,True,0.01,0.02
5,2,6,0.0,0.0,1,propagule,1169,0,0,0.041916167664670656,True,0.01,0.02
5,2,7,0.0,0.0,1,propagule,1143,0,0,0.04024496937882765,True,0.01,0.02
5,2,8,0.0,0.0,1,propagule,1117,0,0,0.04118173679498657,True,0.01,0.02
5,2,9,0.0,0.0,1,propagule,1098,0,0,0.04371584699453552,True,0.01,0.02
5,2,10,0.0,0.0,1,propagule,1085,0,0,0.04331797235023042,True,0.01,0.02
5,2,11,0.0,0.0,1,propagule,1069,0,0,0.04490177736202058,True,0.01,0.02
5,2,12,0.0,0.0,1,propagule,1050,0,0,0.0419047619047619,True,0.01,0.02
5,2,13,0.0,0.0,1,propagule,1041,0,0,0.04610951008645533,True,0.01,0.02
5,2,14,0.0,0.0,1,propagule,1035,0,0,0.043478260869565216,True,0.01,0.02
5,2,15,0.0,0.0,1,propagule,1013,0,0,0.045409674234945706,True,0.01,0.02
5,2,16,0.0,0.0,1,propagule,1004,0,0,0.043824701195219126,True,0.01,0.02
5,2,17,0.0,0.0,1,propagule,991,0,0,0.045408678102926335,True,0.01,0.02
5,2,18,0.0,0.0,1,propagule,1804,0,0,0.02328159645232816,True,0.01,0.02
5,2,19,0.0,0.0,1,propagule,1758,0,0,0.02502844141069397,True,0.01,0.02
5,2,20,0.0,0.0,1,propagule,1748,0,0,0.02574370709382151,True,0.01,0.02
5,2,21,0.0,0.0,1,propagule,1640,0,0,0.02378048780487805,True,0.01,0.02
5,2,22,0.0,0.0,1,propagule,1632,0,0,0.026348039215686275,True,0.01,0.02
5,2,23,0.0,0.0,1,propagule,1541,0,0,0.025957170668397145,True,0.01,0.02
5,2,24,0.0,0.0,1,propagule,1546,0,0,0.027166882276843468,True,0.01,0.02
5,2,25,0.0,0.0,1,propagule,1481,0,0,0.02700877785280216,True,0.01,0.02
5,2,26,0.0,0.0,1,propagule,1469,0,0,0.02722940776038121,True,0.01,0.02
5,2,27,0.0,0.0,1,propagule,1434,0,0,0.02789400278940028,True,0.01,0.02
5,2,28,0.0,0.0,1,propagule,1405,0,0,0.028469750889679714,True,0.01,0.02
5,2,29,0.0,0.0,1,propagule,1376,0,0,0.028343023255813952,True,0.01,0.02
5,2,30,0.0,0.0,1,propagule,1368,0,0,0.029239766081871343,True,0.01,0.02
5,2,31,0.0,0.0,1,propagule,1314,0,0,0.02815829528158295,True,0.01,0.02
5,2,32,0.0,0.0,1,propagule,1295,0,0,0.027799227799227798,True,0.01,0.02
5,2,33,0.0,0.0,1,propagule,1284,0,0,0.03348909657320872,True,0.01,0.02
5,2,34,0.0,0.0,1,propagule,1245,0,0,0.02891566265060241,True,0.01,0.02
5,2,35,0.0,0.0,1,propagule,1227,0,0,0.03341483292583537,True,0.01,0.02
5,2,36,0.0,0.0,1,propagule,1193,0,0,0.03101424979044426,True,0.01,0.02
5,2,37,0.0,0.0,1,propagule,1174,0,0,0.03492333901192504,True,0.01,0.02
5,2,38,0.0,0.0,1,propagule,1157,0,0,0.032843560933448576,True,0.01,0.02
5,2,39,0.0,0.0,1,propagule,1145,0,0,0.03580786026200873,True,0.01,0.02
5,2,40,0.0,0.0,1,propagule,1127,0,0,0.037267080745341616,True,0.01,0.02
5,2,41,0.0,0.0,1,propagule,1124,0,0,0.042704626334519574,True,0.01,0.02
5,2,42,0.0,0.0,1,propagule,1103,0,0,0.04170444242973708,True,0.01,0.02
5,2,43,0.0,0.0,1,propagule,1112,0,0,0.06025179856115108,True,0.01,0.02
5,2,44,0.0,0.0,1,propagule,1091,0,0,0.04949587534372136,True,0.01,0.02
5,2,45,0.0,0.0,1,propagule,1069,0,0,0.04864359214218896,True,0.01,0.02
5,2,46,0.0,0.0,1,propagule,1065,0,0,0.046948356807511735,True,0.01,0.02
5,2,47,0.0,0.0,1,propagule,1037,0,0,0.04532304725168756,True,0.01,0.02
5,2,48,0.0,0.0,1,propagule,1041,0,0,0.049951969260326606,True,0.01,0.02
5,2,49,0.0,0.0,1,propagule,1017,0,0,0.0471976401179941,True,0.01,0.02
5,2,50,0.0,0.0,1,propagule,1010,0,0,0.047524752475247525,True,0.01,0.02
5,2,51,0.0,0.0,1,propagule,979,0,0,0.04085801838610827,True,0.01,0.02
5,2,52,0.0,0.0,1,propagule,983,0,0,0.04679552390640895,True,0.01,0.02
5,3,1,0.0,0.0,1,propagule,962,0,0,0.038461538461538464,True,0.01,0.02
5,3,2,0.0,0.0,1,propagule,965,0,0,0.04455958549222798,True,0.01,0.02
5,3,3,0.0,0.0,1,propagule,932,0,0,0.03969957081545064,True,0.01,0.02
5,3,4,0.0,0.0,1,propagule,939,0,0,0.046858359957401494,True,0.01,0.02
5,3,5,0.0,0.0,1,propagule,902,0,0,0.04212860310421286,True,0.01,0.02
5,3,6,0.0,0.0,1,propagule,912,0,0,0.049342105263157895,True,0.01,0.02
5,3,7,0.0,0.0,1,propagule,877,0,0,0.039908779931584946,True,0.01,0.02
5,3,8,0.0,0.0,1,propagule,891,0,0,0.04938271604938271,True,0.01,0.02
5,3,9,0.0,0.0,1,propagule,858,0,0,0.04312354312354312,True,0.01,0.02
5,3,10,0.0,0.0,1,propagule,870,0,0,0.05172413793103448,True,0.01,0.02
5,3,11,0.0,0.0,1,propagule,841,0,0,0.04518430439952437,True,0.01,0.02
5,3,12,0.0,0.0,1,propagule,845,0,0,0.05088757396449704,True,0.01,0.02
5,3,13,0.0,0.0,1,propagule,825,0,0,0.04727272727272727,True,0.01,0.02
5,3,14,0.0,0.0,1,propagule,820,0,0,0.0475609756097561,True,0.01,0.02
5,3,15,0.0,0.0,1,propagule,804,0,0,0.04477611940298507,True,0.01,0.02
5,3,16,0.0,0.0,1,propagule,796,0,0,0.04271356783919598,True,0.01,0.02
5,3,17,0.0,0.0,1,propagule,781,0,0,0.040973111395646605,True,0.01,0.02
5,3,18,0.0,0.0,1,propagule,1756,0,0,0.019931662870159454,True,0.01,0.02
5,3,19,0.0,0.0,1,propagule,1688,0,0,0.017772511848341232,True,0.01,0.02
5,3,20,0.0,0.0,1,propagule,1633,0,0,0.01653398652786283,True,0.01,0.02
5,3,21,0.0,0.0,1,propagule,1548,0,0,0.014211886304909561,True,0.01,0.02
5,3,22,0.0,0.0,1,propagule,1515,0,0,0.018481848184818482,True,0.01,0.02
5,3,23,0.0,0.0,1,propagule,1461,0,0,0.01779603011635866,True,0.01,0.02
5,3,24,0.0,0.0,1,propagule,1418,0,0,0.01692524682651622,True,0.01,0.02
5,3,25,0.0,0.0,1,propagule,1330,0,0,0.016541353383458645,True,0.01,0.02
5,3,26,0.0,0.0,1,propagule,1330,0,0,0.021052631578947368,True,0.01,0.02
5,3,27,0.0,0.0,1,propagule,1251,0,0,0.016786570743405275,True,0.01,0.02
5,3,28,0.0,0.0,1,propagule,1245,0,0,0.020883534136546186,True,0.01,0.02
5,3,29,0.0,0.0,1,propagule,1199,0,0,0.019182652210175146,True,0.01,0.02
5,3,30,0.0,0.0,1,propagule,1186,0,0,0.021079258010118045,True,0.01,0.02
5,3,31,0.0,0.0,1,propagule,1128,0,0,0.018617021276595744,True,0.01,0.02
5,3,32,0.0,0.0,1,propagule,1130,0,0,0.021238938053097345,True,0.01,0.02
5,3,33,0.0,0.0,1,propagule,1096,0,0,0.01916058394160584,True,0.01,0.02
5,3,34,0.0,0.0,1,propagule,1121,0,0,0.0231935771632471,True,0.01,0.02
5,3,35,0.0,0.0,1,propagule,1078,0,0,0.021335807050092765,True,0.01,0.02
5,3,36,0.0,0.0,1,propagule,1088,0,0,0.024816176470588234,True,0.01,0.02
5,3,37,0.0,0.0,1,propagule,1068,0,0,0.026217228464419477,True,0.01,0.02
5,3,38,0.0,0.0,1,propagule,1050,0,0,0.02857142857142857,True,0.01,0.02
5,3,39,0.0,0.0,1,propagule,1026,0,0,0.024366471734892786,True,0.01,0.02
5,3,40,0.0,0.0,1,propagule,1016,0,0,0.031496062992125984,True,0.01,0.02
5,3,41,0.0,0.0,1,propagule,1000,0,0,0.029,True,0.01,0.02
5,3,42,0.0,0.0,1,propagule,979,0,0,0.03472931562819203,True,0.01,0.02
5,3,43,0.0,0.0,1,propagule,1049,0,0,0.07626310772163966,True,0.01,0.02
5,3,44,0.0,0.0,1,propagule,1016,0,0,0.06791338582677166,True,0.01,0.02
5,3,45,0.0,0.0,1,propagule,974,0,0,0.057494866529774126,True,0.01,0.02
5,3,46,0.0,0.0,1,propagule,957,0,0,0.05851619644723093,True,0.01,0.02
5,3,47,0.0,0.0,1,propagule,937,0,0,0.061899679829242264,True,0.01,0.02
5,3,48,0.0,0.0,1,propagule,928,0,0,0.05603448275862069,True,0.01,0.02
5,3,49,0.0,0.0,1,propagule,925,0,0,0.0627027027027027,True,0.01,0.02
5,3,50,0.0,0.0,1,propagule,913,0,0,0.06681270536692223,True,0.01,0.02
5,3,51,0.0,0.0,1,propagule,905,0,0,0.07403314917127071,True,0.01,0.02
5,3,52,0.0,0.0,1,propagule,909,0,0,0.0748074807480748,True,0.01,0.02
5,4,1,0.0,0.0,1,propagule,911,0,0,0.08342480790340286,True,0.01,0.02
5,4,2,0.0,0.0,1,propagule,905,0,0,0.09281767955801105,True,0.01,0.02
5,4,3,0.0,0.0,1,propagule,900,0,0,0.09555555555555556,True,0.01,0.02
5,4,4,0.0,0.0,1,propagule,884,0,0,0.09615384615384616,True,0.01,0.02
5,4,5,0.0,0.0,1,propagule,877,0,0,0.09806157354618016,True,0.01,0.02
5,4,6,0.0,0.0,1,propagule,855,0,0,0.10409356725146199,True,0.01,0.02
5,4,7,0.0,0.0,1,propagule,847,0,0,0.1038961038961039,True,0.01,0.02
5,4,8,0.0,0.0,1,propagule,832,0,0,0.10576923076923077,True,0.01,0.02
5,4,9,0.0,0.0,1,propagule,829,0,0,0.10494571773220748,True,0.01,0.02
5,4,10,0.0,0.0,1,propagule,812,0,0,0.10714285714285714,True,0.01,0.02
5,4,11,0.0,0.0,1,propagule,811,0,0,0.10727496917385944,True,0.01,0.02
5,4,12,0.0,0.0,1,propagule,796,0,0,0.1092964824120603,True,0.01,0.02
5,4,13,0.0,0.0,1,propagule,784,0,0,0.10841836734693877,True,0.01,0.02
5,4,14,0.0,0.0,1,propagule,767,0,0,0.10560625814863103,True,0.01,0.02
5,4,15,0.0,0.0,1,propagule,758,0,0,0.10686015831134564,True,0.01,0.02
5,4,16,0.0,0.0,1,propagule,746,0,0,0.10723860589812333,True,0.01,0.02
5,4,17,0.0,0.0,1,propagule,735,0,0,0.10612244897959183,True,0.01,0.02
5,4,18,0.0,0.0,1,propagule,1516,0,0,0.05343007915567282,True,0.01,0.02
5,4,19,0.0,0.0,1,propagule,1446,0,0,0.05325034578146611,True,0.01,0.02
5,4,20,0.0,0.0,1,propagule,1431,0,0,0.058001397624039136,True,0.01,0.02
5,4,21,0.0,0.0,1,propagule,1375,0,0,0.05818181818181818,True,0.01,0.02
5,4,22,0.0,0.0,1,propagule,1336,0,0,0.05464071856287425,True,0.01,0.02
5,4,23,0.0,0.0,1,propagule,1280,0,0,0.0546875,True,0.01,0.02
5,4,24,0.0,0.0,1,propagule,1285,0,0,0.058365758754863814,True,0.01,0.02
5,4,25,0.0,0.0,1,propagule,1188,0,0,0.058922558922558925,True,0.01,0.02
5,4,26,0.0,0.0,1,propagule,1188,0,0,0.058922558922558925,True,0.01,0.02
5,4,27,0.0,0.0,1,propagule,1142,0,0,0.0595446584938704,True,0.01,0.02
5,4,28,0.0,0.0,1,propagule,1130,0,0,0.061061946902654866,True,0.01,0.02
5,4,29,0.0,0.0,1,propagule,1075,0,0,0.05674418604651163,True,0.01,0.02
5,4,30,0.0,0.0,1,propagule,1035,0,0,0.0647342995169082,True,0.01,0.02
5,4,31,0.0,0.0,1,propagule,992,0,0,0.06149193548387097,True,0.01,0.02
5,4,32,0.0,0.0,1,propagule,968,0,0,0.06198347107438017,True,0.01,0.02
5,4,33,0.0,0.0,1,propagule,929,0,0,0.0581270182992465,True,0.01,0.02
5,4,34,0.0,0.0,1,propagule,920,0,0,0.06739130434782609,True,0.01,0.02
5,4,35,0.0,0.0,1,propagule,899,0,0,0.058954393770856504,True,0.01,0.02
5,4,36,0.0,0.0,1,propagule,865,0,0,0.07052023121387284,True,0.01,0.02
5,4,37,0.0,0.0,1,propagule,845,0,0,0.06035502958579882,True,0.01,0.02
5,4,38,0.0,0.0,1,propagule,840,0,0,0.07261904761904762,True,0.01,0.02
5,4,39,0.0,0.0,1,propagule,816,0,0,0.06985294117647059,True,0.01,0.02
5,4,40,0.0,0.0,1,propagule,821,0,0,0.07673568818514007,True,0.01,0.02
5,4,41,0.0,0.0,1,propagule,804,0,0,0.07587064676616916,True,0.01,0.02
5,4,42,0.0,0.0,1,propagule,800,0,0,0.07375,True,0.01,0.02
5,4,43,0.0,0.0,1,propagule,838,0,0,0.10859188544152745,True,0.01,0.02
5,4,44,0.0,0.0,1,propagule,802,0,0,0.08977556109725686,True,0.01,0.02
5,4,45,0.0,0.0,1,propagule,776,0,0,0.08634020618556701,True,0.01,0.02
5,4,46,0.0,0.0,1,propagule,765,0,0,0.0915032679738562,True,0.01,0.02
5,4,47,0.0,0.0,1,propagule,752,0,0,0.09308510638297872,True,0.01,0.02
5,4,48,0.0,0.0,1,propagule,749,0,0,0.09746328437917223,True,0.01,0.02
5,4,49,0.0,0.0,1,propagule,752,0,0,0.10106382978723404,True,0.01,0.02
5,4,50,0.0,0.0,1,propagule,727,0,0,0.09628610729023383,True,0.01,0.02
5,4,51,0.0,0.0,1,propagule,723,0,0,0.0995850622406639,True,0.01,0.02
5,4,52,0.0,0.0,1,propagule,710,0,0,0.10140845070422536,True,0.01,0.02
5,5,1,0.0,0.0,1,propagule,706,0,0,0.10198300283286119,True,0.01,0.02
5,5,2,0.0,0.0,1,propagule,689,0,0,0.09869375907111756,True,0.01,0.02
5,5,3,0.0,0.0,1,propagule,691,0,0,0.10564399421128799,True,0.01,0.02
5,5,4,0.0,0.0,1,propagule,669,0,0,0.09865470852017937,True,0.01,0.02
5,5,5,0.0,0.0,1,propagule,663,0,0,0.10558069381598793,True,0.01,0.02
5,5,6,0.0,0.0,1,propagule,649,0,0,0.10015408320493066,True,0.01,0.02
5,5,7,0.0,0.0,1,propagule,646,0,0,0.10681114551083591,True,0.01,0.02
5,5,8,0.0,0.0,1,propagule,624,0,0,0.09775641025641026,True,0.01,0.02
5,5,9,0.0,0.0,1,propagule,619,0,0,0.10177705977382875,True,0.01,0.02
5,5,10,0.0,0.0,1,propagule,606,0,0,0.09735973597359736,True,0.01,0.02
5,5,11,0.0,0.0,1,propagule,603,0,0,0.1044776119402985,True,0.01,0.02
5,5,12,0.0,0.0,1,propagule,598,0,0,0.1020066889632107,True,0.01,0.02
5,5,13,0.0,0.0,1,propagule,593,0,0,0.1045531197301855,True,0.01,0.02
5,5,14,0.0,0.0,1,propagule,583,0,0,0.10634648370497427,True,0.01,0.02
5,5,15,0.0,0.0,1,propagule,582,0,0,0.11168384879725086,True,0.01,0.02
5,5,16,0.0,0.0,1,propagule,567,0,0,0.10934744268077601,True,0.01,0.02
5,5,17,0.0,0.0,1,propagule,566,0,0,0.11307420494699646,True,0.01,0.02
5,5,18,0.0,0.0,1,propagule,1252,0,0,0.048722044728434506,True,0.01,0.02
5,5,19,0.0,0.0,1,propagule,1196,0,0,0.048494983277591976,True,0.01,0.02
5,5,20,0.0,0.0,1,propagule,1144,0,0,0.050699300699300696,True,0.01,0.02
5,5,21,0.0,0.0,1,propagule,1117,0,0,0.050134288272157566,True,0.01,0.02
5,5,22,0.0,0.0,1,propagule,1101,0,0,0.051771117166212535,True,0.01,0.02
5,5,23,0.0,0.0,1,propagule,1070,0,0,0.048598130841121495,True,0.01,0.02
5,5,24,0.0,0.0,1,propagule,1045,0,0,0.05071770334928229,True,0.01,0.02
5,5,25,0.0,0.0,1,propagule,1000,0,0,0.048,True,0.01,0.02
5,5,26,0.0,0.0,1,propagule,994,0,0,0.05130784708249497,True,0.01,0.02
5,5,27,0.0,0.0,1,propagule,958,0,0,0.04801670146137787,True,0.01,0.02
5,5,28,0.0,0.0,1,propagule,948,0,0,0.05590717299578059,True,0.01,0.02
5,5,29,0.0,0.0,1,propagule,926,0,0,0.0550755939524838,True,0.01,0.02
5,5,30,0.0,0.0,1,propagule,912,0,0,0.06030701754385965,True,0.01,0.02
5,5,31,0.0,0.0,1,propagule,884,0,0,0.05429864253393665,True,0.01,0.02
5,5,32,0.0,0.0,1,propagule,885,0,0,0.05875706214689266,True,0.01,0.02
5,5,33,0.0,0.0,1,propagule,846,0,0,0.05673758865248227,True,0.01,0.02
5,5,34,0.0,0.0,1,propagule,844,0,0,0.06279620853080568,True,0.01,0.02
5,5,35,0.0,0.0,1,propagule,813,0,0,0.055350553505535055,True,0.01,0.02
5,5,36,0.0,0.0,1,propagule,803,0,0,0.05977584059775841,True,0.01,0.02
5,5,37,0.0,0.0,1,propagule,782,0,0,0.056265984654731455,True,0.01,0.02
5,5,38,0.0,0.0,1,propagule,784,0,0,0.0663265306122449,True,0.01,0.02
5,5,39,0.0,0.0,1,propagule,754,0,0,0.0623342175066313,True,0.01,0.02
5,5,40,0.0,0.0,1,propagule,750,0,0,0.07066666666666667,True,0.01,0.02
5,5,41,0.0,0.0,1,propagule,727,0,0,0.06464924346629987,True,0.01,0.02
5,5,42,0.0,0.0,1,propagule,737,0,0,0.07598371777476255,True,0.01,0.02
5,5,43,0.0,0.0,1,propagule,774,0,0,0.11886304909560723,True,0.01,0.02
5,5,44,0.0,0.0,1,propagule,736,0,0,0.09646739130434782,True,0.01,0.02
5,5,45,0.0,0.0,1,propagule,726,0,0,0.09504132231404959,True,0.01,0.02
5,5,46,0.0,0.0,1,propagule,700,0,0,0.08857142857142856,True,0.01,0.02
5,5,47,0.0,0.0,1,propagule,697,0,0,0.09182209469153516,True,0.01,0.02
5,5,48,0.0,0.0,1,propagule,683,0,0,0.0951683748169839,True,0.01,0.02
5,5,49,0.0,0.0,1,propagule,674,0,0,0.09643916913946587,True,0.01,0.02
5,5,50,0.0,0.0,1,propagule,658,0,0,0.0972644376899696,True,0.01,0.02
5,5,51,0.0,0.0,1,propagule,660,0,0,0.10454545454545454,True,0.01,0.02
5,5,52,0.0,0.0,1,propagule,644,0,0,0.10093167701863354,True,0.01,0.02
5,6,1,0.0,0.0,1,propagule,645,0,0,0.10387596899224806,True,0.01,0.02
5,6,2,0.0,0.0,1,propagule,629,0,0,0.10492845786963434,True,0.01,0.02
5,6,3,0.0,0.0,1,propagule,624,0,0,0.10256410256410256,True,0.01,0.02
5,6,4,0.0,0.0,1,propagule,622,0,0,0.10932475884244373,True,0.01,0.02
5,6,5,0.0,0.0,1,propagule,614,0,0,0.11074918566775244,True,0.01,0.02
5,6,6,0.0,0.0,1,propagule,599,0,0,0.11185308848080133,True,0.01,0.02
5,6,7,0.0,0.0,1,propagule,592,0,0,0.10810810810810811,True,0.01,0.02
5,6,8,0.0,0.0,1,propagule,584,0,0,0.1113013698630137,True,0.01,0.02
5,6,9,0.0,0.0,1,propagule,577,0,0,0.10571923743500866,True,0.01,0.02
5,6,10,0.0,0.0,1,propagule,574,0,0,0.10975609756097561,True,0.01,0.02
5,6,11,0.0,0.0,1,propagule,559,0,0,0.1001788908765653,True,0.01,0.02
5,6,12,0.0,0.0,1,propagule,561,0,0,0.10338680926916222,True,0.01,0.02
5,6,13,0.0,0.0,1,propagule,554,0,0,0.10108303249097472,True,0.01,0.02
5,6,14,0.0,0.0,1,propagule,552,0,0,0.10869565217391304,True,0.01,0.02
5,6,15,0.0,0.0,1,propagule,539,0,0,0.10204081632653061,True,0.01,0.02
5,6,16,0.0,0.0,1,propagule,536,0,0,0.11007462686567164,True,0.01,0.02
5,6,17,0.0,0.0,1,propagule,528,0,0,0.10606060606060606,True,0.01,0.02
5,6,18,0.0,0.0,1,propagule,1071,0,0,0.056022408963585436,True,0.01,0.02
5,6,19,0.0,0.0,1,propagule,1011,0,0,0.050445103857566766,True,0.01,0.02
5,6,20,0.0,0.0,1,propagule,997,0,0,0.05015045135406219,True,0.01,0.02
5,6,21,0.0,0.0,1,propagule,975,0,0,0.05128205128205128,True,0.01,0.02
5,6,22,0.0,0.0,1,propagule,975,0,0,0.052307692307692305,True,0.01,0.02
5,6,23,0.0,0.0,1,propagule,924,0,0,0.050865800865800864,True,0.01,0.02
5,6,24,0.0,0.0,1,propagule,892,0,0,0.05605381165919283,True,0.01,0.02
5,6,25,0.0,0.0,1,propagule,864,0,0,0.052083333333333336,True,0.01,0.02
5,6,26,0.0,0.0,1,propagule,840,0,0,0.05119047619047619,True,0.01,0.02
5,6,27,0.0,0.0,1,propagule,818,0,0,0.04645476772616137,True,0.01,0.02
5,6,28,0.0,0.0,1,propagule,815,0,0,0.05276073619631902,True,0.01,0.02
5,6,29,0.0,0.0,1,propagule,763,0,0,0.04849279161205767,True,0.01,0.02
5,6,30,0.0,0.0,1,propagule,748,0,0,0.05481283422459893,True,0.01,0.02
5,6,31,0.0,0.0,1,propagule,725,0,0,0.05103448275862069,True,0.01,0.02
5,6,32,0.0,0.0,1,propagule,720,0,0,0.05416666666666667,True,0.01,0.02
5,6,33,0.0,0.0,1,propagule,705,0,0,0.04964539007092199,True,0.01,0.02
5,6,34,0.0,0.0,1,propagule,700,0,0,0.055714285714285716,True,0.01,0.02
5,6,35,0.0,0.0,1,propagule,687,0,0,0.055312954876273655,True,0.01,0.02
5,6,36,0.0,0.0,1,propagule,679,0,0,0.05743740795287187,True,0.01,0.02
5,6,37,0.0,0.0,1,propagule,663,0,0,0.05279034690799397,True,0.01,0.02
5,6,38,0.0,0.0,1,propagule,661,0,0,0.060514372163388806,True,0.01,0.02
5,6,39,0.0,0.0,1,propagule,643,0,0,0.05443234836702955,True,0.01,0.02
5,6,40,0.0,0.0,1,propagule,642,0,0,0.06074766355140187,True,0.01,0.02
5,6,41,0.0,0.0,1,propagule,635,0,0,0.05511811023622047,True,0.01,0.02
5,6,42,0.0,0.0,1,propagule,629,0,0,0.06041335453100159,True,0.01,0.02
5,6,43,0.0,0.0,1,propagule,637,0,0,0.0847723704866562,True,0.01,0.02
5,6,44,0.0,0.0,1,propagule,605,0,0,0.06942148760330578,True,0.01,0.02
5,6,45,0.0,0.0,1,propagule,590,0,0,0.07288135593220339,True,0.01,0.02
5,6,46,0.0,0.0,1,propagule,588,0,0,0.07653061224489796,True,0.01,0.02
5,6,47,0.0,0.0,1,propagule,571,0,0,0.07180385288966724,True,0.01,0.02
5,6,48,0.0,0.0,1,propagule,567,0,0,0.07936507936507936,True,0.01,0.02
5,6,49,0.0,0.0,1,propagule,560,0,0,0.08571428571428572,True,0.01,0.02
5,6,50,0.0,0.0,1,propagule,566,0,0,0.09540636042402827,True,0.01,0.02
5,6,51,0.0,0.0,1,propagule,563,0,0,0.10479573712255773,True,0.01,0.02
5,6,52,0.0,0.0,1,propagule,559,0,0,0.1037567084078712,True,0.01,0.02
5,7,1,0.0,0.0,1,propagule,564,0,0,0.11524822695035461,True,0.01,0.02
5,7,2,0.0,0.0,1,propagule,560,0,0,0.11071428571428571,True,0.01,0.02
5,7,3,0.0,0.0,1,propagule,563,0,0,0.11545293072824156,True,0.01,0.02
5,7,4,0.0,0.0,1,propagule,561,0,0,0.12299465240641712,True,0.01,0.02
5,7,5,0.0,0.0,1,propagule,558,0,0,0.12365591397849462,True,0.01,0.02
5,7,6,0.0,0.0,1,propagule,553,0,0,0.12658227848101267,True,0.01,0.02
5,7,7,0.0,0.0,1,propagule,548,0,0,0.12956204379562045,True,0.01,0.02
5,7,8,0.0,0.0,1,propagule,545,0,0,0.13027522935779817,True,0.01,0.02
5,7,9,0.0,0.0,1,propagule,542,0,0,0.13284132841328414,True,0.01,0.02
5,7,10,0.0,0.0,1,propagule,538,0,0,0.13197026022304834,True,0.01,0.02
5,7,11,0.0,0.0,1,propagule,532,0,0,0.13533834586466165,True,0.01,0.02
5,7,12,0.0,0.0,1,propagule,525,0,0,0.13714285714285715,True,0.01,0.02
5,7,13,0.0,0.0,1,propagule,519,0,0,0.1348747591522158,True,0.01,0.02
5,7,14,0.0,0.0,1,propagule,506,0,0,0.13043478260869565,True,0.01,0.02
5,7,15,0.0,0.0,1,propagule,502,0,0,0.13147410358565736,True,0.01,0.02
5,7,16,0.0,0.0,1,propagule,495,0,0,0.1292929292929293,True,0.01,0.02
5,7,17,0.0,0.0,1,propagule,484,0,0,0.12603305785123967,True,0.01,0.02
5,7,18,0.0,0.0,1,propagule,1083,0,0,0.05447830101569714,True,0.01,0.02
5,7,19,0.0,0.0,1,propagule,1069,0,0,0.05332086061739944,True,0.01,0.02
5,7,20,0.0,0.0,1,propagule,1041,0,0,0.053794428434197884,True,0.01,0.02
5,7,21,0.0,0.0,1,propagule,994,0,0,0.05331991951710262,True,0.01,0.02
5,7,22,0.0,0.0,1,propagule,976,0,0,0.05327868852459016,True,0.01,0.02
5,7,23,0.0,0.0,1,propagule,914,0,0,0.05470459518599562,True,0.01,0.02
5,7,24,0.0,0.0,1,propagule,898,0,0,0.05679287305122494,True,0.01,0.02
5,7,25,0.0,0.0,1,propagule,885,0,0,0.05649717514124294,True,0.01,0.02
5,7,26,0.0,0.0,1,propagule,877,0,0,0.05815279361459521,True,0.01,0.02
5,7,27,0.0,0.0,1,propagule,862,0,0,0.058004640371229696,True,0.01,0.02
5,7,28,0.0,0.0,1,propagule,850,0,0,0.05764705882352941,True,0.01,0.02
5,7,29,0.0,0.0,1,propagule,841,0,0,0.059453032104637336,True,0.01,0.02
5,7,30,0.0,0.0,1,propagule,807,0,0,0.06071871127633209,True,0.01,0.02
5,7,31,0.0,0.0,1,propagule,772,0,0,0.06347150259067358,True,0.01,0.02
5,7,32,0.0,0.0,1,propagule,742,0,0,0.0646900269541779,True,0.01,0.02
5,7,33,0.0,0.0,1,propagule,733,0,0,0.06548431105047749,True,0.01,0.02
5,7,34,0.0,0.0,1,propagule,717,0,0,0.06694560669456066,True,0.01,0.02
5,7,35,0.0,0.0,1,propagule,706,0,0,0.06657223796033994,True,0.01,0.02
5,7,36,0.0,0.0,1,propagule,676,0,0,0.06656804733727811,True,0.01,0.02
5,7,37,0.0,0.0,1,propagule,662,0,0,0.07099697885196375,True,0.01,0.02
5,7,38,0.0,0.0,1,propagule,655,0,0,0.07022900763358779,True,0.01,0.02
5,7,39,0.0,0.0,1,propagule,643,0,0,0.06998444790046657,True,0.01,0.02
5,7,40,0.0,0.0,1,propagule,632,0,0,0.07120253164556962,True,0.01,0.02
5,7,41,0.0,0.0,1,propagule,619,0,0,0.07592891760904685,True,0.01,0.02
5,7,42,0.0,0.0,1,propagule,609,0,0,0.07717569786535304,True,0.01,0.02
5,7,43,0.0,0.0,1,propagule,609,0,0,0.09852216748768473,True,0.01,0.02
5,7,44,0.0,0.0,1,propagule,597,0,0,0.09212730318257957,True,0.01,0.02
5,7,45,0.0,0.0,1,propagule,587,0,0,0.08347529812606473,True,0.01,0.02
5,7,46,0.0,0.0,1,propagule,578,0,0,0.08304498269896193,True,0.01,0.02
5,7,47,0.0,0.0,1,propagule,563,0,0,0.07815275310834814,True,0.01,0.02
5,7,48,0.0,0.0,1,propagule,550,0,0,0.08181818181818182,True,0.01,0.02
5,7,49,0.0,0.0,1,propagule,543,0,0,0.07918968692449356,True,0.01,0.02
5,7,50,0.0,0.0,1,propagule,537,0,0,0.08193668528864059,True,0.01,0.02
5,7,51,0.0,0.0,1,propagule,533,0,0,0.07879924953095685,True,0.01,0.02
5,7,52,0.0,0.0,1,propagule,527,0,0,0.07969639468690702,True,0.01,0.02
5,8,1,0.0,0.0,1,propagule,528,0,0,0.08522727272727272,True,0.01,0.02
5,8,2,0.0,0.0,1,propagule,515,0,0,0.0854368932038835,True,0.01,0.02
5,8,3,0.0,0.0,1,propagule,511,0,0,0.08610567514677103,True,0.01,0.02
5,8,4,0.0,0.0,1,propagule,507,0,0,0.08481262327416174,True,0.01,0.02
5,8,5,0.0,0.0,1,propagule,499,0,0,0.0781563126252505,True,0.01,0.02
5,8,6,0.0,0.0,1,propagule,493,0,0,0.07910750507099391,True,0.01,0.02
5,8,7,0.0,0.0,1,propagule,482,0,0,0.07676348547717843,True,0.01,0.02
5,8,8,0.0,0.0,1,propagule,481,0,0,0.08108108108108109,True,0.01,0.02
5,8,9,0.0,0.0,1,propagule,468,0,0,0.07478632478632478,True,0.01,0.02
5,8,10,0.0,0.0,1,propagule,466,0,0,0.07939914163090128,True,0.01,0.02
5,8,11,0.0,0.0,1,propagule,456,0,0,0.07456140350877193,True,0.01,0.02
5,8,12,0.0,0.0,1,propagule,457,0,0,0.0787746170678337,True,0.01,0.02
5,8,13,0.0,0.0,1,propagule,447,0,0,0.0738255033557047,True,0.01,0.02
5,8,14,0.0,0.0,1,propagule,445,0,0,0.07415730337078652,True,0.01,0.02
5,8,15,0.0,0.0,1,propagule,436,0,0,0.07110091743119266,True,0.01,0.02
5,8,16,0.0,0.0,1,propagule,435,0,0,0.0735632183908046,True,0.01,0.02
5,8,17,0.0,0.0,1,propagule,425,0,0,0.07058823529411765,True,0.01,0.02
5,8,18,0.0,0.0,1,propagule,945,0,0,0.033862433862433865,True,0.01,0.02
5,8,19,0.0,0.0,1,propagule,915,0,0,0.03169398907103825,True,0.01,0.02
5,8,20,0.0,0.0,1,propagule,902,0,0,0.03325942350332594,True,0.01,0.02
5,8,21,0.0,0.0,1,propagule,873,0,0,0.033218785796105384,True,0.01,0.02
5,8,22,0.0,0.0,1,propagule,861,0,0,0.03368176538908246,True,0.01,0.02
5,8,23,0.0,0.0,1,propagule,836,0,0,0.034688995215311005,True,0.01,0.02
5,8,24,0.0,0.0,1,propagule,781,0,0,0.03329065300896287,True,0.01,0.02
5,8,25,0.0,0.0,1,propagule,762,0,0,0.03412073490813648,True,0.01,0.02
5,8,26,0.0,0.0,1,propagule,729,0,0,0.03566529492455418,True,0.01,0.02
5,8,27,0.0,0.0,1,propagule,723,0,0,0.034578146611341634,True,0.01,0.02
5,8,28,0.0,0.0,1,propagule,692,0,0,0.036127167630057806,True,0.01,0.02
5,8,29,0.0,0.0,1,propagule,671,0,0,0.03576751117734724,True,0.01,0.02
5,8,30,0.0,0.0,1,propagule,661,0,0,0.036308623298033284,True,0.01,0.02
5,8,31,0.0,0.0,1,propagule,650,0,0,0.036923076923076927,True,0.01,0.02
5,8,32,0.0,0.0,1,propagule,623,0,0,0.03691813804173355,True,0.01,0.02
5,8,33,0.0,0.0,1,propagule,604,0,0,0.039735099337748346,True,0.01,0.02
5,8,34,0.0,0.0,1,propagule,588,0,0,0.03741496598639456,True,0.01,0.02
5,8,35,0.0,0.0,1,propagule,568,0,0,0.03873239436619718,True,0.01,0.02
5,8,36,0.0,0.0,1,propagule,556,0,0,0.039568345323741004,True,0.01,0.02
5,8,37,0.0,0.0,1,propagule,553,0,0,0.039783001808318265,True,0.01,0.02
5,8,38,0.0,0.0,1,propagule,539,0,0,0.03896103896103896,True,0.01,0.02
5,8,39,0.0,0.0,1,propagule,541,0,0,0.04066543438077634,True,0.01,0.02
5,8,40,0.0,0.0,1,propagule,525,0,0,0.0419047619047619,True,0.01,0.02
5,8,41,0.0,0.0,1,propagule,522,0,0,0.0421455938697318,True,0.01,0.02
5,8,42,0.0,0.0,1,propagule,513,0,0,0.04093567251461988,True,0.01,0.02
5,8,43,0.0,0.0,1,propagule,506,0,0,0.05138339920948617,True,0.01,0.02
5,8,44,0.0,0.0,1,propagule,493,0,0,0.04665314401622718,True,0.01,0.02
5,8,45,0.0,0.0,1,propagule,487,0,0,0.045174537987679675,True,0.01,0.02
5,8,46,0.0,0.0,1,propagule,479,0,0,0.05010438413361169,True,0.01,0.02
5,8,47,0.0,0.0,1,propagule,481,0,0,0.05197505197505198,True,0.01,0.02
5,8,48,0.0,0.0,1,propagule,466,0,0,0.04935622317596566,True,0.01,0.02
5,8,49,0.0,0.0,1,propagule,467,0,0,0.059957173447537475,True,0.01,0.02
5,8,50,0.0,0.0,1,propagule,454,0,0,0.05726872246696035,True,0.01,0.02
5,8,51,0.0,0.0,1,propagule,453,0,0,0.06181015452538632,True,0.01,0.02
5,8,52,0.0,0.0,1,propagule,437,0,0,0.057208237986270026,True,0.01,0.02
5,9,1,0.0,0.0,1,propagule,428,0,0,0.0630841121495327,True,0.01,0.02
5,9,2,0.0,0.0,1,propagule,417,0,0,0.05755395683453238,True,0.01,0.02
5,9,3,0.0,0.0,1,propagule,413,0,0,0.06537530266343826,True,0.01,0.02
5,9,4,0.0,0.0,1,propagule,401,0,0,0.059850374064837904,True,0.01,0.02
5,9,5,0.0,0.0,1,propagule,404,0,0,0.06683168316831684,True,0.01,0.02
5,9,6,0.0,0.0,1,propagule,392,0,0,0.061224489795918366,True,0.01,0.02
5,9,7,0.0,0.0,1,propagule,396,0,0,0.07575757575757576,True,0.01,0.02
5,9,8,0.0,0.0,1,propagule,383,0,0,0.07049608355091384,True,0.01,0.02
5,9,9,0.0,0.0,1,propagule,382,0,0,0.07853403141361257,True,0.01,0.02
5,9,10,0.0,0.0,1,propagule,375,0,0,0.06933333333333333,True,0.01,0.02
5,9,11,0.0,0.0,1,propagule,370,0,0,0.07837837837837838,True,0.01,0.02
5,9,12,0.0,0.0,1,propagule,360,0,0,0.06944444444444445,True,0.01,0.02
5,9,13,0.0,0.0,1,propagule,365,0,0,0.07671232876712329,True,0.01,0.02
5,9,14,0.0,0.0,1,propagule,355,0,0,0.07042253521126761,True,0.01,0.02
5,9,15,0.0,0.0,1,propagule,355,0,0,0.07323943661971831,True,0.01,0.02
5,9,16,0.0,0.0,1,propagule,343,0,0,0.061224489795918366,True,0.01,0.02
5,9,17,0.0,0.0,1,propagule,348,0,0,0.06896551724137931,True,0.01,0.02
5,9,18,0.0,0.0,1,propagule,697,0,0,0.02582496413199426,True,0.01,0.02
5,9,19,0.0,0.0,1,propagule,700,0,0,0.027142857142857142,True,0.01,0.02
5,9,20,0.0,0.0,1,propagule,672,0,0,0.026785714285714284,True,0.01,0.02
5,9,21,0.0,0.0,1,propagule,664,0,0,0.02710843373493976,True,0.01,0.02
5,9,22,0.0,0.0,1,propagule,643,0,0,0.027993779160186624,True,0.01,0.02
5,9,23,0.0,0.0,1,propagule,644,0,0,0.029503105590062112,True,0.01,0.02
5,9,24,0.0,0.0,1,propagule,622,0,0,0.027331189710610933,True,0.01,0.02
5,9,25,0.0,0.0,1,propagule,616,0,0,0.025974025974025976,True,0.01,0.02
5,9,26,0.0,0.0,1,propagule,585,0,0,0.02564102564102564,True,0.01,0.02
5,9,27,0.0,0.0,1,propagule,576,0,0,0.029513888888888888,True,0.01,0.02
5,9,28,0.0,0.0,1,propagule,560,0,0,0.026785714285714284,True,0.01,0.02
5,9,29,0.0,0.0,1,propagule,542,0,0,0.02952029520295203,True,0.01,0.02
5,9,30,0.0,0.0,1,propagule,522,0,0,0.03065134099616858,True,0.01,0.02
5,9,31,0.0,0.0,1,propagule,512,0,0,0.03125,True,0.01,0.02
5,9,32,0.0,0.0,1,propagule,505,0,0,0.031683168316831684,True,0.01,0.02
5,9,33,0.0,0.0,1,propagule,498,0,0,0.03413654618473896,True,0.01,0.02
5,9,34,0.0,0.0,1,propagule,484,0,0,0.03512396694214876,True,0.01,0.02
5,9,35,0.0,0.0,1,propagule,481,0,0,0.037422037422037424,True,0.01,0.02
5,9,36,0.0,0.0,1,propagule,466,0,0,0.034334763948497854,True,0.01,0.02
5,9,37,0.0,0.0,1,propagule,460,0,0,0.034782608695652174,True,0.01,0.02
5,9,38,0.0,0.0,1,propagule,456,0,0,0.03508771929824561,True,0.01,0.02
5,9,39,0.0,0.0,1,propagule,452,0,0,0.03761061946902655,True,0.01,0.02
5,9,40,0.0,0.0,1,propagule,448,0,0,0.03794642857142857,True,0.01,0.02
5,9,41,0.0,0.0,1,propagule,441,0,0,0.036281179138321996,True,0.01,0.02
5,9,42,0.0,0.0,1,propagule,435,0,0,0.0367816091954023,True,0.01,0.02
5,9,43,0.0,0.0,1,propagule,428,0,0,0.0514018691588785,True,0.01,0.02
5,9,44,0.0,0.0,1,propagule,422,0,0,0.04976303317535545,True,0.01,0.02
5,9,45,0.0,0.0,1,propagule,415,0,0,0.04819277108433735,True,0.01,0.02
5,9,46,0.0,0.0,1,propagule,409,0,0,0.04645476772616137,True,0.01,0.02
5,9,47,0.0,0.0,1,propagule,400,0,0,0.0475,True,0.01,0.02
5,9,48,0.0,0.0,1,propagule,391,0,0,0.04603580562659847,True,0.01,0.02
5,9,49,0.0,0.0,1,propagule,384,0,0,0.046875,True,0.01,0.02
5,9,50,0.0,0.0,1,propagule,377,0,0,0.04509283819628647,True,0.01,0.02
5,9,51,0.0,0.0,1,propagule,377,0,0,0.050397877984084884,True,0.01,0.02
5,9,52,0.0,0.0,1,propagule,367,0,0,0.051771117166212535,True,0.01,0.02
5,10,1,0.0,0.0,1,propagule,364,0,0,0.04945054945054945,True,0.01,0.02
5,10,2,0.0,0.0,1,propagule,359,0,0,0.05013927576601671,True,0.01,0.02
5,10,3,0.0,0.0,1,propagule,349,0,0,0.04871060171919771,True,0.01,0.02
5,10,4,0.0,0.0,1,propagule,349,0,0,0.05157593123209169,True,0.01,0.02
5,10,5,0.0,0.0,1,propagule,341,0,0,0.0469208211143695,True,0.01,0.02
5,10,6,0.0,0.0,1,propagule,339,0,0,0.05014749262536873,True,0.01,0.02
5,10,7,0.0,0.0,1,propagule,332,0,0,0.05120481927710843,True,0.01,0.02
5,10,8,0.0,0.0,1,propagule,334,0,0,0.05389221556886228,True,0.01,0.02
5,10,9,0.0,0.0,1,propagule,325,0,0,0.05846153846153846,True,0.01,0.02
5,10,10,0.0,0.0,1,propagule,321,0,0,0.059190031152647975,True,0.01,0.02
5,10,11,0.0,0.0,1,propagule,315,0,0,0.06031746031746032,True,0.01,0.02
5,10,12,0.0,0.0,1,propagule,317,0,0,0.06309148264984227,True,0.01,0.02
5,10,13,0.0,0.0,1,propagule,309,0,0,0.05825242718446602,True,0.01,0.02
5,10,14,0.0,0.0,1,propagule,312,0,0,0.060897435897435896,True,0.01,0.02
5,10,15,0.0,0.0,1,propagule,302,0,0,0.056291390728476824,True,0.01,0.02
5,10,16,0.0,0.0,1,propagule,302,0,0,0.059602649006622516,True,0.01,0.02
5,10,17,0.0,0.0,1,propagule,296,0,0,0.057432432432432436,True,0.01,0.02
5,10,18,0.0,0.0,1,propagule,626,0,0,0.02875399361022364,True,0.01,0.02
5,10,19,0.0,0.0,1,propagule,616,0,0,0.027597402597402596,True,0.01,0.02
5,10,20,0.0,0.0,1,propagule,620,0,0,0.02903225806451613,True,0.01,0.02
5,10,21,0.0,0.0,1,propagule,602,0,0,0.02823920265780731,True,0.01,0.02
5,10,22,0.0,0.0,1,propagule,568,0,0,0.02992957746478873,True,0.01,0.02
5,10,23,0.0,0.0,1,propagule,559,0,0,0.028622540250447227,True,0.01,0.02
5,10,24,0.0,0.0,1,propagule,551,0,0,0.02722323049001815,True,0.01,0.02
5,10,25,0.0,0.0,1,propagule,539,0,0,0.027829313543599257,True,0.01,0.02
5,10,26,0.0,0.0,1,propagule,520,0,0,0.028846153846153848,True,0.01,0.02
5,10,27,0.0,0.0,1,propagule,511,0,0,0.03131115459882583,True,0.01,0.02
5,10,28,0.0,0.0,1,propagule,501,0,0,0.031936127744510975,True,0.01,0.02
5,10,29,0.0,0.0,1,propagule,497,0,0,0.03420523138832998,True,0.01,0.02
5,10,30,0.0,0.0,1,propagule,488,0,0,0.03278688524590164,True,0.01,0.02
5,10,31,0.0,0.0,1,propagule,481,0,0,0.033264033264033266,True,0.01,0.02
5,10,32,0.0,0.0,1,propagule,458,0,0,0.03056768558951965,True,0.01,0.02
5,10,33,0.0,0.0,1,propagule,444,0,0,0.03153153153153153,True,0.01,0.02
5,10,34,0.0,0.0,1,propagule,432,0,0,0.032407407407407406,True,0.01,0.02
5,10,35,0.0,0.0,1,propagule,427,0,0,0.03278688524590164,True,0.01,0.02
5,10,36,0.0,0.0,1,propagule,420,0,0,0.03333333333333333,True,0.01,0.02
5,10,37,0.0,0.0,1,propagule,414,0,0,0.033816425120772944,True,0.01,0.02
5,10,38,0.0,0.0,1,propagule,414,0,0,0.03864734299516908,True,0.01,0.02
5,10,39,0.0,0.0,1,propagule,407,0,0,0.04176904176904177,True,0.01,0.02
5,10,40,0.0,0.0,1,propagule,399,0,0,0.03759398496240601,True,0.01,0.02
5,10,41,0.0,0.0,1,propagule,398,0,0,0.03768844221105527,True,0.01,0.02
5,10,42,0.0,0.0,1,propagule,393,0,0,0.043256997455470736,True,0.01,0.02
5,10,43,0.0,0.0,1,propagule,383,0,0,0.06266318537859007,True,0.01,0.02
5,10,44,0.0,0.0,1,propagule,369,0,0,0.04878048780487805,True,0.01,0.02
5,10,45,0.0,0.0,1,propagule,375,0,0,0.048,True,0.01,0.02
5,10,46,0.0,0.0,1,propagule,364,0,0,0.046703296703296704,True,0.01,0.02
5,10,47,0.0,0.0,1,propagule,349,0,0,0.04297994269340974,True,0.01,0.02
5,10,48,0.0,0.0,1,propagule,339,0,0,0.04424778761061947,True,0.01,0.02
5,10,49,0.0,0.0,1,propagule,327,0,0,0.03669724770642202,True,0.01,0.02
5,10,50,0.0,0.0,1,propagule,328,0,0,0.036585365853658534,True,0.01,0.02
5,10,51,0.0,0.0,1,propagule,320,0,0,0.0375,True,0.01,0.02
5,10,52,0.0,0.0,1,propagule,319,0,0,0.03761755485893417,True,0.01,0.02
5,1,1,0.0,0.0,1,propagule,945,0,0,0.0,True,0.01,0.025
5,1,2,0.0,0.0,1,propagule,936,0,0,0.0,True,0.01,0.025
5,1,3,0.0,0.0,1,propagule,941,0,0,0.0,True,0.01,0.025
5,1,4,0.0,0.0,1,propagule,939,0,0,0.0010649627263045794,True,0.01,0.025
5,1,5,0.0,0.0,1,propagule,942,0,0,0.0031847133757961785,True,0.01,0.025
5,1,6,0.0,0.0,1,propagule,930,0,0,0.005376344086021506,True,0.01,0.025
5,1,7,0.0,0.0,1,propagule,927,0,0,0.005393743257820928,True,0.01,0.025
5,1,8,0.0,0.0,1,propagule,912,0,0,0.005482456140350877,True,0.01,0.025
5,1,9,0.0,0.0,1,propagule,899,0,0,0.0055617352614015575,True,0.01,0.025
5,1,10,0.0,0.0,1,propagule,885,0,0,0.005649717514124294,True,0.01,0.025
5,1,11,0.0,0.0,1,propagule,872,0,0,0.005733944954128441,True,0.01,0.025
5,1,12,0.0,0.0,1,propagule,858,0,0,0.005827505827505828,True,0.01,0.025
5,1,13,0.0,0.0,1,propagule,850,0,0,0.0058823529411764705,True,0.01,0.025
5,1,14,0.0,0.0,1,propagule,835,0,0,0.005988023952095809,True,0.01,0.025
5,1,15,0.0,0.0,1,propagule,828,0,0,0.006038647342995169,True,0.01,0.025
5,1,16,0.0,0.0,1,propagule,813,0,0,0.006150061500615006,True,0.01,0.025
5,1,17,0.0,0.0,1,propagule,810,0,0,0.006172839506172839,True,0.01,0.025
5,1,18,0.0,0.0,1,propagule,2362,0,0,0.001693480101608806,True,0.01,0.025
5,1,19,0.0,0.0,1,propagule,2307,0,0,0.0017338534893801473,True,0.01,0.025
5,1,20,0.0,0.0,1,propagule,2268,0,0,0.001763668430335097,True,0.01,0.025
5,1,21,0.0,0.0,1,propagule,2208,0,0,0.0018115942028985507,True,0.01,0.025
5,1,22,0.0,0.0,1,propagule,2161,0,0,0.0023137436372049976,True,0.01,0.025
5,1,23,0.0,0.0,1,propagule,2113,0,0,0.00236630383341221,True,0.01,0.025
5,1,24,0.0,0.0,1,propagule,2061,0,0,0.004366812227074236,True,0.01,0.025
5,1,25,0.0,0.0,1,propagule,2004,0,0,0.004491017964071856,True,0.01,0.025
5,1,26,0.0,0.0,1,propagule,1979,0,0,0.0055583628094997475,True,0.01,0.025
5,1,27,0.0,0.0,1,propagule,1914,0,0,0.006792058516196447,True,0.01,0.025
5,1,28,0.0,0.0,1,propagule,1840,0,0,0.008152173913043478,True,0.01,0.025
5,1,29,0.0,0.0,1,propagule,1765,0,0,0.0084985835694051,True,0.01,0.025
5,1,30,0.0,0.0,1,propagule,1717,0,0,0.008736167734420501,True,0.01,0.025
5,1,31,0.0,0.0,1,propagule,1645,0,0,0.00911854103343465,True,0.01,0.025
5,1,32,0.0,0.0,1,propagule,1635,0,0,0.009174311926605505,True,0.01,0.025
5,1,33,0.0,0.0,1,propagule,1575,0,0,0.009523809523809525,True,0.01,0.025
5,1,34,0.0,0.0,1,propagule,1555,0,0,0.00964630225080386,True,0.01,0.025
5,1,35,0.0,0.0,1,propagule,1490,0,0,0.009395973154362415,True,0.01,0.025
5,1,36,0.0,0.0,1,propagule,1452,0,0,0.010330578512396695,True,0.01,0.025
5,1,37,0.0,0.0,1,propagule,1407,0,0,0.012082444918265814,True,0.01,0.025
5,1,38,0.0,0.0,1,propagule,1401,0,0,0.010706638115631691,True,0.01,0.025
5,1,39,0.0,0.0,1,propagule,1348,0,0,0.01112759643916914,True,0.01,0.025
5,1,40,0.0,0.0,1,propagule,1369,0,0,0.01241782322863404,True,0.01,0.025
5,1,41,0.0,0.0,1,propagule,1333,0,0,0.01350337584396099,True,0.01,0.025
5,1,42,0.0,0.0,1,propagule,1330,0,0,0.013533834586466165,True,0.01,0.025
5,1,43,0.0,0.0,1,propagule,1306,0,0,0.020673813169984685,True,0.01,0.025
5,1,44,0.0,0.0,1,propagule,1312,0,0,0.023628048780487805,True,0.01,0.025
5,1,45,0.0,0.0,1,propagule,1281,0,0,0.02263856362217018,True,0.01,0.025
5,1,46,0.0,0.0,1,propagule,1264,0,0,0.021360759493670885,True,0.01,0.025
5,1,47,0.0,0.0,1,propagule,1235,0,0,0.02348178137651822,True,0.01,0.025
5,1,48,0.0,0.0,1,propagule,1229,0,0,0.022782750203417412,True,0.01,0.025
5,1,49,0.0,0.0,1,propagule,1191,0,0,0.026028547439126783,True,0.01,0.025
5,1,50,0.0,0.0,1,propagule,1198,0,0,0.02587646076794658,True,0.01,0.025
5,1,51,0.0,0.0,1,propagule,1153,0,0,0.028620988725065046,True,0.01,0.025
5,1,52,0.0,0.0,1,propagule,1156,0,0,0.028546712802768166,True,0.01,0.025
5,2,1,0.0,0.0,1,propagule,1128,0,0,0.03102836879432624,True,0.01,0.025
5,2,2,0.0,0.0,1,propagule,1135,0,0,0.028193832599118944,True,0.01,0.025
5,2,3,0.0,0.0,1,propagule,1095,0,0,0.033789954337899546,True,0.01,0.025
5,2,4,0.0,0.0,1,propagule,1106,0,0,0.03345388788426763,True,0.01,0.025
5,2,5,0.0,0.0,1,propagule,1059,0,0,0.0339943342776204,True,0.01,0.025
5,2,6,0.0,0.0,1,propagule,1056,0,0,0.029356060606060608,True,0.01,0.025
5,2,7,0.0,0.0,1,propagule,1019,0,0,0.033366045142296366,True,0.01,0.025
5,2,8,0.0,0.0,1,propagule,1032,0,0,0.03391472868217054,True,0.01,0.025
5,2,9,0.0,0.0,1,propagule,993,0,0,0.035246727089627394,True,0.01,0.025
5,2,10,0.0,0.0,1,propagule,1001,0,0,0.030969030969030968,True,0.01,0.025
5,2,11,0.0,0.0,1,propagule,971,0,0,0.03604531410916581,True,0.01,0.025
5,2,12,0.0,0.0,1,propagule,983,0,0,0.03458799593082401,True,0.01,0.025
5,2,13,0.0,0.0,1,propagule,953,0,0,0.03672612801678909,True,0.01,0.025
5,2,14,0.0,0.0,1,propagule,957,0,0,0.03239289446185998,True,0.01,0.025
5,2,15,0.0,0.0,1,propagule,927,0,0,0.032362459546925564,True,0.01,0.025
5,2,16,0.0,0.0,1,propagule,933,0,0,0.03536977491961415,True,0.01,0.025
5,2,17,0.0,0.0,1,propagule,897,0,0,0.033444816053511704,True,0.01,0.025
5,2,18,0.0,0.0,1,propagule,1770,0,0,0.015819209039548022,True,0.01,0.025
5,2,19,0.0,0.0,1,propagule,1711,0,0,0.01636469900642899,True,0.01,0.025
5,2,20,0.0,0.0,1,propagule,1723,0,0,0.016831108531630876,True,0.01,0.025
5,2,21,0.0,0.0,1,propagule,1646,0,0,0.01761846901579587,True,0.01,0.025
5,2,22,0.0,0.0,1,propagule,1616,0,0,0.019183168316831683,True,0.01,0.025
5,2,23,0.0,0.0,1,propagule,1557,0,0,0.017341040462427744,True,0.01,0.025
5,2,24,0.0,0.0,1,propagule,1540,0,0,0.015584415584415584,True,0.01,0.025
5,2,25,0.0,0.0,1,propagule,1449,0,0,0.01932367149758454,True,0.01,0.025
5,2,26,0.0,0.0,1,propagule,1411,0,0,0.014174344436569808,True,0.01,0.025
5,2,27,0.0,0.0,1,propagule,1358,0,0,0.018409425625920472,True,0.01,0.025
5,2,28,0.0,0.0,1,propagule,1335,0,0,0.015730337078651686,True,0.01,0.025
5,2,29,0.0,0.0,1,propagule,1301,0,0,0.021521906225980016,True,0.01,0.025
5,2,30,0.0,0.0,1,propagule,1245,0,0,0.01606425702811245,True,0.01,0.025
5,2,31,0.0,0.0,1,propagule,1205,0,0,0.019087136929460582,True,0.01,0.025
5,2,32,0.0,0.0,1,propagule,1174,0,0,0.018739352640545145,True,0.01,0.025
5,2,33,0.0,0.0,1,propagule,1138,0,0,0.022847100175746926,True,0.01,0.025
5,2,34,0.0,0.0,1,propagule,1125,0,0,0.018666666666666668,True,0.01,0.025
5,2,35,0.0,0.0,1,propagule,1100,0,0,0.02181818181818182,True,0.01,0.025
5,2,36,0.0,0.0,1,propagule,1072,0,0,0.027985074626865673,True,0.01,0.025
5,2,37,0.0,0.0,1,propagule,1068,0,0,0.033707865168539325,True,0.01,0.025
5,2,38,0.0,0.0,1,propagule,1032,0,0,0.025193798449612403,True,0.01,0.025
5,2,39,0.0,0.0,1,propagule,1033,0,0,0.031945788964181994,True,0.01,0.025
5,2,40,0.0,0.0,1,propagule,1012,0,0,0.02766798418972332,True,0.01,0.025
5,2,41,0.0,0.0,1,propagule,1012,0,0,0.040513833992094864,True,0.01,0.025
5,2,42,0.0,0.0,1,propagule,986,0,0,0.035496957403651115,True,0.01,0.025
5,2,43,0.0,0.0,1,propagule,1019,0,0,0.06575073601570167,True,0.01,0.025
5,2,44,0.0,0.0,1,propagule,984,0,0,0.054878048780487805,True,0.01,0.025
5,2,45,0.0,0.0,1,propagule,954,0,0,0.04612159329140461,True,0.01,0.025
5,2,46,0.0,0.0,1,propagule,932,0,0,0.04721030042918455,True,0.01,0.025
5,2,47,0.0,0.0,1,propagule,923,0,0,0.04983748645720477,True,0.01,0.025
5,2,48,0.0,0.0,1,propagule,897,0,0,0.04793756967670011,True,0.01,0.025
5,2,49,0.0,0.0,1,propagule,890,0,0,0.05393258426966292,True,0.01,0.025
5,2,50,0.0,0.0,1,propagule,856,0,0,0.05023364485981308,True,0.01,0.025
5,2,51,0.0,0.0,1,propagule,870,0,0,0.06551724137931035,True,0.01,0.025
5,2,52,0.0,0.0,1,propagule,846,0,0,0.06501182033096926,True,0.01,0.025
5,3,1,0.0,0.0,1,propagule,853,0,0,0.07971864009378664,True,0.01,0.025
5,3,2,0.0,0.0,1,propagule,842,0,0,0.07719714964370546,True,0.01,0.025
5,3,3,0.0,0.0,1,propagule,833,0,0,0.08043217286914765,True,0.01,0.025
5,3,4,0.0,0.0,1,propagule,805,0,0,0.07080745341614907,True,0.01,0.025
5,3,5,0.0,0.0,1,propagule,802,0,0,0.0798004987531172,True,0.01,0.025
5,3,6,0.0,0.0,1,propagule,778,0,0,0.07197943444730077,True,0.01,0.025
5,3,7,0.0,0.0,1,propagule,781,0,0,0.08066581306017925,True,0.01,0.025
5,3,8,0.0,0.0,1,propagule,751,0,0,0.0692410119840213,True,0.01,0.025
5,3,9,0.0,0.0,1,propagule,756,0,0,0.08465608465608465,True,0.01,0.025
5,3,10,0.0,0.0,1,propagule,729,0,0,0.06584362139917696,True,0.01,0.025
5,3,11,0.0,0.0,1,propagule,742,0,0,0.08355795148247978,True,0.01,0.025
5,3,12,0.0,0.0,1,propagule,716,0,0,0.0670391061452514,True,0.01,0.025
5,3,13,0.0,0.0,1,propagule,716,0,0,0.08100558659217877,True,0.01,0.025
5,3,14,0.0,0.0,1,propagule,691,0,0,0.06801736613603473,True,0.01,0.025
5,3,15,0.0,0.0,1,propagule,702,0,0,0.0811965811965812,True,0.01,0.025
5,3,16,0.0,0.0,1,propagule,674,0,0,0.06528189910979229,True,0.01,0.025
5,3,17,0.0,0.0,1,propagule,678,0,0,0.08112094395280237,True,0.01,0.025
5,3,18,0.0,0.0,1,propagule,1530,0,0,0.029411764705882353,True,0.01,0.025
5,3,19,0.0,0.0,1,propagule,1500,0,0,0.034666666666666665,True,0.01,0.025
5,3,20,0.0,0.0,1,propagule,1407,0,0,0.029850746268656716,True,0.01,0.025
5,3,21,0.0,0.0,1,propagule,1348,0,0,0.03115727002967359,True,0.01,0.025
5,3,22,0.0,0.0,1,propagule,1247,0,0,0.03368083400160385,True,0.01,0.025
5,3,23,0.0,0.0,1,propagule,1239,0,0,0.03470540758676352,True,0.01,0.025
5,3,24,0.0,0.0,1,propagule,1170,0,0,0.03418803418803419,True,0.01,0.025
5,3,25,0.0,0.0,1,propagule,1156,0,0,0.03633217993079585,True,0.01,0.025
5,3,26,0.0,0.0,1,propagule,1120,0,0,0.03571428571428571,True,0.01,0.025
5,3,27,0.0,0.0,1,propagule,1050,0,0,0.035238095238095235,True,0.01,0.025
5,3,28,0.0,0.0,1,propagule,1031,0,0,0.037827352085354024,True,0.01,0.025
5,3,29,0.0,0.0,1,propagule,1001,0,0,0.03396603396603397,True,0.01,0.025
5,3,30,0.0,0.0,1,propagule,938,0,0,0.03091684434968017,True,0.01,0.025
5,3,31,0.0,0.0,1,propagule,934,0,0,0.035331905781584586,True,0.01,0.025
5,3,32,0.0,0.0,1,propagule,902,0,0,0.036585365853658534,True,0.01,0.025
5,3,33,0.0,0.0,1,propagule,880,0,0,0.03636363636363636,True,0.01,0.025
5,3,34,0.0,0.0,1,propagule,854,0,0,0.03161592505854801,True,0.01,0.025
5,3,35,0.0,0.0,1,propagule,829,0,0,0.032569360675512665,True,0.01,0.025
5,3,36,0.0,0.0,1,propagule,825,0,0,0.04606060606060606,True,0.01,0.025
5,3,37,0.0,0.0,1,propagule,808,0,0,0.038366336633663366,True,0.01,0.025
5,3,38,0.0,0.0,1,propagule,779,0,0,0.03979460847240052,True,0.01,0.025
5,3,39,0.0,0.0,1,propagule,756,0,0,0.03571428571428571,True,0.01,0.025
5,3,40,0.0,0.0,1,propagule,738,0,0,0.04336043360433604,True,0.01,0.025
5,3,41,0.0,0.0,1,propagule,707,0,0,0.039603960396039604,True,0.01,0.025
5,3,42,0.0,0.0,1,propagule,705,0,0,0.05390070921985816,True,0.01,0.025
5,3,43,0.0,0.0,1,propagule,820,0,0,0.1329268292682927,True,0.01,0.025
5,3,44,0.0,0.0,1,propagule,763,0,0,0.10747051114023591,True,0.01,0.025
5,3,45,0.0,0.0,1,propagule,715,0,0,0.08811188811188811,True,0.01,0.025
5,3,46,0.0,0.0,1,propagule,699,0,0,0.09155937052932761,True,0.01,0.025
5,3,47,0.0,0.0,1,propagule,684,0,0,0.0847953216374269,True,0.01,0.025
5,3,48,0.0,0.0,1,propagule,674,0,0,0.09347181008902077,True,0.01,0.025
5,3,49,0.0,0.0,1,propagule,657,0,0,0.0898021308980213,True,0.01,0.025
5,3,50,0.0,0.0,1,propagule,624,0,0,0.08653846153846154,True,0.01,0.025
5,3,51,0.0,0.0,1,propagule,630,0,0,0.09365079365079365,True,0.01,0.025
5,3,52,0.0,0.0,1,propagule,608,0,0,0.08552631578947369,True,0.01,0.025
5,4,1,0.0,0.0,1,propagule,594,0,0,0.08922558922558922,True,0.01,0.025
5,4,2,0.0,0.0,1,propagule,592,0,0,0.08783783783783784,True,0.01,0.025
5,4,3,0.0,0.0,1,propagule,565,0,0,0.08141592920353982,True,0.01,0.025
5,4,4,0.0,0.0,1,propagule,562,0,0,0.08362989323843416,True,0.01,0.025
5,4,5,0.0,0.0,1,propagule,552,0,0,0.08514492753623189,True,0.01,0.025
5,4,6,0.0,0.0,1,propagule,549,0,0,0.0965391621129326,True,0.01,0.025
5,4,7,0.0,0.0,1,propagule,556,0,0,0.09532374100719425,True,0.01,0.025
5,4,8,0.0,0.0,1,propagule,535,0,0,0.09345794392523364,True,0.01,0.025
5,4,9,0.0,0.0,1,propagule,528,0,0,0.0946969696969697,True,0.01,0.025
5,4,10,0.0,0.0,1,propagule,515,0,0,0.08737864077669903,True,0.01,0.025
5,4,11,0.0,0.0,1,propagule,517,0,0,0.09090909090909091,True,0.01,0.025
5,4,12,0.0,0.0,1,propagule,501,0,0,0.08982035928143713,True,0.01,0.025
5,4,13,0.0,0.0,1,propagule,495,0,0,0.09292929292929293,True,0.01,0.025
5,4,14,0.0,0.0,1,propagule,484,0,0,0.08884297520661157,True,0.01,0.025
5,4,15,0.0,0.0,1,propagule,483,0,0,0.09730848861283643,True,0.01,0.025
5,4,16,0.0,0.0,1,propagule,463,0,0,0.09287257019438445,True,0.01,0.025
5,4,17,0.0,0.0,1,propagule,467,0,0,0.09635974304068523,True,0.01,0.025
5,4,18,0.0,0.0,1,propagule,1012,0,0,0.040513833992094864,True,0.01,0.025
5,4,19,0.0,0.0,1,propagule,1024,0,0,0.046875,True,0.01,0.025
5,4,20,0.0,0.0,1,propagule,961,0,0,0.045785639958376693,True,0.01,0.025
5,4,21,0.0,0.0,1,propagule,969,0,0,0.053663570691434466,True,0.01,0.025
5,4,22,0.0,0.0,1,propagule,896,0,0,0.046875,True,0.01,0.025
5,4,23,0.0,0.0,1,propagule,893,0,0,0.054871220604703244,True,0.01,0.025
5,4,24,0.0,0.0,1,propagule,817,0,0,0.046511627906976744,True,0.01,0.025
5,4,25,0.0,0.0,1,propagule,827,0,0,0.049576783555018135,True,0.01,0.025
5,4,26,0.0,0.0,1,propagule,779,0,0,0.04878048780487805,True,0.01,0.025
5,4,27,0.0,0.0,1,propagule,790,0,0,0.05443037974683544,True,0.01,0.025
5,4,28,0.0,0.0,1,propagule,738,0,0,0.04200542005420054,True,0.01,0.025
5,4,29,0.0,0.0,1,propagule,731,0,0,0.04377564979480164,True,0.01,0.025
5,4,30,0.0,0.0,1,propagule,709,0,0,0.039492242595204514,True,0.01,0.025
5,4,31,0.0,0.0,1,propagule,692,0,0,0.04190751445086705,True,0.01,0.025
5,4,32,0.0,0.0,1,propagule,713,0,0,0.047685834502103785,True,0.01,0.025
5,4,33,0.0,0.0,1,propagule,694,0,0,0.043227665706051875,True,0.01,0.025
5,4,34,0.0,0.0,1,propagule,681,0,0,0.039647577092511016,True,0.01,0.025
5,4,35,0.0,0.0,1,propagule,654,0,0,0.04281345565749235,True,0.01,0.025
5,4,36,0.0,0.0,1,propagule,635,0,0,0.06141732283464567,True,0.01,0.025
5,4,37,0.0,0.0,1,propagule,597,0,0,0.051926298157453935,True,0.01,0.025
5,4,38,0.0,0.0,1,propagule,589,0,0,0.05432937181663837,True,0.01,0.025
5,4,39,0.0,0.0,1,propagule,566,0,0,0.05123674911660778,True,0.01,0.025
5,4,40,0.0,0.0,1,propagule,553,0,0,0.05244122965641953,True,0.01,0.025
5,4,41,0.0,0.0,1,propagule,545,0,0,0.04954128440366973,True,0.01,0.025
5,4,42,0.0,0.0,1,propagule,535,0,0,0.05046728971962617,True,0.01,0.025
5,4,43,0.0,0.0,1,propagule,695,0,0,0.1669064748201439,True,0.01,0.025
5,4,44,0.0,0.0,1,propagule,630,0,0,0.1349206349206349,True,0.01,0.025
5,4,45,0.0,0.0,1,propagule,595,0,0,0.11596638655462185,True,0.01,0.025
5,4,46,0.0,0.0,1,propagule,583,0,0,0.11149228130360206,True,0.01,0.025
5,4,47,0.0,0.0,1,propagule,555,0,0,0.0918918918918919,True,0.01,0.025
5,4,48,0.0,0.0,1,propagule,541,0,0,0.09057301293900184,True,0.01,0.025
5,4,49,0.0,0.0,1,propagule,520,0,0,0.09615384615384616,True,0.01,0.025
5,4,50,0.0,0.0,1,propagule,499,0,0,0.08817635270541083,True,0.01,0.025
5,4,51,0.0,0.0,1,propagule,487,0,0,0.09650924024640657,True,0.01,0.025
5,4,52,0.0,0.0,1,propagule,481,0,0,0.09355509355509356,True,0.01,0.025
5,5,1,0.0,0.0,1,propagule,484,0,0,0.10743801652892562,True,0.01,0.025
5,5,2,0.0,0.0,1,propagule,472,0,0,0.09533898305084745,True,0.01,0.025
5,5,3,0.0,0.0,1,propagule,471,0,0,0.10615711252653928,True,0.01,0.025
5,5,4,0.0,0.0,1,propagule,454,0,0,0.09691629955947137,True,0.01,0.025
5,5,5,0.0,0.0,1,propagule,446,0,0,0.10538116591928251,True,0.01,0.025
5,5,6,0.0,0.0,1,propagule,439,0,0,0.10478359908883828,True,0.01,0.025
5,5,7,0.0,0.0,1,propagule,420,0,0,0.1,True,0.01,0.025
5,5,8,0.0,0.0,1,propagule,423,0,0,0.11583924349881797,True,0.01,0.025
5,5,9,0.0,0.0,1,propagule,400,0,0,0.105,True,0.01,0.025
5,5,10,0.0,0.0,1,propagule,396,0,0,0.09595959595959595,True,0.01,0.025
5,5,11,0.0,0.0,1,propagule,384,0,0,0.1015625,True,0.01,0.025
5,5,12,0.0,0.0,1,propagule,375,0,0,0.09333333333333334,True,0.01,0.025
5,5,13,0.0,0.0,1,propagule,370,0,0,0.11081081081081082,True,0.01,0.025
5,5,14,0.0,0.0,1,propagule,371,0,0,0.10242587601078167,True,0.01,0.025
5,5,15,0.0,0.0,1,propagule,360,0,0,0.10555555555555556,True,0.01,0.025
5,5,16,0.0,0.0,1,propagule,366,0,0,0.1092896174863388,True,0.01,0.025
5,5,17,0.0,0.0,1,propagule,351,0,0,0.10826210826210826,True,0.01,0.025
5,5,18,0.0,0.0,1,propagule,746,0,0,0.05093833780160858,True,0.01,0.025
5,5,19,0.0,0.0,1,propagule,766,0,0,0.050913838120104436,True,0.01,0.025
5,5,20,0.0,0.0,1,propagule,724,0,0,0.04834254143646409,True,0.01,0.025
5,5,21,0.0,0.0,1,propagule,728,0,0,0.054945054945054944,True,0.01,0.025
5,5,22,0.0,0.0,1,propagule,690,0,0,0.050724637681159424,True,0.01,0.025
5,5,23,0.0,0.0,1,propagule,699,0,0,0.055793991416309016,True,0.01,0.025
5,5,24,0.0,0.0,1,propagule,646,0,0,0.047987616099071206,True,0.01,0.025
5,5,25,0.0,0.0,1,propagule,603,0,0,0.05140961857379768,True,0.01,0.025
5,5,26,0.0,0.0,1,propagule,592,0,0,0.048986486486486486,True,0.01,0.025
5,5,27,0.0,0.0,1,propagule,580,0,0,0.05517241379310345,True,0.01,0.025
5,5,28,0.0,0.0,1,propagule,568,0,0,0.058098591549295774,True,0.01,0.025
5,5,29,0.0,0.0,1,propagule,523,0,0,0.05736137667304015,True,0.01,0.025
5,5,30,0.0,0.0,1,propagule,528,0,0,0.06628787878787878,True,0.01,0.025
5,5,31,0.0,0.0,1,propagule,490,0,0,0.0653061224489796,True,0.01,0.025
5,5,32,0.0,0.0,1,propagule,489,0,0,0.05725971370143149,True,0.01,0.025
5,5,33,0.0,0.0,1,propagule,451,0,0,0.0598669623059867,True,0.01,0.025
5,5,34,0.0,0.0,1,propagule,451,0,0,0.057649667405764965,True,0.01,0.025
5,5,35,0.0,0.0,1,propagule,435,0,0,0.05747126436781609,True,0.01,0.025
5,5,36,0.0,0.0,1,propagule,419,0,0,0.06205250596658711,True,0.01,0.025
5,5,37,0.0,0.0,1,propagule,392,0,0,0.0663265306122449,True,0.01,0.025
5,5,38,0.0,0.0,1,propagule,388,0,0,0.06443298969072164,True,0.01,0.025
5,5,39,0.0,0.0,1,propagule,377,0,0,0.0636604774535809,True,0.01,0.025
5,5,40,0.0,0.0,1,propagule,360,0,0,0.05555555555555555,True,0.01,0.025
5,5,41,0.0,0.0,1,propagule,350,0,0,0.06,True,0.01,0.025
5,5,42,0.0,0.0,1,propagule,347,0,0,0.05763688760806916,True,0.01,0.025
5,5,43,0.0,0.0,1,propagule,509,0,0,0.206286836935167,True,0.01,0.025
5,5,44,0.0,0.0,1,propagule,434,0,0,0.1359447004608295,True,0.01,0.025
5,5,45,0.0,0.0,1,propagule,393,0,0,0.10432569974554708,True,0.01,0.025
5,5,46,0.0,0.0,1,propagule,383,0,0,0.11488250652741515,True,0.01,0.025
5,5,47,0.0,0.0,1,propagule,361,0,0,0.09695290858725762,True,0.01,0.025
5,5,48,0.0,0.0,1,propagule,340,0,0,0.09411764705882353,True,0.01,0.025
5,5,49,0.0,0.0,1,propagule,331,0,0,0.09365558912386707,True,0.01,0.025
5,5,50,0.0,0.0,1,propagule,316,0,0,0.08544303797468354,True,0.01,0.025
5,5,51,0.0,0.0,1,propagule,319,0,0,0.11912225705329153,True,0.01,0.025
5,5,52,0.0,0.0,1,propagule,304,0,0,0.09868421052631579,True,0.01,0.025
5,6,1,0.0,0.0,1,propagule,306,0,0,0.10130718954248366,True,0.01,0.025
5,6,2,0.0,0.0,1,propagule,290,0,0,0.1,True,0.01,0.025
5,6,3,0.0,0.0,1,propagule,296,0,0,0.12162162162162163,True,0.01,0.025
5,6,4,0.0,0.0,1,propagule,284,0,0,0.10211267605633803,True,0.01,0.025
5,6,5,0.0,0.0,1,propagule,279,0,0,0.1111111111111111,True,0.01,0.025
5,6,6,0.0,0.0,1,propagule,267,0,0,0.10112359550561797,True,0.01,0.025
5,6,7,0.0,0.0,1,propagule,263,0,0,0.11787072243346007,True,0.01,0.025
5,6,8,0.0,0.0,1,propagule,257,0,0,0.10505836575875487,True,0.01,0.025
5,6,9,0.0,0.0,1,propagule,248,0,0,0.11693548387096774,True,0.01,0.025
5,6,10,0.0,0.0,1,propagule,251,0,0,0.11155378486055777,True,0.01,0.025
5,6,11,0.0,0.0,1,propagule,244,0,0,0.11475409836065574,True,0.01,0.025
5,6,12,0.0,0.0,1,propagule,243,0,0,0.10699588477366255,True,0.01,0.025
5,6,13,0.0,0.0,1,propagule,243,0,0,0.13168724279835392,True,0.01,0.025
5,6,14,0.0,0.0,1,propagule,238,0,0,0.1134453781512605,True,0.01,0.025
5,6,15,0.0,0.0,1,propagule,236,0,0,0.13135593220338984,True,0.01,0.025
5,6,16,0.0,0.0,1,propagule,236,0,0,0.11440677966101695,True,0.01,0.025
5,6,17,0.0,0.0,1,propagule,234,0,0,0.13247863247863248,True,0.01,0.025
5,6,18,0.0,0.0,1,propagule,485,0,0,0.05567010309278351,True,0.01,0.025
5,6,19,0.0,0.0,1,propagule,498,0,0,0.06626506024096386,True,0.01,0.025
5,6,20,0.0,0.0,1,propagule,465,0,0,0.053763440860215055,True,0.01,0.025
5,6,21,0.0,0.0,1,propagule,454,0,0,0.05506607929515418,True,0.01,0.025
5,6,22,0.0,0.0,1,propagule,431,0,0,0.05568445475638051,True,0.01,0.025
5,6,23,0.0,0.0,1,propagule,418,0,0,0.05741626794258373,True,0.01,0.025
5,6,24,0.0,0.0,1,propagule,408,0,0,0.051470588235294115,True,0.01,0.025
5,6,25,0.0,0.0,1,propagule,391,0,0,0.05115089514066496,True,0.01,0.025
5,6,26,0.0,0.0,1,propagule,381,0,0,0.05511811023622047,True,0.01,0.025
5,6,27,0.0,0.0,1,propagule,379,0,0,0.055408970976253295,True,0.01,0.025
5,6,28,0.0,0.0,1,propagule,369,0,0,0.056910569105691054,True,0.01,0.025
5,6,29,0.0,0.0,1,propagule,357,0,0,0.04481792717086835,True,0.01,0.025
5,6,30,0.0,0.0,1,propagule,356,0,0,0.056179775280898875,True,0.01,0.025
5,6,31,0.0,0.0,1,propagule,339,0,0,0.04129793510324484,True,0.01,0.025
5,6,32,0.0,0.0,1,propagule,331,0,0,0.04833836858006042,True,0.01,0.025
5,6,33,0.0,0.0,1,propagule,333,0,0,0.057057057057057055,True,0.01,0.025
5,6,34,0.0,0.0,1,propagule,307,0,0,0.048859934853420196,True,0.01,0.025
5,6,35,0.0,0.0,1,propagule,314,0,0,0.054140127388535034,True,0.01,0.025
5,6,36,0.0,0.0,1,propagule,295,0,0,0.04406779661016949,True,0.01,0.025
5,6,37,0.0,0.0,1,propagule,302,0,0,0.056291390728476824,True,0.01,0.025
5,6,38,0.0,0.0,1,propagule,299,0,0,0.05351170568561873,True,0.01,0.025
5,6,39,0.0,0.0,1,propagule,297,0,0,0.05723905723905724,True,0.01,0.025
5,6,40,0.0,0.0,1,propagule,287,0,0,0.04878048780487805,True,0.01,0.025
5,6,41,0.0,0.0,1,propagule,290,0,0,0.07241379310344828,True,0.01,0.025
5,6,42,0.0,0.0,1,propagule,287,0,0,0.059233449477351915,True,0.01,0.025
5,6,43,0.0,0.0,1,propagule,453,0,0,0.25386313465783666,True,0.01,0.025
5,6,44,0.0,0.0,1,propagule,387,0,0,0.19896640826873385,True,0.01,0.025
5,6,45,0.0,0.0,1,propagule,342,0,0,0.15497076023391812,True,0.01,0.025
5,6,46,0.0,0.0,1,propagule,329,0,0,0.1519756838905775,True,0.01,0.025
5,6,47,0.0,0.0,1,propagule,313,0,0,0.13099041533546327,True,0.01,0.025
5,6,48,0.0,0.0,1,propagule,298,0,0,0.12751677852348994,True,0.01,0.025
5,6,49,0.0,0.0,1,propagule,286,0,0,0.12937062937062938,True,0.01,0.025
5,6,50,0.0,0.0,1,propagule,270,0,0,0.12962962962962962,True,0.01,0.025
5,6,51,0.0,0.0,1,propagule,268,0,0,0.13059701492537312,True,0.01,0.025
5,6,52,0.0,0.0,1,propagule,262,0,0,0.1297709923664122,True,0.01,0.025
5,7,1,0.0,0.0,1,propagule,256,0,0,0.125,True,0.01,0.025
5,7,2,0.0,0.0,1,propagule,256,0,0,0.12890625,True,0.01,0.025
5,7,3,0.0,0.0,1,propagule,246,0,0,0.11788617886178862,True,0.01,0.025
5,7,4,0.0,0.0,1,propagule,232,0,0,0.11637931034482758,True,0.01,0.025
5,7,5,0.0,0.0,1,propagule,230,0,0,0.11304347826086956,True,0.01,0.025
5,7,6,0.0,0.0,1,propagule,223,0,0,0.11659192825112108,True,0.01,0.025
5,7,7,0.0,0.0,1,propagule,221,0,0,0.11764705882352941,True,0.01,0.025
5,7,8,0.0,0.0,1,propagule,216,0,0,0.12962962962962962,True,0.01,0.025
5,7,9,0.0,0.0,1,propagule,216,0,0,0.125,True,0.01,0.025
5,7,10,0.0,0.0,1,propagule,206,0,0,0.12135922330097088,True,0.01,0.025
5,7,11,0.0,0.0,1,propagule,205,0,0,0.13170731707317074,True,0.01,0.025
5,7,12,0.0,0.0,1,propagule,198,0,0,0.13636363636363635,True,0.01,0.025
5,7,13,0.0,0.0,1,propagule,201,0,0,0.14427860696517414,True,0.01,0.025
5,7,14,0.0,0.0,1,propagule,194,0,0,0.14432989690721648,True,0.01,0.025
5,7,15,0.0,0.0,1,propagule,196,0,0,0.15306122448979592,True,0.01,0.025
5,7,16,0.0,0.0,1,propagule,193,0,0,0.15025906735751296,True,0.01,0.025
5,7,17,0.0,0.0,1,propagule,189,0,0,0.15343915343915343,True,0.01,0.025
5,7,18,0.0,0.0,1,propagule,401,0,0,0.06982543640897755,True,0.01,0.025
5,7,19,0.0,0.0,1,propagule,405,0,0,0.07160493827160494,True,0.01,0.025
5,7,20,0.0,0.0,1,propagule,401,0,0,0.06733167082294264,True,0.01,0.025
5,7,21,0.0,0.0,1,propagule,399,0,0,0.07017543859649122,True,0.01,0.025
5,7,22,0.0,0.0,1,propagule,391,0,0,0.0639386189258312,True,0.01,0.025
5,7,23,0.0,0.0,1,propagule,388,0,0,0.07989690721649484,True,0.01,0.025
5,7,24,0.0,0.0,1,propagule,338,0,0,0.0650887573964497,True,0.01,0.025
5,7,25,0.0,0.0,1,propagule,329,0,0,0.0790273556231003,True,0.01,0.025
5,7,26,0.0,0.0,1,propagule,326,0,0,0.0736196319018405,True,0.01,0.025
5,7,27,0.0,0.0,1,propagule,325,0,0,0.07384615384615385,True,0.01,0.025
5,7,28,0.0,0.0,1,propagule,336,0,0,0.08035714285714286,True,0.01,0.025
5,7,29,0.0,0.0,1,propagule,309,0,0,0.0744336569579288,True,0.01,0.025
5,7,30,0.0,0.0,1,propagule,324,0,0,0.07716049382716049,True,0.01,0.025
5,7,31,0.0,0.0,1,propagule,290,0,0,0.06551724137931035,True,0.01,0.025
5,7,32,0.0,0.0,1,propagule,307,0,0,0.0749185667752443,True,0.01,0.025
5,7,33,0.0,0.0,1,propagule,288,0,0,0.06944444444444445,True,0.01,0.025
5,7,34,0.0,0.0,1,propagule,304,0,0,0.0756578947368421,True,0.01,0.025
5,7,35,0.0,0.0,1,propagule,288,0,0,0.07291666666666667,True,0.01,0.025
5,7,36,0.0,0.0,1,propagule,282,0,0,0.08156028368794327,True,0.01,0.025
5,7,37,0.0,0.0,1,propagule,265,0,0,0.08679245283018867,True,0.01,0.025
5,7,38,0.0,0.0,1,propagule,261,0,0,0.0842911877394636,True,0.01,0.025
5,7,39,0.0,0.0,1,propagule,245,0,0,0.07755102040816327,True,0.01,0.025
5,7,40,0.0,0.0,1,propagule,241,0,0,0.07883817427385892,True,0.01,0.025
5,7,41,0.0,0.0,1,propagule,241,0,0,0.0912863070539419,True,0.01,0.025
5,7,42,0.0,0.0,1,propagule,237,0,0,0.08860759493670886,True,0.01,0.025
5,7,43,0.0,0.0,1,propagule,394,0,0,0.28426395939086296,True,0.01,0.025
5,7,44,0.0,0.0,1,propagule,338,0,0,0.23668639053254437,True,0.01,0.025
5,7,45,0.0,0.0,1,propagule,281,0,0,0.20284697508896798,True,0.01,0.025
5,7,46,0.0,0.0,1,propagule,274,0,0,0.20437956204379562,True,0.01,0.025
5,7,47,0.0,0.0,1,propagule,256,0,0,0.19140625,True,0.01,0.025
5,7,48,0.0,0.0,1,propagule,253,0,0,0.18972332015810275,True,0.01,0.025
5,7,49,0.0,0.0,1,propagule,228,0,0,0.17105263157894737,True,0.01,0.025
5,7,50,0.0,0.0,1,propagule,225,0,0,0.17333333333333334,True,0.01,0.025
5,7,51,0.0,0.0,1,propagule,204,0,0,0.1323529411764706,True,0.01,0.025
5,7,52,0.0,0.0,1,propagule,206,0,0,0.15048543689320387,True,0.01,0.025
5,8,1,0.0,0.0,1,propagule,197,0,0,0.14213197969543148,True,0.01,0.025
5,8,2,0.0,0.0,1,propagule,204,0,0,0.18137254901960784,True,0.01,0.025
5,8,3,0.0,0.0,1,propagule,194,0,0,0.15463917525773196,True,0.01,0.025
5,8,4,0.0,0.0,1,propagule,194,0,0,0.16494845360824742,True,0.01,0.025
5,8,5,0.0,0.0,1,propagule,189,0,0,0.15343915343915343,True,0.01,0.025
5,8,6,0.0,0.0,1,propagule,188,0,0,0.16489361702127658,True,0.01,0.025
5,8,7,0.0,0.0,1,propagule,186,0,0,0.13978494623655913,True,0.01,0.025
5,8,8,0.0,0.0,1,propagule,178,0,0,0.15730337078651685,True,0.01,0.025
5,8,9,0.0,0.0,1,propagule,174,0,0,0.14942528735632185,True,0.01,0.025
5,8,10,0.0,0.0,1,propagule,176,0,0,0.17613636363636365,True,0.01,0.025
5,8,11,0.0,0.0,1,propagule,170,0,0,0.1588235294117647,True,0.01,0.025
5,8,12,0.0,0.0,1,propagule,173,0,0,0.1791907514450867,True,0.01,0.025
5,8,13,0.0,0.0,1,propagule,168,0,0,0.16666666666666666,True,0.01,0.025
5,8,14,0.0,0.0,1,propagule,165,0,0,0.1696969696969697,True,0.01,0.025
5,8,15,0.0,0.0,1,propagule,165,0,0,0.16363636363636364,True,0.01,0.025
5,8,16,0.0,0.0,1,propagule,172,0,0,0.19186046511627908,True,0.01,0.025
5,8,17,0.0,0.0,1,propagule,165,0,0,0.18787878787878787,True,0.01,0.025
5,8,18,0.0,0.0,1,propagule,366,0,0,0.09016393442622951,True,0.01,0.025
5,8,19,0.0,0.0,1,propagule,350,0,0,0.08571428571428572,True,0.01,0.025
5,8,20,0.0,0.0,1,propagule,339,0,0,0.09734513274336283,True,0.01,0.025
5,8,21,0.0,0.0,1,propagule,327,0,0,0.09480122324159021,True,0.01,0.025
5,8,22,0.0,0.0,1,propagule,315,0,0,0.10476190476190476,True,0.01,0.025
5,8,23,0.0,0.0,1,propagule,302,0,0,0.09933774834437085,True,0.01,0.025
5,8,24,0.0,0.0,1,propagule,274,0,0,0.08394160583941605,True,0.01,0.025
5,8,25,0.0,0.0,1,propagule,272,0,0,0.09191176470588236,True,0.01,0.025
5,8,26,0.0,0.0,1,propagule,280,0,0,0.11428571428571428,True,0.01,0.025
5,8,27,0.0,0.0,1,propagule,283,0,0,0.11307420494699646,True,0.01,0.025
5,8,28,0.0,0.0,1,propagule,272,0,0,0.11764705882352941,True,0.01,0.025
5,8,29,0.0,0.0,1,propagule,261,0,0,0.11877394636015326,True,0.01,0.025
5,8,30,0.0,0.0,1,propagule,291,0,0,0.12027491408934708,True,0.01,0.025
5,8,31,0.0,0.0,1,propagule,256,0,0,0.1015625,True,0.01,0.025
5,8,32,0.0,0.0,1,propagule,251,0,0,0.11155378486055777,True,0.01,0.025
5,8,33,0.0,0.0,1,propagule,224,0,0,0.10714285714285714,True,0.01,0.025
5,8,34,0.0,0.0,1,propagule,234,0,0,0.10683760683760683,True,0.01,0.025
5,8,35,0.0,0.0,1,propagule,222,0,0,0.11711711711711711,True,0.01,0.025
5,8,36,0.0,0.0,1,propagule,231,0,0,0.13852813852813853,True,0.01,0.025
5,8,37,0.0,0.0,1,propagule,215,0,0,0.12093023255813953,True,0.01,0.025
5,8,38,0.0,0.0,1,propagule,205,0,0,0.12195121951219512,True,0.01,0.025
5,8,39,0.0,0.0,1,propagule,197,0,0,0.1218274111675127,True,0.01,0.025
5,8,40,0.0,0.0,1,propagule,191,0,0,0.1256544502617801,True,0.01,0.025
5,8,41,0.0,0.0,1,propagule,190,0,0,0.12105263157894737,True,0.01,0.025
5,8,42,0.0,0.0,1,propagule,185,0,0,0.12972972972972974,True,0.01,0.025
5,8,43,0.0,0.0,1,propagule,312,0,0,0.34935897435897434,True,0.01,0.025
5,8,44,0.0,0.0,1,propagule,256,0,0,0.28125,True,0.01,0.025
5,8,45,0.0,0.0,1,propagule,217,0,0,0.2350230414746544,True,0.01,0.025
5,8,46,0.0,0.0,1,propagule,220,0,0,0.25,True,0.01,0.025
5,8,47,0.0,0.0,1,propagule,201,0,0,0.208955223880597,True,0.01,0.025
5,8,48,0.0,0.0,1,propagule,200,0,0,0.245,True,0.01,0.025
5,8,49,0.0,0.0,1,propagule,183,0,0,0.22404371584699453,True,0.01,0.025
5,8,50,0.0,0.0,1,propagule,180,0,0,0.2222222222222222,True,0.01,0.025
5,8,51,0.0,0.0,1,propagule,193,0,0,0.2538860103626943,True,0.01,0.025
5,8,52,0.0,0.0,1,propagule,175,0,0,0.22285714285714286,True,0.01,0.025
5,9,1,0.0,0.0,1,propagule,183,0,0,0.2459016393442623,True,0.01,0.025
5,9,2,0.0,0.0,1,propagule,173,0,0,0.2254335260115607,True,0.01,0.025
5,9,3,0.0,0.0,1,propagule,176,0,0,0.2556818181818182,True,0.01,0.025
5,9,4,0.0,0.0,1,propagule,169,0,0,0.23076923076923078,True,0.01,0.025
5,9,5,0.0,0.0,1,propagule,170,0,0,0.24705882352941178,True,0.01,0.025
5,9,6,0.0,0.0,1,propagule,167,0,0,0.24550898203592814,True,0.01,0.025
5,9,7,0.0,0.0,1,propagule,169,0,0,0.2603550295857988,True,0.01,0.025
5,9,8,0.0,0.0,1,propagule,160,0,0,0.23125,True,0.01,0.025
5,9,9,0.0,0.0,1,propagule,166,0,0,0.25903614457831325,True,0.01,0.025
5,9,10,0.0,0.0,1,propagule,157,0,0,0.24203821656050956,True,0.01,0.025
5,9,11,0.0,0.0,1,propagule,161,0,0,0.2546583850931677,True,0.01,0.025
5,9,12,0.0,0.0,1,propagule,153,0,0,0.24836601307189543,True,0.01,0.025
5,9,13,0.0,0.0,1,propagule,161,0,0,0.2670807453416149,True,0.01,0.025
5,9,14,0.0,0.0,1,propagule,146,0,0,0.23972602739726026,True,0.01,0.025
5,9,15,0.0,0.0,1,propagule,147,0,0,0.2653061224489796,True,0.01,0.025
5,9,16,0.0,0.0,1,propagule,144,0,0,0.25,True,0.01,0.025
5,9,17,0.0,0.0,1,propagule,142,0,0,0.2746478873239437,True,0.01,0.025
5,9,18,0.0,0.0,1,propagule,299,0,0,0.11036789297658862,True,0.01,0.025
5,9,19,0.0,0.0,1,propagule,299,0,0,0.11705685618729098,True,0.01,0.025
5,9,20,0.0,0.0,1,propagule,285,0,0,0.11578947368421053,True,0.01,0.025
5,9,21,0.0,0.0,1,propagule,279,0,0,0.11827956989247312,True,0.01,0.025
5,9,22,0.0,0.0,1,propagule,266,0,0,0.10526315789473684,True,0.01,0.025
5,9,23,0.0,0.0,1,propagule,246,0,0,0.12195121951219512,True,0.01,0.025
5,9,24,0.0,0.0,1,propagule,239,0,0,0.11297071129707113,True,0.01,0.025
5,9,25,0.0,0.0,1,propagule,235,0,0,0.12340425531914893,True,0.01,0.025
5,9,26,0.0,0.0,1,propagule,235,0,0,0.1148936170212766,True,0.01,0.025
5,9,27,0.0,0.0,1,propagule,228,0,0,0.10526315789473684,True,0.01,0.025
5,9,28,0.0,0.0,1,propagule,218,0,0,0.10550458715596331,True,0.01,0.025
5,9,29,0.0,0.0,1,propagule,219,0,0,0.1187214611872146,True,0.01,0.025
5,9,30,0.0,0.0,1,propagule,215,0,0,0.12093023255813953,True,0.01,0.025
5,9,31,0.0,0.0,1,propagule,222,0,0,0.13963963963963963,True,0.01,0.025
5,9,32,0.0,0.0,1,propagule,190,0,0,0.11578947368421053,True,0.01,0.025
5,9,33,0.0,0.0,1,propagule,189,0,0,0.13227513227513227,True,0.01,0.025
5,9,34,0.0,0.0,1,propagule,183,0,0,0.11475409836065574,True,0.01,0.025
5,9,35,0.0,0.0,1,propagule,178,0,0,0.11235955056179775,True,0.01,0.025
5,9,36,0.0,0.0,1,propagule,177,0,0,0.10734463276836158,True,0.01,0.025
5,9,37,0.0,0.0,1,propagule,196,0,0,0.16326530612244897,True,0.01,0.025
5,9,38,0.0,0.0,1,propagule,183,0,0,0.14207650273224043,True,0.01,0.025
5,9,39,0.0,0.0,1,propagule,185,0,0,0.16216216216216217,True,0.01,0.025
5,9,40,0.0,0.0,1,propagule,170,0,0,0.14705882352941177,True,0.01,0.025
5,9,41,0.0,0.0,1,propagule,166,0,0,0.15060240963855423,True,0.01,0.025
5,9,42,0.0,0.0,1,propagule,157,0,0,0.1464968152866242,True,0.01,0.025
5,9,43,0.0,0.0,1,propagule,283,0,0,0.36395759717314485,True,0.01,0.025
5,9,44,0.0,0.0,1,propagule,239,0,0,0.33472803347280333,True,0.01,0.025
5,9,45,0.0,0.0,1,propagule,218,0,0,0.3165137614678899,True,0.01,0.025
5,9,46,0.0,0.0,1,propagule,198,0,0,0.2828282828282828,True,0.01,0.025
5,9,47,0.0,0.0,1,propagule,184,0,0,0.2608695652173913,True,0.01,0.025
5,9,48,0.0,0.0,1,propagule,184,0,0,0.28804347826086957,True,0.01,0.025
5,9,49,0.0,0.0,1,propagule,174,0,0,0.25287356321839083,True,0.01,0.025
5,9,50,0.0,0.0,1,propagule,177,0,0,0.2711864406779661,True,0.01,0.025
5,9,51,0.0,0.0,1,propagule,172,0,0,0.2616279069767442,True,0.01,0.025
5,9,52,0.0,0.0,1,propagule,173,0,0,0.27167630057803466,True,0.01,0.025
5,10,1,0.0,0.0,1,propagule,171,0,0,0.27485380116959063,True,0.01,0.025
5,10,2,0.0,0.0,1,propagule,165,0,0,0.2545454545454545,True,0.01,0.025
5,10,3,0.0,0.0,1,propagule,165,0,0,0.2545454545454545,True,0.01,0.025
5,10,4,0.0,0.0,1,propagule,163,0,0,0.24539877300613497,True,0.01,0.025
5,10,5,0.0,0.0,1,propagule,163,0,0,0.25766871165644173,True,0.01,0.025
5,10,6,0.0,0.0,1,propagule,161,0,0,0.2484472049689441,True,0.01,0.025
5,10,7,0.0,0.0,1,propagule,157,0,0,0.24203821656050956,True,0.01,0.025
5,10,8,0.0,0.0,1,propagule,149,0,0,0.2214765100671141,True,0.01,0.025
5,10,9,0.0,0.0,1,propagule,156,0,0,0.24358974358974358,True,0.01,0.025
5,10,10,0.0,0.0,1,propagule,147,0,0,0.22448979591836735,True,0.01,0.025
5,10,11,0.0,0.0,1,propagule,148,0,0,0.24324324324324326,True,0.01,0.025
5,10,12,0.0,0.0,1,propagule,144,0,0,0.2361111111111111,True,0.01,0.025
5,10,13,0.0,0.0,1,propagule,149,0,0,0.2550335570469799,True,0.01,0.025
5,10,14,0.0,0.0,1,propagule,142,0,0,0.2323943661971831,True,0.01,0.025
5,10,15,0.0,0.0,1,propagule,142,0,0,0.23943661971830985,True,0.01,0.025
5,10,16,0.0,0.0,1,propagule,140,0,0,0.22142857142857142,True,0.01,0.025
5,10,17,0.0,0.0,1,propagule,142,0,0,0.22535211267605634,True,0.01,0.025
5,10,18,0.0,0.0,1,propagule,344,0,0,0.0872093023255814,True,0.01,0.025
5,10,19,0.0,0.0,1,propagule,339,0,0,0.0855457227138643,True,0.01,0.025
5,10,20,0.0,0.0,1,propagule,333,0,0,0.09009009009009009,True,0.01,0.025
5,10,21,0.0,0.0,1,propagule,333,0,0,0.09009009009009009,True,0.01,0.025
5,10,22,0.0,0.0,1,propagule,327,0,0,0.09174311926605505,True,0.01,0.025
5,10,23,0.0,0.0,1,propagule,290,0,0,0.1,True,0.01,0.025
5,10,24,0.0,0.0,1,propagule,274,0,0,0.09854014598540146,True,0.01,0.025
5,10,25,0.0,0.0,1,propagule,274,0,0,0.10948905109489052,True,0.01,0.025
5,10,26,0.0,0.0,1,propagule,248,0,0,0.10080645161290322,True,0.01,0.025
5,10,27,0.0,0.0,1,propagule,230,0,0,0.09565217391304348,True,0.01,0.025
5,10,28,0.0,0.0,1,propagule,220,0,0,0.09545454545454546,True,0.01,0.025
5,10,29,0.0,0.0,1,propagule,224,0,0,0.09375,True,0.01,0.025
5,10,30,0.0,0.0,1,propagule,210,0,0,0.09047619047619047,True,0.01,0.025
5,10,31,0.0,0.0,1,propagule,207,0,0,0.09178743961352658,True,0.01,0.025
5,10,32,0.0,0.0,1,propagule,194,0,0,0.09278350515463918,True,0.01,0.025
5,10,33,0.0,0.0,1,propagule,192,0,0,0.09895833333333333,True,0.01,0.025
5,10,34,0.0,0.0,1,propagule,187,0,0,0.10160427807486631,True,0.01,0.025
5,10,35,0.0,0.0,1,propagule,194,0,0,0.12886597938144329,True,0.01,0.025
5,10,36,0.0,0.0,1,propagule,186,0,0,0.15591397849462366,True,0.01,0.025
5,10,37,0.0,0.0,1,propagule,180,0,0,0.16111111111111112,True,0.01,0.025
5,10,38,0.0,0.0,1,propagule,172,0,0,0.1511627906976744,True,0.01,0.025
5,10,39,0.0,0.0,1,propagule,172,0,0,0.1686046511627907,True,0.01,0.025
5,10,40,0.0,0.0,1,propagule,172,0,0,0.1686046511627907,True,0.01,0.025
5,10,41,0.0,0.0,1,propagule,168,0,0,0.18452380952380953,True,0.01,0.025
5,10,42,0.0,0.0,1,propagule,167,0,0,0.17964071856287425,True,0.01,0.025
5,10,43,0.0,0.0,1,propagule,263,0,0,0.3269961977186312,True,0.01,0.025
5,10,44,0.0,0.0,1,propagule,230,0,0,0.26956521739130435,True,0.01,0.025
5,10,45,0.0,0.0,1,propagule,214,0,0,0.2570093457943925,True,0.01,0.025
5,10,46,0.0,0.0,1,propagule,202,0,0,0.23267326732673269,True,0.01,0.025
5,10,47,0.0,0.0,1,propagule,197,0,0,0.2182741116751269,True,0.01,0.025
5,10,48,0.0,0.0,1,propagule,191,0,0,0.20418848167539266,True,0.01,0.025
5,10,49,0.0,0.0,1,propagule,181,0,0,0.20441988950276244,True,0.01,0.025
5,10,50,0.0,0.0,1,propagule,175,0,0,0.19428571428571428,True,0.01,0.025
5,10,51,0.0,0.0,1,propagule,167,0,0,0.17365269461077845,True,0.01,0.025
5,10,52,0.0,0.0,1,propagule,167,0,0,0.16766467065868262,True,0.01,0.025
