rep,year,week,sero,disease,rate,type,total_pop,n_infected,n_symptomatic,actual_sero,elim
1,1,1,0.0,0.0,2.5,wave,2734,0,0,0.0021945866861741038,True
1,1,2,0.0,0.0,2.5,wave,2711,0,0,0.0036886757654002213,True
1,1,3,0.0,0.0,2.5,wave,2623,0,0,0.006099885627144491,True
1,1,4,0.0,0.0,2.5,wave,2596,0,0,0.010400616332819723,True
1,1,5,0.0,0.0,2.5,wave,2543,0,0,0.01219032638615808,True
1,1,6,0.0,0.0,2.5,wave,2524,0,0,0.015055467511885896,True
1,1,7,0.0,0.0,2.5,wave,2484,0,0,0.01610305958132045,True
1,1,8,0.0,0.0,2.5,wave,2442,0,0,0.018427518427518427,True
1,1,9,0.0,0.0,2.5,wave,2424,0,0,0.022277227722772276,True
1,1,10,0.0,0.0,2.5,wave,2413,0,0,0.024865312888520515,True
1,1,11,0.0,0.0,2.5,wave,2379,0,0,0.02564102564102564,True
1,1,12,0.0,0.0,2.5,wave,2362,0,0,0.0283657917019475,True
1,1,13,0.0,0.0,2.5,wave,2348,0,0,0.030664395229982964,True
1,1,14,0.0,0.0,2.5,wave,2340,0,0,0.03333333333333333,True
1,1,15,0.0,0.0,2.5,wave,2298,0,0,0.03307223672758921,True
1,1,16,0.0,0.0,2.5,wave,2286,0,0,0.0363079615048119,True
1,1,17,0.0,0.0,2.5,wave,2251,0,0,0.037760995113282986,True
1,1,18,0.0,0.0,2.5,wave,6571,0,0,0.01674022218840359,True
1,1,19,0.0,0.0,2.5,wave,6428,0,0,0.018979464841319228,True
1,1,20,0.0,0.0,2.5,wave,6268,0,0,0.020580727504786216,True
1,1,21,0.0,0.0,2.5,wave,6169,0,0,0.022369914086561842,True
1,1,22,0.0,0.0,2.5,wave,6041,0,0,0.024499255090216852,True
1,1,23,0.0,0.0,2.5,wave,5920,0,0,0.02702702702702703,True
1,1,24,0.0,0.0,2.5,wave,5812,0,0,0.029421885753613215,True
1,1,25,0.0,0.0,2.5,wave,5690,0,0,0.031985940246045695,True
1,1,26,0.0,0.0,2.5,wave,5542,0,0,0.03392277156261277,True
1,1,27,0.0,0.0,2.5,wave,5429,0,0,0.034444649106649475,True
1,1,28,0.0,0.0,2.5,wave,5271,0,0,0.036615442989944985,True
1,1,29,0.0,0.0,2.5,wave,5159,0,0,0.038185694902112814,True
1,1,30,0.0,0.0,2.5,wave,5057,0,0,0.04132885109748863,True
1,1,31,0.0,0.0,2.5,wave,4925,0,0,0.04406091370558376,True
1,1,32,0.0,0.0,2.5,wave,4830,0,0,0.04679089026915114,True
1,1,33,0.0,0.0,2.5,wave,4736,0,0,0.04750844594594594,True
1,1,34,0.0,0.0,2.5,wave,4636,0,0,0.0498274374460742,True
1,1,35,0.0,0.0,2.5,wave,4586,0,0,0.0510248582642826,True
1,1,36,0.0,0.0,2.5,wave,4477,0,0,0.051597051597051594,True
1,1,37,0.0,0.0,2.5,wave,4385,0,0,0.05450399087799316,True
1,1,38,0.0,0.0,2.5,wave,4332,0,0,0.05678670360110803,True
1,1,39,0.0,0.0,2.5,wave,4280,0,0,0.058878504672897194,True
1,1,40,0.0,0.0,2.5,wave,4213,0,0,0.06266318537859007,True
1,1,41,0.0,0.0,2.5,wave,4164,0,0,0.06508165225744476,True
1,1,42,0.0,0.0,2.5,wave,4101,0,0,0.0675445013411363,True
1,1,43,0.0,0.0,2.5,wave,4131,0,0,0.09077705156136529,True
1,1,44,0.0,0.0,2.5,wave,4003,0,0,0.08868348738446165,True
1,1,45,0.0,0.0,2.5,wave,3945,0,0,0.0879594423320659,True
1,1,46,0.0,0.0,2.5,wave,3913,0,0,0.09200102223358038,True
1,1,47,0.0,0.0,2.5,wave,3865,0,0,0.0944372574385511,True
1,1,48,0.0,0.0,2.5,wave,3815,0,0,0.09698558322411534,True
1,1,49,0.0,0.0,2.5,wave,3768,0,0,0.09792993630573249,True
1,1,50,0.0,0.0,2.5,wave,3737,0,0,0.10088306127910088,True
1,1,51,0.0,0.0,2.5,wave,3680,0,0,0.10298913043478261,True
1,1,52,0.0,0.0,2.5,wave,3640,0,0,0.10824175824175825,True
1,2,1,0.0,0.0,2.5,wave,3608,30,4,0.11003325942350332,False
1,2,2,0.0,0.0,2.5,wave,3563,31,6,0.11310693236037048,False
1,2,3,0.0,0.0,2.5,wave,3521,29,13,0.11530815109343936,False
1,2,4,0.0,0.0,2.5,wave,3465,42,18,0.1165945165945166,False
1,2,5,0.0,0.0,2.5,wave,3414,39,12,0.11892208553016989,False
1,2,6,0.0,0.0,2.5,wave,3359,51,12,0.12086930634117297,False
1,2,7,0.0,0.0,2.5,wave,3319,69,17,0.12262729737872853,False
1,2,8,0.0,0.0,2.5,wave,3267,82,17,0.1261095806550352,False
1,2,9,0.0,0.0,2.5,wave,3209,87,25,0.1274540355250857,False
1,2,10,0.0,0.0,2.5,wave,3159,92,34,0.1294713516935739,False
1,2,11,0.0,0.0,2.5,wave,3094,103,35,0.13445378151260504,False
1,2,12,0.0,0.0,2.5,wave,3044,103,37,0.13863337713534823,False
1,2,13,0.0,0.0,2.5,wave,2983,102,38,0.14012738853503184,False
1,2,14,0.0,0.0,2.5,wave,2921,109,37,0.14241698048613488,False
1,2,15,0.0,0.0,2.5,wave,2848,99,38,0.14606741573033707,False
1,2,16,0.0,0.0,2.5,wave,2802,102,43,0.14775160599571735,False
1,2,17,0.0,0.0,2.5,wave,2736,88,35,0.15204678362573099,False
1,2,18,0.0,0.0,2.5,wave,5249,83,36,0.0796342160411507,False
1,2,19,0.0,0.0,2.5,wave,5131,97,35,0.08244007016176184,False
1,2,20,0.0,0.0,2.5,wave,4946,113,31,0.08633238980994744,False
1,2,21,0.0,0.0,2.5,wave,4830,125,37,0.09047619047619047,False
1,2,22,0.0,0.0,2.5,wave,4692,130,46,0.09484228473998295,False
1,2,23,0.0,0.0,2.5,wave,4575,139,48,0.09748633879781421,False
1,2,24,0.0,0.0,2.5,wave,4465,125,46,0.09944008958566629,False
1,2,25,0.0,0.0,2.5,wave,4331,123,47,0.10205495266682059,False
1,2,26,0.0,0.0,2.5,wave,4183,116,43,0.10494860148218982,False
1,2,27,0.0,0.0,2.5,wave,4104,113,44,0.1084307992202729,False
1,2,28,0.0,0.0,2.5,wave,4022,103,41,0.11188463451019394,False
1,2,29,0.0,0.0,2.5,wave,3914,102,37,0.11369443025038324,False
1,2,30,0.0,0.0,2.5,wave,3793,95,43,0.11705773793830741,False
1,2,31,0.0,0.0,2.5,wave,3720,88,39,0.12204301075268817,False
1,2,32,0.0,0.0,2.5,wave,3612,74,36,0.12541528239202657,False
1,2,33,0.0,0.0,2.5,wave,3530,80,34,0.1274787535410765,False
1,2,34,0.0,0.0,2.5,wave,3420,70,23,0.13099415204678364,False
1,2,35,0.0,0.0,2.5,wave,3323,65,30,0.13662353295215168,False
1,2,36,0.0,0.0,2.5,wave,3246,65,32,0.14171287738755392,False
1,2,37,0.0,0.0,2.5,wave,3195,58,22,0.14553990610328638,False
1,2,38,0.0,0.0,2.5,wave,3138,55,20,0.14882090503505419,False
1,2,39,0.0,0.0,2.5,wave,3091,59,23,0.15076027175671303,False
1,2,40,0.0,0.0,2.5,wave,3042,59,16,0.15384615384615385,False
1,2,41,0.0,0.0,2.5,wave,2992,52,15,0.1567513368983957,False
1,2,42,0.0,0.0,2.5,wave,2969,59,26,0.16066015493432131,False
1,2,43,0.0,0.0,2.5,wave,3066,66,27,0.20156555772994128,False
1,2,44,0.0,0.0,2.5,wave,2924,52,21,0.18878248974008208,False
1,2,45,0.0,0.0,2.5,wave,2850,43,19,0.1880701754385965,False
1,2,46,0.0,0.0,2.5,wave,2792,38,23,0.19018624641833812,False
1,2,47,0.0,0.0,2.5,wave,2745,33,20,0.19089253187613844,False
1,2,48,0.0,0.0,2.5,wave,2726,27,10,0.1958914159941306,False
1,2,49,0.0,0.0,2.5,wave,2706,23,6,0.19955654101995565,False
1,2,50,0.0,0.0,2.5,wave,2673,23,9,0.19940142162364385,False
1,2,51,0.0,0.0,2.5,wave,2640,23,9,0.20113636363636364,False
1,2,52,0.0,0.0,2.5,wave,2608,27,11,0.20283742331288343,False
1,3,1,0.0,0.0,2.5,wave,2561,27,12,0.20616946505271377,False
1,3,2,0.0,0.0,2.5,wave,2526,22,13,0.20783847980997625,False
1,3,3,0.0,0.0,2.5,wave,2505,20,12,0.20998003992015968,False
1,3,4,0.0,0.0,2.5,wave,2470,17,7,0.21133603238866397,False
1,3,5,0.0,0.0,2.5,wave,2427,21,6,0.2138442521631644,False
1,3,6,0.0,0.0,2.5,wave,2391,23,13,0.21622751986616479,False
1,3,7,0.0,0.0,2.5,wave,2368,21,12,0.22001689189189189,False
1,3,8,0.0,0.0,2.5,wave,2341,13,6,0.22212729602733874,False
1,3,9,0.0,0.0,2.5,wave,2319,13,5,0.22466580422595947,False
1,3,10,0.0,0.0,2.5,wave,2303,13,5,0.22448979591836735,False
1,3,11,0.0,0.0,2.5,wave,2277,13,3,0.2231005709266579,False
1,3,12,0.0,0.0,2.5,wave,2266,10,2,0.22594880847308033,False
1,3,13,0.0,0.0,2.5,wave,2252,11,5,0.22690941385435168,False
1,3,14,0.0,0.0,2.5,wave,2227,13,6,0.2294566681634486,False
1,3,15,0.0,0.0,2.5,wave,2215,12,5,0.23205417607223477,False
1,3,16,0.0,0.0,2.5,wave,2197,12,4,0.23623122439690486,False
1,3,17,0.0,0.0,2.5,wave,2176,11,3,0.23667279411764705,False
1,3,18,0.0,0.0,2.5,wave,4815,9,4,0.10882658359293873,False
1,3,19,0.0,0.0,2.5,wave,4735,15,8,0.11129883843717,False
1,3,20,0.0,0.0,2.5,wave,4626,21,6,0.11478599221789883,False
1,3,21,0.0,0.0,2.5,wave,4543,22,3,0.1162227602905569,False
1,3,22,0.0,0.0,2.5,wave,4468,22,7,0.11862130707251567,False
1,3,23,0.0,0.0,2.5,wave,4372,25,9,0.12008234217749314,False
1,3,24,0.0,0.0,2.5,wave,4287,24,8,0.12432936785630977,False
1,3,25,0.0,0.0,2.5,wave,4174,29,9,0.1274556780067082,False
1,3,26,0.0,0.0,2.5,wave,4077,29,10,0.1297522688251165,False
1,3,27,0.0,0.0,2.5,wave,3961,27,13,0.13329967180005048,False
1,3,28,0.0,0.0,2.5,wave,3878,27,16,0.13666838576585869,False
1,3,29,0.0,0.0,2.5,wave,3751,24,9,0.14156225006664888,False
1,3,30,0.0,0.0,2.5,wave,3689,23,6,0.14394144754676064,False
1,3,31,0.0,0.0,2.5,wave,3592,25,7,0.1475501113585746,False
1,3,32,0.0,0.0,2.5,wave,3520,23,8,0.15113636363636362,False
1,3,33,0.0,0.0,2.5,wave,3427,21,11,0.15436241610738255,False
1,3,34,0.0,0.0,2.5,wave,3363,19,7,0.1575973832887303,False
1,3,35,0.0,0.0,2.5,wave,3290,15,4,0.16170212765957448,False
1,3,36,0.0,0.0,2.5,wave,3202,14,6,0.1655215490318551,False
1,3,37,0.0,0.0,2.5,wave,3170,10,7,0.16782334384858044,False
1,3,38,0.0,0.0,2.5,wave,3124,8,5,0.1706145966709347,False
1,3,39,0.0,0.0,2.5,wave,3085,5,3,0.1747163695299838,False
1,3,40,0.0,0.0,2.5,wave,3048,4,3,0.1781496062992126,False
1,3,41,0.0,0.0,2.5,wave,3021,5,1,0.1804038397881496,False
1,3,42,0.0,0.0,2.5,wave,2982,4,1,0.18343393695506371,False
1,3,43,0.0,0.0,2.5,wave,3151,6,1,0.22818152967311964,False
1,3,44,0.0,0.0,2.5,wave,3020,5,2,0.21490066225165563,False
1,3,45,0.0,0.0,2.5,wave,2949,6,2,0.2109189555781621,False
1,3,46,0.0,0.0,2.5,wave,2892,4,1,0.21023513139695713,False
1,3,47,0.0,0.0,2.5,wave,2852,5,2,0.21669004207573633,False
1,3,48,0.0,0.0,2.5,wave,2836,4,2,0.21720733427362482,False
1,3,49,0.0,0.0,2.5,wave,2822,4,2,0.21934798015591778,False
1,3,50,0.0,0.0,2.5,wave,2791,4,1,0.22357577929057684,False
1,3,51,0.0,0.0,2.5,wave,2765,3,1,0.2213381555153707,False
1,3,52,0.0,0.0,2.5,wave,2751,3,2,0.22246455834242093,False
1,4,1,0.0,0.0,2.5,wave,2718,2,2,0.22553348050036792,False
1,4,2,0.0,0.0,2.5,wave,2678,1,1,0.2274085138162808,False
1,4,3,0.0,0.0,2.5,wave,2646,0,0,0.2290249433106576,True
1,4,4,0.0,0.0,2.5,wave,2632,0,0,0.22986322188449848,True
1,4,5,0.0,0.0,2.5,wave,2601,0,0,0.23260284505959247,True
1,4,6,0.0,0.0,2.5,wave,2582,0,0,0.23586367157242447,True
1,4,7,0.0,0.0,2.5,wave,2552,0,0,0.2390282131661442,True
1,4,8,0.0,0.0,2.5,wave,2520,0,0,0.24087301587301588,True
1,4,9,0.0,0.0,2.5,wave,2502,0,0,0.24500399680255797,True
1,4,10,0.0,0.0,2.5,wave,2483,0,0,0.24526782118405155,True
1,4,11,0.0,0.0,2.5,wave,2458,0,0,0.24776240846216435,True
1,4,12,0.0,0.0,2.5,wave,2440,0,0,0.24877049180327868,True
1,4,13,0.0,0.0,2.5,wave,2402,0,0,0.25062447960033307,True
1,4,14,0.0,0.0,2.5,wave,2383,0,0,0.2517834662190516,True
1,4,15,0.0,0.0,2.5,wave,2350,0,0,0.25361702127659574,True
1,4,16,0.0,0.0,2.5,wave,2322,0,0,0.256244616709733,True
1,4,17,0.0,0.0,2.5,wave,2291,0,0,0.25971191619380185,True
1,4,18,0.0,0.0,2.5,wave,4997,0,0,0.12047228337002201,True
1,4,19,0.0,0.0,2.5,wave,4921,0,0,0.12334891282259704,True
1,4,20,0.0,0.0,2.5,wave,4852,0,0,0.12592745259686727,True
1,4,21,0.0,0.0,2.5,wave,4761,0,0,0.1264440243646293,True
1,4,22,0.0,0.0,2.5,wave,4626,0,0,0.1281884997838305,True
1,4,23,0.0,0.0,2.5,wave,4489,0,0,0.13165515705056804,True
1,4,24,0.0,0.0,2.5,wave,4410,0,0,0.13424036281179139,True
1,4,25,0.0,0.0,2.5,wave,4327,0,0,0.137046452507511,True
1,4,26,0.0,0.0,2.5,wave,4235,0,0,0.14025974025974025,True
1,4,27,0.0,0.0,2.5,wave,4166,0,0,0.1442630820931349,True
1,4,28,0.0,0.0,2.5,wave,4093,0,0,0.14683606156853163,True
1,4,29,0.0,0.0,2.5,wave,4020,0,0,0.14950248756218906,True
1,4,30,0.0,0.0,2.5,wave,3931,0,0,0.1518697532434495,True
1,4,31,0.0,0.0,2.5,wave,3869,0,0,0.15404497286120444,True
1,4,32,0.0,0.0,2.5,wave,3814,0,0,0.15810173046670162,True
1,4,33,0.0,0.0,2.5,wave,3734,0,0,0.1628280664167113,True
1,4,34,0.0,0.0,2.5,wave,3623,0,0,0.1664366547060447,True
1,4,35,0.0,0.0,2.5,wave,3577,0,0,0.16969527537042214,True
1,4,36,0.0,0.0,2.5,wave,3492,0,0,0.17210767468499427,True
1,4,37,0.0,0.0,2.5,wave,3422,0,0,0.17416715371127994,True
1,4,38,0.0,0.0,2.5,wave,3385,0,0,0.1760709010339734,True
1,4,39,0.0,0.0,2.5,wave,3332,0,0,0.17707082833133253,True
1,4,40,0.0,0.0,2.5,wave,3289,0,0,0.17847370021283065,True
1,4,41,0.0,0.0,2.5,wave,3246,0,0,0.18207024029574861,True
1,4,42,0.0,0.0,2.5,wave,3212,0,0,0.18368617683686178,True
1,4,43,0.0,0.0,2.5,wave,3351,0,0,0.2285884810504327,True
1,4,44,0.0,0.0,2.5,wave,3197,0,0,0.21457616515483266,True
1,4,45,0.0,0.0,2.5,wave,3100,0,0,0.21096774193548387,True
1,4,46,0.0,0.0,2.5,wave,3065,0,0,0.21044045676998369,True
1,4,47,0.0,0.0,2.5,wave,3038,0,0,0.2119815668202765,True
1,4,48,0.0,0.0,2.5,wave,3023,0,0,0.214356599404565,True
1,4,49,0.0,0.0,2.5,wave,3001,0,0,0.2165944685104965,True
1,4,50,0.0,0.0,2.5,wave,2967,0,0,0.21941354903943378,True
1,4,51,0.0,0.0,2.5,wave,2954,0,0,0.21800947867298578,True
1,4,52,0.0,0.0,2.5,wave,2932,0,0,0.22169167803547066,True
1,5,1,0.0,0.0,2.5,wave,2902,0,0,0.22294968986905583,True
1,5,2,0.0,0.0,2.5,wave,2875,0,0,0.2271304347826087,True
1,5,3,0.0,0.0,2.5,wave,2850,0,0,0.22842105263157894,True
1,5,4,0.0,0.0,2.5,wave,2809,0,0,0.2313990744037024,True
1,5,5,0.0,0.0,2.5,wave,2776,0,0,0.2334293948126801,True
1,5,6,0.0,0.0,2.5,wave,2731,0,0,0.23398022702306848,True
1,5,7,0.0,0.0,2.5,wave,2716,0,0,0.23674521354933725,True
1,5,8,0.0,0.0,2.5,wave,2679,0,0,0.23889511011571482,True
1,5,9,0.0,0.0,2.5,wave,2659,0,0,0.24144415193681834,True
1,5,10,0.0,0.0,2.5,wave,2624,0,0,0.24314024390243902,True
1,5,11,0.0,0.0,2.5,wave,2602,0,0,0.24558032282859338,True
1,5,12,0.0,0.0,2.5,wave,2564,0,0,0.24882995319812792,True
1,5,13,0.0,0.0,2.5,wave,2537,0,0,0.25266062278281437,True
1,5,14,0.0,0.0,2.5,wave,2511,0,0,0.25448028673835127,True
1,5,15,0.0,0.0,2.5,wave,2487,0,0,0.25613188580619217,True
1,5,16,0.0,0.0,2.5,wave,2459,0,0,0.25701504676697845,True
1,5,17,0.0,0.0,2.5,wave,2432,0,0,0.2602796052631579,True
1,5,18,0.0,0.0,2.5,wave,5511,0,0,0.11486118671747414,True
1,5,19,0.0,0.0,2.5,wave,5365,0,0,0.11742777260018639,True
1,5,20,0.0,0.0,2.5,wave,5221,0,0,0.12258188086573453,True
1,5,21,0.0,0.0,2.5,wave,5120,0,0,0.1251953125,True
1,5,22,0.0,0.0,2.5,wave,5026,0,0,0.12892956625547156,True
1,5,23,0.0,0.0,2.5,wave,4957,0,0,0.13233810772644744,True
1,5,24,0.0,0.0,2.5,wave,4827,0,0,0.1340377045784131,True
1,5,25,0.0,0.0,2.5,wave,4767,0,0,0.13719320327249843,True
1,5,26,0.0,0.0,2.5,wave,4653,0,0,0.14184397163120568,True
1,5,27,0.0,0.0,2.5,wave,4575,0,0,0.1453551912568306,True
1,5,28,0.0,0.0,2.5,wave,4490,0,0,0.14788418708240533,True
1,5,29,0.0,0.0,2.5,wave,4395,0,0,0.15130830489192265,True
1,5,30,0.0,0.0,2.5,wave,4290,0,0,0.15594405594405594,True
1,5,31,0.0,0.0,2.5,wave,4211,0,0,0.15934457373545477,True
1,5,32,0.0,0.0,2.5,wave,4089,0,0,0.16336512594766447,True
1,5,33,0.0,0.0,2.5,wave,4006,0,0,0.1672491263105342,True
1,5,34,0.0,0.0,2.5,wave,3929,0,0,0.17001781623822856,True
1,5,35,0.0,0.0,2.5,wave,3835,0,0,0.17209908735332463,True
1,5,36,0.0,0.0,2.5,wave,3745,0,0,0.17543391188251,True
1,5,37,0.0,0.0,2.5,wave,3695,0,0,0.1780784844384303,True
1,5,38,0.0,0.0,2.5,wave,3640,0,0,0.1813186813186813,True
1,5,39,0.0,0.0,2.5,wave,3600,0,0,0.18222222222222223,True
1,5,40,0.0,0.0,2.5,wave,3540,0,0,0.18757062146892656,True
1,5,41,0.0,0.0,2.5,wave,3500,0,0,0.18857142857142858,True
1,5,42,0.0,0.0,2.5,wave,3453,0,0,0.19229655372140167,True
1,5,43,0.0,0.0,2.5,wave,3623,0,0,0.23516422853988408,True
1,5,44,0.0,0.0,2.5,wave,3440,0,0,0.2183139534883721,True
1,5,45,0.0,0.0,2.5,wave,3362,0,0,0.21475312314098752,True
1,5,46,0.0,0.0,2.5,wave,3321,0,0,0.21890996687744654,True
1,5,47,0.0,0.0,2.5,wave,3279,0,0,0.22018908203720647,True
1,5,48,0.0,0.0,2.5,wave,3247,0,0,0.22143517092700954,True
1,5,49,0.0,0.0,2.5,wave,3223,0,0,0.22277381321749923,True
1,5,50,0.0,0.0,2.5,wave,3170,0,0,0.2249211356466877,True
1,5,51,0.0,0.0,2.5,wave,3150,0,0,0.2288888888888889,True
1,5,52,0.0,0.0,2.5,wave,3104,0,0,0.23324742268041238,True
1,6,1,0.0,0.0,2.5,wave,3070,0,0,0.23420195439739414,True
1,6,2,0.0,0.0,2.5,wave,3026,0,0,0.23859881031064112,True
1,6,3,0.0,0.0,2.5,wave,2986,0,0,0.2417950435365037,True
1,6,4,0.0,0.0,2.5,wave,2940,0,0,0.24387755102040817,True
1,6,5,0.0,0.0,2.5,wave,2908,0,0,0.24587345254470427,True
1,6,6,0.0,0.0,2.5,wave,2877,0,0,0.24852276677094196,True
1,6,7,0.0,0.0,2.5,wave,2838,0,0,0.2536997885835095,True
1,6,8,0.0,0.0,2.5,wave,2816,0,0,0.25390625,True
1,6,9,0.0,0.0,2.5,wave,2782,0,0,0.25557153127246585,True
1,6,10,0.0,0.0,2.5,wave,2752,0,0,0.2590843023255814,True
1,6,11,0.0,0.0,2.5,wave,2718,0,0,0.25938189845474613,True
1,6,12,0.0,0.0,2.5,wave,2697,0,0,0.26140155728587317,True
1,6,13,0.0,0.0,2.5,wave,2659,0,0,0.2655133508837909,True
1,6,14,0.0,0.0,2.5,wave,2647,0,0,0.26822818284850775,True
1,6,15,0.0,0.0,2.5,wave,2620,0,0,0.27099236641221375,True
1,6,16,0.0,0.0,2.5,wave,2610,0,0,0.2720306513409962,True
1,6,17,0.0,0.0,2.5,wave,2579,0,0,0.2733617681271811,True
1,6,18,0.0,0.0,2.5,wave,5661,0,0,0.12594947889065536,True
1,6,19,0.0,0.0,2.5,wave,5600,0,0,0.12839285714285714,True
1,6,20,0.0,0.0,2.5,wave,5468,0,0,0.1320409656181419,True
1,6,21,0.0,0.0,2.5,wave,5331,0,0,0.13599699868692552,True
1,6,22,0.0,0.0,2.5,wave,5208,0,0,0.13863287250384024,True
1,6,23,0.0,0.0,2.5,wave,5135,0,0,0.14138266796494645,True
1,6,24,0.0,0.0,2.5,wave,5037,0,0,0.14492753623188406,True
1,6,25,0.0,0.0,2.5,wave,4965,0,0,0.14944612286002015,True
1,6,26,0.0,0.0,2.5,wave,4884,0,0,0.15233415233415235,True
1,6,27,0.0,0.0,2.5,wave,4780,0,0,0.15564853556485356,True
1,6,28,0.0,0.0,2.5,wave,4681,0,0,0.1587267677846614,True
1,6,29,0.0,0.0,2.5,wave,4592,0,0,0.16180313588850173,True
1,6,30,0.0,0.0,2.5,wave,4509,0,0,0.1652251053448658,True
1,6,31,0.0,0.0,2.5,wave,4419,0,0,0.16836388323150034,True
1,6,32,0.0,0.0,2.5,wave,4294,0,0,0.17186772240335352,True
1,6,33,0.0,0.0,2.5,wave,4199,0,0,0.17408906882591094,True
1,6,34,0.0,0.0,2.5,wave,4133,0,0,0.1766271473505928,True
1,6,35,0.0,0.0,2.5,wave,4069,0,0,0.18014254116490538,True
1,6,36,0.0,0.0,2.5,wave,3981,0,0,0.1843757849786486,True
1,6,37,0.0,0.0,2.5,wave,3901,0,0,0.1873878492694181,True
1,6,38,0.0,0.0,2.5,wave,3841,0,0,0.18953397552720647,True
1,6,39,0.0,0.0,2.5,wave,3803,0,0,0.19142782014199317,True
1,6,40,0.0,0.0,2.5,wave,3752,0,0,0.19402985074626866,True
1,6,41,0.0,0.0,2.5,wave,3713,0,0,0.19822246162133045,True
1,6,42,0.0,0.0,2.5,wave,3675,0,0,0.20054421768707484,True
1,6,43,0.0,0.0,2.5,wave,3909,0,0,0.23867996930161167,True
1,6,44,0.0,0.0,2.5,wave,3736,0,0,0.23394004282655245,True
1,6,45,0.0,0.0,2.5,wave,3590,0,0,0.2222841225626741,True
1,6,46,0.0,0.0,2.5,wave,3538,0,0,0.22215941209723009,True
1,6,47,0.0,0.0,2.5,wave,3508,0,0,0.22377423033067276,True
1,6,48,0.0,0.0,2.5,wave,3474,0,0,0.22567645365572828,True
1,6,49,0.0,0.0,2.5,wave,3453,0,0,0.22936576889661164,True
1,6,50,0.0,0.0,2.5,wave,3434,0,0,0.23063482818870124,True
1,6,51,0.0,0.0,2.5,wave,3418,0,0,0.23376243417203044,True
1,6,52,0.0,0.0,2.5,wave,3381,0,0,0.2377994676131322,True
1,7,1,0.0,0.0,2.5,wave,3357,0,0,0.24009532320524277,True
1,7,2,0.0,0.0,2.5,wave,3319,0,0,0.24374811690268153,True
1,7,3,0.0,0.0,2.5,wave,3290,0,0,0.2458966565349544,True
1,7,4,0.0,0.0,2.5,wave,3255,0,0,0.24608294930875577,True
1,7,5,0.0,0.0,2.5,wave,3218,0,0,0.24891236793039154,True
1,7,6,0.0,0.0,2.5,wave,3177,0,0,0.24929178470254956,True
1,7,7,0.0,0.0,2.5,wave,3137,0,0,0.2496015301243226,True
1,7,8,0.0,0.0,2.5,wave,3105,0,0,0.2528180354267311,True
1,7,9,0.0,0.0,2.5,wave,3073,0,0,0.253498210218028,True
1,7,10,0.0,0.0,2.5,wave,3031,0,0,0.2576707357307819,True
1,7,11,0.0,0.0,2.5,wave,2995,0,0,0.2587646076794658,True
1,7,12,0.0,0.0,2.5,wave,2970,0,0,0.26161616161616164,True
1,7,13,0.0,0.0,2.5,wave,2934,0,0,0.2631220177232447,True
1,7,14,0.0,0.0,2.5,wave,2902,0,0,0.2687801516195727,True
1,7,15,0.0,0.0,2.5,wave,2879,0,0,0.2681486627301146,True
1,7,16,0.0,0.0,2.5,wave,2849,0,0,0.27097227097227095,True
1,7,17,0.0,0.0,2.5,wave,2826,0,0,0.2724699221514508,True
1,7,18,0.0,0.0,2.5,wave,6322,0,0,0.12401138880101234,True
1,7,19,0.0,0.0,2.5,wave,6195,0,0,0.12639225181598063,True
1,7,20,0.0,0.0,2.5,wave,6056,0,0,0.1299537648612946,True
1,7,21,0.0,0.0,2.5,wave,5974,0,0,0.13123535319718782,True
1,7,22,0.0,0.0,2.5,wave,5852,0,0,0.13448393711551607,True
1,7,23,0.0,0.0,2.5,wave,5734,0,0,0.13760027903732125,True
1,7,24,0.0,0.0,2.5,wave,5601,0,0,0.14122478128905552,True
1,7,25,0.0,0.0,2.5,wave,5526,0,0,0.1429605501266739,True
1,7,26,0.0,0.0,2.5,wave,5388,0,0,0.14587973273942093,True
1,7,27,0.0,0.0,2.5,wave,5288,0,0,0.15090771558245084,True
1,7,28,0.0,0.0,2.5,wave,5169,0,0,0.15496227510156704,True
1,7,29,0.0,0.0,2.5,wave,5057,0,0,0.15740557642871267,True
1,7,30,0.0,0.0,2.5,wave,4922,0,0,0.16030069077610729,True
1,7,31,0.0,0.0,2.5,wave,4800,0,0,0.16229166666666667,True
1,7,32,0.0,0.0,2.5,wave,4701,0,0,0.16634758562008084,True
1,7,33,0.0,0.0,2.5,wave,4621,0,0,0.16944384332395585,True
1,7,34,0.0,0.0,2.5,wave,4528,0,0,0.17204063604240283,True
1,7,35,0.0,0.0,2.5,wave,4461,0,0,0.17552118359112306,True
1,7,36,0.0,0.0,2.5,wave,4374,0,0,0.17741197988111568,True
1,7,37,0.0,0.0,2.5,wave,4300,0,0,0.17930232558139536,True
1,7,38,0.0,0.0,2.5,wave,4236,0,0,0.1815391879131256,True
1,7,39,0.0,0.0,2.5,wave,4188,0,0,0.18170964660936006,True
1,7,40,0.0,0.0,2.5,wave,4131,0,0,0.18445896877269427,True
1,7,41,0.0,0.0,2.5,wave,4088,0,0,0.18688845401174167,True
1,7,42,0.0,0.0,2.5,wave,4028,0,0,0.18917576961271101,True
1,7,43,0.0,0.0,2.5,wave,4325,0,0,0.22797687861271676,True
1,7,44,0.0,0.0,2.5,wave,4109,0,0,0.21635434412265758,True
1,7,45,0.0,0.0,2.5,wave,3962,0,0,0.21176173649671884,True
1,7,46,0.0,0.0,2.5,wave,3890,0,0,0.21079691516709512,True
1,7,47,0.0,0.0,2.5,wave,3818,0,0,0.21293871136720796,True
1,7,48,0.0,0.0,2.5,wave,3776,0,0,0.21610169491525424,True
1,7,49,0.0,0.0,2.5,wave,3746,0,0,0.2183662573411639,True
1,7,50,0.0,0.0,2.5,wave,3703,0,0,0.2195517148258169,True
1,7,51,0.0,0.0,2.5,wave,3667,0,0,0.22034360512680665,True
1,7,52,0.0,0.0,2.5,wave,3642,0,0,0.2226798462383306,True
1,8,1,0.0,0.0,2.5,wave,3598,0,0,0.22345747637576432,True
1,8,2,0.0,0.0,2.5,wave,3555,0,0,0.22728551336146272,True
1,8,3,0.0,0.0,2.5,wave,3510,0,0,0.2264957264957265,True
1,8,4,0.0,0.0,2.5,wave,3459,0,0,0.22983521248915872,True
1,8,5,0.0,0.0,2.5,wave,3430,0,0,0.23090379008746356,True
1,8,6,0.0,0.0,2.5,wave,3399,0,0,0.23271550456016477,True
1,8,7,0.0,0.0,2.5,wave,3366,0,0,0.23737373737373738,True
1,8,8,0.0,0.0,2.5,wave,3311,0,0,0.24071277559649654,True
1,8,9,0.0,0.0,2.5,wave,3282,0,0,0.24436319317489336,True
1,8,10,0.0,0.0,2.5,wave,3235,0,0,0.24667697063369398,True
1,8,11,0.0,0.0,2.5,wave,3198,0,0,0.2489055659787367,True
1,8,12,0.0,0.0,2.5,wave,3157,0,0,0.24928729806778588,True
1,8,13,0.0,0.0,2.5,wave,3127,0,0,0.25103933482571156,True
1,8,14,0.0,0.0,2.5,wave,3093,0,0,0.2541222114451988,True
1,8,15,0.0,0.0,2.5,wave,3057,0,0,0.25547922800130846,True
1,8,16,0.0,0.0,2.5,wave,3028,0,0,0.2562747688243065,True
1,8,17,0.0,0.0,2.5,wave,3001,0,0,0.26057980673108966,True
1,8,18,0.0,0.0,2.5,wave,6628,0,0,0.1179843089921545,True
1,8,19,0.0,0.0,2.5,wave,6538,0,0,0.12052615478739676,True
1,8,20,0.0,0.0,2.5,wave,6426,0,0,0.12356053532524121,True
1,8,21,0.0,0.0,2.5,wave,6310,0,0,0.1259904912836767,True
1,8,22,0.0,0.0,2.5,wave,6165,0,0,0.12992700729927006,True
1,8,23,0.0,0.0,2.5,wave,6043,0,0,0.13437034585470792,True
1,8,24,0.0,0.0,2.5,wave,5914,0,0,0.137470409198512,True
1,8,25,0.0,0.0,2.5,wave,5795,0,0,0.14012079378774805,True
1,8,26,0.0,0.0,2.5,wave,5641,0,0,0.14235064704839567,True
1,8,27,0.0,0.0,2.5,wave,5529,0,0,0.14650027129679868,True
1,8,28,0.0,0.0,2.5,wave,5413,0,0,0.1500092370219841,True
1,8,29,0.0,0.0,2.5,wave,5301,0,0,0.15355593284285984,True
1,8,30,0.0,0.0,2.5,wave,5199,0,0,0.15714560492402385,True
1,8,31,0.0,0.0,2.5,wave,5117,0,0,0.15888215751416845,True
1,8,32,0.0,0.0,2.5,wave,5010,0,0,0.1600798403193613,True
1,8,33,0.0,0.0,2.5,wave,4929,0,0,0.16271048894299048,True
1,8,34,0.0,0.0,2.5,wave,4823,0,0,0.16442048517520216,True
1,8,35,0.0,0.0,2.5,wave,4749,0,0,0.16740366392924827,True
1,8,36,0.0,0.0,2.5,wave,4688,0,0,0.17064846416382254,True
1,8,37,0.0,0.0,2.5,wave,4619,0,0,0.17341415890885473,True
1,8,38,0.0,0.0,2.5,wave,4559,0,0,0.17438034656722964,True
1,8,39,0.0,0.0,2.5,wave,4501,0,0,0.17596089757831593,True
1,8,40,0.0,0.0,2.5,wave,4431,0,0,0.17874069058903183,True
1,8,41,0.0,0.0,2.5,wave,4382,0,0,0.1805111821086262,True
1,8,42,0.0,0.0,2.5,wave,4324,0,0,0.18246993524514338,True
1,8,43,0.0,0.0,2.5,wave,4691,0,0,0.22596461308889362,True
1,8,44,0.0,0.0,2.5,wave,4483,0,0,0.2148115101494535,True
1,8,45,0.0,0.0,2.5,wave,4310,0,0,0.2037122969837587,True
1,8,46,0.0,0.0,2.5,wave,4199,0,0,0.20147654203381757,True
1,8,47,0.0,0.0,2.5,wave,4153,0,0,0.20418974235492415,True
1,8,48,0.0,0.0,2.5,wave,4094,0,0,0.20542256961406938,True
1,8,49,0.0,0.0,2.5,wave,4049,0,0,0.20721165719930848,True
1,8,50,0.0,0.0,2.5,wave,4011,0,0,0.2094240837696335,True
1,8,51,0.0,0.0,2.5,wave,3983,0,0,0.21139844338438363,True
1,8,52,0.0,0.0,2.5,wave,3945,0,0,0.21166032953105196,True
1,9,1,0.0,0.0,2.5,wave,3907,0,0,0.21371896595853596,True
1,9,2,0.0,0.0,2.5,wave,3860,0,0,0.21632124352331605,True
1,9,3,0.0,0.0,2.5,wave,3813,0,0,0.2192499344348282,True
1,9,4,0.0,0.0,2.5,wave,3779,0,0,0.22122254564699656,True
1,9,5,0.0,0.0,2.5,wave,3726,0,0,0.2241009125067096,True
1,9,6,0.0,0.0,2.5,wave,3688,0,0,0.2245119305856833,True
1,9,7,0.0,0.0,2.5,wave,3655,0,0,0.2265389876880985,True
1,9,8,0.0,0.0,2.5,wave,3610,0,0,0.22686980609418284,True
1,9,9,0.0,0.0,2.5,wave,3571,0,0,0.23074768972276674,True
1,9,10,0.0,0.0,2.5,wave,3521,0,0,0.2320363533087191,True
1,9,11,0.0,0.0,2.5,wave,3475,0,0,0.23453237410071942,True
1,9,12,0.0,0.0,2.5,wave,3436,0,0,0.23748544819557627,True
1,9,13,0.0,0.0,2.5,wave,3396,0,0,0.2399882214369847,True
1,9,14,0.0,0.0,2.5,wave,3353,0,0,0.24217118997912318,True
1,9,15,0.0,0.0,2.5,wave,3311,0,0,0.2449411054062217,True
1,9,16,0.0,0.0,2.5,wave,3293,0,0,0.24719101123595505,True
1,9,17,0.0,0.0,2.5,wave,3248,0,0,0.24938423645320196,True
1,9,18,0.0,0.0,2.5,wave,7024,0,0,0.10933940774487472,True
1,9,19,0.0,0.0,2.5,wave,6910,0,0,0.11172214182344428,True
1,9,20,0.0,0.0,2.5,wave,6775,0,0,0.11424354243542435,True
1,9,21,0.0,0.0,2.5,wave,6647,0,0,0.11659395215886867,True
1,9,22,0.0,0.0,2.5,wave,6496,0,0,0.12115147783251232,True
1,9,23,0.0,0.0,2.5,wave,6344,0,0,0.12405422446406053,True
1,9,24,0.0,0.0,2.5,wave,6194,0,0,0.12786567646109137,True
1,9,25,0.0,0.0,2.5,wave,6028,0,0,0.13155275381552753,True
1,9,26,0.0,0.0,2.5,wave,5923,0,0,0.1337160222860037,True
1,9,27,0.0,0.0,2.5,wave,5777,0,0,0.13726847844902199,True
1,9,28,0.0,0.0,2.5,wave,5677,0,0,0.14074335036110622,True
1,9,29,0.0,0.0,2.5,wave,5545,0,0,0.14481514878268711,True
1,9,30,0.0,0.0,2.5,wave,5443,0,0,0.14771265846040788,True
1,9,31,0.0,0.0,2.5,wave,5340,0,0,0.14868913857677904,True
1,9,32,0.0,0.0,2.5,wave,5263,0,0,0.1520045601368041,True
1,9,33,0.0,0.0,2.5,wave,5143,0,0,0.15632899086136495,True
1,9,34,0.0,0.0,2.5,wave,5071,0,0,0.1599290080851903,True
1,9,35,0.0,0.0,2.5,wave,4979,0,0,0.1622815826471179,True
1,9,36,0.0,0.0,2.5,wave,4896,0,0,0.16605392156862744,True
1,9,37,0.0,0.0,2.5,wave,4813,0,0,0.16746312071473093,True
1,9,38,0.0,0.0,2.5,wave,4764,0,0,0.16897565071368598,True
1,9,39,0.0,0.0,2.5,wave,4691,0,0,0.17181837561287572,True
1,9,40,0.0,0.0,2.5,wave,4631,0,0,0.17382854675016196,True
1,9,41,0.0,0.0,2.5,wave,4567,0,0,0.17648346835997372,True
1,9,42,0.0,0.0,2.5,wave,4519,0,0,0.179685771188316,True
1,9,43,0.0,0.0,2.5,wave,4935,0,0,0.22958459979736576,True
1,9,44,0.0,0.0,2.5,wave,4678,0,0,0.21312526720820862,True
1,9,45,0.0,0.0,2.5,wave,4513,0,0,0.2034123642809661,True
1,9,46,0.0,0.0,2.5,wave,4422,0,0,0.20126639529624604,True
1,9,47,0.0,0.0,2.5,wave,4349,0,0,0.2009657392504024,True
1,9,48,0.0,0.0,2.5,wave,4318,0,0,0.2047244094488189,True
1,9,49,0.0,0.0,2.5,wave,4267,0,0,0.20553081790485117,True
1,9,50,0.0,0.0,2.5,wave,4226,0,0,0.2058684335068623,True
1,9,51,0.0,0.0,2.5,wave,4166,0,0,0.20763322131541045,True
1,9,52,0.0,0.0,2.5,wave,4122,0,0,0.21154779233381854,True
1,10,1,0.0,0.0,2.5,wave,4056,0,0,0.21252465483234714,True
1,10,2,0.0,0.0,2.5,wave,4029,0,0,0.21518987341772153,True
1,10,3,0.0,0.0,2.5,wave,3984,0,0,0.21887550200803213,True
1,10,4,0.0,0.0,2.5,wave,3950,0,0,0.22278481012658227,True
1,10,5,0.0,0.0,2.5,wave,3908,0,0,0.22543500511770725,True
1,10,6,0.0,0.0,2.5,wave,3867,0,0,0.22601499870700803,True
1,10,7,0.0,0.0,2.5,wave,3837,0,0,0.2290852228303362,True
1,10,8,0.0,0.0,2.5,wave,3811,0,0,0.2314353188139596,True
1,10,9,0.0,0.0,2.5,wave,3771,0,0,0.23442057809599576,True
1,10,10,0.0,0.0,2.5,wave,3725,0,0,0.23597315436241612,True
1,10,11,0.0,0.0,2.5,wave,3678,0,0,0.23898858075040783,True
1,10,12,0.0,0.0,2.5,wave,3638,0,0,0.24299065420560748,True
1,10,13,0.0,0.0,2.5,wave,3602,0,0,0.24625208217656858,True
1,10,14,0.0,0.0,2.5,wave,3573,0,0,0.24797089280716486,True
1,10,15,0.0,0.0,2.5,wave,3537,0,0,0.2502120441051739,True
1,10,16,0.0,0.0,2.5,wave,3503,0,0,0.25206965458178704,True
1,10,17,0.0,0.0,2.5,wave,3478,0,0,0.25618171362852216,True
1,10,18,0.0,0.0,2.5,wave,7422,0,0,0.11479385610347616,True
1,10,19,0.0,0.0,2.5,wave,7313,0,0,0.11677833994256803,True
1,10,20,0.0,0.0,2.5,wave,7209,0,0,0.12012761825495907,True
1,10,21,0.0,0.0,2.5,wave,7065,0,0,0.12285916489738145,True
1,10,22,0.0,0.0,2.5,wave,6949,0,0,0.12606130378471722,True
1,10,23,0.0,0.0,2.5,wave,6818,0,0,0.1286300968025814,True
1,10,24,0.0,0.0,2.5,wave,6662,0,0,0.1323926748724107,True
1,10,25,0.0,0.0,2.5,wave,6530,0,0,0.1352220520673813,True
1,10,26,0.0,0.0,2.5,wave,6401,0,0,0.13779097016091235,True
1,10,27,0.0,0.0,2.5,wave,6266,0,0,0.14075965528247686,True
1,10,28,0.0,0.0,2.5,wave,6140,0,0,0.14446254071661238,True
1,10,29,0.0,0.0,2.5,wave,6029,0,0,0.14761983745231383,True
1,10,30,0.0,0.0,2.5,wave,5927,0,0,0.1515100388054665,True
1,10,31,0.0,0.0,2.5,wave,5814,0,0,0.15531475748194015,True
1,10,32,0.0,0.0,2.5,wave,5730,0,0,0.15671902268760907,True
1,10,33,0.0,0.0,2.5,wave,5648,0,0,0.15846317280453256,True
1,10,34,0.0,0.0,2.5,wave,5529,0,0,0.16223548562126966,True
1,10,35,0.0,0.0,2.5,wave,5433,0,0,0.16602245536535984,True
1,10,36,0.0,0.0,2.5,wave,5365,0,0,0.1679403541472507,True
1,10,37,0.0,0.0,2.5,wave,5297,0,0,0.1699074948083821,True
1,10,38,0.0,0.0,2.5,wave,5229,0,0,0.17192579843182254,True
1,10,39,0.0,0.0,2.5,wave,5154,0,0,0.17520372526193248,True
1,10,40,0.0,0.0,2.5,wave,5085,0,0,0.17817109144542773,True
1,10,41,0.0,0.0,2.5,wave,5009,0,0,0.18027550409263327,True
1,10,42,0.0,0.0,2.5,wave,4955,0,0,0.1834510595358224,True
1,10,43,0.0,0.0,2.5,wave,5379,0,0,0.23052612009667225,True
1,10,44,0.0,0.0,2.5,wave,5081,0,0,0.21157252509348554,True
1,10,45,0.0,0.0,2.5,wave,4904,0,0,0.20473083197389885,True
1,10,46,0.0,0.0,2.5,wave,4815,0,0,0.2047767393561786,True
1,10,47,0.0,0.0,2.5,wave,4749,0,0,0.20720151610865445,True
1,10,48,0.0,0.0,2.5,wave,4730,0,0,0.2105708245243129,True
1,10,49,0.0,0.0,2.5,wave,4668,0,0,0.21422450728363324,True
1,10,50,0.0,0.0,2.5,wave,4628,0,0,0.2158599827139153,True
1,10,51,0.0,0.0,2.5,wave,4587,0,0,0.2195334641377807,True
1,10,52,0.0,0.0,2.5,wave,4525,0,0,0.22298342541436464,True
1,11,1,0.0,0.0,2.5,wave,4474,0,0,0.22708985248100133,True
1,11,2,0.0,0.0,2.5,wave,4433,0,0,0.22851342206180916,True
1,11,3,0.0,0.0,2.5,wave,4386,0,0,0.22936616507067945,True
1,11,4,0.0,0.0,2.5,wave,4352,0,0,0.23299632352941177,True
1,11,5,0.0,0.0,2.5,wave,4309,0,0,0.23578556509631005,True
1,11,6,0.0,0.0,2.5,wave,4260,0,0,0.23849765258215963,True
1,11,7,0.0,0.0,2.5,wave,4196,0,0,0.24189704480457577,True
1,11,8,0.0,0.0,2.5,wave,4147,0,0,0.24379069206655413,True
1,11,9,0.0,0.0,2.5,wave,4097,0,0,0.2455455211130095,True
1,11,10,0.0,0.0,2.5,wave,4051,0,0,0.24734633423845964,True
1,11,11,0.0,0.0,2.5,wave,3999,0,0,0.25056264066016504,True
1,11,12,0.0,0.0,2.5,wave,3961,0,0,0.25271396112092903,True
1,11,13,0.0,0.0,2.5,wave,3928,0,0,0.25432790224032586,True
1,11,14,0.0,0.0,2.5,wave,3875,0,0,0.255741935483871,True
1,11,15,0.0,0.0,2.5,wave,3840,0,0,0.2565104166666667,True
1,11,16,0.0,0.0,2.5,wave,3807,0,0,0.25847123719464143,True
1,11,17,0.0,0.0,2.5,wave,3760,0,0,0.2603723404255319,True
1,11,18,0.0,0.0,2.5,wave,8076,0,0,0.11441307578008915,True
1,11,19,0.0,0.0,2.5,wave,7938,0,0,0.11715797430083144,True
1,11,20,0.0,0.0,2.5,wave,7808,0,0,0.11898053278688525,True
1,11,21,0.0,0.0,2.5,wave,7649,0,0,0.12210746502810825,True
1,11,22,0.0,0.0,2.5,wave,7505,0,0,0.1252498334443704,True
1,11,23,0.0,0.0,2.5,wave,7353,0,0,0.1278389772881817,True
1,11,24,0.0,0.0,2.5,wave,7207,0,0,0.13153878173997502,True
1,11,25,0.0,0.0,2.5,wave,7053,0,0,0.134127321707075,True
1,11,26,0.0,0.0,2.5,wave,6899,0,0,0.13842585882011885,True
1,11,27,0.0,0.0,2.5,wave,6781,0,0,0.1412770977731898,True
1,11,28,0.0,0.0,2.5,wave,6672,0,0,0.1435851318944844,True
1,11,29,0.0,0.0,2.5,wave,6557,0,0,0.14656092725331707,True
1,11,30,0.0,0.0,2.5,wave,6476,0,0,0.14901173563928352,True
1,11,31,0.0,0.0,2.5,wave,6358,0,0,0.15240641711229946,True
1,11,32,0.0,0.0,2.5,wave,6242,0,0,0.15475809035565524,True
1,11,33,0.0,0.0,2.5,wave,6132,0,0,0.15737116764514025,True
1,11,34,0.0,0.0,2.5,wave,6011,0,0,0.16137082016303445,True
1,11,35,0.0,0.0,2.5,wave,5877,0,0,0.1647098859962566,True
1,11,36,0.0,0.0,2.5,wave,5788,0,0,0.16776088458880442,True
1,11,37,0.0,0.0,2.5,wave,5676,0,0,0.17036645525017619,True
1,11,38,0.0,0.0,2.5,wave,5607,0,0,0.17317638665953272,True
1,11,39,0.0,0.0,2.5,wave,5535,0,0,0.17579042457091237,True
1,11,40,0.0,0.0,2.5,wave,5471,0,0,0.178577956497898,True
1,11,41,0.0,0.0,2.5,wave,5397,0,0,0.18065591995553085,True
1,11,42,0.0,0.0,2.5,wave,5352,0,0,0.1829222720478326,True
1,11,43,0.0,0.0,2.5,wave,5806,0,0,0.22683430933517051,True
1,11,44,0.0,0.0,2.5,wave,5477,0,0,0.21234252327916742,True
1,11,45,0.0,0.0,2.5,wave,5280,0,0,0.20643939393939395,True
1,11,46,0.0,0.0,2.5,wave,5146,0,0,0.20598523124757093,True
1,11,47,0.0,0.0,2.5,wave,5071,0,0,0.20745415105501874,True
1,11,48,0.0,0.0,2.5,wave,5006,0,0,0.21094686376348382,True
1,11,49,0.0,0.0,2.5,wave,4947,0,0,0.21204770568021022,True
1,11,50,0.0,0.0,2.5,wave,4899,0,0,0.21677893447642377,True
1,11,51,0.0,0.0,2.5,wave,4839,0,0,0.21926017772266998,True
1,11,52,0.0,0.0,2.5,wave,4794,0,0,0.22236128493950771,True
2,1,1,0.0,0.0,2.5,wave,2694,0,0,0.0003711952487008166,True
2,1,2,0.0,0.0,2.5,wave,2650,0,0,0.0015094339622641509,True
2,1,3,0.0,0.0,2.5,wave,2559,0,0,0.005080109417741305,True
2,1,4,0.0,0.0,2.5,wave,2498,0,0,0.0068054443554843875,True
2,1,5,0.0,0.0,2.5,wave,2417,0,0,0.009515928837401738,True
2,1,6,0.0,0.0,2.5,wave,2375,0,0,0.01136842105263158,True
2,1,7,0.0,0.0,2.5,wave,2312,0,0,0.012110726643598616,True
2,1,8,0.0,0.0,2.5,wave,2290,0,0,0.014410480349344978,True
2,1,9,0.0,0.0,2.5,wave,2227,0,0,0.017512348450830714,True
2,1,10,0.0,0.0,2.5,wave,2202,0,0,0.01952770208900999,True
2,1,11,0.0,0.0,2.5,wave,2118,0,0,0.02077431539187913,True
2,1,12,0.0,0.0,2.5,wave,2071,0,0,0.021728633510381457,True
2,1,13,0.0,0.0,2.5,wave,2013,0,0,0.02185792349726776,True
2,1,14,0.0,0.0,2.5,wave,1984,0,0,0.024193548387096774,True
2,1,15,0.0,0.0,2.5,wave,1932,0,0,0.026397515527950312,True
2,1,16,0.0,0.0,2.5,wave,1912,0,0,0.028765690376569036,True
2,1,17,0.0,0.0,2.5,wave,1840,0,0,0.030434782608695653,True
2,1,18,0.0,0.0,2.5,wave,5376,0,0,0.012276785714285714,True
2,1,19,0.0,0.0,2.5,wave,5220,0,0,0.016283524904214558,True
2,1,20,0.0,0.0,2.5,wave,5144,0,0,0.017496111975116642,True
2,1,21,0.0,0.0,2.5,wave,4968,0,0,0.02033011272141707,True
2,1,22,0.0,0.0,2.5,wave,4880,0,0,0.021926229508196723,True
2,1,23,0.0,0.0,2.5,wave,4720,0,0,0.023728813559322035,True
2,1,24,0.0,0.0,2.5,wave,4653,0,0,0.025574897915323448,True
2,1,25,0.0,0.0,2.5,wave,4512,0,0,0.026817375886524823,True
2,1,26,0.0,0.0,2.5,wave,4445,0,0,0.02857142857142857,True
2,1,27,0.0,0.0,2.5,wave,4294,0,0,0.0312063344201211,True
2,1,28,0.0,0.0,2.5,wave,4193,0,0,0.03243501073217267,True
2,1,29,0.0,0.0,2.5,wave,4034,0,0,0.03470500743678731,True
2,1,30,0.0,0.0,2.5,wave,3948,0,0,0.03622087132725431,True
2,1,31,0.0,0.0,2.5,wave,3813,0,0,0.03776553894571204,True
2,1,32,0.0,0.0,2.5,wave,3751,0,0,0.03998933617701946,True
2,1,33,0.0,0.0,2.5,wave,3640,0,0,0.04313186813186813,True
2,1,34,0.0,0.0,2.5,wave,3607,0,0,0.04491266980870529,True
2,1,35,0.0,0.0,2.5,wave,3477,0,0,0.04457865976416451,True
2,1,36,0.0,0.0,2.5,wave,3448,0,0,0.046113689095127613,True
2,1,37,0.0,0.0,2.5,wave,3336,0,0,0.049160671462829736,True
2,1,38,0.0,0.0,2.5,wave,3328,0,0,0.052584134615384616,True
2,1,39,0.0,0.0,2.5,wave,3249,0,0,0.056017236072637734,True
2,1,40,0.0,0.0,2.5,wave,3233,0,0,0.05753170429941231,True
2,1,41,0.0,0.0,2.5,wave,3163,0,0,0.060701865317736324,True
2,1,42,0.0,0.0,2.5,wave,3144,0,0,0.06361323155216285,True
2,1,43,0.0,0.0,2.5,wave,3430,0,0,0.11661807580174927,True
2,1,44,0.0,0.0,2.5,wave,3273,0,0,0.09807516040329972,True
2,1,45,0.0,0.0,2.5,wave,3171,0,0,0.09618416903185115,True
2,1,46,0.0,0.0,2.5,wave,3106,0,0,0.0978750804893754,True
2,1,47,0.0,0.0,2.5,wave,3050,0,0,0.09934426229508196,True
2,1,48,0.0,0.0,2.5,wave,3013,0,0,0.1002323265847992,True
2,1,49,0.0,0.0,2.5,wave,2984,0,0,0.10087131367292225,True
2,1,50,0.0,0.0,2.5,wave,2953,0,0,0.10362343379613952,True
2,1,51,0.0,0.0,2.5,wave,2900,0,0,0.10689655172413794,True
2,1,52,0.0,0.0,2.5,wave,2862,0,0,0.10587002096436059,True
2,2,1,0.0,0.0,2.5,wave,2813,29,3,0.10771418414504089,False
2,2,2,0.0,0.0,2.5,wave,2781,29,13,0.11254944264653002,False
2,2,3,0.0,0.0,2.5,wave,2735,37,19,0.11371115173674588,False
2,2,4,0.0,0.0,2.5,wave,2689,35,17,0.11751580513201934,False
2,2,5,0.0,0.0,2.5,wave,2632,33,12,0.1189209726443769,False
2,2,6,0.0,0.0,2.5,wave,2593,25,7,0.12148091014269186,False
2,2,7,0.0,0.0,2.5,wave,2549,25,13,0.12318556296586897,False
2,2,8,0.0,0.0,2.5,wave,2514,25,14,0.12529832935560858,False
2,2,9,0.0,0.0,2.5,wave,2472,19,7,0.12702265372168284,False
2,2,10,0.0,0.0,2.5,wave,2433,19,5,0.12988080558980683,False
2,2,11,0.0,0.0,2.5,wave,2384,18,9,0.1304530201342282,False
2,2,12,0.0,0.0,2.5,wave,2361,21,11,0.132570944515036,False
2,2,13,0.0,0.0,2.5,wave,2329,15,5,0.13353370545298412,False
2,2,14,0.0,0.0,2.5,wave,2289,12,7,0.13411970292704237,False
2,2,15,0.0,0.0,2.5,wave,2246,12,9,0.1371326803205699,False
2,2,16,0.0,0.0,2.5,wave,2213,9,4,0.140533212833258,False
2,2,17,0.0,0.0,2.5,wave,2176,6,2,0.14200367647058823,False
2,2,18,0.0,0.0,2.5,wave,4279,8,3,0.07291423229726572,False
2,2,19,0.0,0.0,2.5,wave,4190,14,3,0.07494033412887828,False
2,2,20,0.0,0.0,2.5,wave,4136,13,3,0.07640232108317214,False
2,2,21,0.0,0.0,2.5,wave,4010,15,5,0.07855361596009976,False
2,2,22,0.0,0.0,2.5,wave,3949,17,5,0.0807799442896936,False
2,2,23,0.0,0.0,2.5,wave,3871,17,7,0.08266597778351847,False
2,2,24,0.0,0.0,2.5,wave,3784,23,11,0.08535940803382663,False
2,2,25,0.0,0.0,2.5,wave,3674,22,9,0.08873162765378334,False
2,2,26,0.0,0.0,2.5,wave,3603,19,3,0.09186788787121843,False
2,2,27,0.0,0.0,2.5,wave,3499,16,4,0.09259788511003143,False
2,2,28,0.0,0.0,2.5,wave,3400,28,7,0.09382352941176471,False
2,2,29,0.0,0.0,2.5,wave,3313,25,9,0.09628735285239964,False
2,2,30,0.0,0.0,2.5,wave,3249,29,12,0.0981840566328101,False
2,2,31,0.0,0.0,2.5,wave,3175,26,11,0.10141732283464568,False
2,2,32,0.0,0.0,2.5,wave,3122,26,8,0.1031390134529148,False
2,2,33,0.0,0.0,2.5,wave,3047,25,11,0.10567771578601903,False
2,2,34,0.0,0.0,2.5,wave,2997,28,12,0.1091091091091091,False
2,2,35,0.0,0.0,2.5,wave,2935,25,8,0.11175468483816013,False
2,2,36,0.0,0.0,2.5,wave,2889,22,10,0.1142263759086189,False
2,2,37,0.0,0.0,2.5,wave,2835,18,7,0.11781305114638448,False
2,2,38,0.0,0.0,2.5,wave,2806,15,8,0.11938702779757662,False
2,2,39,0.0,0.0,2.5,wave,2762,15,10,0.1223750905141202,False
2,2,40,0.0,0.0,2.5,wave,2727,13,7,0.12357902456912358,False
2,2,41,0.0,0.0,2.5,wave,2690,10,3,0.12676579925650558,False
2,2,42,0.0,0.0,2.5,wave,2676,8,4,0.1296711509715994,False
2,2,43,0.0,0.0,2.5,wave,3012,9,4,0.18857901726427623,False
2,2,44,0.0,0.0,2.5,wave,2858,6,2,0.17144856543037088,False
2,2,45,0.0,0.0,2.5,wave,2808,5,1,0.1655982905982906,False
2,2,46,0.0,0.0,2.5,wave,2764,4,2,0.1649782923299566,False
2,2,47,0.0,0.0,2.5,wave,2740,4,3,0.16532846715328467,False
2,2,48,0.0,0.0,2.5,wave,2710,2,1,0.16789667896678967,False
2,2,49,0.0,0.0,2.5,wave,2679,1,1,0.1687196715192236,False
2,2,50,0.0,0.0,2.5,wave,2658,2,1,0.1689240030097818,False
2,2,51,0.0,0.0,2.5,wave,2610,1,0,0.16934865900383142,False
2,2,52,0.0,0.0,2.5,wave,2586,1,0,0.17130703789636503,False
2,3,1,0.0,0.0,2.5,wave,2557,1,0,0.17833398513883458,False
2,3,2,0.0,0.0,2.5,wave,2530,1,1,0.18023715415019761,False
2,3,3,0.0,0.0,2.5,wave,2499,2,1,0.1840736294517807,False
2,3,4,0.0,0.0,2.5,wave,2478,1,0,0.18765133171912832,False
2,3,5,0.0,0.0,2.5,wave,2443,1,1,0.18952108063855916,False
2,3,6,0.0,0.0,2.5,wave,2412,3,1,0.19112769485903813,False
2,3,7,0.0,0.0,2.5,wave,2378,2,1,0.1947014297729184,False
2,3,8,0.0,0.0,2.5,wave,2363,3,1,0.19720694033008887,False
2,3,9,0.0,0.0,2.5,wave,2337,2,0,0.1998288403936671,False
2,3,10,0.0,0.0,2.5,wave,2314,2,1,0.20397579948141745,False
2,3,11,0.0,0.0,2.5,wave,2280,1,1,0.20833333333333334,False
2,3,12,0.0,0.0,2.5,wave,2241,0,0,0.2101740294511379,True
2,3,13,0.0,0.0,2.5,wave,2217,0,0,0.2124492557510149,True
2,3,14,0.0,0.0,2.5,wave,2192,0,0,0.21350364963503649,True
2,3,15,0.0,0.0,2.5,wave,2168,0,0,0.21678966789667897,True
2,3,16,0.0,0.0,2.5,wave,2149,0,0,0.22010237319683573,True
2,3,17,0.0,0.0,2.5,wave,2124,0,0,0.2236346516007533,True
2,3,18,0.0,0.0,2.5,wave,4773,0,0,0.10098470563586842,True
2,3,19,0.0,0.0,2.5,wave,4682,0,0,0.10337462622810764,True
2,3,20,0.0,0.0,2.5,wave,4617,0,0,0.10526315789473684,True
2,3,21,0.0,0.0,2.5,wave,4507,0,0,0.10716662968715332,True
2,3,22,0.0,0.0,2.5,wave,4418,0,0,0.1086464463558171,True
2,3,23,0.0,0.0,2.5,wave,4325,0,0,0.11144508670520231,True
2,3,24,0.0,0.0,2.5,wave,4233,0,0,0.11315851641861564,True
2,3,25,0.0,0.0,2.5,wave,4116,0,0,0.11758989310009718,True
2,3,26,0.0,0.0,2.5,wave,4038,0,0,0.11763249133234274,True
2,3,27,0.0,0.0,2.5,wave,3924,0,0,0.12079510703363915,True
2,3,28,0.0,0.0,2.5,wave,3850,0,0,0.12389610389610389,True
2,3,29,0.0,0.0,2.5,wave,3779,0,0,0.1264884890182588,True
2,3,30,0.0,0.0,2.5,wave,3720,0,0,0.12795698924731183,True
2,3,31,0.0,0.0,2.5,wave,3623,0,0,0.13000276014352746,True
2,3,32,0.0,0.0,2.5,wave,3550,0,0,0.13183098591549297,True
2,3,33,0.0,0.0,2.5,wave,3445,0,0,0.1332365747460087,True
2,3,34,0.0,0.0,2.5,wave,3356,0,0,0.13736591179976163,True
2,3,35,0.0,0.0,2.5,wave,3252,0,0,0.14268142681426815,True
2,3,36,0.0,0.0,2.5,wave,3203,0,0,0.14673743365594755,True
2,3,37,0.0,0.0,2.5,wave,3140,0,0,0.15127388535031847,True
2,3,38,0.0,0.0,2.5,wave,3108,0,0,0.15347490347490347,True
2,3,39,0.0,0.0,2.5,wave,3054,0,0,0.15782580222658807,True
2,3,40,0.0,0.0,2.5,wave,3021,0,0,0.1608738828202582,True
2,3,41,0.0,0.0,2.5,wave,2966,0,0,0.1638570465273095,True
2,3,42,0.0,0.0,2.5,wave,2929,0,0,0.16558552406964835,True
2,3,43,0.0,0.0,2.5,wave,3224,0,0,0.21712158808933002,True
2,3,44,0.0,0.0,2.5,wave,3068,0,0,0.20241199478487615,True
2,3,45,0.0,0.0,2.5,wave,2983,0,0,0.19711699631243715,True
2,3,46,0.0,0.0,2.5,wave,2930,0,0,0.19556313993174063,True
2,3,47,0.0,0.0,2.5,wave,2908,0,0,0.19807427785419532,True
2,3,48,0.0,0.0,2.5,wave,2877,0,0,0.205422314911366,True
2,3,49,0.0,0.0,2.5,wave,2867,0,0,0.2096267875828392,True
2,3,50,0.0,0.0,2.5,wave,2836,0,0,0.2119181946403385,True
2,3,51,0.0,0.0,2.5,wave,2792,0,0,0.2141833810888252,True
2,3,52,0.0,0.0,2.5,wave,2760,0,0,0.21485507246376812,True
2,4,1,0.0,0.0,2.5,wave,2729,0,0,0.21656284353242947,True
2,4,2,0.0,0.0,2.5,wave,2692,0,0,0.21545319465081725,True
2,4,3,0.0,0.0,2.5,wave,2650,0,0,0.2181132075471698,True
2,4,4,0.0,0.0,2.5,wave,2619,0,0,0.21725849560901106,True
2,4,5,0.0,0.0,2.5,wave,2592,0,0,0.2175925925925926,True
2,4,6,0.0,0.0,2.5,wave,2563,0,0,0.21771361685524776,True
2,4,7,0.0,0.0,2.5,wave,2533,0,0,0.22029214370311884,True
2,4,8,0.0,0.0,2.5,wave,2506,0,0,0.22186751795690343,True
2,4,9,0.0,0.0,2.5,wave,2471,0,0,0.2237960339943343,True
2,4,10,0.0,0.0,2.5,wave,2444,0,0,0.2246317512274959,True
2,4,11,0.0,0.0,2.5,wave,2415,0,0,0.22608695652173913,True
2,4,12,0.0,0.0,2.5,wave,2385,0,0,0.22851153039832284,True
2,4,13,0.0,0.0,2.5,wave,2347,0,0,0.2288027268853856,True
2,4,14,0.0,0.0,2.5,wave,2320,0,0,0.2293103448275862,True
2,4,15,0.0,0.0,2.5,wave,2293,0,0,0.23331879633667685,True
2,4,16,0.0,0.0,2.5,wave,2272,0,0,0.23591549295774647,True
2,4,17,0.0,0.0,2.5,wave,2253,0,0,0.2365734576120728,True
2,4,18,0.0,0.0,2.5,wave,4805,0,0,0.11175858480749219,True
2,4,19,0.0,0.0,2.5,wave,4688,0,0,0.11433447098976109,True
2,4,20,0.0,0.0,2.5,wave,4608,0,0,0.11870659722222222,True
2,4,21,0.0,0.0,2.5,wave,4498,0,0,0.12138728323699421,True
2,4,22,0.0,0.0,2.5,wave,4397,0,0,0.12349329088014556,True
2,4,23,0.0,0.0,2.5,wave,4300,0,0,0.12744186046511627,True
2,4,24,0.0,0.0,2.5,wave,4220,0,0,0.13033175355450238,True
2,4,25,0.0,0.0,2.5,wave,4153,0,0,0.13195280520105948,True
2,4,26,0.0,0.0,2.5,wave,4045,0,0,0.1354758961681088,True
2,4,27,0.0,0.0,2.5,wave,3914,0,0,0.1392437404190087,True
2,4,28,0.0,0.0,2.5,wave,3832,0,0,0.14144050104384134,True
2,4,29,0.0,0.0,2.5,wave,3748,0,0,0.14487726787620064,True
2,4,30,0.0,0.0,2.5,wave,3643,0,0,0.14713148503980236,True
2,4,31,0.0,0.0,2.5,wave,3543,0,0,0.1501552356759808,True
2,4,32,0.0,0.0,2.5,wave,3479,0,0,0.15320494394941075,True
2,4,33,0.0,0.0,2.5,wave,3413,0,0,0.15587459712862584,True
2,4,34,0.0,0.0,2.5,wave,3373,0,0,0.15920545508449452,True
2,4,35,0.0,0.0,2.5,wave,3312,0,0,0.16304347826086957,True
2,4,36,0.0,0.0,2.5,wave,3259,0,0,0.1653881558760356,True
2,4,37,0.0,0.0,2.5,wave,3210,0,0,0.167601246105919,True
2,4,38,0.0,0.0,2.5,wave,3172,0,0,0.16866330390920556,True
2,4,39,0.0,0.0,2.5,wave,3120,0,0,0.1717948717948718,True
2,4,40,0.0,0.0,2.5,wave,3077,0,0,0.17387065323366915,True
2,4,41,0.0,0.0,2.5,wave,3043,0,0,0.17515609595793624,True
2,4,42,0.0,0.0,2.5,wave,3002,0,0,0.17788141239173885,True
2,4,43,0.0,0.0,2.5,wave,3350,0,0,0.23343283582089552,True
2,4,44,0.0,0.0,2.5,wave,3147,0,0,0.21226564982523038,True
2,4,45,0.0,0.0,2.5,wave,3070,0,0,0.20846905537459284,True
2,4,46,0.0,0.0,2.5,wave,3004,0,0,0.20905459387483355,True
2,4,47,0.0,0.0,2.5,wave,2962,0,0,0.21066846725185687,True
2,4,48,0.0,0.0,2.5,wave,2913,0,0,0.21249570889117747,True
2,4,49,0.0,0.0,2.5,wave,2894,0,0,0.2152729785763649,True
2,4,50,0.0,0.0,2.5,wave,2850,0,0,0.21859649122807018,True
2,4,51,0.0,0.0,2.5,wave,2822,0,0,0.22147413182140327,True
2,4,52,0.0,0.0,2.5,wave,2786,0,0,0.2236180904522613,True
2,5,1,0.0,0.0,2.5,wave,2753,0,0,0.2284780239738467,True
2,5,2,0.0,0.0,2.5,wave,2724,0,0,0.22834067547723935,True
2,5,3,0.0,0.0,2.5,wave,2692,0,0,0.2310549777117385,True
2,5,4,0.0,0.0,2.5,wave,2653,0,0,0.2314361100640784,True
2,5,5,0.0,0.0,2.5,wave,2620,0,0,0.23435114503816795,True
2,5,6,0.0,0.0,2.5,wave,2570,0,0,0.23540856031128404,True
2,5,7,0.0,0.0,2.5,wave,2541,0,0,0.23809523809523808,True
2,5,8,0.0,0.0,2.5,wave,2507,0,0,0.23972875947347427,True
2,5,9,0.0,0.0,2.5,wave,2487,0,0,0.24246079613992763,True
2,5,10,0.0,0.0,2.5,wave,2459,0,0,0.24440829605530703,True
2,5,11,0.0,0.0,2.5,wave,2436,0,0,0.2467159277504105,True
2,5,12,0.0,0.0,2.5,wave,2415,0,0,0.25010351966873706,True
2,5,13,0.0,0.0,2.5,wave,2398,0,0,0.2506255212677231,True
2,5,14,0.0,0.0,2.5,wave,2366,0,0,0.25274725274725274,True
2,5,15,0.0,0.0,2.5,wave,2342,0,0,0.25362937660119556,True
2,5,16,0.0,0.0,2.5,wave,2321,0,0,0.25549332184403273,True
2,5,17,0.0,0.0,2.5,wave,2307,0,0,0.2574772431729519,True
2,5,18,0.0,0.0,2.5,wave,5297,0,0,0.11270530488956013,True
2,5,19,0.0,0.0,2.5,wave,5204,0,0,0.11625672559569562,True
2,5,20,0.0,0.0,2.5,wave,5103,0,0,0.11894963746815598,True
2,5,21,0.0,0.0,2.5,wave,5030,0,0,0.12365805168986084,True
2,5,22,0.0,0.0,2.5,wave,4924,0,0,0.1269293257514216,True
2,5,23,0.0,0.0,2.5,wave,4752,0,0,0.13152356902356901,True
2,5,24,0.0,0.0,2.5,wave,4606,0,0,0.13243595310464612,True
2,5,25,0.0,0.0,2.5,wave,4498,0,0,0.13606047132058693,True
2,5,26,0.0,0.0,2.5,wave,4413,0,0,0.14004078857919783,True
2,5,27,0.0,0.0,2.5,wave,4311,0,0,0.1424263511946184,True
2,5,28,0.0,0.0,2.5,wave,4223,0,0,0.14681506038361355,True
2,5,29,0.0,0.0,2.5,wave,4110,0,0,0.14744525547445256,True
2,5,30,0.0,0.0,2.5,wave,4002,0,0,0.15142428785607195,True
2,5,31,0.0,0.0,2.5,wave,3929,0,0,0.15576482565538305,True
2,5,32,0.0,0.0,2.5,wave,3850,0,0,0.15948051948051947,True
2,5,33,0.0,0.0,2.5,wave,3774,0,0,0.16454689984101747,True
2,5,34,0.0,0.0,2.5,wave,3685,0,0,0.16770691994572592,True
2,5,35,0.0,0.0,2.5,wave,3639,0,0,0.17037647705413575,True
2,5,36,0.0,0.0,2.5,wave,3563,0,0,0.17344934044344654,True
2,5,37,0.0,0.0,2.5,wave,3496,0,0,0.17763157894736842,True
2,5,38,0.0,0.0,2.5,wave,3440,0,0,0.1816860465116279,True
2,5,39,0.0,0.0,2.5,wave,3376,0,0,0.18305687203791468,True
2,5,40,0.0,0.0,2.5,wave,3327,0,0,0.18575293056807934,True
2,5,41,0.0,0.0,2.5,wave,3289,0,0,0.18637883855275159,True
2,5,42,0.0,0.0,2.5,wave,3242,0,0,0.1881554595928439,True
2,5,43,0.0,0.0,2.5,wave,3586,0,0,0.24205242610150585,True
2,5,44,0.0,0.0,2.5,wave,3397,0,0,0.22254930821312924,True
2,5,45,0.0,0.0,2.5,wave,3332,0,0,0.2187875150060024,True
2,5,46,0.0,0.0,2.5,wave,3274,0,0,0.21319486866218693,True
2,5,47,0.0,0.0,2.5,wave,3239,0,0,0.21611608521148504,True
2,5,48,0.0,0.0,2.5,wave,3187,0,0,0.21744587386256667,True
2,5,49,0.0,0.0,2.5,wave,3167,0,0,0.22102936532996525,True
2,5,50,0.0,0.0,2.5,wave,3106,0,0,0.22215067611075337,True
2,5,51,0.0,0.0,2.5,wave,3084,0,0,0.22568093385214008,True
2,5,52,0.0,0.0,2.5,wave,3048,0,0,0.2286745406824147,True
2,6,1,0.0,0.0,2.5,wave,3023,0,0,0.22957327158451868,True
2,6,2,0.0,0.0,2.5,wave,2985,0,0,0.23115577889447236,True
2,6,3,0.0,0.0,2.5,wave,2964,0,0,0.2341430499325236,True
2,6,4,0.0,0.0,2.5,wave,2911,0,0,0.23531432497423566,True
2,6,5,0.0,0.0,2.5,wave,2902,0,0,0.23845623707787733,True
2,6,6,0.0,0.0,2.5,wave,2847,0,0,0.24060414471373376,True
2,6,7,0.0,0.0,2.5,wave,2814,0,0,0.24342572850035538,True
2,6,8,0.0,0.0,2.5,wave,2758,0,0,0.2472806381435823,True
2,6,9,0.0,0.0,2.5,wave,2713,0,0,0.24917065978621453,True
2,6,10,0.0,0.0,2.5,wave,2670,0,0,0.251685393258427,True
2,6,11,0.0,0.0,2.5,wave,2652,0,0,0.25339366515837103,True
2,6,12,0.0,0.0,2.5,wave,2611,0,0,0.2550746840291076,True
2,6,13,0.0,0.0,2.5,wave,2589,0,0,0.2599459250675937,True
2,6,14,0.0,0.0,2.5,wave,2549,0,0,0.2601020007846214,True
2,6,15,0.0,0.0,2.5,wave,2531,0,0,0.26037139470564996,True
2,6,16,0.0,0.0,2.5,wave,2496,0,0,0.2608173076923077,True
2,6,17,0.0,0.0,2.5,wave,2469,0,0,0.26366950182260024,True
2,6,18,0.0,0.0,2.5,wave,5275,0,0,0.12398104265402844,True
2,6,19,0.0,0.0,2.5,wave,5179,0,0,0.12763081675999227,True
2,6,20,0.0,0.0,2.5,wave,5098,0,0,0.13103177716751668,True
2,6,21,0.0,0.0,2.5,wave,5016,0,0,0.13496810207336524,True
2,6,22,0.0,0.0,2.5,wave,4930,0,0,0.1359026369168357,True
2,6,23,0.0,0.0,2.5,wave,4851,0,0,0.13997113997113997,True
2,6,24,0.0,0.0,2.5,wave,4640,0,0,0.1415948275862069,True
2,6,25,0.0,0.0,2.5,wave,4492,0,0,0.1460373998219056,True
2,6,26,0.0,0.0,2.5,wave,4392,0,0,0.15050091074681238,True
2,6,27,0.0,0.0,2.5,wave,4318,0,0,0.15493283927744325,True
2,6,28,0.0,0.0,2.5,wave,4203,0,0,0.15655484177968118,True
2,6,29,0.0,0.0,2.5,wave,4086,0,0,0.1595692608908468,True
2,6,30,0.0,0.0,2.5,wave,3994,0,0,0.16149223835753632,True
2,6,31,0.0,0.0,2.5,wave,3923,0,0,0.1651797094060668,True
2,6,32,0.0,0.0,2.5,wave,3823,0,0,0.16793094428459326,True
2,6,33,0.0,0.0,2.5,wave,3741,0,0,0.17161186848436247,True
2,6,34,0.0,0.0,2.5,wave,3646,0,0,0.1755348326933626,True
2,6,35,0.0,0.0,2.5,wave,3561,0,0,0.18000561639988769,True
2,6,36,0.0,0.0,2.5,wave,3501,0,0,0.18337617823479005,True
2,6,37,0.0,0.0,2.5,wave,3450,0,0,0.18579710144927536,True
2,6,38,0.0,0.0,2.5,wave,3411,0,0,0.18909410729991205,True
2,6,39,0.0,0.0,2.5,wave,3370,0,0,0.1913946587537092,True
2,6,40,0.0,0.0,2.5,wave,3322,0,0,0.19295605057194462,True
2,6,41,0.0,0.0,2.5,wave,3295,0,0,0.19666160849772382,True
2,6,42,0.0,0.0,2.5,wave,3259,0,0,0.19914084074869592,True
2,6,43,0.0,0.0,2.5,wave,3690,0,0,0.26043360433604335,True
2,6,44,0.0,0.0,2.5,wave,3479,0,0,0.23857430296062088,True
2,6,45,0.0,0.0,2.5,wave,3401,0,0,0.23081446633343133,True
2,6,46,0.0,0.0,2.5,wave,3333,0,0,0.22622262226222623,True
2,6,47,0.0,0.0,2.5,wave,3325,0,0,0.2294736842105263,True
2,6,48,0.0,0.0,2.5,wave,3300,0,0,0.23333333333333334,True
2,6,49,0.0,0.0,2.5,wave,3282,0,0,0.23705057891529555,True
2,6,50,0.0,0.0,2.5,wave,3270,0,0,0.24128440366972478,True
2,6,51,0.0,0.0,2.5,wave,3250,0,0,0.2443076923076923,True
2,6,52,0.0,0.0,2.5,wave,3217,0,0,0.24619210444513523,True
2,7,1,0.0,0.0,2.5,wave,3202,0,0,0.24828232354778262,True
2,7,2,0.0,0.0,2.5,wave,3163,0,0,0.24881441669301296,True
2,7,3,0.0,0.0,2.5,wave,3137,0,0,0.2496015301243226,True
2,7,4,0.0,0.0,2.5,wave,3094,0,0,0.2530704589528119,True
2,7,5,0.0,0.0,2.5,wave,3068,0,0,0.2545632333767927,True
2,7,6,0.0,0.0,2.5,wave,3034,0,0,0.2564271588661833,True
2,7,7,0.0,0.0,2.5,wave,3002,0,0,0.25782811459027316,True
2,7,8,0.0,0.0,2.5,wave,2970,0,0,0.26161616161616164,True
2,7,9,0.0,0.0,2.5,wave,2935,0,0,0.2616695059625213,True
2,7,10,0.0,0.0,2.5,wave,2892,0,0,0.2641770401106501,True
2,7,11,0.0,0.0,2.5,wave,2863,0,0,0.2623122598672721,True
2,7,12,0.0,0.0,2.5,wave,2831,0,0,0.26492405510420347,True
2,7,13,0.0,0.0,2.5,wave,2799,0,0,0.2647374062165059,True
2,7,14,0.0,0.0,2.5,wave,2765,0,0,0.2687160940325497,True
2,7,15,0.0,0.0,2.5,wave,2736,0,0,0.2719298245614035,True
2,7,16,0.0,0.0,2.5,wave,2704,0,0,0.2729289940828402,True
2,7,17,0.0,0.0,2.5,wave,2676,0,0,0.27466367713004486,True
2,7,18,0.0,0.0,2.5,wave,5840,0,0,0.12636986301369862,True
2,7,19,0.0,0.0,2.5,wave,5760,0,0,0.13072916666666667,True
2,7,20,0.0,0.0,2.5,wave,5663,0,0,0.13279180646300548,True
2,7,21,0.0,0.0,2.5,wave,5517,0,0,0.1361247054558637,True
2,7,22,0.0,0.0,2.5,wave,5358,0,0,0.13848450914520344,True
2,7,23,0.0,0.0,2.5,wave,5200,0,0,0.14326923076923076,True
2,7,24,0.0,0.0,2.5,wave,5062,0,0,0.14618727775582774,True
2,7,25,0.0,0.0,2.5,wave,4925,0,0,0.14883248730964466,True
2,7,26,0.0,0.0,2.5,wave,4777,0,0,0.15344358383922965,True
2,7,27,0.0,0.0,2.5,wave,4695,0,0,0.156975505857295,True
2,7,28,0.0,0.0,2.5,wave,4599,0,0,0.16112198303979125,True
2,7,29,0.0,0.0,2.5,wave,4518,0,0,0.16555998229305002,True
2,7,30,0.0,0.0,2.5,wave,4397,0,0,0.16761428246531726,True
2,7,31,0.0,0.0,2.5,wave,4297,0,0,0.1703514079590412,True
2,7,32,0.0,0.0,2.5,wave,4213,0,0,0.17374792309518158,True
2,7,33,0.0,0.0,2.5,wave,4153,0,0,0.17553575728389118,True
2,7,34,0.0,0.0,2.5,wave,4068,0,0,0.17895771878072764,True
2,7,35,0.0,0.0,2.5,wave,3982,0,0,0.18357609241587142,True
2,7,36,0.0,0.0,2.5,wave,3907,0,0,0.18633222421295112,True
2,7,37,0.0,0.0,2.5,wave,3833,0,0,0.1894077745890947,True
2,7,38,0.0,0.0,2.5,wave,3776,0,0,0.1917372881355932,True
2,7,39,0.0,0.0,2.5,wave,3728,0,0,0.19501072961373392,True
2,7,40,0.0,0.0,2.5,wave,3682,0,0,0.1990765888104291,True
2,7,41,0.0,0.0,2.5,wave,3646,0,0,0.20076796489303347,True
2,7,42,0.0,0.0,2.5,wave,3584,0,0,0.20284598214285715,True
2,7,43,0.0,0.0,2.5,wave,3936,0,0,0.2538109756097561,True
2,7,44,0.0,0.0,2.5,wave,3721,0,0,0.23273313625369524,True
2,7,45,0.0,0.0,2.5,wave,3627,0,0,0.2288392610973256,True
2,7,46,0.0,0.0,2.5,wave,3553,0,0,0.22938361947649874,True
2,7,47,0.0,0.0,2.5,wave,3514,0,0,0.23164484917472966,True
2,7,48,0.0,0.0,2.5,wave,3480,0,0,0.23103448275862068,True
2,7,49,0.0,0.0,2.5,wave,3449,0,0,0.2336909249057698,True
2,7,50,0.0,0.0,2.5,wave,3420,0,0,0.23421052631578948,True
2,7,51,0.0,0.0,2.5,wave,3397,0,0,0.23697380041212834,True
2,7,52,0.0,0.0,2.5,wave,3361,0,0,0.23891698899137162,True
2,8,1,0.0,0.0,2.5,wave,3333,0,0,0.24152415241524153,True
2,8,2,0.0,0.0,2.5,wave,3300,0,0,0.24575757575757576,True
2,8,3,0.0,0.0,2.5,wave,3275,0,0,0.24732824427480915,True
2,8,4,0.0,0.0,2.5,wave,3221,0,0,0.2502328469419435,True
2,8,5,0.0,0.0,2.5,wave,3191,0,0,0.2535255405828894,True
2,8,6,0.0,0.0,2.5,wave,3142,0,0,0.256524506683641,True
2,8,7,0.0,0.0,2.5,wave,3117,0,0,0.2576195059351941,True
2,8,8,0.0,0.0,2.5,wave,3082,0,0,0.2602206359506814,True
2,8,9,0.0,0.0,2.5,wave,3048,0,0,0.26148293963254593,True
2,8,10,0.0,0.0,2.5,wave,3012,0,0,0.26228419654714474,True
2,8,11,0.0,0.0,2.5,wave,2980,0,0,0.2674496644295302,True
2,8,12,0.0,0.0,2.5,wave,2945,0,0,0.26926994906621393,True
2,8,13,0.0,0.0,2.5,wave,2922,0,0,0.2731006160164271,True
2,8,14,0.0,0.0,2.5,wave,2886,0,0,0.2733887733887734,True
2,8,15,0.0,0.0,2.5,wave,2872,0,0,0.27715877437325903,True
2,8,16,0.0,0.0,2.5,wave,2828,0,0,0.2804101838755304,True
2,8,17,0.0,0.0,2.5,wave,2802,0,0,0.2826552462526767,True
2,8,18,0.0,0.0,2.5,wave,6103,0,0,0.12960838931672947,True
2,8,19,0.0,0.0,2.5,wave,6026,0,0,0.13325589113840028,True
2,8,20,0.0,0.0,2.5,wave,5886,0,0,0.1362555215766225,True
2,8,21,0.0,0.0,2.5,wave,5798,0,0,0.13901345291479822,True
2,8,22,0.0,0.0,2.5,wave,5681,0,0,0.1408202781200493,True
2,8,23,0.0,0.0,2.5,wave,5561,0,0,0.1440388419349038,True
2,8,24,0.0,0.0,2.5,wave,5438,0,0,0.14656123574843694,True
2,8,25,0.0,0.0,2.5,wave,5338,0,0,0.14986886474334957,True
2,8,26,0.0,0.0,2.5,wave,5230,0,0,0.15372848948374762,True
2,8,27,0.0,0.0,2.5,wave,5141,0,0,0.1573623808597549,True
2,8,28,0.0,0.0,2.5,wave,5005,0,0,0.16003996003996004,True
2,8,29,0.0,0.0,2.5,wave,4897,0,0,0.16377373902389217,True
2,8,30,0.0,0.0,2.5,wave,4791,0,0,0.16656230432060112,True
2,8,31,0.0,0.0,2.5,wave,4710,0,0,0.17048832271762207,True
2,8,32,0.0,0.0,2.5,wave,4616,0,0,0.1722270363951473,True
2,8,33,0.0,0.0,2.5,wave,4537,0,0,0.17522592021159356,True
2,8,34,0.0,0.0,2.5,wave,4442,0,0,0.17852318775326428,True
2,8,35,0.0,0.0,2.5,wave,4373,0,0,0.18202606906014177,True
2,8,36,0.0,0.0,2.5,wave,4279,0,0,0.1862584716055153,True
2,8,37,0.0,0.0,2.5,wave,4212,0,0,0.18945868945868946,True
2,8,38,0.0,0.0,2.5,wave,4156,0,0,0.19104908565928777,True
2,8,39,0.0,0.0,2.5,wave,4092,0,0,0.19330400782013685,True
2,8,40,0.0,0.0,2.5,wave,4029,0,0,0.19583023082650783,True
2,8,41,0.0,0.0,2.5,wave,3994,0,0,0.19929894842263396,True
2,8,42,0.0,0.0,2.5,wave,3932,0,0,0.20218718209562564,True
2,8,43,0.0,0.0,2.5,wave,4360,0,0,0.2571100917431193,True
2,8,44,0.0,0.0,2.5,wave,4121,0,0,0.23537976219364232,True
2,8,45,0.0,0.0,2.5,wave,4040,0,0,0.23143564356435645,True
2,8,46,0.0,0.0,2.5,wave,3975,0,0,0.23069182389937107,True
2,8,47,0.0,0.0,2.5,wave,3975,0,0,0.23446540880503144,True
2,8,48,0.0,0.0,2.5,wave,3925,0,0,0.23694267515923567,True
2,8,49,0.0,0.0,2.5,wave,3896,0,0,0.23921971252566734,True
2,8,50,0.0,0.0,2.5,wave,3845,0,0,0.2423927178153446,True
2,8,51,0.0,0.0,2.5,wave,3811,0,0,0.2440304382051955,True
2,8,52,0.0,0.0,2.5,wave,3776,0,0,0.24523305084745764,True
2,9,1,0.0,0.0,2.5,wave,3745,0,0,0.24779706275033378,True
2,9,2,0.0,0.0,2.5,wave,3697,0,0,0.2493913984311604,True
2,9,3,0.0,0.0,2.5,wave,3650,0,0,0.25287671232876713,True
2,9,4,0.0,0.0,2.5,wave,3607,0,0,0.2553368450235653,True
2,9,5,0.0,0.0,2.5,wave,3560,0,0,0.25842696629213485,True
2,9,6,0.0,0.0,2.5,wave,3514,0,0,0.26010244735344334,True
2,9,7,0.0,0.0,2.5,wave,3447,0,0,0.26399767914128225,True
2,9,8,0.0,0.0,2.5,wave,3421,0,0,0.26629640456007014,True
2,9,9,0.0,0.0,2.5,wave,3379,0,0,0.2678307191476768,True
2,9,10,0.0,0.0,2.5,wave,3341,0,0,0.26967973660580663,True
2,9,11,0.0,0.0,2.5,wave,3301,0,0,0.27112996061799455,True
2,9,12,0.0,0.0,2.5,wave,3283,0,0,0.2735303076454462,True
2,9,13,0.0,0.0,2.5,wave,3244,0,0,0.2749691738594328,True
2,9,14,0.0,0.0,2.5,wave,3218,0,0,0.2762585456805469,True
2,9,15,0.0,0.0,2.5,wave,3179,0,0,0.2790185592953759,True
2,9,16,0.0,0.0,2.5,wave,3153,0,0,0.2813193783698065,True
2,9,17,0.0,0.0,2.5,wave,3114,0,0,0.2845215157353886,True
2,9,18,0.0,0.0,2.5,wave,6599,0,0,0.12426125170480376,True
2,9,19,0.0,0.0,2.5,wave,6518,0,0,0.12672598956735195,True
2,9,20,0.0,0.0,2.5,wave,6415,0,0,0.12922837100545595,True
2,9,21,0.0,0.0,2.5,wave,6276,0,0,0.13097514340344169,True
2,9,22,0.0,0.0,2.5,wave,6161,0,0,0.13423145593247848,True
2,9,23,0.0,0.0,2.5,wave,6031,0,0,0.13762228486154868,True
2,9,24,0.0,0.0,2.5,wave,5915,0,0,0.14116652578191038,True
2,9,25,0.0,0.0,2.5,wave,5792,0,0,0.14381906077348067,True
2,9,26,0.0,0.0,2.5,wave,5701,0,0,0.1466409401859323,True
2,9,27,0.0,0.0,2.5,wave,5613,0,0,0.15018706574024585,True
2,9,28,0.0,0.0,2.5,wave,5509,0,0,0.15356689054274822,True
2,9,29,0.0,0.0,2.5,wave,5381,0,0,0.15629065229511244,True
2,9,30,0.0,0.0,2.5,wave,5280,0,0,0.15890151515151515,True
2,9,31,0.0,0.0,2.5,wave,5169,0,0,0.16231379377055524,True
2,9,32,0.0,0.0,2.5,wave,5081,0,0,0.1647313520960441,True
2,9,33,0.0,0.0,2.5,wave,5010,0,0,0.16766467065868262,True
2,9,34,0.0,0.0,2.5,wave,4907,0,0,0.17057265131444874,True
2,9,35,0.0,0.0,2.5,wave,4774,0,0,0.1744868035190616,True
2,9,36,0.0,0.0,2.5,wave,4691,0,0,0.1784267746749094,True
2,9,37,0.0,0.0,2.5,wave,4615,0,0,0.17963163596966414,True
2,9,38,0.0,0.0,2.5,wave,4559,0,0,0.1844702785698618,True
2,9,39,0.0,0.0,2.5,wave,4498,0,0,0.18852823477100933,True
2,9,40,0.0,0.0,2.5,wave,4450,0,0,0.19213483146067414,True
2,9,41,0.0,0.0,2.5,wave,4383,0,0,0.19621263974446726,True
2,9,42,0.0,0.0,2.5,wave,4332,0,0,0.19736842105263158,True
2,9,43,0.0,0.0,2.5,wave,4751,0,0,0.24857924647442645,True
2,9,44,0.0,0.0,2.5,wave,4511,0,0,0.2329860341387719,True
2,9,45,0.0,0.0,2.5,wave,4361,0,0,0.22517771153405183,True
2,9,46,0.0,0.0,2.5,wave,4279,0,0,0.2241177845290956,True
2,9,47,0.0,0.0,2.5,wave,4229,0,0,0.2241664696145661,True
2,9,48,0.0,0.0,2.5,wave,4174,0,0,0.2242453282223287,True
2,9,49,0.0,0.0,2.5,wave,4119,0,0,0.22772517601359554,True
2,9,50,0.0,0.0,2.5,wave,4076,0,0,0.22865554465161925,True
2,9,51,0.0,0.0,2.5,wave,4029,0,0,0.2315711094564408,True
2,9,52,0.0,0.0,2.5,wave,3998,0,0,0.23411705852926462,True
2,10,1,0.0,0.0,2.5,wave,3946,0,0,0.23745565129244806,True
2,10,2,0.0,0.0,2.5,wave,3892,0,0,0.23843782117163412,True
2,10,3,0.0,0.0,2.5,wave,3842,0,0,0.2404997397188964,True
2,10,4,0.0,0.0,2.5,wave,3800,0,0,0.24263157894736842,True
2,10,5,0.0,0.0,2.5,wave,3738,0,0,0.2463884430176565,True
2,10,6,0.0,0.0,2.5,wave,3708,0,0,0.24865156418554477,True
2,10,7,0.0,0.0,2.5,wave,3655,0,0,0.2506155950752394,True
2,10,8,0.0,0.0,2.5,wave,3622,0,0,0.25400331308669244,True
2,10,9,0.0,0.0,2.5,wave,3575,0,0,0.2542657342657343,True
2,10,10,0.0,0.0,2.5,wave,3552,0,0,0.2564752252252252,True
2,10,11,0.0,0.0,2.5,wave,3509,0,0,0.2610430322029068,True
2,10,12,0.0,0.0,2.5,wave,3461,0,0,0.2632187229124531,True
2,10,13,0.0,0.0,2.5,wave,3430,0,0,0.2641399416909621,True
2,10,14,0.0,0.0,2.5,wave,3398,0,0,0.2672160094173043,True
2,10,15,0.0,0.0,2.5,wave,3359,0,0,0.27002083953557604,True
2,10,16,0.0,0.0,2.5,wave,3330,0,0,0.2744744744744745,True
2,10,17,0.0,0.0,2.5,wave,3294,0,0,0.27625986642380085,True
2,10,18,0.0,0.0,2.5,wave,7095,0,0,0.12389006342494714,True
2,10,19,0.0,0.0,2.5,wave,6977,0,0,0.12684534900386985,True
2,10,20,0.0,0.0,2.5,wave,6851,0,0,0.13005400671434827,True
2,10,21,0.0,0.0,2.5,wave,6686,0,0,0.13401136703559677,True
2,10,22,0.0,0.0,2.5,wave,6552,0,0,0.13782051282051283,True
2,10,23,0.0,0.0,2.5,wave,6395,0,0,0.14057857701329163,True
2,10,24,0.0,0.0,2.5,wave,6294,0,0,0.14410549729901492,True
2,10,25,0.0,0.0,2.5,wave,6154,0,0,0.1473838154046149,True
2,10,26,0.0,0.0,2.5,wave,6015,0,0,0.15062344139650874,True
2,10,27,0.0,0.0,2.5,wave,5879,0,0,0.15376764755910868,True
2,10,28,0.0,0.0,2.5,wave,5741,0,0,0.1571154851071242,True
2,10,29,0.0,0.0,2.5,wave,5617,0,0,0.1611180345380096,True
2,10,30,0.0,0.0,2.5,wave,5502,0,0,0.163395129043984,True
2,10,31,0.0,0.0,2.5,wave,5382,0,0,0.1670382757339279,True
2,10,32,0.0,0.0,2.5,wave,5309,0,0,0.17046524769259747,True
2,10,33,0.0,0.0,2.5,wave,5203,0,0,0.17413030943686336,True
2,10,34,0.0,0.0,2.5,wave,5103,0,0,0.1773466588281403,True
2,10,35,0.0,0.0,2.5,wave,5018,0,0,0.1801514547628537,True
2,10,36,0.0,0.0,2.5,wave,4932,0,0,0.18309002433090024,True
2,10,37,0.0,0.0,2.5,wave,4836,0,0,0.1869313482216708,True
2,10,38,0.0,0.0,2.5,wave,4786,0,0,0.18951107396573338,True
2,10,39,0.0,0.0,2.5,wave,4723,0,0,0.19140376879102267,True
2,10,40,0.0,0.0,2.5,wave,4663,0,0,0.19408106369290157,True
2,10,41,0.0,0.0,2.5,wave,4601,0,0,0.19647902629863073,True
2,10,42,0.0,0.0,2.5,wave,4561,0,0,0.197325147993861,True
2,10,43,0.0,0.0,2.5,wave,5022,0,0,0.24492234169653523,True
2,10,44,0.0,0.0,2.5,wave,4811,0,0,0.23196840573685304,True
2,10,45,0.0,0.0,2.5,wave,4662,0,0,0.22415272415272416,True
2,10,46,0.0,0.0,2.5,wave,4568,0,0,0.22132224168126094,True
2,10,47,0.0,0.0,2.5,wave,4497,0,0,0.22392706248610184,True
2,10,48,0.0,0.0,2.5,wave,4451,0,0,0.22579195686362616,True
2,10,49,0.0,0.0,2.5,wave,4392,0,0,0.22814207650273224,True
2,10,50,0.0,0.0,2.5,wave,4358,0,0,0.2296925195043598,True
2,10,51,0.0,0.0,2.5,wave,4294,0,0,0.23055426176059618,True
2,10,52,0.0,0.0,2.5,wave,4253,0,0,0.23277686339054784,True
2,11,1,0.0,0.0,2.5,wave,4190,0,0,0.23579952267303103,True
2,11,2,0.0,0.0,2.5,wave,4150,0,0,0.23903614457831326,True
2,11,3,0.0,0.0,2.5,wave,4086,0,0,0.2425354870288791,True
2,11,4,0.0,0.0,2.5,wave,4049,0,0,0.2445048160039516,True
2,11,5,0.0,0.0,2.5,wave,3999,0,0,0.24806201550387597,True
2,11,6,0.0,0.0,2.5,wave,3962,0,0,0.25012619888944976,True
2,11,7,0.0,0.0,2.5,wave,3919,0,0,0.2536361316662414,True
2,11,8,0.0,0.0,2.5,wave,3878,0,0,0.25477050025786485,True
2,11,9,0.0,0.0,2.5,wave,3822,0,0,0.25745682888540034,True
2,11,10,0.0,0.0,2.5,wave,3783,0,0,0.26090404440919907,True
2,11,11,0.0,0.0,2.5,wave,3736,0,0,0.262847965738758,True
2,11,12,0.0,0.0,2.5,wave,3711,0,0,0.26461870115871733,True
2,11,13,0.0,0.0,2.5,wave,3664,0,0,0.2680131004366812,True
2,11,14,0.0,0.0,2.5,wave,3633,0,0,0.2697495183044316,True
2,11,15,0.0,0.0,2.5,wave,3586,0,0,0.27356385945343,True
2,11,16,0.0,0.0,2.5,wave,3548,0,0,0.2762119503945885,True
2,11,17,0.0,0.0,2.5,wave,3504,0,0,0.2768264840182648,True
2,11,18,0.0,0.0,2.5,wave,7652,0,0,0.11866178776790381,True
2,11,19,0.0,0.0,2.5,wave,7516,0,0,0.12227248536455561,True
2,11,20,0.0,0.0,2.5,wave,7395,0,0,0.12494929006085193,True
2,11,21,0.0,0.0,2.5,wave,7227,0,0,0.1277155112771551,True
2,11,22,0.0,0.0,2.5,wave,7052,0,0,0.13145207033465683,True
2,11,23,0.0,0.0,2.5,wave,6876,0,0,0.13452588714368818,True
2,11,24,0.0,0.0,2.5,wave,6764,0,0,0.13660555884092254,True
2,11,25,0.0,0.0,2.5,wave,6624,0,0,0.13994565217391305,True
2,11,26,0.0,0.0,2.5,wave,6500,0,0,0.1416923076923077,True
2,11,27,0.0,0.0,2.5,wave,6335,0,0,0.14538279400157852,True
2,11,28,0.0,0.0,2.5,wave,6231,0,0,0.1478093403948002,True
2,11,29,0.0,0.0,2.5,wave,6107,0,0,0.15113803831668576,True
2,11,30,0.0,0.0,2.5,wave,5979,0,0,0.1537046328817528,True
2,11,31,0.0,0.0,2.5,wave,5780,0,0,0.15795847750865052,True
2,11,32,0.0,0.0,2.5,wave,5677,0,0,0.1608243790734543,True
2,11,33,0.0,0.0,2.5,wave,5528,0,0,0.1644356005788712,True
2,11,34,0.0,0.0,2.5,wave,5414,0,0,0.1675286294791282,True
2,11,35,0.0,0.0,2.5,wave,5300,0,0,0.16867924528301886,True
2,11,36,0.0,0.0,2.5,wave,5225,0,0,0.1707177033492823,True
2,11,37,0.0,0.0,2.5,wave,5129,0,0,0.17332813413920842,True
2,11,38,0.0,0.0,2.5,wave,5074,0,0,0.1738273551438707,True
2,11,39,0.0,0.0,2.5,wave,5004,0,0,0.1772581934452438,True
2,11,40,0.0,0.0,2.5,wave,4948,0,0,0.1808811641067098,True
2,11,41,0.0,0.0,2.5,wave,4884,0,0,0.18304668304668303,True
2,11,42,0.0,0.0,2.5,wave,4846,0,0,0.18716467189434585,True
2,11,43,0.0,0.0,2.5,wave,5329,0,0,0.2392568962281854,True
2,11,44,0.0,0.0,2.5,wave,5083,0,0,0.22408026755852842,True
2,11,45,0.0,0.0,2.5,wave,4941,0,0,0.21837684679214733,True
2,11,46,0.0,0.0,2.5,wave,4800,0,0,0.21291666666666667,True
2,11,47,0.0,0.0,2.5,wave,4738,0,0,0.2154917686787674,True
2,11,48,0.0,0.0,2.5,wave,4685,0,0,0.2175026680896478,True
2,11,49,0.0,0.0,2.5,wave,4628,0,0,0.219533275713051,True
2,11,50,0.0,0.0,2.5,wave,4563,0,0,0.22134560596099057,True
2,11,51,0.0,0.0,2.5,wave,4517,0,0,0.2235997343369493,True
2,11,52,0.0,0.0,2.5,wave,4469,0,0,0.22667263369881405,True
3,1,1,0.0,0.0,2.5,wave,2757,0,0,0.001088139281828074,True
3,1,2,0.0,0.0,2.5,wave,2713,0,0,0.0044231478068558795,True
3,1,3,0.0,0.0,2.5,wave,2648,0,0,0.0056646525679758305,True
3,1,4,0.0,0.0,2.5,wave,2625,0,0,0.008380952380952381,True
3,1,5,0.0,0.0,2.5,wave,2575,0,0,0.01087378640776699,True
3,1,6,0.0,0.0,2.5,wave,2538,0,0,0.015760441292356184,True
3,1,7,0.0,0.0,2.5,wave,2500,0,0,0.0176,True
3,1,8,0.0,0.0,2.5,wave,2443,0,0,0.020875972165370446,True
3,1,9,0.0,0.0,2.5,wave,2414,0,0,0.0231980115990058,True
3,1,10,0.0,0.0,2.5,wave,2376,0,0,0.024831649831649833,True
3,1,11,0.0,0.0,2.5,wave,2329,0,0,0.027050236152855303,True
3,1,12,0.0,0.0,2.5,wave,2290,0,0,0.028820960698689956,True
3,1,13,0.0,0.0,2.5,wave,2271,0,0,0.030823425803610745,True
3,1,14,0.0,0.0,2.5,wave,2228,0,0,0.03321364452423698,True
3,1,15,0.0,0.0,2.5,wave,2176,0,0,0.035845588235294115,True
3,1,16,0.0,0.0,2.5,wave,2130,0,0,0.036619718309859155,True
3,1,17,0.0,0.0,2.5,wave,2101,0,0,0.039504997620180865,True
3,1,18,0.0,0.0,2.5,wave,6000,0,0,0.014166666666666666,True
3,1,19,0.0,0.0,2.5,wave,5859,0,0,0.016897081413210446,True
3,1,20,0.0,0.0,2.5,wave,5733,0,0,0.017791732077446363,True
3,1,21,0.0,0.0,2.5,wave,5593,0,0,0.01966744144466297,True
3,1,22,0.0,0.0,2.5,wave,5446,0,0,0.021667278736687477,True
3,1,23,0.0,0.0,2.5,wave,5305,0,0,0.023374175306314797,True
3,1,24,0.0,0.0,2.5,wave,5091,0,0,0.02691023374582597,True
3,1,25,0.0,0.0,2.5,wave,4995,0,0,0.027827827827827827,True
3,1,26,0.0,0.0,2.5,wave,4845,0,0,0.031166150670794635,True
3,1,27,0.0,0.0,2.5,wave,4718,0,0,0.03412462908011869,True
3,1,28,0.0,0.0,2.5,wave,4603,0,0,0.036063436888985445,True
3,1,29,0.0,0.0,2.5,wave,4481,0,0,0.03838428922115599,True
3,1,30,0.0,0.0,2.5,wave,4378,0,0,0.039972590223846506,True
3,1,31,0.0,0.0,2.5,wave,4300,0,0,0.042093023255813954,True
3,1,32,0.0,0.0,2.5,wave,4243,0,0,0.04666509545133161,True
3,1,33,0.0,0.0,2.5,wave,4130,0,0,0.04721549636803874,True
3,1,34,0.0,0.0,2.5,wave,4064,0,0,0.04945866141732284,True
3,1,35,0.0,0.0,2.5,wave,4002,0,0,0.05022488755622189,True
3,1,36,0.0,0.0,2.5,wave,3933,0,0,0.05339435545385202,True
3,1,37,0.0,0.0,2.5,wave,3840,0,0,0.05572916666666667,True
3,1,38,0.0,0.0,2.5,wave,3795,0,0,0.05849802371541502,True
3,1,39,0.0,0.0,2.5,wave,3737,0,0,0.06047631790206048,True
3,1,40,0.0,0.0,2.5,wave,3682,0,0,0.06110809342748506,True
3,1,41,0.0,0.0,2.5,wave,3614,0,0,0.06336469286109574,True
3,1,42,0.0,0.0,2.5,wave,3564,0,0,0.06677890011223345,True
3,1,43,0.0,0.0,2.5,wave,3598,0,0,0.10700389105058365,True
3,1,44,0.0,0.0,2.5,wave,3438,0,0,0.10209424083769633,True
3,1,45,0.0,0.0,2.5,wave,3355,0,0,0.09985096870342772,True
3,1,46,0.0,0.0,2.5,wave,3320,0,0,0.10210843373493976,True
3,1,47,0.0,0.0,2.5,wave,3313,0,0,0.1020223362511319,True
3,1,48,0.0,0.0,2.5,wave,3254,0,0,0.10172095881991396,True
3,1,49,0.0,0.0,2.5,wave,3211,0,0,0.10464029897228277,True
3,1,50,0.0,0.0,2.5,wave,3181,0,0,0.1040553285130462,True
3,1,51,0.0,0.0,2.5,wave,3116,0,0,0.10654685494223363,True
3,1,52,0.0,0.0,2.5,wave,3102,0,0,0.11089619600257898,True
3,2,1,0.0,0.0,2.5,wave,3057,25,2,0.11154726856395158,False
3,2,2,0.0,0.0,2.5,wave,3020,30,12,0.1152317880794702,False
3,2,3,0.0,0.0,2.5,wave,2978,38,16,0.11752854264607118,False
3,2,4,0.0,0.0,2.5,wave,2943,34,10,0.12096500169894665,False
3,2,5,0.0,0.0,2.5,wave,2894,30,7,0.12093987560469938,False
3,2,6,0.0,0.0,2.5,wave,2858,40,14,0.12176347095871239,False
3,2,7,0.0,0.0,2.5,wave,2814,56,17,0.12473347547974413,False
3,2,8,0.0,0.0,2.5,wave,2757,59,15,0.12658686978599928,False
3,2,9,0.0,0.0,2.5,wave,2710,69,18,0.13025830258302584,False
3,2,10,0.0,0.0,2.5,wave,2677,82,23,0.13298468434815092,False
3,2,11,0.0,0.0,2.5,wave,2632,80,26,0.13753799392097266,False
3,2,12,0.0,0.0,2.5,wave,2584,82,27,0.14086687306501547,False
3,2,13,0.0,0.0,2.5,wave,2544,86,31,0.14465408805031446,False
3,2,14,0.0,0.0,2.5,wave,2502,86,38,0.14468425259792167,False
3,2,15,0.0,0.0,2.5,wave,2459,82,37,0.14680764538430255,False
3,2,16,0.0,0.0,2.5,wave,2413,74,28,0.15084956485702444,False
3,2,17,0.0,0.0,2.5,wave,2367,72,26,0.15335868187579213,False
3,2,18,0.0,0.0,2.5,wave,4496,69,23,0.08185053380782918,False
3,2,19,0.0,0.0,2.5,wave,4372,86,20,0.0853156450137237,False
3,2,20,0.0,0.0,2.5,wave,4264,103,34,0.08818011257035648,False
3,2,21,0.0,0.0,2.5,wave,4184,125,41,0.09273422562141491,False
3,2,22,0.0,0.0,2.5,wave,4075,135,35,0.09717791411042945,False
3,2,23,0.0,0.0,2.5,wave,3977,141,40,0.09856675886346493,False
3,2,24,0.0,0.0,2.5,wave,3879,137,58,0.1002835782418149,False
3,2,25,0.0,0.0,2.5,wave,3787,128,50,0.10483232109849486,False
3,2,26,0.0,0.0,2.5,wave,3682,104,40,0.10755024443237371,False
3,2,27,0.0,0.0,2.5,wave,3623,105,44,0.1095776980402981,False
3,2,28,0.0,0.0,2.5,wave,3501,104,34,0.11368180519851472,False
3,2,29,0.0,0.0,2.5,wave,3412,107,33,0.11576787807737397,False
3,2,30,0.0,0.0,2.5,wave,3308,104,40,0.11880290205562273,False
3,2,31,0.0,0.0,2.5,wave,3233,101,47,0.12248685431487782,False
3,2,32,0.0,0.0,2.5,wave,3111,88,30,0.12761170041787206,False
3,2,33,0.0,0.0,2.5,wave,3042,83,22,0.13050624589086127,False
3,2,34,0.0,0.0,2.5,wave,2972,86,27,0.1325706594885599,False
3,2,35,0.0,0.0,2.5,wave,2902,97,40,0.1357684355616816,False
3,2,36,0.0,0.0,2.5,wave,2800,104,44,0.14285714285714285,False
3,2,37,0.0,0.0,2.5,wave,2686,85,28,0.14631422189128815,False
3,2,38,0.0,0.0,2.5,wave,2609,74,32,0.149099271751629,False
3,2,39,0.0,0.0,2.5,wave,2569,75,34,0.15103152977812379,False
3,2,40,0.0,0.0,2.5,wave,2518,66,24,0.15409054805401112,False
3,2,41,0.0,0.0,2.5,wave,2482,66,28,0.1571313456889605,False
3,2,42,0.0,0.0,2.5,wave,2446,70,28,0.1635322976287817,False
3,2,43,0.0,0.0,2.5,wave,2548,57,18,0.21703296703296704,False
3,2,44,0.0,0.0,2.5,wave,2386,46,14,0.20243084660519697,False
3,2,45,0.0,0.0,2.5,wave,2374,44,21,0.2017691659646167,False
3,2,46,0.0,0.0,2.5,wave,2344,44,22,0.20179180887372014,False
3,2,47,0.0,0.0,2.5,wave,2324,35,15,0.20395869191049915,False
3,2,48,0.0,0.0,2.5,wave,2310,31,10,0.20735930735930735,False
3,2,49,0.0,0.0,2.5,wave,2287,30,8,0.21119370354175776,False
3,2,50,0.0,0.0,2.5,wave,2279,33,9,0.2198332602018429,False
3,2,51,0.0,0.0,2.5,wave,2244,30,11,0.2192513368983957,False
3,2,52,0.0,0.0,2.5,wave,2220,32,14,0.22207207207207208,False
3,3,1,0.0,0.0,2.5,wave,2177,30,13,0.223242994947175,False
3,3,2,0.0,0.0,2.5,wave,2155,27,13,0.22366589327146172,False
3,3,3,0.0,0.0,2.5,wave,2126,26,8,0.22436500470366885,False
3,3,4,0.0,0.0,2.5,wave,2109,27,13,0.23138928402086298,False
3,3,5,0.0,0.0,2.5,wave,2078,29,16,0.23243503368623677,False
3,3,6,0.0,0.0,2.5,wave,2046,25,8,0.2350928641251222,False
3,3,7,0.0,0.0,2.5,wave,2016,21,9,0.24107142857142858,False
3,3,8,0.0,0.0,2.5,wave,1989,23,12,0.24183006535947713,False
3,3,9,0.0,0.0,2.5,wave,1956,21,8,0.24386503067484663,False
3,3,10,0.0,0.0,2.5,wave,1933,19,10,0.24831867563372995,False
3,3,11,0.0,0.0,2.5,wave,1908,17,10,0.24947589098532494,False
3,3,12,0.0,0.0,2.5,wave,1878,11,5,0.25292864749733757,False
3,3,13,0.0,0.0,2.5,wave,1858,11,7,0.25403659849300325,False
3,3,14,0.0,0.0,2.5,wave,1833,14,5,0.2547735951991271,False
3,3,15,0.0,0.0,2.5,wave,1820,9,4,0.2571428571428571,False
3,3,16,0.0,0.0,2.5,wave,1798,12,5,0.25973303670745274,False
3,3,17,0.0,0.0,2.5,wave,1774,8,3,0.26268320180383314,False
3,3,18,0.0,0.0,2.5,wave,4075,10,3,0.11386503067484663,False
3,3,19,0.0,0.0,2.5,wave,3990,12,4,0.11654135338345864,False
3,3,20,0.0,0.0,2.5,wave,3892,21,7,0.12050359712230216,False
3,3,21,0.0,0.0,2.5,wave,3784,30,5,0.12552854122621565,False
3,3,22,0.0,0.0,2.5,wave,3705,26,8,0.1290148448043185,False
3,3,23,0.0,0.0,2.5,wave,3601,30,12,0.13218550402665927,False
3,3,24,0.0,0.0,2.5,wave,3515,29,10,0.1359886201991465,False
3,3,25,0.0,0.0,2.5,wave,3426,26,13,0.13952130764740223,False
3,3,26,0.0,0.0,2.5,wave,3350,27,12,0.14388059701492537,False
3,3,27,0.0,0.0,2.5,wave,3244,24,8,0.14765721331689272,False
3,3,28,0.0,0.0,2.5,wave,3167,23,10,0.14872118724344807,False
3,3,29,0.0,0.0,2.5,wave,3105,22,12,0.15201288244766506,False
3,3,30,0.0,0.0,2.5,wave,3011,17,12,0.1557622052474261,False
3,3,31,0.0,0.0,2.5,wave,2956,10,7,0.15832205683355885,False
3,3,32,0.0,0.0,2.5,wave,2918,13,3,0.16209732693625772,False
3,3,33,0.0,0.0,2.5,wave,2860,15,1,0.16538461538461538,False
3,3,34,0.0,0.0,2.5,wave,2795,13,5,0.16958855098389983,False
3,3,35,0.0,0.0,2.5,wave,2738,17,6,0.17384952520087654,False
3,3,36,0.0,0.0,2.5,wave,2673,16,6,0.17770295548073325,False
3,3,37,0.0,0.0,2.5,wave,2621,19,8,0.1804654711942007,False
3,3,38,0.0,0.0,2.5,wave,2587,20,8,0.18322381136451488,False
3,3,39,0.0,0.0,2.5,wave,2543,21,8,0.18600078647267007,False
3,3,40,0.0,0.0,2.5,wave,2505,19,6,0.19041916167664671,False
3,3,41,0.0,0.0,2.5,wave,2463,16,7,0.19163621599675193,False
3,3,42,0.0,0.0,2.5,wave,2428,15,6,0.1956342668863262,False
3,3,43,0.0,0.0,2.5,wave,2488,14,6,0.25482315112540194,False
3,3,44,0.0,0.0,2.5,wave,2311,14,7,0.23582864560796193,False
3,3,45,0.0,0.0,2.5,wave,2224,13,4,0.23471223021582735,False
3,3,46,0.0,0.0,2.5,wave,2212,11,5,0.24005424954792043,False
3,3,47,0.0,0.0,2.5,wave,2206,11,7,0.2357207615593835,False
3,3,48,0.0,0.0,2.5,wave,2202,9,3,0.2393278837420527,False
3,3,49,0.0,0.0,2.5,wave,2205,6,1,0.24988662131519274,False
3,3,50,0.0,0.0,2.5,wave,2179,7,3,0.2469022487379532,False
3,3,51,0.0,0.0,2.5,wave,2174,8,2,0.25206991720331184,False
3,3,52,0.0,0.0,2.5,wave,2144,5,0,0.25279850746268656,False
3,4,1,0.0,0.0,2.5,wave,2132,5,1,0.25656660412757976,False
3,4,2,0.0,0.0,2.5,wave,2120,5,4,0.2622641509433962,False
3,4,3,0.0,0.0,2.5,wave,2096,4,3,0.26288167938931295,False
3,4,4,0.0,0.0,2.5,wave,2062,1,1,0.26818622696411254,False
3,4,5,0.0,0.0,2.5,wave,2045,2,1,0.26748166259168704,False
3,4,6,0.0,0.0,2.5,wave,2022,1,0,0.2695351137487636,False
3,4,7,0.0,0.0,2.5,wave,2008,1,1,0.27191235059760954,False
3,4,8,0.0,0.0,2.5,wave,1992,2,1,0.2735943775100402,False
3,4,9,0.0,0.0,2.5,wave,1973,1,0,0.2772427774961987,False
3,4,10,0.0,0.0,2.5,wave,1934,1,0,0.2797311271975181,False
3,4,11,0.0,0.0,2.5,wave,1915,1,0,0.2809399477806789,False
3,4,12,0.0,0.0,2.5,wave,1891,1,0,0.28397673188789,False
3,4,13,0.0,0.0,2.5,wave,1867,1,1,0.28655597214783074,False
3,4,14,0.0,0.0,2.5,wave,1849,1,1,0.2909680908599243,False
3,4,15,0.0,0.0,2.5,wave,1830,0,0,0.2912568306010929,True
3,4,16,0.0,0.0,2.5,wave,1814,0,0,0.2927232635060639,True
3,4,17,0.0,0.0,2.5,wave,1793,0,0,0.294478527607362,True
3,4,18,0.0,0.0,2.5,wave,3965,0,0,0.13190416141235814,True
3,4,19,0.0,0.0,2.5,wave,3900,0,0,0.1335897435897436,True
3,4,20,0.0,0.0,2.5,wave,3852,0,0,0.1378504672897196,True
3,4,21,0.0,0.0,2.5,wave,3771,0,0,0.14081145584725538,True
3,4,22,0.0,0.0,2.5,wave,3692,0,0,0.14463705308775732,True
3,4,23,0.0,0.0,2.5,wave,3621,0,0,0.14664457332228667,True
3,4,24,0.0,0.0,2.5,wave,3561,0,0,0.14743049705139005,True
3,4,25,0.0,0.0,2.5,wave,3484,0,0,0.1515499425947187,True
3,4,26,0.0,0.0,2.5,wave,3423,0,0,0.1527899503359626,True
3,4,27,0.0,0.0,2.5,wave,3370,0,0,0.156973293768546,True
3,4,28,0.0,0.0,2.5,wave,3330,0,0,0.16006006006006007,True
3,4,29,0.0,0.0,2.5,wave,3260,0,0,0.16319018404907976,True
3,4,30,0.0,0.0,2.5,wave,3218,0,0,0.16532007458048478,True
3,4,31,0.0,0.0,2.5,wave,3153,0,0,0.16809387884554391,True
3,4,32,0.0,0.0,2.5,wave,3103,0,0,0.16951337415404447,True
3,4,33,0.0,0.0,2.5,wave,3042,0,0,0.1752136752136752,True
3,4,34,0.0,0.0,2.5,wave,2971,0,0,0.17738135307977113,True
3,4,35,0.0,0.0,2.5,wave,2919,0,0,0.17951353203151765,True
3,4,36,0.0,0.0,2.5,wave,2857,0,0,0.18130906545327266,True
3,4,37,0.0,0.0,2.5,wave,2806,0,0,0.18246614397719174,True
3,4,38,0.0,0.0,2.5,wave,2766,0,0,0.18546637744034708,True
3,4,39,0.0,0.0,2.5,wave,2731,0,0,0.18894177956792385,True
3,4,40,0.0,0.0,2.5,wave,2696,0,0,0.19102373887240356,True
3,4,41,0.0,0.0,2.5,wave,2645,0,0,0.19243856332703213,True
3,4,42,0.0,0.0,2.5,wave,2598,0,0,0.1966897613548884,True
3,4,43,0.0,0.0,2.5,wave,2774,0,0,0.2602739726027397,True
3,4,44,0.0,0.0,2.5,wave,2590,0,0,0.24324324324324326,True
3,4,45,0.0,0.0,2.5,wave,2518,0,0,0.24305003971405878,True
3,4,46,0.0,0.0,2.5,wave,2511,0,0,0.24133811230585425,True
3,4,47,0.0,0.0,2.5,wave,2511,0,0,0.24890481879729193,True
3,4,48,0.0,0.0,2.5,wave,2522,0,0,0.25099127676447264,True
3,4,49,0.0,0.0,2.5,wave,2538,0,0,0.2557131599684791,True
3,4,50,0.0,0.0,2.5,wave,2555,0,0,0.2594911937377691,True
3,4,51,0.0,0.0,2.5,wave,2548,0,0,0.26805337519623235,True
3,4,52,0.0,0.0,2.5,wave,2528,0,0,0.2697784810126582,True
3,5,1,0.0,0.0,2.5,wave,2523,0,0,0.2742766547760602,True
3,5,2,0.0,0.0,2.5,wave,2506,0,0,0.2745411013567438,True
3,5,3,0.0,0.0,2.5,wave,2484,0,0,0.2773752012882448,True
3,5,4,0.0,0.0,2.5,wave,2453,0,0,0.2804728903383612,True
3,5,5,0.0,0.0,2.5,wave,2439,0,0,0.28413284132841327,True
3,5,6,0.0,0.0,2.5,wave,2424,0,0,0.28754125412541254,True
3,5,7,0.0,0.0,2.5,wave,2417,0,0,0.2916839056681837,True
3,5,8,0.0,0.0,2.5,wave,2400,0,0,0.2941666666666667,True
3,5,9,0.0,0.0,2.5,wave,2381,0,0,0.29609407811843763,True
3,5,10,0.0,0.0,2.5,wave,2359,0,0,0.29843153878762185,True
3,5,11,0.0,0.0,2.5,wave,2342,0,0,0.30187873612297184,True
3,5,12,0.0,0.0,2.5,wave,2317,0,0,0.30470435908502375,True
3,5,13,0.0,0.0,2.5,wave,2293,0,0,0.30484081988661144,True
3,5,14,0.0,0.0,2.5,wave,2268,0,0,0.30776014109347444,True
3,5,15,0.0,0.0,2.5,wave,2253,0,0,0.309809143364403,True
3,5,16,0.0,0.0,2.5,wave,2229,0,0,0.3104531179901301,True
3,5,17,0.0,0.0,2.5,wave,2206,0,0,0.31368993653671806,True
3,5,18,0.0,0.0,2.5,wave,4764,0,0,0.14588581024349287,True
3,5,19,0.0,0.0,2.5,wave,4692,0,0,0.1489769820971867,True
3,5,20,0.0,0.0,2.5,wave,4610,0,0,0.1505422993492408,True
3,5,21,0.0,0.0,2.5,wave,4520,0,0,0.15486725663716813,True
3,5,22,0.0,0.0,2.5,wave,4427,0,0,0.1590241698667269,True
3,5,23,0.0,0.0,2.5,wave,4344,0,0,0.162292817679558,True
3,5,24,0.0,0.0,2.5,wave,4245,0,0,0.16560659599528857,True
3,5,25,0.0,0.0,2.5,wave,4143,0,0,0.16895969104513636,True
3,5,26,0.0,0.0,2.5,wave,4059,0,0,0.17270263611727027,True
3,5,27,0.0,0.0,2.5,wave,3991,0,0,0.1771485843147081,True
3,5,28,0.0,0.0,2.5,wave,3900,0,0,0.18128205128205127,True
3,5,29,0.0,0.0,2.5,wave,3812,0,0,0.1862539349422875,True
3,5,30,0.0,0.0,2.5,wave,3718,0,0,0.1898870360408822,True
3,5,31,0.0,0.0,2.5,wave,3657,0,0,0.19387476073284113,True
3,5,32,0.0,0.0,2.5,wave,3598,0,0,0.19733185102834908,True
3,5,33,0.0,0.0,2.5,wave,3542,0,0,0.19960474308300397,True
3,5,34,0.0,0.0,2.5,wave,3475,0,0,0.20287769784172663,True
3,5,35,0.0,0.0,2.5,wave,3410,0,0,0.20674486803519063,True
3,5,36,0.0,0.0,2.5,wave,3342,0,0,0.21005385996409337,True
3,5,37,0.0,0.0,2.5,wave,3283,0,0,0.2120012183978069,True
3,5,38,0.0,0.0,2.5,wave,3247,0,0,0.2128118263012011,True
3,5,39,0.0,0.0,2.5,wave,3199,0,0,0.21412941544232572,True
3,5,40,0.0,0.0,2.5,wave,3139,0,0,0.2179037910162472,True
3,5,41,0.0,0.0,2.5,wave,3109,0,0,0.22225796075908652,True
3,5,42,0.0,0.0,2.5,wave,3065,0,0,0.22414355628058727,True
3,5,43,0.0,0.0,2.5,wave,3100,0,0,0.2670967741935484,True
3,5,44,0.0,0.0,2.5,wave,2928,0,0,0.2551229508196721,True
3,5,45,0.0,0.0,2.5,wave,2877,0,0,0.2526937782412235,True
3,5,46,0.0,0.0,2.5,wave,2858,0,0,0.2554233729881036,True
3,5,47,0.0,0.0,2.5,wave,2829,0,0,0.2576882290562036,True
3,5,48,0.0,0.0,2.5,wave,2828,0,0,0.25954738330975957,True
3,5,49,0.0,0.0,2.5,wave,2835,0,0,0.26631393298059963,True
3,5,50,0.0,0.0,2.5,wave,2811,0,0,0.2678762006403415,True
3,5,51,0.0,0.0,2.5,wave,2795,0,0,0.27191413237924866,True
3,5,52,0.0,0.0,2.5,wave,2761,0,0,0.2727272727272727,True
3,6,1,0.0,0.0,2.5,wave,2753,0,0,0.27097711587359247,True
3,6,2,0.0,0.0,2.5,wave,2723,0,0,0.27286081527726774,True
3,6,3,0.0,0.0,2.5,wave,2692,0,0,0.27786032689450224,True
3,6,4,0.0,0.0,2.5,wave,2669,0,0,0.27913076058448855,True
3,6,5,0.0,0.0,2.5,wave,2653,0,0,0.2834526950621937,True
3,6,6,0.0,0.0,2.5,wave,2622,0,0,0.28489702517162474,True
3,6,7,0.0,0.0,2.5,wave,2616,0,0,0.286697247706422,True
3,6,8,0.0,0.0,2.5,wave,2569,0,0,0.2888283378746594,True
3,6,9,0.0,0.0,2.5,wave,2544,0,0,0.2893081761006289,True
3,6,10,0.0,0.0,2.5,wave,2512,0,0,0.28861464968152867,True
3,6,11,0.0,0.0,2.5,wave,2495,0,0,0.294188376753507,True
3,6,12,0.0,0.0,2.5,wave,2478,0,0,0.29418886198547217,True
3,6,13,0.0,0.0,2.5,wave,2463,0,0,0.2967925294356476,True
3,6,14,0.0,0.0,2.5,wave,2430,0,0,0.2975308641975309,True
3,6,15,0.0,0.0,2.5,wave,2397,0,0,0.2999582811848143,True
3,6,16,0.0,0.0,2.5,wave,2372,0,0,0.30101180438448566,True
3,6,17,0.0,0.0,2.5,wave,2339,0,0,0.30483112441214194,True
3,6,18,0.0,0.0,2.5,wave,5008,0,0,0.14357028753993611,True
3,6,19,0.0,0.0,2.5,wave,4904,0,0,0.14600326264274063,True
3,6,20,0.0,0.0,2.5,wave,4806,0,0,0.1500208073241781,True
3,6,21,0.0,0.0,2.5,wave,4709,0,0,0.1545975791038437,True
3,6,22,0.0,0.0,2.5,wave,4603,0,0,0.15837497284379753,True
3,6,23,0.0,0.0,2.5,wave,4493,0,0,0.16069441353216113,True
3,6,24,0.0,0.0,2.5,wave,4388,0,0,0.16248860528714676,True
3,6,25,0.0,0.0,2.5,wave,4272,0,0,0.16502808988764045,True
3,6,26,0.0,0.0,2.5,wave,4170,0,0,0.16954436450839327,True
3,6,27,0.0,0.0,2.5,wave,4073,0,0,0.17480972256322122,True
3,6,28,0.0,0.0,2.5,wave,4010,0,0,0.1800498753117207,True
3,6,29,0.0,0.0,2.5,wave,3940,0,0,0.18223350253807108,True
3,6,30,0.0,0.0,2.5,wave,3863,0,0,0.18457157649495212,True
3,6,31,0.0,0.0,2.5,wave,3813,0,0,0.18777865198006818,True
3,6,32,0.0,0.0,2.5,wave,3757,0,0,0.19297311684854937,True
3,6,33,0.0,0.0,2.5,wave,3676,0,0,0.19749727965179542,True
3,6,34,0.0,0.0,2.5,wave,3608,0,0,0.20121951219512196,True
3,6,35,0.0,0.0,2.5,wave,3548,0,0,0.20518602029312288,True
3,6,36,0.0,0.0,2.5,wave,3481,0,0,0.20999712726228095,True
3,6,37,0.0,0.0,2.5,wave,3424,0,0,0.2123247663551402,True
3,6,38,0.0,0.0,2.5,wave,3391,0,0,0.21527572987319374,True
3,6,39,0.0,0.0,2.5,wave,3338,0,0,0.21869382863990414,True
3,6,40,0.0,0.0,2.5,wave,3289,0,0,0.22103982973548192,True
3,6,41,0.0,0.0,2.5,wave,3255,0,0,0.2227342549923195,True
3,6,42,0.0,0.0,2.5,wave,3219,0,0,0.22615719167443304,True
3,6,43,0.0,0.0,2.5,wave,3290,0,0,0.27477203647416415,True
3,6,44,0.0,0.0,2.5,wave,3074,0,0,0.2615484710474951,True
3,6,45,0.0,0.0,2.5,wave,2969,0,0,0.25463118895250925,True
3,6,46,0.0,0.0,2.5,wave,2948,0,0,0.2537313432835821,True
3,6,47,0.0,0.0,2.5,wave,2931,0,0,0.25588536335721596,True
3,6,48,0.0,0.0,2.5,wave,2930,0,0,0.26109215017064846,True
3,6,49,0.0,0.0,2.5,wave,2927,0,0,0.26306798770071743,True
3,6,50,0.0,0.0,2.5,wave,2919,0,0,0.262761219595752,True
3,6,51,0.0,0.0,2.5,wave,2923,0,0,0.2606910708176531,True
3,6,52,0.0,0.0,2.5,wave,2911,0,0,0.2631398144967365,True
3,7,1,0.0,0.0,2.5,wave,2907,0,0,0.2672858617131063,True
3,7,2,0.0,0.0,2.5,wave,2887,0,0,0.26740561136127466,True
3,7,3,0.0,0.0,2.5,wave,2860,0,0,0.26958041958041956,True
3,7,4,0.0,0.0,2.5,wave,2837,0,0,0.2707084948889672,True
3,7,5,0.0,0.0,2.5,wave,2809,0,0,0.2726949092203631,True
3,7,6,0.0,0.0,2.5,wave,2775,0,0,0.27387387387387385,True
3,7,7,0.0,0.0,2.5,wave,2745,0,0,0.27941712204007285,True
3,7,8,0.0,0.0,2.5,wave,2714,0,0,0.2826086956521739,True
3,7,9,0.0,0.0,2.5,wave,2679,0,0,0.28331466965285557,True
3,7,10,0.0,0.0,2.5,wave,2650,0,0,0.28452830188679246,True
3,7,11,0.0,0.0,2.5,wave,2632,0,0,0.28609422492401215,True
3,7,12,0.0,0.0,2.5,wave,2607,0,0,0.28883774453394706,True
3,7,13,0.0,0.0,2.5,wave,2575,0,0,0.2904854368932039,True
3,7,14,0.0,0.0,2.5,wave,2549,0,0,0.29423303256178895,True
3,7,15,0.0,0.0,2.5,wave,2514,0,0,0.29634049323786793,True
3,7,16,0.0,0.0,2.5,wave,2501,0,0,0.29628148740503796,True
3,7,17,0.0,0.0,2.5,wave,2464,0,0,0.299512987012987,True
3,7,18,0.0,0.0,2.5,wave,5206,0,0,0.14233576642335766,True
3,7,19,0.0,0.0,2.5,wave,5126,0,0,0.14514241123683183,True
3,7,20,0.0,0.0,2.5,wave,5057,0,0,0.14870476567134666,True
3,7,21,0.0,0.0,2.5,wave,4907,0,0,0.1520277155084573,True
3,7,22,0.0,0.0,2.5,wave,4760,0,0,0.1546218487394958,True
3,7,23,0.0,0.0,2.5,wave,4666,0,0,0.15752250321474495,True
3,7,24,0.0,0.0,2.5,wave,4558,0,0,0.16103554190434402,True
3,7,25,0.0,0.0,2.5,wave,4481,0,0,0.1626869002454809,True
3,7,26,0.0,0.0,2.5,wave,4351,0,0,0.16593886462882096,True
3,7,27,0.0,0.0,2.5,wave,4309,0,0,0.16987700162450683,True
3,7,28,0.0,0.0,2.5,wave,4245,0,0,0.17220259128386337,True
3,7,29,0.0,0.0,2.5,wave,4186,0,0,0.1753463927376971,True
3,7,30,0.0,0.0,2.5,wave,4104,0,0,0.17884990253411306,True
3,7,31,0.0,0.0,2.5,wave,4048,0,0,0.18280632411067194,True
3,7,32,0.0,0.0,2.5,wave,3952,0,0,0.18496963562753035,True
3,7,33,0.0,0.0,2.5,wave,3866,0,0,0.18804966373512674,True
3,7,34,0.0,0.0,2.5,wave,3780,0,0,0.18994708994708995,True
3,7,35,0.0,0.0,2.5,wave,3691,0,0,0.19317258195610945,True
3,7,36,0.0,0.0,2.5,wave,3620,0,0,0.19668508287292819,True
3,7,37,0.0,0.0,2.5,wave,3551,0,0,0.1990988453956632,True
3,7,38,0.0,0.0,2.5,wave,3503,0,0,0.2023979446188981,True
3,7,39,0.0,0.0,2.5,wave,3469,0,0,0.20582300374747767,True
3,7,40,0.0,0.0,2.5,wave,3417,0,0,0.20573602575358502,True
3,7,41,0.0,0.0,2.5,wave,3370,0,0,0.20890207715133532,True
3,7,42,0.0,0.0,2.5,wave,3344,0,0,0.21142344497607657,True
3,7,43,0.0,0.0,2.5,wave,3497,0,0,0.26394052044609667,True
3,7,44,0.0,0.0,2.5,wave,3217,0,0,0.2455704072116879,True
3,7,45,0.0,0.0,2.5,wave,3141,0,0,0.24355300859598855,True
3,7,46,0.0,0.0,2.5,wave,3114,0,0,0.24694926140012846,True
3,7,47,0.0,0.0,2.5,wave,3069,0,0,0.24568263277940697,True
3,7,48,0.0,0.0,2.5,wave,3043,0,0,0.25041077883667434,True
3,7,49,0.0,0.0,2.5,wave,3037,0,0,0.2518933157721436,True
3,7,50,0.0,0.0,2.5,wave,3025,0,0,0.25421487603305787,True
3,7,51,0.0,0.0,2.5,wave,3013,0,0,0.25622303352140724,True
3,7,52,0.0,0.0,2.5,wave,2978,0,0,0.25554063129617194,True
3,8,1,0.0,0.0,2.5,wave,2954,0,0,0.25795531482735273,True
3,8,2,0.0,0.0,2.5,wave,2913,0,0,0.25952626158599384,True
3,8,3,0.0,0.0,2.5,wave,2889,0,0,0.26237452405676703,True
3,8,4,0.0,0.0,2.5,wave,2859,0,0,0.26302903112976567,True
3,8,5,0.0,0.0,2.5,wave,2835,0,0,0.26666666666666666,True
3,8,6,0.0,0.0,2.5,wave,2812,0,0,0.2649359886201991,True
3,8,7,0.0,0.0,2.5,wave,2784,0,0,0.26795977011494254,True
3,8,8,0.0,0.0,2.5,wave,2750,0,0,0.26981818181818185,True
3,8,9,0.0,0.0,2.5,wave,2736,0,0,0.2719298245614035,True
3,8,10,0.0,0.0,2.5,wave,2704,0,0,0.2718195266272189,True
3,8,11,0.0,0.0,2.5,wave,2694,0,0,0.27357089829250186,True
3,8,12,0.0,0.0,2.5,wave,2671,0,0,0.27330587794833394,True
3,8,13,0.0,0.0,2.5,wave,2649,0,0,0.2759531898829747,True
3,8,14,0.0,0.0,2.5,wave,2619,0,0,0.27911416571210385,True
3,8,15,0.0,0.0,2.5,wave,2607,0,0,0.2823168392788646,True
3,8,16,0.0,0.0,2.5,wave,2587,0,0,0.2856590645535369,True
3,8,17,0.0,0.0,2.5,wave,2582,0,0,0.2877614252517428,True
3,8,18,0.0,0.0,2.5,wave,5733,0,0,0.13099598813884528,True
3,8,19,0.0,0.0,2.5,wave,5659,0,0,0.13429934617423572,True
3,8,20,0.0,0.0,2.5,wave,5512,0,0,0.13824383164005805,True
3,8,21,0.0,0.0,2.5,wave,5390,0,0,0.1411873840445269,True
3,8,22,0.0,0.0,2.5,wave,5302,0,0,0.14522821576763487,True
3,8,23,0.0,0.0,2.5,wave,5214,0,0,0.14806290755657844,True
3,8,24,0.0,0.0,2.5,wave,5076,0,0,0.15149724192277383,True
3,8,25,0.0,0.0,2.5,wave,4973,0,0,0.15443394329378646,True
3,8,26,0.0,0.0,2.5,wave,4875,0,0,0.15774358974358973,True
3,8,27,0.0,0.0,2.5,wave,4788,0,0,0.16123642439431912,True
3,8,28,0.0,0.0,2.5,wave,4710,0,0,0.1643312101910828,True
3,8,29,0.0,0.0,2.5,wave,4642,0,0,0.16673847479534684,True
3,8,30,0.0,0.0,2.5,wave,4562,0,0,0.16812801402893468,True
3,8,31,0.0,0.0,2.5,wave,4485,0,0,0.17146042363433667,True
3,8,32,0.0,0.0,2.5,wave,4382,0,0,0.1745778183477864,True
3,8,33,0.0,0.0,2.5,wave,4317,0,0,0.17790132036136205,True
3,8,34,0.0,0.0,2.5,wave,4236,0,0,0.18248347497639283,True
3,8,35,0.0,0.0,2.5,wave,4181,0,0,0.1848839990432911,True
3,8,36,0.0,0.0,2.5,wave,4099,0,0,0.1890705050012198,True
3,8,37,0.0,0.0,2.5,wave,4027,0,0,0.1922026322324311,True
3,8,38,0.0,0.0,2.5,wave,3957,0,0,0.19535001263583524,True
3,8,39,0.0,0.0,2.5,wave,3905,0,0,0.19769526248399488,True
3,8,40,0.0,0.0,2.5,wave,3856,0,0,0.199948132780083,True
3,8,41,0.0,0.0,2.5,wave,3807,0,0,0.20225899658523772,True
3,8,42,0.0,0.0,2.5,wave,3766,0,0,0.20446096654275092,True
3,8,43,0.0,0.0,2.5,wave,3911,0,0,0.2541549475837382,True
3,8,44,0.0,0.0,2.5,wave,3651,0,0,0.24404272801972063,True
3,8,45,0.0,0.0,2.5,wave,3508,0,0,0.2377423033067275,True
3,8,46,0.0,0.0,2.5,wave,3435,0,0,0.23697234352256186,True
3,8,47,0.0,0.0,2.5,wave,3382,0,0,0.23832052040212892,True
3,8,48,0.0,0.0,2.5,wave,3356,0,0,0.24106078665077474,True
3,8,49,0.0,0.0,2.5,wave,3354,0,0,0.2412045319022063,True
3,8,50,0.0,0.0,2.5,wave,3346,0,0,0.2510460251046025,True
3,8,51,0.0,0.0,2.5,wave,3326,0,0,0.25165363800360796,True
3,8,52,0.0,0.0,2.5,wave,3293,0,0,0.254479198299423,True
3,9,1,0.0,0.0,2.5,wave,3247,0,0,0.25562057283646444,True
3,9,2,0.0,0.0,2.5,wave,3205,0,0,0.25678627145085803,True
3,9,3,0.0,0.0,2.5,wave,3173,0,0,0.2581153482508667,True
3,9,4,0.0,0.0,2.5,wave,3158,0,0,0.25680810639645346,True
3,9,5,0.0,0.0,2.5,wave,3099,0,0,0.26137463697967084,True
3,9,6,0.0,0.0,2.5,wave,3066,0,0,0.2648401826484018,True
3,9,7,0.0,0.0,2.5,wave,3040,0,0,0.26348684210526313,True
3,9,8,0.0,0.0,2.5,wave,3002,0,0,0.26615589606928713,True
3,9,9,0.0,0.0,2.5,wave,2988,0,0,0.2657295850066934,True
3,9,10,0.0,0.0,2.5,wave,2946,0,0,0.26578411405295316,True
3,9,11,0.0,0.0,2.5,wave,2917,0,0,0.27459718889269796,True
3,9,12,0.0,0.0,2.5,wave,2881,0,0,0.27490454703228046,True
3,9,13,0.0,0.0,2.5,wave,2845,0,0,0.2766256590509666,True
3,9,14,0.0,0.0,2.5,wave,2831,0,0,0.2794065701165666,True
3,9,15,0.0,0.0,2.5,wave,2829,0,0,0.2827854365500177,True
3,9,16,0.0,0.0,2.5,wave,2805,0,0,0.28520499108734404,True
3,9,17,0.0,0.0,2.5,wave,2767,0,0,0.28767618359233826,True
3,9,18,0.0,0.0,2.5,wave,5781,0,0,0.12696765265524995,True
3,9,19,0.0,0.0,2.5,wave,5704,0,0,0.13166199158485273,True
3,9,20,0.0,0.0,2.5,wave,5653,0,0,0.13355740314877057,True
3,9,21,0.0,0.0,2.5,wave,5548,0,0,0.1380677721701514,True
3,9,22,0.0,0.0,2.5,wave,5445,0,0,0.13902662993572085,True
3,9,23,0.0,0.0,2.5,wave,5335,0,0,0.14039362699156513,True
3,9,24,0.0,0.0,2.5,wave,5238,0,0,0.145475372279496,True
3,9,25,0.0,0.0,2.5,wave,5151,0,0,0.1473500291205591,True
3,9,26,0.0,0.0,2.5,wave,5049,0,0,0.15171321053673995,True
3,9,27,0.0,0.0,2.5,wave,4966,0,0,0.15263793797825212,True
3,9,28,0.0,0.0,2.5,wave,4886,0,0,0.15656979124027834,True
3,9,29,0.0,0.0,2.5,wave,4802,0,0,0.15951686797167847,True
3,9,30,0.0,0.0,2.5,wave,4722,0,0,0.16221939855993223,True
3,9,31,0.0,0.0,2.5,wave,4685,0,0,0.16542155816435433,True
3,9,32,0.0,0.0,2.5,wave,4603,0,0,0.1685857049750163,True
3,9,33,0.0,0.0,2.5,wave,4542,0,0,0.1737120211360634,True
3,9,34,0.0,0.0,2.5,wave,4443,0,0,0.17735764123340086,True
3,9,35,0.0,0.0,2.5,wave,4362,0,0,0.18088033012379642,True
3,9,36,0.0,0.0,2.5,wave,4268,0,0,0.1850984067478913,True
3,9,37,0.0,0.0,2.5,wave,4207,0,0,0.18873306394105063,True
3,9,38,0.0,0.0,2.5,wave,4147,0,0,0.19146370870508803,True
3,9,39,0.0,0.0,2.5,wave,4098,0,0,0.19326500732064422,True
3,9,40,0.0,0.0,2.5,wave,4052,0,0,0.19545903257650543,True
3,9,41,0.0,0.0,2.5,wave,4014,0,0,0.19880418535127056,True
3,9,42,0.0,0.0,2.5,wave,3961,0,0,0.19919212320121182,True
3,9,43,0.0,0.0,2.5,wave,4152,0,0,0.25746628131021193,True
3,9,44,0.0,0.0,2.5,wave,3897,0,0,0.24506030279702334,True
3,9,45,0.0,0.0,2.5,wave,3730,0,0,0.23672922252010725,True
3,9,46,0.0,0.0,2.5,wave,3677,0,0,0.2371498504215393,True
3,9,47,0.0,0.0,2.5,wave,3636,0,0,0.23707370737073707,True
3,9,48,0.0,0.0,2.5,wave,3616,0,0,0.24059734513274336,True
3,9,49,0.0,0.0,2.5,wave,3617,0,0,0.2421896599391761,True
3,9,50,0.0,0.0,2.5,wave,3621,0,0,0.24689312344656172,True
3,9,51,0.0,0.0,2.5,wave,3635,0,0,0.24731774415405777,True
3,9,52,0.0,0.0,2.5,wave,3615,0,0,0.25255878284923927,True
3,10,1,0.0,0.0,2.5,wave,3618,0,0,0.2523493642896628,True
3,10,2,0.0,0.0,2.5,wave,3599,0,0,0.2531258682967491,True
3,10,3,0.0,0.0,2.5,wave,3570,0,0,0.261624649859944,True
3,10,4,0.0,0.0,2.5,wave,3545,0,0,0.2629055007052186,True
3,10,5,0.0,0.0,2.5,wave,3519,0,0,0.2622904234157431,True
3,10,6,0.0,0.0,2.5,wave,3495,0,0,0.26237482117310446,True
3,10,7,0.0,0.0,2.5,wave,3466,0,0,0.26687824581650316,True
3,10,8,0.0,0.0,2.5,wave,3432,0,0,0.2677738927738928,True
3,10,9,0.0,0.0,2.5,wave,3403,0,0,0.27358213341169557,True
3,10,10,0.0,0.0,2.5,wave,3377,0,0,0.2759846017175007,True
3,10,11,0.0,0.0,2.5,wave,3349,0,0,0.2773962376828904,True
3,10,12,0.0,0.0,2.5,wave,3335,0,0,0.28245877061469266,True
3,10,13,0.0,0.0,2.5,wave,3307,0,0,0.2839431508920472,True
3,10,14,0.0,0.0,2.5,wave,3287,0,0,0.28780042592029204,True
3,10,15,0.0,0.0,2.5,wave,3268,0,0,0.2897796817625459,True
3,10,16,0.0,0.0,2.5,wave,3238,0,0,0.2933909820877085,True
3,10,17,0.0,0.0,2.5,wave,3223,0,0,0.2984796773192678,True
3,10,18,0.0,0.0,2.5,wave,6962,0,0,0.1315713875323183,True
3,10,19,0.0,0.0,2.5,wave,6877,0,0,0.13625127235713247,True
3,10,20,0.0,0.0,2.5,wave,6761,0,0,0.1384410590149386,True
3,10,21,0.0,0.0,2.5,wave,6660,0,0,0.14144144144144144,True
3,10,22,0.0,0.0,2.5,wave,6536,0,0,0.14504283965728273,True
3,10,23,0.0,0.0,2.5,wave,6396,0,0,0.1489993746091307,True
3,10,24,0.0,0.0,2.5,wave,6260,0,0,0.15319488817891375,True
3,10,25,0.0,0.0,2.5,wave,6140,0,0,0.15684039087947882,True
3,10,26,0.0,0.0,2.5,wave,5975,0,0,0.1576569037656904,True
3,10,27,0.0,0.0,2.5,wave,5863,0,0,0.16118028313150265,True
3,10,28,0.0,0.0,2.5,wave,5752,0,0,0.1646383866481224,True
3,10,29,0.0,0.0,2.5,wave,5657,0,0,0.16811030581580344,True
3,10,30,0.0,0.0,2.5,wave,5523,0,0,0.1712837226145211,True
3,10,31,0.0,0.0,2.5,wave,5411,0,0,0.17464424320827943,True
3,10,32,0.0,0.0,2.5,wave,5307,0,0,0.17806670435274166,True
3,10,33,0.0,0.0,2.5,wave,5241,0,0,0.18030910131654265,True
3,10,34,0.0,0.0,2.5,wave,5122,0,0,0.184303006638032,True
3,10,35,0.0,0.0,2.5,wave,5019,0,0,0.18649133293484757,True
3,10,36,0.0,0.0,2.5,wave,4910,0,0,0.19022403258655804,True
3,10,37,0.0,0.0,2.5,wave,4796,0,0,0.1939115929941618,True
3,10,38,0.0,0.0,2.5,wave,4728,0,0,0.19627749576988154,True
3,10,39,0.0,0.0,2.5,wave,4661,0,0,0.20038618322248444,True
3,10,40,0.0,0.0,2.5,wave,4598,0,0,0.2024793388429752,True
3,10,41,0.0,0.0,2.5,wave,4560,0,0,0.20482456140350877,True
3,10,42,0.0,0.0,2.5,wave,4497,0,0,0.2072492772959751,True
3,10,43,0.0,0.0,2.5,wave,4506,0,0,0.25787838437638705,True
3,10,44,0.0,0.0,2.5,wave,4162,0,0,0.2414704469005286,True
3,10,45,0.0,0.0,2.5,wave,4008,0,0,0.23627744510978044,True
3,10,46,0.0,0.0,2.5,wave,3928,0,0,0.23574338085539714,True
3,10,47,0.0,0.0,2.5,wave,3895,0,0,0.23671373555840822,True
3,10,48,0.0,0.0,2.5,wave,3906,0,0,0.23886328725038403,True
3,10,49,0.0,0.0,2.5,wave,3901,0,0,0.24301461163804153,True
3,10,50,0.0,0.0,2.5,wave,3914,0,0,0.2514052120592744,True
3,10,51,0.0,0.0,2.5,wave,3908,0,0,0.25435005117707266,True
3,10,52,0.0,0.0,2.5,wave,3871,0,0,0.25316455696202533,True
3,11,1,0.0,0.0,2.5,wave,3827,0,0,0.2537235432453619,True
3,11,2,0.0,0.0,2.5,wave,3810,0,0,0.2585301837270341,True
3,11,3,0.0,0.0,2.5,wave,3786,0,0,0.2593766508188061,True
3,11,4,0.0,0.0,2.5,wave,3745,0,0,0.25847797062750333,True
3,11,5,0.0,0.0,2.5,wave,3723,0,0,0.2624227773301101,True
3,11,6,0.0,0.0,2.5,wave,3669,0,0,0.2602889070591442,True
3,11,7,0.0,0.0,2.5,wave,3651,0,0,0.2695152013147083,True
3,11,8,0.0,0.0,2.5,wave,3614,0,0,0.2692307692307692,True
3,11,9,0.0,0.0,2.5,wave,3598,0,0,0.27209560867148413,True
3,11,10,0.0,0.0,2.5,wave,3564,0,0,0.2777777777777778,True
3,11,11,0.0,0.0,2.5,wave,3520,0,0,0.2767045454545455,True
3,11,12,0.0,0.0,2.5,wave,3497,0,0,0.28138404346582785,True
3,11,13,0.0,0.0,2.5,wave,3477,0,0,0.28386540120793785,True
3,11,14,0.0,0.0,2.5,wave,3450,0,0,0.28608695652173916,True
3,11,15,0.0,0.0,2.5,wave,3429,0,0,0.29192184310294544,True
3,11,16,0.0,0.0,2.5,wave,3367,0,0,0.29284229284229285,True
3,11,17,0.0,0.0,2.5,wave,3331,0,0,0.29390573401380965,True
3,11,18,0.0,0.0,2.5,wave,6985,0,0,0.1341445955619184,True
3,11,19,0.0,0.0,2.5,wave,6852,0,0,0.136456509048453,True
3,11,20,0.0,0.0,2.5,wave,6755,0,0,0.1387120651369356,True
3,11,21,0.0,0.0,2.5,wave,6635,0,0,0.14318010550113036,True
3,11,22,0.0,0.0,2.5,wave,6540,0,0,0.1481651376146789,True
3,11,23,0.0,0.0,2.5,wave,6477,0,0,0.14744480469353097,True
3,11,24,0.0,0.0,2.5,wave,6411,0,0,0.15317423178911246,True
3,11,25,0.0,0.0,2.5,wave,6336,0,0,0.15404040404040403,True
3,11,26,0.0,0.0,2.5,wave,6222,0,0,0.15782706525233045,True
3,11,27,0.0,0.0,2.5,wave,6117,0,0,0.1595553375837829,True
3,11,28,0.0,0.0,2.5,wave,6008,0,0,0.1652796271637816,True
3,11,29,0.0,0.0,2.5,wave,5918,0,0,0.16846907739101047,True
3,11,30,0.0,0.0,2.5,wave,5807,0,0,0.17065610470122267,True
3,11,31,0.0,0.0,2.5,wave,5709,0,0,0.17481170082326153,True
3,11,32,0.0,0.0,2.5,wave,5601,0,0,0.17818246741653276,True
3,11,33,0.0,0.0,2.5,wave,5511,0,0,0.18218109236073307,True
3,11,34,0.0,0.0,2.5,wave,5429,0,0,0.18585374838828514,True
3,11,35,0.0,0.0,2.5,wave,5337,0,0,0.189244894135282,True
3,11,36,0.0,0.0,2.5,wave,5224,0,0,0.19257274119448697,True
3,11,37,0.0,0.0,2.5,wave,5121,0,0,0.19566490919742238,True
3,11,38,0.0,0.0,2.5,wave,5064,0,0,0.19826224328593997,True
3,11,39,0.0,0.0,2.5,wave,4993,0,0,0.20048067294211896,True
3,11,40,0.0,0.0,2.5,wave,4919,0,0,0.20288676560276478,True
3,11,41,0.0,0.0,2.5,wave,4860,0,0,0.2051440329218107,True
3,11,42,0.0,0.0,2.5,wave,4805,0,0,0.20749219562955254,True
3,11,43,0.0,0.0,2.5,wave,4850,0,0,0.2575257731958763,True
3,11,44,0.0,0.0,2.5,wave,4477,0,0,0.23832923832923833,True
3,11,45,0.0,0.0,2.5,wave,4336,0,0,0.2345479704797048,True
3,11,46,0.0,0.0,2.5,wave,4223,0,0,0.2301681269239877,True
3,11,47,0.0,0.0,2.5,wave,4217,0,0,0.2354754564856533,True
3,11,48,0.0,0.0,2.5,wave,4223,0,0,0.23750887994316836,True
3,11,49,0.0,0.0,2.5,wave,4204,0,0,0.24215033301617508,True
3,11,50,0.0,0.0,2.5,wave,4203,0,0,0.2474423031168213,True
3,11,51,0.0,0.0,2.5,wave,4203,0,0,0.2500594813228646,True
3,11,52,0.0,0.0,2.5,wave,4160,0,0,0.24807692307692308,True
4,1,1,0.0,0.0,2.5,wave,2787,0,0,0.0028704700394689632,True
4,1,2,0.0,0.0,2.5,wave,2752,0,0,0.00436046511627907,True
4,1,3,0.0,0.0,2.5,wave,2709,0,0,0.0070136581764488745,True
4,1,4,0.0,0.0,2.5,wave,2668,0,0,0.009370314842578711,True
4,1,5,0.0,0.0,2.5,wave,2614,0,0,0.011859219586840091,True
4,1,6,0.0,0.0,2.5,wave,2557,0,0,0.014861165428236215,True
4,1,7,0.0,0.0,2.5,wave,2506,0,0,0.018754988028731046,True
4,1,8,0.0,0.0,2.5,wave,2426,0,0,0.021846661170651278,True
4,1,9,0.0,0.0,2.5,wave,2372,0,0,0.026559865092748734,True
4,1,10,0.0,0.0,2.5,wave,2295,0,0,0.027450980392156862,True
4,1,11,0.0,0.0,2.5,wave,2221,0,0,0.029266096352994146,True
4,1,12,0.0,0.0,2.5,wave,2167,0,0,0.031841255191509,True
4,1,13,0.0,0.0,2.5,wave,2125,0,0,0.033411764705882356,True
4,1,14,0.0,0.0,2.5,wave,2084,0,0,0.0345489443378119,True
4,1,15,0.0,0.0,2.5,wave,2037,0,0,0.036818851251840944,True
4,1,16,0.0,0.0,2.5,wave,1983,0,0,0.038830055471507814,True
4,1,17,0.0,0.0,2.5,wave,1935,0,0,0.043410852713178294,True
4,1,18,0.0,0.0,2.5,wave,5682,0,0,0.01671946497712073,True
4,1,19,0.0,0.0,2.5,wave,5560,0,0,0.01852517985611511,True
4,1,20,0.0,0.0,2.5,wave,5389,0,0,0.019298571163481167,True
4,1,21,0.0,0.0,2.5,wave,5209,0,0,0.021885198694567096,True
4,1,22,0.0,0.0,2.5,wave,5037,0,0,0.024220766329164187,True
4,1,23,0.0,0.0,2.5,wave,4903,0,0,0.026514378951662247,True
4,1,24,0.0,0.0,2.5,wave,4770,0,0,0.027882599580712788,True
4,1,25,0.0,0.0,2.5,wave,4676,0,0,0.03058169375534645,True
4,1,26,0.0,0.0,2.5,wave,4533,0,0,0.032208250606662256,True
4,1,27,0.0,0.0,2.5,wave,4427,0,0,0.03456065055342218,True
4,1,28,0.0,0.0,2.5,wave,4325,0,0,0.035838150289017344,True
4,1,29,0.0,0.0,2.5,wave,4221,0,0,0.03743188817815683,True
4,1,30,0.0,0.0,2.5,wave,4129,0,0,0.03947687091305401,True
4,1,31,0.0,0.0,2.5,wave,4017,0,0,0.04232013940751805,True
4,1,32,0.0,0.0,2.5,wave,3910,0,0,0.043734015345268544,True
4,1,33,0.0,0.0,2.5,wave,3817,0,0,0.04584752423369138,True
4,1,34,0.0,0.0,2.5,wave,3729,0,0,0.04773397693751676,True
4,1,35,0.0,0.0,2.5,wave,3626,0,0,0.05157198014340871,True
4,1,36,0.0,0.0,2.5,wave,3557,0,0,0.05257239246556086,True
4,1,37,0.0,0.0,2.5,wave,3475,0,0,0.05697841726618705,True
4,1,38,0.0,0.0,2.5,wave,3423,0,0,0.05842827928717499,True
4,1,39,0.0,0.0,2.5,wave,3367,0,0,0.060885060885060883,True
4,1,40,0.0,0.0,2.5,wave,3314,0,0,0.062462281231140615,True
4,1,41,0.0,0.0,2.5,wave,3260,0,0,0.06503067484662577,True
4,1,42,0.0,0.0,2.5,wave,3208,0,0,0.06701995012468828,True
4,1,43,0.0,0.0,2.5,wave,3588,0,0,0.13127090301003344,True
4,1,44,0.0,0.0,2.5,wave,3347,0,0,0.1120406334030475,True
4,1,45,0.0,0.0,2.5,wave,3213,0,0,0.10675381263616558,True
4,1,46,0.0,0.0,2.5,wave,3156,0,0,0.10614702154626109,True
4,1,47,0.0,0.0,2.5,wave,3110,0,0,0.1067524115755627,True
4,1,48,0.0,0.0,2.5,wave,3073,0,0,0.11096648226488773,True
4,1,49,0.0,0.0,2.5,wave,3056,0,0,0.11387434554973822,True
4,1,50,0.0,0.0,2.5,wave,3033,0,0,0.12001318826244642,True
4,1,51,0.0,0.0,2.5,wave,3011,0,0,0.12520757223513782,True
4,1,52,0.0,0.0,2.5,wave,2975,0,0,0.12605042016806722,True
4,2,1,0.0,0.0,2.5,wave,2940,31,6,0.12891156462585035,False
4,2,2,0.0,0.0,2.5,wave,2916,32,12,0.1310013717421125,False
4,2,3,0.0,0.0,2.5,wave,2875,35,13,0.13356521739130434,False
4,2,4,0.0,0.0,2.5,wave,2834,38,14,0.13620324629498942,False
4,2,5,0.0,0.0,2.5,wave,2796,34,10,0.13876967095851217,False
4,2,6,0.0,0.0,2.5,wave,2764,34,8,0.14182344428364688,False
4,2,7,0.0,0.0,2.5,wave,2716,39,14,0.14248895434462444,False
4,2,8,0.0,0.0,2.5,wave,2677,47,18,0.14307060141949943,False
4,2,9,0.0,0.0,2.5,wave,2623,47,17,0.14372855508959206,False
4,2,10,0.0,0.0,2.5,wave,2594,53,18,0.14494988434849654,False
4,2,11,0.0,0.0,2.5,wave,2545,53,17,0.14656188605108056,False
4,2,12,0.0,0.0,2.5,wave,2502,59,21,0.1498800959232614,False
4,2,13,0.0,0.0,2.5,wave,2447,55,22,0.1528402125051083,False
4,2,14,0.0,0.0,2.5,wave,2402,57,18,0.15611990008326396,False
4,2,15,0.0,0.0,2.5,wave,2355,56,23,0.15668789808917197,False
4,2,16,0.0,0.0,2.5,wave,2324,54,26,0.15963855421686746,False
4,2,17,0.0,0.0,2.5,wave,2276,45,23,0.15992970123022848,False
4,2,18,0.0,0.0,2.5,wave,4482,41,17,0.08478357875948238,False
4,2,19,0.0,0.0,2.5,wave,4359,46,12,0.088093599449415,False
4,2,20,0.0,0.0,2.5,wave,4274,55,14,0.09078146934955546,False
4,2,21,0.0,0.0,2.5,wave,4199,54,20,0.0931174089068826,False
4,2,22,0.0,0.0,2.5,wave,4089,64,25,0.09660063585228662,False
4,2,23,0.0,0.0,2.5,wave,3994,66,23,0.09914872308462694,False
4,2,24,0.0,0.0,2.5,wave,3881,68,21,0.10126256119556815,False
4,2,25,0.0,0.0,2.5,wave,3786,74,22,0.10512414157422081,False
4,2,26,0.0,0.0,2.5,wave,3700,78,30,0.10810810810810811,False
4,2,27,0.0,0.0,2.5,wave,3592,73,34,0.11024498886414254,False
4,2,28,0.0,0.0,2.5,wave,3507,66,29,0.11377245508982035,False
4,2,29,0.0,0.0,2.5,wave,3390,55,21,0.11769911504424779,False
4,2,30,0.0,0.0,2.5,wave,3298,61,21,0.12067919951485749,False
4,2,31,0.0,0.0,2.5,wave,3235,61,22,0.121483771251932,False
4,2,32,0.0,0.0,2.5,wave,3153,56,24,0.12305740564541706,False
4,2,33,0.0,0.0,2.5,wave,3082,46,24,0.12751460090850097,False
4,2,34,0.0,0.0,2.5,wave,2984,37,15,0.13103217158176944,False
4,2,35,0.0,0.0,2.5,wave,2914,33,15,0.13555250514756348,False
4,2,36,0.0,0.0,2.5,wave,2846,31,14,0.13738580463808855,False
4,2,37,0.0,0.0,2.5,wave,2793,30,11,0.1410669530970283,False
4,2,38,0.0,0.0,2.5,wave,2762,30,11,0.14337436640115858,False
4,2,39,0.0,0.0,2.5,wave,2712,25,12,0.14564896755162243,False
4,2,40,0.0,0.0,2.5,wave,2673,24,13,0.14627759072203517,False
4,2,41,0.0,0.0,2.5,wave,2643,21,9,0.15058645478622776,False
4,2,42,0.0,0.0,2.5,wave,2606,21,8,0.1523407521105142,False
4,2,43,0.0,0.0,2.5,wave,2930,26,9,0.22184300341296928,False
4,2,44,0.0,0.0,2.5,wave,2749,18,4,0.19679883594034195,False
4,2,45,0.0,0.0,2.5,wave,2686,15,7,0.19880863737900223,False
4,2,46,0.0,0.0,2.5,wave,2670,15,11,0.20187265917602995,False
4,2,47,0.0,0.0,2.5,wave,2623,19,8,0.20320243995425086,False
4,2,48,0.0,0.0,2.5,wave,2616,15,5,0.20871559633027523,False
4,2,49,0.0,0.0,2.5,wave,2603,14,6,0.2086054552439493,False
4,2,50,0.0,0.0,2.5,wave,2575,11,5,0.20854368932038836,False
4,2,51,0.0,0.0,2.5,wave,2553,12,6,0.20838229533881708,False
4,2,52,0.0,0.0,2.5,wave,2531,15,4,0.21058870011853023,False
4,3,1,0.0,0.0,2.5,wave,2505,10,3,0.212375249500998,False
4,3,2,0.0,0.0,2.5,wave,2476,16,5,0.2148626817447496,False
4,3,3,0.0,0.0,2.5,wave,2432,16,3,0.21504934210526316,False
4,3,4,0.0,0.0,2.5,wave,2408,16,2,0.21760797342192692,False
4,3,5,0.0,0.0,2.5,wave,2374,17,9,0.21946082561078348,False
4,3,6,0.0,0.0,2.5,wave,2350,22,12,0.22170212765957448,False
4,3,7,0.0,0.0,2.5,wave,2306,17,7,0.22506504770164787,False
4,3,8,0.0,0.0,2.5,wave,2280,14,7,0.22719298245614036,False
4,3,9,0.0,0.0,2.5,wave,2263,14,6,0.22978347326557666,False
4,3,10,0.0,0.0,2.5,wave,2227,12,5,0.23259991019308487,False
4,3,11,0.0,0.0,2.5,wave,2197,11,6,0.23623122439690486,False
4,3,12,0.0,0.0,2.5,wave,2172,13,3,0.23802946593001842,False
4,3,13,0.0,0.0,2.5,wave,2147,9,2,0.2408011178388449,False
4,3,14,0.0,0.0,2.5,wave,2125,13,3,0.24329411764705883,False
4,3,15,0.0,0.0,2.5,wave,2110,13,6,0.24549763033175356,False
4,3,16,0.0,0.0,2.5,wave,2078,13,6,0.24639076034648702,False
4,3,17,0.0,0.0,2.5,wave,2048,9,3,0.24951171875,False
4,3,18,0.0,0.0,2.5,wave,4703,10,5,0.11014246225813311,False
4,3,19,0.0,0.0,2.5,wave,4589,18,4,0.1122248855959904,False
4,3,20,0.0,0.0,2.5,wave,4451,21,3,0.11480566164906762,False
4,3,21,0.0,0.0,2.5,wave,4326,36,8,0.11719833564493759,False
4,3,22,0.0,0.0,2.5,wave,4255,41,12,0.1172737955346651,False
4,3,23,0.0,0.0,2.5,wave,4161,43,13,0.12040374909877433,False
4,3,24,0.0,0.0,2.5,wave,4049,50,15,0.1254630773030378,False
4,3,25,0.0,0.0,2.5,wave,3940,47,18,0.1284263959390863,False
4,3,26,0.0,0.0,2.5,wave,3847,44,20,0.1294515206654536,False
4,3,27,0.0,0.0,2.5,wave,3759,38,15,0.13194998669859004,False
4,3,28,0.0,0.0,2.5,wave,3658,32,16,0.1347731000546747,False
4,3,29,0.0,0.0,2.5,wave,3561,35,18,0.13704015725919685,False
4,3,30,0.0,0.0,2.5,wave,3440,28,13,0.14127906976744187,False
4,3,31,0.0,0.0,2.5,wave,3357,29,13,0.14507000297885017,False
4,3,32,0.0,0.0,2.5,wave,3275,26,9,0.14717557251908397,False
4,3,33,0.0,0.0,2.5,wave,3195,21,7,0.14992175273865416,False
4,3,34,0.0,0.0,2.5,wave,3131,25,8,0.1520281060364101,False
4,3,35,0.0,0.0,2.5,wave,3075,26,7,0.1551219512195122,False
4,3,36,0.0,0.0,2.5,wave,3002,26,10,0.15856095936042638,False
4,3,37,0.0,0.0,2.5,wave,2931,24,9,0.16274309109518936,False
4,3,38,0.0,0.0,2.5,wave,2895,24,5,0.16511226252158895,False
4,3,39,0.0,0.0,2.5,wave,2856,21,8,0.16806722689075632,False
4,3,40,0.0,0.0,2.5,wave,2812,25,10,0.17069701280227595,False
4,3,41,0.0,0.0,2.5,wave,2767,21,8,0.1738344777737622,False
4,3,42,0.0,0.0,2.5,wave,2728,22,8,0.1744868035190616,False
4,3,43,0.0,0.0,2.5,wave,3047,19,6,0.23629799803085003,False
4,3,44,0.0,0.0,2.5,wave,2871,14,4,0.2190874259839777,False
4,3,45,0.0,0.0,2.5,wave,2762,15,5,0.2056480811006517,False
4,3,46,0.0,0.0,2.5,wave,2729,18,7,0.20923415170392085,False
4,3,47,0.0,0.0,2.5,wave,2710,20,8,0.2118081180811808,False
4,3,48,0.0,0.0,2.5,wave,2661,20,8,0.21007140172867342,False
4,3,49,0.0,0.0,2.5,wave,2640,17,4,0.2159090909090909,False
4,3,50,0.0,0.0,2.5,wave,2606,15,4,0.2175748273215656,False
4,3,51,0.0,0.0,2.5,wave,2595,21,8,0.22042389210019267,False
4,3,52,0.0,0.0,2.5,wave,2562,18,6,0.22170179547228727,False
4,4,1,0.0,0.0,2.5,wave,2511,14,7,0.22461170848267623,False
4,4,2,0.0,0.0,2.5,wave,2468,13,7,0.22447325769854132,False
4,4,3,0.0,0.0,2.5,wave,2441,8,4,0.22818517001229005,False
4,4,4,0.0,0.0,2.5,wave,2415,11,4,0.23064182194616978,False
4,4,5,0.0,0.0,2.5,wave,2376,8,3,0.23442760942760943,False
4,4,6,0.0,0.0,2.5,wave,2343,8,5,0.2364489970123773,False
4,4,7,0.0,0.0,2.5,wave,2310,8,6,0.23939393939393938,False
4,4,8,0.0,0.0,2.5,wave,2283,9,3,0.24091108190976784,False
4,4,9,0.0,0.0,2.5,wave,2256,6,1,0.2402482269503546,False
4,4,10,0.0,0.0,2.5,wave,2238,6,5,0.24128686327077747,False
4,4,11,0.0,0.0,2.5,wave,2208,8,5,0.24456521739130435,False
4,4,12,0.0,0.0,2.5,wave,2175,5,3,0.24689655172413794,False
4,4,13,0.0,0.0,2.5,wave,2150,5,2,0.25116279069767444,False
4,4,14,0.0,0.0,2.5,wave,2116,3,1,0.252835538752363,False
4,4,15,0.0,0.0,2.5,wave,2091,4,2,0.2529890004782401,False
4,4,16,0.0,0.0,2.5,wave,2064,3,1,0.25726744186046513,False
4,4,17,0.0,0.0,2.5,wave,2043,2,1,0.2579539892315223,False
4,4,18,0.0,0.0,2.5,wave,4323,4,1,0.12468193384223919,False
4,4,19,0.0,0.0,2.5,wave,4259,3,0,0.12749471706973467,False
4,4,20,0.0,0.0,2.5,wave,4162,3,0,0.13094666025949062,False
4,4,21,0.0,0.0,2.5,wave,4068,3,1,0.13323500491642085,False
4,4,22,0.0,0.0,2.5,wave,3988,6,3,0.13665997993981946,False
4,4,23,0.0,0.0,2.5,wave,3907,9,2,0.1410289224468902,False
4,4,24,0.0,0.0,2.5,wave,3833,7,1,0.14349073832507175,False
4,4,25,0.0,0.0,2.5,wave,3738,11,3,0.14553237025147137,False
4,4,26,0.0,0.0,2.5,wave,3612,12,2,0.15033222591362128,False
4,4,27,0.0,0.0,2.5,wave,3516,12,5,0.1547212741751991,False
4,4,28,0.0,0.0,2.5,wave,3435,13,6,0.1589519650655022,False
4,4,29,0.0,0.0,2.5,wave,3342,9,4,0.16217833632555356,False
4,4,30,0.0,0.0,2.5,wave,3247,9,3,0.1653834308592547,False
4,4,31,0.0,0.0,2.5,wave,3170,9,4,0.1694006309148265,False
4,4,32,0.0,0.0,2.5,wave,3086,10,5,0.17336357744653272,False
4,4,33,0.0,0.0,2.5,wave,3036,7,3,0.17753623188405798,False
4,4,34,0.0,0.0,2.5,wave,2993,10,3,0.1790845305713331,False
4,4,35,0.0,0.0,2.5,wave,2943,12,2,0.18246687054026503,False
4,4,36,0.0,0.0,2.5,wave,2876,12,2,0.18497913769123783,False
4,4,37,0.0,0.0,2.5,wave,2830,11,5,0.1862190812720848,False
4,4,38,0.0,0.0,2.5,wave,2790,13,5,0.18996415770609318,False
4,4,39,0.0,0.0,2.5,wave,2753,10,3,0.18961133309117326,False
4,4,40,0.0,0.0,2.5,wave,2719,12,4,0.19198234645090106,False
4,4,41,0.0,0.0,2.5,wave,2675,16,5,0.1932710280373832,False
4,4,42,0.0,0.0,2.5,wave,2632,17,7,0.19490881458966566,False
4,4,43,0.0,0.0,2.5,wave,3011,21,11,0.26369976751909663,False
4,4,44,0.0,0.0,2.5,wave,2783,15,11,0.24290334171757097,False
4,4,45,0.0,0.0,2.5,wave,2643,10,7,0.2266363980325388,False
4,4,46,0.0,0.0,2.5,wave,2593,7,5,0.22290782876976475,False
4,4,47,0.0,0.0,2.5,wave,2560,4,2,0.22421875,False
4,4,48,0.0,0.0,2.5,wave,2507,2,0,0.2249700837654567,False
4,4,49,0.0,0.0,2.5,wave,2486,2,1,0.22928399034593724,False
4,4,50,0.0,0.0,2.5,wave,2452,3,2,0.22879282218597063,False
4,4,51,0.0,0.0,2.5,wave,2436,2,1,0.2315270935960591,False
4,4,52,0.0,0.0,2.5,wave,2400,1,0,0.23166666666666666,False
4,5,1,0.0,0.0,2.5,wave,2365,1,0,0.23255813953488372,False
4,5,2,0.0,0.0,2.5,wave,2348,1,0,0.23551959114139692,False
4,5,3,0.0,0.0,2.5,wave,2323,1,0,0.23934567369780457,False
4,5,4,0.0,0.0,2.5,wave,2300,1,1,0.24130434782608695,False
4,5,5,0.0,0.0,2.5,wave,2267,1,1,0.2434936038817821,False
4,5,6,0.0,0.0,2.5,wave,2226,0,0,0.24528301886792453,False
4,5,7,0.0,0.0,2.5,wave,2192,0,0,0.24635036496350365,False
4,5,8,0.0,0.0,2.5,wave,2170,0,0,0.24700460829493087,False
4,5,9,0.0,0.0,2.5,wave,2151,0,0,0.2501162250116225,False
4,5,10,0.0,0.0,2.5,wave,2125,0,0,0.25270588235294117,False
4,5,11,0.0,0.0,2.5,wave,2105,0,0,0.25558194774346793,False
4,5,12,0.0,0.0,2.5,wave,2083,0,0,0.25684109457513205,False
4,5,13,0.0,0.0,2.5,wave,2060,0,0,0.258252427184466,False
4,5,14,0.0,0.0,2.5,wave,2034,0,0,0.26302851524090465,False
4,5,15,0.0,0.0,2.5,wave,2021,0,0,0.26472043542800594,False
4,5,16,0.0,0.0,2.5,wave,1993,0,0,0.266432513798294,True
4,5,17,0.0,0.0,2.5,wave,1982,0,0,0.2674066599394551,True
4,5,18,0.0,0.0,2.5,wave,4318,0,0,0.1222788327929597,True
4,5,19,0.0,0.0,2.5,wave,4249,0,0,0.1266180277712403,True
4,5,20,0.0,0.0,2.5,wave,4144,0,0,0.12886100386100385,True
4,5,21,0.0,0.0,2.5,wave,4040,0,0,0.13366336633663367,True
4,5,22,0.0,0.0,2.5,wave,3969,0,0,0.13529856386999245,True
4,5,23,0.0,0.0,2.5,wave,3882,0,0,0.13781555899021122,True
4,5,24,0.0,0.0,2.5,wave,3807,0,0,0.14026792750197006,True
4,5,25,0.0,0.0,2.5,wave,3728,0,0,0.14297210300429183,True
4,5,26,0.0,0.0,2.5,wave,3647,0,0,0.14559912256649302,True
4,5,27,0.0,0.0,2.5,wave,3568,0,0,0.14798206278026907,True
4,5,28,0.0,0.0,2.5,wave,3511,0,0,0.14953004841925377,True
4,5,29,0.0,0.0,2.5,wave,3427,0,0,0.15144441202217684,True
4,5,30,0.0,0.0,2.5,wave,3359,0,0,0.15480797856504913,True
4,5,31,0.0,0.0,2.5,wave,3293,0,0,0.15608867294260553,True
4,5,32,0.0,0.0,2.5,wave,3251,0,0,0.1584127960627499,True
4,5,33,0.0,0.0,2.5,wave,3196,0,0,0.16176470588235295,True
4,5,34,0.0,0.0,2.5,wave,3122,0,0,0.1646380525304292,True
4,5,35,0.0,0.0,2.5,wave,3073,0,0,0.1669378457533355,True
4,5,36,0.0,0.0,2.5,wave,3002,0,0,0.17088607594936708,True
4,5,37,0.0,0.0,2.5,wave,2941,0,0,0.1740904454267256,True
4,5,38,0.0,0.0,2.5,wave,2906,0,0,0.17721954576737783,True
4,5,39,0.0,0.0,2.5,wave,2858,0,0,0.1787963610916725,True
4,5,40,0.0,0.0,2.5,wave,2814,0,0,0.18230277185501065,True
4,5,41,0.0,0.0,2.5,wave,2784,0,0,0.18283045977011494,True
4,5,42,0.0,0.0,2.5,wave,2763,0,0,0.18458197611292074,True
4,5,43,0.0,0.0,2.5,wave,3211,0,0,0.26253503581438803,True
4,5,44,0.0,0.0,2.5,wave,3007,0,0,0.23478550049883604,True
4,5,45,0.0,0.0,2.5,wave,2874,0,0,0.22129436325678498,True
4,5,46,0.0,0.0,2.5,wave,2838,0,0,0.22304439746300211,True
4,5,47,0.0,0.0,2.5,wave,2828,0,0,0.22454031117397455,True
4,5,48,0.0,0.0,2.5,wave,2784,0,0,0.22557471264367815,True
4,5,49,0.0,0.0,2.5,wave,2760,0,0,0.22608695652173913,True
4,5,50,0.0,0.0,2.5,wave,2737,0,0,0.23017902813299232,True
4,5,51,0.0,0.0,2.5,wave,2708,0,0,0.23375184638109306,True
4,5,52,0.0,0.0,2.5,wave,2654,0,0,0.23813112283345894,True
4,6,1,0.0,0.0,2.5,wave,2622,0,0,0.2429443173150267,True
4,6,2,0.0,0.0,2.5,wave,2586,0,0,0.24632637277648878,True
4,6,3,0.0,0.0,2.5,wave,2568,0,0,0.2488317757009346,True
4,6,4,0.0,0.0,2.5,wave,2543,0,0,0.2540306724341329,True
4,6,5,0.0,0.0,2.5,wave,2508,0,0,0.2551834130781499,True
4,6,6,0.0,0.0,2.5,wave,2473,0,0,0.2575818843509907,True
4,6,7,0.0,0.0,2.5,wave,2448,0,0,0.26143790849673204,True
4,6,8,0.0,0.0,2.5,wave,2421,0,0,0.26187525815778606,True
4,6,9,0.0,0.0,2.5,wave,2391,0,0,0.2643245503973233,True
4,6,10,0.0,0.0,2.5,wave,2365,0,0,0.26765327695560254,True
4,6,11,0.0,0.0,2.5,wave,2334,0,0,0.2694944301628106,True
4,6,12,0.0,0.0,2.5,wave,2308,0,0,0.2729636048526863,True
4,6,13,0.0,0.0,2.5,wave,2286,0,0,0.2742782152230971,True
4,6,14,0.0,0.0,2.5,wave,2258,0,0,0.2763507528786537,True
4,6,15,0.0,0.0,2.5,wave,2236,0,0,0.27862254025044725,True
4,6,16,0.0,0.0,2.5,wave,2210,0,0,0.281447963800905,True
4,6,17,0.0,0.0,2.5,wave,2178,0,0,0.2828282828282828,True
4,6,18,0.0,0.0,2.5,wave,4840,0,0,0.12789256198347107,True
4,6,19,0.0,0.0,2.5,wave,4767,0,0,0.12964128382630585,True
4,6,20,0.0,0.0,2.5,wave,4687,0,0,0.13228077661617238,True
4,6,21,0.0,0.0,2.5,wave,4573,0,0,0.1347036956046359,True
4,6,22,0.0,0.0,2.5,wave,4448,0,0,0.1391636690647482,True
4,6,23,0.0,0.0,2.5,wave,4349,0,0,0.14279144630949644,True
4,6,24,0.0,0.0,2.5,wave,4240,0,0,0.14410377358490567,True
4,6,25,0.0,0.0,2.5,wave,4141,0,0,0.1470659261048056,True
4,6,26,0.0,0.0,2.5,wave,4017,0,0,0.15185461787403534,True
4,6,27,0.0,0.0,2.5,wave,3916,0,0,0.15474974463738508,True
4,6,28,0.0,0.0,2.5,wave,3837,0,0,0.15897836851707062,True
4,6,29,0.0,0.0,2.5,wave,3768,0,0,0.16109341825902335,True
4,6,30,0.0,0.0,2.5,wave,3659,0,0,0.16425252801311835,True
4,6,31,0.0,0.0,2.5,wave,3608,0,0,0.16879157427937916,True
4,6,32,0.0,0.0,2.5,wave,3525,0,0,0.17134751773049645,True
4,6,33,0.0,0.0,2.5,wave,3470,0,0,0.17348703170028817,True
4,6,34,0.0,0.0,2.5,wave,3401,0,0,0.17641870038224053,True
4,6,35,0.0,0.0,2.5,wave,3360,0,0,0.17857142857142858,True
4,6,36,0.0,0.0,2.5,wave,3300,0,0,0.1809090909090909,True
4,6,37,0.0,0.0,2.5,wave,3204,0,0,0.1853932584269663,True
4,6,38,0.0,0.0,2.5,wave,3165,0,0,0.18641390205371247,True
4,6,39,0.0,0.0,2.5,wave,3124,0,0,0.1879001280409731,True
4,6,40,0.0,0.0,2.5,wave,3086,0,0,0.19118600129617627,True
4,6,41,0.0,0.0,2.5,wave,3044,0,0,0.19349540078843627,True
4,6,42,0.0,0.0,2.5,wave,3001,0,0,0.1939353548817061,True
4,6,43,0.0,0.0,2.5,wave,3474,0,0,0.2654001151410478,True
4,6,44,0.0,0.0,2.5,wave,3196,0,0,0.24061326658322904,True
4,6,45,0.0,0.0,2.5,wave,3062,0,0,0.23318092749836708,True
4,6,46,0.0,0.0,2.5,wave,3024,0,0,0.23313492063492064,True
4,6,47,0.0,0.0,2.5,wave,2962,0,0,0.23261309925725862,True
4,6,48,0.0,0.0,2.5,wave,2908,0,0,0.23383768913342504,True
4,6,49,0.0,0.0,2.5,wave,2881,0,0,0.23290524123568204,True
4,6,50,0.0,0.0,2.5,wave,2851,0,0,0.23816204840406874,True
4,6,51,0.0,0.0,2.5,wave,2819,0,0,0.24051081943951755,True
4,6,52,0.0,0.0,2.5,wave,2778,0,0,0.24262059035277178,True
4,7,1,0.0,0.0,2.5,wave,2741,0,0,0.24334184604159065,True
4,7,2,0.0,0.0,2.5,wave,2696,0,0,0.24443620178041542,True
4,7,3,0.0,0.0,2.5,wave,2657,0,0,0.2472713586751976,True
4,7,4,0.0,0.0,2.5,wave,2626,0,0,0.25057121096725055,True
4,7,5,0.0,0.0,2.5,wave,2607,0,0,0.252397391637898,True
4,7,6,0.0,0.0,2.5,wave,2577,0,0,0.25223127667830814,True
4,7,7,0.0,0.0,2.5,wave,2556,0,0,0.2546948356807512,True
4,7,8,0.0,0.0,2.5,wave,2526,0,0,0.2569279493269992,True
4,7,9,0.0,0.0,2.5,wave,2487,0,0,0.2597507036590269,True
4,7,10,0.0,0.0,2.5,wave,2454,0,0,0.2603911980440098,True
4,7,11,0.0,0.0,2.5,wave,2440,0,0,0.2639344262295082,True
4,7,12,0.0,0.0,2.5,wave,2402,0,0,0.26353039134054956,True
4,7,13,0.0,0.0,2.5,wave,2378,0,0,0.2640874684608915,True
4,7,14,0.0,0.0,2.5,wave,2352,0,0,0.26785714285714285,True
4,7,15,0.0,0.0,2.5,wave,2323,0,0,0.26904864399483425,True
4,7,16,0.0,0.0,2.5,wave,2300,0,0,0.27304347826086955,True
4,7,17,0.0,0.0,2.5,wave,2287,0,0,0.2780935723655444,True
4,7,18,0.0,0.0,2.5,wave,4932,0,0,0.129764801297648,True
4,7,19,0.0,0.0,2.5,wave,4869,0,0,0.13267611419182584,True
4,7,20,0.0,0.0,2.5,wave,4789,0,0,0.13551889747337648,True
4,7,21,0.0,0.0,2.5,wave,4671,0,0,0.1376578891029758,True
4,7,22,0.0,0.0,2.5,wave,4556,0,0,0.14135206321334504,True
4,7,23,0.0,0.0,2.5,wave,4465,0,0,0.1444568868980963,True
4,7,24,0.0,0.0,2.5,wave,4381,0,0,0.14699840219128052,True
4,7,25,0.0,0.0,2.5,wave,4287,0,0,0.15115465360391883,True
4,7,26,0.0,0.0,2.5,wave,4212,0,0,0.15242165242165243,True
4,7,27,0.0,0.0,2.5,wave,4115,0,0,0.15528554070473877,True
4,7,28,0.0,0.0,2.5,wave,4020,0,0,0.15945273631840795,True
4,7,29,0.0,0.0,2.5,wave,3945,0,0,0.16273764258555132,True
4,7,30,0.0,0.0,2.5,wave,3879,0,0,0.16421758185099253,True
4,7,31,0.0,0.0,2.5,wave,3804,0,0,0.16798107255520506,True
4,7,32,0.0,0.0,2.5,wave,3720,0,0,0.17096774193548386,True
4,7,33,0.0,0.0,2.5,wave,3653,0,0,0.17246099096632905,True
4,7,34,0.0,0.0,2.5,wave,3604,0,0,0.17452830188679244,True
4,7,35,0.0,0.0,2.5,wave,3543,0,0,0.17950889077053345,True
4,7,36,0.0,0.0,2.5,wave,3476,0,0,0.18354430379746836,True
4,7,37,0.0,0.0,2.5,wave,3409,0,0,0.1868583162217659,True
4,7,38,0.0,0.0,2.5,wave,3370,0,0,0.18902077151335311,True
4,7,39,0.0,0.0,2.5,wave,3327,0,0,0.189960925758942,True
4,7,40,0.0,0.0,2.5,wave,3293,0,0,0.19283328272092318,True
4,7,41,0.0,0.0,2.5,wave,3249,0,0,0.1951369652200677,True
4,7,42,0.0,0.0,2.5,wave,3207,0,0,0.19800436545057687,True
4,7,43,0.0,0.0,2.5,wave,3759,0,0,0.27666932694865654,True
4,7,44,0.0,0.0,2.5,wave,3480,0,0,0.25517241379310346,True
4,7,45,0.0,0.0,2.5,wave,3323,0,0,0.23743605176045743,True
4,7,46,0.0,0.0,2.5,wave,3211,0,0,0.22952351292432263,True
4,7,47,0.0,0.0,2.5,wave,3162,0,0,0.2280202403542062,True
4,7,48,0.0,0.0,2.5,wave,3122,0,0,0.22966047405509288,True
4,7,49,0.0,0.0,2.5,wave,3094,0,0,0.23270846800258566,True
4,7,50,0.0,0.0,2.5,wave,3056,0,0,0.23396596858638743,True
4,7,51,0.0,0.0,2.5,wave,3026,0,0,0.2339722405816259,True
4,7,52,0.0,0.0,2.5,wave,3000,0,0,0.23866666666666667,True
4,8,1,0.0,0.0,2.5,wave,2979,0,0,0.24001342732460557,True
4,8,2,0.0,0.0,2.5,wave,2940,0,0,0.24285714285714285,True
4,8,3,0.0,0.0,2.5,wave,2880,0,0,0.24444444444444444,True
4,8,4,0.0,0.0,2.5,wave,2840,0,0,0.24753521126760564,True
4,8,5,0.0,0.0,2.5,wave,2808,0,0,0.24643874643874644,True
4,8,6,0.0,0.0,2.5,wave,2781,0,0,0.2484717727436174,True
4,8,7,0.0,0.0,2.5,wave,2761,0,0,0.2513582035494386,True
4,8,8,0.0,0.0,2.5,wave,2727,0,0,0.2522918958562523,True
4,8,9,0.0,0.0,2.5,wave,2708,0,0,0.25443131462333823,True
4,8,10,0.0,0.0,2.5,wave,2670,0,0,0.2558052434456929,True
4,8,11,0.0,0.0,2.5,wave,2647,0,0,0.2580279561768039,True
4,8,12,0.0,0.0,2.5,wave,2614,0,0,0.2612853863810253,True
4,8,13,0.0,0.0,2.5,wave,2579,0,0,0.2636680884063591,True
4,8,14,0.0,0.0,2.5,wave,2547,0,0,0.2673733804475854,True
4,8,15,0.0,0.0,2.5,wave,2530,0,0,0.2691699604743083,True
4,8,16,0.0,0.0,2.5,wave,2497,0,0,0.2711253504205046,True
4,8,17,0.0,0.0,2.5,wave,2476,0,0,0.2726171243941842,True
4,8,18,0.0,0.0,2.5,wave,5210,0,0,0.1310940499040307,True
4,8,19,0.0,0.0,2.5,wave,5126,0,0,0.13402262973078424,True
4,8,20,0.0,0.0,2.5,wave,5007,0,0,0.1366087477531456,True
4,8,21,0.0,0.0,2.5,wave,4894,0,0,0.13874131589701674,True
4,8,22,0.0,0.0,2.5,wave,4814,0,0,0.1410469464063149,True
4,8,23,0.0,0.0,2.5,wave,4690,0,0,0.14349680170575693,True
4,8,24,0.0,0.0,2.5,wave,4578,0,0,0.14635211882918306,True
4,8,25,0.0,0.0,2.5,wave,4468,0,0,0.14816472694717994,True
4,8,26,0.0,0.0,2.5,wave,4398,0,0,0.15052296498408368,True
4,8,27,0.0,0.0,2.5,wave,4288,0,0,0.15438432835820895,True
4,8,28,0.0,0.0,2.5,wave,4173,0,0,0.15791996165827943,True
4,8,29,0.0,0.0,2.5,wave,4104,0,0,0.1600877192982456,True
4,8,30,0.0,0.0,2.5,wave,4028,0,0,0.16261171797418073,True
4,8,31,0.0,0.0,2.5,wave,3968,0,0,0.16557459677419356,True
4,8,32,0.0,0.0,2.5,wave,3901,0,0,0.16893104332222508,True
4,8,33,0.0,0.0,2.5,wave,3826,0,0,0.17198118139048615,True
4,8,34,0.0,0.0,2.5,wave,3730,0,0,0.1769436997319035,True
4,8,35,0.0,0.0,2.5,wave,3675,0,0,0.1798639455782313,True
4,8,36,0.0,0.0,2.5,wave,3624,0,0,0.1834988962472406,True
4,8,37,0.0,0.0,2.5,wave,3518,0,0,0.1884593519044912,True
4,8,38,0.0,0.0,2.5,wave,3468,0,0,0.1900230680507497,True
4,8,39,0.0,0.0,2.5,wave,3426,0,0,0.1929363689433742,True
4,8,40,0.0,0.0,2.5,wave,3381,0,0,0.1940254362614611,True
4,8,41,0.0,0.0,2.5,wave,3341,0,0,0.19604908709967075,True
4,8,42,0.0,0.0,2.5,wave,3288,0,0,0.20103406326034062,True
4,8,43,0.0,0.0,2.5,wave,3923,0,0,0.2814172826918175,True
4,8,44,0.0,0.0,2.5,wave,3636,0,0,0.25495049504950495,True
4,8,45,0.0,0.0,2.5,wave,3463,0,0,0.24256425064972567,True
4,8,46,0.0,0.0,2.5,wave,3392,0,0,0.24056603773584906,True
4,8,47,0.0,0.0,2.5,wave,3356,0,0,0.2395709177592372,True
4,8,48,0.0,0.0,2.5,wave,3310,0,0,0.24471299093655588,True
4,8,49,0.0,0.0,2.5,wave,3270,0,0,0.2489296636085627,True
4,8,50,0.0,0.0,2.5,wave,3241,0,0,0.253933970996606,True
4,8,51,0.0,0.0,2.5,wave,3219,0,0,0.2569120844982914,True
4,8,52,0.0,0.0,2.5,wave,3201,0,0,0.25960637300843487,True
4,9,1,0.0,0.0,2.5,wave,3169,0,0,0.2641211738718839,True
4,9,2,0.0,0.0,2.5,wave,3139,0,0,0.2682382924498248,True
4,9,3,0.0,0.0,2.5,wave,3101,0,0,0.2708803611738149,True
4,9,4,0.0,0.0,2.5,wave,3070,0,0,0.2732899022801303,True
4,9,5,0.0,0.0,2.5,wave,3036,0,0,0.27700922266139655,True
4,9,6,0.0,0.0,2.5,wave,3023,0,0,0.27985444922262653,True
4,9,7,0.0,0.0,2.5,wave,2990,0,0,0.2826086956521739,True
4,9,8,0.0,0.0,2.5,wave,2955,0,0,0.2859560067681895,True
4,9,9,0.0,0.0,2.5,wave,2921,0,0,0.28825744608010956,True
4,9,10,0.0,0.0,2.5,wave,2889,0,0,0.28868120456905505,True
4,9,11,0.0,0.0,2.5,wave,2868,0,0,0.29114365411436544,True
4,9,12,0.0,0.0,2.5,wave,2829,0,0,0.29232944503358077,True
4,9,13,0.0,0.0,2.5,wave,2812,0,0,0.2933854907539118,True
4,9,14,0.0,0.0,2.5,wave,2780,0,0,0.29424460431654675,True
4,9,15,0.0,0.0,2.5,wave,2752,0,0,0.29651162790697677,True
4,9,16,0.0,0.0,2.5,wave,2721,0,0,0.29694965086365305,True
4,9,17,0.0,0.0,2.5,wave,2693,0,0,0.30115113256591164,True
4,9,18,0.0,0.0,2.5,wave,5654,0,0,0.13300318358684118,True
4,9,19,0.0,0.0,2.5,wave,5585,0,0,0.13500447627573858,True
4,9,20,0.0,0.0,2.5,wave,5479,0,0,0.1379813834641358,True
4,9,21,0.0,0.0,2.5,wave,5372,0,0,0.14072970960536113,True
4,9,22,0.0,0.0,2.5,wave,5274,0,0,0.14315510049298444,True
4,9,23,0.0,0.0,2.5,wave,5137,0,0,0.1465836091103757,True
4,9,24,0.0,0.0,2.5,wave,5023,0,0,0.1513040015926737,True
4,9,25,0.0,0.0,2.5,wave,4932,0,0,0.1549067315490673,True
4,9,26,0.0,0.0,2.5,wave,4828,0,0,0.15782932891466445,True
4,9,27,0.0,0.0,2.5,wave,4720,0,0,0.16101694915254236,True
4,9,28,0.0,0.0,2.5,wave,4647,0,0,0.16139444803098774,True
4,9,29,0.0,0.0,2.5,wave,4536,0,0,0.16335978835978837,True
4,9,30,0.0,0.0,2.5,wave,4431,0,0,0.16655382532159782,True
4,9,31,0.0,0.0,2.5,wave,4349,0,0,0.16923430673718096,True
4,9,32,0.0,0.0,2.5,wave,4269,0,0,0.1733427032091825,True
4,9,33,0.0,0.0,2.5,wave,4204,0,0,0.17649857278782113,True
4,9,34,0.0,0.0,2.5,wave,4123,0,0,0.1772980839194761,True
4,9,35,0.0,0.0,2.5,wave,4056,0,0,0.1804733727810651,True
4,9,36,0.0,0.0,2.5,wave,3988,0,0,0.18254764292878636,True
4,9,37,0.0,0.0,2.5,wave,3923,0,0,0.1837879174101453,True
4,9,38,0.0,0.0,2.5,wave,3865,0,0,0.1868046571798189,True
4,9,39,0.0,0.0,2.5,wave,3816,0,0,0.19156184486373165,True
4,9,40,0.0,0.0,2.5,wave,3776,0,0,0.19465042372881355,True
4,9,41,0.0,0.0,2.5,wave,3737,0,0,0.19909017928819908,True
4,9,42,0.0,0.0,2.5,wave,3704,0,0,0.19951403887688984,True
4,9,43,0.0,0.0,2.5,wave,4252,0,0,0.26881467544684856,True
4,9,44,0.0,0.0,2.5,wave,3944,0,0,0.24391480730223122,True
4,9,45,0.0,0.0,2.5,wave,3777,0,0,0.23431294678316125,True
4,9,46,0.0,0.0,2.5,wave,3717,0,0,0.23459779391982782,True
4,9,47,0.0,0.0,2.5,wave,3630,0,0,0.23553719008264462,True
4,9,48,0.0,0.0,2.5,wave,3578,0,0,0.2344885410844047,True
4,9,49,0.0,0.0,2.5,wave,3546,0,0,0.23632261703327692,True
4,9,50,0.0,0.0,2.5,wave,3504,0,0,0.23715753424657535,True
4,9,51,0.0,0.0,2.5,wave,3466,0,0,0.23946912867859205,True
4,9,52,0.0,0.0,2.5,wave,3432,0,0,0.24242424242424243,True
4,10,1,0.0,0.0,2.5,wave,3399,0,0,0.24507208002353634,True
4,10,2,0.0,0.0,2.5,wave,3349,0,0,0.24723798148701104,True
4,10,3,0.0,0.0,2.5,wave,3304,0,0,0.24818401937046006,True
4,10,4,0.0,0.0,2.5,wave,3250,0,0,0.2532307692307692,True
4,10,5,0.0,0.0,2.5,wave,3215,0,0,0.256298600311042,True
4,10,6,0.0,0.0,2.5,wave,3170,0,0,0.2577287066246057,True
4,10,7,0.0,0.0,2.5,wave,3137,0,0,0.26075868664328977,True
4,10,8,0.0,0.0,2.5,wave,3096,0,0,0.2638888888888889,True
4,10,9,0.0,0.0,2.5,wave,3063,0,0,0.267058439438459,True
4,10,10,0.0,0.0,2.5,wave,3034,0,0,0.2682926829268293,True
4,10,11,0.0,0.0,2.5,wave,2996,0,0,0.26935914552736984,True
4,10,12,0.0,0.0,2.5,wave,2953,0,0,0.2719268540467321,True
4,10,13,0.0,0.0,2.5,wave,2927,0,0,0.2750256235052955,True
4,10,14,0.0,0.0,2.5,wave,2894,0,0,0.27712508638562544,True
4,10,15,0.0,0.0,2.5,wave,2861,0,0,0.28067109402306883,True
4,10,16,0.0,0.0,2.5,wave,2836,0,0,0.2834978843441467,True
4,10,17,0.0,0.0,2.5,wave,2801,0,0,0.28525526597643697,True
4,10,18,0.0,0.0,2.5,wave,6065,0,0,0.12646331409727948,True
4,10,19,0.0,0.0,2.5,wave,5957,0,0,0.12791673661238878,True
4,10,20,0.0,0.0,2.5,wave,5798,0,0,0.13228699551569506,True
4,10,21,0.0,0.0,2.5,wave,5695,0,0,0.13520632133450394,True
4,10,22,0.0,0.0,2.5,wave,5579,0,0,0.13747983509589531,True
4,10,23,0.0,0.0,2.5,wave,5474,0,0,0.1402995981001096,True
4,10,24,0.0,0.0,2.5,wave,5358,0,0,0.1435237028742068,True
4,10,25,0.0,0.0,2.5,wave,5230,0,0,0.1479923518164436,True
4,10,26,0.0,0.0,2.5,wave,5133,0,0,0.15078901227352426,True
4,10,27,0.0,0.0,2.5,wave,5060,0,0,0.15454545454545454,True
4,10,28,0.0,0.0,2.5,wave,4969,0,0,0.15737572952304288,True
4,10,29,0.0,0.0,2.5,wave,4894,0,0,0.159991826726604,True
4,10,30,0.0,0.0,2.5,wave,4802,0,0,0.16347355268638067,True
4,10,31,0.0,0.0,2.5,wave,4716,0,0,0.16581849024597117,True
4,10,32,0.0,0.0,2.5,wave,4636,0,0,0.1684641932700604,True
4,10,33,0.0,0.0,2.5,wave,4558,0,0,0.17134708205353225,True
4,10,34,0.0,0.0,2.5,wave,4495,0,0,0.17419354838709677,True
4,10,35,0.0,0.0,2.5,wave,4423,0,0,0.17589871128193535,True
4,10,36,0.0,0.0,2.5,wave,4325,0,0,0.1784971098265896,True
4,10,37,0.0,0.0,2.5,wave,4227,0,0,0.1812159924296191,True
4,10,38,0.0,0.0,2.5,wave,4153,0,0,0.18468576932338068,True
4,10,39,0.0,0.0,2.5,wave,4106,0,0,0.18679980516317585,True
4,10,40,0.0,0.0,2.5,wave,4052,0,0,0.19052319842053306,True
4,10,41,0.0,0.0,2.5,wave,4004,0,0,0.1933066933066933,True
4,10,42,0.0,0.0,2.5,wave,3954,0,0,0.19423368740515934,True
4,10,43,0.0,0.0,2.5,wave,4695,0,0,0.28136315228966985,True
4,10,44,0.0,0.0,2.5,wave,4306,0,0,0.25243845796562936,True
4,10,45,0.0,0.0,2.5,wave,4031,0,0,0.2366658397419995,True
4,10,46,0.0,0.0,2.5,wave,3949,0,0,0.23651557356292732,True
4,10,47,0.0,0.0,2.5,wave,3863,0,0,0.2345327465700233,True
4,10,48,0.0,0.0,2.5,wave,3808,0,0,0.23608193277310924,True
4,10,49,0.0,0.0,2.5,wave,3769,0,0,0.2395860971079862,True
4,10,50,0.0,0.0,2.5,wave,3705,0,0,0.24102564102564103,True
4,10,51,0.0,0.0,2.5,wave,3693,0,0,0.24532900081234768,True
4,10,52,0.0,0.0,2.5,wave,3659,0,0,0.24760863623940968,True
4,11,1,0.0,0.0,2.5,wave,3620,0,0,0.2511049723756906,True
4,11,2,0.0,0.0,2.5,wave,3594,0,0,0.25208681135225375,True
4,11,3,0.0,0.0,2.5,wave,3546,0,0,0.25380710659898476,True
4,11,4,0.0,0.0,2.5,wave,3501,0,0,0.25678377606398173,True
4,11,5,0.0,0.0,2.5,wave,3458,0,0,0.25824175824175827,True
4,11,6,0.0,0.0,2.5,wave,3417,0,0,0.2607550482879719,True
4,11,7,0.0,0.0,2.5,wave,3387,0,0,0.26217891939769705,True
4,11,8,0.0,0.0,2.5,wave,3356,0,0,0.2643027413587604,True
4,11,9,0.0,0.0,2.5,wave,3322,0,0,0.2667068031306442,True
4,11,10,0.0,0.0,2.5,wave,3286,0,0,0.2668898356664638,True
4,11,11,0.0,0.0,2.5,wave,3257,0,0,0.2698802579060485,True
4,11,12,0.0,0.0,2.5,wave,3228,0,0,0.27199504337050806,True
4,11,13,0.0,0.0,2.5,wave,3192,0,0,0.275062656641604,True
4,11,14,0.0,0.0,2.5,wave,3161,0,0,0.27776020246757355,True
4,11,15,0.0,0.0,2.5,wave,3114,0,0,0.28034682080924855,True
4,11,16,0.0,0.0,2.5,wave,3089,0,0,0.281644545160246,True
4,11,17,0.0,0.0,2.5,wave,3046,0,0,0.2843072882468812,True
4,11,18,0.0,0.0,2.5,wave,6463,0,0,0.12873278663159524,True
4,11,19,0.0,0.0,2.5,wave,6356,0,0,0.131529263687854,True
4,11,20,0.0,0.0,2.5,wave,6235,0,0,0.1339214113873296,True
4,11,21,0.0,0.0,2.5,wave,6132,0,0,0.13666014350945857,True
4,11,22,0.0,0.0,2.5,wave,6003,0,0,0.13959686823255038,True
4,11,23,0.0,0.0,2.5,wave,5882,0,0,0.1429785787147229,True
4,11,24,0.0,0.0,2.5,wave,5791,0,0,0.14522534968053877,True
4,11,25,0.0,0.0,2.5,wave,5662,0,0,0.14712115860120098,True
4,11,26,0.0,0.0,2.5,wave,5568,0,0,0.1497844827586207,True
4,11,27,0.0,0.0,2.5,wave,5459,0,0,0.15149294742626854,True
4,11,28,0.0,0.0,2.5,wave,5353,0,0,0.15449280777134317,True
4,11,29,0.0,0.0,2.5,wave,5252,0,0,0.15632140137090633,True
4,11,30,0.0,0.0,2.5,wave,5163,0,0,0.15920976176641488,True
4,11,31,0.0,0.0,2.5,wave,5076,0,0,0.16233254531126873,True
4,11,32,0.0,0.0,2.5,wave,4997,0,0,0.16569941965179108,True
4,11,33,0.0,0.0,2.5,wave,4884,0,0,0.16953316953316952,True
4,11,34,0.0,0.0,2.5,wave,4796,0,0,0.17326939115929943,True
4,11,35,0.0,0.0,2.5,wave,4726,0,0,0.1752010156580618,True
4,11,36,0.0,0.0,2.5,wave,4630,0,0,0.18012958963282938,True
4,11,37,0.0,0.0,2.5,wave,4557,0,0,0.1825762563089752,True
4,11,38,0.0,0.0,2.5,wave,4504,0,0,0.18405861456483127,True
4,11,39,0.0,0.0,2.5,wave,4447,0,0,0.18619293906004047,True
4,11,40,0.0,0.0,2.5,wave,4391,0,0,0.18811204736961967,True
4,11,41,0.0,0.0,2.5,wave,4338,0,0,0.1908713692946058,True
4,11,42,0.0,0.0,2.5,wave,4286,0,0,0.19435370975268315,True
4,11,43,0.0,0.0,2.5,wave,4949,0,0,0.2707617700545565,True
4,11,44,0.0,0.0,2.5,wave,4521,0,0,0.24286662242866622,True
4,11,45,0.0,0.0,2.5,wave,4296,0,0,0.2325418994413408,True
4,11,46,0.0,0.0,2.5,wave,4189,0,0,0.22797803771783243,True
4,11,47,0.0,0.0,2.5,wave,4102,0,0,0.22793759141882008,True
4,11,48,0.0,0.0,2.5,wave,4046,0,0,0.2296094908551656,True
4,11,49,0.0,0.0,2.5,wave,4028,0,0,0.2321251241310824,True
4,11,50,0.0,0.0,2.5,wave,3999,0,0,0.23830957739434858,True
4,11,51,0.0,0.0,2.5,wave,3967,0,0,0.24023191328459792,True
4,11,52,0.0,0.0,2.5,wave,3925,0,0,0.2405095541401274,True
5,1,1,0.0,0.0,2.5,wave,2717,0,0,0.001472211998527788,True
5,1,2,0.0,0.0,2.5,wave,2658,0,0,0.004890895410082769,True
5,1,3,0.0,0.0,2.5,wave,2585,0,0,0.008123791102514507,True
5,1,4,0.0,0.0,2.5,wave,2480,0,0,0.008467741935483872,True
5,1,5,0.0,0.0,2.5,wave,2392,0,0,0.010869565217391304,True
5,1,6,0.0,0.0,2.5,wave,2305,0,0,0.013449023861171366,True
5,1,7,0.0,0.0,2.5,wave,2234,0,0,0.01566696508504924,True
5,1,8,0.0,0.0,2.5,wave,2160,0,0,0.017592592592592594,True
5,1,9,0.0,0.0,2.5,wave,2081,0,0,0.020663142719846227,True
5,1,10,0.0,0.0,2.5,wave,2032,0,0,0.022637795275590553,True
5,1,11,0.0,0.0,2.5,wave,1982,0,0,0.02472250252270434,True
5,1,12,0.0,0.0,2.5,wave,1922,0,0,0.027575442247658687,True
5,1,13,0.0,0.0,2.5,wave,1859,0,0,0.027434104357181282,True
5,1,14,0.0,0.0,2.5,wave,1799,0,0,0.029460811561978877,True
5,1,15,0.0,0.0,2.5,wave,1735,0,0,0.03112391930835735,True
5,1,16,0.0,0.0,2.5,wave,1680,0,0,0.033928571428571426,True
5,1,17,0.0,0.0,2.5,wave,1663,0,0,0.035478051713770296,True
5,1,18,0.0,0.0,2.5,wave,4717,0,0,0.014627941488234047,True
5,1,19,0.0,0.0,2.5,wave,4387,0,0,0.015956234328698426,True
5,1,20,0.0,0.0,2.5,wave,4118,0,0,0.0199125789218067,True
5,1,21,0.0,0.0,2.5,wave,3986,0,0,0.02132463622679378,True
5,1,22,0.0,0.0,2.5,wave,3835,0,0,0.021903520208604955,True
5,1,23,0.0,0.0,2.5,wave,3698,0,0,0.023796646836127637,True
5,1,24,0.0,0.0,2.5,wave,3585,0,0,0.026778242677824266,True
5,1,25,0.0,0.0,2.5,wave,3464,0,0,0.029445727482678985,True
5,1,26,0.0,0.0,2.5,wave,3381,0,0,0.0313516711032239,True
5,1,27,0.0,0.0,2.5,wave,3310,0,0,0.03262839879154079,True
5,1,28,0.0,0.0,2.5,wave,3193,0,0,0.03538991544002505,True
5,1,29,0.0,0.0,2.5,wave,3123,0,0,0.03810438680755684,True
5,1,30,0.0,0.0,2.5,wave,3063,0,0,0.03885079986940908,True
5,1,31,0.0,0.0,2.5,wave,3013,0,0,0.04082309990043147,True
5,1,32,0.0,0.0,2.5,wave,2939,0,0,0.0421912215039129,True
5,1,33,0.0,0.0,2.5,wave,2865,0,0,0.043280977312390924,True
5,1,34,0.0,0.0,2.5,wave,2792,0,0,0.04369627507163324,True
5,1,35,0.0,0.0,2.5,wave,2734,0,0,0.04681784930504755,True
5,1,36,0.0,0.0,2.5,wave,2686,0,0,0.04877140729709605,True
5,1,37,0.0,0.0,2.5,wave,2624,0,0,0.051829268292682924,True
5,1,38,0.0,0.0,2.5,wave,2571,0,0,0.054064566316608324,True
5,1,39,0.0,0.0,2.5,wave,2524,0,0,0.0554675118858954,True
5,1,40,0.0,0.0,2.5,wave,2473,0,0,0.058228871815608575,True
5,1,41,0.0,0.0,2.5,wave,2431,0,0,0.061703002879473466,True
5,1,42,0.0,0.0,2.5,wave,2402,0,0,0.06328059950041633,True
5,1,43,0.0,0.0,2.5,wave,3009,0,0,0.1548687271518777,True
5,1,44,0.0,0.0,2.5,wave,2703,0,0,0.11838697743248243,True
5,1,45,0.0,0.0,2.5,wave,2523,0,0,0.10741181133571145,True
5,1,46,0.0,0.0,2.5,wave,2457,0,0,0.1045991045991046,True
5,1,47,0.0,0.0,2.5,wave,2380,0,0,0.10336134453781512,True
5,1,48,0.0,0.0,2.5,wave,2296,0,0,0.10540069686411149,True
5,1,49,0.0,0.0,2.5,wave,2228,0,0,0.10771992818671454,True
5,1,50,0.0,0.0,2.5,wave,2184,0,0,0.10897435897435898,True
5,1,51,0.0,0.0,2.5,wave,2143,0,0,0.10872608492767148,True
5,1,52,0.0,0.0,2.5,wave,2111,0,0,0.10847939365229749,True
5,2,1,0.0,0.0,2.5,wave,2076,18,4,0.1103082851637765,False
5,2,2,0.0,0.0,2.5,wave,2053,24,11,0.11251826595226498,False
5,2,3,0.0,0.0,2.5,wave,2018,27,9,0.11496531219028741,False
5,2,4,0.0,0.0,2.5,wave,1991,23,8,0.11803114013058764,False
5,2,5,0.0,0.0,2.5,wave,1965,24,11,0.12010178117048347,False
5,2,6,0.0,0.0,2.5,wave,1933,25,10,0.12209001551991723,False
5,2,7,0.0,0.0,2.5,wave,1892,25,11,0.12420718816067654,False
5,2,8,0.0,0.0,2.5,wave,1862,25,11,0.12459720730397422,False
5,2,9,0.0,0.0,2.5,wave,1837,19,9,0.12574850299401197,False
5,2,10,0.0,0.0,2.5,wave,1803,21,9,0.12590127565169162,False
5,2,11,0.0,0.0,2.5,wave,1776,22,8,0.13006756756756757,False
5,2,12,0.0,0.0,2.5,wave,1752,23,10,0.1329908675799087,False
5,2,13,0.0,0.0,2.5,wave,1722,25,10,0.13356562137049943,False
5,2,14,0.0,0.0,2.5,wave,1698,23,5,0.13427561837455831,False
5,2,15,0.0,0.0,2.5,wave,1663,20,8,0.13529765484064943,False
5,2,16,0.0,0.0,2.5,wave,1651,22,12,0.1374924288310115,False
5,2,17,0.0,0.0,2.5,wave,1624,18,8,0.13793103448275862,False
5,2,18,0.0,0.0,2.5,wave,3024,13,5,0.07539682539682539,False
5,2,19,0.0,0.0,2.5,wave,2953,19,2,0.07653233999322723,False
5,2,20,0.0,0.0,2.5,wave,2896,17,6,0.0787292817679558,False
5,2,21,0.0,0.0,2.5,wave,2840,29,9,0.08169014084507042,False
5,2,22,0.0,0.0,2.5,wave,2795,30,8,0.08372093023255814,False
5,2,23,0.0,0.0,2.5,wave,2730,34,11,0.08461538461538462,False
5,2,24,0.0,0.0,2.5,wave,2666,36,11,0.08739684921230308,False
5,2,25,0.0,0.0,2.5,wave,2593,42,8,0.09024296182028538,False
5,2,26,0.0,0.0,2.5,wave,2536,38,11,0.0918769716088328,False
5,2,27,0.0,0.0,2.5,wave,2472,44,16,0.09506472491909385,False
5,2,28,0.0,0.0,2.5,wave,2399,42,14,0.09754064193413922,False
5,2,29,0.0,0.0,2.5,wave,2343,40,16,0.0973111395646607,False
5,2,30,0.0,0.0,2.5,wave,2289,45,17,0.10135430318916558,False
5,2,31,0.0,0.0,2.5,wave,2199,41,12,0.10413824465666212,False
5,2,32,0.0,0.0,2.5,wave,2164,39,15,0.10767097966728281,False
5,2,33,0.0,0.0,2.5,wave,2106,42,12,0.10826210826210826,False
5,2,34,0.0,0.0,2.5,wave,2033,28,6,0.11214953271028037,False
5,2,35,0.0,0.0,2.5,wave,2005,31,12,0.11521197007481297,False
5,2,36,0.0,0.0,2.5,wave,1958,30,14,0.11695607763023494,False
5,2,37,0.0,0.0,2.5,wave,1927,25,9,0.12039439543331604,False
5,2,38,0.0,0.0,2.5,wave,1894,25,13,0.12196409714889124,False
5,2,39,0.0,0.0,2.5,wave,1875,24,13,0.12533333333333332,False
5,2,40,0.0,0.0,2.5,wave,1830,18,9,0.1284153005464481,False
5,2,41,0.0,0.0,2.5,wave,1799,19,9,0.13173985547526404,False
5,2,42,0.0,0.0,2.5,wave,1774,17,4,0.13472378804960541,False
5,2,43,0.0,0.0,2.5,wave,2347,19,5,0.26629740093736687,False
5,2,44,0.0,0.0,2.5,wave,2047,17,12,0.20908646800195407,False
5,2,45,0.0,0.0,2.5,wave,1927,12,8,0.19460300985988582,False
5,2,46,0.0,0.0,2.5,wave,1845,5,4,0.1880758807588076,False
5,2,47,0.0,0.0,2.5,wave,1808,6,2,0.1886061946902655,False
5,2,48,0.0,0.0,2.5,wave,1797,4,0,0.19421257651641624,False
5,2,49,0.0,0.0,2.5,wave,1783,4,1,0.195176668536175,False
5,2,50,0.0,0.0,2.5,wave,1764,5,2,0.1989795918367347,False
5,2,51,0.0,0.0,2.5,wave,1740,4,2,0.19712643678160918,False
5,2,52,0.0,0.0,2.5,wave,1720,3,1,0.2,False
5,3,1,0.0,0.0,2.5,wave,1704,2,1,0.20305164319248825,False
5,3,2,0.0,0.0,2.5,wave,1683,1,1,0.20320855614973263,False
5,3,3,0.0,0.0,2.5,wave,1679,1,1,0.2054794520547945,False
5,3,4,0.0,0.0,2.5,wave,1652,0,0,0.20641646489104115,True
5,3,5,0.0,0.0,2.5,wave,1637,0,0,0.21136224801466097,True
5,3,6,0.0,0.0,2.5,wave,1612,0,0,0.2109181141439206,True
5,3,7,0.0,0.0,2.5,wave,1596,0,0,0.21553884711779447,True
5,3,8,0.0,0.0,2.5,wave,1572,0,0,0.21882951653944022,True
5,3,9,0.0,0.0,2.5,wave,1556,0,0,0.22300771208226222,True
5,3,10,0.0,0.0,2.5,wave,1545,0,0,0.22459546925566343,True
5,3,11,0.0,0.0,2.5,wave,1526,0,0,0.22608125819134994,True
5,3,12,0.0,0.0,2.5,wave,1507,0,0,0.2242866622428666,True
5,3,13,0.0,0.0,2.5,wave,1489,0,0,0.2256548018804567,True
5,3,14,0.0,0.0,2.5,wave,1473,0,0,0.2287847929395791,True
5,3,15,0.0,0.0,2.5,wave,1451,0,0,0.23018607856650586,True
5,3,16,0.0,0.0,2.5,wave,1431,0,0,0.23270440251572327,True
5,3,17,0.0,0.0,2.5,wave,1420,0,0,0.2352112676056338,True
5,3,18,0.0,0.0,2.5,wave,3267,0,0,0.10192837465564739,True
5,3,19,0.0,0.0,2.5,wave,3190,0,0,0.10407523510971786,True
5,3,20,0.0,0.0,2.5,wave,3125,0,0,0.10592,True
5,3,21,0.0,0.0,2.5,wave,3043,0,0,0.10943148209004272,True
5,3,22,0.0,0.0,2.5,wave,2983,0,0,0.1116325846463292,True
5,3,23,0.0,0.0,2.5,wave,2898,0,0,0.11559696342305038,True
5,3,24,0.0,0.0,2.5,wave,2814,0,0,0.11798152096659559,True
5,3,25,0.0,0.0,2.5,wave,2769,0,0,0.12026002166847237,True
5,3,26,0.0,0.0,2.5,wave,2718,0,0,0.12362030905077263,True
5,3,27,0.0,0.0,2.5,wave,2620,0,0,0.12480916030534352,True
5,3,28,0.0,0.0,2.5,wave,2574,0,0,0.1258741258741259,True
5,3,29,0.0,0.0,2.5,wave,2504,0,0,0.13138977635782748,True
5,3,30,0.0,0.0,2.5,wave,2438,0,0,0.1357670221493027,True
5,3,31,0.0,0.0,2.5,wave,2382,0,0,0.1385390428211587,True
5,3,32,0.0,0.0,2.5,wave,2317,0,0,0.14113077255071213,True
5,3,33,0.0,0.0,2.5,wave,2240,0,0,0.14598214285714287,True
5,3,34,0.0,0.0,2.5,wave,2137,0,0,0.14974262985493683,True
5,3,35,0.0,0.0,2.5,wave,2101,0,0,0.1518324607329843,True
5,3,36,0.0,0.0,2.5,wave,2048,0,0,0.15625,True
5,3,37,0.0,0.0,2.5,wave,2007,0,0,0.15794718485301446,True
5,3,38,0.0,0.0,2.5,wave,1971,0,0,0.16083206494165397,True
5,3,39,0.0,0.0,2.5,wave,1941,0,0,0.16537867078825347,True
5,3,40,0.0,0.0,2.5,wave,1914,0,0,0.16666666666666666,True
5,3,41,0.0,0.0,2.5,wave,1881,0,0,0.1695906432748538,True
5,3,42,0.0,0.0,2.5,wave,1843,0,0,0.17308735756918067,True
5,3,43,0.0,0.0,2.5,wave,2505,0,0,0.2942115768463074,True
5,3,44,0.0,0.0,2.5,wave,2205,0,0,0.25124716553287985,True
5,3,45,0.0,0.0,2.5,wave,2047,0,0,0.2330239374694675,True
5,3,46,0.0,0.0,2.5,wave,1947,0,0,0.22085259373394966,True
5,3,47,0.0,0.0,2.5,wave,1902,0,0,0.2192429022082019,True
5,3,48,0.0,0.0,2.5,wave,1866,0,0,0.2207931404072883,True
5,3,49,0.0,0.0,2.5,wave,1853,0,0,0.22234214786832163,True
5,3,50,0.0,0.0,2.5,wave,1830,0,0,0.22404371584699453,True
5,3,51,0.0,0.0,2.5,wave,1815,0,0,0.22865013774104684,True
5,3,52,0.0,0.0,2.5,wave,1802,0,0,0.22807991120976692,True
5,4,1,0.0,0.0,2.5,wave,1794,0,0,0.23132664437012262,True
5,4,2,0.0,0.0,2.5,wave,1764,0,0,0.23526077097505668,True
5,4,3,0.0,0.0,2.5,wave,1741,0,0,0.23779437105112006,True
5,4,4,0.0,0.0,2.5,wave,1731,0,0,0.24090121317157712,True
5,4,5,0.0,0.0,2.5,wave,1720,0,0,0.24593023255813953,True
5,4,6,0.0,0.0,2.5,wave,1708,0,0,0.25,True
5,4,7,0.0,0.0,2.5,wave,1684,0,0,0.24643705463182897,True
5,4,8,0.0,0.0,2.5,wave,1660,0,0,0.2493975903614458,True
5,4,9,0.0,0.0,2.5,wave,1629,0,0,0.25475751995089013,True
5,4,10,0.0,0.0,2.5,wave,1607,0,0,0.2551337896701929,True
5,4,11,0.0,0.0,2.5,wave,1584,0,0,0.2569444444444444,True
5,4,12,0.0,0.0,2.5,wave,1566,0,0,0.26053639846743293,True
5,4,13,0.0,0.0,2.5,wave,1549,0,0,0.263395739186572,True
5,4,14,0.0,0.0,2.5,wave,1530,0,0,0.2647058823529412,True
5,4,15,0.0,0.0,2.5,wave,1513,0,0,0.2670191672174488,True
5,4,16,0.0,0.0,2.5,wave,1498,0,0,0.26702269692923897,True
5,4,17,0.0,0.0,2.5,wave,1479,0,0,0.26436781609195403,True
5,4,18,0.0,0.0,2.5,wave,3135,0,0,0.12472089314194577,True
5,4,19,0.0,0.0,2.5,wave,3084,0,0,0.1264591439688716,True
5,4,20,0.0,0.0,2.5,wave,3049,0,0,0.12856674319449,True
5,4,21,0.0,0.0,2.5,wave,2993,0,0,0.13230872034747745,True
5,4,22,0.0,0.0,2.5,wave,2948,0,0,0.13364993215739485,True
5,4,23,0.0,0.0,2.5,wave,2881,0,0,0.13536966331135022,True
5,4,24,0.0,0.0,2.5,wave,2824,0,0,0.1359773371104816,True
5,4,25,0.0,0.0,2.5,wave,2763,0,0,0.13789359391965256,True
5,4,26,0.0,0.0,2.5,wave,2716,0,0,0.140279823269514,True
5,4,27,0.0,0.0,2.5,wave,2625,0,0,0.14285714285714285,True
5,4,28,0.0,0.0,2.5,wave,2537,0,0,0.14820654316121404,True
5,4,29,0.0,0.0,2.5,wave,2489,0,0,0.14905584572117317,True
5,4,30,0.0,0.0,2.5,wave,2432,0,0,0.14967105263157895,True
5,4,31,0.0,0.0,2.5,wave,2396,0,0,0.15191986644407346,True
5,4,32,0.0,0.0,2.5,wave,2274,0,0,0.1517150395778364,True
5,4,33,0.0,0.0,2.5,wave,2245,0,0,0.15367483296213807,True
5,4,34,0.0,0.0,2.5,wave,2172,0,0,0.15699815837937384,True
5,4,35,0.0,0.0,2.5,wave,2113,0,0,0.16043539990534786,True
5,4,36,0.0,0.0,2.5,wave,2073,0,0,0.16208393632416787,True
5,4,37,0.0,0.0,2.5,wave,2033,0,0,0.1633054599114609,True
5,4,38,0.0,0.0,2.5,wave,2004,0,0,0.16816367265469062,True
5,4,39,0.0,0.0,2.5,wave,1976,0,0,0.16902834008097167,True
5,4,40,0.0,0.0,2.5,wave,1936,0,0,0.1740702479338843,True
5,4,41,0.0,0.0,2.5,wave,1910,0,0,0.17801047120418848,True
5,4,42,0.0,0.0,2.5,wave,1881,0,0,0.18128654970760233,True
5,4,43,0.0,0.0,2.5,wave,2592,0,0,0.3117283950617284,True
5,4,44,0.0,0.0,2.5,wave,2294,0,0,0.2632955536181343,True
5,4,45,0.0,0.0,2.5,wave,2077,0,0,0.23062108810784784,True
5,4,46,0.0,0.0,2.5,wave,1981,0,0,0.22160524987380112,True
5,4,47,0.0,0.0,2.5,wave,1906,0,0,0.21563483735571878,True
5,4,48,0.0,0.0,2.5,wave,1871,0,0,0.21432389096739712,True
5,4,49,0.0,0.0,2.5,wave,1842,0,0,0.21444082519001087,True
5,4,50,0.0,0.0,2.5,wave,1820,0,0,0.2164835164835165,True
5,4,51,0.0,0.0,2.5,wave,1801,0,0,0.21710161021654636,True
5,4,52,0.0,0.0,2.5,wave,1783,0,0,0.21985417835109367,True
5,5,1,0.0,0.0,2.5,wave,1760,0,0,0.2215909090909091,True
5,5,2,0.0,0.0,2.5,wave,1742,0,0,0.2227324913892078,True
5,5,3,0.0,0.0,2.5,wave,1728,0,0,0.22569444444444445,True
5,5,4,0.0,0.0,2.5,wave,1708,0,0,0.2300936768149883,True
5,5,5,0.0,0.0,2.5,wave,1687,0,0,0.23236514522821577,True
5,5,6,0.0,0.0,2.5,wave,1665,0,0,0.23423423423423423,True
5,5,7,0.0,0.0,2.5,wave,1648,0,0,0.23483009708737865,True
5,5,8,0.0,0.0,2.5,wave,1626,0,0,0.23739237392373924,True
5,5,9,0.0,0.0,2.5,wave,1614,0,0,0.24225526641883519,True
5,5,10,0.0,0.0,2.5,wave,1599,0,0,0.24702939337085678,True
5,5,11,0.0,0.0,2.5,wave,1587,0,0,0.2495274102079395,True
5,5,12,0.0,0.0,2.5,wave,1565,0,0,0.2504792332268371,True
5,5,13,0.0,0.0,2.5,wave,1545,0,0,0.2537216828478964,True
5,5,14,0.0,0.0,2.5,wave,1527,0,0,0.25802226588081206,True
5,5,15,0.0,0.0,2.5,wave,1509,0,0,0.2617627567925779,True
5,5,16,0.0,0.0,2.5,wave,1499,0,0,0.26417611741160774,True
5,5,17,0.0,0.0,2.5,wave,1482,0,0,0.26653171390013497,True
5,5,18,0.0,0.0,2.5,wave,3208,0,0,0.12375311720698254,True
5,5,19,0.0,0.0,2.5,wave,3140,0,0,0.12611464968152866,True
5,5,20,0.0,0.0,2.5,wave,3065,0,0,0.1295269168026101,True
5,5,21,0.0,0.0,2.5,wave,3012,0,0,0.13147410358565736,True
5,5,22,0.0,0.0,2.5,wave,2949,0,0,0.1346219057307562,True
5,5,23,0.0,0.0,2.5,wave,2884,0,0,0.13730929264909847,True
5,5,24,0.0,0.0,2.5,wave,2819,0,0,0.14047534586732885,True
5,5,25,0.0,0.0,2.5,wave,2763,0,0,0.14259862468331524,True
5,5,26,0.0,0.0,2.5,wave,2704,0,0,0.14571005917159763,True
5,5,27,0.0,0.0,2.5,wave,2656,0,0,0.14871987951807228,True
5,5,28,0.0,0.0,2.5,wave,2564,0,0,0.15054602184087362,True
5,5,29,0.0,0.0,2.5,wave,2494,0,0,0.15437048917401763,True
5,5,30,0.0,0.0,2.5,wave,2428,0,0,0.15939044481054365,True
5,5,31,0.0,0.0,2.5,wave,2372,0,0,0.16104553119730186,True
5,5,32,0.0,0.0,2.5,wave,2335,0,0,0.16659528907922913,True
5,5,33,0.0,0.0,2.5,wave,2283,0,0,0.16907577748576436,True
5,5,34,0.0,0.0,2.5,wave,2229,0,0,0.1727231942575146,True
5,5,35,0.0,0.0,2.5,wave,2175,0,0,0.17471264367816092,True
5,5,36,0.0,0.0,2.5,wave,2108,0,0,0.18121442125237192,True
5,5,37,0.0,0.0,2.5,wave,2071,0,0,0.18541767262192177,True
5,5,38,0.0,0.0,2.5,wave,2039,0,0,0.1868563021088769,True
5,5,39,0.0,0.0,2.5,wave,1993,0,0,0.18866031108881084,True
5,5,40,0.0,0.0,2.5,wave,1944,0,0,0.18930041152263374,True
5,5,41,0.0,0.0,2.5,wave,1910,0,0,0.1931937172774869,True
5,5,42,0.0,0.0,2.5,wave,1884,0,0,0.19639065817409768,True
5,5,43,0.0,0.0,2.5,wave,2736,0,0,0.3402777777777778,True
5,5,44,0.0,0.0,2.5,wave,2335,0,0,0.28522483940042825,True
5,5,45,0.0,0.0,2.5,wave,2102,0,0,0.25784966698382494,True
5,5,46,0.0,0.0,2.5,wave,1972,0,0,0.24746450304259635,True
5,5,47,0.0,0.0,2.5,wave,1871,0,0,0.2335649385355425,True
5,5,48,0.0,0.0,2.5,wave,1827,0,0,0.2348111658456486,True
5,5,49,0.0,0.0,2.5,wave,1812,0,0,0.23454746136865343,True
5,5,50,0.0,0.0,2.5,wave,1783,0,0,0.23499719573752104,True
5,5,51,0.0,0.0,2.5,wave,1764,0,0,0.23582766439909297,True
5,5,52,0.0,0.0,2.5,wave,1751,0,0,0.23700742432895489,True
5,6,1,0.0,0.0,2.5,wave,1732,0,0,0.23556581986143188,True
5,6,2,0.0,0.0,2.5,wave,1707,0,0,0.23608670181605154,True
5,6,3,0.0,0.0,2.5,wave,1689,0,0,0.2403789224393132,True
5,6,4,0.0,0.0,2.5,wave,1667,0,0,0.23995200959808038,True
5,6,5,0.0,0.0,2.5,wave,1656,0,0,0.24396135265700483,True
5,6,6,0.0,0.0,2.5,wave,1636,0,0,0.24572127139364303,True
5,6,7,0.0,0.0,2.5,wave,1619,0,0,0.24768375540457072,True
5,6,8,0.0,0.0,2.5,wave,1595,0,0,0.2495297805642633,True
5,6,9,0.0,0.0,2.5,wave,1574,0,0,0.25285895806861497,True
5,6,10,0.0,0.0,2.5,wave,1551,0,0,0.25338491295938104,True
5,6,11,0.0,0.0,2.5,wave,1541,0,0,0.25502920181700195,True
5,6,12,0.0,0.0,2.5,wave,1525,0,0,0.2577049180327869,True
5,6,13,0.0,0.0,2.5,wave,1513,0,0,0.25710508922670194,True
5,6,14,0.0,0.0,2.5,wave,1501,0,0,0.2598267821452365,True
5,6,15,0.0,0.0,2.5,wave,1487,0,0,0.2609280430396772,True
5,6,16,0.0,0.0,2.5,wave,1470,0,0,0.2619047619047619,True
5,6,17,0.0,0.0,2.5,wave,1461,0,0,0.26351813826146475,True
5,6,18,0.0,0.0,2.5,wave,3091,0,0,0.12390812034940149,True
5,6,19,0.0,0.0,2.5,wave,3042,0,0,0.12656147271531887,True
5,6,20,0.0,0.0,2.5,wave,2975,0,0,0.1284033613445378,True
5,6,21,0.0,0.0,2.5,wave,2892,0,0,0.13312586445366528,True
5,6,22,0.0,0.0,2.5,wave,2850,0,0,0.1368421052631579,True
5,6,23,0.0,0.0,2.5,wave,2796,0,0,0.1402002861230329,True
5,6,24,0.0,0.0,2.5,wave,2735,0,0,0.14223034734917733,True
5,6,25,0.0,0.0,2.5,wave,2669,0,0,0.14462345447733232,True
5,6,26,0.0,0.0,2.5,wave,2612,0,0,0.14816232771822357,True
5,6,27,0.0,0.0,2.5,wave,2539,0,0,0.1492713666797952,True
5,6,28,0.0,0.0,2.5,wave,2478,0,0,0.1529459241323648,True
5,6,29,0.0,0.0,2.5,wave,2432,0,0,0.15378289473684212,True
5,6,30,0.0,0.0,2.5,wave,2367,0,0,0.1592733417828475,True
5,6,31,0.0,0.0,2.5,wave,2319,0,0,0.16472617507546355,True
5,6,32,0.0,0.0,2.5,wave,2275,0,0,0.16791208791208792,True
5,6,33,0.0,0.0,2.5,wave,2225,0,0,0.1703370786516854,True
5,6,34,0.0,0.0,2.5,wave,2175,0,0,0.17103448275862068,True
5,6,35,0.0,0.0,2.5,wave,2127,0,0,0.17395392571697227,True
5,6,36,0.0,0.0,2.5,wave,2073,0,0,0.17800289435600578,True
5,6,37,0.0,0.0,2.5,wave,2019,0,0,0.1817731550272412,True
5,6,38,0.0,0.0,2.5,wave,1977,0,0,0.18361153262518967,True
5,6,39,0.0,0.0,2.5,wave,1948,0,0,0.18531827515400412,True
5,6,40,0.0,0.0,2.5,wave,1925,0,0,0.18753246753246752,True
5,6,41,0.0,0.0,2.5,wave,1886,0,0,0.18875927889713678,True
5,6,42,0.0,0.0,2.5,wave,1868,0,0,0.19164882226980728,True
5,6,43,0.0,0.0,2.5,wave,2852,0,0,0.33485273492286116,True
5,6,44,0.0,0.0,2.5,wave,2422,0,0,0.2910817506193229,True
5,6,45,0.0,0.0,2.5,wave,2172,0,0,0.25828729281767954,True
5,6,46,0.0,0.0,2.5,wave,2046,0,0,0.23900293255131966,True
5,6,47,0.0,0.0,2.5,wave,1941,0,0,0.22359608449252963,True
5,6,48,0.0,0.0,2.5,wave,1892,0,0,0.22463002114164904,True
5,6,49,0.0,0.0,2.5,wave,1839,0,0,0.22240348015225667,True
5,6,50,0.0,0.0,2.5,wave,1821,0,0,0.22405271828665568,True
5,6,51,0.0,0.0,2.5,wave,1809,0,0,0.2249861802100608,True
5,6,52,0.0,0.0,2.5,wave,1781,0,0,0.227400336889388,True
5,7,1,0.0,0.0,2.5,wave,1762,0,0,0.2292849035187287,True
5,7,2,0.0,0.0,2.5,wave,1748,0,0,0.2305491990846682,True
5,7,3,0.0,0.0,2.5,wave,1727,0,0,0.23219455703532135,True
5,7,4,0.0,0.0,2.5,wave,1701,0,0,0.23398001175778954,True
5,7,5,0.0,0.0,2.5,wave,1681,0,0,0.2361689470553242,True
5,7,6,0.0,0.0,2.5,wave,1668,0,0,0.23860911270983212,True
5,7,7,0.0,0.0,2.5,wave,1643,0,0,0.24345709068776628,True
5,7,8,0.0,0.0,2.5,wave,1627,0,0,0.2464658881376767,True
5,7,9,0.0,0.0,2.5,wave,1607,0,0,0.2476664592408214,True
5,7,10,0.0,0.0,2.5,wave,1590,0,0,0.25031446540880503,True
5,7,11,0.0,0.0,2.5,wave,1571,0,0,0.25334182049649906,True
5,7,12,0.0,0.0,2.5,wave,1557,0,0,0.2588310854206808,True
5,7,13,0.0,0.0,2.5,wave,1540,0,0,0.2616883116883117,True
5,7,14,0.0,0.0,2.5,wave,1525,0,0,0.2662295081967213,True
5,7,15,0.0,0.0,2.5,wave,1515,0,0,0.26864686468646864,True
5,7,16,0.0,0.0,2.5,wave,1501,0,0,0.2691538974017322,True
5,7,17,0.0,0.0,2.5,wave,1485,0,0,0.27070707070707073,True
5,7,18,0.0,0.0,2.5,wave,3283,0,0,0.1233627779469997,True
5,7,19,0.0,0.0,2.5,wave,3219,0,0,0.1251941596769183,True
5,7,20,0.0,0.0,2.5,wave,3150,0,0,0.12698412698412698,True
5,7,21,0.0,0.0,2.5,wave,3095,0,0,0.12988691437802907,True
5,7,22,0.0,0.0,2.5,wave,3039,0,0,0.13195129976966108,True
5,7,23,0.0,0.0,2.5,wave,2966,0,0,0.13452461227242077,True
5,7,24,0.0,0.0,2.5,wave,2894,0,0,0.1354526606772633,True
5,7,25,0.0,0.0,2.5,wave,2847,0,0,0.13909378292939936,True
5,7,26,0.0,0.0,2.5,wave,2768,0,0,0.14197976878612717,True
5,7,27,0.0,0.0,2.5,wave,2705,0,0,0.1467652495378928,True
5,7,28,0.0,0.0,2.5,wave,2655,0,0,0.1487758945386064,True
5,7,29,0.0,0.0,2.5,wave,2606,0,0,0.1523407521105142,True
5,7,30,0.0,0.0,2.5,wave,2540,0,0,0.15590551181102363,True
5,7,31,0.0,0.0,2.5,wave,2492,0,0,0.15930979133226325,True
5,7,32,0.0,0.0,2.5,wave,2435,0,0,0.16180698151950718,True
5,7,33,0.0,0.0,2.5,wave,2392,0,0,0.16806020066889632,True
5,7,34,0.0,0.0,2.5,wave,2288,0,0,0.17307692307692307,True
5,7,35,0.0,0.0,2.5,wave,2241,0,0,0.1749219098616689,True
5,7,36,0.0,0.0,2.5,wave,2212,0,0,0.17902350813743217,True
5,7,37,0.0,0.0,2.5,wave,2165,0,0,0.18060046189376444,True
5,7,38,0.0,0.0,2.5,wave,2141,0,0,0.18262494161606727,True
5,7,39,0.0,0.0,2.5,wave,2115,0,0,0.18250591016548465,True
5,7,40,0.0,0.0,2.5,wave,2088,0,0,0.18582375478927204,True
5,7,41,0.0,0.0,2.5,wave,2069,0,0,0.18946350894151764,True
5,7,42,0.0,0.0,2.5,wave,2042,0,0,0.19441723800195887,True
5,7,43,0.0,0.0,2.5,wave,3176,0,0,0.35579345088161207,True
5,7,44,0.0,0.0,2.5,wave,2681,0,0,0.30809399477806787,True
5,7,45,0.0,0.0,2.5,wave,2348,0,0,0.2653321976149915,True
5,7,46,0.0,0.0,2.5,wave,2201,0,0,0.24806905951840072,True
5,7,47,0.0,0.0,2.5,wave,2106,0,0,0.24169040835707503,True
5,7,48,0.0,0.0,2.5,wave,2041,0,0,0.23517883390494856,True
5,7,49,0.0,0.0,2.5,wave,2007,0,0,0.2341803687095167,True
5,7,50,0.0,0.0,2.5,wave,1994,0,0,0.23921765295887662,True
5,7,51,0.0,0.0,2.5,wave,1979,0,0,0.24204143506821627,True
5,7,52,0.0,0.0,2.5,wave,1949,0,0,0.24474089276552077,True
5,8,1,0.0,0.0,2.5,wave,1937,0,0,0.24780588538977802,True
5,8,2,0.0,0.0,2.5,wave,1919,0,0,0.2501302761855133,True
5,8,3,0.0,0.0,2.5,wave,1904,0,0,0.25210084033613445,True
5,8,4,0.0,0.0,2.5,wave,1901,0,0,0.2556549184639663,True
5,8,5,0.0,0.0,2.5,wave,1883,0,0,0.2543813064259161,True
5,8,6,0.0,0.0,2.5,wave,1865,0,0,0.2568364611260054,True
5,8,7,0.0,0.0,2.5,wave,1834,0,0,0.257360959651036,True
5,8,8,0.0,0.0,2.5,wave,1812,0,0,0.261037527593819,True
5,8,9,0.0,0.0,2.5,wave,1793,0,0,0.2621305075292805,True
5,8,10,0.0,0.0,2.5,wave,1761,0,0,0.2617830777967064,True
5,8,11,0.0,0.0,2.5,wave,1745,0,0,0.2670487106017192,True
5,8,12,0.0,0.0,2.5,wave,1728,0,0,0.2679398148148148,True
5,8,13,0.0,0.0,2.5,wave,1716,0,0,0.270979020979021,True
5,8,14,0.0,0.0,2.5,wave,1698,0,0,0.27208480565371024,True
5,8,15,0.0,0.0,2.5,wave,1681,0,0,0.27483640690065436,True
5,8,16,0.0,0.0,2.5,wave,1661,0,0,0.2763395544852498,True
5,8,17,0.0,0.0,2.5,wave,1640,0,0,0.27926829268292686,True
5,8,18,0.0,0.0,2.5,wave,3525,0,0,0.13191489361702127,True
5,8,19,0.0,0.0,2.5,wave,3472,0,0,0.1336405529953917,True
5,8,20,0.0,0.0,2.5,wave,3403,0,0,0.13576256244490156,True
5,8,21,0.0,0.0,2.5,wave,3325,0,0,0.14015037593984964,True
5,8,22,0.0,0.0,2.5,wave,3261,0,0,0.14290095062864153,True
5,8,23,0.0,0.0,2.5,wave,3160,0,0,0.14208860759493672,True
5,8,24,0.0,0.0,2.5,wave,3096,0,0,0.14373385012919895,True
5,8,25,0.0,0.0,2.5,wave,3019,0,0,0.1457436237164624,True
5,8,26,0.0,0.0,2.5,wave,2937,0,0,0.1501532175689479,True
5,8,27,0.0,0.0,2.5,wave,2851,0,0,0.1539810592774465,True
5,8,28,0.0,0.0,2.5,wave,2801,0,0,0.15601570867547304,True
5,8,29,0.0,0.0,2.5,wave,2720,0,0,0.15845588235294117,True
5,8,30,0.0,0.0,2.5,wave,2646,0,0,0.1617535903250189,True
5,8,31,0.0,0.0,2.5,wave,2606,0,0,0.16500383729854182,True
5,8,32,0.0,0.0,2.5,wave,2544,0,0,0.16705974842767296,True
5,8,33,0.0,0.0,2.5,wave,2494,0,0,0.16800320769847635,True
5,8,34,0.0,0.0,2.5,wave,2438,0,0,0.17022149302707137,True
5,8,35,0.0,0.0,2.5,wave,2416,0,0,0.17177152317880795,True
5,8,36,0.0,0.0,2.5,wave,2355,0,0,0.17579617834394903,True
5,8,37,0.0,0.0,2.5,wave,2313,0,0,0.17812364894076957,True
5,8,38,0.0,0.0,2.5,wave,2284,0,0,0.17994746059544658,True
5,8,39,0.0,0.0,2.5,wave,2255,0,0,0.1844789356984479,True
5,8,40,0.0,0.0,2.5,wave,2233,0,0,0.18674429019256605,True
5,8,41,0.0,0.0,2.5,wave,2210,0,0,0.18778280542986425,True
5,8,42,0.0,0.0,2.5,wave,2193,0,0,0.18923848609211127,True
5,8,43,0.0,0.0,2.5,wave,3501,0,0,0.3610397029420166,True
5,8,44,0.0,0.0,2.5,wave,2948,0,0,0.3002035278154681,True
5,8,45,0.0,0.0,2.5,wave,2603,0,0,0.26392623895505185,True
5,8,46,0.0,0.0,2.5,wave,2406,0,0,0.24438902743142144,True
5,8,47,0.0,0.0,2.5,wave,2307,0,0,0.23493714781100997,True
5,8,48,0.0,0.0,2.5,wave,2224,0,0,0.23201438848920863,True
5,8,49,0.0,0.0,2.5,wave,2181,0,0,0.22741861531407612,True
5,8,50,0.0,0.0,2.5,wave,2159,0,0,0.2269569245020843,True
5,8,51,0.0,0.0,2.5,wave,2129,0,0,0.22968529826209488,True
5,8,52,0.0,0.0,2.5,wave,2107,0,0,0.22876127195064072,True
5,9,1,0.0,0.0,2.5,wave,2075,0,0,0.23036144578313253,True
5,9,2,0.0,0.0,2.5,wave,2055,0,0,0.23017031630170318,True
5,9,3,0.0,0.0,2.5,wave,2031,0,0,0.22845888724766125,True
5,9,4,0.0,0.0,2.5,wave,2010,0,0,0.23184079601990049,True
5,9,5,0.0,0.0,2.5,wave,1983,0,0,0.2334846192637418,True
5,9,6,0.0,0.0,2.5,wave,1969,0,0,0.2356526155408837,True
5,9,7,0.0,0.0,2.5,wave,1945,0,0,0.2365038560411311,True
5,9,8,0.0,0.0,2.5,wave,1921,0,0,0.23529411764705882,True
5,9,9,0.0,0.0,2.5,wave,1905,0,0,0.23937007874015748,True
5,9,10,0.0,0.0,2.5,wave,1882,0,0,0.24229543039319873,True
5,9,11,0.0,0.0,2.5,wave,1860,0,0,0.2456989247311828,True
5,9,12,0.0,0.0,2.5,wave,1841,0,0,0.24606192286800652,True
5,9,13,0.0,0.0,2.5,wave,1824,0,0,0.25164473684210525,True
5,9,14,0.0,0.0,2.5,wave,1807,0,0,0.2501383508577753,True
5,9,15,0.0,0.0,2.5,wave,1787,0,0,0.2518186905428092,True
5,9,16,0.0,0.0,2.5,wave,1748,0,0,0.2528604118993135,True
5,9,17,0.0,0.0,2.5,wave,1725,0,0,0.25565217391304346,True
5,9,18,0.0,0.0,2.5,wave,3463,0,0,0.11752815477909327,True
5,9,19,0.0,0.0,2.5,wave,3412,0,0,0.11987104337631888,True
5,9,20,0.0,0.0,2.5,wave,3325,0,0,0.12240601503759399,True
5,9,21,0.0,0.0,2.5,wave,3235,0,0,0.12642967542503863,True
5,9,22,0.0,0.0,2.5,wave,3176,0,0,0.1297229219143577,True
5,9,23,0.0,0.0,2.5,wave,3119,0,0,0.13209361974991984,True
5,9,24,0.0,0.0,2.5,wave,3045,0,0,0.135632183908046,True
5,9,25,0.0,0.0,2.5,wave,2988,0,0,0.1392235609103079,True
5,9,26,0.0,0.0,2.5,wave,2923,0,0,0.14163530619226822,True
5,9,27,0.0,0.0,2.5,wave,2878,0,0,0.14454482279360667,True
5,9,28,0.0,0.0,2.5,wave,2832,0,0,0.1472457627118644,True
5,9,29,0.0,0.0,2.5,wave,2776,0,0,0.15093659942363113,True
5,9,30,0.0,0.0,2.5,wave,2744,0,0,0.15415451895043733,True
5,9,31,0.0,0.0,2.5,wave,2683,0,0,0.15728661945583303,True
5,9,32,0.0,0.0,2.5,wave,2619,0,0,0.15960290187094311,True
5,9,33,0.0,0.0,2.5,wave,2569,0,0,0.16193071233943168,True
5,9,34,0.0,0.0,2.5,wave,2495,0,0,0.1627254509018036,True
5,9,35,0.0,0.0,2.5,wave,2457,0,0,0.16524216524216523,True
5,9,36,0.0,0.0,2.5,wave,2400,0,0,0.16916666666666666,True
5,9,37,0.0,0.0,2.5,wave,2338,0,0,0.1740804106073567,True
5,9,38,0.0,0.0,2.5,wave,2312,0,0,0.17647058823529413,True
5,9,39,0.0,0.0,2.5,wave,2287,0,0,0.17927415828596416,True
5,9,40,0.0,0.0,2.5,wave,2261,0,0,0.18045112781954886,True
5,9,41,0.0,0.0,2.5,wave,2237,0,0,0.18417523468931604,True
5,9,42,0.0,0.0,2.5,wave,2207,0,0,0.18441323062981424,True
5,9,43,0.0,0.0,2.5,wave,3686,0,0,0.36706456863809006,True
5,9,44,0.0,0.0,2.5,wave,3084,0,0,0.3103112840466926,True
5,9,45,0.0,0.0,2.5,wave,2689,0,0,0.27184827073261436,True
5,9,46,0.0,0.0,2.5,wave,2461,0,0,0.2486793986184478,True
5,9,47,0.0,0.0,2.5,wave,2294,0,0,0.23583260680034873,True
5,9,48,0.0,0.0,2.5,wave,2197,0,0,0.23350022758306782,True
5,9,49,0.0,0.0,2.5,wave,2142,0,0,0.2315592903828198,True
5,9,50,0.0,0.0,2.5,wave,2127,0,0,0.23319228960977903,True
5,9,51,0.0,0.0,2.5,wave,2094,0,0,0.23209169054441262,True
5,9,52,0.0,0.0,2.5,wave,2061,0,0,0.23629306162057254,True
5,10,1,0.0,0.0,2.5,wave,2032,0,0,0.23818897637795275,True
5,10,2,0.0,0.0,2.5,wave,2024,0,0,0.24110671936758893,True
5,10,3,0.0,0.0,2.5,wave,1982,0,0,0.2401614530776993,True
5,10,4,0.0,0.0,2.5,wave,1955,0,0,0.24347826086956523,True
5,10,5,0.0,0.0,2.5,wave,1928,0,0,0.2411825726141079,True
5,10,6,0.0,0.0,2.5,wave,1906,0,0,0.24344176285414482,True
5,10,7,0.0,0.0,2.5,wave,1884,0,0,0.24522292993630573,True
5,10,8,0.0,0.0,2.5,wave,1858,0,0,0.24919268030139935,True
5,10,9,0.0,0.0,2.5,wave,1839,0,0,0.25122349102773245,True
5,10,10,0.0,0.0,2.5,wave,1812,0,0,0.2522075055187638,True
5,10,11,0.0,0.0,2.5,wave,1782,0,0,0.2564534231200898,True
5,10,12,0.0,0.0,2.5,wave,1766,0,0,0.2587768969422424,True
5,10,13,0.0,0.0,2.5,wave,1747,0,0,0.25987406983400113,True
5,10,14,0.0,0.0,2.5,wave,1716,0,0,0.26223776223776224,True
5,10,15,0.0,0.0,2.5,wave,1701,0,0,0.2639623750734862,True
5,10,16,0.0,0.0,2.5,wave,1680,0,0,0.26607142857142857,True
5,10,17,0.0,0.0,2.5,wave,1650,0,0,0.2684848484848485,True
5,10,18,0.0,0.0,2.5,wave,3542,0,0,0.12027103331451157,True
5,10,19,0.0,0.0,2.5,wave,3465,0,0,0.12294372294372294,True
5,10,20,0.0,0.0,2.5,wave,3380,0,0,0.12633136094674557,True
5,10,21,0.0,0.0,2.5,wave,3323,0,0,0.1284983448690942,True
5,10,22,0.0,0.0,2.5,wave,3219,0,0,0.1317179248213731,True
5,10,23,0.0,0.0,2.5,wave,3099,0,0,0.13681832849306227,True
5,10,24,0.0,0.0,2.5,wave,3060,0,0,0.1415032679738562,True
5,10,25,0.0,0.0,2.5,wave,2998,0,0,0.14209472981987992,True
5,10,26,0.0,0.0,2.5,wave,2916,0,0,0.14609053497942387,True
5,10,27,0.0,0.0,2.5,wave,2857,0,0,0.14910745537276865,True
5,10,28,0.0,0.0,2.5,wave,2810,0,0,0.1516014234875445,True
5,10,29,0.0,0.0,2.5,wave,2750,0,0,0.15418181818181817,True
5,10,30,0.0,0.0,2.5,wave,2695,0,0,0.15510204081632653,True
5,10,31,0.0,0.0,2.5,wave,2633,0,0,0.15723509304975314,True
5,10,32,0.0,0.0,2.5,wave,2600,0,0,0.16153846153846155,True
5,10,33,0.0,0.0,2.5,wave,2553,0,0,0.16412064238151194,True
5,10,34,0.0,0.0,2.5,wave,2515,0,0,0.16739562624254473,True
5,10,35,0.0,0.0,2.5,wave,2476,0,0,0.16922455573505654,True
5,10,36,0.0,0.0,2.5,wave,2434,0,0,0.17337715694330322,True
5,10,37,0.0,0.0,2.5,wave,2370,0,0,0.17552742616033756,True
5,10,38,0.0,0.0,2.5,wave,2333,0,0,0.18045435062151735,True
5,10,39,0.0,0.0,2.5,wave,2295,0,0,0.18169934640522875,True
5,10,40,0.0,0.0,2.5,wave,2254,0,0,0.1850044365572316,True
5,10,41,0.0,0.0,2.5,wave,2232,0,0,0.18772401433691757,True
5,10,42,0.0,0.0,2.5,wave,2205,0,0,0.1909297052154195,True
5,10,43,0.0,0.0,2.5,wave,3810,0,0,0.3637795275590551,True
5,10,44,0.0,0.0,2.5,wave,3179,0,0,0.31016042780748665,True
5,10,45,0.0,0.0,2.5,wave,2750,0,0,0.2690909090909091,True
5,10,46,0.0,0.0,2.5,wave,2478,0,0,0.2489911218724778,True
5,10,47,0.0,0.0,2.5,wave,2272,0,0,0.2323943661971831,True
5,10,48,0.0,0.0,2.5,wave,2192,0,0,0.2303832116788321,True
5,10,49,0.0,0.0,2.5,wave,2133,0,0,0.23112986404125643,True
5,10,50,0.0,0.0,2.5,wave,2103,0,0,0.2272943414170233,True
5,10,51,0.0,0.0,2.5,wave,2075,0,0,0.22795180722891567,True
5,10,52,0.0,0.0,2.5,wave,2035,0,0,0.22899262899262898,True
5,11,1,0.0,0.0,2.5,wave,2007,0,0,0.23218734429496762,True
5,11,2,0.0,0.0,2.5,wave,1979,0,0,0.23244062657908035,True
5,11,3,0.0,0.0,2.5,wave,1948,0,0,0.2335728952772074,True
5,11,4,0.0,0.0,2.5,wave,1928,0,0,0.23703319502074688,True
5,11,5,0.0,0.0,2.5,wave,1901,0,0,0.2388216728037875,True
5,11,6,0.0,0.0,2.5,wave,1879,0,0,0.2405534858967536,True
5,11,7,0.0,0.0,2.5,wave,1849,0,0,0.24391563007030828,True
5,11,8,0.0,0.0,2.5,wave,1830,0,0,0.2448087431693989,True
5,11,9,0.0,0.0,2.5,wave,1809,0,0,0.24543946932006633,True
5,11,10,0.0,0.0,2.5,wave,1791,0,0,0.24958123953098826,True
5,11,11,0.0,0.0,2.5,wave,1775,0,0,0.2540845070422535,True
5,11,12,0.0,0.0,2.5,wave,1756,0,0,0.25740318906605925,True
5,11,13,0.0,0.0,2.5,wave,1735,0,0,0.2570605187319885,True
5,11,14,0.0,0.0,2.5,wave,1705,0,0,0.2598240469208211,True
5,11,15,0.0,0.0,2.5,wave,1679,0,0,0.2614651578320429,True
5,11,16,0.0,0.0,2.5,wave,1652,0,0,0.2602905569007264,True
5,11,17,0.0,0.0,2.5,wave,1640,0,0,0.2621951219512195,True
5,11,18,0.0,0.0,2.5,wave,3351,0,0,0.12026260817666368,True
5,11,19,0.0,0.0,2.5,wave,3302,0,0,0.12235009085402786,True
5,11,20,0.0,0.0,2.5,wave,3231,0,0,0.12411018260600433,True
5,11,21,0.0,0.0,2.5,wave,3135,0,0,0.13014354066985645,True
5,11,22,0.0,0.0,2.5,wave,3046,0,0,0.13263296126066973,True
5,11,23,0.0,0.0,2.5,wave,2971,0,0,0.13463480309660047,True
5,11,24,0.0,0.0,2.5,wave,2921,0,0,0.1376241013351592,True
5,11,25,0.0,0.0,2.5,wave,2855,0,0,0.1404553415061296,True
5,11,26,0.0,0.0,2.5,wave,2820,0,0,0.14326241134751774,True
5,11,27,0.0,0.0,2.5,wave,2767,0,0,0.14745211420310805,True
5,11,28,0.0,0.0,2.5,wave,2721,0,0,0.151414920984932,True
5,11,29,0.0,0.0,2.5,wave,2665,0,0,0.15347091932457785,True
5,11,30,0.0,0.0,2.5,wave,2602,0,0,0.15757109915449655,True
5,11,31,0.0,0.0,2.5,wave,2545,0,0,0.16070726915520628,True
5,11,32,0.0,0.0,2.5,wave,2493,0,0,0.16365824308062576,True
5,11,33,0.0,0.0,2.5,wave,2416,0,0,0.16556291390728478,True
5,11,34,0.0,0.0,2.5,wave,2371,0,0,0.16617460986925348,True
5,11,35,0.0,0.0,2.5,wave,2323,0,0,0.16917778734395178,True
5,11,36,0.0,0.0,2.5,wave,2273,0,0,0.17157941047074352,True
5,11,37,0.0,0.0,2.5,wave,2226,0,0,0.17744833782569633,True
5,11,38,0.0,0.0,2.5,wave,2180,0,0,0.1779816513761468,True
5,11,39,0.0,0.0,2.5,wave,2142,0,0,0.18020541549953314,True
5,11,40,0.0,0.0,2.5,wave,2112,0,0,0.18229166666666666,True
5,11,41,0.0,0.0,2.5,wave,2082,0,0,0.18539865513928913,True
5,11,42,0.0,0.0,2.5,wave,2058,0,0,0.1880466472303207,True
5,11,43,0.0,0.0,2.5,wave,3857,0,0,0.38838475499092556,True
5,11,44,0.0,0.0,2.5,wave,3120,0,0,0.3301282051282051,True
5,11,45,0.0,0.0,2.5,wave,2669,0,0,0.2825028100412139,True
5,11,46,0.0,0.0,2.5,wave,2380,0,0,0.25588235294117645,True
5,11,47,0.0,0.0,2.5,wave,2186,0,0,0.24107959743824336,True
5,11,48,0.0,0.0,2.5,wave,2083,0,0,0.2328372539606337,True
5,11,49,0.0,0.0,2.5,wave,2024,0,0,0.2267786561264822,True
5,11,50,0.0,0.0,2.5,wave,1989,0,0,0.2277526395173454,True
5,11,51,0.0,0.0,2.5,wave,1954,0,0,0.22722620266120777,True
5,11,52,0.0,0.0,2.5,wave,1931,0,0,0.22941481097876748,True
6,1,1,0.0,0.0,2.5,wave,2738,0,0,0.002191380569758948,True
6,1,2,0.0,0.0,2.5,wave,2669,0,0,0.004121393780442113,True
6,1,3,0.0,0.0,2.5,wave,2588,0,0,0.0061823802163833074,True
6,1,4,0.0,0.0,2.5,wave,2516,0,0,0.008744038155802861,True
6,1,5,0.0,0.0,2.5,wave,2401,0,0,0.009162848812994586,True
6,1,6,0.0,0.0,2.5,wave,2319,0,0,0.01078050884001725,True
6,1,7,0.0,0.0,2.5,wave,2230,0,0,0.01210762331838565,True
6,1,8,0.0,0.0,2.5,wave,2164,0,0,0.013401109057301294,True
6,1,9,0.0,0.0,2.5,wave,2067,0,0,0.015481373971940009,True
6,1,10,0.0,0.0,2.5,wave,1991,0,0,0.016574585635359115,True
6,1,11,0.0,0.0,2.5,wave,1929,0,0,0.01918092275790565,True
6,1,12,0.0,0.0,2.5,wave,1882,0,0,0.021253985122210415,True
6,1,13,0.0,0.0,2.5,wave,1795,0,0,0.02116991643454039,True
6,1,14,0.0,0.0,2.5,wave,1723,0,0,0.02379570516540917,True
6,1,15,0.0,0.0,2.5,wave,1697,0,0,0.024160282852091926,True
6,1,16,0.0,0.0,2.5,wave,1634,0,0,0.02447980416156671,True
6,1,17,0.0,0.0,2.5,wave,1570,0,0,0.026114649681528664,True
6,1,18,0.0,0.0,2.5,wave,4377,0,0,0.011880283299063285,True
6,1,19,0.0,0.0,2.5,wave,4172,0,0,0.01414189837008629,True
6,1,20,0.0,0.0,2.5,wave,4008,0,0,0.016467065868263474,True
6,1,21,0.0,0.0,2.5,wave,3840,0,0,0.01796875,True
6,1,22,0.0,0.0,2.5,wave,3710,0,0,0.020754716981132074,True
6,1,23,0.0,0.0,2.5,wave,3544,0,0,0.022855530474040632,True
6,1,24,0.0,0.0,2.5,wave,3447,0,0,0.024078909196402667,True
6,1,25,0.0,0.0,2.5,wave,3360,0,0,0.025595238095238095,True
6,1,26,0.0,0.0,2.5,wave,3261,0,0,0.027598896044158234,True
6,1,27,0.0,0.0,2.5,wave,3174,0,0,0.02835538752362949,True
6,1,28,0.0,0.0,2.5,wave,3044,0,0,0.03055190538764783,True
6,1,29,0.0,0.0,2.5,wave,2980,0,0,0.03322147651006711,True
6,1,30,0.0,0.0,2.5,wave,2881,0,0,0.03505727178063173,True
6,1,31,0.0,0.0,2.5,wave,2798,0,0,0.03716940671908506,True
6,1,32,0.0,0.0,2.5,wave,2738,0,0,0.038349159970781595,True
6,1,33,0.0,0.0,2.5,wave,2685,0,0,0.04059590316573557,True
6,1,34,0.0,0.0,2.5,wave,2623,0,0,0.04269919939001144,True
6,1,35,0.0,0.0,2.5,wave,2566,0,0,0.04325798908807482,True
6,1,36,0.0,0.0,2.5,wave,2508,0,0,0.0430622009569378,True
6,1,37,0.0,0.0,2.5,wave,2462,0,0,0.04670999187652315,True
6,1,38,0.0,0.0,2.5,wave,2425,0,0,0.04824742268041237,True
6,1,39,0.0,0.0,2.5,wave,2394,0,0,0.05012531328320802,True
6,1,40,0.0,0.0,2.5,wave,2350,0,0,0.0523404255319149,True
6,1,41,0.0,0.0,2.5,wave,2321,0,0,0.055148642826367944,True
6,1,42,0.0,0.0,2.5,wave,2280,0,0,0.05526315789473684,True
6,1,43,0.0,0.0,2.5,wave,3020,0,0,0.17086092715231788,True
6,1,44,0.0,0.0,2.5,wave,2681,0,0,0.13278627377844088,True
6,1,45,0.0,0.0,2.5,wave,2486,0,0,0.11263073209975864,True
6,1,46,0.0,0.0,2.5,wave,2385,0,0,0.10482180293501048,True
6,1,47,0.0,0.0,2.5,wave,2330,0,0,0.10085836909871244,True
6,1,48,0.0,0.0,2.5,wave,2281,0,0,0.10346339324857519,True
6,1,49,0.0,0.0,2.5,wave,2239,0,0,0.10361768646717284,True
6,1,50,0.0,0.0,2.5,wave,2204,0,0,0.10344827586206896,True
6,1,51,0.0,0.0,2.5,wave,2177,0,0,0.10748736793752871,True
6,1,52,0.0,0.0,2.5,wave,2150,0,0,0.10837209302325582,True
6,2,1,0.0,0.0,2.5,wave,2113,26,3,0.11074301940369144,False
6,2,2,0.0,0.0,2.5,wave,2082,28,6,0.10999039385206533,False
6,2,3,0.0,0.0,2.5,wave,2060,24,10,0.11213592233009709,False
6,2,4,0.0,0.0,2.5,wave,2037,28,11,0.11487481590574374,False
6,2,5,0.0,0.0,2.5,wave,2004,23,13,0.11477045908183632,False
6,2,6,0.0,0.0,2.5,wave,1967,23,12,0.11692933401118455,False
6,2,7,0.0,0.0,2.5,wave,1923,16,5,0.11804472178887156,False
6,2,8,0.0,0.0,2.5,wave,1897,16,5,0.12124406958355298,False
6,2,9,0.0,0.0,2.5,wave,1864,16,9,0.1223175965665236,False
6,2,10,0.0,0.0,2.5,wave,1844,21,8,0.12364425162689804,False
6,2,11,0.0,0.0,2.5,wave,1813,16,6,0.126861555432984,False
6,2,12,0.0,0.0,2.5,wave,1784,15,7,0.12948430493273544,False
6,2,13,0.0,0.0,2.5,wave,1751,11,7,0.13135351227869788,False
6,2,14,0.0,0.0,2.5,wave,1737,12,6,0.13241220495106507,False
6,2,15,0.0,0.0,2.5,wave,1701,7,3,0.13227513227513227,False
6,2,16,0.0,0.0,2.5,wave,1679,9,4,0.13341274568195355,False
6,2,17,0.0,0.0,2.5,wave,1654,7,3,0.13663845223700122,False
6,2,18,0.0,0.0,2.5,wave,3196,7,3,0.0707133917396746,False
6,2,19,0.0,0.0,2.5,wave,3121,9,2,0.07273309836590837,False
6,2,20,0.0,0.0,2.5,wave,3069,7,2,0.07526881720430108,False
6,2,21,0.0,0.0,2.5,wave,2998,17,5,0.07838559039359573,False
6,2,22,0.0,0.0,2.5,wave,2903,19,5,0.08163968308646229,False
6,2,23,0.0,0.0,2.5,wave,2826,17,5,0.08634111818825195,False
6,2,24,0.0,0.0,2.5,wave,2771,18,4,0.08769397329483941,False
6,2,25,0.0,0.0,2.5,wave,2696,23,8,0.0897626112759644,False
6,2,26,0.0,0.0,2.5,wave,2640,28,11,0.09015151515151515,False
6,2,27,0.0,0.0,2.5,wave,2567,27,10,0.09271523178807947,False
6,2,28,0.0,0.0,2.5,wave,2486,24,10,0.09613837489943684,False
6,2,29,0.0,0.0,2.5,wave,2441,23,11,0.09791069233920524,False
6,2,30,0.0,0.0,2.5,wave,2396,19,11,0.10225375626043405,False
6,2,31,0.0,0.0,2.5,wave,2330,13,6,0.10343347639484979,False
6,2,32,0.0,0.0,2.5,wave,2272,6,1,0.10695422535211267,False
6,2,33,0.0,0.0,2.5,wave,2193,8,4,0.11308709530323757,False
6,2,34,0.0,0.0,2.5,wave,2157,7,4,0.11497450162262401,False
6,2,35,0.0,0.0,2.5,wave,2118,7,3,0.11709159584513693,False
6,2,36,0.0,0.0,2.5,wave,2059,7,1,0.12141816415735794,False
6,2,37,0.0,0.0,2.5,wave,2034,6,1,0.12291052114060963,False
6,2,38,0.0,0.0,2.5,wave,2006,10,4,0.1251246261216351,False
6,2,39,0.0,0.0,2.5,wave,1976,9,3,0.12753036437246965,False
6,2,40,0.0,0.0,2.5,wave,1943,6,3,0.13021101389603706,False
6,2,41,0.0,0.0,2.5,wave,1915,11,4,0.13368146214099216,False
6,2,42,0.0,0.0,2.5,wave,1895,8,2,0.13509234828496042,False
6,2,43,0.0,0.0,2.5,wave,2519,18,6,0.27471218737594283,False
6,2,44,0.0,0.0,2.5,wave,2235,12,3,0.22416107382550335,False
6,2,45,0.0,0.0,2.5,wave,2074,8,4,0.19431051108968178,False
6,2,46,0.0,0.0,2.5,wave,2034,7,3,0.1887905604719764,False
6,2,47,0.0,0.0,2.5,wave,1959,5,5,0.18580908626850434,False
6,2,48,0.0,0.0,2.5,wave,1930,4,4,0.1849740932642487,False
6,2,49,0.0,0.0,2.5,wave,1902,0,0,0.1861198738170347,False
6,2,50,0.0,0.0,2.5,wave,1887,0,0,0.1881293057763646,False
6,2,51,0.0,0.0,2.5,wave,1870,0,0,0.18877005347593584,False
6,2,52,0.0,0.0,2.5,wave,1856,0,0,0.19073275862068967,False
6,3,1,0.0,0.0,2.5,wave,1833,0,0,0.19203491543917076,False
6,3,2,0.0,0.0,2.5,wave,1811,0,0,0.19271120927664273,False
6,3,3,0.0,0.0,2.5,wave,1794,1,1,0.19063545150501673,False
6,3,4,0.0,0.0,2.5,wave,1772,0,0,0.19413092550790068,False
6,3,5,0.0,0.0,2.5,wave,1754,0,0,0.19327251995438996,False
6,3,6,0.0,0.0,2.5,wave,1738,0,0,0.1956271576524741,False
6,3,7,0.0,0.0,2.5,wave,1720,0,0,0.19825581395348837,False
6,3,8,0.0,0.0,2.5,wave,1696,0,0,0.19988207547169812,False
6,3,9,0.0,0.0,2.5,wave,1675,0,0,0.20477611940298507,False
6,3,10,0.0,0.0,2.5,wave,1663,0,0,0.20505111244738425,True
6,3,11,0.0,0.0,2.5,wave,1641,0,0,0.2071907373552712,True
6,3,12,0.0,0.0,2.5,wave,1627,0,0,0.2077443146896128,True
6,3,13,0.0,0.0,2.5,wave,1607,0,0,0.20970752955818295,True
6,3,14,0.0,0.0,2.5,wave,1584,0,0,0.21275252525252525,True
6,3,15,0.0,0.0,2.5,wave,1558,0,0,0.21181001283697048,True
6,3,16,0.0,0.0,2.5,wave,1533,0,0,0.21330724070450097,True
6,3,17,0.0,0.0,2.5,wave,1518,0,0,0.21541501976284586,True
6,3,18,0.0,0.0,2.5,wave,3481,0,0,0.09594943981614479,True
6,3,19,0.0,0.0,2.5,wave,3415,0,0,0.09780380673499268,True
6,3,20,0.0,0.0,2.5,wave,3368,0,0,0.09916864608076009,True
6,3,21,0.0,0.0,2.5,wave,3277,0,0,0.10161733292645712,True
6,3,22,0.0,0.0,2.5,wave,3151,0,0,0.10409393843224374,True
6,3,23,0.0,0.0,2.5,wave,3073,0,0,0.10575984380084608,True
6,3,24,0.0,0.0,2.5,wave,2991,0,0,0.1099966566365764,True
6,3,25,0.0,0.0,2.5,wave,2930,0,0,0.1129692832764505,True
6,3,26,0.0,0.0,2.5,wave,2849,0,0,0.11512811512811513,True
6,3,27,0.0,0.0,2.5,wave,2743,0,0,0.11884797666788188,True
6,3,28,0.0,0.0,2.5,wave,2695,0,0,0.12356215213358071,True
6,3,29,0.0,0.0,2.5,wave,2646,0,0,0.12433862433862433,True
6,3,30,0.0,0.0,2.5,wave,2593,0,0,0.1280370227535673,True
6,3,31,0.0,0.0,2.5,wave,2536,0,0,0.13170347003154576,True
6,3,32,0.0,0.0,2.5,wave,2468,0,0,0.13492706645056726,True
6,3,33,0.0,0.0,2.5,wave,2417,0,0,0.13901530823334712,True
6,3,34,0.0,0.0,2.5,wave,2384,0,0,0.14135906040268456,True
6,3,35,0.0,0.0,2.5,wave,2326,0,0,0.14273430782459157,True
6,3,36,0.0,0.0,2.5,wave,2259,0,0,0.150066401062417,True
6,3,37,0.0,0.0,2.5,wave,2222,0,0,0.15256525652565256,True
6,3,38,0.0,0.0,2.5,wave,2183,0,0,0.15803939532753092,True
6,3,39,0.0,0.0,2.5,wave,2146,0,0,0.1598322460391426,True
6,3,40,0.0,0.0,2.5,wave,2122,0,0,0.16258246936852028,True
6,3,41,0.0,0.0,2.5,wave,2096,0,0,0.1650763358778626,True
6,3,42,0.0,0.0,2.5,wave,2064,0,0,0.1690891472868217,True
6,3,43,0.0,0.0,2.5,wave,2816,0,0,0.3096590909090909,True
6,3,44,0.0,0.0,2.5,wave,2459,0,0,0.26474176494509966,True
6,3,45,0.0,0.0,2.5,wave,2266,0,0,0.23742277140335394,True
6,3,46,0.0,0.0,2.5,wave,2167,0,0,0.22704199353945548,True
6,3,47,0.0,0.0,2.5,wave,2136,0,0,0.22378277153558052,True
6,3,48,0.0,0.0,2.5,wave,2110,0,0,0.2213270142180095,True
6,3,49,0.0,0.0,2.5,wave,2112,0,0,0.22111742424242425,True
6,3,50,0.0,0.0,2.5,wave,2100,0,0,0.2261904761904762,True
6,3,51,0.0,0.0,2.5,wave,2080,0,0,0.22788461538461538,True
6,3,52,0.0,0.0,2.5,wave,2063,0,0,0.2292777508482792,True
6,4,1,0.0,0.0,2.5,wave,2058,0,0,0.23226433430515064,True
6,4,2,0.0,0.0,2.5,wave,2028,0,0,0.23520710059171598,True
6,4,3,0.0,0.0,2.5,wave,2013,0,0,0.2399403874813711,True
6,4,4,0.0,0.0,2.5,wave,1982,0,0,0.24066599394550958,True
6,4,5,0.0,0.0,2.5,wave,1961,0,0,0.23916369199388068,True
6,4,6,0.0,0.0,2.5,wave,1951,0,0,0.24090210148641722,True
6,4,7,0.0,0.0,2.5,wave,1924,0,0,0.24324324324324326,True
6,4,8,0.0,0.0,2.5,wave,1903,0,0,0.24277456647398843,True
6,4,9,0.0,0.0,2.5,wave,1880,0,0,0.24521276595744682,True
6,4,10,0.0,0.0,2.5,wave,1862,0,0,0.24758324382384533,True
6,4,11,0.0,0.0,2.5,wave,1843,0,0,0.24850786760716223,True
6,4,12,0.0,0.0,2.5,wave,1817,0,0,0.25206384149697303,True
6,4,13,0.0,0.0,2.5,wave,1796,0,0,0.2544543429844098,True
6,4,14,0.0,0.0,2.5,wave,1782,0,0,0.25252525252525254,True
6,4,15,0.0,0.0,2.5,wave,1765,0,0,0.2521246458923513,True
6,4,16,0.0,0.0,2.5,wave,1746,0,0,0.2554410080183276,True
6,4,17,0.0,0.0,2.5,wave,1721,0,0,0.25740848343986056,True
6,4,18,0.0,0.0,2.5,wave,3625,0,0,0.12524137931034482,True
6,4,19,0.0,0.0,2.5,wave,3558,0,0,0.12844294547498594,True
6,4,20,0.0,0.0,2.5,wave,3477,0,0,0.13258556226632154,True
6,4,21,0.0,0.0,2.5,wave,3406,0,0,0.13505578391074574,True
6,4,22,0.0,0.0,2.5,wave,3338,0,0,0.1390053924505692,True
6,4,23,0.0,0.0,2.5,wave,3293,0,0,0.1415122988156696,True
6,4,24,0.0,0.0,2.5,wave,3233,0,0,0.14475719146303742,True
6,4,25,0.0,0.0,2.5,wave,3170,0,0,0.1473186119873817,True
6,4,26,0.0,0.0,2.5,wave,3077,0,0,0.15209619759506013,True
6,4,27,0.0,0.0,2.5,wave,3018,0,0,0.15440689198144467,True
6,4,28,0.0,0.0,2.5,wave,2954,0,0,0.15809072444143535,True
6,4,29,0.0,0.0,2.5,wave,2849,0,0,0.16146016146016146,True
6,4,30,0.0,0.0,2.5,wave,2737,0,0,0.16550968213372305,True
6,4,31,0.0,0.0,2.5,wave,2677,0,0,0.16772506537168472,True
6,4,32,0.0,0.0,2.5,wave,2625,0,0,0.1699047619047619,True
6,4,33,0.0,0.0,2.5,wave,2556,0,0,0.17410015649452268,True
6,4,34,0.0,0.0,2.5,wave,2493,0,0,0.1776975531488167,True
6,4,35,0.0,0.0,2.5,wave,2439,0,0,0.1820418204182042,True
6,4,36,0.0,0.0,2.5,wave,2413,0,0,0.18566100290095316,True
6,4,37,0.0,0.0,2.5,wave,2377,0,0,0.18805216659655027,True
6,4,38,0.0,0.0,2.5,wave,2353,0,0,0.18954526136846578,True
6,4,39,0.0,0.0,2.5,wave,2329,0,0,0.1897810218978102,True
6,4,40,0.0,0.0,2.5,wave,2298,0,0,0.19234116623150566,True
6,4,41,0.0,0.0,2.5,wave,2266,0,0,0.19373345101500442,True
6,4,42,0.0,0.0,2.5,wave,2242,0,0,0.19536128456735058,True
6,4,43,0.0,0.0,2.5,wave,2960,0,0,0.31891891891891894,True
6,4,44,0.0,0.0,2.5,wave,2624,0,0,0.2766768292682927,True
6,4,45,0.0,0.0,2.5,wave,2439,0,0,0.24887248872488724,True
6,4,46,0.0,0.0,2.5,wave,2362,0,0,0.24301439458086369,True
6,4,47,0.0,0.0,2.5,wave,2289,0,0,0.2346002621231979,True
6,4,48,0.0,0.0,2.5,wave,2247,0,0,0.2345349354695149,True
6,4,49,0.0,0.0,2.5,wave,2216,0,0,0.2342057761732852,True
6,4,50,0.0,0.0,2.5,wave,2181,0,0,0.23429619440623567,True
6,4,51,0.0,0.0,2.5,wave,2148,0,0,0.23556797020484171,True
6,4,52,0.0,0.0,2.5,wave,2106,0,0,0.2355175688509022,True
6,5,1,0.0,0.0,2.5,wave,2087,0,0,0.23574508864398658,True
6,5,2,0.0,0.0,2.5,wave,2048,0,0,0.2373046875,True
6,5,3,0.0,0.0,2.5,wave,2028,0,0,0.23865877712031558,True
6,5,4,0.0,0.0,2.5,wave,1999,0,0,0.24012006003001501,True
6,5,5,0.0,0.0,2.5,wave,1983,0,0,0.24205748865355523,True
6,5,6,0.0,0.0,2.5,wave,1957,0,0,0.24169647419519674,True
6,5,7,0.0,0.0,2.5,wave,1954,0,0,0.24411463664278404,True
6,5,8,0.0,0.0,2.5,wave,1908,0,0,0.24423480083857443,True
6,5,9,0.0,0.0,2.5,wave,1889,0,0,0.2466913710958179,True
6,5,10,0.0,0.0,2.5,wave,1864,0,0,0.24624463519313305,True
6,5,11,0.0,0.0,2.5,wave,1837,0,0,0.24714207947740882,True
6,5,12,0.0,0.0,2.5,wave,1803,0,0,0.25013865779256794,True
6,5,13,0.0,0.0,2.5,wave,1788,0,0,0.2505592841163311,True
6,5,14,0.0,0.0,2.5,wave,1771,0,0,0.251270468661773,True
6,5,15,0.0,0.0,2.5,wave,1760,0,0,0.25113636363636366,True
6,5,16,0.0,0.0,2.5,wave,1735,0,0,0.2559077809798271,True
6,5,17,0.0,0.0,2.5,wave,1725,0,0,0.25681159420289856,True
6,5,18,0.0,0.0,2.5,wave,3843,0,0,0.11657559198542805,True
6,5,19,0.0,0.0,2.5,wave,3782,0,0,0.1192490745637229,True
6,5,20,0.0,0.0,2.5,wave,3711,0,0,0.12153058474804634,True
6,5,21,0.0,0.0,2.5,wave,3651,0,0,0.12352780060257464,True
6,5,22,0.0,0.0,2.5,wave,3567,0,0,0.128399215026633,True
6,5,23,0.0,0.0,2.5,wave,3485,0,0,0.1296987087517934,True
6,5,24,0.0,0.0,2.5,wave,3390,0,0,0.13126843657817108,True
6,5,25,0.0,0.0,2.5,wave,3280,0,0,0.13567073170731708,True
6,5,26,0.0,0.0,2.5,wave,3221,0,0,0.1390872399875815,True
6,5,27,0.0,0.0,2.5,wave,3162,0,0,0.14168247944339027,True
6,5,28,0.0,0.0,2.5,wave,3100,0,0,0.14451612903225808,True
6,5,29,0.0,0.0,2.5,wave,3020,0,0,0.14701986754966886,True
6,5,30,0.0,0.0,2.5,wave,2947,0,0,0.1486257210722769,True
6,5,31,0.0,0.0,2.5,wave,2897,0,0,0.14911977908180876,True
6,5,32,0.0,0.0,2.5,wave,2838,0,0,0.1522198731501057,True
6,5,33,0.0,0.0,2.5,wave,2770,0,0,0.1523465703971119,True
6,5,34,0.0,0.0,2.5,wave,2694,0,0,0.1540460282108389,True
6,5,35,0.0,0.0,2.5,wave,2657,0,0,0.1580730146782085,True
6,5,36,0.0,0.0,2.5,wave,2598,0,0,0.1601231716705158,True
6,5,37,0.0,0.0,2.5,wave,2542,0,0,0.16247049567269867,True
6,5,38,0.0,0.0,2.5,wave,2505,0,0,0.16447105788423153,True
6,5,39,0.0,0.0,2.5,wave,2479,0,0,0.16780960064542155,True
6,5,40,0.0,0.0,2.5,wave,2437,0,0,0.1690603200656545,True
6,5,41,0.0,0.0,2.5,wave,2414,0,0,0.17232808616404308,True
6,5,42,0.0,0.0,2.5,wave,2381,0,0,0.1751364972700546,True
6,5,43,0.0,0.0,2.5,wave,3105,0,0,0.3037037037037037,True
6,5,44,0.0,0.0,2.5,wave,2785,0,0,0.2614003590664273,True
6,5,45,0.0,0.0,2.5,wave,2582,0,0,0.23470178156467855,True
6,5,46,0.0,0.0,2.5,wave,2458,0,0,0.22660699755899105,True
6,5,47,0.0,0.0,2.5,wave,2394,0,0,0.22138680033416874,True
6,5,48,0.0,0.0,2.5,wave,2349,0,0,0.2192422307364836,True
6,5,49,0.0,0.0,2.5,wave,2323,0,0,0.22083512699095997,True
6,5,50,0.0,0.0,2.5,wave,2295,0,0,0.22091503267973855,True
6,5,51,0.0,0.0,2.5,wave,2276,0,0,0.22231985940246046,True
6,5,52,0.0,0.0,2.5,wave,2260,0,0,0.2234513274336283,True
6,6,1,0.0,0.0,2.5,wave,2224,0,0,0.22526978417266186,True
6,6,2,0.0,0.0,2.5,wave,2194,0,0,0.23062898814949864,True
6,6,3,0.0,0.0,2.5,wave,2170,0,0,0.23271889400921658,True
6,6,4,0.0,0.0,2.5,wave,2142,0,0,0.2357609710550887,True
6,6,5,0.0,0.0,2.5,wave,2125,0,0,0.23623529411764707,True
6,6,6,0.0,0.0,2.5,wave,2096,0,0,0.2409351145038168,True
6,6,7,0.0,0.0,2.5,wave,2068,0,0,0.24129593810444874,True
6,6,8,0.0,0.0,2.5,wave,2048,0,0,0.24267578125,True
6,6,9,0.0,0.0,2.5,wave,2024,0,0,0.24308300395256918,True
6,6,10,0.0,0.0,2.5,wave,1994,0,0,0.24523570712136408,True
6,6,11,0.0,0.0,2.5,wave,1983,0,0,0.24659606656580937,True
6,6,12,0.0,0.0,2.5,wave,1963,0,0,0.24656138563423333,True
6,6,13,0.0,0.0,2.5,wave,1933,0,0,0.24676668391101914,True
6,6,14,0.0,0.0,2.5,wave,1909,0,0,0.24829753797799894,True
6,6,15,0.0,0.0,2.5,wave,1885,0,0,0.25039787798408486,True
6,6,16,0.0,0.0,2.5,wave,1845,0,0,0.25094850948509484,True
6,6,17,0.0,0.0,2.5,wave,1838,0,0,0.2546245919477693,True
6,6,18,0.0,0.0,2.5,wave,3860,0,0,0.12020725388601036,True
6,6,19,0.0,0.0,2.5,wave,3776,0,0,0.12182203389830508,True
6,6,20,0.0,0.0,2.5,wave,3691,0,0,0.12489840151720401,True
6,6,21,0.0,0.0,2.5,wave,3632,0,0,0.1261013215859031,True
6,6,22,0.0,0.0,2.5,wave,3546,0,0,0.12944162436548223,True
6,6,23,0.0,0.0,2.5,wave,3466,0,0,0.13444893248701673,True
6,6,24,0.0,0.0,2.5,wave,3385,0,0,0.13677991137370754,True
6,6,25,0.0,0.0,2.5,wave,3312,0,0,0.1403985507246377,True
6,6,26,0.0,0.0,2.5,wave,3231,0,0,0.14144227793252864,True
6,6,27,0.0,0.0,2.5,wave,3157,0,0,0.14412416851441243,True
6,6,28,0.0,0.0,2.5,wave,3087,0,0,0.1473922902494331,True
6,6,29,0.0,0.0,2.5,wave,3017,0,0,0.14981769970169043,True
6,6,30,0.0,0.0,2.5,wave,2924,0,0,0.15526675786593708,True
6,6,31,0.0,0.0,2.5,wave,2867,0,0,0.15800488315312172,True
6,6,32,0.0,0.0,2.5,wave,2811,0,0,0.1622198505869797,True
6,6,33,0.0,0.0,2.5,wave,2743,0,0,0.16332482683193583,True
6,6,34,0.0,0.0,2.5,wave,2689,0,0,0.16623280029750837,True
6,6,35,0.0,0.0,2.5,wave,2640,0,0,0.16818181818181818,True
6,6,36,0.0,0.0,2.5,wave,2559,0,0,0.16881594372801875,True
6,6,37,0.0,0.0,2.5,wave,2506,0,0,0.17318435754189945,True
6,6,38,0.0,0.0,2.5,wave,2465,0,0,0.1748478701825558,True
6,6,39,0.0,0.0,2.5,wave,2428,0,0,0.17668863261943987,True
6,6,40,0.0,0.0,2.5,wave,2399,0,0,0.17965819091288038,True
6,6,41,0.0,0.0,2.5,wave,2371,0,0,0.1817798397300717,True
6,6,42,0.0,0.0,2.5,wave,2332,0,0,0.18481989708404803,True
6,6,43,0.0,0.0,2.5,wave,3259,0,0,0.31666155262350415,True
6,6,44,0.0,0.0,2.5,wave,2852,0,0,0.2661290322580645,True
6,6,45,0.0,0.0,2.5,wave,2619,0,0,0.23864070255822833,True
6,6,46,0.0,0.0,2.5,wave,2492,0,0,0.22873194221508827,True
6,6,47,0.0,0.0,2.5,wave,2409,0,0,0.2220838522208385,True
6,6,48,0.0,0.0,2.5,wave,2377,0,0,0.22297013041649139,True
6,6,49,0.0,0.0,2.5,wave,2344,0,0,0.22141638225255972,True
6,6,50,0.0,0.0,2.5,wave,2322,0,0,0.2239448751076658,True
6,6,51,0.0,0.0,2.5,wave,2292,0,0,0.2268760907504363,True
6,6,52,0.0,0.0,2.5,wave,2266,0,0,0.23036187113857018,True
6,7,1,0.0,0.0,2.5,wave,2246,0,0,0.2319679430097952,True
6,7,2,0.0,0.0,2.5,wave,2227,0,0,0.23394701392007183,True
6,7,3,0.0,0.0,2.5,wave,2200,0,0,0.2340909090909091,True
6,7,4,0.0,0.0,2.5,wave,2174,0,0,0.23597056117755288,True
6,7,5,0.0,0.0,2.5,wave,2150,0,0,0.23767441860465116,True
6,7,6,0.0,0.0,2.5,wave,2119,0,0,0.2392638036809816,True
6,7,7,0.0,0.0,2.5,wave,2098,0,0,0.24070543374642517,True
6,7,8,0.0,0.0,2.5,wave,2069,0,0,0.24262928951184146,True
6,7,9,0.0,0.0,2.5,wave,2033,0,0,0.24495818986719134,True
6,7,10,0.0,0.0,2.5,wave,2013,0,0,0.24639841033283658,True
6,7,11,0.0,0.0,2.5,wave,1984,0,0,0.2474798387096774,True
6,7,12,0.0,0.0,2.5,wave,1961,0,0,0.24579296277409485,True
6,7,13,0.0,0.0,2.5,wave,1930,0,0,0.24611398963730569,True
6,7,14,0.0,0.0,2.5,wave,1905,0,0,0.2482939632545932,True
6,7,15,0.0,0.0,2.5,wave,1883,0,0,0.2501327668613914,True
6,7,16,0.0,0.0,2.5,wave,1869,0,0,0.2504012841091493,True
6,7,17,0.0,0.0,2.5,wave,1853,0,0,0.25310307609282245,True
6,7,18,0.0,0.0,2.5,wave,4193,0,0,0.11161459575482947,True
6,7,19,0.0,0.0,2.5,wave,4110,0,0,0.11435523114355231,True
6,7,20,0.0,0.0,2.5,wave,4013,0,0,0.11936207326189884,True
6,7,21,0.0,0.0,2.5,wave,3905,0,0,0.12266325224071703,True
6,7,22,0.0,0.0,2.5,wave,3862,0,0,0.12454686690833765,True
6,7,23,0.0,0.0,2.5,wave,3794,0,0,0.12625197680548234,True
6,7,24,0.0,0.0,2.5,wave,3706,0,0,0.12924986508364814,True
6,7,25,0.0,0.0,2.5,wave,3593,0,0,0.13331477873643194,True
6,7,26,0.0,0.0,2.5,wave,3516,0,0,0.13594994311717862,True
6,7,27,0.0,0.0,2.5,wave,3412,0,0,0.13980070339976552,True
6,7,28,0.0,0.0,2.5,wave,3326,0,0,0.14251352976548406,True
6,7,29,0.0,0.0,2.5,wave,3249,0,0,0.14558325638658048,True
6,7,30,0.0,0.0,2.5,wave,3182,0,0,0.15053425518541796,True
6,7,31,0.0,0.0,2.5,wave,3114,0,0,0.1531791907514451,True
6,7,32,0.0,0.0,2.5,wave,3053,0,0,0.153946937438585,True
6,7,33,0.0,0.0,2.5,wave,2979,0,0,0.15709969788519637,True
6,7,34,0.0,0.0,2.5,wave,2879,0,0,0.15943035776311218,True
6,7,35,0.0,0.0,2.5,wave,2817,0,0,0.16187433439829607,True
6,7,36,0.0,0.0,2.5,wave,2775,0,0,0.16612612612612612,True
6,7,37,0.0,0.0,2.5,wave,2711,0,0,0.16746587974917004,True
6,7,38,0.0,0.0,2.5,wave,2676,0,0,0.1696562032884903,True
6,7,39,0.0,0.0,2.5,wave,2630,0,0,0.17338403041825096,True
6,7,40,0.0,0.0,2.5,wave,2596,0,0,0.17642526964560862,True
6,7,41,0.0,0.0,2.5,wave,2576,0,0,0.1797360248447205,True
6,7,42,0.0,0.0,2.5,wave,2543,0,0,0.17970900511207236,True
6,7,43,0.0,0.0,2.5,wave,3369,0,0,0.30008904719501334,True
6,7,44,0.0,0.0,2.5,wave,2996,0,0,0.26702269692923897,True
6,7,45,0.0,0.0,2.5,wave,2756,0,0,0.23403483309143686,True
6,7,46,0.0,0.0,2.5,wave,2615,0,0,0.2202676864244742,True
6,7,47,0.0,0.0,2.5,wave,2577,0,0,0.21691889794334498,True
6,7,48,0.0,0.0,2.5,wave,2518,0,0,0.21683876092136617,True
6,7,49,0.0,0.0,2.5,wave,2474,0,0,0.2158447857720291,True
6,7,50,0.0,0.0,2.5,wave,2444,0,0,0.21194762684124385,True
6,7,51,0.0,0.0,2.5,wave,2411,0,0,0.21526337619245126,True
6,7,52,0.0,0.0,2.5,wave,2361,0,0,0.21770436255823802,True
6,8,1,0.0,0.0,2.5,wave,2351,0,0,0.22288387920034028,True
6,8,2,0.0,0.0,2.5,wave,2327,0,0,0.22260421143102707,True
6,8,3,0.0,0.0,2.5,wave,2298,0,0,0.2258485639686684,True
6,8,4,0.0,0.0,2.5,wave,2267,0,0,0.22761358623731803,True
6,8,5,0.0,0.0,2.5,wave,2243,0,0,0.23272403031654035,True
6,8,6,0.0,0.0,2.5,wave,2205,0,0,0.23492063492063492,True
6,8,7,0.0,0.0,2.5,wave,2184,0,0,0.23626373626373626,True
6,8,8,0.0,0.0,2.5,wave,2155,0,0,0.23897911832946636,True
6,8,9,0.0,0.0,2.5,wave,2138,0,0,0.24134705332086062,True
6,8,10,0.0,0.0,2.5,wave,2113,0,0,0.24467581637482252,True
6,8,11,0.0,0.0,2.5,wave,2086,0,0,0.24592521572387344,True
6,8,12,0.0,0.0,2.5,wave,2063,0,0,0.24721279689772177,True
6,8,13,0.0,0.0,2.5,wave,2027,0,0,0.24469659595461274,True
6,8,14,0.0,0.0,2.5,wave,2006,0,0,0.2472582253240279,True
6,8,15,0.0,0.0,2.5,wave,1987,0,0,0.25163563160543534,True
6,8,16,0.0,0.0,2.5,wave,1960,0,0,0.25204081632653064,True
6,8,17,0.0,0.0,2.5,wave,1944,0,0,0.25617283950617287,True
6,8,18,0.0,0.0,2.5,wave,4025,0,0,0.12472049689440994,True
6,8,19,0.0,0.0,2.5,wave,3983,0,0,0.12754205372834546,True
6,8,20,0.0,0.0,2.5,wave,3927,0,0,0.13139801375095492,True
6,8,21,0.0,0.0,2.5,wave,3836,0,0,0.13373305526590198,True
6,8,22,0.0,0.0,2.5,wave,3753,0,0,0.1377564614974687,True
6,8,23,0.0,0.0,2.5,wave,3677,0,0,0.14277943976067448,True
6,8,24,0.0,0.0,2.5,wave,3604,0,0,0.14594894561598223,True
6,8,25,0.0,0.0,2.5,wave,3546,0,0,0.14861816130851663,True
6,8,26,0.0,0.0,2.5,wave,3466,0,0,0.15060588574725908,True
6,8,27,0.0,0.0,2.5,wave,3401,0,0,0.1514260511614231,True
6,8,28,0.0,0.0,2.5,wave,3346,0,0,0.15660490137477584,True
6,8,29,0.0,0.0,2.5,wave,3274,0,0,0.16004886988393402,True
6,8,30,0.0,0.0,2.5,wave,3210,0,0,0.16199376947040497,True
6,8,31,0.0,0.0,2.5,wave,3147,0,0,0.1652367333968859,True
6,8,32,0.0,0.0,2.5,wave,3078,0,0,0.16699155295646523,True
6,8,33,0.0,0.0,2.5,wave,3019,0,0,0.1705862868499503,True
6,8,34,0.0,0.0,2.5,wave,2957,0,0,0.17247210010145417,True
6,8,35,0.0,0.0,2.5,wave,2905,0,0,0.17693631669535284,True
6,8,36,0.0,0.0,2.5,wave,2859,0,0,0.180132913606156,True
6,8,37,0.0,0.0,2.5,wave,2805,0,0,0.18181818181818182,True
6,8,38,0.0,0.0,2.5,wave,2776,0,0,0.18623919308357348,True
6,8,39,0.0,0.0,2.5,wave,2742,0,0,0.187819110138585,True
6,8,40,0.0,0.0,2.5,wave,2708,0,0,0.19017725258493354,True
6,8,41,0.0,0.0,2.5,wave,2676,0,0,0.19245142002989538,True
6,8,42,0.0,0.0,2.5,wave,2649,0,0,0.1951679879199698,True
6,8,43,0.0,0.0,2.5,wave,3662,0,0,0.3274167121791371,True
6,8,44,0.0,0.0,2.5,wave,3184,0,0,0.2814070351758794,True
6,8,45,0.0,0.0,2.5,wave,2920,0,0,0.25273972602739725,True
6,8,46,0.0,0.0,2.5,wave,2757,0,0,0.23648893725063475,True
6,8,47,0.0,0.0,2.5,wave,2703,0,0,0.23233444321124677,True
6,8,48,0.0,0.0,2.5,wave,2648,0,0,0.23225075528700906,True
6,8,49,0.0,0.0,2.5,wave,2600,0,0,0.23423076923076924,True
6,8,50,0.0,0.0,2.5,wave,2555,0,0,0.2328767123287671,True
6,8,51,0.0,0.0,2.5,wave,2525,0,0,0.23485148514851484,True
6,8,52,0.0,0.0,2.5,wave,2494,0,0,0.23616680032076984,True
6,9,1,0.0,0.0,2.5,wave,2468,0,0,0.23824959481361427,True
6,9,2,0.0,0.0,2.5,wave,2443,0,0,0.23905034793286942,True
6,9,3,0.0,0.0,2.5,wave,2429,0,0,0.2445450802799506,True
6,9,4,0.0,0.0,2.5,wave,2408,0,0,0.24501661129568106,True
6,9,5,0.0,0.0,2.5,wave,2388,0,0,0.24790619765494137,True
6,9,6,0.0,0.0,2.5,wave,2356,0,0,0.25127334465195245,True
6,9,7,0.0,0.0,2.5,wave,2328,0,0,0.25171821305841924,True
6,9,8,0.0,0.0,2.5,wave,2289,0,0,0.2516382699868938,True
6,9,9,0.0,0.0,2.5,wave,2240,0,0,0.253125,True
6,9,10,0.0,0.0,2.5,wave,2222,0,0,0.25517551755175516,True
6,9,11,0.0,0.0,2.5,wave,2200,0,0,0.25772727272727275,True
6,9,12,0.0,0.0,2.5,wave,2181,0,0,0.2567629527739569,True
6,9,13,0.0,0.0,2.5,wave,2150,0,0,0.2586046511627907,True
6,9,14,0.0,0.0,2.5,wave,2120,0,0,0.26037735849056604,True
6,9,15,0.0,0.0,2.5,wave,2089,0,0,0.26328386787936814,True
6,9,16,0.0,0.0,2.5,wave,2068,0,0,0.26547388781431336,True
6,9,17,0.0,0.0,2.5,wave,2043,0,0,0.2692119432207538,True
6,9,18,0.0,0.0,2.5,wave,4406,0,0,0.11733999092147072,True
6,9,19,0.0,0.0,2.5,wave,4347,0,0,0.11985277202668507,True
6,9,20,0.0,0.0,2.5,wave,4274,0,0,0.12330369677117455,True
6,9,21,0.0,0.0,2.5,wave,4150,0,0,0.12602409638554216,True
6,9,22,0.0,0.0,2.5,wave,4048,0,0,0.1282114624505929,True
6,9,23,0.0,0.0,2.5,wave,3974,0,0,0.1318570709612481,True
6,9,24,0.0,0.0,2.5,wave,3904,0,0,0.13370901639344263,True
6,9,25,0.0,0.0,2.5,wave,3821,0,0,0.13766029835121696,True
6,9,26,0.0,0.0,2.5,wave,3738,0,0,0.13911182450508294,True
6,9,27,0.0,0.0,2.5,wave,3668,0,0,0.14422028353326063,True
6,9,28,0.0,0.0,2.5,wave,3605,0,0,0.14618585298196948,True
6,9,29,0.0,0.0,2.5,wave,3513,0,0,0.15086820381440363,True
6,9,30,0.0,0.0,2.5,wave,3452,0,0,0.15498261877172653,True
6,9,31,0.0,0.0,2.5,wave,3386,0,0,0.15800354400472533,True
6,9,32,0.0,0.0,2.5,wave,3300,0,0,0.1596969696969697,True
6,9,33,0.0,0.0,2.5,wave,3222,0,0,0.16356300434512724,True
6,9,34,0.0,0.0,2.5,wave,3140,0,0,0.16719745222929935,True
6,9,35,0.0,0.0,2.5,wave,3090,0,0,0.17055016181229773,True
6,9,36,0.0,0.0,2.5,wave,3038,0,0,0.173798551678736,True
6,9,37,0.0,0.0,2.5,wave,2998,0,0,0.1771180787191461,True
6,9,38,0.0,0.0,2.5,wave,2962,0,0,0.1785955435516543,True
6,9,39,0.0,0.0,2.5,wave,2931,0,0,0.1811668372569089,True
6,9,40,0.0,0.0,2.5,wave,2900,0,0,0.18344827586206897,True
6,9,41,0.0,0.0,2.5,wave,2866,0,0,0.18387997208653176,True
6,9,42,0.0,0.0,2.5,wave,2824,0,0,0.18661473087818697,True
6,9,43,0.0,0.0,2.5,wave,3942,0,0,0.32623033992897005,True
6,9,44,0.0,0.0,2.5,wave,3449,0,0,0.28124093940272543,True
6,9,45,0.0,0.0,2.5,wave,3193,0,0,0.251174444096461,True
6,9,46,0.0,0.0,2.5,wave,3055,0,0,0.23960720130932897,True
6,9,47,0.0,0.0,2.5,wave,2930,0,0,0.22901023890784983,True
6,9,48,0.0,0.0,2.5,wave,2864,0,0,0.22416201117318435,True
6,9,49,0.0,0.0,2.5,wave,2822,0,0,0.221119773210489,True
6,9,50,0.0,0.0,2.5,wave,2771,0,0,0.22194153735113678,True
6,9,51,0.0,0.0,2.5,wave,2722,0,0,0.22299779573842762,True
6,9,52,0.0,0.0,2.5,wave,2691,0,0,0.22408026755852842,True
6,10,1,0.0,0.0,2.5,wave,2650,0,0,0.22339622641509435,True
6,10,2,0.0,0.0,2.5,wave,2613,0,0,0.22732491389207807,True
6,10,3,0.0,0.0,2.5,wave,2577,0,0,0.22933643771827705,True
6,10,4,0.0,0.0,2.5,wave,2539,0,0,0.23079952737298148,True
6,10,5,0.0,0.0,2.5,wave,2508,0,0,0.2332535885167464,True
6,10,6,0.0,0.0,2.5,wave,2474,0,0,0.23565076798706547,True
6,10,7,0.0,0.0,2.5,wave,2444,0,0,0.23608837970540097,True
6,10,8,0.0,0.0,2.5,wave,2421,0,0,0.2375051631557208,True
6,10,9,0.0,0.0,2.5,wave,2392,0,0,0.23787625418060201,True
6,10,10,0.0,0.0,2.5,wave,2363,0,0,0.24121878967414304,True
6,10,11,0.0,0.0,2.5,wave,2331,0,0,0.24324324324324326,True
6,10,12,0.0,0.0,2.5,wave,2297,0,0,0.24510230735742272,True
6,10,13,0.0,0.0,2.5,wave,2260,0,0,0.24601769911504426,True
6,10,14,0.0,0.0,2.5,wave,2230,0,0,0.24887892376681614,True
6,10,15,0.0,0.0,2.5,wave,2208,0,0,0.2504528985507246,True
6,10,16,0.0,0.0,2.5,wave,2189,0,0,0.2517131110095934,True
6,10,17,0.0,0.0,2.5,wave,2170,0,0,0.25299539170506913,True
6,10,18,0.0,0.0,2.5,wave,4605,0,0,0.11465798045602606,True
6,10,19,0.0,0.0,2.5,wave,4547,0,0,0.11809984605234221,True
6,10,20,0.0,0.0,2.5,wave,4468,0,0,0.12085944494180842,True
6,10,21,0.0,0.0,2.5,wave,4395,0,0,0.1224118316268487,True
6,10,22,0.0,0.0,2.5,wave,4314,0,0,0.1249420491423273,True
6,10,23,0.0,0.0,2.5,wave,4216,0,0,0.12808349146110057,True
6,10,24,0.0,0.0,2.5,wave,4124,0,0,0.12948593598448108,True
6,10,25,0.0,0.0,2.5,wave,3998,0,0,0.1325662831415708,True
6,10,26,0.0,0.0,2.5,wave,3912,0,0,0.13548057259713703,True
6,10,27,0.0,0.0,2.5,wave,3837,0,0,0.1383893666927287,True
6,10,28,0.0,0.0,2.5,wave,3767,0,0,0.1409609769046987,True
6,10,29,0.0,0.0,2.5,wave,3684,0,0,0.14332247557003258,True
6,10,30,0.0,0.0,2.5,wave,3605,0,0,0.14618585298196948,True
6,10,31,0.0,0.0,2.5,wave,3545,0,0,0.14837799717912553,True
6,10,32,0.0,0.0,2.5,wave,3469,0,0,0.15134044393196885,True
6,10,33,0.0,0.0,2.5,wave,3381,0,0,0.15557527358769596,True
6,10,34,0.0,0.0,2.5,wave,3273,0,0,0.15795905896730827,True
6,10,35,0.0,0.0,2.5,wave,3178,0,0,0.1620516047828823,True
6,10,36,0.0,0.0,2.5,wave,3115,0,0,0.16565008025682182,True
6,10,37,0.0,0.0,2.5,wave,3038,0,0,0.1685319289005925,True
6,10,38,0.0,0.0,2.5,wave,2992,0,0,0.17179144385026737,True
6,10,39,0.0,0.0,2.5,wave,2958,0,0,0.17478025693035834,True
6,10,40,0.0,0.0,2.5,wave,2920,0,0,0.175,True
6,10,41,0.0,0.0,2.5,wave,2893,0,0,0.17801590044936053,True
6,10,42,0.0,0.0,2.5,wave,2860,0,0,0.18076923076923077,True
6,10,43,0.0,0.0,2.5,wave,4123,0,0,0.32888673296143583,True
6,10,44,0.0,0.0,2.5,wave,3596,0,0,0.27474972191323693,True
6,10,45,0.0,0.0,2.5,wave,3290,0,0,0.2458966565349544,True
6,10,46,0.0,0.0,2.5,wave,3080,0,0,0.22694805194805195,True
6,10,47,0.0,0.0,2.5,wave,2966,0,0,0.222521915037087,True
6,10,48,0.0,0.0,2.5,wave,2883,0,0,0.21852237252861603,True
6,10,49,0.0,0.0,2.5,wave,2811,0,0,0.21487015297047315,True
6,10,50,0.0,0.0,2.5,wave,2756,0,0,0.21190130624092887,True
6,10,51,0.0,0.0,2.5,wave,2728,0,0,0.21004398826979473,True
6,10,52,0.0,0.0,2.5,wave,2682,0,0,0.21364653243847875,True
6,11,1,0.0,0.0,2.5,wave,2652,0,0,0.21568627450980393,True
6,11,2,0.0,0.0,2.5,wave,2606,0,0,0.22179585571757482,True
6,11,3,0.0,0.0,2.5,wave,2583,0,0,0.22260936895083236,True
6,11,4,0.0,0.0,2.5,wave,2558,0,0,0.22439405785770133,True
6,11,5,0.0,0.0,2.5,wave,2523,0,0,0.22512881490289338,True
6,11,6,0.0,0.0,2.5,wave,2494,0,0,0.227345629510826,True
6,11,7,0.0,0.0,2.5,wave,2480,0,0,0.22782258064516128,True
6,11,8,0.0,0.0,2.5,wave,2440,0,0,0.230327868852459,True
6,11,9,0.0,0.0,2.5,wave,2411,0,0,0.2322687681459975,True
6,11,10,0.0,0.0,2.5,wave,2383,0,0,0.23331934536298782,True
6,11,11,0.0,0.0,2.5,wave,2362,0,0,0.23624047417442845,True
6,11,12,0.0,0.0,2.5,wave,2339,0,0,0.23899102180418982,True
6,11,13,0.0,0.0,2.5,wave,2318,0,0,0.24029335634167387,True
6,11,14,0.0,0.0,2.5,wave,2290,0,0,0.2427947598253275,True
6,11,15,0.0,0.0,2.5,wave,2269,0,0,0.24680475980608196,True
6,11,16,0.0,0.0,2.5,wave,2252,0,0,0.2477797513321492,True
6,11,17,0.0,0.0,2.5,wave,2225,0,0,0.24898876404494383,True
6,11,18,0.0,0.0,2.5,wave,4649,0,0,0.11357281135728113,True
6,11,19,0.0,0.0,2.5,wave,4546,0,0,0.11460624725032996,True
6,11,20,0.0,0.0,2.5,wave,4462,0,0,0.11721201255042582,True
6,11,21,0.0,0.0,2.5,wave,4403,0,0,0.12105382693617987,True
6,11,22,0.0,0.0,2.5,wave,4294,0,0,0.12389380530973451,True
6,11,23,0.0,0.0,2.5,wave,4195,0,0,0.12681764004767582,True
6,11,24,0.0,0.0,2.5,wave,4084,0,0,0.1287952987267385,True
6,11,25,0.0,0.0,2.5,wave,4022,0,0,0.13227250124316262,True
6,11,26,0.0,0.0,2.5,wave,3939,0,0,0.13455191673013456,True
6,11,27,0.0,0.0,2.5,wave,3865,0,0,0.13635187580853816,True
6,11,28,0.0,0.0,2.5,wave,3805,0,0,0.13902759526938238,True
6,11,29,0.0,0.0,2.5,wave,3740,0,0,0.1409090909090909,True
6,11,30,0.0,0.0,2.5,wave,3671,0,0,0.14328520839008443,True
6,11,31,0.0,0.0,2.5,wave,3589,0,0,0.14572304263025912,True
6,11,32,0.0,0.0,2.5,wave,3500,0,0,0.14857142857142858,True
6,11,33,0.0,0.0,2.5,wave,3426,0,0,0.15148861646234676,True
6,11,34,0.0,0.0,2.5,wave,3358,0,0,0.15485407980941035,True
6,11,35,0.0,0.0,2.5,wave,3308,0,0,0.15719467956469166,True
6,11,36,0.0,0.0,2.5,wave,3254,0,0,0.16195451751690226,True
6,11,37,0.0,0.0,2.5,wave,3203,0,0,0.16515766468935372,True
6,11,38,0.0,0.0,2.5,wave,3164,0,0,0.16687737041719342,True
6,11,39,0.0,0.0,2.5,wave,3120,0,0,0.16666666666666666,True
6,11,40,0.0,0.0,2.5,wave,3067,0,0,0.17182914900554289,True
6,11,41,0.0,0.0,2.5,wave,3026,0,0,0.17481824190350298,True
6,11,42,0.0,0.0,2.5,wave,2992,0,0,0.17613636363636365,True
6,11,43,0.0,0.0,2.5,wave,4251,0,0,0.3220418725005881,True
6,11,44,0.0,0.0,2.5,wave,3740,0,0,0.27245989304812834,True
6,11,45,0.0,0.0,2.5,wave,3409,0,0,0.23789967732472866,True
6,11,46,0.0,0.0,2.5,wave,3224,0,0,0.223014888337469,True
6,11,47,0.0,0.0,2.5,wave,3082,0,0,0.21284879948085658,True
6,11,48,0.0,0.0,2.5,wave,2990,0,0,0.20903010033444816,True
6,11,49,0.0,0.0,2.5,wave,2940,0,0,0.21020408163265306,True
6,11,50,0.0,0.0,2.5,wave,2880,0,0,0.20868055555555556,True
6,11,51,0.0,0.0,2.5,wave,2834,0,0,0.20712773465067044,True
6,11,52,0.0,0.0,2.5,wave,2815,0,0,0.2113676731793961,True
7,1,1,0.0,0.0,2.5,wave,2817,0,0,0.001774937877174299,True
7,1,2,0.0,0.0,2.5,wave,2774,0,0,0.004686373467916366,True
7,1,3,0.0,0.0,2.5,wave,2701,0,0,0.008145131432802665,True
7,1,4,0.0,0.0,2.5,wave,2633,0,0,0.01139384732244588,True
7,1,5,0.0,0.0,2.5,wave,2597,0,0,0.012321909896033885,True
7,1,6,0.0,0.0,2.5,wave,2539,0,0,0.014966522252855455,True
7,1,7,0.0,0.0,2.5,wave,2492,0,0,0.01765650080256822,True
7,1,8,0.0,0.0,2.5,wave,2442,0,0,0.018837018837018837,True
7,1,9,0.0,0.0,2.5,wave,2387,0,0,0.02178466694595727,True
7,1,10,0.0,0.0,2.5,wave,2324,0,0,0.024096385542168676,True
7,1,11,0.0,0.0,2.5,wave,2273,0,0,0.026396832380114386,True
7,1,12,0.0,0.0,2.5,wave,2250,0,0,0.028888888888888888,True
7,1,13,0.0,0.0,2.5,wave,2201,0,0,0.029986369831894594,True
7,1,14,0.0,0.0,2.5,wave,2169,0,0,0.030889810972798526,True
7,1,15,0.0,0.0,2.5,wave,2139,0,0,0.03225806451612903,True
7,1,16,0.0,0.0,2.5,wave,2090,0,0,0.03349282296650718,True
7,1,17,0.0,0.0,2.5,wave,2028,0,0,0.03599605522682446,True
7,1,18,0.0,0.0,2.5,wave,5872,0,0,0.013623978201634877,True
7,1,19,0.0,0.0,2.5,wave,5773,0,0,0.016282695305733588,True
7,1,20,0.0,0.0,2.5,wave,5557,0,0,0.018535180852978225,True
7,1,21,0.0,0.0,2.5,wave,5439,0,0,0.019488876631733775,True
7,1,22,0.0,0.0,2.5,wave,5270,0,0,0.021631878557874764,True
7,1,23,0.0,0.0,2.5,wave,5139,0,0,0.023934617629889084,True
7,1,24,0.0,0.0,2.5,wave,5029,0,0,0.02664545635315172,True
7,1,25,0.0,0.0,2.5,wave,4868,0,0,0.02855382087099425,True
7,1,26,0.0,0.0,2.5,wave,4725,0,0,0.0308994708994709,True
7,1,27,0.0,0.0,2.5,wave,4632,0,0,0.03238341968911917,True
7,1,28,0.0,0.0,2.5,wave,4536,0,0,0.03439153439153439,True
7,1,29,0.0,0.0,2.5,wave,4442,0,0,0.034894191805493024,True
7,1,30,0.0,0.0,2.5,wave,4352,0,0,0.038373161764705885,True
7,1,31,0.0,0.0,2.5,wave,4252,0,0,0.03998118532455315,True
7,1,32,0.0,0.0,2.5,wave,4165,0,0,0.042496998799519806,True
7,1,33,0.0,0.0,2.5,wave,4083,0,0,0.04335047759000735,True
7,1,34,0.0,0.0,2.5,wave,3984,0,0,0.046686746987951805,True
7,1,35,0.0,0.0,2.5,wave,3900,0,0,0.04948717948717949,True
7,1,36,0.0,0.0,2.5,wave,3809,0,0,0.051982147545287474,True
7,1,37,0.0,0.0,2.5,wave,3734,0,0,0.05249062667380825,True
7,1,38,0.0,0.0,2.5,wave,3667,0,0,0.053995091355331336,True
7,1,39,0.0,0.0,2.5,wave,3599,0,0,0.05668241178105029,True
7,1,40,0.0,0.0,2.5,wave,3537,0,0,0.05739327113372915,True
7,1,41,0.0,0.0,2.5,wave,3483,0,0,0.05799598047660063,True
7,1,42,0.0,0.0,2.5,wave,3433,0,0,0.0605884066414215,True
7,1,43,0.0,0.0,2.5,wave,3554,0,0,0.11480022509848059,True
7,1,44,0.0,0.0,2.5,wave,3307,0,0,0.10281221651043242,True
7,1,45,0.0,0.0,2.5,wave,3138,0,0,0.09369024856596558,True
7,1,46,0.0,0.0,2.5,wave,3064,0,0,0.09236292428198434,True
7,1,47,0.0,0.0,2.5,wave,3025,0,0,0.0971900826446281,True
7,1,48,0.0,0.0,2.5,wave,3009,0,0,0.10136257892987703,True
7,1,49,0.0,0.0,2.5,wave,3000,0,0,0.104,True
7,1,50,0.0,0.0,2.5,wave,2985,0,0,0.1051926298157454,True
7,1,51,0.0,0.0,2.5,wave,2937,0,0,0.10520939734422881,True
7,1,52,0.0,0.0,2.5,wave,2911,0,0,0.10752318790793541,True
7,2,1,0.0,0.0,2.5,wave,2911,24,7,0.11233253177602198,False
7,2,2,0.0,0.0,2.5,wave,2880,36,9,0.11527777777777778,False
7,2,3,0.0,0.0,2.5,wave,2860,29,7,0.11538461538461539,False
7,2,4,0.0,0.0,2.5,wave,2845,36,12,0.118804920913884,False
7,2,5,0.0,0.0,2.5,wave,2823,34,15,0.12114771519659936,False
7,2,6,0.0,0.0,2.5,wave,2772,43,14,0.12445887445887446,False
7,2,7,0.0,0.0,2.5,wave,2737,39,15,0.12824260138838145,False
7,2,8,0.0,0.0,2.5,wave,2700,42,16,0.13037037037037036,False
7,2,9,0.0,0.0,2.5,wave,2652,49,18,0.1323529411764706,False
7,2,10,0.0,0.0,2.5,wave,2598,51,18,0.13279445727482678,False
7,2,11,0.0,0.0,2.5,wave,2555,49,18,0.13620352250489237,False
7,2,12,0.0,0.0,2.5,wave,2517,51,24,0.1394517282479142,False
7,2,13,0.0,0.0,2.5,wave,2467,52,22,0.14187271990271585,False
7,2,14,0.0,0.0,2.5,wave,2431,51,16,0.14315096668037844,False
7,2,15,0.0,0.0,2.5,wave,2389,51,15,0.1460862285475094,False
7,2,16,0.0,0.0,2.5,wave,2354,57,22,0.14570943075615972,False
7,2,17,0.0,0.0,2.5,wave,2311,63,23,0.14885331025530074,False
7,2,18,0.0,0.0,2.5,wave,4523,60,18,0.07738226840592527,False
7,2,19,0.0,0.0,2.5,wave,4429,74,22,0.07992774892752315,False
7,2,20,0.0,0.0,2.5,wave,4315,98,33,0.08273464658169177,False
7,2,21,0.0,0.0,2.5,wave,4232,117,35,0.08459357277882798,False
7,2,22,0.0,0.0,2.5,wave,4124,124,42,0.08680892337536372,False
7,2,23,0.0,0.0,2.5,wave,4015,120,48,0.09265255292652554,False
7,2,24,0.0,0.0,2.5,wave,3879,99,38,0.09615880381541635,False
7,2,25,0.0,0.0,2.5,wave,3786,91,34,0.09931325937665082,False
7,2,26,0.0,0.0,2.5,wave,3657,88,35,0.10035548263604047,False
7,2,27,0.0,0.0,2.5,wave,3549,84,27,0.10650887573964497,False
7,2,28,0.0,0.0,2.5,wave,3418,76,34,0.10971328262141604,False
7,2,29,0.0,0.0,2.5,wave,3330,84,33,0.11411411411411411,False
7,2,30,0.0,0.0,2.5,wave,3211,69,20,0.11990034257240735,False
7,2,31,0.0,0.0,2.5,wave,3116,63,25,0.1241976893453145,False
7,2,32,0.0,0.0,2.5,wave,3036,62,26,0.12714097496706192,False
7,2,33,0.0,0.0,2.5,wave,2973,60,21,0.1301715438950555,False
7,2,34,0.0,0.0,2.5,wave,2880,57,18,0.1329861111111111,False
7,2,35,0.0,0.0,2.5,wave,2828,54,20,0.13755304101838756,False
7,2,36,0.0,0.0,2.5,wave,2764,54,17,0.14001447178002893,False
7,2,37,0.0,0.0,2.5,wave,2715,52,19,0.1425414364640884,False
7,2,38,0.0,0.0,2.5,wave,2671,54,26,0.14488955447397978,False
7,2,39,0.0,0.0,2.5,wave,2625,46,18,0.14857142857142858,False
7,2,40,0.0,0.0,2.5,wave,2577,42,11,0.15095071788901823,False
7,2,41,0.0,0.0,2.5,wave,2546,44,17,0.15278868813825608,False
7,2,42,0.0,0.0,2.5,wave,2511,46,19,0.15531660692951016,False
7,2,43,0.0,0.0,2.5,wave,2697,37,14,0.2228401928068224,False
7,2,44,0.0,0.0,2.5,wave,2537,32,16,0.19905400078833269,False
7,2,45,0.0,0.0,2.5,wave,2490,23,14,0.19397590361445782,False
7,2,46,0.0,0.0,2.5,wave,2440,18,10,0.1942622950819672,False
7,2,47,0.0,0.0,2.5,wave,2416,16,8,0.19536423841059603,False
7,2,48,0.0,0.0,2.5,wave,2400,18,8,0.20041666666666666,False
7,2,49,0.0,0.0,2.5,wave,2374,12,5,0.2000842459983151,False
7,2,50,0.0,0.0,2.5,wave,2341,14,8,0.20247757368645877,False
7,2,51,0.0,0.0,2.5,wave,2326,19,8,0.20421324161650903,False
7,2,52,0.0,0.0,2.5,wave,2290,15,4,0.20698689956331878,False
7,3,1,0.0,0.0,2.5,wave,2276,16,7,0.2069420035149385,False
7,3,2,0.0,0.0,2.5,wave,2258,16,8,0.21036315323294952,False
7,3,3,0.0,0.0,2.5,wave,2240,12,4,0.21071428571428572,False
7,3,4,0.0,0.0,2.5,wave,2221,23,9,0.2120666366501576,False
7,3,5,0.0,0.0,2.5,wave,2199,21,7,0.2132787630741246,False
7,3,6,0.0,0.0,2.5,wave,2181,18,6,0.21687299403943144,False
7,3,7,0.0,0.0,2.5,wave,2148,16,6,0.21880819366852886,False
7,3,8,0.0,0.0,2.5,wave,2123,13,5,0.2213848327837965,False
7,3,9,0.0,0.0,2.5,wave,2105,16,5,0.22185273159144894,False
7,3,10,0.0,0.0,2.5,wave,2088,16,5,0.22701149425287356,False
7,3,11,0.0,0.0,2.5,wave,2062,18,8,0.22841901066925316,False
7,3,12,0.0,0.0,2.5,wave,2041,14,4,0.233219010289074,False
7,3,13,0.0,0.0,2.5,wave,2032,14,6,0.23523622047244094,False
7,3,14,0.0,0.0,2.5,wave,2007,14,6,0.2386646736422521,False
7,3,15,0.0,0.0,2.5,wave,1981,11,5,0.24129227662796568,False
7,3,16,0.0,0.0,2.5,wave,1959,10,5,0.24298111281265952,False
7,3,17,0.0,0.0,2.5,wave,1938,7,4,0.24406604747162022,False
7,3,18,0.0,0.0,2.5,wave,4363,6,4,0.10864084345633739,False
7,3,19,0.0,0.0,2.5,wave,4300,4,3,0.11093023255813954,False
7,3,20,0.0,0.0,2.5,wave,4212,8,1,0.11324786324786325,False
7,3,21,0.0,0.0,2.5,wave,4139,7,2,0.11524522831601836,False
7,3,22,0.0,0.0,2.5,wave,4053,9,3,0.11695040710584752,False
7,3,23,0.0,0.0,2.5,wave,3976,8,3,0.11971830985915492,False
7,3,24,0.0,0.0,2.5,wave,3876,13,4,0.12358101135190919,False
7,3,25,0.0,0.0,2.5,wave,3768,14,3,0.12845010615711253,False
7,3,26,0.0,0.0,2.5,wave,3650,13,6,0.13397260273972603,False
7,3,27,0.0,0.0,2.5,wave,3553,12,6,0.13706726709822686,False
7,3,28,0.0,0.0,2.5,wave,3484,11,2,0.14121699196326062,False
7,3,29,0.0,0.0,2.5,wave,3404,9,1,0.14424206815511165,False
7,3,30,0.0,0.0,2.5,wave,3337,11,3,0.14803715912496254,False
7,3,31,0.0,0.0,2.5,wave,3272,12,5,0.14944987775061125,False
7,3,32,0.0,0.0,2.5,wave,3216,11,4,0.1501865671641791,False
7,3,33,0.0,0.0,2.5,wave,3141,10,3,0.15281757402101243,False
7,3,34,0.0,0.0,2.5,wave,3086,10,4,0.15489306545690215,False
7,3,35,0.0,0.0,2.5,wave,3040,10,3,0.15822368421052632,False
7,3,36,0.0,0.0,2.5,wave,2989,10,4,0.16058882569421212,False
7,3,37,0.0,0.0,2.5,wave,2932,11,3,0.1640518417462483,False
7,3,38,0.0,0.0,2.5,wave,2897,8,5,0.1667241974456334,False
7,3,39,0.0,0.0,2.5,wave,2869,9,6,0.16939700243987452,False
7,3,40,0.0,0.0,2.5,wave,2829,5,2,0.17002474372569812,False
7,3,41,0.0,0.0,2.5,wave,2791,5,2,0.172339663203153,False
7,3,42,0.0,0.0,2.5,wave,2758,9,1,0.17585206671501089,False
7,3,43,0.0,0.0,2.5,wave,3025,6,2,0.24694214876033058,False
7,3,44,0.0,0.0,2.5,wave,2826,6,5,0.2218683651804671,False
7,3,45,0.0,0.0,2.5,wave,2736,5,3,0.21125730994152048,False
7,3,46,0.0,0.0,2.5,wave,2677,1,1,0.21105715353007098,False
7,3,47,0.0,0.0,2.5,wave,2606,1,1,0.20798158096699923,False
7,3,48,0.0,0.0,2.5,wave,2594,0,0,0.21087124132613724,True
7,3,49,0.0,0.0,2.5,wave,2566,0,0,0.2127825409197194,True
7,3,50,0.0,0.0,2.5,wave,2549,0,0,0.21263240486465282,True
7,3,51,0.0,0.0,2.5,wave,2518,0,0,0.21405877680698968,True
7,3,52,0.0,0.0,2.5,wave,2503,0,0,0.21693967239312825,True
7,4,1,0.0,0.0,2.5,wave,2477,0,0,0.21962050867985466,True
7,4,2,0.0,0.0,2.5,wave,2452,0,0,0.2234910277324633,True
7,4,3,0.0,0.0,2.5,wave,2427,0,0,0.22661722290894107,True
7,4,4,0.0,0.0,2.5,wave,2405,0,0,0.22785862785862787,True
7,4,5,0.0,0.0,2.5,wave,2367,0,0,0.22729193071398396,True
7,4,6,0.0,0.0,2.5,wave,2341,0,0,0.22810764630499786,True
7,4,7,0.0,0.0,2.5,wave,2311,0,0,0.23063608827347468,True
7,4,8,0.0,0.0,2.5,wave,2278,0,0,0.23222124670763827,True
7,4,9,0.0,0.0,2.5,wave,2242,0,0,0.23416592328278324,True
7,4,10,0.0,0.0,2.5,wave,2225,0,0,0.2350561797752809,True
7,4,11,0.0,0.0,2.5,wave,2195,0,0,0.2378132118451025,True
7,4,12,0.0,0.0,2.5,wave,2166,0,0,0.2386888273314866,True
7,4,13,0.0,0.0,2.5,wave,2138,0,0,0.24134705332086062,True
7,4,14,0.0,0.0,2.5,wave,2124,0,0,0.24199623352165725,True
7,4,15,0.0,0.0,2.5,wave,2101,0,0,0.24226558781532603,True
7,4,16,0.0,0.0,2.5,wave,2078,0,0,0.2449470644850818,True
7,4,17,0.0,0.0,2.5,wave,2051,0,0,0.24524622135543636,True
7,4,18,0.0,0.0,2.5,wave,4374,0,0,0.11636945587562872,True
7,4,19,0.0,0.0,2.5,wave,4282,0,0,0.11980382998598786,True
7,4,20,0.0,0.0,2.5,wave,4191,0,0,0.12216654736339776,True
7,4,21,0.0,0.0,2.5,wave,4104,0,0,0.12426900584795321,True
7,4,22,0.0,0.0,2.5,wave,4021,0,0,0.12583934344690376,True
7,4,23,0.0,0.0,2.5,wave,3940,0,0,0.12741116751269035,True
7,4,24,0.0,0.0,2.5,wave,3861,0,0,0.13001813001813,True
7,4,25,0.0,0.0,2.5,wave,3807,0,0,0.1318623588127134,True
7,4,26,0.0,0.0,2.5,wave,3725,0,0,0.13476510067114095,True
7,4,27,0.0,0.0,2.5,wave,3659,0,0,0.13910904618748293,True
7,4,28,0.0,0.0,2.5,wave,3578,0,0,0.14197875908328675,True
7,4,29,0.0,0.0,2.5,wave,3477,0,0,0.1461029623238424,True
7,4,30,0.0,0.0,2.5,wave,3389,0,0,0.14871643552670405,True
7,4,31,0.0,0.0,2.5,wave,3315,0,0,0.15233785822021115,True
7,4,32,0.0,0.0,2.5,wave,3254,0,0,0.15519360786724032,True
7,4,33,0.0,0.0,2.5,wave,3158,0,0,0.15896136795440152,True
7,4,34,0.0,0.0,2.5,wave,3076,0,0,0.16222366710013003,True
7,4,35,0.0,0.0,2.5,wave,3019,0,0,0.16528651871480624,True
7,4,36,0.0,0.0,2.5,wave,2963,0,0,0.16638542018224772,True
7,4,37,0.0,0.0,2.5,wave,2895,0,0,0.1682210708117444,True
7,4,38,0.0,0.0,2.5,wave,2857,0,0,0.17080854042702134,True
7,4,39,0.0,0.0,2.5,wave,2792,0,0,0.1729942693409742,True
7,4,40,0.0,0.0,2.5,wave,2758,0,0,0.1751269035532995,True
7,4,41,0.0,0.0,2.5,wave,2726,0,0,0.17828319882611884,True
7,4,42,0.0,0.0,2.5,wave,2685,0,0,0.17951582867783986,True
7,4,43,0.0,0.0,2.5,wave,2955,0,0,0.24331641285956007,True
7,4,44,0.0,0.0,2.5,wave,2806,0,0,0.2284390591589451,True
7,4,45,0.0,0.0,2.5,wave,2724,0,0,0.22173274596182085,True
7,4,46,0.0,0.0,2.5,wave,2700,0,0,0.2237037037037037,True
7,4,47,0.0,0.0,2.5,wave,2670,0,0,0.2243445692883895,True
7,4,48,0.0,0.0,2.5,wave,2674,0,0,0.22662677636499626,True
7,4,49,0.0,0.0,2.5,wave,2649,0,0,0.22989807474518686,True
7,4,50,0.0,0.0,2.5,wave,2642,0,0,0.232778198334595,True
7,4,51,0.0,0.0,2.5,wave,2625,0,0,0.23695238095238094,True
7,4,52,0.0,0.0,2.5,wave,2606,0,0,0.2436684574059862,True
7,5,1,0.0,0.0,2.5,wave,2590,0,0,0.244015444015444,True
7,5,2,0.0,0.0,2.5,wave,2565,0,0,0.250682261208577,True
7,5,3,0.0,0.0,2.5,wave,2556,0,0,0.2546948356807512,True
7,5,4,0.0,0.0,2.5,wave,2515,0,0,0.25646123260437376,True
7,5,5,0.0,0.0,2.5,wave,2497,0,0,0.2599118942731278,True
7,5,6,0.0,0.0,2.5,wave,2471,0,0,0.2594091460946985,True
7,5,7,0.0,0.0,2.5,wave,2447,0,0,0.2627707396812423,True
7,5,8,0.0,0.0,2.5,wave,2415,0,0,0.2645962732919255,True
7,5,9,0.0,0.0,2.5,wave,2389,0,0,0.26831310171619926,True
7,5,10,0.0,0.0,2.5,wave,2366,0,0,0.2696534234995773,True
7,5,11,0.0,0.0,2.5,wave,2338,0,0,0.26988879384088965,True
7,5,12,0.0,0.0,2.5,wave,2309,0,0,0.27414465136422694,True
7,5,13,0.0,0.0,2.5,wave,2282,0,0,0.27695004382120947,True
7,5,14,0.0,0.0,2.5,wave,2252,0,0,0.28063943161634103,True
7,5,15,0.0,0.0,2.5,wave,2236,0,0,0.2822003577817531,True
7,5,16,0.0,0.0,2.5,wave,2213,0,0,0.2824220515137822,True
7,5,17,0.0,0.0,2.5,wave,2194,0,0,0.2853236098450319,True
7,5,18,0.0,0.0,2.5,wave,4779,0,0,0.1337099811676083,True
7,5,19,0.0,0.0,2.5,wave,4713,0,0,0.13749204328453216,True
7,5,20,0.0,0.0,2.5,wave,4615,0,0,0.14041170097508127,True
7,5,21,0.0,0.0,2.5,wave,4485,0,0,0.14336677814938684,True
7,5,22,0.0,0.0,2.5,wave,4384,0,0,0.14530109489051096,True
7,5,23,0.0,0.0,2.5,wave,4275,0,0,0.1497076023391813,True
7,5,24,0.0,0.0,2.5,wave,4210,0,0,0.1517814726840855,True
7,5,25,0.0,0.0,2.5,wave,4143,0,0,0.1544774318126961,True
7,5,26,0.0,0.0,2.5,wave,4068,0,0,0.1592920353982301,True
7,5,27,0.0,0.0,2.5,wave,4010,0,0,0.16259351620947632,True
7,5,28,0.0,0.0,2.5,wave,3919,0,0,0.16407246746619036,True
7,5,29,0.0,0.0,2.5,wave,3846,0,0,0.1671866874674987,True
7,5,30,0.0,0.0,2.5,wave,3775,0,0,0.1719205298013245,True
7,5,31,0.0,0.0,2.5,wave,3716,0,0,0.17384284176533907,True
7,5,32,0.0,0.0,2.5,wave,3607,0,0,0.17715553091211533,True
7,5,33,0.0,0.0,2.5,wave,3569,0,0,0.17876155785934436,True
7,5,34,0.0,0.0,2.5,wave,3510,0,0,0.1814814814814815,True
7,5,35,0.0,0.0,2.5,wave,3461,0,0,0.18202831551574689,True
7,5,36,0.0,0.0,2.5,wave,3340,0,0,0.18862275449101795,True
7,5,37,0.0,0.0,2.5,wave,3287,0,0,0.18983875874657744,True
7,5,38,0.0,0.0,2.5,wave,3262,0,0,0.19343960760269774,True
7,5,39,0.0,0.0,2.5,wave,3223,0,0,0.1945392491467577,True
7,5,40,0.0,0.0,2.5,wave,3196,0,0,0.19806007509386733,True
7,5,41,0.0,0.0,2.5,wave,3162,0,0,0.20082226438962683,True
7,5,42,0.0,0.0,2.5,wave,3129,0,0,0.20453819111537233,True
7,5,43,0.0,0.0,2.5,wave,3317,0,0,0.2637925836599337,True
7,5,44,0.0,0.0,2.5,wave,3121,0,0,0.24863825696892022,True
7,5,45,0.0,0.0,2.5,wave,2990,0,0,0.23678929765886286,True
7,5,46,0.0,0.0,2.5,wave,2933,0,0,0.23559495397204228,True
7,5,47,0.0,0.0,2.5,wave,2904,0,0,0.2334710743801653,True
7,5,48,0.0,0.0,2.5,wave,2916,0,0,0.2366255144032922,True
7,5,49,0.0,0.0,2.5,wave,2926,0,0,0.24231032125768967,True
7,5,50,0.0,0.0,2.5,wave,2908,0,0,0.2451856946354883,True
7,5,51,0.0,0.0,2.5,wave,2898,0,0,0.24982746721877155,True
7,5,52,0.0,0.0,2.5,wave,2877,0,0,0.25199860966284326,True
7,6,1,0.0,0.0,2.5,wave,2864,0,0,0.25593575418994413,True
7,6,2,0.0,0.0,2.5,wave,2808,0,0,0.254985754985755,True
7,6,3,0.0,0.0,2.5,wave,2790,0,0,0.25734767025089605,True
7,6,4,0.0,0.0,2.5,wave,2752,0,0,0.25835755813953487,True
7,6,5,0.0,0.0,2.5,wave,2722,0,0,0.2623071271124173,True
7,6,6,0.0,0.0,2.5,wave,2699,0,0,0.2626898851426454,True
7,6,7,0.0,0.0,2.5,wave,2675,0,0,0.2680373831775701,True
7,6,8,0.0,0.0,2.5,wave,2654,0,0,0.2701582516955539,True
7,6,9,0.0,0.0,2.5,wave,2627,0,0,0.2736962314427103,True
7,6,10,0.0,0.0,2.5,wave,2591,0,0,0.2740254727904284,True
7,6,11,0.0,0.0,2.5,wave,2569,0,0,0.2755936161930712,True
7,6,12,0.0,0.0,2.5,wave,2541,0,0,0.27705627705627706,True
7,6,13,0.0,0.0,2.5,wave,2514,0,0,0.28003182179793157,True
7,6,14,0.0,0.0,2.5,wave,2487,0,0,0.28266988339364696,True
7,6,15,0.0,0.0,2.5,wave,2465,0,0,0.28519269776876266,True
7,6,16,0.0,0.0,2.5,wave,2440,0,0,0.289344262295082,True
7,6,17,0.0,0.0,2.5,wave,2419,0,0,0.2910293509714758,True
7,6,18,0.0,0.0,2.5,wave,5476,0,0,0.13020452885317751,True
7,6,19,0.0,0.0,2.5,wave,5409,0,0,0.13200221852468108,True
7,6,20,0.0,0.0,2.5,wave,5286,0,0,0.135262958758986,True
7,6,21,0.0,0.0,2.5,wave,5155,0,0,0.13773035887487875,True
7,6,22,0.0,0.0,2.5,wave,5046,0,0,0.13971462544589774,True
7,6,23,0.0,0.0,2.5,wave,4921,0,0,0.14346677504572242,True
7,6,24,0.0,0.0,2.5,wave,4821,0,0,0.14540551752748393,True
7,6,25,0.0,0.0,2.5,wave,4695,0,0,0.14696485623003194,True
7,6,26,0.0,0.0,2.5,wave,4553,0,0,0.1513287942016253,True
7,6,27,0.0,0.0,2.5,wave,4465,0,0,0.1547592385218365,True
7,6,28,0.0,0.0,2.5,wave,4405,0,0,0.15777525539160045,True
7,6,29,0.0,0.0,2.5,wave,4299,0,0,0.16143289137008607,True
7,6,30,0.0,0.0,2.5,wave,4204,0,0,0.1648430066603235,True
7,6,31,0.0,0.0,2.5,wave,4128,0,0,0.1683624031007752,True
7,6,32,0.0,0.0,2.5,wave,4021,0,0,0.17184779905496145,True
7,6,33,0.0,0.0,2.5,wave,3940,0,0,0.1746192893401015,True
7,6,34,0.0,0.0,2.5,wave,3850,0,0,0.17662337662337663,True
7,6,35,0.0,0.0,2.5,wave,3755,0,0,0.17896138482023968,True
7,6,36,0.0,0.0,2.5,wave,3692,0,0,0.18174431202600216,True
7,6,37,0.0,0.0,2.5,wave,3609,0,0,0.18703241895261846,True
7,6,38,0.0,0.0,2.5,wave,3561,0,0,0.19095759618084807,True
7,6,39,0.0,0.0,2.5,wave,3504,0,0,0.1937785388127854,True
7,6,40,0.0,0.0,2.5,wave,3466,0,0,0.1956145412579342,True
7,6,41,0.0,0.0,2.5,wave,3438,0,0,0.19924374636416523,True
7,6,42,0.0,0.0,2.5,wave,3391,0,0,0.2028900029489826,True
7,6,43,0.0,0.0,2.5,wave,3490,0,0,0.26246418338108884,True
7,6,44,0.0,0.0,2.5,wave,3283,0,0,0.24367956137678953,True
7,6,45,0.0,0.0,2.5,wave,3196,0,0,0.23591989987484355,True
7,6,46,0.0,0.0,2.5,wave,3145,0,0,0.2286168521462639,True
7,6,47,0.0,0.0,2.5,wave,3113,0,0,0.22775457757789913,True
7,6,48,0.0,0.0,2.5,wave,3087,0,0,0.23226433430515064,True
7,6,49,0.0,0.0,2.5,wave,3075,0,0,0.23512195121951218,True
7,6,50,0.0,0.0,2.5,wave,3055,0,0,0.2369885433715221,True
7,6,51,0.0,0.0,2.5,wave,3030,0,0,0.24026402640264027,True
7,6,52,0.0,0.0,2.5,wave,3016,0,0,0.2440318302387268,True
7,7,1,0.0,0.0,2.5,wave,3005,0,0,0.2459234608985025,True
7,7,2,0.0,0.0,2.5,wave,3000,0,0,0.24733333333333332,True
7,7,3,0.0,0.0,2.5,wave,2978,0,0,0.24748153122901276,True
7,7,4,0.0,0.0,2.5,wave,2936,0,0,0.25272479564032696,True
7,7,5,0.0,0.0,2.5,wave,2910,0,0,0.2536082474226804,True
7,7,6,0.0,0.0,2.5,wave,2882,0,0,0.25780707841776546,True
7,7,7,0.0,0.0,2.5,wave,2862,0,0,0.2582110412299092,True
7,7,8,0.0,0.0,2.5,wave,2855,0,0,0.2605954465849387,True
7,7,9,0.0,0.0,2.5,wave,2847,0,0,0.2644889357218124,True
7,7,10,0.0,0.0,2.5,wave,2830,0,0,0.26819787985865723,True
7,7,11,0.0,0.0,2.5,wave,2809,0,0,0.2684229263082948,True
7,7,12,0.0,0.0,2.5,wave,2775,0,0,0.270990990990991,True
7,7,13,0.0,0.0,2.5,wave,2740,0,0,0.27116788321167884,True
7,7,14,0.0,0.0,2.5,wave,2721,0,0,0.27342888643880925,True
7,7,15,0.0,0.0,2.5,wave,2697,0,0,0.27549128661475714,True
7,7,16,0.0,0.0,2.5,wave,2668,0,0,0.27886056971514245,True
7,7,17,0.0,0.0,2.5,wave,2638,0,0,0.28089461713419256,True
7,7,18,0.0,0.0,2.5,wave,5672,0,0,0.13064174894217206,True
7,7,19,0.0,0.0,2.5,wave,5575,0,0,0.13291479820627802,True
7,7,20,0.0,0.0,2.5,wave,5451,0,0,0.13447073931388737,True
7,7,21,0.0,0.0,2.5,wave,5328,0,0,0.1373873873873874,True
7,7,22,0.0,0.0,2.5,wave,5215,0,0,0.14055608820709492,True
7,7,23,0.0,0.0,2.5,wave,5121,0,0,0.14411247803163443,True
7,7,24,0.0,0.0,2.5,wave,5005,0,0,0.14765234765234767,True
7,7,25,0.0,0.0,2.5,wave,4936,0,0,0.15113452188006482,True
7,7,26,0.0,0.0,2.5,wave,4802,0,0,0.1541024573094544,True
7,7,27,0.0,0.0,2.5,wave,4696,0,0,0.15651618398637138,True
7,7,28,0.0,0.0,2.5,wave,4613,0,0,0.16041621504443962,True
7,7,29,0.0,0.0,2.5,wave,4557,0,0,0.16260697827518103,True
7,7,30,0.0,0.0,2.5,wave,4454,0,0,0.16636731028289178,True
7,7,31,0.0,0.0,2.5,wave,4375,0,0,0.16868571428571427,True
7,7,32,0.0,0.0,2.5,wave,4278,0,0,0.17391304347826086,True
7,7,33,0.0,0.0,2.5,wave,4196,0,0,0.1773117254528122,True
7,7,34,0.0,0.0,2.5,wave,4085,0,0,0.18090575275397797,True
7,7,35,0.0,0.0,2.5,wave,4007,0,0,0.1836785625155977,True
7,7,36,0.0,0.0,2.5,wave,3924,0,0,0.1875637104994903,True
7,7,37,0.0,0.0,2.5,wave,3883,0,0,0.18980169971671387,True
7,7,38,0.0,0.0,2.5,wave,3837,0,0,0.1931196247068022,True
7,7,39,0.0,0.0,2.5,wave,3799,0,0,0.19478810213214004,True
7,7,40,0.0,0.0,2.5,wave,3751,0,0,0.19701412956544923,True
7,7,41,0.0,0.0,2.5,wave,3704,0,0,0.19870410367170627,True
7,7,42,0.0,0.0,2.5,wave,3655,0,0,0.20164158686730507,True
7,7,43,0.0,0.0,2.5,wave,3844,0,0,0.259105098855359,True
7,7,44,0.0,0.0,2.5,wave,3596,0,0,0.2461067853170189,True
7,7,45,0.0,0.0,2.5,wave,3468,0,0,0.23356401384083045,True
7,7,46,0.0,0.0,2.5,wave,3381,0,0,0.23247559893522626,True
7,7,47,0.0,0.0,2.5,wave,3356,0,0,0.23390941597139453,True
7,7,48,0.0,0.0,2.5,wave,3340,0,0,0.23682634730538923,True
7,7,49,0.0,0.0,2.5,wave,3328,0,0,0.23948317307692307,True
7,7,50,0.0,0.0,2.5,wave,3311,0,0,0.2455451525218967,True
7,7,51,0.0,0.0,2.5,wave,3286,0,0,0.24589166159464396,True
7,7,52,0.0,0.0,2.5,wave,3283,0,0,0.2464209564422784,True
7,8,1,0.0,0.0,2.5,wave,3256,0,0,0.2493857493857494,True
7,8,2,0.0,0.0,2.5,wave,3234,0,0,0.25479282622139765,True
7,8,3,0.0,0.0,2.5,wave,3191,0,0,0.2547790661234723,True
7,8,4,0.0,0.0,2.5,wave,3170,0,0,0.2586750788643533,True
7,8,5,0.0,0.0,2.5,wave,3152,0,0,0.26173857868020306,True
7,8,6,0.0,0.0,2.5,wave,3106,0,0,0.2640051513200258,True
7,8,7,0.0,0.0,2.5,wave,3068,0,0,0.26629726205997395,True
7,8,8,0.0,0.0,2.5,wave,3033,0,0,0.2696999670293439,True
7,8,9,0.0,0.0,2.5,wave,2996,0,0,0.2726969292389853,True
7,8,10,0.0,0.0,2.5,wave,2955,0,0,0.2751269035532995,True
7,8,11,0.0,0.0,2.5,wave,2925,0,0,0.27623931623931625,True
7,8,12,0.0,0.0,2.5,wave,2900,0,0,0.27793103448275863,True
7,8,13,0.0,0.0,2.5,wave,2873,0,0,0.2791507135398538,True
7,8,14,0.0,0.0,2.5,wave,2837,0,0,0.2812830454705675,True
7,8,15,0.0,0.0,2.5,wave,2807,0,0,0.2828642679016744,True
7,8,16,0.0,0.0,2.5,wave,2770,0,0,0.28592057761732853,True
7,8,17,0.0,0.0,2.5,wave,2745,0,0,0.28743169398907104,True
7,8,18,0.0,0.0,2.5,wave,6049,0,0,0.13043478260869565,True
7,8,19,0.0,0.0,2.5,wave,5956,0,0,0.13398253861652115,True
7,8,20,0.0,0.0,2.5,wave,5858,0,0,0.13605326049846364,True
7,8,21,0.0,0.0,2.5,wave,5736,0,0,0.1387726638772664,True
7,8,22,0.0,0.0,2.5,wave,5603,0,0,0.14206674995538104,True
7,8,23,0.0,0.0,2.5,wave,5471,0,0,0.1454944251507951,True
7,8,24,0.0,0.0,2.5,wave,5332,0,0,0.14684921230307577,True
7,8,25,0.0,0.0,2.5,wave,5193,0,0,0.15135759676487578,True
7,8,26,0.0,0.0,2.5,wave,5064,0,0,0.15442338072669826,True
7,8,27,0.0,0.0,2.5,wave,4954,0,0,0.15785224061364553,True
7,8,28,0.0,0.0,2.5,wave,4843,0,0,0.1608507123683667,True
7,8,29,0.0,0.0,2.5,wave,4743,0,0,0.1650853889943074,True
7,8,30,0.0,0.0,2.5,wave,4653,0,0,0.16741886954652913,True
7,8,31,0.0,0.0,2.5,wave,4549,0,0,0.17036711365135196,True
7,8,32,0.0,0.0,2.5,wave,4459,0,0,0.1749271137026239,True
7,8,33,0.0,0.0,2.5,wave,4390,0,0,0.1765375854214123,True
7,8,34,0.0,0.0,2.5,wave,4298,0,0,0.18008375988832015,True
7,8,35,0.0,0.0,2.5,wave,4216,0,0,0.18216318785578747,True
7,8,36,0.0,0.0,2.5,wave,4139,0,0,0.18579366996859145,True
7,8,37,0.0,0.0,2.5,wave,4078,0,0,0.19053457577243746,True
7,8,38,0.0,0.0,2.5,wave,4024,0,0,0.1933399602385686,True
7,8,39,0.0,0.0,2.5,wave,3969,0,0,0.19526329050138574,True
7,8,40,0.0,0.0,2.5,wave,3903,0,0,0.1977965667435306,True
7,8,41,0.0,0.0,2.5,wave,3863,0,0,0.19958581413409268,True
7,8,42,0.0,0.0,2.5,wave,3825,0,0,0.20052287581699346,True
7,8,43,0.0,0.0,2.5,wave,4101,0,0,0.2774932943184589,True
7,8,44,0.0,0.0,2.5,wave,3773,0,0,0.25496952027564274,True
7,8,45,0.0,0.0,2.5,wave,3619,0,0,0.2428847747996684,True
7,8,46,0.0,0.0,2.5,wave,3534,0,0,0.244199207696661,True
7,8,47,0.0,0.0,2.5,wave,3499,0,0,0.24321234638468134,True
7,8,48,0.0,0.0,2.5,wave,3488,0,0,0.24512614678899083,True
7,8,49,0.0,0.0,2.5,wave,3479,0,0,0.2515090543259557,True
7,8,50,0.0,0.0,2.5,wave,3499,0,0,0.250357244927122,True
7,8,51,0.0,0.0,2.5,wave,3507,0,0,0.25748502994011974,True
7,8,52,0.0,0.0,2.5,wave,3501,0,0,0.258783204798629,True
7,9,1,0.0,0.0,2.5,wave,3508,0,0,0.2631128848346636,True
7,9,2,0.0,0.0,2.5,wave,3507,0,0,0.2666096378671229,True
7,9,3,0.0,0.0,2.5,wave,3496,0,0,0.2683066361556064,True
7,9,4,0.0,0.0,2.5,wave,3473,0,0,0.27209904981284194,True
7,9,5,0.0,0.0,2.5,wave,3433,0,0,0.27614331488494026,True
7,9,6,0.0,0.0,2.5,wave,3412,0,0,0.27960140679953105,True
7,9,7,0.0,0.0,2.5,wave,3388,0,0,0.2824675324675325,True
7,9,8,0.0,0.0,2.5,wave,3357,0,0,0.2844801906464105,True
7,9,9,0.0,0.0,2.5,wave,3344,0,0,0.2894736842105263,True
7,9,10,0.0,0.0,2.5,wave,3323,0,0,0.28979837496238336,True
7,9,11,0.0,0.0,2.5,wave,3279,0,0,0.2949069838365355,True
7,9,12,0.0,0.0,2.5,wave,3236,0,0,0.29511742892459825,True
7,9,13,0.0,0.0,2.5,wave,3193,0,0,0.29564672721578455,True
7,9,14,0.0,0.0,2.5,wave,3156,0,0,0.30038022813688214,True
7,9,15,0.0,0.0,2.5,wave,3123,0,0,0.30227345501120717,True
7,9,16,0.0,0.0,2.5,wave,3097,0,0,0.3035195350339038,True
7,9,17,0.0,0.0,2.5,wave,3075,0,0,0.30601626016260164,True
7,9,18,0.0,0.0,2.5,wave,6502,0,0,0.13857274684712395,True
7,9,19,0.0,0.0,2.5,wave,6409,0,0,0.1422998907785926,True
7,9,20,0.0,0.0,2.5,wave,6310,0,0,0.14421553090332806,True
7,9,21,0.0,0.0,2.5,wave,6215,0,0,0.14706355591311343,True
7,9,22,0.0,0.0,2.5,wave,6090,0,0,0.15139573070607554,True
7,9,23,0.0,0.0,2.5,wave,5967,0,0,0.15485168426344897,True
7,9,24,0.0,0.0,2.5,wave,5876,0,0,0.15776038121170866,True
7,9,25,0.0,0.0,2.5,wave,5757,0,0,0.16102136529442418,True
7,9,26,0.0,0.0,2.5,wave,5652,0,0,0.16507430997876857,True
7,9,27,0.0,0.0,2.5,wave,5543,0,0,0.1679595886703951,True
7,9,28,0.0,0.0,2.5,wave,5446,0,0,0.17113477781858244,True
7,9,29,0.0,0.0,2.5,wave,5328,0,0,0.17548798798798798,True
7,9,30,0.0,0.0,2.5,wave,5239,0,0,0.17751479289940827,True
7,9,31,0.0,0.0,2.5,wave,5150,0,0,0.18038834951456312,True
7,9,32,0.0,0.0,2.5,wave,5063,0,0,0.18309302784910134,True
7,9,33,0.0,0.0,2.5,wave,4963,0,0,0.1855732419907314,True
7,9,34,0.0,0.0,2.5,wave,4884,0,0,0.18755118755118755,True
7,9,35,0.0,0.0,2.5,wave,4796,0,0,0.19057547956630524,True
7,9,36,0.0,0.0,2.5,wave,4702,0,0,0.19438536792854105,True
7,9,37,0.0,0.0,2.5,wave,4606,0,0,0.19756838905775076,True
7,9,38,0.0,0.0,2.5,wave,4545,0,0,0.2011001100110011,True
7,9,39,0.0,0.0,2.5,wave,4494,0,0,0.20271473075211394,True
7,9,40,0.0,0.0,2.5,wave,4445,0,0,0.20562429696287965,True
7,9,41,0.0,0.0,2.5,wave,4381,0,0,0.20885642547363614,True
7,9,42,0.0,0.0,2.5,wave,4329,0,0,0.2115962115962116,True
7,9,43,0.0,0.0,2.5,wave,4492,0,0,0.2709260908281389,True
7,9,44,0.0,0.0,2.5,wave,4178,0,0,0.2534705600765917,True
7,9,45,0.0,0.0,2.5,wave,4042,0,0,0.24468085106382978,True
7,9,46,0.0,0.0,2.5,wave,3968,0,0,0.2439516129032258,True
7,9,47,0.0,0.0,2.5,wave,3928,0,0,0.24567209775967414,True
7,9,48,0.0,0.0,2.5,wave,3909,0,0,0.2450754668713226,True
7,9,49,0.0,0.0,2.5,wave,3892,0,0,0.24691675231243576,True
7,9,50,0.0,0.0,2.5,wave,3893,0,0,0.24813768302080658,True
7,9,51,0.0,0.0,2.5,wave,3887,0,0,0.253151530743504,True
7,9,52,0.0,0.0,2.5,wave,3860,0,0,0.255440414507772,True
7,10,1,0.0,0.0,2.5,wave,3834,0,0,0.25586854460093894,True
7,10,2,0.0,0.0,2.5,wave,3801,0,0,0.26019468560905024,True
7,10,3,0.0,0.0,2.5,wave,3760,0,0,0.2656914893617021,True
7,10,4,0.0,0.0,2.5,wave,3734,0,0,0.2629887520085699,True
7,10,5,0.0,0.0,2.5,wave,3693,0,0,0.26726238830219334,True
7,10,6,0.0,0.0,2.5,wave,3658,0,0,0.26763258611262986,True
7,10,7,0.0,0.0,2.5,wave,3615,0,0,0.26915629322268325,True
7,10,8,0.0,0.0,2.5,wave,3571,0,0,0.2730327639316718,True
7,10,9,0.0,0.0,2.5,wave,3537,0,0,0.2765055131467345,True
7,10,10,0.0,0.0,2.5,wave,3519,0,0,0.27649900539926114,True
7,10,11,0.0,0.0,2.5,wave,3499,0,0,0.2837953701057445,True
7,10,12,0.0,0.0,2.5,wave,3467,0,0,0.28439573117969424,True
7,10,13,0.0,0.0,2.5,wave,3446,0,0,0.2867092280905398,True
7,10,14,0.0,0.0,2.5,wave,3415,0,0,0.28609077598828697,True
7,10,15,0.0,0.0,2.5,wave,3382,0,0,0.2876995860437611,True
7,10,16,0.0,0.0,2.5,wave,3361,0,0,0.2918774174352871,True
7,10,17,0.0,0.0,2.5,wave,3342,0,0,0.2965290245362059,True
7,10,18,0.0,0.0,2.5,wave,7098,0,0,0.13341786418709495,True
7,10,19,0.0,0.0,2.5,wave,6994,0,0,0.13583071203889047,True
7,10,20,0.0,0.0,2.5,wave,6820,0,0,0.13958944281524927,True
7,10,21,0.0,0.0,2.5,wave,6713,0,0,0.14211231938030686,True
7,10,22,0.0,0.0,2.5,wave,6603,0,0,0.1453884597910041,True
7,10,23,0.0,0.0,2.5,wave,6439,0,0,0.14878086659419165,True
7,10,24,0.0,0.0,2.5,wave,6271,0,0,0.1534045606761282,True
7,10,25,0.0,0.0,2.5,wave,6132,0,0,0.15753424657534246,True
7,10,26,0.0,0.0,2.5,wave,6055,0,0,0.16019818331957061,True
7,10,27,0.0,0.0,2.5,wave,5967,0,0,0.163231104407575,True
7,10,28,0.0,0.0,2.5,wave,5861,0,0,0.16703634192117386,True
7,10,29,0.0,0.0,2.5,wave,5774,0,0,0.17059231035677175,True
7,10,30,0.0,0.0,2.5,wave,5655,0,0,0.17276746242263483,True
7,10,31,0.0,0.0,2.5,wave,5548,0,0,0.17591925018024512,True
7,10,32,0.0,0.0,2.5,wave,5456,0,0,0.1781524926686217,True
7,10,33,0.0,0.0,2.5,wave,5380,0,0,0.1821561338289963,True
7,10,34,0.0,0.0,2.5,wave,5273,0,0,0.1856628105442822,True
7,10,35,0.0,0.0,2.5,wave,5194,0,0,0.18906430496726992,True
7,10,36,0.0,0.0,2.5,wave,5096,0,0,0.19152276295133439,True
7,10,37,0.0,0.0,2.5,wave,5005,0,0,0.194005994005994,True
7,10,38,0.0,0.0,2.5,wave,4946,0,0,0.19733117670845127,True
7,10,39,0.0,0.0,2.5,wave,4895,0,0,0.19918283963227784,True
7,10,40,0.0,0.0,2.5,wave,4831,0,0,0.20182156903332643,True
7,10,41,0.0,0.0,2.5,wave,4776,0,0,0.20435510887772193,True
7,10,42,0.0,0.0,2.5,wave,4711,0,0,0.20759923583103376,True
7,10,43,0.0,0.0,2.5,wave,4743,0,0,0.26860636727809406,True
7,10,44,0.0,0.0,2.5,wave,4408,0,0,0.24818511796733211,True
7,10,45,0.0,0.0,2.5,wave,4198,0,0,0.23701762744163887,True
7,10,46,0.0,0.0,2.5,wave,4125,0,0,0.23127272727272727,True
7,10,47,0.0,0.0,2.5,wave,4096,0,0,0.232666015625,True
7,10,48,0.0,0.0,2.5,wave,4046,0,0,0.23529411764705882,True
7,10,49,0.0,0.0,2.5,wave,4024,0,0,0.23856858846918488,True
7,10,50,0.0,0.0,2.5,wave,3998,0,0,0.24062031015507754,True
7,10,51,0.0,0.0,2.5,wave,3963,0,0,0.24299772899318697,True
7,10,52,0.0,0.0,2.5,wave,3963,0,0,0.244259399444865,True
7,11,1,0.0,0.0,2.5,wave,3917,0,0,0.24610671432218534,True
7,11,2,0.0,0.0,2.5,wave,3922,0,0,0.2473227944926058,True
7,11,3,0.0,0.0,2.5,wave,3908,0,0,0.2502558853633572,True
7,11,4,0.0,0.0,2.5,wave,3876,0,0,0.25515995872033026,True
7,11,5,0.0,0.0,2.5,wave,3840,0,0,0.253125,True
7,11,6,0.0,0.0,2.5,wave,3825,0,0,0.254640522875817,True
7,11,7,0.0,0.0,2.5,wave,3813,0,0,0.2585890375032783,True
7,11,8,0.0,0.0,2.5,wave,3790,0,0,0.26306068601583116,True
7,11,9,0.0,0.0,2.5,wave,3770,0,0,0.26419098143236075,True
7,11,10,0.0,0.0,2.5,wave,3727,0,0,0.26670244164207135,True
7,11,11,0.0,0.0,2.5,wave,3713,0,0,0.27228656073256124,True
7,11,12,0.0,0.0,2.5,wave,3692,0,0,0.2735644637053088,True
7,11,13,0.0,0.0,2.5,wave,3660,0,0,0.2743169398907104,True
7,11,14,0.0,0.0,2.5,wave,3621,0,0,0.27782380557856945,True
7,11,15,0.0,0.0,2.5,wave,3597,0,0,0.2785654712260217,True
7,11,16,0.0,0.0,2.5,wave,3580,0,0,0.27849162011173184,True
7,11,17,0.0,0.0,2.5,wave,3544,0,0,0.2832957110609481,True
7,11,18,0.0,0.0,2.5,wave,7527,0,0,0.12913511359107213,True
7,11,19,0.0,0.0,2.5,wave,7448,0,0,0.13171321160042965,True
7,11,20,0.0,0.0,2.5,wave,7330,0,0,0.1364256480218281,True
7,11,21,0.0,0.0,2.5,wave,7190,0,0,0.13991655076495133,True
7,11,22,0.0,0.0,2.5,wave,7017,0,0,0.14393615505201654,True
7,11,23,0.0,0.0,2.5,wave,6885,0,0,0.14756717501815542,True
7,11,24,0.0,0.0,2.5,wave,6767,0,0,0.14984483522979164,True
7,11,25,0.0,0.0,2.5,wave,6642,0,0,0.15281541704305932,True
7,11,26,0.0,0.0,2.5,wave,6522,0,0,0.1551671266482674,True
7,11,27,0.0,0.0,2.5,wave,6373,0,0,0.1586380040797113,True
7,11,28,0.0,0.0,2.5,wave,6247,0,0,0.16087722106611174,True
7,11,29,0.0,0.0,2.5,wave,6111,0,0,0.16494845360824742,True
7,11,30,0.0,0.0,2.5,wave,6001,0,0,0.16863856023996002,True
7,11,31,0.0,0.0,2.5,wave,5882,0,0,0.1717103026181571,True
7,11,32,0.0,0.0,2.5,wave,5751,0,0,0.1752738654147105,True
7,11,33,0.0,0.0,2.5,wave,5666,0,0,0.17843275679491705,True
7,11,34,0.0,0.0,2.5,wave,5573,0,0,0.18087206172617978,True
7,11,35,0.0,0.0,2.5,wave,5483,0,0,0.18493525442276126,True
7,11,36,0.0,0.0,2.5,wave,5389,0,0,0.18853219521246983,True
7,11,37,0.0,0.0,2.5,wave,5278,0,0,0.19154982948086396,True
7,11,38,0.0,0.0,2.5,wave,5211,0,0,0.1938207637689503,True
7,11,39,0.0,0.0,2.5,wave,5149,0,0,0.19596038065643814,True
7,11,40,0.0,0.0,2.5,wave,5070,0,0,0.1980276134122288,True
7,11,41,0.0,0.0,2.5,wave,5010,0,0,0.20179640718562875,True
7,11,42,0.0,0.0,2.5,wave,4940,0,0,0.2054655870445344,True
7,11,43,0.0,0.0,2.5,wave,5029,0,0,0.27162457745078544,True
7,11,44,0.0,0.0,2.5,wave,4623,0,0,0.254812892061432,True
7,11,45,0.0,0.0,2.5,wave,4404,0,0,0.24545867393278836,True
7,11,46,0.0,0.0,2.5,wave,4320,0,0,0.24189814814814814,True
7,11,47,0.0,0.0,2.5,wave,4294,0,0,0.24359571495109456,True
7,11,48,0.0,0.0,2.5,wave,4249,0,0,0.24452812426453283,True
7,11,49,0.0,0.0,2.5,wave,4241,0,0,0.24852629096911105,True
7,11,50,0.0,0.0,2.5,wave,4230,0,0,0.2520094562647754,True
7,11,51,0.0,0.0,2.5,wave,4220,0,0,0.2552132701421801,True
7,11,52,0.0,0.0,2.5,wave,4216,0,0,0.25592979127134724,True
8,1,1,0.0,0.0,2.5,wave,2772,0,0,0.001443001443001443,True
8,1,2,0.0,0.0,2.5,wave,2744,0,0,0.004008746355685131,True
8,1,3,0.0,0.0,2.5,wave,2673,0,0,0.006359895248784137,True
8,1,4,0.0,0.0,2.5,wave,2643,0,0,0.007945516458569807,True
8,1,5,0.0,0.0,2.5,wave,2589,0,0,0.009269988412514484,True
8,1,6,0.0,0.0,2.5,wave,2557,0,0,0.010559249120062574,True
8,1,7,0.0,0.0,2.5,wave,2502,0,0,0.011590727418065548,True
8,1,8,0.0,0.0,2.5,wave,2493,0,0,0.01444043321299639,True
8,1,9,0.0,0.0,2.5,wave,2467,0,0,0.01580867450344548,True
8,1,10,0.0,0.0,2.5,wave,2446,0,0,0.01757972199509403,True
8,1,11,0.0,0.0,2.5,wave,2400,0,0,0.019166666666666665,True
8,1,12,0.0,0.0,2.5,wave,2390,0,0,0.021338912133891212,True
8,1,13,0.0,0.0,2.5,wave,2355,0,0,0.0267515923566879,True
8,1,14,0.0,0.0,2.5,wave,2356,0,0,0.02928692699490662,True
8,1,15,0.0,0.0,2.5,wave,2331,0,0,0.03003003003003003,True
8,1,16,0.0,0.0,2.5,wave,2314,0,0,0.03197925669835782,True
8,1,17,0.0,0.0,2.5,wave,2285,0,0,0.03413566739606127,True
8,1,18,0.0,0.0,2.5,wave,6596,0,0,0.013947847180109158,True
8,1,19,0.0,0.0,2.5,wave,6423,0,0,0.015880429705744978,True
8,1,20,0.0,0.0,2.5,wave,6325,0,0,0.01818181818181818,True
8,1,21,0.0,0.0,2.5,wave,6153,0,0,0.01982772631236795,True
8,1,22,0.0,0.0,2.5,wave,6062,0,0,0.020620257340811615,True
8,1,23,0.0,0.0,2.5,wave,5922,0,0,0.02313407632556569,True
8,1,24,0.0,0.0,2.5,wave,5803,0,0,0.0242977770118904,True
8,1,25,0.0,0.0,2.5,wave,5638,0,0,0.026959914863426748,True
8,1,26,0.0,0.0,2.5,wave,5545,0,0,0.02759242560865645,True
8,1,27,0.0,0.0,2.5,wave,5370,0,0,0.029608938547486034,True
8,1,28,0.0,0.0,2.5,wave,5289,0,0,0.03119682359614294,True
8,1,29,0.0,0.0,2.5,wave,5150,0,0,0.0345631067961165,True
8,1,30,0.0,0.0,2.5,wave,5079,0,0,0.03662138216184288,True
8,1,31,0.0,0.0,2.5,wave,4951,0,0,0.03857806503736619,True
8,1,32,0.0,0.0,2.5,wave,4847,0,0,0.04105632349907159,True
8,1,33,0.0,0.0,2.5,wave,4735,0,0,0.04350580781414995,True
8,1,34,0.0,0.0,2.5,wave,4663,0,0,0.04417756808921295,True
8,1,35,0.0,0.0,2.5,wave,4533,0,0,0.04632693580410324,True
8,1,36,0.0,0.0,2.5,wave,4418,0,0,0.049117247623358985,True
8,1,37,0.0,0.0,2.5,wave,4313,0,0,0.05124043589149084,True
8,1,38,0.0,0.0,2.5,wave,4283,0,0,0.05370067709549381,True
8,1,39,0.0,0.0,2.5,wave,4184,0,0,0.05497131931166348,True
8,1,40,0.0,0.0,2.5,wave,4152,0,0,0.059007707129094415,True
8,1,41,0.0,0.0,2.5,wave,4062,0,0,0.060315115706548496,True
8,1,42,0.0,0.0,2.5,wave,4038,0,0,0.06191183754333829,True
8,1,43,0.0,0.0,2.5,wave,4131,0,0,0.0859356088114258,True
8,1,44,0.0,0.0,2.5,wave,4052,0,0,0.0824284304047384,True
8,1,45,0.0,0.0,2.5,wave,3998,0,0,0.0815407703851926,True
8,1,46,0.0,0.0,2.5,wave,3964,0,0,0.08299697275479313,True
8,1,47,0.0,0.0,2.5,wave,3898,0,0,0.08568496664956388,True
8,1,48,0.0,0.0,2.5,wave,3880,0,0,0.0865979381443299,True
8,1,49,0.0,0.0,2.5,wave,3842,0,0,0.08927641853201458,True
8,1,50,0.0,0.0,2.5,wave,3802,0,0,0.0923198316675434,True
8,1,51,0.0,0.0,2.5,wave,3761,0,0,0.09518745014623771,True
8,1,52,0.0,0.0,2.5,wave,3708,0,0,0.09385113268608414,True
8,2,1,0.0,0.0,2.5,wave,3647,33,4,0.09514669591445023,False
8,2,2,0.0,0.0,2.5,wave,3606,42,13,0.0973377703826955,False
8,2,3,0.0,0.0,2.5,wave,3548,55,18,0.10146561443066517,False
8,2,4,0.0,0.0,2.5,wave,3509,61,16,0.10259333143345682,False
8,2,5,0.0,0.0,2.5,wave,3455,57,21,0.10506512301013024,False
8,2,6,0.0,0.0,2.5,wave,3420,77,25,0.1064327485380117,False
8,2,7,0.0,0.0,2.5,wave,3352,73,23,0.10889021479713604,False
8,2,8,0.0,0.0,2.5,wave,3317,82,28,0.11094362375640639,False
8,2,9,0.0,0.0,2.5,wave,3249,80,32,0.11326562019082795,False
8,2,10,0.0,0.0,2.5,wave,3200,85,29,0.11625,False
8,2,11,0.0,0.0,2.5,wave,3143,87,28,0.11994909322303532,False
8,2,12,0.0,0.0,2.5,wave,3087,84,34,0.12309685779073534,False
8,2,13,0.0,0.0,2.5,wave,3032,89,32,0.12697889182058048,False
8,2,14,0.0,0.0,2.5,wave,2979,82,31,0.12923799932863378,False
8,2,15,0.0,0.0,2.5,wave,2919,84,36,0.13120931825967797,False
8,2,16,0.0,0.0,2.5,wave,2873,84,33,0.13191785589975635,False
8,2,17,0.0,0.0,2.5,wave,2808,83,35,0.13603988603988604,False
8,2,18,0.0,0.0,2.5,wave,5553,73,33,0.06933189267062849,False
8,2,19,0.0,0.0,2.5,wave,5415,98,27,0.0716528162511542,False
8,2,20,0.0,0.0,2.5,wave,5292,110,28,0.07577475434618292,False
8,2,21,0.0,0.0,2.5,wave,5136,122,35,0.07749221183800623,False
8,2,22,0.0,0.0,2.5,wave,5052,137,38,0.07996832937450514,False
8,2,23,0.0,0.0,2.5,wave,4886,144,43,0.08288988948014736,False
8,2,24,0.0,0.0,2.5,wave,4774,139,53,0.08567239212400503,False
8,2,25,0.0,0.0,2.5,wave,4620,139,63,0.08874458874458875,False
8,2,26,0.0,0.0,2.5,wave,4504,128,59,0.09214031971580817,False
8,2,27,0.0,0.0,2.5,wave,4340,116,45,0.0967741935483871,False
8,2,28,0.0,0.0,2.5,wave,4242,105,45,0.09971711456859972,False
8,2,29,0.0,0.0,2.5,wave,4135,108,45,0.10278113663845223,False
8,2,30,0.0,0.0,2.5,wave,4036,107,39,0.10753221010901882,False
8,2,31,0.0,0.0,2.5,wave,3908,109,40,0.10977482088024565,False
8,2,32,0.0,0.0,2.5,wave,3815,104,38,0.11297509829619921,False
8,2,33,0.0,0.0,2.5,wave,3699,96,29,0.11543660448769938,False
8,2,34,0.0,0.0,2.5,wave,3605,97,42,0.1173370319001387,False
8,2,35,0.0,0.0,2.5,wave,3529,97,51,0.11873051856049872,False
8,2,36,0.0,0.0,2.5,wave,3382,84,36,0.12093435836782969,False
8,2,37,0.0,0.0,2.5,wave,3280,74,22,0.1253048780487805,False
8,2,38,0.0,0.0,2.5,wave,3229,79,27,0.12387736141220192,False
8,2,39,0.0,0.0,2.5,wave,3182,75,32,0.12664990571967316,False
8,2,40,0.0,0.0,2.5,wave,3128,77,33,0.1272378516624041,False
8,2,41,0.0,0.0,2.5,wave,3066,74,36,0.12915851272015655,False
8,2,42,0.0,0.0,2.5,wave,3008,60,34,0.13297872340425532,False
8,2,43,0.0,0.0,2.5,wave,3172,47,20,0.18158890290037832,False
8,2,44,0.0,0.0,2.5,wave,3018,33,14,0.16766070245195494,False
8,2,45,0.0,0.0,2.5,wave,2962,29,18,0.16542876434841322,False
8,2,46,0.0,0.0,2.5,wave,2920,21,15,0.16986301369863013,False
8,2,47,0.0,0.0,2.5,wave,2862,15,7,0.17120894479385046,False
8,2,48,0.0,0.0,2.5,wave,2849,11,2,0.1747981747981748,False
8,2,49,0.0,0.0,2.5,wave,2822,11,6,0.18072289156626506,False
8,2,50,0.0,0.0,2.5,wave,2798,15,7,0.182987848463188,False
8,2,51,0.0,0.0,2.5,wave,2757,11,2,0.18570910409865796,False
8,2,52,0.0,0.0,2.5,wave,2738,9,1,0.18845872899926955,False
8,3,1,0.0,0.0,2.5,wave,2696,9,5,0.19102373887240356,False
8,3,2,0.0,0.0,2.5,wave,2677,9,5,0.1942472917444901,False
8,3,3,0.0,0.0,2.5,wave,2621,5,4,0.19496375429225488,False
8,3,4,0.0,0.0,2.5,wave,2605,8,3,0.19846449136276392,False
8,3,5,0.0,0.0,2.5,wave,2561,5,0,0.2010933229207341,False
8,3,6,0.0,0.0,2.5,wave,2550,5,1,0.2011764705882353,False
8,3,7,0.0,0.0,2.5,wave,2514,5,3,0.20365950676213207,False
8,3,8,0.0,0.0,2.5,wave,2498,6,3,0.20496397117694154,False
8,3,9,0.0,0.0,2.5,wave,2465,6,2,0.20851926977687626,False
8,3,10,0.0,0.0,2.5,wave,2447,7,2,0.20637515324887618,False
8,3,11,0.0,0.0,2.5,wave,2420,8,1,0.20867768595041322,False
8,3,12,0.0,0.0,2.5,wave,2395,6,0,0.2091858037578288,False
8,3,13,0.0,0.0,2.5,wave,2365,6,0,0.21395348837209302,False
8,3,14,0.0,0.0,2.5,wave,2345,6,3,0.2140724946695096,False
8,3,15,0.0,0.0,2.5,wave,2304,12,4,0.2144097222222222,False
8,3,16,0.0,0.0,2.5,wave,2285,10,3,0.21838074398249452,False
8,3,17,0.0,0.0,2.5,wave,2256,12,5,0.22118794326241134,False
8,3,18,0.0,0.0,2.5,wave,5161,11,5,0.09726797132338694,False
8,3,19,0.0,0.0,2.5,wave,5035,16,2,0.10009930486593843,False
8,3,20,0.0,0.0,2.5,wave,4971,14,4,0.1019915509957755,False
8,3,21,0.0,0.0,2.5,wave,4863,18,7,0.10446226609089039,False
8,3,22,0.0,0.0,2.5,wave,4767,25,7,0.10740507656807216,False
8,3,23,0.0,0.0,2.5,wave,4636,33,12,0.11173425366695428,False
8,3,24,0.0,0.0,2.5,wave,4570,35,9,0.11444201312910285,False
8,3,25,0.0,0.0,2.5,wave,4438,36,10,0.11784587652095539,False
8,3,26,0.0,0.0,2.5,wave,4337,43,14,0.12105141803089693,False
8,3,27,0.0,0.0,2.5,wave,4232,41,16,0.12216446124763705,False
8,3,28,0.0,0.0,2.5,wave,4160,46,18,0.125,False
8,3,29,0.0,0.0,2.5,wave,4052,47,16,0.12783810463968412,False
8,3,30,0.0,0.0,2.5,wave,3968,53,15,0.1310483870967742,False
8,3,31,0.0,0.0,2.5,wave,3859,55,16,0.13345426276237368,False
8,3,32,0.0,0.0,2.5,wave,3808,51,20,0.13497899159663865,False
8,3,33,0.0,0.0,2.5,wave,3699,47,26,0.13598269802649365,False
8,3,34,0.0,0.0,2.5,wave,3603,40,22,0.1401609769636414,False
8,3,35,0.0,0.0,2.5,wave,3501,30,17,0.14595829762924878,False
8,3,36,0.0,0.0,2.5,wave,3425,29,12,0.15007299270072993,False
8,3,37,0.0,0.0,2.5,wave,3338,25,10,0.1542840023966447,False
8,3,38,0.0,0.0,2.5,wave,3311,28,7,0.15705225007550588,False
8,3,39,0.0,0.0,2.5,wave,3244,23,6,0.15844636251541308,False
8,3,40,0.0,0.0,2.5,wave,3207,31,13,0.1618334892422825,False
8,3,41,0.0,0.0,2.5,wave,3159,31,12,0.16429249762583095,False
8,3,42,0.0,0.0,2.5,wave,3128,26,14,0.16624040920716113,False
8,3,43,0.0,0.0,2.5,wave,3247,28,15,0.21589159223898985,False
8,3,44,0.0,0.0,2.5,wave,3122,20,8,0.20723894939141577,False
8,3,45,0.0,0.0,2.5,wave,3049,15,7,0.20334535913414234,False
8,3,46,0.0,0.0,2.5,wave,3018,12,6,0.20510271703114646,False
8,3,47,0.0,0.0,2.5,wave,2969,14,6,0.20714045133041428,False
8,3,48,0.0,0.0,2.5,wave,2951,11,3,0.21077600813283634,False
8,3,49,0.0,0.0,2.5,wave,2895,8,0,0.2141623488773748,False
8,3,50,0.0,0.0,2.5,wave,2870,8,3,0.21358885017421603,False
8,3,51,0.0,0.0,2.5,wave,2839,9,7,0.21662557238464247,False
8,3,52,0.0,0.0,2.5,wave,2812,13,5,0.2155049786628734,False
8,4,1,0.0,0.0,2.5,wave,2763,12,2,0.22149837133550487,False
8,4,2,0.0,0.0,2.5,wave,2750,12,4,0.22472727272727272,False
8,4,3,0.0,0.0,2.5,wave,2722,14,8,0.22777369581190302,False
8,4,4,0.0,0.0,2.5,wave,2692,18,6,0.22696879643387816,False
8,4,5,0.0,0.0,2.5,wave,2641,12,4,0.23097311624384703,False
8,4,6,0.0,0.0,2.5,wave,2625,12,5,0.23238095238095238,False
8,4,7,0.0,0.0,2.5,wave,2578,13,2,0.23545384018619084,False
8,4,8,0.0,0.0,2.5,wave,2558,11,7,0.23924941360437843,False
8,4,9,0.0,0.0,2.5,wave,2518,14,8,0.24344718030182685,False
8,4,10,0.0,0.0,2.5,wave,2495,8,3,0.2468937875751503,False
8,4,11,0.0,0.0,2.5,wave,2465,7,3,0.2523326572008114,False
8,4,12,0.0,0.0,2.5,wave,2443,5,4,0.2562423250102333,False
8,4,13,0.0,0.0,2.5,wave,2418,5,3,0.2601323407775021,False
8,4,14,0.0,0.0,2.5,wave,2381,2,1,0.2608147837043259,False
8,4,15,0.0,0.0,2.5,wave,2347,4,1,0.2641670217298679,False
8,4,16,0.0,0.0,2.5,wave,2330,3,1,0.26781115879828327,False
8,4,17,0.0,0.0,2.5,wave,2299,4,2,0.27229230100043494,False
8,4,18,0.0,0.0,2.5,wave,4960,3,2,0.12681451612903225,False
8,4,19,0.0,0.0,2.5,wave,4844,4,1,0.13047068538398018,False
8,4,20,0.0,0.0,2.5,wave,4743,3,0,0.13324899852414085,False
8,4,21,0.0,0.0,2.5,wave,4627,2,0,0.13702182839853036,False
8,4,22,0.0,0.0,2.5,wave,4552,2,1,0.14081722319859402,False
8,4,23,0.0,0.0,2.5,wave,4421,9,1,0.14521601447636281,False
8,4,24,0.0,0.0,2.5,wave,4337,8,2,0.14756744293290291,False
8,4,25,0.0,0.0,2.5,wave,4213,11,4,0.15191075243294563,False
8,4,26,0.0,0.0,2.5,wave,4177,11,5,0.15369882690926503,False
8,4,27,0.0,0.0,2.5,wave,4050,12,5,0.1580246913580247,False
8,4,28,0.0,0.0,2.5,wave,3993,10,4,0.16028049085900326,False
8,4,29,0.0,0.0,2.5,wave,3880,16,6,0.16417525773195876,False
8,4,30,0.0,0.0,2.5,wave,3829,16,7,0.16531731522590754,False
8,4,31,0.0,0.0,2.5,wave,3741,15,5,0.16974071103982893,False
8,4,32,0.0,0.0,2.5,wave,3668,18,5,0.1723009814612868,False
8,4,33,0.0,0.0,2.5,wave,3561,20,7,0.17579331648413368,False
8,4,34,0.0,0.0,2.5,wave,3510,18,10,0.17578347578347578,False
8,4,35,0.0,0.0,2.5,wave,3399,14,7,0.18005295675198588,False
8,4,36,0.0,0.0,2.5,wave,3331,13,4,0.1837286100270189,False
8,4,37,0.0,0.0,2.5,wave,3237,14,4,0.18628359592215013,False
8,4,38,0.0,0.0,2.5,wave,3219,15,5,0.1891891891891892,False
8,4,39,0.0,0.0,2.5,wave,3146,13,9,0.1926255562619199,False
8,4,40,0.0,0.0,2.5,wave,3126,11,6,0.19417786308381318,False
8,4,41,0.0,0.0,2.5,wave,3060,5,1,0.19934640522875818,False
8,4,42,0.0,0.0,2.5,wave,3057,6,4,0.20085050703303892,False
8,4,43,0.0,0.0,2.5,wave,3176,8,3,0.253463476070529,False
8,4,44,0.0,0.0,2.5,wave,3039,5,3,0.23988153998025666,False
8,4,45,0.0,0.0,2.5,wave,3007,6,5,0.2361157299634187,False
8,4,46,0.0,0.0,2.5,wave,2988,5,2,0.23460508701472557,False
8,4,47,0.0,0.0,2.5,wave,2952,2,1,0.23340108401084012,False
8,4,48,0.0,0.0,2.5,wave,2936,2,1,0.23773841961852862,False
8,4,49,0.0,0.0,2.5,wave,2896,1,1,0.24136740331491713,False
8,4,50,0.0,0.0,2.5,wave,2862,2,1,0.24213836477987422,False
8,4,51,0.0,0.0,2.5,wave,2829,1,1,0.24531636620714034,False
8,4,52,0.0,0.0,2.5,wave,2812,2,1,0.24893314366998578,False
8,5,1,0.0,0.0,2.5,wave,2784,1,1,0.25251436781609193,False
8,5,2,0.0,0.0,2.5,wave,2762,2,1,0.25235336712527157,False
8,5,3,0.0,0.0,2.5,wave,2736,1,0,0.25621345029239767,False
8,5,4,0.0,0.0,2.5,wave,2719,1,1,0.25965428466347923,False
8,5,5,0.0,0.0,2.5,wave,2665,1,1,0.26116322701688555,False
8,5,6,0.0,0.0,2.5,wave,2634,0,0,0.2627182991647684,True
8,5,7,0.0,0.0,2.5,wave,2601,0,0,0.26605151864667437,True
8,5,8,0.0,0.0,2.5,wave,2577,0,0,0.26658905704307334,True
8,5,9,0.0,0.0,2.5,wave,2543,0,0,0.27015336217066455,True
8,5,10,0.0,0.0,2.5,wave,2528,0,0,0.27175632911392406,True
8,5,11,0.0,0.0,2.5,wave,2492,0,0,0.27407704654895665,True
8,5,12,0.0,0.0,2.5,wave,2466,0,0,0.27858880778588807,True
8,5,13,0.0,0.0,2.5,wave,2429,0,0,0.2807739810621655,True
8,5,14,0.0,0.0,2.5,wave,2411,0,0,0.28204064703442555,True
8,5,15,0.0,0.0,2.5,wave,2385,0,0,0.2830188679245283,True
8,5,16,0.0,0.0,2.5,wave,2362,0,0,0.28281117696867064,True
8,5,17,0.0,0.0,2.5,wave,2336,0,0,0.2868150684931507,True
8,5,18,0.0,0.0,2.5,wave,4956,0,0,0.13458434221146084,True
8,5,19,0.0,0.0,2.5,wave,4870,0,0,0.13696098562628337,True
8,5,20,0.0,0.0,2.5,wave,4800,0,0,0.14041666666666666,True
8,5,21,0.0,0.0,2.5,wave,4713,0,0,0.14385741565881605,True
8,5,22,0.0,0.0,2.5,wave,4614,0,0,0.14651061985262245,True
8,5,23,0.0,0.0,2.5,wave,4522,0,0,0.15037593984962405,True
8,5,24,0.0,0.0,2.5,wave,4386,0,0,0.1545827633378933,True
8,5,25,0.0,0.0,2.5,wave,4296,0,0,0.15665735567970204,True
8,5,26,0.0,0.0,2.5,wave,4222,0,0,0.1598768356229275,True
8,5,27,0.0,0.0,2.5,wave,4133,0,0,0.16186789257198161,True
8,5,28,0.0,0.0,2.5,wave,4035,0,0,0.16257744733581164,True
8,5,29,0.0,0.0,2.5,wave,3930,0,0,0.16844783715012723,True
8,5,30,0.0,0.0,2.5,wave,3851,0,0,0.17060503765255777,True
8,5,31,0.0,0.0,2.5,wave,3773,0,0,0.1730718261330506,True
8,5,32,0.0,0.0,2.5,wave,3717,0,0,0.1746031746031746,True
8,5,33,0.0,0.0,2.5,wave,3653,0,0,0.17848343826991514,True
8,5,34,0.0,0.0,2.5,wave,3585,0,0,0.1818688981868898,True
8,5,35,0.0,0.0,2.5,wave,3509,0,0,0.18580792248503847,True
8,5,36,0.0,0.0,2.5,wave,3484,0,0,0.1888633754305396,True
8,5,37,0.0,0.0,2.5,wave,3430,0,0,0.19387755102040816,True
8,5,38,0.0,0.0,2.5,wave,3403,0,0,0.19717895974140465,True
8,5,39,0.0,0.0,2.5,wave,3347,0,0,0.200478040035853,True
8,5,40,0.0,0.0,2.5,wave,3308,0,0,0.20253929866989118,True
8,5,41,0.0,0.0,2.5,wave,3264,0,0,0.20710784313725492,True
8,5,42,0.0,0.0,2.5,wave,3223,0,0,0.20974247595408005,True
8,5,43,0.0,0.0,2.5,wave,3374,0,0,0.25311203319502074,True
8,5,44,0.0,0.0,2.5,wave,3208,0,0,0.24033665835411472,True
8,5,45,0.0,0.0,2.5,wave,3138,0,0,0.2374123645634162,True
8,5,46,0.0,0.0,2.5,wave,3106,0,0,0.24050225370251127,True
8,5,47,0.0,0.0,2.5,wave,3073,0,0,0.24080702896192646,True
8,5,48,0.0,0.0,2.5,wave,3040,0,0,0.24407894736842106,True
8,5,49,0.0,0.0,2.5,wave,3010,0,0,0.24750830564784054,True
8,5,50,0.0,0.0,2.5,wave,2996,0,0,0.24966622162883845,True
8,5,51,0.0,0.0,2.5,wave,2965,0,0,0.25531197301854974,True
8,5,52,0.0,0.0,2.5,wave,2927,0,0,0.2552101127434233,True
8,6,1,0.0,0.0,2.5,wave,2910,0,0,0.25876288659793817,True
8,6,2,0.0,0.0,2.5,wave,2887,0,0,0.2611707655005196,True
8,6,3,0.0,0.0,2.5,wave,2860,0,0,0.2618881118881119,True
8,6,4,0.0,0.0,2.5,wave,2820,0,0,0.2670212765957447,True
8,6,5,0.0,0.0,2.5,wave,2793,0,0,0.2653061224489796,True
8,6,6,0.0,0.0,2.5,wave,2783,0,0,0.26877470355731226,True
8,6,7,0.0,0.0,2.5,wave,2750,0,0,0.2690909090909091,True
8,6,8,0.0,0.0,2.5,wave,2720,0,0,0.27205882352941174,True
8,6,9,0.0,0.0,2.5,wave,2683,0,0,0.27431979127841966,True
8,6,10,0.0,0.0,2.5,wave,2666,0,0,0.27719429857464367,True
8,6,11,0.0,0.0,2.5,wave,2637,0,0,0.2802427000379219,True
8,6,12,0.0,0.0,2.5,wave,2628,0,0,0.2815829528158295,True
8,6,13,0.0,0.0,2.5,wave,2584,0,0,0.28328173374613,True
8,6,14,0.0,0.0,2.5,wave,2578,0,0,0.28471683475562454,True
8,6,15,0.0,0.0,2.5,wave,2535,0,0,0.28402366863905326,True
8,6,16,0.0,0.0,2.5,wave,2517,0,0,0.289233214143822,True
8,6,17,0.0,0.0,2.5,wave,2482,0,0,0.2892828364222401,True
8,6,18,0.0,0.0,2.5,wave,5622,0,0,0.13002490217004625,True
8,6,19,0.0,0.0,2.5,wave,5518,0,0,0.13374411018484958,True
8,6,20,0.0,0.0,2.5,wave,5409,0,0,0.136254390830098,True
8,6,21,0.0,0.0,2.5,wave,5312,0,0,0.13893072289156627,True
8,6,22,0.0,0.0,2.5,wave,5220,0,0,0.14195402298850573,True
8,6,23,0.0,0.0,2.5,wave,5135,0,0,0.14547224926971764,True
8,6,24,0.0,0.0,2.5,wave,5058,0,0,0.14847765915381575,True
8,6,25,0.0,0.0,2.5,wave,4948,0,0,0.1505658852061439,True
8,6,26,0.0,0.0,2.5,wave,4836,0,0,0.15384615384615385,True
8,6,27,0.0,0.0,2.5,wave,4746,0,0,0.15676359039190899,True
8,6,28,0.0,0.0,2.5,wave,4646,0,0,0.15949203616013774,True
8,6,29,0.0,0.0,2.5,wave,4581,0,0,0.1639380048024449,True
8,6,30,0.0,0.0,2.5,wave,4514,0,0,0.16747895436420027,True
8,6,31,0.0,0.0,2.5,wave,4396,0,0,0.17151956323930848,True
8,6,32,0.0,0.0,2.5,wave,4267,0,0,0.17553316147176,True
8,6,33,0.0,0.0,2.5,wave,4164,0,0,0.17963496637848222,True
8,6,34,0.0,0.0,2.5,wave,4106,0,0,0.1824159766195811,True
8,6,35,0.0,0.0,2.5,wave,4017,0,0,0.1839681354244461,True
8,6,36,0.0,0.0,2.5,wave,3938,0,0,0.1871508379888268,True
8,6,37,0.0,0.0,2.5,wave,3818,0,0,0.18831849135673126,True
8,6,38,0.0,0.0,2.5,wave,3773,0,0,0.19162470182878347,True
8,6,39,0.0,0.0,2.5,wave,3715,0,0,0.19488559892328397,True
8,6,40,0.0,0.0,2.5,wave,3664,0,0,0.1984170305676856,True
8,6,41,0.0,0.0,2.5,wave,3626,0,0,0.20077220077220076,True
8,6,42,0.0,0.0,2.5,wave,3581,0,0,0.20301591734152472,True
8,6,43,0.0,0.0,2.5,wave,3666,0,0,0.24386252045826515,True
8,6,44,0.0,0.0,2.5,wave,3530,0,0,0.23569405099150142,True
8,6,45,0.0,0.0,2.5,wave,3483,0,0,0.2360034453057709,True
8,6,46,0.0,0.0,2.5,wave,3460,0,0,0.23930635838150288,True
8,6,47,0.0,0.0,2.5,wave,3434,0,0,0.24286546301688994,True
8,6,48,0.0,0.0,2.5,wave,3413,0,0,0.24318781130969822,True
8,6,49,0.0,0.0,2.5,wave,3366,0,0,0.24658348187759951,True
8,6,50,0.0,0.0,2.5,wave,3344,0,0,0.2479066985645933,True
8,6,51,0.0,0.0,2.5,wave,3312,0,0,0.24909420289855072,True
8,6,52,0.0,0.0,2.5,wave,3286,0,0,0.25106512477175896,True
8,7,1,0.0,0.0,2.5,wave,3258,0,0,0.25352977286678946,True
8,7,2,0.0,0.0,2.5,wave,3224,0,0,0.25806451612903225,True
8,7,3,0.0,0.0,2.5,wave,3199,0,0,0.2597686777117849,True
8,7,4,0.0,0.0,2.5,wave,3161,0,0,0.2628914900347991,True
8,7,5,0.0,0.0,2.5,wave,3137,0,0,0.2661778769525024,True
8,7,6,0.0,0.0,2.5,wave,3099,0,0,0.2649241690868022,True
8,7,7,0.0,0.0,2.5,wave,3074,0,0,0.26772934287573197,True
8,7,8,0.0,0.0,2.5,wave,3044,0,0,0.27036793692509853,True
8,7,9,0.0,0.0,2.5,wave,3017,0,0,0.2707988067616838,True
8,7,10,0.0,0.0,2.5,wave,2982,0,0,0.27297116029510393,True
8,7,11,0.0,0.0,2.5,wave,2960,0,0,0.2773648648648649,True
8,7,12,0.0,0.0,2.5,wave,2925,0,0,0.28,True
8,7,13,0.0,0.0,2.5,wave,2905,0,0,0.28261617900172115,True
8,7,14,0.0,0.0,2.5,wave,2874,0,0,0.2849686847599165,True
8,7,15,0.0,0.0,2.5,wave,2860,0,0,0.2856643356643357,True
8,7,16,0.0,0.0,2.5,wave,2820,0,0,0.28829787234042553,True
8,7,17,0.0,0.0,2.5,wave,2797,0,0,0.2910260993922059,True
8,7,18,0.0,0.0,2.5,wave,5959,0,0,0.1354254069474744,True
8,7,19,0.0,0.0,2.5,wave,5916,0,0,0.13657876943881,True
8,7,20,0.0,0.0,2.5,wave,5798,0,0,0.14004829251466022,True
8,7,21,0.0,0.0,2.5,wave,5696,0,0,0.14290730337078653,True
8,7,22,0.0,0.0,2.5,wave,5588,0,0,0.14727988546886184,True
8,7,23,0.0,0.0,2.5,wave,5464,0,0,0.15062225475841873,True
8,7,24,0.0,0.0,2.5,wave,5341,0,0,0.1544654559071335,True
8,7,25,0.0,0.0,2.5,wave,5251,0,0,0.15844601028375546,True
8,7,26,0.0,0.0,2.5,wave,5161,0,0,0.16082154621197442,True
8,7,27,0.0,0.0,2.5,wave,5061,0,0,0.1638016202331555,True
8,7,28,0.0,0.0,2.5,wave,4952,0,0,0.16740710823909533,True
8,7,29,0.0,0.0,2.5,wave,4865,0,0,0.1695786228160329,True
8,7,30,0.0,0.0,2.5,wave,4764,0,0,0.17212426532325778,True
8,7,31,0.0,0.0,2.5,wave,4688,0,0,0.1757679180887372,True
8,7,32,0.0,0.0,2.5,wave,4607,0,0,0.17864119817668764,True
8,7,33,0.0,0.0,2.5,wave,4519,0,0,0.18211993803938925,True
8,7,34,0.0,0.0,2.5,wave,4435,0,0,0.18602029312288612,True
8,7,35,0.0,0.0,2.5,wave,4351,0,0,0.19007124798896805,True
8,7,36,0.0,0.0,2.5,wave,4233,0,0,0.19395227970706355,True
8,7,37,0.0,0.0,2.5,wave,4160,0,0,0.19759615384615384,True
8,7,38,0.0,0.0,2.5,wave,4111,0,0,0.2001945998540501,True
8,7,39,0.0,0.0,2.5,wave,4055,0,0,0.20271270036991368,True
8,7,40,0.0,0.0,2.5,wave,4005,0,0,0.20524344569288389,True
8,7,41,0.0,0.0,2.5,wave,3950,0,0,0.20835443037974682,True
8,7,42,0.0,0.0,2.5,wave,3909,0,0,0.21105141980046047,True
8,7,43,0.0,0.0,2.5,wave,3945,0,0,0.23574144486692014,True
8,7,44,0.0,0.0,2.5,wave,3814,0,0,0.23072889355007867,True
8,7,45,0.0,0.0,2.5,wave,3762,0,0,0.23125996810207336,True
8,7,46,0.0,0.0,2.5,wave,3740,0,0,0.23074866310160427,True
8,7,47,0.0,0.0,2.5,wave,3713,0,0,0.2329652572044169,True
8,7,48,0.0,0.0,2.5,wave,3670,0,0,0.2337874659400545,True
8,7,49,0.0,0.0,2.5,wave,3666,0,0,0.2386797599563557,True
8,7,50,0.0,0.0,2.5,wave,3611,0,0,0.2356687898089172,True
8,7,51,0.0,0.0,2.5,wave,3588,0,0,0.23857302118171683,True
8,7,52,0.0,0.0,2.5,wave,3547,0,0,0.24104877361150268,True
8,8,1,0.0,0.0,2.5,wave,3527,0,0,0.2435497590019847,True
8,8,2,0.0,0.0,2.5,wave,3480,0,0,0.24655172413793103,True
8,8,3,0.0,0.0,2.5,wave,3468,0,0,0.24740484429065743,True
8,8,4,0.0,0.0,2.5,wave,3428,0,0,0.24766627771295216,True
8,8,5,0.0,0.0,2.5,wave,3397,0,0,0.25110391521931114,True
8,8,6,0.0,0.0,2.5,wave,3365,0,0,0.2528974739970282,True
8,8,7,0.0,0.0,2.5,wave,3333,0,0,0.25352535253525355,True
8,8,8,0.0,0.0,2.5,wave,3306,0,0,0.25650332728372655,True
8,8,9,0.0,0.0,2.5,wave,3261,0,0,0.25973627721557807,True
8,8,10,0.0,0.0,2.5,wave,3217,0,0,0.2639104755983836,True
8,8,11,0.0,0.0,2.5,wave,3178,0,0,0.26620516047828824,True
8,8,12,0.0,0.0,2.5,wave,3141,0,0,0.27061445399554285,True
8,8,13,0.0,0.0,2.5,wave,3121,0,0,0.2717077859660365,True
8,8,14,0.0,0.0,2.5,wave,3091,0,0,0.27693303138142994,True
8,8,15,0.0,0.0,2.5,wave,3059,0,0,0.2755802549852893,True
8,8,16,0.0,0.0,2.5,wave,3027,0,0,0.2794846382556987,True
8,8,17,0.0,0.0,2.5,wave,3001,0,0,0.2789070309896701,True
8,8,18,0.0,0.0,2.5,wave,6600,0,0,0.12848484848484848,True
8,8,19,0.0,0.0,2.5,wave,6502,0,0,0.1316517994463242,True
8,8,20,0.0,0.0,2.5,wave,6384,0,0,0.13612155388471178,True
8,8,21,0.0,0.0,2.5,wave,6290,0,0,0.1397456279809221,True
8,8,22,0.0,0.0,2.5,wave,6179,0,0,0.14225602848357338,True
8,8,23,0.0,0.0,2.5,wave,6081,0,0,0.14487748725538563,True
8,8,24,0.0,0.0,2.5,wave,5937,0,0,0.14788613778002357,True
8,8,25,0.0,0.0,2.5,wave,5845,0,0,0.1498716852010265,True
8,8,26,0.0,0.0,2.5,wave,5725,0,0,0.15301310043668123,True
8,8,27,0.0,0.0,2.5,wave,5601,0,0,0.1562221031958579,True
8,8,28,0.0,0.0,2.5,wave,5460,0,0,0.15824175824175823,True
8,8,29,0.0,0.0,2.5,wave,5371,0,0,0.16142245391919569,True
8,8,30,0.0,0.0,2.5,wave,5261,0,0,0.1642273332066147,True
8,8,31,0.0,0.0,2.5,wave,5198,0,0,0.16679492112350905,True
8,8,32,0.0,0.0,2.5,wave,5062,0,0,0.16772026866851047,True
8,8,33,0.0,0.0,2.5,wave,4988,0,0,0.17161186848436247,True
8,8,34,0.0,0.0,2.5,wave,4923,0,0,0.17428397318708105,True
8,8,35,0.0,0.0,2.5,wave,4860,0,0,0.17674897119341565,True
8,8,36,0.0,0.0,2.5,wave,4752,0,0,0.18118686868686867,True
8,8,37,0.0,0.0,2.5,wave,4673,0,0,0.1831799700406591,True
8,8,38,0.0,0.0,2.5,wave,4611,0,0,0.18564302754283235,True
8,8,39,0.0,0.0,2.5,wave,4555,0,0,0.1885839736553238,True
8,8,40,0.0,0.0,2.5,wave,4494,0,0,0.19025367156208278,True
8,8,41,0.0,0.0,2.5,wave,4458,0,0,0.19134140870345445,True
8,8,42,0.0,0.0,2.5,wave,4400,0,0,0.1943181818181818,True
8,8,43,0.0,0.0,2.5,wave,4505,0,0,0.2206437291897891,True
8,8,44,0.0,0.0,2.5,wave,4337,0,0,0.2153562370302052,True
8,8,45,0.0,0.0,2.5,wave,4295,0,0,0.21466821885913853,True
8,8,46,0.0,0.0,2.5,wave,4257,0,0,0.21611463471928588,True
8,8,47,0.0,0.0,2.5,wave,4237,0,0,0.2192589096058532,True
8,8,48,0.0,0.0,2.5,wave,4193,0,0,0.2208442642499404,True
8,8,49,0.0,0.0,2.5,wave,4153,0,0,0.22152660727185167,True
8,8,50,0.0,0.0,2.5,wave,4103,0,0,0.22641969290762856,True
8,8,51,0.0,0.0,2.5,wave,4070,0,0,0.22997542997542997,True
8,8,52,0.0,0.0,2.5,wave,4018,0,0,0.2336983573917372,True
8,9,1,0.0,0.0,2.5,wave,3983,0,0,0.23700728094401205,True
8,9,2,0.0,0.0,2.5,wave,3942,0,0,0.23997970573313038,True
8,9,3,0.0,0.0,2.5,wave,3927,0,0,0.24216959511077157,True
8,9,4,0.0,0.0,2.5,wave,3884,0,0,0.24588053553038106,True
8,9,5,0.0,0.0,2.5,wave,3873,0,0,0.24916085721662792,True
8,9,6,0.0,0.0,2.5,wave,3822,0,0,0.25274725274725274,True
8,9,7,0.0,0.0,2.5,wave,3798,0,0,0.2553975776724592,True
8,9,8,0.0,0.0,2.5,wave,3767,0,0,0.2569684098752323,True
8,9,9,0.0,0.0,2.5,wave,3749,0,0,0.2600693518271539,True
8,9,10,0.0,0.0,2.5,wave,3692,0,0,0.2624593716143012,True
8,9,11,0.0,0.0,2.5,wave,3663,0,0,0.26644826644826647,True
8,9,12,0.0,0.0,2.5,wave,3621,0,0,0.2673294669980668,True
8,9,13,0.0,0.0,2.5,wave,3589,0,0,0.26999164112566176,True
8,9,14,0.0,0.0,2.5,wave,3532,0,0,0.27208380520951303,True
8,9,15,0.0,0.0,2.5,wave,3501,0,0,0.2744930019994287,True
8,9,16,0.0,0.0,2.5,wave,3450,0,0,0.27797101449275363,True
8,9,17,0.0,0.0,2.5,wave,3440,0,0,0.28081395348837207,True
8,9,18,0.0,0.0,2.5,wave,7057,0,0,0.12526569363752302,True
8,9,19,0.0,0.0,2.5,wave,6945,0,0,0.1271418286537077,True
8,9,20,0.0,0.0,2.5,wave,6827,0,0,0.13124359162150287,True
8,9,21,0.0,0.0,2.5,wave,6743,0,0,0.13421325819368235,True
8,9,22,0.0,0.0,2.5,wave,6600,0,0,0.13636363636363635,True
8,9,23,0.0,0.0,2.5,wave,6474,0,0,0.14025332097621254,True
8,9,24,0.0,0.0,2.5,wave,6330,0,0,0.14454976303317535,True
8,9,25,0.0,0.0,2.5,wave,6249,0,0,0.14818370939350295,True
8,9,26,0.0,0.0,2.5,wave,6145,0,0,0.15085435313262816,True
8,9,27,0.0,0.0,2.5,wave,6057,0,0,0.15370645534092786,True
8,9,28,0.0,0.0,2.5,wave,5940,0,0,0.1574074074074074,True
8,9,29,0.0,0.0,2.5,wave,5881,0,0,0.15966672334636967,True
8,9,30,0.0,0.0,2.5,wave,5750,0,0,0.16382608695652173,True
8,9,31,0.0,0.0,2.5,wave,5660,0,0,0.16643109540636042,True
8,9,32,0.0,0.0,2.5,wave,5512,0,0,0.1721698113207547,True
8,9,33,0.0,0.0,2.5,wave,5419,0,0,0.17401734637386973,True
8,9,34,0.0,0.0,2.5,wave,5305,0,0,0.17813383600377003,True
8,9,35,0.0,0.0,2.5,wave,5246,0,0,0.18032786885245902,True
8,9,36,0.0,0.0,2.5,wave,5124,0,0,0.1830601092896175,True
8,9,37,0.0,0.0,2.5,wave,5031,0,0,0.18445637050288213,True
8,9,38,0.0,0.0,2.5,wave,4939,0,0,0.1866774650739016,True
8,9,39,0.0,0.0,2.5,wave,4899,0,0,0.18840579710144928,True
8,9,40,0.0,0.0,2.5,wave,4831,0,0,0.1910577520182157,True
8,9,41,0.0,0.0,2.5,wave,4797,0,0,0.1930373149885345,True
8,9,42,0.0,0.0,2.5,wave,4727,0,0,0.19568436640575418,True
8,9,43,0.0,0.0,2.5,wave,4717,0,0,0.21772312910748357,True
8,9,44,0.0,0.0,2.5,wave,4529,0,0,0.20887613159637888,True
8,9,45,0.0,0.0,2.5,wave,4490,0,0,0.2089086859688196,True
8,9,46,0.0,0.0,2.5,wave,4434,0,0,0.20929183581416327,True
8,9,47,0.0,0.0,2.5,wave,4409,0,0,0.21206622816965298,True
8,9,48,0.0,0.0,2.5,wave,4389,0,0,0.21348826611984506,True
8,9,49,0.0,0.0,2.5,wave,4360,0,0,0.21559633027522937,True
8,9,50,0.0,0.0,2.5,wave,4300,0,0,0.21790697674418605,True
8,9,51,0.0,0.0,2.5,wave,4279,0,0,0.2203785931292358,True
8,9,52,0.0,0.0,2.5,wave,4253,0,0,0.22266635316247355,True
8,10,1,0.0,0.0,2.5,wave,4219,0,0,0.22469779568618156,True
8,10,2,0.0,0.0,2.5,wave,4168,0,0,0.22816698656429943,True
8,10,3,0.0,0.0,2.5,wave,4147,0,0,0.2312515071135761,True
8,10,4,0.0,0.0,2.5,wave,4097,0,0,0.23456187454234806,True
8,10,5,0.0,0.0,2.5,wave,4064,0,0,0.23646653543307086,True
8,10,6,0.0,0.0,2.5,wave,4034,0,0,0.2387208725830441,True
8,10,7,0.0,0.0,2.5,wave,4001,0,0,0.2416895776055986,True
8,10,8,0.0,0.0,2.5,wave,3953,0,0,0.24209461168732607,True
8,10,9,0.0,0.0,2.5,wave,3925,0,0,0.24585987261146497,True
8,10,10,0.0,0.0,2.5,wave,3892,0,0,0.24845837615621788,True
8,10,11,0.0,0.0,2.5,wave,3852,0,0,0.2502596053997923,True
8,10,12,0.0,0.0,2.5,wave,3817,0,0,0.25255436206444853,True
8,10,13,0.0,0.0,2.5,wave,3791,0,0,0.2566605117383276,True
8,10,14,0.0,0.0,2.5,wave,3748,0,0,0.2580042689434365,True
8,10,15,0.0,0.0,2.5,wave,3715,0,0,0.25814266487214,True
8,10,16,0.0,0.0,2.5,wave,3662,0,0,0.2613326051338067,True
8,10,17,0.0,0.0,2.5,wave,3634,0,0,0.2647220693450743,True
8,10,18,0.0,0.0,2.5,wave,7702,0,0,0.12074785769929888,True
8,10,19,0.0,0.0,2.5,wave,7612,0,0,0.12270099842354178,True
8,10,20,0.0,0.0,2.5,wave,7468,0,0,0.1276111408677022,True
8,10,21,0.0,0.0,2.5,wave,7341,0,0,0.1302274894428552,True
8,10,22,0.0,0.0,2.5,wave,7157,0,0,0.13357552046947044,True
8,10,23,0.0,0.0,2.5,wave,7032,0,0,0.13651877133105803,True
8,10,24,0.0,0.0,2.5,wave,6894,0,0,0.14084711343196982,True
8,10,25,0.0,0.0,2.5,wave,6753,0,0,0.1423071227602547,True
8,10,26,0.0,0.0,2.5,wave,6570,0,0,0.145662100456621,True
8,10,27,0.0,0.0,2.5,wave,6456,0,0,0.14823420074349442,True
8,10,28,0.0,0.0,2.5,wave,6291,0,0,0.15180416467970115,True
8,10,29,0.0,0.0,2.5,wave,6195,0,0,0.15512510088781276,True
8,10,30,0.0,0.0,2.5,wave,6049,0,0,0.1578773350967102,True
8,10,31,0.0,0.0,2.5,wave,5967,0,0,0.15954415954415954,True
8,10,32,0.0,0.0,2.5,wave,5818,0,0,0.16328635269852182,True
8,10,33,0.0,0.0,2.5,wave,5748,0,0,0.1651009046624913,True
8,10,34,0.0,0.0,2.5,wave,5640,0,0,0.16843971631205673,True
8,10,35,0.0,0.0,2.5,wave,5554,0,0,0.17104789341015483,True
8,10,36,0.0,0.0,2.5,wave,5438,0,0,0.1748804707613093,True
8,10,37,0.0,0.0,2.5,wave,5359,0,0,0.1765254711699944,True
8,10,38,0.0,0.0,2.5,wave,5276,0,0,0.17968157695223655,True
8,10,39,0.0,0.0,2.5,wave,5230,0,0,0.1806883365200765,True
8,10,40,0.0,0.0,2.5,wave,5164,0,0,0.1837722695584818,True
8,10,41,0.0,0.0,2.5,wave,5124,0,0,0.1871584699453552,True
8,10,42,0.0,0.0,2.5,wave,5053,0,0,0.19077775578864042,True
8,10,43,0.0,0.0,2.5,wave,5142,0,0,0.21878646441073513,True
8,10,44,0.0,0.0,2.5,wave,4887,0,0,0.2105586249232658,True
8,10,45,0.0,0.0,2.5,wave,4813,0,0,0.21088718055266986,True
8,10,46,0.0,0.0,2.5,wave,4756,0,0,0.21089150546677882,True
8,10,47,0.0,0.0,2.5,wave,4687,0,0,0.21506294004693835,True
8,10,48,0.0,0.0,2.5,wave,4644,0,0,0.21554694229112834,True
8,10,49,0.0,0.0,2.5,wave,4589,0,0,0.219873610808455,True
8,10,50,0.0,0.0,2.5,wave,4532,0,0,0.22219770520741394,True
8,10,51,0.0,0.0,2.5,wave,4473,0,0,0.22445785826067516,True
8,10,52,0.0,0.0,2.5,wave,4436,0,0,0.22700631199278629,True
8,11,1,0.0,0.0,2.5,wave,4377,0,0,0.22983778843957048,True
8,11,2,0.0,0.0,2.5,wave,4361,0,0,0.2313689520752121,True
8,11,3,0.0,0.0,2.5,wave,4310,0,0,0.23642691415313224,True
8,11,4,0.0,0.0,2.5,wave,4266,0,0,0.23839662447257384,True
8,11,5,0.0,0.0,2.5,wave,4221,0,0,0.24401800521203507,True
8,11,6,0.0,0.0,2.5,wave,4189,0,0,0.2449271902602053,True
8,11,7,0.0,0.0,2.5,wave,4136,0,0,0.2473404255319149,True
8,11,8,0.0,0.0,2.5,wave,4108,0,0,0.250730282375852,True
8,11,9,0.0,0.0,2.5,wave,4057,0,0,0.2541286665023416,True
8,11,10,0.0,0.0,2.5,wave,4030,0,0,0.25508684863523573,True
8,11,11,0.0,0.0,2.5,wave,3969,0,0,0.2564877802973041,True
8,11,12,0.0,0.0,2.5,wave,3944,0,0,0.25862068965517243,True
8,11,13,0.0,0.0,2.5,wave,3896,0,0,0.2589835728952772,True
8,11,14,0.0,0.0,2.5,wave,3866,0,0,0.2602172788411795,True
8,11,15,0.0,0.0,2.5,wave,3823,0,0,0.2654982997645828,True
8,11,16,0.0,0.0,2.5,wave,3802,0,0,0.26801683324566017,True
8,11,17,0.0,0.0,2.5,wave,3748,0,0,0.2694770544290288,True
8,11,18,0.0,0.0,2.5,wave,8047,0,0,0.12091462656890767,True
8,11,19,0.0,0.0,2.5,wave,7914,0,0,0.1234521101844832,True
8,11,20,0.0,0.0,2.5,wave,7825,0,0,0.12638977635782747,True
8,11,21,0.0,0.0,2.5,wave,7658,0,0,0.1294071559153826,True
8,11,22,0.0,0.0,2.5,wave,7523,0,0,0.1327927688422172,True
8,11,23,0.0,0.0,2.5,wave,7329,0,0,0.13589848546868605,True
8,11,24,0.0,0.0,2.5,wave,7162,0,0,0.13990505445406312,True
8,11,25,0.0,0.0,2.5,wave,6978,0,0,0.14316423043852106,True
8,11,26,0.0,0.0,2.5,wave,6838,0,0,0.14565662474407723,True
8,11,27,0.0,0.0,2.5,wave,6721,0,0,0.14968010712691565,True
8,11,28,0.0,0.0,2.5,wave,6591,0,0,0.15323926566530116,True
8,11,29,0.0,0.0,2.5,wave,6475,0,0,0.15613899613899615,True
8,11,30,0.0,0.0,2.5,wave,6355,0,0,0.15987411487018097,True
8,11,31,0.0,0.0,2.5,wave,6222,0,0,0.16313082610093219,True
8,11,32,0.0,0.0,2.5,wave,6130,0,0,0.16574225122349104,True
8,11,33,0.0,0.0,2.5,wave,6022,0,0,0.16921288608435736,True
8,11,34,0.0,0.0,2.5,wave,5939,0,0,0.17140932816972554,True
8,11,35,0.0,0.0,2.5,wave,5830,0,0,0.1753001715265866,True
8,11,36,0.0,0.0,2.5,wave,5705,0,0,0.17949167397020158,True
8,11,37,0.0,0.0,2.5,wave,5591,0,0,0.18476122339474155,True
8,11,38,0.0,0.0,2.5,wave,5534,0,0,0.18648355619804843,True
8,11,39,0.0,0.0,2.5,wave,5452,0,0,0.1887380777696258,True
8,11,40,0.0,0.0,2.5,wave,5387,0,0,0.19231483200297012,True
8,11,41,0.0,0.0,2.5,wave,5302,0,0,0.1942663145982648,True
8,11,42,0.0,0.0,2.5,wave,5251,0,0,0.19691487335745572,True
8,11,43,0.0,0.0,2.5,wave,5395,0,0,0.22817423540315107,True
8,11,44,0.0,0.0,2.5,wave,5178,0,0,0.22112784859018927,True
8,11,45,0.0,0.0,2.5,wave,5043,0,0,0.21673606979972238,True
8,11,46,0.0,0.0,2.5,wave,4980,0,0,0.21887550200803213,True
8,11,47,0.0,0.0,2.5,wave,4898,0,0,0.22253981216823193,True
8,11,48,0.0,0.0,2.5,wave,4864,0,0,0.22430098684210525,True
8,11,49,0.0,0.0,2.5,wave,4820,0,0,0.22572614107883818,True
8,11,50,0.0,0.0,2.5,wave,4783,0,0,0.22809951913025298,True
8,11,51,0.0,0.0,2.5,wave,4729,0,0,0.23091562698244872,True
8,11,52,0.0,0.0,2.5,wave,4689,0,0,0.23416506717850288,True
9,1,1,0.0,0.0,2.5,wave,2791,0,0,0.0010748835542816195,True
9,1,2,0.0,0.0,2.5,wave,2769,0,0,0.0032502708559046588,True
9,1,3,0.0,0.0,2.5,wave,2716,0,0,0.0062592047128129605,True
9,1,4,0.0,0.0,2.5,wave,2671,0,0,0.009734181954324224,True
9,1,5,0.0,0.0,2.5,wave,2604,0,0,0.012672811059907835,True
9,1,6,0.0,0.0,2.5,wave,2570,0,0,0.01634241245136187,True
9,1,7,0.0,0.0,2.5,wave,2521,0,0,0.01705672352241174,True
9,1,8,0.0,0.0,2.5,wave,2485,0,0,0.01971830985915493,True
9,1,9,0.0,0.0,2.5,wave,2475,0,0,0.02101010101010101,True
9,1,10,0.0,0.0,2.5,wave,2439,0,0,0.023780237802378024,True
9,1,11,0.0,0.0,2.5,wave,2411,0,0,0.02613023641642472,True
9,1,12,0.0,0.0,2.5,wave,2393,0,0,0.028416213957375678,True
9,1,13,0.0,0.0,2.5,wave,2367,0,0,0.0287283481199831,True
9,1,14,0.0,0.0,2.5,wave,2357,0,0,0.031395842172252865,True
9,1,15,0.0,0.0,2.5,wave,2335,0,0,0.03297644539614561,True
9,1,16,0.0,0.0,2.5,wave,2304,0,0,0.034722222222222224,True
9,1,17,0.0,0.0,2.5,wave,2282,0,0,0.03549517966695881,True
9,1,18,0.0,0.0,2.5,wave,6595,0,0,0.014101592115238818,True
9,1,19,0.0,0.0,2.5,wave,6455,0,0,0.016576297443841984,True
9,1,20,0.0,0.0,2.5,wave,6313,0,0,0.019483605258989387,True
9,1,21,0.0,0.0,2.5,wave,6151,0,0,0.02048447406925703,True
9,1,22,0.0,0.0,2.5,wave,6030,0,0,0.022056384742951907,True
9,1,23,0.0,0.0,2.5,wave,5882,0,0,0.024141448486909214,True
9,1,24,0.0,0.0,2.5,wave,5801,0,0,0.0256852266850543,True
9,1,25,0.0,0.0,2.5,wave,5652,0,0,0.027777777777777776,True
9,1,26,0.0,0.0,2.5,wave,5542,0,0,0.03013352580295922,True
9,1,27,0.0,0.0,2.5,wave,5393,0,0,0.032449471537177824,True
9,1,28,0.0,0.0,2.5,wave,5261,0,0,0.03459418361528226,True
9,1,29,0.0,0.0,2.5,wave,5142,0,0,0.03636717230649553,True
9,1,30,0.0,0.0,2.5,wave,5049,0,0,0.038027332144979206,True
9,1,31,0.0,0.0,2.5,wave,4922,0,0,0.03900853311661926,True
9,1,32,0.0,0.0,2.5,wave,4816,0,0,0.04152823920265781,True
9,1,33,0.0,0.0,2.5,wave,4729,0,0,0.044195390145908224,True
9,1,34,0.0,0.0,2.5,wave,4627,0,0,0.04473741084936244,True
9,1,35,0.0,0.0,2.5,wave,4520,0,0,0.04756637168141593,True
9,1,36,0.0,0.0,2.5,wave,4446,0,0,0.05105713000449843,True
9,1,37,0.0,0.0,2.5,wave,4354,0,0,0.051676619200734956,True
9,1,38,0.0,0.0,2.5,wave,4301,0,0,0.053243431760055804,True
9,1,39,0.0,0.0,2.5,wave,4236,0,0,0.054296506137865914,True
9,1,40,0.0,0.0,2.5,wave,4178,0,0,0.05648635710866443,True
9,1,41,0.0,0.0,2.5,wave,4110,0,0,0.059124087591240874,True
9,1,42,0.0,0.0,2.5,wave,4045,0,0,0.05957972805933251,True
9,1,43,0.0,0.0,2.5,wave,4182,0,0,0.0899091343854615,True
9,1,44,0.0,0.0,2.5,wave,4063,0,0,0.0831897612601526,True
9,1,45,0.0,0.0,2.5,wave,4022,0,0,0.08552958727001492,True
9,1,46,0.0,0.0,2.5,wave,3965,0,0,0.08776796973518285,True
9,1,47,0.0,0.0,2.5,wave,3918,0,0,0.08958652373660031,True
9,1,48,0.0,0.0,2.5,wave,3879,0,0,0.09332302139726734,True
9,1,49,0.0,0.0,2.5,wave,3816,0,0,0.09355345911949685,True
9,1,50,0.0,0.0,2.5,wave,3770,0,0,0.09655172413793103,True
9,1,51,0.0,0.0,2.5,wave,3712,0,0,0.09940732758620689,True
9,1,52,0.0,0.0,2.5,wave,3666,0,0,0.10174577195853791,True
9,2,1,0.0,0.0,2.5,wave,3613,33,6,0.10434541931912537,False
9,2,2,0.0,0.0,2.5,wave,3560,43,11,0.10786516853932585,False
9,2,3,0.0,0.0,2.5,wave,3509,47,15,0.10943288686235395,False
9,2,4,0.0,0.0,2.5,wave,3460,50,14,0.1161849710982659,False
9,2,5,0.0,0.0,2.5,wave,3405,54,18,0.11747430249632893,False
9,2,6,0.0,0.0,2.5,wave,3345,67,24,0.11928251121076233,False
9,2,7,0.0,0.0,2.5,wave,3293,70,24,0.12207713331308837,False
9,2,8,0.0,0.0,2.5,wave,3220,80,21,0.1248447204968944,False
9,2,9,0.0,0.0,2.5,wave,3155,74,26,0.12646592709984153,False
9,2,10,0.0,0.0,2.5,wave,3106,96,29,0.12685125563425628,False
9,2,11,0.0,0.0,2.5,wave,3028,84,34,0.12714663143989433,False
9,2,12,0.0,0.0,2.5,wave,2952,102,42,0.13109756097560976,False
9,2,13,0.0,0.0,2.5,wave,2885,94,35,0.13275563258232237,False
9,2,14,0.0,0.0,2.5,wave,2839,90,35,0.13842902430433252,False
9,2,15,0.0,0.0,2.5,wave,2783,94,37,0.13941789435860583,False
9,2,16,0.0,0.0,2.5,wave,2732,89,37,0.1423865300146413,False
9,2,17,0.0,0.0,2.5,wave,2671,87,32,0.14488955447397978,False
9,2,18,0.0,0.0,2.5,wave,5121,84,29,0.07752392110915837,False
9,2,19,0.0,0.0,2.5,wave,4991,109,34,0.08014425966740132,False
9,2,20,0.0,0.0,2.5,wave,4898,143,38,0.08248264597795019,False
9,2,21,0.0,0.0,2.5,wave,4752,163,47,0.0845959595959596,False
9,2,22,0.0,0.0,2.5,wave,4639,183,62,0.09032118991161889,False
9,2,23,0.0,0.0,2.5,wave,4447,188,64,0.09444569372610749,False
9,2,24,0.0,0.0,2.5,wave,4318,176,65,0.09703566465956462,False
9,2,25,0.0,0.0,2.5,wave,4195,183,75,0.099642431466031,False
9,2,26,0.0,0.0,2.5,wave,4064,168,65,0.10531496062992125,False
9,2,27,0.0,0.0,2.5,wave,3927,168,63,0.10797046091163738,False
9,2,28,0.0,0.0,2.5,wave,3838,172,57,0.11255862428348098,False
9,2,29,0.0,0.0,2.5,wave,3713,164,52,0.11607864260705629,False
9,2,30,0.0,0.0,2.5,wave,3581,164,50,0.11924043563250489,False
9,2,31,0.0,0.0,2.5,wave,3475,156,70,0.12287769784172661,False
9,2,32,0.0,0.0,2.5,wave,3394,147,71,0.12728344136711844,False
9,2,33,0.0,0.0,2.5,wave,3271,130,57,0.12901253439315194,False
9,2,34,0.0,0.0,2.5,wave,3153,115,55,0.1351094196003806,False
9,2,35,0.0,0.0,2.5,wave,3095,107,42,0.13667205169628432,False
9,2,36,0.0,0.0,2.5,wave,3018,102,41,0.1411530815109344,False
9,2,37,0.0,0.0,2.5,wave,2952,98,47,0.14600271002710027,False
9,2,38,0.0,0.0,2.5,wave,2893,86,41,0.14863463532665053,False
9,2,39,0.0,0.0,2.5,wave,2846,82,34,0.15319747013352072,False
9,2,40,0.0,0.0,2.5,wave,2786,89,28,0.15506101938262742,False
9,2,41,0.0,0.0,2.5,wave,2751,91,30,0.15812431842966193,False
9,2,42,0.0,0.0,2.5,wave,2716,91,41,0.15795287187039764,False
9,2,43,0.0,0.0,2.5,wave,2863,85,33,0.2120153684945861,False
9,2,44,0.0,0.0,2.5,wave,2709,67,30,0.1937984496124031,False
9,2,45,0.0,0.0,2.5,wave,2674,56,31,0.19334330590875093,False
9,2,46,0.0,0.0,2.5,wave,2591,46,23,0.19451949054419143,False
9,2,47,0.0,0.0,2.5,wave,2553,33,17,0.1954563258911085,False
9,2,48,0.0,0.0,2.5,wave,2501,24,12,0.1995201919232307,False
9,2,49,0.0,0.0,2.5,wave,2469,22,9,0.20089104900769542,False
9,2,50,0.0,0.0,2.5,wave,2429,21,6,0.20378756689995883,False
9,2,51,0.0,0.0,2.5,wave,2401,20,7,0.20241566014160767,False
9,2,52,0.0,0.0,2.5,wave,2358,23,10,0.2035623409669211,False
9,3,1,0.0,0.0,2.5,wave,2341,25,8,0.20674925245621528,False
9,3,2,0.0,0.0,2.5,wave,2311,25,8,0.21029857204673302,False
9,3,3,0.0,0.0,2.5,wave,2288,28,10,0.21066433566433568,False
9,3,4,0.0,0.0,2.5,wave,2250,28,9,0.212,False
9,3,5,0.0,0.0,2.5,wave,2222,29,7,0.21872187218721872,False
9,3,6,0.0,0.0,2.5,wave,2201,26,11,0.22035438437074056,False
9,3,7,0.0,0.0,2.5,wave,2189,30,12,0.2224760164458657,False
9,3,8,0.0,0.0,2.5,wave,2147,27,10,0.22263623660922216,False
9,3,9,0.0,0.0,2.5,wave,2123,26,11,0.22609514837494113,False
9,3,10,0.0,0.0,2.5,wave,2098,27,11,0.22688274547187798,False
9,3,11,0.0,0.0,2.5,wave,2083,27,13,0.23091694671147384,False
9,3,12,0.0,0.0,2.5,wave,2054,24,9,0.23417721518987342,False
9,3,13,0.0,0.0,2.5,wave,2023,17,5,0.23826000988630747,False
9,3,14,0.0,0.0,2.5,wave,1989,17,7,0.24233283056812469,False
9,3,15,0.0,0.0,2.5,wave,1968,18,12,0.2459349593495935,False
9,3,16,0.0,0.0,2.5,wave,1929,15,9,0.24935199585277346,False
9,3,17,0.0,0.0,2.5,wave,1903,10,2,0.2501313715186548,False
9,3,18,0.0,0.0,2.5,wave,4373,8,3,0.1095357877887034,False
9,3,19,0.0,0.0,2.5,wave,4284,16,6,0.111577964519141,False
9,3,20,0.0,0.0,2.5,wave,4188,16,4,0.11389684813753581,False
9,3,21,0.0,0.0,2.5,wave,4081,16,4,0.11688311688311688,False
9,3,22,0.0,0.0,2.5,wave,3981,17,4,0.12032152725445867,False
9,3,23,0.0,0.0,2.5,wave,3870,19,6,0.1248062015503876,False
9,3,24,0.0,0.0,2.5,wave,3778,33,9,0.12784542085759662,False
9,3,25,0.0,0.0,2.5,wave,3683,31,11,0.13114308987238665,False
9,3,26,0.0,0.0,2.5,wave,3576,33,8,0.13562639821029082,False
9,3,27,0.0,0.0,2.5,wave,3495,29,9,0.13819742489270387,False
9,3,28,0.0,0.0,2.5,wave,3424,35,17,0.14281542056074767,False
9,3,29,0.0,0.0,2.5,wave,3362,40,16,0.14604402141582393,False
9,3,30,0.0,0.0,2.5,wave,3301,37,12,0.14631929718267192,False
9,3,31,0.0,0.0,2.5,wave,3211,35,15,0.14824042354406727,False
9,3,32,0.0,0.0,2.5,wave,3125,36,18,0.15328,False
9,3,33,0.0,0.0,2.5,wave,3045,35,15,0.15862068965517243,False
9,3,34,0.0,0.0,2.5,wave,2953,31,11,0.16254656281747376,False
9,3,35,0.0,0.0,2.5,wave,2903,34,11,0.1670685497760937,False
9,3,36,0.0,0.0,2.5,wave,2819,41,11,0.16885420361830436,False
9,3,37,0.0,0.0,2.5,wave,2757,36,13,0.17265143271672106,False
9,3,38,0.0,0.0,2.5,wave,2716,38,15,0.17415316642120765,False
9,3,39,0.0,0.0,2.5,wave,2669,40,12,0.17609591607343575,False
9,3,40,0.0,0.0,2.5,wave,2630,39,12,0.17832699619771863,False
9,3,41,0.0,0.0,2.5,wave,2604,38,17,0.18317972350230416,False
9,3,42,0.0,0.0,2.5,wave,2550,37,19,0.18627450980392157,False
9,3,43,0.0,0.0,2.5,wave,2729,35,14,0.2304873580065958,False
9,3,44,0.0,0.0,2.5,wave,2595,28,11,0.2161849710982659,False
9,3,45,0.0,0.0,2.5,wave,2582,24,8,0.21766072811773818,False
9,3,46,0.0,0.0,2.5,wave,2534,20,8,0.21862667719021311,False
9,3,47,0.0,0.0,2.5,wave,2513,19,6,0.2200557103064067,False
9,3,48,0.0,0.0,2.5,wave,2468,15,8,0.22163695299837927,False
9,3,49,0.0,0.0,2.5,wave,2447,16,9,0.2251736820596649,False
9,3,50,0.0,0.0,2.5,wave,2427,13,4,0.22991347342398022,False
9,3,51,0.0,0.0,2.5,wave,2404,10,4,0.23502495840266224,False
9,3,52,0.0,0.0,2.5,wave,2360,13,4,0.23389830508474577,False
9,4,1,0.0,0.0,2.5,wave,2327,12,5,0.23592608508809626,False
9,4,2,0.0,0.0,2.5,wave,2309,12,6,0.23949761801645733,False
9,4,3,0.0,0.0,2.5,wave,2272,9,2,0.24119718309859156,False
9,4,4,0.0,0.0,2.5,wave,2252,7,4,0.24467140319715808,False
9,4,5,0.0,0.0,2.5,wave,2230,7,5,0.24708520179372198,False
9,4,6,0.0,0.0,2.5,wave,2192,4,2,0.25045620437956206,False
9,4,7,0.0,0.0,2.5,wave,2177,3,3,0.2549379880569591,False
9,4,8,0.0,0.0,2.5,wave,2151,1,1,0.2547652254765225,False
9,4,9,0.0,0.0,2.5,wave,2119,0,0,0.2586125530910807,True
9,4,10,0.0,0.0,2.5,wave,2092,0,0,0.2605162523900574,True
9,4,11,0.0,0.0,2.5,wave,2076,0,0,0.26011560693641617,True
9,4,12,0.0,0.0,2.5,wave,2043,0,0,0.2643171806167401,True
9,4,13,0.0,0.0,2.5,wave,2003,0,0,0.26660009985022465,True
9,4,14,0.0,0.0,2.5,wave,1997,0,0,0.2669003505257887,True
9,4,15,0.0,0.0,2.5,wave,1979,0,0,0.2678120262758969,True
9,4,16,0.0,0.0,2.5,wave,1956,0,0,0.2724948875255624,True
9,4,17,0.0,0.0,2.5,wave,1941,0,0,0.2725399278722308,True
9,4,18,0.0,0.0,2.5,wave,4119,0,0,0.12988589463462005,True
9,4,19,0.0,0.0,2.5,wave,4056,0,0,0.13239644970414202,True
9,4,20,0.0,0.0,2.5,wave,3958,0,0,0.13592723597776654,True
9,4,21,0.0,0.0,2.5,wave,3891,0,0,0.1385248008224107,True
9,4,22,0.0,0.0,2.5,wave,3809,0,0,0.14334470989761092,True
9,4,23,0.0,0.0,2.5,wave,3736,0,0,0.14614561027837258,True
9,4,24,0.0,0.0,2.5,wave,3683,0,0,0.1474341569372794,True
9,4,25,0.0,0.0,2.5,wave,3627,0,0,0.15164047422111937,True
9,4,26,0.0,0.0,2.5,wave,3555,0,0,0.15330520393811534,True
9,4,27,0.0,0.0,2.5,wave,3471,0,0,0.15672716796312303,True
9,4,28,0.0,0.0,2.5,wave,3378,0,0,0.16133806986382473,True
9,4,29,0.0,0.0,2.5,wave,3322,0,0,0.1646598434677905,True
9,4,30,0.0,0.0,2.5,wave,3274,0,0,0.16585216860109958,True
9,4,31,0.0,0.0,2.5,wave,3217,0,0,0.16910164749766862,True
9,4,32,0.0,0.0,2.5,wave,3173,0,0,0.1714465805231642,True
9,4,33,0.0,0.0,2.5,wave,3102,0,0,0.1718246292714378,True
9,4,34,0.0,0.0,2.5,wave,3033,0,0,0.1754038905374217,True
9,4,35,0.0,0.0,2.5,wave,2965,0,0,0.178752107925801,True
9,4,36,0.0,0.0,2.5,wave,2930,0,0,0.18156996587030716,True
9,4,37,0.0,0.0,2.5,wave,2864,0,0,0.18365921787709497,True
9,4,38,0.0,0.0,2.5,wave,2836,0,0,0.18300423131170662,True
9,4,39,0.0,0.0,2.5,wave,2794,0,0,0.18503937007874016,True
9,4,40,0.0,0.0,2.5,wave,2748,0,0,0.18777292576419213,True
9,4,41,0.0,0.0,2.5,wave,2734,0,0,0.19092904169714703,True
9,4,42,0.0,0.0,2.5,wave,2707,0,0,0.19209456963428148,True
9,4,43,0.0,0.0,2.5,wave,2906,0,0,0.2339986235375086,True
9,4,44,0.0,0.0,2.5,wave,2805,0,0,0.22424242424242424,True
9,4,45,0.0,0.0,2.5,wave,2766,0,0,0.225234996384671,True
9,4,46,0.0,0.0,2.5,wave,2728,0,0,0.22727272727272727,True
9,4,47,0.0,0.0,2.5,wave,2687,0,0,0.22553033122441385,True
9,4,48,0.0,0.0,2.5,wave,2668,0,0,0.22863568215892055,True
9,4,49,0.0,0.0,2.5,wave,2641,0,0,0.22945853843241196,True
9,4,50,0.0,0.0,2.5,wave,2624,0,0,0.23780487804878048,True
9,4,51,0.0,0.0,2.5,wave,2600,0,0,0.24307692307692308,True
9,4,52,0.0,0.0,2.5,wave,2569,0,0,0.24367458154924096,True
9,5,1,0.0,0.0,2.5,wave,2559,0,0,0.24814380617428683,True
9,5,2,0.0,0.0,2.5,wave,2532,0,0,0.24921011058451817,True
9,5,3,0.0,0.0,2.5,wave,2509,0,0,0.2510960542048625,True
9,5,4,0.0,0.0,2.5,wave,2477,0,0,0.2531287848203472,True
9,5,5,0.0,0.0,2.5,wave,2446,0,0,0.2530662305805397,True
9,5,6,0.0,0.0,2.5,wave,2428,0,0,0.2582372322899506,True
9,5,7,0.0,0.0,2.5,wave,2397,0,0,0.2590738423028786,True
9,5,8,0.0,0.0,2.5,wave,2379,0,0,0.26313577133249266,True
9,5,9,0.0,0.0,2.5,wave,2360,0,0,0.2690677966101695,True
9,5,10,0.0,0.0,2.5,wave,2345,0,0,0.27078891257995735,True
9,5,11,0.0,0.0,2.5,wave,2314,0,0,0.27095937770095074,True
9,5,12,0.0,0.0,2.5,wave,2284,0,0,0.27189141856392296,True
9,5,13,0.0,0.0,2.5,wave,2261,0,0,0.27288810260946483,True
9,5,14,0.0,0.0,2.5,wave,2259,0,0,0.2788844621513944,True
9,5,15,0.0,0.0,2.5,wave,2239,0,0,0.2795891022778026,True
9,5,16,0.0,0.0,2.5,wave,2228,0,0,0.28545780969479356,True
9,5,17,0.0,0.0,2.5,wave,2217,0,0,0.2882273342354533,True
9,5,18,0.0,0.0,2.5,wave,4768,0,0,0.13758389261744966,True
9,5,19,0.0,0.0,2.5,wave,4706,0,0,0.13960900977475563,True
9,5,20,0.0,0.0,2.5,wave,4637,0,0,0.14211774854431744,True
9,5,21,0.0,0.0,2.5,wave,4546,0,0,0.14540255169379673,True
9,5,22,0.0,0.0,2.5,wave,4477,0,0,0.15077060531605987,True
9,5,23,0.0,0.0,2.5,wave,4454,0,0,0.15581499775482713,True
9,5,24,0.0,0.0,2.5,wave,4363,0,0,0.1631904652761861,True
9,5,25,0.0,0.0,2.5,wave,4288,0,0,0.16487873134328357,True
9,5,26,0.0,0.0,2.5,wave,4223,0,0,0.16670613308074828,True
9,5,27,0.0,0.0,2.5,wave,4144,0,0,0.17036679536679536,True
9,5,28,0.0,0.0,2.5,wave,4084,0,0,0.17482859941234083,True
9,5,29,0.0,0.0,2.5,wave,4032,0,0,0.1800595238095238,True
9,5,30,0.0,0.0,2.5,wave,3958,0,0,0.18292066700353715,True
9,5,31,0.0,0.0,2.5,wave,3895,0,0,0.18818998716302954,True
9,5,32,0.0,0.0,2.5,wave,3794,0,0,0.19056404849762784,True
9,5,33,0.0,0.0,2.5,wave,3705,0,0,0.19541160593792173,True
9,5,34,0.0,0.0,2.5,wave,3611,0,0,0.19939075048463029,True
9,5,35,0.0,0.0,2.5,wave,3525,0,0,0.20397163120567377,True
9,5,36,0.0,0.0,2.5,wave,3455,0,0,0.20694645441389292,True
9,5,37,0.0,0.0,2.5,wave,3407,0,0,0.20956853536835926,True
9,5,38,0.0,0.0,2.5,wave,3348,0,0,0.21176821983273597,True
9,5,39,0.0,0.0,2.5,wave,3320,0,0,0.21686746987951808,True
9,5,40,0.0,0.0,2.5,wave,3277,0,0,0.2181873664937443,True
9,5,41,0.0,0.0,2.5,wave,3243,0,0,0.221399938328708,True
9,5,42,0.0,0.0,2.5,wave,3207,0,0,0.22326161521671345,True
9,5,43,0.0,0.0,2.5,wave,3270,0,0,0.24281345565749235,True
9,5,44,0.0,0.0,2.5,wave,3153,0,0,0.23120837297811608,True
9,5,45,0.0,0.0,2.5,wave,3118,0,0,0.231879409878127,True
9,5,46,0.0,0.0,2.5,wave,3091,0,0,0.2303461662892268,True
9,5,47,0.0,0.0,2.5,wave,3081,0,0,0.23466407010710807,True
9,5,48,0.0,0.0,2.5,wave,3060,0,0,0.24183006535947713,True
9,5,49,0.0,0.0,2.5,wave,3028,0,0,0.24108322324966974,True
9,5,50,0.0,0.0,2.5,wave,3002,0,0,0.24383744170552965,True
9,5,51,0.0,0.0,2.5,wave,2988,0,0,0.24832663989290496,True
9,5,52,0.0,0.0,2.5,wave,2934,0,0,0.250852079072938,True
9,6,1,0.0,0.0,2.5,wave,2878,0,0,0.2543432939541348,True
9,6,2,0.0,0.0,2.5,wave,2833,0,0,0.25661842569714083,True
9,6,3,0.0,0.0,2.5,wave,2801,0,0,0.25812209925026774,True
9,6,4,0.0,0.0,2.5,wave,2774,0,0,0.25630857966834897,True
9,6,5,0.0,0.0,2.5,wave,2736,0,0,0.2595029239766082,True
9,6,6,0.0,0.0,2.5,wave,2698,0,0,0.2635285396590067,True
9,6,7,0.0,0.0,2.5,wave,2658,0,0,0.2689992475545523,True
9,6,8,0.0,0.0,2.5,wave,2631,0,0,0.2694792854427974,True
9,6,9,0.0,0.0,2.5,wave,2613,0,0,0.269804822043628,True
9,6,10,0.0,0.0,2.5,wave,2584,0,0,0.26973684210526316,True
9,6,11,0.0,0.0,2.5,wave,2558,0,0,0.2752150117279124,True
9,6,12,0.0,0.0,2.5,wave,2539,0,0,0.2776683733753446,True
9,6,13,0.0,0.0,2.5,wave,2502,0,0,0.27857713828936853,True
9,6,14,0.0,0.0,2.5,wave,2494,0,0,0.2806736166800321,True
9,6,15,0.0,0.0,2.5,wave,2479,0,0,0.28680919725695847,True
9,6,16,0.0,0.0,2.5,wave,2456,0,0,0.28786644951140067,True
9,6,17,0.0,0.0,2.5,wave,2441,0,0,0.2904547316673494,True
9,6,18,0.0,0.0,2.5,wave,5189,0,0,0.13509346694931587,True
9,6,19,0.0,0.0,2.5,wave,5104,0,0,0.13832288401253917,True
9,6,20,0.0,0.0,2.5,wave,5039,0,0,0.1438777535225243,True
9,6,21,0.0,0.0,2.5,wave,4954,0,0,0.14715381509890998,True
9,6,22,0.0,0.0,2.5,wave,4848,0,0,0.15408415841584158,True
9,6,23,0.0,0.0,2.5,wave,4787,0,0,0.15521203258825986,True
9,6,24,0.0,0.0,2.5,wave,4674,0,0,0.15960633290543433,True
9,6,25,0.0,0.0,2.5,wave,4596,0,0,0.16057441253263707,True
9,6,26,0.0,0.0,2.5,wave,4518,0,0,0.16600265604249667,True
9,6,27,0.0,0.0,2.5,wave,4441,0,0,0.1686557081738347,True
9,6,28,0.0,0.0,2.5,wave,4368,0,0,0.1742216117216117,True
9,6,29,0.0,0.0,2.5,wave,4265,0,0,0.17842907385697537,True
9,6,30,0.0,0.0,2.5,wave,4183,0,0,0.1797752808988764,True
9,6,31,0.0,0.0,2.5,wave,4094,0,0,0.18221787982413287,True
9,6,32,0.0,0.0,2.5,wave,4024,0,0,0.18737574552683897,True
9,6,33,0.0,0.0,2.5,wave,3955,0,0,0.1911504424778761,True
9,6,34,0.0,0.0,2.5,wave,3883,0,0,0.19366469224826166,True
9,6,35,0.0,0.0,2.5,wave,3827,0,0,0.1957146590018291,True
9,6,36,0.0,0.0,2.5,wave,3779,0,0,0.2003175443238952,True
9,6,37,0.0,0.0,2.5,wave,3710,0,0,0.2018867924528302,True
9,6,38,0.0,0.0,2.5,wave,3658,0,0,0.20366320393657736,True
9,6,39,0.0,0.0,2.5,wave,3616,0,0,0.20575221238938052,True
9,6,40,0.0,0.0,2.5,wave,3574,0,0,0.20900951315053162,True
9,6,41,0.0,0.0,2.5,wave,3535,0,0,0.21301272984441302,True
9,6,42,0.0,0.0,2.5,wave,3479,0,0,0.2152917505030181,True
9,6,43,0.0,0.0,2.5,wave,3560,0,0,0.2443820224719101,True
9,6,44,0.0,0.0,2.5,wave,3479,0,0,0.2405863753952285,True
9,6,45,0.0,0.0,2.5,wave,3423,0,0,0.2331288343558282,True
9,6,46,0.0,0.0,2.5,wave,3360,0,0,0.2369047619047619,True
9,6,47,0.0,0.0,2.5,wave,3313,0,0,0.23936009658919408,True
9,6,48,0.0,0.0,2.5,wave,3278,0,0,0.24527150701647346,True
9,6,49,0.0,0.0,2.5,wave,3222,0,0,0.24239602731222842,True
9,6,50,0.0,0.0,2.5,wave,3198,0,0,0.2442151344590369,True
9,6,51,0.0,0.0,2.5,wave,3171,0,0,0.24850204982655313,True
9,6,52,0.0,0.0,2.5,wave,3156,0,0,0.25063371356147024,True
9,7,1,0.0,0.0,2.5,wave,3150,0,0,0.25396825396825395,True
9,7,2,0.0,0.0,2.5,wave,3121,0,0,0.25696892021787887,True
9,7,3,0.0,0.0,2.5,wave,3088,0,0,0.25906735751295334,True
9,7,4,0.0,0.0,2.5,wave,3052,0,0,0.2601572739187418,True
9,7,5,0.0,0.0,2.5,wave,3017,0,0,0.263175339741465,True
9,7,6,0.0,0.0,2.5,wave,2991,0,0,0.2651287194918088,True
9,7,7,0.0,0.0,2.5,wave,2966,0,0,0.26871207012811865,True
9,7,8,0.0,0.0,2.5,wave,2927,0,0,0.27126750939528527,True
9,7,9,0.0,0.0,2.5,wave,2907,0,0,0.27210182318541454,True
9,7,10,0.0,0.0,2.5,wave,2867,0,0,0.2745029647715382,True
9,7,11,0.0,0.0,2.5,wave,2832,0,0,0.2757768361581921,True
9,7,12,0.0,0.0,2.5,wave,2795,0,0,0.27584973166368515,True
9,7,13,0.0,0.0,2.5,wave,2771,0,0,0.277878022374594,True
9,7,14,0.0,0.0,2.5,wave,2740,0,0,0.27846715328467153,True
9,7,15,0.0,0.0,2.5,wave,2723,0,0,0.28094013955196473,True
9,7,16,0.0,0.0,2.5,wave,2684,0,0,0.2809239940387481,True
9,7,17,0.0,0.0,2.5,wave,2659,0,0,0.2843174125611132,True
9,7,18,0.0,0.0,2.5,wave,5674,0,0,0.13288685230877686,True
9,7,19,0.0,0.0,2.5,wave,5577,0,0,0.13448090371167296,True
9,7,20,0.0,0.0,2.5,wave,5490,0,0,0.1384335154826958,True
9,7,21,0.0,0.0,2.5,wave,5371,0,0,0.1416868367156954,True
9,7,22,0.0,0.0,2.5,wave,5275,0,0,0.14502369668246445,True
9,7,23,0.0,0.0,2.5,wave,5156,0,0,0.14934057408844065,True
9,7,24,0.0,0.0,2.5,wave,5071,0,0,0.1526326168408598,True
9,7,25,0.0,0.0,2.5,wave,4947,0,0,0.156660602385284,True
9,7,26,0.0,0.0,2.5,wave,4849,0,0,0.15797071561146628,True
9,7,27,0.0,0.0,2.5,wave,4734,0,0,0.16096324461343473,True
9,7,28,0.0,0.0,2.5,wave,4618,0,0,0.16414032048505847,True
9,7,29,0.0,0.0,2.5,wave,4524,0,0,0.16821396993810786,True
9,7,30,0.0,0.0,2.5,wave,4425,0,0,0.1726553672316384,True
9,7,31,0.0,0.0,2.5,wave,4370,0,0,0.17528604118993135,True
9,7,32,0.0,0.0,2.5,wave,4273,0,0,0.1790311256728294,True
9,7,33,0.0,0.0,2.5,wave,4153,0,0,0.18420418974235492,True
9,7,34,0.0,0.0,2.5,wave,4075,0,0,0.1879754601226994,True
9,7,35,0.0,0.0,2.5,wave,3989,0,0,0.19252945600401103,True
9,7,36,0.0,0.0,2.5,wave,3909,0,0,0.19493476592478895,True
9,7,37,0.0,0.0,2.5,wave,3859,0,0,0.19590567504534853,True
9,7,38,0.0,0.0,2.5,wave,3805,0,0,0.19868593955321945,True
9,7,39,0.0,0.0,2.5,wave,3754,0,0,0.19925412892914224,True
9,7,40,0.0,0.0,2.5,wave,3710,0,0,0.20215633423180593,True
9,7,41,0.0,0.0,2.5,wave,3683,0,0,0.2033668205267445,True
9,7,42,0.0,0.0,2.5,wave,3639,0,0,0.20500137400384721,True
9,7,43,0.0,0.0,2.5,wave,3738,0,0,0.23006955591225253,True
9,7,44,0.0,0.0,2.5,wave,3639,0,0,0.22588623248145095,True
9,7,45,0.0,0.0,2.5,wave,3587,0,0,0.22358516866462225,True
9,7,46,0.0,0.0,2.5,wave,3557,0,0,0.21956705088557774,True
9,7,47,0.0,0.0,2.5,wave,3518,0,0,0.22256964184195566,True
9,7,48,0.0,0.0,2.5,wave,3498,0,0,0.22412807318467695,True
9,7,49,0.0,0.0,2.5,wave,3461,0,0,0.2262351921409997,True
9,7,50,0.0,0.0,2.5,wave,3443,0,0,0.2285797269822829,True
9,7,51,0.0,0.0,2.5,wave,3396,0,0,0.22820965842167257,True
9,7,52,0.0,0.0,2.5,wave,3383,0,0,0.23440733077150458,True
9,8,1,0.0,0.0,2.5,wave,3333,0,0,0.23492349234923493,True
9,8,2,0.0,0.0,2.5,wave,3299,0,0,0.23825401636859656,True
9,8,3,0.0,0.0,2.5,wave,3254,0,0,0.24185617701290718,True
9,8,4,0.0,0.0,2.5,wave,3209,0,0,0.24555936428794017,True
9,8,5,0.0,0.0,2.5,wave,3180,0,0,0.2512578616352201,True
9,8,6,0.0,0.0,2.5,wave,3133,0,0,0.25247366741142674,True
9,8,7,0.0,0.0,2.5,wave,3105,0,0,0.25442834138486314,True
9,8,8,0.0,0.0,2.5,wave,3066,0,0,0.25668623613829095,True
9,8,9,0.0,0.0,2.5,wave,3027,0,0,0.25933267261314835,True
9,8,10,0.0,0.0,2.5,wave,2994,0,0,0.26285905143620575,True
9,8,11,0.0,0.0,2.5,wave,2971,0,0,0.26523056210030294,True
9,8,12,0.0,0.0,2.5,wave,2940,0,0,0.2673469387755102,True
9,8,13,0.0,0.0,2.5,wave,2890,0,0,0.26920415224913496,True
9,8,14,0.0,0.0,2.5,wave,2855,0,0,0.27180385288966724,True
9,8,15,0.0,0.0,2.5,wave,2816,0,0,0.27592329545454547,True
9,8,16,0.0,0.0,2.5,wave,2792,0,0,0.2786532951289398,True
9,8,17,0.0,0.0,2.5,wave,2769,0,0,0.28205128205128205,True
9,8,18,0.0,0.0,2.5,wave,6151,0,0,0.1268086490001626,True
9,8,19,0.0,0.0,2.5,wave,6056,0,0,0.12929326287978865,True
9,8,20,0.0,0.0,2.5,wave,5943,0,0,0.13208817095742892,True
9,8,21,0.0,0.0,2.5,wave,5836,0,0,0.13639479095270735,True
9,8,22,0.0,0.0,2.5,wave,5711,0,0,0.14008054631413064,True
9,8,23,0.0,0.0,2.5,wave,5591,0,0,0.14272938651404043,True
9,8,24,0.0,0.0,2.5,wave,5493,0,0,0.1465501547423994,True
9,8,25,0.0,0.0,2.5,wave,5388,0,0,0.1516332590942836,True
9,8,26,0.0,0.0,2.5,wave,5288,0,0,0.1531770045385779,True
9,8,27,0.0,0.0,2.5,wave,5194,0,0,0.15594917212167886,True
9,8,28,0.0,0.0,2.5,wave,5082,0,0,0.15859897678079496,True
9,8,29,0.0,0.0,2.5,wave,4957,0,0,0.1623966108533387,True
9,8,30,0.0,0.0,2.5,wave,4888,0,0,0.1671440261865794,True
9,8,31,0.0,0.0,2.5,wave,4762,0,0,0.17072658546829064,True
9,8,32,0.0,0.0,2.5,wave,4665,0,0,0.17384780278670953,True
9,8,33,0.0,0.0,2.5,wave,4601,0,0,0.17648337317974352,True
9,8,34,0.0,0.0,2.5,wave,4509,0,0,0.18208028387669106,True
9,8,35,0.0,0.0,2.5,wave,4410,0,0,0.1873015873015873,True
9,8,36,0.0,0.0,2.5,wave,4363,0,0,0.1893192757277103,True
9,8,37,0.0,0.0,2.5,wave,4296,0,0,0.1904096834264432,True
9,8,38,0.0,0.0,2.5,wave,4254,0,0,0.19346497414198402,True
9,8,39,0.0,0.0,2.5,wave,4200,0,0,0.19595238095238096,True
9,8,40,0.0,0.0,2.5,wave,4147,0,0,0.19821557752592237,True
9,8,41,0.0,0.0,2.5,wave,4112,0,0,0.20233463035019456,True
9,8,42,0.0,0.0,2.5,wave,4061,0,0,0.20536813592711156,True
9,8,43,0.0,0.0,2.5,wave,4210,0,0,0.234916864608076,True
9,8,44,0.0,0.0,2.5,wave,4090,0,0,0.22836185819070903,True
9,8,45,0.0,0.0,2.5,wave,4023,0,0,0.22619935371613223,True
9,8,46,0.0,0.0,2.5,wave,3997,0,0,0.2271703777833375,True
9,8,47,0.0,0.0,2.5,wave,3974,0,0,0.22873678912934073,True
9,8,48,0.0,0.0,2.5,wave,3929,0,0,0.2313565792822601,True
9,8,49,0.0,0.0,2.5,wave,3873,0,0,0.23392718822618125,True
9,8,50,0.0,0.0,2.5,wave,3816,0,0,0.23715932914046123,True
9,8,51,0.0,0.0,2.5,wave,3783,0,0,0.24028548770816813,True
9,8,52,0.0,0.0,2.5,wave,3741,0,0,0.24458700882117082,True
9,9,1,0.0,0.0,2.5,wave,3697,0,0,0.2453340546388964,True
9,9,2,0.0,0.0,2.5,wave,3645,0,0,0.24663923182441702,True
9,9,3,0.0,0.0,2.5,wave,3615,0,0,0.2492392807745505,True
9,9,4,0.0,0.0,2.5,wave,3559,0,0,0.2511941556617027,True
9,9,5,0.0,0.0,2.5,wave,3535,0,0,0.2543140028288543,True
9,9,6,0.0,0.0,2.5,wave,3500,0,0,0.2571428571428571,True
9,9,7,0.0,0.0,2.5,wave,3459,0,0,0.26076900838392597,True
9,9,8,0.0,0.0,2.5,wave,3424,0,0,0.26343457943925236,True
9,9,9,0.0,0.0,2.5,wave,3395,0,0,0.26568483063328424,True
9,9,10,0.0,0.0,2.5,wave,3353,0,0,0.26871458395466746,True
9,9,11,0.0,0.0,2.5,wave,3325,0,0,0.2706766917293233,True
9,9,12,0.0,0.0,2.5,wave,3294,0,0,0.2735276259866424,True
9,9,13,0.0,0.0,2.5,wave,3259,0,0,0.2773857011353176,True
9,9,14,0.0,0.0,2.5,wave,3233,0,0,0.2789978348283328,True
9,9,15,0.0,0.0,2.5,wave,3203,0,0,0.28004995316890413,True
9,9,16,0.0,0.0,2.5,wave,3175,0,0,0.2815748031496063,True
9,9,17,0.0,0.0,2.5,wave,3140,0,0,0.28503184713375795,True
9,9,18,0.0,0.0,2.5,wave,6295,0,0,0.1301032565528197,True
9,9,19,0.0,0.0,2.5,wave,6164,0,0,0.13205710577547047,True
9,9,20,0.0,0.0,2.5,wave,6058,0,0,0.1338725652030373,True
9,9,21,0.0,0.0,2.5,wave,5925,0,0,0.1380590717299578,True
9,9,22,0.0,0.0,2.5,wave,5797,0,0,0.14145247541831982,True
9,9,23,0.0,0.0,2.5,wave,5649,0,0,0.14374225526641884,True
9,9,24,0.0,0.0,2.5,wave,5580,0,0,0.14623655913978495,True
9,9,25,0.0,0.0,2.5,wave,5497,0,0,0.1491722757867928,True
9,9,26,0.0,0.0,2.5,wave,5399,0,0,0.15225041674384146,True
9,9,27,0.0,0.0,2.5,wave,5305,0,0,0.15589066918001884,True
9,9,28,0.0,0.0,2.5,wave,5216,0,0,0.1575920245398773,True
9,9,29,0.0,0.0,2.5,wave,5110,0,0,0.15968688845401174,True
9,9,30,0.0,0.0,2.5,wave,5008,0,0,0.16353833865814696,True
9,9,31,0.0,0.0,2.5,wave,4900,0,0,0.16612244897959183,True
9,9,32,0.0,0.0,2.5,wave,4810,0,0,0.16923076923076924,True
9,9,33,0.0,0.0,2.5,wave,4719,0,0,0.1720703538885357,True
9,9,34,0.0,0.0,2.5,wave,4620,0,0,0.17575757575757575,True
9,9,35,0.0,0.0,2.5,wave,4544,0,0,0.17891725352112675,True
9,9,36,0.0,0.0,2.5,wave,4451,0,0,0.1835542574702314,True
9,9,37,0.0,0.0,2.5,wave,4388,0,0,0.18778486782133091,True
9,9,38,0.0,0.0,2.5,wave,4335,0,0,0.19100346020761247,True
9,9,39,0.0,0.0,2.5,wave,4286,0,0,0.19272048530097993,True
9,9,40,0.0,0.0,2.5,wave,4238,0,0,0.19561113732892874,True
9,9,41,0.0,0.0,2.5,wave,4194,0,0,0.19814020028612303,True
9,9,42,0.0,0.0,2.5,wave,4144,0,0,0.20053088803088803,True
9,9,43,0.0,0.0,2.5,wave,4309,0,0,0.23369691343699234,True
9,9,44,0.0,0.0,2.5,wave,4185,0,0,0.22532855436081242,True
9,9,45,0.0,0.0,2.5,wave,4129,0,0,0.22257205134415112,True
9,9,46,0.0,0.0,2.5,wave,4084,0,0,0.22135161606268364,True
9,9,47,0.0,0.0,2.5,wave,4062,0,0,0.22328902018709995,True
9,9,48,0.0,0.0,2.5,wave,4012,0,0,0.2265702891326022,True
9,9,49,0.0,0.0,2.5,wave,3964,0,0,0.2288092835519677,True
9,9,50,0.0,0.0,2.5,wave,3913,0,0,0.23179146434960388,True
9,9,51,0.0,0.0,2.5,wave,3887,0,0,0.2343709801903782,True
9,9,52,0.0,0.0,2.5,wave,3826,0,0,0.23706220595922634,True
9,10,1,0.0,0.0,2.5,wave,3786,0,0,0.24009508716323297,True
9,10,2,0.0,0.0,2.5,wave,3751,0,0,0.2412689949346841,True
9,10,3,0.0,0.0,2.5,wave,3707,0,0,0.24386296196385218,True
9,10,4,0.0,0.0,2.5,wave,3663,0,0,0.24651924651924653,True
9,10,5,0.0,0.0,2.5,wave,3627,0,0,0.24979321753515302,True
9,10,6,0.0,0.0,2.5,wave,3584,0,0,0.25362723214285715,True
9,10,7,0.0,0.0,2.5,wave,3553,0,0,0.255840135097101,True
9,10,8,0.0,0.0,2.5,wave,3521,0,0,0.2575972735018461,True
9,10,9,0.0,0.0,2.5,wave,3494,0,0,0.2590154550658271,True
9,10,10,0.0,0.0,2.5,wave,3456,0,0,0.2630208333333333,True
9,10,11,0.0,0.0,2.5,wave,3422,0,0,0.266218585622443,True
9,10,12,0.0,0.0,2.5,wave,3378,0,0,0.2687981053878034,True
9,10,13,0.0,0.0,2.5,wave,3349,0,0,0.26963272618692147,True
9,10,14,0.0,0.0,2.5,wave,3319,0,0,0.26996083157577583,True
9,10,15,0.0,0.0,2.5,wave,3281,0,0,0.27308747333130146,True
9,10,16,0.0,0.0,2.5,wave,3246,0,0,0.273875539125077,True
9,10,17,0.0,0.0,2.5,wave,3210,0,0,0.2766355140186916,True
9,10,18,0.0,0.0,2.5,wave,7086,0,0,0.11896697713801863,True
9,10,19,0.0,0.0,2.5,wave,6976,0,0,0.12112958715596331,True
9,10,20,0.0,0.0,2.5,wave,6851,0,0,0.12377755072252226,True
9,10,21,0.0,0.0,2.5,wave,6693,0,0,0.1265501269983565,True
9,10,22,0.0,0.0,2.5,wave,6570,0,0,0.13028919330289193,True
9,10,23,0.0,0.0,2.5,wave,6454,0,0,0.13418035326929037,True
9,10,24,0.0,0.0,2.5,wave,6318,0,0,0.13786008230452676,True
9,10,25,0.0,0.0,2.5,wave,6195,0,0,0.1410815173527038,True
9,10,26,0.0,0.0,2.5,wave,6113,0,0,0.1446098478652053,True
9,10,27,0.0,0.0,2.5,wave,5995,0,0,0.14745621351125937,True
9,10,28,0.0,0.0,2.5,wave,5916,0,0,0.15077755240027046,True
9,10,29,0.0,0.0,2.5,wave,5824,0,0,0.15350274725274726,True
9,10,30,0.0,0.0,2.5,wave,5727,0,0,0.15592806006635238,True
9,10,31,0.0,0.0,2.5,wave,5616,0,0,0.1590099715099715,True
9,10,32,0.0,0.0,2.5,wave,5498,0,0,0.16114950891233176,True
9,10,33,0.0,0.0,2.5,wave,5406,0,0,0.16444691083980761,True
9,10,34,0.0,0.0,2.5,wave,5286,0,0,0.16647748770336737,True
9,10,35,0.0,0.0,2.5,wave,5176,0,0,0.16827666151468315,True
9,10,36,0.0,0.0,2.5,wave,5085,0,0,0.17089478859390364,True
9,10,37,0.0,0.0,2.5,wave,4997,0,0,0.174504702821693,True
9,10,38,0.0,0.0,2.5,wave,4927,0,0,0.17657803937487315,True
9,10,39,0.0,0.0,2.5,wave,4865,0,0,0.18006166495375128,True
9,10,40,0.0,0.0,2.5,wave,4799,0,0,0.1823296520108356,True
9,10,41,0.0,0.0,2.5,wave,4739,0,0,0.1852711542519519,True
9,10,42,0.0,0.0,2.5,wave,4684,0,0,0.1885140905209223,True
9,10,43,0.0,0.0,2.5,wave,4850,0,0,0.21876288659793813,True
9,10,44,0.0,0.0,2.5,wave,4699,0,0,0.2098318791232177,True
9,10,45,0.0,0.0,2.5,wave,4639,0,0,0.21125242509161457,True
9,10,46,0.0,0.0,2.5,wave,4572,0,0,0.21172353455818022,True
9,10,47,0.0,0.0,2.5,wave,4557,0,0,0.21593153390388414,True
9,10,48,0.0,0.0,2.5,wave,4516,0,0,0.2187776793622675,True
9,10,49,0.0,0.0,2.5,wave,4489,0,0,0.22388059701492538,True
9,10,50,0.0,0.0,2.5,wave,4438,0,0,0.2278053177106805,True
9,10,51,0.0,0.0,2.5,wave,4391,0,0,0.2302436802550672,True
9,10,52,0.0,0.0,2.5,wave,4351,0,0,0.23236037692484487,True
9,11,1,0.0,0.0,2.5,wave,4305,0,0,0.23391405342624855,True
9,11,2,0.0,0.0,2.5,wave,4250,0,0,0.23811764705882352,True
9,11,3,0.0,0.0,2.5,wave,4186,0,0,0.24199713330148112,True
9,11,4,0.0,0.0,2.5,wave,4141,0,0,0.24197053851726635,True
9,11,5,0.0,0.0,2.5,wave,4100,0,0,0.24341463414634146,True
9,11,6,0.0,0.0,2.5,wave,4060,0,0,0.2458128078817734,True
9,11,7,0.0,0.0,2.5,wave,4019,0,0,0.24707638716098532,True
9,11,8,0.0,0.0,2.5,wave,3978,0,0,0.248868778280543,True
9,11,9,0.0,0.0,2.5,wave,3931,0,0,0.24980920885270924,True
9,11,10,0.0,0.0,2.5,wave,3883,0,0,0.25289724439866085,True
9,11,11,0.0,0.0,2.5,wave,3846,0,0,0.2550702028081123,True
9,11,12,0.0,0.0,2.5,wave,3795,0,0,0.258498023715415,True
9,11,13,0.0,0.0,2.5,wave,3760,0,0,0.2611702127659574,True
9,11,14,0.0,0.0,2.5,wave,3712,0,0,0.2634698275862069,True
9,11,15,0.0,0.0,2.5,wave,3674,0,0,0.2642896026129559,True
9,11,16,0.0,0.0,2.5,wave,3630,0,0,0.26721763085399447,True
9,11,17,0.0,0.0,2.5,wave,3595,0,0,0.2712100139082058,True
9,11,18,0.0,0.0,2.5,wave,7801,0,0,0.12011280605050635,True
9,11,19,0.0,0.0,2.5,wave,7660,0,0,0.12284595300261096,True
9,11,20,0.0,0.0,2.5,wave,7470,0,0,0.12690763052208837,True
9,11,21,0.0,0.0,2.5,wave,7343,0,0,0.12978346724771891,True
9,11,22,0.0,0.0,2.5,wave,7216,0,0,0.13303769401330376,True
9,11,23,0.0,0.0,2.5,wave,7064,0,0,0.13490939977349944,True
9,11,24,0.0,0.0,2.5,wave,6919,0,0,0.1380257262610204,True
9,11,25,0.0,0.0,2.5,wave,6778,0,0,0.14148716435526704,True
9,11,26,0.0,0.0,2.5,wave,6666,0,0,0.14446444644464446,True
9,11,27,0.0,0.0,2.5,wave,6557,0,0,0.14778099740735093,True
9,11,28,0.0,0.0,2.5,wave,6420,0,0,0.15093457943925234,True
9,11,29,0.0,0.0,2.5,wave,6318,0,0,0.15368787591009814,True
9,11,30,0.0,0.0,2.5,wave,6196,0,0,0.1565526145900581,True
9,11,31,0.0,0.0,2.5,wave,6031,0,0,0.16000663239927043,True
9,11,32,0.0,0.0,2.5,wave,5912,0,0,0.1625507442489851,True
9,11,33,0.0,0.0,2.5,wave,5801,0,0,0.16704016548870884,True
9,11,34,0.0,0.0,2.5,wave,5664,0,0,0.1694915254237288,True
9,11,35,0.0,0.0,2.5,wave,5560,0,0,0.17176258992805754,True
9,11,36,0.0,0.0,2.5,wave,5481,0,0,0.17442072614486406,True
9,11,37,0.0,0.0,2.5,wave,5426,0,0,0.1763730187983782,True
9,11,38,0.0,0.0,2.5,wave,5345,0,0,0.17867165575304023,True
9,11,39,0.0,0.0,2.5,wave,5284,0,0,0.18111279333838,True
9,11,40,0.0,0.0,2.5,wave,5222,0,0,0.18479509766373037,True
9,11,41,0.0,0.0,2.5,wave,5161,0,0,0.18736678938190274,True
9,11,42,0.0,0.0,2.5,wave,5090,0,0,0.19076620825147347,True
9,11,43,0.0,0.0,2.5,wave,5234,0,0,0.22009935040122278,True
9,11,44,0.0,0.0,2.5,wave,5095,0,0,0.2127576054955839,True
9,11,45,0.0,0.0,2.5,wave,5022,0,0,0.21166865790521705,True
9,11,46,0.0,0.0,2.5,wave,4956,0,0,0.21166263115415657,True
9,11,47,0.0,0.0,2.5,wave,4915,0,0,0.21383519837232962,True
9,11,48,0.0,0.0,2.5,wave,4882,0,0,0.2169192953707497,True
9,11,49,0.0,0.0,2.5,wave,4824,0,0,0.21952736318407962,True
9,11,50,0.0,0.0,2.5,wave,4749,0,0,0.2217308907138345,True
9,11,51,0.0,0.0,2.5,wave,4699,0,0,0.22494147690998084,True
9,11,52,0.0,0.0,2.5,wave,4652,0,0,0.22570937231298366,True
10,1,1,0.0,0.0,2.5,wave,2798,0,0,0.0025017869907076485,True
10,1,2,0.0,0.0,2.5,wave,2770,0,0,0.003971119133574007,True
10,1,3,0.0,0.0,2.5,wave,2700,0,0,0.007037037037037037,True
10,1,4,0.0,0.0,2.5,wave,2677,0,0,0.010459469555472544,True
10,1,5,0.0,0.0,2.5,wave,2645,0,0,0.012098298676748583,True
10,1,6,0.0,0.0,2.5,wave,2614,0,0,0.014919663351185922,True
10,1,7,0.0,0.0,2.5,wave,2577,0,0,0.01629802095459837,True
10,1,8,0.0,0.0,2.5,wave,2529,0,0,0.02056148675365757,True
10,1,9,0.0,0.0,2.5,wave,2507,0,0,0.022736338252891904,True
10,1,10,0.0,0.0,2.5,wave,2480,0,0,0.024596774193548387,True
10,1,11,0.0,0.0,2.5,wave,2460,0,0,0.027642276422764227,True
10,1,12,0.0,0.0,2.5,wave,2429,0,0,0.029230135858377932,True
10,1,13,0.0,0.0,2.5,wave,2407,0,0,0.030743664312422102,True
10,1,14,0.0,0.0,2.5,wave,2384,0,0,0.03271812080536913,True
10,1,15,0.0,0.0,2.5,wave,2360,0,0,0.03474576271186441,True
10,1,16,0.0,0.0,2.5,wave,2341,0,0,0.03588210166595472,True
10,1,17,0.0,0.0,2.5,wave,2319,0,0,0.03794739111686071,True
10,1,18,0.0,0.0,2.5,wave,6712,0,0,0.015494636471990465,True
10,1,19,0.0,0.0,2.5,wave,6558,0,0,0.017078377554132357,True
10,1,20,0.0,0.0,2.5,wave,6453,0,0,0.019835735316906866,True
10,1,21,0.0,0.0,2.5,wave,6281,0,0,0.021971023722337207,True
10,1,22,0.0,0.0,2.5,wave,6171,0,0,0.023172905525846704,True
10,1,23,0.0,0.0,2.5,wave,6029,0,0,0.02570907281472881,True
10,1,24,0.0,0.0,2.5,wave,5928,0,0,0.029183535762483132,True
10,1,25,0.0,0.0,2.5,wave,5808,0,0,0.031508264462809916,True
10,1,26,0.0,0.0,2.5,wave,5674,0,0,0.034367289390200915,True
10,1,27,0.0,0.0,2.5,wave,5518,0,0,0.036969916636462485,True
10,1,28,0.0,0.0,2.5,wave,5415,0,0,0.04007386888273315,True
10,1,29,0.0,0.0,2.5,wave,5268,0,0,0.04347000759301443,True
10,1,30,0.0,0.0,2.5,wave,5175,0,0,0.04541062801932367,True
10,1,31,0.0,0.0,2.5,wave,5083,0,0,0.04780641353531379,True
10,1,32,0.0,0.0,2.5,wave,4976,0,0,0.050844051446945336,True
10,1,33,0.0,0.0,2.5,wave,4866,0,0,0.05281545417180436,True
10,1,34,0.0,0.0,2.5,wave,4765,0,0,0.05435466946484785,True
10,1,35,0.0,0.0,2.5,wave,4661,0,0,0.05449474361724952,True
10,1,36,0.0,0.0,2.5,wave,4569,0,0,0.05559203326767345,True
10,1,37,0.0,0.0,2.5,wave,4474,0,0,0.057890031291908804,True
10,1,38,0.0,0.0,2.5,wave,4416,0,0,0.06023550724637681,True
10,1,39,0.0,0.0,2.5,wave,4323,0,0,0.06291926902613926,True
10,1,40,0.0,0.0,2.5,wave,4264,0,0,0.06543151969981238,True
10,1,41,0.0,0.0,2.5,wave,4190,0,0,0.0675417661097852,True
10,1,42,0.0,0.0,2.5,wave,4138,0,0,0.069357177380377,True
10,1,43,0.0,0.0,2.5,wave,4240,0,0,0.0964622641509434,True
10,1,44,0.0,0.0,2.5,wave,4127,0,0,0.08965350133268718,True
10,1,45,0.0,0.0,2.5,wave,4012,0,0,0.08574277168494517,True
10,1,46,0.0,0.0,2.5,wave,3986,0,0,0.09031610637230306,True
10,1,47,0.0,0.0,2.5,wave,3914,0,0,0.08891159938681656,True
10,1,48,0.0,0.0,2.5,wave,3890,0,0,0.09460154241645244,True
10,1,49,0.0,0.0,2.5,wave,3832,0,0,0.09525052192066806,True
10,1,50,0.0,0.0,2.5,wave,3782,0,0,0.09465891062929667,True
10,1,51,0.0,0.0,2.5,wave,3716,0,0,0.09553283100107643,True
10,1,52,0.0,0.0,2.5,wave,3672,0,0,0.09803921568627451,True
10,2,1,0.0,0.0,2.5,wave,3623,33,6,0.09881313828319073,False
10,2,2,0.0,0.0,2.5,wave,3568,43,13,0.10033632286995516,False
10,2,3,0.0,0.0,2.5,wave,3511,47,13,0.10111079464540017,False
10,2,4,0.0,0.0,2.5,wave,3469,48,19,0.1040645719227443,False
10,2,5,0.0,0.0,2.5,wave,3400,56,23,0.10617647058823529,False
10,2,6,0.0,0.0,2.5,wave,3339,58,21,0.1075172207247679,False
10,2,7,0.0,0.0,2.5,wave,3281,57,18,0.11033221578786956,False
10,2,8,0.0,0.0,2.5,wave,3236,59,19,0.11279357231149567,False
10,2,9,0.0,0.0,2.5,wave,3166,60,30,0.11433986102337335,False
10,2,10,0.0,0.0,2.5,wave,3117,68,30,0.11581649021495027,False
10,2,11,0.0,0.0,2.5,wave,3062,75,23,0.11887655127367734,False
10,2,12,0.0,0.0,2.5,wave,3006,77,27,0.12042581503659348,False
10,2,13,0.0,0.0,2.5,wave,2952,78,27,0.12330623306233063,False
10,2,14,0.0,0.0,2.5,wave,2917,76,33,0.12547137470003428,False
10,2,15,0.0,0.0,2.5,wave,2867,86,28,0.12731077781653297,False
10,2,16,0.0,0.0,2.5,wave,2805,76,20,0.12905525846702318,False
10,2,17,0.0,0.0,2.5,wave,2757,81,32,0.1298512876314835,False
10,2,18,0.0,0.0,2.5,wave,5370,82,36,0.06890130353817504,False
10,2,19,0.0,0.0,2.5,wave,5185,87,34,0.07058823529411765,False
10,2,20,0.0,0.0,2.5,wave,5116,92,34,0.07427677873338545,False
10,2,21,0.0,0.0,2.5,wave,4982,93,40,0.07707747892412686,False
10,2,22,0.0,0.0,2.5,wave,4826,94,35,0.08019063406547866,False
10,2,23,0.0,0.0,2.5,wave,4655,88,27,0.08270676691729323,False
10,2,24,0.0,0.0,2.5,wave,4558,96,36,0.08490566037735849,False
10,2,25,0.0,0.0,2.5,wave,4405,98,36,0.0880817253121453,False
10,2,26,0.0,0.0,2.5,wave,4306,84,30,0.09103576405016256,False
10,2,27,0.0,0.0,2.5,wave,4182,98,39,0.0937350549976088,False
10,2,28,0.0,0.0,2.5,wave,4077,95,34,0.09614912926171204,False
10,2,29,0.0,0.0,2.5,wave,3944,79,27,0.09863083164300203,False
10,2,30,0.0,0.0,2.5,wave,3889,85,31,0.10388274620725123,False
10,2,31,0.0,0.0,2.5,wave,3814,84,30,0.10776088096486629,False
10,2,32,0.0,0.0,2.5,wave,3737,84,40,0.1123896173401124,False
10,2,33,0.0,0.0,2.5,wave,3643,86,38,0.11336810321163876,False
10,2,34,0.0,0.0,2.5,wave,3577,79,30,0.11629857422421024,False
10,2,35,0.0,0.0,2.5,wave,3481,77,33,0.11778224648089629,False
10,2,36,0.0,0.0,2.5,wave,3413,76,33,0.12130090829182537,False
10,2,37,0.0,0.0,2.5,wave,3288,70,30,0.12408759124087591,False
10,2,38,0.0,0.0,2.5,wave,3242,61,24,0.12677359654534237,False
10,2,39,0.0,0.0,2.5,wave,3185,50,18,0.130298273155416,False
10,2,40,0.0,0.0,2.5,wave,3149,48,22,0.13337567481740234,False
10,2,41,0.0,0.0,2.5,wave,3099,44,19,0.13520490480800257,False
10,2,42,0.0,0.0,2.5,wave,3057,47,17,0.1370624795551194,False
10,2,43,0.0,0.0,2.5,wave,3203,53,19,0.18420231033406181,False
10,2,44,0.0,0.0,2.5,wave,3090,46,20,0.17184466019417477,False
10,2,45,0.0,0.0,2.5,wave,3027,40,20,0.16815328708292038,False
10,2,46,0.0,0.0,2.5,wave,2981,34,13,0.17175444481717544,False
10,2,47,0.0,0.0,2.5,wave,2931,29,11,0.17673149095871715,False
10,2,48,0.0,0.0,2.5,wave,2922,27,13,0.18035592060232716,False
10,2,49,0.0,0.0,2.5,wave,2886,27,14,0.1832986832986833,False
10,2,50,0.0,0.0,2.5,wave,2871,23,13,0.1891327063740857,False
10,2,51,0.0,0.0,2.5,wave,2821,22,11,0.18964906061680256,False
10,2,52,0.0,0.0,2.5,wave,2803,19,9,0.19229397074562968,False
10,3,1,0.0,0.0,2.5,wave,2769,15,3,0.19609967497291442,False
10,3,2,0.0,0.0,2.5,wave,2746,11,4,0.19992716678805536,False
10,3,3,0.0,0.0,2.5,wave,2714,17,6,0.2019159911569639,False
10,3,4,0.0,0.0,2.5,wave,2680,13,6,0.2048507462686567,False
10,3,5,0.0,0.0,2.5,wave,2645,12,6,0.20680529300567108,False
10,3,6,0.0,0.0,2.5,wave,2621,9,3,0.20908050362457078,False
10,3,7,0.0,0.0,2.5,wave,2581,6,3,0.21193335916311506,False
10,3,8,0.0,0.0,2.5,wave,2552,10,4,0.21316614420062696,False
10,3,9,0.0,0.0,2.5,wave,2511,9,3,0.21346077260055754,False
10,3,10,0.0,0.0,2.5,wave,2481,9,3,0.21725110842402257,False
10,3,11,0.0,0.0,2.5,wave,2458,12,5,0.2176566314076485,False
10,3,12,0.0,0.0,2.5,wave,2446,13,5,0.2179067865903516,False
10,3,13,0.0,0.0,2.5,wave,2422,17,3,0.21924029727497935,False
10,3,14,0.0,0.0,2.5,wave,2391,17,6,0.22124634044332916,False
10,3,15,0.0,0.0,2.5,wave,2366,16,7,0.2231614539306847,False
10,3,16,0.0,0.0,2.5,wave,2337,14,7,0.22421908429610612,False
10,3,17,0.0,0.0,2.5,wave,2310,16,8,0.22770562770562772,False
10,3,18,0.0,0.0,2.5,wave,5224,13,5,0.10011485451761103,False
10,3,19,0.0,0.0,2.5,wave,5123,15,3,0.10228381807534648,False
10,3,20,0.0,0.0,2.5,wave,5005,15,5,0.1048951048951049,False
10,3,21,0.0,0.0,2.5,wave,4888,16,6,0.10842880523731588,False
10,3,22,0.0,0.0,2.5,wave,4767,14,5,0.11243968953220054,False
10,3,23,0.0,0.0,2.5,wave,4667,20,7,0.1146346689522177,False
10,3,24,0.0,0.0,2.5,wave,4571,15,8,0.11594837015970247,False
10,3,25,0.0,0.0,2.5,wave,4475,15,9,0.11910614525139665,False
10,3,26,0.0,0.0,2.5,wave,4374,12,4,0.12139917695473251,False
10,3,27,0.0,0.0,2.5,wave,4239,8,2,0.1257372021703232,False
10,3,28,0.0,0.0,2.5,wave,4177,10,4,0.12832176203016518,False
10,3,29,0.0,0.0,2.5,wave,4085,14,5,0.13317013463892288,False
10,3,30,0.0,0.0,2.5,wave,4006,18,5,0.13479780329505742,False
10,3,31,0.0,0.0,2.5,wave,3885,22,4,0.13925353925353925,False
10,3,32,0.0,0.0,2.5,wave,3812,20,3,0.14087093389296956,False
10,3,33,0.0,0.0,2.5,wave,3720,19,6,0.14408602150537633,False
10,3,34,0.0,0.0,2.5,wave,3649,19,11,0.14606741573033707,False
10,3,35,0.0,0.0,2.5,wave,3537,16,9,0.14984450098953916,False
10,3,36,0.0,0.0,2.5,wave,3459,13,5,0.15177797051170858,False
10,3,37,0.0,0.0,2.5,wave,3371,12,5,0.15455354494215368,False
10,3,38,0.0,0.0,2.5,wave,3312,12,5,0.15489130434782608,False
10,3,39,0.0,0.0,2.5,wave,3255,11,4,0.15729646697388633,False
10,3,40,0.0,0.0,2.5,wave,3220,9,4,0.16024844720496895,False
10,3,41,0.0,0.0,2.5,wave,3162,8,2,0.16255534471853259,False
10,3,42,0.0,0.0,2.5,wave,3130,5,3,0.1645367412140575,False
10,3,43,0.0,0.0,2.5,wave,3341,7,3,0.21310984735109248,False
10,3,44,0.0,0.0,2.5,wave,3193,4,1,0.19605386783589102,False
10,3,45,0.0,0.0,2.5,wave,3119,5,3,0.1923693491503687,False
10,3,46,0.0,0.0,2.5,wave,3047,4,2,0.19035116508040695,False
10,3,47,0.0,0.0,2.5,wave,2991,2,1,0.18923436977599464,False
10,3,48,0.0,0.0,2.5,wave,2965,4,2,0.19190556492411467,False
10,3,49,0.0,0.0,2.5,wave,2951,3,3,0.1965435445611657,False
10,3,50,0.0,0.0,2.5,wave,2922,4,2,0.19815195071868583,False
10,3,51,0.0,0.0,2.5,wave,2888,2,0,0.20152354570637118,False
10,3,52,0.0,0.0,2.5,wave,2867,2,0,0.20299965120334845,False
10,4,1,0.0,0.0,2.5,wave,2825,2,1,0.20460176991150442,False
10,4,2,0.0,0.0,2.5,wave,2802,4,1,0.20770877944325483,False
10,4,3,0.0,0.0,2.5,wave,2761,3,2,0.2100688156465049,False
10,4,4,0.0,0.0,2.5,wave,2741,6,2,0.2126960963152134,False
10,4,5,0.0,0.0,2.5,wave,2697,4,0,0.21616611049314052,False
10,4,6,0.0,0.0,2.5,wave,2658,4,0,0.2197140707298721,False
10,4,7,0.0,0.0,2.5,wave,2615,4,2,0.22409177820267687,False
10,4,8,0.0,0.0,2.5,wave,2589,6,2,0.22634221707222865,False
10,4,9,0.0,0.0,2.5,wave,2541,4,2,0.22983077528532073,False
10,4,10,0.0,0.0,2.5,wave,2514,5,2,0.23349244232299124,False
10,4,11,0.0,0.0,2.5,wave,2486,3,1,0.23692679002413516,False
10,4,12,0.0,0.0,2.5,wave,2468,3,2,0.23581847649918963,False
10,4,13,0.0,0.0,2.5,wave,2432,3,1,0.23889802631578946,False
10,4,14,0.0,0.0,2.5,wave,2401,2,0,0.24156601416076634,False
10,4,15,0.0,0.0,2.5,wave,2365,2,1,0.24355179704016913,False
10,4,16,0.0,0.0,2.5,wave,2341,2,1,0.24391285775309696,False
10,4,17,0.0,0.0,2.5,wave,2306,1,1,0.24674761491760624,False
10,4,18,0.0,0.0,2.5,wave,4991,2,1,0.11420557002604688,False
10,4,19,0.0,0.0,2.5,wave,4889,1,0,0.11638371855185109,False
10,4,20,0.0,0.0,2.5,wave,4798,1,0,0.11879949979157982,False
10,4,21,0.0,0.0,2.5,wave,4649,1,0,0.12432781243278124,False
10,4,22,0.0,0.0,2.5,wave,4585,1,1,0.12693565976008725,False
10,4,23,0.0,0.0,2.5,wave,4481,2,1,0.13055121624637359,False
10,4,24,0.0,0.0,2.5,wave,4391,1,0,0.13299931678433158,False
10,4,25,0.0,0.0,2.5,wave,4271,1,0,0.13603371575743387,False
10,4,26,0.0,0.0,2.5,wave,4173,1,0,0.13898873711957824,False
10,4,27,0.0,0.0,2.5,wave,4066,1,0,0.1411706837186424,False
10,4,28,0.0,0.0,2.5,wave,3994,1,1,0.1442163244867301,False
10,4,29,0.0,0.0,2.5,wave,3897,1,1,0.14754939697202976,False
10,4,30,0.0,0.0,2.5,wave,3829,0,0,0.15016975711674066,True
10,4,31,0.0,0.0,2.5,wave,3732,0,0,0.15407288317256163,True
10,4,32,0.0,0.0,2.5,wave,3650,0,0,0.1558904109589041,True
10,4,33,0.0,0.0,2.5,wave,3552,0,0,0.15850225225225226,True
10,4,34,0.0,0.0,2.5,wave,3482,0,0,0.16312464101091326,True
10,4,35,0.0,0.0,2.5,wave,3398,0,0,0.16862860506180105,True
10,4,36,0.0,0.0,2.5,wave,3326,0,0,0.1704750450992183,True
10,4,37,0.0,0.0,2.5,wave,3250,0,0,0.17384615384615384,True
10,4,38,0.0,0.0,2.5,wave,3203,0,0,0.17608492038713705,True
10,4,39,0.0,0.0,2.5,wave,3159,0,0,0.1785375118708452,True
10,4,40,0.0,0.0,2.5,wave,3119,0,0,0.18082718820134658,True
10,4,41,0.0,0.0,2.5,wave,3083,0,0,0.18358741485566007,True
10,4,42,0.0,0.0,2.5,wave,3065,0,0,0.1869494290375204,True
10,4,43,0.0,0.0,2.5,wave,3282,0,0,0.23004265691651432,True
10,4,44,0.0,0.0,2.5,wave,3167,0,0,0.21566150931480896,True
10,4,45,0.0,0.0,2.5,wave,3067,0,0,0.21062927942614934,True
10,4,46,0.0,0.0,2.5,wave,3019,0,0,0.210997018880424,True
10,4,47,0.0,0.0,2.5,wave,2955,0,0,0.21150592216582065,True
10,4,48,0.0,0.0,2.5,wave,2944,0,0,0.21365489130434784,True
10,4,49,0.0,0.0,2.5,wave,2903,0,0,0.214261109197382,True
10,4,50,0.0,0.0,2.5,wave,2876,0,0,0.2148817802503477,True
10,4,51,0.0,0.0,2.5,wave,2835,0,0,0.218342151675485,True
10,4,52,0.0,0.0,2.5,wave,2818,0,0,0.22178850248403123,True
10,5,1,0.0,0.0,2.5,wave,2782,0,0,0.22393961179007907,True
10,5,2,0.0,0.0,2.5,wave,2753,0,0,0.22375590265165274,True
10,5,3,0.0,0.0,2.5,wave,2720,0,0,0.225,True
10,5,4,0.0,0.0,2.5,wave,2704,0,0,0.22670118343195267,True
10,5,5,0.0,0.0,2.5,wave,2672,0,0,0.22979041916167664,True
10,5,6,0.0,0.0,2.5,wave,2649,0,0,0.2295205738014345,True
10,5,7,0.0,0.0,2.5,wave,2607,0,0,0.2320675105485232,True
10,5,8,0.0,0.0,2.5,wave,2578,0,0,0.23157486423584173,True
10,5,9,0.0,0.0,2.5,wave,2544,0,0,0.23309748427672955,True
10,5,10,0.0,0.0,2.5,wave,2526,0,0,0.23594615993665874,True
10,5,11,0.0,0.0,2.5,wave,2486,0,0,0.23491552695092519,True
10,5,12,0.0,0.0,2.5,wave,2459,0,0,0.2370882472549817,True
10,5,13,0.0,0.0,2.5,wave,2428,0,0,0.23887973640856672,True
10,5,14,0.0,0.0,2.5,wave,2404,0,0,0.24168053244592347,True
10,5,15,0.0,0.0,2.5,wave,2377,0,0,0.2440050483803113,True
10,5,16,0.0,0.0,2.5,wave,2355,0,0,0.24416135881104034,True
10,5,17,0.0,0.0,2.5,wave,2328,0,0,0.24871134020618557,True
10,5,18,0.0,0.0,2.5,wave,5139,0,0,0.1124732438217552,True
10,5,19,0.0,0.0,2.5,wave,5039,0,0,0.11549910696566779,True
10,5,20,0.0,0.0,2.5,wave,4940,0,0,0.1194331983805668,True
10,5,21,0.0,0.0,2.5,wave,4798,0,0,0.12171738224260108,True
10,5,22,0.0,0.0,2.5,wave,4681,0,0,0.1260414441358684,True
10,5,23,0.0,0.0,2.5,wave,4574,0,0,0.1285526891123743,True
10,5,24,0.0,0.0,2.5,wave,4458,0,0,0.13234634365186182,True
10,5,25,0.0,0.0,2.5,wave,4334,0,0,0.13682510383017998,True
10,5,26,0.0,0.0,2.5,wave,4269,0,0,0.1389084094635746,True
10,5,27,0.0,0.0,2.5,wave,4179,0,0,0.14285714285714285,True
10,5,28,0.0,0.0,2.5,wave,4134,0,0,0.14489598451862604,True
10,5,29,0.0,0.0,2.5,wave,4040,0,0,0.14727722772277227,True
10,5,30,0.0,0.0,2.5,wave,3965,0,0,0.15056746532156368,True
10,5,31,0.0,0.0,2.5,wave,3876,0,0,0.15247678018575853,True
10,5,32,0.0,0.0,2.5,wave,3794,0,0,0.15629942013705853,True
10,5,33,0.0,0.0,2.5,wave,3684,0,0,0.15933767643865362,True
10,5,34,0.0,0.0,2.5,wave,3620,0,0,0.16160220994475138,True
10,5,35,0.0,0.0,2.5,wave,3536,0,0,0.16459276018099547,True
10,5,36,0.0,0.0,2.5,wave,3465,0,0,0.16594516594516595,True
10,5,37,0.0,0.0,2.5,wave,3366,0,0,0.17082590612002377,True
10,5,38,0.0,0.0,2.5,wave,3328,0,0,0.17277644230769232,True
10,5,39,0.0,0.0,2.5,wave,3279,0,0,0.17535834095760902,True
10,5,40,0.0,0.0,2.5,wave,3246,0,0,0.17837338262476896,True
10,5,41,0.0,0.0,2.5,wave,3188,0,0,0.18005018820577165,True
10,5,42,0.0,0.0,2.5,wave,3160,0,0,0.18164556962025316,True
10,5,43,0.0,0.0,2.5,wave,3445,0,0,0.24005805515239478,True
10,5,44,0.0,0.0,2.5,wave,3290,0,0,0.22279635258358663,True
10,5,45,0.0,0.0,2.5,wave,3193,0,0,0.21860319448794238,True
10,5,46,0.0,0.0,2.5,wave,3148,0,0,0.21664548919949175,True
10,5,47,0.0,0.0,2.5,wave,3091,0,0,0.21805241022322872,True
10,5,48,0.0,0.0,2.5,wave,3060,0,0,0.21928104575163399,True
10,5,49,0.0,0.0,2.5,wave,3030,0,0,0.2207920792079208,True
10,5,50,0.0,0.0,2.5,wave,3009,0,0,0.22299767364572948,True
10,5,51,0.0,0.0,2.5,wave,2979,0,0,0.22625041960389392,True
10,5,52,0.0,0.0,2.5,wave,2948,0,0,0.22829036635006783,True
10,6,1,0.0,0.0,2.5,wave,2907,0,0,0.2304781561747506,True
10,6,2,0.0,0.0,2.5,wave,2882,0,0,0.23004857737682166,True
10,6,3,0.0,0.0,2.5,wave,2845,0,0,0.23093145869947276,True
10,6,4,0.0,0.0,2.5,wave,2813,0,0,0.2335584784927124,True
10,6,5,0.0,0.0,2.5,wave,2783,0,0,0.23679482572763205,True
10,6,6,0.0,0.0,2.5,wave,2754,0,0,0.2374727668845316,True
10,6,7,0.0,0.0,2.5,wave,2715,0,0,0.24125230202578268,True
10,6,8,0.0,0.0,2.5,wave,2680,0,0,0.24067164179104478,True
10,6,9,0.0,0.0,2.5,wave,2653,0,0,0.24349792687523558,True
10,6,10,0.0,0.0,2.5,wave,2623,0,0,0.24552039649256577,True
10,6,11,0.0,0.0,2.5,wave,2587,0,0,0.24932354078082722,True
10,6,12,0.0,0.0,2.5,wave,2560,0,0,0.25234375,True
10,6,13,0.0,0.0,2.5,wave,2526,0,0,0.25257323832145684,True
10,6,14,0.0,0.0,2.5,wave,2498,0,0,0.2546036829463571,True
10,6,15,0.0,0.0,2.5,wave,2469,0,0,0.25718914540299714,True
10,6,16,0.0,0.0,2.5,wave,2452,0,0,0.2589722675367047,True
10,6,17,0.0,0.0,2.5,wave,2429,0,0,0.261424454508028,True
10,6,18,0.0,0.0,2.5,wave,5189,0,0,0.12256696858739642,True
10,6,19,0.0,0.0,2.5,wave,5104,0,0,0.12637147335423196,True
10,6,20,0.0,0.0,2.5,wave,5011,0,0,0.12911594492117343,True
10,6,21,0.0,0.0,2.5,wave,4894,0,0,0.13240702901512055,True
10,6,22,0.0,0.0,2.5,wave,4777,0,0,0.1358593259367804,True
10,6,23,0.0,0.0,2.5,wave,4666,0,0,0.13866266609515646,True
10,6,24,0.0,0.0,2.5,wave,4566,0,0,0.14082347787998248,True
10,6,25,0.0,0.0,2.5,wave,4432,0,0,0.14530685920577618,True
10,6,26,0.0,0.0,2.5,wave,4325,0,0,0.14867052023121388,True
10,6,27,0.0,0.0,2.5,wave,4230,0,0,0.15177304964539007,True
10,6,28,0.0,0.0,2.5,wave,4155,0,0,0.1552346570397112,True
10,6,29,0.0,0.0,2.5,wave,4057,0,0,0.15873798373182155,True
10,6,30,0.0,0.0,2.5,wave,4008,0,0,0.16042914171656686,True
10,6,31,0.0,0.0,2.5,wave,3924,0,0,0.16462793068297654,True
10,6,32,0.0,0.0,2.5,wave,3881,0,0,0.16670961092501932,True
10,6,33,0.0,0.0,2.5,wave,3819,0,0,0.1691542288557214,True
10,6,34,0.0,0.0,2.5,wave,3759,0,0,0.17025804735301941,True
10,6,35,0.0,0.0,2.5,wave,3681,0,0,0.17386579733767998,True
10,6,36,0.0,0.0,2.5,wave,3596,0,0,0.17547274749721914,True
10,6,37,0.0,0.0,2.5,wave,3517,0,0,0.17856127381290873,True
10,6,38,0.0,0.0,2.5,wave,3486,0,0,0.18014916810097534,True
10,6,39,0.0,0.0,2.5,wave,3437,0,0,0.18184463194646494,True
10,6,40,0.0,0.0,2.5,wave,3399,0,0,0.18358340688437777,True
10,6,41,0.0,0.0,2.5,wave,3344,0,0,0.18779904306220097,True
10,6,42,0.0,0.0,2.5,wave,3322,0,0,0.19084888621312462,True
10,6,43,0.0,0.0,2.5,wave,3606,0,0,0.2382140876317249,True
10,6,44,0.0,0.0,2.5,wave,3474,0,0,0.22452504317789293,True
10,6,45,0.0,0.0,2.5,wave,3356,0,0,0.21841477949940405,True
10,6,46,0.0,0.0,2.5,wave,3286,0,0,0.21637248934875228,True
10,6,47,0.0,0.0,2.5,wave,3218,0,0,0.21690490988191424,True
10,6,48,0.0,0.0,2.5,wave,3186,0,0,0.21688637790332704,True
10,6,49,0.0,0.0,2.5,wave,3148,0,0,0.2179161372299873,True
10,6,50,0.0,0.0,2.5,wave,3109,0,0,0.21936313927307816,True
10,6,51,0.0,0.0,2.5,wave,3073,0,0,0.22290920924178328,True
10,6,52,0.0,0.0,2.5,wave,3051,0,0,0.22418879056047197,True
10,7,1,0.0,0.0,2.5,wave,3025,0,0,0.22677685950413223,True
10,7,2,0.0,0.0,2.5,wave,2995,0,0,0.22904841402337228,True
10,7,3,0.0,0.0,2.5,wave,2962,0,0,0.23295070898041864,True
10,7,4,0.0,0.0,2.5,wave,2932,0,0,0.23362892223738063,True
10,7,5,0.0,0.0,2.5,wave,2899,0,0,0.23387374956881685,True
10,7,6,0.0,0.0,2.5,wave,2867,0,0,0.2357865364492501,True
10,7,7,0.0,0.0,2.5,wave,2830,0,0,0.23886925795053005,True
10,7,8,0.0,0.0,2.5,wave,2799,0,0,0.23937120400142908,True
10,7,9,0.0,0.0,2.5,wave,2747,0,0,0.24171823807790316,True
10,7,10,0.0,0.0,2.5,wave,2716,0,0,0.24410898379970544,True
10,7,11,0.0,0.0,2.5,wave,2692,0,0,0.24702823179791977,True
10,7,12,0.0,0.0,2.5,wave,2660,0,0,0.24774436090225563,True
10,7,13,0.0,0.0,2.5,wave,2639,0,0,0.2504736642667677,True
10,7,14,0.0,0.0,2.5,wave,2613,0,0,0.25143513203214696,True
10,7,15,0.0,0.0,2.5,wave,2588,0,0,0.2542503863987635,True
10,7,16,0.0,0.0,2.5,wave,2555,0,0,0.2559686888454012,True
10,7,17,0.0,0.0,2.5,wave,2518,0,0,0.2585385226370135,True
10,7,18,0.0,0.0,2.5,wave,5582,0,0,0.1175206019347904,True
10,7,19,0.0,0.0,2.5,wave,5501,0,0,0.12088711143428467,True
10,7,20,0.0,0.0,2.5,wave,5431,0,0,0.12410237525317622,True
10,7,21,0.0,0.0,2.5,wave,5326,0,0,0.12748779571911378,True
10,7,22,0.0,0.0,2.5,wave,5229,0,0,0.12927902084528592,True
10,7,23,0.0,0.0,2.5,wave,5151,0,0,0.13181906425936712,True
10,7,24,0.0,0.0,2.5,wave,5065,0,0,0.13425468904244817,True
10,7,25,0.0,0.0,2.5,wave,4975,0,0,0.1384924623115578,True
10,7,26,0.0,0.0,2.5,wave,4895,0,0,0.14157303370786517,True
10,7,27,0.0,0.0,2.5,wave,4782,0,0,0.14408197406942702,True
10,7,28,0.0,0.0,2.5,wave,4692,0,0,0.1453537936913896,True
10,7,29,0.0,0.0,2.5,wave,4597,0,0,0.14792255819012398,True
10,7,30,0.0,0.0,2.5,wave,4517,0,0,0.1529776400265663,True
10,7,31,0.0,0.0,2.5,wave,4426,0,0,0.15589697243560777,True
10,7,32,0.0,0.0,2.5,wave,4335,0,0,0.1582468281430219,True
10,7,33,0.0,0.0,2.5,wave,4251,0,0,0.16184427193601506,True
10,7,34,0.0,0.0,2.5,wave,4163,0,0,0.16574585635359115,True
10,7,35,0.0,0.0,2.5,wave,4084,0,0,0.1696865817825661,True
10,7,36,0.0,0.0,2.5,wave,4006,0,0,0.17124313529705443,True
10,7,37,0.0,0.0,2.5,wave,3907,0,0,0.17507038648579473,True
10,7,38,0.0,0.0,2.5,wave,3873,0,0,0.17686547895688098,True
10,7,39,0.0,0.0,2.5,wave,3817,0,0,0.18050825255436206,True
10,7,40,0.0,0.0,2.5,wave,3755,0,0,0.18242343541944075,True
10,7,41,0.0,0.0,2.5,wave,3700,0,0,0.18405405405405406,True
10,7,42,0.0,0.0,2.5,wave,3671,0,0,0.18550803595750476,True
10,7,43,0.0,0.0,2.5,wave,3949,0,0,0.22765257027095467,True
10,7,44,0.0,0.0,2.5,wave,3754,0,0,0.20937666489078316,True
10,7,45,0.0,0.0,2.5,wave,3639,0,0,0.20637537785105797,True
10,7,46,0.0,0.0,2.5,wave,3570,0,0,0.20588235294117646,True
10,7,47,0.0,0.0,2.5,wave,3509,0,0,0.2049016813907096,True
10,7,48,0.0,0.0,2.5,wave,3471,0,0,0.20743301642178047,True
10,7,49,0.0,0.0,2.5,wave,3414,0,0,0.2103104862331576,True
10,7,50,0.0,0.0,2.5,wave,3374,0,0,0.2107291049199763,True
10,7,51,0.0,0.0,2.5,wave,3345,0,0,0.21524663677130046,True
10,7,52,0.0,0.0,2.5,wave,3300,0,0,0.21636363636363637,True
10,8,1,0.0,0.0,2.5,wave,3260,0,0,0.2184049079754601,True
10,8,2,0.0,0.0,2.5,wave,3223,0,0,0.2196711138690661,True
10,8,3,0.0,0.0,2.5,wave,3184,0,0,0.22236180904522612,True
10,8,4,0.0,0.0,2.5,wave,3140,0,0,0.22356687898089173,True
10,8,5,0.0,0.0,2.5,wave,3107,0,0,0.22658513035082073,True
10,8,6,0.0,0.0,2.5,wave,3078,0,0,0.22839506172839505,True
10,8,7,0.0,0.0,2.5,wave,3055,0,0,0.23044189852700492,True
10,8,8,0.0,0.0,2.5,wave,3018,0,0,0.23061630218687873,True
10,8,9,0.0,0.0,2.5,wave,2994,0,0,0.23380093520374082,True
10,8,10,0.0,0.0,2.5,wave,2953,0,0,0.23467660006772773,True
10,8,11,0.0,0.0,2.5,wave,2922,0,0,0.23921971252566734,True
10,8,12,0.0,0.0,2.5,wave,2883,0,0,0.2410683315990288,True
10,8,13,0.0,0.0,2.5,wave,2852,0,0,0.24509116409537166,True
10,8,14,0.0,0.0,2.5,wave,2828,0,0,0.24752475247524752,True
10,8,15,0.0,0.0,2.5,wave,2803,0,0,0.2497324295397788,True
10,8,16,0.0,0.0,2.5,wave,2758,0,0,0.25525743292240755,True
10,8,17,0.0,0.0,2.5,wave,2729,0,0,0.2565042139978014,True
10,8,18,0.0,0.0,2.5,wave,5837,0,0,0.12095254411512764,True
10,8,19,0.0,0.0,2.5,wave,5753,0,0,0.12463062749869633,True
10,8,20,0.0,0.0,2.5,wave,5633,0,0,0.1265755370140245,True
10,8,21,0.0,0.0,2.5,wave,5537,0,0,0.12913129853711397,True
10,8,22,0.0,0.0,2.5,wave,5450,0,0,0.13174311926605506,True
10,8,23,0.0,0.0,2.5,wave,5365,0,0,0.13513513513513514,True
10,8,24,0.0,0.0,2.5,wave,5252,0,0,0.13728103579588727,True
10,8,25,0.0,0.0,2.5,wave,5178,0,0,0.14059482425646969,True
10,8,26,0.0,0.0,2.5,wave,5042,0,0,0.1441888139627132,True
10,8,27,0.0,0.0,2.5,wave,4937,0,0,0.1464452096414827,True
10,8,28,0.0,0.0,2.5,wave,4850,0,0,0.14762886597938144,True
10,8,29,0.0,0.0,2.5,wave,4728,0,0,0.15228426395939088,True
10,8,30,0.0,0.0,2.5,wave,4650,0,0,0.15612903225806452,True
10,8,31,0.0,0.0,2.5,wave,4551,0,0,0.16018457481872117,True
10,8,32,0.0,0.0,2.5,wave,4449,0,0,0.16453135536075522,True
10,8,33,0.0,0.0,2.5,wave,4356,0,0,0.16804407713498623,True
10,8,34,0.0,0.0,2.5,wave,4257,0,0,0.17148226450552032,True
10,8,35,0.0,0.0,2.5,wave,4179,0,0,0.1749222301986121,True
10,8,36,0.0,0.0,2.5,wave,4107,0,0,0.177745312880448,True
10,8,37,0.0,0.0,2.5,wave,4031,0,0,0.18035226990821135,True
10,8,38,0.0,0.0,2.5,wave,3988,0,0,0.18279839518555668,True
10,8,39,0.0,0.0,2.5,wave,3922,0,0,0.18536460989291179,True
10,8,40,0.0,0.0,2.5,wave,3868,0,0,0.18846949327817994,True
10,8,41,0.0,0.0,2.5,wave,3819,0,0,0.19088766692851533,True
10,8,42,0.0,0.0,2.5,wave,3756,0,0,0.19275825346112885,True
10,8,43,0.0,0.0,2.5,wave,4149,0,0,0.2480115690527838,True
10,8,44,0.0,0.0,2.5,wave,3955,0,0,0.2293299620733249,True
10,8,45,0.0,0.0,2.5,wave,3837,0,0,0.22413343758144383,True
10,8,46,0.0,0.0,2.5,wave,3737,0,0,0.2229060743912229,True
10,8,47,0.0,0.0,2.5,wave,3686,0,0,0.22354856212696692,True
10,8,48,0.0,0.0,2.5,wave,3615,0,0,0.2232365145228216,True
10,8,49,0.0,0.0,2.5,wave,3565,0,0,0.2246844319775596,True
10,8,50,0.0,0.0,2.5,wave,3522,0,0,0.22629187961385577,True
10,8,51,0.0,0.0,2.5,wave,3482,0,0,0.22774267662263067,True
10,8,52,0.0,0.0,2.5,wave,3443,0,0,0.22828928260238165,True
10,9,1,0.0,0.0,2.5,wave,3410,0,0,0.22961876832844574,True
10,9,2,0.0,0.0,2.5,wave,3370,0,0,0.2311572700296736,True
10,9,3,0.0,0.0,2.5,wave,3344,0,0,0.2326555023923445,True
10,9,4,0.0,0.0,2.5,wave,3303,0,0,0.23402966999697244,True
10,9,5,0.0,0.0,2.5,wave,3266,0,0,0.23576240048989588,True
10,9,6,0.0,0.0,2.5,wave,3226,0,0,0.23868567885926845,True
10,9,7,0.0,0.0,2.5,wave,3185,0,0,0.24050235478806908,True
10,9,8,0.0,0.0,2.5,wave,3136,0,0,0.24170918367346939,True
10,9,9,0.0,0.0,2.5,wave,3111,0,0,0.24461587913854066,True
10,9,10,0.0,0.0,2.5,wave,3065,0,0,0.24274061990212073,True
10,9,11,0.0,0.0,2.5,wave,3030,0,0,0.24356435643564356,True
10,9,12,0.0,0.0,2.5,wave,2997,0,0,0.24524524524524524,True
10,9,13,0.0,0.0,2.5,wave,2977,0,0,0.24756466241182398,True
10,9,14,0.0,0.0,2.5,wave,2950,0,0,0.25084745762711863,True
10,9,15,0.0,0.0,2.5,wave,2919,0,0,0.2524837273038712,True
10,9,16,0.0,0.0,2.5,wave,2880,0,0,0.25243055555555555,True
10,9,17,0.0,0.0,2.5,wave,2848,0,0,0.2542134831460674,True
10,9,18,0.0,0.0,2.5,wave,5952,0,0,0.11323924731182795,True
10,9,19,0.0,0.0,2.5,wave,5891,0,0,0.11576981836700051,True
10,9,20,0.0,0.0,2.5,wave,5784,0,0,0.1187759336099585,True
10,9,21,0.0,0.0,2.5,wave,5682,0,0,0.12126011967617037,True
10,9,22,0.0,0.0,2.5,wave,5580,0,0,0.12329749103942653,True
10,9,23,0.0,0.0,2.5,wave,5450,0,0,0.12660550458715597,True
10,9,24,0.0,0.0,2.5,wave,5319,0,0,0.1314156796390299,True
10,9,25,0.0,0.0,2.5,wave,5206,0,0,0.1342681521321552,True
10,9,26,0.0,0.0,2.5,wave,5110,0,0,0.1360078277886497,True
10,9,27,0.0,0.0,2.5,wave,5015,0,0,0.13818544366899302,True
10,9,28,0.0,0.0,2.5,wave,4914,0,0,0.14224664224664224,True
10,9,29,0.0,0.0,2.5,wave,4809,0,0,0.14535246412975672,True
10,9,30,0.0,0.0,2.5,wave,4703,0,0,0.1482032745056347,True
10,9,31,0.0,0.0,2.5,wave,4625,0,0,0.15286486486486486,True
10,9,32,0.0,0.0,2.5,wave,4556,0,0,0.15583845478489902,True
10,9,33,0.0,0.0,2.5,wave,4460,0,0,0.15874439461883408,True
10,9,34,0.0,0.0,2.5,wave,4381,0,0,0.16069390550102716,True
10,9,35,0.0,0.0,2.5,wave,4292,0,0,0.16402609506057783,True
10,9,36,0.0,0.0,2.5,wave,4229,0,0,0.1669425396074722,True
10,9,37,0.0,0.0,2.5,wave,4149,0,0,0.16895637503012775,True
10,9,38,0.0,0.0,2.5,wave,4095,0,0,0.17191697191697192,True
10,9,39,0.0,0.0,2.5,wave,4034,0,0,0.1737729300941993,True
10,9,40,0.0,0.0,2.5,wave,3988,0,0,0.1760280842527583,True
10,9,41,0.0,0.0,2.5,wave,3951,0,0,0.17843583902809415,True
10,9,42,0.0,0.0,2.5,wave,3901,0,0,0.18021020251217637,True
10,9,43,0.0,0.0,2.5,wave,4393,0,0,0.24379694969269292,True
10,9,44,0.0,0.0,2.5,wave,4150,0,0,0.22120481927710844,True
10,9,45,0.0,0.0,2.5,wave,3968,0,0,0.21144153225806453,True
10,9,46,0.0,0.0,2.5,wave,3860,0,0,0.20829015544041452,True
10,9,47,0.0,0.0,2.5,wave,3778,0,0,0.20645844362096347,True
10,9,48,0.0,0.0,2.5,wave,3721,0,0,0.20747110991668907,True
10,9,49,0.0,0.0,2.5,wave,3691,0,0,0.20915740991601192,True
10,9,50,0.0,0.0,2.5,wave,3643,0,0,0.20971726598956902,True
10,9,51,0.0,0.0,2.5,wave,3603,0,0,0.21038023868998057,True
10,9,52,0.0,0.0,2.5,wave,3560,0,0,0.21207865168539325,True
10,10,1,0.0,0.0,2.5,wave,3502,0,0,0.21473443746430612,True
10,10,2,0.0,0.0,2.5,wave,3465,0,0,0.21731601731601732,True
10,10,3,0.0,0.0,2.5,wave,3423,0,0,0.21881390593047034,True
10,10,4,0.0,0.0,2.5,wave,3384,0,0,0.22074468085106383,True
10,10,5,0.0,0.0,2.5,wave,3346,0,0,0.22384937238493724,True
10,10,6,0.0,0.0,2.5,wave,3317,0,0,0.22460054265902923,True
10,10,7,0.0,0.0,2.5,wave,3278,0,0,0.22696766320927395,True
10,10,8,0.0,0.0,2.5,wave,3241,0,0,0.22955877815489045,True
10,10,9,0.0,0.0,2.5,wave,3210,0,0,0.2308411214953271,True
10,10,10,0.0,0.0,2.5,wave,3169,0,0,0.23130325023666773,True
10,10,11,0.0,0.0,2.5,wave,3138,0,0,0.23295092415551308,True
10,10,12,0.0,0.0,2.5,wave,3118,0,0,0.23476587556125722,True
10,10,13,0.0,0.0,2.5,wave,3087,0,0,0.23582766439909297,True
10,10,14,0.0,0.0,2.5,wave,3057,0,0,0.2381419692508996,True
10,10,15,0.0,0.0,2.5,wave,3020,0,0,0.24039735099337747,True
10,10,16,0.0,0.0,2.5,wave,2993,0,0,0.24390243902439024,True
10,10,17,0.0,0.0,2.5,wave,2954,0,0,0.24712254570074474,True
10,10,18,0.0,0.0,2.5,wave,6325,0,0,0.11051383399209486,True
10,10,19,0.0,0.0,2.5,wave,6227,0,0,0.11418018307371126,True
10,10,20,0.0,0.0,2.5,wave,6101,0,0,0.11735781019505,True
10,10,21,0.0,0.0,2.5,wave,5971,0,0,0.11941048400602915,True
10,10,22,0.0,0.0,2.5,wave,5868,0,0,0.1221881390593047,True
10,10,23,0.0,0.0,2.5,wave,5720,0,0,0.12395104895104896,True
10,10,24,0.0,0.0,2.5,wave,5603,0,0,0.1268963055505979,True
10,10,25,0.0,0.0,2.5,wave,5498,0,0,0.13022917424518007,True
10,10,26,0.0,0.0,2.5,wave,5414,0,0,0.13335796084226081,True
10,10,27,0.0,0.0,2.5,wave,5323,0,0,0.13620139019349992,True
10,10,28,0.0,0.0,2.5,wave,5222,0,0,0.1390271926464956,True
10,10,29,0.0,0.0,2.5,wave,5139,0,0,0.14244016345592528,True
10,10,30,0.0,0.0,2.5,wave,5029,0,0,0.14635116325313183,True
10,10,31,0.0,0.0,2.5,wave,4944,0,0,0.14846278317152103,True
10,10,32,0.0,0.0,2.5,wave,4855,0,0,0.1509783728115345,True
10,10,33,0.0,0.0,2.5,wave,4776,0,0,0.1547319932998325,True
10,10,34,0.0,0.0,2.5,wave,4706,0,0,0.1574585635359116,True
10,10,35,0.0,0.0,2.5,wave,4629,0,0,0.15986174119680277,True
10,10,36,0.0,0.0,2.5,wave,4554,0,0,0.16205533596837945,True
10,10,37,0.0,0.0,2.5,wave,4475,0,0,0.16446927374301676,True
10,10,38,0.0,0.0,2.5,wave,4426,0,0,0.16651604157252597,True
10,10,39,0.0,0.0,2.5,wave,4371,0,0,0.16769617936398992,True
10,10,40,0.0,0.0,2.5,wave,4325,0,0,0.17017341040462428,True
10,10,41,0.0,0.0,2.5,wave,4275,0,0,0.1726315789473684,True
10,10,42,0.0,0.0,2.5,wave,4239,0,0,0.17574899740504837,True
10,10,43,0.0,0.0,2.5,wave,4784,0,0,0.23933946488294314,True
10,10,44,0.0,0.0,2.5,wave,4468,0,0,0.21284691136974038,True
10,10,45,0.0,0.0,2.5,wave,4306,0,0,0.20366929865304226,True
10,10,46,0.0,0.0,2.5,wave,4208,0,0,0.20080798479087453,True
10,10,47,0.0,0.0,2.5,wave,4134,0,0,0.19811320754716982,True
10,10,48,0.0,0.0,2.5,wave,4069,0,0,0.20029491275497666,True
10,10,49,0.0,0.0,2.5,wave,4012,0,0,0.19890329012961117,True
10,10,50,0.0,0.0,2.5,wave,3968,0,0,0.2006048387096774,True
10,10,51,0.0,0.0,2.5,wave,3913,0,0,0.20316892409915666,True
10,10,52,0.0,0.0,2.5,wave,3865,0,0,0.20646830530401034,True
10,11,1,0.0,0.0,2.5,wave,3813,0,0,0.2082349855756622,True
10,11,2,0.0,0.0,2.5,wave,3779,0,0,0.21090235512040223,True
10,11,3,0.0,0.0,2.5,wave,3734,0,0,0.21210498125334762,True
10,11,4,0.0,0.0,2.5,wave,3700,0,0,0.21216216216216216,True
10,11,5,0.0,0.0,2.5,wave,3662,0,0,0.2151829601310759,True
10,11,6,0.0,0.0,2.5,wave,3628,0,0,0.21664829106945976,True
10,11,7,0.0,0.0,2.5,wave,3587,0,0,0.2194034011708949,True
10,11,8,0.0,0.0,2.5,wave,3546,0,0,0.2222222222222222,True
10,11,9,0.0,0.0,2.5,wave,3511,0,0,0.22443748219880377,True
10,11,10,0.0,0.0,2.5,wave,3462,0,0,0.22588099364529174,True
10,11,11,0.0,0.0,2.5,wave,3418,0,0,0.2264482153306027,True
10,11,12,0.0,0.0,2.5,wave,3377,0,0,0.23038199585430855,True
10,11,13,0.0,0.0,2.5,wave,3344,0,0,0.23086124401913877,True
10,11,14,0.0,0.0,2.5,wave,3320,0,0,0.2319277108433735,True
10,11,15,0.0,0.0,2.5,wave,3279,0,0,0.232387923147301,True
10,11,16,0.0,0.0,2.5,wave,3240,0,0,0.2345679012345679,True
10,11,17,0.0,0.0,2.5,wave,3210,0,0,0.23738317757009345,True
10,11,18,0.0,0.0,2.5,wave,6972,0,0,0.10327022375215146,True
10,11,19,0.0,0.0,2.5,wave,6867,0,0,0.1052861511577108,True
10,11,20,0.0,0.0,2.5,wave,6740,0,0,0.10905044510385757,True
10,11,21,0.0,0.0,2.5,wave,6589,0,0,0.11185308848080133,True
10,11,22,0.0,0.0,2.5,wave,6483,0,0,0.11476168440536788,True
10,11,23,0.0,0.0,2.5,wave,6400,0,0,0.11796875,True
10,11,24,0.0,0.0,2.5,wave,6261,0,0,0.12090720332215302,True
10,11,25,0.0,0.0,2.5,wave,6160,0,0,0.1237012987012987,True
10,11,26,0.0,0.0,2.5,wave,6020,0,0,0.12724252491694352,True
10,11,27,0.0,0.0,2.5,wave,5918,0,0,0.12960459614734707,True
10,11,28,0.0,0.0,2.5,wave,5770,0,0,0.1317157712305026,True
10,11,29,0.0,0.0,2.5,wave,5666,0,0,0.13483939286974939,True
10,11,30,0.0,0.0,2.5,wave,5527,0,0,0.13750678487425366,True
10,11,31,0.0,0.0,2.5,wave,5380,0,0,0.13977695167286244,True
10,11,32,0.0,0.0,2.5,wave,5283,0,0,0.14310051107325383,True
10,11,33,0.0,0.0,2.5,wave,5215,0,0,0.1451581975071908,True
10,11,34,0.0,0.0,2.5,wave,5114,0,0,0.14861165428236214,True
10,11,35,0.0,0.0,2.5,wave,5058,0,0,0.1512455516014235,True
10,11,36,0.0,0.0,2.5,wave,4976,0,0,0.15494372990353697,True
10,11,37,0.0,0.0,2.5,wave,4905,0,0,0.15759429153924567,True
10,11,38,0.0,0.0,2.5,wave,4841,0,0,0.16050402809336914,True
10,11,39,0.0,0.0,2.5,wave,4797,0,0,0.1630185532624557,True
10,11,40,0.0,0.0,2.5,wave,4719,0,0,0.1657130748039839,True
10,11,41,0.0,0.0,2.5,wave,4663,0,0,0.16898992065194082,True
10,11,42,0.0,0.0,2.5,wave,4594,0,0,0.1717457553330431,True
10,11,43,0.0,0.0,2.5,wave,5238,0,0,0.2376861397479954,True
10,11,44,0.0,0.0,2.5,wave,4881,0,0,0.21389059618930548,True
10,11,45,0.0,0.0,2.5,wave,4670,0,0,0.20171306209850107,True
10,11,46,0.0,0.0,2.5,wave,4533,0,0,0.19655857048312375,True
10,11,47,0.0,0.0,2.5,wave,4442,0,0,0.19630796938316075,True
10,11,48,0.0,0.0,2.5,wave,4345,0,0,0.19378596087456848,True
10,11,49,0.0,0.0,2.5,wave,4287,0,0,0.19500816421740144,True
10,11,50,0.0,0.0,2.5,wave,4221,0,0,0.1959251362236437,True
10,11,51,0.0,0.0,2.5,wave,4162,0,0,0.19678039404132627,True
10,11,52,0.0,0.0,2.5,wave,4115,0,0,0.19902794653705955,True
11,1,1,0.0,0.0,2.5,wave,2669,0,0,0.0003746721618583739,True
11,1,2,0.0,0.0,2.5,wave,2609,0,0,0.0030663089306247606,True
11,1,3,0.0,0.0,2.5,wave,2539,0,0,0.005120126033871603,True
11,1,4,0.0,0.0,2.5,wave,2469,0,0,0.00688537869582827,True
11,1,5,0.0,0.0,2.5,wave,2419,0,0,0.009508061182306739,True
11,1,6,0.0,0.0,2.5,wave,2355,0,0,0.011464968152866241,True
11,1,7,0.0,0.0,2.5,wave,2301,0,0,0.015210777922642329,True
11,1,8,0.0,0.0,2.5,wave,2259,0,0,0.017264276228419653,True
11,1,9,0.0,0.0,2.5,wave,2215,0,0,0.019864559819413093,True
11,1,10,0.0,0.0,2.5,wave,2193,0,0,0.02051983584131327,True
11,1,11,0.0,0.0,2.5,wave,2149,0,0,0.023731968357375524,True
11,1,12,0.0,0.0,2.5,wave,2132,0,0,0.025797373358348967,True
11,1,13,0.0,0.0,2.5,wave,2112,0,0,0.026515151515151516,True
11,1,14,0.0,0.0,2.5,wave,2097,0,0,0.027658559847401048,True
11,1,15,0.0,0.0,2.5,wave,2070,0,0,0.029468599033816423,True
11,1,16,0.0,0.0,2.5,wave,2022,0,0,0.03214638971315529,True
11,1,17,0.0,0.0,2.5,wave,2004,0,0,0.035429141716566866,True
11,1,18,0.0,0.0,2.5,wave,5818,0,0,0.013750429700928154,True
11,1,19,0.0,0.0,2.5,wave,5710,0,0,0.01646234676007005,True
11,1,20,0.0,0.0,2.5,wave,5590,0,0,0.018604651162790697,True
11,1,21,0.0,0.0,2.5,wave,5439,0,0,0.02040816326530612,True
11,1,22,0.0,0.0,2.5,wave,5308,0,0,0.02185380557648832,True
11,1,23,0.0,0.0,2.5,wave,5194,0,0,0.024066230265691182,True
11,1,24,0.0,0.0,2.5,wave,5065,0,0,0.025468904244817375,True
11,1,25,0.0,0.0,2.5,wave,4968,0,0,0.027979066022544283,True
11,1,26,0.0,0.0,2.5,wave,4824,0,0,0.029643449419568823,True
11,1,27,0.0,0.0,2.5,wave,4720,0,0,0.03114406779661017,True
11,1,28,0.0,0.0,2.5,wave,4613,0,0,0.03251680034684587,True
11,1,29,0.0,0.0,2.5,wave,4503,0,0,0.034865645125471904,True
11,1,30,0.0,0.0,2.5,wave,4394,0,0,0.037551206190259444,True
11,1,31,0.0,0.0,2.5,wave,4294,0,0,0.0407545412203074,True
11,1,32,0.0,0.0,2.5,wave,4228,0,0,0.04257332071901608,True
11,1,33,0.0,0.0,2.5,wave,4127,0,0,0.04531136418706082,True
11,1,34,0.0,0.0,2.5,wave,4032,0,0,0.04712301587301587,True
11,1,35,0.0,0.0,2.5,wave,3953,0,0,0.049076650645079684,True
11,1,36,0.0,0.0,2.5,wave,3885,0,0,0.05148005148005148,True
11,1,37,0.0,0.0,2.5,wave,3835,0,0,0.05345501955671447,True
11,1,38,0.0,0.0,2.5,wave,3776,0,0,0.055614406779661014,True
11,1,39,0.0,0.0,2.5,wave,3726,0,0,0.057971014492753624,True
11,1,40,0.0,0.0,2.5,wave,3674,0,0,0.0623298856831791,True
11,1,41,0.0,0.0,2.5,wave,3616,0,0,0.06554203539823009,True
11,1,42,0.0,0.0,2.5,wave,3545,0,0,0.06657263751763047,True
11,1,43,0.0,0.0,2.5,wave,3800,0,0,0.10473684210526316,True
11,1,44,0.0,0.0,2.5,wave,3616,0,0,0.09513274336283185,True
11,1,45,0.0,0.0,2.5,wave,3539,0,0,0.09550720542526138,True
11,1,46,0.0,0.0,2.5,wave,3474,0,0,0.09671848013816926,True
11,1,47,0.0,0.0,2.5,wave,3410,0,0,0.09560117302052785,True
11,1,48,0.0,0.0,2.5,wave,3352,0,0,0.09904534606205251,True
11,1,49,0.0,0.0,2.5,wave,3306,0,0,0.10012099213551119,True
11,1,50,0.0,0.0,2.5,wave,3257,0,0,0.10254835738409579,True
11,1,51,0.0,0.0,2.5,wave,3203,0,0,0.10365282547611614,True
11,1,52,0.0,0.0,2.5,wave,3167,0,0,0.10419955794126934,True
11,2,1,0.0,0.0,2.5,wave,3128,25,8,0.10869565217391304,False
11,2,2,0.0,0.0,2.5,wave,3091,28,12,0.10967324490456164,False
11,2,3,0.0,0.0,2.5,wave,3037,22,8,0.11030622324662497,False
11,2,4,0.0,0.0,2.5,wave,2992,25,9,0.11296791443850267,False
11,2,5,0.0,0.0,2.5,wave,2962,21,8,0.11715057393652938,False
11,2,6,0.0,0.0,2.5,wave,2910,23,7,0.11683848797250859,False
11,2,7,0.0,0.0,2.5,wave,2878,23,6,0.11917998610145934,False
11,2,8,0.0,0.0,2.5,wave,2825,27,7,0.12283185840707965,False
11,2,9,0.0,0.0,2.5,wave,2779,27,11,0.12378553436487945,False
11,2,10,0.0,0.0,2.5,wave,2746,33,13,0.12636562272396212,False
11,2,11,0.0,0.0,2.5,wave,2702,35,17,0.12805329385640266,False
11,2,12,0.0,0.0,2.5,wave,2659,42,17,0.132380594208349,False
11,2,13,0.0,0.0,2.5,wave,2614,48,11,0.1331293037490436,False
11,2,14,0.0,0.0,2.5,wave,2569,45,16,0.1370182950564422,False
11,2,15,0.0,0.0,2.5,wave,2527,49,25,0.13771270280965572,False
11,2,16,0.0,0.0,2.5,wave,2496,48,24,0.14022435897435898,False
11,2,17,0.0,0.0,2.5,wave,2442,40,13,0.14373464373464373,False
11,2,18,0.0,0.0,2.5,wave,4626,37,11,0.07609165585819282,False
11,2,19,0.0,0.0,2.5,wave,4539,49,14,0.07887199823749724,False
11,2,20,0.0,0.0,2.5,wave,4408,55,17,0.07985480943738657,False
11,2,21,0.0,0.0,2.5,wave,4315,67,17,0.08296639629200464,False
11,2,22,0.0,0.0,2.5,wave,4208,59,22,0.08626425855513307,False
11,2,23,0.0,0.0,2.5,wave,4097,71,27,0.0893336587747132,False
11,2,24,0.0,0.0,2.5,wave,4005,72,23,0.09263420724094881,False
11,2,25,0.0,0.0,2.5,wave,3922,79,24,0.09765425803161652,False
11,2,26,0.0,0.0,2.5,wave,3849,87,30,0.09872694206287347,False
11,2,27,0.0,0.0,2.5,wave,3732,80,31,0.10289389067524116,False
11,2,28,0.0,0.0,2.5,wave,3652,71,27,0.10377875136911281,False
11,2,29,0.0,0.0,2.5,wave,3559,65,25,0.10705254284911492,False
11,2,30,0.0,0.0,2.5,wave,3467,61,25,0.10902797807903086,False
11,2,31,0.0,0.0,2.5,wave,3393,59,20,0.11140583554376658,False
11,2,32,0.0,0.0,2.5,wave,3292,54,20,0.11360874848116646,False
11,2,33,0.0,0.0,2.5,wave,3216,56,24,0.11536069651741293,False
11,2,34,0.0,0.0,2.5,wave,3125,49,27,0.1184,False
11,2,35,0.0,0.0,2.5,wave,3061,38,20,0.12120222149624306,False
11,2,36,0.0,0.0,2.5,wave,2955,29,13,0.12351945854483926,False
11,2,37,0.0,0.0,2.5,wave,2908,24,11,0.12689133425034388,False
11,2,38,0.0,0.0,2.5,wave,2860,24,8,0.13006993006993006,False
11,2,39,0.0,0.0,2.5,wave,2815,19,9,0.13179396092362344,False
11,2,40,0.0,0.0,2.5,wave,2772,19,10,0.1331168831168831,False
11,2,41,0.0,0.0,2.5,wave,2745,15,6,0.13806921675774134,False
11,2,42,0.0,0.0,2.5,wave,2703,12,2,0.13836477987421383,False
11,2,43,0.0,0.0,2.5,wave,2995,15,6,0.196661101836394,False
11,2,44,0.0,0.0,2.5,wave,2815,12,6,0.1744227353463588,False
11,2,45,0.0,0.0,2.5,wave,2749,9,5,0.17315387413604946,False
11,2,46,0.0,0.0,2.5,wave,2710,5,3,0.17269372693726937,False
11,2,47,0.0,0.0,2.5,wave,2670,5,3,0.17378277153558053,False
11,2,48,0.0,0.0,2.5,wave,2648,3,1,0.17598187311178248,False
11,2,49,0.0,0.0,2.5,wave,2633,2,1,0.17698442840865933,False
11,2,50,0.0,0.0,2.5,wave,2597,2,1,0.1759722757027339,False
11,2,51,0.0,0.0,2.5,wave,2580,1,1,0.17829457364341086,False
11,2,52,0.0,0.0,2.5,wave,2541,3,1,0.1786698150334514,False
11,3,1,0.0,0.0,2.5,wave,2523,2,0,0.18034086405073324,False
11,3,2,0.0,0.0,2.5,wave,2493,2,0,0.18130766145206578,False
11,3,3,0.0,0.0,2.5,wave,2457,2,1,0.18152218152218152,False
11,3,4,0.0,0.0,2.5,wave,2429,2,1,0.18279127212844792,False
11,3,5,0.0,0.0,2.5,wave,2391,1,0,0.18527812630698454,False
11,3,6,0.0,0.0,2.5,wave,2363,1,0,0.18747355057130766,False
11,3,7,0.0,0.0,2.5,wave,2342,1,1,0.1891545687446627,False
11,3,8,0.0,0.0,2.5,wave,2313,3,1,0.18893212278426286,False
11,3,9,0.0,0.0,2.5,wave,2286,2,0,0.19160104986876642,False
11,3,10,0.0,0.0,2.5,wave,2250,2,2,0.19244444444444445,False
11,3,11,0.0,0.0,2.5,wave,2231,3,2,0.19363514119229044,False
11,3,12,0.0,0.0,2.5,wave,2208,1,1,0.19972826086956522,False
11,3,13,0.0,0.0,2.5,wave,2193,2,1,0.20018239854081168,False
11,3,14,0.0,0.0,2.5,wave,2185,1,0,0.20137299771167047,False
11,3,15,0.0,0.0,2.5,wave,2163,1,0,0.20018492834026816,False
11,3,16,0.0,0.0,2.5,wave,2143,1,0,0.20251983201119925,False
11,3,17,0.0,0.0,2.5,wave,2122,1,0,0.205937794533459,False
11,3,18,0.0,0.0,2.5,wave,4456,1,0,0.09807001795332136,False
11,3,19,0.0,0.0,2.5,wave,4377,1,1,0.09915467214987435,False
11,3,20,0.0,0.0,2.5,wave,4281,3,1,0.10184536323288951,False
11,3,21,0.0,0.0,2.5,wave,4202,2,0,0.10471204188481675,False
11,3,22,0.0,0.0,2.5,wave,4137,2,0,0.10829103214890017,False
11,3,23,0.0,0.0,2.5,wave,4039,2,1,0.11141371626640258,False
11,3,24,0.0,0.0,2.5,wave,3941,4,1,0.11164679015478304,False
11,3,25,0.0,0.0,2.5,wave,3863,3,1,0.11441884545689879,False
11,3,26,0.0,0.0,2.5,wave,3795,8,1,0.11805006587615283,False
11,3,27,0.0,0.0,2.5,wave,3725,7,2,0.1221476510067114,False
11,3,28,0.0,0.0,2.5,wave,3655,9,6,0.12585499316005472,False
11,3,29,0.0,0.0,2.5,wave,3581,12,4,0.13013124825467745,False
11,3,30,0.0,0.0,2.5,wave,3521,8,2,0.13320079522862824,False
11,3,31,0.0,0.0,2.5,wave,3464,9,4,0.1351039260969977,False
11,3,32,0.0,0.0,2.5,wave,3385,9,3,0.13914327917282127,False
11,3,33,0.0,0.0,2.5,wave,3323,8,2,0.1432440565753837,False
11,3,34,0.0,0.0,2.5,wave,3257,7,2,0.14553269880257905,False
11,3,35,0.0,0.0,2.5,wave,3215,8,3,0.1489891135303266,False
11,3,36,0.0,0.0,2.5,wave,3164,9,2,0.15233881163084703,False
11,3,37,0.0,0.0,2.5,wave,3114,7,2,0.1579961464354528,False
11,3,38,0.0,0.0,2.5,wave,3071,10,4,0.16085965483555845,False
11,3,39,0.0,0.0,2.5,wave,3028,10,2,0.16116248348745046,False
11,3,40,0.0,0.0,2.5,wave,2990,7,4,0.16354515050167223,False
11,3,41,0.0,0.0,2.5,wave,2957,9,4,0.16469394656746703,False
11,3,42,0.0,0.0,2.5,wave,2924,5,2,0.16826265389876882,False
11,3,43,0.0,0.0,2.5,wave,3326,8,2,0.23150932050511125,False
11,3,44,0.0,0.0,2.5,wave,3144,6,1,0.21374045801526717,False
11,3,45,0.0,0.0,2.5,wave,3061,6,5,0.20777523685070237,False
11,3,46,0.0,0.0,2.5,wave,2975,6,5,0.20605042016806724,False
11,3,47,0.0,0.0,2.5,wave,2948,2,1,0.20963364993215738,False
11,3,48,0.0,0.0,2.5,wave,2912,1,1,0.21050824175824176,False
11,3,49,0.0,0.0,2.5,wave,2877,2,1,0.2127215849843587,False
11,3,50,0.0,0.0,2.5,wave,2842,1,0,0.21217452498240674,False
11,3,51,0.0,0.0,2.5,wave,2772,1,0,0.2106782106782107,False
11,3,52,0.0,0.0,2.5,wave,2734,1,0,0.21324067300658375,False
11,4,1,0.0,0.0,2.5,wave,2702,1,1,0.2153960029607698,False
11,4,2,0.0,0.0,2.5,wave,2686,1,1,0.21630677587490693,False
11,4,3,0.0,0.0,2.5,wave,2660,0,0,0.21879699248120302,True
11,4,4,0.0,0.0,2.5,wave,2639,0,0,0.22243273967411897,True
11,4,5,0.0,0.0,2.5,wave,2602,0,0,0.22328977709454265,True
11,4,6,0.0,0.0,2.5,wave,2580,0,0,0.2251937984496124,True
11,4,7,0.0,0.0,2.5,wave,2550,0,0,0.22666666666666666,True
11,4,8,0.0,0.0,2.5,wave,2524,0,0,0.22900158478605387,True
11,4,9,0.0,0.0,2.5,wave,2490,0,0,0.23052208835341365,True
11,4,10,0.0,0.0,2.5,wave,2465,0,0,0.23286004056795132,True
11,4,11,0.0,0.0,2.5,wave,2436,0,0,0.23357963875205254,True
11,4,12,0.0,0.0,2.5,wave,2410,0,0,0.23568464730290456,True
11,4,13,0.0,0.0,2.5,wave,2387,0,0,0.23837452869710934,True
11,4,14,0.0,0.0,2.5,wave,2345,0,0,0.2396588486140725,True
11,4,15,0.0,0.0,2.5,wave,2324,0,0,0.24096385542168675,True
11,4,16,0.0,0.0,2.5,wave,2298,0,0,0.24499564838990426,True
11,4,17,0.0,0.0,2.5,wave,2277,0,0,0.24549846288976723,True
11,4,18,0.0,0.0,2.5,wave,4741,0,0,0.11938409618224004,True
11,4,19,0.0,0.0,2.5,wave,4655,0,0,0.12244897959183673,True
11,4,20,0.0,0.0,2.5,wave,4557,0,0,0.1239850779021286,True
11,4,21,0.0,0.0,2.5,wave,4470,0,0,0.1266219239373602,True
11,4,22,0.0,0.0,2.5,wave,4371,0,0,0.1299473804621368,True
11,4,23,0.0,0.0,2.5,wave,4276,0,0,0.13166510757717492,True
11,4,24,0.0,0.0,2.5,wave,4151,0,0,0.13418453384726572,True
11,4,25,0.0,0.0,2.5,wave,4087,0,0,0.13726449718620015,True
11,4,26,0.0,0.0,2.5,wave,4028,0,0,0.14026812313803377,True
11,4,27,0.0,0.0,2.5,wave,3938,0,0,0.14271203656678516,True
11,4,28,0.0,0.0,2.5,wave,3833,0,0,0.14583876858857292,True
11,4,29,0.0,0.0,2.5,wave,3761,0,0,0.14889657006115395,True
11,4,30,0.0,0.0,2.5,wave,3677,0,0,0.15093826488985587,True
11,4,31,0.0,0.0,2.5,wave,3585,0,0,0.15704323570432357,True
11,4,32,0.0,0.0,2.5,wave,3539,0,0,0.15964961853630968,True
11,4,33,0.0,0.0,2.5,wave,3464,0,0,0.16166281755196305,True
11,4,34,0.0,0.0,2.5,wave,3376,0,0,0.16350710900473933,True
11,4,35,0.0,0.0,2.5,wave,3299,0,0,0.16823279781752046,True
11,4,36,0.0,0.0,2.5,wave,3231,0,0,0.1705354379449087,True
11,4,37,0.0,0.0,2.5,wave,3147,0,0,0.17508738481093106,True
11,4,38,0.0,0.0,2.5,wave,3108,0,0,0.17567567567567569,True
11,4,39,0.0,0.0,2.5,wave,3064,0,0,0.17950391644908617,True
11,4,40,0.0,0.0,2.5,wave,3028,0,0,0.18196829590488772,True
11,4,41,0.0,0.0,2.5,wave,2993,0,0,0.18376211159371866,True
11,4,42,0.0,0.0,2.5,wave,2972,0,0,0.1857335127860027,True
11,4,43,0.0,0.0,2.5,wave,3392,0,0,0.25265330188679247,True
11,4,44,0.0,0.0,2.5,wave,3208,0,0,0.23659600997506233,True
11,4,45,0.0,0.0,2.5,wave,3100,0,0,0.22903225806451613,True
11,4,46,0.0,0.0,2.5,wave,3060,0,0,0.22549019607843138,True
11,4,47,0.0,0.0,2.5,wave,3020,0,0,0.22649006622516557,True
11,4,48,0.0,0.0,2.5,wave,2991,0,0,0.22868605817452356,True
11,4,49,0.0,0.0,2.5,wave,2973,0,0,0.22771611167171207,True
11,4,50,0.0,0.0,2.5,wave,2970,0,0,0.235016835016835,True
11,4,51,0.0,0.0,2.5,wave,2950,0,0,0.2352542372881356,True
11,4,52,0.0,0.0,2.5,wave,2929,0,0,0.2376237623762376,True
11,5,1,0.0,0.0,2.5,wave,2902,0,0,0.2412129565816678,True
11,5,2,0.0,0.0,2.5,wave,2876,0,0,0.24791376912378305,True
11,5,3,0.0,0.0,2.5,wave,2842,0,0,0.2498240675580577,True
11,5,4,0.0,0.0,2.5,wave,2809,0,0,0.2520469918120328,True
11,5,5,0.0,0.0,2.5,wave,2776,0,0,0.25360230547550433,True
11,5,6,0.0,0.0,2.5,wave,2749,0,0,0.25754819934521644,True
11,5,7,0.0,0.0,2.5,wave,2727,0,0,0.25999266593326,True
11,5,8,0.0,0.0,2.5,wave,2696,0,0,0.2655786350148368,True
11,5,9,0.0,0.0,2.5,wave,2670,0,0,0.26741573033707866,True
11,5,10,0.0,0.0,2.5,wave,2643,0,0,0.270525917517972,True
11,5,11,0.0,0.0,2.5,wave,2611,0,0,0.2734584450402145,True
11,5,12,0.0,0.0,2.5,wave,2574,0,0,0.27505827505827507,True
11,5,13,0.0,0.0,2.5,wave,2553,0,0,0.2777124951037995,True
11,5,14,0.0,0.0,2.5,wave,2526,0,0,0.27988915281076804,True
11,5,15,0.0,0.0,2.5,wave,2498,0,0,0.2806244995996797,True
11,5,16,0.0,0.0,2.5,wave,2474,0,0,0.28213419563459985,True
11,5,17,0.0,0.0,2.5,wave,2439,0,0,0.2820828208282083,True
11,5,18,0.0,0.0,2.5,wave,5352,0,0,0.12948430493273544,True
11,5,19,0.0,0.0,2.5,wave,5269,0,0,0.13228316568608844,True
11,5,20,0.0,0.0,2.5,wave,5133,0,0,0.13637249172024157,True
11,5,21,0.0,0.0,2.5,wave,5010,0,0,0.1375249500998004,True
11,5,22,0.0,0.0,2.5,wave,4925,0,0,0.14071065989847717,True
11,5,23,0.0,0.0,2.5,wave,4804,0,0,0.1442547876769359,True
11,5,24,0.0,0.0,2.5,wave,4737,0,0,0.14692843571880937,True
11,5,25,0.0,0.0,2.5,wave,4627,0,0,0.14847633455802897,True
11,5,26,0.0,0.0,2.5,wave,4499,0,0,0.1504778839742165,True
11,5,27,0.0,0.0,2.5,wave,4400,0,0,0.15363636363636363,True
11,5,28,0.0,0.0,2.5,wave,4302,0,0,0.15597396559739657,True
11,5,29,0.0,0.0,2.5,wave,4230,0,0,0.1574468085106383,True
11,5,30,0.0,0.0,2.5,wave,4130,0,0,0.15883777239709443,True
11,5,31,0.0,0.0,2.5,wave,4040,0,0,0.1613861386138614,True
11,5,32,0.0,0.0,2.5,wave,3936,0,0,0.16615853658536586,True
11,5,33,0.0,0.0,2.5,wave,3860,0,0,0.1689119170984456,True
11,5,34,0.0,0.0,2.5,wave,3778,0,0,0.17284277395447326,True
11,5,35,0.0,0.0,2.5,wave,3677,0,0,0.1775904269785151,True
11,5,36,0.0,0.0,2.5,wave,3580,0,0,0.18100558659217877,True
11,5,37,0.0,0.0,2.5,wave,3509,0,0,0.18438301510401825,True
11,5,38,0.0,0.0,2.5,wave,3441,0,0,0.1857018308631212,True
11,5,39,0.0,0.0,2.5,wave,3394,0,0,0.18709487330583383,True
11,5,40,0.0,0.0,2.5,wave,3339,0,0,0.18867924528301888,True
11,5,41,0.0,0.0,2.5,wave,3290,0,0,0.19361702127659575,True
11,5,42,0.0,0.0,2.5,wave,3246,0,0,0.1977818853974122,True
11,5,43,0.0,0.0,2.5,wave,3528,0,0,0.24121315192743764,True
11,5,44,0.0,0.0,2.5,wave,3287,0,0,0.2245208396714329,True
11,5,45,0.0,0.0,2.5,wave,3215,0,0,0.21959564541213064,True
11,5,46,0.0,0.0,2.5,wave,3157,0,0,0.21634463097877732,True
11,5,47,0.0,0.0,2.5,wave,3137,0,0,0.21995537137392412,True
11,5,48,0.0,0.0,2.5,wave,3101,0,0,0.22379877458884231,True
11,5,49,0.0,0.0,2.5,wave,3043,0,0,0.22707854091357213,True
11,5,50,0.0,0.0,2.5,wave,3017,0,0,0.23400729201193238,True
11,5,51,0.0,0.0,2.5,wave,2986,0,0,0.23342263898191562,True
11,5,52,0.0,0.0,2.5,wave,2967,0,0,0.23761375126390294,True
11,6,1,0.0,0.0,2.5,wave,2925,0,0,0.24136752136752138,True
11,6,2,0.0,0.0,2.5,wave,2920,0,0,0.2452054794520548,True
11,6,3,0.0,0.0,2.5,wave,2892,0,0,0.24930843706777317,True
11,6,4,0.0,0.0,2.5,wave,2876,0,0,0.2517385257301808,True
11,6,5,0.0,0.0,2.5,wave,2833,0,0,0.2523826332509707,True
11,6,6,0.0,0.0,2.5,wave,2799,0,0,0.2536620221507681,True
11,6,7,0.0,0.0,2.5,wave,2779,0,0,0.25836631881971933,True
11,6,8,0.0,0.0,2.5,wave,2756,0,0,0.261611030478955,True
11,6,9,0.0,0.0,2.5,wave,2730,0,0,0.2644688644688645,True
11,6,10,0.0,0.0,2.5,wave,2713,0,0,0.26723184666420935,True
11,6,11,0.0,0.0,2.5,wave,2668,0,0,0.27061469265367316,True
11,6,12,0.0,0.0,2.5,wave,2642,0,0,0.2721423164269493,True
11,6,13,0.0,0.0,2.5,wave,2614,0,0,0.27429227237949505,True
11,6,14,0.0,0.0,2.5,wave,2592,0,0,0.27816358024691357,True
11,6,15,0.0,0.0,2.5,wave,2552,0,0,0.2793887147335423,True
11,6,16,0.0,0.0,2.5,wave,2525,0,0,0.28277227722772275,True
11,6,17,0.0,0.0,2.5,wave,2499,0,0,0.2845138055222089,True
11,6,18,0.0,0.0,2.5,wave,5486,0,0,0.13197229310973388,True
11,6,19,0.0,0.0,2.5,wave,5383,0,0,0.1346832621214936,True
11,6,20,0.0,0.0,2.5,wave,5288,0,0,0.1378593040847201,True
11,6,21,0.0,0.0,2.5,wave,5172,0,0,0.1405645784996133,True
11,6,22,0.0,0.0,2.5,wave,5022,0,0,0.14356829948227798,True
11,6,23,0.0,0.0,2.5,wave,4900,0,0,0.14755102040816326,True
11,6,24,0.0,0.0,2.5,wave,4810,0,0,0.15051975051975053,True
11,6,25,0.0,0.0,2.5,wave,4729,0,0,0.15204060054979912,True
11,6,26,0.0,0.0,2.5,wave,4614,0,0,0.15474642392717816,True
11,6,27,0.0,0.0,2.5,wave,4503,0,0,0.15944925605152122,True
11,6,28,0.0,0.0,2.5,wave,4396,0,0,0.16196542311191992,True
11,6,29,0.0,0.0,2.5,wave,4320,0,0,0.16550925925925927,True
11,6,30,0.0,0.0,2.5,wave,4200,0,0,0.16833333333333333,True
11,6,31,0.0,0.0,2.5,wave,4120,0,0,0.17014563106796116,True
11,6,32,0.0,0.0,2.5,wave,4033,0,0,0.17356806347632037,True
11,6,33,0.0,0.0,2.5,wave,3958,0,0,0.17609903991915107,True
11,6,34,0.0,0.0,2.5,wave,3908,0,0,0.17911975435005117,True
11,6,35,0.0,0.0,2.5,wave,3829,0,0,0.18177069731000262,True
11,6,36,0.0,0.0,2.5,wave,3724,0,0,0.18501611170784102,True
11,6,37,0.0,0.0,2.5,wave,3678,0,0,0.1867862969004894,True
11,6,38,0.0,0.0,2.5,wave,3639,0,0,0.18796372629843364,True
11,6,39,0.0,0.0,2.5,wave,3586,0,0,0.19074177356385946,True
11,6,40,0.0,0.0,2.5,wave,3536,0,0,0.1948529411764706,True
11,6,41,0.0,0.0,2.5,wave,3489,0,0,0.19747778733161364,True
11,6,42,0.0,0.0,2.5,wave,3453,0,0,0.20156385751520417,True
11,6,43,0.0,0.0,2.5,wave,3779,0,0,0.2529769780365176,True
11,6,44,0.0,0.0,2.5,wave,3541,0,0,0.23609149957639086,True
11,6,45,0.0,0.0,2.5,wave,3420,0,0,0.22865497076023392,True
11,6,46,0.0,0.0,2.5,wave,3372,0,0,0.22864768683274023,True
11,6,47,0.0,0.0,2.5,wave,3354,0,0,0.2304710793082886,True
11,6,48,0.0,0.0,2.5,wave,3348,0,0,0.234468339307049,True
11,6,49,0.0,0.0,2.5,wave,3313,0,0,0.23724720796860851,True
11,6,50,0.0,0.0,2.5,wave,3299,0,0,0.24098211579266443,True
11,6,51,0.0,0.0,2.5,wave,3270,0,0,0.24770642201834864,True
11,6,52,0.0,0.0,2.5,wave,3253,0,0,0.2471564709498924,True
11,7,1,0.0,0.0,2.5,wave,3259,0,0,0.2503835532371893,True
11,7,2,0.0,0.0,2.5,wave,3234,0,0,0.2510822510822511,True
11,7,3,0.0,0.0,2.5,wave,3225,0,0,0.2545736434108527,True
11,7,4,0.0,0.0,2.5,wave,3208,0,0,0.2577930174563591,True
11,7,5,0.0,0.0,2.5,wave,3170,0,0,0.26246056782334387,True
11,7,6,0.0,0.0,2.5,wave,3139,0,0,0.26537113730487416,True
11,7,7,0.0,0.0,2.5,wave,3096,0,0,0.26744186046511625,True
11,7,8,0.0,0.0,2.5,wave,3050,0,0,0.27081967213114755,True
11,7,9,0.0,0.0,2.5,wave,3015,0,0,0.2769485903814262,True
11,7,10,0.0,0.0,2.5,wave,2996,0,0,0.2793724966622163,True
11,7,11,0.0,0.0,2.5,wave,2976,0,0,0.28158602150537637,True
11,7,12,0.0,0.0,2.5,wave,2955,0,0,0.28527918781725886,True
11,7,13,0.0,0.0,2.5,wave,2933,0,0,0.2857142857142857,True
11,7,14,0.0,0.0,2.5,wave,2908,0,0,0.28645116918844565,True
11,7,15,0.0,0.0,2.5,wave,2879,0,0,0.2893365751997221,True
11,7,16,0.0,0.0,2.5,wave,2849,0,0,0.29343629343629346,True
11,7,17,0.0,0.0,2.5,wave,2824,0,0,0.294971671388102,True
11,7,18,0.0,0.0,2.5,wave,5970,0,0,0.1410385259631491,True
11,7,19,0.0,0.0,2.5,wave,5883,0,0,0.1438041815400306,True
11,7,20,0.0,0.0,2.5,wave,5746,0,0,0.1461886529759833,True
11,7,21,0.0,0.0,2.5,wave,5620,0,0,0.1498220640569395,True
11,7,22,0.0,0.0,2.5,wave,5478,0,0,0.15279299014238773,True
11,7,23,0.0,0.0,2.5,wave,5367,0,0,0.15520775107136203,True
11,7,24,0.0,0.0,2.5,wave,5263,0,0,0.15751472544176326,True
11,7,25,0.0,0.0,2.5,wave,5137,0,0,0.16001557329180455,True
11,7,26,0.0,0.0,2.5,wave,5032,0,0,0.1625596184419714,True
11,7,27,0.0,0.0,2.5,wave,4956,0,0,0.16646489104116222,True
11,7,28,0.0,0.0,2.5,wave,4818,0,0,0.16998754669987548,True
11,7,29,0.0,0.0,2.5,wave,4700,0,0,0.17297872340425532,True
11,7,30,0.0,0.0,2.5,wave,4589,0,0,0.17672695576378297,True
11,7,31,0.0,0.0,2.5,wave,4511,0,0,0.1800044336067391,True
11,7,32,0.0,0.0,2.5,wave,4427,0,0,0.18296814998870567,True
11,7,33,0.0,0.0,2.5,wave,4337,0,0,0.18607332257320727,True
11,7,34,0.0,0.0,2.5,wave,4265,0,0,0.18780773739742088,True
11,7,35,0.0,0.0,2.5,wave,4171,0,0,0.189882522176936,True
11,7,36,0.0,0.0,2.5,wave,4074,0,0,0.19317623956799215,True
11,7,37,0.0,0.0,2.5,wave,4012,0,0,0.19790628115653042,True
11,7,38,0.0,0.0,2.5,wave,3965,0,0,0.20025220680958386,True
11,7,39,0.0,0.0,2.5,wave,3909,0,0,0.20337682271680738,True
11,7,40,0.0,0.0,2.5,wave,3850,0,0,0.2044155844155844,True
11,7,41,0.0,0.0,2.5,wave,3794,0,0,0.20637849235635214,True
11,7,42,0.0,0.0,2.5,wave,3748,0,0,0.2083778014941302,True
11,7,43,0.0,0.0,2.5,wave,3918,0,0,0.2514037774374681,True
11,7,44,0.0,0.0,2.5,wave,3687,0,0,0.23921887713588283,True
11,7,45,0.0,0.0,2.5,wave,3579,0,0,0.2330259849119866,True
11,7,46,0.0,0.0,2.5,wave,3549,0,0,0.23415046491969568,True
11,7,47,0.0,0.0,2.5,wave,3526,0,0,0.23624503686897333,True
11,7,48,0.0,0.0,2.5,wave,3509,0,0,0.23710458820176689,True
11,7,49,0.0,0.0,2.5,wave,3493,0,0,0.24019467506441455,True
11,7,50,0.0,0.0,2.5,wave,3451,0,0,0.2396406838597508,True
11,7,51,0.0,0.0,2.5,wave,3412,0,0,0.2447245017584994,True
11,7,52,0.0,0.0,2.5,wave,3375,0,0,0.24622222222222223,True
11,8,1,0.0,0.0,2.5,wave,3325,0,0,0.24812030075187969,True
11,8,2,0.0,0.0,2.5,wave,3293,0,0,0.24901305800182205,True
11,8,3,0.0,0.0,2.5,wave,3278,0,0,0.25198291641244663,True
11,8,4,0.0,0.0,2.5,wave,3266,0,0,0.2544396815676669,True
11,8,5,0.0,0.0,2.5,wave,3241,0,0,0.2560937982104289,True
11,8,6,0.0,0.0,2.5,wave,3221,0,0,0.2598571872089413,True
11,8,7,0.0,0.0,2.5,wave,3199,0,0,0.26258205689277897,True
11,8,8,0.0,0.0,2.5,wave,3174,0,0,0.2655954631379962,True
11,8,9,0.0,0.0,2.5,wave,3132,0,0,0.2656449553001277,True
11,8,10,0.0,0.0,2.5,wave,3108,0,0,0.2676962676962677,True
11,8,11,0.0,0.0,2.5,wave,3074,0,0,0.27098243331164606,True
11,8,12,0.0,0.0,2.5,wave,3044,0,0,0.2720105124835742,True
11,8,13,0.0,0.0,2.5,wave,3008,0,0,0.2736037234042553,True
11,8,14,0.0,0.0,2.5,wave,2976,0,0,0.2745295698924731,True
11,8,15,0.0,0.0,2.5,wave,2934,0,0,0.2777777777777778,True
11,8,16,0.0,0.0,2.5,wave,2908,0,0,0.28026134800550206,True
11,8,17,0.0,0.0,2.5,wave,2890,0,0,0.2816608996539792,True
11,8,18,0.0,0.0,2.5,wave,6211,0,0,0.13186282402189664,True
11,8,19,0.0,0.0,2.5,wave,6124,0,0,0.13406270411495755,True
11,8,20,0.0,0.0,2.5,wave,6005,0,0,0.13721898417985012,True
11,8,21,0.0,0.0,2.5,wave,5888,0,0,0.14215353260869565,True
11,8,22,0.0,0.0,2.5,wave,5795,0,0,0.1458153580672994,True
11,8,23,0.0,0.0,2.5,wave,5668,0,0,0.1489061397318278,True
11,8,24,0.0,0.0,2.5,wave,5584,0,0,0.15132521489971346,True
11,8,25,0.0,0.0,2.5,wave,5455,0,0,0.1550870760769936,True
11,8,26,0.0,0.0,2.5,wave,5331,0,0,0.15944475708122305,True
11,8,27,0.0,0.0,2.5,wave,5210,0,0,0.16122840690978887,True
11,8,28,0.0,0.0,2.5,wave,5123,0,0,0.16416162404840914,True
11,8,29,0.0,0.0,2.5,wave,5019,0,0,0.16676628810520025,True
11,8,30,0.0,0.0,2.5,wave,4917,0,0,0.17002237136465326,True
11,8,31,0.0,0.0,2.5,wave,4853,0,0,0.17226457861116834,True
11,8,32,0.0,0.0,2.5,wave,4764,0,0,0.17527287993282956,True
11,8,33,0.0,0.0,2.5,wave,4691,0,0,0.17800042634832658,True
11,8,34,0.0,0.0,2.5,wave,4567,0,0,0.18217648346835996,True
11,8,35,0.0,0.0,2.5,wave,4462,0,0,0.1864634692962797,True
11,8,36,0.0,0.0,2.5,wave,4380,0,0,0.1906392694063927,True
11,8,37,0.0,0.0,2.5,wave,4276,0,0,0.19340505144995324,True
11,8,38,0.0,0.0,2.5,wave,4214,0,0,0.19743711438063596,True
11,8,39,0.0,0.0,2.5,wave,4161,0,0,0.20067291516462388,True
11,8,40,0.0,0.0,2.5,wave,4112,0,0,0.20306420233463035,True
11,8,41,0.0,0.0,2.5,wave,4068,0,0,0.20771878072763028,True
11,8,42,0.0,0.0,2.5,wave,4026,0,0,0.21112767014406358,True
11,8,43,0.0,0.0,2.5,wave,4331,0,0,0.26044793350265527,True
11,8,44,0.0,0.0,2.5,wave,4059,0,0,0.24168514412416853,True
11,8,45,0.0,0.0,2.5,wave,3928,0,0,0.23523421588594703,True
11,8,46,0.0,0.0,2.5,wave,3865,0,0,0.23622250970245795,True
11,8,47,0.0,0.0,2.5,wave,3816,0,0,0.23925576519916142,True
11,8,48,0.0,0.0,2.5,wave,3758,0,0,0.2400212879191059,True
11,8,49,0.0,0.0,2.5,wave,3725,0,0,0.24241610738255034,True
11,8,50,0.0,0.0,2.5,wave,3683,0,0,0.2411077925604127,True
11,8,51,0.0,0.0,2.5,wave,3650,0,0,0.24767123287671233,True
11,8,52,0.0,0.0,2.5,wave,3631,0,0,0.2497934453318645,True
11,9,1,0.0,0.0,2.5,wave,3597,0,0,0.2549346677787045,True
11,9,2,0.0,0.0,2.5,wave,3535,0,0,0.257991513437058,True
11,9,3,0.0,0.0,2.5,wave,3476,0,0,0.25863060989643266,True
11,9,4,0.0,0.0,2.5,wave,3440,0,0,0.2625,True
11,9,5,0.0,0.0,2.5,wave,3393,0,0,0.2664308871205423,True
11,9,6,0.0,0.0,2.5,wave,3328,0,0,0.26412259615384615,True
11,9,7,0.0,0.0,2.5,wave,3283,0,0,0.2671337191593055,True
11,9,8,0.0,0.0,2.5,wave,3230,0,0,0.26656346749226006,True
11,9,9,0.0,0.0,2.5,wave,3174,0,0,0.2684310018903592,True
11,9,10,0.0,0.0,2.5,wave,3104,0,0,0.2699742268041237,True
11,9,11,0.0,0.0,2.5,wave,3053,0,0,0.27153619390763184,True
11,9,12,0.0,0.0,2.5,wave,3022,0,0,0.2739907346128392,True
11,9,13,0.0,0.0,2.5,wave,2981,0,0,0.27373364642737336,True
11,9,14,0.0,0.0,2.5,wave,2947,0,0,0.27485578554462164,True
11,9,15,0.0,0.0,2.5,wave,2899,0,0,0.27802690582959644,True
11,9,16,0.0,0.0,2.5,wave,2857,0,0,0.2765138256912846,True
11,9,17,0.0,0.0,2.5,wave,2817,0,0,0.2807951721689741,True
11,9,18,0.0,0.0,2.5,wave,5934,0,0,0.12504213009774182,True
11,9,19,0.0,0.0,2.5,wave,5888,0,0,0.12788722826086957,True
11,9,20,0.0,0.0,2.5,wave,5750,0,0,0.12991304347826088,True
11,9,21,0.0,0.0,2.5,wave,5568,0,0,0.13308189655172414,True
11,9,22,0.0,0.0,2.5,wave,5423,0,0,0.13534943758067491,True
11,9,23,0.0,0.0,2.5,wave,5318,0,0,0.13896201579541181,True
11,9,24,0.0,0.0,2.5,wave,5222,0,0,0.14170815779394869,True
11,9,25,0.0,0.0,2.5,wave,5108,0,0,0.14506656225528583,True
11,9,26,0.0,0.0,2.5,wave,4995,0,0,0.14914914914914915,True
11,9,27,0.0,0.0,2.5,wave,4878,0,0,0.15170151701517015,True
11,9,28,0.0,0.0,2.5,wave,4787,0,0,0.155003133486526,True
11,9,29,0.0,0.0,2.5,wave,4719,0,0,0.15744861199406654,True
11,9,30,0.0,0.0,2.5,wave,4638,0,0,0.16041397153945666,True
11,9,31,0.0,0.0,2.5,wave,4572,0,0,0.16294838145231846,True
11,9,32,0.0,0.0,2.5,wave,4490,0,0,0.16503340757238308,True
11,9,33,0.0,0.0,2.5,wave,4394,0,0,0.16909421939007738,True
11,9,34,0.0,0.0,2.5,wave,4338,0,0,0.17058552328261872,True
11,9,35,0.0,0.0,2.5,wave,4259,0,0,0.1749236910072787,True
11,9,36,0.0,0.0,2.5,wave,4172,0,0,0.17737296260786195,True
11,9,37,0.0,0.0,2.5,wave,4085,0,0,0.17943696450428395,True
11,9,38,0.0,0.0,2.5,wave,4034,0,0,0.18170550322260784,True
11,9,39,0.0,0.0,2.5,wave,3974,0,0,0.18570709612481126,True
11,9,40,0.0,0.0,2.5,wave,3926,0,0,0.18950585838003056,True
11,9,41,0.0,0.0,2.5,wave,3891,0,0,0.19275250578257516,True
11,9,42,0.0,0.0,2.5,wave,3849,0,0,0.19641465315666407,True
11,9,43,0.0,0.0,2.5,wave,4445,0,0,0.26749156355455567,True
11,9,44,0.0,0.0,2.5,wave,4139,0,0,0.24546992027059678,True
11,9,45,0.0,0.0,2.5,wave,4018,0,0,0.24116475858636138,True
11,9,46,0.0,0.0,2.5,wave,3934,0,0,0.23868835790543977,True
11,9,47,0.0,0.0,2.5,wave,3867,0,0,0.23920351693819497,True
11,9,48,0.0,0.0,2.5,wave,3839,0,0,0.23938525657723367,True
11,9,49,0.0,0.0,2.5,wave,3776,0,0,0.23702330508474576,True
11,9,50,0.0,0.0,2.5,wave,3736,0,0,0.24063169164882228,True
11,9,51,0.0,0.0,2.5,wave,3681,0,0,0.2415104591143711,True
11,9,52,0.0,0.0,2.5,wave,3628,0,0,0.24173098125689085,True
11,10,1,0.0,0.0,2.5,wave,3573,0,0,0.2420934788692975,True
11,10,2,0.0,0.0,2.5,wave,3527,0,0,0.24553444853983555,True
11,10,3,0.0,0.0,2.5,wave,3483,0,0,0.24519092736147,True
11,10,4,0.0,0.0,2.5,wave,3453,0,0,0.25224442513756157,True
11,10,5,0.0,0.0,2.5,wave,3426,0,0,0.2536485697606538,True
11,10,6,0.0,0.0,2.5,wave,3383,0,0,0.2527342595329589,True
11,10,7,0.0,0.0,2.5,wave,3332,0,0,0.25690276110444177,True
11,10,8,0.0,0.0,2.5,wave,3303,0,0,0.259763851044505,True
11,10,9,0.0,0.0,2.5,wave,3257,0,0,0.263125575683144,True
11,10,10,0.0,0.0,2.5,wave,3210,0,0,0.2623052959501558,True
11,10,11,0.0,0.0,2.5,wave,3185,0,0,0.2634222919937206,True
11,10,12,0.0,0.0,2.5,wave,3150,0,0,0.26571428571428574,True
11,10,13,0.0,0.0,2.5,wave,3112,0,0,0.2679948586118252,True
11,10,14,0.0,0.0,2.5,wave,3085,0,0,0.2726094003241491,True
11,10,15,0.0,0.0,2.5,wave,3068,0,0,0.2777053455019557,True
11,10,16,0.0,0.0,2.5,wave,3041,0,0,0.2834593883590924,True
11,10,17,0.0,0.0,2.5,wave,3020,0,0,0.2850993377483444,True
11,10,18,0.0,0.0,2.5,wave,6407,0,0,0.12954580927110973,True
11,10,19,0.0,0.0,2.5,wave,6347,0,0,0.1301402237277454,True
11,10,20,0.0,0.0,2.5,wave,6242,0,0,0.13521307273309838,True
11,10,21,0.0,0.0,2.5,wave,6192,0,0,0.14082687338501293,True
11,10,22,0.0,0.0,2.5,wave,6061,0,0,0.14568553044052138,True
11,10,23,0.0,0.0,2.5,wave,5963,0,0,0.14992453463021968,True
11,10,24,0.0,0.0,2.5,wave,5889,0,0,0.15571404313126166,True
11,10,25,0.0,0.0,2.5,wave,5764,0,0,0.1568355308813324,True
11,10,26,0.0,0.0,2.5,wave,5750,0,0,0.15930434782608696,True
11,10,27,0.0,0.0,2.5,wave,5636,0,0,0.16234918381831087,True
11,10,28,0.0,0.0,2.5,wave,5612,0,0,0.1726657163221668,True
11,10,29,0.0,0.0,2.5,wave,5526,0,0,0.17553384002895403,True
11,10,30,0.0,0.0,2.5,wave,5438,0,0,0.17819051121735932,True
11,10,31,0.0,0.0,2.5,wave,5369,0,0,0.1814118085304526,True
11,10,32,0.0,0.0,2.5,wave,5323,0,0,0.1848581626902123,True
11,10,33,0.0,0.0,2.5,wave,5206,0,0,0.18747598924318096,True
11,10,34,0.0,0.0,2.5,wave,5159,0,0,0.19364217871680559,True
11,10,35,0.0,0.0,2.5,wave,5164,0,0,0.1996514329976762,True
11,10,36,0.0,0.0,2.5,wave,5121,0,0,0.21441124780316345,True
11,10,37,0.0,0.0,2.5,wave,5062,0,0,0.2178980640063216,True
11,10,38,0.0,0.0,2.5,wave,5020,0,0,0.21952191235059762,True
11,10,39,0.0,0.0,2.5,wave,4965,0,0,0.22416918429003022,True
11,10,40,0.0,0.0,2.5,wave,4927,0,0,0.22873959813273798,True
11,10,41,0.0,0.0,2.5,wave,4858,0,0,0.22704816797035818,True
11,10,42,0.0,0.0,2.5,wave,4807,0,0,0.2294570418140212,True
11,10,43,0.0,0.0,2.5,wave,4930,0,0,0.25436105476673426,True
11,10,44,0.0,0.0,2.5,wave,4607,0,0,0.23941827653570652,True
11,10,45,0.0,0.0,2.5,wave,4503,0,0,0.23761936486786586,True
11,10,46,0.0,0.0,2.5,wave,4391,0,0,0.23525392849009338,True
11,10,47,0.0,0.0,2.5,wave,4346,0,0,0.23630924988495167,True
11,10,48,0.0,0.0,2.5,wave,4311,0,0,0.24193922523776387,True
11,10,49,0.0,0.0,2.5,wave,4294,0,0,0.2408011178388449,True
11,10,50,0.0,0.0,2.5,wave,4270,0,0,0.24660421545667446,True
11,10,51,0.0,0.0,2.5,wave,4258,0,0,0.25058713010803196,True
11,10,52,0.0,0.0,2.5,wave,4212,0,0,0.25308641975308643,True
11,11,1,0.0,0.0,2.5,wave,4173,0,0,0.2573687994248742,True
11,11,2,0.0,0.0,2.5,wave,4171,0,0,0.26300647326780147,True
11,11,3,0.0,0.0,2.5,wave,4160,0,0,0.26947115384615383,True
11,11,4,0.0,0.0,2.5,wave,4132,0,0,0.2722652468538238,True
11,11,5,0.0,0.0,2.5,wave,4114,0,0,0.2768595041322314,True
11,11,6,0.0,0.0,2.5,wave,4078,0,0,0.2815105443845022,True
11,11,7,0.0,0.0,2.5,wave,4046,0,0,0.2864557587740979,True
11,11,8,0.0,0.0,2.5,wave,4017,0,0,0.28852377396066714,True
11,11,9,0.0,0.0,2.5,wave,4000,0,0,0.2915,True
11,11,10,0.0,0.0,2.5,wave,3962,0,0,0.29303382130237254,True
11,11,11,0.0,0.0,2.5,wave,3917,0,0,0.2951238192494256,True
11,11,12,0.0,0.0,2.5,wave,3898,0,0,0.2998973832734736,True
11,11,13,0.0,0.0,2.5,wave,3861,0,0,0.301994301994302,True
11,11,14,0.0,0.0,2.5,wave,3809,0,0,0.30742977159359414,True
11,11,15,0.0,0.0,2.5,wave,3783,0,0,0.30716362675125564,True
11,11,16,0.0,0.0,2.5,wave,3742,0,0,0.3107963655799038,True
11,11,17,0.0,0.0,2.5,wave,3713,0,0,0.31403178023161865,True
11,11,18,0.0,0.0,2.5,wave,8046,0,0,0.1382053194133731,True
11,11,19,0.0,0.0,2.5,wave,7923,0,0,0.14123438091631957,True
11,11,20,0.0,0.0,2.5,wave,7775,0,0,0.14392282958199357,True
11,11,21,0.0,0.0,2.5,wave,7679,0,0,0.1474150279984373,True
11,11,22,0.0,0.0,2.5,wave,7515,0,0,0.15063206919494346,True
11,11,23,0.0,0.0,2.5,wave,7358,0,0,0.154661592824137,True
11,11,24,0.0,0.0,2.5,wave,7204,0,0,0.15838423098278734,True
11,11,25,0.0,0.0,2.5,wave,7093,0,0,0.1610038065698576,True
11,11,26,0.0,0.0,2.5,wave,6937,0,0,0.16231800490125414,True
11,11,27,0.0,0.0,2.5,wave,6754,0,0,0.16612377850162866,True
11,11,28,0.0,0.0,2.5,wave,6628,0,0,0.1695835847917924,True
11,11,29,0.0,0.0,2.5,wave,6530,0,0,0.17488514548238898,True
11,11,30,0.0,0.0,2.5,wave,6389,0,0,0.17905775551729536,True
11,11,31,0.0,0.0,2.5,wave,6264,0,0,0.1824712643678161,True
11,11,32,0.0,0.0,2.5,wave,6153,0,0,0.18722574353973673,True
11,11,33,0.0,0.0,2.5,wave,6050,0,0,0.19140495867768595,True
11,11,34,0.0,0.0,2.5,wave,5950,0,0,0.19478991596638656,True
11,11,35,0.0,0.0,2.5,wave,5880,0,0,0.1976190476190476,True
11,11,36,0.0,0.0,2.5,wave,5757,0,0,0.2006253256904638,True
11,11,37,0.0,0.0,2.5,wave,5676,0,0,0.20331219168428472,True
11,11,38,0.0,0.0,2.5,wave,5613,0,0,0.20612862996615,True
11,11,39,0.0,0.0,2.5,wave,5542,0,0,0.20894983760375316,True
11,11,40,0.0,0.0,2.5,wave,5487,0,0,0.21232002915983234,True
11,11,41,0.0,0.0,2.5,wave,5412,0,0,0.21544715447154472,True
11,11,42,0.0,0.0,2.5,wave,5347,0,0,0.2171311015522723,True
11,11,43,0.0,0.0,2.5,wave,5387,0,0,0.2435492853165027,True
11,11,44,0.0,0.0,2.5,wave,5102,0,0,0.2297138377107017,True
11,11,45,0.0,0.0,2.5,wave,4967,0,0,0.22548822226696194,True
11,11,46,0.0,0.0,2.5,wave,4863,0,0,0.22434711083693193,True
11,11,47,0.0,0.0,2.5,wave,4820,0,0,0.23029045643153526,True
11,11,48,0.0,0.0,2.5,wave,4767,0,0,0.2315921963499056,True
11,11,49,0.0,0.0,2.5,wave,4692,0,0,0.23231031543052003,True
11,11,50,0.0,0.0,2.5,wave,4656,0,0,0.23518041237113402,True
11,11,51,0.0,0.0,2.5,wave,4618,0,0,0.23776526634906886,True
11,11,52,0.0,0.0,2.5,wave,4573,0,0,0.24294773671550404,True
12,1,1,0.0,0.0,2.5,wave,2745,0,0,0.001092896174863388,True
12,1,2,0.0,0.0,2.5,wave,2725,0,0,0.0022018348623853213,True
12,1,3,0.0,0.0,2.5,wave,2694,0,0,0.005939123979213066,True
12,1,4,0.0,0.0,2.5,wave,2686,0,0,0.007073715562174236,True
12,1,5,0.0,0.0,2.5,wave,2646,0,0,0.009070294784580499,True
12,1,6,0.0,0.0,2.5,wave,2632,0,0,0.011398176291793313,True
12,1,7,0.0,0.0,2.5,wave,2601,0,0,0.01384083044982699,True
12,1,8,0.0,0.0,2.5,wave,2572,0,0,0.016329704510108865,True
12,1,9,0.0,0.0,2.5,wave,2558,0,0,0.019155590304925724,True
12,1,10,0.0,0.0,2.5,wave,2519,0,0,0.02143707820563716,True
12,1,11,0.0,0.0,2.5,wave,2481,0,0,0.02176541717049577,True
12,1,12,0.0,0.0,2.5,wave,2452,0,0,0.024877650897226752,True
12,1,13,0.0,0.0,2.5,wave,2408,0,0,0.02823920265780731,True
12,1,14,0.0,0.0,2.5,wave,2365,0,0,0.030021141649048625,True
12,1,15,0.0,0.0,2.5,wave,2301,0,0,0.03302911777488049,True
12,1,16,0.0,0.0,2.5,wave,2259,0,0,0.034528552456839307,True
12,1,17,0.0,0.0,2.5,wave,2232,0,0,0.03718637992831541,True
12,1,18,0.0,0.0,2.5,wave,6395,0,0,0.013917122752150117,True
12,1,19,0.0,0.0,2.5,wave,6266,0,0,0.016278327481646985,True
12,1,20,0.0,0.0,2.5,wave,6088,0,0,0.01790407358738502,True
12,1,21,0.0,0.0,2.5,wave,5875,0,0,0.01974468085106383,True
12,1,22,0.0,0.0,2.5,wave,5706,0,0,0.020855240098142307,True
12,1,23,0.0,0.0,2.5,wave,5563,0,0,0.02300916771526155,True
12,1,24,0.0,0.0,2.5,wave,5443,0,0,0.02535366525812971,True
12,1,25,0.0,0.0,2.5,wave,5329,0,0,0.026834302871082755,True
12,1,26,0.0,0.0,2.5,wave,5199,0,0,0.029044046932102326,True
12,1,27,0.0,0.0,2.5,wave,5046,0,0,0.03170828378913991,True
12,1,28,0.0,0.0,2.5,wave,4932,0,0,0.034874290348742905,True
12,1,29,0.0,0.0,2.5,wave,4837,0,0,0.03638618978705809,True
12,1,30,0.0,0.0,2.5,wave,4708,0,0,0.03993203058623619,True
12,1,31,0.0,0.0,2.5,wave,4575,0,0,0.04131147540983607,True
12,1,32,0.0,0.0,2.5,wave,4464,0,0,0.043234767025089604,True
12,1,33,0.0,0.0,2.5,wave,4374,0,0,0.04481024234110654,True
12,1,34,0.0,0.0,2.5,wave,4269,0,0,0.04802061372686812,True
12,1,35,0.0,0.0,2.5,wave,4156,0,0,0.04860442733397498,True
12,1,36,0.0,0.0,2.5,wave,4052,0,0,0.0508390918065153,True
12,1,37,0.0,0.0,2.5,wave,3985,0,0,0.054454203262233374,True
12,1,38,0.0,0.0,2.5,wave,3893,0,0,0.057282301566914974,True
12,1,39,0.0,0.0,2.5,wave,3825,0,0,0.0596078431372549,True
12,1,40,0.0,0.0,2.5,wave,3760,0,0,0.06223404255319149,True
12,1,41,0.0,0.0,2.5,wave,3717,0,0,0.065106268496099,True
12,1,42,0.0,0.0,2.5,wave,3652,0,0,0.06927710843373494,True
12,1,43,0.0,0.0,2.5,wave,3678,0,0,0.10522022838499184,True
12,1,44,0.0,0.0,2.5,wave,3487,0,0,0.09349010610840264,True
12,1,45,0.0,0.0,2.5,wave,3370,0,0,0.09109792284866469,True
12,1,46,0.0,0.0,2.5,wave,3328,0,0,0.09585336538461539,True
12,1,47,0.0,0.0,2.5,wave,3285,0,0,0.09802130898021309,True
12,1,48,0.0,0.0,2.5,wave,3244,0,0,0.10049321824907521,True
12,1,49,0.0,0.0,2.5,wave,3195,0,0,0.10297339593114241,True
12,1,50,0.0,0.0,2.5,wave,3145,0,0,0.10715421303656598,True
12,1,51,0.0,0.0,2.5,wave,3100,0,0,0.10935483870967742,True
12,1,52,0.0,0.0,2.5,wave,3064,0,0,0.1122715404699739,True
12,2,1,0.0,0.0,2.5,wave,3029,25,6,0.11356883459887751,False
12,2,2,0.0,0.0,2.5,wave,2996,32,9,0.11315086782376502,False
12,2,3,0.0,0.0,2.5,wave,2960,32,10,0.11655405405405406,False
12,2,4,0.0,0.0,2.5,wave,2925,42,12,0.11863247863247864,False
12,2,5,0.0,0.0,2.5,wave,2873,47,11,0.1211277410372433,False
12,2,6,0.0,0.0,2.5,wave,2822,57,14,0.12189936215450035,False
12,2,7,0.0,0.0,2.5,wave,2786,67,17,0.12742282842785355,False
12,2,8,0.0,0.0,2.5,wave,2745,72,19,0.12750455373406194,False
12,2,9,0.0,0.0,2.5,wave,2712,74,26,0.13053097345132744,False
12,2,10,0.0,0.0,2.5,wave,2678,90,30,0.13293502613890965,False
12,2,11,0.0,0.0,2.5,wave,2634,100,28,0.13553530751708429,False
12,2,12,0.0,0.0,2.5,wave,2593,100,27,0.13844967219436946,False
12,2,13,0.0,0.0,2.5,wave,2540,109,44,0.14251968503937007,False
12,2,14,0.0,0.0,2.5,wave,2491,115,42,0.1453231633881975,False
12,2,15,0.0,0.0,2.5,wave,2424,94,36,0.14933993399339934,False
12,2,16,0.0,0.0,2.5,wave,2384,95,45,0.1531040268456376,False
12,2,17,0.0,0.0,2.5,wave,2338,86,33,0.15568862275449102,False
12,2,18,0.0,0.0,2.5,wave,4577,76,32,0.08127594494210182,False
12,2,19,0.0,0.0,2.5,wave,4456,94,30,0.08325852782764812,False
12,2,20,0.0,0.0,2.5,wave,4316,105,28,0.0871177015755329,False
12,2,21,0.0,0.0,2.5,wave,4218,137,43,0.09009009009009009,False
12,2,22,0.0,0.0,2.5,wave,4107,152,48,0.09252495738982225,False
12,2,23,0.0,0.0,2.5,wave,3981,162,53,0.09419743782969103,False
12,2,24,0.0,0.0,2.5,wave,3868,171,62,0.09798345398138573,False
12,2,25,0.0,0.0,2.5,wave,3738,160,66,0.10139111824505083,False
12,2,26,0.0,0.0,2.5,wave,3639,164,67,0.1055234954657873,False
12,2,27,0.0,0.0,2.5,wave,3536,161,53,0.11114253393665158,False
12,2,28,0.0,0.0,2.5,wave,3426,148,51,0.1138353765323993,False
12,2,29,0.0,0.0,2.5,wave,3341,151,62,0.11613289434301108,False
12,2,30,0.0,0.0,2.5,wave,3246,142,64,0.11799137399876772,False
12,2,31,0.0,0.0,2.5,wave,3141,124,55,0.12257242916268704,False
12,2,32,0.0,0.0,2.5,wave,3025,108,43,0.1259504132231405,False
12,2,33,0.0,0.0,2.5,wave,2946,100,43,0.13034623217922606,False
12,2,34,0.0,0.0,2.5,wave,2867,90,37,0.13254272758981514,False
12,2,35,0.0,0.0,2.5,wave,2773,79,36,0.13667508113956003,False
12,2,36,0.0,0.0,2.5,wave,2704,88,33,0.13831360946745563,False
12,2,37,0.0,0.0,2.5,wave,2632,77,33,0.1405775075987842,False
12,2,38,0.0,0.0,2.5,wave,2585,80,33,0.14429400386847197,False
12,2,39,0.0,0.0,2.5,wave,2546,75,27,0.14611154752553024,False
12,2,40,0.0,0.0,2.5,wave,2503,74,23,0.14982021574111068,False
12,2,41,0.0,0.0,2.5,wave,2457,76,27,0.1514041514041514,False
12,2,42,0.0,0.0,2.5,wave,2416,79,28,0.15562913907284767,False
12,2,43,0.0,0.0,2.5,wave,2584,73,34,0.21246130030959753,False
12,2,44,0.0,0.0,2.5,wave,2472,66,38,0.19498381877022652,False
12,2,45,0.0,0.0,2.5,wave,2399,45,28,0.19424760316798667,False
12,2,46,0.0,0.0,2.5,wave,2340,33,19,0.1876068376068376,False
12,2,47,0.0,0.0,2.5,wave,2306,25,13,0.194275802254987,False
12,2,48,0.0,0.0,2.5,wave,2285,23,10,0.1938730853391685,False
12,2,49,0.0,0.0,2.5,wave,2266,19,5,0.1968225948808473,False
12,2,50,0.0,0.0,2.5,wave,2245,15,5,0.20133630289532295,False
12,2,51,0.0,0.0,2.5,wave,2226,19,10,0.20440251572327045,False
12,2,52,0.0,0.0,2.5,wave,2201,18,7,0.20717855520218081,False
12,3,1,0.0,0.0,2.5,wave,2172,17,5,0.20994475138121546,False
12,3,2,0.0,0.0,2.5,wave,2140,18,8,0.2088785046728972,False
12,3,3,0.0,0.0,2.5,wave,2111,21,9,0.21032685930838466,False
12,3,4,0.0,0.0,2.5,wave,2067,25,8,0.2138364779874214,False
12,3,5,0.0,0.0,2.5,wave,2037,26,7,0.21404025527736867,False
12,3,6,0.0,0.0,2.5,wave,2012,30,10,0.21719681908548708,False
12,3,7,0.0,0.0,2.5,wave,1982,29,12,0.2204843592330979,False
12,3,8,0.0,0.0,2.5,wave,1952,28,11,0.2228483606557377,False
12,3,9,0.0,0.0,2.5,wave,1923,29,12,0.22620904836193448,False
12,3,10,0.0,0.0,2.5,wave,1898,28,14,0.22655426765015807,False
12,3,11,0.0,0.0,2.5,wave,1874,29,13,0.22998932764140875,False
12,3,12,0.0,0.0,2.5,wave,1835,26,10,0.2337874659400545,False
12,3,13,0.0,0.0,2.5,wave,1803,28,8,0.23571824736550195,False
12,3,14,0.0,0.0,2.5,wave,1788,25,9,0.23993288590604026,False
12,3,15,0.0,0.0,2.5,wave,1765,26,10,0.23909348441926345,False
12,3,16,0.0,0.0,2.5,wave,1744,23,9,0.2436926605504587,False
12,3,17,0.0,0.0,2.5,wave,1714,20,7,0.24504084014002334,False
12,3,18,0.0,0.0,2.5,wave,3886,23,7,0.10962429233144622,False
12,3,19,0.0,0.0,2.5,wave,3812,29,8,0.1114900314795383,False
12,3,20,0.0,0.0,2.5,wave,3745,33,13,0.11428571428571428,False
12,3,21,0.0,0.0,2.5,wave,3652,43,17,0.11692223439211391,False
12,3,22,0.0,0.0,2.5,wave,3577,43,16,0.12133072407045009,False
12,3,23,0.0,0.0,2.5,wave,3506,43,14,0.12407301768397033,False
12,3,24,0.0,0.0,2.5,wave,3401,39,16,0.12937371361364305,False
12,3,25,0.0,0.0,2.5,wave,3302,41,15,0.13446396123561477,False
12,3,26,0.0,0.0,2.5,wave,3230,38,10,0.1393188854489164,False
12,3,27,0.0,0.0,2.5,wave,3155,36,16,0.14358161648177495,False
12,3,28,0.0,0.0,2.5,wave,3096,36,16,0.14857881136950904,False
12,3,29,0.0,0.0,2.5,wave,3028,29,10,0.1499339498018494,False
12,3,30,0.0,0.0,2.5,wave,2969,28,7,0.1532502526103065,False
12,3,31,0.0,0.0,2.5,wave,2904,27,12,0.15633608815426997,False
12,3,32,0.0,0.0,2.5,wave,2856,32,15,0.16071428571428573,False
12,3,33,0.0,0.0,2.5,wave,2797,28,10,0.1637468716481945,False
12,3,34,0.0,0.0,2.5,wave,2723,31,13,0.16819684171869262,False
12,3,35,0.0,0.0,2.5,wave,2660,26,12,0.17142857142857143,False
12,3,36,0.0,0.0,2.5,wave,2587,23,11,0.17626594511016622,False
12,3,37,0.0,0.0,2.5,wave,2509,26,9,0.18294141092068553,False
12,3,38,0.0,0.0,2.5,wave,2462,23,7,0.1852152721364744,False
12,3,39,0.0,0.0,2.5,wave,2421,24,12,0.18793886823626602,False
12,3,40,0.0,0.0,2.5,wave,2404,20,10,0.19009983361064892,False
12,3,41,0.0,0.0,2.5,wave,2358,17,6,0.1921119592875318,False
12,3,42,0.0,0.0,2.5,wave,2337,16,10,0.19341035515618313,False
12,3,43,0.0,0.0,2.5,wave,2524,14,6,0.2393026941362916,False
12,3,44,0.0,0.0,2.5,wave,2362,8,5,0.22692633361558,False
12,3,45,0.0,0.0,2.5,wave,2277,10,6,0.22134387351778656,False
12,3,46,0.0,0.0,2.5,wave,2230,6,2,0.2210762331838565,False
12,3,47,0.0,0.0,2.5,wave,2194,5,4,0.2219690063810392,False
12,3,48,0.0,0.0,2.5,wave,2167,6,3,0.22796492847254268,False
12,3,49,0.0,0.0,2.5,wave,2138,3,1,0.23058933582787652,False
12,3,50,0.0,0.0,2.5,wave,2138,4,2,0.23292797006548177,False
12,3,51,0.0,0.0,2.5,wave,2122,4,2,0.23421300659754948,False
12,3,52,0.0,0.0,2.5,wave,2105,3,1,0.2365795724465558,False
12,4,1,0.0,0.0,2.5,wave,2085,2,1,0.2378896882494005,False
12,4,2,0.0,0.0,2.5,wave,2058,2,1,0.24101068999028183,False
12,4,3,0.0,0.0,2.5,wave,2035,1,1,0.24226044226044227,False
12,4,4,0.0,0.0,2.5,wave,1998,1,1,0.24174174174174173,False
12,4,5,0.0,0.0,2.5,wave,1983,0,0,0.24306606152294502,True
12,4,6,0.0,0.0,2.5,wave,1955,0,0,0.24501278772378515,True
12,4,7,0.0,0.0,2.5,wave,1940,0,0,0.24742268041237114,True
12,4,8,0.0,0.0,2.5,wave,1917,0,0,0.24882629107981222,True
12,4,9,0.0,0.0,2.5,wave,1899,0,0,0.2480252764612954,True
12,4,10,0.0,0.0,2.5,wave,1869,0,0,0.24933119315141786,True
12,4,11,0.0,0.0,2.5,wave,1843,0,0,0.24850786760716223,True
12,4,12,0.0,0.0,2.5,wave,1822,0,0,0.24972557628979145,True
12,4,13,0.0,0.0,2.5,wave,1809,0,0,0.25152017689331124,True
12,4,14,0.0,0.0,2.5,wave,1783,0,0,0.25350532809871,True
12,4,15,0.0,0.0,2.5,wave,1759,0,0,0.2535531552018192,True
12,4,16,0.0,0.0,2.5,wave,1744,0,0,0.25630733944954126,True
12,4,17,0.0,0.0,2.5,wave,1727,0,0,0.25709322524609146,True
12,4,18,0.0,0.0,2.5,wave,3692,0,0,0.12134344528710726,True
12,4,19,0.0,0.0,2.5,wave,3652,0,0,0.1248630887185104,True
12,4,20,0.0,0.0,2.5,wave,3580,0,0,0.12877094972067038,True
12,4,21,0.0,0.0,2.5,wave,3506,0,0,0.13177410154021676,True
12,4,22,0.0,0.0,2.5,wave,3431,0,0,0.13407169921305742,True
12,4,23,0.0,0.0,2.5,wave,3351,0,0,0.1360787824529991,True
12,4,24,0.0,0.0,2.5,wave,3253,0,0,0.13925607131878268,True
12,4,25,0.0,0.0,2.5,wave,3209,0,0,0.14241196634465567,True
12,4,26,0.0,0.0,2.5,wave,3148,0,0,0.1451715374841169,True
12,4,27,0.0,0.0,2.5,wave,3067,0,0,0.14802738832735574,True
12,4,28,0.0,0.0,2.5,wave,3016,0,0,0.15119363395225463,True
12,4,29,0.0,0.0,2.5,wave,2972,0,0,0.15545087483176312,True
12,4,30,0.0,0.0,2.5,wave,2916,0,0,0.1574074074074074,True
12,4,31,0.0,0.0,2.5,wave,2836,0,0,0.16114245416078984,True
12,4,32,0.0,0.0,2.5,wave,2787,0,0,0.16361679224973089,True
12,4,33,0.0,0.0,2.5,wave,2740,0,0,0.16678832116788322,True
12,4,34,0.0,0.0,2.5,wave,2702,0,0,0.16987416728349372,True
12,4,35,0.0,0.0,2.5,wave,2646,0,0,0.17498110355253213,True
12,4,36,0.0,0.0,2.5,wave,2601,0,0,0.1787773933102653,True
12,4,37,0.0,0.0,2.5,wave,2543,0,0,0.18049547778214706,True
12,4,38,0.0,0.0,2.5,wave,2519,0,0,0.18340611353711792,True
12,4,39,0.0,0.0,2.5,wave,2496,0,0,0.18509615384615385,True
12,4,40,0.0,0.0,2.5,wave,2467,0,0,0.18686663964329145,True
12,4,41,0.0,0.0,2.5,wave,2444,0,0,0.18780687397708673,True
12,4,42,0.0,0.0,2.5,wave,2410,0,0,0.1908713692946058,True
12,4,43,0.0,0.0,2.5,wave,2676,0,0,0.2529895366218236,True
12,4,44,0.0,0.0,2.5,wave,2486,0,0,0.23491552695092519,True
12,4,45,0.0,0.0,2.5,wave,2428,0,0,0.23023064250411862,True
12,4,46,0.0,0.0,2.5,wave,2368,0,0,0.234375,True
12,4,47,0.0,0.0,2.5,wave,2345,0,0,0.23368869936034115,True
12,4,48,0.0,0.0,2.5,wave,2311,0,0,0.23409779316313284,True
12,4,49,0.0,0.0,2.5,wave,2289,0,0,0.23809523809523808,True
12,4,50,0.0,0.0,2.5,wave,2274,0,0,0.24010554089709762,True
12,4,51,0.0,0.0,2.5,wave,2254,0,0,0.24267968056787934,True
12,4,52,0.0,0.0,2.5,wave,2239,0,0,0.24653863331844572,True
12,5,1,0.0,0.0,2.5,wave,2227,0,0,0.24786708576560396,True
12,5,2,0.0,0.0,2.5,wave,2208,0,0,0.25271739130434784,True
12,5,3,0.0,0.0,2.5,wave,2192,0,0,0.2531934306569343,True
12,5,4,0.0,0.0,2.5,wave,2167,0,0,0.25980618366405167,True
12,5,5,0.0,0.0,2.5,wave,2158,0,0,0.26135310472659873,True
12,5,6,0.0,0.0,2.5,wave,2148,0,0,0.2639664804469274,True
12,5,7,0.0,0.0,2.5,wave,2131,0,0,0.2656030032848428,True
12,5,8,0.0,0.0,2.5,wave,2117,0,0,0.26877657061880017,True
12,5,9,0.0,0.0,2.5,wave,2095,0,0,0.2706443914081146,True
12,5,10,0.0,0.0,2.5,wave,2073,0,0,0.2744814278822962,True
12,5,11,0.0,0.0,2.5,wave,2068,0,0,0.27562862669245647,True
12,5,12,0.0,0.0,2.5,wave,2050,0,0,0.2804878048780488,True
12,5,13,0.0,0.0,2.5,wave,2027,0,0,0.284163788850518,True
12,5,14,0.0,0.0,2.5,wave,2000,0,0,0.286,True
12,5,15,0.0,0.0,2.5,wave,1985,0,0,0.28816120906801007,True
12,5,16,0.0,0.0,2.5,wave,1972,0,0,0.289553752535497,True
12,5,17,0.0,0.0,2.5,wave,1944,0,0,0.2916666666666667,True
12,5,18,0.0,0.0,2.5,wave,4392,0,0,0.1313752276867031,True
12,5,19,0.0,0.0,2.5,wave,4348,0,0,0.1345446182152714,True
12,5,20,0.0,0.0,2.5,wave,4283,0,0,0.13611954237683865,True
12,5,21,0.0,0.0,2.5,wave,4201,0,0,0.13925255891454416,True
12,5,22,0.0,0.0,2.5,wave,4106,0,0,0.14344861178762786,True
12,5,23,0.0,0.0,2.5,wave,3992,0,0,0.14529058116232466,True
12,5,24,0.0,0.0,2.5,wave,3909,0,0,0.1488871834228703,True
12,5,25,0.0,0.0,2.5,wave,3834,0,0,0.15179968701095461,True
12,5,26,0.0,0.0,2.5,wave,3761,0,0,0.15474607817069927,True
12,5,27,0.0,0.0,2.5,wave,3705,0,0,0.15654520917678813,True
12,5,28,0.0,0.0,2.5,wave,3661,0,0,0.1586998087954111,True
12,5,29,0.0,0.0,2.5,wave,3609,0,0,0.16070933776669438,True
12,5,30,0.0,0.0,2.5,wave,3515,0,0,0.16386913229018493,True
12,5,31,0.0,0.0,2.5,wave,3401,0,0,0.16818582769773596,True
12,5,32,0.0,0.0,2.5,wave,3299,0,0,0.17035465292512883,True
12,5,33,0.0,0.0,2.5,wave,3258,0,0,0.1731123388581952,True
12,5,34,0.0,0.0,2.5,wave,3200,0,0,0.17625,True
12,5,35,0.0,0.0,2.5,wave,3135,0,0,0.17799043062200956,True
12,5,36,0.0,0.0,2.5,wave,3042,0,0,0.18474687705456935,True
12,5,37,0.0,0.0,2.5,wave,2962,0,0,0.18906144496961513,True
12,5,38,0.0,0.0,2.5,wave,2922,0,0,0.19336071184120465,True
12,5,39,0.0,0.0,2.5,wave,2888,0,0,0.19598337950138503,True
12,5,40,0.0,0.0,2.5,wave,2850,0,0,0.19789473684210526,True
12,5,41,0.0,0.0,2.5,wave,2810,0,0,0.200355871886121,True
12,5,42,0.0,0.0,2.5,wave,2767,0,0,0.20274665702927358,True
12,5,43,0.0,0.0,2.5,wave,2967,0,0,0.2608695652173913,True
12,5,44,0.0,0.0,2.5,wave,2773,0,0,0.23223945185719438,True
12,5,45,0.0,0.0,2.5,wave,2647,0,0,0.22062712504722326,True
12,5,46,0.0,0.0,2.5,wave,2594,0,0,0.2189668465690054,True
12,5,47,0.0,0.0,2.5,wave,2556,0,0,0.22300469483568075,True
12,5,48,0.0,0.0,2.5,wave,2537,0,0,0.22230981474182104,True
12,5,49,0.0,0.0,2.5,wave,2523,0,0,0.22711058263971462,True
12,5,50,0.0,0.0,2.5,wave,2500,0,0,0.228,True
12,5,51,0.0,0.0,2.5,wave,2475,0,0,0.2294949494949495,True
12,5,52,0.0,0.0,2.5,wave,2446,0,0,0.23262469337694194,True
12,6,1,0.0,0.0,2.5,wave,2411,0,0,0.23434259643301536,True
12,6,2,0.0,0.0,2.5,wave,2388,0,0,0.23492462311557788,True
12,6,3,0.0,0.0,2.5,wave,2362,0,0,0.24216765453005928,True
12,6,4,0.0,0.0,2.5,wave,2339,0,0,0.24155622060709706,True
12,6,5,0.0,0.0,2.5,wave,2316,0,0,0.24093264248704663,True
12,6,6,0.0,0.0,2.5,wave,2307,0,0,0.2423060251408756,True
12,6,7,0.0,0.0,2.5,wave,2276,0,0,0.2491212653778559,True
12,6,8,0.0,0.0,2.5,wave,2247,0,0,0.25055629728526924,True
12,6,9,0.0,0.0,2.5,wave,2227,0,0,0.2523574315222272,True
12,6,10,0.0,0.0,2.5,wave,2205,0,0,0.25170068027210885,True
12,6,11,0.0,0.0,2.5,wave,2187,0,0,0.25331504343850025,True
12,6,12,0.0,0.0,2.5,wave,2154,0,0,0.2562674094707521,True
12,6,13,0.0,0.0,2.5,wave,2129,0,0,0.2588069516204791,True
12,6,14,0.0,0.0,2.5,wave,2097,0,0,0.2598950882212685,True
12,6,15,0.0,0.0,2.5,wave,2081,0,0,0.26141278231619414,True
12,6,16,0.0,0.0,2.5,wave,2054,0,0,0.26241480038948395,True
12,6,17,0.0,0.0,2.5,wave,2037,0,0,0.265586647029946,True
12,6,18,0.0,0.0,2.5,wave,4350,0,0,0.12528735632183907,True
12,6,19,0.0,0.0,2.5,wave,4310,0,0,0.12784222737819026,True
12,6,20,0.0,0.0,2.5,wave,4225,0,0,0.12946745562130177,True
12,6,21,0.0,0.0,2.5,wave,4137,0,0,0.1319796954314721,True
12,6,22,0.0,0.0,2.5,wave,4042,0,0,0.1350816427511133,True
12,6,23,0.0,0.0,2.5,wave,3930,0,0,0.13791348600508907,True
12,6,24,0.0,0.0,2.5,wave,3852,0,0,0.13992731048805815,True
12,6,25,0.0,0.0,2.5,wave,3766,0,0,0.14391927774827404,True
12,6,26,0.0,0.0,2.5,wave,3714,0,0,0.14620355411954766,True
12,6,27,0.0,0.0,2.5,wave,3658,0,0,0.15008201202843083,True
12,6,28,0.0,0.0,2.5,wave,3574,0,0,0.1544487968662563,True
12,6,29,0.0,0.0,2.5,wave,3513,0,0,0.1559920296043268,True
12,6,30,0.0,0.0,2.5,wave,3442,0,0,0.15950029052876236,True
12,6,31,0.0,0.0,2.5,wave,3374,0,0,0.16390041493775934,True
12,6,32,0.0,0.0,2.5,wave,3296,0,0,0.16686893203883496,True
12,6,33,0.0,0.0,2.5,wave,3226,0,0,0.16924984500929943,True
12,6,34,0.0,0.0,2.5,wave,3141,0,0,0.17351162050302452,True
12,6,35,0.0,0.0,2.5,wave,3090,0,0,0.17540453074433657,True
12,6,36,0.0,0.0,2.5,wave,3013,0,0,0.1795552605376701,True
12,6,37,0.0,0.0,2.5,wave,2959,0,0,0.1811422777965529,True
12,6,38,0.0,0.0,2.5,wave,2913,0,0,0.18503261242705116,True
12,6,39,0.0,0.0,2.5,wave,2859,0,0,0.18677859391395593,True
12,6,40,0.0,0.0,2.5,wave,2817,0,0,0.19027334043308483,True
12,6,41,0.0,0.0,2.5,wave,2788,0,0,0.19261119081779052,True
12,6,42,0.0,0.0,2.5,wave,2751,0,0,0.19447473645946928,True
12,6,43,0.0,0.0,2.5,wave,3070,0,0,0.26905537459283385,True
12,6,44,0.0,0.0,2.5,wave,2831,0,0,0.24302366654892263,True
12,6,45,0.0,0.0,2.5,wave,2667,0,0,0.22797150356205476,True
12,6,46,0.0,0.0,2.5,wave,2598,0,0,0.22632794457274827,True
12,6,47,0.0,0.0,2.5,wave,2566,0,0,0.22720187061574434,True
12,6,48,0.0,0.0,2.5,wave,2530,0,0,0.2316205533596838,True
12,6,49,0.0,0.0,2.5,wave,2507,0,0,0.23414439569206222,True
12,6,50,0.0,0.0,2.5,wave,2487,0,0,0.23843988741455568,True
12,6,51,0.0,0.0,2.5,wave,2471,0,0,0.23998381222177256,True
12,6,52,0.0,0.0,2.5,wave,2437,0,0,0.24456298727944192,True
12,7,1,0.0,0.0,2.5,wave,2409,0,0,0.24574512245745123,True
12,7,2,0.0,0.0,2.5,wave,2383,0,0,0.24674779689467058,True
12,7,3,0.0,0.0,2.5,wave,2357,0,0,0.2494696648281714,True
12,7,4,0.0,0.0,2.5,wave,2330,0,0,0.2510729613733906,True
12,7,5,0.0,0.0,2.5,wave,2303,0,0,0.25227963525835867,True
12,7,6,0.0,0.0,2.5,wave,2279,0,0,0.25625274243089075,True
12,7,7,0.0,0.0,2.5,wave,2251,0,0,0.2585517547756553,True
12,7,8,0.0,0.0,2.5,wave,2228,0,0,0.2621184919210054,True
12,7,9,0.0,0.0,2.5,wave,2202,0,0,0.2656675749318801,True
12,7,10,0.0,0.0,2.5,wave,2178,0,0,0.2676767676767677,True
12,7,11,0.0,0.0,2.5,wave,2152,0,0,0.2704460966542751,True
12,7,12,0.0,0.0,2.5,wave,2133,0,0,0.2719174871073605,True
12,7,13,0.0,0.0,2.5,wave,2114,0,0,0.2729422894985809,True
12,7,14,0.0,0.0,2.5,wave,2086,0,0,0.275647171620326,True
12,7,15,0.0,0.0,2.5,wave,2068,0,0,0.27707930367504835,True
12,7,16,0.0,0.0,2.5,wave,2045,0,0,0.27970660146699267,True
12,7,17,0.0,0.0,2.5,wave,2023,0,0,0.28274839347503705,True
12,7,18,0.0,0.0,2.5,wave,4292,0,0,0.1342031686859273,True
12,7,19,0.0,0.0,2.5,wave,4233,0,0,0.13772738010866997,True
12,7,20,0.0,0.0,2.5,wave,4163,0,0,0.14004323804948354,True
12,7,21,0.0,0.0,2.5,wave,4082,0,0,0.14355707986281235,True
12,7,22,0.0,0.0,2.5,wave,4011,0,0,0.14460234355522314,True
12,7,23,0.0,0.0,2.5,wave,3924,0,0,0.1465341488277268,True
12,7,24,0.0,0.0,2.5,wave,3848,0,0,0.14994802494802495,True
12,7,25,0.0,0.0,2.5,wave,3769,0,0,0.15388697267179624,True
12,7,26,0.0,0.0,2.5,wave,3703,0,0,0.15608965703483663,True
12,7,27,0.0,0.0,2.5,wave,3637,0,0,0.15892218861699203,True
12,7,28,0.0,0.0,2.5,wave,3561,0,0,0.16203313675933725,True
12,7,29,0.0,0.0,2.5,wave,3498,0,0,0.16552315608919382,True
12,7,30,0.0,0.0,2.5,wave,3458,0,0,0.16859456333140543,True
12,7,31,0.0,0.0,2.5,wave,3393,0,0,0.17094017094017094,True
12,7,32,0.0,0.0,2.5,wave,3327,0,0,0.17373008716561467,True
12,7,33,0.0,0.0,2.5,wave,3248,0,0,0.17795566502463053,True
12,7,34,0.0,0.0,2.5,wave,3176,0,0,0.18041561712846346,True
12,7,35,0.0,0.0,2.5,wave,3123,0,0,0.18539865513928913,True
12,7,36,0.0,0.0,2.5,wave,3069,0,0,0.1870316063864451,True
12,7,37,0.0,0.0,2.5,wave,3016,0,0,0.1906498673740053,True
12,7,38,0.0,0.0,2.5,wave,2978,0,0,0.19173942243116185,True
12,7,39,0.0,0.0,2.5,wave,2945,0,0,0.1935483870967742,True
12,7,40,0.0,0.0,2.5,wave,2907,0,0,0.19504643962848298,True
12,7,41,0.0,0.0,2.5,wave,2863,0,0,0.19629758994062171,True
12,7,42,0.0,0.0,2.5,wave,2827,0,0,0.19985850725150336,True
12,7,43,0.0,0.0,2.5,wave,3184,0,0,0.26790201005025127,True
12,7,44,0.0,0.0,2.5,wave,2963,0,0,0.24873439082011475,True
12,7,45,0.0,0.0,2.5,wave,2817,0,0,0.23713170039048634,True
12,7,46,0.0,0.0,2.5,wave,2767,0,0,0.2399710878207445,True
12,7,47,0.0,0.0,2.5,wave,2727,0,0,0.23835716905023835,True
12,7,48,0.0,0.0,2.5,wave,2697,0,0,0.23804226918798665,True
12,7,49,0.0,0.0,2.5,wave,2679,0,0,0.24150802538260546,True
12,7,50,0.0,0.0,2.5,wave,2648,0,0,0.24546827794561935,True
12,7,51,0.0,0.0,2.5,wave,2636,0,0,0.2515174506828528,True
12,7,52,0.0,0.0,2.5,wave,2627,0,0,0.2569470879330034,True
12,8,1,0.0,0.0,2.5,wave,2614,0,0,0.26013771996939555,True
12,8,2,0.0,0.0,2.5,wave,2619,0,0,0.2642229858724704,True
12,8,3,0.0,0.0,2.5,wave,2615,0,0,0.2707456978967495,True
12,8,4,0.0,0.0,2.5,wave,2594,0,0,0.2764070932922128,True
12,8,5,0.0,0.0,2.5,wave,2580,0,0,0.27868217054263567,True
12,8,6,0.0,0.0,2.5,wave,2552,0,0,0.2786050156739812,True
12,8,7,0.0,0.0,2.5,wave,2520,0,0,0.28174603174603174,True
12,8,8,0.0,0.0,2.5,wave,2488,0,0,0.28336012861736337,True
12,8,9,0.0,0.0,2.5,wave,2471,0,0,0.28611898016997167,True
12,8,10,0.0,0.0,2.5,wave,2454,0,0,0.28810105949470255,True
12,8,11,0.0,0.0,2.5,wave,2439,0,0,0.2865928659286593,True
12,8,12,0.0,0.0,2.5,wave,2415,0,0,0.2873706004140787,True
12,8,13,0.0,0.0,2.5,wave,2392,0,0,0.29055183946488294,True
12,8,14,0.0,0.0,2.5,wave,2365,0,0,0.292600422832981,True
12,8,15,0.0,0.0,2.5,wave,2343,0,0,0.29577464788732394,True
12,8,16,0.0,0.0,2.5,wave,2322,0,0,0.2980189491817399,True
12,8,17,0.0,0.0,2.5,wave,2304,0,0,0.3016493055555556,True
12,8,18,0.0,0.0,2.5,wave,4992,0,0,0.14022435897435898,True
12,8,19,0.0,0.0,2.5,wave,4918,0,0,0.1447742984953233,True
12,8,20,0.0,0.0,2.5,wave,4834,0,0,0.14729002896152255,True
12,8,21,0.0,0.0,2.5,wave,4775,0,0,0.1493193717277487,True
12,8,22,0.0,0.0,2.5,wave,4670,0,0,0.15460385438972163,True
12,8,23,0.0,0.0,2.5,wave,4607,0,0,0.15671803776861298,True
12,8,24,0.0,0.0,2.5,wave,4525,0,0,0.16088397790055248,True
12,8,25,0.0,0.0,2.5,wave,4445,0,0,0.1626546681664792,True
12,8,26,0.0,0.0,2.5,wave,4364,0,0,0.16544454628780936,True
12,8,27,0.0,0.0,2.5,wave,4302,0,0,0.1694560669456067,True
12,8,28,0.0,0.0,2.5,wave,4220,0,0,0.17393364928909952,True
12,8,29,0.0,0.0,2.5,wave,4157,0,0,0.1763290834736589,True
12,8,30,0.0,0.0,2.5,wave,4057,0,0,0.17993591323638156,True
12,8,31,0.0,0.0,2.5,wave,4000,0,0,0.18225,True
12,8,32,0.0,0.0,2.5,wave,3931,0,0,0.18621215975578734,True
12,8,33,0.0,0.0,2.5,wave,3865,0,0,0.19146183699870634,True
12,8,34,0.0,0.0,2.5,wave,3800,0,0,0.19394736842105262,True
12,8,35,0.0,0.0,2.5,wave,3741,0,0,0.19486768243785085,True
12,8,36,0.0,0.0,2.5,wave,3682,0,0,0.20016295491580663,True
12,8,37,0.0,0.0,2.5,wave,3608,0,0,0.20288248337028825,True
12,8,38,0.0,0.0,2.5,wave,3561,0,0,0.2066835158663297,True
12,8,39,0.0,0.0,2.5,wave,3529,0,0,0.20997449702465287,True
12,8,40,0.0,0.0,2.5,wave,3495,0,0,0.2117310443490701,True
12,8,41,0.0,0.0,2.5,wave,3467,0,0,0.21488318430920103,True
12,8,42,0.0,0.0,2.5,wave,3427,0,0,0.21855850598190837,True
12,8,43,0.0,0.0,2.5,wave,3698,0,0,0.2677122769064359,True
12,8,44,0.0,0.0,2.5,wave,3455,0,0,0.24399421128798843,True
12,8,45,0.0,0.0,2.5,wave,3283,0,0,0.23636917453548584,True
12,8,46,0.0,0.0,2.5,wave,3221,0,0,0.23595156783607577,True
12,8,47,0.0,0.0,2.5,wave,3182,0,0,0.2366436203645506,True
12,8,48,0.0,0.0,2.5,wave,3155,0,0,0.2393026941362916,True
12,8,49,0.0,0.0,2.5,wave,3131,0,0,0.23890130948578728,True
12,8,50,0.0,0.0,2.5,wave,3095,0,0,0.24038772213247173,True
12,8,51,0.0,0.0,2.5,wave,3055,0,0,0.24222585924713586,True
12,8,52,0.0,0.0,2.5,wave,3046,0,0,0.24458305975049244,True
12,9,1,0.0,0.0,2.5,wave,3020,0,0,0.24635761589403973,True
12,9,2,0.0,0.0,2.5,wave,2964,0,0,0.24730094466936572,True
12,9,3,0.0,0.0,2.5,wave,2944,0,0,0.24932065217391305,True
12,9,4,0.0,0.0,2.5,wave,2911,0,0,0.252834077636551,True
12,9,5,0.0,0.0,2.5,wave,2874,0,0,0.25295755045233126,True
12,9,6,0.0,0.0,2.5,wave,2854,0,0,0.2564821303433777,True
12,9,7,0.0,0.0,2.5,wave,2828,0,0,0.25954738330975957,True
12,9,8,0.0,0.0,2.5,wave,2788,0,0,0.2618364418938307,True
12,9,9,0.0,0.0,2.5,wave,2755,0,0,0.26388384754990923,True
12,9,10,0.0,0.0,2.5,wave,2733,0,0,0.26491035492133186,True
12,9,11,0.0,0.0,2.5,wave,2703,0,0,0.26600073991860895,True
12,9,12,0.0,0.0,2.5,wave,2679,0,0,0.2683837252706234,True
12,9,13,0.0,0.0,2.5,wave,2652,0,0,0.2703619909502262,True
12,9,14,0.0,0.0,2.5,wave,2617,0,0,0.27397783721818875,True
12,9,15,0.0,0.0,2.5,wave,2585,0,0,0.2765957446808511,True
12,9,16,0.0,0.0,2.5,wave,2562,0,0,0.2790788446526151,True
12,9,17,0.0,0.0,2.5,wave,2538,0,0,0.28132387706855794,True
12,9,18,0.0,0.0,2.5,wave,5318,0,0,0.12542309138773974,True
12,9,19,0.0,0.0,2.5,wave,5236,0,0,0.12796027501909854,True
12,9,20,0.0,0.0,2.5,wave,5130,0,0,0.13118908382066277,True
12,9,21,0.0,0.0,2.5,wave,5031,0,0,0.13536076326774002,True
12,9,22,0.0,0.0,2.5,wave,4953,0,0,0.13789622451039774,True
12,9,23,0.0,0.0,2.5,wave,4862,0,0,0.13965446318387495,True
12,9,24,0.0,0.0,2.5,wave,4743,0,0,0.14358001265022138,True
12,9,25,0.0,0.0,2.5,wave,4680,0,0,0.1450854700854701,True
12,9,26,0.0,0.0,2.5,wave,4603,0,0,0.1479469910927656,True
12,9,27,0.0,0.0,2.5,wave,4519,0,0,0.15113963266209338,True
12,9,28,0.0,0.0,2.5,wave,4446,0,0,0.15384615384615385,True
12,9,29,0.0,0.0,2.5,wave,4354,0,0,0.15548920532843363,True
12,9,30,0.0,0.0,2.5,wave,4281,0,0,0.1590749824807288,True
12,9,31,0.0,0.0,2.5,wave,4226,0,0,0.1623284429720776,True
12,9,32,0.0,0.0,2.5,wave,4137,0,0,0.1660623640319072,True
12,9,33,0.0,0.0,2.5,wave,4066,0,0,0.16724053123462862,True
12,9,34,0.0,0.0,2.5,wave,3993,0,0,0.17155021287252692,True
12,9,35,0.0,0.0,2.5,wave,3921,0,0,0.1734251466462637,True
12,9,36,0.0,0.0,2.5,wave,3851,0,0,0.1770968579589717,True
12,9,37,0.0,0.0,2.5,wave,3781,0,0,0.18143348320550118,True
12,9,38,0.0,0.0,2.5,wave,3736,0,0,0.1836188436830835,True
12,9,39,0.0,0.0,2.5,wave,3690,0,0,0.18536585365853658,True
12,9,40,0.0,0.0,2.5,wave,3642,0,0,0.18753432180120813,True
12,9,41,0.0,0.0,2.5,wave,3598,0,0,0.1895497498610339,True
12,9,42,0.0,0.0,2.5,wave,3549,0,0,0.19216680755142293,True
12,9,43,0.0,0.0,2.5,wave,4045,0,0,0.26328800988875156,True
12,9,44,0.0,0.0,2.5,wave,3759,0,0,0.2452779994679436,True
12,9,45,0.0,0.0,2.5,wave,3584,0,0,0.23660714285714285,True
12,9,46,0.0,0.0,2.5,wave,3475,0,0,0.23050359712230215,True
12,9,47,0.0,0.0,2.5,wave,3420,0,0,0.22923976608187135,True
12,9,48,0.0,0.0,2.5,wave,3377,0,0,0.22919751258513474,True
12,9,49,0.0,0.0,2.5,wave,3336,0,0,0.2302158273381295,True
12,9,50,0.0,0.0,2.5,wave,3302,0,0,0.2313749242883101,True
12,9,51,0.0,0.0,2.5,wave,3261,0,0,0.2333639987733824,True
12,9,52,0.0,0.0,2.5,wave,3229,0,0,0.23691545370083616,True
12,10,1,0.0,0.0,2.5,wave,3194,0,0,0.23919849718221667,True
12,10,2,0.0,0.0,2.5,wave,3154,0,0,0.24286620164870007,True
12,10,3,0.0,0.0,2.5,wave,3119,0,0,0.24623276691247195,True
12,10,4,0.0,0.0,2.5,wave,3095,0,0,0.25008077544426494,True
12,10,5,0.0,0.0,2.5,wave,3064,0,0,0.25032637075718017,True
12,10,6,0.0,0.0,2.5,wave,3033,0,0,0.2532146389713155,True
12,10,7,0.0,0.0,2.5,wave,3011,0,0,0.2553968781135835,True
12,10,8,0.0,0.0,2.5,wave,2987,0,0,0.2577837294944761,True
12,10,9,0.0,0.0,2.5,wave,2947,0,0,0.26060400407193757,True
12,10,10,0.0,0.0,2.5,wave,2920,0,0,0.26164383561643834,True
12,10,11,0.0,0.0,2.5,wave,2886,0,0,0.2643797643797644,True
12,10,12,0.0,0.0,2.5,wave,2855,0,0,0.2658493870402802,True
12,10,13,0.0,0.0,2.5,wave,2825,0,0,0.2672566371681416,True
12,10,14,0.0,0.0,2.5,wave,2796,0,0,0.2685979971387697,True
12,10,15,0.0,0.0,2.5,wave,2769,0,0,0.27230046948356806,True
12,10,16,0.0,0.0,2.5,wave,2745,0,0,0.27358834244080144,True
12,10,17,0.0,0.0,2.5,wave,2718,0,0,0.27630610743193523,True
12,10,18,0.0,0.0,2.5,wave,5711,0,0,0.1278234985116442,True
12,10,19,0.0,0.0,2.5,wave,5613,0,0,0.1300552289328345,True
12,10,20,0.0,0.0,2.5,wave,5499,0,0,0.1342062193126023,True
12,10,21,0.0,0.0,2.5,wave,5425,0,0,0.13566820276497696,True
12,10,22,0.0,0.0,2.5,wave,5321,0,0,0.13944747227964668,True
12,10,23,0.0,0.0,2.5,wave,5230,0,0,0.14263862332695984,True
12,10,24,0.0,0.0,2.5,wave,5131,0,0,0.14578054960046774,True
12,10,25,0.0,0.0,2.5,wave,5035,0,0,0.14875868917576962,True
12,10,26,0.0,0.0,2.5,wave,4913,0,0,0.1522491349480969,True
12,10,27,0.0,0.0,2.5,wave,4820,0,0,0.15601659751037344,True
12,10,28,0.0,0.0,2.5,wave,4741,0,0,0.15967095549462137,True
12,10,29,0.0,0.0,2.5,wave,4673,0,0,0.1613524502460946,True
12,10,30,0.0,0.0,2.5,wave,4585,0,0,0.16444929116684842,True
12,10,31,0.0,0.0,2.5,wave,4520,0,0,0.1672566371681416,True
12,10,32,0.0,0.0,2.5,wave,4445,0,0,0.16985376827896512,True
12,10,33,0.0,0.0,2.5,wave,4363,0,0,0.1737336694934678,True
12,10,34,0.0,0.0,2.5,wave,4281,0,0,0.17659425367904696,True
12,10,35,0.0,0.0,2.5,wave,4192,0,0,0.17986641221374045,True
12,10,36,0.0,0.0,2.5,wave,4123,0,0,0.18360417171962162,True
12,10,37,0.0,0.0,2.5,wave,4063,0,0,0.1860694068422348,True
12,10,38,0.0,0.0,2.5,wave,4009,0,0,0.18857570466450485,True
12,10,39,0.0,0.0,2.5,wave,3969,0,0,0.19047619047619047,True
12,10,40,0.0,0.0,2.5,wave,3910,0,0,0.19283887468030692,True
12,10,41,0.0,0.0,2.5,wave,3845,0,0,0.19635890767230169,True
12,10,42,0.0,0.0,2.5,wave,3789,0,0,0.19846925310108207,True
12,10,43,0.0,0.0,2.5,wave,4336,0,0,0.26821955719557194,True
12,10,44,0.0,0.0,2.5,wave,4012,0,0,0.24850448654037888,True
12,10,45,0.0,0.0,2.5,wave,3835,0,0,0.23885267275097782,True
12,10,46,0.0,0.0,2.5,wave,3746,0,0,0.2394554191137213,True
12,10,47,0.0,0.0,2.5,wave,3686,0,0,0.24145415084102007,True
12,10,48,0.0,0.0,2.5,wave,3646,0,0,0.24245748765770708,True
12,10,49,0.0,0.0,2.5,wave,3607,0,0,0.24313834211255891,True
12,10,50,0.0,0.0,2.5,wave,3580,0,0,0.2446927374301676,True
12,10,51,0.0,0.0,2.5,wave,3548,0,0,0.24464487034949267,True
12,10,52,0.0,0.0,2.5,wave,3508,0,0,0.24657924743443557,True
12,11,1,0.0,0.0,2.5,wave,3470,0,0,0.2484149855907781,True
12,11,2,0.0,0.0,2.5,wave,3427,0,0,0.25124015173621245,True
12,11,3,0.0,0.0,2.5,wave,3394,0,0,0.253388332351208,True
12,11,4,0.0,0.0,2.5,wave,3356,0,0,0.2550655542312277,True
12,11,5,0.0,0.0,2.5,wave,3325,0,0,0.25684210526315787,True
12,11,6,0.0,0.0,2.5,wave,3294,0,0,0.25774134790528236,True
12,11,7,0.0,0.0,2.5,wave,3253,0,0,0.26037503842606824,True
12,11,8,0.0,0.0,2.5,wave,3219,0,0,0.26312519415967695,True
12,11,9,0.0,0.0,2.5,wave,3187,0,0,0.2651396297458425,True
12,11,10,0.0,0.0,2.5,wave,3154,0,0,0.2663284717818643,True
12,11,11,0.0,0.0,2.5,wave,3122,0,0,0.26681614349775784,True
12,11,12,0.0,0.0,2.5,wave,3089,0,0,0.267076723858854,True
12,11,13,0.0,0.0,2.5,wave,3042,0,0,0.2685733070348455,True
12,11,14,0.0,0.0,2.5,wave,3016,0,0,0.26989389920424406,True
12,11,15,0.0,0.0,2.5,wave,2980,0,0,0.2728187919463087,True
12,11,16,0.0,0.0,2.5,wave,2952,0,0,0.2750677506775068,True
12,11,17,0.0,0.0,2.5,wave,2919,0,0,0.27714970880438505,True
12,11,18,0.0,0.0,2.5,wave,6029,0,0,0.12771603914413668,True
12,11,19,0.0,0.0,2.5,wave,5964,0,0,0.12793427230046947,True
12,11,20,0.0,0.0,2.5,wave,5862,0,0,0.130330945069942,True
12,11,21,0.0,0.0,2.5,wave,5733,0,0,0.13396127681841968,True
12,11,22,0.0,0.0,2.5,wave,5650,0,0,0.1368141592920354,True
12,11,23,0.0,0.0,2.5,wave,5551,0,0,0.13997477931904162,True
12,11,24,0.0,0.0,2.5,wave,5460,0,0,0.1434065934065934,True
12,11,25,0.0,0.0,2.5,wave,5368,0,0,0.1453055141579732,True
12,11,26,0.0,0.0,2.5,wave,5286,0,0,0.14907302307983353,True
12,11,27,0.0,0.0,2.5,wave,5189,0,0,0.15147427249951823,True
12,11,28,0.0,0.0,2.5,wave,5064,0,0,0.1542259083728278,True
12,11,29,0.0,0.0,2.5,wave,4964,0,0,0.1563255439161966,True
12,11,30,0.0,0.0,2.5,wave,4853,0,0,0.15969503399958787,True
12,11,31,0.0,0.0,2.5,wave,4757,0,0,0.16270758881648098,True
12,11,32,0.0,0.0,2.5,wave,4660,0,0,0.16587982832618026,True
12,11,33,0.0,0.0,2.5,wave,4570,0,0,0.16630196936542668,True
12,11,34,0.0,0.0,2.5,wave,4498,0,0,0.17029791018230325,True
12,11,35,0.0,0.0,2.5,wave,4411,0,0,0.1747902969848107,True
12,11,36,0.0,0.0,2.5,wave,4325,0,0,0.17710982658959537,True
12,11,37,0.0,0.0,2.5,wave,4264,0,0,0.18105065666041276,True
12,11,38,0.0,0.0,2.5,wave,4207,0,0,0.18397908248157832,True
12,11,39,0.0,0.0,2.5,wave,4164,0,0,0.18659942363112392,True
12,11,40,0.0,0.0,2.5,wave,4089,0,0,0.19002201027146,True
12,11,41,0.0,0.0,2.5,wave,4057,0,0,0.1925067784076904,True
12,11,42,0.0,0.0,2.5,wave,3999,0,0,0.19504876219054765,True
12,11,43,0.0,0.0,2.5,wave,4497,0,0,0.26306426506559927,True
12,11,44,0.0,0.0,2.5,wave,4174,0,0,0.24221370388116914,True
12,11,45,0.0,0.0,2.5,wave,4018,0,0,0.23071179691388752,True
12,11,46,0.0,0.0,2.5,wave,3935,0,0,0.22947903430749683,True
12,11,47,0.0,0.0,2.5,wave,3859,0,0,0.22648354495983417,True
12,11,48,0.0,0.0,2.5,wave,3815,0,0,0.22778505897771953,True
12,11,49,0.0,0.0,2.5,wave,3763,0,0,0.231198511825671,True
12,11,50,0.0,0.0,2.5,wave,3722,0,0,0.23347662547017733,True
12,11,51,0.0,0.0,2.5,wave,3689,0,0,0.23312550826782324,True
12,11,52,0.0,0.0,2.5,wave,3644,0,0,0.2335345773874863,True
13,1,1,0.0,0.0,2.5,wave,2731,0,0,0.0014646649578908824,True
13,1,2,0.0,0.0,2.5,wave,2633,0,0,0.002278769464489176,True
13,1,3,0.0,0.0,2.5,wave,2527,0,0,0.003957261574990107,True
13,1,4,0.0,0.0,2.5,wave,2447,0,0,0.006129955046996322,True
13,1,5,0.0,0.0,2.5,wave,2338,0,0,0.006843455945252352,True
13,1,6,0.0,0.0,2.5,wave,2251,0,0,0.009773434029320302,True
13,1,7,0.0,0.0,2.5,wave,2174,0,0,0.010579576816927323,True
13,1,8,0.0,0.0,2.5,wave,2077,0,0,0.01203659123736158,True
13,1,9,0.0,0.0,2.5,wave,2013,0,0,0.015896671634376552,True
13,1,10,0.0,0.0,2.5,wave,1940,0,0,0.018556701030927835,True
13,1,11,0.0,0.0,2.5,wave,1874,0,0,0.020277481323372464,True
13,1,12,0.0,0.0,2.5,wave,1815,0,0,0.02534435261707989,True
13,1,13,0.0,0.0,2.5,wave,1769,0,0,0.027133973996608253,True
13,1,14,0.0,0.0,2.5,wave,1734,0,0,0.02825836216839677,True
13,1,15,0.0,0.0,2.5,wave,1688,0,0,0.030213270142180094,True
13,1,16,0.0,0.0,2.5,wave,1674,0,0,0.03046594982078853,True
13,1,17,0.0,0.0,2.5,wave,1649,0,0,0.03274711946634324,True
13,1,18,0.0,0.0,2.5,wave,4554,0,0,0.015151515151515152,True
13,1,19,0.0,0.0,2.5,wave,4439,0,0,0.017346249155215137,True
13,1,20,0.0,0.0,2.5,wave,4356,0,0,0.01859504132231405,True
13,1,21,0.0,0.0,2.5,wave,4197,0,0,0.021443888491779844,True
13,1,22,0.0,0.0,2.5,wave,4059,0,0,0.024882976102488297,True
13,1,23,0.0,0.0,2.5,wave,3969,0,0,0.027210884353741496,True
13,1,24,0.0,0.0,2.5,wave,3869,0,0,0.02894804859136728,True
13,1,25,0.0,0.0,2.5,wave,3787,0,0,0.031423290203327174,True
13,1,26,0.0,0.0,2.5,wave,3712,0,0,0.033674568965517244,True
13,1,27,0.0,0.0,2.5,wave,3628,0,0,0.03528114663726571,True
13,1,28,0.0,0.0,2.5,wave,3545,0,0,0.036389280677009875,True
13,1,29,0.0,0.0,2.5,wave,3466,0,0,0.039526832083092905,True
13,1,30,0.0,0.0,2.5,wave,3388,0,0,0.04132231404958678,True
13,1,31,0.0,0.0,2.5,wave,3317,0,0,0.042508290624057886,True
13,1,32,0.0,0.0,2.5,wave,3246,0,0,0.04436229205175601,True
13,1,33,0.0,0.0,2.5,wave,3183,0,0,0.046182846371347785,True
13,1,34,0.0,0.0,2.5,wave,3116,0,0,0.04813863928112965,True
13,1,35,0.0,0.0,2.5,wave,3053,0,0,0.05011464133639044,True
13,1,36,0.0,0.0,2.5,wave,2987,0,0,0.05222631402745229,True
13,1,37,0.0,0.0,2.5,wave,2932,0,0,0.0538881309686221,True
13,1,38,0.0,0.0,2.5,wave,2886,0,0,0.056133056133056136,True
13,1,39,0.0,0.0,2.5,wave,2839,0,0,0.05671010919337795,True
13,1,40,0.0,0.0,2.5,wave,2799,0,0,0.05680600214362272,True
13,1,41,0.0,0.0,2.5,wave,2764,0,0,0.05897250361794501,True
13,1,42,0.0,0.0,2.5,wave,2727,0,0,0.06013934726806014,True
13,1,43,0.0,0.0,2.5,wave,3277,0,0,0.13548977723527617,True
13,1,44,0.0,0.0,2.5,wave,3035,0,0,0.11136738056013179,True
13,1,45,0.0,0.0,2.5,wave,2884,0,0,0.09639389736477115,True
13,1,46,0.0,0.0,2.5,wave,2822,0,0,0.09532246633593196,True
13,1,47,0.0,0.0,2.5,wave,2776,0,0,0.0936599423631124,True
13,1,48,0.0,0.0,2.5,wave,2732,0,0,0.09919472913616398,True
13,1,49,0.0,0.0,2.5,wave,2701,0,0,0.10181414291003332,True
13,1,50,0.0,0.0,2.5,wave,2662,0,0,0.10067618332081142,True
13,1,51,0.0,0.0,2.5,wave,2614,0,0,0.09908186687069626,True
13,1,52,0.0,0.0,2.5,wave,2571,0,0,0.10112796577207313,True
13,2,1,0.0,0.0,2.5,wave,2529,27,5,0.10359826018189007,False
13,2,2,0.0,0.0,2.5,wave,2477,28,9,0.1005248284214776,False
13,2,3,0.0,0.0,2.5,wave,2435,26,11,0.10513347022587269,False
13,2,4,0.0,0.0,2.5,wave,2393,28,12,0.10739657333890514,False
13,2,5,0.0,0.0,2.5,wave,2337,25,11,0.10654685494223363,False
13,2,6,0.0,0.0,2.5,wave,2294,33,11,0.1076721883173496,False
13,2,7,0.0,0.0,2.5,wave,2252,36,10,0.10790408525754884,False
13,2,8,0.0,0.0,2.5,wave,2220,37,14,0.10855855855855856,False
13,2,9,0.0,0.0,2.5,wave,2187,46,13,0.11065386374028349,False
13,2,10,0.0,0.0,2.5,wave,2145,41,11,0.11095571095571095,False
13,2,11,0.0,0.0,2.5,wave,2121,44,19,0.1140971239981141,False
13,2,12,0.0,0.0,2.5,wave,2075,43,23,0.11566265060240964,False
13,2,13,0.0,0.0,2.5,wave,2030,45,17,0.1187192118226601,False
13,2,14,0.0,0.0,2.5,wave,1990,38,14,0.12160804020100502,False
13,2,15,0.0,0.0,2.5,wave,1961,43,17,0.12442631310555839,False
13,2,16,0.0,0.0,2.5,wave,1926,40,17,0.1272066458982347,False
13,2,17,0.0,0.0,2.5,wave,1893,38,12,0.12625462229265716,False
13,2,18,0.0,0.0,2.5,wave,3659,36,12,0.06586499043454495,False
13,2,19,0.0,0.0,2.5,wave,3575,53,12,0.06713286713286713,False
13,2,20,0.0,0.0,2.5,wave,3494,45,10,0.07012020606754436,False
13,2,21,0.0,0.0,2.5,wave,3396,50,13,0.07302709069493522,False
13,2,22,0.0,0.0,2.5,wave,3326,54,20,0.07546602525556223,False
13,2,23,0.0,0.0,2.5,wave,3242,65,25,0.07803824799506477,False
13,2,24,0.0,0.0,2.5,wave,3144,66,25,0.08301526717557252,False
13,2,25,0.0,0.0,2.5,wave,3057,68,26,0.08505070330389271,False
13,2,26,0.0,0.0,2.5,wave,2991,64,20,0.08726178535606821,False
13,2,27,0.0,0.0,2.5,wave,2921,55,24,0.09003765833618624,False
13,2,28,0.0,0.0,2.5,wave,2871,64,29,0.09230233368164403,False
13,2,29,0.0,0.0,2.5,wave,2793,55,21,0.0966702470461869,False
13,2,30,0.0,0.0,2.5,wave,2721,53,16,0.10033076074972437,False
13,2,31,0.0,0.0,2.5,wave,2659,49,14,0.10304625799172622,False
13,2,32,0.0,0.0,2.5,wave,2594,49,17,0.10678488820354665,False
13,2,33,0.0,0.0,2.5,wave,2537,52,24,0.10878990934174222,False
13,2,34,0.0,0.0,2.5,wave,2489,53,24,0.11088790678987545,False
13,2,35,0.0,0.0,2.5,wave,2408,41,14,0.11378737541528239,False
13,2,36,0.0,0.0,2.5,wave,2352,44,11,0.11607142857142858,False
13,2,37,0.0,0.0,2.5,wave,2308,39,13,0.12001733102253033,False
13,2,38,0.0,0.0,2.5,wave,2280,44,21,0.12368421052631579,False
13,2,39,0.0,0.0,2.5,wave,2243,39,24,0.12661613909942043,False
13,2,40,0.0,0.0,2.5,wave,2198,32,15,0.1292083712465878,False
13,2,41,0.0,0.0,2.5,wave,2166,21,5,0.13250230840258542,False
13,2,42,0.0,0.0,2.5,wave,2140,19,9,0.13504672897196263,False
13,2,43,0.0,0.0,2.5,wave,2718,22,10,0.25055187637969095,False
13,2,44,0.0,0.0,2.5,wave,2404,14,5,0.20174708818635606,False
13,2,45,0.0,0.0,2.5,wave,2273,12,6,0.18345798504179497,False
13,2,46,0.0,0.0,2.5,wave,2204,12,6,0.17785843920145192,False
13,2,47,0.0,0.0,2.5,wave,2166,10,2,0.1722068328716528,False
13,2,48,0.0,0.0,2.5,wave,2134,8,2,0.1738519212746017,False
13,2,49,0.0,0.0,2.5,wave,2109,9,4,0.1716453295400664,False
13,2,50,0.0,0.0,2.5,wave,2069,7,4,0.1749637506041566,False
13,2,51,0.0,0.0,2.5,wave,2049,5,2,0.17618350414836506,False
13,2,52,0.0,0.0,2.5,wave,2025,3,1,0.17777777777777778,False
13,3,1,0.0,0.0,2.5,wave,1998,3,3,0.17517517517517517,False
13,3,2,0.0,0.0,2.5,wave,1981,2,2,0.17718324078748107,False
13,3,3,0.0,0.0,2.5,wave,1951,0,0,0.17888262429523322,True
13,3,4,0.0,0.0,2.5,wave,1922,0,0,0.18106139438085328,True
13,3,5,0.0,0.0,2.5,wave,1893,0,0,0.17855256207078712,True
13,3,6,0.0,0.0,2.5,wave,1853,0,0,0.17916891527253104,True
13,3,7,0.0,0.0,2.5,wave,1826,0,0,0.18346111719605696,True
13,3,8,0.0,0.0,2.5,wave,1807,0,0,0.18483674598782512,True
13,3,9,0.0,0.0,2.5,wave,1792,0,0,0.1875,True
13,3,10,0.0,0.0,2.5,wave,1777,0,0,0.18964546989307823,True
13,3,11,0.0,0.0,2.5,wave,1762,0,0,0.18898978433598185,True
13,3,12,0.0,0.0,2.5,wave,1740,0,0,0.19482758620689655,True
13,3,13,0.0,0.0,2.5,wave,1719,0,0,0.1948807446189645,True
13,3,14,0.0,0.0,2.5,wave,1703,0,0,0.1990604815032296,True
13,3,15,0.0,0.0,2.5,wave,1680,0,0,0.20238095238095238,True
13,3,16,0.0,0.0,2.5,wave,1652,0,0,0.2046004842615012,True
13,3,17,0.0,0.0,2.5,wave,1632,0,0,0.20772058823529413,True
13,3,18,0.0,0.0,2.5,wave,3707,0,0,0.09225789047747504,True
13,3,19,0.0,0.0,2.5,wave,3631,0,0,0.0952905535665106,True
13,3,20,0.0,0.0,2.5,wave,3545,0,0,0.09788434414668547,True
13,3,21,0.0,0.0,2.5,wave,3472,0,0,0.09994239631336406,True
13,3,22,0.0,0.0,2.5,wave,3394,0,0,0.10223924572775486,True
13,3,23,0.0,0.0,2.5,wave,3307,0,0,0.10553371635923799,True
13,3,24,0.0,0.0,2.5,wave,3225,0,0,0.1082170542635659,True
13,3,25,0.0,0.0,2.5,wave,3152,0,0,0.1116751269035533,True
13,3,26,0.0,0.0,2.5,wave,3085,0,0,0.11247974068071313,True
13,3,27,0.0,0.0,2.5,wave,3017,0,0,0.1150149154789526,True
13,3,28,0.0,0.0,2.5,wave,2958,0,0,0.11899932386747802,True
13,3,29,0.0,0.0,2.5,wave,2885,0,0,0.11993067590987869,True
13,3,30,0.0,0.0,2.5,wave,2834,0,0,0.12279463655610445,True
13,3,31,0.0,0.0,2.5,wave,2785,0,0,0.1267504488330341,True
13,3,32,0.0,0.0,2.5,wave,2726,0,0,0.12949376375641966,True
13,3,33,0.0,0.0,2.5,wave,2685,0,0,0.1318435754189944,True
13,3,34,0.0,0.0,2.5,wave,2615,0,0,0.13537284894837476,True
13,3,35,0.0,0.0,2.5,wave,2558,0,0,0.1376075058639562,True
13,3,36,0.0,0.0,2.5,wave,2508,0,0,0.14035087719298245,True
13,3,37,0.0,0.0,2.5,wave,2465,0,0,0.14239350912778906,True
13,3,38,0.0,0.0,2.5,wave,2425,0,0,0.1439175257731959,True
13,3,39,0.0,0.0,2.5,wave,2394,0,0,0.14494569757727652,True
13,3,40,0.0,0.0,2.5,wave,2355,0,0,0.14777070063694267,True
13,3,41,0.0,0.0,2.5,wave,2317,0,0,0.15235217954251187,True
13,3,42,0.0,0.0,2.5,wave,2286,0,0,0.15660542432195976,True
13,3,43,0.0,0.0,2.5,wave,3029,0,0,0.26873555628920437,True
13,3,44,0.0,0.0,2.5,wave,2708,0,0,0.22636632200886264,True
13,3,45,0.0,0.0,2.5,wave,2573,0,0,0.2141469102215313,True
13,3,46,0.0,0.0,2.5,wave,2465,0,0,0.20365111561866125,True
13,3,47,0.0,0.0,2.5,wave,2413,0,0,0.1997513468711148,True
13,3,48,0.0,0.0,2.5,wave,2356,0,0,0.19821731748726656,True
13,3,49,0.0,0.0,2.5,wave,2313,0,0,0.19584954604409857,True
13,3,50,0.0,0.0,2.5,wave,2291,0,0,0.19685726756874727,True
13,3,51,0.0,0.0,2.5,wave,2252,0,0,0.1989342806394316,True
13,3,52,0.0,0.0,2.5,wave,2217,0,0,0.1980153360396933,True
13,4,1,0.0,0.0,2.5,wave,2198,0,0,0.2024567788898999,True
13,4,2,0.0,0.0,2.5,wave,2164,0,0,0.205637707948244,True
13,4,3,0.0,0.0,2.5,wave,2145,0,0,0.2041958041958042,True
13,4,4,0.0,0.0,2.5,wave,2105,0,0,0.20617577197149645,True
13,4,5,0.0,0.0,2.5,wave,2072,0,0,0.20897683397683398,True
13,4,6,0.0,0.0,2.5,wave,2046,0,0,0.20918866080156404,True
13,4,7,0.0,0.0,2.5,wave,2024,0,0,0.2099802371541502,True
13,4,8,0.0,0.0,2.5,wave,1997,0,0,0.20981472208312468,True
13,4,9,0.0,0.0,2.5,wave,1948,0,0,0.21098562628336756,True
13,4,10,0.0,0.0,2.5,wave,1926,0,0,0.21391484942886813,True
13,4,11,0.0,0.0,2.5,wave,1893,0,0,0.21553090332805072,True
13,4,12,0.0,0.0,2.5,wave,1869,0,0,0.21508828250401285,True
13,4,13,0.0,0.0,2.5,wave,1839,0,0,0.21750951604132682,True
13,4,14,0.0,0.0,2.5,wave,1814,0,0,0.21885336273428888,True
13,4,15,0.0,0.0,2.5,wave,1794,0,0,0.2201783723522854,True
13,4,16,0.0,0.0,2.5,wave,1767,0,0,0.22410865874363328,True
13,4,17,0.0,0.0,2.5,wave,1736,0,0,0.22753456221198157,True
13,4,18,0.0,0.0,2.5,wave,3733,0,0,0.10581301901955532,True
13,4,19,0.0,0.0,2.5,wave,3664,0,0,0.10753275109170306,True
13,4,20,0.0,0.0,2.5,wave,3598,0,0,0.10950528071150639,True
13,4,21,0.0,0.0,2.5,wave,3519,0,0,0.11253196930946291,True
13,4,22,0.0,0.0,2.5,wave,3435,0,0,0.11703056768558952,True
13,4,23,0.0,0.0,2.5,wave,3347,0,0,0.12010755900806692,True
13,4,24,0.0,0.0,2.5,wave,3275,0,0,0.1233587786259542,True
13,4,25,0.0,0.0,2.5,wave,3204,0,0,0.1254681647940075,True
13,4,26,0.0,0.0,2.5,wave,3138,0,0,0.12746972594008923,True
13,4,27,0.0,0.0,2.5,wave,3070,0,0,0.13159609120521173,True
13,4,28,0.0,0.0,2.5,wave,2987,0,0,0.1352527619685303,True
13,4,29,0.0,0.0,2.5,wave,2916,0,0,0.13957475994513033,True
13,4,30,0.0,0.0,2.5,wave,2848,0,0,0.14185393258426968,True
13,4,31,0.0,0.0,2.5,wave,2767,0,0,0.14419949403686302,True
13,4,32,0.0,0.0,2.5,wave,2709,0,0,0.14728682170542637,True
13,4,33,0.0,0.0,2.5,wave,2675,0,0,0.15177570093457943,True
13,4,34,0.0,0.0,2.5,wave,2633,0,0,0.15609570831750855,True
13,4,35,0.0,0.0,2.5,wave,2586,0,0,0.15931941221964424,True
13,4,36,0.0,0.0,2.5,wave,2525,0,0,0.16277227722772278,True
13,4,37,0.0,0.0,2.5,wave,2471,0,0,0.16471064346418454,True
13,4,38,0.0,0.0,2.5,wave,2439,0,0,0.17056170561705616,True
13,4,39,0.0,0.0,2.5,wave,2411,0,0,0.17378681045209457,True
13,4,40,0.0,0.0,2.5,wave,2378,0,0,0.17661900756938603,True
13,4,41,0.0,0.0,2.5,wave,2357,0,0,0.17946542214679678,True
13,4,42,0.0,0.0,2.5,wave,2325,0,0,0.1810752688172043,True
13,4,43,0.0,0.0,2.5,wave,3068,0,0,0.2985658409387223,True
13,4,44,0.0,0.0,2.5,wave,2758,0,0,0.2574329224075417,True
13,4,45,0.0,0.0,2.5,wave,2566,0,0,0.230319563522993,True
13,4,46,0.0,0.0,2.5,wave,2454,0,0,0.21882640586797067,True
13,4,47,0.0,0.0,2.5,wave,2370,0,0,0.2160337552742616,True
13,4,48,0.0,0.0,2.5,wave,2332,0,0,0.21483704974271012,True
13,4,49,0.0,0.0,2.5,wave,2284,0,0,0.21409807355516638,True
13,4,50,0.0,0.0,2.5,wave,2244,0,0,0.214349376114082,True
13,4,51,0.0,0.0,2.5,wave,2218,0,0,0.2132551848512173,True
13,4,52,0.0,0.0,2.5,wave,2170,0,0,0.21382488479262673,True
13,5,1,0.0,0.0,2.5,wave,2139,0,0,0.21598877980364656,True
13,5,2,0.0,0.0,2.5,wave,2099,0,0,0.2177227251071939,True
13,5,3,0.0,0.0,2.5,wave,2054,0,0,0.22200584225900682,True
13,5,4,0.0,0.0,2.5,wave,2029,0,0,0.2207984228684081,True
13,5,5,0.0,0.0,2.5,wave,2013,0,0,0.22503725782414308,True
13,5,6,0.0,0.0,2.5,wave,1985,0,0,0.22670025188916876,True
13,5,7,0.0,0.0,2.5,wave,1958,0,0,0.22880490296220635,True
13,5,8,0.0,0.0,2.5,wave,1939,0,0,0.23156266116554924,True
13,5,9,0.0,0.0,2.5,wave,1918,0,0,0.23253388946819603,True
13,5,10,0.0,0.0,2.5,wave,1896,0,0,0.23154008438818566,True
13,5,11,0.0,0.0,2.5,wave,1859,0,0,0.2350726196880043,True
13,5,12,0.0,0.0,2.5,wave,1834,0,0,0.2371864776444929,True
13,5,13,0.0,0.0,2.5,wave,1819,0,0,0.24024189114898295,True
13,5,14,0.0,0.0,2.5,wave,1797,0,0,0.24373956594323873,True
13,5,15,0.0,0.0,2.5,wave,1777,0,0,0.2453573438379291,True
13,5,16,0.0,0.0,2.5,wave,1751,0,0,0.24785836664762992,True
13,5,17,0.0,0.0,2.5,wave,1726,0,0,0.2508690614136732,True
13,5,18,0.0,0.0,2.5,wave,3716,0,0,0.11759956942949408,True
13,5,19,0.0,0.0,2.5,wave,3641,0,0,0.12029662180719583,True
13,5,20,0.0,0.0,2.5,wave,3574,0,0,0.1233911583659765,True
13,5,21,0.0,0.0,2.5,wave,3516,0,0,0.1277019340159272,True
13,5,22,0.0,0.0,2.5,wave,3447,0,0,0.12967798085291557,True
13,5,23,0.0,0.0,2.5,wave,3375,0,0,0.13362962962962963,True
13,5,24,0.0,0.0,2.5,wave,3305,0,0,0.13555219364599091,True
13,5,25,0.0,0.0,2.5,wave,3213,0,0,0.14036725801431685,True
13,5,26,0.0,0.0,2.5,wave,3138,0,0,0.14276609305289995,True
13,5,27,0.0,0.0,2.5,wave,3082,0,0,0.14665801427644387,True
13,5,28,0.0,0.0,2.5,wave,3026,0,0,0.14705882352941177,True
13,5,29,0.0,0.0,2.5,wave,2944,0,0,0.1514945652173913,True
13,5,30,0.0,0.0,2.5,wave,2878,0,0,0.15253648366921474,True
13,5,31,0.0,0.0,2.5,wave,2811,0,0,0.15510494485948062,True
13,5,32,0.0,0.0,2.5,wave,2746,0,0,0.15695557174071376,True
13,5,33,0.0,0.0,2.5,wave,2697,0,0,0.16129032258064516,True
13,5,34,0.0,0.0,2.5,wave,2651,0,0,0.16182572614107885,True
13,5,35,0.0,0.0,2.5,wave,2592,0,0,0.16550925925925927,True
13,5,36,0.0,0.0,2.5,wave,2564,0,0,0.17004680187207488,True
13,5,37,0.0,0.0,2.5,wave,2492,0,0,0.17335473515248795,True
13,5,38,0.0,0.0,2.5,wave,2460,0,0,0.17642276422764228,True
13,5,39,0.0,0.0,2.5,wave,2428,0,0,0.1787479406919275,True
13,5,40,0.0,0.0,2.5,wave,2388,0,0,0.18216080402010051,True
13,5,41,0.0,0.0,2.5,wave,2359,0,0,0.18524798643493007,True
13,5,42,0.0,0.0,2.5,wave,2332,0,0,0.18610634648370497,True
13,5,43,0.0,0.0,2.5,wave,3200,0,0,0.3071875,True
13,5,44,0.0,0.0,2.5,wave,2840,0,0,0.2679577464788732,True
13,5,45,0.0,0.0,2.5,wave,2627,0,0,0.24438523030072326,True
13,5,46,0.0,0.0,2.5,wave,2497,0,0,0.2318782539046856,True
13,5,47,0.0,0.0,2.5,wave,2413,0,0,0.22171570658930792,True
13,5,48,0.0,0.0,2.5,wave,2376,0,0,0.2218013468013468,True
13,5,49,0.0,0.0,2.5,wave,2341,0,0,0.22212729602733874,True
13,5,50,0.0,0.0,2.5,wave,2305,0,0,0.2195227765726681,True
13,5,51,0.0,0.0,2.5,wave,2282,0,0,0.22261174408413673,True
13,5,52,0.0,0.0,2.5,wave,2240,0,0,0.221875,True
13,6,1,0.0,0.0,2.5,wave,2221,0,0,0.2215218370103557,True
13,6,2,0.0,0.0,2.5,wave,2194,0,0,0.22379216043755698,True
13,6,3,0.0,0.0,2.5,wave,2170,0,0,0.22580645161290322,True
13,6,4,0.0,0.0,2.5,wave,2142,0,0,0.22735760971055088,True
13,6,5,0.0,0.0,2.5,wave,2108,0,0,0.2286527514231499,True
13,6,6,0.0,0.0,2.5,wave,2085,0,0,0.2316546762589928,True
13,6,7,0.0,0.0,2.5,wave,2055,0,0,0.23357664233576642,True
13,6,8,0.0,0.0,2.5,wave,2031,0,0,0.2363367799113737,True
13,6,9,0.0,0.0,2.5,wave,1992,0,0,0.24146586345381527,True
13,6,10,0.0,0.0,2.5,wave,1963,0,0,0.24248599083036168,True
13,6,11,0.0,0.0,2.5,wave,1943,0,0,0.24189397838394236,True
13,6,12,0.0,0.0,2.5,wave,1921,0,0,0.24466423737636647,True
13,6,13,0.0,0.0,2.5,wave,1899,0,0,0.2459189046866772,True
13,6,14,0.0,0.0,2.5,wave,1882,0,0,0.24920297555791712,True
13,6,15,0.0,0.0,2.5,wave,1867,0,0,0.2522763792179968,True
13,6,16,0.0,0.0,2.5,wave,1840,0,0,0.2505434782608696,True
13,6,17,0.0,0.0,2.5,wave,1833,0,0,0.25368248772504093,True
13,6,18,0.0,0.0,2.5,wave,3919,0,0,0.1166113804541975,True
13,6,19,0.0,0.0,2.5,wave,3844,0,0,0.1186264308012487,True
13,6,20,0.0,0.0,2.5,wave,3774,0,0,0.12135665076841548,True
13,6,21,0.0,0.0,2.5,wave,3711,0,0,0.12503368364322284,True
13,6,22,0.0,0.0,2.5,wave,3617,0,0,0.12911252419131877,True
13,6,23,0.0,0.0,2.5,wave,3543,0,0,0.12983347445667515,True
13,6,24,0.0,0.0,2.5,wave,3468,0,0,0.1303344867358708,True
13,6,25,0.0,0.0,2.5,wave,3409,0,0,0.13141683778234087,True
13,6,26,0.0,0.0,2.5,wave,3317,0,0,0.13295146216460657,True
13,6,27,0.0,0.0,2.5,wave,3250,0,0,0.136,True
13,6,28,0.0,0.0,2.5,wave,3165,0,0,0.13680884676145338,True
13,6,29,0.0,0.0,2.5,wave,3107,0,0,0.14097199871258448,True
13,6,30,0.0,0.0,2.5,wave,3040,0,0,0.14473684210526316,True
13,6,31,0.0,0.0,2.5,wave,2982,0,0,0.14688128772635814,True
13,6,32,0.0,0.0,2.5,wave,2924,0,0,0.14945280437756497,True
13,6,33,0.0,0.0,2.5,wave,2858,0,0,0.15185444366689993,True
13,6,34,0.0,0.0,2.5,wave,2800,0,0,0.15428571428571428,True
13,6,35,0.0,0.0,2.5,wave,2730,0,0,0.1564102564102564,True
13,6,36,0.0,0.0,2.5,wave,2675,0,0,0.16037383177570094,True
13,6,37,0.0,0.0,2.5,wave,2617,0,0,0.16316392816201758,True
13,6,38,0.0,0.0,2.5,wave,2574,0,0,0.16627816627816627,True
13,6,39,0.0,0.0,2.5,wave,2539,0,0,0.16817644742024418,True
13,6,40,0.0,0.0,2.5,wave,2507,0,0,0.16912644595133625,True
13,6,41,0.0,0.0,2.5,wave,2483,0,0,0.17277486910994763,True
13,6,42,0.0,0.0,2.5,wave,2469,0,0,0.17375455650060753,True
13,6,43,0.0,0.0,2.5,wave,3411,0,0,0.3072412782175315,True
13,6,44,0.0,0.0,2.5,wave,3034,0,0,0.26862228081740275,True
13,6,45,0.0,0.0,2.5,wave,2764,0,0,0.23480463096960927,True
13,6,46,0.0,0.0,2.5,wave,2655,0,0,0.224105461393597,True
13,6,47,0.0,0.0,2.5,wave,2568,0,0,0.21690031152647976,True
13,6,48,0.0,0.0,2.5,wave,2529,0,0,0.2158956109134045,True
13,6,49,0.0,0.0,2.5,wave,2480,0,0,0.21411290322580645,True
13,6,50,0.0,0.0,2.5,wave,2451,0,0,0.21664626682986537,True
13,6,51,0.0,0.0,2.5,wave,2417,0,0,0.21638394704178734,True
13,6,52,0.0,0.0,2.5,wave,2378,0,0,0.21783010933557612,True
13,7,1,0.0,0.0,2.5,wave,2357,0,0,0.2206194314806958,True
13,7,2,0.0,0.0,2.5,wave,2333,0,0,0.22160308615516502,True
13,7,3,0.0,0.0,2.5,wave,2290,0,0,0.22096069868995633,True
13,7,4,0.0,0.0,2.5,wave,2258,0,0,0.22187776793622674,True
13,7,5,0.0,0.0,2.5,wave,2228,0,0,0.22621184919210055,True
13,7,6,0.0,0.0,2.5,wave,2183,0,0,0.22904260192395787,True
13,7,7,0.0,0.0,2.5,wave,2164,0,0,0.23105360443622922,True
13,7,8,0.0,0.0,2.5,wave,2135,0,0,0.23278688524590163,True
13,7,9,0.0,0.0,2.5,wave,2111,0,0,0.23306489815253434,True
13,7,10,0.0,0.0,2.5,wave,2079,0,0,0.23424723424723426,True
13,7,11,0.0,0.0,2.5,wave,2061,0,0,0.2348374575448811,True
13,7,12,0.0,0.0,2.5,wave,2038,0,0,0.2365063788027478,True
13,7,13,0.0,0.0,2.5,wave,2009,0,0,0.23743155798904927,True
13,7,14,0.0,0.0,2.5,wave,1991,0,0,0.2370668006027122,True
13,7,15,0.0,0.0,2.5,wave,1964,0,0,0.23778004073319756,True
13,7,16,0.0,0.0,2.5,wave,1943,0,0,0.2377766340710242,True
13,7,17,0.0,0.0,2.5,wave,1915,0,0,0.23759791122715404,True
13,7,18,0.0,0.0,2.5,wave,4138,0,0,0.11092315128081198,True
13,7,19,0.0,0.0,2.5,wave,4068,0,0,0.1160275319567355,True
13,7,20,0.0,0.0,2.5,wave,3979,0,0,0.12013068610203569,True
13,7,21,0.0,0.0,2.5,wave,3907,0,0,0.12183260813923727,True
13,7,22,0.0,0.0,2.5,wave,3841,0,0,0.1249674563915647,True
13,7,23,0.0,0.0,2.5,wave,3753,0,0,0.12816413535837995,True
13,7,24,0.0,0.0,2.5,wave,3682,0,0,0.12982074959261272,True
13,7,25,0.0,0.0,2.5,wave,3615,0,0,0.13278008298755187,True
13,7,26,0.0,0.0,2.5,wave,3522,0,0,0.13458262350936967,True
13,7,27,0.0,0.0,2.5,wave,3450,0,0,0.13623188405797101,True
13,7,28,0.0,0.0,2.5,wave,3388,0,0,0.1381345926800472,True
13,7,29,0.0,0.0,2.5,wave,3333,0,0,0.1407140714071407,True
13,7,30,0.0,0.0,2.5,wave,3254,0,0,0.14474492931776275,True
13,7,31,0.0,0.0,2.5,wave,3182,0,0,0.14959145191703332,True
13,7,32,0.0,0.0,2.5,wave,3118,0,0,0.15169980756895446,True
13,7,33,0.0,0.0,2.5,wave,3031,0,0,0.15671395579016825,True
13,7,34,0.0,0.0,2.5,wave,2929,0,0,0.16046432229429838,True
13,7,35,0.0,0.0,2.5,wave,2873,0,0,0.16394013226592413,True
13,7,36,0.0,0.0,2.5,wave,2832,0,0,0.16666666666666666,True
13,7,37,0.0,0.0,2.5,wave,2807,0,0,0.16779479871749198,True
13,7,38,0.0,0.0,2.5,wave,2769,0,0,0.17009750812567714,True
13,7,39,0.0,0.0,2.5,wave,2737,0,0,0.17135549872122763,True
13,7,40,0.0,0.0,2.5,wave,2690,0,0,0.17472118959107807,True
13,7,41,0.0,0.0,2.5,wave,2663,0,0,0.17461509575666542,True
13,7,42,0.0,0.0,2.5,wave,2628,0,0,0.17732115677321156,True
13,7,43,0.0,0.0,2.5,wave,3602,0,0,0.31482509716823986,True
13,7,44,0.0,0.0,2.5,wave,3189,0,0,0.2699905926622766,True
13,7,45,0.0,0.0,2.5,wave,2941,0,0,0.24413464807888474,True
13,7,46,0.0,0.0,2.5,wave,2773,0,0,0.22394518571943745,True
13,7,47,0.0,0.0,2.5,wave,2683,0,0,0.21990309355199403,True
13,7,48,0.0,0.0,2.5,wave,2611,0,0,0.21409421677518192,True
13,7,49,0.0,0.0,2.5,wave,2586,0,0,0.2122969837587007,True
13,7,50,0.0,0.0,2.5,wave,2558,0,0,0.21188428459734168,True
13,7,51,0.0,0.0,2.5,wave,2522,0,0,0.21371927042030134,True
13,7,52,0.0,0.0,2.5,wave,2473,0,0,0.2175495349777598,True
13,8,1,0.0,0.0,2.5,wave,2425,0,0,0.2177319587628866,True
13,8,2,0.0,0.0,2.5,wave,2381,0,0,0.21965560688786223,True
13,8,3,0.0,0.0,2.5,wave,2359,0,0,0.22043238660449344,True
13,8,4,0.0,0.0,2.5,wave,2330,0,0,0.2240343347639485,True
13,8,5,0.0,0.0,2.5,wave,2309,0,0,0.22607189259419663,True
13,8,6,0.0,0.0,2.5,wave,2283,0,0,0.22689443714410862,True
13,8,7,0.0,0.0,2.5,wave,2256,0,0,0.23093971631205673,True
13,8,8,0.0,0.0,2.5,wave,2223,0,0,0.23661718398560505,True
13,8,9,0.0,0.0,2.5,wave,2195,0,0,0.23690205011389523,True
13,8,10,0.0,0.0,2.5,wave,2156,0,0,0.23608534322820038,True
13,8,11,0.0,0.0,2.5,wave,2127,0,0,0.24118476727785615,True
13,8,12,0.0,0.0,2.5,wave,2096,0,0,0.2409351145038168,True
13,8,13,0.0,0.0,2.5,wave,2064,0,0,0.2451550387596899,True
13,8,14,0.0,0.0,2.5,wave,2045,0,0,0.24596577017114915,True
13,8,15,0.0,0.0,2.5,wave,2019,0,0,0.24913323427439327,True
13,8,16,0.0,0.0,2.5,wave,2001,0,0,0.25237381309345325,True
13,8,17,0.0,0.0,2.5,wave,1982,0,0,0.2542885973763875,True
13,8,18,0.0,0.0,2.5,wave,4347,0,0,0.11571198527720267,True
13,8,19,0.0,0.0,2.5,wave,4265,0,0,0.11887456037514654,True
13,8,20,0.0,0.0,2.5,wave,4173,0,0,0.12125569134914929,True
13,8,21,0.0,0.0,2.5,wave,4088,0,0,0.12475538160469667,True
13,8,22,0.0,0.0,2.5,wave,3989,0,0,0.1288543494610178,True
13,8,23,0.0,0.0,2.5,wave,3921,0,0,0.132109155827595,True
13,8,24,0.0,0.0,2.5,wave,3855,0,0,0.13359273670557717,True
13,8,25,0.0,0.0,2.5,wave,3778,0,0,0.13737427210164108,True
13,8,26,0.0,0.0,2.5,wave,3691,0,0,0.1395285830398266,True
13,8,27,0.0,0.0,2.5,wave,3631,0,0,0.14183420545304323,True
13,8,28,0.0,0.0,2.5,wave,3541,0,0,0.14487432928551255,True
13,8,29,0.0,0.0,2.5,wave,3474,0,0,0.1482440990213011,True
13,8,30,0.0,0.0,2.5,wave,3399,0,0,0.15063253898205353,True
13,8,31,0.0,0.0,2.5,wave,3303,0,0,0.15410233121404784,True
13,8,32,0.0,0.0,2.5,wave,3243,0,0,0.1572617946345976,True
13,8,33,0.0,0.0,2.5,wave,3170,0,0,0.1589905362776025,True
13,8,34,0.0,0.0,2.5,wave,3100,0,0,0.16322580645161291,True
13,8,35,0.0,0.0,2.5,wave,3018,0,0,0.1656726308813784,True
13,8,36,0.0,0.0,2.5,wave,2954,0,0,0.16926201760324983,True
13,8,37,0.0,0.0,2.5,wave,2910,0,0,0.1718213058419244,True
13,8,38,0.0,0.0,2.5,wave,2869,0,0,0.17462530498431508,True
13,8,39,0.0,0.0,2.5,wave,2821,0,0,0.17582417582417584,True
13,8,40,0.0,0.0,2.5,wave,2783,0,0,0.18002155946819978,True
13,8,41,0.0,0.0,2.5,wave,2752,0,0,0.1816860465116279,True
13,8,42,0.0,0.0,2.5,wave,2733,0,0,0.185876326381266,True
13,8,43,0.0,0.0,2.5,wave,3892,0,0,0.3255395683453237,True
13,8,44,0.0,0.0,2.5,wave,3446,0,0,0.2838073128264655,True
13,8,45,0.0,0.0,2.5,wave,3170,0,0,0.2577287066246057,True
13,8,46,0.0,0.0,2.5,wave,3010,0,0,0.2425249169435216,True
13,8,47,0.0,0.0,2.5,wave,2899,0,0,0.23628837530182822,True
13,8,48,0.0,0.0,2.5,wave,2819,0,0,0.2323518978361121,True
13,8,49,0.0,0.0,2.5,wave,2771,0,0,0.22952002887044387,True
13,8,50,0.0,0.0,2.5,wave,2721,0,0,0.23153252480705622,True
13,8,51,0.0,0.0,2.5,wave,2696,0,0,0.23071216617210683,True
13,8,52,0.0,0.0,2.5,wave,2639,0,0,0.2319060250094733,True
13,9,1,0.0,0.0,2.5,wave,2611,0,0,0.23209498276522406,True
13,9,2,0.0,0.0,2.5,wave,2569,0,0,0.23394316854807318,True
13,9,3,0.0,0.0,2.5,wave,2532,0,0,0.23657187993680884,True
13,9,4,0.0,0.0,2.5,wave,2502,0,0,0.23741007194244604,True
13,9,5,0.0,0.0,2.5,wave,2476,0,0,0.24151857835218093,True
13,9,6,0.0,0.0,2.5,wave,2447,0,0,0.24192889252145483,True
13,9,7,0.0,0.0,2.5,wave,2416,0,0,0.24172185430463577,True
13,9,8,0.0,0.0,2.5,wave,2378,0,0,0.24516400336417157,True
13,9,9,0.0,0.0,2.5,wave,2345,0,0,0.2439232409381663,True
13,9,10,0.0,0.0,2.5,wave,2323,0,0,0.24666379681446404,True
13,9,11,0.0,0.0,2.5,wave,2296,0,0,0.24912891986062718,True
13,9,12,0.0,0.0,2.5,wave,2275,0,0,0.2553846153846154,True
13,9,13,0.0,0.0,2.5,wave,2248,0,0,0.2548932384341637,True
13,9,14,0.0,0.0,2.5,wave,2222,0,0,0.2583258325832583,True
13,9,15,0.0,0.0,2.5,wave,2179,0,0,0.25929325378614043,True
13,9,16,0.0,0.0,2.5,wave,2162,0,0,0.2608695652173913,True
13,9,17,0.0,0.0,2.5,wave,2134,0,0,0.26101218369259604,True
13,9,18,0.0,0.0,2.5,wave,4508,0,0,0.11601597160603372,True
13,9,19,0.0,0.0,2.5,wave,4440,0,0,0.11914414414414415,True
13,9,20,0.0,0.0,2.5,wave,4356,0,0,0.12235996326905418,True
13,9,21,0.0,0.0,2.5,wave,4263,0,0,0.12526389866291343,True
13,9,22,0.0,0.0,2.5,wave,4166,0,0,0.12794047047527604,True
13,9,23,0.0,0.0,2.5,wave,4052,0,0,0.13228035538005922,True
13,9,24,0.0,0.0,2.5,wave,3964,0,0,0.13370332996972756,True
13,9,25,0.0,0.0,2.5,wave,3900,0,0,0.13794871794871794,True
13,9,26,0.0,0.0,2.5,wave,3830,0,0,0.1402088772845953,True
13,9,27,0.0,0.0,2.5,wave,3729,0,0,0.14293376240278896,True
13,9,28,0.0,0.0,2.5,wave,3661,0,0,0.14668123463534555,True
13,9,29,0.0,0.0,2.5,wave,3586,0,0,0.14751812604573342,True
13,9,30,0.0,0.0,2.5,wave,3490,0,0,0.1501432664756447,True
13,9,31,0.0,0.0,2.5,wave,3422,0,0,0.1542957334891876,True
13,9,32,0.0,0.0,2.5,wave,3347,0,0,0.15596056169704212,True
13,9,33,0.0,0.0,2.5,wave,3281,0,0,0.15787869551965864,True
13,9,34,0.0,0.0,2.5,wave,3229,0,0,0.1616599566429235,True
13,9,35,0.0,0.0,2.5,wave,3177,0,0,0.1643059490084986,True
13,9,36,0.0,0.0,2.5,wave,3124,0,0,0.16581306017925737,True
13,9,37,0.0,0.0,2.5,wave,3079,0,0,0.16823644040272817,True
13,9,38,0.0,0.0,2.5,wave,3042,0,0,0.16896778435239973,True
13,9,39,0.0,0.0,2.5,wave,2996,0,0,0.17089452603471295,True
13,9,40,0.0,0.0,2.5,wave,2959,0,0,0.17269347752619127,True
13,9,41,0.0,0.0,2.5,wave,2926,0,0,0.1749829118250171,True
13,9,42,0.0,0.0,2.5,wave,2900,0,0,0.17724137931034484,True
13,9,43,0.0,0.0,2.5,wave,4113,0,0,0.31704352054461465,True
13,9,44,0.0,0.0,2.5,wave,3611,0,0,0.2658543339795071,True
13,9,45,0.0,0.0,2.5,wave,3347,0,0,0.24141021810576635,True
13,9,46,0.0,0.0,2.5,wave,3160,0,0,0.225,True
13,9,47,0.0,0.0,2.5,wave,3067,0,0,0.218128464297359,True
13,9,48,0.0,0.0,2.5,wave,3009,0,0,0.21535393818544366,True
13,9,49,0.0,0.0,2.5,wave,2948,0,0,0.21641791044776118,True
13,9,50,0.0,0.0,2.5,wave,2895,0,0,0.2151986183074266,True
13,9,51,0.0,0.0,2.5,wave,2872,0,0,0.21518105849582173,True
13,9,52,0.0,0.0,2.5,wave,2830,0,0,0.21731448763250882,True
13,10,1,0.0,0.0,2.5,wave,2802,0,0,0.21698786581013563,True
13,10,2,0.0,0.0,2.5,wave,2759,0,0,0.21819499818774918,True
13,10,3,0.0,0.0,2.5,wave,2714,0,0,0.21739130434782608,True
13,10,4,0.0,0.0,2.5,wave,2674,0,0,0.21839940164547494,True
13,10,5,0.0,0.0,2.5,wave,2648,0,0,0.2194108761329305,True
13,10,6,0.0,0.0,2.5,wave,2610,0,0,0.2206896551724138,True
13,10,7,0.0,0.0,2.5,wave,2561,0,0,0.2233502538071066,True
13,10,8,0.0,0.0,2.5,wave,2522,0,0,0.2260111022997621,True
13,10,9,0.0,0.0,2.5,wave,2490,0,0,0.2289156626506024,True
13,10,10,0.0,0.0,2.5,wave,2470,0,0,0.23157894736842105,True
13,10,11,0.0,0.0,2.5,wave,2440,0,0,0.23278688524590163,True
13,10,12,0.0,0.0,2.5,wave,2413,0,0,0.23290509738914214,True
13,10,13,0.0,0.0,2.5,wave,2396,0,0,0.2362270450751252,True
13,10,14,0.0,0.0,2.5,wave,2364,0,0,0.23646362098138748,True
13,10,15,0.0,0.0,2.5,wave,2344,0,0,0.23720136518771331,True
13,10,16,0.0,0.0,2.5,wave,2314,0,0,0.24027657735522903,True
13,10,17,0.0,0.0,2.5,wave,2293,0,0,0.24073266463148713,True
13,10,18,0.0,0.0,2.5,wave,5060,0,0,0.10474308300395258,True
13,10,19,0.0,0.0,2.5,wave,4963,0,0,0.10679024783397138,True
13,10,20,0.0,0.0,2.5,wave,4882,0,0,0.1091765669807456,True
13,10,21,0.0,0.0,2.5,wave,4791,0,0,0.11104153621373408,True
13,10,22,0.0,0.0,2.5,wave,4674,0,0,0.11382113821138211,True
13,10,23,0.0,0.0,2.5,wave,4566,0,0,0.11695137976346912,True
13,10,24,0.0,0.0,2.5,wave,4448,0,0,0.12140287769784172,True
13,10,25,0.0,0.0,2.5,wave,4348,0,0,0.12626494940202393,True
13,10,26,0.0,0.0,2.5,wave,4254,0,0,0.12764456981664316,True
13,10,27,0.0,0.0,2.5,wave,4171,0,0,0.12826660273315751,True
13,10,28,0.0,0.0,2.5,wave,4035,0,0,0.1308550185873606,True
13,10,29,0.0,0.0,2.5,wave,3933,0,0,0.13348588863463004,True
13,10,30,0.0,0.0,2.5,wave,3870,0,0,0.13540051679586562,True
13,10,31,0.0,0.0,2.5,wave,3792,0,0,0.13844936708860758,True
13,10,32,0.0,0.0,2.5,wave,3739,0,0,0.1412142284033164,True
13,10,33,0.0,0.0,2.5,wave,3647,0,0,0.14395393474088292,True
13,10,34,0.0,0.0,2.5,wave,3609,0,0,0.14685508451094487,True
13,10,35,0.0,0.0,2.5,wave,3546,0,0,0.14890016920473773,True
13,10,36,0.0,0.0,2.5,wave,3483,0,0,0.1533161068044789,True
13,10,37,0.0,0.0,2.5,wave,3443,0,0,0.15683996514667442,True
13,10,38,0.0,0.0,2.5,wave,3396,0,0,0.15812720848056538,True
13,10,39,0.0,0.0,2.5,wave,3345,0,0,0.15904334828101643,True
13,10,40,0.0,0.0,2.5,wave,3304,0,0,0.16192493946731235,True
13,10,41,0.0,0.0,2.5,wave,3252,0,0,0.16420664206642066,True
13,10,42,0.0,0.0,2.5,wave,3213,0,0,0.1686896981014628,True
13,10,43,0.0,0.0,2.5,wave,4481,0,0,0.3066279848248159,True
13,10,44,0.0,0.0,2.5,wave,3974,0,0,0.2569199798691495,True
13,10,45,0.0,0.0,2.5,wave,3631,0,0,0.22528229137978517,True
13,10,46,0.0,0.0,2.5,wave,3433,0,0,0.21060297116224877,True
13,10,47,0.0,0.0,2.5,wave,3309,0,0,0.20368691447567241,True
13,10,48,0.0,0.0,2.5,wave,3248,0,0,0.20320197044334976,True
13,10,49,0.0,0.0,2.5,wave,3176,0,0,0.2008816120906801,True
13,10,50,0.0,0.0,2.5,wave,3137,0,0,0.20178514504303474,True
13,10,51,0.0,0.0,2.5,wave,3075,0,0,0.20357723577235773,True
13,10,52,0.0,0.0,2.5,wave,3025,0,0,0.2046280991735537,True
13,11,1,0.0,0.0,2.5,wave,2998,0,0,0.20780520346897932,True
13,11,2,0.0,0.0,2.5,wave,2946,0,0,0.20706042090970808,True
13,11,3,0.0,0.0,2.5,wave,2903,0,0,0.20771615570099897,True
13,11,4,0.0,0.0,2.5,wave,2866,0,0,0.2103977669225401,True
13,11,5,0.0,0.0,2.5,wave,2819,0,0,0.2135509045760908,True
13,11,6,0.0,0.0,2.5,wave,2789,0,0,0.2165650770885622,True
13,11,7,0.0,0.0,2.5,wave,2758,0,0,0.21936185641769398,True
13,11,8,0.0,0.0,2.5,wave,2717,0,0,0.22119985277880014,True
13,11,9,0.0,0.0,2.5,wave,2691,0,0,0.22519509476031216,True
13,11,10,0.0,0.0,2.5,wave,2659,0,0,0.2264009025949605,True
13,11,11,0.0,0.0,2.5,wave,2635,0,0,0.2299810246679317,True
13,11,12,0.0,0.0,2.5,wave,2613,0,0,0.23230003827018753,True
13,11,13,0.0,0.0,2.5,wave,2589,0,0,0.23174971031286212,True
13,11,14,0.0,0.0,2.5,wave,2562,0,0,0.234192037470726,True
13,11,15,0.0,0.0,2.5,wave,2540,0,0,0.23700787401574802,True
13,11,16,0.0,0.0,2.5,wave,2508,0,0,0.23883572567783093,True
13,11,17,0.0,0.0,2.5,wave,2470,0,0,0.2408906882591093,True
13,11,18,0.0,0.0,2.5,wave,5393,0,0,0.1045800111255331,True
13,11,19,0.0,0.0,2.5,wave,5287,0,0,0.10743332702856062,True
13,11,20,0.0,0.0,2.5,wave,5148,0,0,0.11072261072261072,True
13,11,21,0.0,0.0,2.5,wave,5033,0,0,0.1136499105901053,True
13,11,22,0.0,0.0,2.5,wave,4932,0,0,0.11557177615571776,True
13,11,23,0.0,0.0,2.5,wave,4837,0,0,0.11660119909034526,True
13,11,24,0.0,0.0,2.5,wave,4713,0,0,0.11882028431996605,True
13,11,25,0.0,0.0,2.5,wave,4628,0,0,0.12294727744165947,True
13,11,26,0.0,0.0,2.5,wave,4544,0,0,0.12654049295774647,True
13,11,27,0.0,0.0,2.5,wave,4460,0,0,0.13004484304932734,True
13,11,28,0.0,0.0,2.5,wave,4381,0,0,0.13375941565852545,True
13,11,29,0.0,0.0,2.5,wave,4285,0,0,0.1353558926487748,True
13,11,30,0.0,0.0,2.5,wave,4201,0,0,0.13901452035229708,True
13,11,31,0.0,0.0,2.5,wave,4120,0,0,0.14393203883495145,True
13,11,32,0.0,0.0,2.5,wave,4016,0,0,0.14691235059760957,True
13,11,33,0.0,0.0,2.5,wave,3923,0,0,0.15090491970430792,True
13,11,34,0.0,0.0,2.5,wave,3872,0,0,0.15366735537190082,True
13,11,35,0.0,0.0,2.5,wave,3814,0,0,0.15705296276874672,True
13,11,36,0.0,0.0,2.5,wave,3760,0,0,0.16117021276595744,True
13,11,37,0.0,0.0,2.5,wave,3712,0,0,0.1627155172413793,True
13,11,38,0.0,0.0,2.5,wave,3673,0,0,0.1671658045194664,True
13,11,39,0.0,0.0,2.5,wave,3629,0,0,0.16919261504546707,True
13,11,40,0.0,0.0,2.5,wave,3586,0,0,0.17177914110429449,True
13,11,41,0.0,0.0,2.5,wave,3549,0,0,0.1744153282614821,True
13,11,42,0.0,0.0,2.5,wave,3492,0,0,0.1775486827033219,True
13,11,43,0.0,0.0,2.5,wave,4881,0,0,0.3091579594345421,True
13,11,44,0.0,0.0,2.5,wave,4329,0,0,0.2665742665742666,True
13,11,45,0.0,0.0,2.5,wave,3985,0,0,0.24090338770388958,True
13,11,46,0.0,0.0,2.5,wave,3743,0,0,0.2294950574405557,True
13,11,47,0.0,0.0,2.5,wave,3584,0,0,0.21986607142857142,True
13,11,48,0.0,0.0,2.5,wave,3502,0,0,0.2153055396916048,True
13,11,49,0.0,0.0,2.5,wave,3425,0,0,0.21313868613138687,True
13,11,50,0.0,0.0,2.5,wave,3380,0,0,0.2153846153846154,True
13,11,51,0.0,0.0,2.5,wave,3321,0,0,0.21619993977717555,True
13,11,52,0.0,0.0,2.5,wave,3280,0,0,0.21676829268292683,True
14,1,1,0.0,0.0,2.5,wave,2728,0,0,0.0032991202346041057,True
14,1,2,0.0,0.0,2.5,wave,2673,0,0,0.00411522633744856,True
14,1,3,0.0,0.0,2.5,wave,2598,0,0,0.006158583525789068,True
14,1,4,0.0,0.0,2.5,wave,2541,0,0,0.008264462809917356,True
14,1,5,0.0,0.0,2.5,wave,2483,0,0,0.011276681433749497,True
14,1,6,0.0,0.0,2.5,wave,2447,0,0,0.013077237433592154,True
14,1,7,0.0,0.0,2.5,wave,2397,0,0,0.015018773466833541,True
14,1,8,0.0,0.0,2.5,wave,2371,0,0,0.01687051876845213,True
14,1,9,0.0,0.0,2.5,wave,2295,0,0,0.01786492374727669,True
14,1,10,0.0,0.0,2.5,wave,2265,0,0,0.020309050772626933,True
14,1,11,0.0,0.0,2.5,wave,2217,0,0,0.02390617952187641,True
14,1,12,0.0,0.0,2.5,wave,2182,0,0,0.02612282309807516,True
14,1,13,0.0,0.0,2.5,wave,2120,0,0,0.028773584905660378,True
14,1,14,0.0,0.0,2.5,wave,2057,0,0,0.031113271754982984,True
14,1,15,0.0,0.0,2.5,wave,2026,0,0,0.035538005923000986,True
14,1,16,0.0,0.0,2.5,wave,1995,0,0,0.037092731829573934,True
14,1,17,0.0,0.0,2.5,wave,1960,0,0,0.04081632653061224,True
14,1,18,0.0,0.0,2.5,wave,5513,0,0,0.015780881552693634,True
14,1,19,0.0,0.0,2.5,wave,5377,0,0,0.017853821833736284,True
14,1,20,0.0,0.0,2.5,wave,5226,0,0,0.01932644469957903,True
14,1,21,0.0,0.0,2.5,wave,4976,0,0,0.022508038585209004,True
14,1,22,0.0,0.0,2.5,wave,4868,0,0,0.025472473294987676,True
14,1,23,0.0,0.0,2.5,wave,4733,0,0,0.02831185294739066,True
14,1,24,0.0,0.0,2.5,wave,4619,0,0,0.03117557912968175,True
14,1,25,0.0,0.0,2.5,wave,4500,0,0,0.03333333333333333,True
14,1,26,0.0,0.0,2.5,wave,4354,0,0,0.03514010105649977,True
14,1,27,0.0,0.0,2.5,wave,4254,0,0,0.03714151386929948,True
14,1,28,0.0,0.0,2.5,wave,4153,0,0,0.040693474596677104,True
14,1,29,0.0,0.0,2.5,wave,4043,0,0,0.04130596092010883,True
14,1,30,0.0,0.0,2.5,wave,3956,0,0,0.042467138523761376,True
14,1,31,0.0,0.0,2.5,wave,3875,0,0,0.04567741935483871,True
14,1,32,0.0,0.0,2.5,wave,3763,0,0,0.04703693861280893,True
14,1,33,0.0,0.0,2.5,wave,3676,0,0,0.05005440696409141,True
14,1,34,0.0,0.0,2.5,wave,3586,0,0,0.051868377021751254,True
14,1,35,0.0,0.0,2.5,wave,3480,0,0,0.054310344827586204,True
14,1,36,0.0,0.0,2.5,wave,3407,0,0,0.05635456413266804,True
14,1,37,0.0,0.0,2.5,wave,3310,0,0,0.05830815709969789,True
14,1,38,0.0,0.0,2.5,wave,3258,0,0,0.06077348066298342,True
14,1,39,0.0,0.0,2.5,wave,3193,0,0,0.061697463200751645,True
14,1,40,0.0,0.0,2.5,wave,3153,0,0,0.06596891849032667,True
14,1,41,0.0,0.0,2.5,wave,3103,0,0,0.06896551724137931,True
14,1,42,0.0,0.0,2.5,wave,3060,0,0,0.06862745098039216,True
14,1,43,0.0,0.0,2.5,wave,3653,0,0,0.15247741582261154,True
14,1,44,0.0,0.0,2.5,wave,3317,0,0,0.12511305396442568,True
14,1,45,0.0,0.0,2.5,wave,3079,0,0,0.11172458590451445,True
14,1,46,0.0,0.0,2.5,wave,2965,0,0,0.10522765598650928,True
14,1,47,0.0,0.0,2.5,wave,2882,0,0,0.10097154753643303,True
14,1,48,0.0,0.0,2.5,wave,2835,0,0,0.10335097001763668,True
14,1,49,0.0,0.0,2.5,wave,2798,0,0,0.10400285918513223,True
14,1,50,0.0,0.0,2.5,wave,2775,0,0,0.10522522522522522,True
14,1,51,0.0,0.0,2.5,wave,2732,0,0,0.10578330893118594,True
14,1,52,0.0,0.0,2.5,wave,2706,0,0,0.10790835181079084,True
14,2,1,0.0,0.0,2.5,wave,2670,27,4,0.1104868913857678,False
14,2,2,0.0,0.0,2.5,wave,2630,35,14,0.11330798479087452,False
14,2,3,0.0,0.0,2.5,wave,2590,34,14,0.11737451737451737,False
14,2,4,0.0,0.0,2.5,wave,2547,28,12,0.11896348645465253,False
14,2,5,0.0,0.0,2.5,wave,2510,30,16,0.12031872509960159,False
14,2,6,0.0,0.0,2.5,wave,2463,29,12,0.12099066179455949,False
14,2,7,0.0,0.0,2.5,wave,2415,29,9,0.12422360248447205,False
14,2,8,0.0,0.0,2.5,wave,2359,26,9,0.1271725307333616,False
14,2,9,0.0,0.0,2.5,wave,2284,33,10,0.12828371278458844,False
14,2,10,0.0,0.0,2.5,wave,2238,33,12,0.13270777479892762,False
14,2,11,0.0,0.0,2.5,wave,2169,33,11,0.13370216689718764,False
14,2,12,0.0,0.0,2.5,wave,2129,33,8,0.13809300140911226,False
14,2,13,0.0,0.0,2.5,wave,2092,31,12,0.14005736137667305,False
14,2,14,0.0,0.0,2.5,wave,2057,32,16,0.14292659212445308,False
14,2,15,0.0,0.0,2.5,wave,2013,28,10,0.14406358668653751,False
14,2,16,0.0,0.0,2.5,wave,1975,23,7,0.1478481012658228,False
14,2,17,0.0,0.0,2.5,wave,1944,22,12,0.14917695473251028,False
14,2,18,0.0,0.0,2.5,wave,3715,18,11,0.07806191117092867,False
14,2,19,0.0,0.0,2.5,wave,3627,24,7,0.08050730631375792,False
14,2,20,0.0,0.0,2.5,wave,3556,25,7,0.08408323959505062,False
14,2,21,0.0,0.0,2.5,wave,3497,29,8,0.08807549327995425,False
14,2,22,0.0,0.0,2.5,wave,3434,37,8,0.08881770529994176,False
14,2,23,0.0,0.0,2.5,wave,3340,43,13,0.09101796407185629,False
14,2,24,0.0,0.0,2.5,wave,3260,42,16,0.09263803680981596,False
14,2,25,0.0,0.0,2.5,wave,3171,45,14,0.09366130558183539,False
14,2,26,0.0,0.0,2.5,wave,3063,49,18,0.09598432908912831,False
14,2,27,0.0,0.0,2.5,wave,2968,46,20,0.09939353099730458,False
14,2,28,0.0,0.0,2.5,wave,2900,42,17,0.10241379310344828,False
14,2,29,0.0,0.0,2.5,wave,2798,43,16,0.10507505360972123,False
14,2,30,0.0,0.0,2.5,wave,2738,44,15,0.10920379839298758,False
14,2,31,0.0,0.0,2.5,wave,2672,44,18,0.1126497005988024,False
14,2,32,0.0,0.0,2.5,wave,2591,39,15,0.11810111925897337,False
14,2,33,0.0,0.0,2.5,wave,2531,37,11,0.12169103121295931,False
14,2,34,0.0,0.0,2.5,wave,2493,35,13,0.1255515443241075,False
14,2,35,0.0,0.0,2.5,wave,2429,37,15,0.1263894606834088,False
14,2,36,0.0,0.0,2.5,wave,2381,34,17,0.12977740445191097,False
14,2,37,0.0,0.0,2.5,wave,2331,31,15,0.13427713427713428,False
14,2,38,0.0,0.0,2.5,wave,2291,26,10,0.13749454386730686,False
14,2,39,0.0,0.0,2.5,wave,2253,22,10,0.13981358189081225,False
14,2,40,0.0,0.0,2.5,wave,2221,23,10,0.1409275101305718,False
14,2,41,0.0,0.0,2.5,wave,2205,21,8,0.14421768707482993,False
14,2,42,0.0,0.0,2.5,wave,2180,20,9,0.1463302752293578,False
14,2,43,0.0,0.0,2.5,wave,2882,24,10,0.28070784177654406,False
14,2,44,0.0,0.0,2.5,wave,2544,19,11,0.23034591194968554,False
14,2,45,0.0,0.0,2.5,wave,2345,16,10,0.20639658848614073,False
14,2,46,0.0,0.0,2.5,wave,2241,10,6,0.19723337795626952,False
14,2,47,0.0,0.0,2.5,wave,2195,6,4,0.19043280182232347,False
14,2,48,0.0,0.0,2.5,wave,2147,4,3,0.19003260363297625,False
14,2,49,0.0,0.0,2.5,wave,2124,3,2,0.19350282485875706,False
14,2,50,0.0,0.0,2.5,wave,2088,1,0,0.1939655172413793,False
14,2,51,0.0,0.0,2.5,wave,2059,1,1,0.195726080621661,False
14,2,52,0.0,0.0,2.5,wave,2019,1,1,0.1961367013372957,False
14,3,1,0.0,0.0,2.5,wave,1999,0,0,0.19559779889944973,False
14,3,2,0.0,0.0,2.5,wave,1986,0,0,0.2014098690835851,False
14,3,3,0.0,0.0,2.5,wave,1956,0,0,0.19989775051124745,False
14,3,4,0.0,0.0,2.5,wave,1947,0,0,0.20390344119157677,False
14,3,5,0.0,0.0,2.5,wave,1927,0,0,0.20394395433316034,False
14,3,6,0.0,0.0,2.5,wave,1907,0,0,0.2034609334032512,False
14,3,7,0.0,0.0,2.5,wave,1887,0,0,0.20455749867514572,False
14,3,8,0.0,0.0,2.5,wave,1877,0,0,0.20831113478955782,False
14,3,9,0.0,0.0,2.5,wave,1852,0,0,0.20734341252699784,False
14,3,10,0.0,0.0,2.5,wave,1840,0,0,0.21032608695652175,False
14,3,11,0.0,0.0,2.5,wave,1825,0,0,0.2126027397260274,False
14,3,12,0.0,0.0,2.5,wave,1810,0,0,0.2121546961325967,False
14,3,13,0.0,0.0,2.5,wave,1792,0,0,0.21316964285714285,False
14,3,14,0.0,0.0,2.5,wave,1784,1,1,0.2163677130044843,False
14,3,15,0.0,0.0,2.5,wave,1752,0,0,0.21575342465753425,False
14,3,16,0.0,0.0,2.5,wave,1719,0,0,0.2198952879581152,False
14,3,17,0.0,0.0,2.5,wave,1697,0,0,0.22097819681791397,False
14,3,18,0.0,0.0,2.5,wave,3720,0,0,0.10188172043010753,False
14,3,19,0.0,0.0,2.5,wave,3648,0,0,0.10389254385964912,False
14,3,20,0.0,0.0,2.5,wave,3579,0,0,0.10785135512713048,False
14,3,21,0.0,0.0,2.5,wave,3484,0,0,0.10878300803673938,False
14,3,22,0.0,0.0,2.5,wave,3409,0,0,0.11293634496919917,False
14,3,23,0.0,0.0,2.5,wave,3329,0,0,0.11534995494142385,False
14,3,24,0.0,0.0,2.5,wave,3244,0,0,0.11744759556103576,False
14,3,25,0.0,0.0,2.5,wave,3169,0,0,0.12054275796781319,False
14,3,26,0.0,0.0,2.5,wave,3066,0,0,0.12296151337247227,False
14,3,27,0.0,0.0,2.5,wave,2996,0,0,0.12449933244325767,False
14,3,28,0.0,0.0,2.5,wave,2929,0,0,0.12768863093205873,False
14,3,29,0.0,0.0,2.5,wave,2859,0,0,0.12906610703043023,False
14,3,30,0.0,0.0,2.5,wave,2805,0,0,0.13012477718360071,False
14,3,31,0.0,0.0,2.5,wave,2750,0,0,0.13163636363636363,False
14,3,32,0.0,0.0,2.5,wave,2697,0,0,0.13385242862439747,False
14,3,33,0.0,0.0,2.5,wave,2644,0,0,0.13502269288956126,False
14,3,34,0.0,0.0,2.5,wave,2603,0,0,0.1386861313868613,False
14,3,35,0.0,0.0,2.5,wave,2540,0,0,0.14094488188976378,False
14,3,36,0.0,0.0,2.5,wave,2481,0,0,0.14631197097944376,False
14,3,37,0.0,0.0,2.5,wave,2426,0,0,0.14798021434460015,False
14,3,38,0.0,0.0,2.5,wave,2390,0,0,0.15439330543933055,False
14,3,39,0.0,0.0,2.5,wave,2358,0,0,0.15648854961832062,False
14,3,40,0.0,0.0,2.5,wave,2337,0,0,0.16046213093709885,False
14,3,41,0.0,0.0,2.5,wave,2312,0,0,0.16306228373702422,False
14,3,42,0.0,0.0,2.5,wave,2288,0,0,0.16433566433566432,False
14,3,43,0.0,0.0,2.5,wave,2979,8,4,0.28432359852299427,False
14,3,44,0.0,0.0,2.5,wave,2655,4,1,0.24595103578154426,False
14,3,45,0.0,0.0,2.5,wave,2456,2,0,0.22190553745928338,False
14,3,46,0.0,0.0,2.5,wave,2348,1,0,0.206984667802385,False
14,3,47,0.0,0.0,2.5,wave,2282,0,0,0.2046450482033304,False
14,3,48,0.0,0.0,2.5,wave,2224,0,0,0.20053956834532374,False
14,3,49,0.0,0.0,2.5,wave,2201,0,0,0.20127214902317128,False
14,3,50,0.0,0.0,2.5,wave,2176,0,0,0.20404411764705882,False
14,3,51,0.0,0.0,2.5,wave,2152,0,0,0.2058550185873606,False
14,3,52,0.0,0.0,2.5,wave,2117,0,0,0.20453471894189892,False
14,4,1,0.0,0.0,2.5,wave,2100,0,0,0.20904761904761904,False
14,4,2,0.0,0.0,2.5,wave,2078,0,0,0.21029836381135708,False
14,4,3,0.0,0.0,2.5,wave,2063,0,0,0.20891904992729035,False
14,4,4,0.0,0.0,2.5,wave,2041,0,0,0.21068103870651642,False
14,4,5,0.0,0.0,2.5,wave,2001,0,0,0.21039480259870064,False
14,4,6,0.0,0.0,2.5,wave,1976,0,0,0.21406882591093118,False
14,4,7,0.0,0.0,2.5,wave,1957,0,0,0.21512519161982627,False
14,4,8,0.0,0.0,2.5,wave,1935,0,0,0.21912144702842376,False
14,4,9,0.0,0.0,2.5,wave,1916,0,0,0.21816283924843424,False
14,4,10,0.0,0.0,2.5,wave,1891,0,0,0.22474881015335801,False
14,4,11,0.0,0.0,2.5,wave,1866,0,0,0.2245444801714898,False
14,4,12,0.0,0.0,2.5,wave,1839,1,1,0.2300163132137031,False
14,4,13,0.0,0.0,2.5,wave,1821,0,0,0.23338824821526633,False
14,4,14,0.0,0.0,2.5,wave,1799,0,0,0.2340188993885492,False
14,4,15,0.0,0.0,2.5,wave,1785,0,0,0.23585434173669467,True
14,4,16,0.0,0.0,2.5,wave,1742,0,0,0.23823191733639495,True
14,4,17,0.0,0.0,2.5,wave,1730,0,0,0.24161849710982658,True
14,4,18,0.0,0.0,2.5,wave,3689,0,0,0.11195445920303605,True
14,4,19,0.0,0.0,2.5,wave,3637,0,0,0.11273027220236459,True
14,4,20,0.0,0.0,2.5,wave,3576,0,0,0.11577181208053691,True
14,4,21,0.0,0.0,2.5,wave,3501,0,0,0.11796629534418737,True
14,4,22,0.0,0.0,2.5,wave,3428,0,0,0.11872812135355892,True
14,4,23,0.0,0.0,2.5,wave,3308,0,0,0.12182587666263603,True
14,4,24,0.0,0.0,2.5,wave,3237,0,0,0.12573370404695705,True
14,4,25,0.0,0.0,2.5,wave,3180,0,0,0.12735849056603774,True
14,4,26,0.0,0.0,2.5,wave,3122,0,0,0.12972453555413196,True
14,4,27,0.0,0.0,2.5,wave,3075,0,0,0.13333333333333333,True
14,4,28,0.0,0.0,2.5,wave,3000,0,0,0.13533333333333333,True
14,4,29,0.0,0.0,2.5,wave,2914,0,0,0.13829787234042554,True
14,4,30,0.0,0.0,2.5,wave,2845,0,0,0.14024604569420035,True
14,4,31,0.0,0.0,2.5,wave,2761,0,0,0.14270191959434989,True
14,4,32,0.0,0.0,2.5,wave,2700,0,0,0.14592592592592593,True
14,4,33,0.0,0.0,2.5,wave,2656,0,0,0.14909638554216867,True
14,4,34,0.0,0.0,2.5,wave,2630,0,0,0.15133079847908745,True
14,4,35,0.0,0.0,2.5,wave,2597,0,0,0.15363881401617252,True
14,4,36,0.0,0.0,2.5,wave,2527,0,0,0.1555203798971112,True
14,4,37,0.0,0.0,2.5,wave,2459,0,0,0.15900772671817812,True
14,4,38,0.0,0.0,2.5,wave,2408,0,0,0.15739202657807308,True
14,4,39,0.0,0.0,2.5,wave,2380,0,0,0.16134453781512606,True
14,4,40,0.0,0.0,2.5,wave,2354,0,0,0.16440101954120645,True
14,4,41,0.0,0.0,2.5,wave,2315,0,0,0.16717062634989202,True
14,4,42,0.0,0.0,2.5,wave,2295,0,0,0.16862745098039217,True
14,4,43,0.0,0.0,2.5,wave,3093,0,0,0.30197219527966374,True
14,4,44,0.0,0.0,2.5,wave,2727,0,0,0.25962596259625964,True
14,4,45,0.0,0.0,2.5,wave,2532,0,0,0.23933649289099526,True
14,4,46,0.0,0.0,2.5,wave,2426,0,0,0.22547403132728772,True
14,4,47,0.0,0.0,2.5,wave,2362,0,0,0.2197290431837426,True
14,4,48,0.0,0.0,2.5,wave,2300,0,0,0.21695652173913044,True
14,4,49,0.0,0.0,2.5,wave,2263,0,0,0.21829429960229785,True
14,4,50,0.0,0.0,2.5,wave,2229,0,0,0.21848362494392104,True
14,4,51,0.0,0.0,2.5,wave,2220,0,0,0.22072072072072071,True
14,4,52,0.0,0.0,2.5,wave,2182,0,0,0.21952337305224565,True
14,5,1,0.0,0.0,2.5,wave,2160,0,0,0.22268518518518518,True
14,5,2,0.0,0.0,2.5,wave,2134,0,0,0.225398313027179,True
14,5,3,0.0,0.0,2.5,wave,2112,0,0,0.22964015151515152,True
14,5,4,0.0,0.0,2.5,wave,2091,0,0,0.2305117168818747,True
14,5,5,0.0,0.0,2.5,wave,2065,0,0,0.23389830508474577,True
14,5,6,0.0,0.0,2.5,wave,2042,0,0,0.23408423114593535,True
14,5,7,0.0,0.0,2.5,wave,2018,0,0,0.24033696729435083,True
14,5,8,0.0,0.0,2.5,wave,1985,0,0,0.24231738035264483,True
14,5,9,0.0,0.0,2.5,wave,1962,0,0,0.24515800203873597,True
14,5,10,0.0,0.0,2.5,wave,1945,0,0,0.24884318766066837,True
14,5,11,0.0,0.0,2.5,wave,1931,0,0,0.24961160020714657,True
14,5,12,0.0,0.0,2.5,wave,1907,0,0,0.2506554798112218,True
14,5,13,0.0,0.0,2.5,wave,1897,0,0,0.24934106483921983,True
14,5,14,0.0,0.0,2.5,wave,1873,0,0,0.25253603844100375,True
14,5,15,0.0,0.0,2.5,wave,1857,0,0,0.2525578890683899,True
14,5,16,0.0,0.0,2.5,wave,1837,0,0,0.25367446924333154,True
14,5,17,0.0,0.0,2.5,wave,1826,0,0,0.2568455640744797,True
14,5,18,0.0,0.0,2.5,wave,3882,0,0,0.12029881504379186,True
14,5,19,0.0,0.0,2.5,wave,3793,0,0,0.12259425257052466,True
14,5,20,0.0,0.0,2.5,wave,3725,0,0,0.12375838926174497,True
14,5,21,0.0,0.0,2.5,wave,3676,0,0,0.12785636561479868,True
14,5,22,0.0,0.0,2.5,wave,3594,0,0,0.1293823038397329,True
14,5,23,0.0,0.0,2.5,wave,3515,0,0,0.13428165007112375,True
14,5,24,0.0,0.0,2.5,wave,3415,0,0,0.1364568081991215,True
14,5,25,0.0,0.0,2.5,wave,3292,0,0,0.1382138517618469,True
14,5,26,0.0,0.0,2.5,wave,3203,0,0,0.1404932875429285,True
14,5,27,0.0,0.0,2.5,wave,3156,0,0,0.14226869455006338,True
14,5,28,0.0,0.0,2.5,wave,3090,0,0,0.14498381877022654,True
14,5,29,0.0,0.0,2.5,wave,3006,0,0,0.14936793080505656,True
14,5,30,0.0,0.0,2.5,wave,2944,0,0,0.15251358695652173,True
14,5,31,0.0,0.0,2.5,wave,2878,0,0,0.15844336344683807,True
14,5,32,0.0,0.0,2.5,wave,2803,0,0,0.16054227613271496,True
14,5,33,0.0,0.0,2.5,wave,2736,0,0,0.16374269005847952,True
14,5,34,0.0,0.0,2.5,wave,2681,0,0,0.16523685192092502,True
14,5,35,0.0,0.0,2.5,wave,2622,0,0,0.16819221967963388,True
14,5,36,0.0,0.0,2.5,wave,2563,0,0,0.17245415528677333,True
14,5,37,0.0,0.0,2.5,wave,2514,0,0,0.17342879872712808,True
14,5,38,0.0,0.0,2.5,wave,2476,0,0,0.1777059773828756,True
14,5,39,0.0,0.0,2.5,wave,2452,0,0,0.18066884176182707,True
14,5,40,0.0,0.0,2.5,wave,2416,0,0,0.17963576158940397,True
14,5,41,0.0,0.0,2.5,wave,2396,0,0,0.18280467445742904,True
14,5,42,0.0,0.0,2.5,wave,2370,0,0,0.18523206751054852,True
14,5,43,0.0,0.0,2.5,wave,3250,0,0,0.32246153846153847,True
14,5,44,0.0,0.0,2.5,wave,2858,0,0,0.2809657102869139,True
14,5,45,0.0,0.0,2.5,wave,2598,0,0,0.25211701308698997,True
14,5,46,0.0,0.0,2.5,wave,2469,0,0,0.2341028756581612,True
14,5,47,0.0,0.0,2.5,wave,2395,0,0,0.22713987473903965,True
14,5,48,0.0,0.0,2.5,wave,2353,0,0,0.22141946451338718,True
14,5,49,0.0,0.0,2.5,wave,2307,0,0,0.2201993931512787,True
14,5,50,0.0,0.0,2.5,wave,2287,0,0,0.22125054656755574,True
14,5,51,0.0,0.0,2.5,wave,2260,0,0,0.22123893805309736,True
14,5,52,0.0,0.0,2.5,wave,2235,0,0,0.22102908277404923,True
14,6,1,0.0,0.0,2.5,wave,2206,0,0,0.22484134179510426,True
14,6,2,0.0,0.0,2.5,wave,2195,0,0,0.2255125284738041,True
14,6,3,0.0,0.0,2.5,wave,2167,0,0,0.2242731887401938,True
14,6,4,0.0,0.0,2.5,wave,2146,0,0,0.2255358807082945,True
14,6,5,0.0,0.0,2.5,wave,2121,0,0,0.22536539368222536,True
14,6,6,0.0,0.0,2.5,wave,2100,0,0,0.22714285714285715,True
14,6,7,0.0,0.0,2.5,wave,2079,0,0,0.22655122655122656,True
14,6,8,0.0,0.0,2.5,wave,2060,0,0,0.229126213592233,True
14,6,9,0.0,0.0,2.5,wave,2039,0,0,0.2319764590485532,True
14,6,10,0.0,0.0,2.5,wave,2022,0,0,0.23293768545994065,True
14,6,11,0.0,0.0,2.5,wave,2006,0,0,0.23678963110667997,True
14,6,12,0.0,0.0,2.5,wave,1980,0,0,0.23585858585858585,True
14,6,13,0.0,0.0,2.5,wave,1960,0,0,0.23826530612244898,True
14,6,14,0.0,0.0,2.5,wave,1938,0,0,0.24097007223942207,True
14,6,15,0.0,0.0,2.5,wave,1923,0,0,0.24336973478939158,True
14,6,16,0.0,0.0,2.5,wave,1881,0,0,0.24401913875598086,True
14,6,17,0.0,0.0,2.5,wave,1862,0,0,0.24597207303974222,True
14,6,18,0.0,0.0,2.5,wave,3923,0,0,0.11700229416263064,True
14,6,19,0.0,0.0,2.5,wave,3845,0,0,0.11989596879063719,True
14,6,20,0.0,0.0,2.5,wave,3785,0,0,0.12311756935270805,True
14,6,21,0.0,0.0,2.5,wave,3721,0,0,0.12442891695780704,True
14,6,22,0.0,0.0,2.5,wave,3646,0,0,0.12808557323093803,True
14,6,23,0.0,0.0,2.5,wave,3573,0,0,0.1295829834872656,True
14,6,24,0.0,0.0,2.5,wave,3536,0,0,0.1329185520361991,True
14,6,25,0.0,0.0,2.5,wave,3493,0,0,0.13569997137131407,True
14,6,26,0.0,0.0,2.5,wave,3415,0,0,0.13821376281112738,True
14,6,27,0.0,0.0,2.5,wave,3347,0,0,0.14072303555422766,True
14,6,28,0.0,0.0,2.5,wave,3290,0,0,0.1437689969604863,True
14,6,29,0.0,0.0,2.5,wave,3242,0,0,0.14651449722393584,True
14,6,30,0.0,0.0,2.5,wave,3175,0,0,0.15118110236220472,True
14,6,31,0.0,0.0,2.5,wave,3094,0,0,0.15643180349062702,True
14,6,32,0.0,0.0,2.5,wave,3049,0,0,0.15874057067891112,True
14,6,33,0.0,0.0,2.5,wave,3013,0,0,0.1606372386325921,True
14,6,34,0.0,0.0,2.5,wave,2966,0,0,0.1631827376938638,True
14,6,35,0.0,0.0,2.5,wave,2924,0,0,0.1658686730506156,True
14,6,36,0.0,0.0,2.5,wave,2882,0,0,0.1717557251908397,True
14,6,37,0.0,0.0,2.5,wave,2848,0,0,0.17310393258426968,True
14,6,38,0.0,0.0,2.5,wave,2815,0,0,0.17584369449378331,True
14,6,39,0.0,0.0,2.5,wave,2766,0,0,0.17787418655097614,True
14,6,40,0.0,0.0,2.5,wave,2743,0,0,0.18009478672985782,True
14,6,41,0.0,0.0,2.5,wave,2714,0,0,0.18459837877671334,True
14,6,42,0.0,0.0,2.5,wave,2674,0,0,0.1869857890800299,True
14,6,43,0.0,0.0,2.5,wave,3637,0,0,0.31564476216662085,True
14,6,44,0.0,0.0,2.5,wave,3176,0,0,0.2742443324937028,True
14,6,45,0.0,0.0,2.5,wave,2914,0,0,0.25051475634866166,True
14,6,46,0.0,0.0,2.5,wave,2760,0,0,0.23695652173913043,True
14,6,47,0.0,0.0,2.5,wave,2671,0,0,0.23137401722201423,True
14,6,48,0.0,0.0,2.5,wave,2590,0,0,0.22972972972972974,True
14,6,49,0.0,0.0,2.5,wave,2539,0,0,0.23198109491925956,True
14,6,50,0.0,0.0,2.5,wave,2497,0,0,0.2290748898678414,True
14,6,51,0.0,0.0,2.5,wave,2471,0,0,0.2310805341966815,True
14,6,52,0.0,0.0,2.5,wave,2434,0,0,0.23089564502875926,True
14,7,1,0.0,0.0,2.5,wave,2416,0,0,0.23096026490066227,True
14,7,2,0.0,0.0,2.5,wave,2380,0,0,0.23487394957983193,True
14,7,3,0.0,0.0,2.5,wave,2359,0,0,0.23781263247138618,True
14,7,4,0.0,0.0,2.5,wave,2338,0,0,0.2386655260906758,True
14,7,5,0.0,0.0,2.5,wave,2323,0,0,0.23934567369780457,True
14,7,6,0.0,0.0,2.5,wave,2300,0,0,0.24043478260869566,True
14,7,7,0.0,0.0,2.5,wave,2267,0,0,0.24217026907807676,True
14,7,8,0.0,0.0,2.5,wave,2248,0,0,0.24154804270462635,True
14,7,9,0.0,0.0,2.5,wave,2215,0,0,0.2451467268623025,True
14,7,10,0.0,0.0,2.5,wave,2183,0,0,0.24874026568941823,True
14,7,11,0.0,0.0,2.5,wave,2157,0,0,0.2508113120074177,True
14,7,12,0.0,0.0,2.5,wave,2132,0,0,0.25,True
14,7,13,0.0,0.0,2.5,wave,2101,0,0,0.2513089005235602,True
14,7,14,0.0,0.0,2.5,wave,2063,0,0,0.2535142995637421,True
14,7,15,0.0,0.0,2.5,wave,2038,0,0,0.25711481844946027,True
14,7,16,0.0,0.0,2.5,wave,2015,0,0,0.25955334987593054,True
14,7,17,0.0,0.0,2.5,wave,1990,0,0,0.2628140703517588,True
14,7,18,0.0,0.0,2.5,wave,4477,0,0,0.11860620951530042,True
14,7,19,0.0,0.0,2.5,wave,4398,0,0,0.12232833105957254,True
14,7,20,0.0,0.0,2.5,wave,4321,0,0,0.12566535524184216,True
14,7,21,0.0,0.0,2.5,wave,4221,0,0,0.12840559109215827,True
14,7,22,0.0,0.0,2.5,wave,4146,0,0,0.1316931982633864,True
14,7,23,0.0,0.0,2.5,wave,4078,0,0,0.13413437959784208,True
14,7,24,0.0,0.0,2.5,wave,4010,0,0,0.13591022443890274,True
14,7,25,0.0,0.0,2.5,wave,3929,0,0,0.13922117587172309,True
14,7,26,0.0,0.0,2.5,wave,3790,0,0,0.14327176781002637,True
14,7,27,0.0,0.0,2.5,wave,3686,0,0,0.14460119370591426,True
14,7,28,0.0,0.0,2.5,wave,3608,0,0,0.14606430155210642,True
14,7,29,0.0,0.0,2.5,wave,3519,0,0,0.1497584541062802,True
14,7,30,0.0,0.0,2.5,wave,3418,0,0,0.15447630193095377,True
14,7,31,0.0,0.0,2.5,wave,3322,0,0,0.15863937387116195,True
14,7,32,0.0,0.0,2.5,wave,3241,0,0,0.16322122801604444,True
14,7,33,0.0,0.0,2.5,wave,3191,0,0,0.16609213412723284,True
14,7,34,0.0,0.0,2.5,wave,3132,0,0,0.16890166028097062,True
14,7,35,0.0,0.0,2.5,wave,3082,0,0,0.17423750811161584,True
14,7,36,0.0,0.0,2.5,wave,3023,0,0,0.17532252729077075,True
14,7,37,0.0,0.0,2.5,wave,2947,0,0,0.17712928401764505,True
14,7,38,0.0,0.0,2.5,wave,2907,0,0,0.17956656346749225,True
14,7,39,0.0,0.0,2.5,wave,2886,0,0,0.18433818433818433,True
14,7,40,0.0,0.0,2.5,wave,2837,0,0,0.18505463517800494,True
14,7,41,0.0,0.0,2.5,wave,2815,0,0,0.18792184724689165,True
14,7,42,0.0,0.0,2.5,wave,2773,0,0,0.18680129823296068,True
14,7,43,0.0,0.0,2.5,wave,3897,0,0,0.32127277392866305,True
14,7,44,0.0,0.0,2.5,wave,3367,0,0,0.28007128007128007,True
14,7,45,0.0,0.0,2.5,wave,3039,0,0,0.2540309312273774,True
14,7,46,0.0,0.0,2.5,wave,2837,0,0,0.24039478322171307,True
14,7,47,0.0,0.0,2.5,wave,2723,0,0,0.23026074182886522,True
14,7,48,0.0,0.0,2.5,wave,2659,0,0,0.22828130876269273,True
14,7,49,0.0,0.0,2.5,wave,2621,0,0,0.22586798931705457,True
14,7,50,0.0,0.0,2.5,wave,2566,0,0,0.22876071706936868,True
14,7,51,0.0,0.0,2.5,wave,2527,0,0,0.22754254056193116,True
14,7,52,0.0,0.0,2.5,wave,2506,0,0,0.23224261771747806,True
14,8,1,0.0,0.0,2.5,wave,2485,0,0,0.23380281690140844,True
14,8,2,0.0,0.0,2.5,wave,2458,0,0,0.23433685923515052,True
14,8,3,0.0,0.0,2.5,wave,2442,0,0,0.23587223587223588,True
14,8,4,0.0,0.0,2.5,wave,2420,0,0,0.24049586776859505,True
14,8,5,0.0,0.0,2.5,wave,2388,0,0,0.2416247906197655,True
14,8,6,0.0,0.0,2.5,wave,2359,0,0,0.2433234421364985,True
14,8,7,0.0,0.0,2.5,wave,2330,0,0,0.24334763948497853,True
14,8,8,0.0,0.0,2.5,wave,2297,0,0,0.2455376578145407,True
14,8,9,0.0,0.0,2.5,wave,2278,0,0,0.24802458296751537,True
14,8,10,0.0,0.0,2.5,wave,2253,0,0,0.24944518419884598,True
14,8,11,0.0,0.0,2.5,wave,2222,0,0,0.24932493249324933,True
14,8,12,0.0,0.0,2.5,wave,2194,0,0,0.2497721057429353,True
14,8,13,0.0,0.0,2.5,wave,2175,0,0,0.2524137931034483,True
14,8,14,0.0,0.0,2.5,wave,2148,0,0,0.2532588454376164,True
14,8,15,0.0,0.0,2.5,wave,2123,0,0,0.25435704192180875,True
14,8,16,0.0,0.0,2.5,wave,2080,0,0,0.25432692307692306,True
14,8,17,0.0,0.0,2.5,wave,2060,0,0,0.25485436893203883,True
14,8,18,0.0,0.0,2.5,wave,4546,0,0,0.11790585129784426,True
14,8,19,0.0,0.0,2.5,wave,4459,0,0,0.12020632428795694,True
14,8,20,0.0,0.0,2.5,wave,4374,0,0,0.12299954275262917,True
14,8,21,0.0,0.0,2.5,wave,4279,0,0,0.12596401028277635,True
14,8,22,0.0,0.0,2.5,wave,4184,0,0,0.129302103250478,True
14,8,23,0.0,0.0,2.5,wave,4046,0,0,0.13247652001977261,True
14,8,24,0.0,0.0,2.5,wave,3955,0,0,0.13552465233881164,True
14,8,25,0.0,0.0,2.5,wave,3867,0,0,0.13757434703904836,True
14,8,26,0.0,0.0,2.5,wave,3767,0,0,0.14281921953809398,True
14,8,27,0.0,0.0,2.5,wave,3682,0,0,0.14530146659424226,True
14,8,28,0.0,0.0,2.5,wave,3586,0,0,0.15002788622420524,True
14,8,29,0.0,0.0,2.5,wave,3513,0,0,0.15286080273270708,True
14,8,30,0.0,0.0,2.5,wave,3428,0,0,0.15694282380396732,True
14,8,31,0.0,0.0,2.5,wave,3389,0,0,0.15904396577161403,True
14,8,32,0.0,0.0,2.5,wave,3325,0,0,0.161203007518797,True
14,8,33,0.0,0.0,2.5,wave,3275,0,0,0.16580152671755724,True
14,8,34,0.0,0.0,2.5,wave,3167,0,0,0.16892958635933059,True
14,8,35,0.0,0.0,2.5,wave,3103,0,0,0.17176925555913633,True
14,8,36,0.0,0.0,2.5,wave,3051,0,0,0.17436905932481153,True
14,8,37,0.0,0.0,2.5,wave,3015,0,0,0.175787728026534,True
14,8,38,0.0,0.0,2.5,wave,2961,0,0,0.17865585950692334,True
14,8,39,0.0,0.0,2.5,wave,2934,0,0,0.18166325835037492,True
14,8,40,0.0,0.0,2.5,wave,2907,0,0,0.18369453044375644,True
14,8,41,0.0,0.0,2.5,wave,2873,0,0,0.1858684302123216,True
14,8,42,0.0,0.0,2.5,wave,2846,0,0,0.18692902319044272,True
14,8,43,0.0,0.0,2.5,wave,4041,0,0,0.3266518188567186,True
14,8,44,0.0,0.0,2.5,wave,3538,0,0,0.28631995477671,True
14,8,45,0.0,0.0,2.5,wave,3256,0,0,0.2635135135135135,True
14,8,46,0.0,0.0,2.5,wave,3055,0,0,0.25040916530278234,True
14,8,47,0.0,0.0,2.5,wave,2934,0,0,0.2392638036809816,True
14,8,48,0.0,0.0,2.5,wave,2887,0,0,0.23830966401108417,True
14,8,49,0.0,0.0,2.5,wave,2818,0,0,0.23101490418736692,True
14,8,50,0.0,0.0,2.5,wave,2767,0,0,0.23310444524756052,True
14,8,51,0.0,0.0,2.5,wave,2710,0,0,0.23025830258302582,True
14,8,52,0.0,0.0,2.5,wave,2678,0,0,0.23002240477968633,True
14,9,1,0.0,0.0,2.5,wave,2650,0,0,0.23018867924528302,True
14,9,2,0.0,0.0,2.5,wave,2614,0,0,0.23182861514919664,True
14,9,3,0.0,0.0,2.5,wave,2577,0,0,0.23321691889794335,True
14,9,4,0.0,0.0,2.5,wave,2549,0,0,0.2369556688897607,True
14,9,5,0.0,0.0,2.5,wave,2525,0,0,0.2396039603960396,True
14,9,6,0.0,0.0,2.5,wave,2486,0,0,0.24054706355591313,True
14,9,7,0.0,0.0,2.5,wave,2467,0,0,0.24239967571949736,True
14,9,8,0.0,0.0,2.5,wave,2429,0,0,0.24495677233429394,True
14,9,9,0.0,0.0,2.5,wave,2403,0,0,0.24677486475239285,True
14,9,10,0.0,0.0,2.5,wave,2372,0,0,0.24831365935919056,True
14,9,11,0.0,0.0,2.5,wave,2355,0,0,0.25010615711252654,True
14,9,12,0.0,0.0,2.5,wave,2324,0,0,0.25301204819277107,True
14,9,13,0.0,0.0,2.5,wave,2301,0,0,0.2551064754454585,True
14,9,14,0.0,0.0,2.5,wave,2276,0,0,0.25746924428822493,True
14,9,15,0.0,0.0,2.5,wave,2252,0,0,0.25976909413854354,True
14,9,16,0.0,0.0,2.5,wave,2222,0,0,0.25922592259225924,True
14,9,17,0.0,0.0,2.5,wave,2206,0,0,0.2629193109700816,True
14,9,18,0.0,0.0,2.5,wave,4726,0,0,0.1136267456622937,True
14,9,19,0.0,0.0,2.5,wave,4670,0,0,0.1158458244111349,True
14,9,20,0.0,0.0,2.5,wave,4610,0,0,0.11887201735357918,True
14,9,21,0.0,0.0,2.5,wave,4537,0,0,0.12144588935419881,True
14,9,22,0.0,0.0,2.5,wave,4438,0,0,0.12392969806219017,True
14,9,23,0.0,0.0,2.5,wave,4340,0,0,0.12649769585253456,True
14,9,24,0.0,0.0,2.5,wave,4239,0,0,0.12856805850436423,True
14,9,25,0.0,0.0,2.5,wave,4156,0,0,0.13185755534167468,True
14,9,26,0.0,0.0,2.5,wave,4078,0,0,0.13511525257479157,True
14,9,27,0.0,0.0,2.5,wave,3985,0,0,0.13726474278544543,True
14,9,28,0.0,0.0,2.5,wave,3892,0,0,0.14028776978417265,True
14,9,29,0.0,0.0,2.5,wave,3825,0,0,0.14248366013071895,True
14,9,30,0.0,0.0,2.5,wave,3753,0,0,0.14708233413269384,True
14,9,31,0.0,0.0,2.5,wave,3694,0,0,0.14943151055766107,True
14,9,32,0.0,0.0,2.5,wave,3616,0,0,0.15265486725663716,True
14,9,33,0.0,0.0,2.5,wave,3527,0,0,0.15707400056705415,True
14,9,34,0.0,0.0,2.5,wave,3435,0,0,0.15836972343522562,True
14,9,35,0.0,0.0,2.5,wave,3343,0,0,0.16153155848040682,True
14,9,36,0.0,0.0,2.5,wave,3291,0,0,0.16347614706776056,True
14,9,37,0.0,0.0,2.5,wave,3234,0,0,0.16419294990723562,True
14,9,38,0.0,0.0,2.5,wave,3185,0,0,0.1673469387755102,True
14,9,39,0.0,0.0,2.5,wave,3140,0,0,0.17197452229299362,True
14,9,40,0.0,0.0,2.5,wave,3100,0,0,0.17451612903225808,True
14,9,41,0.0,0.0,2.5,wave,3056,0,0,0.17964659685863874,True
14,9,42,0.0,0.0,2.5,wave,3016,0,0,0.1820291777188329,True
14,9,43,0.0,0.0,2.5,wave,4431,0,0,0.326111487248928,True
14,9,44,0.0,0.0,2.5,wave,3870,0,0,0.2839793281653747,True
14,9,45,0.0,0.0,2.5,wave,3480,0,0,0.2543103448275862,True
14,9,46,0.0,0.0,2.5,wave,3260,0,0,0.23773006134969324,True
14,9,47,0.0,0.0,2.5,wave,3099,0,0,0.22781542433042917,True
14,9,48,0.0,0.0,2.5,wave,3029,0,0,0.22581710135358204,True
14,9,49,0.0,0.0,2.5,wave,2966,0,0,0.22353337828725556,True
14,9,50,0.0,0.0,2.5,wave,2904,0,0,0.22245179063360881,True
14,9,51,0.0,0.0,2.5,wave,2861,0,0,0.2247465921006641,True
14,9,52,0.0,0.0,2.5,wave,2832,0,0,0.22598870056497175,True
14,10,1,0.0,0.0,2.5,wave,2785,0,0,0.22513464991023338,True
14,10,2,0.0,0.0,2.5,wave,2729,0,0,0.22572370831806524,True
14,10,3,0.0,0.0,2.5,wave,2702,0,0,0.22723908216136196,True
14,10,4,0.0,0.0,2.5,wave,2664,0,0,0.22935435435435436,True
14,10,5,0.0,0.0,2.5,wave,2632,0,0,0.23138297872340424,True
14,10,6,0.0,0.0,2.5,wave,2604,0,0,0.2357910906298003,True
14,10,7,0.0,0.0,2.5,wave,2568,0,0,0.2383177570093458,True
14,10,8,0.0,0.0,2.5,wave,2542,0,0,0.23918174665617625,True
14,10,9,0.0,0.0,2.5,wave,2520,0,0,0.24047619047619048,True
14,10,10,0.0,0.0,2.5,wave,2490,0,0,0.242570281124498,True
14,10,11,0.0,0.0,2.5,wave,2450,0,0,0.24448979591836734,True
14,10,12,0.0,0.0,2.5,wave,2422,0,0,0.24483897605284888,True
14,10,13,0.0,0.0,2.5,wave,2385,0,0,0.24570230607966456,True
14,10,14,0.0,0.0,2.5,wave,2374,0,0,0.2485256950294861,True
14,10,15,0.0,0.0,2.5,wave,2338,0,0,0.2506415739948674,True
14,10,16,0.0,0.0,2.5,wave,2315,0,0,0.25183585313174944,True
14,10,17,0.0,0.0,2.5,wave,2294,0,0,0.25544899738448124,True
14,10,18,0.0,0.0,2.5,wave,4795,0,0,0.11762252346193952,True
14,10,19,0.0,0.0,2.5,wave,4721,0,0,0.12137259055284898,True
14,10,20,0.0,0.0,2.5,wave,4628,0,0,0.1242437337942956,True
14,10,21,0.0,0.0,2.5,wave,4537,0,0,0.12739695834251707,True
14,10,22,0.0,0.0,2.5,wave,4436,0,0,0.13232642019837693,True
14,10,23,0.0,0.0,2.5,wave,4358,0,0,0.13607159247361175,True
14,10,24,0.0,0.0,2.5,wave,4259,0,0,0.1387649683024184,True
14,10,25,0.0,0.0,2.5,wave,4152,0,0,0.1428227360308285,True
14,10,26,0.0,0.0,2.5,wave,4063,0,0,0.14742800886044793,True
14,10,27,0.0,0.0,2.5,wave,3989,0,0,0.1499122587114565,True
14,10,28,0.0,0.0,2.5,wave,3917,0,0,0.1536890477406178,True
14,10,29,0.0,0.0,2.5,wave,3826,0,0,0.15499215891270257,True
14,10,30,0.0,0.0,2.5,wave,3742,0,0,0.15713522180652056,True
14,10,31,0.0,0.0,2.5,wave,3646,0,0,0.16182117388919365,True
14,10,32,0.0,0.0,2.5,wave,3583,0,0,0.1641082891431761,True
14,10,33,0.0,0.0,2.5,wave,3505,0,0,0.16861626248216832,True
14,10,34,0.0,0.0,2.5,wave,3432,0,0,0.16958041958041958,True
14,10,35,0.0,0.0,2.5,wave,3354,0,0,0.1723315444245677,True
14,10,36,0.0,0.0,2.5,wave,3299,0,0,0.17490148529857533,True
14,10,37,0.0,0.0,2.5,wave,3238,0,0,0.1788140827671402,True
14,10,38,0.0,0.0,2.5,wave,3195,0,0,0.18215962441314554,True
14,10,39,0.0,0.0,2.5,wave,3153,0,0,0.18553758325404376,True
14,10,40,0.0,0.0,2.5,wave,3125,0,0,0.18816,True
14,10,41,0.0,0.0,2.5,wave,3093,0,0,0.1917232460394439,True
14,10,42,0.0,0.0,2.5,wave,3056,0,0,0.19404450261780104,True
14,10,43,0.0,0.0,2.5,wave,4630,0,0,0.34427645788336936,True
14,10,44,0.0,0.0,2.5,wave,4007,0,0,0.3047167456950337,True
14,10,45,0.0,0.0,2.5,wave,3561,0,0,0.2707104745857905,True
14,10,46,0.0,0.0,2.5,wave,3315,0,0,0.25610859728506785,True
14,10,47,0.0,0.0,2.5,wave,3158,0,0,0.24825839138695377,True
14,10,48,0.0,0.0,2.5,wave,3063,0,0,0.24681684622918706,True
14,10,49,0.0,0.0,2.5,wave,2980,0,0,0.23993288590604026,True
14,10,50,0.0,0.0,2.5,wave,2928,0,0,0.24043715846994534,True
14,10,51,0.0,0.0,2.5,wave,2892,0,0,0.24100968188105118,True
14,10,52,0.0,0.0,2.5,wave,2843,0,0,0.2427013717903623,True
14,11,1,0.0,0.0,2.5,wave,2794,0,0,0.2448103078024338,True
14,11,2,0.0,0.0,2.5,wave,2757,0,0,0.24809575625680086,True
14,11,3,0.0,0.0,2.5,wave,2733,0,0,0.2517380168313209,True
14,11,4,0.0,0.0,2.5,wave,2700,0,0,0.25555555555555554,True
14,11,5,0.0,0.0,2.5,wave,2686,0,0,0.25577066269545795,True
14,11,6,0.0,0.0,2.5,wave,2672,0,0,0.25823353293413176,True
14,11,7,0.0,0.0,2.5,wave,2651,0,0,0.25952470765748775,True
14,11,8,0.0,0.0,2.5,wave,2628,0,0,0.265220700152207,True
14,11,9,0.0,0.0,2.5,wave,2606,0,0,0.26554105909439757,True
14,11,10,0.0,0.0,2.5,wave,2561,0,0,0.26903553299492383,True
14,11,11,0.0,0.0,2.5,wave,2536,0,0,0.27287066246056785,True
14,11,12,0.0,0.0,2.5,wave,2492,0,0,0.2752808988764045,True
14,11,13,0.0,0.0,2.5,wave,2470,0,0,0.2744939271255061,True
14,11,14,0.0,0.0,2.5,wave,2444,0,0,0.27986906710310966,True
14,11,15,0.0,0.0,2.5,wave,2406,0,0,0.2826267664172901,True
14,11,16,0.0,0.0,2.5,wave,2376,0,0,0.2849326599326599,True
14,11,17,0.0,0.0,2.5,wave,2358,0,0,0.28922815945716707,True
14,11,18,0.0,0.0,2.5,wave,5005,0,0,0.13106893106893108,True
14,11,19,0.0,0.0,2.5,wave,4927,0,0,0.134361680535823,True
14,11,20,0.0,0.0,2.5,wave,4839,0,0,0.1378383963628849,True
14,11,21,0.0,0.0,2.5,wave,4740,0,0,0.1409282700421941,True
14,11,22,0.0,0.0,2.5,wave,4671,0,0,0.14472275743952046,True
14,11,23,0.0,0.0,2.5,wave,4575,0,0,0.14688524590163934,True
14,11,24,0.0,0.0,2.5,wave,4464,0,0,0.1507616487455197,True
14,11,25,0.0,0.0,2.5,wave,4345,0,0,0.15535097813578827,True
14,11,26,0.0,0.0,2.5,wave,4234,0,0,0.1603684459140293,True
14,11,27,0.0,0.0,2.5,wave,4149,0,0,0.1631718486382261,True
14,11,28,0.0,0.0,2.5,wave,4085,0,0,0.16523867809057527,True
14,11,29,0.0,0.0,2.5,wave,4029,0,0,0.17026557458426408,True
14,11,30,0.0,0.0,2.5,wave,3957,0,0,0.17487995956532726,True
14,11,31,0.0,0.0,2.5,wave,3904,0,0,0.17751024590163936,True
14,11,32,0.0,0.0,2.5,wave,3842,0,0,0.17985424258198854,True
14,11,33,0.0,0.0,2.5,wave,3756,0,0,0.18343982960596378,True
14,11,34,0.0,0.0,2.5,wave,3679,0,0,0.18592008698015766,True
14,11,35,0.0,0.0,2.5,wave,3626,0,0,0.1891891891891892,True
14,11,36,0.0,0.0,2.5,wave,3564,0,0,0.19219977553310888,True
14,11,37,0.0,0.0,2.5,wave,3502,0,0,0.19531696173615076,True
14,11,38,0.0,0.0,2.5,wave,3447,0,0,0.19698288366695677,True
14,11,39,0.0,0.0,2.5,wave,3401,0,0,0.19847103793002058,True
14,11,40,0.0,0.0,2.5,wave,3351,0,0,0.20202924500149208,True
14,11,41,0.0,0.0,2.5,wave,3310,0,0,0.2057401812688822,True
14,11,42,0.0,0.0,2.5,wave,3246,0,0,0.20918052988293284,True
14,11,43,0.0,0.0,2.5,wave,4760,0,0,0.3569327731092437,True
14,11,44,0.0,0.0,2.5,wave,4040,0,0,0.31485148514851485,True
14,11,45,0.0,0.0,2.5,wave,3637,0,0,0.28594995875721746,True
14,11,46,0.0,0.0,2.5,wave,3369,0,0,0.27129712080736124,True
14,11,47,0.0,0.0,2.5,wave,3171,0,0,0.2642699463891517,True
14,11,48,0.0,0.0,2.5,wave,3096,0,0,0.2606589147286822,True
14,11,49,0.0,0.0,2.5,wave,3020,0,0,0.26026490066225166,True
14,11,50,0.0,0.0,2.5,wave,2961,0,0,0.2573454913880446,True
14,11,51,0.0,0.0,2.5,wave,2934,0,0,0.25937286980231766,True
14,11,52,0.0,0.0,2.5,wave,2920,0,0,0.25924657534246576,True
15,1,1,0.0,0.0,2.5,wave,2716,0,0,0.0022091310751104565,True
15,1,2,0.0,0.0,2.5,wave,2685,0,0,0.00484171322160149,True
15,1,3,0.0,0.0,2.5,wave,2597,0,0,0.0061609549480169425,True
15,1,4,0.0,0.0,2.5,wave,2534,0,0,0.008287292817679558,True
15,1,5,0.0,0.0,2.5,wave,2448,0,0,0.010212418300653595,True
15,1,6,0.0,0.0,2.5,wave,2411,0,0,0.012857735379510576,True
15,1,7,0.0,0.0,2.5,wave,2352,0,0,0.01488095238095238,True
15,1,8,0.0,0.0,2.5,wave,2287,0,0,0.018364669873196328,True
15,1,9,0.0,0.0,2.5,wave,2253,0,0,0.01908566355969818,True
15,1,10,0.0,0.0,2.5,wave,2170,0,0,0.02165898617511521,True
15,1,11,0.0,0.0,2.5,wave,2112,0,0,0.025094696969696968,True
15,1,12,0.0,0.0,2.5,wave,2053,0,0,0.025815879201169022,True
15,1,13,0.0,0.0,2.5,wave,2013,0,0,0.028315946348733235,True
15,1,14,0.0,0.0,2.5,wave,1991,0,0,0.029633350075339026,True
15,1,15,0.0,0.0,2.5,wave,1956,0,0,0.03374233128834356,True
15,1,16,0.0,0.0,2.5,wave,1924,0,0,0.036902286902286904,True
15,1,17,0.0,0.0,2.5,wave,1898,0,0,0.040042149631190724,True
15,1,18,0.0,0.0,2.5,wave,5287,0,0,0.015509740873841498,True
15,1,19,0.0,0.0,2.5,wave,5109,0,0,0.018790369935408103,True
15,1,20,0.0,0.0,2.5,wave,4942,0,0,0.02205584783488466,True
15,1,21,0.0,0.0,2.5,wave,4795,0,0,0.023774765380604797,True
15,1,22,0.0,0.0,2.5,wave,4660,0,0,0.02575107296137339,True
15,1,23,0.0,0.0,2.5,wave,4525,0,0,0.028066298342541436,True
15,1,24,0.0,0.0,2.5,wave,4371,0,0,0.029512697323266987,True
15,1,25,0.0,0.0,2.5,wave,4227,0,0,0.0333569907735983,True
15,1,26,0.0,0.0,2.5,wave,4102,0,0,0.03607996099463676,True
15,1,27,0.0,0.0,2.5,wave,3944,0,0,0.03904665314401623,True
15,1,28,0.0,0.0,2.5,wave,3850,0,0,0.04103896103896104,True
15,1,29,0.0,0.0,2.5,wave,3773,0,0,0.043731778425655975,True
15,1,30,0.0,0.0,2.5,wave,3681,0,0,0.044553110567780496,True
15,1,31,0.0,0.0,2.5,wave,3584,0,0,0.046595982142857144,True
15,1,32,0.0,0.0,2.5,wave,3503,0,0,0.048529831572937485,True
15,1,33,0.0,0.0,2.5,wave,3442,0,0,0.04880883207437536,True
15,1,34,0.0,0.0,2.5,wave,3339,0,0,0.04971548367774783,True
15,1,35,0.0,0.0,2.5,wave,3274,0,0,0.05100794135613928,True
15,1,36,0.0,0.0,2.5,wave,3198,0,0,0.052845528455284556,True
15,1,37,0.0,0.0,2.5,wave,3123,0,0,0.05443483829650977,True
15,1,38,0.0,0.0,2.5,wave,3085,0,0,0.05575364667747164,True
15,1,39,0.0,0.0,2.5,wave,3031,0,0,0.057736720554272515,True
15,1,40,0.0,0.0,2.5,wave,2981,0,0,0.0593760483059376,True
15,1,41,0.0,0.0,2.5,wave,2932,0,0,0.061391541609822645,True
15,1,42,0.0,0.0,2.5,wave,2888,0,0,0.06301939058171745,True
15,1,43,0.0,0.0,2.5,wave,3349,0,0,0.12541057031949837,True
15,1,44,0.0,0.0,2.5,wave,3145,0,0,0.10779014308426073,True
15,1,45,0.0,0.0,2.5,wave,3016,0,0,0.09847480106100796,True
15,1,46,0.0,0.0,2.5,wave,2969,0,0,0.09902324014819805,True
15,1,47,0.0,0.0,2.5,wave,2893,0,0,0.09955063947459385,True
15,1,48,0.0,0.0,2.5,wave,2849,0,0,0.09898209898209898,True
15,1,49,0.0,0.0,2.5,wave,2810,0,0,0.10284697508896797,True
15,1,50,0.0,0.0,2.5,wave,2785,0,0,0.10341113105924596,True
15,1,51,0.0,0.0,2.5,wave,2735,0,0,0.1056672760511883,True
15,1,52,0.0,0.0,2.5,wave,2692,0,0,0.1062407132243685,True
15,2,1,0.0,0.0,2.5,wave,2650,26,4,0.10679245283018868,False
15,2,2,0.0,0.0,2.5,wave,2622,26,9,0.11098398169336385,False
15,2,3,0.0,0.0,2.5,wave,2578,22,9,0.11442979053529868,False
15,2,4,0.0,0.0,2.5,wave,2535,22,11,0.11755424063116371,False
15,2,5,0.0,0.0,2.5,wave,2482,23,9,0.11845286059629331,False
15,2,6,0.0,0.0,2.5,wave,2445,16,9,0.11983640081799592,False
15,2,7,0.0,0.0,2.5,wave,2408,22,11,0.1212624584717608,False
15,2,8,0.0,0.0,2.5,wave,2365,22,7,0.12346723044397463,False
15,2,9,0.0,0.0,2.5,wave,2307,23,6,0.12267013437364542,False
15,2,10,0.0,0.0,2.5,wave,2267,23,9,0.12262902514336127,False
15,2,11,0.0,0.0,2.5,wave,2232,31,11,0.12275985663082438,False
15,2,12,0.0,0.0,2.5,wave,2196,28,14,0.12704918032786885,False
15,2,13,0.0,0.0,2.5,wave,2162,31,13,0.1276595744680851,False
15,2,14,0.0,0.0,2.5,wave,2126,27,10,0.13311382878645345,False
15,2,15,0.0,0.0,2.5,wave,2091,28,8,0.13295074127211862,False
15,2,16,0.0,0.0,2.5,wave,2066,28,7,0.13843175217812198,False
15,2,17,0.0,0.0,2.5,wave,2040,31,12,0.1377450980392157,False
15,2,18,0.0,0.0,2.5,wave,3938,28,14,0.07262569832402235,False
15,2,19,0.0,0.0,2.5,wave,3861,41,11,0.07485107485107485,False
15,2,20,0.0,0.0,2.5,wave,3772,38,8,0.07873806998939555,False
15,2,21,0.0,0.0,2.5,wave,3717,40,18,0.08151735270379339,False
15,2,22,0.0,0.0,2.5,wave,3643,51,18,0.08317320889376888,False
15,2,23,0.0,0.0,2.5,wave,3547,51,14,0.08655201578798985,False
15,2,24,0.0,0.0,2.5,wave,3491,50,20,0.08908622171297623,False
15,2,25,0.0,0.0,2.5,wave,3403,53,19,0.0916838084043491,False
15,2,26,0.0,0.0,2.5,wave,3313,50,19,0.09507998792635074,False
15,2,27,0.0,0.0,2.5,wave,3243,50,18,0.09651557200123342,False
15,2,28,0.0,0.0,2.5,wave,3184,46,19,0.0986180904522613,False
15,2,29,0.0,0.0,2.5,wave,3061,44,19,0.10094740280953937,False
15,2,30,0.0,0.0,2.5,wave,2990,37,14,0.1040133779264214,False
15,2,31,0.0,0.0,2.5,wave,2913,33,15,0.10813594232749743,False
15,2,32,0.0,0.0,2.5,wave,2841,29,18,0.11122844068989793,False
15,2,33,0.0,0.0,2.5,wave,2786,24,12,0.11342426417803302,False
15,2,34,0.0,0.0,2.5,wave,2720,21,6,0.1161764705882353,False
15,2,35,0.0,0.0,2.5,wave,2646,20,6,0.11942554799697656,False
15,2,36,0.0,0.0,2.5,wave,2604,19,6,0.12135176651305683,False
15,2,37,0.0,0.0,2.5,wave,2560,20,9,0.123828125,False
15,2,38,0.0,0.0,2.5,wave,2534,24,9,0.1254932912391476,False
15,2,39,0.0,0.0,2.5,wave,2496,21,8,0.1266025641025641,False
15,2,40,0.0,0.0,2.5,wave,2462,20,9,0.12835093419983754,False
15,2,41,0.0,0.0,2.5,wave,2413,17,7,0.1317861583091587,False
15,2,42,0.0,0.0,2.5,wave,2385,15,6,0.1350104821802935,False
15,2,43,0.0,0.0,2.5,wave,2769,16,7,0.2148790176959191,False
15,2,44,0.0,0.0,2.5,wave,2547,16,5,0.18099725166862976,False
15,2,45,0.0,0.0,2.5,wave,2428,14,5,0.17339373970345964,False
15,2,46,0.0,0.0,2.5,wave,2375,14,5,0.16757894736842105,False
15,2,47,0.0,0.0,2.5,wave,2335,10,4,0.16873661670235546,False
15,2,48,0.0,0.0,2.5,wave,2271,14,6,0.1668868339938353,False
15,2,49,0.0,0.0,2.5,wave,2251,12,8,0.16748111950244335,False
15,2,50,0.0,0.0,2.5,wave,2226,10,6,0.16891284815813118,False
15,2,51,0.0,0.0,2.5,wave,2208,6,4,0.17346014492753623,False
15,2,52,0.0,0.0,2.5,wave,2174,5,4,0.17479300827966882,False
15,3,1,0.0,0.0,2.5,wave,2151,2,1,0.1789865178986518,False
15,3,2,0.0,0.0,2.5,wave,2122,1,1,0.18001885014137606,False
15,3,3,0.0,0.0,2.5,wave,2101,2,1,0.18514992860542598,False
15,3,4,0.0,0.0,2.5,wave,2074,1,0,0.18611378977820636,False
15,3,5,0.0,0.0,2.5,wave,2059,1,1,0.1894123360854784,False
15,3,6,0.0,0.0,2.5,wave,2038,1,1,0.18940137389597644,False
15,3,7,0.0,0.0,2.5,wave,2017,0,0,0.19137332672285573,True
15,3,8,0.0,0.0,2.5,wave,1987,0,0,0.19677906391545041,True
15,3,9,0.0,0.0,2.5,wave,1965,0,0,0.2015267175572519,True
15,3,10,0.0,0.0,2.5,wave,1939,0,0,0.20526044352759154,True
15,3,11,0.0,0.0,2.5,wave,1913,0,0,0.20752744380554103,True
15,3,12,0.0,0.0,2.5,wave,1887,0,0,0.21303656597774245,True
15,3,13,0.0,0.0,2.5,wave,1872,0,0,0.21314102564102563,True
15,3,14,0.0,0.0,2.5,wave,1851,0,0,0.21555915721231766,True
15,3,15,0.0,0.0,2.5,wave,1836,0,0,0.2167755991285403,True
15,3,16,0.0,0.0,2.5,wave,1804,0,0,0.2178492239467849,True
15,3,17,0.0,0.0,2.5,wave,1792,0,0,0.22321428571428573,True
15,3,18,0.0,0.0,2.5,wave,3948,0,0,0.10207700101317123,True
15,3,19,0.0,0.0,2.5,wave,3893,0,0,0.10480349344978165,True
15,3,20,0.0,0.0,2.5,wave,3821,0,0,0.10808688824914944,True
15,3,21,0.0,0.0,2.5,wave,3740,0,0,0.1125668449197861,True
15,3,22,0.0,0.0,2.5,wave,3663,0,0,0.11547911547911548,True
15,3,23,0.0,0.0,2.5,wave,3584,0,0,0.11774553571428571,True
15,3,24,0.0,0.0,2.5,wave,3524,0,0,0.12145289443813848,True
15,3,25,0.0,0.0,2.5,wave,3472,0,0,0.12586405529953917,True
15,3,26,0.0,0.0,2.5,wave,3391,0,0,0.12769094662341493,True
15,3,27,0.0,0.0,2.5,wave,3291,0,0,0.1306593740504406,True
15,3,28,0.0,0.0,2.5,wave,3214,0,0,0.134411947728687,True
15,3,29,0.0,0.0,2.5,wave,3157,0,0,0.13683877098511246,True
15,3,30,0.0,0.0,2.5,wave,3070,0,0,0.14201954397394137,True
15,3,31,0.0,0.0,2.5,wave,3018,0,0,0.14446653412856197,True
15,3,32,0.0,0.0,2.5,wave,2944,0,0,0.14945652173913043,True
15,3,33,0.0,0.0,2.5,wave,2879,0,0,0.1528308440430705,True
15,3,34,0.0,0.0,2.5,wave,2826,0,0,0.15746638358103326,True
15,3,35,0.0,0.0,2.5,wave,2781,0,0,0.16109313196691838,True
15,3,36,0.0,0.0,2.5,wave,2715,0,0,0.16611418047882137,True
15,3,37,0.0,0.0,2.5,wave,2673,0,0,0.16797605686494577,True
15,3,38,0.0,0.0,2.5,wave,2629,0,0,0.1700266260935717,True
15,3,39,0.0,0.0,2.5,wave,2603,0,0,0.1717249327698809,True
15,3,40,0.0,0.0,2.5,wave,2567,0,0,0.1756914686404363,True
15,3,41,0.0,0.0,2.5,wave,2553,0,0,0.17743830787309048,True
15,3,42,0.0,0.0,2.5,wave,2521,0,0,0.18127727092423643,True
15,3,43,0.0,0.0,2.5,wave,2997,0,0,0.2615949282615949,True
15,3,44,0.0,0.0,2.5,wave,2801,0,0,0.23241699393073903,True
15,3,45,0.0,0.0,2.5,wave,2655,0,0,0.2192090395480226,True
15,3,46,0.0,0.0,2.5,wave,2579,0,0,0.21636293136874757,True
15,3,47,0.0,0.0,2.5,wave,2522,0,0,0.2168913560666138,True
15,3,48,0.0,0.0,2.5,wave,2484,0,0,0.21578099838969403,True
15,3,49,0.0,0.0,2.5,wave,2464,0,0,0.21793831168831168,True
15,3,50,0.0,0.0,2.5,wave,2411,0,0,0.21443384487764414,True
15,3,51,0.0,0.0,2.5,wave,2375,0,0,0.21726315789473685,True
15,3,52,0.0,0.0,2.5,wave,2344,0,0,0.2197098976109215,True
15,4,1,0.0,0.0,2.5,wave,2306,0,0,0.2181266261925412,True
15,4,2,0.0,0.0,2.5,wave,2271,0,0,0.22236900044033464,True
15,4,3,0.0,0.0,2.5,wave,2255,0,0,0.22439024390243903,True
15,4,4,0.0,0.0,2.5,wave,2226,0,0,0.22686433063791556,True
15,4,5,0.0,0.0,2.5,wave,2203,0,0,0.230140717203813,True
15,4,6,0.0,0.0,2.5,wave,2173,0,0,0.2296364473078693,True
15,4,7,0.0,0.0,2.5,wave,2141,0,0,0.22933208780943484,True
15,4,8,0.0,0.0,2.5,wave,2109,0,0,0.22901849217638692,True
15,4,9,0.0,0.0,2.5,wave,2080,0,0,0.23076923076923078,True
15,4,10,0.0,0.0,2.5,wave,2046,0,0,0.2341153470185728,True
15,4,11,0.0,0.0,2.5,wave,2023,0,0,0.2333168561542264,True
15,4,12,0.0,0.0,2.5,wave,2003,0,0,0.23414877683474788,True
15,4,13,0.0,0.0,2.5,wave,1981,0,0,0.2342251388187784,True
15,4,14,0.0,0.0,2.5,wave,1948,0,0,0.23613963039014374,True
15,4,15,0.0,0.0,2.5,wave,1933,0,0,0.23848939472322814,True
15,4,16,0.0,0.0,2.5,wave,1916,0,0,0.2406054279749478,True
15,4,17,0.0,0.0,2.5,wave,1895,0,0,0.24063324538258576,True
15,4,18,0.0,0.0,2.5,wave,4080,0,0,0.1125,True
15,4,19,0.0,0.0,2.5,wave,4011,0,0,0.11642981800049863,True
15,4,20,0.0,0.0,2.5,wave,3953,0,0,0.11788515051859347,True
15,4,21,0.0,0.0,2.5,wave,3874,0,0,0.12157976251935984,True
15,4,22,0.0,0.0,2.5,wave,3764,0,0,0.1259298618490967,True
15,4,23,0.0,0.0,2.5,wave,3660,0,0,0.1273224043715847,True
15,4,24,0.0,0.0,2.5,wave,3578,0,0,0.131078814980436,True
15,4,25,0.0,0.0,2.5,wave,3484,0,0,0.13289322617680827,True
15,4,26,0.0,0.0,2.5,wave,3393,0,0,0.13763631005010316,True
15,4,27,0.0,0.0,2.5,wave,3301,0,0,0.13995758860951227,True
15,4,28,0.0,0.0,2.5,wave,3253,0,0,0.14478942514601906,True
15,4,29,0.0,0.0,2.5,wave,3207,0,0,0.14842531961334582,True
15,4,30,0.0,0.0,2.5,wave,3142,0,0,0.15085932527052834,True
15,4,31,0.0,0.0,2.5,wave,3090,0,0,0.1553398058252427,True
15,4,32,0.0,0.0,2.5,wave,3048,0,0,0.15649606299212598,True
15,4,33,0.0,0.0,2.5,wave,2988,0,0,0.16030789825970548,True
15,4,34,0.0,0.0,2.5,wave,2957,0,0,0.1630030436252959,True
15,4,35,0.0,0.0,2.5,wave,2902,0,0,0.16471399035148174,True
15,4,36,0.0,0.0,2.5,wave,2846,0,0,0.16479269149683767,True
15,4,37,0.0,0.0,2.5,wave,2784,0,0,0.16738505747126436,True
15,4,38,0.0,0.0,2.5,wave,2751,0,0,0.16902944383860413,True
15,4,39,0.0,0.0,2.5,wave,2698,0,0,0.17234988880652335,True
15,4,40,0.0,0.0,2.5,wave,2656,0,0,0.17319277108433734,True
15,4,41,0.0,0.0,2.5,wave,2627,0,0,0.17624666920441567,True
15,4,42,0.0,0.0,2.5,wave,2591,0,0,0.17946738710922425,True
15,4,43,0.0,0.0,2.5,wave,3196,0,0,0.2709637046307885,True
15,4,44,0.0,0.0,2.5,wave,2904,0,0,0.2334710743801653,True
15,4,45,0.0,0.0,2.5,wave,2750,0,0,0.22145454545454546,True
15,4,46,0.0,0.0,2.5,wave,2695,0,0,0.22077922077922077,True
15,4,47,0.0,0.0,2.5,wave,2661,0,0,0.22284855317549793,True
15,4,48,0.0,0.0,2.5,wave,2635,0,0,0.22428842504743832,True
15,4,49,0.0,0.0,2.5,wave,2601,0,0,0.223760092272203,True
15,4,50,0.0,0.0,2.5,wave,2560,0,0,0.22734375,True
15,4,51,0.0,0.0,2.5,wave,2532,0,0,0.22748815165876776,True
15,4,52,0.0,0.0,2.5,wave,2500,0,0,0.2304,True
15,5,1,0.0,0.0,2.5,wave,2472,0,0,0.23220064724919093,True
15,5,2,0.0,0.0,2.5,wave,2446,0,0,0.23548650858544562,True
15,5,3,0.0,0.0,2.5,wave,2424,0,0,0.2367986798679868,True
15,5,4,0.0,0.0,2.5,wave,2401,0,0,0.23865056226572262,True
15,5,5,0.0,0.0,2.5,wave,2372,0,0,0.23988195615514335,True
15,5,6,0.0,0.0,2.5,wave,2341,0,0,0.24263135412217002,True
15,5,7,0.0,0.0,2.5,wave,2311,0,0,0.2449156209433146,True
15,5,8,0.0,0.0,2.5,wave,2287,0,0,0.2474857892435505,True
15,5,9,0.0,0.0,2.5,wave,2268,0,0,0.24691358024691357,True
15,5,10,0.0,0.0,2.5,wave,2244,0,0,0.24732620320855614,True
15,5,11,0.0,0.0,2.5,wave,2219,0,0,0.25101397025687244,True
15,5,12,0.0,0.0,2.5,wave,2194,0,0,0.2543299908842297,True
15,5,13,0.0,0.0,2.5,wave,2167,0,0,0.2551915089986156,True
15,5,14,0.0,0.0,2.5,wave,2144,0,0,0.2560634328358209,True
15,5,15,0.0,0.0,2.5,wave,2125,0,0,0.25929411764705884,True
15,5,16,0.0,0.0,2.5,wave,2108,0,0,0.26138519924098674,True
15,5,17,0.0,0.0,2.5,wave,2085,0,0,0.26091127098321343,True
15,5,18,0.0,0.0,2.5,wave,4627,0,0,0.11865139399178734,True
15,5,19,0.0,0.0,2.5,wave,4567,0,0,0.12239982483030436,True
15,5,20,0.0,0.0,2.5,wave,4487,0,0,0.12502785825718743,True
15,5,21,0.0,0.0,2.5,wave,4370,0,0,0.12723112128146452,True
15,5,22,0.0,0.0,2.5,wave,4255,0,0,0.1309048178613396,True
15,5,23,0.0,0.0,2.5,wave,4141,0,0,0.13305964742815746,True
15,5,24,0.0,0.0,2.5,wave,4058,0,0,0.13602759980285856,True
15,5,25,0.0,0.0,2.5,wave,3975,0,0,0.13937106918238995,True
15,5,26,0.0,0.0,2.5,wave,3896,0,0,0.14194045174537986,True
15,5,27,0.0,0.0,2.5,wave,3804,0,0,0.14511041009463724,True
15,5,28,0.0,0.0,2.5,wave,3704,0,0,0.14713822894168466,True
15,5,29,0.0,0.0,2.5,wave,3616,0,0,0.14823008849557523,True
15,5,30,0.0,0.0,2.5,wave,3542,0,0,0.15189158667419536,True
15,5,31,0.0,0.0,2.5,wave,3491,0,0,0.15382411916356345,True
15,5,32,0.0,0.0,2.5,wave,3439,0,0,0.1555684792090724,True
15,5,33,0.0,0.0,2.5,wave,3372,0,0,0.15895610913404506,True
15,5,34,0.0,0.0,2.5,wave,3284,0,0,0.16230207064555421,True
15,5,35,0.0,0.0,2.5,wave,3190,0,0,0.1664576802507837,True
15,5,36,0.0,0.0,2.5,wave,3083,0,0,0.17061303924748622,True
15,5,37,0.0,0.0,2.5,wave,2988,0,0,0.17336010709504684,True
15,5,38,0.0,0.0,2.5,wave,2941,0,0,0.17511050663039782,True
15,5,39,0.0,0.0,2.5,wave,2915,0,0,0.1777015437392796,True
15,5,40,0.0,0.0,2.5,wave,2886,0,0,0.17844767844767845,True
15,5,41,0.0,0.0,2.5,wave,2856,0,0,0.18102240896358543,True
15,5,42,0.0,0.0,2.5,wave,2820,0,0,0.18333333333333332,True
15,5,43,0.0,0.0,2.5,wave,3412,0,0,0.2661195779601407,True
15,5,44,0.0,0.0,2.5,wave,3139,0,0,0.23510672188595094,True
15,5,45,0.0,0.0,2.5,wave,2968,0,0,0.22169811320754718,True
15,5,46,0.0,0.0,2.5,wave,2901,0,0,0.21854532919682867,True
15,5,47,0.0,0.0,2.5,wave,2818,0,0,0.21291696238466998,True
15,5,48,0.0,0.0,2.5,wave,2775,0,0,0.21405405405405406,True
15,5,49,0.0,0.0,2.5,wave,2742,0,0,0.21699489423778265,True
15,5,50,0.0,0.0,2.5,wave,2700,0,0,0.21555555555555556,True
15,5,51,0.0,0.0,2.5,wave,2666,0,0,0.21867966991747936,True
15,5,52,0.0,0.0,2.5,wave,2612,0,0,0.22052067381316998,True
15,6,1,0.0,0.0,2.5,wave,2571,0,0,0.2248152469856087,True
15,6,2,0.0,0.0,2.5,wave,2527,0,0,0.22833399287692915,True
15,6,3,0.0,0.0,2.5,wave,2502,0,0,0.22981614708233414,True
15,6,4,0.0,0.0,2.5,wave,2482,0,0,0.2328767123287671,True
15,6,5,0.0,0.0,2.5,wave,2453,0,0,0.2352221769262128,True
15,6,6,0.0,0.0,2.5,wave,2414,0,0,0.23405136702568352,True
15,6,7,0.0,0.0,2.5,wave,2383,0,0,0.23583718002517834,True
15,6,8,0.0,0.0,2.5,wave,2362,0,0,0.24005080440304827,True
15,6,9,0.0,0.0,2.5,wave,2338,0,0,0.24208725406330198,True
15,6,10,0.0,0.0,2.5,wave,2329,0,0,0.24388149420352082,True
15,6,11,0.0,0.0,2.5,wave,2306,0,0,0.24501300954032956,True
15,6,12,0.0,0.0,2.5,wave,2286,0,0,0.2462817147856518,True
15,6,13,0.0,0.0,2.5,wave,2252,0,0,0.24955595026642985,True
15,6,14,0.0,0.0,2.5,wave,2227,0,0,0.25145936237090255,True
15,6,15,0.0,0.0,2.5,wave,2202,0,0,0.25567665758401453,True
15,6,16,0.0,0.0,2.5,wave,2177,0,0,0.2572347266881029,True
15,6,17,0.0,0.0,2.5,wave,2154,0,0,0.2590529247910863,True
15,6,18,0.0,0.0,2.5,wave,4696,0,0,0.12031516183986371,True
15,6,19,0.0,0.0,2.5,wave,4616,0,0,0.12348353552859619,True
15,6,20,0.0,0.0,2.5,wave,4518,0,0,0.1263833554670208,True
15,6,21,0.0,0.0,2.5,wave,4413,0,0,0.13052345343303876,True
15,6,22,0.0,0.0,2.5,wave,4347,0,0,0.13250517598343686,True
15,6,23,0.0,0.0,2.5,wave,4263,0,0,0.13230119634060522,True
15,6,24,0.0,0.0,2.5,wave,4174,0,0,0.1327264015333014,True
15,6,25,0.0,0.0,2.5,wave,4088,0,0,0.13527397260273974,True
15,6,26,0.0,0.0,2.5,wave,3982,0,0,0.13787041687594173,True
15,6,27,0.0,0.0,2.5,wave,3895,0,0,0.1417201540436457,True
15,6,28,0.0,0.0,2.5,wave,3823,0,0,0.14386607376405963,True
15,6,29,0.0,0.0,2.5,wave,3754,0,0,0.14651038891848694,True
15,6,30,0.0,0.0,2.5,wave,3665,0,0,0.14815825375170533,True
15,6,31,0.0,0.0,2.5,wave,3593,0,0,0.15224046757584192,True
15,6,32,0.0,0.0,2.5,wave,3547,0,0,0.15506061460389062,True
15,6,33,0.0,0.0,2.5,wave,3469,0,0,0.15825886422600172,True
15,6,34,0.0,0.0,2.5,wave,3381,0,0,0.160603371783496,True
15,6,35,0.0,0.0,2.5,wave,3315,0,0,0.16259426847662142,True
15,6,36,0.0,0.0,2.5,wave,3261,0,0,0.16590003066544004,True
15,6,37,0.0,0.0,2.5,wave,3183,0,0,0.1699654414074772,True
15,6,38,0.0,0.0,2.5,wave,3141,0,0,0.17446673034065585,True
15,6,39,0.0,0.0,2.5,wave,3096,0,0,0.17732558139534885,True
15,6,40,0.0,0.0,2.5,wave,3065,0,0,0.17911908646003263,True
15,6,41,0.0,0.0,2.5,wave,3025,0,0,0.18016528925619835,True
15,6,42,0.0,0.0,2.5,wave,3001,0,0,0.18327224258580474,True
15,6,43,0.0,0.0,2.5,wave,3693,0,0,0.27646899539669645,True
15,6,44,0.0,0.0,2.5,wave,3378,0,0,0.2433392539964476,True
15,6,45,0.0,0.0,2.5,wave,3222,0,0,0.23122284295468654,True
15,6,46,0.0,0.0,2.5,wave,3117,0,0,0.22232916265640038,True
15,6,47,0.0,0.0,2.5,wave,3045,0,0,0.2220032840722496,True
15,6,48,0.0,0.0,2.5,wave,2990,0,0,0.2217391304347826,True
15,6,49,0.0,0.0,2.5,wave,2951,0,0,0.2206031853608946,True
15,6,50,0.0,0.0,2.5,wave,2908,0,0,0.2218019257221458,True
15,6,51,0.0,0.0,2.5,wave,2861,0,0,0.22160083886752885,True
15,6,52,0.0,0.0,2.5,wave,2816,0,0,0.22230113636363635,True
15,7,1,0.0,0.0,2.5,wave,2785,0,0,0.22621184919210055,True
15,7,2,0.0,0.0,2.5,wave,2756,0,0,0.22786647314949202,True
15,7,3,0.0,0.0,2.5,wave,2717,0,0,0.229297018770703,True
15,7,4,0.0,0.0,2.5,wave,2679,0,0,0.23292273236282196,True
15,7,5,0.0,0.0,2.5,wave,2653,0,0,0.23558235959291368,True
15,7,6,0.0,0.0,2.5,wave,2617,0,0,0.238440962934658,True
15,7,7,0.0,0.0,2.5,wave,2592,0,0,0.24228395061728394,True
15,7,8,0.0,0.0,2.5,wave,2565,0,0,0.24288499025341131,True
15,7,9,0.0,0.0,2.5,wave,2538,0,0,0.24507486209613868,True
15,7,10,0.0,0.0,2.5,wave,2512,0,0,0.24721337579617833,True
15,7,11,0.0,0.0,2.5,wave,2485,0,0,0.24909456740442656,True
15,7,12,0.0,0.0,2.5,wave,2455,0,0,0.25173116089613035,True
15,7,13,0.0,0.0,2.5,wave,2430,0,0,0.25308641975308643,True
15,7,14,0.0,0.0,2.5,wave,2407,0,0,0.2555047777316161,True
15,7,15,0.0,0.0,2.5,wave,2373,0,0,0.2557943531394859,True
15,7,16,0.0,0.0,2.5,wave,2346,0,0,0.2570332480818414,True
15,7,17,0.0,0.0,2.5,wave,2315,0,0,0.25874730021598275,True
15,7,18,0.0,0.0,2.5,wave,5097,0,0,0.11771630370806356,True
15,7,19,0.0,0.0,2.5,wave,4993,0,0,0.11996795513719206,True
15,7,20,0.0,0.0,2.5,wave,4884,0,0,0.12407862407862408,True
15,7,21,0.0,0.0,2.5,wave,4798,0,0,0.1267194664443518,True
15,7,22,0.0,0.0,2.5,wave,4720,0,0,0.13008474576271187,True
15,7,23,0.0,0.0,2.5,wave,4550,0,0,0.1345054945054945,True
15,7,24,0.0,0.0,2.5,wave,4470,0,0,0.13736017897091723,True
15,7,25,0.0,0.0,2.5,wave,4381,0,0,0.14083542570189456,True
15,7,26,0.0,0.0,2.5,wave,4261,0,0,0.14433231635766253,True
15,7,27,0.0,0.0,2.5,wave,4143,0,0,0.14771904417089066,True
15,7,28,0.0,0.0,2.5,wave,4058,0,0,0.149581074420897,True
15,7,29,0.0,0.0,2.5,wave,3969,0,0,0.15318720080624842,True
15,7,30,0.0,0.0,2.5,wave,3864,0,0,0.15527950310559005,True
15,7,31,0.0,0.0,2.5,wave,3768,0,0,0.15817409766454352,True
15,7,32,0.0,0.0,2.5,wave,3662,0,0,0.15974877116329875,True
15,7,33,0.0,0.0,2.5,wave,3549,0,0,0.1614539306846999,True
15,7,34,0.0,0.0,2.5,wave,3444,0,0,0.16376306620209058,True
15,7,35,0.0,0.0,2.5,wave,3388,0,0,0.16646989374262103,True
15,7,36,0.0,0.0,2.5,wave,3330,0,0,0.17027027027027028,True
15,7,37,0.0,0.0,2.5,wave,3259,0,0,0.17305922061982204,True
15,7,38,0.0,0.0,2.5,wave,3214,0,0,0.17579340385812073,True
15,7,39,0.0,0.0,2.5,wave,3160,0,0,0.17943037974683546,True
15,7,40,0.0,0.0,2.5,wave,3123,0,0,0.18219660582772976,True
15,7,41,0.0,0.0,2.5,wave,3091,0,0,0.1837593011970236,True
15,7,42,0.0,0.0,2.5,wave,3059,0,0,0.18502778685845048,True
15,7,43,0.0,0.0,2.5,wave,3717,0,0,0.2717245090126446,True
15,7,44,0.0,0.0,2.5,wave,3369,0,0,0.23805283466904126,True
15,7,45,0.0,0.0,2.5,wave,3162,0,0,0.22169512966476915,True
15,7,46,0.0,0.0,2.5,wave,3056,0,0,0.21793193717277487,True
15,7,47,0.0,0.0,2.5,wave,2993,0,0,0.21516872702973605,True
15,7,48,0.0,0.0,2.5,wave,2959,0,0,0.21628928692125718,True
15,7,49,0.0,0.0,2.5,wave,2934,0,0,0.21574642126789367,True
15,7,50,0.0,0.0,2.5,wave,2886,0,0,0.21725571725571727,True
15,7,51,0.0,0.0,2.5,wave,2860,0,0,0.21853146853146854,True
15,7,52,0.0,0.0,2.5,wave,2843,0,0,0.21983819908547308,True
15,8,1,0.0,0.0,2.5,wave,2809,0,0,0.2210751156995372,True
15,8,2,0.0,0.0,2.5,wave,2775,0,0,0.22126126126126125,True
15,8,3,0.0,0.0,2.5,wave,2743,0,0,0.22347794385709077,True
15,8,4,0.0,0.0,2.5,wave,2713,0,0,0.22558053814964985,True
15,8,5,0.0,0.0,2.5,wave,2684,0,0,0.22615499254843516,True
15,8,6,0.0,0.0,2.5,wave,2655,0,0,0.22674199623352165,True
15,8,7,0.0,0.0,2.5,wave,2635,0,0,0.22922201138519924,True
15,8,8,0.0,0.0,2.5,wave,2612,0,0,0.23124042879019907,True
15,8,9,0.0,0.0,2.5,wave,2565,0,0,0.23352826510721247,True
15,8,10,0.0,0.0,2.5,wave,2532,0,0,0.23617693522906794,True
15,8,11,0.0,0.0,2.5,wave,2508,0,0,0.23963317384370017,True
15,8,12,0.0,0.0,2.5,wave,2454,0,0,0.24531377343113284,True
15,8,13,0.0,0.0,2.5,wave,2420,0,0,0.2450413223140496,True
15,8,14,0.0,0.0,2.5,wave,2391,0,0,0.24968632371392724,True
15,8,15,0.0,0.0,2.5,wave,2373,0,0,0.2520016856300042,True
15,8,16,0.0,0.0,2.5,wave,2344,0,0,0.2551194539249147,True
15,8,17,0.0,0.0,2.5,wave,2316,0,0,0.25777202072538863,True
15,8,18,0.0,0.0,2.5,wave,5084,0,0,0.11821400472069236,True
15,8,19,0.0,0.0,2.5,wave,5006,0,0,0.12045545345585297,True
15,8,20,0.0,0.0,2.5,wave,4900,0,0,0.12346938775510204,True
15,8,21,0.0,0.0,2.5,wave,4820,0,0,0.12655601659751037,True
15,8,22,0.0,0.0,2.5,wave,4718,0,0,0.12971598134802884,True
15,8,23,0.0,0.0,2.5,wave,4635,0,0,0.13160733549083065,True
15,8,24,0.0,0.0,2.5,wave,4519,0,0,0.13498561628678912,True
15,8,25,0.0,0.0,2.5,wave,4420,0,0,0.13846153846153847,True
15,8,26,0.0,0.0,2.5,wave,4342,0,0,0.14094887148779364,True
15,8,27,0.0,0.0,2.5,wave,4283,0,0,0.14335745972449218,True
15,8,28,0.0,0.0,2.5,wave,4203,0,0,0.1470378301213419,True
15,8,29,0.0,0.0,2.5,wave,4114,0,0,0.15192027224112786,True
15,8,30,0.0,0.0,2.5,wave,4034,0,0,0.15617253346554288,True
15,8,31,0.0,0.0,2.5,wave,3933,0,0,0.16069158403254513,True
15,8,32,0.0,0.0,2.5,wave,3848,0,0,0.16372141372141372,True
15,8,33,0.0,0.0,2.5,wave,3776,0,0,0.1686970338983051,True
15,8,34,0.0,0.0,2.5,wave,3724,0,0,0.1721267454350161,True
15,8,35,0.0,0.0,2.5,wave,3675,0,0,0.17469387755102042,True
15,8,36,0.0,0.0,2.5,wave,3612,0,0,0.1760797342192691,True
15,8,37,0.0,0.0,2.5,wave,3535,0,0,0.17878359264497878,True
15,8,38,0.0,0.0,2.5,wave,3466,0,0,0.18349682631275246,True
15,8,39,0.0,0.0,2.5,wave,3421,0,0,0.1856182402806197,True
15,8,40,0.0,0.0,2.5,wave,3371,0,0,0.18807475526549985,True
15,8,41,0.0,0.0,2.5,wave,3336,0,0,0.19094724220623502,True
15,8,42,0.0,0.0,2.5,wave,3294,0,0,0.1933819064966606,True
15,8,43,0.0,0.0,2.5,wave,4103,0,0,0.2795515476480624,True
15,8,44,0.0,0.0,2.5,wave,3685,0,0,0.24694708276797828,True
15,8,45,0.0,0.0,2.5,wave,3488,0,0,0.231651376146789,True
15,8,46,0.0,0.0,2.5,wave,3342,0,0,0.22172351885098743,True
15,8,47,0.0,0.0,2.5,wave,3288,0,0,0.2208029197080292,True
15,8,48,0.0,0.0,2.5,wave,3211,0,0,0.22111491747119277,True
15,8,49,0.0,0.0,2.5,wave,3196,0,0,0.22309136420525658,True
15,8,50,0.0,0.0,2.5,wave,3170,0,0,0.22397476340694006,True
15,8,51,0.0,0.0,2.5,wave,3143,0,0,0.22558065542475342,True
15,8,52,0.0,0.0,2.5,wave,3120,0,0,0.22756410256410256,True
15,9,1,0.0,0.0,2.5,wave,3092,0,0,0.2276843467011643,True
15,9,2,0.0,0.0,2.5,wave,3061,0,0,0.23031688990525973,True
15,9,3,0.0,0.0,2.5,wave,3026,0,0,0.23099801718440185,True
15,9,4,0.0,0.0,2.5,wave,2995,0,0,0.2340567612687813,True
15,9,5,0.0,0.0,2.5,wave,2962,0,0,0.2349763673193788,True
15,9,6,0.0,0.0,2.5,wave,2926,0,0,0.23718386876281614,True
15,9,7,0.0,0.0,2.5,wave,2897,0,0,0.23955816361753537,True
15,9,8,0.0,0.0,2.5,wave,2863,0,0,0.24449877750611246,True
15,9,9,0.0,0.0,2.5,wave,2831,0,0,0.2458495231367008,True
15,9,10,0.0,0.0,2.5,wave,2791,0,0,0.25008957362952344,True
15,9,11,0.0,0.0,2.5,wave,2761,0,0,0.250996015936255,True
15,9,12,0.0,0.0,2.5,wave,2726,0,0,0.2553191489361702,True
15,9,13,0.0,0.0,2.5,wave,2694,0,0,0.25501113585746105,True
15,9,14,0.0,0.0,2.5,wave,2667,0,0,0.2583427071616048,True
15,9,15,0.0,0.0,2.5,wave,2630,0,0,0.26083650190114066,True
15,9,16,0.0,0.0,2.5,wave,2600,0,0,0.265,True
15,9,17,0.0,0.0,2.5,wave,2584,0,0,0.2654798761609907,True
15,9,18,0.0,0.0,2.5,wave,5467,0,0,0.11468812877263582,True
15,9,19,0.0,0.0,2.5,wave,5405,0,0,0.11785383903792784,True
15,9,20,0.0,0.0,2.5,wave,5318,0,0,0.12072207596840917,True
15,9,21,0.0,0.0,2.5,wave,5237,0,0,0.12373496276494177,True
15,9,22,0.0,0.0,2.5,wave,5121,0,0,0.12692833430970513,True
15,9,23,0.0,0.0,2.5,wave,5020,0,0,0.13047808764940239,True
15,9,24,0.0,0.0,2.5,wave,4900,0,0,0.13326530612244897,True
15,9,25,0.0,0.0,2.5,wave,4776,0,0,0.13693467336683418,True
15,9,26,0.0,0.0,2.5,wave,4664,0,0,0.13979416809605488,True
15,9,27,0.0,0.0,2.5,wave,4591,0,0,0.142888259638423,True
15,9,28,0.0,0.0,2.5,wave,4491,0,0,0.14606991761300378,True
15,9,29,0.0,0.0,2.5,wave,4398,0,0,0.14870395634379263,True
15,9,30,0.0,0.0,2.5,wave,4317,0,0,0.15218902015288394,True
15,9,31,0.0,0.0,2.5,wave,4249,0,0,0.15462461755707224,True
15,9,32,0.0,0.0,2.5,wave,4153,0,0,0.15771731278593787,True
15,9,33,0.0,0.0,2.5,wave,4079,0,0,0.1605785731797009,True
15,9,34,0.0,0.0,2.5,wave,3984,0,0,0.16315261044176707,True
15,9,35,0.0,0.0,2.5,wave,3906,0,0,0.16615463389656937,True
15,9,36,0.0,0.0,2.5,wave,3813,0,0,0.16942040388145818,True
15,9,37,0.0,0.0,2.5,wave,3753,0,0,0.17239541699973354,True
15,9,38,0.0,0.0,2.5,wave,3707,0,0,0.17453466414890748,True
15,9,39,0.0,0.0,2.5,wave,3663,0,0,0.17635817635817636,True
15,9,40,0.0,0.0,2.5,wave,3610,0,0,0.17977839335180054,True
15,9,41,0.0,0.0,2.5,wave,3557,0,0,0.18442507731234187,True
15,9,42,0.0,0.0,2.5,wave,3515,0,0,0.18776671408250356,True
15,9,43,0.0,0.0,2.5,wave,4401,0,0,0.27857305157918655,True
15,9,44,0.0,0.0,2.5,wave,3974,0,0,0.24408656265727227,True
15,9,45,0.0,0.0,2.5,wave,3768,0,0,0.22876857749469215,True
15,9,46,0.0,0.0,2.5,wave,3616,0,0,0.2198561946902655,True
15,9,47,0.0,0.0,2.5,wave,3542,0,0,0.21936758893280633,True
15,9,48,0.0,0.0,2.5,wave,3494,0,0,0.21837435603892386,True
15,9,49,0.0,0.0,2.5,wave,3435,0,0,0.2183406113537118,True
15,9,50,0.0,0.0,2.5,wave,3389,0,0,0.2242549424609029,True
15,9,51,0.0,0.0,2.5,wave,3359,0,0,0.22566239952366776,True
15,9,52,0.0,0.0,2.5,wave,3303,0,0,0.2285800787163185,True
15,10,1,0.0,0.0,2.5,wave,3286,0,0,0.23219720024345708,True
15,10,2,0.0,0.0,2.5,wave,3253,0,0,0.23393790347371657,True
15,10,3,0.0,0.0,2.5,wave,3242,0,0,0.23534855027760643,True
15,10,4,0.0,0.0,2.5,wave,3219,0,0,0.23796210003106555,True
15,10,5,0.0,0.0,2.5,wave,3179,0,0,0.24347279018559295,True
15,10,6,0.0,0.0,2.5,wave,3121,0,0,0.24575456584428068,True
15,10,7,0.0,0.0,2.5,wave,3090,0,0,0.24563106796116504,True
15,10,8,0.0,0.0,2.5,wave,3044,0,0,0.25,True
15,10,9,0.0,0.0,2.5,wave,3013,0,0,0.25290408230999006,True
15,10,10,0.0,0.0,2.5,wave,2954,0,0,0.25626269465132023,True
15,10,11,0.0,0.0,2.5,wave,2925,0,0,0.2577777777777778,True
15,10,12,0.0,0.0,2.5,wave,2896,0,0,0.26070441988950277,True
15,10,13,0.0,0.0,2.5,wave,2871,0,0,0.26367119470567746,True
15,10,14,0.0,0.0,2.5,wave,2837,0,0,0.26577370461755373,True
15,10,15,0.0,0.0,2.5,wave,2811,0,0,0.2689434364994664,True
15,10,16,0.0,0.0,2.5,wave,2777,0,0,0.2711559236586244,True
15,10,17,0.0,0.0,2.5,wave,2741,0,0,0.273257935060197,True
15,10,18,0.0,0.0,2.5,wave,5687,0,0,0.1267803762968173,True
15,10,19,0.0,0.0,2.5,wave,5628,0,0,0.1298862828713575,True
15,10,20,0.0,0.0,2.5,wave,5511,0,0,0.1330067138450372,True
15,10,21,0.0,0.0,2.5,wave,5372,0,0,0.1349590469099032,True
15,10,22,0.0,0.0,2.5,wave,5220,0,0,0.1396551724137931,True
15,10,23,0.0,0.0,2.5,wave,5120,0,0,0.1431640625,True
15,10,24,0.0,0.0,2.5,wave,5015,0,0,0.14576271186440679,True
15,10,25,0.0,0.0,2.5,wave,4922,0,0,0.14892320195042666,True
15,10,26,0.0,0.0,2.5,wave,4798,0,0,0.1523551479783243,True
15,10,27,0.0,0.0,2.5,wave,4693,0,0,0.15512465373961218,True
15,10,28,0.0,0.0,2.5,wave,4606,0,0,0.15892314372557534,True
15,10,29,0.0,0.0,2.5,wave,4551,0,0,0.16172269830806416,True
15,10,30,0.0,0.0,2.5,wave,4473,0,0,0.16543706684551754,True
15,10,31,0.0,0.0,2.5,wave,4415,0,0,0.16738391845979614,True
15,10,32,0.0,0.0,2.5,wave,4352,0,0,0.17118566176470587,True
15,10,33,0.0,0.0,2.5,wave,4288,0,0,0.17327425373134328,True
15,10,34,0.0,0.0,2.5,wave,4205,0,0,0.17669441141498216,True
15,10,35,0.0,0.0,2.5,wave,4136,0,0,0.1801257253384913,True
15,10,36,0.0,0.0,2.5,wave,4040,0,0,0.1834158415841584,True
15,10,37,0.0,0.0,2.5,wave,3982,0,0,0.18658965344048217,True
15,10,38,0.0,0.0,2.5,wave,3936,0,0,0.19029471544715448,True
15,10,39,0.0,0.0,2.5,wave,3888,0,0,0.1926440329218107,True
15,10,40,0.0,0.0,2.5,wave,3824,0,0,0.19534518828451883,True
15,10,41,0.0,0.0,2.5,wave,3790,0,0,0.1970976253298153,True
15,10,42,0.0,0.0,2.5,wave,3742,0,0,0.1988241582041689,True
15,10,43,0.0,0.0,2.5,wave,4653,0,0,0.28519234902213625,True
15,10,44,0.0,0.0,2.5,wave,4258,0,0,0.259981211836543,True
15,10,45,0.0,0.0,2.5,wave,3964,0,0,0.23662966700302723,True
15,10,46,0.0,0.0,2.5,wave,3805,0,0,0.23101182654402103,True
15,10,47,0.0,0.0,2.5,wave,3742,0,0,0.22768572955638697,True
15,10,48,0.0,0.0,2.5,wave,3669,0,0,0.22840010902153174,True
15,10,49,0.0,0.0,2.5,wave,3611,0,0,0.22902243145942952,True
15,10,50,0.0,0.0,2.5,wave,3547,0,0,0.22920778122356922,True
15,10,51,0.0,0.0,2.5,wave,3485,0,0,0.2309899569583931,True
15,10,52,0.0,0.0,2.5,wave,3406,0,0,0.23458602466236053,True
15,11,1,0.0,0.0,2.5,wave,3369,0,0,0.23656871475215197,True
15,11,2,0.0,0.0,2.5,wave,3328,0,0,0.24128605769230768,True
15,11,3,0.0,0.0,2.5,wave,3305,0,0,0.24326777609682299,True
15,11,4,0.0,0.0,2.5,wave,3249,0,0,0.24499846106494305,True
15,11,5,0.0,0.0,2.5,wave,3221,0,0,0.24805960881713754,True
15,11,6,0.0,0.0,2.5,wave,3177,0,0,0.251180358829084,True
15,11,7,0.0,0.0,2.5,wave,3143,0,0,0.2535793827553293,True
15,11,8,0.0,0.0,2.5,wave,3102,0,0,0.2562862669245648,True
15,11,9,0.0,0.0,2.5,wave,3073,0,0,0.25805401887406443,True
15,11,10,0.0,0.0,2.5,wave,3038,0,0,0.25806451612903225,True
15,11,11,0.0,0.0,2.5,wave,3015,0,0,0.2613598673300166,True
15,11,12,0.0,0.0,2.5,wave,2971,0,0,0.2642208010770784,True
15,11,13,0.0,0.0,2.5,wave,2950,0,0,0.26677966101694917,True
15,11,14,0.0,0.0,2.5,wave,2914,0,0,0.2687028140013727,True
15,11,15,0.0,0.0,2.5,wave,2899,0,0,0.26905829596412556,True
15,11,16,0.0,0.0,2.5,wave,2863,0,0,0.2717429269996507,True
15,11,17,0.0,0.0,2.5,wave,2832,0,0,0.2747175141242938,True
15,11,18,0.0,0.0,2.5,wave,6143,0,0,0.1219273970372782,True
15,11,19,0.0,0.0,2.5,wave,6063,0,0,0.12601022596074551,True
15,11,20,0.0,0.0,2.5,wave,5931,0,0,0.12864609677963243,True
15,11,21,0.0,0.0,2.5,wave,5849,0,0,0.13062061890921525,True
15,11,22,0.0,0.0,2.5,wave,5722,0,0,0.13299545613421881,True
15,11,23,0.0,0.0,2.5,wave,5638,0,0,0.13604114934373893,True
15,11,24,0.0,0.0,2.5,wave,5543,0,0,0.13927476095976907,True
15,11,25,0.0,0.0,2.5,wave,5439,0,0,0.14212171355028497,True
15,11,26,0.0,0.0,2.5,wave,5339,0,0,0.14440906536804646,True
15,11,27,0.0,0.0,2.5,wave,5245,0,0,0.14661582459485223,True
15,11,28,0.0,0.0,2.5,wave,5121,0,0,0.14879906268306972,True
15,11,29,0.0,0.0,2.5,wave,5063,0,0,0.15208374481532688,True
15,11,30,0.0,0.0,2.5,wave,4932,0,0,0.15551500405515004,True
15,11,31,0.0,0.0,2.5,wave,4849,0,0,0.15941431222932564,True
15,11,32,0.0,0.0,2.5,wave,4697,0,0,0.16137960400255483,True
15,11,33,0.0,0.0,2.5,wave,4625,0,0,0.16367567567567567,True
15,11,34,0.0,0.0,2.5,wave,4512,0,0,0.16666666666666666,True
15,11,35,0.0,0.0,2.5,wave,4435,0,0,0.16933483652762119,True
15,11,36,0.0,0.0,2.5,wave,4360,0,0,0.1720183486238532,True
15,11,37,0.0,0.0,2.5,wave,4321,0,0,0.17588521175653785,True
15,11,38,0.0,0.0,2.5,wave,4254,0,0,0.17865538316878232,True
15,11,39,0.0,0.0,2.5,wave,4223,0,0,0.18186123608808905,True
15,11,40,0.0,0.0,2.5,wave,4154,0,0,0.18415984593163215,True
15,11,41,0.0,0.0,2.5,wave,4118,0,0,0.18552695483244294,True
15,11,42,0.0,0.0,2.5,wave,4039,0,0,0.19039366179747463,True
15,11,43,0.0,0.0,2.5,wave,5121,0,0,0.2868580355399336,True
15,11,44,0.0,0.0,2.5,wave,4632,0,0,0.25194300518134716,True
15,11,45,0.0,0.0,2.5,wave,4342,0,0,0.23376324274527868,True
15,11,46,0.0,0.0,2.5,wave,4155,0,0,0.2250300842358604,True
15,11,47,0.0,0.0,2.5,wave,4071,0,0,0.2247605011053795,True
15,11,48,0.0,0.0,2.5,wave,3990,0,0,0.22431077694235588,True
15,11,49,0.0,0.0,2.5,wave,3947,0,0,0.22599442614644033,True
15,11,50,0.0,0.0,2.5,wave,3896,0,0,0.22792607802874743,True
15,11,51,0.0,0.0,2.5,wave,3839,0,0,0.22896587653034645,True
15,11,52,0.0,0.0,2.5,wave,3798,0,0,0.23328067403896788,True
16,1,1,0.0,0.0,2.5,wave,2869,0,0,0.001742767514813524,True
16,1,2,0.0,0.0,2.5,wave,2818,0,0,0.0039034776437189495,True
16,1,3,0.0,0.0,2.5,wave,2752,0,0,0.005813953488372093,True
16,1,4,0.0,0.0,2.5,wave,2690,0,0,0.006691449814126394,True
16,1,5,0.0,0.0,2.5,wave,2632,0,0,0.010638297872340425,True
16,1,6,0.0,0.0,2.5,wave,2596,0,0,0.013482280431432974,True
16,1,7,0.0,0.0,2.5,wave,2553,0,0,0.01645123384253819,True
16,1,8,0.0,0.0,2.5,wave,2522,0,0,0.01823949246629659,True
16,1,9,0.0,0.0,2.5,wave,2487,0,0,0.022114997989545637,True
16,1,10,0.0,0.0,2.5,wave,2447,0,0,0.022476501838986515,True
16,1,11,0.0,0.0,2.5,wave,2418,0,0,0.02481389578163772,True
16,1,12,0.0,0.0,2.5,wave,2374,0,0,0.02737994945240101,True
16,1,13,0.0,0.0,2.5,wave,2337,0,0,0.02781343602909713,True
16,1,14,0.0,0.0,2.5,wave,2312,0,0,0.029844290657439446,True
16,1,15,0.0,0.0,2.5,wave,2278,0,0,0.031167690956979806,True
16,1,16,0.0,0.0,2.5,wave,2258,0,0,0.03454384410983171,True
16,1,17,0.0,0.0,2.5,wave,2229,0,0,0.03589053387169134,True
16,1,18,0.0,0.0,2.5,wave,6346,0,0,0.015285219035612984,True
16,1,19,0.0,0.0,2.5,wave,6220,0,0,0.017684887459807074,True
16,1,20,0.0,0.0,2.5,wave,6049,0,0,0.021656472144156058,True
16,1,21,0.0,0.0,2.5,wave,5917,0,0,0.02416765252661822,True
16,1,22,0.0,0.0,2.5,wave,5787,0,0,0.02522896146535338,True
16,1,23,0.0,0.0,2.5,wave,5641,0,0,0.026768303492288602,True
16,1,24,0.0,0.0,2.5,wave,5501,0,0,0.029449191056171605,True
16,1,25,0.0,0.0,2.5,wave,5357,0,0,0.031734179578122086,True
16,1,26,0.0,0.0,2.5,wave,5242,0,0,0.0331934376192293,True
16,1,27,0.0,0.0,2.5,wave,5137,0,0,0.03523457270780611,True
16,1,28,0.0,0.0,2.5,wave,5007,0,0,0.03874575594168165,True
16,1,29,0.0,0.0,2.5,wave,4777,0,0,0.04019258949131254,True
16,1,30,0.0,0.0,2.5,wave,4647,0,0,0.04217774908543146,True
16,1,31,0.0,0.0,2.5,wave,4561,0,0,0.04406928305196229,True
16,1,32,0.0,0.0,2.5,wave,4424,0,0,0.047242314647377937,True
16,1,33,0.0,0.0,2.5,wave,4336,0,0,0.048892988929889296,True
16,1,34,0.0,0.0,2.5,wave,4270,0,0,0.05081967213114754,True
16,1,35,0.0,0.0,2.5,wave,4182,0,0,0.05332376853180296,True
16,1,36,0.0,0.0,2.5,wave,4106,0,0,0.05625913297613249,True
16,1,37,0.0,0.0,2.5,wave,4023,0,0,0.05692269450658712,True
16,1,38,0.0,0.0,2.5,wave,3961,0,0,0.05806614491290078,True
16,1,39,0.0,0.0,2.5,wave,3906,0,0,0.06016385048643113,True
16,1,40,0.0,0.0,2.5,wave,3847,0,0,0.06238627501949571,True
16,1,41,0.0,0.0,2.5,wave,3777,0,0,0.06460153561027271,True
16,1,42,0.0,0.0,2.5,wave,3700,0,0,0.06756756756756757,True
16,1,43,0.0,0.0,2.5,wave,4014,0,0,0.11410064773293473,True
16,1,44,0.0,0.0,2.5,wave,3824,0,0,0.09701882845188285,True
16,1,45,0.0,0.0,2.5,wave,3729,0,0,0.09305443818718155,True
16,1,46,0.0,0.0,2.5,wave,3681,0,0,0.093452866069003,True
16,1,47,0.0,0.0,2.5,wave,3588,0,0,0.0947603121516165,True
16,1,48,0.0,0.0,2.5,wave,3526,0,0,0.0944412932501418,True
16,1,49,0.0,0.0,2.5,wave,3481,0,0,0.09480034472852629,True
16,1,50,0.0,0.0,2.5,wave,3434,0,0,0.09900990099009901,True
16,1,51,0.0,0.0,2.5,wave,3381,0,0,0.1002661934338953,True
16,1,52,0.0,0.0,2.5,wave,3350,0,0,0.10388059701492537,True
16,2,1,0.0,0.0,2.5,wave,3320,24,4,0.10692771084337349,False
16,2,2,0.0,0.0,2.5,wave,3264,28,9,0.10784313725490197,False
16,2,3,0.0,0.0,2.5,wave,3207,31,8,0.1100717181166199,False
16,2,4,0.0,0.0,2.5,wave,3172,30,11,0.11317780580075662,False
16,2,5,0.0,0.0,2.5,wave,3114,36,14,0.11624919717405266,False
16,2,6,0.0,0.0,2.5,wave,3064,38,12,0.11651436031331593,False
16,2,7,0.0,0.0,2.5,wave,3015,41,12,0.11840796019900497,False
16,2,8,0.0,0.0,2.5,wave,2970,34,11,0.12289562289562289,False
16,2,9,0.0,0.0,2.5,wave,2920,32,14,0.125,False
16,2,10,0.0,0.0,2.5,wave,2871,36,15,0.12399860675722744,False
16,2,11,0.0,0.0,2.5,wave,2830,36,15,0.12756183745583038,False
16,2,12,0.0,0.0,2.5,wave,2796,36,13,0.13054363376251787,False
16,2,13,0.0,0.0,2.5,wave,2754,25,11,0.13326071169208425,False
16,2,14,0.0,0.0,2.5,wave,2711,26,12,0.1350055330136481,False
16,2,15,0.0,0.0,2.5,wave,2665,23,7,0.13658536585365855,False
16,2,16,0.0,0.0,2.5,wave,2613,18,7,0.1385380788365863,False
16,2,17,0.0,0.0,2.5,wave,2585,19,7,0.14081237911025146,False
16,2,18,0.0,0.0,2.5,wave,4969,18,3,0.07385791909841015,False
16,2,19,0.0,0.0,2.5,wave,4870,18,7,0.07659137577002054,False
16,2,20,0.0,0.0,2.5,wave,4746,27,10,0.07880320269700801,False
16,2,21,0.0,0.0,2.5,wave,4637,27,6,0.08108690963985335,False
16,2,22,0.0,0.0,2.5,wave,4566,25,10,0.08409986859395532,False
16,2,23,0.0,0.0,2.5,wave,4472,35,14,0.08542039355992845,False
16,2,24,0.0,0.0,2.5,wave,4402,32,16,0.08973194002726034,False
16,2,25,0.0,0.0,2.5,wave,4302,44,14,0.0899581589958159,False
16,2,26,0.0,0.0,2.5,wave,4210,33,11,0.09311163895486936,False
16,2,27,0.0,0.0,2.5,wave,4133,39,10,0.09436244858456327,False
16,2,28,0.0,0.0,2.5,wave,4050,33,10,0.0962962962962963,False
16,2,29,0.0,0.0,2.5,wave,3990,35,14,0.09924812030075188,False
16,2,30,0.0,0.0,2.5,wave,3896,32,15,0.10241273100616016,False
16,2,31,0.0,0.0,2.5,wave,3834,39,14,0.10432968179447052,False
16,2,32,0.0,0.0,2.5,wave,3744,37,16,0.1063034188034188,False
16,2,33,0.0,0.0,2.5,wave,3669,37,16,0.10874897792313983,False
16,2,34,0.0,0.0,2.5,wave,3587,28,11,0.11179258433231112,False
16,2,35,0.0,0.0,2.5,wave,3485,24,11,0.11420373027259684,False
16,2,36,0.0,0.0,2.5,wave,3397,24,11,0.1177509567265234,False
16,2,37,0.0,0.0,2.5,wave,3329,25,7,0.11985581255632322,False
16,2,38,0.0,0.0,2.5,wave,3277,21,7,0.12297833384192859,False
16,2,39,0.0,0.0,2.5,wave,3242,24,6,0.12492288710672425,False
16,2,40,0.0,0.0,2.5,wave,3188,19,9,0.12766624843161856,False
16,2,41,0.0,0.0,2.5,wave,3155,22,15,0.12836767036450078,False
16,2,42,0.0,0.0,2.5,wave,3107,20,7,0.13002896684905052,False
16,2,43,0.0,0.0,2.5,wave,3424,15,4,0.19421728971962618,False
16,2,44,0.0,0.0,2.5,wave,3255,14,7,0.1726574500768049,False
16,2,45,0.0,0.0,2.5,wave,3170,13,6,0.16498422712933755,False
16,2,46,0.0,0.0,2.5,wave,3125,10,8,0.1632,False
16,2,47,0.0,0.0,2.5,wave,3080,14,6,0.16363636363636364,False
16,2,48,0.0,0.0,2.5,wave,3023,8,3,0.16341382732385049,False
16,2,49,0.0,0.0,2.5,wave,2989,11,5,0.16694546671127466,False
16,2,50,0.0,0.0,2.5,wave,2947,8,3,0.166610111978283,False
16,2,51,0.0,0.0,2.5,wave,2921,6,3,0.16946251283806915,False
16,2,52,0.0,0.0,2.5,wave,2875,6,3,0.17008695652173914,False
16,3,1,0.0,0.0,2.5,wave,2844,5,1,0.1719409282700422,False
16,3,2,0.0,0.0,2.5,wave,2802,4,3,0.17237687366167023,False
16,3,3,0.0,0.0,2.5,wave,2769,8,4,0.17659804983748645,False
16,3,4,0.0,0.0,2.5,wave,2736,5,1,0.17799707602339182,False
16,3,5,0.0,0.0,2.5,wave,2711,4,1,0.17890077462191073,False
16,3,6,0.0,0.0,2.5,wave,2685,4,4,0.18026070763500932,False
16,3,7,0.0,0.0,2.5,wave,2660,5,3,0.18458646616541352,False
16,3,8,0.0,0.0,2.5,wave,2635,2,1,0.18671726755218215,False
16,3,9,0.0,0.0,2.5,wave,2605,2,1,0.18579654510556623,False
16,3,10,0.0,0.0,2.5,wave,2573,1,1,0.18538670812281383,False
16,3,11,0.0,0.0,2.5,wave,2545,3,1,0.18821218074656187,False
16,3,12,0.0,0.0,2.5,wave,2514,2,1,0.19013524264120923,False
16,3,13,0.0,0.0,2.5,wave,2488,10,2,0.19413183279742766,False
16,3,14,0.0,0.0,2.5,wave,2459,10,1,0.1939812932086214,False
16,3,15,0.0,0.0,2.5,wave,2421,9,0,0.19743907476249484,False
16,3,16,0.0,0.0,2.5,wave,2389,9,2,0.1975722059439096,False
16,3,17,0.0,0.0,2.5,wave,2358,15,8,0.1967769296013571,False
16,3,18,0.0,0.0,2.5,wave,5316,18,9,0.08991723100075244,False
16,3,19,0.0,0.0,2.5,wave,5221,23,5,0.0919364106493009,False
16,3,20,0.0,0.0,2.5,wave,5129,27,3,0.09456034314681225,False
16,3,21,0.0,0.0,2.5,wave,4999,30,5,0.09601920384076815,False
16,3,22,0.0,0.0,2.5,wave,4905,40,13,0.09887869520897044,False
16,3,23,0.0,0.0,2.5,wave,4764,50,18,0.10222502099076407,False
16,3,24,0.0,0.0,2.5,wave,4640,51,18,0.10452586206896551,False
16,3,25,0.0,0.0,2.5,wave,4536,50,24,0.10824514991181658,False
16,3,26,0.0,0.0,2.5,wave,4410,53,20,0.11315192743764173,False
16,3,27,0.0,0.0,2.5,wave,4294,49,19,0.11667442943642292,False
16,3,28,0.0,0.0,2.5,wave,4185,49,23,0.11827956989247312,False
16,3,29,0.0,0.0,2.5,wave,4071,40,18,0.12208302628346844,False
16,3,30,0.0,0.0,2.5,wave,3922,30,14,0.12621111677715452,False
16,3,31,0.0,0.0,2.5,wave,3819,30,14,0.12909138517936633,False
16,3,32,0.0,0.0,2.5,wave,3740,32,14,0.12994652406417112,False
16,3,33,0.0,0.0,2.5,wave,3678,32,7,0.13376835236541598,False
16,3,34,0.0,0.0,2.5,wave,3610,28,6,0.13656509695290858,False
16,3,35,0.0,0.0,2.5,wave,3520,27,13,0.13721590909090908,False
16,3,36,0.0,0.0,2.5,wave,3450,29,12,0.14289855072463767,False
16,3,37,0.0,0.0,2.5,wave,3352,22,7,0.14528639618138425,False
16,3,38,0.0,0.0,2.5,wave,3322,26,10,0.1468994581577363,False
16,3,39,0.0,0.0,2.5,wave,3272,25,10,0.14822738386308068,False
16,3,40,0.0,0.0,2.5,wave,3220,23,8,0.1515527950310559,False
16,3,41,0.0,0.0,2.5,wave,3174,27,10,0.1528040327662256,False
16,3,42,0.0,0.0,2.5,wave,3131,31,10,0.15330565314595976,False
16,3,43,0.0,0.0,2.5,wave,3482,28,12,0.22745548535324525,False
16,3,44,0.0,0.0,2.5,wave,3292,28,12,0.2020048602673147,False
16,3,45,0.0,0.0,2.5,wave,3205,21,11,0.19500780031201248,False
16,3,46,0.0,0.0,2.5,wave,3139,18,11,0.19369225868110862,False
16,3,47,0.0,0.0,2.5,wave,3094,13,5,0.19618616677440207,False
16,3,48,0.0,0.0,2.5,wave,3050,8,3,0.19901639344262295,False
16,3,49,0.0,0.0,2.5,wave,3041,10,6,0.20223610654390003,False
16,3,50,0.0,0.0,2.5,wave,3031,10,4,0.20290333223358628,False
16,3,51,0.0,0.0,2.5,wave,2994,8,3,0.20607882431529725,False
16,3,52,0.0,0.0,2.5,wave,2960,10,4,0.2087837837837838,False
16,4,1,0.0,0.0,2.5,wave,2928,9,3,0.2103825136612022,False
16,4,2,0.0,0.0,2.5,wave,2886,8,2,0.21413721413721415,False
16,4,3,0.0,0.0,2.5,wave,2859,8,4,0.22140608604407136,False
16,4,4,0.0,0.0,2.5,wave,2811,7,5,0.22127356812522234,False
16,4,5,0.0,0.0,2.5,wave,2777,6,2,0.22722362261433202,False
16,4,6,0.0,0.0,2.5,wave,2746,4,1,0.22796795338674436,False
16,4,7,0.0,0.0,2.5,wave,2722,5,1,0.230712711241734,False
16,4,8,0.0,0.0,2.5,wave,2696,4,2,0.23182492581602374,False
16,4,9,0.0,0.0,2.5,wave,2668,4,3,0.23613193403298352,False
16,4,10,0.0,0.0,2.5,wave,2644,2,2,0.23789712556732223,False
16,4,11,0.0,0.0,2.5,wave,2600,1,1,0.23961538461538462,False
16,4,12,0.0,0.0,2.5,wave,2583,0,0,0.24274099883855982,False
16,4,13,0.0,0.0,2.5,wave,2547,0,0,0.24617196702002356,False
16,4,14,0.0,0.0,2.5,wave,2520,0,0,0.24801587301587302,False
16,4,15,0.0,0.0,2.5,wave,2495,0,0,0.24889779559118236,False
16,4,16,0.0,0.0,2.5,wave,2472,0,0,0.2524271844660194,False
16,4,17,0.0,0.0,2.5,wave,2445,0,0,0.2523517382413088,False
16,4,18,0.0,0.0,2.5,wave,5390,0,0,0.11484230055658627,True
16,4,19,0.0,0.0,2.5,wave,5287,0,0,0.11670134291658786,True
16,4,20,0.0,0.0,2.5,wave,5198,0,0,0.11946902654867257,True
16,4,21,0.0,0.0,2.5,wave,5077,0,0,0.12251329525310223,True
16,4,22,0.0,0.0,2.5,wave,4957,0,0,0.12588259027637685,True
16,4,23,0.0,0.0,2.5,wave,4854,0,0,0.1312319736299959,True
16,4,24,0.0,0.0,2.5,wave,4761,0,0,0.13253518168452005,True
16,4,25,0.0,0.0,2.5,wave,4670,0,0,0.13747323340471093,True
16,4,26,0.0,0.0,2.5,wave,4602,0,0,0.14167753150804,True
16,4,27,0.0,0.0,2.5,wave,4503,0,0,0.14434821230290917,True
16,4,28,0.0,0.0,2.5,wave,4402,0,0,0.1460699681962744,True
16,4,29,0.0,0.0,2.5,wave,4260,0,0,0.14859154929577464,True
16,4,30,0.0,0.0,2.5,wave,4160,0,0,0.15120192307692307,True
16,4,31,0.0,0.0,2.5,wave,4066,0,0,0.15543531726512544,True
16,4,32,0.0,0.0,2.5,wave,3982,0,0,0.15770969362129583,True
16,4,33,0.0,0.0,2.5,wave,3909,0,0,0.16091071885392683,True
16,4,34,0.0,0.0,2.5,wave,3834,0,0,0.16484089723526343,True
16,4,35,0.0,0.0,2.5,wave,3750,0,0,0.16666666666666666,True
16,4,36,0.0,0.0,2.5,wave,3707,0,0,0.16940922578904774,True
16,4,37,0.0,0.0,2.5,wave,3639,0,0,0.17175048090134654,True
16,4,38,0.0,0.0,2.5,wave,3578,0,0,0.17439910564561206,True
16,4,39,0.0,0.0,2.5,wave,3539,0,0,0.17716869172082508,True
16,4,40,0.0,0.0,2.5,wave,3493,0,0,0.1795018608645863,True
16,4,41,0.0,0.0,2.5,wave,3465,0,0,0.18354978354978355,True
16,4,42,0.0,0.0,2.5,wave,3432,0,0,0.18735431235431235,True
16,4,43,0.0,0.0,2.5,wave,3700,0,0,0.23027027027027028,True
16,4,44,0.0,0.0,2.5,wave,3529,0,0,0.2156418248795693,True
16,4,45,0.0,0.0,2.5,wave,3461,0,0,0.21294423577000868,True
16,4,46,0.0,0.0,2.5,wave,3415,0,0,0.2102489019033675,True
16,4,47,0.0,0.0,2.5,wave,3381,0,0,0.21591245193729666,True
16,4,48,0.0,0.0,2.5,wave,3330,0,0,0.21651651651651652,True
16,4,49,0.0,0.0,2.5,wave,3297,0,0,0.21929026387625114,True
16,4,50,0.0,0.0,2.5,wave,3262,0,0,0.22041692213366032,True
16,4,51,0.0,0.0,2.5,wave,3241,0,0,0.22431348349274915,True
16,4,52,0.0,0.0,2.5,wave,3214,0,0,0.22464219041692596,True
16,5,1,0.0,0.0,2.5,wave,3164,0,0,0.22756005056890014,True
16,5,2,0.0,0.0,2.5,wave,3131,0,0,0.23155541360587673,True
16,5,3,0.0,0.0,2.5,wave,3094,0,0,0.2365869424692954,True
16,5,4,0.0,0.0,2.5,wave,3049,0,0,0.2407346671039685,True
16,5,5,0.0,0.0,2.5,wave,3008,0,0,0.2393617021276596,True
16,5,6,0.0,0.0,2.5,wave,2984,0,0,0.24296246648793565,True
16,5,7,0.0,0.0,2.5,wave,2950,0,0,0.2447457627118644,True
16,5,8,0.0,0.0,2.5,wave,2904,0,0,0.24621212121212122,True
16,5,9,0.0,0.0,2.5,wave,2872,0,0,0.24756267409470753,True
16,5,10,0.0,0.0,2.5,wave,2835,0,0,0.24832451499118166,True
16,5,11,0.0,0.0,2.5,wave,2805,0,0,0.2520499108734403,True
16,5,12,0.0,0.0,2.5,wave,2780,0,0,0.25575539568345323,True
16,5,13,0.0,0.0,2.5,wave,2752,0,0,0.25872093023255816,True
16,5,14,0.0,0.0,2.5,wave,2727,0,0,0.2621928859552622,True
16,5,15,0.0,0.0,2.5,wave,2696,0,0,0.2637240356083086,True
16,5,16,0.0,0.0,2.5,wave,2669,0,0,0.267515923566879,True
16,5,17,0.0,0.0,2.5,wave,2636,0,0,0.26858877086494687,True
16,5,18,0.0,0.0,2.5,wave,5652,0,0,0.12579617834394904,True
16,5,19,0.0,0.0,2.5,wave,5580,0,0,0.12777777777777777,True
16,5,20,0.0,0.0,2.5,wave,5487,0,0,0.1310369965372699,True
16,5,21,0.0,0.0,2.5,wave,5347,0,0,0.13521600897699645,True
16,5,22,0.0,0.0,2.5,wave,5231,0,0,0.1380233225004779,True
16,5,23,0.0,0.0,2.5,wave,5088,0,0,0.14072327044025157,True
16,5,24,0.0,0.0,2.5,wave,4981,0,0,0.1445492872917085,True
16,5,25,0.0,0.0,2.5,wave,4870,0,0,0.14702258726899384,True
16,5,26,0.0,0.0,2.5,wave,4781,0,0,0.15038694833716795,True
16,5,27,0.0,0.0,2.5,wave,4696,0,0,0.15289608177172062,True
16,5,28,0.0,0.0,2.5,wave,4600,0,0,0.15347826086956523,True
16,5,29,0.0,0.0,2.5,wave,4534,0,0,0.15747684164093514,True
16,5,30,0.0,0.0,2.5,wave,4415,0,0,0.1592298980747452,True
16,5,31,0.0,0.0,2.5,wave,4316,0,0,0.16149212233549584,True
16,5,32,0.0,0.0,2.5,wave,4232,0,0,0.16469754253308128,True
16,5,33,0.0,0.0,2.5,wave,4141,0,0,0.16904129437333978,True
16,5,34,0.0,0.0,2.5,wave,4057,0,0,0.17451318708405225,True
16,5,35,0.0,0.0,2.5,wave,3977,0,0,0.1755091777721901,True
16,5,36,0.0,0.0,2.5,wave,3922,0,0,0.17950025497195307,True
16,5,37,0.0,0.0,2.5,wave,3860,0,0,0.18471502590673575,True
16,5,38,0.0,0.0,2.5,wave,3795,0,0,0.18708827404479578,True
16,5,39,0.0,0.0,2.5,wave,3750,0,0,0.18906666666666666,True
16,5,40,0.0,0.0,2.5,wave,3692,0,0,0.19041170097508126,True
16,5,41,0.0,0.0,2.5,wave,3637,0,0,0.1930162221611218,True
16,5,42,0.0,0.0,2.5,wave,3598,0,0,0.19399666481378544,True
16,5,43,0.0,0.0,2.5,wave,3939,0,0,0.244986037065245,True
16,5,44,0.0,0.0,2.5,wave,3748,0,0,0.22705442902881537,True
16,5,45,0.0,0.0,2.5,wave,3655,0,0,0.22571819425444598,True
16,5,46,0.0,0.0,2.5,wave,3611,0,0,0.22708391027416228,True
16,5,47,0.0,0.0,2.5,wave,3543,0,0,0.22551510019757268,True
16,5,48,0.0,0.0,2.5,wave,3491,0,0,0.22543683758235464,True
16,5,49,0.0,0.0,2.5,wave,3452,0,0,0.22711471610660486,True
16,5,50,0.0,0.0,2.5,wave,3403,0,0,0.2289156626506024,True
16,5,51,0.0,0.0,2.5,wave,3363,0,0,0.23163841807909605,True
16,5,52,0.0,0.0,2.5,wave,3326,0,0,0.2348165965123271,True
16,6,1,0.0,0.0,2.5,wave,3298,0,0,0.23650697392359005,True
16,6,2,0.0,0.0,2.5,wave,3260,0,0,0.2392638036809816,True
16,6,3,0.0,0.0,2.5,wave,3223,0,0,0.24045919950356812,True
16,6,4,0.0,0.0,2.5,wave,3187,0,0,0.24317540006275495,True
16,6,5,0.0,0.0,2.5,wave,3150,0,0,0.24476190476190476,True
16,6,6,0.0,0.0,2.5,wave,3117,0,0,0.24510747513634906,True
16,6,7,0.0,0.0,2.5,wave,3092,0,0,0.24838292367399742,True
16,6,8,0.0,0.0,2.5,wave,3045,0,0,0.24958949096880131,True
16,6,9,0.0,0.0,2.5,wave,3017,0,0,0.2509115014915479,True
16,6,10,0.0,0.0,2.5,wave,2974,0,0,0.24983187626092804,True
16,6,11,0.0,0.0,2.5,wave,2942,0,0,0.25356900067980964,True
16,6,12,0.0,0.0,2.5,wave,2893,0,0,0.2561354994815071,True
16,6,13,0.0,0.0,2.5,wave,2845,0,0,0.25729349736379614,True
16,6,14,0.0,0.0,2.5,wave,2819,0,0,0.2603760198652004,True
16,6,15,0.0,0.0,2.5,wave,2790,0,0,0.2630824372759857,True
16,6,16,0.0,0.0,2.5,wave,2759,0,0,0.2656759695541863,True
16,6,17,0.0,0.0,2.5,wave,2734,0,0,0.2670080468178493,True
16,6,18,0.0,0.0,2.5,wave,5925,0,0,0.12354430379746835,True
16,6,19,0.0,0.0,2.5,wave,5833,0,0,0.12755014572261272,True
16,6,20,0.0,0.0,2.5,wave,5682,0,0,0.13005983808518126,True
16,6,21,0.0,0.0,2.5,wave,5583,0,0,0.13290345692280137,True
16,6,22,0.0,0.0,2.5,wave,5469,0,0,0.13603949533735601,True
16,6,23,0.0,0.0,2.5,wave,5378,0,0,0.13852733358125696,True
16,6,24,0.0,0.0,2.5,wave,5314,0,0,0.14170116672939406,True
16,6,25,0.0,0.0,2.5,wave,5222,0,0,0.14438912294140177,True
16,6,26,0.0,0.0,2.5,wave,5134,0,0,0.14764316322555512,True
16,6,27,0.0,0.0,2.5,wave,5057,0,0,0.15008898556456396,True
16,6,28,0.0,0.0,2.5,wave,4946,0,0,0.1518398706025071,True
16,6,29,0.0,0.0,2.5,wave,4854,0,0,0.15554182117840956,True
16,6,30,0.0,0.0,2.5,wave,4755,0,0,0.1573080967402734,True
16,6,31,0.0,0.0,2.5,wave,4591,0,0,0.15769984752777172,True
16,6,32,0.0,0.0,2.5,wave,4505,0,0,0.1611542730299667,True
16,6,33,0.0,0.0,2.5,wave,4447,0,0,0.16460535192264447,True
16,6,34,0.0,0.0,2.5,wave,4365,0,0,0.1679266895761741,True
16,6,35,0.0,0.0,2.5,wave,4294,0,0,0.17047042384722869,True
16,6,36,0.0,0.0,2.5,wave,4227,0,0,0.17317246273953157,True
16,6,37,0.0,0.0,2.5,wave,4149,0,0,0.1759460110870089,True
16,6,38,0.0,0.0,2.5,wave,4111,0,0,0.17854536609097543,True
16,6,39,0.0,0.0,2.5,wave,4038,0,0,0.18053491827637444,True
16,6,40,0.0,0.0,2.5,wave,4008,0,0,0.18363273453093812,True
16,6,41,0.0,0.0,2.5,wave,3966,0,0,0.18835098335854766,True
16,6,42,0.0,0.0,2.5,wave,3904,0,0,0.18980532786885246,True
16,6,43,0.0,0.0,2.5,wave,4311,0,0,0.24402690790999768,True
16,6,44,0.0,0.0,2.5,wave,4116,0,0,0.2291059280855199,True
16,6,45,0.0,0.0,2.5,wave,3999,0,0,0.22230557639409854,True
16,6,46,0.0,0.0,2.5,wave,3914,0,0,0.22253449156872765,True
16,6,47,0.0,0.0,2.5,wave,3856,0,0,0.22147302904564314,True
16,6,48,0.0,0.0,2.5,wave,3795,0,0,0.22476943346508563,True
16,6,49,0.0,0.0,2.5,wave,3784,0,0,0.226215644820296,True
16,6,50,0.0,0.0,2.5,wave,3741,0,0,0.22801390002673083,True
16,6,51,0.0,0.0,2.5,wave,3719,0,0,0.232589405754235,True
16,6,52,0.0,0.0,2.5,wave,3677,0,0,0.23415828120750612,True
16,7,1,0.0,0.0,2.5,wave,3639,0,0,0.23907666941467437,True
16,7,2,0.0,0.0,2.5,wave,3607,0,0,0.24369281951760466,True
16,7,3,0.0,0.0,2.5,wave,3565,0,0,0.24516129032258063,True
16,7,4,0.0,0.0,2.5,wave,3524,0,0,0.24772985244040863,True
16,7,5,0.0,0.0,2.5,wave,3480,0,0,0.24913793103448276,True
16,7,6,0.0,0.0,2.5,wave,3445,0,0,0.251088534107402,True
16,7,7,0.0,0.0,2.5,wave,3414,0,0,0.2539543057996485,True
16,7,8,0.0,0.0,2.5,wave,3365,0,0,0.2564635958395245,True
16,7,9,0.0,0.0,2.5,wave,3327,0,0,0.25969341749323716,True
16,7,10,0.0,0.0,2.5,wave,3290,0,0,0.2620060790273556,True
16,7,11,0.0,0.0,2.5,wave,3247,0,0,0.2642439174622729,True
16,7,12,0.0,0.0,2.5,wave,3212,0,0,0.2658779576587796,True
16,7,13,0.0,0.0,2.5,wave,3177,0,0,0.26628895184135976,True
16,7,14,0.0,0.0,2.5,wave,3137,0,0,0.2680905323557539,True
16,7,15,0.0,0.0,2.5,wave,3102,0,0,0.27014829142488717,True
16,7,16,0.0,0.0,2.5,wave,3072,0,0,0.2731119791666667,True
16,7,17,0.0,0.0,2.5,wave,3036,0,0,0.274703557312253,True
16,7,18,0.0,0.0,2.5,wave,6727,0,0,0.1259105098855359,True
16,7,19,0.0,0.0,2.5,wave,6608,0,0,0.1292372881355932,True
16,7,20,0.0,0.0,2.5,wave,6458,0,0,0.13347785692164757,True
16,7,21,0.0,0.0,2.5,wave,6343,0,0,0.13652845656629356,True
16,7,22,0.0,0.0,2.5,wave,6219,0,0,0.14037626628075253,True
16,7,23,0.0,0.0,2.5,wave,6086,0,0,0.14229378902398948,True
16,7,24,0.0,0.0,2.5,wave,5900,0,0,0.14271186440677966,True
16,7,25,0.0,0.0,2.5,wave,5716,0,0,0.14643107067879635,True
16,7,26,0.0,0.0,2.5,wave,5551,0,0,0.14934246081787064,True
16,7,27,0.0,0.0,2.5,wave,5417,0,0,0.15285213217648144,True
16,7,28,0.0,0.0,2.5,wave,5295,0,0,0.15675165250236073,True
16,7,29,0.0,0.0,2.5,wave,5159,0,0,0.16069005621244428,True
16,7,30,0.0,0.0,2.5,wave,5016,0,0,0.16287878787878787,True
16,7,31,0.0,0.0,2.5,wave,4911,0,0,0.16697210344125432,True
16,7,32,0.0,0.0,2.5,wave,4828,0,0,0.16901408450704225,True
16,7,33,0.0,0.0,2.5,wave,4720,0,0,0.17266949152542374,True
16,7,34,0.0,0.0,2.5,wave,4639,0,0,0.17525328734641085,True
16,7,35,0.0,0.0,2.5,wave,4562,0,0,0.17689609820254273,True
16,7,36,0.0,0.0,2.5,wave,4468,0,0,0.18039391226499552,True
16,7,37,0.0,0.0,2.5,wave,4415,0,0,0.18278595696489242,True
16,7,38,0.0,0.0,2.5,wave,4331,0,0,0.1849457400138536,True
16,7,39,0.0,0.0,2.5,wave,4267,0,0,0.18795406608858684,True
16,7,40,0.0,0.0,2.5,wave,4224,0,0,0.1893939393939394,True
16,7,41,0.0,0.0,2.5,wave,4176,0,0,0.1925287356321839,True
16,7,42,0.0,0.0,2.5,wave,4115,0,0,0.19416767922235723,True
16,7,43,0.0,0.0,2.5,wave,4540,0,0,0.2447136563876652,True
16,7,44,0.0,0.0,2.5,wave,4303,0,0,0.22705089472461074,True
16,7,45,0.0,0.0,2.5,wave,4181,0,0,0.22315235589571872,True
16,7,46,0.0,0.0,2.5,wave,4089,0,0,0.2223037417461482,True
16,7,47,0.0,0.0,2.5,wave,4024,0,0,0.22365805168986083,True
16,7,48,0.0,0.0,2.5,wave,3972,0,0,0.22482376636455187,True
16,7,49,0.0,0.0,2.5,wave,3919,0,0,0.22786425108446032,True
16,7,50,0.0,0.0,2.5,wave,3877,0,0,0.22878514315192158,True
16,7,51,0.0,0.0,2.5,wave,3847,0,0,0.23316870288536523,True
16,7,52,0.0,0.0,2.5,wave,3796,0,0,0.23551106427818758,True
16,8,1,0.0,0.0,2.5,wave,3763,0,0,0.23731065639117727,True
16,8,2,0.0,0.0,2.5,wave,3712,0,0,0.23868534482758622,True
16,8,3,0.0,0.0,2.5,wave,3684,0,0,0.24131378935939196,True
16,8,4,0.0,0.0,2.5,wave,3642,0,0,0.2413509060955519,True
16,8,5,0.0,0.0,2.5,wave,3599,0,0,0.2414559599888858,True
16,8,6,0.0,0.0,2.5,wave,3557,0,0,0.24374472870396402,True
16,8,7,0.0,0.0,2.5,wave,3524,0,0,0.24659477866061294,True
16,8,8,0.0,0.0,2.5,wave,3489,0,0,0.24935511607910577,True
16,8,9,0.0,0.0,2.5,wave,3451,0,0,0.25325992465951896,True
16,8,10,0.0,0.0,2.5,wave,3415,0,0,0.25505124450951683,True
16,8,11,0.0,0.0,2.5,wave,3382,0,0,0.25842696629213485,True
16,8,12,0.0,0.0,2.5,wave,3351,0,0,0.25932557445538645,True
16,8,13,0.0,0.0,2.5,wave,3301,0,0,0.2620418055134808,True
16,8,14,0.0,0.0,2.5,wave,3276,0,0,0.26434676434676435,True
16,8,15,0.0,0.0,2.5,wave,3247,0,0,0.266399753618725,True
16,8,16,0.0,0.0,2.5,wave,3212,0,0,0.26899128268991285,True
16,8,17,0.0,0.0,2.5,wave,3172,0,0,0.2708070617906683,True
16,8,18,0.0,0.0,2.5,wave,6995,0,0,0.12237312365975697,True
16,8,19,0.0,0.0,2.5,wave,6897,0,0,0.12498187617804843,True
16,8,20,0.0,0.0,2.5,wave,6773,0,0,0.12771297800088588,True
16,8,21,0.0,0.0,2.5,wave,6647,0,0,0.13133744546411916,True
16,8,22,0.0,0.0,2.5,wave,6509,0,0,0.13427561837455831,True
16,8,23,0.0,0.0,2.5,wave,6400,0,0,0.13796875,True
16,8,24,0.0,0.0,2.5,wave,6274,0,0,0.14073956008925725,True
16,8,25,0.0,0.0,2.5,wave,6144,0,0,0.14420572916666666,True
16,8,26,0.0,0.0,2.5,wave,6045,0,0,0.14706368899917288,True
16,8,27,0.0,0.0,2.5,wave,5915,0,0,0.14978867286559594,True
16,8,28,0.0,0.0,2.5,wave,5782,0,0,0.15288827395364926,True
16,8,29,0.0,0.0,2.5,wave,5639,0,0,0.1567653839333215,True
16,8,30,0.0,0.0,2.5,wave,5510,0,0,0.15916515426497277,True
16,8,31,0.0,0.0,2.5,wave,5390,0,0,0.16178107606679035,True
16,8,32,0.0,0.0,2.5,wave,5287,0,0,0.1643654246264422,True
16,8,33,0.0,0.0,2.5,wave,5175,0,0,0.16830917874396134,True
16,8,34,0.0,0.0,2.5,wave,5067,0,0,0.17169923031379514,True
16,8,35,0.0,0.0,2.5,wave,4960,0,0,0.17399193548387096,True
16,8,36,0.0,0.0,2.5,wave,4870,0,0,0.17761806981519507,True
16,8,37,0.0,0.0,2.5,wave,4755,0,0,0.18170347003154574,True
16,8,38,0.0,0.0,2.5,wave,4689,0,0,0.18255491576029004,True
16,8,39,0.0,0.0,2.5,wave,4627,0,0,0.18413658958288306,True
16,8,40,0.0,0.0,2.5,wave,4580,0,0,0.18777292576419213,True
16,8,41,0.0,0.0,2.5,wave,4520,0,0,0.19048672566371683,True
16,8,42,0.0,0.0,2.5,wave,4454,0,0,0.19330938482263135,True
16,8,43,0.0,0.0,2.5,wave,4920,0,0,0.24491869918699186,True
16,8,44,0.0,0.0,2.5,wave,4677,0,0,0.2289929441949968,True
16,8,45,0.0,0.0,2.5,wave,4521,0,0,0.22472904224729043,True
16,8,46,0.0,0.0,2.5,wave,4415,0,0,0.2233295583238958,True
16,8,47,0.0,0.0,2.5,wave,4342,0,0,0.2254721326577614,True
16,8,48,0.0,0.0,2.5,wave,4299,0,0,0.22865782740172133,True
16,8,49,0.0,0.0,2.5,wave,4260,0,0,0.23098591549295774,True
16,8,50,0.0,0.0,2.5,wave,4214,0,0,0.23232083531086853,True
16,8,51,0.0,0.0,2.5,wave,4168,0,0,0.2348848368522073,True
16,8,52,0.0,0.0,2.5,wave,4122,0,0,0.23605046094129065,True
16,9,1,0.0,0.0,2.5,wave,4084,0,0,0.23849167482859943,True
16,9,2,0.0,0.0,2.5,wave,4045,0,0,0.2402966625463535,True
16,9,3,0.0,0.0,2.5,wave,4008,0,0,0.2435129740518962,True
16,9,4,0.0,0.0,2.5,wave,3965,0,0,0.24539722572509456,True
16,9,5,0.0,0.0,2.5,wave,3920,0,0,0.2479591836734694,True
16,9,6,0.0,0.0,2.5,wave,3884,0,0,0.24897013388259526,True
16,9,7,0.0,0.0,2.5,wave,3845,0,0,0.2517555266579974,True
16,9,8,0.0,0.0,2.5,wave,3809,0,0,0.2538724074560252,True
16,9,9,0.0,0.0,2.5,wave,3763,0,0,0.25644432633537073,True
16,9,10,0.0,0.0,2.5,wave,3740,0,0,0.2585561497326203,True
16,9,11,0.0,0.0,2.5,wave,3706,0,0,0.2611980572045332,True
16,9,12,0.0,0.0,2.5,wave,3674,0,0,0.2642896026129559,True
16,9,13,0.0,0.0,2.5,wave,3637,0,0,0.2661534231509486,True
16,9,14,0.0,0.0,2.5,wave,3587,0,0,0.26819068859771394,True
16,9,15,0.0,0.0,2.5,wave,3555,0,0,0.27032348804500705,True
16,9,16,0.0,0.0,2.5,wave,3518,0,0,0.27146105741898807,True
16,9,17,0.0,0.0,2.5,wave,3486,0,0,0.27452667814113596,True
16,9,18,0.0,0.0,2.5,wave,7319,0,0,0.11886869790955049,True
16,9,19,0.0,0.0,2.5,wave,7202,0,0,0.12093862815884476,True
16,9,20,0.0,0.0,2.5,wave,7049,0,0,0.12313803376365443,True
16,9,21,0.0,0.0,2.5,wave,6840,0,0,0.1283625730994152,True
16,9,22,0.0,0.0,2.5,wave,6605,0,0,0.13247539742619227,True
16,9,23,0.0,0.0,2.5,wave,6449,0,0,0.13754070398511398,True
16,9,24,0.0,0.0,2.5,wave,6324,0,0,0.13978494623655913,True
16,9,25,0.0,0.0,2.5,wave,6219,0,0,0.14214503939540118,True
16,9,26,0.0,0.0,2.5,wave,6095,0,0,0.14470877768662838,True
16,9,27,0.0,0.0,2.5,wave,5990,0,0,0.14724540901502503,True
16,9,28,0.0,0.0,2.5,wave,5874,0,0,0.15032345931222335,True
16,9,29,0.0,0.0,2.5,wave,5753,0,0,0.15418042760298975,True
16,9,30,0.0,0.0,2.5,wave,5643,0,0,0.15789473684210525,True
16,9,31,0.0,0.0,2.5,wave,5565,0,0,0.1610062893081761,True
16,9,32,0.0,0.0,2.5,wave,5473,0,0,0.16426091723003838,True
16,9,33,0.0,0.0,2.5,wave,5370,0,0,0.16499068901303537,True
16,9,34,0.0,0.0,2.5,wave,5283,0,0,0.16808631459398068,True
16,9,35,0.0,0.0,2.5,wave,5171,0,0,0.17095339392767356,True
16,9,36,0.0,0.0,2.5,wave,5041,0,0,0.171592937909145,True
16,9,37,0.0,0.0,2.5,wave,4952,0,0,0.17447495961227788,True
16,9,38,0.0,0.0,2.5,wave,4893,0,0,0.17657878602084612,True
16,9,39,0.0,0.0,2.5,wave,4817,0,0,0.17832675939381357,True
16,9,40,0.0,0.0,2.5,wave,4764,0,0,0.18073047858942065,True
16,9,41,0.0,0.0,2.5,wave,4679,0,0,0.18422739901688395,True
16,9,42,0.0,0.0,2.5,wave,4620,0,0,0.18701298701298702,True
16,9,43,0.0,0.0,2.5,wave,5095,0,0,0.24121687929342492,True
16,9,44,0.0,0.0,2.5,wave,4825,0,0,0.22569948186528496,True
16,9,45,0.0,0.0,2.5,wave,4644,0,0,0.21748492678725237,True
16,9,46,0.0,0.0,2.5,wave,4596,0,0,0.21627502175805047,True
16,9,47,0.0,0.0,2.5,wave,4531,0,0,0.21893621717060252,True
16,9,48,0.0,0.0,2.5,wave,4472,0,0,0.21891771019677997,True
16,9,49,0.0,0.0,2.5,wave,4417,0,0,0.22005886348200135,True
16,9,50,0.0,0.0,2.5,wave,4385,0,0,0.22234891676168758,True
16,9,51,0.0,0.0,2.5,wave,4330,0,0,0.22494226327944572,True
16,9,52,0.0,0.0,2.5,wave,4293,0,0,0.2259492196599115,True
16,10,1,0.0,0.0,2.5,wave,4267,0,0,0.22873213030232012,True
16,10,2,0.0,0.0,2.5,wave,4218,0,0,0.23162636320531058,True
16,10,3,0.0,0.0,2.5,wave,4169,0,0,0.23506836171743822,True
16,10,4,0.0,0.0,2.5,wave,4115,0,0,0.2391251518833536,True
16,10,5,0.0,0.0,2.5,wave,4061,0,0,0.241319871952721,True
16,10,6,0.0,0.0,2.5,wave,4028,0,0,0.24255213505461767,True
16,10,7,0.0,0.0,2.5,wave,3977,0,0,0.24465677646467188,True
16,10,8,0.0,0.0,2.5,wave,3945,0,0,0.24562737642585553,True
16,10,9,0.0,0.0,2.5,wave,3906,0,0,0.24859190988223245,True
16,10,10,0.0,0.0,2.5,wave,3865,0,0,0.2517464424320828,True
16,10,11,0.0,0.0,2.5,wave,3814,0,0,0.2527530152071316,True
16,10,12,0.0,0.0,2.5,wave,3775,0,0,0.2548344370860927,True
16,10,13,0.0,0.0,2.5,wave,3736,0,0,0.25829764453961457,True
16,10,14,0.0,0.0,2.5,wave,3706,0,0,0.25930922827846736,True
16,10,15,0.0,0.0,2.5,wave,3674,0,0,0.2607512248230811,True
16,10,16,0.0,0.0,2.5,wave,3632,0,0,0.2621145374449339,True
16,10,17,0.0,0.0,2.5,wave,3590,0,0,0.2654596100278552,True
16,10,18,0.0,0.0,2.5,wave,7764,0,0,0.11772282328696548,True
16,10,19,0.0,0.0,2.5,wave,7620,0,0,0.12007874015748031,True
16,10,20,0.0,0.0,2.5,wave,7463,0,0,0.12474876055205682,True
16,10,21,0.0,0.0,2.5,wave,7326,0,0,0.12776412776412777,True
16,10,22,0.0,0.0,2.5,wave,7169,0,0,0.13098061096387223,True
16,10,23,0.0,0.0,2.5,wave,7052,0,0,0.1335791264889393,True
16,10,24,0.0,0.0,2.5,wave,6931,0,0,0.1366325205598038,True
16,10,25,0.0,0.0,2.5,wave,6783,0,0,0.13917145805690698,True
16,10,26,0.0,0.0,2.5,wave,6651,0,0,0.14268531047962713,True
16,10,27,0.0,0.0,2.5,wave,6519,0,0,0.14649486117502686,True
16,10,28,0.0,0.0,2.5,wave,6405,0,0,0.14972677595628414,True
16,10,29,0.0,0.0,2.5,wave,6245,0,0,0.15436349079263412,True
16,10,30,0.0,0.0,2.5,wave,6111,0,0,0.1588937980690558,True
16,10,31,0.0,0.0,2.5,wave,6019,0,0,0.16231932214653597,True
16,10,32,0.0,0.0,2.5,wave,5914,0,0,0.16486303686168413,True
16,10,33,0.0,0.0,2.5,wave,5810,0,0,0.16729776247848538,True
16,10,34,0.0,0.0,2.5,wave,5716,0,0,0.16952414275717284,True
16,10,35,0.0,0.0,2.5,wave,5609,0,0,0.17418434658584417,True
16,10,36,0.0,0.0,2.5,wave,5525,0,0,0.17665158371040723,True
16,10,37,0.0,0.0,2.5,wave,5414,0,0,0.180458071666051,True
16,10,38,0.0,0.0,2.5,wave,5357,0,0,0.18293821168564495,True
16,10,39,0.0,0.0,2.5,wave,5279,0,0,0.18507293047925744,True
16,10,40,0.0,0.0,2.5,wave,5213,0,0,0.1879915595626319,True
16,10,41,0.0,0.0,2.5,wave,5156,0,0,0.19006982156710628,True
16,10,42,0.0,0.0,2.5,wave,5066,0,0,0.19245953414923017,True
16,10,43,0.0,0.0,2.5,wave,5503,0,0,0.24295838633472652,True
16,10,44,0.0,0.0,2.5,wave,5234,0,0,0.22850592281238058,True
16,10,45,0.0,0.0,2.5,wave,5089,0,0,0.22361957162507368,True
16,10,46,0.0,0.0,2.5,wave,4997,0,0,0.22333400040024015,True
16,10,47,0.0,0.0,2.5,wave,4921,0,0,0.2257671205039626,True
16,10,48,0.0,0.0,2.5,wave,4876,0,0,0.22846595570139458,True
16,10,49,0.0,0.0,2.5,wave,4833,0,0,0.2313262983654045,True
16,10,50,0.0,0.0,2.5,wave,4803,0,0,0.23589423277118468,True
16,10,51,0.0,0.0,2.5,wave,4740,0,0,0.23565400843881856,True
16,10,52,0.0,0.0,2.5,wave,4691,0,0,0.23811554039650396,True
16,11,1,0.0,0.0,2.5,wave,4640,0,0,0.2420258620689655,True
16,11,2,0.0,0.0,2.5,wave,4581,0,0,0.24405151713599652,True
16,11,3,0.0,0.0,2.5,wave,4526,0,0,0.24635439681838267,True
16,11,4,0.0,0.0,2.5,wave,4481,0,0,0.24771256415978576,True
16,11,5,0.0,0.0,2.5,wave,4431,0,0,0.24960505529225907,True
16,11,6,0.0,0.0,2.5,wave,4374,0,0,0.25080018289894834,True
16,11,7,0.0,0.0,2.5,wave,4335,0,0,0.25351787773933104,True
16,11,8,0.0,0.0,2.5,wave,4297,0,0,0.25575983244123807,True
16,11,9,0.0,0.0,2.5,wave,4254,0,0,0.25787494123178184,True
16,11,10,0.0,0.0,2.5,wave,4201,0,0,0.2627945727207808,True
16,11,11,0.0,0.0,2.5,wave,4161,0,0,0.26652247055996153,True
16,11,12,0.0,0.0,2.5,wave,4108,0,0,0.2699610516066212,True
16,11,13,0.0,0.0,2.5,wave,4053,0,0,0.2716506291635825,True
16,11,14,0.0,0.0,2.5,wave,4002,0,0,0.2723638180909545,True
16,11,15,0.0,0.0,2.5,wave,3949,0,0,0.275512788047607,True
16,11,16,0.0,0.0,2.5,wave,3919,0,0,0.2760908394998724,True
16,11,17,0.0,0.0,2.5,wave,3874,0,0,0.2780072276716572,True
16,11,18,0.0,0.0,2.5,wave,8419,0,0,0.12222354198835966,True
16,11,19,0.0,0.0,2.5,wave,8286,0,0,0.12490948587979725,True
16,11,20,0.0,0.0,2.5,wave,8125,0,0,0.12873846153846155,True
16,11,21,0.0,0.0,2.5,wave,7986,0,0,0.1319809666917105,True
16,11,22,0.0,0.0,2.5,wave,7825,0,0,0.13469648562300318,True
16,11,23,0.0,0.0,2.5,wave,7677,0,0,0.13794450957405235,True
16,11,24,0.0,0.0,2.5,wave,7519,0,0,0.14044420800638382,True
16,11,25,0.0,0.0,2.5,wave,7369,0,0,0.1442529515538065,True
16,11,26,0.0,0.0,2.5,wave,7245,0,0,0.14658385093167703,True
16,11,27,0.0,0.0,2.5,wave,7120,0,0,0.15084269662921349,True
16,11,28,0.0,0.0,2.5,wave,7003,0,0,0.15421962016278737,True
16,11,29,0.0,0.0,2.5,wave,6878,0,0,0.1571677813317825,True
16,11,30,0.0,0.0,2.5,wave,6733,0,0,0.15995841378286055,True
16,11,31,0.0,0.0,2.5,wave,6602,0,0,0.1629809148742805,True
16,11,32,0.0,0.0,2.5,wave,6499,0,0,0.1654100630866287,True
16,11,33,0.0,0.0,2.5,wave,6373,0,0,0.1696218421465558,True
16,11,34,0.0,0.0,2.5,wave,6240,0,0,0.1733974358974359,True
16,11,35,0.0,0.0,2.5,wave,6054,0,0,0.17789890981169476,True
16,11,36,0.0,0.0,2.5,wave,5923,0,0,0.18217119702853285,True
16,11,37,0.0,0.0,2.5,wave,5826,0,0,0.18503261242705116,True
16,11,38,0.0,0.0,2.5,wave,5757,0,0,0.1872503039777662,True
16,11,39,0.0,0.0,2.5,wave,5690,0,0,0.18963093145869947,True
16,11,40,0.0,0.0,2.5,wave,5594,0,0,0.18984626385412942,True
16,11,41,0.0,0.0,2.5,wave,5524,0,0,0.19243301955104997,True
16,11,42,0.0,0.0,2.5,wave,5467,0,0,0.19608560453630877,True
16,11,43,0.0,0.0,2.5,wave,5970,0,0,0.25008375209380235,True
16,11,44,0.0,0.0,2.5,wave,5672,0,0,0.23712976022566995,True
16,11,45,0.0,0.0,2.5,wave,5516,0,0,0.23168963016678754,True
16,11,46,0.0,0.0,2.5,wave,5410,0,0,0.23105360443622922,True
16,11,47,0.0,0.0,2.5,wave,5321,0,0,0.2334147716594625,True
16,11,48,0.0,0.0,2.5,wave,5279,0,0,0.23621898086758855,True
16,11,49,0.0,0.0,2.5,wave,5221,0,0,0.2380769967439188,True
16,11,50,0.0,0.0,2.5,wave,5155,0,0,0.24112512124151309,True
16,11,51,0.0,0.0,2.5,wave,5105,0,0,0.2427032321253673,True
16,11,52,0.0,0.0,2.5,wave,5054,0,0,0.24396517609814009,True
17,1,1,0.0,0.0,2.5,wave,2777,0,0,0.0014404033129276198,True
17,1,2,0.0,0.0,2.5,wave,2755,0,0,0.005081669691470054,True
17,1,3,0.0,0.0,2.5,wave,2696,0,0,0.006305637982195846,True
17,1,4,0.0,0.0,2.5,wave,2645,0,0,0.01058601134215501,True
17,1,5,0.0,0.0,2.5,wave,2591,0,0,0.010806638363566191,True
17,1,6,0.0,0.0,2.5,wave,2546,0,0,0.014139827179890024,True
17,1,7,0.0,0.0,2.5,wave,2488,0,0,0.01607717041800643,True
17,1,8,0.0,0.0,2.5,wave,2445,0,0,0.0196319018404908,True
17,1,9,0.0,0.0,2.5,wave,2385,0,0,0.021383647798742137,True
17,1,10,0.0,0.0,2.5,wave,2339,0,0,0.02436938862761864,True
17,1,11,0.0,0.0,2.5,wave,2283,0,0,0.026719229084537888,True
17,1,12,0.0,0.0,2.5,wave,2260,0,0,0.031415929203539826,True
17,1,13,0.0,0.0,2.5,wave,2207,0,0,0.03307657453556864,True
17,1,14,0.0,0.0,2.5,wave,2171,0,0,0.03454629203132197,True
17,1,15,0.0,0.0,2.5,wave,2121,0,0,0.03536067892503536,True
17,1,16,0.0,0.0,2.5,wave,2103,0,0,0.03566333808844508,True
17,1,17,0.0,0.0,2.5,wave,2084,0,0,0.03550863723608445,True
17,1,18,0.0,0.0,2.5,wave,5917,0,0,0.014196383302349163,True
17,1,19,0.0,0.0,2.5,wave,5775,0,0,0.015238095238095238,True
17,1,20,0.0,0.0,2.5,wave,5653,0,0,0.01768972227136034,True
17,1,21,0.0,0.0,2.5,wave,5521,0,0,0.020829559862343777,True
17,1,22,0.0,0.0,2.5,wave,5412,0,0,0.023096821877309683,True
17,1,23,0.0,0.0,2.5,wave,5305,0,0,0.02525918944392083,True
17,1,24,0.0,0.0,2.5,wave,5167,0,0,0.026901490226437005,True
17,1,25,0.0,0.0,2.5,wave,5078,0,0,0.027963765261914138,True
17,1,26,0.0,0.0,2.5,wave,4937,0,0,0.029775167105529673,True
17,1,27,0.0,0.0,2.5,wave,4858,0,0,0.03087690407575134,True
17,1,28,0.0,0.0,2.5,wave,4774,0,0,0.032677000418935905,True
17,1,29,0.0,0.0,2.5,wave,4672,0,0,0.03574486301369863,True
17,1,30,0.0,0.0,2.5,wave,4558,0,0,0.03751645458534445,True
17,1,31,0.0,0.0,2.5,wave,4450,0,0,0.03977528089887641,True
17,1,32,0.0,0.0,2.5,wave,4327,0,0,0.042292581465218394,True
17,1,33,0.0,0.0,2.5,wave,4232,0,0,0.04489603024574669,True
17,1,34,0.0,0.0,2.5,wave,4158,0,0,0.0481000481000481,True
17,1,35,0.0,0.0,2.5,wave,4075,0,0,0.0498159509202454,True
17,1,36,0.0,0.0,2.5,wave,3989,0,0,0.052143394334419654,True
17,1,37,0.0,0.0,2.5,wave,3905,0,0,0.05505761843790013,True
17,1,38,0.0,0.0,2.5,wave,3854,0,0,0.057602490918526206,True
17,1,39,0.0,0.0,2.5,wave,3777,0,0,0.05904156738151972,True
17,1,40,0.0,0.0,2.5,wave,3733,0,0,0.06321993035092419,True
17,1,41,0.0,0.0,2.5,wave,3679,0,0,0.066322370209296,True
17,1,42,0.0,0.0,2.5,wave,3628,0,0,0.06945975744211687,True
17,1,43,0.0,0.0,2.5,wave,3778,0,0,0.09740603493912123,True
17,1,44,0.0,0.0,2.5,wave,3678,0,0,0.09325720500271886,True
17,1,45,0.0,0.0,2.5,wave,3619,0,0,0.09588284056369163,True
17,1,46,0.0,0.0,2.5,wave,3564,0,0,0.09567901234567901,True
17,1,47,0.0,0.0,2.5,wave,3518,0,0,0.09579306424104606,True
17,1,48,0.0,0.0,2.5,wave,3472,0,0,0.09936635944700462,True
17,1,49,0.0,0.0,2.5,wave,3429,0,0,0.10177894429862934,True
17,1,50,0.0,0.0,2.5,wave,3378,0,0,0.10272350503256365,True
17,1,51,0.0,0.0,2.5,wave,3330,0,0,0.10510510510510511,True
17,1,52,0.0,0.0,2.5,wave,3301,0,0,0.10845198424719782,True
17,2,1,0.0,0.0,2.5,wave,3245,33,9,0.11063174114021572,False
17,2,2,0.0,0.0,2.5,wave,3169,45,16,0.11107604922688545,False
17,2,3,0.0,0.0,2.5,wave,3111,40,16,0.11218257794921248,False
17,2,4,0.0,0.0,2.5,wave,3069,36,15,0.11469534050179211,False
17,2,5,0.0,0.0,2.5,wave,3022,34,14,0.11813368630046327,False
17,2,6,0.0,0.0,2.5,wave,2976,42,11,0.11794354838709678,False
17,2,7,0.0,0.0,2.5,wave,2914,34,14,0.11942347288949898,False
17,2,8,0.0,0.0,2.5,wave,2875,44,16,0.1231304347826087,False
17,2,9,0.0,0.0,2.5,wave,2833,38,14,0.12530885986586657,False
17,2,10,0.0,0.0,2.5,wave,2783,39,17,0.1279195113187208,False
17,2,11,0.0,0.0,2.5,wave,2725,36,13,0.1306422018348624,False
17,2,12,0.0,0.0,2.5,wave,2679,36,13,0.1347517730496454,False
17,2,13,0.0,0.0,2.5,wave,2632,38,15,0.1371580547112462,False
17,2,14,0.0,0.0,2.5,wave,2598,35,15,0.1401077752117013,False
17,2,15,0.0,0.0,2.5,wave,2552,36,16,0.14341692789968652,False
17,2,16,0.0,0.0,2.5,wave,2507,39,14,0.14718787395293179,False
17,2,17,0.0,0.0,2.5,wave,2470,37,9,0.14979757085020243,False
17,2,18,0.0,0.0,2.5,wave,4839,40,9,0.07749535027898326,False
17,2,19,0.0,0.0,2.5,wave,4773,51,13,0.0798240100565682,False
17,2,20,0.0,0.0,2.5,wave,4660,59,18,0.08240343347639485,False
17,2,21,0.0,0.0,2.5,wave,4493,60,29,0.08524371244157579,False
17,2,22,0.0,0.0,2.5,wave,4408,64,27,0.08779491833030853,False
17,2,23,0.0,0.0,2.5,wave,4288,49,15,0.09048507462686567,False
17,2,24,0.0,0.0,2.5,wave,4203,49,18,0.09326671425172496,False
17,2,25,0.0,0.0,2.5,wave,4114,49,22,0.09747204666990764,False
17,2,26,0.0,0.0,2.5,wave,4044,48,18,0.10138476755687438,False
17,2,27,0.0,0.0,2.5,wave,3967,42,14,0.10284850012603983,False
17,2,28,0.0,0.0,2.5,wave,3892,44,18,0.10560123329907503,False
17,2,29,0.0,0.0,2.5,wave,3812,42,18,0.10624344176285415,False
17,2,30,0.0,0.0,2.5,wave,3737,37,13,0.10917848541610918,False
17,2,31,0.0,0.0,2.5,wave,3673,41,9,0.11135311734277158,False
17,2,32,0.0,0.0,2.5,wave,3607,43,10,0.11283615192680899,False
17,2,33,0.0,0.0,2.5,wave,3550,45,16,0.1152112676056338,False
17,2,34,0.0,0.0,2.5,wave,3498,41,21,0.11749571183533447,False
17,2,35,0.0,0.0,2.5,wave,3434,42,22,0.11939429237041352,False
17,2,36,0.0,0.0,2.5,wave,3325,39,14,0.12330827067669173,False
17,2,37,0.0,0.0,2.5,wave,3253,34,10,0.12388564402090378,False
17,2,38,0.0,0.0,2.5,wave,3200,40,12,0.1259375,False
17,2,39,0.0,0.0,2.5,wave,3157,36,15,0.12828634779854292,False
17,2,40,0.0,0.0,2.5,wave,3118,34,21,0.13213598460551634,False
17,2,41,0.0,0.0,2.5,wave,3070,30,16,0.13680781758957655,False
17,2,42,0.0,0.0,2.5,wave,3036,21,8,0.13932806324110672,False
17,2,43,0.0,0.0,2.5,wave,3254,21,9,0.18223724646588813,False
17,2,44,0.0,0.0,2.5,wave,3112,18,10,0.17030848329048842,False
17,2,45,0.0,0.0,2.5,wave,3056,13,7,0.16753926701570682,False
17,2,46,0.0,0.0,2.5,wave,3010,9,5,0.17043189368770764,False
17,2,47,0.0,0.0,2.5,wave,2970,7,5,0.17138047138047138,False
17,2,48,0.0,0.0,2.5,wave,2932,13,3,0.17019099590723055,False
17,2,49,0.0,0.0,2.5,wave,2899,12,3,0.1738530527768196,False
17,2,50,0.0,0.0,2.5,wave,2847,14,3,0.17386722866174922,False
17,2,51,0.0,0.0,2.5,wave,2813,13,3,0.1770351937433345,False
17,2,52,0.0,0.0,2.5,wave,2785,12,5,0.1813285457809695,False
17,3,1,0.0,0.0,2.5,wave,2748,12,7,0.18377001455604075,False
17,3,2,0.0,0.0,2.5,wave,2718,17,7,0.1872700515084621,False
17,3,3,0.0,0.0,2.5,wave,2675,16,6,0.18878504672897195,False
17,3,4,0.0,0.0,2.5,wave,2644,15,5,0.19251134644478063,False
17,3,5,0.0,0.0,2.5,wave,2606,14,5,0.19339984650805833,False
17,3,6,0.0,0.0,2.5,wave,2574,15,6,0.19541569541569542,False
17,3,7,0.0,0.0,2.5,wave,2543,11,7,0.19661816751867872,False
17,3,8,0.0,0.0,2.5,wave,2518,10,6,0.2005559968228753,False
17,3,9,0.0,0.0,2.5,wave,2489,6,3,0.20008035355564482,False
17,3,10,0.0,0.0,2.5,wave,2465,6,2,0.2028397565922921,False
17,3,11,0.0,0.0,2.5,wave,2427,6,1,0.20519159456118666,False
17,3,12,0.0,0.0,2.5,wave,2402,5,1,0.20691090757701916,False
17,3,13,0.0,0.0,2.5,wave,2376,8,2,0.2079124579124579,False
17,3,14,0.0,0.0,2.5,wave,2358,8,3,0.2107718405428329,False
17,3,15,0.0,0.0,2.5,wave,2326,9,4,0.20851246775580395,False
17,3,16,0.0,0.0,2.5,wave,2297,11,5,0.21158032215933828,False
17,3,17,0.0,0.0,2.5,wave,2264,13,4,0.21289752650176677,False
17,3,18,0.0,0.0,2.5,wave,5046,11,3,0.09552120491478398,False
17,3,19,0.0,0.0,2.5,wave,4953,13,4,0.09731475873208156,False
17,3,20,0.0,0.0,2.5,wave,4851,15,4,0.09936095650381364,False
17,3,21,0.0,0.0,2.5,wave,4724,17,5,0.10393734123624047,False
17,3,22,0.0,0.0,2.5,wave,4598,18,6,0.10700304480208786,False
17,3,23,0.0,0.0,2.5,wave,4494,22,5,0.10925678682688028,False
17,3,24,0.0,0.0,2.5,wave,4392,22,7,0.11224954462659381,False
17,3,25,0.0,0.0,2.5,wave,4301,25,9,0.1169495466170658,False
17,3,26,0.0,0.0,2.5,wave,4205,23,5,0.12033293697978596,False
17,3,27,0.0,0.0,2.5,wave,4110,26,6,0.12360097323600973,False
17,3,28,0.0,0.0,2.5,wave,4015,25,9,0.12727272727272726,False
17,3,29,0.0,0.0,2.5,wave,3919,23,8,0.13064557285021688,False
17,3,30,0.0,0.0,2.5,wave,3840,19,8,0.13125,False
17,3,31,0.0,0.0,2.5,wave,3763,17,10,0.1334041987775711,False
17,3,32,0.0,0.0,2.5,wave,3697,16,7,0.1352447930754666,False
17,3,33,0.0,0.0,2.5,wave,3633,16,8,0.13872832369942195,False
17,3,34,0.0,0.0,2.5,wave,3558,22,7,0.1405283867341203,False
17,3,35,0.0,0.0,2.5,wave,3470,18,5,0.1435158501440922,False
17,3,36,0.0,0.0,2.5,wave,3388,22,8,0.14669421487603307,False
17,3,37,0.0,0.0,2.5,wave,3321,18,7,0.14844926227040048,False
17,3,38,0.0,0.0,2.5,wave,3279,17,12,0.1521805428484294,False
17,3,39,0.0,0.0,2.5,wave,3222,16,11,0.15456238361266295,False
17,3,40,0.0,0.0,2.5,wave,3171,10,3,0.1586250394197414,False
17,3,41,0.0,0.0,2.5,wave,3130,7,2,0.1623003194888179,False
17,3,42,0.0,0.0,2.5,wave,3103,14,4,0.16532388011601676,False
17,3,43,0.0,0.0,2.5,wave,3407,14,4,0.21690636923980042,False
17,3,44,0.0,0.0,2.5,wave,3256,12,4,0.19748157248157247,False
17,3,45,0.0,0.0,2.5,wave,3172,10,5,0.1932534678436318,False
17,3,46,0.0,0.0,2.5,wave,3119,11,5,0.19204873356845142,False
17,3,47,0.0,0.0,2.5,wave,3072,8,5,0.19498697916666666,False
17,3,48,0.0,0.0,2.5,wave,3030,10,5,0.19504950495049506,False
17,3,49,0.0,0.0,2.5,wave,3001,9,2,0.19926691102965677,False
17,3,50,0.0,0.0,2.5,wave,2974,7,3,0.2027572293207801,False
17,3,51,0.0,0.0,2.5,wave,2927,6,3,0.2036214554151008,False
17,3,52,0.0,0.0,2.5,wave,2895,4,0,0.20725388601036268,False
17,4,1,0.0,0.0,2.5,wave,2846,4,2,0.21047083626141955,False
17,4,2,0.0,0.0,2.5,wave,2810,4,3,0.21423487544483985,False
17,4,3,0.0,0.0,2.5,wave,2769,1,1,0.21812928855182376,False
17,4,4,0.0,0.0,2.5,wave,2726,2,1,0.22010271460014674,False
17,4,5,0.0,0.0,2.5,wave,2701,1,0,0.2228804146612366,False
17,4,6,0.0,0.0,2.5,wave,2663,1,0,0.22568531731130304,False
17,4,7,0.0,0.0,2.5,wave,2633,1,1,0.2255981769844284,False
17,4,8,0.0,0.0,2.5,wave,2597,4,1,0.22603003465537158,False
17,4,9,0.0,0.0,2.5,wave,2572,3,0,0.22744945567651634,False
17,4,10,0.0,0.0,2.5,wave,2549,3,0,0.23067869752844253,False
17,4,11,0.0,0.0,2.5,wave,2524,3,2,0.23256735340729,False
17,4,12,0.0,0.0,2.5,wave,2501,8,3,0.23470611755297882,False
17,4,13,0.0,0.0,2.5,wave,2454,10,1,0.23838630806845965,False
17,4,14,0.0,0.0,2.5,wave,2426,9,4,0.23866446826051113,False
17,4,15,0.0,0.0,2.5,wave,2388,12,6,0.23911222780569513,False
17,4,16,0.0,0.0,2.5,wave,2360,13,3,0.24025423728813558,False
17,4,17,0.0,0.0,2.5,wave,2336,14,3,0.2405821917808219,False
17,4,18,0.0,0.0,2.5,wave,4988,14,5,0.113672814755413,False
17,4,19,0.0,0.0,2.5,wave,4879,25,6,0.11559745849559336,False
17,4,20,0.0,0.0,2.5,wave,4781,27,7,0.11922192010039741,False
17,4,21,0.0,0.0,2.5,wave,4684,28,9,0.12233134073441503,False
17,4,22,0.0,0.0,2.5,wave,4573,29,14,0.12595670238355566,False
17,4,23,0.0,0.0,2.5,wave,4483,31,13,0.12915458398393934,False
17,4,24,0.0,0.0,2.5,wave,4380,27,11,0.13150684931506848,False
17,4,25,0.0,0.0,2.5,wave,4254,29,12,0.13634226610249178,False
17,4,26,0.0,0.0,2.5,wave,4144,30,16,0.13923745173745175,False
17,4,27,0.0,0.0,2.5,wave,4007,29,13,0.14125280758672323,False
17,4,28,0.0,0.0,2.5,wave,3904,26,7,0.14728483606557377,False
17,4,29,0.0,0.0,2.5,wave,3825,30,6,0.14928104575163398,False
17,4,30,0.0,0.0,2.5,wave,3744,30,10,0.1527777777777778,False
17,4,31,0.0,0.0,2.5,wave,3655,35,20,0.15567715458276335,False
17,4,32,0.0,0.0,2.5,wave,3580,35,16,0.15726256983240222,False
17,4,33,0.0,0.0,2.5,wave,3494,28,9,0.16027475672581568,False
17,4,34,0.0,0.0,2.5,wave,3419,26,12,0.1646680315881837,False
17,4,35,0.0,0.0,2.5,wave,3315,27,11,0.167420814479638,False
17,4,36,0.0,0.0,2.5,wave,3239,23,11,0.1701142327878975,False
17,4,37,0.0,0.0,2.5,wave,3179,23,10,0.174268637936458,False
17,4,38,0.0,0.0,2.5,wave,3128,21,7,0.17615089514066495,False
17,4,39,0.0,0.0,2.5,wave,3090,20,11,0.17766990291262136,False
17,4,40,0.0,0.0,2.5,wave,3044,18,6,0.18199737187910645,False
17,4,41,0.0,0.0,2.5,wave,3013,16,7,0.18552937271822104,False
17,4,42,0.0,0.0,2.5,wave,2977,17,8,0.18878065166274774,False
17,4,43,0.0,0.0,2.5,wave,3361,13,3,0.2487354953882773,False
17,4,44,0.0,0.0,2.5,wave,3209,11,7,0.23465253973200373,False
17,4,45,0.0,0.0,2.5,wave,3099,12,8,0.22684737011939335,False
17,4,46,0.0,0.0,2.5,wave,3022,6,4,0.2217074784910655,False
17,4,47,0.0,0.0,2.5,wave,2956,4,3,0.22056833558863329,False
17,4,48,0.0,0.0,2.5,wave,2906,2,1,0.22229869236063318,False
17,4,49,0.0,0.0,2.5,wave,2888,1,1,0.22541551246537397,False
17,4,50,0.0,0.0,2.5,wave,2865,2,1,0.2268760907504363,False
17,4,51,0.0,0.0,2.5,wave,2828,1,0,0.22984441301272984,False
17,4,52,0.0,0.0,2.5,wave,2795,1,0,0.2339892665474061,False
17,5,1,0.0,0.0,2.5,wave,2756,1,0,0.23548621190130625,False
17,5,2,0.0,0.0,2.5,wave,2731,1,0,0.23654339069937752,False
17,5,3,0.0,0.0,2.5,wave,2700,1,1,0.23777777777777778,False
17,5,4,0.0,0.0,2.5,wave,2675,2,1,0.24149532710280375,False
17,5,5,0.0,0.0,2.5,wave,2630,1,0,0.23992395437262357,False
17,5,6,0.0,0.0,2.5,wave,2583,1,1,0.2415795586527294,False
17,5,7,0.0,0.0,2.5,wave,2554,2,1,0.24119028974158183,False
17,5,8,0.0,0.0,2.5,wave,2525,1,0,0.24396039603960396,False
17,5,9,0.0,0.0,2.5,wave,2498,1,0,0.2465972778222578,False
17,5,10,0.0,0.0,2.5,wave,2470,1,1,0.25020242914979757,False
17,5,11,0.0,0.0,2.5,wave,2436,2,1,0.24917898193760263,False
17,5,12,0.0,0.0,2.5,wave,2391,1,0,0.25052279381012127,False
17,5,13,0.0,0.0,2.5,wave,2370,1,0,0.2510548523206751,False
17,5,14,0.0,0.0,2.5,wave,2340,1,0,0.252991452991453,False
17,5,15,0.0,0.0,2.5,wave,2313,1,1,0.2529182879377432,False
17,5,16,0.0,0.0,2.5,wave,2288,1,1,0.2561188811188811,False
17,5,17,0.0,0.0,2.5,wave,2271,0,0,0.25891677675033026,True
17,5,18,0.0,0.0,2.5,wave,4922,0,0,0.12108898821617228,True
17,5,19,0.0,0.0,2.5,wave,4836,0,0,0.12324234904880066,True
17,5,20,0.0,0.0,2.5,wave,4734,0,0,0.12526404731727925,True
17,5,21,0.0,0.0,2.5,wave,4625,0,0,0.1282162162162162,True
17,5,22,0.0,0.0,2.5,wave,4525,0,0,0.1301657458563536,True
17,5,23,0.0,0.0,2.5,wave,4420,0,0,0.1332579185520362,True
17,5,24,0.0,0.0,2.5,wave,4325,0,0,0.1359537572254335,True
17,5,25,0.0,0.0,2.5,wave,4230,0,0,0.13853427895981088,True
17,5,26,0.0,0.0,2.5,wave,4127,0,0,0.1398110007269203,True
17,5,27,0.0,0.0,2.5,wave,4063,0,0,0.14225941422594143,True
17,5,28,0.0,0.0,2.5,wave,3962,0,0,0.1453811206461383,True
17,5,29,0.0,0.0,2.5,wave,3891,0,0,0.14957594448727835,True
17,5,30,0.0,0.0,2.5,wave,3804,0,0,0.15273396424815983,True
17,5,31,0.0,0.0,2.5,wave,3717,0,0,0.15577078288942695,True
17,5,32,0.0,0.0,2.5,wave,3634,0,0,0.15960374243258119,True
17,5,33,0.0,0.0,2.5,wave,3551,0,0,0.1633342720360462,True
17,5,34,0.0,0.0,2.5,wave,3494,0,0,0.1648540354894104,True
17,5,35,0.0,0.0,2.5,wave,3432,0,0,0.16695804195804195,True
17,5,36,0.0,0.0,2.5,wave,3358,0,0,0.1703394877903514,True
17,5,37,0.0,0.0,2.5,wave,3271,0,0,0.17456435340874352,True
17,5,38,0.0,0.0,2.5,wave,3229,0,0,0.17652524001238773,True
17,5,39,0.0,0.0,2.5,wave,3193,0,0,0.1797682430316317,True
17,5,40,0.0,0.0,2.5,wave,3148,0,0,0.1826556543837357,True
17,5,41,0.0,0.0,2.5,wave,3115,0,0,0.1852327447833066,True
17,5,42,0.0,0.0,2.5,wave,3071,0,0,0.18788668186258548,True
17,5,43,0.0,0.0,2.5,wave,3448,0,0,0.24651972157772623,True
17,5,44,0.0,0.0,2.5,wave,3230,0,0,0.2235294117647059,True
17,5,45,0.0,0.0,2.5,wave,3152,0,0,0.21859137055837563,True
17,5,46,0.0,0.0,2.5,wave,3087,0,0,0.21833495302883058,True
17,5,47,0.0,0.0,2.5,wave,3056,0,0,0.21793193717277487,True
17,5,48,0.0,0.0,2.5,wave,3010,0,0,0.2186046511627907,True
17,5,49,0.0,0.0,2.5,wave,2974,0,0,0.2219233355749832,True
17,5,50,0.0,0.0,2.5,wave,2946,0,0,0.225050916496945,True
17,5,51,0.0,0.0,2.5,wave,2911,0,0,0.22569563723806252,True
17,5,52,0.0,0.0,2.5,wave,2882,0,0,0.22935461485079806,True
17,6,1,0.0,0.0,2.5,wave,2846,0,0,0.23190442726633873,True
17,6,2,0.0,0.0,2.5,wave,2812,0,0,0.23293029871977242,True
17,6,3,0.0,0.0,2.5,wave,2771,0,0,0.23132443161313604,True
17,6,4,0.0,0.0,2.5,wave,2735,0,0,0.2340036563071298,True
17,6,5,0.0,0.0,2.5,wave,2697,0,0,0.23507601038190581,True
17,6,6,0.0,0.0,2.5,wave,2662,0,0,0.2396694214876033,True
17,6,7,0.0,0.0,2.5,wave,2638,0,0,0.24071266110689918,True
17,6,8,0.0,0.0,2.5,wave,2609,0,0,0.24223840551935608,True
17,6,9,0.0,0.0,2.5,wave,2584,0,0,0.24187306501547987,True
17,6,10,0.0,0.0,2.5,wave,2545,0,0,0.24597249508840865,True
17,6,11,0.0,0.0,2.5,wave,2523,0,0,0.24811732065001982,True
17,6,12,0.0,0.0,2.5,wave,2483,0,0,0.24929520741039066,True
17,6,13,0.0,0.0,2.5,wave,2463,0,0,0.2501015022330491,True
17,6,14,0.0,0.0,2.5,wave,2432,0,0,0.25411184210526316,True
17,6,15,0.0,0.0,2.5,wave,2406,0,0,0.25394846217788863,True
17,6,16,0.0,0.0,2.5,wave,2371,0,0,0.25558835934204976,True
17,6,17,0.0,0.0,2.5,wave,2357,0,0,0.2592278319898176,True
17,6,18,0.0,0.0,2.5,wave,4950,0,0,0.12383838383838384,True
17,6,19,0.0,0.0,2.5,wave,4880,0,0,0.12704918032786885,True
17,6,20,0.0,0.0,2.5,wave,4759,0,0,0.13111998318974574,True
17,6,21,0.0,0.0,2.5,wave,4666,0,0,0.13416202314616374,True
17,6,22,0.0,0.0,2.5,wave,4548,0,0,0.1374230430958663,True
17,6,23,0.0,0.0,2.5,wave,4484,0,0,0.13983050847457626,True
17,6,24,0.0,0.0,2.5,wave,4387,0,0,0.1422384317301117,True
17,6,25,0.0,0.0,2.5,wave,4329,0,0,0.14391314391314391,True
17,6,26,0.0,0.0,2.5,wave,4240,0,0,0.14764150943396226,True
17,6,27,0.0,0.0,2.5,wave,4154,0,0,0.14997592681752528,True
17,6,28,0.0,0.0,2.5,wave,4014,0,0,0.1532137518684604,True
17,6,29,0.0,0.0,2.5,wave,3964,0,0,0.15539858728557013,True
17,6,30,0.0,0.0,2.5,wave,3912,0,0,0.15874233128834356,True
17,6,31,0.0,0.0,2.5,wave,3844,0,0,0.1607700312174818,True
17,6,32,0.0,0.0,2.5,wave,3762,0,0,0.1629452418926103,True
17,6,33,0.0,0.0,2.5,wave,3694,0,0,0.16513264753654575,True
17,6,34,0.0,0.0,2.5,wave,3610,0,0,0.1698060941828255,True
17,6,35,0.0,0.0,2.5,wave,3555,0,0,0.17355836849507736,True
17,6,36,0.0,0.0,2.5,wave,3463,0,0,0.1778804504764655,True
17,6,37,0.0,0.0,2.5,wave,3412,0,0,0.1802461899179367,True
17,6,38,0.0,0.0,2.5,wave,3358,0,0,0.18374032162001191,True
17,6,39,0.0,0.0,2.5,wave,3328,0,0,0.18419471153846154,True
17,6,40,0.0,0.0,2.5,wave,3277,0,0,0.1873664937442783,True
17,6,41,0.0,0.0,2.5,wave,3255,0,0,0.18955453149001536,True
17,6,42,0.0,0.0,2.5,wave,3208,0,0,0.19170822942643392,True
17,6,43,0.0,0.0,2.5,wave,3664,0,0,0.24344978165938866,True
17,6,44,0.0,0.0,2.5,wave,3453,0,0,0.22675933970460468,True
17,6,45,0.0,0.0,2.5,wave,3347,0,0,0.21780699133552436,True
17,6,46,0.0,0.0,2.5,wave,3260,0,0,0.21441717791411044,True
17,6,47,0.0,0.0,2.5,wave,3237,0,0,0.21408711770157554,True
17,6,48,0.0,0.0,2.5,wave,3167,0,0,0.21502999684243765,True
17,6,49,0.0,0.0,2.5,wave,3138,0,0,0.21669853409815168,True
17,6,50,0.0,0.0,2.5,wave,3081,0,0,0.21908471275559882,True
17,6,51,0.0,0.0,2.5,wave,3065,0,0,0.2231647634584013,True
17,6,52,0.0,0.0,2.5,wave,2998,0,0,0.22781854569713142,True
17,7,1,0.0,0.0,2.5,wave,2977,0,0,0.22841787033926772,True
17,7,2,0.0,0.0,2.5,wave,2940,0,0,0.23129251700680273,True
17,7,3,0.0,0.0,2.5,wave,2912,0,0,0.23214285714285715,True
17,7,4,0.0,0.0,2.5,wave,2873,0,0,0.23807866341802994,True
17,7,5,0.0,0.0,2.5,wave,2840,0,0,0.2380281690140845,True
17,7,6,0.0,0.0,2.5,wave,2809,0,0,0.24172303310786758,True
17,7,7,0.0,0.0,2.5,wave,2779,0,0,0.24181360201511334,True
17,7,8,0.0,0.0,2.5,wave,2741,0,0,0.2462604888726742,True
17,7,9,0.0,0.0,2.5,wave,2717,0,0,0.24622745675377256,True
17,7,10,0.0,0.0,2.5,wave,2659,0,0,0.24708537044001505,True
17,7,11,0.0,0.0,2.5,wave,2649,0,0,0.24877312193280482,True
17,7,12,0.0,0.0,2.5,wave,2602,0,0,0.25172943889315913,True
17,7,13,0.0,0.0,2.5,wave,2574,0,0,0.25369075369075367,True
17,7,14,0.0,0.0,2.5,wave,2539,0,0,0.2544308782985427,True
17,7,15,0.0,0.0,2.5,wave,2526,0,0,0.25534441805225655,True
17,7,16,0.0,0.0,2.5,wave,2491,0,0,0.25933360096346847,True
17,7,17,0.0,0.0,2.5,wave,2474,0,0,0.26071139854486663,True
17,7,18,0.0,0.0,2.5,wave,5301,0,0,0.12242973023957744,True
17,7,19,0.0,0.0,2.5,wave,5247,0,0,0.12407089765580331,True
17,7,20,0.0,0.0,2.5,wave,5092,0,0,0.12824037706205813,True
17,7,21,0.0,0.0,2.5,wave,4992,0,0,0.12880608974358973,True
17,7,22,0.0,0.0,2.5,wave,4858,0,0,0.13297653355290243,True
17,7,23,0.0,0.0,2.5,wave,4759,0,0,0.13553267493170834,True
17,7,24,0.0,0.0,2.5,wave,4653,0,0,0.13754566946056307,True
17,7,25,0.0,0.0,2.5,wave,4561,0,0,0.14053935540451656,True
17,7,26,0.0,0.0,2.5,wave,4443,0,0,0.1429214494710781,True
17,7,27,0.0,0.0,2.5,wave,4354,0,0,0.14515388148828665,True
17,7,28,0.0,0.0,2.5,wave,4249,0,0,0.14850553071310896,True
17,7,29,0.0,0.0,2.5,wave,4187,0,0,0.15070456173871508,True
17,7,30,0.0,0.0,2.5,wave,4131,0,0,0.15371580731057854,True
17,7,31,0.0,0.0,2.5,wave,4029,0,0,0.1558699429138744,True
17,7,32,0.0,0.0,2.5,wave,3935,0,0,0.1593392630241423,True
17,7,33,0.0,0.0,2.5,wave,3869,0,0,0.16128198500904625,True
17,7,34,0.0,0.0,2.5,wave,3803,0,0,0.16486983960031554,True
17,7,35,0.0,0.0,2.5,wave,3736,0,0,0.1667558886509636,True
17,7,36,0.0,0.0,2.5,wave,3673,0,0,0.1696161176150286,True
17,7,37,0.0,0.0,2.5,wave,3598,0,0,0.17287381878821567,True
17,7,38,0.0,0.0,2.5,wave,3548,0,0,0.17531003382187146,True
17,7,39,0.0,0.0,2.5,wave,3498,0,0,0.17695826186392224,True
17,7,40,0.0,0.0,2.5,wave,3456,0,0,0.18200231481481483,True
17,7,41,0.0,0.0,2.5,wave,3417,0,0,0.18349429323968394,True
17,7,42,0.0,0.0,2.5,wave,3393,0,0,0.1856763925729443,True
17,7,43,0.0,0.0,2.5,wave,3890,0,0,0.25398457583547557,True
17,7,44,0.0,0.0,2.5,wave,3639,0,0,0.23440505633415773,True
17,7,45,0.0,0.0,2.5,wave,3542,0,0,0.22473178994918125,True
17,7,46,0.0,0.0,2.5,wave,3477,0,0,0.22289329882082254,True
17,7,47,0.0,0.0,2.5,wave,3420,0,0,0.22280701754385965,True
17,7,48,0.0,0.0,2.5,wave,3373,0,0,0.2244292914319597,True
17,7,49,0.0,0.0,2.5,wave,3330,0,0,0.22702702702702704,True
17,7,50,0.0,0.0,2.5,wave,3297,0,0,0.2283894449499545,True
17,7,51,0.0,0.0,2.5,wave,3241,0,0,0.23110151187904968,True
17,7,52,0.0,0.0,2.5,wave,3193,0,0,0.23175696836830567,True
17,8,1,0.0,0.0,2.5,wave,3159,0,0,0.23330167774612218,True
17,8,2,0.0,0.0,2.5,wave,3133,0,0,0.23396105968720077,True
17,8,3,0.0,0.0,2.5,wave,3096,0,0,0.23578811369509045,True
17,8,4,0.0,0.0,2.5,wave,3056,0,0,0.23658376963350786,True
17,8,5,0.0,0.0,2.5,wave,3021,0,0,0.24064879179079776,True
17,8,6,0.0,0.0,2.5,wave,2980,0,0,0.2412751677852349,True
17,8,7,0.0,0.0,2.5,wave,2947,0,0,0.24465558194774348,True
17,8,8,0.0,0.0,2.5,wave,2913,0,0,0.24785444558874012,True
17,8,9,0.0,0.0,2.5,wave,2888,0,0,0.2513850415512465,True
17,8,10,0.0,0.0,2.5,wave,2860,0,0,0.25384615384615383,True
17,8,11,0.0,0.0,2.5,wave,2826,0,0,0.25831564048124556,True
17,8,12,0.0,0.0,2.5,wave,2781,0,0,0.26033800791082345,True
17,8,13,0.0,0.0,2.5,wave,2751,0,0,0.2635405307161032,True
17,8,14,0.0,0.0,2.5,wave,2723,0,0,0.2644142489900845,True
17,8,15,0.0,0.0,2.5,wave,2701,0,0,0.26730840429470565,True
17,8,16,0.0,0.0,2.5,wave,2674,0,0,0.2700074794315632,True
17,8,17,0.0,0.0,2.5,wave,2647,0,0,0.27162825840574234,True
17,8,18,0.0,0.0,2.5,wave,5654,0,0,0.1280509373894588,True
17,8,19,0.0,0.0,2.5,wave,5563,0,0,0.1296063275211217,True
17,8,20,0.0,0.0,2.5,wave,5482,0,0,0.1315213425757023,True
17,8,21,0.0,0.0,2.5,wave,5391,0,0,0.13503988128362085,True
17,8,22,0.0,0.0,2.5,wave,5299,0,0,0.13795055670881298,True
17,8,23,0.0,0.0,2.5,wave,5193,0,0,0.1405738494126709,True
17,8,24,0.0,0.0,2.5,wave,5092,0,0,0.14355852317360565,True
17,8,25,0.0,0.0,2.5,wave,5007,0,0,0.14539644497703216,True
17,8,26,0.0,0.0,2.5,wave,4885,0,0,0.14984646878198568,True
17,8,27,0.0,0.0,2.5,wave,4765,0,0,0.15362014690451206,True
17,8,28,0.0,0.0,2.5,wave,4704,0,0,0.15710034013605442,True
17,8,29,0.0,0.0,2.5,wave,4622,0,0,0.16205106014712245,True
17,8,30,0.0,0.0,2.5,wave,4533,0,0,0.16523273770130156,True
17,8,31,0.0,0.0,2.5,wave,4447,0,0,0.16775354171351473,True
17,8,32,0.0,0.0,2.5,wave,4378,0,0,0.16948378254910917,True
17,8,33,0.0,0.0,2.5,wave,4311,0,0,0.1730456970540478,True
17,8,34,0.0,0.0,2.5,wave,4243,0,0,0.17464058449210465,True
17,8,35,0.0,0.0,2.5,wave,4172,0,0,0.1797698945349952,True
17,8,36,0.0,0.0,2.5,wave,4105,0,0,0.18294762484774665,True
17,8,37,0.0,0.0,2.5,wave,4028,0,0,0.18694141012909632,True
17,8,38,0.0,0.0,2.5,wave,3975,0,0,0.1909433962264151,True
17,8,39,0.0,0.0,2.5,wave,3934,0,0,0.19318759532282664,True
17,8,40,0.0,0.0,2.5,wave,3882,0,0,0.19680577022153528,True
17,8,41,0.0,0.0,2.5,wave,3824,0,0,0.19769874476987448,True
17,8,42,0.0,0.0,2.5,wave,3791,0,0,0.20232128725929835,True
17,8,43,0.0,0.0,2.5,wave,4273,0,0,0.26257898432014976,True
17,8,44,0.0,0.0,2.5,wave,4060,0,0,0.24704433497536946,True
17,8,45,0.0,0.0,2.5,wave,3945,0,0,0.23802281368821293,True
17,8,46,0.0,0.0,2.5,wave,3886,0,0,0.2377766340710242,True
17,8,47,0.0,0.0,2.5,wave,3845,0,0,0.23927178153446033,True
17,8,48,0.0,0.0,2.5,wave,3776,0,0,0.23702330508474576,True
17,8,49,0.0,0.0,2.5,wave,3723,0,0,0.2401289282836422,True
17,8,50,0.0,0.0,2.5,wave,3654,0,0,0.23973727422003285,True
17,8,51,0.0,0.0,2.5,wave,3613,0,0,0.24218101300858014,True
17,8,52,0.0,0.0,2.5,wave,3544,0,0,0.24125282167042889,True
17,9,1,0.0,0.0,2.5,wave,3504,0,0,0.2437214611872146,True
17,9,2,0.0,0.0,2.5,wave,3460,0,0,0.24393063583815028,True
17,9,3,0.0,0.0,2.5,wave,3421,0,0,0.24700380005846242,True
17,9,4,0.0,0.0,2.5,wave,3380,0,0,0.25,True
17,9,5,0.0,0.0,2.5,wave,3339,0,0,0.25127283617849655,True
17,9,6,0.0,0.0,2.5,wave,3312,0,0,0.2551328502415459,True
17,9,7,0.0,0.0,2.5,wave,3283,0,0,0.255863539445629,True
17,9,8,0.0,0.0,2.5,wave,3255,0,0,0.2589861751152074,True
17,9,9,0.0,0.0,2.5,wave,3233,0,0,0.2607485307763687,True
17,9,10,0.0,0.0,2.5,wave,3200,0,0,0.264375,True
17,9,11,0.0,0.0,2.5,wave,3162,0,0,0.2656546489563567,True
17,9,12,0.0,0.0,2.5,wave,3121,0,0,0.26850368471643704,True
17,9,13,0.0,0.0,2.5,wave,3093,0,0,0.27028774652440996,True
17,9,14,0.0,0.0,2.5,wave,3060,0,0,0.2699346405228758,True
17,9,15,0.0,0.0,2.5,wave,3029,0,0,0.2723671178606801,True
17,9,16,0.0,0.0,2.5,wave,3006,0,0,0.2737857618097139,True
17,9,17,0.0,0.0,2.5,wave,2979,0,0,0.2762672037596509,True
17,9,18,0.0,0.0,2.5,wave,6180,0,0,0.12475728155339806,True
17,9,19,0.0,0.0,2.5,wave,6057,0,0,0.12861152385669472,True
17,9,20,0.0,0.0,2.5,wave,5945,0,0,0.13170731707317074,True
17,9,21,0.0,0.0,2.5,wave,5846,0,0,0.13547724940130004,True
17,9,22,0.0,0.0,2.5,wave,5749,0,0,0.13845886241085406,True
17,9,23,0.0,0.0,2.5,wave,5665,0,0,0.1415710503089144,True
17,9,24,0.0,0.0,2.5,wave,5540,0,0,0.14548736462093864,True
17,9,25,0.0,0.0,2.5,wave,5444,0,0,0.14897134459955916,True
17,9,26,0.0,0.0,2.5,wave,5317,0,0,0.15140116607109272,True
17,9,27,0.0,0.0,2.5,wave,5217,0,0,0.15449492045236726,True
17,9,28,0.0,0.0,2.5,wave,5103,0,0,0.157554379776602,True
17,9,29,0.0,0.0,2.5,wave,5023,0,0,0.16066095958590484,True
17,9,30,0.0,0.0,2.5,wave,4942,0,0,0.1632942128692837,True
17,9,31,0.0,0.0,2.5,wave,4893,0,0,0.16636010627426936,True
17,9,32,0.0,0.0,2.5,wave,4792,0,0,0.1686143572621035,True
17,9,33,0.0,0.0,2.5,wave,4717,0,0,0.1719313122747509,True
17,9,34,0.0,0.0,2.5,wave,4633,0,0,0.17440103604575868,True
17,9,35,0.0,0.0,2.5,wave,4571,0,0,0.17632903084664187,True
17,9,36,0.0,0.0,2.5,wave,4499,0,0,0.17870637919537674,True
17,9,37,0.0,0.0,2.5,wave,4422,0,0,0.1824966078697422,True
17,9,38,0.0,0.0,2.5,wave,4366,0,0,0.18529546495648191,True
17,9,39,0.0,0.0,2.5,wave,4296,0,0,0.188780260707635,True
17,9,40,0.0,0.0,2.5,wave,4242,0,0,0.1918906176331919,True
17,9,41,0.0,0.0,2.5,wave,4178,0,0,0.19411201531833414,True
17,9,42,0.0,0.0,2.5,wave,4129,0,0,0.19762654395737467,True
17,9,43,0.0,0.0,2.5,wave,4680,0,0,0.2587606837606838,True
17,9,44,0.0,0.0,2.5,wave,4438,0,0,0.238395673726904,True
17,9,45,0.0,0.0,2.5,wave,4302,0,0,0.23547187354718735,True
17,9,46,0.0,0.0,2.5,wave,4223,0,0,0.23490409661378167,True
17,9,47,0.0,0.0,2.5,wave,4168,0,0,0.23344529750479848,True
17,9,48,0.0,0.0,2.5,wave,4125,0,0,0.23442424242424242,True
17,9,49,0.0,0.0,2.5,wave,4075,0,0,0.23558282208588957,True
17,9,50,0.0,0.0,2.5,wave,4023,0,0,0.2351478995774298,True
17,9,51,0.0,0.0,2.5,wave,3977,0,0,0.2378677395021373,True
17,9,52,0.0,0.0,2.5,wave,3935,0,0,0.24015247776365947,True
17,10,1,0.0,0.0,2.5,wave,3899,0,0,0.24211336240061554,True
17,10,2,0.0,0.0,2.5,wave,3864,0,0,0.24508281573498966,True
17,10,3,0.0,0.0,2.5,wave,3814,0,0,0.24567383324593603,True
17,10,4,0.0,0.0,2.5,wave,3776,0,0,0.2489406779661017,True
17,10,5,0.0,0.0,2.5,wave,3751,0,0,0.25219941348973607,True
17,10,6,0.0,0.0,2.5,wave,3707,0,0,0.2546533585109253,True
17,10,7,0.0,0.0,2.5,wave,3679,0,0,0.2590377820059799,True
17,10,8,0.0,0.0,2.5,wave,3632,0,0,0.26183920704845814,True
17,10,9,0.0,0.0,2.5,wave,3607,0,0,0.2642084835042972,True
17,10,10,0.0,0.0,2.5,wave,3579,0,0,0.2671137189158983,True
17,10,11,0.0,0.0,2.5,wave,3555,0,0,0.2708860759493671,True
17,10,12,0.0,0.0,2.5,wave,3514,0,0,0.27376209447922595,True
17,10,13,0.0,0.0,2.5,wave,3483,0,0,0.27648578811369506,True
17,10,14,0.0,0.0,2.5,wave,3466,0,0,0.27928447778418924,True
17,10,15,0.0,0.0,2.5,wave,3433,0,0,0.2825517040489368,True
17,10,16,0.0,0.0,2.5,wave,3404,0,0,0.28584018801410105,True
17,10,17,0.0,0.0,2.5,wave,3370,0,0,0.286053412462908,True
17,10,18,0.0,0.0,2.5,wave,7159,0,0,0.13046514876379384,True
17,10,19,0.0,0.0,2.5,wave,7013,0,0,0.13303864252103237,True
17,10,20,0.0,0.0,2.5,wave,6858,0,0,0.1373578302712161,True
17,10,21,0.0,0.0,2.5,wave,6725,0,0,0.140817843866171,True
17,10,22,0.0,0.0,2.5,wave,6613,0,0,0.1442613034931196,True
17,10,23,0.0,0.0,2.5,wave,6470,0,0,0.1472952086553323,True
17,10,24,0.0,0.0,2.5,wave,6363,0,0,0.14992927864214992,True
17,10,25,0.0,0.0,2.5,wave,6242,0,0,0.15379685998077539,True
17,10,26,0.0,0.0,2.5,wave,6110,0,0,0.1564648117839607,True
17,10,27,0.0,0.0,2.5,wave,5992,0,0,0.15837783711615488,True
17,10,28,0.0,0.0,2.5,wave,5861,0,0,0.161576522777683,True
17,10,29,0.0,0.0,2.5,wave,5746,0,0,0.16376609815523843,True
17,10,30,0.0,0.0,2.5,wave,5642,0,0,0.1674937965260546,True
17,10,31,0.0,0.0,2.5,wave,5539,0,0,0.1698862610579527,True
17,10,32,0.0,0.0,2.5,wave,5417,0,0,0.1720509507107255,True
17,10,33,0.0,0.0,2.5,wave,5306,0,0,0.17508480964945344,True
17,10,34,0.0,0.0,2.5,wave,5178,0,0,0.17921977597528002,True
17,10,35,0.0,0.0,2.5,wave,5040,0,0,0.18095238095238095,True
17,10,36,0.0,0.0,2.5,wave,4939,0,0,0.18485523385300667,True
17,10,37,0.0,0.0,2.5,wave,4850,0,0,0.18804123711340207,True
17,10,38,0.0,0.0,2.5,wave,4798,0,0,0.19070446019174656,True
17,10,39,0.0,0.0,2.5,wave,4742,0,0,0.19316743989877688,True
17,10,40,0.0,0.0,2.5,wave,4691,0,0,0.19633340439138777,True
17,10,41,0.0,0.0,2.5,wave,4626,0,0,0.2008214440121055,True
17,10,42,0.0,0.0,2.5,wave,4572,0,0,0.20341207349081364,True
17,10,43,0.0,0.0,2.5,wave,5005,0,0,0.24955044955044955,True
17,10,44,0.0,0.0,2.5,wave,4747,0,0,0.23193595955340215,True
17,10,45,0.0,0.0,2.5,wave,4600,0,0,0.22717391304347825,True
17,10,46,0.0,0.0,2.5,wave,4514,0,0,0.22396987151085512,True
17,10,47,0.0,0.0,2.5,wave,4423,0,0,0.22269952520913408,True
17,10,48,0.0,0.0,2.5,wave,4383,0,0,0.2247319187770933,True
17,10,49,0.0,0.0,2.5,wave,4339,0,0,0.22954597833602214,True
17,10,50,0.0,0.0,2.5,wave,4277,0,0,0.23053542202478372,True
17,10,51,0.0,0.0,2.5,wave,4233,0,0,0.23340420505551618,True
17,10,52,0.0,0.0,2.5,wave,4175,0,0,0.23425149700598802,True
17,11,1,0.0,0.0,2.5,wave,4131,0,0,0.23529411764705882,True
17,11,2,0.0,0.0,2.5,wave,4079,0,0,0.23829369943613632,True
17,11,3,0.0,0.0,2.5,wave,4028,0,0,0.23808341608738828,True
17,11,4,0.0,0.0,2.5,wave,3993,0,0,0.24042073628850488,True
17,11,5,0.0,0.0,2.5,wave,3946,0,0,0.2422706538266599,True
17,11,6,0.0,0.0,2.5,wave,3889,0,0,0.2460786834661867,True
17,11,7,0.0,0.0,2.5,wave,3852,0,0,0.24792315680166147,True
17,11,8,0.0,0.0,2.5,wave,3787,0,0,0.250330076577766,True
17,11,9,0.0,0.0,2.5,wave,3749,0,0,0.2523339557215257,True
17,11,10,0.0,0.0,2.5,wave,3700,0,0,0.2537837837837838,True
17,11,11,0.0,0.0,2.5,wave,3668,0,0,0.25627044711014174,True
17,11,12,0.0,0.0,2.5,wave,3635,0,0,0.2588720770288858,True
17,11,13,0.0,0.0,2.5,wave,3600,0,0,0.26,True
17,11,14,0.0,0.0,2.5,wave,3558,0,0,0.26194491287240024,True
17,11,15,0.0,0.0,2.5,wave,3529,0,0,0.26409747803910455,True
17,11,16,0.0,0.0,2.5,wave,3494,0,0,0.2641671436748712,True
17,11,17,0.0,0.0,2.5,wave,3463,0,0,0.26595437481952067,True
17,11,18,0.0,0.0,2.5,wave,7408,0,0,0.11852051835853132,True
17,11,19,0.0,0.0,2.5,wave,7282,0,0,0.12029662180719583,True
17,11,20,0.0,0.0,2.5,wave,7133,0,0,0.12365063788027478,True
17,11,21,0.0,0.0,2.5,wave,7016,0,0,0.12756556442417333,True
17,11,22,0.0,0.0,2.5,wave,6866,0,0,0.1306437518205651,True
17,11,23,0.0,0.0,2.5,wave,6738,0,0,0.13327396853665777,True
17,11,24,0.0,0.0,2.5,wave,6594,0,0,0.13679102214134062,True
17,11,25,0.0,0.0,2.5,wave,6493,0,0,0.13953488372093023,True
17,11,26,0.0,0.0,2.5,wave,6406,0,0,0.1425226350296597,True
17,11,27,0.0,0.0,2.5,wave,6296,0,0,0.1451715374841169,True
17,11,28,0.0,0.0,2.5,wave,6146,0,0,0.1480637813211845,True
17,11,29,0.0,0.0,2.5,wave,5987,0,0,0.15266410556205112,True
17,11,30,0.0,0.0,2.5,wave,5887,0,0,0.15627654153218956,True
17,11,31,0.0,0.0,2.5,wave,5789,0,0,0.15944031784418725,True
17,11,32,0.0,0.0,2.5,wave,5647,0,0,0.16344961926686735,True
17,11,33,0.0,0.0,2.5,wave,5522,0,0,0.16660630206446939,True
17,11,34,0.0,0.0,2.5,wave,5395,0,0,0.16978683966635774,True
17,11,35,0.0,0.0,2.5,wave,5289,0,0,0.17451314048024202,True
17,11,36,0.0,0.0,2.5,wave,5210,0,0,0.17754318618042225,True
17,11,37,0.0,0.0,2.5,wave,5095,0,0,0.18056918547595682,True
17,11,38,0.0,0.0,2.5,wave,5017,0,0,0.18178194139924259,True
17,11,39,0.0,0.0,2.5,wave,4952,0,0,0.18436995153473343,True
17,11,40,0.0,0.0,2.5,wave,4881,0,0,0.1876664617906167,True
17,11,41,0.0,0.0,2.5,wave,4833,0,0,0.18911649079246845,True
17,11,42,0.0,0.0,2.5,wave,4773,0,0,0.1923318667504714,True
17,11,43,0.0,0.0,2.5,wave,5464,0,0,0.25585651537335286,True
17,11,44,0.0,0.0,2.5,wave,5168,0,0,0.23722910216718265,True
17,11,45,0.0,0.0,2.5,wave,4968,0,0,0.22826086956521738,True
17,11,46,0.0,0.0,2.5,wave,4872,0,0,0.22701149425287356,True
17,11,47,0.0,0.0,2.5,wave,4814,0,0,0.22621520565018696,True
17,11,48,0.0,0.0,2.5,wave,4721,0,0,0.22876509214149546,True
17,11,49,0.0,0.0,2.5,wave,4672,0,0,0.22966609589041095,True
17,11,50,0.0,0.0,2.5,wave,4619,0,0,0.23468283178177093,True
17,11,51,0.0,0.0,2.5,wave,4571,0,0,0.23692846204331655,True
17,11,52,0.0,0.0,2.5,wave,4534,0,0,0.24040582267313632,True
18,1,1,0.0,0.0,2.5,wave,2808,0,0,0.002492877492877493,True
18,1,2,0.0,0.0,2.5,wave,2776,0,0,0.004322766570605188,True
18,1,3,0.0,0.0,2.5,wave,2681,0,0,0.005967922417008579,True
18,1,4,0.0,0.0,2.5,wave,2651,0,0,0.007167106752168993,True
18,1,5,0.0,0.0,2.5,wave,2578,0,0,0.008533747090768037,True
18,1,6,0.0,0.0,2.5,wave,2565,0,0,0.009746588693957114,True
18,1,7,0.0,0.0,2.5,wave,2471,0,0,0.012950222581950627,True
18,1,8,0.0,0.0,2.5,wave,2437,0,0,0.013541239228559704,True
18,1,9,0.0,0.0,2.5,wave,2369,0,0,0.015196285352469396,True
18,1,10,0.0,0.0,2.5,wave,2343,0,0,0.017498932991890738,True
18,1,11,0.0,0.0,2.5,wave,2278,0,0,0.01887620719929763,True
18,1,12,0.0,0.0,2.5,wave,2265,0,0,0.018984547461368653,True
18,1,13,0.0,0.0,2.5,wave,2222,0,0,0.02115211521152115,True
18,1,14,0.0,0.0,2.5,wave,2222,0,0,0.023402340234023402,True
18,1,15,0.0,0.0,2.5,wave,2178,0,0,0.02662993572084481,True
18,1,16,0.0,0.0,2.5,wave,2155,0,0,0.02877030162412993,True
18,1,17,0.0,0.0,2.5,wave,2106,0,0,0.029914529914529916,True
18,1,18,0.0,0.0,2.5,wave,6108,0,0,0.012770137524557957,True
18,1,19,0.0,0.0,2.5,wave,5927,0,0,0.014847308925257298,True
18,1,20,0.0,0.0,2.5,wave,5835,0,0,0.016795201371036846,True
18,1,21,0.0,0.0,2.5,wave,5646,0,0,0.018951470067304285,True
18,1,22,0.0,0.0,2.5,wave,5552,0,0,0.02197406340057637,True
18,1,23,0.0,0.0,2.5,wave,5378,0,0,0.02398661212346597,True
18,1,24,0.0,0.0,2.5,wave,5249,0,0,0.02533815964945704,True
18,1,25,0.0,0.0,2.5,wave,5115,0,0,0.026979472140762465,True
18,1,26,0.0,0.0,2.5,wave,5019,0,0,0.029886431560071727,True
18,1,27,0.0,0.0,2.5,wave,4912,0,0,0.03196254071661238,True
18,1,28,0.0,0.0,2.5,wave,4830,0,0,0.03436853002070393,True
18,1,29,0.0,0.0,2.5,wave,4716,0,0,0.03625954198473282,True
18,1,30,0.0,0.0,2.5,wave,4616,0,0,0.038344887348353555,True
18,1,31,0.0,0.0,2.5,wave,4519,0,0,0.039389245408276166,True
18,1,32,0.0,0.0,2.5,wave,4415,0,0,0.04235560588901472,True
18,1,33,0.0,0.0,2.5,wave,4267,0,0,0.04476212795875322,True
18,1,34,0.0,0.0,2.5,wave,4191,0,0,0.046766881412550705,True
18,1,35,0.0,0.0,2.5,wave,4062,0,0,0.0482520925652388,True
18,1,36,0.0,0.0,2.5,wave,3973,0,0,0.04983639567077775,True
18,1,37,0.0,0.0,2.5,wave,3880,0,0,0.05,True
18,1,38,0.0,0.0,2.5,wave,3833,0,0,0.05165666579702583,True
18,1,39,0.0,0.0,2.5,wave,3752,0,0,0.054104477611940295,True
18,1,40,0.0,0.0,2.5,wave,3714,0,0,0.05573505654281099,True
18,1,41,0.0,0.0,2.5,wave,3650,0,0,0.05808219178082192,True
18,1,42,0.0,0.0,2.5,wave,3610,0,0,0.060941828254847646,True
18,1,43,0.0,0.0,2.5,wave,3741,0,0,0.09248863940122962,True
18,1,44,0.0,0.0,2.5,wave,3629,0,0,0.08790300358225406,True
18,1,45,0.0,0.0,2.5,wave,3560,0,0,0.08764044943820225,True
18,1,46,0.0,0.0,2.5,wave,3505,0,0,0.08758915834522112,True
18,1,47,0.0,0.0,2.5,wave,3457,0,0,0.09025166329187156,True
18,1,48,0.0,0.0,2.5,wave,3431,0,0,0.09180996793937628,True
18,1,49,0.0,0.0,2.5,wave,3389,0,0,0.0944231336677486,True
18,1,50,0.0,0.0,2.5,wave,3359,0,0,0.09883894016076213,True
18,1,51,0.0,0.0,2.5,wave,3310,0,0,0.10120845921450151,True
18,1,52,0.0,0.0,2.5,wave,3272,0,0,0.10452322738386308,True
18,2,1,0.0,0.0,2.5,wave,3222,28,3,0.10676598386095593,False
18,2,2,0.0,0.0,2.5,wave,3183,32,9,0.11027332704995288,False
18,2,3,0.0,0.0,2.5,wave,3130,32,14,0.11246006389776358,False
18,2,4,0.0,0.0,2.5,wave,3088,42,17,0.11560880829015543,False
18,2,5,0.0,0.0,2.5,wave,3025,44,14,0.11768595041322313,False
18,2,6,0.0,0.0,2.5,wave,2987,43,17,0.12018747907599599,False
18,2,7,0.0,0.0,2.5,wave,2908,62,20,0.12173314993122421,False
18,2,8,0.0,0.0,2.5,wave,2869,56,18,0.1237364935517602,False
18,2,9,0.0,0.0,2.5,wave,2805,59,18,0.12762923351158645,False
18,2,10,0.0,0.0,2.5,wave,2768,57,25,0.1282514450867052,False
18,2,11,0.0,0.0,2.5,wave,2700,60,26,0.13037037037037036,False
18,2,12,0.0,0.0,2.5,wave,2648,64,21,0.1336858006042296,False
18,2,13,0.0,0.0,2.5,wave,2595,68,19,0.1348747591522158,False
18,2,14,0.0,0.0,2.5,wave,2568,63,26,0.13707165109034267,False
18,2,15,0.0,0.0,2.5,wave,2508,72,30,0.13915470494417864,False
18,2,16,0.0,0.0,2.5,wave,2478,66,27,0.14285714285714285,False
18,2,17,0.0,0.0,2.5,wave,2416,64,26,0.1427980132450331,False
18,2,18,0.0,0.0,2.5,wave,4693,56,24,0.07543149371404219,False
18,2,19,0.0,0.0,2.5,wave,4566,85,30,0.07796758650897942,False
18,2,20,0.0,0.0,2.5,wave,4462,103,27,0.08135365307037203,False
18,2,21,0.0,0.0,2.5,wave,4275,105,31,0.08374269005847954,False
18,2,22,0.0,0.0,2.5,wave,4174,119,42,0.08624820316243412,False
18,2,23,0.0,0.0,2.5,wave,4054,129,49,0.08904785397138629,False
18,2,24,0.0,0.0,2.5,wave,3990,134,46,0.09197994987468672,False
18,2,25,0.0,0.0,2.5,wave,3849,130,47,0.09560924915562484,False
18,2,26,0.0,0.0,2.5,wave,3781,129,51,0.10050251256281408,False
18,2,27,0.0,0.0,2.5,wave,3646,122,52,0.1034009873834339,False
18,2,28,0.0,0.0,2.5,wave,3565,125,55,0.10575035063113604,False
18,2,29,0.0,0.0,2.5,wave,3423,107,48,0.11189015483494011,False
18,2,30,0.0,0.0,2.5,wave,3344,98,40,0.11423444976076555,False
18,2,31,0.0,0.0,2.5,wave,3235,103,37,0.11715610510046368,False
18,2,32,0.0,0.0,2.5,wave,3141,91,38,0.12034383954154727,False
18,2,33,0.0,0.0,2.5,wave,3022,77,38,0.12409000661813369,False
18,2,34,0.0,0.0,2.5,wave,2942,70,28,0.12780421481985044,False
18,2,35,0.0,0.0,2.5,wave,2855,67,20,0.13134851138353765,False
18,2,36,0.0,0.0,2.5,wave,2800,66,20,0.13464285714285715,False
18,2,37,0.0,0.0,2.5,wave,2712,64,28,0.1390117994100295,False
18,2,38,0.0,0.0,2.5,wave,2683,66,29,0.14051434960864703,False
18,2,39,0.0,0.0,2.5,wave,2609,55,22,0.14526638558834803,False
18,2,40,0.0,0.0,2.5,wave,2594,54,21,0.1476484194294526,False
18,2,41,0.0,0.0,2.5,wave,2525,51,22,0.15168316831683168,False
18,2,42,0.0,0.0,2.5,wave,2514,45,22,0.15473349244232298,False
18,2,43,0.0,0.0,2.5,wave,2761,47,16,0.21586381745744296,False
18,2,44,0.0,0.0,2.5,wave,2611,36,13,0.19877441593259287,False
18,2,45,0.0,0.0,2.5,wave,2572,34,17,0.1932348367029549,False
18,2,46,0.0,0.0,2.5,wave,2546,29,17,0.19756480754124117,False
18,2,47,0.0,0.0,2.5,wave,2527,22,13,0.20182034032449545,False
18,2,48,0.0,0.0,2.5,wave,2498,20,11,0.20456365092073658,False
18,2,49,0.0,0.0,2.5,wave,2484,15,8,0.20813204508856684,False
18,2,50,0.0,0.0,2.5,wave,2436,13,6,0.2110016420361248,False
18,2,51,0.0,0.0,2.5,wave,2409,11,5,0.21378165213781652,False
18,2,52,0.0,0.0,2.5,wave,2367,13,3,0.21292775665399238,False
18,3,1,0.0,0.0,2.5,wave,2348,12,4,0.2167802385008518,False
18,3,2,0.0,0.0,2.5,wave,2316,11,6,0.21675302245250433,False
18,3,3,0.0,0.0,2.5,wave,2299,10,4,0.2183558068725533,False
18,3,4,0.0,0.0,2.5,wave,2256,9,4,0.2198581560283688,False
18,3,5,0.0,0.0,2.5,wave,2235,9,4,0.22371364653243847,False
18,3,6,0.0,0.0,2.5,wave,2204,7,4,0.2250453720508167,False
18,3,7,0.0,0.0,2.5,wave,2174,6,4,0.22677092916283348,False
18,3,8,0.0,0.0,2.5,wave,2138,4,2,0.22778297474275022,False
18,3,9,0.0,0.0,2.5,wave,2103,3,1,0.2306229196386115,False
18,3,10,0.0,0.0,2.5,wave,2058,2,0,0.22983479105928087,False
18,3,11,0.0,0.0,2.5,wave,2027,2,1,0.23285643808584114,False
18,3,12,0.0,0.0,2.5,wave,2009,2,2,0.23593827775012444,False
18,3,13,0.0,0.0,2.5,wave,1979,1,1,0.23951490651844365,False
18,3,14,0.0,0.0,2.5,wave,1963,0,0,0.2368823229750382,True
18,3,15,0.0,0.0,2.5,wave,1937,0,0,0.23902942694889004,True
18,3,16,0.0,0.0,2.5,wave,1921,0,0,0.24102030192608018,True
18,3,17,0.0,0.0,2.5,wave,1899,0,0,0.24275934702474986,True
18,3,18,0.0,0.0,2.5,wave,4318,0,0,0.1079203334877258,True
18,3,19,0.0,0.0,2.5,wave,4246,0,0,0.11045690061234102,True
18,3,20,0.0,0.0,2.5,wave,4183,0,0,0.11307673918240498,True
18,3,21,0.0,0.0,2.5,wave,4093,0,0,0.11727339359882727,True
18,3,22,0.0,0.0,2.5,wave,4021,0,0,0.11812981845312111,True
18,3,23,0.0,0.0,2.5,wave,3927,0,0,0.12121212121212122,True
18,3,24,0.0,0.0,2.5,wave,3843,0,0,0.12620348685922456,True
18,3,25,0.0,0.0,2.5,wave,3747,0,0,0.12810248198558846,True
18,3,26,0.0,0.0,2.5,wave,3677,0,0,0.13162904541745987,True
18,3,27,0.0,0.0,2.5,wave,3589,0,0,0.13402061855670103,True
18,3,28,0.0,0.0,2.5,wave,3502,0,0,0.1362078812107367,True
18,3,29,0.0,0.0,2.5,wave,3398,0,0,0.13890523837551502,True
18,3,30,0.0,0.0,2.5,wave,3279,0,0,0.1439463250991156,True
18,3,31,0.0,0.0,2.5,wave,3186,0,0,0.14626490897677338,True
18,3,32,0.0,0.0,2.5,wave,3139,0,0,0.14909206753743232,True
18,3,33,0.0,0.0,2.5,wave,3051,0,0,0.15208128482464767,True
18,3,34,0.0,0.0,2.5,wave,2965,0,0,0.15446880269814503,True
18,3,35,0.0,0.0,2.5,wave,2904,0,0,0.15668044077134985,True
18,3,36,0.0,0.0,2.5,wave,2857,0,0,0.1585579278963948,True
18,3,37,0.0,0.0,2.5,wave,2790,0,0,0.16021505376344086,True
18,3,38,0.0,0.0,2.5,wave,2750,0,0,0.16145454545454546,True
18,3,39,0.0,0.0,2.5,wave,2706,0,0,0.16444937176644495,True
18,3,40,0.0,0.0,2.5,wave,2673,0,0,0.16722783389450055,True
18,3,41,0.0,0.0,2.5,wave,2625,0,0,0.16914285714285715,True
18,3,42,0.0,0.0,2.5,wave,2602,0,0,0.17025365103766332,True
18,3,43,0.0,0.0,2.5,wave,2970,0,0,0.23367003367003367,True
18,3,44,0.0,0.0,2.5,wave,2818,0,0,0.21894960965223562,True
18,3,45,0.0,0.0,2.5,wave,2751,0,0,0.21301344965467103,True
18,3,46,0.0,0.0,2.5,wave,2696,0,0,0.21327893175074183,True
18,3,47,0.0,0.0,2.5,wave,2668,0,0,0.2151424287856072,True
18,3,48,0.0,0.0,2.5,wave,2640,0,0,0.21742424242424244,True
18,3,49,0.0,0.0,2.5,wave,2629,0,0,0.22061620387980221,True
18,3,50,0.0,0.0,2.5,wave,2612,0,0,0.22166921898928024,True
18,3,51,0.0,0.0,2.5,wave,2589,0,0,0.22595596755504055,True
18,3,52,0.0,0.0,2.5,wave,2573,0,0,0.23280217644772638,True
18,4,1,0.0,0.0,2.5,wave,2565,0,0,0.23586744639376217,True
18,4,2,0.0,0.0,2.5,wave,2546,0,0,0.23723487824037706,True
18,4,3,0.0,0.0,2.5,wave,2524,0,0,0.24286846275752774,True
18,4,4,0.0,0.0,2.5,wave,2501,0,0,0.24390243902439024,True
18,4,5,0.0,0.0,2.5,wave,2481,0,0,0.24828698105602579,True
18,4,6,0.0,0.0,2.5,wave,2451,0,0,0.25010199918400655,True
18,4,7,0.0,0.0,2.5,wave,2427,0,0,0.25298722702925425,True
18,4,8,0.0,0.0,2.5,wave,2404,0,0,0.25707154742096505,True
18,4,9,0.0,0.0,2.5,wave,2379,0,0,0.2597730138713745,True
18,4,10,0.0,0.0,2.5,wave,2349,0,0,0.25798212005108556,True
18,4,11,0.0,0.0,2.5,wave,2323,0,0,0.2608695652173913,True
18,4,12,0.0,0.0,2.5,wave,2295,0,0,0.2627450980392157,True
18,4,13,0.0,0.0,2.5,wave,2268,0,0,0.26631393298059963,True
18,4,14,0.0,0.0,2.5,wave,2234,0,0,0.26723366159355416,True
18,4,15,0.0,0.0,2.5,wave,2208,0,0,0.2667572463768116,True
18,4,16,0.0,0.0,2.5,wave,2194,0,0,0.2693710118505014,True
18,4,17,0.0,0.0,2.5,wave,2165,0,0,0.2678983833718245,True
18,4,18,0.0,0.0,2.5,wave,4695,0,0,0.12438764643237486,True
18,4,19,0.0,0.0,2.5,wave,4602,0,0,0.12646675358539766,True
18,4,20,0.0,0.0,2.5,wave,4491,0,0,0.128479180583389,True
18,4,21,0.0,0.0,2.5,wave,4404,0,0,0.13169845594913715,True
18,4,22,0.0,0.0,2.5,wave,4316,0,0,0.13438368860055608,True
18,4,23,0.0,0.0,2.5,wave,4221,0,0,0.1378820184790334,True
18,4,24,0.0,0.0,2.5,wave,4154,0,0,0.14058738565238324,True
18,4,25,0.0,0.0,2.5,wave,4050,0,0,0.14469135802469135,True
18,4,26,0.0,0.0,2.5,wave,3949,0,0,0.14813876930868575,True
18,4,27,0.0,0.0,2.5,wave,3856,0,0,0.1517116182572614,True
18,4,28,0.0,0.0,2.5,wave,3794,0,0,0.15392725355824988,True
18,4,29,0.0,0.0,2.5,wave,3705,0,0,0.15708502024291499,True
18,4,30,0.0,0.0,2.5,wave,3650,0,0,0.15863013698630138,True
18,4,31,0.0,0.0,2.5,wave,3560,0,0,0.1601123595505618,True
18,4,32,0.0,0.0,2.5,wave,3494,0,0,0.1639954207212364,True
18,4,33,0.0,0.0,2.5,wave,3410,0,0,0.1653958944281525,True
18,4,34,0.0,0.0,2.5,wave,3357,0,0,0.16890080428954424,True
18,4,35,0.0,0.0,2.5,wave,3307,0,0,0.1708497127305715,True
18,4,36,0.0,0.0,2.5,wave,3236,0,0,0.17336217552533992,True
18,4,37,0.0,0.0,2.5,wave,3184,0,0,0.1777638190954774,True
18,4,38,0.0,0.0,2.5,wave,3136,0,0,0.1795280612244898,True
18,4,39,0.0,0.0,2.5,wave,3085,0,0,0.1841166936790924,True
18,4,40,0.0,0.0,2.5,wave,3036,0,0,0.18379446640316205,True
18,4,41,0.0,0.0,2.5,wave,2995,0,0,0.18597662771285475,True
18,4,42,0.0,0.0,2.5,wave,2953,0,0,0.19065357263799526,True
18,4,43,0.0,0.0,2.5,wave,3177,0,0,0.24488511174063582,True
18,4,44,0.0,0.0,2.5,wave,3024,0,0,0.22288359788359788,True
18,4,45,0.0,0.0,2.5,wave,2948,0,0,0.21845318860244234,True
18,4,46,0.0,0.0,2.5,wave,2899,0,0,0.2166264229044498,True
18,4,47,0.0,0.0,2.5,wave,2820,0,0,0.21170212765957447,True
18,4,48,0.0,0.0,2.5,wave,2792,0,0,0.21060171919770773,True
18,4,49,0.0,0.0,2.5,wave,2751,0,0,0.2119229371137768,True
18,4,50,0.0,0.0,2.5,wave,2742,0,0,0.21663019693654267,True
18,4,51,0.0,0.0,2.5,wave,2718,0,0,0.21927888153053715,True
18,4,52,0.0,0.0,2.5,wave,2705,0,0,0.222181146025878,True
18,5,1,0.0,0.0,2.5,wave,2682,0,0,0.22408650260999255,True
18,5,2,0.0,0.0,2.5,wave,2663,0,0,0.22606083364626361,True
18,5,3,0.0,0.0,2.5,wave,2642,0,0,0.23050719152157456,True
18,5,4,0.0,0.0,2.5,wave,2621,0,0,0.2327355971003434,True
18,5,5,0.0,0.0,2.5,wave,2593,0,0,0.2364057076745083,True
18,5,6,0.0,0.0,2.5,wave,2560,0,0,0.235546875,True
18,5,7,0.0,0.0,2.5,wave,2547,0,0,0.23557126030624265,True
18,5,8,0.0,0.0,2.5,wave,2519,0,0,0.2389837236998809,True
18,5,9,0.0,0.0,2.5,wave,2496,0,0,0.24078525641025642,True
18,5,10,0.0,0.0,2.5,wave,2472,0,0,0.24231391585760517,True
18,5,11,0.0,0.0,2.5,wave,2445,0,0,0.24539877300613497,True
18,5,12,0.0,0.0,2.5,wave,2418,0,0,0.24607113316790735,True
18,5,13,0.0,0.0,2.5,wave,2388,0,0,0.2466499162479062,True
18,5,14,0.0,0.0,2.5,wave,2364,0,0,0.24492385786802032,True
18,5,15,0.0,0.0,2.5,wave,2340,0,0,0.24615384615384617,True
18,5,16,0.0,0.0,2.5,wave,2304,0,0,0.2495659722222222,True
18,5,17,0.0,0.0,2.5,wave,2266,0,0,0.2506619593998235,True
18,5,18,0.0,0.0,2.5,wave,4748,0,0,0.12026116259477675,True
18,5,19,0.0,0.0,2.5,wave,4674,0,0,0.12366281557552418,True
18,5,20,0.0,0.0,2.5,wave,4567,0,0,0.12699802934092402,True
18,5,21,0.0,0.0,2.5,wave,4449,0,0,0.12879298718813217,True
18,5,22,0.0,0.0,2.5,wave,4329,0,0,0.13167013167013167,True
18,5,23,0.0,0.0,2.5,wave,4265,0,0,0.13552168815943727,True
18,5,24,0.0,0.0,2.5,wave,4183,0,0,0.1396127181448721,True
18,5,25,0.0,0.0,2.5,wave,4123,0,0,0.14358476837254427,True
18,5,26,0.0,0.0,2.5,wave,4025,0,0,0.14782608695652175,True
18,5,27,0.0,0.0,2.5,wave,3942,0,0,0.1504312531709792,True
18,5,28,0.0,0.0,2.5,wave,3844,0,0,0.15452653485952134,True
18,5,29,0.0,0.0,2.5,wave,3784,0,0,0.1567124735729387,True
18,5,30,0.0,0.0,2.5,wave,3713,0,0,0.15970913008349044,True
18,5,31,0.0,0.0,2.5,wave,3633,0,0,0.1612992017616295,True
18,5,32,0.0,0.0,2.5,wave,3543,0,0,0.16483206322325714,True
18,5,33,0.0,0.0,2.5,wave,3487,0,0,0.16661887008890164,True
18,5,34,0.0,0.0,2.5,wave,3415,0,0,0.16896046852122987,True
18,5,35,0.0,0.0,2.5,wave,3381,0,0,0.17243419106773145,True
18,5,36,0.0,0.0,2.5,wave,3317,0,0,0.17334941211938498,True
18,5,37,0.0,0.0,2.5,wave,3232,0,0,0.17543316831683167,True
18,5,38,0.0,0.0,2.5,wave,3182,0,0,0.17818981772470144,True
18,5,39,0.0,0.0,2.5,wave,3157,0,0,0.1792841305036427,True
18,5,40,0.0,0.0,2.5,wave,3104,0,0,0.18234536082474226,True
18,5,41,0.0,0.0,2.5,wave,3091,0,0,0.18602394047233906,True
18,5,42,0.0,0.0,2.5,wave,3048,0,0,0.18996062992125984,True
18,5,43,0.0,0.0,2.5,wave,3354,0,0,0.2420989862850328,True
18,5,44,0.0,0.0,2.5,wave,3181,0,0,0.22854448286702295,True
18,5,45,0.0,0.0,2.5,wave,3089,0,0,0.22207834250566527,True
18,5,46,0.0,0.0,2.5,wave,3018,0,0,0.21769383697813122,True
18,5,47,0.0,0.0,2.5,wave,2978,0,0,0.22128945601074546,True
18,5,48,0.0,0.0,2.5,wave,2951,0,0,0.21890884445950526,True
18,5,49,0.0,0.0,2.5,wave,2935,0,0,0.22419080068143102,True
18,5,50,0.0,0.0,2.5,wave,2920,0,0,0.22945205479452055,True
18,5,51,0.0,0.0,2.5,wave,2883,0,0,0.23135622615331253,True
18,5,52,0.0,0.0,2.5,wave,2880,0,0,0.2326388888888889,True
18,6,1,0.0,0.0,2.5,wave,2843,0,0,0.23390784382694338,True
18,6,2,0.0,0.0,2.5,wave,2827,0,0,0.23558542624690484,True
18,6,3,0.0,0.0,2.5,wave,2792,0,0,0.23782234957020057,True
18,6,4,0.0,0.0,2.5,wave,2769,0,0,0.23582520765619358,True
18,6,5,0.0,0.0,2.5,wave,2745,0,0,0.23970856102003643,True
18,6,6,0.0,0.0,2.5,wave,2720,0,0,0.23933823529411766,True
18,6,7,0.0,0.0,2.5,wave,2676,0,0,0.242152466367713,True
18,6,8,0.0,0.0,2.5,wave,2660,0,0,0.2424812030075188,True
18,6,9,0.0,0.0,2.5,wave,2624,0,0,0.24542682926829268,True
18,6,10,0.0,0.0,2.5,wave,2606,0,0,0.24673829623944743,True
18,6,11,0.0,0.0,2.5,wave,2578,0,0,0.2505818463925524,True
18,6,12,0.0,0.0,2.5,wave,2565,0,0,0.25224171539961016,True
18,6,13,0.0,0.0,2.5,wave,2520,0,0,0.25436507936507935,True
18,6,14,0.0,0.0,2.5,wave,2505,0,0,0.2562874251497006,True
18,6,15,0.0,0.0,2.5,wave,2462,0,0,0.25832656376929325,True
18,6,16,0.0,0.0,2.5,wave,2446,0,0,0.26369582992641044,True
18,6,17,0.0,0.0,2.5,wave,2399,0,0,0.2642767819924969,True
18,6,18,0.0,0.0,2.5,wave,5176,0,0,0.12442040185471406,True
18,6,19,0.0,0.0,2.5,wave,5085,0,0,0.12841691248770895,True
18,6,20,0.0,0.0,2.5,wave,5006,0,0,0.1318417898521774,True
18,6,21,0.0,0.0,2.5,wave,4849,0,0,0.13590431016704474,True
18,6,22,0.0,0.0,2.5,wave,4776,0,0,0.13777219430485763,True
18,6,23,0.0,0.0,2.5,wave,4665,0,0,0.1414790996784566,True
18,6,24,0.0,0.0,2.5,wave,4612,0,0,0.14332176929748483,True
18,6,25,0.0,0.0,2.5,wave,4465,0,0,0.14647256438969763,True
18,6,26,0.0,0.0,2.5,wave,4390,0,0,0.15034168564920272,True
18,6,27,0.0,0.0,2.5,wave,4249,0,0,0.15297717109908213,True
18,6,28,0.0,0.0,2.5,wave,4145,0,0,0.15657418576598311,True
18,6,29,0.0,0.0,2.5,wave,4015,0,0,0.16039850560398505,True
18,6,30,0.0,0.0,2.5,wave,3923,0,0,0.16416008157022688,True
18,6,31,0.0,0.0,2.5,wave,3822,0,0,0.1684981684981685,True
18,6,32,0.0,0.0,2.5,wave,3747,0,0,0.17160394982652788,True
18,6,33,0.0,0.0,2.5,wave,3663,0,0,0.1739011739011739,True
18,6,34,0.0,0.0,2.5,wave,3615,0,0,0.17593360995850624,True
18,6,35,0.0,0.0,2.5,wave,3482,0,0,0.1820792647903504,True
18,6,36,0.0,0.0,2.5,wave,3438,0,0,0.1864456079115765,True
18,6,37,0.0,0.0,2.5,wave,3376,0,0,0.1898696682464455,True
18,6,38,0.0,0.0,2.5,wave,3351,0,0,0.1912861832288869,True
18,6,39,0.0,0.0,2.5,wave,3282,0,0,0.19439366240097503,True
18,6,40,0.0,0.0,2.5,wave,3271,0,0,0.19657597065117702,True
18,6,41,0.0,0.0,2.5,wave,3215,0,0,0.20217729393468117,True
18,6,42,0.0,0.0,2.5,wave,3198,0,0,0.2045028142589118,True
18,6,43,0.0,0.0,2.5,wave,3477,0,0,0.25798101811906815,True
18,6,44,0.0,0.0,2.5,wave,3292,0,0,0.23602673147023087,True
18,6,45,0.0,0.0,2.5,wave,3232,0,0,0.23298267326732675,True
18,6,46,0.0,0.0,2.5,wave,3191,0,0,0.23190222500783453,True
18,6,47,0.0,0.0,2.5,wave,3170,0,0,0.2309148264984227,True
18,6,48,0.0,0.0,2.5,wave,3140,0,0,0.23312101910828026,True
18,6,49,0.0,0.0,2.5,wave,3099,0,0,0.23491448854469182,True
18,6,50,0.0,0.0,2.5,wave,3060,0,0,0.23627450980392156,True
18,6,51,0.0,0.0,2.5,wave,3033,0,0,0.24200461589185626,True
18,6,52,0.0,0.0,2.5,wave,3005,0,0,0.243261231281198,True
18,7,1,0.0,0.0,2.5,wave,2975,0,0,0.24739495798319328,True
18,7,2,0.0,0.0,2.5,wave,2937,0,0,0.25025536261491316,True
18,7,3,0.0,0.0,2.5,wave,2912,0,0,0.2506868131868132,True
18,7,4,0.0,0.0,2.5,wave,2871,0,0,0.25357018460466735,True
18,7,5,0.0,0.0,2.5,wave,2843,0,0,0.25360534646500177,True
18,7,6,0.0,0.0,2.5,wave,2829,0,0,0.25556733828207845,True
18,7,7,0.0,0.0,2.5,wave,2801,0,0,0.25776508389860764,True
18,7,8,0.0,0.0,2.5,wave,2770,0,0,0.2602888086642599,True
18,7,9,0.0,0.0,2.5,wave,2738,0,0,0.26150474799123447,True
18,7,10,0.0,0.0,2.5,wave,2719,0,0,0.26222876057374034,True
18,7,11,0.0,0.0,2.5,wave,2697,0,0,0.26362625139043383,True
18,7,12,0.0,0.0,2.5,wave,2674,0,0,0.26626776364996263,True
18,7,13,0.0,0.0,2.5,wave,2643,0,0,0.2693908437381763,True
18,7,14,0.0,0.0,2.5,wave,2603,0,0,0.26776796004610065,True
18,7,15,0.0,0.0,2.5,wave,2571,0,0,0.2707117852975496,True
18,7,16,0.0,0.0,2.5,wave,2542,0,0,0.2726199842643588,True
18,7,17,0.0,0.0,2.5,wave,2501,0,0,0.27588964414234307,True
18,7,18,0.0,0.0,2.5,wave,5410,0,0,0.12587800369685767,True
18,7,19,0.0,0.0,2.5,wave,5350,0,0,0.12990654205607477,True
18,7,20,0.0,0.0,2.5,wave,5221,0,0,0.13445700057460255,True
18,7,21,0.0,0.0,2.5,wave,5118,0,0,0.1385306760453302,True
18,7,22,0.0,0.0,2.5,wave,5005,0,0,0.14305694305694305,True
18,7,23,0.0,0.0,2.5,wave,4897,0,0,0.14662037982438228,True
18,7,24,0.0,0.0,2.5,wave,4786,0,0,0.15127455077308818,True
18,7,25,0.0,0.0,2.5,wave,4721,0,0,0.15314552001694556,True
18,7,26,0.0,0.0,2.5,wave,4630,0,0,0.15593952483801296,True
18,7,27,0.0,0.0,2.5,wave,4522,0,0,0.15966386554621848,True
18,7,28,0.0,0.0,2.5,wave,4423,0,0,0.16210716708116663,True
18,7,29,0.0,0.0,2.5,wave,4326,0,0,0.16574202496532595,True
18,7,30,0.0,0.0,2.5,wave,4254,0,0,0.16807710390220967,True
18,7,31,0.0,0.0,2.5,wave,4182,0,0,0.17097082735533237,True
18,7,32,0.0,0.0,2.5,wave,4112,0,0,0.17315175097276264,True
18,7,33,0.0,0.0,2.5,wave,4021,0,0,0.17582690872917184,True
18,7,34,0.0,0.0,2.5,wave,3949,0,0,0.17903266649784755,True
18,7,35,0.0,0.0,2.5,wave,3861,0,0,0.18233618233618235,True
18,7,36,0.0,0.0,2.5,wave,3764,0,0,0.18703506907545164,True
18,7,37,0.0,0.0,2.5,wave,3693,0,0,0.18981857568372598,True
18,7,38,0.0,0.0,2.5,wave,3645,0,0,0.19204389574759945,True
18,7,39,0.0,0.0,2.5,wave,3601,0,0,0.19439044709802833,True
18,7,40,0.0,0.0,2.5,wave,3550,0,0,0.19605633802816902,True
18,7,41,0.0,0.0,2.5,wave,3517,0,0,0.19789593403468866,True
18,7,42,0.0,0.0,2.5,wave,3486,0,0,0.20166379804934023,True
18,7,43,0.0,0.0,2.5,wave,3802,0,0,0.25749605470804837,True
18,7,44,0.0,0.0,2.5,wave,3580,0,0,0.23631284916201117,True
18,7,45,0.0,0.0,2.5,wave,3518,0,0,0.2350767481523593,True
18,7,46,0.0,0.0,2.5,wave,3433,0,0,0.2362365278182348,True
18,7,47,0.0,0.0,2.5,wave,3371,0,0,0.23435182438445565,True
18,7,48,0.0,0.0,2.5,wave,3345,0,0,0.2367713004484305,True
18,7,49,0.0,0.0,2.5,wave,3307,0,0,0.2388872089507106,True
18,7,50,0.0,0.0,2.5,wave,3276,0,0,0.24053724053724054,True
18,7,51,0.0,0.0,2.5,wave,3258,0,0,0.24370779619398403,True
18,7,52,0.0,0.0,2.5,wave,3232,0,0,0.24597772277227722,True
18,8,1,0.0,0.0,2.5,wave,3196,0,0,0.24718397997496871,True
18,8,2,0.0,0.0,2.5,wave,3184,0,0,0.24717336683417085,True
18,8,3,0.0,0.0,2.5,wave,3149,0,0,0.2515084153699587,True
18,8,4,0.0,0.0,2.5,wave,3116,0,0,0.2519255455712452,True
18,8,5,0.0,0.0,2.5,wave,3095,0,0,0.2552504038772213,True
18,8,6,0.0,0.0,2.5,wave,3060,0,0,0.2571895424836601,True
18,8,7,0.0,0.0,2.5,wave,3029,0,0,0.2601518653020799,True
18,8,8,0.0,0.0,2.5,wave,3004,0,0,0.26165113182423433,True
18,8,9,0.0,0.0,2.5,wave,2980,0,0,0.26308724832214764,True
18,8,10,0.0,0.0,2.5,wave,2954,0,0,0.2657413676371022,True
18,8,11,0.0,0.0,2.5,wave,2910,0,0,0.2683848797250859,True
18,8,12,0.0,0.0,2.5,wave,2876,0,0,0.26842837273991654,True
18,8,13,0.0,0.0,2.5,wave,2837,0,0,0.2703560098695805,True
18,8,14,0.0,0.0,2.5,wave,2807,0,0,0.273957962237264,True
18,8,15,0.0,0.0,2.5,wave,2772,0,0,0.27525252525252525,True
18,8,16,0.0,0.0,2.5,wave,2754,0,0,0.27814088598402326,True
18,8,17,0.0,0.0,2.5,wave,2734,0,0,0.2809070958302853,True
18,8,18,0.0,0.0,2.5,wave,6005,0,0,0.12905911740216486,True
18,8,19,0.0,0.0,2.5,wave,5918,0,0,0.13247718823927002,True
18,8,20,0.0,0.0,2.5,wave,5798,0,0,0.13573646084856847,True
18,8,21,0.0,0.0,2.5,wave,5697,0,0,0.13902053712480253,True
18,8,22,0.0,0.0,2.5,wave,5593,0,0,0.1414267834793492,True
18,8,23,0.0,0.0,2.5,wave,5448,0,0,0.14629221732745962,True
18,8,24,0.0,0.0,2.5,wave,5329,0,0,0.15030962657158942,True
18,8,25,0.0,0.0,2.5,wave,5226,0,0,0.15384615384615385,True
18,8,26,0.0,0.0,2.5,wave,5120,0,0,0.15546875,True
18,8,27,0.0,0.0,2.5,wave,5022,0,0,0.157905217045002,True
18,8,28,0.0,0.0,2.5,wave,4917,0,0,0.1600569452918446,True
18,8,29,0.0,0.0,2.5,wave,4813,0,0,0.1633077082900478,True
18,8,30,0.0,0.0,2.5,wave,4703,0,0,0.16648947480331702,True
18,8,31,0.0,0.0,2.5,wave,4625,0,0,0.16972972972972972,True
18,8,32,0.0,0.0,2.5,wave,4532,0,0,0.17166813768755515,True
18,8,33,0.0,0.0,2.5,wave,4416,0,0,0.17323369565217392,True
18,8,34,0.0,0.0,2.5,wave,4302,0,0,0.17782426778242677,True
18,8,35,0.0,0.0,2.5,wave,4216,0,0,0.18240037950664137,True
18,8,36,0.0,0.0,2.5,wave,4150,0,0,0.18457831325301205,True
18,8,37,0.0,0.0,2.5,wave,4043,0,0,0.18822656443235222,True
18,8,38,0.0,0.0,2.5,wave,3986,0,0,0.18916206723532364,True
18,8,39,0.0,0.0,2.5,wave,3933,0,0,0.1924739384693618,True
18,8,40,0.0,0.0,2.5,wave,3879,0,0,0.19412219644238204,True
18,8,41,0.0,0.0,2.5,wave,3845,0,0,0.19583875162548764,True
18,8,42,0.0,0.0,2.5,wave,3791,0,0,0.19757319968346082,True
18,8,43,0.0,0.0,2.5,wave,4172,0,0,0.2535953978906999,True
18,8,44,0.0,0.0,2.5,wave,3947,0,0,0.23688877628578667,True
18,8,45,0.0,0.0,2.5,wave,3849,0,0,0.2312288906209405,True
18,8,46,0.0,0.0,2.5,wave,3759,0,0,0.23171056131949988,True
18,8,47,0.0,0.0,2.5,wave,3716,0,0,0.23519913885898816,True
18,8,48,0.0,0.0,2.5,wave,3663,0,0,0.2345072345072345,True
18,8,49,0.0,0.0,2.5,wave,3623,0,0,0.2379243720673475,True
18,8,50,0.0,0.0,2.5,wave,3601,0,0,0.23993335184670925,True
18,8,51,0.0,0.0,2.5,wave,3571,0,0,0.24278913469616353,True
18,8,52,0.0,0.0,2.5,wave,3525,0,0,0.24567375886524823,True
18,9,1,0.0,0.0,2.5,wave,3483,0,0,0.246626471432673,True
18,9,2,0.0,0.0,2.5,wave,3444,0,0,0.24912891986062718,True
18,9,3,0.0,0.0,2.5,wave,3410,0,0,0.25161290322580643,True
18,9,4,0.0,0.0,2.5,wave,3369,0,0,0.25467497773820125,True
18,9,5,0.0,0.0,2.5,wave,3328,0,0,0.25631009615384615,True
18,9,6,0.0,0.0,2.5,wave,3293,0,0,0.25873064075311264,True
18,9,7,0.0,0.0,2.5,wave,3238,0,0,0.2603458925262508,True
18,9,8,0.0,0.0,2.5,wave,3192,0,0,0.26221804511278196,True
18,9,9,0.0,0.0,2.5,wave,3132,0,0,0.2662835249042146,True
18,9,10,0.0,0.0,2.5,wave,3097,0,0,0.26800129157248953,True
18,9,11,0.0,0.0,2.5,wave,3064,0,0,0.26925587467362927,True
18,9,12,0.0,0.0,2.5,wave,3017,0,0,0.2701358965860126,True
18,9,13,0.0,0.0,2.5,wave,2993,0,0,0.2726361510190444,True
18,9,14,0.0,0.0,2.5,wave,2959,0,0,0.2764447448462318,True
18,9,15,0.0,0.0,2.5,wave,2921,0,0,0.28072577884286204,True
18,9,16,0.0,0.0,2.5,wave,2878,0,0,0.28144544822793605,True
18,9,17,0.0,0.0,2.5,wave,2848,0,0,0.28405898876404495,True
18,9,18,0.0,0.0,2.5,wave,6028,0,0,0.12408759124087591,True
18,9,19,0.0,0.0,2.5,wave,5934,0,0,0.12723289518031683,True
18,9,20,0.0,0.0,2.5,wave,5828,0,0,0.13040494166094715,True
18,9,21,0.0,0.0,2.5,wave,5716,0,0,0.13313505948215534,True
18,9,22,0.0,0.0,2.5,wave,5592,0,0,0.13626609442060086,True
18,9,23,0.0,0.0,2.5,wave,5515,0,0,0.1387126019945603,True
18,9,24,0.0,0.0,2.5,wave,5412,0,0,0.1419068736141907,True
18,9,25,0.0,0.0,2.5,wave,5296,0,0,0.14652567975830816,True
18,9,26,0.0,0.0,2.5,wave,5199,0,0,0.14945181765724178,True
18,9,27,0.0,0.0,2.5,wave,5096,0,0,0.15286499215070642,True
18,9,28,0.0,0.0,2.5,wave,4964,0,0,0.15531829170024175,True
18,9,29,0.0,0.0,2.5,wave,4853,0,0,0.16031320832474757,True
18,9,30,0.0,0.0,2.5,wave,4738,0,0,0.16209371042634022,True
18,9,31,0.0,0.0,2.5,wave,4618,0,0,0.16738847986141187,True
18,9,32,0.0,0.0,2.5,wave,4526,0,0,0.16924436588599204,True
18,9,33,0.0,0.0,2.5,wave,4419,0,0,0.17402127178094592,True
18,9,34,0.0,0.0,2.5,wave,4355,0,0,0.17543053960964408,True
18,9,35,0.0,0.0,2.5,wave,4299,0,0,0.1770179111421261,True
18,9,36,0.0,0.0,2.5,wave,4212,0,0,0.1785375118708452,True
18,9,37,0.0,0.0,2.5,wave,4121,0,0,0.18320795923319583,True
18,9,38,0.0,0.0,2.5,wave,4053,0,0,0.1855415741426104,True
18,9,39,0.0,0.0,2.5,wave,3990,0,0,0.18972431077694235,True
18,9,40,0.0,0.0,2.5,wave,3935,0,0,0.1933926302414231,True
18,9,41,0.0,0.0,2.5,wave,3878,0,0,0.19804022692109335,True
18,9,42,0.0,0.0,2.5,wave,3840,0,0,0.20104166666666667,True
18,9,43,0.0,0.0,2.5,wave,4277,0,0,0.25040916530278234,True
18,9,44,0.0,0.0,2.5,wave,4078,0,0,0.23761647866601276,True
18,9,45,0.0,0.0,2.5,wave,3964,0,0,0.23435923309788093,True
18,9,46,0.0,0.0,2.5,wave,3909,0,0,0.2320286518291123,True
18,9,47,0.0,0.0,2.5,wave,3869,0,0,0.22977513569397778,True
18,9,48,0.0,0.0,2.5,wave,3832,0,0,0.23277661795407098,True
18,9,49,0.0,0.0,2.5,wave,3808,0,0,0.23319327731092437,True
18,9,50,0.0,0.0,2.5,wave,3769,0,0,0.2350756168745025,True
18,9,51,0.0,0.0,2.5,wave,3730,0,0,0.23806970509383377,True
18,9,52,0.0,0.0,2.5,wave,3700,0,0,0.24,True
18,10,1,0.0,0.0,2.5,wave,3672,0,0,0.24155773420479304,True
18,10,2,0.0,0.0,2.5,wave,3633,0,0,0.24497660335810625,True
18,10,3,0.0,0.0,2.5,wave,3597,0,0,0.24881845982763415,True
18,10,4,0.0,0.0,2.5,wave,3575,0,0,0.2514685314685315,True
18,10,5,0.0,0.0,2.5,wave,3516,0,0,0.2556882821387941,True
18,10,6,0.0,0.0,2.5,wave,3463,0,0,0.2619116373086919,True
18,10,7,0.0,0.0,2.5,wave,3438,0,0,0.2638161721931355,True
18,10,8,0.0,0.0,2.5,wave,3395,0,0,0.2671575846833579,True
18,10,9,0.0,0.0,2.5,wave,3370,0,0,0.26943620178041544,True
18,10,10,0.0,0.0,2.5,wave,3329,0,0,0.27035145689396217,True
18,10,11,0.0,0.0,2.5,wave,3301,0,0,0.27506816116328386,True
18,10,12,0.0,0.0,2.5,wave,3262,0,0,0.2749846719803801,True
18,10,13,0.0,0.0,2.5,wave,3227,0,0,0.2773473814688565,True
18,10,14,0.0,0.0,2.5,wave,3174,0,0,0.27977315689981097,True
18,10,15,0.0,0.0,2.5,wave,3142,0,0,0.282622533418205,True
18,10,16,0.0,0.0,2.5,wave,3109,0,0,0.28401415246059825,True
18,10,17,0.0,0.0,2.5,wave,3071,0,0,0.28622598502116575,True
18,10,18,0.0,0.0,2.5,wave,6556,0,0,0.12904209884075657,True
18,10,19,0.0,0.0,2.5,wave,6480,0,0,0.13117283950617284,True
18,10,20,0.0,0.0,2.5,wave,6326,0,0,0.1356307303193171,True
18,10,21,0.0,0.0,2.5,wave,6190,0,0,0.13861066235864297,True
18,10,22,0.0,0.0,2.5,wave,6042,0,0,0.14250248262164847,True
18,10,23,0.0,0.0,2.5,wave,5915,0,0,0.14420963651732882,True
18,10,24,0.0,0.0,2.5,wave,5781,0,0,0.14582252205500779,True
18,10,25,0.0,0.0,2.5,wave,5641,0,0,0.1501506825031023,True
18,10,26,0.0,0.0,2.5,wave,5542,0,0,0.1526524720317575,True
18,10,27,0.0,0.0,2.5,wave,5450,0,0,0.15541284403669725,True
18,10,28,0.0,0.0,2.5,wave,5325,0,0,0.15849765258215961,True
18,10,29,0.0,0.0,2.5,wave,5214,0,0,0.16206367472190256,True
18,10,30,0.0,0.0,2.5,wave,5106,0,0,0.16412064238151194,True
18,10,31,0.0,0.0,2.5,wave,5024,0,0,0.1675955414012739,True
18,10,32,0.0,0.0,2.5,wave,4938,0,0,0.1709194005670312,True
18,10,33,0.0,0.0,2.5,wave,4873,0,0,0.17422532320952186,True
18,10,34,0.0,0.0,2.5,wave,4787,0,0,0.17631084186337997,True
18,10,35,0.0,0.0,2.5,wave,4668,0,0,0.17866323907455012,True
18,10,36,0.0,0.0,2.5,wave,4552,0,0,0.18211775043936732,True
18,10,37,0.0,0.0,2.5,wave,4440,0,0,0.18536036036036035,True
18,10,38,0.0,0.0,2.5,wave,4381,0,0,0.18694362017804153,True
18,10,39,0.0,0.0,2.5,wave,4323,0,0,0.1885264862364099,True
18,10,40,0.0,0.0,2.5,wave,4279,0,0,0.19046506193035756,True
18,10,41,0.0,0.0,2.5,wave,4253,0,0,0.1939807194921232,True
18,10,42,0.0,0.0,2.5,wave,4198,0,0,0.19747498808956646,True
18,10,43,0.0,0.0,2.5,wave,4538,0,0,0.250771264874394,True
18,10,44,0.0,0.0,2.5,wave,4292,0,0,0.23345759552656103,True
18,10,45,0.0,0.0,2.5,wave,4202,0,0,0.22941456449309852,True
18,10,46,0.0,0.0,2.5,wave,4099,0,0,0.2244449865820932,True
18,10,47,0.0,0.0,2.5,wave,4053,0,0,0.22699235134468296,True
18,10,48,0.0,0.0,2.5,wave,3978,0,0,0.2264957264957265,True
18,10,49,0.0,0.0,2.5,wave,3934,0,0,0.23106253177427555,True
18,10,50,0.0,0.0,2.5,wave,3899,0,0,0.23441908181585022,True
18,10,51,0.0,0.0,2.5,wave,3871,0,0,0.23533970550245414,True
18,10,52,0.0,0.0,2.5,wave,3839,0,0,0.2401667100807502,True
18,11,1,0.0,0.0,2.5,wave,3780,0,0,0.24444444444444444,True
18,11,2,0.0,0.0,2.5,wave,3740,0,0,0.24732620320855614,True
18,11,3,0.0,0.0,2.5,wave,3702,0,0,0.24959481361426256,True
18,11,4,0.0,0.0,2.5,wave,3653,0,0,0.2513003011223652,True
18,11,5,0.0,0.0,2.5,wave,3604,0,0,0.25527192008879024,True
18,11,6,0.0,0.0,2.5,wave,3567,0,0,0.2590412111017662,True
18,11,7,0.0,0.0,2.5,wave,3519,0,0,0.26143790849673204,True
18,11,8,0.0,0.0,2.5,wave,3466,0,0,0.26341604154645126,True
18,11,9,0.0,0.0,2.5,wave,3422,0,0,0.2659263588544711,True
18,11,10,0.0,0.0,2.5,wave,3369,0,0,0.2659542891065598,True
18,11,11,0.0,0.0,2.5,wave,3322,0,0,0.27001806140878987,True
18,11,12,0.0,0.0,2.5,wave,3289,0,0,0.27120705381574944,True
18,11,13,0.0,0.0,2.5,wave,3242,0,0,0.2745219000616903,True
18,11,14,0.0,0.0,2.5,wave,3202,0,0,0.2754528419737664,True
18,11,15,0.0,0.0,2.5,wave,3168,0,0,0.27904040404040403,True
18,11,16,0.0,0.0,2.5,wave,3138,0,0,0.2820267686424474,True
18,11,17,0.0,0.0,2.5,wave,3103,0,0,0.2852078633580406,True
18,11,18,0.0,0.0,2.5,wave,6571,0,0,0.12555166641302692,True
18,11,19,0.0,0.0,2.5,wave,6472,0,0,0.1283992583436341,True
18,11,20,0.0,0.0,2.5,wave,6355,0,0,0.13076317859952793,True
18,11,21,0.0,0.0,2.5,wave,6230,0,0,0.1333868378812199,True
18,11,22,0.0,0.0,2.5,wave,6091,0,0,0.13560991626990643,True
18,11,23,0.0,0.0,2.5,wave,5972,0,0,0.13914936369725386,True
18,11,24,0.0,0.0,2.5,wave,5890,0,0,0.1431239388794567,True
18,11,25,0.0,0.0,2.5,wave,5779,0,0,0.14500778681432774,True
18,11,26,0.0,0.0,2.5,wave,5655,0,0,0.14818744473916887,True
18,11,27,0.0,0.0,2.5,wave,5544,0,0,0.15115440115440115,True
18,11,28,0.0,0.0,2.5,wave,5455,0,0,0.15545371219065077,True
18,11,29,0.0,0.0,2.5,wave,5366,0,0,0.15859112933283637,True
18,11,30,0.0,0.0,2.5,wave,5292,0,0,0.1617535903250189,True
18,11,31,0.0,0.0,2.5,wave,5199,0,0,0.16330063473744952,True
18,11,32,0.0,0.0,2.5,wave,5085,0,0,0.1657817109144543,True
18,11,33,0.0,0.0,2.5,wave,5004,0,0,0.1684652278177458,True
18,11,34,0.0,0.0,2.5,wave,4905,0,0,0.1710499490316004,True
18,11,35,0.0,0.0,2.5,wave,4807,0,0,0.17432910339088828,True
18,11,36,0.0,0.0,2.5,wave,4720,0,0,0.17648305084745763,True
18,11,37,0.0,0.0,2.5,wave,4650,0,0,0.17913978494623656,True
18,11,38,0.0,0.0,2.5,wave,4579,0,0,0.18191744922472156,True
18,11,39,0.0,0.0,2.5,wave,4526,0,0,0.1855943437914273,True
18,11,40,0.0,0.0,2.5,wave,4461,0,0,0.18762609280430398,True
18,11,41,0.0,0.0,2.5,wave,4419,0,0,0.19031455080334916,True
18,11,42,0.0,0.0,2.5,wave,4369,0,0,0.1931792172121767,True
18,11,43,0.0,0.0,2.5,wave,4850,0,0,0.2445360824742268,True
18,11,44,0.0,0.0,2.5,wave,4617,0,0,0.2300194931773879,True
18,11,45,0.0,0.0,2.5,wave,4460,0,0,0.22354260089686098,True
18,11,46,0.0,0.0,2.5,wave,4358,0,0,0.2200550711335475,True
18,11,47,0.0,0.0,2.5,wave,4301,0,0,0.21901883282957452,True
18,11,48,0.0,0.0,2.5,wave,4246,0,0,0.22067828544512483,True
18,11,49,0.0,0.0,2.5,wave,4204,0,0,0.22407231208372977,True
18,11,50,0.0,0.0,2.5,wave,4173,0,0,0.22693505871075964,True
18,11,51,0.0,0.0,2.5,wave,4127,0,0,0.22873758177853162,True
18,11,52,0.0,0.0,2.5,wave,4083,0,0,0.2304677932892481,True
19,1,1,0.0,0.0,2.5,wave,2712,0,0,0.0014749262536873156,True
19,1,2,0.0,0.0,2.5,wave,2669,0,0,0.0033720494567253652,True
19,1,3,0.0,0.0,2.5,wave,2602,0,0,0.006149116064565719,True
19,1,4,0.0,0.0,2.5,wave,2535,0,0,0.007495069033530572,True
19,1,5,0.0,0.0,2.5,wave,2470,0,0,0.010931174089068825,True
19,1,6,0.0,0.0,2.5,wave,2402,0,0,0.013738551207327226,True
19,1,7,0.0,0.0,2.5,wave,2346,0,0,0.01577152600170503,True
19,1,8,0.0,0.0,2.5,wave,2312,0,0,0.01730103806228374,True
19,1,9,0.0,0.0,2.5,wave,2243,0,0,0.017387427552385197,True
19,1,10,0.0,0.0,2.5,wave,2197,0,0,0.020482476103777878,True
19,1,11,0.0,0.0,2.5,wave,2150,0,0,0.021395348837209303,True
19,1,12,0.0,0.0,2.5,wave,2106,0,0,0.023741690408357077,True
19,1,13,0.0,0.0,2.5,wave,2069,0,0,0.02609956500724988,True
19,1,14,0.0,0.0,2.5,wave,2022,0,0,0.028684470820969338,True
19,1,15,0.0,0.0,2.5,wave,1954,0,0,0.02917093142272262,True
19,1,16,0.0,0.0,2.5,wave,1915,0,0,0.030287206266318537,True
19,1,17,0.0,0.0,2.5,wave,1874,0,0,0.033084311632870865,True
19,1,18,0.0,0.0,2.5,wave,5451,0,0,0.013575490735644836,True
19,1,19,0.0,0.0,2.5,wave,5311,0,0,0.01638109583882508,True
19,1,20,0.0,0.0,2.5,wave,5132,0,0,0.017926734216679657,True
19,1,21,0.0,0.0,2.5,wave,4977,0,0,0.020092425155716295,True
19,1,22,0.0,0.0,2.5,wave,4825,0,0,0.02300518134715026,True
19,1,23,0.0,0.0,2.5,wave,4655,0,0,0.023845327604726102,True
19,1,24,0.0,0.0,2.5,wave,4468,0,0,0.026186213070725158,True
19,1,25,0.0,0.0,2.5,wave,4234,0,0,0.027633443552196504,True
19,1,26,0.0,0.0,2.5,wave,4074,0,0,0.029455081001472753,True
19,1,27,0.0,0.0,2.5,wave,3982,0,0,0.03088900050226017,True
19,1,28,0.0,0.0,2.5,wave,3894,0,0,0.032357473035439135,True
19,1,29,0.0,0.0,2.5,wave,3805,0,0,0.03337713534822602,True
19,1,30,0.0,0.0,2.5,wave,3700,0,0,0.0372972972972973,True
19,1,31,0.0,0.0,2.5,wave,3591,0,0,0.03926482873851295,True
19,1,32,0.0,0.0,2.5,wave,3474,0,0,0.04317789291882556,True
19,1,33,0.0,0.0,2.5,wave,3391,0,0,0.04364494249483928,True
19,1,34,0.0,0.0,2.5,wave,3321,0,0,0.045167118337850046,True
19,1,35,0.0,0.0,2.5,wave,3246,0,0,0.0474430067775724,True
19,1,36,0.0,0.0,2.5,wave,3187,0,0,0.04989017885158456,True
19,1,37,0.0,0.0,2.5,wave,3122,0,0,0.051889814221652786,True
19,1,38,0.0,0.0,2.5,wave,3061,0,0,0.05423064358052924,True
19,1,39,0.0,0.0,2.5,wave,3011,0,0,0.055795416805048154,True
19,1,40,0.0,0.0,2.5,wave,2950,0,0,0.05593220338983051,True
19,1,41,0.0,0.0,2.5,wave,2908,0,0,0.056052269601100414,True
19,1,42,0.0,0.0,2.5,wave,2821,0,0,0.058844381425026585,True
19,1,43,0.0,0.0,2.5,wave,3266,0,0,0.11971830985915492,True
19,1,44,0.0,0.0,2.5,wave,3059,0,0,0.10199411572409284,True
19,1,45,0.0,0.0,2.5,wave,2933,0,0,0.09273781111489943,True
19,1,46,0.0,0.0,2.5,wave,2839,0,0,0.08629799225079253,True
19,1,47,0.0,0.0,2.5,wave,2791,0,0,0.08993192404156217,True
19,1,48,0.0,0.0,2.5,wave,2742,0,0,0.09117432530999271,True
19,1,49,0.0,0.0,2.5,wave,2705,0,0,0.09500924214417746,True
19,1,50,0.0,0.0,2.5,wave,2659,0,0,0.09665287702143663,True
19,1,51,0.0,0.0,2.5,wave,2615,0,0,0.0994263862332696,True
19,1,52,0.0,0.0,2.5,wave,2581,0,0,0.09802402169701666,True
19,2,1,0.0,0.0,2.5,wave,2547,24,2,0.1044365920691009,False
19,2,2,0.0,0.0,2.5,wave,2511,28,8,0.10593389088012745,False
19,2,3,0.0,0.0,2.5,wave,2470,31,12,0.10728744939271255,False
19,2,4,0.0,0.0,2.5,wave,2441,26,13,0.11102007374027038,False
19,2,5,0.0,0.0,2.5,wave,2404,26,12,0.11231281198003328,False
19,2,6,0.0,0.0,2.5,wave,2369,29,9,0.11397214014352047,False
19,2,7,0.0,0.0,2.5,wave,2334,27,9,0.11396743787489289,False
19,2,8,0.0,0.0,2.5,wave,2297,28,11,0.12276882890727035,False
19,2,9,0.0,0.0,2.5,wave,2270,30,11,0.12422907488986784,False
19,2,10,0.0,0.0,2.5,wave,2243,28,7,0.12527864467231387,False
19,2,11,0.0,0.0,2.5,wave,2211,24,7,0.12709181365897784,False
19,2,12,0.0,0.0,2.5,wave,2175,32,9,0.13011494252873562,False
19,2,13,0.0,0.0,2.5,wave,2143,34,9,0.13252449836677554,False
19,2,14,0.0,0.0,2.5,wave,2112,41,15,0.13825757575757575,False
19,2,15,0.0,0.0,2.5,wave,2088,45,19,0.13984674329501914,False
19,2,16,0.0,0.0,2.5,wave,2055,46,18,0.1416058394160584,False
19,2,17,0.0,0.0,2.5,wave,2021,41,17,0.1425037110341415,False
19,2,18,0.0,0.0,2.5,wave,3897,37,15,0.07569925583782397,False
19,2,19,0.0,0.0,2.5,wave,3820,42,13,0.07801047120418848,False
19,2,20,0.0,0.0,2.5,wave,3732,55,11,0.08145766345123258,False
19,2,21,0.0,0.0,2.5,wave,3659,60,17,0.08417600437277944,False
19,2,22,0.0,0.0,2.5,wave,3562,64,25,0.08562605277933745,False
19,2,23,0.0,0.0,2.5,wave,3455,62,27,0.08885672937771345,False
19,2,24,0.0,0.0,2.5,wave,3386,62,24,0.09214412285883047,False
19,2,25,0.0,0.0,2.5,wave,3293,50,19,0.09626480412997267,False
19,2,26,0.0,0.0,2.5,wave,3233,49,16,0.09959789669038045,False
19,2,27,0.0,0.0,2.5,wave,3143,51,14,0.10308622335348393,False
19,2,28,0.0,0.0,2.5,wave,3081,50,14,0.10645894190197988,False
19,2,29,0.0,0.0,2.5,wave,3012,54,16,0.10922974767596282,False
19,2,30,0.0,0.0,2.5,wave,2967,54,20,0.11054937647455342,False
19,2,31,0.0,0.0,2.5,wave,2895,49,21,0.11329879101899827,False
19,2,32,0.0,0.0,2.5,wave,2814,45,20,0.11691542288557213,False
19,2,33,0.0,0.0,2.5,wave,2739,40,18,0.12011683096020445,False
19,2,34,0.0,0.0,2.5,wave,2672,34,14,0.12350299401197605,False
19,2,35,0.0,0.0,2.5,wave,2612,29,12,0.12787136294027565,False
19,2,36,0.0,0.0,2.5,wave,2550,22,7,0.13098039215686275,False
19,2,37,0.0,0.0,2.5,wave,2505,19,6,0.13373253493013973,False
19,2,38,0.0,0.0,2.5,wave,2466,18,10,0.1362530413625304,False
19,2,39,0.0,0.0,2.5,wave,2432,15,8,0.13939144736842105,False
19,2,40,0.0,0.0,2.5,wave,2392,11,3,0.14088628762541805,False
19,2,41,0.0,0.0,2.5,wave,2362,11,4,0.14648602878916173,False
19,2,42,0.0,0.0,2.5,wave,2326,12,5,0.15047291487532244,False
19,2,43,0.0,0.0,2.5,wave,2609,16,9,0.21847451130701417,False
19,2,44,0.0,0.0,2.5,wave,2408,13,6,0.19019933554817275,False
19,2,45,0.0,0.0,2.5,wave,2323,8,4,0.18338355574687903,False
19,2,46,0.0,0.0,2.5,wave,2288,8,4,0.18138111888111888,False
19,2,47,0.0,0.0,2.5,wave,2263,6,4,0.1864781263809103,False
19,2,48,0.0,0.0,2.5,wave,2224,6,3,0.18839928057553956,False
19,2,49,0.0,0.0,2.5,wave,2219,3,0,0.19378098242451555,False
19,2,50,0.0,0.0,2.5,wave,2203,3,3,0.19473445301861098,False
19,2,51,0.0,0.0,2.5,wave,2177,10,3,0.19614147909967847,False
19,2,52,0.0,0.0,2.5,wave,2165,7,1,0.20092378752886836,False
19,3,1,0.0,0.0,2.5,wave,2130,10,1,0.20469483568075117,False
19,3,2,0.0,0.0,2.5,wave,2118,8,3,0.20396600566572237,False
19,3,3,0.0,0.0,2.5,wave,2088,9,4,0.2049808429118774,False
19,3,4,0.0,0.0,2.5,wave,2075,8,3,0.20867469879518072,False
19,3,5,0.0,0.0,2.5,wave,2056,12,4,0.21108949416342412,False
19,3,6,0.0,0.0,2.5,wave,2033,12,5,0.21298573536645352,False
19,3,7,0.0,0.0,2.5,wave,2007,10,5,0.2147483806676632,False
19,3,8,0.0,0.0,2.5,wave,1981,8,4,0.21706208985360928,False
19,3,9,0.0,0.0,2.5,wave,1951,7,3,0.22193746796514607,False
19,3,10,0.0,0.0,2.5,wave,1936,5,3,0.22365702479338842,False
19,3,11,0.0,0.0,2.5,wave,1909,4,4,0.22472498690413828,False
19,3,12,0.0,0.0,2.5,wave,1890,2,2,0.22698412698412698,False
19,3,13,0.0,0.0,2.5,wave,1865,0,0,0.23002680965147454,True
19,3,14,0.0,0.0,2.5,wave,1853,0,0,0.23205612520237454,True
19,3,15,0.0,0.0,2.5,wave,1837,0,0,0.23353293413173654,True
19,3,16,0.0,0.0,2.5,wave,1823,0,0,0.235874931431706,True
19,3,17,0.0,0.0,2.5,wave,1804,0,0,0.23669623059866962,True
19,3,18,0.0,0.0,2.5,wave,4008,0,0,0.10778443113772455,True
19,3,19,0.0,0.0,2.5,wave,3957,0,0,0.10993176648976498,True
19,3,20,0.0,0.0,2.5,wave,3872,0,0,0.11286157024793389,True
19,3,21,0.0,0.0,2.5,wave,3774,0,0,0.11579226285108637,True
19,3,22,0.0,0.0,2.5,wave,3647,0,0,0.12119550315327667,True
19,3,23,0.0,0.0,2.5,wave,3556,0,0,0.12373453318335208,True
19,3,24,0.0,0.0,2.5,wave,3500,0,0,0.12885714285714286,True
19,3,25,0.0,0.0,2.5,wave,3425,0,0,0.13138686131386862,True
19,3,26,0.0,0.0,2.5,wave,3343,0,0,0.13490876458271014,True
19,3,27,0.0,0.0,2.5,wave,3270,0,0,0.1363914373088685,True
19,3,28,0.0,0.0,2.5,wave,3217,0,0,0.1364625427416848,True
19,3,29,0.0,0.0,2.5,wave,3145,0,0,0.1383147853736089,True
19,3,30,0.0,0.0,2.5,wave,3079,0,0,0.14257875933744724,True
19,3,31,0.0,0.0,2.5,wave,2996,0,0,0.14819759679572764,True
19,3,32,0.0,0.0,2.5,wave,2925,0,0,0.14905982905982906,True
19,3,33,0.0,0.0,2.5,wave,2870,0,0,0.15365853658536585,True
19,3,34,0.0,0.0,2.5,wave,2815,0,0,0.1570159857904085,True
19,3,35,0.0,0.0,2.5,wave,2755,0,0,0.16152450090744103,True
19,3,36,0.0,0.0,2.5,wave,2701,0,0,0.16586449463161793,True
19,3,37,0.0,0.0,2.5,wave,2635,0,0,0.16774193548387098,True
19,3,38,0.0,0.0,2.5,wave,2589,0,0,0.17072228659714175,True
19,3,39,0.0,0.0,2.5,wave,2543,0,0,0.17145104207628786,True
19,3,40,0.0,0.0,2.5,wave,2515,0,0,0.17335984095427434,True
19,3,41,0.0,0.0,2.5,wave,2478,0,0,0.17393058918482648,True
19,3,42,0.0,0.0,2.5,wave,2449,0,0,0.175990200081666,True
19,3,43,0.0,0.0,2.5,wave,2848,0,0,0.24157303370786518,True
19,3,44,0.0,0.0,2.5,wave,2643,0,0,0.22512296632614454,True
19,3,45,0.0,0.0,2.5,wave,2518,0,0,0.21604447974583002,True
19,3,46,0.0,0.0,2.5,wave,2453,0,0,0.20994700366897676,True
19,3,47,0.0,0.0,2.5,wave,2404,0,0,0.20923460898502497,True
19,3,48,0.0,0.0,2.5,wave,2389,0,0,0.21347844286312265,True
19,3,49,0.0,0.0,2.5,wave,2380,0,0,0.21176470588235294,True
19,3,50,0.0,0.0,2.5,wave,2359,0,0,0.21195421788893598,True
19,3,51,0.0,0.0,2.5,wave,2340,0,0,0.21666666666666667,True
19,3,52,0.0,0.0,2.5,wave,2314,0,0,0.21823681936041486,True
19,4,1,0.0,0.0,2.5,wave,2290,0,0,0.22270742358078602,True
19,4,2,0.0,0.0,2.5,wave,2265,0,0,0.223841059602649,True
19,4,3,0.0,0.0,2.5,wave,2247,0,0,0.23052959501557632,True
19,4,4,0.0,0.0,2.5,wave,2220,0,0,0.23198198198198197,True
19,4,5,0.0,0.0,2.5,wave,2200,0,0,0.23227272727272727,True
19,4,6,0.0,0.0,2.5,wave,2176,0,0,0.23345588235294118,True
19,4,7,0.0,0.0,2.5,wave,2157,0,0,0.2364394993045897,True
19,4,8,0.0,0.0,2.5,wave,2134,0,0,0.24039362699156513,True
19,4,9,0.0,0.0,2.5,wave,2113,0,0,0.24704212020823474,True
19,4,10,0.0,0.0,2.5,wave,2089,0,0,0.25035902345619915,True
19,4,11,0.0,0.0,2.5,wave,2070,0,0,0.2536231884057971,True
19,4,12,0.0,0.0,2.5,wave,2042,0,0,0.25612144955925564,True
19,4,13,0.0,0.0,2.5,wave,2015,0,0,0.25856079404466503,True
19,4,14,0.0,0.0,2.5,wave,1993,0,0,0.2579026593075765,True
19,4,15,0.0,0.0,2.5,wave,1973,0,0,0.2615306639635073,True
19,4,16,0.0,0.0,2.5,wave,1951,0,0,0.2639671963095848,True
19,4,17,0.0,0.0,2.5,wave,1935,0,0,0.26666666666666666,True
19,4,18,0.0,0.0,2.5,wave,4058,0,0,0.12617052735337606,True
19,4,19,0.0,0.0,2.5,wave,3996,0,0,0.13063063063063063,True
19,4,20,0.0,0.0,2.5,wave,3948,0,0,0.13221884498480244,True
19,4,21,0.0,0.0,2.5,wave,3862,0,0,0.13516312791299845,True
19,4,22,0.0,0.0,2.5,wave,3768,0,0,0.13667728237791932,True
19,4,23,0.0,0.0,2.5,wave,3668,0,0,0.14040348964013086,True
19,4,24,0.0,0.0,2.5,wave,3582,0,0,0.14321608040201006,True
19,4,25,0.0,0.0,2.5,wave,3515,0,0,0.14566145092460883,True
19,4,26,0.0,0.0,2.5,wave,3445,0,0,0.14833091436865023,True
19,4,27,0.0,0.0,2.5,wave,3384,0,0,0.15100472813238772,True
19,4,28,0.0,0.0,2.5,wave,3312,0,0,0.15338164251207728,True
19,4,29,0.0,0.0,2.5,wave,3238,0,0,0.15534280420012353,True
19,4,30,0.0,0.0,2.5,wave,3178,0,0,0.16016362492133418,True
19,4,31,0.0,0.0,2.5,wave,3130,0,0,0.16293929712460065,True
19,4,32,0.0,0.0,2.5,wave,3073,0,0,0.1669378457533355,True
19,4,33,0.0,0.0,2.5,wave,3022,0,0,0.17008603573792191,True
19,4,34,0.0,0.0,2.5,wave,2965,0,0,0.17470489038785836,True
19,4,35,0.0,0.0,2.5,wave,2904,0,0,0.17837465564738292,True
19,4,36,0.0,0.0,2.5,wave,2862,0,0,0.18134171907756813,True
19,4,37,0.0,0.0,2.5,wave,2814,0,0,0.18230277185501065,True
19,4,38,0.0,0.0,2.5,wave,2774,0,0,0.18421052631578946,True
19,4,39,0.0,0.0,2.5,wave,2734,0,0,0.1850768105340161,True
19,4,40,0.0,0.0,2.5,wave,2701,0,0,0.18844872269529803,True
19,4,41,0.0,0.0,2.5,wave,2668,0,0,0.19077961019490255,True
19,4,42,0.0,0.0,2.5,wave,2638,0,0,0.19370735405610312,True
19,4,43,0.0,0.0,2.5,wave,3145,0,0,0.27313195548489666,True
19,4,44,0.0,0.0,2.5,wave,2889,0,0,0.2433367947386639,True
19,4,45,0.0,0.0,2.5,wave,2777,0,0,0.23226503420957867,True
19,4,46,0.0,0.0,2.5,wave,2694,0,0,0.2253155159613957,True
19,4,47,0.0,0.0,2.5,wave,2671,0,0,0.22987645076750282,True
19,4,48,0.0,0.0,2.5,wave,2618,0,0,0.2257448433919022,True
19,4,49,0.0,0.0,2.5,wave,2595,0,0,0.22813102119460502,True
19,4,50,0.0,0.0,2.5,wave,2564,0,0,0.22932917316692666,True
19,4,51,0.0,0.0,2.5,wave,2536,0,0,0.2338328075709779,True
19,4,52,0.0,0.0,2.5,wave,2510,0,0,0.2350597609561753,True
19,5,1,0.0,0.0,2.5,wave,2482,0,0,0.23448831587429492,True
19,5,2,0.0,0.0,2.5,wave,2437,0,0,0.2351251538777185,True
19,5,3,0.0,0.0,2.5,wave,2411,0,0,0.238490253007051,True
19,5,4,0.0,0.0,2.5,wave,2366,0,0,0.23837700760777683,True
19,5,5,0.0,0.0,2.5,wave,2344,0,0,0.24104095563139932,True
19,5,6,0.0,0.0,2.5,wave,2328,0,0,0.24441580756013745,True
19,5,7,0.0,0.0,2.5,wave,2291,0,0,0.24705368834570057,True
19,5,8,0.0,0.0,2.5,wave,2256,0,0,0.250886524822695,True
19,5,9,0.0,0.0,2.5,wave,2229,0,0,0.25527142216240467,True
19,5,10,0.0,0.0,2.5,wave,2202,0,0,0.25567665758401453,True
19,5,11,0.0,0.0,2.5,wave,2180,0,0,0.2591743119266055,True
19,5,12,0.0,0.0,2.5,wave,2154,0,0,0.26508820798514393,True
19,5,13,0.0,0.0,2.5,wave,2126,0,0,0.264346190028222,True
19,5,14,0.0,0.0,2.5,wave,2104,0,0,0.26948669201520914,True
19,5,15,0.0,0.0,2.5,wave,2090,0,0,0.2736842105263158,True
19,5,16,0.0,0.0,2.5,wave,2068,0,0,0.27562862669245647,True
19,5,17,0.0,0.0,2.5,wave,2041,0,0,0.2768250857422832,True
19,5,18,0.0,0.0,2.5,wave,4418,0,0,0.12811226799456768,True
19,5,19,0.0,0.0,2.5,wave,4359,0,0,0.13099334709795823,True
19,5,20,0.0,0.0,2.5,wave,4273,0,0,0.1324596302363679,True
19,5,21,0.0,0.0,2.5,wave,4181,0,0,0.1363310212867735,True
19,5,22,0.0,0.0,2.5,wave,4105,0,0,0.13885505481120586,True
19,5,23,0.0,0.0,2.5,wave,4002,0,0,0.14267866066966517,True
19,5,24,0.0,0.0,2.5,wave,3881,0,0,0.14661169801597526,True
19,5,25,0.0,0.0,2.5,wave,3787,0,0,0.15051491946131504,True
19,5,26,0.0,0.0,2.5,wave,3690,0,0,0.15582655826558264,True
19,5,27,0.0,0.0,2.5,wave,3595,0,0,0.15827538247566064,True
19,5,28,0.0,0.0,2.5,wave,3508,0,0,0.15992018244013684,True
19,5,29,0.0,0.0,2.5,wave,3444,0,0,0.16521486643437863,True
19,5,30,0.0,0.0,2.5,wave,3391,0,0,0.16514302565614863,True
19,5,31,0.0,0.0,2.5,wave,3311,0,0,0.16641498036846875,True
19,5,32,0.0,0.0,2.5,wave,3238,0,0,0.1704756022235948,True
19,5,33,0.0,0.0,2.5,wave,3116,0,0,0.17490372272143775,True
19,5,34,0.0,0.0,2.5,wave,2999,0,0,0.1800600200066689,True
19,5,35,0.0,0.0,2.5,wave,2933,0,0,0.18411183088987385,True
19,5,36,0.0,0.0,2.5,wave,2859,0,0,0.18852745715285066,True
19,5,37,0.0,0.0,2.5,wave,2804,0,0,0.19079885877318117,True
19,5,38,0.0,0.0,2.5,wave,2765,0,0,0.1938517179023508,True
19,5,39,0.0,0.0,2.5,wave,2737,0,0,0.19802703690171722,True
19,5,40,0.0,0.0,2.5,wave,2697,0,0,0.20096403411197628,True
19,5,41,0.0,0.0,2.5,wave,2659,0,0,0.20534035351635954,True
19,5,42,0.0,0.0,2.5,wave,2631,0,0,0.20828582288103384,True
19,5,43,0.0,0.0,2.5,wave,3186,0,0,0.2862523540489642,True
19,5,44,0.0,0.0,2.5,wave,2956,0,0,0.2621786197564276,True
19,5,45,0.0,0.0,2.5,wave,2837,0,0,0.2534367289390201,True
19,5,46,0.0,0.0,2.5,wave,2771,0,0,0.2500902201371346,True
19,5,47,0.0,0.0,2.5,wave,2714,0,0,0.25165806927044954,True
19,5,48,0.0,0.0,2.5,wave,2680,0,0,0.25,True
19,5,49,0.0,0.0,2.5,wave,2648,0,0,0.2526435045317221,True
19,5,50,0.0,0.0,2.5,wave,2619,0,0,0.2554410080183276,True
19,5,51,0.0,0.0,2.5,wave,2584,0,0,0.25580495356037153,True
19,5,52,0.0,0.0,2.5,wave,2549,0,0,0.2565712043938799,True
19,6,1,0.0,0.0,2.5,wave,2525,0,0,0.25782178217821783,True
19,6,2,0.0,0.0,2.5,wave,2494,0,0,0.26263031275060145,True
19,6,3,0.0,0.0,2.5,wave,2456,0,0,0.26384364820846906,True
19,6,4,0.0,0.0,2.5,wave,2422,0,0,0.26548307184145337,True
19,6,5,0.0,0.0,2.5,wave,2397,0,0,0.2665832290362954,True
19,6,6,0.0,0.0,2.5,wave,2374,0,0,0.2687447346251053,True
19,6,7,0.0,0.0,2.5,wave,2350,0,0,0.2714893617021277,True
19,6,8,0.0,0.0,2.5,wave,2321,0,0,0.2722964239551917,True
19,6,9,0.0,0.0,2.5,wave,2291,0,0,0.27586206896551724,True
19,6,10,0.0,0.0,2.5,wave,2270,0,0,0.2779735682819383,True
19,6,11,0.0,0.0,2.5,wave,2236,0,0,0.2817531305903399,True
19,6,12,0.0,0.0,2.5,wave,2217,0,0,0.2837167343256653,True
19,6,13,0.0,0.0,2.5,wave,2194,0,0,0.2835004557885141,True
19,6,14,0.0,0.0,2.5,wave,2167,0,0,0.2870327641901246,True
19,6,15,0.0,0.0,2.5,wave,2133,0,0,0.2906704172526957,True
19,6,16,0.0,0.0,2.5,wave,2112,0,0,0.2935606060606061,True
19,6,17,0.0,0.0,2.5,wave,2095,0,0,0.29498806682577566,True
19,6,18,0.0,0.0,2.5,wave,4440,0,0,0.14076576576576577,True
19,6,19,0.0,0.0,2.5,wave,4357,0,0,0.14321781042001377,True
19,6,20,0.0,0.0,2.5,wave,4293,0,0,0.14581877474959237,True
19,6,21,0.0,0.0,2.5,wave,4213,0,0,0.14882506527415143,True
19,6,22,0.0,0.0,2.5,wave,4129,0,0,0.1518527488496004,True
19,6,23,0.0,0.0,2.5,wave,4055,0,0,0.15388409371146733,True
19,6,24,0.0,0.0,2.5,wave,3964,0,0,0.15716448032290614,True
19,6,25,0.0,0.0,2.5,wave,3862,0,0,0.16209218021750388,True
19,6,26,0.0,0.0,2.5,wave,3753,0,0,0.16573407940314416,True
19,6,27,0.0,0.0,2.5,wave,3683,0,0,0.1669834374151507,True
19,6,28,0.0,0.0,2.5,wave,3611,0,0,0.1689282747161451,True
19,6,29,0.0,0.0,2.5,wave,3545,0,0,0.17263751763046545,True
19,6,30,0.0,0.0,2.5,wave,3478,0,0,0.1765382403680276,True
19,6,31,0.0,0.0,2.5,wave,3417,0,0,0.1788118232367574,True
19,6,32,0.0,0.0,2.5,wave,3351,0,0,0.18203521336914355,True
19,6,33,0.0,0.0,2.5,wave,3278,0,0,0.18822452715070165,True
19,6,34,0.0,0.0,2.5,wave,3216,0,0,0.1927860696517413,True
19,6,35,0.0,0.0,2.5,wave,3153,0,0,0.1953694893751982,True
19,6,36,0.0,0.0,2.5,wave,3073,0,0,0.20110641067360885,True
19,6,37,0.0,0.0,2.5,wave,3020,0,0,0.2029801324503311,True
19,6,38,0.0,0.0,2.5,wave,2996,0,0,0.20293724966622162,True
19,6,39,0.0,0.0,2.5,wave,2961,0,0,0.2060114826072273,True
19,6,40,0.0,0.0,2.5,wave,2921,0,0,0.2078055460458747,True
19,6,41,0.0,0.0,2.5,wave,2887,0,0,0.2109456182888812,True
19,6,42,0.0,0.0,2.5,wave,2850,0,0,0.21473684210526317,True
19,6,43,0.0,0.0,2.5,wave,3398,0,0,0.28605061801059445,True
19,6,44,0.0,0.0,2.5,wave,3163,0,0,0.26683528295921594,True
19,6,45,0.0,0.0,2.5,wave,3040,0,0,0.25921052631578945,True
19,6,46,0.0,0.0,2.5,wave,2960,0,0,0.2516891891891892,True
19,6,47,0.0,0.0,2.5,wave,2900,0,0,0.2506896551724138,True
19,6,48,0.0,0.0,2.5,wave,2852,0,0,0.2503506311360449,True
19,6,49,0.0,0.0,2.5,wave,2805,0,0,0.2516934046345811,True
19,6,50,0.0,0.0,2.5,wave,2756,0,0,0.2539912917271408,True
19,6,51,0.0,0.0,2.5,wave,2732,0,0,0.2587847730600293,True
19,6,52,0.0,0.0,2.5,wave,2681,0,0,0.25811264453562105,True
19,7,1,0.0,0.0,2.5,wave,2660,0,0,0.26090225563909775,True
19,7,2,0.0,0.0,2.5,wave,2619,0,0,0.2623138602520046,True
19,7,3,0.0,0.0,2.5,wave,2586,0,0,0.26450116009280744,True
19,7,4,0.0,0.0,2.5,wave,2555,0,0,0.26614481409001955,True
19,7,5,0.0,0.0,2.5,wave,2521,0,0,0.2685442284807616,True
19,7,6,0.0,0.0,2.5,wave,2488,0,0,0.2713022508038585,True
19,7,7,0.0,0.0,2.5,wave,2464,0,0,0.273538961038961,True
19,7,8,0.0,0.0,2.5,wave,2427,0,0,0.27812113720642767,True
19,7,9,0.0,0.0,2.5,wave,2389,0,0,0.28045207199665134,True
19,7,10,0.0,0.0,2.5,wave,2365,0,0,0.280338266384778,True
19,7,11,0.0,0.0,2.5,wave,2335,0,0,0.28008565310492506,True
19,7,12,0.0,0.0,2.5,wave,2319,0,0,0.2828805519620526,True
19,7,13,0.0,0.0,2.5,wave,2281,0,0,0.285839544059623,True
19,7,14,0.0,0.0,2.5,wave,2258,0,0,0.29007971656333037,True
19,7,15,0.0,0.0,2.5,wave,2232,0,0,0.2921146953405018,True
19,7,16,0.0,0.0,2.5,wave,2207,0,0,0.29632985953783414,True
19,7,17,0.0,0.0,2.5,wave,2182,0,0,0.29697525206232817,True
19,7,18,0.0,0.0,2.5,wave,4866,0,0,0.1327579120427456,True
19,7,19,0.0,0.0,2.5,wave,4806,0,0,0.1348314606741573,True
19,7,20,0.0,0.0,2.5,wave,4714,0,0,0.13894781501909206,True
19,7,21,0.0,0.0,2.5,wave,4629,0,0,0.140851155757183,True
19,7,22,0.0,0.0,2.5,wave,4550,0,0,0.1443956043956044,True
19,7,23,0.0,0.0,2.5,wave,4443,0,0,0.1485482781904119,True
19,7,24,0.0,0.0,2.5,wave,4353,0,0,0.15138984608316103,True
19,7,25,0.0,0.0,2.5,wave,4279,0,0,0.15517644309418088,True
19,7,26,0.0,0.0,2.5,wave,4218,0,0,0.15860597439544807,True
19,7,27,0.0,0.0,2.5,wave,4129,0,0,0.1622668927100993,True
19,7,28,0.0,0.0,2.5,wave,4025,0,0,0.1672049689440994,True
19,7,29,0.0,0.0,2.5,wave,3925,0,0,0.17248407643312103,True
19,7,30,0.0,0.0,2.5,wave,3847,0,0,0.17572134130491293,True
19,7,31,0.0,0.0,2.5,wave,3772,0,0,0.17762460233297986,True
19,7,32,0.0,0.0,2.5,wave,3674,0,0,0.18209036472509527,True
19,7,33,0.0,0.0,2.5,wave,3619,0,0,0.1843050566454822,True
19,7,34,0.0,0.0,2.5,wave,3539,0,0,0.187341056795705,True
19,7,35,0.0,0.0,2.5,wave,3491,0,0,0.19106273274133487,True
19,7,36,0.0,0.0,2.5,wave,3447,0,0,0.19350159559036845,True
19,7,37,0.0,0.0,2.5,wave,3380,0,0,0.19615384615384615,True
19,7,38,0.0,0.0,2.5,wave,3341,0,0,0.19814426818317868,True
19,7,39,0.0,0.0,2.5,wave,3279,0,0,0.20036596523330283,True
19,7,40,0.0,0.0,2.5,wave,3213,0,0,0.20043572984749455,True
19,7,41,0.0,0.0,2.5,wave,3162,0,0,0.20240354206198607,True
19,7,42,0.0,0.0,2.5,wave,3140,0,0,0.2070063694267516,True
19,7,43,0.0,0.0,2.5,wave,3750,0,0,0.2792,True
19,7,44,0.0,0.0,2.5,wave,3490,0,0,0.25902578796561604,True
19,7,45,0.0,0.0,2.5,wave,3348,0,0,0.25029868578255676,True
19,7,46,0.0,0.0,2.5,wave,3259,0,0,0.24670144216017184,True
19,7,47,0.0,0.0,2.5,wave,3184,0,0,0.2443467336683417,True
19,7,48,0.0,0.0,2.5,wave,3149,0,0,0.2448396316290886,True
19,7,49,0.0,0.0,2.5,wave,3092,0,0,0.2480595084087969,True
19,7,50,0.0,0.0,2.5,wave,3051,0,0,0.25139298590626025,True
19,7,51,0.0,0.0,2.5,wave,3012,0,0,0.25332005312084993,True
19,7,52,0.0,0.0,2.5,wave,2982,0,0,0.25553319919517103,True
19,8,1,0.0,0.0,2.5,wave,2941,0,0,0.2563753825229514,True
19,8,2,0.0,0.0,2.5,wave,2915,0,0,0.25900514579759865,True
19,8,3,0.0,0.0,2.5,wave,2871,0,0,0.2615813305468478,True
19,8,4,0.0,0.0,2.5,wave,2850,0,0,0.26421052631578945,True
19,8,5,0.0,0.0,2.5,wave,2819,0,0,0.2667612628591699,True
19,8,6,0.0,0.0,2.5,wave,2792,0,0,0.26826647564469913,True
19,8,7,0.0,0.0,2.5,wave,2754,0,0,0.270878721859114,True
19,8,8,0.0,0.0,2.5,wave,2715,0,0,0.2740331491712707,True
19,8,9,0.0,0.0,2.5,wave,2682,0,0,0.2766592095451156,True
19,8,10,0.0,0.0,2.5,wave,2653,0,0,0.2777987184319638,True
19,8,11,0.0,0.0,2.5,wave,2626,0,0,0.2791317593297791,True
19,8,12,0.0,0.0,2.5,wave,2592,0,0,0.2824074074074074,True
19,8,13,0.0,0.0,2.5,wave,2562,0,0,0.28337236533957844,True
19,8,14,0.0,0.0,2.5,wave,2530,0,0,0.28616600790513835,True
19,8,15,0.0,0.0,2.5,wave,2505,0,0,0.288622754491018,True
19,8,16,0.0,0.0,2.5,wave,2477,0,0,0.2898667743237788,True
19,8,17,0.0,0.0,2.5,wave,2450,0,0,0.29306122448979594,True
19,8,18,0.0,0.0,2.5,wave,5404,0,0,0.13360473723168023,True
19,8,19,0.0,0.0,2.5,wave,5326,0,0,0.13725122042808863,True
19,8,20,0.0,0.0,2.5,wave,5229,0,0,0.14075349015108052,True
19,8,21,0.0,0.0,2.5,wave,5126,0,0,0.1443620756925478,True
19,8,22,0.0,0.0,2.5,wave,5023,0,0,0.14692414891499103,True
19,8,23,0.0,0.0,2.5,wave,4939,0,0,0.1510427211986232,True
19,8,24,0.0,0.0,2.5,wave,4815,0,0,0.15327102803738318,True
19,8,25,0.0,0.0,2.5,wave,4695,0,0,0.156975505857295,True
19,8,26,0.0,0.0,2.5,wave,4553,0,0,0.1598945750054909,True
19,8,27,0.0,0.0,2.5,wave,4428,0,0,0.16305329719963865,True
19,8,28,0.0,0.0,2.5,wave,4332,0,0,0.16505078485687905,True
19,8,29,0.0,0.0,2.5,wave,4213,0,0,0.16876335153097555,True
19,8,30,0.0,0.0,2.5,wave,4105,0,0,0.17271619975639463,True
19,8,31,0.0,0.0,2.5,wave,4012,0,0,0.17597208374875373,True
19,8,32,0.0,0.0,2.5,wave,3927,0,0,0.17978100331041508,True
19,8,33,0.0,0.0,2.5,wave,3844,0,0,0.18366285119667014,True
19,8,34,0.0,0.0,2.5,wave,3772,0,0,0.18663838812301167,True
19,8,35,0.0,0.0,2.5,wave,3722,0,0,0.18726491133799034,True
19,8,36,0.0,0.0,2.5,wave,3671,0,0,0.18959411604467447,True
19,8,37,0.0,0.0,2.5,wave,3593,0,0,0.19231839688282773,True
19,8,38,0.0,0.0,2.5,wave,3544,0,0,0.19525959367945825,True
19,8,39,0.0,0.0,2.5,wave,3494,0,0,0.1983400114481969,True
19,8,40,0.0,0.0,2.5,wave,3436,0,0,0.20139697322467986,True
19,8,41,0.0,0.0,2.5,wave,3376,0,0,0.20497630331753555,True
19,8,42,0.0,0.0,2.5,wave,3332,0,0,0.20618247298919568,True
19,8,43,0.0,0.0,2.5,wave,3955,0,0,0.26978508217446273,True
19,8,44,0.0,0.0,2.5,wave,3691,0,0,0.2468165808723923,True
19,8,45,0.0,0.0,2.5,wave,3549,0,0,0.23781346858269936,True
19,8,46,0.0,0.0,2.5,wave,3454,0,0,0.23480023161551825,True
19,8,47,0.0,0.0,2.5,wave,3393,0,0,0.23430592396109637,True
19,8,48,0.0,0.0,2.5,wave,3325,0,0,0.236390977443609,True
19,8,49,0.0,0.0,2.5,wave,3278,0,0,0.23672971323978034,True
19,8,50,0.0,0.0,2.5,wave,3237,0,0,0.24034599938214396,True
19,8,51,0.0,0.0,2.5,wave,3204,0,0,0.24250936329588016,True
19,8,52,0.0,0.0,2.5,wave,3161,0,0,0.2445428661815881,True
19,9,1,0.0,0.0,2.5,wave,3134,0,0,0.24952137843012126,True
19,9,2,0.0,0.0,2.5,wave,3107,0,0,0.2523334406179594,True
19,9,3,0.0,0.0,2.5,wave,3076,0,0,0.2574772431729519,True
19,9,4,0.0,0.0,2.5,wave,3046,0,0,0.25705843729481287,True
19,9,5,0.0,0.0,2.5,wave,3020,0,0,0.26059602649006625,True
19,9,6,0.0,0.0,2.5,wave,2993,0,0,0.2639492148346141,True
19,9,7,0.0,0.0,2.5,wave,2959,0,0,0.2663061845217979,True
19,9,8,0.0,0.0,2.5,wave,2918,0,0,0.27039067854695,True
19,9,9,0.0,0.0,2.5,wave,2886,0,0,0.27165627165627165,True
19,9,10,0.0,0.0,2.5,wave,2848,0,0,0.2717696629213483,True
19,9,11,0.0,0.0,2.5,wave,2816,0,0,0.2734375,True
19,9,12,0.0,0.0,2.5,wave,2778,0,0,0.275377969762419,True
19,9,13,0.0,0.0,2.5,wave,2743,0,0,0.2785271600437477,True
19,9,14,0.0,0.0,2.5,wave,2714,0,0,0.28039793662490786,True
19,9,15,0.0,0.0,2.5,wave,2672,0,0,0.2870508982035928,True
19,9,16,0.0,0.0,2.5,wave,2646,0,0,0.28798185941043086,True
19,9,17,0.0,0.0,2.5,wave,2624,0,0,0.29039634146341464,True
19,9,18,0.0,0.0,2.5,wave,5571,0,0,0.1254711900915455,True
19,9,19,0.0,0.0,2.5,wave,5493,0,0,0.1299836155106499,True
19,9,20,0.0,0.0,2.5,wave,5390,0,0,0.13376623376623376,True
19,9,21,0.0,0.0,2.5,wave,5306,0,0,0.13531850735016962,True
19,9,22,0.0,0.0,2.5,wave,5192,0,0,0.13944530046224962,True
19,9,23,0.0,0.0,2.5,wave,5105,0,0,0.144564152791381,True
19,9,24,0.0,0.0,2.5,wave,4983,0,0,0.1491069636765001,True
19,9,25,0.0,0.0,2.5,wave,4875,0,0,0.15302564102564103,True
19,9,26,0.0,0.0,2.5,wave,4765,0,0,0.15634837355718784,True
19,9,27,0.0,0.0,2.5,wave,4649,0,0,0.1598193159819316,True
19,9,28,0.0,0.0,2.5,wave,4537,0,0,0.16442583204760855,True
19,9,29,0.0,0.0,2.5,wave,4462,0,0,0.1660690273419991,True
19,9,30,0.0,0.0,2.5,wave,4378,0,0,0.16948378254910917,True
19,9,31,0.0,0.0,2.5,wave,4302,0,0,0.17201301720130172,True
19,9,32,0.0,0.0,2.5,wave,4251,0,0,0.17360621030345802,True
19,9,33,0.0,0.0,2.5,wave,4181,0,0,0.17603444152116718,True
19,9,34,0.0,0.0,2.5,wave,4104,0,0,0.17884990253411306,True
19,9,35,0.0,0.0,2.5,wave,4028,0,0,0.18222442899702085,True
19,9,36,0.0,0.0,2.5,wave,3948,0,0,0.18465045592705168,True
19,9,37,0.0,0.0,2.5,wave,3871,0,0,0.18832343063807802,True
19,9,38,0.0,0.0,2.5,wave,3805,0,0,0.19080157687253613,True
19,9,39,0.0,0.0,2.5,wave,3749,0,0,0.192317951453721,True
19,9,40,0.0,0.0,2.5,wave,3669,0,0,0.1948759880076315,True
19,9,41,0.0,0.0,2.5,wave,3630,0,0,0.1972451790633609,True
19,9,42,0.0,0.0,2.5,wave,3574,0,0,0.2008953553441522,True
19,9,43,0.0,0.0,2.5,wave,4241,0,0,0.2676255600094317,True
19,9,44,0.0,0.0,2.5,wave,3907,0,0,0.246736626567699,True
19,9,45,0.0,0.0,2.5,wave,3748,0,0,0.23612593383137673,True
19,9,46,0.0,0.0,2.5,wave,3662,0,0,0.2348443473511742,True
19,9,47,0.0,0.0,2.5,wave,3593,0,0,0.23323128305037574,True
19,9,48,0.0,0.0,2.5,wave,3516,0,0,0.23321956769055746,True
19,9,49,0.0,0.0,2.5,wave,3483,0,0,0.23743898937697389,True
19,9,50,0.0,0.0,2.5,wave,3424,0,0,0.23744158878504673,True
19,9,51,0.0,0.0,2.5,wave,3378,0,0,0.2424511545293073,True
19,9,52,0.0,0.0,2.5,wave,3329,0,0,0.24662060678882547,True
19,10,1,0.0,0.0,2.5,wave,3289,0,0,0.24749163879598662,True
19,10,2,0.0,0.0,2.5,wave,3252,0,0,0.251230012300123,True
19,10,3,0.0,0.0,2.5,wave,3225,0,0,0.2536434108527132,True
19,10,4,0.0,0.0,2.5,wave,3189,0,0,0.2558795860771402,True
19,10,5,0.0,0.0,2.5,wave,3143,0,0,0.26057906458797325,True
19,10,6,0.0,0.0,2.5,wave,3092,0,0,0.26196636481241914,True
19,10,7,0.0,0.0,2.5,wave,3057,0,0,0.2649656526005888,True
19,10,8,0.0,0.0,2.5,wave,3032,0,0,0.2674802110817942,True
19,10,9,0.0,0.0,2.5,wave,2991,0,0,0.27014376462721496,True
19,10,10,0.0,0.0,2.5,wave,2970,0,0,0.2734006734006734,True
19,10,11,0.0,0.0,2.5,wave,2947,0,0,0.27519511367492366,True
19,10,12,0.0,0.0,2.5,wave,2910,0,0,0.2786941580756014,True
19,10,13,0.0,0.0,2.5,wave,2873,0,0,0.2777584406543683,True
19,10,14,0.0,0.0,2.5,wave,2849,0,0,0.2800982800982801,True
19,10,15,0.0,0.0,2.5,wave,2819,0,0,0.2837885775097552,True
19,10,16,0.0,0.0,2.5,wave,2781,0,0,0.2862279755483639,True
19,10,17,0.0,0.0,2.5,wave,2746,0,0,0.28732702112163144,True
19,10,18,0.0,0.0,2.5,wave,5853,0,0,0.1291645310097386,True
19,10,19,0.0,0.0,2.5,wave,5775,0,0,0.1321212121212121,True
19,10,20,0.0,0.0,2.5,wave,5669,0,0,0.13653201622861175,True
19,10,21,0.0,0.0,2.5,wave,5570,0,0,0.13913824057450627,True
19,10,22,0.0,0.0,2.5,wave,5451,0,0,0.1416253898367272,True
19,10,23,0.0,0.0,2.5,wave,5359,0,0,0.14480313491323007,True
19,10,24,0.0,0.0,2.5,wave,5273,0,0,0.14849231936279159,True
19,10,25,0.0,0.0,2.5,wave,5172,0,0,0.15177880897138438,True
19,10,26,0.0,0.0,2.5,wave,5071,0,0,0.15559061329126406,True
19,10,27,0.0,0.0,2.5,wave,4986,0,0,0.15944645006016847,True
19,10,28,0.0,0.0,2.5,wave,4886,0,0,0.16189111747851004,True
19,10,29,0.0,0.0,2.5,wave,4806,0,0,0.1645859342488556,True
19,10,30,0.0,0.0,2.5,wave,4706,0,0,0.16723331916702083,True
19,10,31,0.0,0.0,2.5,wave,4619,0,0,0.1705996969040918,True
19,10,32,0.0,0.0,2.5,wave,4531,0,0,0.17435444714191128,True
19,10,33,0.0,0.0,2.5,wave,4439,0,0,0.17796801081324623,True
19,10,34,0.0,0.0,2.5,wave,4366,0,0,0.17956939990838297,True
19,10,35,0.0,0.0,2.5,wave,4298,0,0,0.1831084225221033,True
19,10,36,0.0,0.0,2.5,wave,4212,0,0,0.18779677113010446,True
19,10,37,0.0,0.0,2.5,wave,4150,0,0,0.1893975903614458,True
19,10,38,0.0,0.0,2.5,wave,4095,0,0,0.1921855921855922,True
19,10,39,0.0,0.0,2.5,wave,4029,0,0,0.1945892280963018,True
19,10,40,0.0,0.0,2.5,wave,3962,0,0,0.19687026754164563,True
19,10,41,0.0,0.0,2.5,wave,3895,0,0,0.20025673940949937,True
19,10,42,0.0,0.0,2.5,wave,3857,0,0,0.201711174487944,True
19,10,43,0.0,0.0,2.5,wave,4570,0,0,0.2765864332603939,True
19,10,44,0.0,0.0,2.5,wave,4231,0,0,0.24864098321909714,True
19,10,45,0.0,0.0,2.5,wave,4061,0,0,0.2376262004432406,True
19,10,46,0.0,0.0,2.5,wave,3938,0,0,0.23590655154900966,True
19,10,47,0.0,0.0,2.5,wave,3881,0,0,0.23602164390620975,True
19,10,48,0.0,0.0,2.5,wave,3820,0,0,0.23586387434554973,True
19,10,49,0.0,0.0,2.5,wave,3762,0,0,0.23631047315257842,True
19,10,50,0.0,0.0,2.5,wave,3714,0,0,0.23747980613893377,True
19,10,51,0.0,0.0,2.5,wave,3664,0,0,0.23881004366812228,True
19,10,52,0.0,0.0,2.5,wave,3613,0,0,0.24245779130916137,True
19,11,1,0.0,0.0,2.5,wave,3567,0,0,0.24502382954864033,True
19,11,2,0.0,0.0,2.5,wave,3522,0,0,0.24673480976717774,True
19,11,3,0.0,0.0,2.5,wave,3483,0,0,0.24978466838931956,True
19,11,4,0.0,0.0,2.5,wave,3444,0,0,0.2505807200929152,True
19,11,5,0.0,0.0,2.5,wave,3391,0,0,0.25420230020642876,True
19,11,6,0.0,0.0,2.5,wave,3349,0,0,0.2555986861749776,True
19,11,7,0.0,0.0,2.5,wave,3313,0,0,0.258074252942952,True
19,11,8,0.0,0.0,2.5,wave,3282,0,0,0.2599024984765387,True
19,11,9,0.0,0.0,2.5,wave,3250,0,0,0.2633846153846154,True
19,11,10,0.0,0.0,2.5,wave,3213,0,0,0.2636165577342048,True
19,11,11,0.0,0.0,2.5,wave,3175,0,0,0.26456692913385826,True
19,11,12,0.0,0.0,2.5,wave,3131,0,0,0.26828489300542957,True
19,11,13,0.0,0.0,2.5,wave,3096,0,0,0.27164082687338503,True
19,11,14,0.0,0.0,2.5,wave,3068,0,0,0.273142112125163,True
19,11,15,0.0,0.0,2.5,wave,3044,0,0,0.2752956636005256,True
19,11,16,0.0,0.0,2.5,wave,3011,0,0,0.2769843905679176,True
19,11,17,0.0,0.0,2.5,wave,2988,0,0,0.2774431057563588,True
19,11,18,0.0,0.0,2.5,wave,6269,0,0,0.1260169085978625,True
19,11,19,0.0,0.0,2.5,wave,6162,0,0,0.12950340798442064,True
19,11,20,0.0,0.0,2.5,wave,6049,0,0,0.13341048107125145,True
19,11,21,0.0,0.0,2.5,wave,5927,0,0,0.13548169394297283,True
19,11,22,0.0,0.0,2.5,wave,5808,0,0,0.13825757575757575,True
19,11,23,0.0,0.0,2.5,wave,5680,0,0,0.14190140845070423,True
19,11,24,0.0,0.0,2.5,wave,5596,0,0,0.14421015010721944,True
19,11,25,0.0,0.0,2.5,wave,5497,0,0,0.1477169365108241,True
19,11,26,0.0,0.0,2.5,wave,5380,0,0,0.15111524163568774,True
19,11,27,0.0,0.0,2.5,wave,5291,0,0,0.15422415422415423,True
19,11,28,0.0,0.0,2.5,wave,5204,0,0,0.15757109915449655,True
19,11,29,0.0,0.0,2.5,wave,5097,0,0,0.15970178536393959,True
19,11,30,0.0,0.0,2.5,wave,4982,0,0,0.16258530710558008,True
19,11,31,0.0,0.0,2.5,wave,4878,0,0,0.16605166051660517,True
19,11,32,0.0,0.0,2.5,wave,4777,0,0,0.16998115972367595,True
19,11,33,0.0,0.0,2.5,wave,4701,0,0,0.17400553073814082,True
19,11,34,0.0,0.0,2.5,wave,4638,0,0,0.17680034497628289,True
19,11,35,0.0,0.0,2.5,wave,4546,0,0,0.17971843378794544,True
19,11,36,0.0,0.0,2.5,wave,4473,0,0,0.18153364632237873,True
19,11,37,0.0,0.0,2.5,wave,4385,0,0,0.18494868871151654,True
19,11,38,0.0,0.0,2.5,wave,4337,0,0,0.18745676735070324,True
19,11,39,0.0,0.0,2.5,wave,4272,0,0,0.1896067415730337,True
19,11,40,0.0,0.0,2.5,wave,4209,0,0,0.1910192444761226,True
19,11,41,0.0,0.0,2.5,wave,4154,0,0,0.1942705825710159,True
19,11,42,0.0,0.0,2.5,wave,4083,0,0,0.19568944403624786,True
19,11,43,0.0,0.0,2.5,wave,4856,0,0,0.26997528830313017,True
19,11,44,0.0,0.0,2.5,wave,4461,0,0,0.24859896884106703,True
19,11,45,0.0,0.0,2.5,wave,4267,0,0,0.2388094680103117,True
19,11,46,0.0,0.0,2.5,wave,4144,0,0,0.23503861003861004,True
19,11,47,0.0,0.0,2.5,wave,4052,0,0,0.23149062191510364,True
19,11,48,0.0,0.0,2.5,wave,3982,0,0,0.23279758915118032,True
19,11,49,0.0,0.0,2.5,wave,3921,0,0,0.23437898495281817,True
19,11,50,0.0,0.0,2.5,wave,3870,0,0,0.2372093023255814,True
19,11,51,0.0,0.0,2.5,wave,3805,0,0,0.23889618922470435,True
19,11,52,0.0,0.0,2.5,wave,3757,0,0,0.24061751397391537,True
20,1,1,0.0,0.0,2.5,wave,2752,0,0,0.002543604651162791,True
20,1,2,0.0,0.0,2.5,wave,2699,0,0,0.005928121526491293,True
20,1,3,0.0,0.0,2.5,wave,2624,0,0,0.009527439024390244,True
20,1,4,0.0,0.0,2.5,wave,2603,0,0,0.012677679600461006,True
20,1,5,0.0,0.0,2.5,wave,2514,0,0,0.0147175815433572,True
20,1,6,0.0,0.0,2.5,wave,2491,0,0,0.017262143717382578,True
20,1,7,0.0,0.0,2.5,wave,2455,0,0,0.018737270875763747,True
20,1,8,0.0,0.0,2.5,wave,2417,0,0,0.0215142738932561,True
20,1,9,0.0,0.0,2.5,wave,2343,0,0,0.02390098164746052,True
20,1,10,0.0,0.0,2.5,wave,2316,0,0,0.025906735751295335,True
20,1,11,0.0,0.0,2.5,wave,2283,0,0,0.02847130968024529,True
20,1,12,0.0,0.0,2.5,wave,2248,0,0,0.029359430604982206,True
20,1,13,0.0,0.0,2.5,wave,2230,0,0,0.03273542600896861,True
20,1,14,0.0,0.0,2.5,wave,2211,0,0,0.03482587064676617,True
20,1,15,0.0,0.0,2.5,wave,2183,0,0,0.03573064590013743,True
20,1,16,0.0,0.0,2.5,wave,2154,0,0,0.037604456824512536,True
20,1,17,0.0,0.0,2.5,wave,2143,0,0,0.03919738684087728,True
20,1,18,0.0,0.0,2.5,wave,6137,0,0,0.01662049861495845,True
20,1,19,0.0,0.0,2.5,wave,6002,0,0,0.01849383538820393,True
20,1,20,0.0,0.0,2.5,wave,5874,0,0,0.021280217909431392,True
20,1,21,0.0,0.0,2.5,wave,5749,0,0,0.02278657157766568,True
20,1,22,0.0,0.0,2.5,wave,5606,0,0,0.025330003567606136,True
20,1,23,0.0,0.0,2.5,wave,5476,0,0,0.029218407596785977,True
20,1,24,0.0,0.0,2.5,wave,5347,0,0,0.03310267439685805,True
20,1,25,0.0,0.0,2.5,wave,5250,0,0,0.0339047619047619,True
20,1,26,0.0,0.0,2.5,wave,5099,0,0,0.0362816238478133,True
20,1,27,0.0,0.0,2.5,wave,4997,0,0,0.03882329397638583,True
20,1,28,0.0,0.0,2.5,wave,4910,0,0,0.041344195519348266,True
20,1,29,0.0,0.0,2.5,wave,4793,0,0,0.044439808053411224,True
20,1,30,0.0,0.0,2.5,wave,4679,0,0,0.04466766403077581,True
20,1,31,0.0,0.0,2.5,wave,4576,0,0,0.046984265734265736,True
20,1,32,0.0,0.0,2.5,wave,4496,0,0,0.049154804270462635,True
20,1,33,0.0,0.0,2.5,wave,4411,0,0,0.05168895941963274,True
20,1,34,0.0,0.0,2.5,wave,4320,0,0,0.05324074074074074,True
20,1,35,0.0,0.0,2.5,wave,4227,0,0,0.05512183581736456,True
20,1,36,0.0,0.0,2.5,wave,4140,0,0,0.05821256038647343,True
20,1,37,0.0,0.0,2.5,wave,4058,0,0,0.060620995564317395,True
20,1,38,0.0,0.0,2.5,wave,3989,0,0,0.06242165956380045,True
20,1,39,0.0,0.0,2.5,wave,3927,0,0,0.06442577030812324,True
20,1,40,0.0,0.0,2.5,wave,3873,0,0,0.06558223599277047,True
20,1,41,0.0,0.0,2.5,wave,3807,0,0,0.06882059364328869,True
20,1,42,0.0,0.0,2.5,wave,3755,0,0,0.06950732356857524,True
20,1,43,0.0,0.0,2.5,wave,3962,0,0,0.10070671378091872,True
20,1,44,0.0,0.0,2.5,wave,3855,0,0,0.09234760051880675,True
20,1,45,0.0,0.0,2.5,wave,3772,0,0,0.08907741251325557,True
20,1,46,0.0,0.0,2.5,wave,3729,0,0,0.09117725931885223,True
20,1,47,0.0,0.0,2.5,wave,3672,0,0,0.0915032679738562,True
20,1,48,0.0,0.0,2.5,wave,3629,0,0,0.09396527969137504,True
20,1,49,0.0,0.0,2.5,wave,3576,0,0,0.09284116331096197,True
20,1,50,0.0,0.0,2.5,wave,3503,0,0,0.09334855837853269,True
20,1,51,0.0,0.0,2.5,wave,3446,0,0,0.09315147997678468,True
20,1,52,0.0,0.0,2.5,wave,3396,0,0,0.09511189634864546,True
20,2,1,0.0,0.0,2.5,wave,3338,28,3,0.09676452965847814,False
20,2,2,0.0,0.0,2.5,wave,3279,31,15,0.09881061299176579,False
20,2,3,0.0,0.0,2.5,wave,3199,44,18,0.1015942482025633,False
20,2,4,0.0,0.0,2.5,wave,3147,39,14,0.10263743247537337,False
20,2,5,0.0,0.0,2.5,wave,3089,41,13,0.10618323081903529,False
20,2,6,0.0,0.0,2.5,wave,3039,38,11,0.10957551826258638,False
20,2,7,0.0,0.0,2.5,wave,3000,44,14,0.11233333333333333,False
20,2,8,0.0,0.0,2.5,wave,2959,48,23,0.11591753970936126,False
20,2,9,0.0,0.0,2.5,wave,2906,56,21,0.11734342739160358,False
20,2,10,0.0,0.0,2.5,wave,2848,47,20,0.12254213483146068,False
20,2,11,0.0,0.0,2.5,wave,2799,55,23,0.12397284744551626,False
20,2,12,0.0,0.0,2.5,wave,2751,60,17,0.1297709923664122,False
20,2,13,0.0,0.0,2.5,wave,2703,59,24,0.12985571587125416,False
20,2,14,0.0,0.0,2.5,wave,2652,64,22,0.13310708898944193,False
20,2,15,0.0,0.0,2.5,wave,2594,65,20,0.13454124903623746,False
20,2,16,0.0,0.0,2.5,wave,2557,73,26,0.13609698865858427,False
20,2,17,0.0,0.0,2.5,wave,2501,69,26,0.13634546181527388,False
20,2,18,0.0,0.0,2.5,wave,4911,75,26,0.07167582976990429,False
20,2,19,0.0,0.0,2.5,wave,4806,87,28,0.07386600083229297,False
20,2,20,0.0,0.0,2.5,wave,4691,84,33,0.07589000213174163,False
20,2,21,0.0,0.0,2.5,wave,4538,90,29,0.07866901718818863,False
20,2,22,0.0,0.0,2.5,wave,4388,81,26,0.08363719234275296,False
20,2,23,0.0,0.0,2.5,wave,4298,83,29,0.08608655188459749,False
20,2,24,0.0,0.0,2.5,wave,4195,74,28,0.0898688915375447,False
20,2,25,0.0,0.0,2.5,wave,4095,82,26,0.09304029304029304,False
20,2,26,0.0,0.0,2.5,wave,4020,74,30,0.09527363184079601,False
20,2,27,0.0,0.0,2.5,wave,3924,81,32,0.09862385321100918,False
20,2,28,0.0,0.0,2.5,wave,3838,74,29,0.1013548723293382,False
20,2,29,0.0,0.0,2.5,wave,3741,79,26,0.10531943330660251,False
20,2,30,0.0,0.0,2.5,wave,3651,76,26,0.10846343467543139,False
20,2,31,0.0,0.0,2.5,wave,3562,81,31,0.11313868613138686,False
20,2,32,0.0,0.0,2.5,wave,3485,70,29,0.11707317073170732,False
20,2,33,0.0,0.0,2.5,wave,3372,69,25,0.1221826809015421,False
20,2,34,0.0,0.0,2.5,wave,3292,62,30,0.12484811664641556,False
20,2,35,0.0,0.0,2.5,wave,3215,56,23,0.12752721617418353,False
20,2,36,0.0,0.0,2.5,wave,3157,50,19,0.13145391194171682,False
20,2,37,0.0,0.0,2.5,wave,3087,50,20,0.13378684807256236,False
20,2,38,0.0,0.0,2.5,wave,3030,44,17,0.13564356435643565,False
20,2,39,0.0,0.0,2.5,wave,2977,42,16,0.1373866308364125,False
20,2,40,0.0,0.0,2.5,wave,2912,35,16,0.1407967032967033,False
20,2,41,0.0,0.0,2.5,wave,2871,33,11,0.14211076280041798,False
20,2,42,0.0,0.0,2.5,wave,2829,25,10,0.14422057264050903,False
20,2,43,0.0,0.0,2.5,wave,3087,30,13,0.19436345966958213,False
20,2,44,0.0,0.0,2.5,wave,2959,20,9,0.18316998986143967,False
20,2,45,0.0,0.0,2.5,wave,2892,19,11,0.18049792531120332,False
20,2,46,0.0,0.0,2.5,wave,2830,15,10,0.18162544169611308,False
20,2,47,0.0,0.0,2.5,wave,2799,9,3,0.1847088245802072,False
20,2,48,0.0,0.0,2.5,wave,2752,6,4,0.18895348837209303,False
20,2,49,0.0,0.0,2.5,wave,2712,8,6,0.1913716814159292,False
20,2,50,0.0,0.0,2.5,wave,2663,5,2,0.19301539616973337,False
20,2,51,0.0,0.0,2.5,wave,2623,3,1,0.1948150972169272,False
20,2,52,0.0,0.0,2.5,wave,2596,3,2,0.19799691833590138,False
20,3,1,0.0,0.0,2.5,wave,2555,5,1,0.19412915851272017,False
20,3,2,0.0,0.0,2.5,wave,2511,4,1,0.19792911190760654,False
20,3,3,0.0,0.0,2.5,wave,2476,4,3,0.19789983844911146,False
20,3,4,0.0,0.0,2.5,wave,2437,5,2,0.1990151826015593,False
20,3,5,0.0,0.0,2.5,wave,2407,3,1,0.20274200249272953,False
20,3,6,0.0,0.0,2.5,wave,2381,5,2,0.20453590928181437,False
20,3,7,0.0,0.0,2.5,wave,2359,4,2,0.20771513353115728,False
20,3,8,0.0,0.0,2.5,wave,2330,3,2,0.21201716738197424,False
20,3,9,0.0,0.0,2.5,wave,2308,3,1,0.2153379549393414,False
20,3,10,0.0,0.0,2.5,wave,2284,2,1,0.2149737302977233,False
20,3,11,0.0,0.0,2.5,wave,2258,2,1,0.21700620017714792,False
20,3,12,0.0,0.0,2.5,wave,2237,1,0,0.21904336164506036,False
20,3,13,0.0,0.0,2.5,wave,2200,1,0,0.22,False
20,3,14,0.0,0.0,2.5,wave,2174,1,0,0.22309107635694572,False
20,3,15,0.0,0.0,2.5,wave,2147,1,1,0.224033535165347,False
20,3,16,0.0,0.0,2.5,wave,2123,2,1,0.22562411681582667,False
20,3,17,0.0,0.0,2.5,wave,2088,1,1,0.2260536398467433,False
20,3,18,0.0,0.0,2.5,wave,4687,5,1,0.10113078728397695,False
20,3,19,0.0,0.0,2.5,wave,4601,4,2,0.10367311454031732,False
20,3,20,0.0,0.0,2.5,wave,4493,8,2,0.10661028266191853,False
20,3,21,0.0,0.0,2.5,wave,4405,6,1,0.11078320090805903,False
20,3,22,0.0,0.0,2.5,wave,4296,8,2,0.1138268156424581,False
20,3,23,0.0,0.0,2.5,wave,4171,10,1,0.11987532965715655,False
20,3,24,0.0,0.0,2.5,wave,4092,9,3,0.12341153470185728,False
20,3,25,0.0,0.0,2.5,wave,3988,12,5,0.12637913741223672,False
20,3,26,0.0,0.0,2.5,wave,3887,10,5,0.13094931824028813,False
20,3,27,0.0,0.0,2.5,wave,3819,12,5,0.13380466090599633,False
20,3,28,0.0,0.0,2.5,wave,3735,10,4,0.13520749665327977,False
20,3,29,0.0,0.0,2.5,wave,3664,11,5,0.1381004366812227,False
20,3,30,0.0,0.0,2.5,wave,3566,10,4,0.14021312394840157,False
20,3,31,0.0,0.0,2.5,wave,3493,6,2,0.14285714285714285,False
20,3,32,0.0,0.0,2.5,wave,3416,5,3,0.14637002341920374,False
20,3,33,0.0,0.0,2.5,wave,3336,4,2,0.14928057553956833,False
20,3,34,0.0,0.0,2.5,wave,3280,2,2,0.15182926829268292,False
20,3,35,0.0,0.0,2.5,wave,3228,5,2,0.15613382899628253,False
20,3,36,0.0,0.0,2.5,wave,3155,3,1,0.15752773375594295,False
20,3,37,0.0,0.0,2.5,wave,3082,5,1,0.16028552887735237,False
20,3,38,0.0,0.0,2.5,wave,3039,4,2,0.16123724909509707,False
20,3,39,0.0,0.0,2.5,wave,2989,5,2,0.16326530612244897,False
20,3,40,0.0,0.0,2.5,wave,2950,3,1,0.16508474576271187,False
20,3,41,0.0,0.0,2.5,wave,2915,4,2,0.16843910806174958,False
20,3,42,0.0,0.0,2.5,wave,2888,3,1,0.17278393351800553,False
20,3,43,0.0,0.0,2.5,wave,3237,2,1,0.2282978066110596,False
20,3,44,0.0,0.0,2.5,wave,3080,2,2,0.20974025974025973,False
20,3,45,0.0,0.0,2.5,wave,2967,1,1,0.20357263228850692,False
20,3,46,0.0,0.0,2.5,wave,2903,0,0,0.20599379951774027,True
20,3,47,0.0,0.0,2.5,wave,2836,0,0,0.2073342736248237,True
20,3,48,0.0,0.0,2.5,wave,2797,0,0,0.20593493028244547,True
20,3,49,0.0,0.0,2.5,wave,2761,0,0,0.20862006519377038,True
20,3,50,0.0,0.0,2.5,wave,2741,0,0,0.2141554177307552,True
20,3,51,0.0,0.0,2.5,wave,2708,0,0,0.21307237813884786,True
20,3,52,0.0,0.0,2.5,wave,2670,0,0,0.21385767790262172,True
20,4,1,0.0,0.0,2.5,wave,2656,0,0,0.21875,True
20,4,2,0.0,0.0,2.5,wave,2611,0,0,0.2183071620068939,True
20,4,3,0.0,0.0,2.5,wave,2588,0,0,0.22102009273570325,True
20,4,4,0.0,0.0,2.5,wave,2561,0,0,0.22178836392034362,True
20,4,5,0.0,0.0,2.5,wave,2536,0,0,0.22634069400630916,True
20,4,6,0.0,0.0,2.5,wave,2508,0,0,0.22807017543859648,True
20,4,7,0.0,0.0,2.5,wave,2473,0,0,0.2325111200970481,True
20,4,8,0.0,0.0,2.5,wave,2443,0,0,0.23372902169463775,True
20,4,9,0.0,0.0,2.5,wave,2416,0,0,0.23509933774834438,True
20,4,10,0.0,0.0,2.5,wave,2377,0,0,0.23517038283550695,True
20,4,11,0.0,0.0,2.5,wave,2354,0,0,0.23661852166525063,True
20,4,12,0.0,0.0,2.5,wave,2322,0,0,0.23987941429801896,True
20,4,13,0.0,0.0,2.5,wave,2295,0,0,0.2400871459694989,True
20,4,14,0.0,0.0,2.5,wave,2262,0,0,0.242263483642794,True
20,4,15,0.0,0.0,2.5,wave,2230,0,0,0.24349775784753364,True
20,4,16,0.0,0.0,2.5,wave,2206,0,0,0.24478694469628287,True
20,4,17,0.0,0.0,2.5,wave,2191,0,0,0.24920127795527156,True
20,4,18,0.0,0.0,2.5,wave,4545,0,0,0.11991199119911991,True
20,4,19,0.0,0.0,2.5,wave,4463,0,0,0.12166704010755097,True
20,4,20,0.0,0.0,2.5,wave,4360,0,0,0.1243119266055046,True
20,4,21,0.0,0.0,2.5,wave,4264,0,0,0.12804878048780488,True
20,4,22,0.0,0.0,2.5,wave,4146,0,0,0.13024602026049203,True
20,4,23,0.0,0.0,2.5,wave,4038,0,0,0.13273897969291729,True
20,4,24,0.0,0.0,2.5,wave,3928,0,0,0.13569246435845214,True
20,4,25,0.0,0.0,2.5,wave,3846,0,0,0.13988559542381696,True
20,4,26,0.0,0.0,2.5,wave,3751,0,0,0.14102905891762196,True
20,4,27,0.0,0.0,2.5,wave,3681,0,0,0.14398261342026622,True
20,4,28,0.0,0.0,2.5,wave,3613,0,0,0.14669249930805425,True
20,4,29,0.0,0.0,2.5,wave,3543,0,0,0.14987298899237933,True
20,4,30,0.0,0.0,2.5,wave,3478,0,0,0.15238642898217367,True
20,4,31,0.0,0.0,2.5,wave,3398,0,0,0.15567981165391406,True
20,4,32,0.0,0.0,2.5,wave,3344,0,0,0.15819377990430622,True
20,4,33,0.0,0.0,2.5,wave,3288,0,0,0.16058394160583941,True
20,4,34,0.0,0.0,2.5,wave,3191,0,0,0.16483860858664995,True
20,4,35,0.0,0.0,2.5,wave,3142,0,0,0.1696371737746658,True
20,4,36,0.0,0.0,2.5,wave,3085,0,0,0.17244732576985414,True
20,4,37,0.0,0.0,2.5,wave,3022,0,0,0.17471872931833224,True
20,4,38,0.0,0.0,2.5,wave,2987,0,0,0.17743555406762637,True
20,4,39,0.0,0.0,2.5,wave,2935,0,0,0.17717206132879046,True
20,4,40,0.0,0.0,2.5,wave,2910,0,0,0.17835051546391753,True
20,4,41,0.0,0.0,2.5,wave,2875,0,0,0.18121739130434783,True
20,4,42,0.0,0.0,2.5,wave,2841,0,0,0.18303414290742695,True
20,4,43,0.0,0.0,2.5,wave,3226,0,0,0.24240545567265964,True
20,4,44,0.0,0.0,2.5,wave,3021,0,0,0.2214498510427011,True
20,4,45,0.0,0.0,2.5,wave,2934,0,0,0.2147239263803681,True
20,4,46,0.0,0.0,2.5,wave,2881,0,0,0.213120444290177,True
20,4,47,0.0,0.0,2.5,wave,2845,0,0,0.21616871704745166,True
20,4,48,0.0,0.0,2.5,wave,2809,0,0,0.21644713421146317,True
20,4,49,0.0,0.0,2.5,wave,2784,0,0,0.21982758620689655,True
20,4,50,0.0,0.0,2.5,wave,2750,0,0,0.22290909090909092,True
20,4,51,0.0,0.0,2.5,wave,2722,0,0,0.22556943423952977,True
20,4,52,0.0,0.0,2.5,wave,2675,0,0,0.22841121495327102,True
20,5,1,0.0,0.0,2.5,wave,2632,0,0,0.23138297872340424,True
20,5,2,0.0,0.0,2.5,wave,2604,0,0,0.2304147465437788,True
20,5,3,0.0,0.0,2.5,wave,2567,0,0,0.22984028048305416,True
20,5,4,0.0,0.0,2.5,wave,2537,0,0,0.23098147418210485,True
20,5,5,0.0,0.0,2.5,wave,2510,0,0,0.23306772908366533,True
20,5,6,0.0,0.0,2.5,wave,2487,0,0,0.23482106956172094,True
20,5,7,0.0,0.0,2.5,wave,2465,0,0,0.2365111561866126,True
20,5,8,0.0,0.0,2.5,wave,2445,0,0,0.23803680981595093,True
20,5,9,0.0,0.0,2.5,wave,2416,0,0,0.2396523178807947,True
20,5,10,0.0,0.0,2.5,wave,2396,0,0,0.24165275459098498,True
20,5,11,0.0,0.0,2.5,wave,2355,0,0,0.24288747346072187,True
20,5,12,0.0,0.0,2.5,wave,2333,0,0,0.24732104586369483,True
20,5,13,0.0,0.0,2.5,wave,2306,0,0,0.24544666088464875,True
20,5,14,0.0,0.0,2.5,wave,2287,0,0,0.24836029733275033,True
20,5,15,0.0,0.0,2.5,wave,2259,0,0,0.2478972996901284,True
20,5,16,0.0,0.0,2.5,wave,2238,0,0,0.2515638963360143,True
20,5,17,0.0,0.0,2.5,wave,2206,0,0,0.25203989120580234,True
20,5,18,0.0,0.0,2.5,wave,5108,0,0,0.11041503523884104,True
20,5,19,0.0,0.0,2.5,wave,5008,0,0,0.11182108626198083,True
20,5,20,0.0,0.0,2.5,wave,4914,0,0,0.11396011396011396,True
20,5,21,0.0,0.0,2.5,wave,4797,0,0,0.11611423806545758,True
20,5,22,0.0,0.0,2.5,wave,4661,0,0,0.118214975327183,True
20,5,23,0.0,0.0,2.5,wave,4552,0,0,0.1219244288224956,True
20,5,24,0.0,0.0,2.5,wave,4465,0,0,0.12407614781634939,True
20,5,25,0.0,0.0,2.5,wave,4356,0,0,0.1285583103764922,True
20,5,26,0.0,0.0,2.5,wave,4278,0,0,0.131369798971482,True
20,5,27,0.0,0.0,2.5,wave,4170,0,0,0.13309352517985612,True
20,5,28,0.0,0.0,2.5,wave,4049,0,0,0.13879970363052604,True
20,5,29,0.0,0.0,2.5,wave,3960,0,0,0.1409090909090909,True
20,5,30,0.0,0.0,2.5,wave,3841,0,0,0.14683676126008852,True
20,5,31,0.0,0.0,2.5,wave,3754,0,0,0.14997336174746936,True
20,5,32,0.0,0.0,2.5,wave,3664,0,0,0.15311135371179038,True
20,5,33,0.0,0.0,2.5,wave,3576,0,0,0.1563199105145414,True
20,5,34,0.0,0.0,2.5,wave,3515,0,0,0.15960170697012802,True
20,5,35,0.0,0.0,2.5,wave,3430,0,0,0.16326530612244897,True
20,5,36,0.0,0.0,2.5,wave,3356,0,0,0.1659713945172825,True
20,5,37,0.0,0.0,2.5,wave,3274,0,0,0.1704337202199145,True
20,5,38,0.0,0.0,2.5,wave,3234,0,0,0.17223252937538652,True
20,5,39,0.0,0.0,2.5,wave,3181,0,0,0.17321596982081106,True
20,5,40,0.0,0.0,2.5,wave,3136,0,0,0.17889030612244897,True
20,5,41,0.0,0.0,2.5,wave,3081,0,0,0.18143459915611815,True
20,5,42,0.0,0.0,2.5,wave,3033,0,0,0.18661391361688098,True
20,5,43,0.0,0.0,2.5,wave,3477,0,0,0.2556801840667242,True
20,5,44,0.0,0.0,2.5,wave,3262,0,0,0.22930717351318208,True
20,5,45,0.0,0.0,2.5,wave,3153,0,0,0.2210593085949889,True
20,5,46,0.0,0.0,2.5,wave,3087,0,0,0.2199546485260771,True
20,5,47,0.0,0.0,2.5,wave,3035,0,0,0.22174629324546952,True
20,5,48,0.0,0.0,2.5,wave,2999,0,0,0.22307435811937312,True
20,5,49,0.0,0.0,2.5,wave,2968,0,0,0.2223719676549865,True
20,5,50,0.0,0.0,2.5,wave,2928,0,0,0.22575136612021857,True
20,5,51,0.0,0.0,2.5,wave,2890,0,0,0.22698961937716264,True
20,5,52,0.0,0.0,2.5,wave,2857,0,0,0.22926146307315365,True
20,6,1,0.0,0.0,2.5,wave,2811,0,0,0.2294557097118463,True
20,6,2,0.0,0.0,2.5,wave,2781,0,0,0.2333692916217188,True
20,6,3,0.0,0.0,2.5,wave,2757,0,0,0.23685165034457745,True
20,6,4,0.0,0.0,2.5,wave,2727,0,0,0.23835716905023835,True
20,6,5,0.0,0.0,2.5,wave,2706,0,0,0.24168514412416853,True
20,6,6,0.0,0.0,2.5,wave,2670,0,0,0.24157303370786518,True
20,6,7,0.0,0.0,2.5,wave,2633,0,0,0.24382833270034182,True
20,6,8,0.0,0.0,2.5,wave,2610,0,0,0.2471264367816092,True
20,6,9,0.0,0.0,2.5,wave,2576,0,0,0.24922360248447206,True
20,6,10,0.0,0.0,2.5,wave,2541,0,0,0.2518693427784337,True
20,6,11,0.0,0.0,2.5,wave,2508,0,0,0.2551834130781499,True
20,6,12,0.0,0.0,2.5,wave,2471,0,0,0.25536220153783895,True
20,6,13,0.0,0.0,2.5,wave,2449,0,0,0.2568395263372805,True
20,6,14,0.0,0.0,2.5,wave,2417,0,0,0.2569300786098469,True
20,6,15,0.0,0.0,2.5,wave,2407,0,0,0.2629829663481512,True
20,6,16,0.0,0.0,2.5,wave,2384,0,0,0.2634228187919463,True
20,6,17,0.0,0.0,2.5,wave,2347,0,0,0.2650191734128675,True
20,6,18,0.0,0.0,2.5,wave,4912,0,0,0.12642508143322476,True
20,6,19,0.0,0.0,2.5,wave,4843,0,0,0.1282263060086723,True
20,6,20,0.0,0.0,2.5,wave,4751,0,0,0.13049884234897915,True
20,6,21,0.0,0.0,2.5,wave,4625,0,0,0.13448648648648648,True
20,6,22,0.0,0.0,2.5,wave,4501,0,0,0.1370806487447234,True
20,6,23,0.0,0.0,2.5,wave,4400,0,0,0.13954545454545456,True
20,6,24,0.0,0.0,2.5,wave,4320,0,0,0.14282407407407408,True
20,6,25,0.0,0.0,2.5,wave,4223,0,0,0.14610466493014446,True
20,6,26,0.0,0.0,2.5,wave,4095,0,0,0.1496947496947497,True
20,6,27,0.0,0.0,2.5,wave,4005,0,0,0.15181023720349562,True
20,6,28,0.0,0.0,2.5,wave,3940,0,0,0.1550761421319797,True
20,6,29,0.0,0.0,2.5,wave,3861,0,0,0.15773115773115773,True
20,6,30,0.0,0.0,2.5,wave,3772,0,0,0.1606574761399788,True
20,6,31,0.0,0.0,2.5,wave,3694,0,0,0.16404981050351922,True
20,6,32,0.0,0.0,2.5,wave,3607,0,0,0.16772941502633767,True
20,6,33,0.0,0.0,2.5,wave,3556,0,0,0.17125984251968504,True
20,6,34,0.0,0.0,2.5,wave,3466,0,0,0.1745527986151183,True
20,6,35,0.0,0.0,2.5,wave,3380,0,0,0.17692307692307693,True
20,6,36,0.0,0.0,2.5,wave,3299,0,0,0.18126705062140042,True
20,6,37,0.0,0.0,2.5,wave,3230,0,0,0.18328173374613002,True
20,6,38,0.0,0.0,2.5,wave,3199,0,0,0.18630822131916225,True
20,6,39,0.0,0.0,2.5,wave,3168,0,0,0.18876262626262627,True
20,6,40,0.0,0.0,2.5,wave,3135,0,0,0.1901116427432217,True
20,6,41,0.0,0.0,2.5,wave,3105,0,0,0.1925925925925926,True
20,6,42,0.0,0.0,2.5,wave,3055,0,0,0.19541734860883797,True
20,6,43,0.0,0.0,2.5,wave,3473,0,0,0.25165562913907286,True
20,6,44,0.0,0.0,2.5,wave,3272,0,0,0.2319682151589242,True
20,6,45,0.0,0.0,2.5,wave,3158,0,0,0.2245091830272324,True
20,6,46,0.0,0.0,2.5,wave,3103,0,0,0.22172091524331292,True
20,6,47,0.0,0.0,2.5,wave,3068,0,0,0.22327249022164278,True
20,6,48,0.0,0.0,2.5,wave,3028,0,0,0.22787318361955086,True
20,6,49,0.0,0.0,2.5,wave,2975,0,0,0.2292436974789916,True
20,6,50,0.0,0.0,2.5,wave,2939,0,0,0.2310309629125553,True
20,6,51,0.0,0.0,2.5,wave,2903,0,0,0.23286255597657596,True
20,6,52,0.0,0.0,2.5,wave,2881,0,0,0.23568205484206872,True
20,7,1,0.0,0.0,2.5,wave,2842,0,0,0.235045742434905,True
20,7,2,0.0,0.0,2.5,wave,2833,0,0,0.23579244617013767,True
20,7,3,0.0,0.0,2.5,wave,2795,0,0,0.23685152057245082,True
20,7,4,0.0,0.0,2.5,wave,2765,0,0,0.23869801084990958,True
20,7,5,0.0,0.0,2.5,wave,2738,0,0,0.24214755295836377,True
20,7,6,0.0,0.0,2.5,wave,2714,0,0,0.24613117170228446,True
20,7,7,0.0,0.0,2.5,wave,2690,0,0,0.25018587360594796,True
20,7,8,0.0,0.0,2.5,wave,2655,0,0,0.25084745762711863,True
20,7,9,0.0,0.0,2.5,wave,2630,0,0,0.2536121673003802,True
20,7,10,0.0,0.0,2.5,wave,2607,0,0,0.25623321825853473,True
20,7,11,0.0,0.0,2.5,wave,2564,0,0,0.2578003120124805,True
20,7,12,0.0,0.0,2.5,wave,2539,0,0,0.26112642772745176,True
20,7,13,0.0,0.0,2.5,wave,2508,0,0,0.2635566188197767,True
20,7,14,0.0,0.0,2.5,wave,2481,0,0,0.2656187021362354,True
20,7,15,0.0,0.0,2.5,wave,2450,0,0,0.26653061224489794,True
20,7,16,0.0,0.0,2.5,wave,2417,0,0,0.2701696317749276,True
20,7,17,0.0,0.0,2.5,wave,2397,0,0,0.27284105131414266,True
20,7,18,0.0,0.0,2.5,wave,5340,0,0,0.12265917602996254,True
20,7,19,0.0,0.0,2.5,wave,5252,0,0,0.12604722010662606,True
20,7,20,0.0,0.0,2.5,wave,5152,0,0,0.12888198757763975,True
20,7,21,0.0,0.0,2.5,wave,5055,0,0,0.1321463897131553,True
20,7,22,0.0,0.0,2.5,wave,4933,0,0,0.1352118386377458,True
20,7,23,0.0,0.0,2.5,wave,4826,0,0,0.13945296311645256,True
20,7,24,0.0,0.0,2.5,wave,4717,0,0,0.1405554377782489,True
20,7,25,0.0,0.0,2.5,wave,4588,0,0,0.1427637314734089,True
20,7,26,0.0,0.0,2.5,wave,4507,0,0,0.14444197914355447,True
20,7,27,0.0,0.0,2.5,wave,4438,0,0,0.14781433077963047,True
20,7,28,0.0,0.0,2.5,wave,4359,0,0,0.15049323239275064,True
20,7,29,0.0,0.0,2.5,wave,4275,0,0,0.15415204678362573,True
20,7,30,0.0,0.0,2.5,wave,4183,0,0,0.15730337078651685,True
20,7,31,0.0,0.0,2.5,wave,4049,0,0,0.16053346505309954,True
20,7,32,0.0,0.0,2.5,wave,3964,0,0,0.16372351160443996,True
20,7,33,0.0,0.0,2.5,wave,3895,0,0,0.16611039794608473,True
20,7,34,0.0,0.0,2.5,wave,3787,0,0,0.16662265645629787,True
20,7,35,0.0,0.0,2.5,wave,3651,0,0,0.1725554642563681,True
20,7,36,0.0,0.0,2.5,wave,3561,0,0,0.17719741645605167,True
20,7,37,0.0,0.0,2.5,wave,3511,0,0,0.18086015380233553,True
20,7,38,0.0,0.0,2.5,wave,3475,0,0,0.18359712230215827,True
20,7,39,0.0,0.0,2.5,wave,3435,0,0,0.1848617176128093,True
20,7,40,0.0,0.0,2.5,wave,3378,0,0,0.18709295441089402,True
20,7,41,0.0,0.0,2.5,wave,3339,0,0,0.1901766996106619,True
20,7,42,0.0,0.0,2.5,wave,3296,0,0,0.19174757281553398,True
20,7,43,0.0,0.0,2.5,wave,3808,0,0,0.2547268907563025,True
20,7,44,0.0,0.0,2.5,wave,3581,0,0,0.23373359396816532,True
20,7,45,0.0,0.0,2.5,wave,3488,0,0,0.2279243119266055,True
20,7,46,0.0,0.0,2.5,wave,3423,0,0,0.22670172363423896,True
20,7,47,0.0,0.0,2.5,wave,3384,0,0,0.22872340425531915,True
20,7,48,0.0,0.0,2.5,wave,3344,0,0,0.23175837320574164,True
20,7,49,0.0,0.0,2.5,wave,3303,0,0,0.23281864971238267,True
20,7,50,0.0,0.0,2.5,wave,3278,0,0,0.2361195851128737,True
20,7,51,0.0,0.0,2.5,wave,3236,0,0,0.23825710754017304,True
20,7,52,0.0,0.0,2.5,wave,3215,0,0,0.23981337480559875,True
20,8,1,0.0,0.0,2.5,wave,3180,0,0,0.24150943396226415,True
20,8,2,0.0,0.0,2.5,wave,3147,0,0,0.24467747060692724,True
20,8,3,0.0,0.0,2.5,wave,3107,0,0,0.246218216929514,True
20,8,4,0.0,0.0,2.5,wave,3055,0,0,0.25270049099836334,True
20,8,5,0.0,0.0,2.5,wave,3015,0,0,0.25771144278606967,True
20,8,6,0.0,0.0,2.5,wave,2984,0,0,0.26005361930294907,True
20,8,7,0.0,0.0,2.5,wave,2948,0,0,0.26119402985074625,True
20,8,8,0.0,0.0,2.5,wave,2918,0,0,0.26216586703221384,True
20,8,9,0.0,0.0,2.5,wave,2891,0,0,0.2653061224489796,True
20,8,10,0.0,0.0,2.5,wave,2857,0,0,0.26741337066853343,True
20,8,11,0.0,0.0,2.5,wave,2815,0,0,0.2699822380106572,True
20,8,12,0.0,0.0,2.5,wave,2788,0,0,0.27403156384505023,True
20,8,13,0.0,0.0,2.5,wave,2766,0,0,0.2754880694143167,True
20,8,14,0.0,0.0,2.5,wave,2730,0,0,0.27692307692307694,True
20,8,15,0.0,0.0,2.5,wave,2712,0,0,0.27986725663716816,True
20,8,16,0.0,0.0,2.5,wave,2679,0,0,0.28294139604329976,True
20,8,17,0.0,0.0,2.5,wave,2658,0,0,0.28592927012791575,True
20,8,18,0.0,0.0,2.5,wave,5884,0,0,0.12916383412644458,True
20,8,19,0.0,0.0,2.5,wave,5783,0,0,0.13193844025592252,True
20,8,20,0.0,0.0,2.5,wave,5687,0,0,0.1339898013012133,True
20,8,21,0.0,0.0,2.5,wave,5581,0,0,0.13743056799856657,True
20,8,22,0.0,0.0,2.5,wave,5489,0,0,0.14119147385680453,True
20,8,23,0.0,0.0,2.5,wave,5391,0,0,0.14468558708959378,True
20,8,24,0.0,0.0,2.5,wave,5294,0,0,0.1477143936531923,True
20,8,25,0.0,0.0,2.5,wave,5171,0,0,0.15006768516727906,True
20,8,26,0.0,0.0,2.5,wave,5049,0,0,0.15349574173103586,True
20,8,27,0.0,0.0,2.5,wave,4951,0,0,0.15653403352858009,True
20,8,28,0.0,0.0,2.5,wave,4848,0,0,0.1604785478547855,True
20,8,29,0.0,0.0,2.5,wave,4765,0,0,0.1645330535152151,True
20,8,30,0.0,0.0,2.5,wave,4649,0,0,0.16863841686384168,True
20,8,31,0.0,0.0,2.5,wave,4570,0,0,0.17089715536105032,True
20,8,32,0.0,0.0,2.5,wave,4498,0,0,0.17496665184526455,True
20,8,33,0.0,0.0,2.5,wave,4423,0,0,0.17929007460999322,True
20,8,34,0.0,0.0,2.5,wave,4348,0,0,0.18261269549218032,True
20,8,35,0.0,0.0,2.5,wave,4253,0,0,0.18716200329179403,True
20,8,36,0.0,0.0,2.5,wave,4158,0,0,0.19215969215969217,True
20,8,37,0.0,0.0,2.5,wave,4099,0,0,0.19687728714320565,True
20,8,38,0.0,0.0,2.5,wave,4042,0,0,0.19965363681345868,True
20,8,39,0.0,0.0,2.5,wave,3984,0,0,0.20406626506024098,True
20,8,40,0.0,0.0,2.5,wave,3938,0,0,0.20594210259014728,True
20,8,41,0.0,0.0,2.5,wave,3889,0,0,0.20956544098740035,True
20,8,42,0.0,0.0,2.5,wave,3852,0,0,0.21443406022845274,True
20,8,43,0.0,0.0,2.5,wave,4367,0,0,0.26883444011907487,True
20,8,44,0.0,0.0,2.5,wave,4120,0,0,0.2524271844660194,True
20,8,45,0.0,0.0,2.5,wave,3958,0,0,0.24583122789287518,True
20,8,46,0.0,0.0,2.5,wave,3892,0,0,0.24409044193216856,True
20,8,47,0.0,0.0,2.5,wave,3826,0,0,0.2433350757971772,True
20,8,48,0.0,0.0,2.5,wave,3782,0,0,0.24484399788471709,True
20,8,49,0.0,0.0,2.5,wave,3732,0,0,0.2470525187566988,True
20,8,50,0.0,0.0,2.5,wave,3687,0,0,0.2503390290208842,True
20,8,51,0.0,0.0,2.5,wave,3643,0,0,0.2517156189953335,True
20,8,52,0.0,0.0,2.5,wave,3607,0,0,0.2561685611311339,True
20,9,1,0.0,0.0,2.5,wave,3577,0,0,0.25887615320100643,True
20,9,2,0.0,0.0,2.5,wave,3550,0,0,0.26225352112676054,True
20,9,3,0.0,0.0,2.5,wave,3521,0,0,0.26498153933541607,True
20,9,4,0.0,0.0,2.5,wave,3481,0,0,0.26802642918701525,True
20,9,5,0.0,0.0,2.5,wave,3447,0,0,0.2703800406150276,True
20,9,6,0.0,0.0,2.5,wave,3400,0,0,0.2726470588235294,True
20,9,7,0.0,0.0,2.5,wave,3376,0,0,0.27636255924170616,True
20,9,8,0.0,0.0,2.5,wave,3340,0,0,0.27844311377245506,True
20,9,9,0.0,0.0,2.5,wave,3307,0,0,0.27940731781070455,True
20,9,10,0.0,0.0,2.5,wave,3264,0,0,0.2821691176470588,True
20,9,11,0.0,0.0,2.5,wave,3207,0,0,0.284377923292797,True
20,9,12,0.0,0.0,2.5,wave,3173,0,0,0.2877403088559723,True
20,9,13,0.0,0.0,2.5,wave,3142,0,0,0.28930617441120304,True
20,9,14,0.0,0.0,2.5,wave,3107,0,0,0.2922433215320245,True
20,9,15,0.0,0.0,2.5,wave,3081,0,0,0.293735800064914,True
20,9,16,0.0,0.0,2.5,wave,3053,0,0,0.2967572879135277,True
20,9,17,0.0,0.0,2.5,wave,3024,0,0,0.29927248677248675,True
20,9,18,0.0,0.0,2.5,wave,6345,0,0,0.13317572892040977,True
20,9,19,0.0,0.0,2.5,wave,6260,0,0,0.1365814696485623,True
20,9,20,0.0,0.0,2.5,wave,6113,0,0,0.13986585964338297,True
20,9,21,0.0,0.0,2.5,wave,5975,0,0,0.14359832635983263,True
20,9,22,0.0,0.0,2.5,wave,5861,0,0,0.14690325882955127,True
20,9,23,0.0,0.0,2.5,wave,5740,0,0,0.15121951219512195,True
20,9,24,0.0,0.0,2.5,wave,5598,0,0,0.15541264737406216,True
20,9,25,0.0,0.0,2.5,wave,5455,0,0,0.15765352887259396,True
20,9,26,0.0,0.0,2.5,wave,5332,0,0,0.16016504126031508,True
20,9,27,0.0,0.0,2.5,wave,5223,0,0,0.1627417193183994,True
20,9,28,0.0,0.0,2.5,wave,5131,0,0,0.165075034106412,True
20,9,29,0.0,0.0,2.5,wave,5045,0,0,0.1686818632309217,True
20,9,30,0.0,0.0,2.5,wave,4970,0,0,0.17243460764587526,True
20,9,31,0.0,0.0,2.5,wave,4883,0,0,0.17612123694450132,True
20,9,32,0.0,0.0,2.5,wave,4804,0,0,0.1806827643630308,True
20,9,33,0.0,0.0,2.5,wave,4725,0,0,0.18518518518518517,True
20,9,34,0.0,0.0,2.5,wave,4653,0,0,0.18869546529120998,True
20,9,35,0.0,0.0,2.5,wave,4586,0,0,0.19079808111644134,True
20,9,36,0.0,0.0,2.5,wave,4535,0,0,0.1938257993384785,True
20,9,37,0.0,0.0,2.5,wave,4480,0,0,0.19732142857142856,True
20,9,38,0.0,0.0,2.5,wave,4428,0,0,0.2000903342366757,True
20,9,39,0.0,0.0,2.5,wave,4368,0,0,0.20306776556776557,True
20,9,40,0.0,0.0,2.5,wave,4313,0,0,0.20472988638998377,True
20,9,41,0.0,0.0,2.5,wave,4265,0,0,0.2093786635404455,True
20,9,42,0.0,0.0,2.5,wave,4214,0,0,0.21381110583768392,True
20,9,43,0.0,0.0,2.5,wave,4717,0,0,0.2673309306762773,True
20,9,44,0.0,0.0,2.5,wave,4461,0,0,0.24635731898677427,True
20,9,45,0.0,0.0,2.5,wave,4321,0,0,0.24022217079379773,True
20,9,46,0.0,0.0,2.5,wave,4229,0,0,0.2409553085835895,True
20,9,47,0.0,0.0,2.5,wave,4185,0,0,0.24301075268817204,True
20,9,48,0.0,0.0,2.5,wave,4131,0,0,0.24376664245945293,True
20,9,49,0.0,0.0,2.5,wave,4067,0,0,0.24612736660929432,True
20,9,50,0.0,0.0,2.5,wave,4038,0,0,0.2483902922238732,True
20,9,51,0.0,0.0,2.5,wave,4003,0,0,0.24856357731701223,True
20,9,52,0.0,0.0,2.5,wave,3951,0,0,0.2528473804100228,True
20,10,1,0.0,0.0,2.5,wave,3911,0,0,0.25441063666581437,True
20,10,2,0.0,0.0,2.5,wave,3868,0,0,0.25413650465356774,True
20,10,3,0.0,0.0,2.5,wave,3829,0,0,0.25568033429093756,True
20,10,4,0.0,0.0,2.5,wave,3803,0,0,0.25742834604259796,True
20,10,5,0.0,0.0,2.5,wave,3768,0,0,0.2592887473460722,True
20,10,6,0.0,0.0,2.5,wave,3710,0,0,0.2606469002695418,True
20,10,7,0.0,0.0,2.5,wave,3656,0,0,0.26285557986870894,True
20,10,8,0.0,0.0,2.5,wave,3604,0,0,0.26359600443951164,True
20,10,9,0.0,0.0,2.5,wave,3562,0,0,0.26754632229084785,True
20,10,10,0.0,0.0,2.5,wave,3522,0,0,0.26916524701873934,True
20,10,11,0.0,0.0,2.5,wave,3488,0,0,0.27121559633027525,True
20,10,12,0.0,0.0,2.5,wave,3451,0,0,0.27325412923790204,True
20,10,13,0.0,0.0,2.5,wave,3419,0,0,0.27493419128400115,True
20,10,14,0.0,0.0,2.5,wave,3376,0,0,0.2772511848341232,True
20,10,15,0.0,0.0,2.5,wave,3338,0,0,0.280407429598562,True
20,10,16,0.0,0.0,2.5,wave,3294,0,0,0.28020643594414085,True
20,10,17,0.0,0.0,2.5,wave,3262,0,0,0.2817290006131208,True
20,10,18,0.0,0.0,2.5,wave,7102,0,0,0.12404956350323852,True
20,10,19,0.0,0.0,2.5,wave,7002,0,0,0.1265352756355327,True
20,10,20,0.0,0.0,2.5,wave,6877,0,0,0.12970772139014106,True
20,10,21,0.0,0.0,2.5,wave,6743,0,0,0.13258193682337238,True
20,10,22,0.0,0.0,2.5,wave,6605,0,0,0.13504920514761545,True
20,10,23,0.0,0.0,2.5,wave,6500,0,0,0.13815384615384615,True
20,10,24,0.0,0.0,2.5,wave,6355,0,0,0.14225019669551534,True
20,10,25,0.0,0.0,2.5,wave,6234,0,0,0.1456528713506577,True
20,10,26,0.0,0.0,2.5,wave,6129,0,0,0.14831130690161526,True
20,10,27,0.0,0.0,2.5,wave,6011,0,0,0.15039094992513724,True
20,10,28,0.0,0.0,2.5,wave,5921,0,0,0.1533524742442155,True
20,10,29,0.0,0.0,2.5,wave,5820,0,0,0.1570446735395189,True
20,10,30,0.0,0.0,2.5,wave,5724,0,0,0.1609014675052411,True
20,10,31,0.0,0.0,2.5,wave,5622,0,0,0.16346495908929207,True
20,10,32,0.0,0.0,2.5,wave,5521,0,0,0.16699873211374752,True
20,10,33,0.0,0.0,2.5,wave,5387,0,0,0.1704102468906627,True
20,10,34,0.0,0.0,2.5,wave,5265,0,0,0.17435897435897435,True
20,10,35,0.0,0.0,2.5,wave,5149,0,0,0.1769275587492717,True
20,10,36,0.0,0.0,2.5,wave,5056,0,0,0.18018196202531644,True
20,10,37,0.0,0.0,2.5,wave,4951,0,0,0.18279135528176127,True
20,10,38,0.0,0.0,2.5,wave,4877,0,0,0.185154808283781,True
20,10,39,0.0,0.0,2.5,wave,4810,0,0,0.18856548856548858,True
20,10,40,0.0,0.0,2.5,wave,4748,0,0,0.19060657118786858,True
20,10,41,0.0,0.0,2.5,wave,4689,0,0,0.19321817018554063,True
20,10,42,0.0,0.0,2.5,wave,4628,0,0,0.19382022471910113,True
20,10,43,0.0,0.0,2.5,wave,5125,0,0,0.25014634146341463,True
20,10,44,0.0,0.0,2.5,wave,4889,0,0,0.2344037635508284,True
20,10,45,0.0,0.0,2.5,wave,4753,0,0,0.22596254996844098,True
20,10,46,0.0,0.0,2.5,wave,4626,0,0,0.22395157803718116,True
20,10,47,0.0,0.0,2.5,wave,4558,0,0,0.22487933304080737,True
20,10,48,0.0,0.0,2.5,wave,4505,0,0,0.22597114317425082,True
20,10,49,0.0,0.0,2.5,wave,4444,0,0,0.22794779477947794,True
20,10,50,0.0,0.0,2.5,wave,4403,0,0,0.23029752441517148,True
20,10,51,0.0,0.0,2.5,wave,4332,0,0,0.23176361957525393,True
20,10,52,0.0,0.0,2.5,wave,4276,0,0,0.23456501403180544,True
20,11,1,0.0,0.0,2.5,wave,4230,0,0,0.2380614657210402,True
20,11,2,0.0,0.0,2.5,wave,4192,0,0,0.2411736641221374,True
20,11,3,0.0,0.0,2.5,wave,4147,0,0,0.2449963829274174,True
20,11,4,0.0,0.0,2.5,wave,4099,0,0,0.24688948524030252,True
20,11,5,0.0,0.0,2.5,wave,4047,0,0,0.24981467753891773,True
20,11,6,0.0,0.0,2.5,wave,4010,0,0,0.25087281795511224,True
20,11,7,0.0,0.0,2.5,wave,3961,0,0,0.25271396112092903,True
20,11,8,0.0,0.0,2.5,wave,3912,0,0,0.25639059304703476,True
20,11,9,0.0,0.0,2.5,wave,3870,0,0,0.2591731266149871,True
20,11,10,0.0,0.0,2.5,wave,3824,0,0,0.2615062761506276,True
20,11,11,0.0,0.0,2.5,wave,3784,0,0,0.26374207188160675,True
20,11,12,0.0,0.0,2.5,wave,3736,0,0,0.2647216274089936,True
20,11,13,0.0,0.0,2.5,wave,3697,0,0,0.2675142007032729,True
20,11,14,0.0,0.0,2.5,wave,3652,0,0,0.2708105147864184,True
20,11,15,0.0,0.0,2.5,wave,3613,0,0,0.27345696097425964,True
20,11,16,0.0,0.0,2.5,wave,3565,0,0,0.27713884992987375,True
20,11,17,0.0,0.0,2.5,wave,3533,0,0,0.2799320690631192,True
20,11,18,0.0,0.0,2.5,wave,7642,0,0,0.12392043967547763,True
20,11,19,0.0,0.0,2.5,wave,7507,0,0,0.12614892766751032,True
20,11,20,0.0,0.0,2.5,wave,7315,0,0,0.13014354066985645,True
20,11,21,0.0,0.0,2.5,wave,7139,0,0,0.1334920857262922,True
20,11,22,0.0,0.0,2.5,wave,6980,0,0,0.13653295128939827,True
20,11,23,0.0,0.0,2.5,wave,6815,0,0,0.1413059427732942,True
20,11,24,0.0,0.0,2.5,wave,6672,0,0,0.14388489208633093,True
20,11,25,0.0,0.0,2.5,wave,6546,0,0,0.14650168041552092,True
20,11,26,0.0,0.0,2.5,wave,6401,0,0,0.15060146852054365,True
20,11,27,0.0,0.0,2.5,wave,6290,0,0,0.15421303656597773,True
20,11,28,0.0,0.0,2.5,wave,6189,0,0,0.1570528356761997,True
20,11,29,0.0,0.0,2.5,wave,6061,0,0,0.1608645438046527,True
20,11,30,0.0,0.0,2.5,wave,5927,0,0,0.16416399527585626,True
20,11,31,0.0,0.0,2.5,wave,5808,0,0,0.16666666666666666,True
20,11,32,0.0,0.0,2.5,wave,5699,0,0,0.16845060536936304,True
20,11,33,0.0,0.0,2.5,wave,5582,0,0,0.17180222142601217,True
20,11,34,0.0,0.0,2.5,wave,5466,0,0,0.1743505305525064,True
20,11,35,0.0,0.0,2.5,wave,5388,0,0,0.17724573125463994,True
20,11,36,0.0,0.0,2.5,wave,5313,0,0,0.1808770939205722,True
20,11,37,0.0,0.0,2.5,wave,5232,0,0,0.18367737003058104,True
20,11,38,0.0,0.0,2.5,wave,5158,0,0,0.1868941450174486,True
20,11,39,0.0,0.0,2.5,wave,5096,0,0,0.18877551020408162,True
20,11,40,0.0,0.0,2.5,wave,5033,0,0,0.1901450427180608,True
20,11,41,0.0,0.0,2.5,wave,4971,0,0,0.19130959565479783,True
20,11,42,0.0,0.0,2.5,wave,4911,0,0,0.19507228670331908,True
20,11,43,0.0,0.0,2.5,wave,5473,0,0,0.24447286680065777,True
20,11,44,0.0,0.0,2.5,wave,5211,0,0,0.2295144885818461,True
20,11,45,0.0,0.0,2.5,wave,5054,0,0,0.2261574990106846,True
20,11,46,0.0,0.0,2.5,wave,4990,0,0,0.2256513026052104,True
20,11,47,0.0,0.0,2.5,wave,4917,0,0,0.22554403091315842,True
20,11,48,0.0,0.0,2.5,wave,4861,0,0,0.22629088664883767,True
20,11,49,0.0,0.0,2.5,wave,4793,0,0,0.22720634258293346,True
20,11,50,0.0,0.0,2.5,wave,4761,0,0,0.23083385843310228,True
20,11,51,0.0,0.0,2.5,wave,4717,0,0,0.23383506465974135,True
20,11,52,0.0,0.0,2.5,wave,4670,0,0,0.23704496788008567,True
21,1,1,0.0,0.0,2.5,wave,2636,0,0,0.0018968133535660092,True
21,1,2,0.0,0.0,2.5,wave,2582,0,0,0.004647560030983733,True
21,1,3,0.0,0.0,2.5,wave,2513,0,0,0.005571030640668524,True
21,1,4,0.0,0.0,2.5,wave,2477,0,0,0.006863140896245458,True
21,1,5,0.0,0.0,2.5,wave,2435,0,0,0.008213552361396304,True
21,1,6,0.0,0.0,2.5,wave,2409,0,0,0.009962640099626401,True
21,1,7,0.0,0.0,2.5,wave,2359,0,0,0.011445527766002543,True
21,1,8,0.0,0.0,2.5,wave,2335,0,0,0.01284796573875803,True
21,1,9,0.0,0.0,2.5,wave,2316,0,0,0.014248704663212436,True
21,1,10,0.0,0.0,2.5,wave,2293,0,0,0.016136066288704752,True
21,1,11,0.0,0.0,2.5,wave,2252,0,0,0.017317939609236235,True
21,1,12,0.0,0.0,2.5,wave,2234,0,0,0.021038495971351837,True
21,1,13,0.0,0.0,2.5,wave,2201,0,0,0.0222626079054975,True
21,1,14,0.0,0.0,2.5,wave,2166,0,0,0.025392428439519853,True
21,1,15,0.0,0.0,2.5,wave,2127,0,0,0.028208744710860368,True
21,1,16,0.0,0.0,2.5,wave,2118,0,0,0.030217186024551465,True
21,1,17,0.0,0.0,2.5,wave,2093,0,0,0.03153368370759675,True
21,1,18,0.0,0.0,2.5,wave,5795,0,0,0.013977566867989646,True
21,1,19,0.0,0.0,2.5,wave,5633,0,0,0.015799751464583702,True
21,1,20,0.0,0.0,2.5,wave,5521,0,0,0.017025901104872305,True
21,1,21,0.0,0.0,2.5,wave,5373,0,0,0.01954215522054718,True
21,1,22,0.0,0.0,2.5,wave,5268,0,0,0.022589217919514046,True
21,1,23,0.0,0.0,2.5,wave,5117,0,0,0.02579636505765097,True
21,1,24,0.0,0.0,2.5,wave,5004,0,0,0.028377298161470825,True
21,1,25,0.0,0.0,2.5,wave,4910,0,0,0.029735234215885947,True
21,1,26,0.0,0.0,2.5,wave,4813,0,0,0.03158113442759194,True
21,1,27,0.0,0.0,2.5,wave,4705,0,0,0.034218916046758766,True
21,1,28,0.0,0.0,2.5,wave,4620,0,0,0.03614718614718615,True
21,1,29,0.0,0.0,2.5,wave,4522,0,0,0.03759398496240601,True
21,1,30,0.0,0.0,2.5,wave,4452,0,0,0.03998203054806829,True
21,1,31,0.0,0.0,2.5,wave,4357,0,0,0.04246040853798485,True
21,1,32,0.0,0.0,2.5,wave,4259,0,0,0.04390702042733036,True
21,1,33,0.0,0.0,2.5,wave,4183,0,0,0.04518288309825484,True
21,1,34,0.0,0.0,2.5,wave,4080,0,0,0.04803921568627451,True
21,1,35,0.0,0.0,2.5,wave,4005,0,0,0.04893882646691636,True
21,1,36,0.0,0.0,2.5,wave,3934,0,0,0.05287239450940519,True
21,1,37,0.0,0.0,2.5,wave,3855,0,0,0.05421530479896239,True
21,1,38,0.0,0.0,2.5,wave,3786,0,0,0.05573164289487586,True
21,1,39,0.0,0.0,2.5,wave,3702,0,0,0.05672609400324149,True
21,1,40,0.0,0.0,2.5,wave,3655,0,0,0.06073871409028728,True
21,1,41,0.0,0.0,2.5,wave,3609,0,0,0.06234413965087282,True
21,1,42,0.0,0.0,2.5,wave,3566,0,0,0.06533931575995514,True
21,1,43,0.0,0.0,2.5,wave,3663,0,0,0.09964509964509964,True
21,1,44,0.0,0.0,2.5,wave,3527,0,0,0.0907286645874681,True
21,1,45,0.0,0.0,2.5,wave,3485,0,0,0.09411764705882353,True
21,1,46,0.0,0.0,2.5,wave,3418,0,0,0.09713282621416033,True
21,1,47,0.0,0.0,2.5,wave,3364,0,0,0.10107015457788347,True
21,1,48,0.0,0.0,2.5,wave,3292,0,0,0.10145808019441069,True
21,1,49,0.0,0.0,2.5,wave,3249,0,0,0.10341643582640812,True
21,1,50,0.0,0.0,2.5,wave,3160,0,0,0.10253164556962026,True
21,1,51,0.0,0.0,2.5,wave,3103,0,0,0.10473735095069288,True
21,1,52,0.0,0.0,2.5,wave,3072,0,0,0.10774739583333333,True
21,2,1,0.0,0.0,2.5,wave,3037,24,5,0.1096476786302272,False
21,2,2,0.0,0.0,2.5,wave,3007,31,10,0.11439973395410709,False
21,2,3,0.0,0.0,2.5,wave,2967,33,16,0.11560498820357264,False
21,2,4,0.0,0.0,2.5,wave,2910,39,18,0.1161512027491409,False
21,2,5,0.0,0.0,2.5,wave,2873,39,9,0.11903933170901497,False
21,2,6,0.0,0.0,2.5,wave,2823,36,12,0.11866808359900814,False
21,2,7,0.0,0.0,2.5,wave,2788,45,19,0.12338593974175036,False
21,2,8,0.0,0.0,2.5,wave,2736,55,12,0.12573099415204678,False
21,2,9,0.0,0.0,2.5,wave,2690,59,13,0.12639405204460966,False
21,2,10,0.0,0.0,2.5,wave,2651,61,21,0.12900792153904186,False
21,2,11,0.0,0.0,2.5,wave,2608,63,28,0.13228527607361965,False
21,2,12,0.0,0.0,2.5,wave,2565,68,25,0.1337231968810916,False
21,2,13,0.0,0.0,2.5,wave,2507,56,23,0.13761467889908258,False
21,2,14,0.0,0.0,2.5,wave,2461,55,25,0.13856156034132466,False
21,2,15,0.0,0.0,2.5,wave,2416,50,20,0.14197019867549668,False
21,2,16,0.0,0.0,2.5,wave,2363,54,20,0.14430808294540837,False
21,2,17,0.0,0.0,2.5,wave,2324,55,21,0.14586919104991394,False
21,2,18,0.0,0.0,2.5,wave,4604,54,26,0.07493483927019982,False
21,2,19,0.0,0.0,2.5,wave,4515,80,24,0.07707641196013289,False
21,2,20,0.0,0.0,2.5,wave,4388,85,24,0.08021877848678213,False
21,2,21,0.0,0.0,2.5,wave,4297,110,34,0.08284849895275774,False
21,2,22,0.0,0.0,2.5,wave,4195,117,38,0.08605482717520858,False
21,2,23,0.0,0.0,2.5,wave,4076,121,45,0.08856722276741903,False
21,2,24,0.0,0.0,2.5,wave,3939,120,47,0.09088601167809089,False
21,2,25,0.0,0.0,2.5,wave,3827,106,45,0.09354585837470604,False
21,2,26,0.0,0.0,2.5,wave,3705,88,42,0.09851551956815115,False
21,2,27,0.0,0.0,2.5,wave,3590,87,39,0.10027855153203342,False
21,2,28,0.0,0.0,2.5,wave,3505,75,32,0.10413694721825963,False
21,2,29,0.0,0.0,2.5,wave,3397,77,27,0.10685899322931999,False
21,2,30,0.0,0.0,2.5,wave,3295,68,29,0.11047040971168437,False
21,2,31,0.0,0.0,2.5,wave,3234,69,27,0.11317254174397032,False
21,2,32,0.0,0.0,2.5,wave,3160,63,20,0.11392405063291139,False
21,2,33,0.0,0.0,2.5,wave,3074,63,25,0.11711125569290826,False
21,2,34,0.0,0.0,2.5,wave,3020,63,27,0.11887417218543046,False
21,2,35,0.0,0.0,2.5,wave,2952,57,22,0.12195121951219512,False
21,2,36,0.0,0.0,2.5,wave,2900,59,19,0.12620689655172415,False
21,2,37,0.0,0.0,2.5,wave,2833,59,18,0.12813272149664667,False
21,2,38,0.0,0.0,2.5,wave,2787,62,22,0.12917115177610333,False
21,2,39,0.0,0.0,2.5,wave,2733,58,28,0.132821075740944,False
21,2,40,0.0,0.0,2.5,wave,2676,53,27,0.13602391629297458,False
21,2,41,0.0,0.0,2.5,wave,2630,45,19,0.13726235741444867,False
21,2,42,0.0,0.0,2.5,wave,2592,41,13,0.1412037037037037,False
21,2,43,0.0,0.0,2.5,wave,2851,38,14,0.19607155384075764,False
21,2,44,0.0,0.0,2.5,wave,2692,32,16,0.1775631500742942,False
21,2,45,0.0,0.0,2.5,wave,2633,26,16,0.17660463349791114,False
21,2,46,0.0,0.0,2.5,wave,2593,22,12,0.17894330890860008,False
21,2,47,0.0,0.0,2.5,wave,2526,14,8,0.18052256532066507,False
21,2,48,0.0,0.0,2.5,wave,2504,14,7,0.18330670926517573,False
21,2,49,0.0,0.0,2.5,wave,2463,14,5,0.1855460820138043,False
21,2,50,0.0,0.0,2.5,wave,2435,11,3,0.1868583162217659,False
21,2,51,0.0,0.0,2.5,wave,2410,9,3,0.1962655601659751,False
21,2,52,0.0,0.0,2.5,wave,2403,8,4,0.1976695796920516,False
21,3,1,0.0,0.0,2.5,wave,2380,7,5,0.20168067226890757,False
21,3,2,0.0,0.0,2.5,wave,2367,7,3,0.204900718208703,False
21,3,3,0.0,0.0,2.5,wave,2354,4,0,0.2102803738317757,False
21,3,4,0.0,0.0,2.5,wave,2328,4,2,0.20919243986254296,False
21,3,5,0.0,0.0,2.5,wave,2313,4,2,0.21011673151750973,False
21,3,6,0.0,0.0,2.5,wave,2290,2,1,0.2126637554585153,False
21,3,7,0.0,0.0,2.5,wave,2269,4,1,0.21551344204495373,False
21,3,8,0.0,0.0,2.5,wave,2244,3,0,0.21880570409982175,False
21,3,9,0.0,0.0,2.5,wave,2221,3,0,0.22017109410175598,False
21,3,10,0.0,0.0,2.5,wave,2196,3,0,0.2226775956284153,False
21,3,11,0.0,0.0,2.5,wave,2167,3,3,0.222888786340563,False
21,3,12,0.0,0.0,2.5,wave,2140,6,3,0.22710280373831776,False
21,3,13,0.0,0.0,2.5,wave,2113,3,0,0.2285849503076195,False
21,3,14,0.0,0.0,2.5,wave,2086,3,0,0.23010546500479387,False
21,3,15,0.0,0.0,2.5,wave,2064,3,1,0.2320736434108527,False
21,3,16,0.0,0.0,2.5,wave,2044,4,2,0.2328767123287671,False
21,3,17,0.0,0.0,2.5,wave,2022,6,2,0.2354104846686449,False
21,3,18,0.0,0.0,2.5,wave,4387,7,2,0.10941417825393207,False
21,3,19,0.0,0.0,2.5,wave,4320,9,3,0.11203703703703703,False
21,3,20,0.0,0.0,2.5,wave,4241,14,2,0.11459561424192408,False
21,3,21,0.0,0.0,2.5,wave,4137,12,3,0.11892675852066716,False
21,3,22,0.0,0.0,2.5,wave,4058,18,4,0.12124199112863479,False
21,3,23,0.0,0.0,2.5,wave,3958,20,6,0.1245578575037898,False
21,3,24,0.0,0.0,2.5,wave,3860,24,8,0.1272020725388601,False
21,3,25,0.0,0.0,2.5,wave,3796,19,6,0.12987355110642781,False
21,3,26,0.0,0.0,2.5,wave,3691,18,7,0.13356813871579518,False
21,3,27,0.0,0.0,2.5,wave,3608,19,10,0.1352549889135255,False
21,3,28,0.0,0.0,2.5,wave,3536,15,7,0.13744343891402716,False
21,3,29,0.0,0.0,2.5,wave,3453,11,5,0.13987836663770634,False
21,3,30,0.0,0.0,2.5,wave,3399,11,4,0.14298323036187113,False
21,3,31,0.0,0.0,2.5,wave,3342,6,2,0.14542190305206462,False
21,3,32,0.0,0.0,2.5,wave,3270,11,5,0.14831804281345565,False
21,3,33,0.0,0.0,2.5,wave,3193,8,5,0.1500156592546195,False
21,3,34,0.0,0.0,2.5,wave,3135,8,2,0.15374800637958533,False
21,3,35,0.0,0.0,2.5,wave,3078,6,2,0.15756985055230668,False
21,3,36,0.0,0.0,2.5,wave,3017,6,4,0.16141862777593635,False
21,3,37,0.0,0.0,2.5,wave,2972,5,4,0.16722745625841184,False
21,3,38,0.0,0.0,2.5,wave,2924,5,2,0.17031463748290013,False
21,3,39,0.0,0.0,2.5,wave,2886,3,2,0.1742896742896743,False
21,3,40,0.0,0.0,2.5,wave,2849,5,2,0.1740961740961741,False
21,3,41,0.0,0.0,2.5,wave,2812,3,0,0.17496443812233287,False
21,3,42,0.0,0.0,2.5,wave,2789,3,1,0.17640731444962351,False
21,3,43,0.0,0.0,2.5,wave,3017,3,2,0.2137885316539609,False
21,3,44,0.0,0.0,2.5,wave,2851,2,2,0.19922834093300595,False
21,3,45,0.0,0.0,2.5,wave,2769,4,1,0.19718309859154928,False
21,3,46,0.0,0.0,2.5,wave,2721,3,0,0.1966188901139287,False
21,3,47,0.0,0.0,2.5,wave,2709,3,0,0.19748984865263935,False
21,3,48,0.0,0.0,2.5,wave,2679,3,2,0.20044792833146696,False
21,3,49,0.0,0.0,2.5,wave,2649,5,3,0.2015855039637599,False
21,3,50,0.0,0.0,2.5,wave,2620,4,1,0.20190839694656487,False
21,3,51,0.0,0.0,2.5,wave,2588,3,2,0.20247295208655333,False
21,3,52,0.0,0.0,2.5,wave,2559,4,2,0.20398593200468934,False
21,4,1,0.0,0.0,2.5,wave,2531,2,0,0.20782299486369024,False
21,4,2,0.0,0.0,2.5,wave,2503,2,1,0.21014782261286455,False
21,4,3,0.0,0.0,2.5,wave,2449,2,2,0.2119232339730502,False
21,4,4,0.0,0.0,2.5,wave,2421,4,1,0.21561338289962825,False
21,4,5,0.0,0.0,2.5,wave,2395,3,0,0.21878914405010438,False
21,4,6,0.0,0.0,2.5,wave,2356,3,0,0.2198641765704584,False
21,4,7,0.0,0.0,2.5,wave,2332,3,0,0.22126929674099485,False
21,4,8,0.0,0.0,2.5,wave,2309,3,2,0.22260718925941966,False
21,4,9,0.0,0.0,2.5,wave,2281,4,2,0.22490135905304692,False
21,4,10,0.0,0.0,2.5,wave,2256,2,0,0.225177304964539,False
21,4,11,0.0,0.0,2.5,wave,2225,2,1,0.2292134831460674,False
21,4,12,0.0,0.0,2.5,wave,2208,4,2,0.23233695652173914,False
21,4,13,0.0,0.0,2.5,wave,2183,5,1,0.23453962437013284,False
21,4,14,0.0,0.0,2.5,wave,2166,4,1,0.234533702677747,False
21,4,15,0.0,0.0,2.5,wave,2151,4,1,0.23663412366341235,False
21,4,16,0.0,0.0,2.5,wave,2125,3,1,0.23623529411764707,False
21,4,17,0.0,0.0,2.5,wave,2104,4,2,0.24096958174904942,False
21,4,18,0.0,0.0,2.5,wave,4599,5,2,0.1111111111111111,False
21,4,19,0.0,0.0,2.5,wave,4532,6,2,0.11363636363636363,False
21,4,20,0.0,0.0,2.5,wave,4450,12,2,0.11595505617977528,False
21,4,21,0.0,0.0,2.5,wave,4349,17,2,0.11749827546562429,False
21,4,22,0.0,0.0,2.5,wave,4256,22,7,0.11889097744360902,False
21,4,23,0.0,0.0,2.5,wave,4155,23,9,0.12129963898916968,False
21,4,24,0.0,0.0,2.5,wave,4052,20,6,0.12290227048371175,False
21,4,25,0.0,0.0,2.5,wave,3949,18,7,0.12509496074955684,False
21,4,26,0.0,0.0,2.5,wave,3860,14,7,0.12875647668393783,False
21,4,27,0.0,0.0,2.5,wave,3765,10,7,0.13227091633466134,False
21,4,28,0.0,0.0,2.5,wave,3680,9,5,0.13777173913043478,False
21,4,29,0.0,0.0,2.5,wave,3596,7,2,0.1407119021134594,False
21,4,30,0.0,0.0,2.5,wave,3537,7,3,0.1433418150975403,False
21,4,31,0.0,0.0,2.5,wave,3472,8,3,0.14516129032258066,False
21,4,32,0.0,0.0,2.5,wave,3402,9,3,0.14667842445620224,False
21,4,33,0.0,0.0,2.5,wave,3328,9,6,0.14963942307692307,False
21,4,34,0.0,0.0,2.5,wave,3260,9,5,0.15153374233128836,False
21,4,35,0.0,0.0,2.5,wave,3167,8,1,0.15535206820334702,False
21,4,36,0.0,0.0,2.5,wave,3097,7,3,0.1598320955763642,False
21,4,37,0.0,0.0,2.5,wave,3044,11,4,0.16327201051248358,False
21,4,38,0.0,0.0,2.5,wave,2992,7,2,0.1657754010695187,False
21,4,39,0.0,0.0,2.5,wave,2957,7,3,0.16773757186337504,False
21,4,40,0.0,0.0,2.5,wave,2924,8,4,0.16928864569083446,False
21,4,41,0.0,0.0,2.5,wave,2890,6,4,0.17301038062283736,False
21,4,42,0.0,0.0,2.5,wave,2860,6,2,0.17692307692307693,False
21,4,43,0.0,0.0,2.5,wave,3167,4,0,0.23334385854120618,False
21,4,44,0.0,0.0,2.5,wave,3018,4,2,0.22332670642809807,False
21,4,45,0.0,0.0,2.5,wave,2931,4,2,0.22040259297168202,False
21,4,46,0.0,0.0,2.5,wave,2910,2,0,0.22714776632302405,False
21,4,47,0.0,0.0,2.5,wave,2876,2,0,0.22983310152990263,False
21,4,48,0.0,0.0,2.5,wave,2847,2,2,0.23217421847558833,False
21,4,49,0.0,0.0,2.5,wave,2813,2,2,0.23924635620334161,False
21,4,50,0.0,0.0,2.5,wave,2794,0,0,0.2380100214745884,True
21,4,51,0.0,0.0,2.5,wave,2768,0,0,0.23916184971098267,True
21,4,52,0.0,0.0,2.5,wave,2745,0,0,0.24080145719489982,True
21,5,1,0.0,0.0,2.5,wave,2717,0,0,0.24365108575634892,True
21,5,2,0.0,0.0,2.5,wave,2668,0,0,0.24212893553223389,True
21,5,3,0.0,0.0,2.5,wave,2651,0,0,0.24669935873255375,True
21,5,4,0.0,0.0,2.5,wave,2624,0,0,0.2458079268292683,True
21,5,5,0.0,0.0,2.5,wave,2589,0,0,0.24758594051757435,True
21,5,6,0.0,0.0,2.5,wave,2559,0,0,0.24970691676436108,True
21,5,7,0.0,0.0,2.5,wave,2530,0,0,0.2525691699604743,True
21,5,8,0.0,0.0,2.5,wave,2506,0,0,0.25658419792498005,True
21,5,9,0.0,0.0,2.5,wave,2467,0,0,0.25820835022294286,True
21,5,10,0.0,0.0,2.5,wave,2447,0,0,0.25827543931344504,True
21,5,11,0.0,0.0,2.5,wave,2414,0,0,0.2593206296603148,True
21,5,12,0.0,0.0,2.5,wave,2399,0,0,0.26302626094205916,True
21,5,13,0.0,0.0,2.5,wave,2375,0,0,0.26821052631578945,True
21,5,14,0.0,0.0,2.5,wave,2358,0,0,0.2692960135708227,True
21,5,15,0.0,0.0,2.5,wave,2337,0,0,0.27471116816431324,True
21,5,16,0.0,0.0,2.5,wave,2312,0,0,0.2772491349480969,True
21,5,17,0.0,0.0,2.5,wave,2281,0,0,0.28233231039017975,True
21,5,18,0.0,0.0,2.5,wave,4947,0,0,0.13119062057812816,True
21,5,19,0.0,0.0,2.5,wave,4877,0,0,0.13368874307976214,True
21,5,20,0.0,0.0,2.5,wave,4781,0,0,0.1376281112737921,True
21,5,21,0.0,0.0,2.5,wave,4697,0,0,0.1407281243346817,True
21,5,22,0.0,0.0,2.5,wave,4632,0,0,0.14313471502590674,True
21,5,23,0.0,0.0,2.5,wave,4537,0,0,0.14569098523253252,True
21,5,24,0.0,0.0,2.5,wave,4421,0,0,0.14996607102465506,True
21,5,25,0.0,0.0,2.5,wave,4332,0,0,0.15397045244690674,True
21,5,26,0.0,0.0,2.5,wave,4235,0,0,0.1563164108618654,True
21,5,27,0.0,0.0,2.5,wave,4167,0,0,0.1595872330213583,True
21,5,28,0.0,0.0,2.5,wave,4094,0,0,0.16487542745481193,True
21,5,29,0.0,0.0,2.5,wave,4006,0,0,0.16699950074887668,True
21,5,30,0.0,0.0,2.5,wave,3911,0,0,0.17233444131935566,True
21,5,31,0.0,0.0,2.5,wave,3847,0,0,0.17338185599168182,True
21,5,32,0.0,0.0,2.5,wave,3757,0,0,0.17700292786797978,True
21,5,33,0.0,0.0,2.5,wave,3643,0,0,0.18171836398572605,True
21,5,34,0.0,0.0,2.5,wave,3562,0,0,0.18388545760808533,True
21,5,35,0.0,0.0,2.5,wave,3504,0,0,0.18692922374429224,True
21,5,36,0.0,0.0,2.5,wave,3434,0,0,0.19015725101921957,True
21,5,37,0.0,0.0,2.5,wave,3361,0,0,0.1939898839631062,True
21,5,38,0.0,0.0,2.5,wave,3318,0,0,0.1968053044002411,True
21,5,39,0.0,0.0,2.5,wave,3279,0,0,0.19945105215004574,True
21,5,40,0.0,0.0,2.5,wave,3235,0,0,0.20309119010819165,True
21,5,41,0.0,0.0,2.5,wave,3205,0,0,0.20717628705148206,True
21,5,42,0.0,0.0,2.5,wave,3158,0,0,0.2070930968967701,True
21,5,43,0.0,0.0,2.5,wave,3360,0,0,0.2505952380952381,True
21,5,44,0.0,0.0,2.5,wave,3172,0,0,0.2405422446406053,True
21,5,45,0.0,0.0,2.5,wave,3113,0,0,0.23931898490202377,True
21,5,46,0.0,0.0,2.5,wave,3083,0,0,0.24132338631203373,True
21,5,47,0.0,0.0,2.5,wave,3046,0,0,0.2468811556139199,True
21,5,48,0.0,0.0,2.5,wave,3015,0,0,0.248424543946932,True
21,5,49,0.0,0.0,2.5,wave,2971,0,0,0.2581622349377314,True
21,5,50,0.0,0.0,2.5,wave,2948,0,0,0.2608548168249661,True
21,5,51,0.0,0.0,2.5,wave,2914,0,0,0.2638984214138641,True
21,5,52,0.0,0.0,2.5,wave,2894,0,0,0.26641326883206634,True
21,6,1,0.0,0.0,2.5,wave,2869,0,0,0.2701289647960962,True
21,6,2,0.0,0.0,2.5,wave,2847,0,0,0.27256761503336846,True
21,6,3,0.0,0.0,2.5,wave,2822,0,0,0.27569099929128277,True
21,6,4,0.0,0.0,2.5,wave,2790,0,0,0.2763440860215054,True
21,6,5,0.0,0.0,2.5,wave,2755,0,0,0.279491833030853,True
21,6,6,0.0,0.0,2.5,wave,2708,0,0,0.2810192023633678,True
21,6,7,0.0,0.0,2.5,wave,2678,0,0,0.2830470500373413,True
21,6,8,0.0,0.0,2.5,wave,2643,0,0,0.2845251608021188,True
21,6,9,0.0,0.0,2.5,wave,2606,0,0,0.2866462010744436,True
21,6,10,0.0,0.0,2.5,wave,2574,0,0,0.2905982905982906,True
21,6,11,0.0,0.0,2.5,wave,2547,0,0,0.28975265017667845,True
21,6,12,0.0,0.0,2.5,wave,2519,0,0,0.29138547042477175,True
21,6,13,0.0,0.0,2.5,wave,2493,0,0,0.29362214199759323,True
21,6,14,0.0,0.0,2.5,wave,2473,0,0,0.29397492923574603,True
21,6,15,0.0,0.0,2.5,wave,2450,0,0,0.29714285714285715,True
21,6,16,0.0,0.0,2.5,wave,2416,0,0,0.29635761589403975,True
21,6,17,0.0,0.0,2.5,wave,2388,0,0,0.29941373534338356,True
21,6,18,0.0,0.0,2.5,wave,5284,0,0,0.13588190764572294,True
21,6,19,0.0,0.0,2.5,wave,5161,0,0,0.1391203255183104,True
21,6,20,0.0,0.0,2.5,wave,5048,0,0,0.14243264659271,True
21,6,21,0.0,0.0,2.5,wave,4927,0,0,0.14593058656383195,True
21,6,22,0.0,0.0,2.5,wave,4822,0,0,0.1497304023226877,True
21,6,23,0.0,0.0,2.5,wave,4724,0,0,0.15325994919559696,True
21,6,24,0.0,0.0,2.5,wave,4628,0,0,0.15622299049265342,True
21,6,25,0.0,0.0,2.5,wave,4528,0,0,0.15901060070671377,True
21,6,26,0.0,0.0,2.5,wave,4413,0,0,0.16224790392023566,True
21,6,27,0.0,0.0,2.5,wave,4295,0,0,0.16623981373690339,True
21,6,28,0.0,0.0,2.5,wave,4229,0,0,0.16883423977299597,True
21,6,29,0.0,0.0,2.5,wave,4165,0,0,0.17190876350540216,True
21,6,30,0.0,0.0,2.5,wave,4078,0,0,0.17435017165277097,True
21,6,31,0.0,0.0,2.5,wave,4000,0,0,0.17725,True
21,6,32,0.0,0.0,2.5,wave,3934,0,0,0.17895271987798678,True
21,6,33,0.0,0.0,2.5,wave,3860,0,0,0.18367875647668394,True
21,6,34,0.0,0.0,2.5,wave,3800,0,0,0.18605263157894736,True
21,6,35,0.0,0.0,2.5,wave,3745,0,0,0.18931909212283043,True
21,6,36,0.0,0.0,2.5,wave,3675,0,0,0.19020408163265307,True
21,6,37,0.0,0.0,2.5,wave,3591,0,0,0.19353940406571984,True
21,6,38,0.0,0.0,2.5,wave,3536,0,0,0.1965497737556561,True
21,6,39,0.0,0.0,2.5,wave,3503,0,0,0.20011418783899515,True
21,6,40,0.0,0.0,2.5,wave,3454,0,0,0.20295309785755647,True
21,6,41,0.0,0.0,2.5,wave,3420,0,0,0.2043859649122807,True
21,6,42,0.0,0.0,2.5,wave,3387,0,0,0.206967818128137,True
21,6,43,0.0,0.0,2.5,wave,3649,0,0,0.25787887092354067,True
21,6,44,0.0,0.0,2.5,wave,3422,0,0,0.2375803623611923,True
21,6,45,0.0,0.0,2.5,wave,3326,0,0,0.23451593505712567,True
21,6,46,0.0,0.0,2.5,wave,3251,0,0,0.2356198092894494,True
21,6,47,0.0,0.0,2.5,wave,3237,0,0,0.23941921532282978,True
21,6,48,0.0,0.0,2.5,wave,3206,0,0,0.23986275733000623,True
21,6,49,0.0,0.0,2.5,wave,3176,0,0,0.24055415617128464,True
21,6,50,0.0,0.0,2.5,wave,3146,0,0,0.24507310870947235,True
21,6,51,0.0,0.0,2.5,wave,3116,0,0,0.24422336328626446,True
21,6,52,0.0,0.0,2.5,wave,3080,0,0,0.2461038961038961,True
21,7,1,0.0,0.0,2.5,wave,3048,0,0,0.25065616797900264,True
21,7,2,0.0,0.0,2.5,wave,3006,0,0,0.2528276779773786,True
21,7,3,0.0,0.0,2.5,wave,2972,0,0,0.2543741588156124,True
21,7,4,0.0,0.0,2.5,wave,2929,0,0,0.25640150221918745,True
21,7,5,0.0,0.0,2.5,wave,2906,0,0,0.2587749483826566,True
21,7,6,0.0,0.0,2.5,wave,2881,0,0,0.2572023602915654,True
21,7,7,0.0,0.0,2.5,wave,2852,0,0,0.25806451612903225,True
21,7,8,0.0,0.0,2.5,wave,2824,0,0,0.2584985835694051,True
21,7,9,0.0,0.0,2.5,wave,2803,0,0,0.262575811630396,True
21,7,10,0.0,0.0,2.5,wave,2761,0,0,0.2651213328504165,True
21,7,11,0.0,0.0,2.5,wave,2730,0,0,0.2673992673992674,True
21,7,12,0.0,0.0,2.5,wave,2697,0,0,0.2717834631071561,True
21,7,13,0.0,0.0,2.5,wave,2679,0,0,0.2702500933184024,True
21,7,14,0.0,0.0,2.5,wave,2648,0,0,0.27416918429003023,True
21,7,15,0.0,0.0,2.5,wave,2620,0,0,0.2770992366412214,True
21,7,16,0.0,0.0,2.5,wave,2595,0,0,0.27822736030828515,True
21,7,17,0.0,0.0,2.5,wave,2556,0,0,0.28012519561815336,True
21,7,18,0.0,0.0,2.5,wave,5624,0,0,0.12695590327169273,True
21,7,19,0.0,0.0,2.5,wave,5570,0,0,0.1310592459605027,True
21,7,20,0.0,0.0,2.5,wave,5447,0,0,0.1360381861575179,True
21,7,21,0.0,0.0,2.5,wave,5332,0,0,0.14047261815453863,True
21,7,22,0.0,0.0,2.5,wave,5200,0,0,0.1428846153846154,True
21,7,23,0.0,0.0,2.5,wave,5104,0,0,0.14635579937304075,True
21,7,24,0.0,0.0,2.5,wave,5017,0,0,0.15008969503687464,True
21,7,25,0.0,0.0,2.5,wave,4887,0,0,0.15183138940045018,True
21,7,26,0.0,0.0,2.5,wave,4792,0,0,0.15588480801335558,True
21,7,27,0.0,0.0,2.5,wave,4712,0,0,0.15874363327674024,True
21,7,28,0.0,0.0,2.5,wave,4651,0,0,0.16039561384648462,True
21,7,29,0.0,0.0,2.5,wave,4583,0,0,0.1647392537639101,True
21,7,30,0.0,0.0,2.5,wave,4442,0,0,0.16861773975686628,True
21,7,31,0.0,0.0,2.5,wave,4323,0,0,0.17233402729585937,True
21,7,32,0.0,0.0,2.5,wave,4218,0,0,0.17543859649122806,True
21,7,33,0.0,0.0,2.5,wave,4126,0,0,0.17644207464857004,True
21,7,34,0.0,0.0,2.5,wave,4041,0,0,0.18064835436773077,True
21,7,35,0.0,0.0,2.5,wave,3967,0,0,0.18628686664986135,True
21,7,36,0.0,0.0,2.5,wave,3888,0,0,0.19032921810699588,True
21,7,37,0.0,0.0,2.5,wave,3787,0,0,0.19197253762872987,True
21,7,38,0.0,0.0,2.5,wave,3737,0,0,0.19534385871019536,True
21,7,39,0.0,0.0,2.5,wave,3679,0,0,0.19434628975265017,True
21,7,40,0.0,0.0,2.5,wave,3633,0,0,0.1979080649600881,True
21,7,41,0.0,0.0,2.5,wave,3566,0,0,0.19994391475042064,True
21,7,42,0.0,0.0,2.5,wave,3510,0,0,0.20341880341880342,True
21,7,43,0.0,0.0,2.5,wave,3787,0,0,0.25270662793768156,True
21,7,44,0.0,0.0,2.5,wave,3593,0,0,0.23963261898135263,True
21,7,45,0.0,0.0,2.5,wave,3444,0,0,0.23373983739837398,True
21,7,46,0.0,0.0,2.5,wave,3363,0,0,0.23550401427297057,True
21,7,47,0.0,0.0,2.5,wave,3331,0,0,0.2374662263584509,True
21,7,48,0.0,0.0,2.5,wave,3309,0,0,0.23995164702326988,True
21,7,49,0.0,0.0,2.5,wave,3279,0,0,0.24184202500762428,True
21,7,50,0.0,0.0,2.5,wave,3254,0,0,0.2455439459127228,True
21,7,51,0.0,0.0,2.5,wave,3236,0,0,0.24567367119901112,True
21,7,52,0.0,0.0,2.5,wave,3204,0,0,0.2484394506866417,True
21,8,1,0.0,0.0,2.5,wave,3162,0,0,0.24984187223276408,True
21,8,2,0.0,0.0,2.5,wave,3136,0,0,0.25510204081632654,True
21,8,3,0.0,0.0,2.5,wave,3107,0,0,0.25619568715803026,True
21,8,4,0.0,0.0,2.5,wave,3070,0,0,0.25830618892508145,True
21,8,5,0.0,0.0,2.5,wave,3053,0,0,0.26072715361939075,True
21,8,6,0.0,0.0,2.5,wave,3010,0,0,0.2621262458471761,True
21,8,7,0.0,0.0,2.5,wave,2972,0,0,0.2651413189771198,True
21,8,8,0.0,0.0,2.5,wave,2943,0,0,0.26809378185524974,True
21,8,9,0.0,0.0,2.5,wave,2909,0,0,0.27088346510828465,True
21,8,10,0.0,0.0,2.5,wave,2881,0,0,0.2714335300242971,True
21,8,11,0.0,0.0,2.5,wave,2854,0,0,0.2747021723896286,True
21,8,12,0.0,0.0,2.5,wave,2828,0,0,0.2736916548797737,True
21,8,13,0.0,0.0,2.5,wave,2790,0,0,0.27491039426523295,True
21,8,14,0.0,0.0,2.5,wave,2757,0,0,0.2760246644903881,True
21,8,15,0.0,0.0,2.5,wave,2728,0,0,0.27749266862170086,True
21,8,16,0.0,0.0,2.5,wave,2692,0,0,0.2797176820208024,True
21,8,17,0.0,0.0,2.5,wave,2660,0,0,0.28383458646616544,True
21,8,18,0.0,0.0,2.5,wave,5859,0,0,0.1295442908346134,True
21,8,19,0.0,0.0,2.5,wave,5767,0,0,0.13230449106988035,True
21,8,20,0.0,0.0,2.5,wave,5668,0,0,0.13620324629498942,True
21,8,21,0.0,0.0,2.5,wave,5570,0,0,0.1384201077199282,True
21,8,22,0.0,0.0,2.5,wave,5439,0,0,0.14009928295642582,True
21,8,23,0.0,0.0,2.5,wave,5297,0,0,0.14498772890315273,True
21,8,24,0.0,0.0,2.5,wave,5174,0,0,0.14669501352918438,True
21,8,25,0.0,0.0,2.5,wave,5074,0,0,0.1511627906976744,True
21,8,26,0.0,0.0,2.5,wave,4981,0,0,0.1549889580405541,True
21,8,27,0.0,0.0,2.5,wave,4891,0,0,0.15824984665712533,True
21,8,28,0.0,0.0,2.5,wave,4796,0,0,0.1609674728940784,True
21,8,29,0.0,0.0,2.5,wave,4721,0,0,0.16310103791569583,True
21,8,30,0.0,0.0,2.5,wave,4621,0,0,0.1661977926855659,True
21,8,31,0.0,0.0,2.5,wave,4497,0,0,0.16833444518567933,True
21,8,32,0.0,0.0,2.5,wave,4418,0,0,0.17089180624717065,True
21,8,33,0.0,0.0,2.5,wave,4327,0,0,0.1730991449040906,True
21,8,34,0.0,0.0,2.5,wave,4264,0,0,0.17636022514071295,True
21,8,35,0.0,0.0,2.5,wave,4177,0,0,0.1793152980608092,True
21,8,36,0.0,0.0,2.5,wave,4092,0,0,0.18328445747800587,True
21,8,37,0.0,0.0,2.5,wave,4007,0,0,0.18642375842276018,True
21,8,38,0.0,0.0,2.5,wave,3969,0,0,0.1874527588813303,True
21,8,39,0.0,0.0,2.5,wave,3926,0,0,0.19001528273051452,True
21,8,40,0.0,0.0,2.5,wave,3890,0,0,0.19203084832904885,True
21,8,41,0.0,0.0,2.5,wave,3829,0,0,0.1956124314442413,True
21,8,42,0.0,0.0,2.5,wave,3782,0,0,0.19883659439450027,True
21,8,43,0.0,0.0,2.5,wave,4125,0,0,0.24727272727272728,True
21,8,44,0.0,0.0,2.5,wave,3910,0,0,0.23375959079283887,True
21,8,45,0.0,0.0,2.5,wave,3782,0,0,0.2297726070861978,True
21,8,46,0.0,0.0,2.5,wave,3732,0,0,0.22883172561629153,True
21,8,47,0.0,0.0,2.5,wave,3661,0,0,0.22780661021578805,True
21,8,48,0.0,0.0,2.5,wave,3613,0,0,0.22861887628009964,True
21,8,49,0.0,0.0,2.5,wave,3570,0,0,0.2299719887955182,True
21,8,50,0.0,0.0,2.5,wave,3538,0,0,0.23261729790842284,True
21,8,51,0.0,0.0,2.5,wave,3494,0,0,0.23697767601602748,True
21,8,52,0.0,0.0,2.5,wave,3441,0,0,0.23888404533565824,True
21,9,1,0.0,0.0,2.5,wave,3393,0,0,0.24255820807544945,True
21,9,2,0.0,0.0,2.5,wave,3355,0,0,0.24411326378539494,True
21,9,3,0.0,0.0,2.5,wave,3309,0,0,0.24660018132366274,True
21,9,4,0.0,0.0,2.5,wave,3286,0,0,0.24771758977480218,True
21,9,5,0.0,0.0,2.5,wave,3263,0,0,0.25038308305240575,True
21,9,6,0.0,0.0,2.5,wave,3227,0,0,0.25224666873256896,True
21,9,7,0.0,0.0,2.5,wave,3177,0,0,0.2518098835379289,True
21,9,8,0.0,0.0,2.5,wave,3141,0,0,0.25405921680993315,True
21,9,9,0.0,0.0,2.5,wave,3099,0,0,0.25524362697644404,True
21,9,10,0.0,0.0,2.5,wave,3067,0,0,0.25758069775024456,True
21,9,11,0.0,0.0,2.5,wave,3026,0,0,0.260079312623926,True
21,9,12,0.0,0.0,2.5,wave,2993,0,0,0.2626127631139325,True
21,9,13,0.0,0.0,2.5,wave,2959,0,0,0.26563028050016896,True
21,9,14,0.0,0.0,2.5,wave,2931,0,0,0.26885022176731493,True
21,9,15,0.0,0.0,2.5,wave,2898,0,0,0.27087646652864045,True
21,9,16,0.0,0.0,2.5,wave,2869,0,0,0.2725688393168351,True
21,9,17,0.0,0.0,2.5,wave,2845,0,0,0.2759226713532513,True
21,9,18,0.0,0.0,2.5,wave,5958,0,0,0.12504196038939241,True
21,9,19,0.0,0.0,2.5,wave,5874,0,0,0.1278515491998638,True
21,9,20,0.0,0.0,2.5,wave,5787,0,0,0.13132884050457924,True
21,9,21,0.0,0.0,2.5,wave,5691,0,0,0.13336847654190828,True
21,9,22,0.0,0.0,2.5,wave,5602,0,0,0.13566583363084614,True
21,9,23,0.0,0.0,2.5,wave,5494,0,0,0.13887877684746996,True
21,9,24,0.0,0.0,2.5,wave,5403,0,0,0.1419581713862669,True
21,9,25,0.0,0.0,2.5,wave,5311,0,0,0.14554697797025043,True
21,9,26,0.0,0.0,2.5,wave,5196,0,0,0.14953810623556582,True
21,9,27,0.0,0.0,2.5,wave,5102,0,0,0.15268522148177185,True
21,9,28,0.0,0.0,2.5,wave,4981,0,0,0.15539048383858664,True
21,9,29,0.0,0.0,2.5,wave,4844,0,0,0.15957886044591246,True
21,9,30,0.0,0.0,2.5,wave,4745,0,0,0.16185458377239198,True
21,9,31,0.0,0.0,2.5,wave,4661,0,0,0.16605878566831153,True
21,9,32,0.0,0.0,2.5,wave,4585,0,0,0.1688113413304253,True
21,9,33,0.0,0.0,2.5,wave,4516,0,0,0.17316209034543845,True
21,9,34,0.0,0.0,2.5,wave,4423,0,0,0.17589871128193535,True
21,9,35,0.0,0.0,2.5,wave,4344,0,0,0.17840699815837938,True
21,9,36,0.0,0.0,2.5,wave,4291,0,0,0.18200885574458167,True
21,9,37,0.0,0.0,2.5,wave,4237,0,0,0.18621666273306584,True
21,9,38,0.0,0.0,2.5,wave,4183,0,0,0.1881424814726273,True
21,9,39,0.0,0.0,2.5,wave,4143,0,0,0.18923485397055273,True
21,9,40,0.0,0.0,2.5,wave,4101,0,0,0.1911728846622775,True
21,9,41,0.0,0.0,2.5,wave,4043,0,0,0.19267870393272324,True
21,9,42,0.0,0.0,2.5,wave,3983,0,0,0.19457695204619632,True
21,9,43,0.0,0.0,2.5,wave,4408,0,0,0.24818511796733211,True
21,9,44,0.0,0.0,2.5,wave,4125,0,0,0.2353939393939394,True
21,9,45,0.0,0.0,2.5,wave,4006,0,0,0.23115327009485773,True
21,9,46,0.0,0.0,2.5,wave,3934,0,0,0.22928317234367057,True
21,9,47,0.0,0.0,2.5,wave,3874,0,0,0.2323180175529169,True
21,9,48,0.0,0.0,2.5,wave,3839,0,0,0.2349570200573066,True
21,9,49,0.0,0.0,2.5,wave,3784,0,0,0.23757928118393234,True
21,9,50,0.0,0.0,2.5,wave,3740,0,0,0.24037433155080215,True
21,9,51,0.0,0.0,2.5,wave,3697,0,0,0.24181769001893427,True
21,9,52,0.0,0.0,2.5,wave,3668,0,0,0.24372955288985823,True
21,10,1,0.0,0.0,2.5,wave,3615,0,0,0.24426002766251728,True
21,10,2,0.0,0.0,2.5,wave,3574,0,0,0.2484611080022384,True
21,10,3,0.0,0.0,2.5,wave,3532,0,0,0.24858437146092865,True
21,10,4,0.0,0.0,2.5,wave,3503,0,0,0.2514987153868113,True
21,10,5,0.0,0.0,2.5,wave,3465,0,0,0.2533910533910534,True
21,10,6,0.0,0.0,2.5,wave,3426,0,0,0.2565674255691769,True
21,10,7,0.0,0.0,2.5,wave,3391,0,0,0.25715128280743144,True
21,10,8,0.0,0.0,2.5,wave,3338,0,0,0.2606351108448173,True
21,10,9,0.0,0.0,2.5,wave,3303,0,0,0.26248864668483196,True
21,10,10,0.0,0.0,2.5,wave,3262,0,0,0.26425505824647455,True
21,10,11,0.0,0.0,2.5,wave,3222,0,0,0.2672253258845438,True
21,10,12,0.0,0.0,2.5,wave,3182,0,0,0.26869893148962914,True
21,10,13,0.0,0.0,2.5,wave,3156,0,0,0.2702788339670469,True
21,10,14,0.0,0.0,2.5,wave,3130,0,0,0.2731629392971246,True
21,10,15,0.0,0.0,2.5,wave,3090,0,0,0.2766990291262136,True
21,10,16,0.0,0.0,2.5,wave,3056,0,0,0.28174083769633507,True
21,10,17,0.0,0.0,2.5,wave,3028,0,0,0.2836856010568032,True
21,10,18,0.0,0.0,2.5,wave,6406,0,0,0.1300343428036216,True
21,10,19,0.0,0.0,2.5,wave,6315,0,0,0.13254156769596198,True
21,10,20,0.0,0.0,2.5,wave,6188,0,0,0.1352617970265029,True
21,10,21,0.0,0.0,2.5,wave,6049,0,0,0.13969251115886924,True
21,10,22,0.0,0.0,2.5,wave,5926,0,0,0.1419169760377995,True
21,10,23,0.0,0.0,2.5,wave,5782,0,0,0.14475959875475614,True
21,10,24,0.0,0.0,2.5,wave,5652,0,0,0.14879688605803257,True
21,10,25,0.0,0.0,2.5,wave,5537,0,0,0.151887303594004,True
21,10,26,0.0,0.0,2.5,wave,5436,0,0,0.155813097866078,True
21,10,27,0.0,0.0,2.5,wave,5300,0,0,0.15773584905660376,True
21,10,28,0.0,0.0,2.5,wave,5186,0,0,0.16274585422290783,True
21,10,29,0.0,0.0,2.5,wave,5083,0,0,0.16525673814676373,True
21,10,30,0.0,0.0,2.5,wave,4995,0,0,0.16776776776776778,True
21,10,31,0.0,0.0,2.5,wave,4906,0,0,0.17081125152874033,True
21,10,32,0.0,0.0,2.5,wave,4794,0,0,0.1750104297037964,True
21,10,33,0.0,0.0,2.5,wave,4698,0,0,0.18028948488718605,True
21,10,34,0.0,0.0,2.5,wave,4625,0,0,0.1824864864864865,True
21,10,35,0.0,0.0,2.5,wave,4557,0,0,0.18433179723502305,True
21,10,36,0.0,0.0,2.5,wave,4488,0,0,0.18783422459893048,True
21,10,37,0.0,0.0,2.5,wave,4403,0,0,0.19123325005677946,True
21,10,38,0.0,0.0,2.5,wave,4344,0,0,0.19452117863720073,True
21,10,39,0.0,0.0,2.5,wave,4284,0,0,0.19631185807656396,True
21,10,40,0.0,0.0,2.5,wave,4245,0,0,0.1995288574793875,True
21,10,41,0.0,0.0,2.5,wave,4205,0,0,0.20166468489892986,True
21,10,42,0.0,0.0,2.5,wave,4158,0,0,0.20394420394420396,True
21,10,43,0.0,0.0,2.5,wave,4558,0,0,0.25691092584466874,True
21,10,44,0.0,0.0,2.5,wave,4303,0,0,0.24424819893097838,True
21,10,45,0.0,0.0,2.5,wave,4131,0,0,0.23698862260953765,True
21,10,46,0.0,0.0,2.5,wave,4052,0,0,0.23692003948667326,True
21,10,47,0.0,0.0,2.5,wave,4000,0,0,0.24,True
21,10,48,0.0,0.0,2.5,wave,3962,0,0,0.2407874810701666,True
21,10,49,0.0,0.0,2.5,wave,3926,0,0,0.24375955170657157,True
21,10,50,0.0,0.0,2.5,wave,3882,0,0,0.24652241112828438,True
21,10,51,0.0,0.0,2.5,wave,3859,0,0,0.25084218709510236,True
21,10,52,0.0,0.0,2.5,wave,3824,0,0,0.2536610878661088,True
21,11,1,0.0,0.0,2.5,wave,3827,0,0,0.25712045989025345,True
21,11,2,0.0,0.0,2.5,wave,3794,0,0,0.2596204533473906,True
21,11,3,0.0,0.0,2.5,wave,3780,0,0,0.2616402116402116,True
21,11,4,0.0,0.0,2.5,wave,3757,0,0,0.2651051370774554,True
21,11,5,0.0,0.0,2.5,wave,3734,0,0,0.2678093197643278,True
21,11,6,0.0,0.0,2.5,wave,3684,0,0,0.2706297502714441,True
21,11,7,0.0,0.0,2.5,wave,3655,0,0,0.2725034199726402,True
21,11,8,0.0,0.0,2.5,wave,3615,0,0,0.27468879668049795,True
21,11,9,0.0,0.0,2.5,wave,3577,0,0,0.27788649706457924,True
21,11,10,0.0,0.0,2.5,wave,3545,0,0,0.27954866008462625,True
21,11,11,0.0,0.0,2.5,wave,3501,0,0,0.281348186232505,True
21,11,12,0.0,0.0,2.5,wave,3472,0,0,0.28369815668202764,True
21,11,13,0.0,0.0,2.5,wave,3433,0,0,0.28400815613166325,True
21,11,14,0.0,0.0,2.5,wave,3404,0,0,0.2873090481786134,True
21,11,15,0.0,0.0,2.5,wave,3363,0,0,0.28843294677371395,True
21,11,16,0.0,0.0,2.5,wave,3331,0,0,0.2891023716601621,True
21,11,17,0.0,0.0,2.5,wave,3299,0,0,0.29160351621703545,True
21,11,18,0.0,0.0,2.5,wave,7338,0,0,0.12523848460070863,True
21,11,19,0.0,0.0,2.5,wave,7219,0,0,0.12841113727663112,True
21,11,20,0.0,0.0,2.5,wave,7073,0,0,0.1314859324190584,True
21,11,21,0.0,0.0,2.5,wave,6927,0,0,0.13411289158365816,True
21,11,22,0.0,0.0,2.5,wave,6786,0,0,0.13778367226643087,True
21,11,23,0.0,0.0,2.5,wave,6674,0,0,0.14024572969733293,True
21,11,24,0.0,0.0,2.5,wave,6559,0,0,0.14163744473242873,True
21,11,25,0.0,0.0,2.5,wave,6451,0,0,0.14447372500387537,True
21,11,26,0.0,0.0,2.5,wave,6319,0,0,0.14764994461148917,True
21,11,27,0.0,0.0,2.5,wave,6169,0,0,0.15188847463122063,True
21,11,28,0.0,0.0,2.5,wave,6054,0,0,0.1542781631978857,True
21,11,29,0.0,0.0,2.5,wave,5940,0,0,0.15622895622895622,True
21,11,30,0.0,0.0,2.5,wave,5802,0,0,0.16011720096518442,True
21,11,31,0.0,0.0,2.5,wave,5697,0,0,0.1627172195892575,True
21,11,32,0.0,0.0,2.5,wave,5582,0,0,0.16624865639555714,True
21,11,33,0.0,0.0,2.5,wave,5486,0,0,0.16915785636164782,True
21,11,34,0.0,0.0,2.5,wave,5375,0,0,0.17246511627906977,True
21,11,35,0.0,0.0,2.5,wave,5290,0,0,0.17448015122873345,True
21,11,36,0.0,0.0,2.5,wave,5190,0,0,0.17726396917148363,True
21,11,37,0.0,0.0,2.5,wave,5108,0,0,0.18128425998433828,True
21,11,38,0.0,0.0,2.5,wave,5041,0,0,0.18528069827415194,True
21,11,39,0.0,0.0,2.5,wave,4985,0,0,0.18836509528585757,True
21,11,40,0.0,0.0,2.5,wave,4929,0,0,0.19009941164536417,True
21,11,41,0.0,0.0,2.5,wave,4875,0,0,0.19138461538461538,True
21,11,42,0.0,0.0,2.5,wave,4813,0,0,0.19322667774776647,True
21,11,43,0.0,0.0,2.5,wave,5138,0,0,0.2403659011288439,True
21,11,44,0.0,0.0,2.5,wave,4879,0,0,0.22914531666325066,True
21,11,45,0.0,0.0,2.5,wave,4744,0,0,0.22491568296795952,True
21,11,46,0.0,0.0,2.5,wave,4685,0,0,0.2256136606189968,True
21,11,47,0.0,0.0,2.5,wave,4641,0,0,0.22904546433958198,True
21,11,48,0.0,0.0,2.5,wave,4593,0,0,0.2329632048769867,True
21,11,49,0.0,0.0,2.5,wave,4554,0,0,0.23671497584541062,True
21,11,50,0.0,0.0,2.5,wave,4512,0,0,0.23891843971631205,True
21,11,51,0.0,0.0,2.5,wave,4452,0,0,0.24258760107816713,True
21,11,52,0.0,0.0,2.5,wave,4410,0,0,0.24489795918367346,True
22,1,1,0.0,0.0,2.5,wave,2755,0,0,0.003266787658802178,True
22,1,2,0.0,0.0,2.5,wave,2752,0,0,0.004723837209302325,True
22,1,3,0.0,0.0,2.5,wave,2731,0,0,0.007323324789454412,True
22,1,4,0.0,0.0,2.5,wave,2705,0,0,0.009242144177449169,True
22,1,5,0.0,0.0,2.5,wave,2682,0,0,0.012304250559284116,True
22,1,6,0.0,0.0,2.5,wave,2666,0,0,0.014253563390847712,True
22,1,7,0.0,0.0,2.5,wave,2645,0,0,0.015879017013232515,True
22,1,8,0.0,0.0,2.5,wave,2632,0,0,0.0182370820668693,True
22,1,9,0.0,0.0,2.5,wave,2606,0,0,0.020337682271680736,True
22,1,10,0.0,0.0,2.5,wave,2597,0,0,0.02194840200231036,True
22,1,11,0.0,0.0,2.5,wave,2583,0,0,0.025551684088269456,True
22,1,12,0.0,0.0,2.5,wave,2572,0,0,0.026827371695178848,True
22,1,13,0.0,0.0,2.5,wave,2555,0,0,0.030136986301369864,True
22,1,14,0.0,0.0,2.5,wave,2541,0,0,0.03345139708776072,True
22,1,15,0.0,0.0,2.5,wave,2530,0,0,0.03438735177865613,True
22,1,16,0.0,0.0,2.5,wave,2514,0,0,0.03619729514717582,True
22,1,17,0.0,0.0,2.5,wave,2501,0,0,0.03958416633346661,True
22,1,18,0.0,0.0,2.5,wave,7060,0,0,0.015722379603399433,True
22,1,19,0.0,0.0,2.5,wave,6954,0,0,0.01740005752085131,True
22,1,20,0.0,0.0,2.5,wave,6808,0,0,0.020123384253819036,True
22,1,21,0.0,0.0,2.5,wave,6661,0,0,0.022669268878546766,True
22,1,22,0.0,0.0,2.5,wave,6506,0,0,0.02459268367660621,True
22,1,23,0.0,0.0,2.5,wave,6359,0,0,0.02704827803113697,True
22,1,24,0.0,0.0,2.5,wave,6223,0,0,0.028924955809095293,True
22,1,25,0.0,0.0,2.5,wave,6092,0,0,0.03184504267892318,True
22,1,26,0.0,0.0,2.5,wave,5985,0,0,0.03492063492063492,True
22,1,27,0.0,0.0,2.5,wave,5863,0,0,0.03667064642674399,True
22,1,28,0.0,0.0,2.5,wave,5759,0,0,0.038722000347282515,True
22,1,29,0.0,0.0,2.5,wave,5660,0,0,0.04134275618374558,True
22,1,30,0.0,0.0,2.5,wave,5576,0,0,0.04429698708751793,True
22,1,31,0.0,0.0,2.5,wave,5491,0,0,0.045529047532325624,True
22,1,32,0.0,0.0,2.5,wave,5367,0,0,0.04788522452021614,True
22,1,33,0.0,0.0,2.5,wave,5263,0,0,0.04921147634429033,True
22,1,34,0.0,0.0,2.5,wave,5153,0,0,0.05162041529206288,True
22,1,35,0.0,0.0,2.5,wave,5046,0,0,0.053111375346809354,True
22,1,36,0.0,0.0,2.5,wave,4951,0,0,0.05635225207028883,True
22,1,37,0.0,0.0,2.5,wave,4834,0,0,0.058129913115432356,True
22,1,38,0.0,0.0,2.5,wave,4765,0,0,0.06107030430220357,True
22,1,39,0.0,0.0,2.5,wave,4689,0,0,0.06397952655150352,True
22,1,40,0.0,0.0,2.5,wave,4631,0,0,0.06564456920751457,True
22,1,41,0.0,0.0,2.5,wave,4549,0,0,0.06814684546054078,True
22,1,42,0.0,0.0,2.5,wave,4477,0,0,0.07035961581416127,True
22,1,43,0.0,0.0,2.5,wave,4414,0,0,0.08337109198006344,True
22,1,44,0.0,0.0,2.5,wave,4408,0,0,0.08575317604355717,True
22,1,45,0.0,0.0,2.5,wave,4385,0,0,0.08779931584948689,True
22,1,46,0.0,0.0,2.5,wave,4339,0,0,0.09011292924637013,True
22,1,47,0.0,0.0,2.5,wave,4297,0,0,0.09355364207586689,True
22,1,48,0.0,0.0,2.5,wave,4258,0,0,0.09652418976045092,True
22,1,49,0.0,0.0,2.5,wave,4202,0,0,0.09923845787720133,True
22,1,50,0.0,0.0,2.5,wave,4162,0,0,0.10163382988947621,True
22,1,51,0.0,0.0,2.5,wave,4100,0,0,0.10439024390243902,True
22,1,52,0.0,0.0,2.5,wave,4034,0,0,0.10684184432325236,True
22,2,1,0.0,0.0,2.5,wave,3984,33,7,0.10943775100401607,False
22,2,2,0.0,0.0,2.5,wave,3943,42,11,0.11285822977428354,False
22,2,3,0.0,0.0,2.5,wave,3878,44,13,0.11320268179473955,False
22,2,4,0.0,0.0,2.5,wave,3816,54,18,0.11582809224318659,False
22,2,5,0.0,0.0,2.5,wave,3766,61,18,0.11683483802442911,False
22,2,6,0.0,0.0,2.5,wave,3712,79,21,0.11880387931034483,False
22,2,7,0.0,0.0,2.5,wave,3661,98,26,0.12155148866429938,False
22,2,8,0.0,0.0,2.5,wave,3599,124,36,0.12642400666851902,False
22,2,9,0.0,0.0,2.5,wave,3539,145,46,0.12771969482904774,False
22,2,10,0.0,0.0,2.5,wave,3460,157,49,0.13121387283236993,False
22,2,11,0.0,0.0,2.5,wave,3387,160,53,0.13581340419250074,False
22,2,12,0.0,0.0,2.5,wave,3314,171,60,0.13940856970428486,False
22,2,13,0.0,0.0,2.5,wave,3254,172,60,0.1432083589428396,False
22,2,14,0.0,0.0,2.5,wave,3189,177,65,0.14487300094073377,False
22,2,15,0.0,0.0,2.5,wave,3119,172,64,0.1484450144277012,False
22,2,16,0.0,0.0,2.5,wave,3029,159,60,0.1535160118851106,False
22,2,17,0.0,0.0,2.5,wave,2978,155,64,0.15715245130960376,False
22,2,18,0.0,0.0,2.5,wave,5847,157,57,0.07987001881306653,False
22,2,19,0.0,0.0,2.5,wave,5668,170,52,0.08256880733944955,False
22,2,20,0.0,0.0,2.5,wave,5479,190,57,0.08541704690636978,False
22,2,21,0.0,0.0,2.5,wave,5342,212,73,0.0868588543616623,False
22,2,22,0.0,0.0,2.5,wave,5200,232,77,0.09076923076923077,False
22,2,23,0.0,0.0,2.5,wave,5031,231,74,0.09600477042337507,False
22,2,24,0.0,0.0,2.5,wave,4883,234,91,0.10055293876715134,False
22,2,25,0.0,0.0,2.5,wave,4741,253,94,0.10335372284328201,False
22,2,26,0.0,0.0,2.5,wave,4566,217,87,0.10819097678493211,False
22,2,27,0.0,0.0,2.5,wave,4423,227,87,0.11123671716029844,False
22,2,28,0.0,0.0,2.5,wave,4268,207,78,0.11457357075913777,False
22,2,29,0.0,0.0,2.5,wave,4117,203,78,0.1178042263784309,False
22,2,30,0.0,0.0,2.5,wave,3986,198,83,0.1241846462619167,False
22,2,31,0.0,0.0,2.5,wave,3875,196,85,0.128,False
22,2,32,0.0,0.0,2.5,wave,3756,179,72,0.13152289669861555,False
22,2,33,0.0,0.0,2.5,wave,3629,162,72,0.13612565445026178,False
22,2,34,0.0,0.0,2.5,wave,3516,155,68,0.13879408418657566,False
22,2,35,0.0,0.0,2.5,wave,3396,130,55,0.14428739693757361,False
22,2,36,0.0,0.0,2.5,wave,3325,118,47,0.14887218045112782,False
22,2,37,0.0,0.0,2.5,wave,3255,108,51,0.15207373271889402,False
22,2,38,0.0,0.0,2.5,wave,3188,106,47,0.1549560853199498,False
22,2,39,0.0,0.0,2.5,wave,3121,85,32,0.15988465235501442,False
22,2,40,0.0,0.0,2.5,wave,3071,81,36,0.16248778899381308,False
22,2,41,0.0,0.0,2.5,wave,3025,83,35,0.16462809917355373,False
22,2,42,0.0,0.0,2.5,wave,2971,81,26,0.1699764389094581,False
22,2,43,0.0,0.0,2.5,wave,2926,75,29,0.19822282980177716,False
22,2,44,0.0,0.0,2.5,wave,2866,75,31,0.19399860432658758,False
22,2,45,0.0,0.0,2.5,wave,2821,63,31,0.1988656504785537,False
22,2,46,0.0,0.0,2.5,wave,2776,62,32,0.2020893371757925,False
22,2,47,0.0,0.0,2.5,wave,2763,53,22,0.20810712993123417,False
22,2,48,0.0,0.0,2.5,wave,2716,49,18,0.211340206185567,False
22,2,49,0.0,0.0,2.5,wave,2677,42,15,0.21441912588718715,False
22,2,50,0.0,0.0,2.5,wave,2644,42,17,0.21709531013615735,False
22,2,51,0.0,0.0,2.5,wave,2614,39,18,0.2180566182096404,False
22,2,52,0.0,0.0,2.5,wave,2576,34,17,0.2204968944099379,False
22,3,1,0.0,0.0,2.5,wave,2550,33,16,0.2235294117647059,False
22,3,2,0.0,0.0,2.5,wave,2502,32,11,0.22541966426858512,False
22,3,3,0.0,0.0,2.5,wave,2466,27,9,0.22627737226277372,False
22,3,4,0.0,0.0,2.5,wave,2435,27,12,0.22833675564681724,False
22,3,5,0.0,0.0,2.5,wave,2407,31,12,0.22933111757374325,False
22,3,6,0.0,0.0,2.5,wave,2375,28,9,0.2328421052631579,False
22,3,7,0.0,0.0,2.5,wave,2336,27,9,0.2328767123287671,False
22,3,8,0.0,0.0,2.5,wave,2306,25,10,0.23633998265394623,False
22,3,9,0.0,0.0,2.5,wave,2264,27,9,0.23807420494699646,False
22,3,10,0.0,0.0,2.5,wave,2241,25,10,0.23962516733601072,False
22,3,11,0.0,0.0,2.5,wave,2215,24,12,0.24288939051918737,False
22,3,12,0.0,0.0,2.5,wave,2200,21,11,0.24681818181818183,False
22,3,13,0.0,0.0,2.5,wave,2173,21,8,0.2485043718361712,False
22,3,14,0.0,0.0,2.5,wave,2142,21,7,0.25163398692810457,False
22,3,15,0.0,0.0,2.5,wave,2121,25,10,0.2527109853842527,False
22,3,16,0.0,0.0,2.5,wave,2105,24,10,0.25558194774346793,False
22,3,17,0.0,0.0,2.5,wave,2078,23,6,0.2569778633301251,False
22,3,18,0.0,0.0,2.5,wave,4772,20,12,0.11316010058675607,False
22,3,19,0.0,0.0,2.5,wave,4687,29,14,0.11478557712822701,False
22,3,20,0.0,0.0,2.5,wave,4570,29,10,0.11816192560175055,False
22,3,21,0.0,0.0,2.5,wave,4478,37,11,0.12103617686467173,False
22,3,22,0.0,0.0,2.5,wave,4386,45,12,0.12448700410396717,False
22,3,23,0.0,0.0,2.5,wave,4306,43,15,0.12819321876451464,False
22,3,24,0.0,0.0,2.5,wave,4205,42,18,0.1305588585017836,False
22,3,25,0.0,0.0,2.5,wave,4131,44,20,0.1338658920358267,False
22,3,26,0.0,0.0,2.5,wave,4034,45,21,0.13708477937530986,False
22,3,27,0.0,0.0,2.5,wave,3933,45,14,0.14340198321891687,False
22,3,28,0.0,0.0,2.5,wave,3832,39,10,0.14718162839248433,False
22,3,29,0.0,0.0,2.5,wave,3708,41,15,0.15129449838187703,False
22,3,30,0.0,0.0,2.5,wave,3606,41,17,0.15446478092068774,False
22,3,31,0.0,0.0,2.5,wave,3540,43,18,0.16016949152542373,False
22,3,32,0.0,0.0,2.5,wave,3450,40,17,0.1628985507246377,False
22,3,33,0.0,0.0,2.5,wave,3369,33,18,0.1674087266251113,False
22,3,34,0.0,0.0,2.5,wave,3281,32,15,0.16793660469369096,False
22,3,35,0.0,0.0,2.5,wave,3194,24,9,0.17094552285535378,False
22,3,36,0.0,0.0,2.5,wave,3103,20,7,0.17628101836932,False
22,3,37,0.0,0.0,2.5,wave,3004,19,6,0.17842876165113183,False
22,3,38,0.0,0.0,2.5,wave,2967,22,6,0.17997977755308392,False
22,3,39,0.0,0.0,2.5,wave,2942,22,9,0.18116927260367097,False
22,3,40,0.0,0.0,2.5,wave,2903,22,11,0.18325869789872545,False
22,3,41,0.0,0.0,2.5,wave,2862,16,11,0.18693221523410203,False
22,3,42,0.0,0.0,2.5,wave,2820,17,11,0.1875886524822695,False
22,3,43,0.0,0.0,2.5,wave,2836,11,5,0.2189703808180536,False
22,3,44,0.0,0.0,2.5,wave,2772,7,2,0.21392496392496393,False
22,3,45,0.0,0.0,2.5,wave,2747,6,4,0.21004732435384055,False
22,3,46,0.0,0.0,2.5,wave,2699,5,5,0.21489440533530937,False
22,3,47,0.0,0.0,2.5,wave,2664,3,2,0.21734234234234234,False
22,3,48,0.0,0.0,2.5,wave,2643,1,0,0.22096102913356036,False
22,3,49,0.0,0.0,2.5,wave,2613,1,0,0.22120168388825107,False
22,3,50,0.0,0.0,2.5,wave,2595,1,0,0.223121387283237,False
22,3,51,0.0,0.0,2.5,wave,2574,1,1,0.2264957264957265,False
22,3,52,0.0,0.0,2.5,wave,2542,2,1,0.22738001573564123,False
22,4,1,0.0,0.0,2.5,wave,2509,1,0,0.22997210043842167,False
22,4,2,0.0,0.0,2.5,wave,2483,1,0,0.23318566250503422,False
22,4,3,0.0,0.0,2.5,wave,2460,1,1,0.23414634146341465,False
22,4,4,0.0,0.0,2.5,wave,2427,3,1,0.2373300370828183,False
22,4,5,0.0,0.0,2.5,wave,2377,2,0,0.23811527135044172,False
22,4,6,0.0,0.0,2.5,wave,2357,2,0,0.24140857021637674,False
22,4,7,0.0,0.0,2.5,wave,2328,1,0,0.24398625429553264,False
22,4,8,0.0,0.0,2.5,wave,2300,0,0,0.24521739130434783,True
22,4,9,0.0,0.0,2.5,wave,2271,0,0,0.24658740642888596,True
22,4,10,0.0,0.0,2.5,wave,2240,0,0,0.25,True
22,4,11,0.0,0.0,2.5,wave,2227,0,0,0.2541535698248765,True
22,4,12,0.0,0.0,2.5,wave,2187,0,0,0.25468678555098306,True
22,4,13,0.0,0.0,2.5,wave,2173,0,0,0.2563276576161988,True
22,4,14,0.0,0.0,2.5,wave,2153,0,0,0.25917324663260566,True
22,4,15,0.0,0.0,2.5,wave,2140,0,0,0.26214953271028035,True
22,4,16,0.0,0.0,2.5,wave,2120,0,0,0.2636792452830189,True
22,4,17,0.0,0.0,2.5,wave,2096,0,0,0.26622137404580154,True
22,4,18,0.0,0.0,2.5,wave,4509,0,0,0.1253049456642271,True
22,4,19,0.0,0.0,2.5,wave,4439,0,0,0.1290831268303672,True
22,4,20,0.0,0.0,2.5,wave,4314,0,0,0.13282336578581364,True
22,4,21,0.0,0.0,2.5,wave,4224,0,0,0.13494318181818182,True
22,4,22,0.0,0.0,2.5,wave,4144,0,0,0.13851351351351351,True
22,4,23,0.0,0.0,2.5,wave,4079,0,0,0.1404756067663643,True
22,4,24,0.0,0.0,2.5,wave,4009,0,0,0.14218009478672985,True
22,4,25,0.0,0.0,2.5,wave,3913,0,0,0.1446460516227958,True
22,4,26,0.0,0.0,2.5,wave,3848,0,0,0.1489085239085239,True
22,4,27,0.0,0.0,2.5,wave,3766,0,0,0.15294742432288902,True
22,4,28,0.0,0.0,2.5,wave,3708,0,0,0.1558791801510248,True
22,4,29,0.0,0.0,2.5,wave,3630,0,0,0.15950413223140497,True
22,4,30,0.0,0.0,2.5,wave,3563,0,0,0.16166152119000843,True
22,4,31,0.0,0.0,2.5,wave,3489,0,0,0.1650902837489252,True
22,4,32,0.0,0.0,2.5,wave,3409,0,0,0.1672044587855676,True
22,4,33,0.0,0.0,2.5,wave,3333,0,0,0.1707170717071707,True
22,4,34,0.0,0.0,2.5,wave,3234,0,0,0.17346938775510204,True
22,4,35,0.0,0.0,2.5,wave,3182,0,0,0.17536140791954746,True
22,4,36,0.0,0.0,2.5,wave,3122,0,0,0.17713004484304934,True
22,4,37,0.0,0.0,2.5,wave,3080,0,0,0.18214285714285713,True
22,4,38,0.0,0.0,2.5,wave,3036,0,0,0.18379446640316205,True
22,4,39,0.0,0.0,2.5,wave,3010,0,0,0.18471760797342193,True
22,4,40,0.0,0.0,2.5,wave,2977,0,0,0.18642929123278468,True
22,4,41,0.0,0.0,2.5,wave,2939,0,0,0.18781898604967676,True
22,4,42,0.0,0.0,2.5,wave,2915,0,0,0.19073756432247,True
22,4,43,0.0,0.0,2.5,wave,3024,0,0,0.22486772486772486,True
22,4,44,0.0,0.0,2.5,wave,2991,0,0,0.2226680040120361,True
22,4,45,0.0,0.0,2.5,wave,2969,0,0,0.22364432468844728,True
22,4,46,0.0,0.0,2.5,wave,2937,0,0,0.2233571671773919,True
22,4,47,0.0,0.0,2.5,wave,2910,0,0,0.22646048109965636,True
22,4,48,0.0,0.0,2.5,wave,2895,0,0,0.22590673575129533,True
22,4,49,0.0,0.0,2.5,wave,2874,0,0,0.22860125260960334,True
22,4,50,0.0,0.0,2.5,wave,2853,0,0,0.23203645285664212,True
22,4,51,0.0,0.0,2.5,wave,2817,0,0,0.2357117500887469,True
22,4,52,0.0,0.0,2.5,wave,2796,0,0,0.23927038626609443,True
22,5,1,0.0,0.0,2.5,wave,2775,0,0,0.24072072072072073,True
22,5,2,0.0,0.0,2.5,wave,2731,0,0,0.24276821677041377,True
22,5,3,0.0,0.0,2.5,wave,2698,0,0,0.2453669384729429,True
22,5,4,0.0,0.0,2.5,wave,2666,0,0,0.2490622655663916,True
22,5,5,0.0,0.0,2.5,wave,2633,0,0,0.2529434105582985,True
22,5,6,0.0,0.0,2.5,wave,2597,0,0,0.25837504813246054,True
22,5,7,0.0,0.0,2.5,wave,2563,0,0,0.25985173624658603,True
22,5,8,0.0,0.0,2.5,wave,2538,0,0,0.2620173364854216,True
22,5,9,0.0,0.0,2.5,wave,2517,0,0,0.265792610250298,True
22,5,10,0.0,0.0,2.5,wave,2490,0,0,0.2678714859437751,True
22,5,11,0.0,0.0,2.5,wave,2458,0,0,0.26973148901545974,True
22,5,12,0.0,0.0,2.5,wave,2432,0,0,0.2689144736842105,True
22,5,13,0.0,0.0,2.5,wave,2405,0,0,0.2702702702702703,True
22,5,14,0.0,0.0,2.5,wave,2388,0,0,0.271356783919598,True
22,5,15,0.0,0.0,2.5,wave,2352,0,0,0.27168367346938777,True
22,5,16,0.0,0.0,2.5,wave,2322,0,0,0.2747631352282515,True
22,5,17,0.0,0.0,2.5,wave,2298,0,0,0.2754569190600522,True
22,5,18,0.0,0.0,2.5,wave,5089,0,0,0.12301041461976812,True
22,5,19,0.0,0.0,2.5,wave,5003,0,0,0.12512492504497302,True
22,5,20,0.0,0.0,2.5,wave,4903,0,0,0.12849275953497857,True
22,5,21,0.0,0.0,2.5,wave,4790,0,0,0.13110647181628393,True
22,5,22,0.0,0.0,2.5,wave,4654,0,0,0.1355822948001719,True
22,5,23,0.0,0.0,2.5,wave,4523,0,0,0.14039354410789298,True
22,5,24,0.0,0.0,2.5,wave,4443,0,0,0.1424713031735314,True
22,5,25,0.0,0.0,2.5,wave,4360,0,0,0.14564220183486237,True
22,5,26,0.0,0.0,2.5,wave,4278,0,0,0.14936886395511922,True
22,5,27,0.0,0.0,2.5,wave,4207,0,0,0.1511766104112194,True
22,5,28,0.0,0.0,2.5,wave,4122,0,0,0.15308102862688017,True
22,5,29,0.0,0.0,2.5,wave,4046,0,0,0.15620365793376173,True
22,5,30,0.0,0.0,2.5,wave,3984,0,0,0.15963855421686746,True
22,5,31,0.0,0.0,2.5,wave,3935,0,0,0.1613722998729352,True
22,5,32,0.0,0.0,2.5,wave,3856,0,0,0.16467842323651452,True
22,5,33,0.0,0.0,2.5,wave,3807,0,0,0.1667980036774363,True
22,5,34,0.0,0.0,2.5,wave,3754,0,0,0.16862013851891317,True
22,5,35,0.0,0.0,2.5,wave,3684,0,0,0.17290988056460369,True
22,5,36,0.0,0.0,2.5,wave,3606,0,0,0.17581808097615087,True
22,5,37,0.0,0.0,2.5,wave,3541,0,0,0.17735103078226488,True
22,5,38,0.0,0.0,2.5,wave,3501,0,0,0.17994858611825193,True
22,5,39,0.0,0.0,2.5,wave,3449,0,0,0.18063206726587416,True
22,5,40,0.0,0.0,2.5,wave,3403,0,0,0.1851307669703203,True
22,5,41,0.0,0.0,2.5,wave,3354,0,0,0.18753726893261777,True
22,5,42,0.0,0.0,2.5,wave,3331,0,0,0.19123386370459322,True
22,5,43,0.0,0.0,2.5,wave,3378,0,0,0.2172883362936649,True
22,5,44,0.0,0.0,2.5,wave,3320,0,0,0.21174698795180724,True
22,5,45,0.0,0.0,2.5,wave,3300,0,0,0.21393939393939393,True
22,5,46,0.0,0.0,2.5,wave,3275,0,0,0.2131297709923664,True
22,5,47,0.0,0.0,2.5,wave,3240,0,0,0.21728395061728395,True
22,5,48,0.0,0.0,2.5,wave,3196,0,0,0.22121401752190237,True
22,5,49,0.0,0.0,2.5,wave,3191,0,0,0.22626136007521153,True
22,5,50,0.0,0.0,2.5,wave,3161,0,0,0.2299905093324897,True
22,5,51,0.0,0.0,2.5,wave,3143,0,0,0.23289850461342665,True
22,5,52,0.0,0.0,2.5,wave,3114,0,0,0.23731535003211304,True
22,6,1,0.0,0.0,2.5,wave,3080,0,0,0.2396103896103896,True
22,6,2,0.0,0.0,2.5,wave,3061,0,0,0.24240444299248612,True
22,6,3,0.0,0.0,2.5,wave,3023,0,0,0.243466754879259,True
22,6,4,0.0,0.0,2.5,wave,2994,0,0,0.24883099532398129,True
22,6,5,0.0,0.0,2.5,wave,2950,0,0,0.24847457627118644,True
22,6,6,0.0,0.0,2.5,wave,2923,0,0,0.24974341430037633,True
22,6,7,0.0,0.0,2.5,wave,2898,0,0,0.25086266390614215,True
22,6,8,0.0,0.0,2.5,wave,2864,0,0,0.25488826815642457,True
22,6,9,0.0,0.0,2.5,wave,2833,0,0,0.2587363219202259,True
22,6,10,0.0,0.0,2.5,wave,2802,0,0,0.25910064239828695,True
22,6,11,0.0,0.0,2.5,wave,2771,0,0,0.2619992782389029,True
22,6,12,0.0,0.0,2.5,wave,2743,0,0,0.26285089318264676,True
22,6,13,0.0,0.0,2.5,wave,2724,0,0,0.2657856093979442,True
22,6,14,0.0,0.0,2.5,wave,2695,0,0,0.26567717996289425,True
22,6,15,0.0,0.0,2.5,wave,2665,0,0,0.26866791744840524,True
22,6,16,0.0,0.0,2.5,wave,2637,0,0,0.273416761471369,True
22,6,17,0.0,0.0,2.5,wave,2607,0,0,0.27502876869965476,True
22,6,18,0.0,0.0,2.5,wave,5835,0,0,0.12322193658954585,True
22,6,19,0.0,0.0,2.5,wave,5716,0,0,0.12578726382085376,True
22,6,20,0.0,0.0,2.5,wave,5599,0,0,0.12770137524557956,True
22,6,21,0.0,0.0,2.5,wave,5457,0,0,0.13230712845886017,True
22,6,22,0.0,0.0,2.5,wave,5349,0,0,0.1344176481585343,True
22,6,23,0.0,0.0,2.5,wave,5219,0,0,0.13661621000191607,True
22,6,24,0.0,0.0,2.5,wave,5100,0,0,0.1396078431372549,True
22,6,25,0.0,0.0,2.5,wave,5004,0,0,0.1418864908073541,True
22,6,26,0.0,0.0,2.5,wave,4904,0,0,0.14457585644371942,True
22,6,27,0.0,0.0,2.5,wave,4768,0,0,0.14786073825503357,True
22,6,28,0.0,0.0,2.5,wave,4647,0,0,0.1527867441360017,True
22,6,29,0.0,0.0,2.5,wave,4556,0,0,0.15452151009657594,True
22,6,30,0.0,0.0,2.5,wave,4468,0,0,0.15778871978513875,True
22,6,31,0.0,0.0,2.5,wave,4369,0,0,0.16090638590066378,True
22,6,32,0.0,0.0,2.5,wave,4309,0,0,0.16384311905314458,True
22,6,33,0.0,0.0,2.5,wave,4235,0,0,0.1667060212514758,True
22,6,34,0.0,0.0,2.5,wave,4140,0,0,0.17077294685990338,True
22,6,35,0.0,0.0,2.5,wave,4043,0,0,0.17412812268117733,True
22,6,36,0.0,0.0,2.5,wave,3970,0,0,0.17581863979848866,True
22,6,37,0.0,0.0,2.5,wave,3901,0,0,0.17892847987695462,True
22,6,38,0.0,0.0,2.5,wave,3843,0,0,0.18162893572729638,True
22,6,39,0.0,0.0,2.5,wave,3788,0,0,0.18453009503695883,True
22,6,40,0.0,0.0,2.5,wave,3753,0,0,0.18784972022382093,True
22,6,41,0.0,0.0,2.5,wave,3697,0,0,0.1906951582364079,True
22,6,42,0.0,0.0,2.5,wave,3655,0,0,0.19343365253077976,True
22,6,43,0.0,0.0,2.5,wave,3642,0,0,0.21965952773201539,True
22,6,44,0.0,0.0,2.5,wave,3609,0,0,0.2197284566361873,True
22,6,45,0.0,0.0,2.5,wave,3596,0,0,0.21829810901001112,True
22,6,46,0.0,0.0,2.5,wave,3599,0,0,0.2233953876076688,True
22,6,47,0.0,0.0,2.5,wave,3571,0,0,0.225707084850182,True
22,6,48,0.0,0.0,2.5,wave,3560,0,0,0.22780898876404496,True
22,6,49,0.0,0.0,2.5,wave,3536,0,0,0.2293552036199095,True
22,6,50,0.0,0.0,2.5,wave,3503,0,0,0.23065943477019699,True
22,6,51,0.0,0.0,2.5,wave,3470,0,0,0.23227665706051873,True
22,6,52,0.0,0.0,2.5,wave,3444,0,0,0.2346109175377468,True
22,7,1,0.0,0.0,2.5,wave,3405,0,0,0.23641703377386197,True
22,7,2,0.0,0.0,2.5,wave,3370,0,0,0.23946587537091987,True
22,7,3,0.0,0.0,2.5,wave,3324,0,0,0.24157641395908544,True
22,7,4,0.0,0.0,2.5,wave,3284,0,0,0.2433008526187576,True
22,7,5,0.0,0.0,2.5,wave,3239,0,0,0.24606359987650508,True
22,7,6,0.0,0.0,2.5,wave,3212,0,0,0.24844333748443337,True
22,7,7,0.0,0.0,2.5,wave,3181,0,0,0.2502357749135492,True
22,7,8,0.0,0.0,2.5,wave,3138,0,0,0.25239005736137665,True
22,7,9,0.0,0.0,2.5,wave,3110,0,0,0.2530546623794212,True
22,7,10,0.0,0.0,2.5,wave,3069,0,0,0.2548061257738677,True
22,7,11,0.0,0.0,2.5,wave,3024,0,0,0.25826719576719576,True
22,7,12,0.0,0.0,2.5,wave,2993,0,0,0.25760106916137654,True
22,7,13,0.0,0.0,2.5,wave,2966,0,0,0.2592717464598786,True
22,7,14,0.0,0.0,2.5,wave,2939,0,0,0.2602926165362368,True
22,7,15,0.0,0.0,2.5,wave,2903,0,0,0.26248708232862555,True
22,7,16,0.0,0.0,2.5,wave,2878,0,0,0.263724808895066,True
22,7,17,0.0,0.0,2.5,wave,2842,0,0,0.2638986629134412,True
22,7,18,0.0,0.0,2.5,wave,6141,0,0,0.12229278619117408,True
22,7,19,0.0,0.0,2.5,wave,6063,0,0,0.12551542140854363,True
22,7,20,0.0,0.0,2.5,wave,5960,0,0,0.12802013422818792,True
22,7,21,0.0,0.0,2.5,wave,5861,0,0,0.13240061422965363,True
22,7,22,0.0,0.0,2.5,wave,5725,0,0,0.13641921397379914,True
22,7,23,0.0,0.0,2.5,wave,5609,0,0,0.1385273667320378,True
22,7,24,0.0,0.0,2.5,wave,5519,0,0,0.14169233556803768,True
22,7,25,0.0,0.0,2.5,wave,5405,0,0,0.14357076780758557,True
22,7,26,0.0,0.0,2.5,wave,5293,0,0,0.14623087096164747,True
22,7,27,0.0,0.0,2.5,wave,5200,0,0,0.14884615384615385,True
22,7,28,0.0,0.0,2.5,wave,5111,0,0,0.1533946390138916,True
22,7,29,0.0,0.0,2.5,wave,5031,0,0,0.1558338302524349,True
22,7,30,0.0,0.0,2.5,wave,4931,0,0,0.15960251470290002,True
22,7,31,0.0,0.0,2.5,wave,4844,0,0,0.162056151940545,True
22,7,32,0.0,0.0,2.5,wave,4730,0,0,0.1649048625792812,True
22,7,33,0.0,0.0,2.5,wave,4635,0,0,0.16612729234088458,True
22,7,34,0.0,0.0,2.5,wave,4511,0,0,0.17002881844380405,True
22,7,35,0.0,0.0,2.5,wave,4407,0,0,0.1729067392784207,True
22,7,36,0.0,0.0,2.5,wave,4344,0,0,0.17679558011049723,True
22,7,37,0.0,0.0,2.5,wave,4269,0,0,0.1829468259545561,True
22,7,38,0.0,0.0,2.5,wave,4221,0,0,0.18384269130537786,True
22,7,39,0.0,0.0,2.5,wave,4168,0,0,0.18570057581573896,True
22,7,40,0.0,0.0,2.5,wave,4125,0,0,0.18957575757575756,True
22,7,41,0.0,0.0,2.5,wave,4063,0,0,0.1919763721388137,True
22,7,42,0.0,0.0,2.5,wave,4019,0,0,0.1950734013436178,True
22,7,43,0.0,0.0,2.5,wave,4020,0,0,0.21641791044776118,True
22,7,44,0.0,0.0,2.5,wave,3929,0,0,0.2153219648765589,True
22,7,45,0.0,0.0,2.5,wave,3893,0,0,0.217056254816337,True
22,7,46,0.0,0.0,2.5,wave,3875,0,0,0.21858064516129033,True
22,7,47,0.0,0.0,2.5,wave,3848,0,0,0.22063409563409564,True
22,7,48,0.0,0.0,2.5,wave,3793,0,0,0.22277880305826522,True
22,7,49,0.0,0.0,2.5,wave,3760,0,0,0.22686170212765958,True
22,7,50,0.0,0.0,2.5,wave,3705,0,0,0.22753036437246962,True
22,7,51,0.0,0.0,2.5,wave,3646,0,0,0.22956664838178825,True
22,7,52,0.0,0.0,2.5,wave,3618,0,0,0.23134328358208955,True
22,8,1,0.0,0.0,2.5,wave,3582,0,0,0.23366834170854273,True
22,8,2,0.0,0.0,2.5,wave,3551,0,0,0.2365530836384117,True
22,8,3,0.0,0.0,2.5,wave,3507,0,0,0.2369546621043627,True
22,8,4,0.0,0.0,2.5,wave,3476,0,0,0.238204833141542,True
22,8,5,0.0,0.0,2.5,wave,3429,0,0,0.23972003499562555,True
22,8,6,0.0,0.0,2.5,wave,3393,0,0,0.24167403477748306,True
22,8,7,0.0,0.0,2.5,wave,3363,0,0,0.24264049955396966,True
22,8,8,0.0,0.0,2.5,wave,3326,0,0,0.24473842453397474,True
22,8,9,0.0,0.0,2.5,wave,3285,0,0,0.24596651445966514,True
22,8,10,0.0,0.0,2.5,wave,3245,0,0,0.24714946070878274,True
22,8,11,0.0,0.0,2.5,wave,3207,0,0,0.25007795447458686,True
22,8,12,0.0,0.0,2.5,wave,3170,0,0,0.25299684542586753,True
22,8,13,0.0,0.0,2.5,wave,3128,0,0,0.2547953964194373,True
22,8,14,0.0,0.0,2.5,wave,3088,0,0,0.2551813471502591,True
22,8,15,0.0,0.0,2.5,wave,3057,0,0,0.25809617271835134,True
22,8,16,0.0,0.0,2.5,wave,3033,0,0,0.260468183316848,True
22,8,17,0.0,0.0,2.5,wave,2992,0,0,0.26336898395721925,True
22,8,18,0.0,0.0,2.5,wave,6526,0,0,0.12228011032791909,True
22,8,19,0.0,0.0,2.5,wave,6431,0,0,0.12501943710153943,True
22,8,20,0.0,0.0,2.5,wave,6301,0,0,0.12664656403745436,True
22,8,21,0.0,0.0,2.5,wave,6171,0,0,0.13077297034516286,True
22,8,22,0.0,0.0,2.5,wave,6044,0,0,0.13467902051621441,True
22,8,23,0.0,0.0,2.5,wave,5949,0,0,0.13817448310640443,True
22,8,24,0.0,0.0,2.5,wave,5860,0,0,0.1407849829351536,True
22,8,25,0.0,0.0,2.5,wave,5755,0,0,0.14422241529105126,True
22,8,26,0.0,0.0,2.5,wave,5617,0,0,0.1475876802563646,True
22,8,27,0.0,0.0,2.5,wave,5515,0,0,0.15067996373526746,True
22,8,28,0.0,0.0,2.5,wave,5430,0,0,0.15432780847145489,True
22,8,29,0.0,0.0,2.5,wave,5339,0,0,0.15733283386401947,True
22,8,30,0.0,0.0,2.5,wave,5232,0,0,0.16074159021406728,True
22,8,31,0.0,0.0,2.5,wave,5147,0,0,0.16417330483776957,True
22,8,32,0.0,0.0,2.5,wave,5036,0,0,0.1687847498014297,True
22,8,33,0.0,0.0,2.5,wave,4930,0,0,0.17281947261663286,True
22,8,34,0.0,0.0,2.5,wave,4843,0,0,0.17489159611810862,True
22,8,35,0.0,0.0,2.5,wave,4773,0,0,0.17871359731824848,True
22,8,36,0.0,0.0,2.5,wave,4705,0,0,0.18278427205100956,True
22,8,37,0.0,0.0,2.5,wave,4601,0,0,0.18626385568354706,True
22,8,38,0.0,0.0,2.5,wave,4555,0,0,0.18902305159165753,True
22,8,39,0.0,0.0,2.5,wave,4501,0,0,0.19129082426127528,True
22,8,40,0.0,0.0,2.5,wave,4433,0,0,0.19535303406271148,True
22,8,41,0.0,0.0,2.5,wave,4359,0,0,0.1979811883459509,True
22,8,42,0.0,0.0,2.5,wave,4301,0,0,0.20065101139269936,True
22,8,43,0.0,0.0,2.5,wave,4325,0,0,0.22034682080924856,True
22,8,44,0.0,0.0,2.5,wave,4260,0,0,0.2176056338028169,True
22,8,45,0.0,0.0,2.5,wave,4224,0,0,0.21827651515151514,True
22,8,46,0.0,0.0,2.5,wave,4190,0,0,0.22100238663484487,True
22,8,47,0.0,0.0,2.5,wave,4147,0,0,0.2225705329153605,True
22,8,48,0.0,0.0,2.5,wave,4086,0,0,0.22515907978463046,True
22,8,49,0.0,0.0,2.5,wave,4058,0,0,0.22893050763923115,True
22,8,50,0.0,0.0,2.5,wave,4007,0,0,0.23134514599450962,True
22,8,51,0.0,0.0,2.5,wave,3967,0,0,0.23342576254096295,True
22,8,52,0.0,0.0,2.5,wave,3938,0,0,0.23743016759776536,True
22,9,1,0.0,0.0,2.5,wave,3895,0,0,0.2405648267008986,True
22,9,2,0.0,0.0,2.5,wave,3857,0,0,0.24163857920663728,True
22,9,3,0.0,0.0,2.5,wave,3828,0,0,0.24529780564263323,True
22,9,4,0.0,0.0,2.5,wave,3789,0,0,0.2467669569807337,True
22,9,5,0.0,0.0,2.5,wave,3745,0,0,0.2499332443257677,True
22,9,6,0.0,0.0,2.5,wave,3705,0,0,0.2512820512820513,True
22,9,7,0.0,0.0,2.5,wave,3661,0,0,0.2526632067741054,True
22,9,8,0.0,0.0,2.5,wave,3604,0,0,0.2563817980022198,True
22,9,9,0.0,0.0,2.5,wave,3564,0,0,0.25869809203142535,True
22,9,10,0.0,0.0,2.5,wave,3517,0,0,0.2604492465169178,True
22,9,11,0.0,0.0,2.5,wave,3472,0,0,0.2626728110599078,True
22,9,12,0.0,0.0,2.5,wave,3437,0,0,0.2679662496363107,True
22,9,13,0.0,0.0,2.5,wave,3396,0,0,0.270906949352179,True
22,9,14,0.0,0.0,2.5,wave,3364,0,0,0.2737812128418549,True
22,9,15,0.0,0.0,2.5,wave,3315,0,0,0.27631975867269987,True
22,9,16,0.0,0.0,2.5,wave,3274,0,0,0.2767257177764203,True
22,9,17,0.0,0.0,2.5,wave,3238,0,0,0.2804200123533045,True
22,9,18,0.0,0.0,2.5,wave,6983,0,0,0.12344264642703709,True
22,9,19,0.0,0.0,2.5,wave,6888,0,0,0.12601626016260162,True
22,9,20,0.0,0.0,2.5,wave,6737,0,0,0.13017663648508238,True
22,9,21,0.0,0.0,2.5,wave,6551,0,0,0.13494123034651198,True
22,9,22,0.0,0.0,2.5,wave,6429,0,0,0.13781303468657646,True
22,9,23,0.0,0.0,2.5,wave,6299,0,0,0.14192729004603905,True
22,9,24,0.0,0.0,2.5,wave,6172,0,0,0.14484769928710303,True
22,9,25,0.0,0.0,2.5,wave,6070,0,0,0.14827018121911037,True
22,9,26,0.0,0.0,2.5,wave,5939,0,0,0.15069877083684122,True
22,9,27,0.0,0.0,2.5,wave,5805,0,0,0.15417743324720068,True
22,9,28,0.0,0.0,2.5,wave,5674,0,0,0.15791328868523088,True
22,9,29,0.0,0.0,2.5,wave,5589,0,0,0.16067275004473072,True
22,9,30,0.0,0.0,2.5,wave,5514,0,0,0.1628581791802684,True
22,9,31,0.0,0.0,2.5,wave,5420,0,0,0.16605166051660517,True
22,9,32,0.0,0.0,2.5,wave,5354,0,0,0.1692192753081808,True
22,9,33,0.0,0.0,2.5,wave,5262,0,0,0.17103762827822122,True
22,9,34,0.0,0.0,2.5,wave,5140,0,0,0.17568093385214006,True
22,9,35,0.0,0.0,2.5,wave,5023,0,0,0.17897670714712324,True
22,9,36,0.0,0.0,2.5,wave,4915,0,0,0.1825025432349949,True
22,9,37,0.0,0.0,2.5,wave,4815,0,0,0.1846313603322949,True
22,9,38,0.0,0.0,2.5,wave,4754,0,0,0.1855279764408919,True
22,9,39,0.0,0.0,2.5,wave,4692,0,0,0.18776641091219096,True
22,9,40,0.0,0.0,2.5,wave,4631,0,0,0.19023968905204058,True
22,9,41,0.0,0.0,2.5,wave,4587,0,0,0.19250054501853062,True
22,9,42,0.0,0.0,2.5,wave,4542,0,0,0.19660942316160282,True
22,9,43,0.0,0.0,2.5,wave,4633,0,0,0.2253399525145694,True
22,9,44,0.0,0.0,2.5,wave,4556,0,0,0.22344161545215102,True
22,9,45,0.0,0.0,2.5,wave,4509,0,0,0.22599245952539365,True
22,9,46,0.0,0.0,2.5,wave,4480,0,0,0.22901785714285713,True
22,9,47,0.0,0.0,2.5,wave,4446,0,0,0.23076923076923078,True
22,9,48,0.0,0.0,2.5,wave,4424,0,0,0.2364376130198915,True
22,9,49,0.0,0.0,2.5,wave,4404,0,0,0.24114441416893734,True
22,9,50,0.0,0.0,2.5,wave,4388,0,0,0.24339106654512307,True
22,9,51,0.0,0.0,2.5,wave,4351,0,0,0.2447713169386348,True
22,9,52,0.0,0.0,2.5,wave,4305,0,0,0.251335656213705,True
22,10,1,0.0,0.0,2.5,wave,4265,0,0,0.254630715123095,True
22,10,2,0.0,0.0,2.5,wave,4232,0,0,0.2568525519848771,True
22,10,3,0.0,0.0,2.5,wave,4191,0,0,0.2588880935337628,True
22,10,4,0.0,0.0,2.5,wave,4140,0,0,0.26304347826086955,True
22,10,5,0.0,0.0,2.5,wave,4098,0,0,0.2637872132747682,True
22,10,6,0.0,0.0,2.5,wave,4066,0,0,0.26684702410231187,True
22,10,7,0.0,0.0,2.5,wave,4008,0,0,0.2694610778443114,True
22,10,8,0.0,0.0,2.5,wave,3968,0,0,0.2721774193548387,True
22,10,9,0.0,0.0,2.5,wave,3926,0,0,0.27457972491085075,True
22,10,10,0.0,0.0,2.5,wave,3885,0,0,0.27696267696267696,True
22,10,11,0.0,0.0,2.5,wave,3860,0,0,0.2805699481865285,True
22,10,12,0.0,0.0,2.5,wave,3842,0,0,0.28474752732951586,True
22,10,13,0.0,0.0,2.5,wave,3800,0,0,0.28657894736842104,True
22,10,14,0.0,0.0,2.5,wave,3763,0,0,0.2893967579059261,True
22,10,15,0.0,0.0,2.5,wave,3730,0,0,0.2900804289544236,True
22,10,16,0.0,0.0,2.5,wave,3686,0,0,0.2943570265870863,True
22,10,17,0.0,0.0,2.5,wave,3659,0,0,0.29680240502869637,True
22,10,18,0.0,0.0,2.5,wave,7823,0,0,0.13268567045890323,True
22,10,19,0.0,0.0,2.5,wave,7727,0,0,0.13472240196712826,True
22,10,20,0.0,0.0,2.5,wave,7582,0,0,0.1376945396992878,True
22,10,21,0.0,0.0,2.5,wave,7443,0,0,0.14174392046217923,True
22,10,22,0.0,0.0,2.5,wave,7321,0,0,0.14533533670263626,True
22,10,23,0.0,0.0,2.5,wave,7224,0,0,0.1478405315614618,True
22,10,24,0.0,0.0,2.5,wave,7087,0,0,0.14985184139974603,True
22,10,25,0.0,0.0,2.5,wave,6892,0,0,0.1543818920487522,True
22,10,26,0.0,0.0,2.5,wave,6730,0,0,0.15780089153046062,True
22,10,27,0.0,0.0,2.5,wave,6571,0,0,0.16253233906559122,True
22,10,28,0.0,0.0,2.5,wave,6491,0,0,0.16530580804190417,True
22,10,29,0.0,0.0,2.5,wave,6408,0,0,0.16853932584269662,True
22,10,30,0.0,0.0,2.5,wave,6297,0,0,0.17214546609496587,True
22,10,31,0.0,0.0,2.5,wave,6209,0,0,0.174585279433081,True
22,10,32,0.0,0.0,2.5,wave,6084,0,0,0.17915844838921763,True
22,10,33,0.0,0.0,2.5,wave,5989,0,0,0.18133244281182168,True
22,10,34,0.0,0.0,2.5,wave,5864,0,0,0.18519781718963166,True
22,10,35,0.0,0.0,2.5,wave,5739,0,0,0.18801184875413834,True
22,10,36,0.0,0.0,2.5,wave,5624,0,0,0.18990042674253202,True
22,10,37,0.0,0.0,2.5,wave,5488,0,0,0.19533527696793002,True
22,10,38,0.0,0.0,2.5,wave,5419,0,0,0.1985606200405979,True
22,10,39,0.0,0.0,2.5,wave,5348,0,0,0.20157068062827224,True
22,10,40,0.0,0.0,2.5,wave,5278,0,0,0.20481242895035998,True
22,10,41,0.0,0.0,2.5,wave,5200,0,0,0.20884615384615385,True
22,10,42,0.0,0.0,2.5,wave,5134,0,0,0.21211530970003895,True
22,10,43,0.0,0.0,2.5,wave,4969,0,0,0.2294224189977863,True
22,10,44,0.0,0.0,2.5,wave,4859,0,0,0.22391438567606503,True
22,10,45,0.0,0.0,2.5,wave,4841,0,0,0.2247469531088618,True
22,10,46,0.0,0.0,2.5,wave,4795,0,0,0.22502606882168927,True
22,10,47,0.0,0.0,2.5,wave,4749,0,0,0.2269951568751316,True
22,10,48,0.0,0.0,2.5,wave,4727,0,0,0.23080177702559762,True
22,10,49,0.0,0.0,2.5,wave,4700,0,0,0.23382978723404255,True
22,10,50,0.0,0.0,2.5,wave,4635,0,0,0.2360302049622438,True
22,10,51,0.0,0.0,2.5,wave,4604,0,0,0.2391398783666377,True
22,10,52,0.0,0.0,2.5,wave,4546,0,0,0.2421909370875495,True
22,11,1,0.0,0.0,2.5,wave,4504,0,0,0.24467140319715808,True
22,11,2,0.0,0.0,2.5,wave,4459,0,0,0.24714061448755326,True
22,11,3,0.0,0.0,2.5,wave,4434,0,0,0.2485340550293189,True
22,11,4,0.0,0.0,2.5,wave,4383,0,0,0.25028519279032624,True
22,11,5,0.0,0.0,2.5,wave,4331,0,0,0.2514430847379358,True
22,11,6,0.0,0.0,2.5,wave,4283,0,0,0.25589540042026615,True
22,11,7,0.0,0.0,2.5,wave,4237,0,0,0.258909605853198,True
22,11,8,0.0,0.0,2.5,wave,4206,0,0,0.2622444127436995,True
22,11,9,0.0,0.0,2.5,wave,4170,0,0,0.2647482014388489,True
22,11,10,0.0,0.0,2.5,wave,4108,0,0,0.2672833495618306,True
22,11,11,0.0,0.0,2.5,wave,4057,0,0,0.27236874537835837,True
22,11,12,0.0,0.0,2.5,wave,4017,0,0,0.2723425441872044,True
22,11,13,0.0,0.0,2.5,wave,3983,0,0,0.2746673361787597,True
22,11,14,0.0,0.0,2.5,wave,3960,0,0,0.2777777777777778,True
22,11,15,0.0,0.0,2.5,wave,3921,0,0,0.27952053047691916,True
22,11,16,0.0,0.0,2.5,wave,3892,0,0,0.2823741007194245,True
22,11,17,0.0,0.0,2.5,wave,3870,0,0,0.28527131782945736,True
22,11,18,0.0,0.0,2.5,wave,8390,0,0,0.12729439809296783,True
22,11,19,0.0,0.0,2.5,wave,8253,0,0,0.13134617714770386,True
22,11,20,0.0,0.0,2.5,wave,8118,0,0,0.13353042621335304,True
22,11,21,0.0,0.0,2.5,wave,7948,0,0,0.13638651233014595,True
22,11,22,0.0,0.0,2.5,wave,7807,0,0,0.14077110285641092,True
22,11,23,0.0,0.0,2.5,wave,7658,0,0,0.14403238443457822,True
22,11,24,0.0,0.0,2.5,wave,7518,0,0,0.1472466081404629,True
22,11,25,0.0,0.0,2.5,wave,7379,0,0,0.15069792654831277,True
22,11,26,0.0,0.0,2.5,wave,7251,0,0,0.15266859743483657,True
22,11,27,0.0,0.0,2.5,wave,7107,0,0,0.1567468692838047,True
22,11,28,0.0,0.0,2.5,wave,6959,0,0,0.16094266417588735,True
22,11,29,0.0,0.0,2.5,wave,6851,0,0,0.1639176762516421,True
22,11,30,0.0,0.0,2.5,wave,6714,0,0,0.16696455168305036,True
22,11,31,0.0,0.0,2.5,wave,6559,0,0,0.16969050160085378,True
22,11,32,0.0,0.0,2.5,wave,6434,0,0,0.17298725520671432,True
22,11,33,0.0,0.0,2.5,wave,6313,0,0,0.17630286709963566,True
22,11,34,0.0,0.0,2.5,wave,6218,0,0,0.17931810871662915,True
22,11,35,0.0,0.0,2.5,wave,6099,0,0,0.1824889326119036,True
22,11,36,0.0,0.0,2.5,wave,6000,0,0,0.18466666666666667,True
22,11,37,0.0,0.0,2.5,wave,5900,0,0,0.18847457627118644,True
22,11,38,0.0,0.0,2.5,wave,5822,0,0,0.1904843696324287,True
22,11,39,0.0,0.0,2.5,wave,5747,0,0,0.1941882721419871,True
22,11,40,0.0,0.0,2.5,wave,5676,0,0,0.19644115574348134,True
22,11,41,0.0,0.0,2.5,wave,5601,0,0,0.19925013390465987,True
22,11,42,0.0,0.0,2.5,wave,5536,0,0,0.2023121387283237,True
22,11,43,0.0,0.0,2.5,wave,5444,0,0,0.22024246877296105,True
22,11,44,0.0,0.0,2.5,wave,5345,0,0,0.21534144059869037,True
22,11,45,0.0,0.0,2.5,wave,5278,0,0,0.21636983705949223,True
22,11,46,0.0,0.0,2.5,wave,5244,0,0,0.21872616323417238,True
22,11,47,0.0,0.0,2.5,wave,5193,0,0,0.2222222222222222,True
22,11,48,0.0,0.0,2.5,wave,5148,0,0,0.22513597513597514,True
22,11,49,0.0,0.0,2.5,wave,5072,0,0,0.2261435331230284,True
22,11,50,0.0,0.0,2.5,wave,5009,0,0,0.2291874625673787,True
22,11,51,0.0,0.0,2.5,wave,4948,0,0,0.23100242522231204,True
22,11,52,0.0,0.0,2.5,wave,4910,0,0,0.23523421588594703,True
23,1,1,0.0,0.0,2.5,wave,2735,0,0,0.0007312614259597807,True
23,1,2,0.0,0.0,2.5,wave,2666,0,0,0.003000750187546887,True
23,1,3,0.0,0.0,2.5,wave,2567,0,0,0.0062329567588624854,True
23,1,4,0.0,0.0,2.5,wave,2494,0,0,0.008420208500400962,True
23,1,5,0.0,0.0,2.5,wave,2424,0,0,0.009900990099009901,True
23,1,6,0.0,0.0,2.5,wave,2335,0,0,0.012419700214132762,True
23,1,7,0.0,0.0,2.5,wave,2280,0,0,0.017982456140350878,True
23,1,8,0.0,0.0,2.5,wave,2215,0,0,0.019413092550790066,True
23,1,9,0.0,0.0,2.5,wave,2139,0,0,0.021972884525479196,True
23,1,10,0.0,0.0,2.5,wave,2076,0,0,0.025048169556840076,True
23,1,11,0.0,0.0,2.5,wave,2016,0,0,0.026785714285714284,True
23,1,12,0.0,0.0,2.5,wave,1970,0,0,0.028426395939086295,True
23,1,13,0.0,0.0,2.5,wave,1934,0,0,0.03205791106514995,True
23,1,14,0.0,0.0,2.5,wave,1890,0,0,0.03439153439153439,True
23,1,15,0.0,0.0,2.5,wave,1840,0,0,0.03695652173913044,True
23,1,16,0.0,0.0,2.5,wave,1806,0,0,0.03765227021040975,True
23,1,17,0.0,0.0,2.5,wave,1783,0,0,0.039820527201346045,True
23,1,18,0.0,0.0,2.5,wave,5216,0,0,0.01495398773006135,True
23,1,19,0.0,0.0,2.5,wave,5094,0,0,0.016489988221436984,True
23,1,20,0.0,0.0,2.5,wave,4944,0,0,0.0186084142394822,True
23,1,21,0.0,0.0,2.5,wave,4804,0,0,0.02102414654454621,True
23,1,22,0.0,0.0,2.5,wave,4678,0,0,0.0235143223599829,True
23,1,23,0.0,0.0,2.5,wave,4542,0,0,0.026420079260237782,True
23,1,24,0.0,0.0,2.5,wave,4429,0,0,0.029577782795213368,True
23,1,25,0.0,0.0,2.5,wave,4271,0,0,0.03254507141184734,True
23,1,26,0.0,0.0,2.5,wave,4144,0,0,0.03426640926640927,True
23,1,27,0.0,0.0,2.5,wave,4042,0,0,0.03661553686293914,True
23,1,28,0.0,0.0,2.5,wave,3928,0,0,0.03844195519348269,True
23,1,29,0.0,0.0,2.5,wave,3812,0,0,0.04118572927597062,True
23,1,30,0.0,0.0,2.5,wave,3713,0,0,0.04389981147320226,True
23,1,31,0.0,0.0,2.5,wave,3616,0,0,0.047289823008849555,True
23,1,32,0.0,0.0,2.5,wave,3549,0,0,0.050436742744435055,True
23,1,33,0.0,0.0,2.5,wave,3485,0,0,0.051936872309899566,True
23,1,34,0.0,0.0,2.5,wave,3427,0,0,0.05515027721038809,True
23,1,35,0.0,0.0,2.5,wave,3335,0,0,0.05697151424287856,True
23,1,36,0.0,0.0,2.5,wave,3245,0,0,0.058243451463790445,True
23,1,37,0.0,0.0,2.5,wave,3171,0,0,0.0608640807316304,True
23,1,38,0.0,0.0,2.5,wave,3099,0,0,0.06485963213939981,True
23,1,39,0.0,0.0,2.5,wave,3057,0,0,0.0654236179260713,True
23,1,40,0.0,0.0,2.5,wave,3006,0,0,0.06753160345974717,True
23,1,41,0.0,0.0,2.5,wave,2947,0,0,0.07159823549372243,True
23,1,42,0.0,0.0,2.5,wave,2897,0,0,0.07076285812909906,True
23,1,43,0.0,0.0,2.5,wave,3429,0,0,0.1510644502770487,True
23,1,44,0.0,0.0,2.5,wave,3103,0,0,0.1221398646471157,True
23,1,45,0.0,0.0,2.5,wave,2974,0,0,0.10928043039677203,True
23,1,46,0.0,0.0,2.5,wave,2882,0,0,0.10582928521859819,True
23,1,47,0.0,0.0,2.5,wave,2824,0,0,0.10304532577903683,True
23,1,48,0.0,0.0,2.5,wave,2773,0,0,0.10421925712225028,True
23,1,49,0.0,0.0,2.5,wave,2734,0,0,0.10424286759326994,True
23,1,50,0.0,0.0,2.5,wave,2686,0,0,0.10610573343261355,True
23,1,51,0.0,0.0,2.5,wave,2647,0,0,0.10578012844729882,True
23,1,52,0.0,0.0,2.5,wave,2604,0,0,0.10906298003072197,True
23,2,1,0.0,0.0,2.5,wave,2550,23,3,0.10901960784313726,False
23,2,2,0.0,0.0,2.5,wave,2519,30,9,0.11194918618499404,False
23,2,3,0.0,0.0,2.5,wave,2467,29,12,0.1147142278070531,False
23,2,4,0.0,0.0,2.5,wave,2426,32,14,0.11747732893652102,False
23,2,5,0.0,0.0,2.5,wave,2388,32,17,0.11934673366834171,False
23,2,6,0.0,0.0,2.5,wave,2335,31,11,0.12034261241970022,False
23,2,7,0.0,0.0,2.5,wave,2298,22,5,0.12358572671888599,False
23,2,8,0.0,0.0,2.5,wave,2258,26,6,0.12488928255093003,False
23,2,9,0.0,0.0,2.5,wave,2224,29,8,0.12589928057553956,False
23,2,10,0.0,0.0,2.5,wave,2191,32,10,0.12779552715654952,False
23,2,11,0.0,0.0,2.5,wave,2163,30,12,0.13083680073971335,False
23,2,12,0.0,0.0,2.5,wave,2136,26,15,0.1348314606741573,False
23,2,13,0.0,0.0,2.5,wave,2105,25,10,0.13729216152019003,False
23,2,14,0.0,0.0,2.5,wave,2068,19,11,0.13781431334622823,False
23,2,15,0.0,0.0,2.5,wave,2035,20,12,0.13906633906633906,False
23,2,16,0.0,0.0,2.5,wave,2007,13,4,0.14000996512207275,False
23,2,17,0.0,0.0,2.5,wave,1977,12,3,0.1406170966110268,False
23,2,18,0.0,0.0,2.5,wave,3833,13,6,0.07331072267153665,False
23,2,19,0.0,0.0,2.5,wave,3785,22,4,0.07476882430647291,False
23,2,20,0.0,0.0,2.5,wave,3672,18,4,0.07652505446623094,False
23,2,21,0.0,0.0,2.5,wave,3605,28,9,0.07905686546463246,False
23,2,22,0.0,0.0,2.5,wave,3555,31,8,0.08213783403656821,False
23,2,23,0.0,0.0,2.5,wave,3466,38,8,0.08540103866128101,False
23,2,24,0.0,0.0,2.5,wave,3414,48,16,0.08875219683655536,False
23,2,25,0.0,0.0,2.5,wave,3315,56,18,0.09351432880844646,False
23,2,26,0.0,0.0,2.5,wave,3250,56,15,0.09692307692307692,False
23,2,27,0.0,0.0,2.5,wave,3166,56,25,0.10138976626658244,False
23,2,28,0.0,0.0,2.5,wave,3115,56,21,0.10369181380417336,False
23,2,29,0.0,0.0,2.5,wave,3022,47,14,0.10655195234943746,False
23,2,30,0.0,0.0,2.5,wave,2964,52,19,0.10863697705802969,False
23,2,31,0.0,0.0,2.5,wave,2884,54,20,0.11095700416088766,False
23,2,32,0.0,0.0,2.5,wave,2816,51,23,0.11115056818181818,False
23,2,33,0.0,0.0,2.5,wave,2758,49,15,0.11530094271211022,False
23,2,34,0.0,0.0,2.5,wave,2682,39,13,0.11894108873974646,False
23,2,35,0.0,0.0,2.5,wave,2625,39,21,0.1219047619047619,False
23,2,36,0.0,0.0,2.5,wave,2576,35,18,0.12461180124223603,False
23,2,37,0.0,0.0,2.5,wave,2515,33,11,0.12882703777335985,False
23,2,38,0.0,0.0,2.5,wave,2478,30,7,0.13317191283292978,False
23,2,39,0.0,0.0,2.5,wave,2434,35,13,0.13681183237469186,False
23,2,40,0.0,0.0,2.5,wave,2402,34,17,0.13905079100749376,False
23,2,41,0.0,0.0,2.5,wave,2370,30,15,0.14177215189873418,False
23,2,42,0.0,0.0,2.5,wave,2333,25,15,0.14316330904414917,False
23,2,43,0.0,0.0,2.5,wave,2859,24,12,0.2521860790486184,False
23,2,44,0.0,0.0,2.5,wave,2583,17,8,0.20789779326364694,False
23,2,45,0.0,0.0,2.5,wave,2464,14,7,0.19642857142857142,False
23,2,46,0.0,0.0,2.5,wave,2396,9,4,0.1911519198664441,False
23,2,47,0.0,0.0,2.5,wave,2339,7,3,0.18554938007695596,False
23,2,48,0.0,0.0,2.5,wave,2311,5,3,0.18823020337516227,False
23,2,49,0.0,0.0,2.5,wave,2284,5,3,0.18782837127845883,False
23,2,50,0.0,0.0,2.5,wave,2247,6,2,0.1909212283044059,False
23,2,51,0.0,0.0,2.5,wave,2243,7,4,0.1939366919304503,False
23,2,52,0.0,0.0,2.5,wave,2218,8,4,0.19702434625789,False
23,3,1,0.0,0.0,2.5,wave,2195,6,3,0.20045558086560364,False
23,3,2,0.0,0.0,2.5,wave,2173,5,2,0.20202485043718363,False
23,3,3,0.0,0.0,2.5,wave,2148,3,2,0.20577281191806332,False
23,3,4,0.0,0.0,2.5,wave,2123,2,1,0.20536975977390484,False
23,3,5,0.0,0.0,2.5,wave,2106,1,1,0.20655270655270655,False
23,3,6,0.0,0.0,2.5,wave,2084,1,1,0.20873320537428022,False
23,3,7,0.0,0.0,2.5,wave,2063,0,0,0.20891904992729035,True
23,3,8,0.0,0.0,2.5,wave,2034,0,0,0.20943952802359883,True
23,3,9,0.0,0.0,2.5,wave,2014,0,0,0.21251241310824232,True
23,3,10,0.0,0.0,2.5,wave,1984,0,0,0.21421370967741934,True
23,3,11,0.0,0.0,2.5,wave,1968,0,0,0.21697154471544716,True
23,3,12,0.0,0.0,2.5,wave,1940,0,0,0.21701030927835052,True
23,3,13,0.0,0.0,2.5,wave,1913,0,0,0.21693674856246734,True
23,3,14,0.0,0.0,2.5,wave,1885,0,0,0.22015915119363394,True
23,3,15,0.0,0.0,2.5,wave,1864,0,0,0.22049356223175964,True
23,3,16,0.0,0.0,2.5,wave,1833,0,0,0.2231314784506274,True
23,3,17,0.0,0.0,2.5,wave,1823,0,0,0.22600109709270433,True
23,3,18,0.0,0.0,2.5,wave,3995,0,0,0.10337922403003755,True
23,3,19,0.0,0.0,2.5,wave,3920,0,0,0.10612244897959183,True
23,3,20,0.0,0.0,2.5,wave,3844,0,0,0.10822060353798127,True
23,3,21,0.0,0.0,2.5,wave,3768,0,0,0.11040339702760085,True
23,3,22,0.0,0.0,2.5,wave,3633,0,0,0.11368015414258188,True
23,3,23,0.0,0.0,2.5,wave,3555,0,0,0.11673699015471167,True
23,3,24,0.0,0.0,2.5,wave,3454,0,0,0.11957151129125651,True
23,3,25,0.0,0.0,2.5,wave,3370,0,0,0.12106824925816023,True
23,3,26,0.0,0.0,2.5,wave,3311,0,0,0.12473572938689217,True
23,3,27,0.0,0.0,2.5,wave,3258,0,0,0.1270718232044199,True
23,3,28,0.0,0.0,2.5,wave,3194,0,0,0.1289918597370069,True
23,3,29,0.0,0.0,2.5,wave,3075,0,0,0.13528455284552846,True
23,3,30,0.0,0.0,2.5,wave,3016,0,0,0.1369363395225464,True
23,3,31,0.0,0.0,2.5,wave,2929,0,0,0.13861386138613863,True
23,3,32,0.0,0.0,2.5,wave,2880,0,0,0.14097222222222222,True
23,3,33,0.0,0.0,2.5,wave,2813,0,0,0.14397440455030217,True
23,3,34,0.0,0.0,2.5,wave,2764,0,0,0.14652677279305354,True
23,3,35,0.0,0.0,2.5,wave,2696,0,0,0.1476261127596439,True
23,3,36,0.0,0.0,2.5,wave,2623,0,0,0.15211589782691576,True
23,3,37,0.0,0.0,2.5,wave,2577,0,0,0.15754753589445092,True
23,3,38,0.0,0.0,2.5,wave,2532,0,0,0.15718799368088468,True
23,3,39,0.0,0.0,2.5,wave,2491,0,0,0.1597751906864713,True
23,3,40,0.0,0.0,2.5,wave,2451,0,0,0.1631986944104447,True
23,3,41,0.0,0.0,2.5,wave,2413,0,0,0.16659759635308743,True
23,3,42,0.0,0.0,2.5,wave,2387,0,0,0.16841223292836197,True
23,3,43,0.0,0.0,2.5,wave,3034,0,0,0.2762030323005933,True
23,3,44,0.0,0.0,2.5,wave,2733,0,0,0.23746798390047566,True
23,3,45,0.0,0.0,2.5,wave,2596,0,0,0.21841294298921418,True
23,3,46,0.0,0.0,2.5,wave,2489,0,0,0.20932101245480111,True
23,3,47,0.0,0.0,2.5,wave,2429,0,0,0.21119802387813916,True
23,3,48,0.0,0.0,2.5,wave,2385,0,0,0.2121593291404612,True
23,3,49,0.0,0.0,2.5,wave,2349,0,0,0.2120051085568327,True
23,3,50,0.0,0.0,2.5,wave,2317,0,0,0.2123435476909797,True
23,3,51,0.0,0.0,2.5,wave,2292,0,0,0.2111692844677138,True
23,3,52,0.0,0.0,2.5,wave,2258,0,0,0.21257750221434898,True
23,4,1,0.0,0.0,2.5,wave,2232,0,0,0.21370967741935484,True
23,4,2,0.0,0.0,2.5,wave,2214,0,0,0.2163504968383017,True
23,4,3,0.0,0.0,2.5,wave,2188,0,0,0.21617915904936014,True
23,4,4,0.0,0.0,2.5,wave,2164,0,0,0.2158040665434381,True
23,4,5,0.0,0.0,2.5,wave,2139,0,0,0.21692379616643293,True
23,4,6,0.0,0.0,2.5,wave,2115,0,0,0.21796690307328606,True
23,4,7,0.0,0.0,2.5,wave,2088,0,0,0.21886973180076627,True
23,4,8,0.0,0.0,2.5,wave,2069,0,0,0.222329627839536,True
23,4,9,0.0,0.0,2.5,wave,2039,0,0,0.22167729279058362,True
23,4,10,0.0,0.0,2.5,wave,2022,0,0,0.22551928783382788,True
23,4,11,0.0,0.0,2.5,wave,1987,0,0,0.22848515349773527,True
23,4,12,0.0,0.0,2.5,wave,1966,0,0,0.23041709053916581,True
23,4,13,0.0,0.0,2.5,wave,1940,0,0,0.2304123711340206,True
23,4,14,0.0,0.0,2.5,wave,1918,0,0,0.23253388946819603,True
23,4,15,0.0,0.0,2.5,wave,1888,0,0,0.23146186440677965,True
23,4,16,0.0,0.0,2.5,wave,1875,0,0,0.23413333333333333,True
23,4,17,0.0,0.0,2.5,wave,1852,0,0,0.23650107991360692,True
23,4,18,0.0,0.0,2.5,wave,4015,0,0,0.10909090909090909,True
23,4,19,0.0,0.0,2.5,wave,3931,0,0,0.11015008903586873,True
23,4,20,0.0,0.0,2.5,wave,3855,0,0,0.11413748378728923,True
23,4,21,0.0,0.0,2.5,wave,3756,0,0,0.11767838125665601,True
23,4,22,0.0,0.0,2.5,wave,3684,0,0,0.12106406080347448,True
23,4,23,0.0,0.0,2.5,wave,3623,0,0,0.1231024013248689,True
23,4,24,0.0,0.0,2.5,wave,3568,0,0,0.12612107623318386,True
23,4,25,0.0,0.0,2.5,wave,3513,0,0,0.12752633077142045,True
23,4,26,0.0,0.0,2.5,wave,3463,0,0,0.12965636731157956,True
23,4,27,0.0,0.0,2.5,wave,3370,0,0,0.13175074183976263,True
23,4,28,0.0,0.0,2.5,wave,3262,0,0,0.1364193746167995,True
23,4,29,0.0,0.0,2.5,wave,3174,0,0,0.13862633900441085,True
23,4,30,0.0,0.0,2.5,wave,3114,0,0,0.1403339755940912,True
23,4,31,0.0,0.0,2.5,wave,3041,0,0,0.14304505097007564,True
23,4,32,0.0,0.0,2.5,wave,2979,0,0,0.1456864719704599,True
23,4,33,0.0,0.0,2.5,wave,2875,0,0,0.15095652173913043,True
23,4,34,0.0,0.0,2.5,wave,2807,0,0,0.15496971856074102,True
23,4,35,0.0,0.0,2.5,wave,2740,0,0,0.16021897810218977,True
23,4,36,0.0,0.0,2.5,wave,2681,0,0,0.16449086161879894,True
23,4,37,0.0,0.0,2.5,wave,2642,0,0,0.16464799394398183,True
23,4,38,0.0,0.0,2.5,wave,2586,0,0,0.1662799690641918,True
23,4,39,0.0,0.0,2.5,wave,2540,0,0,0.16889763779527558,True
23,4,40,0.0,0.0,2.5,wave,2506,0,0,0.17198723064644852,True
23,4,41,0.0,0.0,2.5,wave,2483,0,0,0.17317760773258156,True
23,4,42,0.0,0.0,2.5,wave,2451,0,0,0.17584659322725418,True
23,4,43,0.0,0.0,2.5,wave,3095,0,0,0.2820678513731826,True
23,4,44,0.0,0.0,2.5,wave,2789,0,0,0.24094657583363213,True
23,4,45,0.0,0.0,2.5,wave,2617,0,0,0.22009935040122278,True
23,4,46,0.0,0.0,2.5,wave,2533,0,0,0.21476510067114093,True
23,4,47,0.0,0.0,2.5,wave,2468,0,0,0.21191247974068073,True
23,4,48,0.0,0.0,2.5,wave,2444,0,0,0.21153846153846154,True
23,4,49,0.0,0.0,2.5,wave,2407,0,0,0.21271292064810968,True
23,4,50,0.0,0.0,2.5,wave,2379,0,0,0.2147961328289197,True
23,4,51,0.0,0.0,2.5,wave,2348,0,0,0.21848381601362862,True
23,4,52,0.0,0.0,2.5,wave,2318,0,0,0.22174288179465057,True
23,5,1,0.0,0.0,2.5,wave,2291,0,0,0.22522915757311218,True
23,5,2,0.0,0.0,2.5,wave,2254,0,0,0.22803904170363798,True
23,5,3,0.0,0.0,2.5,wave,2226,0,0,0.22955974842767296,True
23,5,4,0.0,0.0,2.5,wave,2214,0,0,0.23035230352303523,True
23,5,5,0.0,0.0,2.5,wave,2188,0,0,0.23217550274223034,True
23,5,6,0.0,0.0,2.5,wave,2165,0,0,0.23510392609699768,True
23,5,7,0.0,0.0,2.5,wave,2134,0,0,0.23570759137769448,True
23,5,8,0.0,0.0,2.5,wave,2114,0,0,0.23746452223273415,True
23,5,9,0.0,0.0,2.5,wave,2093,0,0,0.23889154323936931,True
23,5,10,0.0,0.0,2.5,wave,2077,0,0,0.2392874337987482,True
23,5,11,0.0,0.0,2.5,wave,2052,0,0,0.24317738791423002,True
23,5,12,0.0,0.0,2.5,wave,2029,0,0,0.24741251848201085,True
23,5,13,0.0,0.0,2.5,wave,2005,0,0,0.2483790523690773,True
23,5,14,0.0,0.0,2.5,wave,1964,0,0,0.24643584521384929,True
23,5,15,0.0,0.0,2.5,wave,1950,0,0,0.24666666666666667,True
23,5,16,0.0,0.0,2.5,wave,1927,0,0,0.24805396990140113,True
23,5,17,0.0,0.0,2.5,wave,1897,0,0,0.2488139167105957,True
23,5,18,0.0,0.0,2.5,wave,4107,0,0,0.11565619673727782,True
23,5,19,0.0,0.0,2.5,wave,4022,0,0,0.11859771258080556,True
23,5,20,0.0,0.0,2.5,wave,3954,0,0,0.12215477996965099,True
23,5,21,0.0,0.0,2.5,wave,3890,0,0,0.12390745501285347,True
23,5,22,0.0,0.0,2.5,wave,3791,0,0,0.12345027697177526,True
23,5,23,0.0,0.0,2.5,wave,3705,0,0,0.12631578947368421,True
23,5,24,0.0,0.0,2.5,wave,3613,0,0,0.12897868807085525,True
23,5,25,0.0,0.0,2.5,wave,3537,0,0,0.13203279615493355,True
23,5,26,0.0,0.0,2.5,wave,3448,0,0,0.1351508120649652,True
23,5,27,0.0,0.0,2.5,wave,3371,0,0,0.1379412637199644,True
23,5,28,0.0,0.0,2.5,wave,3303,0,0,0.14108386315470783,True
23,5,29,0.0,0.0,2.5,wave,3235,0,0,0.14250386398763523,True
23,5,30,0.0,0.0,2.5,wave,3169,0,0,0.14704954244241086,True
23,5,31,0.0,0.0,2.5,wave,3089,0,0,0.15021042408546456,True
23,5,32,0.0,0.0,2.5,wave,3022,0,0,0.1532097948378557,True
23,5,33,0.0,0.0,2.5,wave,2954,0,0,0.15639810426540285,True
23,5,34,0.0,0.0,2.5,wave,2870,0,0,0.15958188153310104,True
23,5,35,0.0,0.0,2.5,wave,2758,0,0,0.16424945612762873,True
23,5,36,0.0,0.0,2.5,wave,2710,0,0,0.16863468634686346,True
23,5,37,0.0,0.0,2.5,wave,2661,0,0,0.1698609545283728,True
23,5,38,0.0,0.0,2.5,wave,2608,0,0,0.17216257668711657,True
23,5,39,0.0,0.0,2.5,wave,2576,0,0,0.1750776397515528,True
23,5,40,0.0,0.0,2.5,wave,2536,0,0,0.17941640378548895,True
23,5,41,0.0,0.0,2.5,wave,2494,0,0,0.18243785084202085,True
23,5,42,0.0,0.0,2.5,wave,2472,0,0,0.1848705501618123,True
23,5,43,0.0,0.0,2.5,wave,3157,0,0,0.2860310421286031,True
23,5,44,0.0,0.0,2.5,wave,2885,0,0,0.24991334488734834,True
23,5,45,0.0,0.0,2.5,wave,2700,0,0,0.23296296296296296,True
23,5,46,0.0,0.0,2.5,wave,2595,0,0,0.2208092485549133,True
23,5,47,0.0,0.0,2.5,wave,2538,0,0,0.21631205673758866,True
23,5,48,0.0,0.0,2.5,wave,2503,0,0,0.22093487814622453,True
23,5,49,0.0,0.0,2.5,wave,2477,0,0,0.22204279370205895,True
23,5,50,0.0,0.0,2.5,wave,2442,0,0,0.22113022113022113,True
23,5,51,0.0,0.0,2.5,wave,2406,0,0,0.22402327514546966,True
23,5,52,0.0,0.0,2.5,wave,2386,0,0,0.22632020117351215,True
23,6,1,0.0,0.0,2.5,wave,2369,0,0,0.22710004221190375,True
23,6,2,0.0,0.0,2.5,wave,2343,0,0,0.22876653862569354,True
23,6,3,0.0,0.0,2.5,wave,2316,0,0,0.22884283246977546,True
23,6,4,0.0,0.0,2.5,wave,2289,0,0,0.23023154215814767,True
23,6,5,0.0,0.0,2.5,wave,2275,0,0,0.23252747252747252,True
23,6,6,0.0,0.0,2.5,wave,2256,0,0,0.23537234042553193,True
23,6,7,0.0,0.0,2.5,wave,2222,0,0,0.2376237623762376,True
23,6,8,0.0,0.0,2.5,wave,2197,0,0,0.24032771961766045,True
23,6,9,0.0,0.0,2.5,wave,2177,0,0,0.243913642627469,True
23,6,10,0.0,0.0,2.5,wave,2155,0,0,0.2459396751740139,True
23,6,11,0.0,0.0,2.5,wave,2132,0,0,0.25,True
23,6,12,0.0,0.0,2.5,wave,2100,0,0,0.25047619047619046,True
23,6,13,0.0,0.0,2.5,wave,2076,0,0,0.25337186897880537,True
23,6,14,0.0,0.0,2.5,wave,2059,0,0,0.25643516270033995,True
23,6,15,0.0,0.0,2.5,wave,2036,0,0,0.2568762278978389,True
23,6,16,0.0,0.0,2.5,wave,1999,0,0,0.2576288144072036,True
23,6,17,0.0,0.0,2.5,wave,1971,0,0,0.2597666159309995,True
23,6,18,0.0,0.0,2.5,wave,4104,0,0,0.12524366471734893,True
23,6,19,0.0,0.0,2.5,wave,4023,0,0,0.1277653492418593,True
23,6,20,0.0,0.0,2.5,wave,3917,0,0,0.13173346949195813,True
23,6,21,0.0,0.0,2.5,wave,3806,0,0,0.13426169206516028,True
23,6,22,0.0,0.0,2.5,wave,3744,0,0,0.13701923076923078,True
23,6,23,0.0,0.0,2.5,wave,3662,0,0,0.14063353358820316,True
23,6,24,0.0,0.0,2.5,wave,3589,0,0,0.14349400947339092,True
23,6,25,0.0,0.0,2.5,wave,3492,0,0,0.1466208476517755,True
23,6,26,0.0,0.0,2.5,wave,3395,0,0,0.1496318114874816,True
23,6,27,0.0,0.0,2.5,wave,3291,0,0,0.15284108173807354,True
23,6,28,0.0,0.0,2.5,wave,3199,0,0,0.1556736480150047,True
23,6,29,0.0,0.0,2.5,wave,3130,0,0,0.160702875399361,True
23,6,30,0.0,0.0,2.5,wave,3064,0,0,0.1641644908616188,True
23,6,31,0.0,0.0,2.5,wave,2999,0,0,0.16505501833944647,True
23,6,32,0.0,0.0,2.5,wave,2926,0,0,0.1684894053315106,True
23,6,33,0.0,0.0,2.5,wave,2897,0,0,0.16879530548843633,True
23,6,34,0.0,0.0,2.5,wave,2841,0,0,0.17036254839845125,True
23,6,35,0.0,0.0,2.5,wave,2776,0,0,0.17435158501440923,True
23,6,36,0.0,0.0,2.5,wave,2737,0,0,0.17647058823529413,True
23,6,37,0.0,0.0,2.5,wave,2681,0,0,0.17791868705706826,True
23,6,38,0.0,0.0,2.5,wave,2652,0,0,0.18137254901960784,True
23,6,39,0.0,0.0,2.5,wave,2612,0,0,0.18453292496171517,True
23,6,40,0.0,0.0,2.5,wave,2592,0,0,0.18595679012345678,True
23,6,41,0.0,0.0,2.5,wave,2560,0,0,0.1890625,True
23,6,42,0.0,0.0,2.5,wave,2536,0,0,0.1912460567823344,True
23,6,43,0.0,0.0,2.5,wave,3157,0,0,0.2990180551156161,True
23,6,44,0.0,0.0,2.5,wave,2850,0,0,0.2617543859649123,True
23,6,45,0.0,0.0,2.5,wave,2706,0,0,0.2394678492239468,True
23,6,46,0.0,0.0,2.5,wave,2629,0,0,0.23088626854317232,True
23,6,47,0.0,0.0,2.5,wave,2541,0,0,0.2235340417158599,True
23,6,48,0.0,0.0,2.5,wave,2491,0,0,0.22199919710959454,True
23,6,49,0.0,0.0,2.5,wave,2471,0,0,0.22217725617159045,True
23,6,50,0.0,0.0,2.5,wave,2423,0,0,0.2241023524556335,True
23,6,51,0.0,0.0,2.5,wave,2401,0,0,0.22532278217409413,True
23,6,52,0.0,0.0,2.5,wave,2371,0,0,0.22690847743568116,True
23,7,1,0.0,0.0,2.5,wave,2348,0,0,0.2278534923339012,True
23,7,2,0.0,0.0,2.5,wave,2304,0,0,0.2287326388888889,True
23,7,3,0.0,0.0,2.5,wave,2295,0,0,0.23224400871459694,True
23,7,4,0.0,0.0,2.5,wave,2267,0,0,0.23378914865460962,True
23,7,5,0.0,0.0,2.5,wave,2248,0,0,0.23443060498220641,True
23,7,6,0.0,0.0,2.5,wave,2217,0,0,0.2354533152909337,True
23,7,7,0.0,0.0,2.5,wave,2190,0,0,0.23789954337899544,True
23,7,8,0.0,0.0,2.5,wave,2164,0,0,0.24029574861367836,True
23,7,9,0.0,0.0,2.5,wave,2136,0,0,0.24157303370786518,True
23,7,10,0.0,0.0,2.5,wave,2109,0,0,0.2422949265054528,True
23,7,11,0.0,0.0,2.5,wave,2080,0,0,0.24471153846153845,True
23,7,12,0.0,0.0,2.5,wave,2060,0,0,0.24514563106796117,True
23,7,13,0.0,0.0,2.5,wave,2039,0,0,0.24816086316821973,True
23,7,14,0.0,0.0,2.5,wave,2013,0,0,0.24987580725285644,True
23,7,15,0.0,0.0,2.5,wave,1992,0,0,0.2540160642570281,True
23,7,16,0.0,0.0,2.5,wave,1965,0,0,0.2580152671755725,True
23,7,17,0.0,0.0,2.5,wave,1946,0,0,0.2589928057553957,True
23,7,18,0.0,0.0,2.5,wave,4289,0,0,0.11774306365120074,True
23,7,19,0.0,0.0,2.5,wave,4199,0,0,0.12098118599666587,True
23,7,20,0.0,0.0,2.5,wave,4119,0,0,0.12333090555960184,True
23,7,21,0.0,0.0,2.5,wave,4005,0,0,0.12734082397003746,True
23,7,22,0.0,0.0,2.5,wave,3905,0,0,0.13034571062740077,True
23,7,23,0.0,0.0,2.5,wave,3792,0,0,0.13475738396624473,True
23,7,24,0.0,0.0,2.5,wave,3706,0,0,0.13788451160280626,True
23,7,25,0.0,0.0,2.5,wave,3640,0,0,0.14203296703296703,True
23,7,26,0.0,0.0,2.5,wave,3543,0,0,0.14394580863674852,True
23,7,27,0.0,0.0,2.5,wave,3479,0,0,0.14659384880712847,True
23,7,28,0.0,0.0,2.5,wave,3408,0,0,0.15140845070422534,True
23,7,29,0.0,0.0,2.5,wave,3370,0,0,0.15311572700296736,True
23,7,30,0.0,0.0,2.5,wave,3299,0,0,0.15550166717187025,True
23,7,31,0.0,0.0,2.5,wave,3227,0,0,0.16021072203284784,True
23,7,32,0.0,0.0,2.5,wave,3170,0,0,0.16561514195583596,True
23,7,33,0.0,0.0,2.5,wave,3096,0,0,0.17151162790697674,True
23,7,34,0.0,0.0,2.5,wave,3027,0,0,0.1747604889329369,True
23,7,35,0.0,0.0,2.5,wave,2968,0,0,0.1765498652291105,True
23,7,36,0.0,0.0,2.5,wave,2919,0,0,0.1801986981843097,True
23,7,37,0.0,0.0,2.5,wave,2854,0,0,0.18114926419060967,True
23,7,38,0.0,0.0,2.5,wave,2818,0,0,0.18346344925479063,True
23,7,39,0.0,0.0,2.5,wave,2770,0,0,0.18483754512635378,True
23,7,40,0.0,0.0,2.5,wave,2734,0,0,0.18653986832479882,True
23,7,41,0.0,0.0,2.5,wave,2689,0,0,0.19077724060989215,True
23,7,42,0.0,0.0,2.5,wave,2663,0,0,0.19414194517461508,True
23,7,43,0.0,0.0,2.5,wave,3388,0,0,0.3066706021251476,True
23,7,44,0.0,0.0,2.5,wave,3077,0,0,0.2694182645433864,True
23,7,45,0.0,0.0,2.5,wave,2879,0,0,0.24800277874261897,True
23,7,46,0.0,0.0,2.5,wave,2772,0,0,0.2362914862914863,True
23,7,47,0.0,0.0,2.5,wave,2726,0,0,0.23697725605282466,True
23,7,48,0.0,0.0,2.5,wave,2671,0,0,0.23399475851740922,True
23,7,49,0.0,0.0,2.5,wave,2649,0,0,0.23480558701396753,True
23,7,50,0.0,0.0,2.5,wave,2616,0,0,0.23509174311926606,True
23,7,51,0.0,0.0,2.5,wave,2590,0,0,0.23783783783783785,True
23,7,52,0.0,0.0,2.5,wave,2552,0,0,0.23981191222570533,True
23,8,1,0.0,0.0,2.5,wave,2518,0,0,0.24384432088959493,True
23,8,2,0.0,0.0,2.5,wave,2478,0,0,0.24656981436642453,True
23,8,3,0.0,0.0,2.5,wave,2468,0,0,0.24837925445705025,True
23,8,4,0.0,0.0,2.5,wave,2439,0,0,0.25092250922509224,True
23,8,5,0.0,0.0,2.5,wave,2422,0,0,0.25227085053674647,True
23,8,6,0.0,0.0,2.5,wave,2397,0,0,0.25323320817688777,True
23,8,7,0.0,0.0,2.5,wave,2370,0,0,0.2578059071729958,True
23,8,8,0.0,0.0,2.5,wave,2332,0,0,0.25686106346483706,True
23,8,9,0.0,0.0,2.5,wave,2304,0,0,0.2578125,True
23,8,10,0.0,0.0,2.5,wave,2285,0,0,0.262144420131291,True
23,8,11,0.0,0.0,2.5,wave,2262,0,0,0.2661361626878868,True
23,8,12,0.0,0.0,2.5,wave,2241,0,0,0.26952253458277553,True
23,8,13,0.0,0.0,2.5,wave,2223,0,0,0.27170490328385066,True
23,8,14,0.0,0.0,2.5,wave,2200,0,0,0.2736363636363636,True
23,8,15,0.0,0.0,2.5,wave,2170,0,0,0.2746543778801843,True
23,8,16,0.0,0.0,2.5,wave,2152,0,0,0.27695167286245354,True
23,8,17,0.0,0.0,2.5,wave,2133,0,0,0.2780121894045945,True
23,8,18,0.0,0.0,2.5,wave,4541,0,0,0.12992732878220656,True
23,8,19,0.0,0.0,2.5,wave,4461,0,0,0.13360233131584848,True
23,8,20,0.0,0.0,2.5,wave,4381,0,0,0.13558548276649166,True
23,8,21,0.0,0.0,2.5,wave,4307,0,0,0.138379382400743,True
23,8,22,0.0,0.0,2.5,wave,4205,0,0,0.14102259215219975,True
23,8,23,0.0,0.0,2.5,wave,4128,0,0,0.1434108527131783,True
23,8,24,0.0,0.0,2.5,wave,4052,0,0,0.1468410661401777,True
23,8,25,0.0,0.0,2.5,wave,3982,0,0,0.15017579105976897,True
23,8,26,0.0,0.0,2.5,wave,3913,0,0,0.1546128290314337,True
23,8,27,0.0,0.0,2.5,wave,3844,0,0,0.15660770031217483,True
23,8,28,0.0,0.0,2.5,wave,3760,0,0,0.1595744680851064,True
23,8,29,0.0,0.0,2.5,wave,3674,0,0,0.16303756124115407,True
23,8,30,0.0,0.0,2.5,wave,3602,0,0,0.16463076068850638,True
23,8,31,0.0,0.0,2.5,wave,3532,0,0,0.1681766704416761,True
23,8,32,0.0,0.0,2.5,wave,3461,0,0,0.17133776365212366,True
23,8,33,0.0,0.0,2.5,wave,3425,0,0,0.17343065693430657,True
23,8,34,0.0,0.0,2.5,wave,3374,0,0,0.17605216360403084,True
23,8,35,0.0,0.0,2.5,wave,3315,0,0,0.17647058823529413,True
23,8,36,0.0,0.0,2.5,wave,3240,0,0,0.17901234567901234,True
23,8,37,0.0,0.0,2.5,wave,3178,0,0,0.18093140339836375,True
23,8,38,0.0,0.0,2.5,wave,3145,0,0,0.18410174880763117,True
23,8,39,0.0,0.0,2.5,wave,3103,0,0,0.18659361907831132,True
23,8,40,0.0,0.0,2.5,wave,3067,0,0,0.18943593087707858,True
23,8,41,0.0,0.0,2.5,wave,3025,0,0,0.19239669421487604,True
23,8,42,0.0,0.0,2.5,wave,2985,0,0,0.19530988274706867,True
23,8,43,0.0,0.0,2.5,wave,3854,0,0,0.31577581733264143,True
23,8,44,0.0,0.0,2.5,wave,3455,0,0,0.274095513748191,True
23,8,45,0.0,0.0,2.5,wave,3219,0,0,0.2479030754892824,True
23,8,46,0.0,0.0,2.5,wave,3087,0,0,0.2387431162941367,True
23,8,47,0.0,0.0,2.5,wave,3002,0,0,0.23817455029980014,True
23,8,48,0.0,0.0,2.5,wave,2930,0,0,0.23310580204778156,True
23,8,49,0.0,0.0,2.5,wave,2881,0,0,0.2342936480388754,True
23,8,50,0.0,0.0,2.5,wave,2842,0,0,0.23328641801548206,True
23,8,51,0.0,0.0,2.5,wave,2802,0,0,0.23625981441827265,True
23,8,52,0.0,0.0,2.5,wave,2751,0,0,0.23845874227553618,True
23,9,1,0.0,0.0,2.5,wave,2730,0,0,0.2402930402930403,True
23,9,2,0.0,0.0,2.5,wave,2698,0,0,0.2435137138621201,True
23,9,3,0.0,0.0,2.5,wave,2666,0,0,0.24606151537884471,True
23,9,4,0.0,0.0,2.5,wave,2628,0,0,0.24923896499238965,True
23,9,5,0.0,0.0,2.5,wave,2596,0,0,0.25115562403698,True
23,9,6,0.0,0.0,2.5,wave,2552,0,0,0.25156739811912227,True
23,9,7,0.0,0.0,2.5,wave,2533,0,0,0.25305961310698777,True
23,9,8,0.0,0.0,2.5,wave,2497,0,0,0.2563075690828995,True
23,9,9,0.0,0.0,2.5,wave,2467,0,0,0.25780299959464936,True
23,9,10,0.0,0.0,2.5,wave,2431,0,0,0.260386672151378,True
23,9,11,0.0,0.0,2.5,wave,2407,0,0,0.26339842127129204,True
23,9,12,0.0,0.0,2.5,wave,2385,0,0,0.2658280922431866,True
23,9,13,0.0,0.0,2.5,wave,2360,0,0,0.26949152542372884,True
23,9,14,0.0,0.0,2.5,wave,2333,0,0,0.2713244749249893,True
23,9,15,0.0,0.0,2.5,wave,2311,0,0,0.27390739939420167,True
23,9,16,0.0,0.0,2.5,wave,2281,0,0,0.2766330556773345,True
23,9,17,0.0,0.0,2.5,wave,2251,0,0,0.2785428698356286,True
23,9,18,0.0,0.0,2.5,wave,4849,0,0,0.12064343163538874,True
23,9,19,0.0,0.0,2.5,wave,4781,0,0,0.12319598410374398,True
23,9,20,0.0,0.0,2.5,wave,4694,0,0,0.12526629740093737,True
23,9,21,0.0,0.0,2.5,wave,4576,0,0,0.1291520979020979,True
23,9,22,0.0,0.0,2.5,wave,4493,0,0,0.13131537947918986,True
23,9,23,0.0,0.0,2.5,wave,4415,0,0,0.13431483578708947,True
23,9,24,0.0,0.0,2.5,wave,4308,0,0,0.1360259981429898,True
23,9,25,0.0,0.0,2.5,wave,4221,0,0,0.1390665719023928,True
23,9,26,0.0,0.0,2.5,wave,4136,0,0,0.14168278529980657,True
23,9,27,0.0,0.0,2.5,wave,4068,0,0,0.14601769911504425,True
23,9,28,0.0,0.0,2.5,wave,3972,0,0,0.14778449144008057,True
23,9,29,0.0,0.0,2.5,wave,3911,0,0,0.15136793658910763,True
23,9,30,0.0,0.0,2.5,wave,3835,0,0,0.1546284224250326,True
23,9,31,0.0,0.0,2.5,wave,3746,0,0,0.1569674319273892,True
23,9,32,0.0,0.0,2.5,wave,3674,0,0,0.16004354926510614,True
23,9,33,0.0,0.0,2.5,wave,3610,0,0,0.16177285318559556,True
23,9,34,0.0,0.0,2.5,wave,3561,0,0,0.16456051670878966,True
23,9,35,0.0,0.0,2.5,wave,3498,0,0,0.16838193253287592,True
23,9,36,0.0,0.0,2.5,wave,3435,0,0,0.17088791848617177,True
23,9,37,0.0,0.0,2.5,wave,3364,0,0,0.17508917954815695,True
23,9,38,0.0,0.0,2.5,wave,3307,0,0,0.17629271242818265,True
23,9,39,0.0,0.0,2.5,wave,3272,0,0,0.17817848410757947,True
23,9,40,0.0,0.0,2.5,wave,3227,0,0,0.18004338394793926,True
23,9,41,0.0,0.0,2.5,wave,3186,0,0,0.18141870684243566,True
23,9,42,0.0,0.0,2.5,wave,3133,0,0,0.18512607724225982,True
23,9,43,0.0,0.0,2.5,wave,4076,0,0,0.299558390578999,True
23,9,44,0.0,0.0,2.5,wave,3683,0,0,0.25794189519413524,True
23,9,45,0.0,0.0,2.5,wave,3484,0,0,0.24167623421354764,True
23,9,46,0.0,0.0,2.5,wave,3350,0,0,0.2364179104477612,True
23,9,47,0.0,0.0,2.5,wave,3274,0,0,0.2318265119120342,True
23,9,48,0.0,0.0,2.5,wave,3181,0,0,0.22948758252121973,True
23,9,49,0.0,0.0,2.5,wave,3136,0,0,0.2308673469387755,True
23,9,50,0.0,0.0,2.5,wave,3066,0,0,0.22667971298108283,True
23,9,51,0.0,0.0,2.5,wave,3036,0,0,0.22859025032938077,True
23,9,52,0.0,0.0,2.5,wave,3017,0,0,0.2303612860457408,True
23,10,1,0.0,0.0,2.5,wave,2974,0,0,0.23032952252858105,True
23,10,2,0.0,0.0,2.5,wave,2957,0,0,0.23266824484274604,True
23,10,3,0.0,0.0,2.5,wave,2933,0,0,0.23457211046709853,True
23,10,4,0.0,0.0,2.5,wave,2900,0,0,0.2393103448275862,True
23,10,5,0.0,0.0,2.5,wave,2875,0,0,0.24139130434782607,True
23,10,6,0.0,0.0,2.5,wave,2852,0,0,0.24193548387096775,True
23,10,7,0.0,0.0,2.5,wave,2838,0,0,0.2459478505990134,True
23,10,8,0.0,0.0,2.5,wave,2803,0,0,0.24866214769889405,True
23,10,9,0.0,0.0,2.5,wave,2770,0,0,0.24945848375451263,True
23,10,10,0.0,0.0,2.5,wave,2723,0,0,0.25376423062798387,True
23,10,11,0.0,0.0,2.5,wave,2706,0,0,0.25535846267553586,True
23,10,12,0.0,0.0,2.5,wave,2682,0,0,0.25838926174496646,True
23,10,13,0.0,0.0,2.5,wave,2655,0,0,0.25875706214689265,True
23,10,14,0.0,0.0,2.5,wave,2626,0,0,0.2631378522467631,True
23,10,15,0.0,0.0,2.5,wave,2604,0,0,0.26459293394777267,True
23,10,16,0.0,0.0,2.5,wave,2568,0,0,0.2702492211838006,True
23,10,17,0.0,0.0,2.5,wave,2546,0,0,0.2714061272584446,True
23,10,18,0.0,0.0,2.5,wave,5516,0,0,0.12128353879622915,True
23,10,19,0.0,0.0,2.5,wave,5479,0,0,0.12246760357729512,True
23,10,20,0.0,0.0,2.5,wave,5385,0,0,0.1266480965645311,True
23,10,21,0.0,0.0,2.5,wave,5298,0,0,0.1291053227633069,True
23,10,22,0.0,0.0,2.5,wave,5213,0,0,0.13485516976788797,True
23,10,23,0.0,0.0,2.5,wave,5130,0,0,0.13840155945419103,True
23,10,24,0.0,0.0,2.5,wave,5027,0,0,0.14143624428088322,True
23,10,25,0.0,0.0,2.5,wave,4950,0,0,0.14565656565656565,True
23,10,26,0.0,0.0,2.5,wave,4868,0,0,0.14790468364831552,True
23,10,27,0.0,0.0,2.5,wave,4781,0,0,0.14975946454716588,True
23,10,28,0.0,0.0,2.5,wave,4666,0,0,0.15430775825117873,True
23,10,29,0.0,0.0,2.5,wave,4574,0,0,0.15806733712286838,True
23,10,30,0.0,0.0,2.5,wave,4495,0,0,0.16173526140155728,True
23,10,31,0.0,0.0,2.5,wave,4385,0,0,0.16419612314709237,True
23,10,32,0.0,0.0,2.5,wave,4321,0,0,0.16709095116871095,True
23,10,33,0.0,0.0,2.5,wave,4245,0,0,0.16937573616018844,True
23,10,34,0.0,0.0,2.5,wave,4166,0,0,0.17162746039366297,True
23,10,35,0.0,0.0,2.5,wave,4071,0,0,0.17342176369442397,True
23,10,36,0.0,0.0,2.5,wave,3992,0,0,0.17585170340681364,True
23,10,37,0.0,0.0,2.5,wave,3933,0,0,0.17848970251716248,True
23,10,38,0.0,0.0,2.5,wave,3870,0,0,0.18087855297157623,True
23,10,39,0.0,0.0,2.5,wave,3812,0,0,0.18389296956977963,True
23,10,40,0.0,0.0,2.5,wave,3759,0,0,0.18675179569034317,True
23,10,41,0.0,0.0,2.5,wave,3716,0,0,0.18945102260495156,True
23,10,42,0.0,0.0,2.5,wave,3676,0,0,0.1926006528835691,True
23,10,43,0.0,0.0,2.5,wave,4631,0,0,0.29993521917512417,True
23,10,44,0.0,0.0,2.5,wave,4180,0,0,0.26052631578947366,True
23,10,45,0.0,0.0,2.5,wave,3886,0,0,0.23854863612969635,True
23,10,46,0.0,0.0,2.5,wave,3741,0,0,0.22961774926490244,True
23,10,47,0.0,0.0,2.5,wave,3632,0,0,0.22522026431718062,True
23,10,48,0.0,0.0,2.5,wave,3562,0,0,0.2240314430095452,True
23,10,49,0.0,0.0,2.5,wave,3488,0,0,0.22620412844036697,True
23,10,50,0.0,0.0,2.5,wave,3412,0,0,0.22596717467760843,True
23,10,51,0.0,0.0,2.5,wave,3363,0,0,0.22658340767172166,True
23,10,52,0.0,0.0,2.5,wave,3308,0,0,0.22823458282950423,True
23,11,1,0.0,0.0,2.5,wave,3284,0,0,0.22959805115712545,True
23,11,2,0.0,0.0,2.5,wave,3256,0,0,0.23157248157248156,True
23,11,3,0.0,0.0,2.5,wave,3228,0,0,0.23203221809169763,True
23,11,4,0.0,0.0,2.5,wave,3189,0,0,0.23424270931326435,True
23,11,5,0.0,0.0,2.5,wave,3176,0,0,0.23772040302267003,True
23,11,6,0.0,0.0,2.5,wave,3143,0,0,0.23608017817371937,True
23,11,7,0.0,0.0,2.5,wave,3137,0,0,0.24003825310806504,True
23,11,8,0.0,0.0,2.5,wave,3116,0,0,0.24165596919127086,True
23,11,9,0.0,0.0,2.5,wave,3090,0,0,0.2446601941747573,True
23,11,10,0.0,0.0,2.5,wave,3049,0,0,0.2463102656608724,True
23,11,11,0.0,0.0,2.5,wave,3009,0,0,0.24759056164838816,True
23,11,12,0.0,0.0,2.5,wave,2983,0,0,0.2531009051290647,True
23,11,13,0.0,0.0,2.5,wave,2948,0,0,0.2533921302578019,True
23,11,14,0.0,0.0,2.5,wave,2924,0,0,0.25752393980848154,True
23,11,15,0.0,0.0,2.5,wave,2891,0,0,0.25942580421999306,True
23,11,16,0.0,0.0,2.5,wave,2861,0,0,0.26319468717231737,True
23,11,17,0.0,0.0,2.5,wave,2838,0,0,0.2642706131078224,True
23,11,18,0.0,0.0,2.5,wave,6071,0,0,0.11843188930983363,True
23,11,19,0.0,0.0,2.5,wave,5987,0,0,0.12026056455653916,True
23,11,20,0.0,0.0,2.5,wave,5899,0,0,0.12442786913036108,True
23,11,21,0.0,0.0,2.5,wave,5796,0,0,0.1264665286404417,True
23,11,22,0.0,0.0,2.5,wave,5668,0,0,0.1305575158786168,True
23,11,23,0.0,0.0,2.5,wave,5576,0,0,0.1330703012912482,True
23,11,24,0.0,0.0,2.5,wave,5445,0,0,0.13627180899908173,True
23,11,25,0.0,0.0,2.5,wave,5338,0,0,0.1393780442113151,True
23,11,26,0.0,0.0,2.5,wave,5249,0,0,0.14193179653267288,True
23,11,27,0.0,0.0,2.5,wave,5122,0,0,0.14506052323311205,True
23,11,28,0.0,0.0,2.5,wave,5031,0,0,0.1490757304710793,True
23,11,29,0.0,0.0,2.5,wave,4923,0,0,0.1519398740605322,True
23,11,30,0.0,0.0,2.5,wave,4776,0,0,0.1541038525963149,True
23,11,31,0.0,0.0,2.5,wave,4644,0,0,0.15676141257536608,True
23,11,32,0.0,0.0,2.5,wave,4528,0,0,0.15967314487632508,True
23,11,33,0.0,0.0,2.5,wave,4431,0,0,0.16249153689911983,True
23,11,34,0.0,0.0,2.5,wave,4325,0,0,0.1639306358381503,True
23,11,35,0.0,0.0,2.5,wave,4251,0,0,0.16607856974829452,True
23,11,36,0.0,0.0,2.5,wave,4173,0,0,0.1694224778336928,True
23,11,37,0.0,0.0,2.5,wave,4109,0,0,0.17206132879045996,True
23,11,38,0.0,0.0,2.5,wave,4061,0,0,0.17532627431667078,True
23,11,39,0.0,0.0,2.5,wave,4000,0,0,0.17875,True
23,11,40,0.0,0.0,2.5,wave,3945,0,0,0.18225602027883397,True
23,11,41,0.0,0.0,2.5,wave,3883,0,0,0.184393510172547,True
23,11,42,0.0,0.0,2.5,wave,3847,0,0,0.18585911099558097,True
23,11,43,0.0,0.0,2.5,wave,4783,0,0,0.29040351243989126,True
23,11,44,0.0,0.0,2.5,wave,4297,0,0,0.25575983244123807,True
23,11,45,0.0,0.0,2.5,wave,4031,0,0,0.23765814934259488,True
23,11,46,0.0,0.0,2.5,wave,3872,0,0,0.2303719008264463,True
23,11,47,0.0,0.0,2.5,wave,3768,0,0,0.22717622080679406,True
23,11,48,0.0,0.0,2.5,wave,3663,0,0,0.2244062244062244,True
23,11,49,0.0,0.0,2.5,wave,3615,0,0,0.22627939142461964,True
23,11,50,0.0,0.0,2.5,wave,3550,0,0,0.2284507042253521,True
23,11,51,0.0,0.0,2.5,wave,3511,0,0,0.2307035032754201,True
23,11,52,0.0,0.0,2.5,wave,3489,0,0,0.2295786758383491,True
24,1,1,0.0,0.0,2.5,wave,2787,0,0,0.0007176175098672408,True
24,1,2,0.0,0.0,2.5,wave,2753,0,0,0.002905920813657828,True
24,1,3,0.0,0.0,2.5,wave,2660,0,0,0.005639097744360902,True
24,1,4,0.0,0.0,2.5,wave,2627,0,0,0.008755234107346783,True
24,1,5,0.0,0.0,2.5,wave,2555,0,0,0.01213307240704501,True
24,1,6,0.0,0.0,2.5,wave,2510,0,0,0.011553784860557768,True
24,1,7,0.0,0.0,2.5,wave,2456,0,0,0.015472312703583062,True
24,1,8,0.0,0.0,2.5,wave,2429,0,0,0.0177027583367641,True
24,1,9,0.0,0.0,2.5,wave,2349,0,0,0.017879948914431672,True
24,1,10,0.0,0.0,2.5,wave,2282,0,0,0.02147239263803681,True
24,1,11,0.0,0.0,2.5,wave,2237,0,0,0.022798390701832812,True
24,1,12,0.0,0.0,2.5,wave,2156,0,0,0.02504638218923933,True
24,1,13,0.0,0.0,2.5,wave,2120,0,0,0.027830188679245284,True
24,1,14,0.0,0.0,2.5,wave,2074,0,0,0.03037608486017358,True
24,1,15,0.0,0.0,2.5,wave,2044,0,0,0.031800391389432484,True
24,1,16,0.0,0.0,2.5,wave,2020,0,0,0.031683168316831684,True
24,1,17,0.0,0.0,2.5,wave,2003,0,0,0.034448327508736894,True
24,1,18,0.0,0.0,2.5,wave,5788,0,0,0.013994471319972357,True
24,1,19,0.0,0.0,2.5,wave,5655,0,0,0.015915119363395226,True
24,1,20,0.0,0.0,2.5,wave,5515,0,0,0.01885766092475068,True
24,1,21,0.0,0.0,2.5,wave,5378,0,0,0.02026775753068055,True
24,1,22,0.0,0.0,2.5,wave,5203,0,0,0.0221026330962906,True
24,1,23,0.0,0.0,2.5,wave,5023,0,0,0.024288273939876568,True
24,1,24,0.0,0.0,2.5,wave,4874,0,0,0.025851456709068528,True
24,1,25,0.0,0.0,2.5,wave,4750,0,0,0.02926315789473684,True
24,1,26,0.0,0.0,2.5,wave,4607,0,0,0.03169090514434556,True
24,1,27,0.0,0.0,2.5,wave,4507,0,0,0.03394719325493677,True
24,1,28,0.0,0.0,2.5,wave,4372,0,0,0.036139066788655076,True
24,1,29,0.0,0.0,2.5,wave,4284,0,0,0.03711484593837535,True
24,1,30,0.0,0.0,2.5,wave,4173,0,0,0.038820992092020126,True
24,1,31,0.0,0.0,2.5,wave,4079,0,0,0.041186565334640844,True
24,1,32,0.0,0.0,2.5,wave,3976,0,0,0.04401408450704225,True
24,1,33,0.0,0.0,2.5,wave,3876,0,0,0.04437564499484004,True
24,1,34,0.0,0.0,2.5,wave,3781,0,0,0.04760645331922772,True
24,1,35,0.0,0.0,2.5,wave,3703,0,0,0.049419389684039965,True
24,1,36,0.0,0.0,2.5,wave,3610,0,0,0.051800554016620495,True
24,1,37,0.0,0.0,2.5,wave,3547,0,0,0.053566394135889484,True
24,1,38,0.0,0.0,2.5,wave,3494,0,0,0.05580995993131082,True
24,1,39,0.0,0.0,2.5,wave,3429,0,0,0.057451151939340916,True
24,1,40,0.0,0.0,2.5,wave,3376,0,0,0.05894549763033175,True
24,1,41,0.0,0.0,2.5,wave,3326,0,0,0.060733613950691524,True
24,1,42,0.0,0.0,2.5,wave,3283,0,0,0.06366128540968627,True
24,1,43,0.0,0.0,2.5,wave,3488,0,0,0.10722477064220183,True
24,1,44,0.0,0.0,2.5,wave,3286,0,0,0.0964698721850274,True
24,1,45,0.0,0.0,2.5,wave,3174,0,0,0.09231253938248267,True
24,1,46,0.0,0.0,2.5,wave,3154,0,0,0.09543436905516804,True
24,1,47,0.0,0.0,2.5,wave,3125,0,0,0.09824,True
24,1,48,0.0,0.0,2.5,wave,3074,0,0,0.10084580351333768,True
24,1,49,0.0,0.0,2.5,wave,3038,0,0,0.10171165240289665,True
24,1,50,0.0,0.0,2.5,wave,2999,0,0,0.108702900966989,True
24,1,51,0.0,0.0,2.5,wave,2963,0,0,0.11069861626729666,True
24,1,52,0.0,0.0,2.5,wave,2936,0,0,0.11103542234332425,True
24,2,1,0.0,0.0,2.5,wave,2899,24,1,0.11383235598482236,False
24,2,2,0.0,0.0,2.5,wave,2867,25,9,0.11510289501220788,False
24,2,3,0.0,0.0,2.5,wave,2823,30,13,0.1179596174282678,False
24,2,4,0.0,0.0,2.5,wave,2778,26,10,0.1216702663786897,False
24,2,5,0.0,0.0,2.5,wave,2751,34,10,0.12322791712104689,False
24,2,6,0.0,0.0,2.5,wave,2688,35,9,0.12574404761904762,False
24,2,7,0.0,0.0,2.5,wave,2645,42,12,0.12703213610586012,False
24,2,8,0.0,0.0,2.5,wave,2592,43,14,0.12924382716049382,False
24,2,9,0.0,0.0,2.5,wave,2551,41,16,0.13210505684045473,False
24,2,10,0.0,0.0,2.5,wave,2523,45,21,0.13436385255648037,False
24,2,11,0.0,0.0,2.5,wave,2475,47,17,0.13696969696969696,False
24,2,12,0.0,0.0,2.5,wave,2442,45,15,0.13963963963963963,False
24,2,13,0.0,0.0,2.5,wave,2396,45,19,0.14065108514190316,False
24,2,14,0.0,0.0,2.5,wave,2350,53,18,0.14425531914893616,False
24,2,15,0.0,0.0,2.5,wave,2308,50,14,0.14471403812824957,False
24,2,16,0.0,0.0,2.5,wave,2275,48,18,0.14725274725274726,False
24,2,17,0.0,0.0,2.5,wave,2242,45,23,0.14986619090098127,False
24,2,18,0.0,0.0,2.5,wave,4394,43,19,0.07760582612653619,False
24,2,19,0.0,0.0,2.5,wave,4302,45,16,0.07856810785681079,False
24,2,20,0.0,0.0,2.5,wave,4213,53,15,0.0804652266793259,False
24,2,21,0.0,0.0,2.5,wave,4095,49,17,0.0822954822954823,False
24,2,22,0.0,0.0,2.5,wave,4030,59,20,0.08660049627791563,False
24,2,23,0.0,0.0,2.5,wave,3937,56,20,0.0889001778003556,False
24,2,24,0.0,0.0,2.5,wave,3831,60,23,0.09292612894805534,False
24,2,25,0.0,0.0,2.5,wave,3736,58,19,0.09448608137044968,False
24,2,26,0.0,0.0,2.5,wave,3666,55,24,0.09874522640480088,False
24,2,27,0.0,0.0,2.5,wave,3561,50,23,0.09997191800056164,False
24,2,28,0.0,0.0,2.5,wave,3448,48,16,0.10469837587006961,False
24,2,29,0.0,0.0,2.5,wave,3366,50,14,0.10606060606060606,False
24,2,30,0.0,0.0,2.5,wave,3264,46,13,0.109375,False
24,2,31,0.0,0.0,2.5,wave,3173,45,17,0.1125118184683265,False
24,2,32,0.0,0.0,2.5,wave,3113,48,17,0.11435913909412143,False
24,2,33,0.0,0.0,2.5,wave,3038,40,15,0.11685319289005924,False
24,2,34,0.0,0.0,2.5,wave,2985,37,17,0.11926298157453936,False
24,2,35,0.0,0.0,2.5,wave,2913,37,14,0.12289735667696533,False
24,2,36,0.0,0.0,2.5,wave,2847,34,10,0.12680014049877064,False
24,2,37,0.0,0.0,2.5,wave,2782,29,11,0.12940330697340044,False
24,2,38,0.0,0.0,2.5,wave,2747,30,11,0.13323625773571168,False
24,2,39,0.0,0.0,2.5,wave,2710,29,11,0.13357933579335793,False
24,2,40,0.0,0.0,2.5,wave,2663,31,14,0.13668794592564776,False
24,2,41,0.0,0.0,2.5,wave,2626,30,13,0.13823305407463823,False
24,2,42,0.0,0.0,2.5,wave,2579,25,11,0.13920124079100427,False
24,2,43,0.0,0.0,2.5,wave,2938,22,8,0.2021783526208305,False
24,2,44,0.0,0.0,2.5,wave,2775,16,10,0.1837837837837838,False
24,2,45,0.0,0.0,2.5,wave,2681,13,7,0.17679970160387914,False
24,2,46,0.0,0.0,2.5,wave,2617,6,3,0.1746274359954146,False
24,2,47,0.0,0.0,2.5,wave,2593,7,4,0.17200154261473197,False
24,2,48,0.0,0.0,2.5,wave,2574,4,1,0.17327117327117328,False
24,2,49,0.0,0.0,2.5,wave,2535,3,1,0.17435897435897435,False
24,2,50,0.0,0.0,2.5,wave,2508,5,1,0.17503987240829347,False
24,2,51,0.0,0.0,2.5,wave,2478,4,0,0.17635189669087975,False
24,2,52,0.0,0.0,2.5,wave,2440,3,1,0.1790983606557377,False
24,3,1,0.0,0.0,2.5,wave,2417,3,1,0.18038891187422423,False
24,3,2,0.0,0.0,2.5,wave,2383,2,2,0.18170373478808224,False
24,3,3,0.0,0.0,2.5,wave,2361,3,2,0.18297331639135958,False
24,3,4,0.0,0.0,2.5,wave,2345,1,0,0.18678038379530917,False
24,3,5,0.0,0.0,2.5,wave,2302,1,1,0.18809730668983493,False
24,3,6,0.0,0.0,2.5,wave,2288,4,1,0.19318181818181818,False
24,3,7,0.0,0.0,2.5,wave,2258,3,1,0.19397697077059345,False
24,3,8,0.0,0.0,2.5,wave,2228,4,2,0.19614003590664272,False
24,3,9,0.0,0.0,2.5,wave,2189,5,2,0.19780721790772043,False
24,3,10,0.0,0.0,2.5,wave,2164,6,2,0.19963031423290203,False
24,3,11,0.0,0.0,2.5,wave,2133,7,4,0.20253164556962025,False
24,3,12,0.0,0.0,2.5,wave,2114,6,3,0.20340586565752128,False
24,3,13,0.0,0.0,2.5,wave,2090,3,0,0.20909090909090908,False
24,3,14,0.0,0.0,2.5,wave,2072,3,2,0.2084942084942085,False
24,3,15,0.0,0.0,2.5,wave,2058,3,3,0.21331389698736639,False
24,3,16,0.0,0.0,2.5,wave,2034,2,1,0.21238938053097345,False
24,3,17,0.0,0.0,2.5,wave,2011,1,0,0.2138239681750373,False
24,3,18,0.0,0.0,2.5,wave,4555,1,0,0.09571899012074643,False
24,3,19,0.0,0.0,2.5,wave,4456,1,0,0.09874326750448834,False
24,3,20,0.0,0.0,2.5,wave,4337,1,1,0.10260548766428407,False
24,3,21,0.0,0.0,2.5,wave,4249,4,1,0.10614262179336315,False
24,3,22,0.0,0.0,2.5,wave,4153,3,1,0.11028172405490007,False
24,3,23,0.0,0.0,2.5,wave,4028,6,1,0.11320754716981132,False
24,3,24,0.0,0.0,2.5,wave,3944,5,2,0.11536511156186613,False
24,3,25,0.0,0.0,2.5,wave,3847,8,4,0.11853392253704186,False
24,3,26,0.0,0.0,2.5,wave,3769,8,2,0.12151764393738392,False
24,3,27,0.0,0.0,2.5,wave,3703,5,0,0.1234134485552255,False
24,3,28,0.0,0.0,2.5,wave,3610,5,2,0.1260387811634349,False
24,3,29,0.0,0.0,2.5,wave,3527,8,4,0.13070598242132123,False
24,3,30,0.0,0.0,2.5,wave,3462,9,4,0.13287117273252455,False
24,3,31,0.0,0.0,2.5,wave,3382,8,2,0.13660555884092254,False
24,3,32,0.0,0.0,2.5,wave,3299,6,1,0.14004243710215217,False
24,3,33,0.0,0.0,2.5,wave,3234,8,2,0.14285714285714285,False
24,3,34,0.0,0.0,2.5,wave,3190,11,4,0.14545454545454545,False
24,3,35,0.0,0.0,2.5,wave,3134,11,3,0.1467772814294831,False
24,3,36,0.0,0.0,2.5,wave,3061,8,2,0.1509310682783404,False
24,3,37,0.0,0.0,2.5,wave,3018,9,4,0.1550695825049702,False
24,3,38,0.0,0.0,2.5,wave,2973,7,4,0.15506222670702993,False
24,3,39,0.0,0.0,2.5,wave,2922,7,4,0.15845311430527037,False
24,3,40,0.0,0.0,2.5,wave,2880,5,2,0.16041666666666668,False
24,3,41,0.0,0.0,2.5,wave,2849,3,0,0.16426816426816426,False
24,3,42,0.0,0.0,2.5,wave,2826,3,1,0.16772823779193205,False
24,3,43,0.0,0.0,2.5,wave,3300,5,1,0.2496969696969697,False
24,3,44,0.0,0.0,2.5,wave,3065,4,1,0.22120717781402938,False
24,3,45,0.0,0.0,2.5,wave,2966,4,2,0.2134187457855698,False
24,3,46,0.0,0.0,2.5,wave,2895,3,2,0.21070811744386875,False
24,3,47,0.0,0.0,2.5,wave,2854,2,1,0.21128241065171688,False
24,3,48,0.0,0.0,2.5,wave,2808,1,0,0.21118233618233617,False
24,3,49,0.0,0.0,2.5,wave,2780,1,0,0.2118705035971223,False
24,3,50,0.0,0.0,2.5,wave,2736,1,0,0.2141812865497076,False
24,3,51,0.0,0.0,2.5,wave,2689,1,1,0.21718110821866865,False
24,3,52,0.0,0.0,2.5,wave,2661,5,1,0.21833897031191282,False
24,4,1,0.0,0.0,2.5,wave,2655,4,0,0.2192090395480226,False
24,4,2,0.0,0.0,2.5,wave,2620,4,2,0.2202290076335878,False
24,4,3,0.0,0.0,2.5,wave,2599,4,3,0.22393228164678722,False
24,4,4,0.0,0.0,2.5,wave,2567,3,1,0.2251655629139073,False
24,4,5,0.0,0.0,2.5,wave,2542,2,0,0.22895357985837922,False
24,4,6,0.0,0.0,2.5,wave,2517,2,1,0.23122765196662692,False
24,4,7,0.0,0.0,2.5,wave,2491,4,1,0.23203532717784023,False
24,4,8,0.0,0.0,2.5,wave,2459,3,1,0.23342822285481904,False
24,4,9,0.0,0.0,2.5,wave,2434,3,1,0.23500410846343467,False
24,4,10,0.0,0.0,2.5,wave,2409,2,1,0.2374429223744292,False
24,4,11,0.0,0.0,2.5,wave,2387,4,1,0.23921240050272308,False
24,4,12,0.0,0.0,2.5,wave,2357,3,0,0.24310564276622826,False
24,4,13,0.0,0.0,2.5,wave,2342,3,1,0.24637062339880444,False
24,4,14,0.0,0.0,2.5,wave,2314,4,3,0.2480553154710458,False
24,4,15,0.0,0.0,2.5,wave,2293,3,2,0.24989097252507633,False
24,4,16,0.0,0.0,2.5,wave,2275,1,1,0.2545054945054945,False
24,4,17,0.0,0.0,2.5,wave,2248,1,1,0.2571174377224199,False
24,4,18,0.0,0.0,2.5,wave,4843,0,0,0.11996696262647119,True
24,4,19,0.0,0.0,2.5,wave,4750,0,0,0.12189473684210526,True
24,4,20,0.0,0.0,2.5,wave,4675,0,0,0.12342245989304813,True
24,4,21,0.0,0.0,2.5,wave,4575,0,0,0.1276502732240437,True
24,4,22,0.0,0.0,2.5,wave,4482,0,0,0.13052208835341367,True
24,4,23,0.0,0.0,2.5,wave,4358,0,0,0.13354749885268472,True
24,4,24,0.0,0.0,2.5,wave,4299,0,0,0.13561293324028845,True
24,4,25,0.0,0.0,2.5,wave,4217,0,0,0.14014702395067583,True
24,4,26,0.0,0.0,2.5,wave,4082,0,0,0.14453699167074963,True
24,4,27,0.0,0.0,2.5,wave,4033,0,0,0.14604512769650385,True
24,4,28,0.0,0.0,2.5,wave,3939,0,0,0.15029195227215028,True
24,4,29,0.0,0.0,2.5,wave,3844,0,0,0.15426638917793964,True
24,4,30,0.0,0.0,2.5,wave,3780,0,0,0.1574074074074074,True
24,4,31,0.0,0.0,2.5,wave,3719,0,0,0.15864479698843775,True
24,4,32,0.0,0.0,2.5,wave,3669,0,0,0.16080675933496866,True
24,4,33,0.0,0.0,2.5,wave,3577,0,0,0.16522225328487558,True
24,4,34,0.0,0.0,2.5,wave,3482,0,0,0.16771970132107983,True
24,4,35,0.0,0.0,2.5,wave,3436,0,0,0.1708381839348079,True
24,4,36,0.0,0.0,2.5,wave,3341,0,0,0.17330140676444178,True
24,4,37,0.0,0.0,2.5,wave,3281,0,0,0.17555623285583663,True
24,4,38,0.0,0.0,2.5,wave,3232,0,0,0.1782178217821782,True
24,4,39,0.0,0.0,2.5,wave,3197,0,0,0.18048170159524554,True
24,4,40,0.0,0.0,2.5,wave,3152,0,0,0.18178934010152284,True
24,4,41,0.0,0.0,2.5,wave,3099,0,0,0.18586640851887706,True
24,4,42,0.0,0.0,2.5,wave,3058,0,0,0.18737737083060824,True
24,4,43,0.0,0.0,2.5,wave,3492,0,0,0.2554410080183276,True
24,4,44,0.0,0.0,2.5,wave,3281,0,0,0.23559890277354464,True
24,4,45,0.0,0.0,2.5,wave,3159,0,0,0.2288698955365622,True
24,4,46,0.0,0.0,2.5,wave,3085,0,0,0.22884927066450567,True
24,4,47,0.0,0.0,2.5,wave,3042,0,0,0.22978303747534518,True
24,4,48,0.0,0.0,2.5,wave,3001,0,0,0.23058980339886703,True
24,4,49,0.0,0.0,2.5,wave,2971,0,0,0.23359138337260182,True
24,4,50,0.0,0.0,2.5,wave,2944,0,0,0.23675271739130435,True
24,4,51,0.0,0.0,2.5,wave,2909,0,0,0.23822619456858027,True
24,4,52,0.0,0.0,2.5,wave,2873,0,0,0.2419074138531152,True
24,5,1,0.0,0.0,2.5,wave,2861,0,0,0.24606780845858092,True
24,5,2,0.0,0.0,2.5,wave,2828,0,0,0.24752475247524752,True
24,5,3,0.0,0.0,2.5,wave,2791,0,0,0.24865639555714797,True
24,5,4,0.0,0.0,2.5,wave,2760,0,0,0.2514492753623188,True
24,5,5,0.0,0.0,2.5,wave,2746,0,0,0.25455207574654043,True
24,5,6,0.0,0.0,2.5,wave,2708,0,0,0.2588626292466765,True
24,5,7,0.0,0.0,2.5,wave,2692,0,0,0.26188707280832096,True
24,5,8,0.0,0.0,2.5,wave,2640,0,0,0.26590909090909093,True
24,5,9,0.0,0.0,2.5,wave,2625,0,0,0.2674285714285714,True
24,5,10,0.0,0.0,2.5,wave,2594,0,0,0.26985350809560527,True
24,5,11,0.0,0.0,2.5,wave,2567,0,0,0.27502921698480715,True
24,5,12,0.0,0.0,2.5,wave,2538,0,0,0.2785657998423956,True
24,5,13,0.0,0.0,2.5,wave,2524,0,0,0.2793185419968304,True
24,5,14,0.0,0.0,2.5,wave,2479,0,0,0.27954820492133925,True
24,5,15,0.0,0.0,2.5,wave,2469,0,0,0.2802754151478331,True
24,5,16,0.0,0.0,2.5,wave,2447,0,0,0.28156926849203107,True
24,5,17,0.0,0.0,2.5,wave,2437,0,0,0.2810832991382848,True
24,5,18,0.0,0.0,2.5,wave,5191,0,0,0.13138123675592372,True
24,5,19,0.0,0.0,2.5,wave,5102,0,0,0.13543708349666797,True
24,5,20,0.0,0.0,2.5,wave,4996,0,0,0.14031224979983986,True
24,5,21,0.0,0.0,2.5,wave,4873,0,0,0.14221218961625282,True
24,5,22,0.0,0.0,2.5,wave,4763,0,0,0.14654629435229896,True
24,5,23,0.0,0.0,2.5,wave,4669,0,0,0.14756907260655386,True
24,5,24,0.0,0.0,2.5,wave,4549,0,0,0.15168168828313916,True
24,5,25,0.0,0.0,2.5,wave,4453,0,0,0.1551762856501235,True
24,5,26,0.0,0.0,2.5,wave,4348,0,0,0.15846366145354185,True
24,5,27,0.0,0.0,2.5,wave,4264,0,0,0.16041275797373358,True
24,5,28,0.0,0.0,2.5,wave,4163,0,0,0.1633437424933942,True
24,5,29,0.0,0.0,2.5,wave,4037,0,0,0.16646024275452068,True
24,5,30,0.0,0.0,2.5,wave,3932,0,0,0.17014242115971515,True
24,5,31,0.0,0.0,2.5,wave,3851,0,0,0.17579849389768892,True
24,5,32,0.0,0.0,2.5,wave,3777,0,0,0.17977230606301298,True
24,5,33,0.0,0.0,2.5,wave,3712,0,0,0.18292025862068967,True
24,5,34,0.0,0.0,2.5,wave,3640,0,0,0.18571428571428572,True
24,5,35,0.0,0.0,2.5,wave,3580,0,0,0.1888268156424581,True
24,5,36,0.0,0.0,2.5,wave,3522,0,0,0.19335604770017037,True
24,5,37,0.0,0.0,2.5,wave,3473,0,0,0.1963720126691621,True
24,5,38,0.0,0.0,2.5,wave,3420,0,0,0.1976608187134503,True
24,5,39,0.0,0.0,2.5,wave,3357,0,0,0.19958296097706285,True
24,5,40,0.0,0.0,2.5,wave,3322,0,0,0.20409391932570742,True
24,5,41,0.0,0.0,2.5,wave,3280,0,0,0.2070121951219512,True
24,5,42,0.0,0.0,2.5,wave,3238,0,0,0.20907967881408276,True
24,5,43,0.0,0.0,2.5,wave,3728,0,0,0.273068669527897,True
24,5,44,0.0,0.0,2.5,wave,3496,0,0,0.25028604118993136,True
24,5,45,0.0,0.0,2.5,wave,3326,0,0,0.24143114852675887,True
24,5,46,0.0,0.0,2.5,wave,3242,0,0,0.23997532387415177,True
24,5,47,0.0,0.0,2.5,wave,3211,0,0,0.24260355029585798,True
24,5,48,0.0,0.0,2.5,wave,3174,0,0,0.2432262129804663,True
24,5,49,0.0,0.0,2.5,wave,3154,0,0,0.2450856055802156,True
24,5,50,0.0,0.0,2.5,wave,3120,0,0,0.2483974358974359,True
24,5,51,0.0,0.0,2.5,wave,3088,0,0,0.25226683937823835,True
24,5,52,0.0,0.0,2.5,wave,3054,0,0,0.25605762933857235,True
24,6,1,0.0,0.0,2.5,wave,3017,0,0,0.25853496851176666,True
24,6,2,0.0,0.0,2.5,wave,2986,0,0,0.260549229738781,True
24,6,3,0.0,0.0,2.5,wave,2958,0,0,0.26267748478701824,True
24,6,4,0.0,0.0,2.5,wave,2938,0,0,0.26548672566371684,True
24,6,5,0.0,0.0,2.5,wave,2908,0,0,0.2696011004126547,True
24,6,6,0.0,0.0,2.5,wave,2871,0,0,0.26959247648902823,True
24,6,7,0.0,0.0,2.5,wave,2817,0,0,0.2736954206602769,True
24,6,8,0.0,0.0,2.5,wave,2793,0,0,0.2764052989616899,True
24,6,9,0.0,0.0,2.5,wave,2740,0,0,0.2781021897810219,True
24,6,10,0.0,0.0,2.5,wave,2719,0,0,0.2806178742184627,True
24,6,11,0.0,0.0,2.5,wave,2681,0,0,0.2838493099589705,True
24,6,12,0.0,0.0,2.5,wave,2662,0,0,0.2870022539444027,True
24,6,13,0.0,0.0,2.5,wave,2636,0,0,0.289453717754173,True
24,6,14,0.0,0.0,2.5,wave,2616,0,0,0.2886085626911315,True
24,6,15,0.0,0.0,2.5,wave,2591,0,0,0.28946352759552296,True
24,6,16,0.0,0.0,2.5,wave,2570,0,0,0.2918287937743191,True
24,6,17,0.0,0.0,2.5,wave,2532,0,0,0.2914691943127962,True
24,6,18,0.0,0.0,2.5,wave,5762,0,0,0.1286011801457827,True
24,6,19,0.0,0.0,2.5,wave,5676,0,0,0.131430584918957,True
24,6,20,0.0,0.0,2.5,wave,5578,0,0,0.13445679455001794,True
24,6,21,0.0,0.0,2.5,wave,5467,0,0,0.13682092555331993,True
24,6,22,0.0,0.0,2.5,wave,5351,0,0,0.13960007475238273,True
24,6,23,0.0,0.0,2.5,wave,5250,0,0,0.14304761904761903,True
24,6,24,0.0,0.0,2.5,wave,5146,0,0,0.14613291877186163,True
24,6,25,0.0,0.0,2.5,wave,5040,0,0,0.1484126984126984,True
24,6,26,0.0,0.0,2.5,wave,4919,0,0,0.15064037405976824,True
24,6,27,0.0,0.0,2.5,wave,4807,0,0,0.15331807780320367,True
24,6,28,0.0,0.0,2.5,wave,4715,0,0,0.15609756097560976,True
24,6,29,0.0,0.0,2.5,wave,4609,0,0,0.16012150141028422,True
24,6,30,0.0,0.0,2.5,wave,4534,0,0,0.16144684605205117,True
24,6,31,0.0,0.0,2.5,wave,4422,0,0,0.16485753052917232,True
24,6,32,0.0,0.0,2.5,wave,4325,0,0,0.16901734104046243,True
24,6,33,0.0,0.0,2.5,wave,4252,0,0,0.172859830667921,True
24,6,34,0.0,0.0,2.5,wave,4173,0,0,0.17613227893601727,True
24,6,35,0.0,0.0,2.5,wave,4081,0,0,0.1803479539328596,True
24,6,36,0.0,0.0,2.5,wave,4009,0,0,0.18184085806934397,True
24,6,37,0.0,0.0,2.5,wave,3934,0,0,0.18556176919166242,True
24,6,38,0.0,0.0,2.5,wave,3892,0,0,0.18756423432682426,True
24,6,39,0.0,0.0,2.5,wave,3841,0,0,0.19109606873210103,True
24,6,40,0.0,0.0,2.5,wave,3783,0,0,0.19481892677768967,True
24,6,41,0.0,0.0,2.5,wave,3729,0,0,0.19656744435505497,True
24,6,42,0.0,0.0,2.5,wave,3686,0,0,0.19723277265328268,True
24,6,43,0.0,0.0,2.5,wave,4161,0,0,0.26195626051429943,True
24,6,44,0.0,0.0,2.5,wave,3862,0,0,0.24054893837389954,True
24,6,45,0.0,0.0,2.5,wave,3705,0,0,0.22887989203778678,True
24,6,46,0.0,0.0,2.5,wave,3619,0,0,0.22381873445703232,True
24,6,47,0.0,0.0,2.5,wave,3536,0,0,0.22483031674208145,True
24,6,48,0.0,0.0,2.5,wave,3500,0,0,0.2297142857142857,True
24,6,49,0.0,0.0,2.5,wave,3444,0,0,0.2314169570267131,True
24,6,50,0.0,0.0,2.5,wave,3397,0,0,0.23432440388578157,True
24,6,51,0.0,0.0,2.5,wave,3338,0,0,0.23547034152186938,True
24,6,52,0.0,0.0,2.5,wave,3283,0,0,0.23728297289064879,True
24,7,1,0.0,0.0,2.5,wave,3262,0,0,0.23850398528510117,True
24,7,2,0.0,0.0,2.5,wave,3231,0,0,0.2395543175487465,True
24,7,3,0.0,0.0,2.5,wave,3202,0,0,0.23766396002498438,True
24,7,4,0.0,0.0,2.5,wave,3157,0,0,0.24010136205258156,True
24,7,5,0.0,0.0,2.5,wave,3137,0,0,0.2432260121134842,True
24,7,6,0.0,0.0,2.5,wave,3094,0,0,0.2475759534583064,True
24,7,7,0.0,0.0,2.5,wave,3069,0,0,0.25089605734767023,True
24,7,8,0.0,0.0,2.5,wave,3038,0,0,0.25279789335088876,True
24,7,9,0.0,0.0,2.5,wave,3005,0,0,0.2535773710482529,True
24,7,10,0.0,0.0,2.5,wave,2964,0,0,0.25877192982456143,True
24,7,11,0.0,0.0,2.5,wave,2931,0,0,0.2613442511088366,True
24,7,12,0.0,0.0,2.5,wave,2894,0,0,0.2650310988251555,True
24,7,13,0.0,0.0,2.5,wave,2875,0,0,0.26643478260869563,True
24,7,14,0.0,0.0,2.5,wave,2845,0,0,0.2681898066783831,True
24,7,15,0.0,0.0,2.5,wave,2806,0,0,0.2694226657163222,True
24,7,16,0.0,0.0,2.5,wave,2771,0,0,0.2724648141465175,True
24,7,17,0.0,0.0,2.5,wave,2742,0,0,0.2735229759299781,True
24,7,18,0.0,0.0,2.5,wave,5998,0,0,0.12570856952317438,True
24,7,19,0.0,0.0,2.5,wave,5906,0,0,0.128344056891297,True
24,7,20,0.0,0.0,2.5,wave,5751,0,0,0.13145539906103287,True
24,7,21,0.0,0.0,2.5,wave,5628,0,0,0.13326226012793177,True
24,7,22,0.0,0.0,2.5,wave,5504,0,0,0.1373546511627907,True
24,7,23,0.0,0.0,2.5,wave,5361,0,0,0.1408319343406081,True
24,7,24,0.0,0.0,2.5,wave,5176,0,0,0.14509273570324574,True
24,7,25,0.0,0.0,2.5,wave,5065,0,0,0.14807502467917077,True
24,7,26,0.0,0.0,2.5,wave,4945,0,0,0.15045500505561174,True
24,7,27,0.0,0.0,2.5,wave,4850,0,0,0.15360824742268042,True
24,7,28,0.0,0.0,2.5,wave,4750,0,0,0.15663157894736843,True
24,7,29,0.0,0.0,2.5,wave,4692,0,0,0.15814151747655583,True
24,7,30,0.0,0.0,2.5,wave,4572,0,0,0.16032370953630795,True
24,7,31,0.0,0.0,2.5,wave,4477,0,0,0.16305561760107215,True
24,7,32,0.0,0.0,2.5,wave,4377,0,0,0.1667809001599269,True
24,7,33,0.0,0.0,2.5,wave,4277,0,0,0.17044657470189384,True
24,7,34,0.0,0.0,2.5,wave,4166,0,0,0.1757081132981277,True
24,7,35,0.0,0.0,2.5,wave,4081,0,0,0.17887772604753738,True
24,7,36,0.0,0.0,2.5,wave,4010,0,0,0.18079800498753118,True
24,7,37,0.0,0.0,2.5,wave,3932,0,0,0.18285859613428282,True
24,7,38,0.0,0.0,2.5,wave,3884,0,0,0.1861483007209063,True
24,7,39,0.0,0.0,2.5,wave,3846,0,0,0.18824752990119606,True
24,7,40,0.0,0.0,2.5,wave,3803,0,0,0.19090191953720748,True
24,7,41,0.0,0.0,2.5,wave,3760,0,0,0.19361702127659575,True
24,7,42,0.0,0.0,2.5,wave,3724,0,0,0.19602577873254565,True
24,7,43,0.0,0.0,2.5,wave,4297,0,0,0.2666976960670235,True
24,7,44,0.0,0.0,2.5,wave,4008,0,0,0.24276447105788423,True
24,7,45,0.0,0.0,2.5,wave,3764,0,0,0.22927736450584485,True
24,7,46,0.0,0.0,2.5,wave,3674,0,0,0.22482308111050625,True
24,7,47,0.0,0.0,2.5,wave,3630,0,0,0.22617079889807162,True
24,7,48,0.0,0.0,2.5,wave,3589,0,0,0.2268041237113402,True
24,7,49,0.0,0.0,2.5,wave,3534,0,0,0.22976796830786644,True
24,7,50,0.0,0.0,2.5,wave,3499,0,0,0.2314947127750786,True
24,7,51,0.0,0.0,2.5,wave,3454,0,0,0.23277359583092067,True
24,7,52,0.0,0.0,2.5,wave,3437,0,0,0.2345068373581612,True
24,8,1,0.0,0.0,2.5,wave,3397,0,0,0.2355019134530468,True
24,8,2,0.0,0.0,2.5,wave,3361,0,0,0.23921451948824754,True
24,8,3,0.0,0.0,2.5,wave,3316,0,0,0.24185765983112184,True
24,8,4,0.0,0.0,2.5,wave,3278,0,0,0.24283099450884685,True
24,8,5,0.0,0.0,2.5,wave,3245,0,0,0.2443759630200308,True
24,8,6,0.0,0.0,2.5,wave,3210,0,0,0.24548286604361372,True
24,8,7,0.0,0.0,2.5,wave,3161,0,0,0.24833913318570072,True
24,8,8,0.0,0.0,2.5,wave,3131,0,0,0.2488022995847972,True
24,8,9,0.0,0.0,2.5,wave,3096,0,0,0.2522609819121447,True
24,8,10,0.0,0.0,2.5,wave,3072,0,0,0.2535807291666667,True
24,8,11,0.0,0.0,2.5,wave,3028,0,0,0.25561426684280053,True
24,8,12,0.0,0.0,2.5,wave,3009,0,0,0.25822532402791626,True
24,8,13,0.0,0.0,2.5,wave,2972,0,0,0.2600942126514132,True
24,8,14,0.0,0.0,2.5,wave,2950,0,0,0.26169491525423727,True
24,8,15,0.0,0.0,2.5,wave,2921,0,0,0.26395070181444713,True
24,8,16,0.0,0.0,2.5,wave,2901,0,0,0.26611513271285764,True
24,8,17,0.0,0.0,2.5,wave,2861,0,0,0.26773855295351273,True
24,8,18,0.0,0.0,2.5,wave,6425,0,0,0.12046692607003891,True
24,8,19,0.0,0.0,2.5,wave,6324,0,0,0.12333965844402277,True
24,8,20,0.0,0.0,2.5,wave,6244,0,0,0.12524023062139655,True
24,8,21,0.0,0.0,2.5,wave,6116,0,0,0.12933289731850883,True
24,8,22,0.0,0.0,2.5,wave,6003,0,0,0.13326669998334167,True
24,8,23,0.0,0.0,2.5,wave,5857,0,0,0.13744237664333275,True
24,8,24,0.0,0.0,2.5,wave,5730,0,0,0.1406631762652705,True
24,8,25,0.0,0.0,2.5,wave,5587,0,0,0.14444245570073386,True
24,8,26,0.0,0.0,2.5,wave,5446,0,0,0.14634594197576203,True
24,8,27,0.0,0.0,2.5,wave,5327,0,0,0.14923972217007697,True
24,8,28,0.0,0.0,2.5,wave,5277,0,0,0.15198029183248057,True
24,8,29,0.0,0.0,2.5,wave,5182,0,0,0.1543805480509456,True
24,8,30,0.0,0.0,2.5,wave,5092,0,0,0.1576983503534957,True
24,8,31,0.0,0.0,2.5,wave,5001,0,0,0.16236752649470107,True
24,8,32,0.0,0.0,2.5,wave,4928,0,0,0.16355519480519481,True
24,8,33,0.0,0.0,2.5,wave,4832,0,0,0.16618377483443708,True
24,8,34,0.0,0.0,2.5,wave,4758,0,0,0.16897856242118536,True
24,8,35,0.0,0.0,2.5,wave,4653,0,0,0.17193208682570385,True
24,8,36,0.0,0.0,2.5,wave,4547,0,0,0.174180778535298,True
24,8,37,0.0,0.0,2.5,wave,4464,0,0,0.17697132616487454,True
24,8,38,0.0,0.0,2.5,wave,4413,0,0,0.17924314525266258,True
24,8,39,0.0,0.0,2.5,wave,4342,0,0,0.18171349608475357,True
24,8,40,0.0,0.0,2.5,wave,4303,0,0,0.18359284220311411,True
24,8,41,0.0,0.0,2.5,wave,4234,0,0,0.18564005668398678,True
24,8,42,0.0,0.0,2.5,wave,4180,0,0,0.188755980861244,True
24,8,43,0.0,0.0,2.5,wave,4805,0,0,0.26243496357960455,True
24,8,44,0.0,0.0,2.5,wave,4442,0,0,0.23728050427735253,True
24,8,45,0.0,0.0,2.5,wave,4232,0,0,0.22235349716446126,True
24,8,46,0.0,0.0,2.5,wave,4145,0,0,0.21881785283474064,True
24,8,47,0.0,0.0,2.5,wave,4082,0,0,0.2185203331700147,True
24,8,48,0.0,0.0,2.5,wave,4019,0,0,0.21746703159990047,True
24,8,49,0.0,0.0,2.5,wave,3974,0,0,0.21917463512833418,True
24,8,50,0.0,0.0,2.5,wave,3927,0,0,0.22052457346574994,True
24,8,51,0.0,0.0,2.5,wave,3876,0,0,0.22342621259029927,True
24,8,52,0.0,0.0,2.5,wave,3828,0,0,0.22648902821316613,True
24,9,1,0.0,0.0,2.5,wave,3792,0,0,0.23022151898734178,True
24,9,2,0.0,0.0,2.5,wave,3767,0,0,0.23360764534112025,True
24,9,3,0.0,0.0,2.5,wave,3727,0,0,0.23477327609337267,True
24,9,4,0.0,0.0,2.5,wave,3688,0,0,0.23725596529284165,True
24,9,5,0.0,0.0,2.5,wave,3640,0,0,0.2392857142857143,True
24,9,6,0.0,0.0,2.5,wave,3606,0,0,0.24154187465335553,True
24,9,7,0.0,0.0,2.5,wave,3563,0,0,0.24193095705865844,True
24,9,8,0.0,0.0,2.5,wave,3526,0,0,0.2441860465116279,True
24,9,9,0.0,0.0,2.5,wave,3492,0,0,0.24570446735395188,True
24,9,10,0.0,0.0,2.5,wave,3473,0,0,0.24935214511949325,True
24,9,11,0.0,0.0,2.5,wave,3424,0,0,0.2505841121495327,True
24,9,12,0.0,0.0,2.5,wave,3383,0,0,0.25243866390777414,True
24,9,13,0.0,0.0,2.5,wave,3346,0,0,0.25523012552301255,True
24,9,14,0.0,0.0,2.5,wave,3312,0,0,0.25573671497584544,True
24,9,15,0.0,0.0,2.5,wave,3273,0,0,0.2581729300336083,True
24,9,16,0.0,0.0,2.5,wave,3241,0,0,0.259796359148411,True
24,9,17,0.0,0.0,2.5,wave,3200,0,0,0.261875,True
24,9,18,0.0,0.0,2.5,wave,6694,0,0,0.11637287122796534,True
24,9,19,0.0,0.0,2.5,wave,6573,0,0,0.11912368781378366,True
24,9,20,0.0,0.0,2.5,wave,6484,0,0,0.12199259716224553,True
24,9,21,0.0,0.0,2.5,wave,6342,0,0,0.1251970987070325,True
24,9,22,0.0,0.0,2.5,wave,6247,0,0,0.128381623179126,True
24,9,23,0.0,0.0,2.5,wave,6109,0,0,0.13095432967752496,True
24,9,24,0.0,0.0,2.5,wave,5961,0,0,0.13437342727730248,True
24,9,25,0.0,0.0,2.5,wave,5835,0,0,0.137617823479006,True
24,9,26,0.0,0.0,2.5,wave,5735,0,0,0.13984306887532694,True
24,9,27,0.0,0.0,2.5,wave,5643,0,0,0.14283182704235337,True
24,9,28,0.0,0.0,2.5,wave,5509,0,0,0.14648756580141586,True
24,9,29,0.0,0.0,2.5,wave,5377,0,0,0.14989771247907754,True
24,9,30,0.0,0.0,2.5,wave,5284,0,0,0.1512112036336109,True
24,9,31,0.0,0.0,2.5,wave,5188,0,0,0.15651503469545103,True
24,9,32,0.0,0.0,2.5,wave,5090,0,0,0.1599214145383104,True
24,9,33,0.0,0.0,2.5,wave,5007,0,0,0.16317155981625725,True
24,9,34,0.0,0.0,2.5,wave,4935,0,0,0.1651469098277609,True
24,9,35,0.0,0.0,2.5,wave,4864,0,0,0.1689967105263158,True
24,9,36,0.0,0.0,2.5,wave,4781,0,0,0.17130307467057102,True
24,9,37,0.0,0.0,2.5,wave,4683,0,0,0.17424727738629084,True
24,9,38,0.0,0.0,2.5,wave,4602,0,0,0.1762277270751847,True
24,9,39,0.0,0.0,2.5,wave,4552,0,0,0.17860281195079086,True
24,9,40,0.0,0.0,2.5,wave,4474,0,0,0.1823871256146625,True
24,9,41,0.0,0.0,2.5,wave,4425,0,0,0.18621468926553672,True
24,9,42,0.0,0.0,2.5,wave,4381,0,0,0.18899794567450354,True
24,9,43,0.0,0.0,2.5,wave,5153,0,0,0.27595575392974964,True
24,9,44,0.0,0.0,2.5,wave,4720,0,0,0.24745762711864408,True
24,9,45,0.0,0.0,2.5,wave,4486,0,0,0.23250111457868924,True
24,9,46,0.0,0.0,2.5,wave,4357,0,0,0.22790911177415654,True
24,9,47,0.0,0.0,2.5,wave,4284,0,0,0.22712418300653595,True
24,9,48,0.0,0.0,2.5,wave,4242,0,0,0.22842998585572843,True
24,9,49,0.0,0.0,2.5,wave,4192,0,0,0.22805343511450382,True
24,9,50,0.0,0.0,2.5,wave,4144,0,0,0.22828185328185327,True
24,9,51,0.0,0.0,2.5,wave,4097,0,0,0.22992433487917988,True
24,9,52,0.0,0.0,2.5,wave,4047,0,0,0.23078823820113664,True
24,10,1,0.0,0.0,2.5,wave,4004,0,0,0.23076923076923078,True
24,10,2,0.0,0.0,2.5,wave,3956,0,0,0.23306370070778565,True
24,10,3,0.0,0.0,2.5,wave,3907,0,0,0.23598669055541335,True
24,10,4,0.0,0.0,2.5,wave,3851,0,0,0.2388989872760322,True
24,10,5,0.0,0.0,2.5,wave,3817,0,0,0.2405030128373068,True
24,10,6,0.0,0.0,2.5,wave,3764,0,0,0.24229543039319873,True
24,10,7,0.0,0.0,2.5,wave,3706,0,0,0.2452779276848354,True
24,10,8,0.0,0.0,2.5,wave,3667,0,0,0.24706844832287975,True
24,10,9,0.0,0.0,2.5,wave,3637,0,0,0.24718174319494088,True
24,10,10,0.0,0.0,2.5,wave,3600,0,0,0.24805555555555556,True
24,10,11,0.0,0.0,2.5,wave,3570,0,0,0.2515406162464986,True
24,10,12,0.0,0.0,2.5,wave,3539,0,0,0.25430912687199775,True
24,10,13,0.0,0.0,2.5,wave,3502,0,0,0.2567104511707596,True
24,10,14,0.0,0.0,2.5,wave,3468,0,0,0.25922722029988465,True
24,10,15,0.0,0.0,2.5,wave,3442,0,0,0.26031377106333525,True
24,10,16,0.0,0.0,2.5,wave,3400,0,0,0.2614705882352941,True
24,10,17,0.0,0.0,2.5,wave,3370,0,0,0.2632047477744807,True
24,10,18,0.0,0.0,2.5,wave,7213,0,0,0.11687231387772078,True
24,10,19,0.0,0.0,2.5,wave,7121,0,0,0.11992697654823761,True
24,10,20,0.0,0.0,2.5,wave,6998,0,0,0.12289225492997999,True
24,10,21,0.0,0.0,2.5,wave,6867,0,0,0.1255278869957769,True
24,10,22,0.0,0.0,2.5,wave,6701,0,0,0.1292344426205044,True
24,10,23,0.0,0.0,2.5,wave,6598,0,0,0.13200969990906336,True
24,10,24,0.0,0.0,2.5,wave,6460,0,0,0.13436532507739937,True
24,10,25,0.0,0.0,2.5,wave,6321,0,0,0.1360544217687075,True
24,10,26,0.0,0.0,2.5,wave,6181,0,0,0.13881248988836759,True
24,10,27,0.0,0.0,2.5,wave,6043,0,0,0.14231342048651333,True
24,10,28,0.0,0.0,2.5,wave,5927,0,0,0.14526742028007425,True
24,10,29,0.0,0.0,2.5,wave,5785,0,0,0.14762316335350043,True
24,10,30,0.0,0.0,2.5,wave,5663,0,0,0.1508034610630408,True
24,10,31,0.0,0.0,2.5,wave,5577,0,0,0.15420476958938498,True
24,10,32,0.0,0.0,2.5,wave,5477,0,0,0.1566551031586635,True
24,10,33,0.0,0.0,2.5,wave,5387,0,0,0.15834416187117134,True
24,10,34,0.0,0.0,2.5,wave,5297,0,0,0.16009061733056448,True
24,10,35,0.0,0.0,2.5,wave,5214,0,0,0.16398158803222093,True
24,10,36,0.0,0.0,2.5,wave,5113,0,0,0.16682964991198904,True
24,10,37,0.0,0.0,2.5,wave,5022,0,0,0.16905615292712067,True
24,10,38,0.0,0.0,2.5,wave,4954,0,0,0.17218409366168752,True
24,10,39,0.0,0.0,2.5,wave,4893,0,0,0.17555691804618842,True
24,10,40,0.0,0.0,2.5,wave,4824,0,0,0.17765339966832505,True
24,10,41,0.0,0.0,2.5,wave,4764,0,0,0.17968094038623006,True
24,10,42,0.0,0.0,2.5,wave,4701,0,0,0.1818761965539247,True
24,10,43,0.0,0.0,2.5,wave,5580,0,0,0.267741935483871,True
24,10,44,0.0,0.0,2.5,wave,5109,0,0,0.24075161479741633,True
24,10,45,0.0,0.0,2.5,wave,4791,0,0,0.22521394280943435,True
24,10,46,0.0,0.0,2.5,wave,4626,0,0,0.21811500216169477,True
24,10,47,0.0,0.0,2.5,wave,4496,0,0,0.21552491103202848,True
24,10,48,0.0,0.0,2.5,wave,4436,0,0,0.21528403967538323,True
24,10,49,0.0,0.0,2.5,wave,4354,0,0,0.2170418006430868,True
24,10,50,0.0,0.0,2.5,wave,4298,0,0,0.2191717077710563,True
24,10,51,0.0,0.0,2.5,wave,4237,0,0,0.22232711824404058,True
24,10,52,0.0,0.0,2.5,wave,4187,0,0,0.2249820874134225,True
24,11,1,0.0,0.0,2.5,wave,4131,0,0,0.22900024207213748,True
24,11,2,0.0,0.0,2.5,wave,4082,0,0,0.23076923076923078,True
24,11,3,0.0,0.0,2.5,wave,4045,0,0,0.23139678615574782,True
24,11,4,0.0,0.0,2.5,wave,4000,0,0,0.23275,True
24,11,5,0.0,0.0,2.5,wave,3954,0,0,0.23520485584218512,True
24,11,6,0.0,0.0,2.5,wave,3912,0,0,0.23747443762781187,True
24,11,7,0.0,0.0,2.5,wave,3863,0,0,0.24074553455863318,True
24,11,8,0.0,0.0,2.5,wave,3823,0,0,0.2432644520010463,True
24,11,9,0.0,0.0,2.5,wave,3780,0,0,0.24603174603174602,True
24,11,10,0.0,0.0,2.5,wave,3742,0,0,0.2495991448423303,True
24,11,11,0.0,0.0,2.5,wave,3699,0,0,0.2511489591781563,True
24,11,12,0.0,0.0,2.5,wave,3669,0,0,0.25511038430089944,True
24,11,13,0.0,0.0,2.5,wave,3632,0,0,0.2566079295154185,True
24,11,14,0.0,0.0,2.5,wave,3584,0,0,0.25892857142857145,True
24,11,15,0.0,0.0,2.5,wave,3545,0,0,0.261212976022567,True
24,11,16,0.0,0.0,2.5,wave,3494,0,0,0.2624499141385232,True
24,11,17,0.0,0.0,2.5,wave,3462,0,0,0.2657423454650491,True
24,11,18,0.0,0.0,2.5,wave,7625,0,0,0.11816393442622951,True
24,11,19,0.0,0.0,2.5,wave,7504,0,0,0.12006929637526652,True
24,11,20,0.0,0.0,2.5,wave,7327,0,0,0.12296983758700696,True
24,11,21,0.0,0.0,2.5,wave,7160,0,0,0.126536312849162,True
24,11,22,0.0,0.0,2.5,wave,7022,0,0,0.12930788949017374,True
24,11,23,0.0,0.0,2.5,wave,6902,0,0,0.13199072732541292,True
24,11,24,0.0,0.0,2.5,wave,6752,0,0,0.13595971563981044,True
24,11,25,0.0,0.0,2.5,wave,6628,0,0,0.13865419432709716,True
24,11,26,0.0,0.0,2.5,wave,6503,0,0,0.14162694141165616,True
24,11,27,0.0,0.0,2.5,wave,6357,0,0,0.14472235331131036,True
24,11,28,0.0,0.0,2.5,wave,6205,0,0,0.14858984689766316,True
24,11,29,0.0,0.0,2.5,wave,6102,0,0,0.1515896427400852,True
24,11,30,0.0,0.0,2.5,wave,5981,0,0,0.1541548236080923,True
24,11,31,0.0,0.0,2.5,wave,5886,0,0,0.1564729867482161,True
24,11,32,0.0,0.0,2.5,wave,5787,0,0,0.15932261966476585,True
24,11,33,0.0,0.0,2.5,wave,5699,0,0,0.16195823828741884,True
24,11,34,0.0,0.0,2.5,wave,5613,0,0,0.16461785141635488,True
24,11,35,0.0,0.0,2.5,wave,5528,0,0,0.16841534008683068,True
24,11,36,0.0,0.0,2.5,wave,5425,0,0,0.17179723502304148,True
24,11,37,0.0,0.0,2.5,wave,5324,0,0,0.17449286250939144,True
24,11,38,0.0,0.0,2.5,wave,5255,0,0,0.1775451950523311,True
24,11,39,0.0,0.0,2.5,wave,5190,0,0,0.17976878612716762,True
24,11,40,0.0,0.0,2.5,wave,5116,0,0,0.18491008600469117,True
24,11,41,0.0,0.0,2.5,wave,5059,0,0,0.18600513935560387,True
24,11,42,0.0,0.0,2.5,wave,4985,0,0,0.18756268806419257,True
24,11,43,0.0,0.0,2.5,wave,6017,0,0,0.27522020940668107,True
24,11,44,0.0,0.0,2.5,wave,5501,0,0,0.24813670241774222,True
24,11,45,0.0,0.0,2.5,wave,5211,0,0,0.23047399731337556,True
24,11,46,0.0,0.0,2.5,wave,5028,0,0,0.22692919649960222,True
24,11,47,0.0,0.0,2.5,wave,4936,0,0,0.22670178282009726,True
24,11,48,0.0,0.0,2.5,wave,4857,0,0,0.22833024500720608,True
24,11,49,0.0,0.0,2.5,wave,4769,0,0,0.23002725938351856,True
24,11,50,0.0,0.0,2.5,wave,4712,0,0,0.23259762308998302,True
24,11,51,0.0,0.0,2.5,wave,4666,0,0,0.23446206600942993,True
24,11,52,0.0,0.0,2.5,wave,4606,0,0,0.2372991749891446,True
25,1,1,0.0,0.0,2.5,wave,2682,0,0,0.0,True
25,1,2,0.0,0.0,2.5,wave,2645,0,0,0.003780718336483932,True
25,1,3,0.0,0.0,2.5,wave,2595,0,0,0.004624277456647399,True
25,1,4,0.0,0.0,2.5,wave,2564,0,0,0.0078003120124804995,True
25,1,5,0.0,0.0,2.5,wave,2518,0,0,0.008737092930897538,True
25,1,6,0.0,0.0,2.5,wave,2500,0,0,0.0108,True
25,1,7,0.0,0.0,2.5,wave,2472,0,0,0.012540453074433657,True
25,1,8,0.0,0.0,2.5,wave,2447,0,0,0.014711892112791173,True
25,1,9,0.0,0.0,2.5,wave,2423,0,0,0.01609574907139909,True
25,1,10,0.0,0.0,2.5,wave,2394,0,0,0.018796992481203006,True
25,1,11,0.0,0.0,2.5,wave,2372,0,0,0.0193929173693086,True
25,1,12,0.0,0.0,2.5,wave,2359,0,0,0.020347604917337857,True
25,1,13,0.0,0.0,2.5,wave,2339,0,0,0.023086789226165028,True
25,1,14,0.0,0.0,2.5,wave,2317,0,0,0.02416918429003021,True
25,1,15,0.0,0.0,2.5,wave,2301,0,0,0.026944806605823556,True
25,1,16,0.0,0.0,2.5,wave,2280,0,0,0.02894736842105263,True
25,1,17,0.0,0.0,2.5,wave,2246,0,0,0.030721282279608193,True
25,1,18,0.0,0.0,2.5,wave,6489,0,0,0.011712128216982585,True
25,1,19,0.0,0.0,2.5,wave,6358,0,0,0.014784523435042466,True
25,1,20,0.0,0.0,2.5,wave,6218,0,0,0.017851399163718237,True
25,1,21,0.0,0.0,2.5,wave,6086,0,0,0.020046007229707525,True
25,1,22,0.0,0.0,2.5,wave,5954,0,0,0.021834061135371178,True
25,1,23,0.0,0.0,2.5,wave,5815,0,0,0.024591573516766982,True
25,1,24,0.0,0.0,2.5,wave,5685,0,0,0.027792436235708002,True
25,1,25,0.0,0.0,2.5,wave,5568,0,0,0.03017241379310345,True
25,1,26,0.0,0.0,2.5,wave,5476,0,0,0.032505478451424395,True
25,1,27,0.0,0.0,2.5,wave,5307,0,0,0.03580177124552478,True
25,1,28,0.0,0.0,2.5,wave,5177,0,0,0.03843925053119567,True
25,1,29,0.0,0.0,2.5,wave,5051,0,0,0.04019006137398535,True
25,1,30,0.0,0.0,2.5,wave,4916,0,0,0.04109031733116355,True
25,1,31,0.0,0.0,2.5,wave,4792,0,0,0.043196994991652755,True
25,1,32,0.0,0.0,2.5,wave,4702,0,0,0.045299872394725646,True
25,1,33,0.0,0.0,2.5,wave,4570,0,0,0.04660831509846827,True
25,1,34,0.0,0.0,2.5,wave,4448,0,0,0.047886690647482015,True
25,1,35,0.0,0.0,2.5,wave,4327,0,0,0.04991911254911024,True
25,1,36,0.0,0.0,2.5,wave,4247,0,0,0.052978573110430895,True
25,1,37,0.0,0.0,2.5,wave,4143,0,0,0.05527395607048033,True
25,1,38,0.0,0.0,2.5,wave,4084,0,0,0.05754162585700294,True
25,1,39,0.0,0.0,2.5,wave,4032,0,0,0.05952380952380952,True
25,1,40,0.0,0.0,2.5,wave,3976,0,0,0.06287726358148893,True
25,1,41,0.0,0.0,2.5,wave,3922,0,0,0.06578276389597144,True
25,1,42,0.0,0.0,2.5,wave,3871,0,0,0.06742443812968225,True
25,1,43,0.0,0.0,2.5,wave,3999,0,0,0.09802450612653163,True
25,1,44,0.0,0.0,2.5,wave,3881,0,0,0.08812161813965473,True
25,1,45,0.0,0.0,2.5,wave,3760,0,0,0.08590425531914894,True
25,1,46,0.0,0.0,2.5,wave,3698,0,0,0.08680367766360195,True
25,1,47,0.0,0.0,2.5,wave,3623,0,0,0.08887662158432239,True
25,1,48,0.0,0.0,2.5,wave,3581,0,0,0.09271153309131527,True
25,1,49,0.0,0.0,2.5,wave,3527,0,0,0.09498157074000567,True
25,1,50,0.0,0.0,2.5,wave,3492,0,0,0.09822451317296678,True
25,1,51,0.0,0.0,2.5,wave,3440,0,0,0.1,True
25,1,52,0.0,0.0,2.5,wave,3398,0,0,0.10153031194820483,True
25,2,1,0.0,0.0,2.5,wave,3344,39,3,0.10376794258373205,False
25,2,2,0.0,0.0,2.5,wave,3307,47,15,0.10583610523132748,False
25,2,3,0.0,0.0,2.5,wave,3256,66,20,0.10810810810810811,False
25,2,4,0.0,0.0,2.5,wave,3194,77,21,0.1092673763306199,False
25,2,5,0.0,0.0,2.5,wave,3138,87,24,0.10994263862332695,False
25,2,6,0.0,0.0,2.5,wave,3088,91,32,0.11204663212435233,False
25,2,7,0.0,0.0,2.5,wave,3029,96,40,0.11455926048200726,False
25,2,8,0.0,0.0,2.5,wave,2954,102,34,0.11949898442789438,False
25,2,9,0.0,0.0,2.5,wave,2891,99,34,0.12175717744725009,False
25,2,10,0.0,0.0,2.5,wave,2852,98,38,0.12482468443197756,False
25,2,11,0.0,0.0,2.5,wave,2782,92,33,0.12760603882099208,False
25,2,12,0.0,0.0,2.5,wave,2724,102,40,0.13105726872246695,False
25,2,13,0.0,0.0,2.5,wave,2667,96,37,0.13498312710911137,False
25,2,14,0.0,0.0,2.5,wave,2610,92,34,0.13831417624521072,False
25,2,15,0.0,0.0,2.5,wave,2560,93,34,0.140625,False
25,2,16,0.0,0.0,2.5,wave,2507,91,30,0.14399680893498204,False
25,2,17,0.0,0.0,2.5,wave,2460,86,35,0.14878048780487804,False
25,2,18,0.0,0.0,2.5,wave,4703,99,34,0.07803529661917925,False
25,2,19,0.0,0.0,2.5,wave,4604,120,38,0.08123370981754996,False
25,2,20,0.0,0.0,2.5,wave,4506,150,46,0.08433200177541056,False
25,2,21,0.0,0.0,2.5,wave,4391,164,55,0.08608517421999544,False
25,2,22,0.0,0.0,2.5,wave,4278,179,61,0.08999532491818607,False
25,2,23,0.0,0.0,2.5,wave,4118,177,66,0.09300631374453618,False
25,2,24,0.0,0.0,2.5,wave,3982,182,68,0.09568056253139126,False
25,2,25,0.0,0.0,2.5,wave,3827,156,62,0.10060099294486544,False
25,2,26,0.0,0.0,2.5,wave,3711,149,56,0.10455402856372946,False
25,2,27,0.0,0.0,2.5,wave,3588,138,52,0.1100891861761427,False
25,2,28,0.0,0.0,2.5,wave,3502,151,53,0.11307824100513993,False
25,2,29,0.0,0.0,2.5,wave,3435,151,51,0.11761280931586608,False
25,2,30,0.0,0.0,2.5,wave,3353,149,58,0.12019087384431852,False
25,2,31,0.0,0.0,2.5,wave,3270,140,57,0.12507645259938838,False
25,2,32,0.0,0.0,2.5,wave,3187,135,49,0.12833385629118294,False
25,2,33,0.0,0.0,2.5,wave,3106,127,45,0.1320025756600129,False
25,2,34,0.0,0.0,2.5,wave,3012,124,48,0.13711819389110225,False
25,2,35,0.0,0.0,2.5,wave,2938,115,46,0.14193328795098706,False
25,2,36,0.0,0.0,2.5,wave,2848,107,37,0.1464185393258427,False
25,2,37,0.0,0.0,2.5,wave,2773,105,37,0.15037865128020195,False
25,2,38,0.0,0.0,2.5,wave,2722,105,46,0.1520940484937546,False
25,2,39,0.0,0.0,2.5,wave,2675,93,45,0.15626168224299064,False
25,2,40,0.0,0.0,2.5,wave,2615,87,40,0.15908221797323135,False
25,2,41,0.0,0.0,2.5,wave,2563,81,33,0.1630901287553648,False
25,2,42,0.0,0.0,2.5,wave,2511,80,30,0.16606929510155316,False
25,2,43,0.0,0.0,2.5,wave,2767,82,26,0.22262378026743765,False
25,2,44,0.0,0.0,2.5,wave,2623,73,29,0.20663362561951965,False
25,2,45,0.0,0.0,2.5,wave,2536,65,30,0.20110410094637224,False
25,2,46,0.0,0.0,2.5,wave,2467,61,25,0.2014592622618565,False
25,2,47,0.0,0.0,2.5,wave,2408,53,25,0.2026578073089701,False
25,2,48,0.0,0.0,2.5,wave,2368,48,22,0.20777027027027026,False
25,2,49,0.0,0.0,2.5,wave,2335,36,14,0.21027837259100643,False
25,2,50,0.0,0.0,2.5,wave,2297,31,13,0.21332172398781019,False
25,2,51,0.0,0.0,2.5,wave,2283,29,18,0.22076215505913271,False
25,2,52,0.0,0.0,2.5,wave,2252,29,14,0.22380106571936056,False
25,3,1,0.0,0.0,2.5,wave,2214,23,7,0.22809394760614274,False
25,3,2,0.0,0.0,2.5,wave,2184,24,7,0.22985347985347984,False
25,3,3,0.0,0.0,2.5,wave,2160,21,7,0.23148148148148148,False
25,3,4,0.0,0.0,2.5,wave,2138,21,9,0.23479887745556596,False
25,3,5,0.0,0.0,2.5,wave,2112,19,10,0.24100378787878787,False
25,3,6,0.0,0.0,2.5,wave,2092,17,6,0.24378585086042065,False
25,3,7,0.0,0.0,2.5,wave,2072,12,8,0.2471042471042471,False
25,3,8,0.0,0.0,2.5,wave,2045,13,7,0.24938875305623473,False
25,3,9,0.0,0.0,2.5,wave,2027,6,4,0.2525900345337938,False
25,3,10,0.0,0.0,2.5,wave,2007,11,5,0.2580966616841056,False
25,3,11,0.0,0.0,2.5,wave,1990,5,1,0.2608040201005025,False
25,3,12,0.0,0.0,2.5,wave,1964,4,0,0.26120162932790225,False
25,3,13,0.0,0.0,2.5,wave,1942,4,1,0.26416065911431513,False
25,3,14,0.0,0.0,2.5,wave,1931,6,2,0.2656654583117556,False
25,3,15,0.0,0.0,2.5,wave,1909,7,3,0.2676794133053955,False
25,3,16,0.0,0.0,2.5,wave,1890,8,2,0.26931216931216934,False
25,3,17,0.0,0.0,2.5,wave,1864,6,1,0.26824034334763946,False
25,3,18,0.0,0.0,2.5,wave,4272,8,2,0.11704119850187265,False
25,3,19,0.0,0.0,2.5,wave,4181,8,3,0.1205453240851471,False
25,3,20,0.0,0.0,2.5,wave,4118,13,4,0.12311801845556095,False
25,3,21,0.0,0.0,2.5,wave,4039,13,2,0.1260212923991087,False
25,3,22,0.0,0.0,2.5,wave,3948,10,2,0.1281661600810537,False
25,3,23,0.0,0.0,2.5,wave,3879,14,3,0.13018819283320443,False
25,3,24,0.0,0.0,2.5,wave,3799,14,3,0.13240326401684654,False
25,3,25,0.0,0.0,2.5,wave,3738,16,6,0.1348314606741573,False
25,3,26,0.0,0.0,2.5,wave,3660,23,5,0.13797814207650272,False
25,3,27,0.0,0.0,2.5,wave,3593,22,6,0.13860283885332592,False
25,3,28,0.0,0.0,2.5,wave,3540,25,8,0.14152542372881355,False
25,3,29,0.0,0.0,2.5,wave,3472,23,7,0.14516129032258066,False
25,3,30,0.0,0.0,2.5,wave,3395,24,8,0.14815905743740795,False
25,3,31,0.0,0.0,2.5,wave,3313,30,8,0.15303350437669785,False
25,3,32,0.0,0.0,2.5,wave,3240,31,9,0.15493827160493828,False
25,3,33,0.0,0.0,2.5,wave,3169,35,13,0.15872514988955508,False
25,3,34,0.0,0.0,2.5,wave,3110,30,11,0.16205787781350484,False
25,3,35,0.0,0.0,2.5,wave,3059,29,12,0.16475972540045766,False
25,3,36,0.0,0.0,2.5,wave,3008,27,14,0.1675531914893617,False
25,3,37,0.0,0.0,2.5,wave,2938,22,12,0.17324710687542547,False
25,3,38,0.0,0.0,2.5,wave,2886,18,7,0.17325017325017325,False
25,3,39,0.0,0.0,2.5,wave,2833,17,3,0.17613836921990822,False
25,3,40,0.0,0.0,2.5,wave,2788,18,7,0.1800573888091822,False
25,3,41,0.0,0.0,2.5,wave,2748,20,8,0.18304221251819505,False
25,3,42,0.0,0.0,2.5,wave,2708,20,8,0.18648449039881831,False
25,3,43,0.0,0.0,2.5,wave,2987,19,8,0.23970539002343488,False
25,3,44,0.0,0.0,2.5,wave,2810,15,8,0.22135231316725978,False
25,3,45,0.0,0.0,2.5,wave,2671,11,6,0.21078247847248222,False
25,3,46,0.0,0.0,2.5,wave,2606,8,5,0.21066768994627783,False
25,3,47,0.0,0.0,2.5,wave,2559,7,4,0.21531848378272764,False
25,3,48,0.0,0.0,2.5,wave,2526,4,1,0.21575613618368963,False
25,3,49,0.0,0.0,2.5,wave,2499,3,3,0.21968787515006002,False
25,3,50,0.0,0.0,2.5,wave,2482,8,3,0.22280419016921837,False
25,3,51,0.0,0.0,2.5,wave,2458,5,1,0.225793327908869,False
25,3,52,0.0,0.0,2.5,wave,2421,7,4,0.22841800908715407,False
25,4,1,0.0,0.0,2.5,wave,2392,6,5,0.23369565217391305,False
25,4,2,0.0,0.0,2.5,wave,2353,4,2,0.23671908202294942,False
25,4,3,0.0,0.0,2.5,wave,2317,2,1,0.239102287440656,False
25,4,4,0.0,0.0,2.5,wave,2292,2,1,0.2395287958115183,False
25,4,5,0.0,0.0,2.5,wave,2278,1,0,0.2440737489025461,False
25,4,6,0.0,0.0,2.5,wave,2254,1,1,0.2453416149068323,False
25,4,7,0.0,0.0,2.5,wave,2239,4,1,0.24787851719517642,False
25,4,8,0.0,0.0,2.5,wave,2209,3,0,0.2526029877772748,False
25,4,9,0.0,0.0,2.5,wave,2186,3,1,0.25434583714547115,False
25,4,10,0.0,0.0,2.5,wave,2165,5,1,0.25681293302540414,False
25,4,11,0.0,0.0,2.5,wave,2142,4,1,0.2600373482726424,False
25,4,12,0.0,0.0,2.5,wave,2106,4,2,0.2611585944919278,False
25,4,13,0.0,0.0,2.5,wave,2089,4,1,0.26232647199617043,False
25,4,14,0.0,0.0,2.5,wave,2062,3,1,0.26576139670223087,False
25,4,15,0.0,0.0,2.5,wave,2039,4,3,0.2653261402648357,False
25,4,16,0.0,0.0,2.5,wave,2020,3,2,0.26683168316831685,False
25,4,17,0.0,0.0,2.5,wave,1993,1,1,0.26793778223783243,False
25,4,18,0.0,0.0,2.5,wave,4268,2,1,0.12558575445173384,False
25,4,19,0.0,0.0,2.5,wave,4197,1,0,0.12699547295687397,False
25,4,20,0.0,0.0,2.5,wave,4101,1,1,0.13118751524018532,False
25,4,21,0.0,0.0,2.5,wave,4019,0,0,0.13510823587957202,True
25,4,22,0.0,0.0,2.5,wave,3945,0,0,0.13688212927756654,True
25,4,23,0.0,0.0,2.5,wave,3874,0,0,0.13990707279297884,True
25,4,24,0.0,0.0,2.5,wave,3780,0,0,0.14312169312169312,True
25,4,25,0.0,0.0,2.5,wave,3702,0,0,0.1469475958941113,True
25,4,26,0.0,0.0,2.5,wave,3642,0,0,0.14936847885777046,True
25,4,27,0.0,0.0,2.5,wave,3560,0,0,0.15337078651685393,True
25,4,28,0.0,0.0,2.5,wave,3487,0,0,0.15543447089188414,True
25,4,29,0.0,0.0,2.5,wave,3433,0,0,0.15729682493445965,True
25,4,30,0.0,0.0,2.5,wave,3362,0,0,0.16121356335514575,True
25,4,31,0.0,0.0,2.5,wave,3280,0,0,0.16432926829268293,True
25,4,32,0.0,0.0,2.5,wave,3223,0,0,0.16692522494570275,True
25,4,33,0.0,0.0,2.5,wave,3177,0,0,0.17248977022348128,True
25,4,34,0.0,0.0,2.5,wave,3116,0,0,0.17426187419768935,True
25,4,35,0.0,0.0,2.5,wave,3039,0,0,0.17900625205659756,True
25,4,36,0.0,0.0,2.5,wave,2974,0,0,0.18224613315400134,True
25,4,37,0.0,0.0,2.5,wave,2925,0,0,0.18700854700854702,True
25,4,38,0.0,0.0,2.5,wave,2889,0,0,0.1886465905157494,True
25,4,39,0.0,0.0,2.5,wave,2866,0,0,0.19190509420795535,True
25,4,40,0.0,0.0,2.5,wave,2833,0,0,0.1937875044122838,True
25,4,41,0.0,0.0,2.5,wave,2794,0,0,0.19649248389405868,True
25,4,42,0.0,0.0,2.5,wave,2750,0,0,0.20072727272727273,True
25,4,43,0.0,0.0,2.5,wave,3106,0,0,0.2652929813264649,True
25,4,44,0.0,0.0,2.5,wave,2903,0,0,0.24216327936617293,True
25,4,45,0.0,0.0,2.5,wave,2769,0,0,0.22824124232574936,True
25,4,46,0.0,0.0,2.5,wave,2705,0,0,0.2288354898336414,True
25,4,47,0.0,0.0,2.5,wave,2670,0,0,0.2254681647940075,True
25,4,48,0.0,0.0,2.5,wave,2641,0,0,0.2290798939795532,True
25,4,49,0.0,0.0,2.5,wave,2623,0,0,0.23179565383149067,True
25,4,50,0.0,0.0,2.5,wave,2588,0,0,0.2357032457496136,True
25,4,51,0.0,0.0,2.5,wave,2562,0,0,0.2384855581576893,True
25,4,52,0.0,0.0,2.5,wave,2542,0,0,0.24232887490165225,True
25,5,1,0.0,0.0,2.5,wave,2516,0,0,0.24284578696343403,True
25,5,2,0.0,0.0,2.5,wave,2479,0,0,0.24405002016942315,True
25,5,3,0.0,0.0,2.5,wave,2454,0,0,0.24490627546862265,True
25,5,4,0.0,0.0,2.5,wave,2428,0,0,0.2487644151565074,True
25,5,5,0.0,0.0,2.5,wave,2409,0,0,0.24989622249896223,True
25,5,6,0.0,0.0,2.5,wave,2382,0,0,0.25272879932829556,True
25,5,7,0.0,0.0,2.5,wave,2356,0,0,0.2546689303904924,True
25,5,8,0.0,0.0,2.5,wave,2332,0,0,0.258147512864494,True
25,5,9,0.0,0.0,2.5,wave,2305,0,0,0.2559652928416486,True
25,5,10,0.0,0.0,2.5,wave,2282,0,0,0.25591586327782645,True
25,5,11,0.0,0.0,2.5,wave,2253,0,0,0.26054150022192635,True
25,5,12,0.0,0.0,2.5,wave,2245,0,0,0.265924276169265,True
25,5,13,0.0,0.0,2.5,wave,2200,0,0,0.2640909090909091,True
25,5,14,0.0,0.0,2.5,wave,2185,0,0,0.26727688787185355,True
25,5,15,0.0,0.0,2.5,wave,2164,0,0,0.26848428835489835,True
25,5,16,0.0,0.0,2.5,wave,2135,0,0,0.2679156908665105,True
25,5,17,0.0,0.0,2.5,wave,2109,0,0,0.2678994784257942,True
25,5,18,0.0,0.0,2.5,wave,4490,0,0,0.12650334075723832,True
25,5,19,0.0,0.0,2.5,wave,4430,0,0,0.12799097065462753,True
25,5,20,0.0,0.0,2.5,wave,4353,0,0,0.13071444980473237,True
25,5,21,0.0,0.0,2.5,wave,4246,0,0,0.13377296278850684,True
25,5,22,0.0,0.0,2.5,wave,4128,0,0,0.13687015503875968,True
25,5,23,0.0,0.0,2.5,wave,4050,0,0,0.1397530864197531,True
25,5,24,0.0,0.0,2.5,wave,3940,0,0,0.14263959390862943,True
25,5,25,0.0,0.0,2.5,wave,3863,0,0,0.14418845456898782,True
25,5,26,0.0,0.0,2.5,wave,3778,0,0,0.14716781365802012,True
25,5,27,0.0,0.0,2.5,wave,3705,0,0,0.15033738191632928,True
25,5,28,0.0,0.0,2.5,wave,3642,0,0,0.15238879736408567,True
25,5,29,0.0,0.0,2.5,wave,3575,0,0,0.15468531468531468,True
25,5,30,0.0,0.0,2.5,wave,3510,0,0,0.15612535612535614,True
25,5,31,0.0,0.0,2.5,wave,3466,0,0,0.15954991344489325,True
25,5,32,0.0,0.0,2.5,wave,3429,0,0,0.16185476815398075,True
25,5,33,0.0,0.0,2.5,wave,3361,0,0,0.16750966974114848,True
25,5,34,0.0,0.0,2.5,wave,3295,0,0,0.17025796661608497,True
25,5,35,0.0,0.0,2.5,wave,3247,0,0,0.17185093932861104,True
25,5,36,0.0,0.0,2.5,wave,3169,0,0,0.17481855474913222,True
25,5,37,0.0,0.0,2.5,wave,3110,0,0,0.17942122186495177,True
25,5,38,0.0,0.0,2.5,wave,3072,0,0,0.1826171875,True
25,5,39,0.0,0.0,2.5,wave,3043,0,0,0.18435754189944134,True
25,5,40,0.0,0.0,2.5,wave,3010,0,0,0.1883720930232558,True
25,5,41,0.0,0.0,2.5,wave,2967,0,0,0.19312436804853386,True
25,5,42,0.0,0.0,2.5,wave,2936,0,0,0.19686648501362397,True
25,5,43,0.0,0.0,2.5,wave,3241,0,0,0.25948781240357915,True
25,5,44,0.0,0.0,2.5,wave,3048,0,0,0.2388451443569554,True
25,5,45,0.0,0.0,2.5,wave,2910,0,0,0.22508591065292097,True
25,5,46,0.0,0.0,2.5,wave,2838,0,0,0.22233967582804792,True
25,5,47,0.0,0.0,2.5,wave,2807,0,0,0.2255076594228714,True
25,5,48,0.0,0.0,2.5,wave,2752,0,0,0.22347383720930233,True
25,5,49,0.0,0.0,2.5,wave,2708,0,0,0.2259970457902511,True
25,5,50,0.0,0.0,2.5,wave,2677,0,0,0.22749346283152783,True
25,5,51,0.0,0.0,2.5,wave,2647,0,0,0.23007177937287496,True
25,5,52,0.0,0.0,2.5,wave,2613,0,0,0.23115193264446995,True
25,6,1,0.0,0.0,2.5,wave,2594,0,0,0.23400154202004625,True
25,6,2,0.0,0.0,2.5,wave,2567,0,0,0.2349045578496299,True
25,6,3,0.0,0.0,2.5,wave,2528,0,0,0.2389240506329114,True
25,6,4,0.0,0.0,2.5,wave,2504,0,0,0.24281150159744408,True
25,6,5,0.0,0.0,2.5,wave,2473,0,0,0.24585523655479175,True
25,6,6,0.0,0.0,2.5,wave,2452,0,0,0.25,True
25,6,7,0.0,0.0,2.5,wave,2420,0,0,0.25206611570247933,True
25,6,8,0.0,0.0,2.5,wave,2388,0,0,0.2550251256281407,True
25,6,9,0.0,0.0,2.5,wave,2368,0,0,0.26013513513513514,True
25,6,10,0.0,0.0,2.5,wave,2350,0,0,0.2612765957446809,True
25,6,11,0.0,0.0,2.5,wave,2326,0,0,0.26354256233877904,True
25,6,12,0.0,0.0,2.5,wave,2302,0,0,0.26542137271937444,True
25,6,13,0.0,0.0,2.5,wave,2291,0,0,0.2684417285028372,True
25,6,14,0.0,0.0,2.5,wave,2262,0,0,0.2661361626878868,True
25,6,15,0.0,0.0,2.5,wave,2244,0,0,0.2696078431372549,True
25,6,16,0.0,0.0,2.5,wave,2217,0,0,0.2688317546233649,True
25,6,17,0.0,0.0,2.5,wave,2191,0,0,0.2720219078046554,True
25,6,18,0.0,0.0,2.5,wave,4873,0,0,0.12128052534373077,True
25,6,19,0.0,0.0,2.5,wave,4799,0,0,0.12440091685767868,True
25,6,20,0.0,0.0,2.5,wave,4711,0,0,0.12523880280195288,True
25,6,21,0.0,0.0,2.5,wave,4584,0,0,0.12718150087260036,True
25,6,22,0.0,0.0,2.5,wave,4463,0,0,0.13197400851445215,True
25,6,23,0.0,0.0,2.5,wave,4381,0,0,0.13604199954348323,True
25,6,24,0.0,0.0,2.5,wave,4292,0,0,0.1390959925442684,True
25,6,25,0.0,0.0,2.5,wave,4212,0,0,0.1419753086419753,True
25,6,26,0.0,0.0,2.5,wave,4145,0,0,0.14692400482509047,True
25,6,27,0.0,0.0,2.5,wave,4065,0,0,0.15030750307503074,True
25,6,28,0.0,0.0,2.5,wave,3985,0,0,0.1523212045169385,True
25,6,29,0.0,0.0,2.5,wave,3879,0,0,0.15596803299819542,True
25,6,30,0.0,0.0,2.5,wave,3768,0,0,0.15843949044585987,True
25,6,31,0.0,0.0,2.5,wave,3711,0,0,0.16329830234438156,True
25,6,32,0.0,0.0,2.5,wave,3632,0,0,0.16629955947136563,True
25,6,33,0.0,0.0,2.5,wave,3559,0,0,0.16774374824388874,True
25,6,34,0.0,0.0,2.5,wave,3507,0,0,0.17023096663815226,True
25,6,35,0.0,0.0,2.5,wave,3443,0,0,0.1728144060412431,True
25,6,36,0.0,0.0,2.5,wave,3373,0,0,0.17610435813815595,True
25,6,37,0.0,0.0,2.5,wave,3293,0,0,0.17795323413300942,True
25,6,38,0.0,0.0,2.5,wave,3248,0,0,0.1794950738916256,True
25,6,39,0.0,0.0,2.5,wave,3217,0,0,0.18277898663350947,True
25,6,40,0.0,0.0,2.5,wave,3177,0,0,0.18382121498268808,True
25,6,41,0.0,0.0,2.5,wave,3143,0,0,0.1870824053452116,True
25,6,42,0.0,0.0,2.5,wave,3087,0,0,0.18756073858114675,True
25,6,43,0.0,0.0,2.5,wave,3544,0,0,0.25479683972911965,True
25,6,44,0.0,0.0,2.5,wave,3334,0,0,0.23665266946610677,True
25,6,45,0.0,0.0,2.5,wave,3193,0,0,0.22611963670529284,True
25,6,46,0.0,0.0,2.5,wave,3086,0,0,0.22067401166558653,True
25,6,47,0.0,0.0,2.5,wave,3046,0,0,0.22028890347997374,True
25,6,48,0.0,0.0,2.5,wave,3020,0,0,0.22317880794701986,True
25,6,49,0.0,0.0,2.5,wave,2990,0,0,0.22408026755852842,True
25,6,50,0.0,0.0,2.5,wave,2941,0,0,0.22713362801768106,True
25,6,51,0.0,0.0,2.5,wave,2922,0,0,0.2272416153319644,True
25,6,52,0.0,0.0,2.5,wave,2892,0,0,0.23098201936376211,True
25,7,1,0.0,0.0,2.5,wave,2856,0,0,0.23214285714285715,True
25,7,2,0.0,0.0,2.5,wave,2829,0,0,0.23435843054082714,True
25,7,3,0.0,0.0,2.5,wave,2797,0,0,0.23560958169467286,True
25,7,4,0.0,0.0,2.5,wave,2763,0,0,0.23850886717336228,True
25,7,5,0.0,0.0,2.5,wave,2735,0,0,0.24058500914076783,True
25,7,6,0.0,0.0,2.5,wave,2719,0,0,0.24126517101875689,True
25,7,7,0.0,0.0,2.5,wave,2688,0,0,0.24144345238095238,True
25,7,8,0.0,0.0,2.5,wave,2668,0,0,0.24250374812593703,True
25,7,9,0.0,0.0,2.5,wave,2631,0,0,0.2436335993918662,True
25,7,10,0.0,0.0,2.5,wave,2605,0,0,0.24491362763915547,True
25,7,11,0.0,0.0,2.5,wave,2574,0,0,0.24708624708624707,True
25,7,12,0.0,0.0,2.5,wave,2552,0,0,0.24843260188087773,True
25,7,13,0.0,0.0,2.5,wave,2524,0,0,0.2519809825673534,True
25,7,14,0.0,0.0,2.5,wave,2496,0,0,0.2520032051282051,True
25,7,15,0.0,0.0,2.5,wave,2460,0,0,0.25447154471544714,True
25,7,16,0.0,0.0,2.5,wave,2442,0,0,0.2551187551187551,True
25,7,17,0.0,0.0,2.5,wave,2419,0,0,0.2579578338156263,True
25,7,18,0.0,0.0,2.5,wave,5090,0,0,0.12357563850687622,True
25,7,19,0.0,0.0,2.5,wave,5008,0,0,0.12619808306709265,True
25,7,20,0.0,0.0,2.5,wave,4860,0,0,0.13045267489711934,True
25,7,21,0.0,0.0,2.5,wave,4764,0,0,0.13371116708648195,True
25,7,22,0.0,0.0,2.5,wave,4653,0,0,0.13711583924349882,True
25,7,23,0.0,0.0,2.5,wave,4548,0,0,0.14094107299912048,True
25,7,24,0.0,0.0,2.5,wave,4427,0,0,0.14321210752202396,True
25,7,25,0.0,0.0,2.5,wave,4316,0,0,0.14666357738646896,True
25,7,26,0.0,0.0,2.5,wave,4240,0,0,0.1490566037735849,True
25,7,27,0.0,0.0,2.5,wave,4173,0,0,0.1526479750778816,True
25,7,28,0.0,0.0,2.5,wave,4092,0,0,0.15640273704789834,True
25,7,29,0.0,0.0,2.5,wave,4013,0,0,0.1602292549215051,True
25,7,30,0.0,0.0,2.5,wave,3923,0,0,0.16645424420086669,True
25,7,31,0.0,0.0,2.5,wave,3865,0,0,0.1702457956015524,True
25,7,32,0.0,0.0,2.5,wave,3814,0,0,0.17435762978500263,True
25,7,33,0.0,0.0,2.5,wave,3748,0,0,0.17556029882604055,True
25,7,34,0.0,0.0,2.5,wave,3662,0,0,0.17777170944838885,True
25,7,35,0.0,0.0,2.5,wave,3580,0,0,0.18379888268156425,True
25,7,36,0.0,0.0,2.5,wave,3527,0,0,0.1874113977884888,True
25,7,37,0.0,0.0,2.5,wave,3430,0,0,0.19183673469387755,True
25,7,38,0.0,0.0,2.5,wave,3400,0,0,0.195,True
25,7,39,0.0,0.0,2.5,wave,3360,0,0,0.1949404761904762,True
25,7,40,0.0,0.0,2.5,wave,3329,0,0,0.19705617302493242,True
25,7,41,0.0,0.0,2.5,wave,3279,0,0,0.19914608112229337,True
25,7,42,0.0,0.0,2.5,wave,3230,0,0,0.20154798761609907,True
25,7,43,0.0,0.0,2.5,wave,3613,0,0,0.262109050650429,True
25,7,44,0.0,0.0,2.5,wave,3416,0,0,0.24795081967213115,True
25,7,45,0.0,0.0,2.5,wave,3300,0,0,0.2390909090909091,True
25,7,46,0.0,0.0,2.5,wave,3213,0,0,0.23902894491129786,True
25,7,47,0.0,0.0,2.5,wave,3147,0,0,0.23546234509056244,True
25,7,48,0.0,0.0,2.5,wave,3130,0,0,0.2402555910543131,True
25,7,49,0.0,0.0,2.5,wave,3099,0,0,0.24136818328493062,True
25,7,50,0.0,0.0,2.5,wave,3070,0,0,0.24397394136807818,True
25,7,51,0.0,0.0,2.5,wave,3041,0,0,0.2453140414337389,True
25,7,52,0.0,0.0,2.5,wave,3015,0,0,0.248424543946932,True
25,8,1,0.0,0.0,2.5,wave,2991,0,0,0.25108659311267134,True
25,8,2,0.0,0.0,2.5,wave,2959,0,0,0.25380196012166273,True
25,8,3,0.0,0.0,2.5,wave,2934,0,0,0.25426039536468986,True
25,8,4,0.0,0.0,2.5,wave,2892,0,0,0.2551867219917012,True
25,8,5,0.0,0.0,2.5,wave,2863,0,0,0.2581208522528816,True
25,8,6,0.0,0.0,2.5,wave,2825,0,0,0.2584070796460177,True
25,8,7,0.0,0.0,2.5,wave,2805,0,0,0.2620320855614973,True
25,8,8,0.0,0.0,2.5,wave,2755,0,0,0.2653357531760436,True
25,8,9,0.0,0.0,2.5,wave,2724,0,0,0.26615271659324524,True
25,8,10,0.0,0.0,2.5,wave,2687,0,0,0.2672125046520283,True
25,8,11,0.0,0.0,2.5,wave,2660,0,0,0.26842105263157895,True
25,8,12,0.0,0.0,2.5,wave,2619,0,0,0.2710958381061474,True
25,8,13,0.0,0.0,2.5,wave,2592,0,0,0.27391975308641975,True
25,8,14,0.0,0.0,2.5,wave,2543,0,0,0.2760519071962249,True
25,8,15,0.0,0.0,2.5,wave,2515,0,0,0.2811133200795229,True
25,8,16,0.0,0.0,2.5,wave,2483,0,0,0.28393072895690696,True
25,8,17,0.0,0.0,2.5,wave,2466,0,0,0.28791565287915655,True
25,8,18,0.0,0.0,2.5,wave,5418,0,0,0.1315983757844223,True
25,8,19,0.0,0.0,2.5,wave,5345,0,0,0.13283442469597756,True
25,8,20,0.0,0.0,2.5,wave,5229,0,0,0.13539873780837636,True
25,8,21,0.0,0.0,2.5,wave,5104,0,0,0.13891065830721003,True
25,8,22,0.0,0.0,2.5,wave,5026,0,0,0.14206128133704735,True
25,8,23,0.0,0.0,2.5,wave,4907,0,0,0.1448950478907683,True
25,8,24,0.0,0.0,2.5,wave,4795,0,0,0.14681960375391032,True
25,8,25,0.0,0.0,2.5,wave,4696,0,0,0.15076660988074958,True
25,8,26,0.0,0.0,2.5,wave,4622,0,0,0.1536131544785807,True
25,8,27,0.0,0.0,2.5,wave,4544,0,0,0.15713028169014084,True
25,8,28,0.0,0.0,2.5,wave,4473,0,0,0.16074223116476638,True
25,8,29,0.0,0.0,2.5,wave,4406,0,0,0.16386745347253745,True
25,8,30,0.0,0.0,2.5,wave,4296,0,0,0.16713221601489758,True
25,8,31,0.0,0.0,2.5,wave,4236,0,0,0.17115203021718603,True
25,8,32,0.0,0.0,2.5,wave,4159,0,0,0.17383986535224813,True
25,8,33,0.0,0.0,2.5,wave,4103,0,0,0.1769436997319035,True
25,8,34,0.0,0.0,2.5,wave,4036,0,0,0.17913776015857286,True
25,8,35,0.0,0.0,2.5,wave,3948,0,0,0.1828774062816616,True
25,8,36,0.0,0.0,2.5,wave,3875,0,0,0.18554838709677418,True
25,8,37,0.0,0.0,2.5,wave,3836,0,0,0.18925964546402502,True
25,8,38,0.0,0.0,2.5,wave,3785,0,0,0.19233817701453104,True
25,8,39,0.0,0.0,2.5,wave,3740,0,0,0.19572192513368983,True
25,8,40,0.0,0.0,2.5,wave,3698,0,0,0.19983775013520821,True
25,8,41,0.0,0.0,2.5,wave,3652,0,0,0.2009857612267251,True
25,8,42,0.0,0.0,2.5,wave,3618,0,0,0.20536207849640686,True
25,8,43,0.0,0.0,2.5,wave,3971,0,0,0.266683455049106,True
25,8,44,0.0,0.0,2.5,wave,3761,0,0,0.24541345386865196,True
25,8,45,0.0,0.0,2.5,wave,3623,0,0,0.23902842947833286,True
25,8,46,0.0,0.0,2.5,wave,3545,0,0,0.2372355430183357,True
25,8,47,0.0,0.0,2.5,wave,3517,0,0,0.243104918965027,True
25,8,48,0.0,0.0,2.5,wave,3498,0,0,0.24614065180102915,True
25,8,49,0.0,0.0,2.5,wave,3468,0,0,0.2508650519031142,True
25,8,50,0.0,0.0,2.5,wave,3441,0,0,0.25225225225225223,True
25,8,51,0.0,0.0,2.5,wave,3422,0,0,0.2533606078316774,True
25,8,52,0.0,0.0,2.5,wave,3397,0,0,0.2558139534883721,True
25,9,1,0.0,0.0,2.5,wave,3378,0,0,0.2596210775606868,True
25,9,2,0.0,0.0,2.5,wave,3356,0,0,0.2637067938021454,True
25,9,3,0.0,0.0,2.5,wave,3325,0,0,0.2625563909774436,True
25,9,4,0.0,0.0,2.5,wave,3302,0,0,0.26589945487583283,True
25,9,5,0.0,0.0,2.5,wave,3276,0,0,0.268009768009768,True
25,9,6,0.0,0.0,2.5,wave,3247,0,0,0.2716353557129658,True
25,9,7,0.0,0.0,2.5,wave,3212,0,0,0.2724159402241594,True
25,9,8,0.0,0.0,2.5,wave,3184,0,0,0.2754396984924623,True
25,9,9,0.0,0.0,2.5,wave,3153,0,0,0.27751347922613384,True
25,9,10,0.0,0.0,2.5,wave,3115,0,0,0.28346709470304976,True
25,9,11,0.0,0.0,2.5,wave,3071,0,0,0.2859003581895148,True
25,9,12,0.0,0.0,2.5,wave,3025,0,0,0.29024793388429754,True
25,9,13,0.0,0.0,2.5,wave,2989,0,0,0.2927400468384075,True
25,9,14,0.0,0.0,2.5,wave,2950,0,0,0.29694915254237286,True
25,9,15,0.0,0.0,2.5,wave,2923,0,0,0.2996920971604516,True
25,9,16,0.0,0.0,2.5,wave,2894,0,0,0.30234968901174847,True
25,9,17,0.0,0.0,2.5,wave,2862,0,0,0.3039832285115304,True
25,9,18,0.0,0.0,2.5,wave,6036,0,0,0.13369781312127235,True
25,9,19,0.0,0.0,2.5,wave,5938,0,0,0.13607275176827213,True
25,9,20,0.0,0.0,2.5,wave,5808,0,0,0.13911845730027547,True
25,9,21,0.0,0.0,2.5,wave,5681,0,0,0.1425805315965499,True
25,9,22,0.0,0.0,2.5,wave,5558,0,0,0.14627563871896365,True
25,9,23,0.0,0.0,2.5,wave,5432,0,0,0.14966863033873343,True
25,9,24,0.0,0.0,2.5,wave,5323,0,0,0.15292128498966748,True
25,9,25,0.0,0.0,2.5,wave,5204,0,0,0.1550730207532667,True
25,9,26,0.0,0.0,2.5,wave,5107,0,0,0.15703935774427258,True
25,9,27,0.0,0.0,2.5,wave,4996,0,0,0.16172938350680544,True
25,9,28,0.0,0.0,2.5,wave,4900,0,0,0.1653061224489796,True
25,9,29,0.0,0.0,2.5,wave,4807,0,0,0.16871229457041814,True
25,9,30,0.0,0.0,2.5,wave,4727,0,0,0.17262534376983288,True
25,9,31,0.0,0.0,2.5,wave,4616,0,0,0.17590987868284227,True
25,9,32,0.0,0.0,2.5,wave,4539,0,0,0.17955496805463758,True
25,9,33,0.0,0.0,2.5,wave,4474,0,0,0.18328118015198927,True
25,9,34,0.0,0.0,2.5,wave,4411,0,0,0.18680571299025164,True
25,9,35,0.0,0.0,2.5,wave,4347,0,0,0.18955601564297217,True
25,9,36,0.0,0.0,2.5,wave,4277,0,0,0.19312602291325695,True
25,9,37,0.0,0.0,2.5,wave,4202,0,0,0.19728700618752976,True
25,9,38,0.0,0.0,2.5,wave,4162,0,0,0.20014416146083613,True
25,9,39,0.0,0.0,2.5,wave,4103,0,0,0.20253473068486474,True
25,9,40,0.0,0.0,2.5,wave,4049,0,0,0.20375401333662632,True
25,9,41,0.0,0.0,2.5,wave,4008,0,0,0.20733532934131738,True
25,9,42,0.0,0.0,2.5,wave,3947,0,0,0.21079300734735243,True
25,9,43,0.0,0.0,2.5,wave,4212,0,0,0.2611585944919278,True
25,9,44,0.0,0.0,2.5,wave,3993,0,0,0.24267468069120962,True
25,9,45,0.0,0.0,2.5,wave,3862,0,0,0.23381667529777317,True
25,9,46,0.0,0.0,2.5,wave,3765,0,0,0.2305444887118194,True
25,9,47,0.0,0.0,2.5,wave,3722,0,0,0.2353573347662547,True
25,9,48,0.0,0.0,2.5,wave,3687,0,0,0.23867643070246813,True
25,9,49,0.0,0.0,2.5,wave,3667,0,0,0.2399781838014726,True
25,9,50,0.0,0.0,2.5,wave,3639,0,0,0.24347348172574884,True
25,9,51,0.0,0.0,2.5,wave,3605,0,0,0.2446601941747573,True
25,9,52,0.0,0.0,2.5,wave,3569,0,0,0.24628747548332866,True
25,10,1,0.0,0.0,2.5,wave,3523,0,0,0.2492194152710758,True
25,10,2,0.0,0.0,2.5,wave,3499,0,0,0.2509288368105173,True
25,10,3,0.0,0.0,2.5,wave,3461,0,0,0.25368390638543775,True
25,10,4,0.0,0.0,2.5,wave,3421,0,0,0.2551885413621748,True
25,10,5,0.0,0.0,2.5,wave,3390,0,0,0.25899705014749264,True
25,10,6,0.0,0.0,2.5,wave,3343,0,0,0.2590487586000598,True
25,10,7,0.0,0.0,2.5,wave,3314,0,0,0.26101388050694024,True
25,10,8,0.0,0.0,2.5,wave,3279,0,0,0.2631899969502897,True
25,10,9,0.0,0.0,2.5,wave,3242,0,0,0.2665021591610117,True
25,10,10,0.0,0.0,2.5,wave,3206,0,0,0.267935121646912,True
25,10,11,0.0,0.0,2.5,wave,3169,0,0,0.2710634269485642,True
25,10,12,0.0,0.0,2.5,wave,3133,0,0,0.2722630067028407,True
25,10,13,0.0,0.0,2.5,wave,3101,0,0,0.2741051273782651,True
25,10,14,0.0,0.0,2.5,wave,3066,0,0,0.2788649706457926,True
25,10,15,0.0,0.0,2.5,wave,3038,0,0,0.2794601711652403,True
25,10,16,0.0,0.0,2.5,wave,3008,0,0,0.28091755319148937,True
25,10,17,0.0,0.0,2.5,wave,2982,0,0,0.28303152246814217,True
25,10,18,0.0,0.0,2.5,wave,6403,0,0,0.12775261596126816,True
25,10,19,0.0,0.0,2.5,wave,6312,0,0,0.13022813688212928,True
25,10,20,0.0,0.0,2.5,wave,6195,0,0,0.13317191283292978,True
25,10,21,0.0,0.0,2.5,wave,6051,0,0,0.13568005288382085,True
25,10,22,0.0,0.0,2.5,wave,5913,0,0,0.13918484694740402,True
25,10,23,0.0,0.0,2.5,wave,5814,0,0,0.14258685930512555,True
25,10,24,0.0,0.0,2.5,wave,5680,0,0,0.14612676056338028,True
25,10,25,0.0,0.0,2.5,wave,5571,0,0,0.1488063184347514,True
25,10,26,0.0,0.0,2.5,wave,5475,0,0,0.1521461187214612,True
25,10,27,0.0,0.0,2.5,wave,5391,0,0,0.15655722500463737,True
25,10,28,0.0,0.0,2.5,wave,5312,0,0,0.16076807228915663,True
25,10,29,0.0,0.0,2.5,wave,5222,0,0,0.16411336652623515,True
25,10,30,0.0,0.0,2.5,wave,5127,0,0,0.1673493270918666,True
25,10,31,0.0,0.0,2.5,wave,5047,0,0,0.16980384386764413,True
25,10,32,0.0,0.0,2.5,wave,4981,0,0,0.1734591447500502,True
25,10,33,0.0,0.0,2.5,wave,4902,0,0,0.17686658506731945,True
25,10,34,0.0,0.0,2.5,wave,4804,0,0,0.17964196502914237,True
25,10,35,0.0,0.0,2.5,wave,4724,0,0,0.18204911092294665,True
25,10,36,0.0,0.0,2.5,wave,4645,0,0,0.18622174381054898,True
25,10,37,0.0,0.0,2.5,wave,4591,0,0,0.18710520583750817,True
25,10,38,0.0,0.0,2.5,wave,4533,0,0,0.1899404367968233,True
25,10,39,0.0,0.0,2.5,wave,4488,0,0,0.19206773618538325,True
25,10,40,0.0,0.0,2.5,wave,4437,0,0,0.19585305386522425,True
25,10,41,0.0,0.0,2.5,wave,4392,0,0,0.19854280510018216,True
25,10,42,0.0,0.0,2.5,wave,4340,0,0,0.20138248847926268,True
25,10,43,0.0,0.0,2.5,wave,4678,0,0,0.25609234715690465,True
25,10,44,0.0,0.0,2.5,wave,4417,0,0,0.23907629612859407,True
25,10,45,0.0,0.0,2.5,wave,4250,0,0,0.23011764705882354,True
25,10,46,0.0,0.0,2.5,wave,4182,0,0,0.22907699665231945,True
25,10,47,0.0,0.0,2.5,wave,4129,0,0,0.22741583918624364,True
25,10,48,0.0,0.0,2.5,wave,4100,0,0,0.2280487804878049,True
25,10,49,0.0,0.0,2.5,wave,4049,0,0,0.23215608792294393,True
25,10,50,0.0,0.0,2.5,wave,4020,0,0,0.23432835820895523,True
25,10,51,0.0,0.0,2.5,wave,3970,0,0,0.23551637279596976,True
25,10,52,0.0,0.0,2.5,wave,3923,0,0,0.23808309966862096,True
25,11,1,0.0,0.0,2.5,wave,3887,0,0,0.23694365834834064,True
25,11,2,0.0,0.0,2.5,wave,3852,0,0,0.24143302180685358,True
25,11,3,0.0,0.0,2.5,wave,3814,0,0,0.24278972207656005,True
25,11,4,0.0,0.0,2.5,wave,3762,0,0,0.24481658692185007,True
25,11,5,0.0,0.0,2.5,wave,3741,0,0,0.2453889334402566,True
25,11,6,0.0,0.0,2.5,wave,3706,0,0,0.24608742579600648,True
25,11,7,0.0,0.0,2.5,wave,3664,0,0,0.24754366812227074,True
25,11,8,0.0,0.0,2.5,wave,3621,0,0,0.24855012427506215,True
25,11,9,0.0,0.0,2.5,wave,3583,0,0,0.2497906782026235,True
25,11,10,0.0,0.0,2.5,wave,3549,0,0,0.2516201746970978,True
25,11,11,0.0,0.0,2.5,wave,3519,0,0,0.2534811025859619,True
25,11,12,0.0,0.0,2.5,wave,3469,0,0,0.2559815508792159,True
25,11,13,0.0,0.0,2.5,wave,3433,0,0,0.2560442761433149,True
25,11,14,0.0,0.0,2.5,wave,3391,0,0,0.2580359775877322,True
25,11,15,0.0,0.0,2.5,wave,3356,0,0,0.26102502979737785,True
25,11,16,0.0,0.0,2.5,wave,3320,0,0,0.26385542168674697,True
25,11,17,0.0,0.0,2.5,wave,3289,0,0,0.2648221343873518,True
25,11,18,0.0,0.0,2.5,wave,7139,0,0,0.11752346266984172,True
25,11,19,0.0,0.0,2.5,wave,7042,0,0,0.12013632490769667,True
25,11,20,0.0,0.0,2.5,wave,6911,0,0,0.1215453624656345,True
25,11,21,0.0,0.0,2.5,wave,6760,0,0,0.12322485207100592,True
25,11,22,0.0,0.0,2.5,wave,6628,0,0,0.12613156306578152,True
25,11,23,0.0,0.0,2.5,wave,6459,0,0,0.1311348505960675,True
25,11,24,0.0,0.0,2.5,wave,6287,0,0,0.13519961825990137,True
25,11,25,0.0,0.0,2.5,wave,6170,0,0,0.13841166936790925,True
25,11,26,0.0,0.0,2.5,wave,6010,0,0,0.14242928452579035,True
25,11,27,0.0,0.0,2.5,wave,5915,0,0,0.1448858833474218,True
25,11,28,0.0,0.0,2.5,wave,5790,0,0,0.14853195164075994,True
25,11,29,0.0,0.0,2.5,wave,5658,0,0,0.15270413573700956,True
25,11,30,0.0,0.0,2.5,wave,5575,0,0,0.15426008968609867,True
25,11,31,0.0,0.0,2.5,wave,5480,0,0,0.15784671532846714,True
25,11,32,0.0,0.0,2.5,wave,5356,0,0,0.1631814787154593,True
25,11,33,0.0,0.0,2.5,wave,5257,0,0,0.16682518546699637,True
25,11,34,0.0,0.0,2.5,wave,5168,0,0,0.17047213622291021,True
25,11,35,0.0,0.0,2.5,wave,5099,0,0,0.17317121004118455,True
25,11,36,0.0,0.0,2.5,wave,5015,0,0,0.1772681954137587,True
25,11,37,0.0,0.0,2.5,wave,4928,0,0,0.18019480519480519,True
25,11,38,0.0,0.0,2.5,wave,4883,0,0,0.18226500102396068,True
25,11,39,0.0,0.0,2.5,wave,4822,0,0,0.18457071754458731,True
25,11,40,0.0,0.0,2.5,wave,4756,0,0,0.1862910008410429,True
25,11,41,0.0,0.0,2.5,wave,4713,0,0,0.1888393804370889,True
25,11,42,0.0,0.0,2.5,wave,4663,0,0,0.1923654299806991,True
25,11,43,0.0,0.0,2.5,wave,5002,0,0,0.24450219912035187,True
25,11,44,0.0,0.0,2.5,wave,4748,0,0,0.22620050547598988,True
25,11,45,0.0,0.0,2.5,wave,4576,0,0,0.2165646853146853,True
25,11,46,0.0,0.0,2.5,wave,4449,0,0,0.21465497864688693,True
25,11,47,0.0,0.0,2.5,wave,4343,0,0,0.21459820400644716,True
25,11,48,0.0,0.0,2.5,wave,4278,0,0,0.21622253389434315,True
25,11,49,0.0,0.0,2.5,wave,4189,0,0,0.21795177846741465,True
25,11,50,0.0,0.0,2.5,wave,4128,0,0,0.21996124031007752,True
25,11,51,0.0,0.0,2.5,wave,4079,0,0,0.2230938955626379,True
25,11,52,0.0,0.0,2.5,wave,4025,0,0,0.2236024844720497,True
26,1,1,0.0,0.0,2.5,wave,2816,0,0,0.002840909090909091,True
26,1,2,0.0,0.0,2.5,wave,2790,0,0,0.0060931899641577065,True
26,1,3,0.0,0.0,2.5,wave,2727,0,0,0.008067473414008068,True
26,1,4,0.0,0.0,2.5,wave,2668,0,0,0.011244377811094454,True
26,1,5,0.0,0.0,2.5,wave,2646,0,0,0.01436130007558579,True
26,1,6,0.0,0.0,2.5,wave,2607,0,0,0.01802838511699271,True
26,1,7,0.0,0.0,2.5,wave,2583,0,0,0.018970189701897018,True
26,1,8,0.0,0.0,2.5,wave,2541,0,0,0.021645021645021644,True
26,1,9,0.0,0.0,2.5,wave,2517,0,0,0.023837902264600714,True
26,1,10,0.0,0.0,2.5,wave,2490,0,0,0.02570281124497992,True
26,1,11,0.0,0.0,2.5,wave,2469,0,0,0.02713649250708789,True
26,1,12,0.0,0.0,2.5,wave,2443,0,0,0.02865329512893983,True
26,1,13,0.0,0.0,2.5,wave,2423,0,0,0.03095336359884441,True
26,1,14,0.0,0.0,2.5,wave,2409,0,0,0.034039020340390205,True
26,1,15,0.0,0.0,2.5,wave,2393,0,0,0.03426661094860008,True
26,1,16,0.0,0.0,2.5,wave,2380,0,0,0.03529411764705882,True
26,1,17,0.0,0.0,2.5,wave,2368,0,0,0.036739864864864864,True
26,1,18,0.0,0.0,2.5,wave,6866,0,0,0.014855811243810078,True
26,1,19,0.0,0.0,2.5,wave,6740,0,0,0.01691394658753709,True
26,1,20,0.0,0.0,2.5,wave,6614,0,0,0.019201693377683703,True
26,1,21,0.0,0.0,2.5,wave,6507,0,0,0.021515291224834792,True
26,1,22,0.0,0.0,2.5,wave,6352,0,0,0.02392947103274559,True
26,1,23,0.0,0.0,2.5,wave,6226,0,0,0.026019916479280435,True
26,1,24,0.0,0.0,2.5,wave,6086,0,0,0.028918830101873152,True
26,1,25,0.0,0.0,2.5,wave,5958,0,0,0.03121852970795569,True
26,1,26,0.0,0.0,2.5,wave,5811,0,0,0.0323524350369988,True
26,1,27,0.0,0.0,2.5,wave,5679,0,0,0.03468920584609966,True
26,1,28,0.0,0.0,2.5,wave,5550,0,0,0.03711711711711712,True
26,1,29,0.0,0.0,2.5,wave,5431,0,0,0.03885104032406555,True
26,1,30,0.0,0.0,2.5,wave,5358,0,0,0.04124673385591639,True
26,1,31,0.0,0.0,2.5,wave,5223,0,0,0.04384453379283936,True
26,1,32,0.0,0.0,2.5,wave,5160,0,0,0.044767441860465114,True
26,1,33,0.0,0.0,2.5,wave,5043,0,0,0.046995835812016655,True
26,1,34,0.0,0.0,2.5,wave,4929,0,0,0.050314465408805034,True
26,1,35,0.0,0.0,2.5,wave,4825,0,0,0.0522279792746114,True
26,1,36,0.0,0.0,2.5,wave,4778,0,0,0.05567182921724571,True
26,1,37,0.0,0.0,2.5,wave,4682,0,0,0.057026911576249464,True
26,1,38,0.0,0.0,2.5,wave,4614,0,0,0.05851755526657997,True
26,1,39,0.0,0.0,2.5,wave,4544,0,0,0.05985915492957746,True
26,1,40,0.0,0.0,2.5,wave,4471,0,0,0.06284947439051666,True
26,1,41,0.0,0.0,2.5,wave,4398,0,0,0.06480218281036836,True
26,1,42,0.0,0.0,2.5,wave,4337,0,0,0.06686649757897165,True
26,1,43,0.0,0.0,2.5,wave,4412,0,0,0.09247506799637353,True
26,1,44,0.0,0.0,2.5,wave,4314,0,0,0.0917941585535466,True
26,1,45,0.0,0.0,2.5,wave,4263,0,0,0.09218859957776214,True
26,1,46,0.0,0.0,2.5,wave,4175,0,0,0.09125748502994012,True
26,1,47,0.0,0.0,2.5,wave,4127,0,0,0.09401502301914223,True
26,1,48,0.0,0.0,2.5,wave,4046,0,0,0.09466139396935244,True
26,1,49,0.0,0.0,2.5,wave,3959,0,0,0.09648901237686285,True
26,1,50,0.0,0.0,2.5,wave,3910,0,0,0.10025575447570333,True
26,1,51,0.0,0.0,2.5,wave,3852,0,0,0.10358255451713395,True
26,1,52,0.0,0.0,2.5,wave,3808,0,0,0.10582983193277311,True
26,2,1,0.0,0.0,2.5,wave,3752,25,4,0.10740938166311301,False
26,2,2,0.0,0.0,2.5,wave,3699,31,11,0.10975939443092728,False
26,2,3,0.0,0.0,2.5,wave,3653,44,13,0.11442649876813578,False
26,2,4,0.0,0.0,2.5,wave,3594,51,18,0.11769616026711185,False
26,2,5,0.0,0.0,2.5,wave,3541,70,21,0.11945778028805422,False
26,2,6,0.0,0.0,2.5,wave,3475,75,23,0.1223021582733813,False
26,2,7,0.0,0.0,2.5,wave,3415,91,30,0.1253294289897511,False
26,2,8,0.0,0.0,2.5,wave,3339,115,32,0.12848158131176998,False
26,2,9,0.0,0.0,2.5,wave,3279,140,32,0.13327233912778286,False
26,2,10,0.0,0.0,2.5,wave,3212,158,47,0.13480697384806975,False
26,2,11,0.0,0.0,2.5,wave,3164,178,66,0.13843236409608092,False
26,2,12,0.0,0.0,2.5,wave,3093,178,71,0.13999353378596832,False
26,2,13,0.0,0.0,2.5,wave,3023,174,66,0.14356599404565,False
26,2,14,0.0,0.0,2.5,wave,2944,161,77,0.14605978260869565,False
26,2,15,0.0,0.0,2.5,wave,2868,151,65,0.1506276150627615,False
26,2,16,0.0,0.0,2.5,wave,2786,134,54,0.15362526920315864,False
26,2,17,0.0,0.0,2.5,wave,2731,151,55,0.1545221530574881,False
26,2,18,0.0,0.0,2.5,wave,5274,151,50,0.08115282518012894,False
26,2,19,0.0,0.0,2.5,wave,5129,171,53,0.0844219146032365,False
26,2,20,0.0,0.0,2.5,wave,4925,196,67,0.0901522842639594,False
26,2,21,0.0,0.0,2.5,wave,4809,218,70,0.09274277396548139,False
26,2,22,0.0,0.0,2.5,wave,4647,227,64,0.09705186141596729,False
26,2,23,0.0,0.0,2.5,wave,4487,225,77,0.10184978827724538,False
26,2,24,0.0,0.0,2.5,wave,4377,222,86,0.10509481379940598,False
26,2,25,0.0,0.0,2.5,wave,4254,221,96,0.10930888575458392,False
26,2,26,0.0,0.0,2.5,wave,4132,212,91,0.1122942884801549,False
26,2,27,0.0,0.0,2.5,wave,3977,199,81,0.11792808649735982,False
26,2,28,0.0,0.0,2.5,wave,3847,184,70,0.1221731219131791,False
26,2,29,0.0,0.0,2.5,wave,3740,168,58,0.1270053475935829,False
26,2,30,0.0,0.0,2.5,wave,3637,177,55,0.13087709650811108,False
26,2,31,0.0,0.0,2.5,wave,3499,157,53,0.13546727636467562,False
26,2,32,0.0,0.0,2.5,wave,3403,146,61,0.13870114604760506,False
26,2,33,0.0,0.0,2.5,wave,3306,141,59,0.14186327888687236,False
26,2,34,0.0,0.0,2.5,wave,3229,134,56,0.14555589965933727,False
26,2,35,0.0,0.0,2.5,wave,3131,127,51,0.14979239859469817,False
26,2,36,0.0,0.0,2.5,wave,3050,123,45,0.1557377049180328,False
26,2,37,0.0,0.0,2.5,wave,2941,120,42,0.16150969058143488,False
26,2,38,0.0,0.0,2.5,wave,2895,116,43,0.16580310880829016,False
26,2,39,0.0,0.0,2.5,wave,2838,108,48,0.17089499647639184,False
26,2,40,0.0,0.0,2.5,wave,2783,103,43,0.1742723679482573,False
26,2,41,0.0,0.0,2.5,wave,2719,91,35,0.17763883780801765,False
26,2,42,0.0,0.0,2.5,wave,2674,95,37,0.1824981301421092,False
26,2,43,0.0,0.0,2.5,wave,2762,94,38,0.21361332367849384,False
26,2,44,0.0,0.0,2.5,wave,2658,79,34,0.2091798344620015,False
26,2,45,0.0,0.0,2.5,wave,2569,66,32,0.21214480342545738,False
26,2,46,0.0,0.0,2.5,wave,2525,59,26,0.21702970297029703,False
26,2,47,0.0,0.0,2.5,wave,2451,47,21,0.21705426356589147,False
26,2,48,0.0,0.0,2.5,wave,2410,50,21,0.2236514522821577,False
26,2,49,0.0,0.0,2.5,wave,2363,46,16,0.2264071096064325,False
26,2,50,0.0,0.0,2.5,wave,2340,42,17,0.23162393162393163,False
26,2,51,0.0,0.0,2.5,wave,2316,35,12,0.23402417962003455,False
26,2,52,0.0,0.0,2.5,wave,2281,30,12,0.2376150811047786,False
26,3,1,0.0,0.0,2.5,wave,2264,34,17,0.2398409893992933,False
26,3,2,0.0,0.0,2.5,wave,2235,35,15,0.24742729306487696,False
26,3,3,0.0,0.0,2.5,wave,2198,34,11,0.24886260236578708,False
26,3,4,0.0,0.0,2.5,wave,2173,31,12,0.25034514496088356,False
26,3,5,0.0,0.0,2.5,wave,2139,30,15,0.2515194015895278,False
26,3,6,0.0,0.0,2.5,wave,2125,27,12,0.25741176470588234,False
26,3,7,0.0,0.0,2.5,wave,2093,24,9,0.2618251313903488,False
26,3,8,0.0,0.0,2.5,wave,2067,22,8,0.2641509433962264,False
26,3,9,0.0,0.0,2.5,wave,2034,20,9,0.2694198623402163,False
26,3,10,0.0,0.0,2.5,wave,2001,30,8,0.271864067966017,False
26,3,11,0.0,0.0,2.5,wave,1972,29,8,0.2712981744421907,False
26,3,12,0.0,0.0,2.5,wave,1957,30,19,0.27082268778742974,False
26,3,13,0.0,0.0,2.5,wave,1940,31,16,0.2737113402061856,False
26,3,14,0.0,0.0,2.5,wave,1903,18,7,0.2764056752496059,False
26,3,15,0.0,0.0,2.5,wave,1881,17,10,0.2807017543859649,False
26,3,16,0.0,0.0,2.5,wave,1864,20,10,0.28487124463519314,False
26,3,17,0.0,0.0,2.5,wave,1843,18,5,0.28703201302224635,False
26,3,18,0.0,0.0,2.5,wave,4151,14,6,0.12936641773066732,False
26,3,19,0.0,0.0,2.5,wave,4044,32,9,0.13254203758654798,False
26,3,20,0.0,0.0,2.5,wave,3947,34,7,0.13554598429186723,False
26,3,21,0.0,0.0,2.5,wave,3856,42,8,0.14030082987551867,False
26,3,22,0.0,0.0,2.5,wave,3772,47,14,0.14369034994697774,False
26,3,23,0.0,0.0,2.5,wave,3683,56,18,0.14879174585935379,False
26,3,24,0.0,0.0,2.5,wave,3612,60,16,0.15282392026578073,False
26,3,25,0.0,0.0,2.5,wave,3516,59,25,0.15756541524459614,False
26,3,26,0.0,0.0,2.5,wave,3448,57,26,0.1609628770301624,False
26,3,27,0.0,0.0,2.5,wave,3371,52,14,0.16345298131118363,False
26,3,28,0.0,0.0,2.5,wave,3281,51,13,0.16702224931423346,False
26,3,29,0.0,0.0,2.5,wave,3212,56,19,0.17216687422166874,False
26,3,30,0.0,0.0,2.5,wave,3146,55,23,0.1760966306420852,False
26,3,31,0.0,0.0,2.5,wave,3069,55,23,0.18214402085369827,False
26,3,32,0.0,0.0,2.5,wave,3012,47,18,0.18227091633466136,False
26,3,33,0.0,0.0,2.5,wave,2943,42,14,0.1872239211688753,False
26,3,34,0.0,0.0,2.5,wave,2890,40,16,0.1903114186851211,False
26,3,35,0.0,0.0,2.5,wave,2833,35,15,0.1941404871161313,False
26,3,36,0.0,0.0,2.5,wave,2751,33,10,0.20174482006543076,False
26,3,37,0.0,0.0,2.5,wave,2671,29,9,0.2059153874953201,False
26,3,38,0.0,0.0,2.5,wave,2637,30,8,0.21008722032612817,False
26,3,39,0.0,0.0,2.5,wave,2589,30,10,0.21359598300502125,False
26,3,40,0.0,0.0,2.5,wave,2557,32,14,0.214704732107939,False
26,3,41,0.0,0.0,2.5,wave,2531,28,15,0.21849071513235876,False
26,3,42,0.0,0.0,2.5,wave,2488,21,8,0.22266881028938906,False
26,3,43,0.0,0.0,2.5,wave,2679,18,6,0.2612915266890631,False
26,3,44,0.0,0.0,2.5,wave,2580,16,4,0.2527131782945736,False
26,3,45,0.0,0.0,2.5,wave,2548,14,8,0.25313971742543173,False
26,3,46,0.0,0.0,2.5,wave,2512,17,9,0.25477707006369427,False
26,3,47,0.0,0.0,2.5,wave,2477,10,4,0.25756964069438837,False
26,3,48,0.0,0.0,2.5,wave,2432,11,5,0.2582236842105263,False
26,3,49,0.0,0.0,2.5,wave,2405,10,4,0.2598752598752599,False
26,3,50,0.0,0.0,2.5,wave,2382,7,2,0.26574307304785894,False
26,3,51,0.0,0.0,2.5,wave,2336,7,3,0.2688356164383562,False
26,3,52,0.0,0.0,2.5,wave,2321,7,4,0.27488151658767773,False
26,4,1,0.0,0.0,2.5,wave,2290,7,2,0.27685589519650655,False
26,4,2,0.0,0.0,2.5,wave,2275,5,2,0.28,False
26,4,3,0.0,0.0,2.5,wave,2240,7,3,0.28035714285714286,False
26,4,4,0.0,0.0,2.5,wave,2221,6,3,0.2854570013507429,False
26,4,5,0.0,0.0,2.5,wave,2190,8,3,0.28904109589041094,False
26,4,6,0.0,0.0,2.5,wave,2160,7,4,0.29074074074074074,False
26,4,7,0.0,0.0,2.5,wave,2134,10,3,0.2928772258669166,False
26,4,8,0.0,0.0,2.5,wave,2106,7,2,0.29534662867996203,False
26,4,9,0.0,0.0,2.5,wave,2084,8,2,0.30038387715930903,False
26,4,10,0.0,0.0,2.5,wave,2050,6,2,0.30390243902439024,False
26,4,11,0.0,0.0,2.5,wave,2029,8,4,0.3080335140463282,False
26,4,12,0.0,0.0,2.5,wave,2005,9,4,0.3112219451371571,False
26,4,13,0.0,0.0,2.5,wave,1984,10,4,0.3160282258064516,False
26,4,14,0.0,0.0,2.5,wave,1968,11,4,0.31808943089430897,False
26,4,15,0.0,0.0,2.5,wave,1942,14,6,0.3208032955715757,False
26,4,16,0.0,0.0,2.5,wave,1915,16,4,0.3237597911227154,False
26,4,17,0.0,0.0,2.5,wave,1889,12,1,0.328215987294865,False
26,4,18,0.0,0.0,2.5,wave,4066,12,5,0.15199212985735366,False
26,4,19,0.0,0.0,2.5,wave,4006,20,8,0.15351972041937095,False
26,4,20,0.0,0.0,2.5,wave,3896,24,6,0.15811088295687886,False
26,4,21,0.0,0.0,2.5,wave,3826,21,5,0.1620491374803973,False
26,4,22,0.0,0.0,2.5,wave,3744,23,8,0.16533119658119658,False
26,4,23,0.0,0.0,2.5,wave,3645,25,10,0.16954732510288065,False
26,4,24,0.0,0.0,2.5,wave,3538,24,9,0.17297908422837763,False
26,4,25,0.0,0.0,2.5,wave,3402,24,5,0.17754262198706644,False
26,4,26,0.0,0.0,2.5,wave,3329,25,8,0.18113547611895464,False
26,4,27,0.0,0.0,2.5,wave,3270,23,11,0.1853211009174312,False
26,4,28,0.0,0.0,2.5,wave,3220,18,6,0.1891304347826087,False
26,4,29,0.0,0.0,2.5,wave,3148,12,1,0.19250317662007624,False
26,4,30,0.0,0.0,2.5,wave,3091,15,7,0.19411193788417988,False
26,4,31,0.0,0.0,2.5,wave,3034,17,8,0.1970995385629532,False
26,4,32,0.0,0.0,2.5,wave,2982,14,7,0.2022132796780684,False
26,4,33,0.0,0.0,2.5,wave,2914,19,7,0.20555936856554563,False
26,4,34,0.0,0.0,2.5,wave,2853,16,2,0.21205748335085875,False
26,4,35,0.0,0.0,2.5,wave,2821,13,4,0.21481744062389224,False
26,4,36,0.0,0.0,2.5,wave,2758,14,10,0.21791153009427122,False
26,4,37,0.0,0.0,2.5,wave,2705,13,7,0.222181146025878,False
26,4,38,0.0,0.0,2.5,wave,2668,7,2,0.22488755622188905,False
26,4,39,0.0,0.0,2.5,wave,2643,8,2,0.22890654559213017,False
26,4,40,0.0,0.0,2.5,wave,2615,9,4,0.2305927342256214,False
26,4,41,0.0,0.0,2.5,wave,2579,11,3,0.23187281892206282,False
26,4,42,0.0,0.0,2.5,wave,2553,7,2,0.2334508421464943,False
26,4,43,0.0,0.0,2.5,wave,2736,8,4,0.2737573099415205,False
26,4,44,0.0,0.0,2.5,wave,2619,7,4,0.2607865597556319,False
26,4,45,0.0,0.0,2.5,wave,2538,6,4,0.25925925925925924,False
26,4,46,0.0,0.0,2.5,wave,2506,4,3,0.2581803671189146,False
26,4,47,0.0,0.0,2.5,wave,2471,2,2,0.2602185350060704,False
26,4,48,0.0,0.0,2.5,wave,2437,3,1,0.2634386540828888,False
26,4,49,0.0,0.0,2.5,wave,2402,2,1,0.26602830974188174,False
26,4,50,0.0,0.0,2.5,wave,2371,3,1,0.2707718262336567,False
26,4,51,0.0,0.0,2.5,wave,2345,2,1,0.2720682302771855,False
26,4,52,0.0,0.0,2.5,wave,2317,10,1,0.2766508416055244,False
26,5,1,0.0,0.0,2.5,wave,2279,9,1,0.2786309784993418,False
26,5,2,0.0,0.0,2.5,wave,2253,11,4,0.2800710164225477,False
26,5,3,0.0,0.0,2.5,wave,2234,11,6,0.2837958818263205,False
26,5,4,0.0,0.0,2.5,wave,2203,13,4,0.28688152519291876,False
26,5,5,0.0,0.0,2.5,wave,2180,10,5,0.28807339449541286,False
26,5,6,0.0,0.0,2.5,wave,2157,16,4,0.2906815020862309,False
26,5,7,0.0,0.0,2.5,wave,2121,12,2,0.2956152758132956,False
26,5,8,0.0,0.0,2.5,wave,2093,15,5,0.2971810797897754,False
26,5,9,0.0,0.0,2.5,wave,2058,18,4,0.29980563654033043,False
26,5,10,0.0,0.0,2.5,wave,2036,23,6,0.30353634577603145,False
26,5,11,0.0,0.0,2.5,wave,2008,26,10,0.30727091633466136,False
26,5,12,0.0,0.0,2.5,wave,1975,23,12,0.30835443037974686,False
26,5,13,0.0,0.0,2.5,wave,1949,20,10,0.3099025141097999,False
26,5,14,0.0,0.0,2.5,wave,1916,16,6,0.31106471816283926,False
26,5,15,0.0,0.0,2.5,wave,1908,18,5,0.3149895178197065,False
26,5,16,0.0,0.0,2.5,wave,1878,19,6,0.3152289669861555,False
26,5,17,0.0,0.0,2.5,wave,1856,23,8,0.32112068965517243,False
26,5,18,0.0,0.0,2.5,wave,4012,22,10,0.14955134596211367,False
26,5,19,0.0,0.0,2.5,wave,3928,31,10,0.15224032586558045,False
26,5,20,0.0,0.0,2.5,wave,3807,28,10,0.15602836879432624,False
26,5,21,0.0,0.0,2.5,wave,3731,36,14,0.15947467166979362,False
26,5,22,0.0,0.0,2.5,wave,3661,37,12,0.16197760174815623,False
26,5,23,0.0,0.0,2.5,wave,3569,35,10,0.1658727934995797,False
26,5,24,0.0,0.0,2.5,wave,3469,40,13,0.17036609974055925,False
26,5,25,0.0,0.0,2.5,wave,3414,37,15,0.1751611013473931,False
26,5,26,0.0,0.0,2.5,wave,3344,33,15,0.17643540669856458,False
26,5,27,0.0,0.0,2.5,wave,3272,33,15,0.1800122249388753,False
26,5,28,0.0,0.0,2.5,wave,3201,36,12,0.18275538894095594,False
26,5,29,0.0,0.0,2.5,wave,3129,30,10,0.18759987216363055,False
26,5,30,0.0,0.0,2.5,wave,3081,31,11,0.19214540733528077,False
26,5,31,0.0,0.0,2.5,wave,3030,27,14,0.19834983498349834,False
26,5,32,0.0,0.0,2.5,wave,2975,26,14,0.2026890756302521,False
26,5,33,0.0,0.0,2.5,wave,2908,18,8,0.20701513067400276,False
26,5,34,0.0,0.0,2.5,wave,2826,17,8,0.2091295116772824,False
26,5,35,0.0,0.0,2.5,wave,2756,16,6,0.21335268505079827,False
26,5,36,0.0,0.0,2.5,wave,2697,13,4,0.21653689284390062,False
26,5,37,0.0,0.0,2.5,wave,2652,18,8,0.22134238310708898,False
26,5,38,0.0,0.0,2.5,wave,2592,15,8,0.22453703703703703,False
26,5,39,0.0,0.0,2.5,wave,2545,13,8,0.22789783889980353,False
26,5,40,0.0,0.0,2.5,wave,2521,14,6,0.23244744149147165,False
26,5,41,0.0,0.0,2.5,wave,2486,11,5,0.23652453740949317,False
26,5,42,0.0,0.0,2.5,wave,2458,12,5,0.23840520748576077,False
26,5,43,0.0,0.0,2.5,wave,2696,12,3,0.2882047477744807,False
26,5,44,0.0,0.0,2.5,wave,2587,11,5,0.28063393892539623,False
26,5,45,0.0,0.0,2.5,wave,2533,12,7,0.27753651796288986,False
26,5,46,0.0,0.0,2.5,wave,2491,9,5,0.2786029706945002,False
26,5,47,0.0,0.0,2.5,wave,2473,6,2,0.2846744844318641,False
26,5,48,0.0,0.0,2.5,wave,2418,4,2,0.2849462365591398,False
26,5,49,0.0,0.0,2.5,wave,2390,7,3,0.28870292887029286,False
26,5,50,0.0,0.0,2.5,wave,2350,6,2,0.29148936170212764,False
26,5,51,0.0,0.0,2.5,wave,2317,5,3,0.2904618040569702,False
26,5,52,0.0,0.0,2.5,wave,2296,10,3,0.2931184668989547,False
26,6,1,0.0,0.0,2.5,wave,2260,9,2,0.29469026548672567,False
26,6,2,0.0,0.0,2.5,wave,2252,9,3,0.29706927175843695,False
26,6,3,0.0,0.0,2.5,wave,2220,10,3,0.2981981981981982,False
26,6,4,0.0,0.0,2.5,wave,2196,10,4,0.30009107468123863,False
26,6,5,0.0,0.0,2.5,wave,2172,13,6,0.30432780847145485,False
26,6,6,0.0,0.0,2.5,wave,2145,15,5,0.303962703962704,False
26,6,7,0.0,0.0,2.5,wave,2123,13,5,0.3052284503061705,False
26,6,8,0.0,0.0,2.5,wave,2097,13,4,0.3066285169289461,False
26,6,9,0.0,0.0,2.5,wave,2073,13,5,0.30631934394597204,False
26,6,10,0.0,0.0,2.5,wave,2039,13,4,0.3094654242275625,False
26,6,11,0.0,0.0,2.5,wave,2014,9,3,0.3138033763654419,False
26,6,12,0.0,0.0,2.5,wave,2002,12,7,0.3146853146853147,False
26,6,13,0.0,0.0,2.5,wave,1976,10,6,0.32034412955465585,False
26,6,14,0.0,0.0,2.5,wave,1959,8,5,0.3231240428790199,False
26,6,15,0.0,0.0,2.5,wave,1931,8,3,0.32573795960642155,False
26,6,16,0.0,0.0,2.5,wave,1902,5,2,0.3286014721345952,False
26,6,17,0.0,0.0,2.5,wave,1892,6,3,0.3313953488372093,False
26,6,18,0.0,0.0,2.5,wave,4029,5,4,0.1551253412757508,False
26,6,19,0.0,0.0,2.5,wave,3971,9,3,0.15713925963233444,False
26,6,20,0.0,0.0,2.5,wave,3878,5,0,0.1621970087674059,False
26,6,21,0.0,0.0,2.5,wave,3813,5,2,0.16496197220036715,False
26,6,22,0.0,0.0,2.5,wave,3743,7,3,0.16697835960459526,False
26,6,23,0.0,0.0,2.5,wave,3679,4,3,0.1706985593911389,False
26,6,24,0.0,0.0,2.5,wave,3602,5,3,0.17601332593003888,False
26,6,25,0.0,0.0,2.5,wave,3524,2,1,0.18019296254256525,False
26,6,26,0.0,0.0,2.5,wave,3438,6,2,0.18382780686445607,False
26,6,27,0.0,0.0,2.5,wave,3362,7,1,0.18798334324806662,False
26,6,28,0.0,0.0,2.5,wave,3308,6,2,0.19105199516324062,False
26,6,29,0.0,0.0,2.5,wave,3242,8,2,0.19370758790869833,False
26,6,30,0.0,0.0,2.5,wave,3186,5,1,0.19868173258003766,False
26,6,31,0.0,0.0,2.5,wave,3118,9,2,0.2026940346375882,False
26,6,32,0.0,0.0,2.5,wave,3059,10,2,0.20496894409937888,False
26,6,33,0.0,0.0,2.5,wave,2971,8,4,0.20969370582295524,False
26,6,34,0.0,0.0,2.5,wave,2907,9,4,0.21018231854145167,False
26,6,35,0.0,0.0,2.5,wave,2838,5,2,0.2131782945736434,False
26,6,36,0.0,0.0,2.5,wave,2782,5,2,0.21603163191948238,False
26,6,37,0.0,0.0,2.5,wave,2733,8,2,0.2199048664471277,False
26,6,38,0.0,0.0,2.5,wave,2699,9,2,0.21971100407558355,False
26,6,39,0.0,0.0,2.5,wave,2661,10,5,0.22435174746335965,False
26,6,40,0.0,0.0,2.5,wave,2629,13,5,0.22670216812476227,False
26,6,41,0.0,0.0,2.5,wave,2605,12,3,0.2253358925143954,False
26,6,42,0.0,0.0,2.5,wave,2569,12,5,0.2273258077072791,False
26,6,43,0.0,0.0,2.5,wave,2859,10,6,0.2784190276320392,False
26,6,44,0.0,0.0,2.5,wave,2741,11,6,0.26924480116745714,False
26,6,45,0.0,0.0,2.5,wave,2665,7,3,0.2622889305816135,False
26,6,46,0.0,0.0,2.5,wave,2632,6,3,0.26177811550151975,False
26,6,47,0.0,0.0,2.5,wave,2600,5,3,0.2673076923076923,False
26,6,48,0.0,0.0,2.5,wave,2566,3,2,0.269680436477007,False
26,6,49,0.0,0.0,2.5,wave,2535,2,2,0.2733727810650888,False
26,6,50,0.0,0.0,2.5,wave,2509,1,1,0.2722200079713033,False
26,6,51,0.0,0.0,2.5,wave,2473,0,0,0.2729478366356652,True
26,6,52,0.0,0.0,2.5,wave,2438,0,0,0.27317473338802295,True
26,7,1,0.0,0.0,2.5,wave,2405,0,0,0.2781704781704782,True
26,7,2,0.0,0.0,2.5,wave,2370,0,0,0.280168776371308,True
26,7,3,0.0,0.0,2.5,wave,2352,0,0,0.280187074829932,True
26,7,4,0.0,0.0,2.5,wave,2332,0,0,0.28216123499142365,True
26,7,5,0.0,0.0,2.5,wave,2303,0,0,0.2826747720364742,True
26,7,6,0.0,0.0,2.5,wave,2279,0,0,0.28521281263712156,True
26,7,7,0.0,0.0,2.5,wave,2255,0,0,0.2869179600886918,True
26,7,8,0.0,0.0,2.5,wave,2226,0,0,0.28975741239892183,True
26,7,9,0.0,0.0,2.5,wave,2194,0,0,0.29307201458523247,True
26,7,10,0.0,0.0,2.5,wave,2170,0,0,0.29539170506912443,True
26,7,11,0.0,0.0,2.5,wave,2136,0,0,0.300561797752809,True
26,7,12,0.0,0.0,2.5,wave,2111,0,0,0.29938417811463763,True
26,7,13,0.0,0.0,2.5,wave,2086,0,0,0.2986577181208054,True
26,7,14,0.0,0.0,2.5,wave,2067,0,0,0.2985002418964683,True
26,7,15,0.0,0.0,2.5,wave,2044,0,0,0.300880626223092,True
26,7,16,0.0,0.0,2.5,wave,2031,0,0,0.30428360413589367,True
26,7,17,0.0,0.0,2.5,wave,2007,0,0,0.30543099152964626,True
26,7,18,0.0,0.0,2.5,wave,4380,0,0,0.1410958904109589,True
26,7,19,0.0,0.0,2.5,wave,4313,0,0,0.14375144910734988,True
26,7,20,0.0,0.0,2.5,wave,4220,0,0,0.1466824644549763,True
26,7,21,0.0,0.0,2.5,wave,4127,0,0,0.14829173733947176,True
26,7,22,0.0,0.0,2.5,wave,4010,0,0,0.15087281795511223,True
26,7,23,0.0,0.0,2.5,wave,3923,0,0,0.15421871017078767,True
26,7,24,0.0,0.0,2.5,wave,3828,0,0,0.1593521421107628,True
26,7,25,0.0,0.0,2.5,wave,3754,0,0,0.16329248801278637,True
26,7,26,0.0,0.0,2.5,wave,3689,0,0,0.16779615071835186,True
26,7,27,0.0,0.0,2.5,wave,3621,0,0,0.17067108533554268,True
26,7,28,0.0,0.0,2.5,wave,3548,0,0,0.17643742953776775,True
26,7,29,0.0,0.0,2.5,wave,3460,0,0,0.18063583815028902,True
26,7,30,0.0,0.0,2.5,wave,3392,0,0,0.18307783018867924,True
26,7,31,0.0,0.0,2.5,wave,3303,0,0,0.18770814411141387,True
26,7,32,0.0,0.0,2.5,wave,3201,0,0,0.19525148391127772,True
26,7,33,0.0,0.0,2.5,wave,3139,0,0,0.19592226823829245,True
26,7,34,0.0,0.0,2.5,wave,3101,0,0,0.1983231215736859,True
26,7,35,0.0,0.0,2.5,wave,3009,0,0,0.19940179461615154,True
26,7,36,0.0,0.0,2.5,wave,2921,0,0,0.20403971242725094,True
26,7,37,0.0,0.0,2.5,wave,2890,0,0,0.2069204152249135,True
26,7,38,0.0,0.0,2.5,wave,2855,0,0,0.20805604203152364,True
26,7,39,0.0,0.0,2.5,wave,2822,0,0,0.20978029766123316,True
26,7,40,0.0,0.0,2.5,wave,2787,0,0,0.2131324004305705,True
26,7,41,0.0,0.0,2.5,wave,2752,0,0,0.21584302325581395,True
26,7,42,0.0,0.0,2.5,wave,2726,0,0,0.21973587674247982,True
26,7,43,0.0,0.0,2.5,wave,3041,0,0,0.26438671489641563,True
26,7,44,0.0,0.0,2.5,wave,2911,0,0,0.25833047062864994,True
26,7,45,0.0,0.0,2.5,wave,2829,0,0,0.25167903852951573,True
26,7,46,0.0,0.0,2.5,wave,2771,0,0,0.2547816672681342,True
26,7,47,0.0,0.0,2.5,wave,2736,0,0,0.2591374269005848,True
26,7,48,0.0,0.0,2.5,wave,2710,0,0,0.2612546125461255,True
26,7,49,0.0,0.0,2.5,wave,2669,0,0,0.2618958411390034,True
26,7,50,0.0,0.0,2.5,wave,2641,0,0,0.2635365391897009,True
26,7,51,0.0,0.0,2.5,wave,2616,0,0,0.26490825688073394,True
26,7,52,0.0,0.0,2.5,wave,2580,0,0,0.27248062015503877,True
26,8,1,0.0,0.0,2.5,wave,2543,0,0,0.26779394416044044,True
26,8,2,0.0,0.0,2.5,wave,2489,0,0,0.2760144636400161,True
26,8,3,0.0,0.0,2.5,wave,2451,0,0,0.2766217870257038,True
26,8,4,0.0,0.0,2.5,wave,2404,0,0,0.2782861896838602,True
26,8,5,0.0,0.0,2.5,wave,2377,0,0,0.27766091712242325,True
26,8,6,0.0,0.0,2.5,wave,2341,0,0,0.27851345578812475,True
26,8,7,0.0,0.0,2.5,wave,2306,0,0,0.28143972246313964,True
26,8,8,0.0,0.0,2.5,wave,2286,0,0,0.28433945756780404,True
26,8,9,0.0,0.0,2.5,wave,2263,0,0,0.28590366769774633,True
26,8,10,0.0,0.0,2.5,wave,2232,0,0,0.2853942652329749,True
26,8,11,0.0,0.0,2.5,wave,2204,0,0,0.2853901996370236,True
26,8,12,0.0,0.0,2.5,wave,2184,0,0,0.288003663003663,True
26,8,13,0.0,0.0,2.5,wave,2158,0,0,0.29147358665430956,True
26,8,14,0.0,0.0,2.5,wave,2134,0,0,0.29381443298969073,True
26,8,15,0.0,0.0,2.5,wave,2119,0,0,0.2987258140632374,True
26,8,16,0.0,0.0,2.5,wave,2085,0,0,0.30071942446043165,True
26,8,17,0.0,0.0,2.5,wave,2070,0,0,0.30676328502415456,True
26,8,18,0.0,0.0,2.5,wave,4514,0,0,0.14178112538768275,True
26,8,19,0.0,0.0,2.5,wave,4438,0,0,0.1437584497521406,True
26,8,20,0.0,0.0,2.5,wave,4347,0,0,0.14699792960662525,True
26,8,21,0.0,0.0,2.5,wave,4223,0,0,0.14965664219748995,True
26,8,22,0.0,0.0,2.5,wave,4157,0,0,0.15443829684868896,True
26,8,23,0.0,0.0,2.5,wave,4082,0,0,0.15752082312591867,True
26,8,24,0.0,0.0,2.5,wave,3990,0,0,0.16090225563909774,True
26,8,25,0.0,0.0,2.5,wave,3899,0,0,0.1638881764555014,True
26,8,26,0.0,0.0,2.5,wave,3832,0,0,0.16649269311064718,True
26,8,27,0.0,0.0,2.5,wave,3756,0,0,0.16906283280085196,True
26,8,28,0.0,0.0,2.5,wave,3694,0,0,0.17162966973470492,True
26,8,29,0.0,0.0,2.5,wave,3625,0,0,0.17544827586206896,True
26,8,30,0.0,0.0,2.5,wave,3570,0,0,0.1784313725490196,True
26,8,31,0.0,0.0,2.5,wave,3488,0,0,0.18061926605504589,True
26,8,32,0.0,0.0,2.5,wave,3437,0,0,0.1830084375909223,True
26,8,33,0.0,0.0,2.5,wave,3347,0,0,0.18553928891544666,True
26,8,34,0.0,0.0,2.5,wave,3300,0,0,0.18848484848484848,True
26,8,35,0.0,0.0,2.5,wave,3263,0,0,0.19062212687710695,True
26,8,36,0.0,0.0,2.5,wave,3217,0,0,0.1939695368355611,True
26,8,37,0.0,0.0,2.5,wave,3167,0,0,0.19545311019892642,True
26,8,38,0.0,0.0,2.5,wave,3124,0,0,0.19878361075544174,True
26,8,39,0.0,0.0,2.5,wave,3087,0,0,0.2005183025591189,True
26,8,40,0.0,0.0,2.5,wave,3047,0,0,0.2034788316376764,True
26,8,41,0.0,0.0,2.5,wave,3011,0,0,0.20458319495184324,True
26,8,42,0.0,0.0,2.5,wave,2991,0,0,0.20929455031761954,True
26,8,43,0.0,0.0,2.5,wave,3464,0,0,0.27829099307159355,True
26,8,44,0.0,0.0,2.5,wave,3301,0,0,0.26567706755528625,True
26,8,45,0.0,0.0,2.5,wave,3214,0,0,0.2629122588674549,True
26,8,46,0.0,0.0,2.5,wave,3151,0,0,0.26721675658521105,True
26,8,47,0.0,0.0,2.5,wave,3099,0,0,0.2675056469828977,True
26,8,48,0.0,0.0,2.5,wave,3067,0,0,0.2699706553635474,True
26,8,49,0.0,0.0,2.5,wave,3010,0,0,0.2727574750830565,True
26,8,50,0.0,0.0,2.5,wave,2972,0,0,0.2742261103633917,True
26,8,51,0.0,0.0,2.5,wave,2941,0,0,0.27813668820129206,True
26,8,52,0.0,0.0,2.5,wave,2913,0,0,0.27875042911088227,True
26,9,1,0.0,0.0,2.5,wave,2878,0,0,0.278318276580959,True
26,9,2,0.0,0.0,2.5,wave,2852,0,0,0.28401122019635344,True
26,9,3,0.0,0.0,2.5,wave,2826,0,0,0.2894550601556971,True
26,9,4,0.0,0.0,2.5,wave,2785,0,0,0.28868940754039496,True
26,9,5,0.0,0.0,2.5,wave,2733,0,0,0.2923527259421881,True
26,9,6,0.0,0.0,2.5,wave,2702,0,0,0.29459659511472985,True
26,9,7,0.0,0.0,2.5,wave,2663,0,0,0.2944048066090875,True
26,9,8,0.0,0.0,2.5,wave,2634,0,0,0.29954441913439633,True
26,9,9,0.0,0.0,2.5,wave,2611,0,0,0.3040980467253926,True
26,9,10,0.0,0.0,2.5,wave,2588,0,0,0.30486862442040186,True
26,9,11,0.0,0.0,2.5,wave,2564,0,0,0.3049921996879875,True
26,9,12,0.0,0.0,2.5,wave,2530,0,0,0.3090909090909091,True
26,9,13,0.0,0.0,2.5,wave,2504,0,0,0.31190095846645366,True
26,9,14,0.0,0.0,2.5,wave,2481,0,0,0.31680773881499397,True
26,9,15,0.0,0.0,2.5,wave,2453,0,0,0.32083163473298004,True
26,9,16,0.0,0.0,2.5,wave,2429,0,0,0.3215314944421573,True
26,9,17,0.0,0.0,2.5,wave,2410,0,0,0.3257261410788382,True
26,9,18,0.0,0.0,2.5,wave,5209,0,0,0.13726243040890765,True
26,9,19,0.0,0.0,2.5,wave,5141,0,0,0.14043960319004084,True
26,9,20,0.0,0.0,2.5,wave,5039,0,0,0.14407620559634848,True
26,9,21,0.0,0.0,2.5,wave,4960,0,0,0.14758064516129032,True
26,9,22,0.0,0.0,2.5,wave,4880,0,0,0.15102459016393444,True
26,9,23,0.0,0.0,2.5,wave,4794,0,0,0.15519399249061328,True
26,9,24,0.0,0.0,2.5,wave,4685,0,0,0.15859124866595517,True
26,9,25,0.0,0.0,2.5,wave,4588,0,0,0.16346992153443765,True
26,9,26,0.0,0.0,2.5,wave,4485,0,0,0.16633221850613156,True
26,9,27,0.0,0.0,2.5,wave,4396,0,0,0.16947224749772521,True
26,9,28,0.0,0.0,2.5,wave,4319,0,0,0.17179902755267423,True
26,9,29,0.0,0.0,2.5,wave,4258,0,0,0.17519962423673086,True
26,9,30,0.0,0.0,2.5,wave,4177,0,0,0.1781182666985875,True
26,9,31,0.0,0.0,2.5,wave,4116,0,0,0.18027210884353742,True
26,9,32,0.0,0.0,2.5,wave,4028,0,0,0.18470705064548162,True
26,9,33,0.0,0.0,2.5,wave,3940,0,0,0.18883248730964466,True
26,9,34,0.0,0.0,2.5,wave,3861,0,0,0.19321419321419323,True
26,9,35,0.0,0.0,2.5,wave,3776,0,0,0.1972987288135593,True
26,9,36,0.0,0.0,2.5,wave,3707,0,0,0.20124089560291342,True
26,9,37,0.0,0.0,2.5,wave,3655,0,0,0.20465116279069767,True
26,9,38,0.0,0.0,2.5,wave,3605,0,0,0.20665742024965325,True
26,9,39,0.0,0.0,2.5,wave,3560,0,0,0.20898876404494382,True
26,9,40,0.0,0.0,2.5,wave,3510,0,0,0.21253561253561254,True
26,9,41,0.0,0.0,2.5,wave,3469,0,0,0.21533583165177284,True
26,9,42,0.0,0.0,2.5,wave,3444,0,0,0.21747967479674796,True
26,9,43,0.0,0.0,2.5,wave,3752,0,0,0.2603944562899787,True
26,9,44,0.0,0.0,2.5,wave,3602,0,0,0.2504164353137146,True
26,9,45,0.0,0.0,2.5,wave,3533,0,0,0.2507783753184263,True
26,9,46,0.0,0.0,2.5,wave,3482,0,0,0.2530155083285468,True
26,9,47,0.0,0.0,2.5,wave,3429,0,0,0.25342665500145817,True
26,9,48,0.0,0.0,2.5,wave,3405,0,0,0.2563876651982379,True
26,9,49,0.0,0.0,2.5,wave,3364,0,0,0.2562425683709869,True
26,9,50,0.0,0.0,2.5,wave,3312,0,0,0.25905797101449274,True
26,9,51,0.0,0.0,2.5,wave,3272,0,0,0.25855745721271395,True
26,9,52,0.0,0.0,2.5,wave,3254,0,0,0.26490473263675474,True
26,10,1,0.0,0.0,2.5,wave,3221,0,0,0.26855013970816516,True
26,10,2,0.0,0.0,2.5,wave,3191,0,0,0.2729551864619242,True
26,10,3,0.0,0.0,2.5,wave,3155,0,0,0.27068145800316956,True
26,10,4,0.0,0.0,2.5,wave,3120,0,0,0.27403846153846156,True
26,10,5,0.0,0.0,2.5,wave,3087,0,0,0.2756721736313573,True
26,10,6,0.0,0.0,2.5,wave,3034,0,0,0.2794990112063283,True
26,10,7,0.0,0.0,2.5,wave,3001,0,0,0.28023992002665776,True
26,10,8,0.0,0.0,2.5,wave,2971,0,0,0.2850891955570515,True
26,10,9,0.0,0.0,2.5,wave,2953,0,0,0.28784287165594313,True
26,10,10,0.0,0.0,2.5,wave,2925,0,0,0.29435897435897435,True
26,10,11,0.0,0.0,2.5,wave,2908,0,0,0.29332874828060523,True
26,10,12,0.0,0.0,2.5,wave,2868,0,0,0.296373779637378,True
26,10,13,0.0,0.0,2.5,wave,2838,0,0,0.30197322057787174,True
26,10,14,0.0,0.0,2.5,wave,2792,0,0,0.3012177650429799,True
26,10,15,0.0,0.0,2.5,wave,2761,0,0,0.3024266570083303,True
26,10,16,0.0,0.0,2.5,wave,2725,0,0,0.30311926605504586,True
26,10,17,0.0,0.0,2.5,wave,2687,0,0,0.3062895422404168,True
26,10,18,0.0,0.0,2.5,wave,5702,0,0,0.13609259908803928,True
26,10,19,0.0,0.0,2.5,wave,5575,0,0,0.13721973094170403,True
26,10,20,0.0,0.0,2.5,wave,5459,0,0,0.14178420956219087,True
26,10,21,0.0,0.0,2.5,wave,5378,0,0,0.14633692822610636,True
26,10,22,0.0,0.0,2.5,wave,5269,0,0,0.148984627063959,True
26,10,23,0.0,0.0,2.5,wave,5156,0,0,0.15011636927851046,True
26,10,24,0.0,0.0,2.5,wave,5055,0,0,0.15212660731948566,True
26,10,25,0.0,0.0,2.5,wave,5010,0,0,0.156686626746507,True
26,10,26,0.0,0.0,2.5,wave,4926,0,0,0.16138855054811205,True
26,10,27,0.0,0.0,2.5,wave,4824,0,0,0.16521558872305142,True
26,10,28,0.0,0.0,2.5,wave,4740,0,0,0.16835443037974684,True
26,10,29,0.0,0.0,2.5,wave,4675,0,0,0.16962566844919785,True
26,10,30,0.0,0.0,2.5,wave,4589,0,0,0.17345826977555023,True
26,10,31,0.0,0.0,2.5,wave,4488,0,0,0.17825311942959002,True
26,10,32,0.0,0.0,2.5,wave,4398,0,0,0.1809913597089586,True
26,10,33,0.0,0.0,2.5,wave,4289,0,0,0.18419211937514574,True
26,10,34,0.0,0.0,2.5,wave,4205,0,0,0.18882282996432817,True
26,10,35,0.0,0.0,2.5,wave,4119,0,0,0.19106579266812332,True
26,10,36,0.0,0.0,2.5,wave,4076,0,0,0.2011776251226693,True
26,10,37,0.0,0.0,2.5,wave,4017,0,0,0.20363455314911624,True
26,10,38,0.0,0.0,2.5,wave,3968,0,0,0.20640120967741934,True
26,10,39,0.0,0.0,2.5,wave,3925,0,0,0.2086624203821656,True
26,10,40,0.0,0.0,2.5,wave,3887,0,0,0.21224594803190122,True
26,10,41,0.0,0.0,2.5,wave,3846,0,0,0.21190847633905358,True
26,10,42,0.0,0.0,2.5,wave,3796,0,0,0.2154899894625922,True
26,10,43,0.0,0.0,2.5,wave,4037,0,0,0.25315828585583355,True
26,10,44,0.0,0.0,2.5,wave,3832,0,0,0.2434759916492693,True
26,10,45,0.0,0.0,2.5,wave,3766,0,0,0.24030801911842803,True
26,10,46,0.0,0.0,2.5,wave,3705,0,0,0.2380566801619433,True
26,10,47,0.0,0.0,2.5,wave,3649,0,0,0.24116196218141955,True
26,10,48,0.0,0.0,2.5,wave,3601,0,0,0.2493751735628992,True
26,10,49,0.0,0.0,2.5,wave,3559,0,0,0.24641753301489183,True
26,10,50,0.0,0.0,2.5,wave,3533,0,0,0.25162751202943673,True
26,10,51,0.0,0.0,2.5,wave,3490,0,0,0.2532951289398281,True
26,10,52,0.0,0.0,2.5,wave,3475,0,0,0.2589928057553957,True
26,11,1,0.0,0.0,2.5,wave,3431,0,0,0.25939959195569806,True
26,11,2,0.0,0.0,2.5,wave,3382,0,0,0.26049674748669427,True
26,11,3,0.0,0.0,2.5,wave,3340,0,0,0.2622754491017964,True
26,11,4,0.0,0.0,2.5,wave,3291,0,0,0.26405347918565786,True
26,11,5,0.0,0.0,2.5,wave,3247,0,0,0.2679396365876193,True
26,11,6,0.0,0.0,2.5,wave,3208,0,0,0.2674563591022444,True
26,11,7,0.0,0.0,2.5,wave,3168,0,0,0.26830808080808083,True
26,11,8,0.0,0.0,2.5,wave,3125,0,0,0.272,True
26,11,9,0.0,0.0,2.5,wave,3086,0,0,0.27511341542449774,True
26,11,10,0.0,0.0,2.5,wave,3052,0,0,0.27850589777195284,True
26,11,11,0.0,0.0,2.5,wave,3017,0,0,0.27908518395757376,True
26,11,12,0.0,0.0,2.5,wave,2992,0,0,0.2800802139037433,True
26,11,13,0.0,0.0,2.5,wave,2953,0,0,0.28107009820521506,True
26,11,14,0.0,0.0,2.5,wave,2931,0,0,0.2838621630842716,True
26,11,15,0.0,0.0,2.5,wave,2882,0,0,0.2862595419847328,True
26,11,16,0.0,0.0,2.5,wave,2849,0,0,0.2888732888732889,True
26,11,17,0.0,0.0,2.5,wave,2820,0,0,0.29148936170212764,True
26,11,18,0.0,0.0,2.5,wave,5869,0,0,0.13682058272278072,True
26,11,19,0.0,0.0,2.5,wave,5751,0,0,0.13910624239262737,True
26,11,20,0.0,0.0,2.5,wave,5640,0,0,0.1425531914893617,True
26,11,21,0.0,0.0,2.5,wave,5505,0,0,0.14604904632152588,True
26,11,22,0.0,0.0,2.5,wave,5408,0,0,0.15014792899408283,True
26,11,23,0.0,0.0,2.5,wave,5292,0,0,0.15306122448979592,True
26,11,24,0.0,0.0,2.5,wave,5214,0,0,0.15688530878404297,True
26,11,25,0.0,0.0,2.5,wave,5117,0,0,0.15868673050615595,True
26,11,26,0.0,0.0,2.5,wave,5011,0,0,0.16164438235881062,True
26,11,27,0.0,0.0,2.5,wave,4915,0,0,0.16459816887080367,True
26,11,28,0.0,0.0,2.5,wave,4849,0,0,0.16828212002474738,True
26,11,29,0.0,0.0,2.5,wave,4742,0,0,0.17355546183045129,True
26,11,30,0.0,0.0,2.5,wave,4661,0,0,0.17700064363870413,True
26,11,31,0.0,0.0,2.5,wave,4578,0,0,0.18020969855832242,True
26,11,32,0.0,0.0,2.5,wave,4494,0,0,0.1835781041388518,True
26,11,33,0.0,0.0,2.5,wave,4395,0,0,0.18771331058020477,True
26,11,34,0.0,0.0,2.5,wave,4306,0,0,0.19089642359498374,True
26,11,35,0.0,0.0,2.5,wave,4238,0,0,0.19419537517697028,True
26,11,36,0.0,0.0,2.5,wave,4163,0,0,0.19721354792217152,True
26,11,37,0.0,0.0,2.5,wave,4112,0,0,0.19941634241245138,True
26,11,38,0.0,0.0,2.5,wave,4062,0,0,0.20408665681930083,True
26,11,39,0.0,0.0,2.5,wave,4004,0,0,0.20529470529470528,True
26,11,40,0.0,0.0,2.5,wave,3949,0,0,0.20840719169409977,True
26,11,41,0.0,0.0,2.5,wave,3895,0,0,0.21026957637997432,True
26,11,42,0.0,0.0,2.5,wave,3864,0,0,0.2122153209109731,True
26,11,43,0.0,0.0,2.5,wave,4256,0,0,0.25845864661654133,True
26,11,44,0.0,0.0,2.5,wave,4064,0,0,0.25049212598425197,True
26,11,45,0.0,0.0,2.5,wave,3969,0,0,0.2471655328798186,True
26,11,46,0.0,0.0,2.5,wave,3893,0,0,0.24736706909838171,True
26,11,47,0.0,0.0,2.5,wave,3833,0,0,0.24967388468562485,True
26,11,48,0.0,0.0,2.5,wave,3773,0,0,0.25099390405512856,True
26,11,49,0.0,0.0,2.5,wave,3729,0,0,0.25046929471708235,True
26,11,50,0.0,0.0,2.5,wave,3685,0,0,0.25047489823609226,True
26,11,51,0.0,0.0,2.5,wave,3644,0,0,0.2565861690450055,True
26,11,52,0.0,0.0,2.5,wave,3619,0,0,0.2580823431887262,True
27,1,1,0.0,0.0,2.5,wave,2721,0,0,0.001470047776552738,True
27,1,2,0.0,0.0,2.5,wave,2688,0,0,0.005208333333333333,True
27,1,3,0.0,0.0,2.5,wave,2644,0,0,0.007564296520423601,True
27,1,4,0.0,0.0,2.5,wave,2611,0,0,0.00995787054768288,True
27,1,5,0.0,0.0,2.5,wave,2577,0,0,0.01241753977493209,True
27,1,6,0.0,0.0,2.5,wave,2554,0,0,0.01605324980422866,True
27,1,7,0.0,0.0,2.5,wave,2541,0,0,0.018890200708382526,True
27,1,8,0.0,0.0,2.5,wave,2513,0,0,0.021886191802626343,True
27,1,9,0.0,0.0,2.5,wave,2474,0,0,0.02263540824575586,True
27,1,10,0.0,0.0,2.5,wave,2446,0,0,0.024529844644317254,True
27,1,11,0.0,0.0,2.5,wave,2432,0,0,0.02631578947368421,True
27,1,12,0.0,0.0,2.5,wave,2400,0,0,0.02875,True
27,1,13,0.0,0.0,2.5,wave,2384,0,0,0.02936241610738255,True
27,1,14,0.0,0.0,2.5,wave,2366,0,0,0.03169907016060862,True
27,1,15,0.0,0.0,2.5,wave,2356,0,0,0.03607809847198642,True
27,1,16,0.0,0.0,2.5,wave,2332,0,0,0.03816466552315609,True
27,1,17,0.0,0.0,2.5,wave,2315,0,0,0.03974082073434125,True
27,1,18,0.0,0.0,2.5,wave,6715,0,0,0.015934475055845124,True
27,1,19,0.0,0.0,2.5,wave,6548,0,0,0.017868051313378132,True
27,1,20,0.0,0.0,2.5,wave,6410,0,0,0.020124804992199687,True
27,1,21,0.0,0.0,2.5,wave,6284,0,0,0.02132399745385105,True
27,1,22,0.0,0.0,2.5,wave,6174,0,0,0.022675736961451247,True
27,1,23,0.0,0.0,2.5,wave,6000,0,0,0.025,True
27,1,24,0.0,0.0,2.5,wave,5864,0,0,0.026432469304229194,True
27,1,25,0.0,0.0,2.5,wave,5727,0,0,0.028810895756940808,True
27,1,26,0.0,0.0,2.5,wave,5631,0,0,0.030367607884922748,True
27,1,27,0.0,0.0,2.5,wave,5499,0,0,0.03255137297690489,True
27,1,28,0.0,0.0,2.5,wave,5381,0,0,0.034566065787028435,True
27,1,29,0.0,0.0,2.5,wave,5258,0,0,0.03746671738303538,True
27,1,30,0.0,0.0,2.5,wave,5129,0,0,0.04074868395398713,True
27,1,31,0.0,0.0,2.5,wave,5042,0,0,0.0436334787782626,True
27,1,32,0.0,0.0,2.5,wave,4936,0,0,0.04639384116693679,True
27,1,33,0.0,0.0,2.5,wave,4820,0,0,0.0475103734439834,True
27,1,34,0.0,0.0,2.5,wave,4698,0,0,0.04980842911877394,True
27,1,35,0.0,0.0,2.5,wave,4618,0,0,0.052403637938501516,True
27,1,36,0.0,0.0,2.5,wave,4490,0,0,0.056570155902004454,True
27,1,37,0.0,0.0,2.5,wave,4358,0,0,0.05759522716842588,True
27,1,38,0.0,0.0,2.5,wave,4290,0,0,0.05990675990675991,True
27,1,39,0.0,0.0,2.5,wave,4228,0,0,0.06149479659413434,True
27,1,40,0.0,0.0,2.5,wave,4152,0,0,0.06430635838150289,True
27,1,41,0.0,0.0,2.5,wave,4102,0,0,0.06557776694295465,True
27,1,42,0.0,0.0,2.5,wave,4052,0,0,0.06811451135241856,True
27,1,43,0.0,0.0,2.5,wave,4099,0,0,0.09099780434252257,True
27,1,44,0.0,0.0,2.5,wave,3980,0,0,0.08517587939698493,True
27,1,45,0.0,0.0,2.5,wave,3913,0,0,0.08535650396115513,True
27,1,46,0.0,0.0,2.5,wave,3843,0,0,0.08613062711423367,True
27,1,47,0.0,0.0,2.5,wave,3801,0,0,0.08813470139436991,True
27,1,48,0.0,0.0,2.5,wave,3762,0,0,0.09250398724082935,True
27,1,49,0.0,0.0,2.5,wave,3714,0,0,0.0942380183091007,True
27,1,50,0.0,0.0,2.5,wave,3665,0,0,0.09604365620736699,True
27,1,51,0.0,0.0,2.5,wave,3627,0,0,0.09815274331403363,True
27,1,52,0.0,0.0,2.5,wave,3579,0,0,0.09946912545403744,True
27,2,1,0.0,0.0,2.5,wave,3521,32,5,0.10025560920193127,False
27,2,2,0.0,0.0,2.5,wave,3489,53,11,0.10346804241903124,False
27,2,3,0.0,0.0,2.5,wave,3450,56,18,0.10666666666666667,False
27,2,4,0.0,0.0,2.5,wave,3393,65,21,0.10816386678455644,False
27,2,5,0.0,0.0,2.5,wave,3339,78,21,0.1087151841868823,False
27,2,6,0.0,0.0,2.5,wave,3289,92,28,0.11097598054119794,False
27,2,7,0.0,0.0,2.5,wave,3230,109,31,0.11176470588235295,False
27,2,8,0.0,0.0,2.5,wave,3179,113,36,0.11859075180874488,False
27,2,9,0.0,0.0,2.5,wave,3109,121,38,0.12093920874879382,False
27,2,10,0.0,0.0,2.5,wave,3062,127,48,0.12508164598301763,False
27,2,11,0.0,0.0,2.5,wave,3005,131,49,0.1271214642262895,False
27,2,12,0.0,0.0,2.5,wave,2950,116,46,0.12983050847457628,False
27,2,13,0.0,0.0,2.5,wave,2891,113,53,0.1335178139052231,False
27,2,14,0.0,0.0,2.5,wave,2830,105,48,0.13568904593639575,False
27,2,15,0.0,0.0,2.5,wave,2767,101,39,0.13913986266714853,False
27,2,16,0.0,0.0,2.5,wave,2721,104,36,0.14185961043733922,False
27,2,17,0.0,0.0,2.5,wave,2664,108,40,0.14376876876876876,False
27,2,18,0.0,0.0,2.5,wave,5114,105,41,0.07587016034415331,False
27,2,19,0.0,0.0,2.5,wave,4918,132,37,0.07808052053680357,False
27,2,20,0.0,0.0,2.5,wave,4806,139,44,0.08114856429463171,False
27,2,21,0.0,0.0,2.5,wave,4666,163,49,0.08379768538362624,False
27,2,22,0.0,0.0,2.5,wave,4531,174,47,0.08850143456190686,False
27,2,23,0.0,0.0,2.5,wave,4418,194,61,0.09099139882299682,False
27,2,24,0.0,0.0,2.5,wave,4316,195,69,0.09453197405004633,False
27,2,25,0.0,0.0,2.5,wave,4208,191,71,0.09672053231939164,False
27,2,26,0.0,0.0,2.5,wave,4090,180,79,0.10122249388753056,False
27,2,27,0.0,0.0,2.5,wave,3955,171,72,0.10720606826801517,False
27,2,28,0.0,0.0,2.5,wave,3846,157,56,0.10842433697347893,False
27,2,29,0.0,0.0,2.5,wave,3717,160,64,0.11299435028248588,False
27,2,30,0.0,0.0,2.5,wave,3582,144,64,0.11725293132328309,False
27,2,31,0.0,0.0,2.5,wave,3453,124,52,0.12076455256298871,False
27,2,32,0.0,0.0,2.5,wave,3353,104,43,0.12198031613480466,False
27,2,33,0.0,0.0,2.5,wave,3247,100,44,0.12627040344933785,False
27,2,34,0.0,0.0,2.5,wave,3179,84,42,0.1292859389745203,False
27,2,35,0.0,0.0,2.5,wave,3060,73,31,0.13104575163398693,False
27,2,36,0.0,0.0,2.5,wave,2999,68,24,0.1353784594864955,False
27,2,37,0.0,0.0,2.5,wave,2918,68,22,0.13947909527073338,False
27,2,38,0.0,0.0,2.5,wave,2881,68,30,0.1433530024297119,False
27,2,39,0.0,0.0,2.5,wave,2829,64,31,0.1456344998232591,False
27,2,40,0.0,0.0,2.5,wave,2781,58,22,0.1474289823804387,False
27,2,41,0.0,0.0,2.5,wave,2718,52,25,0.14753495217071377,False
27,2,42,0.0,0.0,2.5,wave,2700,61,22,0.14962962962962964,False
27,2,43,0.0,0.0,2.5,wave,2908,48,16,0.20357634112792297,False
27,2,44,0.0,0.0,2.5,wave,2751,43,21,0.1890221737549982,False
27,2,45,0.0,0.0,2.5,wave,2664,36,22,0.18956456456456455,False
27,2,46,0.0,0.0,2.5,wave,2618,33,15,0.18563789152024446,False
27,2,47,0.0,0.0,2.5,wave,2573,22,9,0.18771861640108822,False
27,2,48,0.0,0.0,2.5,wave,2541,23,8,0.19244391971664698,False
27,2,49,0.0,0.0,2.5,wave,2480,19,6,0.1935483870967742,False
27,2,50,0.0,0.0,2.5,wave,2464,24,6,0.19480519480519481,False
27,2,51,0.0,0.0,2.5,wave,2436,23,5,0.19745484400656815,False
27,2,52,0.0,0.0,2.5,wave,2408,24,9,0.19975083056478404,False
27,3,1,0.0,0.0,2.5,wave,2380,24,13,0.20210084033613446,False
27,3,2,0.0,0.0,2.5,wave,2358,24,15,0.2056827820186599,False
27,3,3,0.0,0.0,2.5,wave,2325,20,8,0.20774193548387096,False
27,3,4,0.0,0.0,2.5,wave,2293,13,5,0.20889664195377236,False
27,3,5,0.0,0.0,2.5,wave,2275,14,5,0.21142857142857144,False
27,3,6,0.0,0.0,2.5,wave,2245,13,4,0.21202672605790646,False
27,3,7,0.0,0.0,2.5,wave,2226,13,3,0.21293800539083557,False
27,3,8,0.0,0.0,2.5,wave,2197,10,3,0.21392808375056896,False
27,3,9,0.0,0.0,2.5,wave,2170,13,5,0.21566820276497695,False
27,3,10,0.0,0.0,2.5,wave,2158,12,6,0.21918443002780352,False
27,3,11,0.0,0.0,2.5,wave,2128,14,5,0.22415413533834586,False
27,3,12,0.0,0.0,2.5,wave,2106,11,2,0.22744539411206077,False
27,3,13,0.0,0.0,2.5,wave,2083,14,4,0.228516562650024,False
27,3,14,0.0,0.0,2.5,wave,2062,14,6,0.22841901066925316,False
27,3,15,0.0,0.0,2.5,wave,2034,15,6,0.23008849557522124,False
27,3,16,0.0,0.0,2.5,wave,2011,13,3,0.23272003978120337,False
27,3,17,0.0,0.0,2.5,wave,1976,11,4,0.2353238866396761,False
27,3,18,0.0,0.0,2.5,wave,4518,17,6,0.1049136786188579,False
27,3,19,0.0,0.0,2.5,wave,4423,21,5,0.1069409902780918,False
27,3,20,0.0,0.0,2.5,wave,4332,23,4,0.10918744228993536,False
27,3,21,0.0,0.0,2.5,wave,4244,28,10,0.11098020735155514,False
27,3,22,0.0,0.0,2.5,wave,4118,35,7,0.11486158329286061,False
27,3,23,0.0,0.0,2.5,wave,4004,33,11,0.11938061938061938,False
27,3,24,0.0,0.0,2.5,wave,3936,33,17,0.1211890243902439,False
27,3,25,0.0,0.0,2.5,wave,3817,27,14,0.12418129421011265,False
27,3,26,0.0,0.0,2.5,wave,3736,23,8,0.12714132762312633,False
27,3,27,0.0,0.0,2.5,wave,3649,23,5,0.1307207454097013,False
27,3,28,0.0,0.0,2.5,wave,3609,23,8,0.1341091715156553,False
27,3,29,0.0,0.0,2.5,wave,3517,25,9,0.13619562126812623,False
27,3,30,0.0,0.0,2.5,wave,3453,21,9,0.13929916015059368,False
27,3,31,0.0,0.0,2.5,wave,3357,23,12,0.14149538278224605,False
27,3,32,0.0,0.0,2.5,wave,3258,17,7,0.1476365868631062,False
27,3,33,0.0,0.0,2.5,wave,3200,16,6,0.149375,False
27,3,34,0.0,0.0,2.5,wave,3148,19,6,0.153430749682338,False
27,3,35,0.0,0.0,2.5,wave,3064,16,4,0.15796344647519583,False
27,3,36,0.0,0.0,2.5,wave,2991,13,5,0.15947843530591777,False
27,3,37,0.0,0.0,2.5,wave,2925,14,4,0.1641025641025641,False
27,3,38,0.0,0.0,2.5,wave,2882,11,5,0.16481609993060375,False
27,3,39,0.0,0.0,2.5,wave,2838,13,6,0.1719520789288231,False
27,3,40,0.0,0.0,2.5,wave,2813,10,4,0.17312477781727692,False
27,3,41,0.0,0.0,2.5,wave,2781,11,4,0.1765551959726717,False
27,3,42,0.0,0.0,2.5,wave,2754,11,4,0.17792302106027597,False
27,3,43,0.0,0.0,2.5,wave,2988,10,4,0.2322623828647925,False
27,3,44,0.0,0.0,2.5,wave,2852,9,3,0.21598877980364656,False
27,3,45,0.0,0.0,2.5,wave,2763,7,3,0.21172638436482086,False
27,3,46,0.0,0.0,2.5,wave,2694,6,4,0.21158129175946547,False
27,3,47,0.0,0.0,2.5,wave,2664,5,4,0.2135885885885886,False
27,3,48,0.0,0.0,2.5,wave,2636,4,2,0.21282245827010624,False
27,3,49,0.0,0.0,2.5,wave,2611,2,0,0.21600919188050555,False
27,3,50,0.0,0.0,2.5,wave,2594,2,0,0.2212798766383963,False
27,3,51,0.0,0.0,2.5,wave,2557,2,0,0.21900664841611264,False
27,3,52,0.0,0.0,2.5,wave,2536,2,0,0.22318611987381703,False
27,4,1,0.0,0.0,2.5,wave,2499,2,1,0.2264905962384954,False
27,4,2,0.0,0.0,2.5,wave,2461,0,0,0.2312068264932954,True
27,4,3,0.0,0.0,2.5,wave,2431,0,0,0.23241464417935007,True
27,4,4,0.0,0.0,2.5,wave,2408,0,0,0.2367109634551495,True
27,4,5,0.0,0.0,2.5,wave,2371,0,0,0.2349219738506959,True
27,4,6,0.0,0.0,2.5,wave,2337,0,0,0.2362002567394095,True
27,4,7,0.0,0.0,2.5,wave,2305,0,0,0.2403470715835141,True
27,4,8,0.0,0.0,2.5,wave,2264,0,0,0.2398409893992933,True
27,4,9,0.0,0.0,2.5,wave,2251,0,0,0.2416703687250111,True
27,4,10,0.0,0.0,2.5,wave,2200,0,0,0.24409090909090908,True
27,4,11,0.0,0.0,2.5,wave,2175,0,0,0.24413793103448275,True
27,4,12,0.0,0.0,2.5,wave,2150,0,0,0.24790697674418605,True
27,4,13,0.0,0.0,2.5,wave,2141,0,0,0.2494161606725829,True
27,4,14,0.0,0.0,2.5,wave,2105,0,0,0.2503562945368171,True
27,4,15,0.0,0.0,2.5,wave,2076,0,0,0.2514450867052023,True
27,4,16,0.0,0.0,2.5,wave,2047,0,0,0.25500732779677576,True
27,4,17,0.0,0.0,2.5,wave,2027,0,0,0.25456339417858903,True
27,4,18,0.0,0.0,2.5,wave,4161,0,0,0.1247296322999279,True
27,4,19,0.0,0.0,2.5,wave,4077,0,0,0.12631837135148394,True
27,4,20,0.0,0.0,2.5,wave,3999,0,0,0.13053263315828958,True
27,4,21,0.0,0.0,2.5,wave,3890,0,0,0.13419023136246785,True
27,4,22,0.0,0.0,2.5,wave,3808,0,0,0.13707983193277312,True
27,4,23,0.0,0.0,2.5,wave,3722,0,0,0.13890381515314348,True
27,4,24,0.0,0.0,2.5,wave,3670,0,0,0.1422343324250681,True
27,4,25,0.0,0.0,2.5,wave,3596,0,0,0.1457174638487208,True
27,4,26,0.0,0.0,2.5,wave,3516,0,0,0.1481797497155859,True
27,4,27,0.0,0.0,2.5,wave,3444,0,0,0.1524390243902439,True
27,4,28,0.0,0.0,2.5,wave,3402,0,0,0.15549676660787773,True
27,4,29,0.0,0.0,2.5,wave,3323,0,0,0.15979536563346375,True
27,4,30,0.0,0.0,2.5,wave,3256,0,0,0.1643120393120393,True
27,4,31,0.0,0.0,2.5,wave,3200,0,0,0.1684375,True
27,4,32,0.0,0.0,2.5,wave,3157,0,0,0.17168197656002535,True
27,4,33,0.0,0.0,2.5,wave,3103,0,0,0.17628101836932,True
27,4,34,0.0,0.0,2.5,wave,3050,0,0,0.17901639344262296,True
27,4,35,0.0,0.0,2.5,wave,2988,0,0,0.18440428380187415,True
27,4,36,0.0,0.0,2.5,wave,2925,0,0,0.18564102564102564,True
27,4,37,0.0,0.0,2.5,wave,2889,0,0,0.18795430944963656,True
27,4,38,0.0,0.0,2.5,wave,2853,0,0,0.1927795303189625,True
27,4,39,0.0,0.0,2.5,wave,2824,0,0,0.193342776203966,True
27,4,40,0.0,0.0,2.5,wave,2783,0,0,0.19583183614804167,True
27,4,41,0.0,0.0,2.5,wave,2755,0,0,0.19818511796733213,True
27,4,42,0.0,0.0,2.5,wave,2719,0,0,0.2000735564545789,True
27,4,43,0.0,0.0,2.5,wave,3060,0,0,0.26209150326797387,True
27,4,44,0.0,0.0,2.5,wave,2900,0,0,0.24241379310344827,True
27,4,45,0.0,0.0,2.5,wave,2832,0,0,0.24152542372881355,True
27,4,46,0.0,0.0,2.5,wave,2793,0,0,0.24274973147153597,True
27,4,47,0.0,0.0,2.5,wave,2739,0,0,0.24315443592552027,True
27,4,48,0.0,0.0,2.5,wave,2723,0,0,0.2493573264781491,True
27,4,49,0.0,0.0,2.5,wave,2694,0,0,0.2501855976243504,True
27,4,50,0.0,0.0,2.5,wave,2670,0,0,0.25131086142322095,True
27,4,51,0.0,0.0,2.5,wave,2636,0,0,0.2530349013657056,True
27,4,52,0.0,0.0,2.5,wave,2603,0,0,0.2543219362274299,True
27,5,1,0.0,0.0,2.5,wave,2566,0,0,0.25526110678098207,True
27,5,2,0.0,0.0,2.5,wave,2549,0,0,0.2608866222047862,True
27,5,3,0.0,0.0,2.5,wave,2518,0,0,0.2625099285146942,True
27,5,4,0.0,0.0,2.5,wave,2490,0,0,0.26666666666666666,True
27,5,5,0.0,0.0,2.5,wave,2458,0,0,0.2701383238405207,True
27,5,6,0.0,0.0,2.5,wave,2431,0,0,0.2719045660222131,True
27,5,7,0.0,0.0,2.5,wave,2408,0,0,0.27200996677740863,True
27,5,8,0.0,0.0,2.5,wave,2389,0,0,0.27375470908329846,True
27,5,9,0.0,0.0,2.5,wave,2368,0,0,0.27322635135135137,True
27,5,10,0.0,0.0,2.5,wave,2348,0,0,0.2764054514480409,True
27,5,11,0.0,0.0,2.5,wave,2318,0,0,0.2739430543572045,True
27,5,12,0.0,0.0,2.5,wave,2306,0,0,0.2779705117085863,True
27,5,13,0.0,0.0,2.5,wave,2286,0,0,0.28127734033245844,True
27,5,14,0.0,0.0,2.5,wave,2267,0,0,0.2827525363917071,True
27,5,15,0.0,0.0,2.5,wave,2244,0,0,0.28698752228163993,True
27,5,16,0.0,0.0,2.5,wave,2228,0,0,0.2894973070017953,True
27,5,17,0.0,0.0,2.5,wave,2199,0,0,0.2928603910868577,True
27,5,18,0.0,0.0,2.5,wave,4845,0,0,0.13333333333333333,True
27,5,19,0.0,0.0,2.5,wave,4755,0,0,0.13543638275499476,True
27,5,20,0.0,0.0,2.5,wave,4665,0,0,0.13933547695605572,True
27,5,21,0.0,0.0,2.5,wave,4586,0,0,0.14151766245093764,True
27,5,22,0.0,0.0,2.5,wave,4491,0,0,0.1445112447116455,True
27,5,23,0.0,0.0,2.5,wave,4418,0,0,0.15029425079221367,True
27,5,24,0.0,0.0,2.5,wave,4335,0,0,0.15294117647058825,True
27,5,25,0.0,0.0,2.5,wave,4211,0,0,0.15934457373545477,True
27,5,26,0.0,0.0,2.5,wave,4146,0,0,0.1623251326579836,True
27,5,27,0.0,0.0,2.5,wave,4066,0,0,0.16724053123462862,True
27,5,28,0.0,0.0,2.5,wave,3999,0,0,0.17029257314328583,True
27,5,29,0.0,0.0,2.5,wave,3928,0,0,0.17413441955193482,True
27,5,30,0.0,0.0,2.5,wave,3856,0,0,0.17764522821576764,True
27,5,31,0.0,0.0,2.5,wave,3754,0,0,0.1808737346830048,True
27,5,32,0.0,0.0,2.5,wave,3702,0,0,0.18557536466774716,True
27,5,33,0.0,0.0,2.5,wave,3636,0,0,0.18894389438943895,True
27,5,34,0.0,0.0,2.5,wave,3584,0,0,0.19308035714285715,True
27,5,35,0.0,0.0,2.5,wave,3521,0,0,0.1962510650383414,True
27,5,36,0.0,0.0,2.5,wave,3486,0,0,0.20080321285140562,True
27,5,37,0.0,0.0,2.5,wave,3420,0,0,0.20497076023391814,True
27,5,38,0.0,0.0,2.5,wave,3369,0,0,0.20629266844761057,True
27,5,39,0.0,0.0,2.5,wave,3322,0,0,0.2095123419626731,True
27,5,40,0.0,0.0,2.5,wave,3281,0,0,0.21548308442548003,True
27,5,41,0.0,0.0,2.5,wave,3219,0,0,0.21590556073314693,True
27,5,42,0.0,0.0,2.5,wave,3168,0,0,0.21843434343434343,True
27,5,43,0.0,0.0,2.5,wave,3507,0,0,0.2660393498716852,True
27,5,44,0.0,0.0,2.5,wave,3353,0,0,0.25559200715776914,True
27,5,45,0.0,0.0,2.5,wave,3231,0,0,0.2454348498916744,True
27,5,46,0.0,0.0,2.5,wave,3148,0,0,0.24523506988564167,True
27,5,47,0.0,0.0,2.5,wave,3091,0,0,0.244257521837593,True
27,5,48,0.0,0.0,2.5,wave,3049,0,0,0.24598228927517218,True
27,5,49,0.0,0.0,2.5,wave,3006,0,0,0.2451763140385895,True
27,5,50,0.0,0.0,2.5,wave,2969,0,0,0.24722128662849444,True
27,5,51,0.0,0.0,2.5,wave,2925,0,0,0.24957264957264957,True
27,5,52,0.0,0.0,2.5,wave,2890,0,0,0.2508650519031142,True
27,6,1,0.0,0.0,2.5,wave,2859,0,0,0.25323539699195524,True
27,6,2,0.0,0.0,2.5,wave,2844,0,0,0.2552742616033755,True
27,6,3,0.0,0.0,2.5,wave,2800,0,0,0.2571428571428571,True
27,6,4,0.0,0.0,2.5,wave,2770,0,0,0.2606498194945848,True
27,6,5,0.0,0.0,2.5,wave,2737,0,0,0.2616002922908294,True
27,6,6,0.0,0.0,2.5,wave,2724,0,0,0.26505139500734215,True
27,6,7,0.0,0.0,2.5,wave,2676,0,0,0.26644245142002987,True
27,6,8,0.0,0.0,2.5,wave,2649,0,0,0.2687806719516799,True
27,6,9,0.0,0.0,2.5,wave,2624,0,0,0.2728658536585366,True
27,6,10,0.0,0.0,2.5,wave,2604,0,0,0.2764976958525346,True
27,6,11,0.0,0.0,2.5,wave,2574,0,0,0.2777777777777778,True
27,6,12,0.0,0.0,2.5,wave,2551,0,0,0.2794982359858879,True
27,6,13,0.0,0.0,2.5,wave,2525,0,0,0.28198019801980195,True
27,6,14,0.0,0.0,2.5,wave,2495,0,0,0.2837675350701403,True
27,6,15,0.0,0.0,2.5,wave,2472,0,0,0.284789644012945,True
27,6,16,0.0,0.0,2.5,wave,2442,0,0,0.28869778869778867,True
27,6,17,0.0,0.0,2.5,wave,2416,0,0,0.2905629139072848,True
27,6,18,0.0,0.0,2.5,wave,5117,0,0,0.1383623216728552,True
27,6,19,0.0,0.0,2.5,wave,5040,0,0,0.14166666666666666,True
27,6,20,0.0,0.0,2.5,wave,4945,0,0,0.14398382204246715,True
27,6,21,0.0,0.0,2.5,wave,4861,0,0,0.14626620037029417,True
27,6,22,0.0,0.0,2.5,wave,4780,0,0,0.14853556485355648,True
27,6,23,0.0,0.0,2.5,wave,4681,0,0,0.1508224738303781,True
27,6,24,0.0,0.0,2.5,wave,4621,0,0,0.15516122051504003,True
27,6,25,0.0,0.0,2.5,wave,4508,0,0,0.15816326530612246,True
27,6,26,0.0,0.0,2.5,wave,4426,0,0,0.16335291459557164,True
27,6,27,0.0,0.0,2.5,wave,4334,0,0,0.16658975542224272,True
27,6,28,0.0,0.0,2.5,wave,4247,0,0,0.16882505297857311,True
27,6,29,0.0,0.0,2.5,wave,4160,0,0,0.17403846153846153,True
27,6,30,0.0,0.0,2.5,wave,4110,0,0,0.17761557177615572,True
27,6,31,0.0,0.0,2.5,wave,4029,0,0,0.18143459915611815,True
27,6,32,0.0,0.0,2.5,wave,3953,0,0,0.1836579812800405,True
27,6,33,0.0,0.0,2.5,wave,3899,0,0,0.18440625801487562,True
27,6,34,0.0,0.0,2.5,wave,3823,0,0,0.18624117185456449,True
27,6,35,0.0,0.0,2.5,wave,3772,0,0,0.18849416755037116,True
27,6,36,0.0,0.0,2.5,wave,3658,0,0,0.1905412793876435,True
27,6,37,0.0,0.0,2.5,wave,3592,0,0,0.19320712694877507,True
27,6,38,0.0,0.0,2.5,wave,3548,0,0,0.1939120631341601,True
27,6,39,0.0,0.0,2.5,wave,3493,0,0,0.19553392499284283,True
27,6,40,0.0,0.0,2.5,wave,3465,0,0,0.19884559884559885,True
27,6,41,0.0,0.0,2.5,wave,3418,0,0,0.1992393212404915,True
27,6,42,0.0,0.0,2.5,wave,3364,0,0,0.20392390011890607,True
27,6,43,0.0,0.0,2.5,wave,3717,0,0,0.2547753564702717,True
27,6,44,0.0,0.0,2.5,wave,3557,0,0,0.2440258644925499,True
27,6,45,0.0,0.0,2.5,wave,3458,0,0,0.23828802776171198,True
27,6,46,0.0,0.0,2.5,wave,3395,0,0,0.2377025036818851,True
27,6,47,0.0,0.0,2.5,wave,3328,0,0,0.2400841346153846,True
27,6,48,0.0,0.0,2.5,wave,3298,0,0,0.24408732565191024,True
27,6,49,0.0,0.0,2.5,wave,3261,0,0,0.2477767555964428,True
27,6,50,0.0,0.0,2.5,wave,3234,0,0,0.2504638218923933,True
27,6,51,0.0,0.0,2.5,wave,3204,0,0,0.25374531835205993,True
27,6,52,0.0,0.0,2.5,wave,3179,0,0,0.25731362063541996,True
27,7,1,0.0,0.0,2.5,wave,3140,0,0,0.26019108280254777,True
27,7,2,0.0,0.0,2.5,wave,3106,0,0,0.2623953638119768,True
27,7,3,0.0,0.0,2.5,wave,3059,0,0,0.2631578947368421,True
27,7,4,0.0,0.0,2.5,wave,3041,0,0,0.2666885892798422,True
27,7,5,0.0,0.0,2.5,wave,3012,0,0,0.26593625498007967,True
27,7,6,0.0,0.0,2.5,wave,2994,0,0,0.2682030728122913,True
27,7,7,0.0,0.0,2.5,wave,2957,0,0,0.27122083192424756,True
27,7,8,0.0,0.0,2.5,wave,2934,0,0,0.2719836400817996,True
27,7,9,0.0,0.0,2.5,wave,2894,0,0,0.27470628887353143,True
27,7,10,0.0,0.0,2.5,wave,2863,0,0,0.2762836185819071,True
27,7,11,0.0,0.0,2.5,wave,2834,0,0,0.28052223006351446,True
27,7,12,0.0,0.0,2.5,wave,2803,0,0,0.28219764537995007,True
27,7,13,0.0,0.0,2.5,wave,2775,0,0,0.28396396396396395,True
27,7,14,0.0,0.0,2.5,wave,2751,0,0,0.28716830243547803,True
27,7,15,0.0,0.0,2.5,wave,2716,0,0,0.28902798232695137,True
27,7,16,0.0,0.0,2.5,wave,2678,0,0,0.28976848394324123,True
27,7,17,0.0,0.0,2.5,wave,2657,0,0,0.29281144147534816,True
27,7,18,0.0,0.0,2.5,wave,5750,0,0,0.136,True
27,7,19,0.0,0.0,2.5,wave,5634,0,0,0.13880014199503019,True
27,7,20,0.0,0.0,2.5,wave,5522,0,0,0.14034770010865627,True
27,7,21,0.0,0.0,2.5,wave,5376,0,0,0.14341517857142858,True
27,7,22,0.0,0.0,2.5,wave,5279,0,0,0.14775525667740103,True
27,7,23,0.0,0.0,2.5,wave,5180,0,0,0.15193050193050192,True
27,7,24,0.0,0.0,2.5,wave,5080,0,0,0.1545275590551181,True
27,7,25,0.0,0.0,2.5,wave,4956,0,0,0.15677966101694915,True
27,7,26,0.0,0.0,2.5,wave,4828,0,0,0.16072908036454017,True
27,7,27,0.0,0.0,2.5,wave,4752,0,0,0.16182659932659932,True
27,7,28,0.0,0.0,2.5,wave,4652,0,0,0.16487532244196046,True
27,7,29,0.0,0.0,2.5,wave,4555,0,0,0.1681668496158068,True
27,7,30,0.0,0.0,2.5,wave,4440,0,0,0.17027027027027028,True
27,7,31,0.0,0.0,2.5,wave,4362,0,0,0.17239798257679964,True
27,7,32,0.0,0.0,2.5,wave,4282,0,0,0.17468472676319477,True
27,7,33,0.0,0.0,2.5,wave,4201,0,0,0.1787669602475601,True
27,7,34,0.0,0.0,2.5,wave,4103,0,0,0.18181818181818182,True
27,7,35,0.0,0.0,2.5,wave,4015,0,0,0.1855541718555417,True
27,7,36,0.0,0.0,2.5,wave,3950,0,0,0.18835443037974683,True
27,7,37,0.0,0.0,2.5,wave,3882,0,0,0.19319938176197837,True
27,7,38,0.0,0.0,2.5,wave,3826,0,0,0.1936748562467329,True
27,7,39,0.0,0.0,2.5,wave,3779,0,0,0.1963482402752051,True
27,7,40,0.0,0.0,2.5,wave,3725,0,0,0.1978523489932886,True
27,7,41,0.0,0.0,2.5,wave,3692,0,0,0.20016251354279524,True
27,7,42,0.0,0.0,2.5,wave,3641,0,0,0.20269156825048062,True
27,7,43,0.0,0.0,2.5,wave,3955,0,0,0.24146649810366624,True
27,7,44,0.0,0.0,2.5,wave,3793,0,0,0.23253361455312418,True
27,7,45,0.0,0.0,2.5,wave,3703,0,0,0.22900351066702673,True
27,7,46,0.0,0.0,2.5,wave,3610,0,0,0.22631578947368422,True
27,7,47,0.0,0.0,2.5,wave,3535,0,0,0.22659123055162658,True
27,7,48,0.0,0.0,2.5,wave,3498,0,0,0.22841623785020013,True
27,7,49,0.0,0.0,2.5,wave,3457,0,0,0.23141452126120915,True
27,7,50,0.0,0.0,2.5,wave,3416,0,0,0.23302107728337237,True
27,7,51,0.0,0.0,2.5,wave,3374,0,0,0.23503260225251926,True
27,7,52,0.0,0.0,2.5,wave,3341,0,0,0.23825202035318765,True
27,8,1,0.0,0.0,2.5,wave,3298,0,0,0.23923590054578533,True
27,8,2,0.0,0.0,2.5,wave,3246,0,0,0.24306839186691312,True
27,8,3,0.0,0.0,2.5,wave,3219,0,0,0.24666045355700528,True
27,8,4,0.0,0.0,2.5,wave,3174,0,0,0.2485822306238185,True
27,8,5,0.0,0.0,2.5,wave,3147,0,0,0.2523037813790912,True
27,8,6,0.0,0.0,2.5,wave,3108,0,0,0.25386100386100385,True
27,8,7,0.0,0.0,2.5,wave,3077,0,0,0.2557686057848554,True
27,8,8,0.0,0.0,2.5,wave,3036,0,0,0.25757575757575757,True
27,8,9,0.0,0.0,2.5,wave,3008,0,0,0.2589760638297872,True
27,8,10,0.0,0.0,2.5,wave,2968,0,0,0.26246630727762804,True
27,8,11,0.0,0.0,2.5,wave,2929,0,0,0.26596107886650733,True
27,8,12,0.0,0.0,2.5,wave,2897,0,0,0.2675181221953745,True
27,8,13,0.0,0.0,2.5,wave,2869,0,0,0.26873475078424536,True
27,8,14,0.0,0.0,2.5,wave,2851,0,0,0.27218519817607856,True
27,8,15,0.0,0.0,2.5,wave,2827,0,0,0.27095861337106475,True
27,8,16,0.0,0.0,2.5,wave,2808,0,0,0.2720797720797721,True
27,8,17,0.0,0.0,2.5,wave,2781,0,0,0.2758000719165768,True
27,8,18,0.0,0.0,2.5,wave,6023,0,0,0.12751120703968122,True
27,8,19,0.0,0.0,2.5,wave,5947,0,0,0.1288044392130486,True
27,8,20,0.0,0.0,2.5,wave,5848,0,0,0.13166894664842682,True
27,8,21,0.0,0.0,2.5,wave,5722,0,0,0.13474309681929394,True
27,8,22,0.0,0.0,2.5,wave,5603,0,0,0.13653399964304835,True
27,8,23,0.0,0.0,2.5,wave,5485,0,0,0.14074749316317228,True
27,8,24,0.0,0.0,2.5,wave,5413,0,0,0.14428228339183446,True
27,8,25,0.0,0.0,2.5,wave,5334,0,0,0.14735658042744657,True
27,8,26,0.0,0.0,2.5,wave,5230,0,0,0.14990439770554492,True
27,8,27,0.0,0.0,2.5,wave,5118,0,0,0.15377100429855411,True
27,8,28,0.0,0.0,2.5,wave,4994,0,0,0.1565879054865839,True
27,8,29,0.0,0.0,2.5,wave,4919,0,0,0.15938198820898555,True
27,8,30,0.0,0.0,2.5,wave,4819,0,0,0.16206681884208343,True
27,8,31,0.0,0.0,2.5,wave,4738,0,0,0.1637821865766146,True
27,8,32,0.0,0.0,2.5,wave,4645,0,0,0.16706135629709365,True
27,8,33,0.0,0.0,2.5,wave,4548,0,0,0.16886543535620052,True
27,8,34,0.0,0.0,2.5,wave,4458,0,0,0.17092866756393002,True
27,8,35,0.0,0.0,2.5,wave,4392,0,0,0.17486338797814208,True
27,8,36,0.0,0.0,2.5,wave,4315,0,0,0.17867902665121668,True
27,8,37,0.0,0.0,2.5,wave,4263,0,0,0.18038939713816562,True
27,8,38,0.0,0.0,2.5,wave,4210,0,0,0.1826603325415677,True
27,8,39,0.0,0.0,2.5,wave,4157,0,0,0.18354582631705557,True
27,8,40,0.0,0.0,2.5,wave,4114,0,0,0.18643655809431212,True
27,8,41,0.0,0.0,2.5,wave,4048,0,0,0.19095849802371542,True
27,8,42,0.0,0.0,2.5,wave,3992,0,0,0.19238476953907815,True
27,8,43,0.0,0.0,2.5,wave,4405,0,0,0.24199772985244042,True
27,8,44,0.0,0.0,2.5,wave,4222,0,0,0.22974893415442918,True
27,8,45,0.0,0.0,2.5,wave,4101,0,0,0.2238478419897586,True
27,8,46,0.0,0.0,2.5,wave,4023,0,0,0.2212279393487447,True
27,8,47,0.0,0.0,2.5,wave,3967,0,0,0.2225863372825813,True
27,8,48,0.0,0.0,2.5,wave,3904,0,0,0.22515368852459017,True
27,8,49,0.0,0.0,2.5,wave,3820,0,0,0.22460732984293194,True
27,8,50,0.0,0.0,2.5,wave,3763,0,0,0.22694658517140578,True
27,8,51,0.0,0.0,2.5,wave,3722,0,0,0.23186458893068243,True
27,8,52,0.0,0.0,2.5,wave,3677,0,0,0.23415828120750612,True
27,9,1,0.0,0.0,2.5,wave,3627,0,0,0.23600771987868763,True
27,9,2,0.0,0.0,2.5,wave,3600,0,0,0.23777777777777778,True
27,9,3,0.0,0.0,2.5,wave,3558,0,0,0.24002248454187747,True
27,9,4,0.0,0.0,2.5,wave,3521,0,0,0.2408406702641295,True
27,9,5,0.0,0.0,2.5,wave,3480,0,0,0.24281609195402298,True
27,9,6,0.0,0.0,2.5,wave,3441,0,0,0.24353385643708225,True
27,9,7,0.0,0.0,2.5,wave,3406,0,0,0.2451556077510276,True
27,9,8,0.0,0.0,2.5,wave,3367,0,0,0.24888624888624888,True
27,9,9,0.0,0.0,2.5,wave,3340,0,0,0.25269461077844313,True
27,9,10,0.0,0.0,2.5,wave,3302,0,0,0.25348273773470625,True
27,9,11,0.0,0.0,2.5,wave,3269,0,0,0.2569593147751606,True
27,9,12,0.0,0.0,2.5,wave,3232,0,0,0.2583539603960396,True
27,9,13,0.0,0.0,2.5,wave,3208,0,0,0.26122194513715713,True
27,9,14,0.0,0.0,2.5,wave,3169,0,0,0.2619122751656674,True
27,9,15,0.0,0.0,2.5,wave,3134,0,0,0.26419910657306955,True
27,9,16,0.0,0.0,2.5,wave,3089,0,0,0.26772418258336034,True
27,9,17,0.0,0.0,2.5,wave,3064,0,0,0.27088772845953,True
27,9,18,0.0,0.0,2.5,wave,6491,0,0,0.12032044369126482,True
27,9,19,0.0,0.0,2.5,wave,6408,0,0,0.12328339575530586,True
27,9,20,0.0,0.0,2.5,wave,6284,0,0,0.12523870146403565,True
27,9,21,0.0,0.0,2.5,wave,6155,0,0,0.12900081234768482,True
27,9,22,0.0,0.0,2.5,wave,6045,0,0,0.13300248138957815,True
27,9,23,0.0,0.0,2.5,wave,5944,0,0,0.1350942126514132,True
27,9,24,0.0,0.0,2.5,wave,5823,0,0,0.13772969259831702,True
27,9,25,0.0,0.0,2.5,wave,5711,0,0,0.14008054631413064,True
27,9,26,0.0,0.0,2.5,wave,5611,0,0,0.14257708073427197,True
27,9,27,0.0,0.0,2.5,wave,5510,0,0,0.14446460980036296,True
27,9,28,0.0,0.0,2.5,wave,5414,0,0,0.14794975988178796,True
27,9,29,0.0,0.0,2.5,wave,5335,0,0,0.1507029053420806,True
27,9,30,0.0,0.0,2.5,wave,5250,0,0,0.15314285714285714,True
27,9,31,0.0,0.0,2.5,wave,5171,0,0,0.15683620189518468,True
27,9,32,0.0,0.0,2.5,wave,5055,0,0,0.16003956478733927,True
27,9,33,0.0,0.0,2.5,wave,4976,0,0,0.1629823151125402,True
27,9,34,0.0,0.0,2.5,wave,4883,0,0,0.16629121441736638,True
27,9,35,0.0,0.0,2.5,wave,4817,0,0,0.16940004151961802,True
27,9,36,0.0,0.0,2.5,wave,4749,0,0,0.17308907138344914,True
27,9,37,0.0,0.0,2.5,wave,4663,0,0,0.17478018443062407,True
27,9,38,0.0,0.0,2.5,wave,4610,0,0,0.17657266811279826,True
27,9,39,0.0,0.0,2.5,wave,4550,0,0,0.17736263736263735,True
27,9,40,0.0,0.0,2.5,wave,4490,0,0,0.18106904231625834,True
27,9,41,0.0,0.0,2.5,wave,4429,0,0,0.18311131180853465,True
27,9,42,0.0,0.0,2.5,wave,4377,0,0,0.18779986291980807,True
27,9,43,0.0,0.0,2.5,wave,4775,0,0,0.23371727748691098,True
27,9,44,0.0,0.0,2.5,wave,4557,0,0,0.22119815668202766,True
27,9,45,0.0,0.0,2.5,wave,4421,0,0,0.21488351051798235,True
27,9,46,0.0,0.0,2.5,wave,4346,0,0,0.2130694891854579,True
27,9,47,0.0,0.0,2.5,wave,4280,0,0,0.21355140186915889,True
27,9,48,0.0,0.0,2.5,wave,4241,0,0,0.21692996934685216,True
27,9,49,0.0,0.0,2.5,wave,4200,0,0,0.21904761904761905,True
27,9,50,0.0,0.0,2.5,wave,4144,0,0,0.2195945945945946,True
27,9,51,0.0,0.0,2.5,wave,4078,0,0,0.221922511034821,True
27,9,52,0.0,0.0,2.5,wave,4038,0,0,0.22511144130757801,True
27,10,1,0.0,0.0,2.5,wave,3985,0,0,0.22760351317440403,True
27,10,2,0.0,0.0,2.5,wave,3928,0,0,0.22708757637474541,True
27,10,3,0.0,0.0,2.5,wave,3880,0,0,0.23015463917525772,True
27,10,4,0.0,0.0,2.5,wave,3841,0,0,0.23275188752928924,True
27,10,5,0.0,0.0,2.5,wave,3800,0,0,0.2355263157894737,True
27,10,6,0.0,0.0,2.5,wave,3753,0,0,0.23634425792699174,True
27,10,7,0.0,0.0,2.5,wave,3708,0,0,0.23678532901833874,True
27,10,8,0.0,0.0,2.5,wave,3670,0,0,0.23732970027247957,True
27,10,9,0.0,0.0,2.5,wave,3626,0,0,0.2404853833425262,True
27,10,10,0.0,0.0,2.5,wave,3594,0,0,0.24123539232053423,True
27,10,11,0.0,0.0,2.5,wave,3558,0,0,0.24536256323777403,True
27,10,12,0.0,0.0,2.5,wave,3515,0,0,0.24751066856330015,True
27,10,13,0.0,0.0,2.5,wave,3478,0,0,0.2484186313973548,True
27,10,14,0.0,0.0,2.5,wave,3444,0,0,0.251451800232288,True
27,10,15,0.0,0.0,2.5,wave,3396,0,0,0.251472320376914,True
27,10,16,0.0,0.0,2.5,wave,3367,0,0,0.25274725274725274,True
27,10,17,0.0,0.0,2.5,wave,3323,0,0,0.25368642792657237,True
27,10,18,0.0,0.0,2.5,wave,7160,0,0,0.1122905027932961,True
27,10,19,0.0,0.0,2.5,wave,7030,0,0,0.11465149359886202,True
27,10,20,0.0,0.0,2.5,wave,6905,0,0,0.1170166545981173,True
27,10,21,0.0,0.0,2.5,wave,6749,0,0,0.12135131130537857,True
27,10,22,0.0,0.0,2.5,wave,6658,0,0,0.12436167017122259,True
27,10,23,0.0,0.0,2.5,wave,6544,0,0,0.1272921760391198,True
27,10,24,0.0,0.0,2.5,wave,6446,0,0,0.12984796773192678,True
27,10,25,0.0,0.0,2.5,wave,6341,0,0,0.13247121905062292,True
27,10,26,0.0,0.0,2.5,wave,6234,0,0,0.13490535771575232,True
27,10,27,0.0,0.0,2.5,wave,6108,0,0,0.13883431565160445,True
27,10,28,0.0,0.0,2.5,wave,6005,0,0,0.14204829308909242,True
27,10,29,0.0,0.0,2.5,wave,5900,0,0,0.1440677966101695,True
27,10,30,0.0,0.0,2.5,wave,5804,0,0,0.1474844934527912,True
27,10,31,0.0,0.0,2.5,wave,5703,0,0,0.1506224793968087,True
27,10,32,0.0,0.0,2.5,wave,5556,0,0,0.15496760259179265,True
27,10,33,0.0,0.0,2.5,wave,5446,0,0,0.15754682335659198,True
27,10,34,0.0,0.0,2.5,wave,5350,0,0,0.16130841121495326,True
27,10,35,0.0,0.0,2.5,wave,5261,0,0,0.16403725527466262,True
27,10,36,0.0,0.0,2.5,wave,5204,0,0,0.16564181398923905,True
27,10,37,0.0,0.0,2.5,wave,5117,0,0,0.16709009185069376,True
27,10,38,0.0,0.0,2.5,wave,5058,0,0,0.17062079873467773,True
27,10,39,0.0,0.0,2.5,wave,5001,0,0,0.17356528694261147,True
27,10,40,0.0,0.0,2.5,wave,4932,0,0,0.17639902676399027,True
27,10,41,0.0,0.0,2.5,wave,4878,0,0,0.17794177941779418,True
27,10,42,0.0,0.0,2.5,wave,4839,0,0,0.1793759041124199,True
27,10,43,0.0,0.0,2.5,wave,5156,0,0,0.2209076803723817,True
27,10,44,0.0,0.0,2.5,wave,4917,0,0,0.21008745169818996,True
27,10,45,0.0,0.0,2.5,wave,4780,0,0,0.20292887029288703,True
27,10,46,0.0,0.0,2.5,wave,4698,0,0,0.20412941677309493,True
27,10,47,0.0,0.0,2.5,wave,4614,0,0,0.20264412657130473,True
27,10,48,0.0,0.0,2.5,wave,4572,0,0,0.2047244094488189,True
27,10,49,0.0,0.0,2.5,wave,4504,0,0,0.20603907637655416,True
27,10,50,0.0,0.0,2.5,wave,4451,0,0,0.2093911480566165,True
27,10,51,0.0,0.0,2.5,wave,4409,0,0,0.21138580176910865,True
27,10,52,0.0,0.0,2.5,wave,4359,0,0,0.2122046340903877,True
27,11,1,0.0,0.0,2.5,wave,4313,0,0,0.2151634593090656,True
27,11,2,0.0,0.0,2.5,wave,4253,0,0,0.2179637902656948,True
27,11,3,0.0,0.0,2.5,wave,4210,0,0,0.21947743467933492,True
27,11,4,0.0,0.0,2.5,wave,4161,0,0,0.22422494592645997,True
27,11,5,0.0,0.0,2.5,wave,4110,0,0,0.22506082725060828,True
27,11,6,0.0,0.0,2.5,wave,4077,0,0,0.22688251165072357,True
27,11,7,0.0,0.0,2.5,wave,4022,0,0,0.2304823470909995,True
27,11,8,0.0,0.0,2.5,wave,3993,0,0,0.2329075882794891,True
27,11,9,0.0,0.0,2.5,wave,3940,0,0,0.23578680203045685,True
27,11,10,0.0,0.0,2.5,wave,3913,0,0,0.2376693074367493,True
27,11,11,0.0,0.0,2.5,wave,3874,0,0,0.2387712958182757,True
27,11,12,0.0,0.0,2.5,wave,3836,0,0,0.24191866527632952,True
27,11,13,0.0,0.0,2.5,wave,3792,0,0,0.24367088607594936,True
27,11,14,0.0,0.0,2.5,wave,3761,0,0,0.24674288752991225,True
27,11,15,0.0,0.0,2.5,wave,3708,0,0,0.2481121898597627,True
27,11,16,0.0,0.0,2.5,wave,3662,0,0,0.250409612233752,True
27,11,17,0.0,0.0,2.5,wave,3618,0,0,0.25207296849087896,True
27,11,18,0.0,0.0,2.5,wave,7610,0,0,0.11353482260183968,True
27,11,19,0.0,0.0,2.5,wave,7525,0,0,0.11534883720930232,True
27,11,20,0.0,0.0,2.5,wave,7378,0,0,0.12089997289238276,True
27,11,21,0.0,0.0,2.5,wave,7240,0,0,0.12292817679558012,True
27,11,22,0.0,0.0,2.5,wave,7101,0,0,0.12561611040698492,True
27,11,23,0.0,0.0,2.5,wave,6960,0,0,0.12772988505747127,True
27,11,24,0.0,0.0,2.5,wave,6851,0,0,0.1315136476426799,True
27,11,25,0.0,0.0,2.5,wave,6734,0,0,0.1335016335016335,True
27,11,26,0.0,0.0,2.5,wave,6597,0,0,0.13718356828861603,True
27,11,27,0.0,0.0,2.5,wave,6475,0,0,0.1396138996138996,True
27,11,28,0.0,0.0,2.5,wave,6344,0,0,0.14202395964691047,True
27,11,29,0.0,0.0,2.5,wave,6234,0,0,0.1435675328841835,True
27,11,30,0.0,0.0,2.5,wave,6126,0,0,0.14789422135161606,True
27,11,31,0.0,0.0,2.5,wave,5999,0,0,0.15119186531088516,True
27,11,32,0.0,0.0,2.5,wave,5883,0,0,0.15553289138194798,True
27,11,33,0.0,0.0,2.5,wave,5777,0,0,0.15682880387744505,True
27,11,34,0.0,0.0,2.5,wave,5687,0,0,0.16106910497626165,True
27,11,35,0.0,0.0,2.5,wave,5577,0,0,0.1629908552985476,True
27,11,36,0.0,0.0,2.5,wave,5464,0,0,0.1674597364568082,True
27,11,37,0.0,0.0,2.5,wave,5359,0,0,0.17018100391864155,True
27,11,38,0.0,0.0,2.5,wave,5313,0,0,0.17334839073969507,True
27,11,39,0.0,0.0,2.5,wave,5260,0,0,0.1741444866920152,True
27,11,40,0.0,0.0,2.5,wave,5204,0,0,0.17813220599538818,True
27,11,41,0.0,0.0,2.5,wave,5138,0,0,0.18080965356169715,True
27,11,42,0.0,0.0,2.5,wave,5088,0,0,0.18415880503144655,True
27,11,43,0.0,0.0,2.5,wave,5431,0,0,0.2246363468974406,True
27,11,44,0.0,0.0,2.5,wave,5200,0,0,0.20865384615384616,True
27,11,45,0.0,0.0,2.5,wave,5035,0,0,0.2037735849056604,True
27,11,46,0.0,0.0,2.5,wave,4935,0,0,0.20445795339412362,True
27,11,47,0.0,0.0,2.5,wave,4833,0,0,0.20670391061452514,True
27,11,48,0.0,0.0,2.5,wave,4773,0,0,0.20783574271946365,True
27,11,49,0.0,0.0,2.5,wave,4726,0,0,0.20969107067287346,True
27,11,50,0.0,0.0,2.5,wave,4676,0,0,0.21300256629597947,True
27,11,51,0.0,0.0,2.5,wave,4625,0,0,0.21427027027027026,True
27,11,52,0.0,0.0,2.5,wave,4588,0,0,0.21774193548387097,True
28,1,1,0.0,0.0,2.5,wave,2708,0,0,0.004062038404726735,True
28,1,2,0.0,0.0,2.5,wave,2676,0,0,0.006726457399103139,True
28,1,3,0.0,0.0,2.5,wave,2623,0,0,0.010293556995806329,True
28,1,4,0.0,0.0,2.5,wave,2576,0,0,0.01203416149068323,True
28,1,5,0.0,0.0,2.5,wave,2545,0,0,0.012966601178781925,True
28,1,6,0.0,0.0,2.5,wave,2506,0,0,0.014764565043894652,True
28,1,7,0.0,0.0,2.5,wave,2444,0,0,0.01718494271685761,True
28,1,8,0.0,0.0,2.5,wave,2415,0,0,0.019461697722567287,True
28,1,9,0.0,0.0,2.5,wave,2379,0,0,0.021437578814627996,True
28,1,10,0.0,0.0,2.5,wave,2364,0,0,0.023265651438240272,True
28,1,11,0.0,0.0,2.5,wave,2326,0,0,0.025795356835769563,True
28,1,12,0.0,0.0,2.5,wave,2314,0,0,0.028089887640449437,True
28,1,13,0.0,0.0,2.5,wave,2291,0,0,0.030990833697075514,True
28,1,14,0.0,0.0,2.5,wave,2285,0,0,0.03457330415754924,True
28,1,15,0.0,0.0,2.5,wave,2264,0,0,0.0353356890459364,True
28,1,16,0.0,0.0,2.5,wave,2252,0,0,0.03952042628774423,True
28,1,17,0.0,0.0,2.5,wave,2227,0,0,0.040862146385271664,True
28,1,18,0.0,0.0,2.5,wave,6526,0,0,0.015476555317192768,True
28,1,19,0.0,0.0,2.5,wave,6385,0,0,0.017854346123727487,True
28,1,20,0.0,0.0,2.5,wave,6238,0,0,0.02148124398845784,True
28,1,21,0.0,0.0,2.5,wave,6105,0,0,0.02293202293202293,True
28,1,22,0.0,0.0,2.5,wave,5972,0,0,0.02595445411922304,True
28,1,23,0.0,0.0,2.5,wave,5838,0,0,0.028091812264474134,True
28,1,24,0.0,0.0,2.5,wave,5714,0,0,0.030276513825691284,True
28,1,25,0.0,0.0,2.5,wave,5625,0,0,0.032,True
28,1,26,0.0,0.0,2.5,wave,5519,0,0,0.034245334299691975,True
28,1,27,0.0,0.0,2.5,wave,5394,0,0,0.03689284390063033,True
28,1,28,0.0,0.0,2.5,wave,5286,0,0,0.03840332954975407,True
28,1,29,0.0,0.0,2.5,wave,5195,0,0,0.04003849855630414,True
28,1,30,0.0,0.0,2.5,wave,5080,0,0,0.04251968503937008,True
28,1,31,0.0,0.0,2.5,wave,4950,0,0,0.043434343434343436,True
28,1,32,0.0,0.0,2.5,wave,4866,0,0,0.04603370324702014,True
28,1,33,0.0,0.0,2.5,wave,4757,0,0,0.048139583771284425,True
28,1,34,0.0,0.0,2.5,wave,4680,0,0,0.04957264957264957,True
28,1,35,0.0,0.0,2.5,wave,4604,0,0,0.05060816681146829,True
28,1,36,0.0,0.0,2.5,wave,4507,0,0,0.05258486798313734,True
28,1,37,0.0,0.0,2.5,wave,4406,0,0,0.05560599182932365,True
28,1,38,0.0,0.0,2.5,wave,4358,0,0,0.05828361633776962,True
28,1,39,0.0,0.0,2.5,wave,4290,0,0,0.06060606060606061,True
28,1,40,0.0,0.0,2.5,wave,4232,0,0,0.06120037807183365,True
28,1,41,0.0,0.0,2.5,wave,4177,0,0,0.06368206847019392,True
28,1,42,0.0,0.0,2.5,wave,4109,0,0,0.0666828912144074,True
28,1,43,0.0,0.0,2.5,wave,4249,0,0,0.09178630265944929,True
28,1,44,0.0,0.0,2.5,wave,4132,0,0,0.08785091965150048,True
28,1,45,0.0,0.0,2.5,wave,4043,0,0,0.0883007667573584,True
28,1,46,0.0,0.0,2.5,wave,3967,0,0,0.08948827829594151,True
28,1,47,0.0,0.0,2.5,wave,3893,0,0,0.08784998715643462,True
28,1,48,0.0,0.0,2.5,wave,3857,0,0,0.09048483277158413,True
28,1,49,0.0,0.0,2.5,wave,3797,0,0,0.08980774295496445,True
28,1,50,0.0,0.0,2.5,wave,3741,0,0,0.09168671478214381,True
28,1,51,0.0,0.0,2.5,wave,3693,0,0,0.09396154887625237,True
28,1,52,0.0,0.0,2.5,wave,3648,0,0,0.0956688596491228,True
28,2,1,0.0,0.0,2.5,wave,3593,34,4,0.09824659059281937,False
28,2,2,0.0,0.0,2.5,wave,3540,39,10,0.10112994350282486,False
28,2,3,0.0,0.0,2.5,wave,3486,46,14,0.102122776821572,False
28,2,4,0.0,0.0,2.5,wave,3432,49,16,0.10285547785547786,False
28,2,5,0.0,0.0,2.5,wave,3373,45,22,0.10554402608953455,False
28,2,6,0.0,0.0,2.5,wave,3310,65,20,0.10694864048338369,False
28,2,7,0.0,0.0,2.5,wave,3251,62,16,0.10919717010150723,False
28,2,8,0.0,0.0,2.5,wave,3204,84,25,0.11142322097378277,False
28,2,9,0.0,0.0,2.5,wave,3139,88,29,0.11404906021025804,False
28,2,10,0.0,0.0,2.5,wave,3089,107,38,0.11751375849789576,False
28,2,11,0.0,0.0,2.5,wave,3034,117,44,0.11766644693473961,False
28,2,12,0.0,0.0,2.5,wave,2972,122,43,0.1174293405114401,False
28,2,13,0.0,0.0,2.5,wave,2918,127,44,0.1185743660041124,False
28,2,14,0.0,0.0,2.5,wave,2859,139,43,0.11997201818817768,False
28,2,15,0.0,0.0,2.5,wave,2813,150,51,0.12300035549235691,False
28,2,16,0.0,0.0,2.5,wave,2747,149,65,0.12559155442300693,False
28,2,17,0.0,0.0,2.5,wave,2680,130,62,0.12835820895522387,False
28,2,18,0.0,0.0,2.5,wave,5127,117,48,0.06904622586307782,False
28,2,19,0.0,0.0,2.5,wave,4979,133,38,0.072906206065475,False
28,2,20,0.0,0.0,2.5,wave,4807,156,44,0.0748907842729353,False
28,2,21,0.0,0.0,2.5,wave,4671,168,58,0.07856989937914793,False
28,2,22,0.0,0.0,2.5,wave,4524,183,66,0.08112290008841733,False
28,2,23,0.0,0.0,2.5,wave,4379,182,65,0.08335236355332268,False
28,2,24,0.0,0.0,2.5,wave,4254,184,65,0.08650681711330513,False
28,2,25,0.0,0.0,2.5,wave,4127,191,66,0.08868427429125272,False
28,2,26,0.0,0.0,2.5,wave,3992,185,71,0.09318637274549098,False
28,2,27,0.0,0.0,2.5,wave,3891,186,72,0.09483423284502698,False
28,2,28,0.0,0.0,2.5,wave,3746,169,57,0.09850507207688201,False
28,2,29,0.0,0.0,2.5,wave,3623,156,58,0.10212531051614684,False
28,2,30,0.0,0.0,2.5,wave,3528,151,60,0.10600907029478458,False
28,2,31,0.0,0.0,2.5,wave,3424,145,53,0.1080607476635514,False
28,2,32,0.0,0.0,2.5,wave,3331,129,56,0.11227859501651156,False
28,2,33,0.0,0.0,2.5,wave,3233,127,51,0.11475409836065574,False
28,2,34,0.0,0.0,2.5,wave,3123,109,52,0.11943643932116554,False
28,2,35,0.0,0.0,2.5,wave,3047,107,50,0.12241549064653758,False
28,2,36,0.0,0.0,2.5,wave,2979,88,37,0.12487411883182276,False
28,2,37,0.0,0.0,2.5,wave,2915,91,36,0.12624356775300172,False
28,2,38,0.0,0.0,2.5,wave,2853,82,34,0.1275849982474588,False
28,2,39,0.0,0.0,2.5,wave,2801,79,32,0.13138164941092467,False
28,2,40,0.0,0.0,2.5,wave,2753,68,27,0.13476207773338175,False
28,2,41,0.0,0.0,2.5,wave,2709,60,27,0.13510520487264674,False
28,2,42,0.0,0.0,2.5,wave,2667,57,26,0.1372328458942632,False
28,2,43,0.0,0.0,2.5,wave,2871,60,26,0.19122257053291536,False
28,2,44,0.0,0.0,2.5,wave,2758,50,24,0.17657722987672225,False
28,2,45,0.0,0.0,2.5,wave,2677,47,21,0.16996638027642882,False
28,2,46,0.0,0.0,2.5,wave,2619,34,16,0.17143948071783124,False
28,2,47,0.0,0.0,2.5,wave,2553,30,15,0.17117117117117117,False
28,2,48,0.0,0.0,2.5,wave,2528,28,10,0.17484177215189872,False
28,2,49,0.0,0.0,2.5,wave,2492,24,12,0.1761637239165329,False
28,2,50,0.0,0.0,2.5,wave,2468,23,9,0.17990275526742303,False
28,2,51,0.0,0.0,2.5,wave,2424,16,6,0.17986798679867988,False
28,2,52,0.0,0.0,2.5,wave,2400,18,9,0.1825,False
28,3,1,0.0,0.0,2.5,wave,2365,18,9,0.18604651162790697,False
28,3,2,0.0,0.0,2.5,wave,2336,14,8,0.1879280821917808,False
28,3,3,0.0,0.0,2.5,wave,2307,12,7,0.1907238838318162,False
28,3,4,0.0,0.0,2.5,wave,2269,10,4,0.19127368884971352,False
28,3,5,0.0,0.0,2.5,wave,2251,7,2,0.19147045757441136,False
28,3,6,0.0,0.0,2.5,wave,2218,8,3,0.1920649233543733,False
28,3,7,0.0,0.0,2.5,wave,2191,8,2,0.19397535371976266,False
28,3,8,0.0,0.0,2.5,wave,2173,6,0,0.19420156465715602,False
28,3,9,0.0,0.0,2.5,wave,2150,6,4,0.1958139534883721,False
28,3,10,0.0,0.0,2.5,wave,2130,8,6,0.19671361502347418,False
28,3,11,0.0,0.0,2.5,wave,2116,5,2,0.19896030245746693,False
28,3,12,0.0,0.0,2.5,wave,2086,3,0,0.20182166826462128,False
28,3,13,0.0,0.0,2.5,wave,2063,3,0,0.2035870092098885,False
28,3,14,0.0,0.0,2.5,wave,2043,3,1,0.20655898188937835,False
28,3,15,0.0,0.0,2.5,wave,2019,4,2,0.20703318474492324,False
28,3,16,0.0,0.0,2.5,wave,2005,5,1,0.21047381546134664,False
28,3,17,0.0,0.0,2.5,wave,1983,4,0,0.2118003025718608,False
28,3,18,0.0,0.0,2.5,wave,4638,4,2,0.08990944372574386,False
28,3,19,0.0,0.0,2.5,wave,4545,12,2,0.0924092409240924,False
28,3,20,0.0,0.0,2.5,wave,4473,9,1,0.09479096803040465,False
28,3,21,0.0,0.0,2.5,wave,4346,18,6,0.09641049240681086,False
28,3,22,0.0,0.0,2.5,wave,4247,27,5,0.10054155874735107,False
28,3,23,0.0,0.0,2.5,wave,4103,21,7,0.10480136485498416,False
28,3,24,0.0,0.0,2.5,wave,4006,27,14,0.10808786819770344,False
28,3,25,0.0,0.0,2.5,wave,3918,28,10,0.1110260336906585,False
28,3,26,0.0,0.0,2.5,wave,3832,26,8,0.11482254697286012,False
28,3,27,0.0,0.0,2.5,wave,3743,26,11,0.11835426128773711,False
28,3,28,0.0,0.0,2.5,wave,3633,28,11,0.12276355628956785,False
28,3,29,0.0,0.0,2.5,wave,3545,25,10,0.12609308885754583,False
28,3,30,0.0,0.0,2.5,wave,3481,26,8,0.1289859235851767,False
28,3,31,0.0,0.0,2.5,wave,3363,24,8,0.13380909901873328,False
28,3,32,0.0,0.0,2.5,wave,3283,28,8,0.13524215656411817,False
28,3,33,0.0,0.0,2.5,wave,3203,26,4,0.13955666562597566,False
28,3,34,0.0,0.0,2.5,wave,3135,28,10,0.14322169059011164,False
28,3,35,0.0,0.0,2.5,wave,3060,28,12,0.1477124183006536,False
28,3,36,0.0,0.0,2.5,wave,2996,24,10,0.15120160213618158,False
28,3,37,0.0,0.0,2.5,wave,2945,22,8,0.15551782682512733,False
28,3,38,0.0,0.0,2.5,wave,2905,16,8,0.15903614457831325,False
28,3,39,0.0,0.0,2.5,wave,2875,16,9,0.16104347826086957,False
28,3,40,0.0,0.0,2.5,wave,2845,14,7,0.16520210896309315,False
28,3,41,0.0,0.0,2.5,wave,2817,14,7,0.16968406105786296,False
28,3,42,0.0,0.0,2.5,wave,2778,13,7,0.1717062634989201,False
28,3,43,0.0,0.0,2.5,wave,3061,11,5,0.22018948056190787,False
28,3,44,0.0,0.0,2.5,wave,2892,8,1,0.2036652835408022,False
28,3,45,0.0,0.0,2.5,wave,2822,7,3,0.1959603118355776,False
28,3,46,0.0,0.0,2.5,wave,2762,8,5,0.1947863866763215,False
28,3,47,0.0,0.0,2.5,wave,2713,5,2,0.19535569480280132,False
28,3,48,0.0,0.0,2.5,wave,2666,3,2,0.19579894973743436,False
28,3,49,0.0,0.0,2.5,wave,2633,3,2,0.19863273832130648,False
28,3,50,0.0,0.0,2.5,wave,2589,1,1,0.20162224797219003,False
28,3,51,0.0,0.0,2.5,wave,2552,1,1,0.20650470219435738,False
28,3,52,0.0,0.0,2.5,wave,2521,0,0,0.20745735819119396,True
28,4,1,0.0,0.0,2.5,wave,2492,0,0,0.21147672552166935,True
28,4,2,0.0,0.0,2.5,wave,2444,0,0,0.2107201309328969,True
28,4,3,0.0,0.0,2.5,wave,2412,0,0,0.21102819237147596,True
28,4,4,0.0,0.0,2.5,wave,2381,0,0,0.21545569088618227,True
28,4,5,0.0,0.0,2.5,wave,2355,0,0,0.21613588110403398,True
28,4,6,0.0,0.0,2.5,wave,2332,0,0,0.21783876500857632,True
28,4,7,0.0,0.0,2.5,wave,2301,0,0,0.2199043893959148,True
28,4,8,0.0,0.0,2.5,wave,2282,0,0,0.21954425942156003,True
28,4,9,0.0,0.0,2.5,wave,2257,0,0,0.22197607443509082,True
28,4,10,0.0,0.0,2.5,wave,2239,0,0,0.22465386333184456,True
28,4,11,0.0,0.0,2.5,wave,2213,0,0,0.22503389064618165,True
28,4,12,0.0,0.0,2.5,wave,2187,0,0,0.22588020118884317,True
28,4,13,0.0,0.0,2.5,wave,2165,0,0,0.22678983833718244,True
28,4,14,0.0,0.0,2.5,wave,2141,0,0,0.23026623073330219,True
28,4,15,0.0,0.0,2.5,wave,2113,0,0,0.2352106010411737,True
28,4,16,0.0,0.0,2.5,wave,2083,0,0,0.23619779164666346,True
28,4,17,0.0,0.0,2.5,wave,2065,0,0,0.23825665859564166,True
28,4,18,0.0,0.0,2.5,wave,4579,0,0,0.10766542913299847,True
28,4,19,0.0,0.0,2.5,wave,4529,0,0,0.11039964672113049,True
28,4,20,0.0,0.0,2.5,wave,4438,0,0,0.11378999549346552,True
28,4,21,0.0,0.0,2.5,wave,4348,0,0,0.11591536338546458,True
28,4,22,0.0,0.0,2.5,wave,4243,0,0,0.11925524393118077,True
28,4,23,0.0,0.0,2.5,wave,4151,0,0,0.12382558419657914,True
28,4,24,0.0,0.0,2.5,wave,4057,0,0,0.1271875770273601,True
28,4,25,0.0,0.0,2.5,wave,3962,0,0,0.12973245835436648,True
28,4,26,0.0,0.0,2.5,wave,3889,0,0,0.1324247878632039,True
28,4,27,0.0,0.0,2.5,wave,3778,0,0,0.13605082053996823,True
28,4,28,0.0,0.0,2.5,wave,3712,0,0,0.14089439655172414,True
28,4,29,0.0,0.0,2.5,wave,3615,0,0,0.14495159059474413,True
28,4,30,0.0,0.0,2.5,wave,3534,0,0,0.14799094510469724,True
28,4,31,0.0,0.0,2.5,wave,3452,0,0,0.1515063731170336,True
28,4,32,0.0,0.0,2.5,wave,3386,0,0,0.1529828706438275,True
28,4,33,0.0,0.0,2.5,wave,3317,0,0,0.15586373228821224,True
28,4,34,0.0,0.0,2.5,wave,3241,0,0,0.15951866707806234,True
28,4,35,0.0,0.0,2.5,wave,3177,0,0,0.16052880075542966,True
28,4,36,0.0,0.0,2.5,wave,3125,0,0,0.16128,True
28,4,37,0.0,0.0,2.5,wave,3049,0,0,0.1630042636930141,True
28,4,38,0.0,0.0,2.5,wave,3009,0,0,0.16550348953140578,True
28,4,39,0.0,0.0,2.5,wave,2968,0,0,0.1681266846361186,True
28,4,40,0.0,0.0,2.5,wave,2929,0,0,0.1693410720382383,True
28,4,41,0.0,0.0,2.5,wave,2890,0,0,0.17162629757785466,True
28,4,42,0.0,0.0,2.5,wave,2867,0,0,0.17439832577607256,True
28,4,43,0.0,0.0,2.5,wave,3181,0,0,0.22194278528764538,True
28,4,44,0.0,0.0,2.5,wave,3053,0,0,0.21159515230920406,True
28,4,45,0.0,0.0,2.5,wave,2938,0,0,0.20285908781484002,True
28,4,46,0.0,0.0,2.5,wave,2879,0,0,0.2018061827023272,True
28,4,47,0.0,0.0,2.5,wave,2837,0,0,0.20267888614733873,True
28,4,48,0.0,0.0,2.5,wave,2798,0,0,0.20335954253037883,True
28,4,49,0.0,0.0,2.5,wave,2780,0,0,0.2039568345323741,True
28,4,50,0.0,0.0,2.5,wave,2739,0,0,0.20700985761226726,True
28,4,51,0.0,0.0,2.5,wave,2710,0,0,0.2077490774907749,True
28,4,52,0.0,0.0,2.5,wave,2685,0,0,0.21154562383612663,True
28,5,1,0.0,0.0,2.5,wave,2654,0,0,0.21401657874905802,True
28,5,2,0.0,0.0,2.5,wave,2607,0,0,0.2155734560797852,True
28,5,3,0.0,0.0,2.5,wave,2581,0,0,0.21890740023246805,True
28,5,4,0.0,0.0,2.5,wave,2558,0,0,0.22087568412822517,True
28,5,5,0.0,0.0,2.5,wave,2528,0,0,0.22389240506329114,True
28,5,6,0.0,0.0,2.5,wave,2500,0,0,0.2252,True
28,5,7,0.0,0.0,2.5,wave,2485,0,0,0.22776659959758552,True
28,5,8,0.0,0.0,2.5,wave,2453,0,0,0.2282918874847126,True
28,5,9,0.0,0.0,2.5,wave,2418,0,0,0.23159636062861869,True
28,5,10,0.0,0.0,2.5,wave,2395,0,0,0.2325678496868476,True
28,5,11,0.0,0.0,2.5,wave,2373,0,0,0.23514538558786346,True
28,5,12,0.0,0.0,2.5,wave,2341,0,0,0.23707817172148654,True
28,5,13,0.0,0.0,2.5,wave,2316,0,0,0.23877374784110536,True
28,5,14,0.0,0.0,2.5,wave,2295,0,0,0.24183006535947713,True
28,5,15,0.0,0.0,2.5,wave,2270,0,0,0.24140969162995596,True
28,5,16,0.0,0.0,2.5,wave,2247,0,0,0.2416555407209613,True
28,5,17,0.0,0.0,2.5,wave,2221,0,0,0.2435839711841513,True
28,5,18,0.0,0.0,2.5,wave,5059,0,0,0.10911247282071555,True
28,5,19,0.0,0.0,2.5,wave,4964,0,0,0.11079774375503626,True
28,5,20,0.0,0.0,2.5,wave,4873,0,0,0.1136876667350708,True
28,5,21,0.0,0.0,2.5,wave,4783,0,0,0.11561781308802008,True
28,5,22,0.0,0.0,2.5,wave,4702,0,0,0.11675882603147597,True
28,5,23,0.0,0.0,2.5,wave,4616,0,0,0.1195840554592721,True
28,5,24,0.0,0.0,2.5,wave,4554,0,0,0.12187088274044795,True
28,5,25,0.0,0.0,2.5,wave,4439,0,0,0.1248028835323271,True
28,5,26,0.0,0.0,2.5,wave,4355,0,0,0.1288174512055109,True
28,5,27,0.0,0.0,2.5,wave,4275,0,0,0.1319298245614035,True
28,5,28,0.0,0.0,2.5,wave,4188,0,0,0.13658070678127984,True
28,5,29,0.0,0.0,2.5,wave,4115,0,0,0.13973268529769137,True
28,5,30,0.0,0.0,2.5,wave,4047,0,0,0.14158636026686433,True
28,5,31,0.0,0.0,2.5,wave,3967,0,0,0.14368540458784976,True
28,5,32,0.0,0.0,2.5,wave,3905,0,0,0.1467349551856594,True
28,5,33,0.0,0.0,2.5,wave,3815,0,0,0.14914809960681522,True
28,5,34,0.0,0.0,2.5,wave,3734,0,0,0.15265131226566683,True
28,5,35,0.0,0.0,2.5,wave,3648,0,0,0.15597587719298245,True
28,5,36,0.0,0.0,2.5,wave,3584,0,0,0.15876116071428573,True
28,5,37,0.0,0.0,2.5,wave,3498,0,0,0.1595197255574614,True
28,5,38,0.0,0.0,2.5,wave,3445,0,0,0.16052249637155297,True
28,5,39,0.0,0.0,2.5,wave,3395,0,0,0.16318114874815906,True
28,5,40,0.0,0.0,2.5,wave,3360,0,0,0.16547619047619047,True
28,5,41,0.0,0.0,2.5,wave,3315,0,0,0.16711915535444946,True
28,5,42,0.0,0.0,2.5,wave,3271,0,0,0.16967288291042495,True
28,5,43,0.0,0.0,2.5,wave,3610,0,0,0.21745152354570638,True
28,5,44,0.0,0.0,2.5,wave,3439,0,0,0.20151206746147135,True
28,5,45,0.0,0.0,2.5,wave,3316,0,0,0.19119420989143546,True
28,5,46,0.0,0.0,2.5,wave,3239,0,0,0.19049089225069465,True
28,5,47,0.0,0.0,2.5,wave,3172,0,0,0.19136191677175285,True
28,5,48,0.0,0.0,2.5,wave,3127,0,0,0.19155740326191237,True
28,5,49,0.0,0.0,2.5,wave,3102,0,0,0.19406834300451323,True
28,5,50,0.0,0.0,2.5,wave,3051,0,0,0.19632907243526712,True
28,5,51,0.0,0.0,2.5,wave,3008,0,0,0.2004654255319149,True
28,5,52,0.0,0.0,2.5,wave,2985,0,0,0.20368509212730318,True
28,6,1,0.0,0.0,2.5,wave,2948,0,0,0.2062415196743555,True
28,6,2,0.0,0.0,2.5,wave,2910,0,0,0.20687285223367696,True
28,6,3,0.0,0.0,2.5,wave,2880,0,0,0.2107638888888889,True
28,6,4,0.0,0.0,2.5,wave,2849,0,0,0.21235521235521235,True
28,6,5,0.0,0.0,2.5,wave,2815,0,0,0.21349911190053286,True
28,6,6,0.0,0.0,2.5,wave,2790,0,0,0.21433691756272402,True
28,6,7,0.0,0.0,2.5,wave,2764,0,0,0.21562952243125905,True
28,6,8,0.0,0.0,2.5,wave,2736,0,0,0.21710526315789475,True
28,6,9,0.0,0.0,2.5,wave,2703,0,0,0.21864594894561598,True
28,6,10,0.0,0.0,2.5,wave,2679,0,0,0.2198581560283688,True
28,6,11,0.0,0.0,2.5,wave,2647,0,0,0.2236494144314318,True
28,6,12,0.0,0.0,2.5,wave,2614,0,0,0.22532517214996176,True
28,6,13,0.0,0.0,2.5,wave,2577,0,0,0.22584400465657742,True
28,6,14,0.0,0.0,2.5,wave,2545,0,0,0.22593320235756384,True
28,6,15,0.0,0.0,2.5,wave,2518,0,0,0.22756155679110404,True
28,6,16,0.0,0.0,2.5,wave,2491,0,0,0.22922521075873142,True
28,6,17,0.0,0.0,2.5,wave,2474,0,0,0.22958771220695232,True
28,6,18,0.0,0.0,2.5,wave,5340,0,0,0.10711610486891386,True
28,6,19,0.0,0.0,2.5,wave,5238,0,0,0.11053837342497136,True
28,6,20,0.0,0.0,2.5,wave,5112,0,0,0.1134585289514867,True
28,6,21,0.0,0.0,2.5,wave,4970,0,0,0.117102615694165,True
28,6,22,0.0,0.0,2.5,wave,4895,0,0,0.12114402451481103,True
28,6,23,0.0,0.0,2.5,wave,4819,0,0,0.12367711143390744,True
28,6,24,0.0,0.0,2.5,wave,4737,0,0,0.1260291323622546,True
28,6,25,0.0,0.0,2.5,wave,4645,0,0,0.13003229278794404,True
28,6,26,0.0,0.0,2.5,wave,4560,0,0,0.13179824561403508,True
28,6,27,0.0,0.0,2.5,wave,4481,0,0,0.1354608346351261,True
28,6,28,0.0,0.0,2.5,wave,4409,0,0,0.1383533681106827,True
28,6,29,0.0,0.0,2.5,wave,4344,0,0,0.141804788213628,True
28,6,30,0.0,0.0,2.5,wave,4244,0,0,0.146559849198869,True
28,6,31,0.0,0.0,2.5,wave,4137,0,0,0.15131737974377568,True
28,6,32,0.0,0.0,2.5,wave,4033,0,0,0.15249194148276718,True
28,6,33,0.0,0.0,2.5,wave,3903,0,0,0.15859595183192415,True
28,6,34,0.0,0.0,2.5,wave,3846,0,0,0.1625065002600104,True
28,6,35,0.0,0.0,2.5,wave,3771,0,0,0.16441262264651285,True
28,6,36,0.0,0.0,2.5,wave,3714,0,0,0.16774367259019923,True
28,6,37,0.0,0.0,2.5,wave,3674,0,0,0.17120304844855744,True
28,6,38,0.0,0.0,2.5,wave,3619,0,0,0.17380491848576954,True
28,6,39,0.0,0.0,2.5,wave,3568,0,0,0.1774103139013453,True
28,6,40,0.0,0.0,2.5,wave,3527,0,0,0.18032322086759286,True
28,6,41,0.0,0.0,2.5,wave,3485,0,0,0.1836441893830703,True
28,6,42,0.0,0.0,2.5,wave,3434,0,0,0.1875364006988934,True
28,6,43,0.0,0.0,2.5,wave,3813,0,0,0.23918174665617625,True
28,6,44,0.0,0.0,2.5,wave,3594,0,0,0.21897607122982748,True
28,6,45,0.0,0.0,2.5,wave,3435,0,0,0.2096069868995633,True
28,6,46,0.0,0.0,2.5,wave,3342,0,0,0.20586475164572113,True
28,6,47,0.0,0.0,2.5,wave,3294,0,0,0.20613236187006678,True
28,6,48,0.0,0.0,2.5,wave,3265,0,0,0.2082695252679939,True
28,6,49,0.0,0.0,2.5,wave,3221,0,0,0.2098727103384042,True
28,6,50,0.0,0.0,2.5,wave,3172,0,0,0.21027742749054223,True
28,6,51,0.0,0.0,2.5,wave,3119,0,0,0.213209361974992,True
28,6,52,0.0,0.0,2.5,wave,3091,0,0,0.21449369136201876,True
28,7,1,0.0,0.0,2.5,wave,3043,0,0,0.21656260269470917,True
28,7,2,0.0,0.0,2.5,wave,3020,0,0,0.21920529801324504,True
28,7,3,0.0,0.0,2.5,wave,2981,0,0,0.2210667561221067,True
28,7,4,0.0,0.0,2.5,wave,2955,0,0,0.2257191201353638,True
28,7,5,0.0,0.0,2.5,wave,2919,0,0,0.2278177458033573,True
28,7,6,0.0,0.0,2.5,wave,2895,0,0,0.23108808290155441,True
28,7,7,0.0,0.0,2.5,wave,2856,0,0,0.23179271708683474,True
28,7,8,0.0,0.0,2.5,wave,2828,0,0,0.23373408769448373,True
28,7,9,0.0,0.0,2.5,wave,2794,0,0,0.23622047244094488,True
28,7,10,0.0,0.0,2.5,wave,2760,0,0,0.23804347826086958,True
28,7,11,0.0,0.0,2.5,wave,2733,0,0,0.2411269667032565,True
28,7,12,0.0,0.0,2.5,wave,2708,0,0,0.24519940915805022,True
28,7,13,0.0,0.0,2.5,wave,2672,0,0,0.24588323353293412,True
28,7,14,0.0,0.0,2.5,wave,2640,0,0,0.24696969696969698,True
28,7,15,0.0,0.0,2.5,wave,2609,0,0,0.2483710233806056,True
28,7,16,0.0,0.0,2.5,wave,2585,0,0,0.251063829787234,True
28,7,17,0.0,0.0,2.5,wave,2570,0,0,0.2556420233463035,True
28,7,18,0.0,0.0,2.5,wave,5665,0,0,0.11791703442188879,True
28,7,19,0.0,0.0,2.5,wave,5552,0,0,0.11977665706051874,True
28,7,20,0.0,0.0,2.5,wave,5419,0,0,0.12308544011810298,True
28,7,21,0.0,0.0,2.5,wave,5279,0,0,0.12729683652206858,True
28,7,22,0.0,0.0,2.5,wave,5177,0,0,0.13038439250531195,True
28,7,23,0.0,0.0,2.5,wave,5033,0,0,0.13332008742300816,True
28,7,24,0.0,0.0,2.5,wave,4904,0,0,0.13641924959216967,True
28,7,25,0.0,0.0,2.5,wave,4822,0,0,0.13832434674408958,True
28,7,26,0.0,0.0,2.5,wave,4728,0,0,0.14107445008460237,True
28,7,27,0.0,0.0,2.5,wave,4627,0,0,0.14523449319213314,True
28,7,28,0.0,0.0,2.5,wave,4524,0,0,0.14743589743589744,True
28,7,29,0.0,0.0,2.5,wave,4406,0,0,0.15115751248297776,True
28,7,30,0.0,0.0,2.5,wave,4276,0,0,0.15551917680074837,True
28,7,31,0.0,0.0,2.5,wave,4198,0,0,0.15650309671272034,True
28,7,32,0.0,0.0,2.5,wave,4116,0,0,0.16059280855199223,True
28,7,33,0.0,0.0,2.5,wave,4019,0,0,0.16621050012440905,True
28,7,34,0.0,0.0,2.5,wave,3940,0,0,0.16852791878172588,True
28,7,35,0.0,0.0,2.5,wave,3861,0,0,0.17249417249417248,True
28,7,36,0.0,0.0,2.5,wave,3780,0,0,0.1761904761904762,True
28,7,37,0.0,0.0,2.5,wave,3715,0,0,0.17954239569313593,True
28,7,38,0.0,0.0,2.5,wave,3671,0,0,0.18033233451375646,True
28,7,39,0.0,0.0,2.5,wave,3628,0,0,0.18357221609702315,True
28,7,40,0.0,0.0,2.5,wave,3589,0,0,0.18473112287545276,True
28,7,41,0.0,0.0,2.5,wave,3542,0,0,0.18605307735742518,True
28,7,42,0.0,0.0,2.5,wave,3496,0,0,0.19021739130434784,True
28,7,43,0.0,0.0,2.5,wave,3926,0,0,0.24707080998471728,True
28,7,44,0.0,0.0,2.5,wave,3702,0,0,0.23014586709886548,True
28,7,45,0.0,0.0,2.5,wave,3547,0,0,0.22131378629828025,True
28,7,46,0.0,0.0,2.5,wave,3459,0,0,0.2194275802254987,True
28,7,47,0.0,0.0,2.5,wave,3391,0,0,0.2191094072544972,True
28,7,48,0.0,0.0,2.5,wave,3334,0,0,0.21955608878224356,True
28,7,49,0.0,0.0,2.5,wave,3292,0,0,0.22174969623329283,True
28,7,50,0.0,0.0,2.5,wave,3257,0,0,0.22382560638624502,True
28,7,51,0.0,0.0,2.5,wave,3209,0,0,0.22343409161732627,True
28,7,52,0.0,0.0,2.5,wave,3168,0,0,0.22569444444444445,True
28,8,1,0.0,0.0,2.5,wave,3136,0,0,0.22704081632653061,True
28,8,2,0.0,0.0,2.5,wave,3106,0,0,0.2292337411461687,True
28,8,3,0.0,0.0,2.5,wave,3069,0,0,0.23330074942978168,True
28,8,4,0.0,0.0,2.5,wave,3033,0,0,0.23508077810748434,True
28,8,5,0.0,0.0,2.5,wave,2995,0,0,0.2353923205342237,True
28,8,6,0.0,0.0,2.5,wave,2972,0,0,0.23721399730820997,True
28,8,7,0.0,0.0,2.5,wave,2938,0,0,0.24063989108236897,True
28,8,8,0.0,0.0,2.5,wave,2910,0,0,0.24329896907216494,True
28,8,9,0.0,0.0,2.5,wave,2868,0,0,0.24616457461645747,True
28,8,10,0.0,0.0,2.5,wave,2840,0,0,0.24929577464788732,True
28,8,11,0.0,0.0,2.5,wave,2806,0,0,0.2512473271560941,True
28,8,12,0.0,0.0,2.5,wave,2779,0,0,0.2526088521050738,True
28,8,13,0.0,0.0,2.5,wave,2753,0,0,0.25426807119505995,True
28,8,14,0.0,0.0,2.5,wave,2728,0,0,0.25549853372434017,True
28,8,15,0.0,0.0,2.5,wave,2699,0,0,0.2563912560207484,True
28,8,16,0.0,0.0,2.5,wave,2678,0,0,0.25840179238237493,True
28,8,17,0.0,0.0,2.5,wave,2655,0,0,0.2617702448210923,True
28,8,18,0.0,0.0,2.5,wave,6058,0,0,0.11587982832618025,True
28,8,19,0.0,0.0,2.5,wave,5980,0,0,0.11906354515050167,True
28,8,20,0.0,0.0,2.5,wave,5881,0,0,0.12310831491242986,True
28,8,21,0.0,0.0,2.5,wave,5781,0,0,0.1248918872167445,True
28,8,22,0.0,0.0,2.5,wave,5642,0,0,0.1283232896136122,True
28,8,23,0.0,0.0,2.5,wave,5539,0,0,0.13305650839501715,True
28,8,24,0.0,0.0,2.5,wave,5460,0,0,0.13516483516483516,True
28,8,25,0.0,0.0,2.5,wave,5353,0,0,0.13936110592191295,True
28,8,26,0.0,0.0,2.5,wave,5226,0,0,0.14293915040183697,True
28,8,27,0.0,0.0,2.5,wave,5082,0,0,0.14639905548996457,True
28,8,28,0.0,0.0,2.5,wave,4971,0,0,0.14946690806678736,True
28,8,29,0.0,0.0,2.5,wave,4888,0,0,0.1509819967266776,True
28,8,30,0.0,0.0,2.5,wave,4767,0,0,0.1562827774281519,True
28,8,31,0.0,0.0,2.5,wave,4683,0,0,0.15972667093743326,True
28,8,32,0.0,0.0,2.5,wave,4588,0,0,0.16216216216216217,True
28,8,33,0.0,0.0,2.5,wave,4497,0,0,0.16499888814765398,True
28,8,34,0.0,0.0,2.5,wave,4426,0,0,0.1685494803434252,True
28,8,35,0.0,0.0,2.5,wave,4344,0,0,0.17380294659300183,True
28,8,36,0.0,0.0,2.5,wave,4301,0,0,0.17600558009765171,True
28,8,37,0.0,0.0,2.5,wave,4222,0,0,0.17787778304121268,True
28,8,38,0.0,0.0,2.5,wave,4166,0,0,0.18098895823331734,True
28,8,39,0.0,0.0,2.5,wave,4115,0,0,0.18323207776427702,True
28,8,40,0.0,0.0,2.5,wave,4070,0,0,0.1855036855036855,True
28,8,41,0.0,0.0,2.5,wave,4020,0,0,0.18756218905472638,True
28,8,42,0.0,0.0,2.5,wave,3978,0,0,0.1897938662644545,True
28,8,43,0.0,0.0,2.5,wave,4508,0,0,0.2548802129547471,True
28,8,44,0.0,0.0,2.5,wave,4232,0,0,0.23511342155009451,True
28,8,45,0.0,0.0,2.5,wave,4049,0,0,0.2217831563348975,True
28,8,46,0.0,0.0,2.5,wave,3942,0,0,0.21689497716894976,True
28,8,47,0.0,0.0,2.5,wave,3868,0,0,0.21690796277145813,True
28,8,48,0.0,0.0,2.5,wave,3814,0,0,0.21919244887257472,True
28,8,49,0.0,0.0,2.5,wave,3769,0,0,0.22048288670734942,True
28,8,50,0.0,0.0,2.5,wave,3726,0,0,0.22383252818035426,True
28,8,51,0.0,0.0,2.5,wave,3678,0,0,0.22566612289287658,True
28,8,52,0.0,0.0,2.5,wave,3631,0,0,0.2299641971908565,True
28,9,1,0.0,0.0,2.5,wave,3606,0,0,0.23044925124792012,True
28,9,2,0.0,0.0,2.5,wave,3559,0,0,0.23180668727170553,True
28,9,3,0.0,0.0,2.5,wave,3511,0,0,0.23326687553403588,True
28,9,4,0.0,0.0,2.5,wave,3466,0,0,0.23427582227351415,True
28,9,5,0.0,0.0,2.5,wave,3434,0,0,0.23733255678509027,True
28,9,6,0.0,0.0,2.5,wave,3384,0,0,0.2393617021276596,True
28,9,7,0.0,0.0,2.5,wave,3346,0,0,0.2405857740585774,True
28,9,8,0.0,0.0,2.5,wave,3310,0,0,0.24410876132930515,True
28,9,9,0.0,0.0,2.5,wave,3277,0,0,0.2456515105279219,True
28,9,10,0.0,0.0,2.5,wave,3242,0,0,0.24892041949413943,True
28,9,11,0.0,0.0,2.5,wave,3213,0,0,0.2517896047307812,True
28,9,12,0.0,0.0,2.5,wave,3173,0,0,0.2543334383863851,True
28,9,13,0.0,0.0,2.5,wave,3130,0,0,0.25878594249201275,True
28,9,14,0.0,0.0,2.5,wave,3083,0,0,0.2601362309438858,True
28,9,15,0.0,0.0,2.5,wave,3058,0,0,0.2616088947024199,True
28,9,16,0.0,0.0,2.5,wave,3028,0,0,0.2645310435931308,True
28,9,17,0.0,0.0,2.5,wave,2986,0,0,0.2665773610180844,True
28,9,18,0.0,0.0,2.5,wave,6265,0,0,0.12019154030327214,True
28,9,19,0.0,0.0,2.5,wave,6179,0,0,0.1233209257161353,True
28,9,20,0.0,0.0,2.5,wave,6059,0,0,0.12559828354513947,True
28,9,21,0.0,0.0,2.5,wave,5950,0,0,0.1289075630252101,True
28,9,22,0.0,0.0,2.5,wave,5850,0,0,0.1317948717948718,True
28,9,23,0.0,0.0,2.5,wave,5735,0,0,0.13408892763731473,True
28,9,24,0.0,0.0,2.5,wave,5633,0,0,0.13740458015267176,True
28,9,25,0.0,0.0,2.5,wave,5513,0,0,0.1402140395428986,True
28,9,26,0.0,0.0,2.5,wave,5412,0,0,0.1433850702143385,True
28,9,27,0.0,0.0,2.5,wave,5315,0,0,0.1469426152398871,True
28,9,28,0.0,0.0,2.5,wave,5181,0,0,0.1503570739239529,True
28,9,29,0.0,0.0,2.5,wave,5082,0,0,0.15466351829988192,True
28,9,30,0.0,0.0,2.5,wave,4968,0,0,0.15801127214170693,True
28,9,31,0.0,0.0,2.5,wave,4857,0,0,0.1610047354333951,True
28,9,32,0.0,0.0,2.5,wave,4780,0,0,0.16255230125523012,True
28,9,33,0.0,0.0,2.5,wave,4698,0,0,0.16624095359727545,True
28,9,34,0.0,0.0,2.5,wave,4607,0,0,0.16930757542869546,True
28,9,35,0.0,0.0,2.5,wave,4529,0,0,0.17178185029807905,True
28,9,36,0.0,0.0,2.5,wave,4459,0,0,0.17515137923301188,True
28,9,37,0.0,0.0,2.5,wave,4366,0,0,0.17842418689876316,True
28,9,38,0.0,0.0,2.5,wave,4336,0,0,0.18150369003690037,True
28,9,39,0.0,0.0,2.5,wave,4285,0,0,0.18343057176196031,True
28,9,40,0.0,0.0,2.5,wave,4238,0,0,0.1849929211892402,True
28,9,41,0.0,0.0,2.5,wave,4192,0,0,0.18630725190839695,True
28,9,42,0.0,0.0,2.5,wave,4141,0,0,0.18908476213475006,True
28,9,43,0.0,0.0,2.5,wave,4739,0,0,0.25342899345853553,True
28,9,44,0.0,0.0,2.5,wave,4469,0,0,0.23271425374804205,True
28,9,45,0.0,0.0,2.5,wave,4279,0,0,0.22435148399158683,True
28,9,46,0.0,0.0,2.5,wave,4149,0,0,0.2205350686912509,True
28,9,47,0.0,0.0,2.5,wave,4081,0,0,0.22004410683655967,True
28,9,48,0.0,0.0,2.5,wave,4003,0,0,0.2205845615788159,True
28,9,49,0.0,0.0,2.5,wave,3946,0,0,0.22301064368981247,True
28,9,50,0.0,0.0,2.5,wave,3905,0,0,0.22483994878361074,True
28,9,51,0.0,0.0,2.5,wave,3846,0,0,0.22776911076443057,True
28,9,52,0.0,0.0,2.5,wave,3795,0,0,0.2289855072463768,True
28,10,1,0.0,0.0,2.5,wave,3752,0,0,0.232409381663113,True
28,10,2,0.0,0.0,2.5,wave,3706,0,0,0.23340528872099298,True
28,10,3,0.0,0.0,2.5,wave,3668,0,0,0.23473282442748092,True
28,10,4,0.0,0.0,2.5,wave,3626,0,0,0.23662437948152235,True
28,10,5,0.0,0.0,2.5,wave,3577,0,0,0.2393066815767403,True
28,10,6,0.0,0.0,2.5,wave,3539,0,0,0.24018084204577564,True
28,10,7,0.0,0.0,2.5,wave,3503,0,0,0.2420782186697117,True
28,10,8,0.0,0.0,2.5,wave,3457,0,0,0.24385305177899913,True
28,10,9,0.0,0.0,2.5,wave,3428,0,0,0.24533255542590432,True
28,10,10,0.0,0.0,2.5,wave,3393,0,0,0.24786324786324787,True
28,10,11,0.0,0.0,2.5,wave,3354,0,0,0.25014907573047107,True
28,10,12,0.0,0.0,2.5,wave,3318,0,0,0.24984930681133213,True
28,10,13,0.0,0.0,2.5,wave,3297,0,0,0.2526539278131635,True
28,10,14,0.0,0.0,2.5,wave,3262,0,0,0.2547516860821582,True
28,10,15,0.0,0.0,2.5,wave,3231,0,0,0.2562674094707521,True
28,10,16,0.0,0.0,2.5,wave,3191,0,0,0.2594797869006581,True
28,10,17,0.0,0.0,2.5,wave,3160,0,0,0.260126582278481,True
28,10,18,0.0,0.0,2.5,wave,6968,0,0,0.11466704936854191,True
28,10,19,0.0,0.0,2.5,wave,6851,0,0,0.11706320245219676,True
28,10,20,0.0,0.0,2.5,wave,6712,0,0,0.12067938021454112,True
28,10,21,0.0,0.0,2.5,wave,6574,0,0,0.12321265591724977,True
28,10,22,0.0,0.0,2.5,wave,6457,0,0,0.12683908936038407,True
28,10,23,0.0,0.0,2.5,wave,6283,0,0,0.1301925831609104,True
28,10,24,0.0,0.0,2.5,wave,6149,0,0,0.13400552935436658,True
28,10,25,0.0,0.0,2.5,wave,6047,0,0,0.13775425830990573,True
28,10,26,0.0,0.0,2.5,wave,5947,0,0,0.14158399192870355,True
28,10,27,0.0,0.0,2.5,wave,5849,0,0,0.14532398700632587,True
28,10,28,0.0,0.0,2.5,wave,5735,0,0,0.15013077593722754,True
28,10,29,0.0,0.0,2.5,wave,5637,0,0,0.1530956182366507,True
28,10,30,0.0,0.0,2.5,wave,5538,0,0,0.15474900686168291,True
28,10,31,0.0,0.0,2.5,wave,5415,0,0,0.15807940904893814,True
28,10,32,0.0,0.0,2.5,wave,5303,0,0,0.16273807278898736,True
28,10,33,0.0,0.0,2.5,wave,5201,0,0,0.164968275331667,True
28,10,34,0.0,0.0,2.5,wave,5086,0,0,0.16850176956350768,True
28,10,35,0.0,0.0,2.5,wave,4986,0,0,0.1726835138387485,True
28,10,36,0.0,0.0,2.5,wave,4890,0,0,0.17648261758691206,True
28,10,37,0.0,0.0,2.5,wave,4818,0,0,0.1780821917808219,True
28,10,38,0.0,0.0,2.5,wave,4756,0,0,0.17998317914213624,True
28,10,39,0.0,0.0,2.5,wave,4703,0,0,0.1817988517967255,True
28,10,40,0.0,0.0,2.5,wave,4649,0,0,0.18305011830501183,True
28,10,41,0.0,0.0,2.5,wave,4610,0,0,0.18611713665943602,True
28,10,42,0.0,0.0,2.5,wave,4559,0,0,0.18863785917964465,True
28,10,43,0.0,0.0,2.5,wave,5283,0,0,0.25326519023282223,True
28,10,44,0.0,0.0,2.5,wave,4940,0,0,0.23178137651821862,True
28,10,45,0.0,0.0,2.5,wave,4704,0,0,0.2185374149659864,True
28,10,46,0.0,0.0,2.5,wave,4580,0,0,0.2168122270742358,True
28,10,47,0.0,0.0,2.5,wave,4505,0,0,0.21798002219755827,True
28,10,48,0.0,0.0,2.5,wave,4430,0,0,0.21670428893905191,True
28,10,49,0.0,0.0,2.5,wave,4346,0,0,0.21997238840312933,True
28,10,50,0.0,0.0,2.5,wave,4293,0,0,0.22292103424178897,True
28,10,51,0.0,0.0,2.5,wave,4245,0,0,0.2249705535924617,True
28,10,52,0.0,0.0,2.5,wave,4197,0,0,0.22730521801286632,True
28,11,1,0.0,0.0,2.5,wave,4139,0,0,0.23000724812756704,True
28,11,2,0.0,0.0,2.5,wave,4091,0,0,0.23417257394280128,True
28,11,3,0.0,0.0,2.5,wave,4053,0,0,0.23735504564520107,True
28,11,4,0.0,0.0,2.5,wave,3999,0,0,0.2395598899724931,True
28,11,5,0.0,0.0,2.5,wave,3963,0,0,0.24249306081251576,True
28,11,6,0.0,0.0,2.5,wave,3919,0,0,0.24521561622862975,True
28,11,7,0.0,0.0,2.5,wave,3875,0,0,0.2472258064516129,True
28,11,8,0.0,0.0,2.5,wave,3833,0,0,0.25045656144012524,True
28,11,9,0.0,0.0,2.5,wave,3782,0,0,0.2527763088313062,True
28,11,10,0.0,0.0,2.5,wave,3748,0,0,0.2564034151547492,True
28,11,11,0.0,0.0,2.5,wave,3704,0,0,0.2583693304535637,True
28,11,12,0.0,0.0,2.5,wave,3669,0,0,0.2602889070591442,True
28,11,13,0.0,0.0,2.5,wave,3633,0,0,0.26314340765207817,True
28,11,14,0.0,0.0,2.5,wave,3592,0,0,0.26419821826280626,True
28,11,15,0.0,0.0,2.5,wave,3539,0,0,0.2675897146086465,True
28,11,16,0.0,0.0,2.5,wave,3517,0,0,0.26897924367358544,True
28,11,17,0.0,0.0,2.5,wave,3481,0,0,0.2708991669060615,True
28,11,18,0.0,0.0,2.5,wave,7451,0,0,0.12038652529861764,True
28,11,19,0.0,0.0,2.5,wave,7366,0,0,0.12313331523214771,True
28,11,20,0.0,0.0,2.5,wave,7268,0,0,0.12534397358282884,True
28,11,21,0.0,0.0,2.5,wave,7144,0,0,0.12793952967525196,True
28,11,22,0.0,0.0,2.5,wave,6985,0,0,0.13027916964924838,True
28,11,23,0.0,0.0,2.5,wave,6768,0,0,0.13342198581560283,True
28,11,24,0.0,0.0,2.5,wave,6613,0,0,0.13624678663239073,True
28,11,25,0.0,0.0,2.5,wave,6497,0,0,0.13806372171771586,True
28,11,26,0.0,0.0,2.5,wave,6378,0,0,0.1414236437754782,True
28,11,27,0.0,0.0,2.5,wave,6303,0,0,0.14389973028716485,True
28,11,28,0.0,0.0,2.5,wave,6176,0,0,0.14604922279792745,True
28,11,29,0.0,0.0,2.5,wave,6041,0,0,0.1496440986591624,True
28,11,30,0.0,0.0,2.5,wave,5933,0,0,0.15236811056800945,True
28,11,31,0.0,0.0,2.5,wave,5833,0,0,0.15515172295559745,True
28,11,32,0.0,0.0,2.5,wave,5746,0,0,0.15784893839192482,True
28,11,33,0.0,0.0,2.5,wave,5662,0,0,0.16089720946661956,True
28,11,34,0.0,0.0,2.5,wave,5550,0,0,0.16324324324324324,True
28,11,35,0.0,0.0,2.5,wave,5452,0,0,0.1669112252384446,True
28,11,36,0.0,0.0,2.5,wave,5362,0,0,0.17083177918687056,True
28,11,37,0.0,0.0,2.5,wave,5258,0,0,0.17268923545074172,True
28,11,38,0.0,0.0,2.5,wave,5188,0,0,0.1746337702390131,True
28,11,39,0.0,0.0,2.5,wave,5112,0,0,0.17683881064162754,True
28,11,40,0.0,0.0,2.5,wave,5054,0,0,0.17985753858330036,True
28,11,41,0.0,0.0,2.5,wave,4987,0,0,0.18147182674954881,True
28,11,42,0.0,0.0,2.5,wave,4926,0,0,0.18453105968331304,True
28,11,43,0.0,0.0,2.5,wave,5687,0,0,0.25426411113064884,True
28,11,44,0.0,0.0,2.5,wave,5329,0,0,0.23494088947269656,True
28,11,45,0.0,0.0,2.5,wave,5075,0,0,0.2246305418719212,True
28,11,46,0.0,0.0,2.5,wave,4918,0,0,0.22163481089873932,True
28,11,47,0.0,0.0,2.5,wave,4803,0,0,0.21944617947116385,True
28,11,48,0.0,0.0,2.5,wave,4714,0,0,0.21849809079338142,True
28,11,49,0.0,0.0,2.5,wave,4668,0,0,0.22022279348757498,True
28,11,50,0.0,0.0,2.5,wave,4615,0,0,0.22253521126760564,True
28,11,51,0.0,0.0,2.5,wave,4557,0,0,0.2240509106868554,True
28,11,52,0.0,0.0,2.5,wave,4494,0,0,0.22674677347574543,True
29,1,1,0.0,0.0,2.5,wave,2859,0,0,0.001049317943336831,True
29,1,2,0.0,0.0,2.5,wave,2812,0,0,0.0039118065433854906,True
29,1,3,0.0,0.0,2.5,wave,2735,0,0,0.005850091407678245,True
29,1,4,0.0,0.0,2.5,wave,2682,0,0,0.0070842654735272185,True
29,1,5,0.0,0.0,2.5,wave,2609,0,0,0.009198926791874281,True
29,1,6,0.0,0.0,2.5,wave,2561,0,0,0.01210464662241312,True
29,1,7,0.0,0.0,2.5,wave,2500,0,0,0.0132,True
29,1,8,0.0,0.0,2.5,wave,2444,0,0,0.015139116202945991,True
29,1,9,0.0,0.0,2.5,wave,2378,0,0,0.017241379310344827,True
29,1,10,0.0,0.0,2.5,wave,2352,0,0,0.01913265306122449,True
29,1,11,0.0,0.0,2.5,wave,2297,0,0,0.02002612102742708,True
29,1,12,0.0,0.0,2.5,wave,2263,0,0,0.021210782147591693,True
29,1,13,0.0,0.0,2.5,wave,2238,0,0,0.022341376228775692,True
29,1,14,0.0,0.0,2.5,wave,2209,0,0,0.02444545043005885,True
29,1,15,0.0,0.0,2.5,wave,2187,0,0,0.026520347508001828,True
29,1,16,0.0,0.0,2.5,wave,2155,0,0,0.027378190255220418,True
29,1,17,0.0,0.0,2.5,wave,2133,0,0,0.028598218471636194,True
29,1,18,0.0,0.0,2.5,wave,6167,0,0,0.012647964974866224,True
29,1,19,0.0,0.0,2.5,wave,6038,0,0,0.014408744617422987,True
29,1,20,0.0,0.0,2.5,wave,5895,0,0,0.01628498727735369,True
29,1,21,0.0,0.0,2.5,wave,5757,0,0,0.017891262810491575,True
29,1,22,0.0,0.0,2.5,wave,5670,0,0,0.019753086419753086,True
29,1,23,0.0,0.0,2.5,wave,5578,0,0,0.023485120114736465,True
29,1,24,0.0,0.0,2.5,wave,5398,0,0,0.02537977028529085,True
29,1,25,0.0,0.0,2.5,wave,5283,0,0,0.027067953814120766,True
29,1,26,0.0,0.0,2.5,wave,5181,0,0,0.029337965643698127,True
29,1,27,0.0,0.0,2.5,wave,5067,0,0,0.03157686994276692,True
29,1,28,0.0,0.0,2.5,wave,4976,0,0,0.03376205787781351,True
29,1,29,0.0,0.0,2.5,wave,4875,0,0,0.036717948717948715,True
29,1,30,0.0,0.0,2.5,wave,4774,0,0,0.03728529534981148,True
29,1,31,0.0,0.0,2.5,wave,4679,0,0,0.038683479375935026,True
29,1,32,0.0,0.0,2.5,wave,4576,0,0,0.04261363636363636,True
29,1,33,0.0,0.0,2.5,wave,4440,0,0,0.04436936936936937,True
29,1,34,0.0,0.0,2.5,wave,4349,0,0,0.045987583352494824,True
29,1,35,0.0,0.0,2.5,wave,4267,0,0,0.04780876494023904,True
29,1,36,0.0,0.0,2.5,wave,4168,0,0,0.05206333973128599,True
29,1,37,0.0,0.0,2.5,wave,4071,0,0,0.05404077622205846,True
29,1,38,0.0,0.0,2.5,wave,4009,0,0,0.055874282863556994,True
29,1,39,0.0,0.0,2.5,wave,3948,0,0,0.0547112462006079,True
29,1,40,0.0,0.0,2.5,wave,3901,0,0,0.05690848500384517,True
29,1,41,0.0,0.0,2.5,wave,3822,0,0,0.059654631083202514,True
29,1,42,0.0,0.0,2.5,wave,3777,0,0,0.061953931691818905,True
29,1,43,0.0,0.0,2.5,wave,4041,0,0,0.10170749814402376,True
29,1,44,0.0,0.0,2.5,wave,3930,0,0,0.0910941475826972,True
29,1,45,0.0,0.0,2.5,wave,3872,0,0,0.09271694214876033,True
29,1,46,0.0,0.0,2.5,wave,3798,0,0,0.09347024749868352,True
29,1,47,0.0,0.0,2.5,wave,3740,0,0,0.09705882352941177,True
29,1,48,0.0,0.0,2.5,wave,3654,0,0,0.09441707717569786,True
29,1,49,0.0,0.0,2.5,wave,3618,0,0,0.10005527915975677,True
29,1,50,0.0,0.0,2.5,wave,3569,0,0,0.10142897170075652,True
29,1,51,0.0,0.0,2.5,wave,3527,0,0,0.1034873830450808,True
29,1,52,0.0,0.0,2.5,wave,3478,0,0,0.10724554341575618,True
29,2,1,0.0,0.0,2.5,wave,3438,33,7,0.10791157649796393,False
29,2,2,0.0,0.0,2.5,wave,3386,42,14,0.10779681039574719,False
29,2,3,0.0,0.0,2.5,wave,3350,43,15,0.11134328358208956,False
29,2,4,0.0,0.0,2.5,wave,3273,49,18,0.10999083409715857,False
29,2,5,0.0,0.0,2.5,wave,3222,59,20,0.11762880198634389,False
29,2,6,0.0,0.0,2.5,wave,3171,61,16,0.11699779249448124,False
29,2,7,0.0,0.0,2.5,wave,3119,54,19,0.12119268996473229,False
29,2,8,0.0,0.0,2.5,wave,3072,59,28,0.123046875,False
29,2,9,0.0,0.0,2.5,wave,3017,53,26,0.12694729864103413,False
29,2,10,0.0,0.0,2.5,wave,2960,52,19,0.1331081081081081,False
29,2,11,0.0,0.0,2.5,wave,2922,54,18,0.13826146475017112,False
29,2,12,0.0,0.0,2.5,wave,2875,62,21,0.14052173913043478,False
29,2,13,0.0,0.0,2.5,wave,2847,59,25,0.1419037583421145,False
29,2,14,0.0,0.0,2.5,wave,2803,57,26,0.14591509097395647,False
29,2,15,0.0,0.0,2.5,wave,2736,54,20,0.14839181286549707,False
29,2,16,0.0,0.0,2.5,wave,2708,48,11,0.15435745937961595,False
29,2,17,0.0,0.0,2.5,wave,2680,46,13,0.15597014925373134,False
29,2,18,0.0,0.0,2.5,wave,5312,50,23,0.07887801204819277,False
29,2,19,0.0,0.0,2.5,wave,5191,64,27,0.08399152379117704,False
29,2,20,0.0,0.0,2.5,wave,5083,72,23,0.08656305331497148,False
29,2,21,0.0,0.0,2.5,wave,4960,78,20,0.0907258064516129,False
29,2,22,0.0,0.0,2.5,wave,4841,95,32,0.09398884527990084,False
29,2,23,0.0,0.0,2.5,wave,4711,102,41,0.09679473572489918,False
29,2,24,0.0,0.0,2.5,wave,4543,94,44,0.10125467752586396,False
29,2,25,0.0,0.0,2.5,wave,4403,81,29,0.10447422212128095,False
29,2,26,0.0,0.0,2.5,wave,4280,69,27,0.10700934579439253,False
29,2,27,0.0,0.0,2.5,wave,4170,73,30,0.11103117505995204,False
29,2,28,0.0,0.0,2.5,wave,4050,74,25,0.11481481481481481,False
29,2,29,0.0,0.0,2.5,wave,3964,68,28,0.12008072653884964,False
29,2,30,0.0,0.0,2.5,wave,3851,70,32,0.12334458582186444,False
29,2,31,0.0,0.0,2.5,wave,3764,62,30,0.12699256110520724,False
29,2,32,0.0,0.0,2.5,wave,3670,53,24,0.12942779291553133,False
29,2,33,0.0,0.0,2.5,wave,3573,55,26,0.13322138259165967,False
29,2,34,0.0,0.0,2.5,wave,3503,44,23,0.13588352840422496,False
29,2,35,0.0,0.0,2.5,wave,3436,45,17,0.1379511059371362,False
29,2,36,0.0,0.0,2.5,wave,3368,38,11,0.1404394299287411,False
29,2,37,0.0,0.0,2.5,wave,3305,31,13,0.1437216338880484,False
29,2,38,0.0,0.0,2.5,wave,3259,38,11,0.14421601718318502,False
29,2,39,0.0,0.0,2.5,wave,3214,36,11,0.14872433105164903,False
29,2,40,0.0,0.0,2.5,wave,3159,41,20,0.15068059512503956,False
29,2,41,0.0,0.0,2.5,wave,3119,38,17,0.15229240141070857,False
29,2,42,0.0,0.0,2.5,wave,3076,31,16,0.15507152145643693,False
29,2,43,0.0,0.0,2.5,wave,3191,31,14,0.1867753055468505,False
29,2,44,0.0,0.0,2.5,wave,3031,22,11,0.17387000989772353,False
29,2,45,0.0,0.0,2.5,wave,2986,20,12,0.1751507032819826,False
29,2,46,0.0,0.0,2.5,wave,2970,18,8,0.17845117845117844,False
29,2,47,0.0,0.0,2.5,wave,2957,15,6,0.18092661481230976,False
29,2,48,0.0,0.0,2.5,wave,2957,13,4,0.18430842069665201,False
29,2,49,0.0,0.0,2.5,wave,2953,9,5,0.18658990856755842,False
29,2,50,0.0,0.0,2.5,wave,2925,15,6,0.18905982905982907,False
29,2,51,0.0,0.0,2.5,wave,2917,15,5,0.19540623928693865,False
29,2,52,0.0,0.0,2.5,wave,2885,15,6,0.1975736568457539,False
29,3,1,0.0,0.0,2.5,wave,2843,14,5,0.1976785086176574,False
29,3,2,0.0,0.0,2.5,wave,2811,13,3,0.20490928495197439,False
29,3,3,0.0,0.0,2.5,wave,2777,11,3,0.20885848037450486,False
29,3,4,0.0,0.0,2.5,wave,2756,14,4,0.2104499274310595,False
29,3,5,0.0,0.0,2.5,wave,2724,13,2,0.20961820851688692,False
29,3,6,0.0,0.0,2.5,wave,2696,11,3,0.2140207715133531,False
29,3,7,0.0,0.0,2.5,wave,2672,14,6,0.2159431137724551,False
29,3,8,0.0,0.0,2.5,wave,2630,10,5,0.21863117870722434,False
29,3,9,0.0,0.0,2.5,wave,2608,12,4,0.22315950920245398,False
29,3,10,0.0,0.0,2.5,wave,2579,12,5,0.22528111671190384,False
29,3,11,0.0,0.0,2.5,wave,2546,14,4,0.2274155538098979,False
29,3,12,0.0,0.0,2.5,wave,2508,13,2,0.23046251993620415,False
29,3,13,0.0,0.0,2.5,wave,2481,13,4,0.2317613865376864,False
29,3,14,0.0,0.0,2.5,wave,2447,13,8,0.23171230077646096,False
29,3,15,0.0,0.0,2.5,wave,2432,13,7,0.234375,False
29,3,16,0.0,0.0,2.5,wave,2397,8,3,0.2357113057989153,False
29,3,17,0.0,0.0,2.5,wave,2362,8,2,0.23666384419983066,False
29,3,18,0.0,0.0,2.5,wave,5346,8,2,0.10587355031799477,False
29,3,19,0.0,0.0,2.5,wave,5243,14,4,0.10776273126072859,False
29,3,20,0.0,0.0,2.5,wave,5150,22,5,0.11262135922330097,False
29,3,21,0.0,0.0,2.5,wave,5033,22,6,0.11623286310351678,False
29,3,22,0.0,0.0,2.5,wave,4923,24,9,0.11923623806621979,False
29,3,23,0.0,0.0,2.5,wave,4823,27,10,0.1235745386688783,False
29,3,24,0.0,0.0,2.5,wave,4679,26,9,0.12716392391536654,False
29,3,25,0.0,0.0,2.5,wave,4572,21,6,0.13101487314085739,False
29,3,26,0.0,0.0,2.5,wave,4463,23,6,0.13354246022854582,False
29,3,27,0.0,0.0,2.5,wave,4363,25,10,0.13797845519138208,False
29,3,28,0.0,0.0,2.5,wave,4261,31,14,0.14268950950481107,False
29,3,29,0.0,0.0,2.5,wave,4157,28,13,0.1445754149627135,False
29,3,30,0.0,0.0,2.5,wave,4080,23,9,0.14730392156862746,False
29,3,31,0.0,0.0,2.5,wave,3983,18,6,0.1506402209389907,False
29,3,32,0.0,0.0,2.5,wave,3918,18,7,0.15313935681470137,False
29,3,33,0.0,0.0,2.5,wave,3829,18,10,0.15513188822146776,False
29,3,34,0.0,0.0,2.5,wave,3749,15,9,0.15817551347025874,False
29,3,35,0.0,0.0,2.5,wave,3650,9,3,0.16,False
29,3,36,0.0,0.0,2.5,wave,3568,11,4,0.16311659192825112,False
29,3,37,0.0,0.0,2.5,wave,3476,14,4,0.1642692750287687,False
29,3,38,0.0,0.0,2.5,wave,3430,15,3,0.16793002915451896,False
29,3,39,0.0,0.0,2.5,wave,3379,15,3,0.17135247114530927,False
29,3,40,0.0,0.0,2.5,wave,3329,20,7,0.17482727545809554,False
29,3,41,0.0,0.0,2.5,wave,3281,20,9,0.17860408412069492,False
29,3,42,0.0,0.0,2.5,wave,3237,15,11,0.18072289156626506,False
29,3,43,0.0,0.0,2.5,wave,3300,17,7,0.2175757575757576,False
29,3,44,0.0,0.0,2.5,wave,3148,10,3,0.21124523506988563,False
29,3,45,0.0,0.0,2.5,wave,3100,13,5,0.20741935483870969,False
29,3,46,0.0,0.0,2.5,wave,3066,10,6,0.2045009784735812,False
29,3,47,0.0,0.0,2.5,wave,3036,10,7,0.20652173913043478,False
29,3,48,0.0,0.0,2.5,wave,3014,6,4,0.21134704711347047,False
29,3,49,0.0,0.0,2.5,wave,3004,5,1,0.2137150466045273,False
29,3,50,0.0,0.0,2.5,wave,2980,4,4,0.2197986577181208,False
29,3,51,0.0,0.0,2.5,wave,2982,4,4,0.2193158953722334,False
29,3,52,0.0,0.0,2.5,wave,2940,0,0,0.22517006802721087,True
29,4,1,0.0,0.0,2.5,wave,2917,0,0,0.22763112787110046,True
29,4,2,0.0,0.0,2.5,wave,2893,0,0,0.2267542343587971,True
29,4,3,0.0,0.0,2.5,wave,2869,0,0,0.23143952596723597,True
29,4,4,0.0,0.0,2.5,wave,2831,0,0,0.23277993641822678,True
29,4,5,0.0,0.0,2.5,wave,2809,0,0,0.23709505161979352,True
29,4,6,0.0,0.0,2.5,wave,2772,0,0,0.23809523809523808,True
29,4,7,0.0,0.0,2.5,wave,2748,0,0,0.24272197962154293,True
29,4,8,0.0,0.0,2.5,wave,2708,0,0,0.24409158050221566,True
29,4,9,0.0,0.0,2.5,wave,2690,0,0,0.24609665427509295,True
29,4,10,0.0,0.0,2.5,wave,2656,0,0,0.2469879518072289,True
29,4,11,0.0,0.0,2.5,wave,2632,0,0,0.2511398176291793,True
29,4,12,0.0,0.0,2.5,wave,2590,0,0,0.2528957528957529,True
29,4,13,0.0,0.0,2.5,wave,2566,0,0,0.2525331254871395,True
29,4,14,0.0,0.0,2.5,wave,2536,0,0,0.2555205047318612,True
29,4,15,0.0,0.0,2.5,wave,2507,0,0,0.25767850019944155,True
29,4,16,0.0,0.0,2.5,wave,2467,0,0,0.2602351033644102,True
29,4,17,0.0,0.0,2.5,wave,2449,0,0,0.2633728052266231,True
29,4,18,0.0,0.0,2.5,wave,5243,0,0,0.12283044058744993,True
29,4,19,0.0,0.0,2.5,wave,5162,0,0,0.12456412243316543,True
29,4,20,0.0,0.0,2.5,wave,5071,0,0,0.12739104713074345,True
29,4,21,0.0,0.0,2.5,wave,4988,0,0,0.13031275060144346,True
29,4,22,0.0,0.0,2.5,wave,4902,0,0,0.1332109343125255,True
29,4,23,0.0,0.0,2.5,wave,4798,0,0,0.1373488953730721,True
29,4,24,0.0,0.0,2.5,wave,4713,0,0,0.14109908762995968,True
29,4,25,0.0,0.0,2.5,wave,4614,0,0,0.14390983961855222,True
29,4,26,0.0,0.0,2.5,wave,4531,0,0,0.14632531450011035,True
29,4,27,0.0,0.0,2.5,wave,4423,0,0,0.14921998643454668,True
29,4,28,0.0,0.0,2.5,wave,4352,0,0,0.15096507352941177,True
29,4,29,0.0,0.0,2.5,wave,4267,0,0,0.1525662057651746,True
29,4,30,0.0,0.0,2.5,wave,4190,0,0,0.15489260143198091,True
29,4,31,0.0,0.0,2.5,wave,4113,0,0,0.15779236566982738,True
29,4,32,0.0,0.0,2.5,wave,4024,0,0,0.15805168986083498,True
29,4,33,0.0,0.0,2.5,wave,3938,0,0,0.16201117318435754,True
29,4,34,0.0,0.0,2.5,wave,3858,0,0,0.16381544841886989,True
29,4,35,0.0,0.0,2.5,wave,3781,0,0,0.16794498809838668,True
29,4,36,0.0,0.0,2.5,wave,3730,0,0,0.16916890080428953,True
29,4,37,0.0,0.0,2.5,wave,3656,0,0,0.1725929978118162,True
29,4,38,0.0,0.0,2.5,wave,3606,0,0,0.1752634498058791,True
29,4,39,0.0,0.0,2.5,wave,3559,0,0,0.17926383815678562,True
29,4,40,0.0,0.0,2.5,wave,3512,0,0,0.18251708428246013,True
29,4,41,0.0,0.0,2.5,wave,3473,0,0,0.18773394759573855,True
29,4,42,0.0,0.0,2.5,wave,3423,0,0,0.18843120070113936,True
29,4,43,0.0,0.0,2.5,wave,3530,0,0,0.23257790368271955,True
29,4,44,0.0,0.0,2.5,wave,3340,0,0,0.20958083832335328,True
29,4,45,0.0,0.0,2.5,wave,3274,0,0,0.20769700671960903,True
29,4,46,0.0,0.0,2.5,wave,3224,0,0,0.2056451612903226,True
29,4,47,0.0,0.0,2.5,wave,3219,0,0,0.21031376203789998,True
29,4,48,0.0,0.0,2.5,wave,3199,0,0,0.21256642700844014,True
29,4,49,0.0,0.0,2.5,wave,3184,0,0,0.21105527638190955,True
29,4,50,0.0,0.0,2.5,wave,3167,0,0,0.21660877802336595,True
29,4,51,0.0,0.0,2.5,wave,3133,0,0,0.21864028088094478,True
29,4,52,0.0,0.0,2.5,wave,3120,0,0,0.22147435897435896,True
29,5,1,0.0,0.0,2.5,wave,3095,0,0,0.22520193861066237,True
29,5,2,0.0,0.0,2.5,wave,3073,0,0,0.22909209241783274,True
29,5,3,0.0,0.0,2.5,wave,3031,0,0,0.23292642692180798,True
29,5,4,0.0,0.0,2.5,wave,3011,0,0,0.23580205911657257,True
29,5,5,0.0,0.0,2.5,wave,2983,0,0,0.2383506537043245,True
29,5,6,0.0,0.0,2.5,wave,2961,0,0,0.24214792299898683,True
29,5,7,0.0,0.0,2.5,wave,2917,0,0,0.24408639012684263,True
29,5,8,0.0,0.0,2.5,wave,2886,0,0,0.24497574497574498,True
29,5,9,0.0,0.0,2.5,wave,2850,0,0,0.24736842105263157,True
29,5,10,0.0,0.0,2.5,wave,2819,0,0,0.24831500532103584,True
29,5,11,0.0,0.0,2.5,wave,2775,0,0,0.24864864864864866,True
29,5,12,0.0,0.0,2.5,wave,2743,0,0,0.25082026977761573,True
29,5,13,0.0,0.0,2.5,wave,2716,0,0,0.25184094256259204,True
29,5,14,0.0,0.0,2.5,wave,2693,0,0,0.2543631637578908,True
29,5,15,0.0,0.0,2.5,wave,2655,0,0,0.2568738229755179,True
29,5,16,0.0,0.0,2.5,wave,2633,0,0,0.25902012913026967,True
29,5,17,0.0,0.0,2.5,wave,2612,0,0,0.2611026033690659,True
29,5,18,0.0,0.0,2.5,wave,5774,0,0,0.11863526151714583,True
29,5,19,0.0,0.0,2.5,wave,5696,0,0,0.12025983146067416,True
29,5,20,0.0,0.0,2.5,wave,5590,0,0,0.12164579606440072,True
29,5,21,0.0,0.0,2.5,wave,5451,0,0,0.12419739497339938,True
29,5,22,0.0,0.0,2.5,wave,5329,0,0,0.1281666353912554,True
29,5,23,0.0,0.0,2.5,wave,5208,0,0,0.130568356374808,True
29,5,24,0.0,0.0,2.5,wave,5109,0,0,0.13505578391074574,True
29,5,25,0.0,0.0,2.5,wave,5000,0,0,0.1386,True
29,5,26,0.0,0.0,2.5,wave,4888,0,0,0.1421849427168576,True
29,5,27,0.0,0.0,2.5,wave,4804,0,0,0.14446294754371358,True
29,5,28,0.0,0.0,2.5,wave,4697,0,0,0.1462635724930807,True
29,5,29,0.0,0.0,2.5,wave,4594,0,0,0.1495428820200261,True
29,5,30,0.0,0.0,2.5,wave,4512,0,0,0.15137411347517732,True
29,5,31,0.0,0.0,2.5,wave,4430,0,0,0.15417607223476298,True
29,5,32,0.0,0.0,2.5,wave,4340,0,0,0.15645161290322582,True
29,5,33,0.0,0.0,2.5,wave,4238,0,0,0.158329400660689,True
29,5,34,0.0,0.0,2.5,wave,4156,0,0,0.16217516843118382,True
29,5,35,0.0,0.0,2.5,wave,4082,0,0,0.16413522782949536,True
29,5,36,0.0,0.0,2.5,wave,4021,0,0,0.16836607809002735,True
29,5,37,0.0,0.0,2.5,wave,3932,0,0,0.1688708036622584,True
29,5,38,0.0,0.0,2.5,wave,3887,0,0,0.17108309750450218,True
29,5,39,0.0,0.0,2.5,wave,3828,0,0,0.1731974921630094,True
29,5,40,0.0,0.0,2.5,wave,3783,0,0,0.1747290510177108,True
29,5,41,0.0,0.0,2.5,wave,3744,0,0,0.1781517094017094,True
29,5,42,0.0,0.0,2.5,wave,3713,0,0,0.1834096417990843,True
29,5,43,0.0,0.0,2.5,wave,3800,0,0,0.2186842105263158,True
29,5,44,0.0,0.0,2.5,wave,3610,0,0,0.20470914127423823,True
29,5,45,0.0,0.0,2.5,wave,3519,0,0,0.20005683432793409,True
29,5,46,0.0,0.0,2.5,wave,3494,0,0,0.20177447052089295,True
29,5,47,0.0,0.0,2.5,wave,3472,0,0,0.20305299539170507,True
29,5,48,0.0,0.0,2.5,wave,3461,0,0,0.208321294423577,True
29,5,49,0.0,0.0,2.5,wave,3465,0,0,0.2126984126984127,True
29,5,50,0.0,0.0,2.5,wave,3445,0,0,0.21509433962264152,True
29,5,51,0.0,0.0,2.5,wave,3416,0,0,0.21955503512880561,True
29,5,52,0.0,0.0,2.5,wave,3386,0,0,0.21913762551683402,True
29,6,1,0.0,0.0,2.5,wave,3362,0,0,0.2201070791195717,True
29,6,2,0.0,0.0,2.5,wave,3323,0,0,0.22539873608185373,True
29,6,3,0.0,0.0,2.5,wave,3291,0,0,0.22789425706472197,True
29,6,4,0.0,0.0,2.5,wave,3262,0,0,0.23237277743715512,True
29,6,5,0.0,0.0,2.5,wave,3222,0,0,0.23308504034761018,True
29,6,6,0.0,0.0,2.5,wave,3185,0,0,0.23673469387755103,True
29,6,7,0.0,0.0,2.5,wave,3162,0,0,0.2381404174573055,True
29,6,8,0.0,0.0,2.5,wave,3143,0,0,0.2383073496659243,True
29,6,9,0.0,0.0,2.5,wave,3104,0,0,0.23969072164948454,True
29,6,10,0.0,0.0,2.5,wave,3082,0,0,0.2426995457495133,True
29,6,11,0.0,0.0,2.5,wave,3049,0,0,0.24598228927517218,True
29,6,12,0.0,0.0,2.5,wave,3018,0,0,0.24552683896620278,True
29,6,13,0.0,0.0,2.5,wave,2986,0,0,0.24715338245144006,True
29,6,14,0.0,0.0,2.5,wave,2961,0,0,0.2475515028706518,True
29,6,15,0.0,0.0,2.5,wave,2933,0,0,0.2485509717013297,True
29,6,16,0.0,0.0,2.5,wave,2905,0,0,0.2495697074010327,True
29,6,17,0.0,0.0,2.5,wave,2875,0,0,0.25078260869565216,True
29,6,18,0.0,0.0,2.5,wave,6247,0,0,0.11653593724987994,True
29,6,19,0.0,0.0,2.5,wave,6151,0,0,0.11884246463989595,True
29,6,20,0.0,0.0,2.5,wave,6057,0,0,0.12266798745253425,True
29,6,21,0.0,0.0,2.5,wave,5915,0,0,0.1261200338123415,True
29,6,22,0.0,0.0,2.5,wave,5776,0,0,0.1291551246537396,True
29,6,23,0.0,0.0,2.5,wave,5683,0,0,0.13162062291043464,True
29,6,24,0.0,0.0,2.5,wave,5609,0,0,0.1346050989481191,True
29,6,25,0.0,0.0,2.5,wave,5481,0,0,0.1377485860244481,True
29,6,26,0.0,0.0,2.5,wave,5358,0,0,0.14053751399776035,True
29,6,27,0.0,0.0,2.5,wave,5222,0,0,0.14381463040980466,True
29,6,28,0.0,0.0,2.5,wave,5109,0,0,0.14679976512037582,True
29,6,29,0.0,0.0,2.5,wave,5025,0,0,0.1500497512437811,True
29,6,30,0.0,0.0,2.5,wave,4897,0,0,0.15254237288135594,True
29,6,31,0.0,0.0,2.5,wave,4799,0,0,0.15503229839549906,True
29,6,32,0.0,0.0,2.5,wave,4723,0,0,0.15816218505187382,True
29,6,33,0.0,0.0,2.5,wave,4605,0,0,0.16112920738327904,True
29,6,34,0.0,0.0,2.5,wave,4514,0,0,0.1648205582631812,True
29,6,35,0.0,0.0,2.5,wave,4457,0,0,0.16670406102759705,True
29,6,36,0.0,0.0,2.5,wave,4360,0,0,0.16903669724770642,True
29,6,37,0.0,0.0,2.5,wave,4302,0,0,0.1724779172477917,True
29,6,38,0.0,0.0,2.5,wave,4254,0,0,0.1772449459332393,True
29,6,39,0.0,0.0,2.5,wave,4197,0,0,0.17989039790326425,True
29,6,40,0.0,0.0,2.5,wave,4130,0,0,0.18135593220338983,True
29,6,41,0.0,0.0,2.5,wave,4075,0,0,0.18429447852760736,True
29,6,42,0.0,0.0,2.5,wave,4034,0,0,0.18591968269707487,True
29,6,43,0.0,0.0,2.5,wave,4134,0,0,0.22109337203676827,True
29,6,44,0.0,0.0,2.5,wave,3935,0,0,0.2099110546378653,True
29,6,45,0.0,0.0,2.5,wave,3857,0,0,0.20482240082966036,True
29,6,46,0.0,0.0,2.5,wave,3786,0,0,0.20549392498679345,True
29,6,47,0.0,0.0,2.5,wave,3750,0,0,0.20506666666666667,True
29,6,48,0.0,0.0,2.5,wave,3716,0,0,0.20479009687836383,True
29,6,49,0.0,0.0,2.5,wave,3695,0,0,0.20730717185385655,True
29,6,50,0.0,0.0,2.5,wave,3679,0,0,0.20983963033432998,True
29,6,51,0.0,0.0,2.5,wave,3663,0,0,0.20966420966420968,True
29,6,52,0.0,0.0,2.5,wave,3625,0,0,0.21213793103448275,True
29,7,1,0.0,0.0,2.5,wave,3585,0,0,0.21338912133891214,True
29,7,2,0.0,0.0,2.5,wave,3556,0,0,0.21541057367829022,True
29,7,3,0.0,0.0,2.5,wave,3530,0,0,0.21643059490084987,True
29,7,4,0.0,0.0,2.5,wave,3494,0,0,0.2172295363480252,True
29,7,5,0.0,0.0,2.5,wave,3471,0,0,0.22068568135983865,True
29,7,6,0.0,0.0,2.5,wave,3436,0,0,0.22380675203725262,True
29,7,7,0.0,0.0,2.5,wave,3408,0,0,0.22535211267605634,True
29,7,8,0.0,0.0,2.5,wave,3362,0,0,0.2257584770969661,True
29,7,9,0.0,0.0,2.5,wave,3328,0,0,0.2283653846153846,True
29,7,10,0.0,0.0,2.5,wave,3288,0,0,0.22749391727493917,True
29,7,11,0.0,0.0,2.5,wave,3254,0,0,0.2292562999385372,True
29,7,12,0.0,0.0,2.5,wave,3216,0,0,0.23227611940298507,True
29,7,13,0.0,0.0,2.5,wave,3192,0,0,0.2337092731829574,True
29,7,14,0.0,0.0,2.5,wave,3155,0,0,0.2351822503961965,True
29,7,15,0.0,0.0,2.5,wave,3146,0,0,0.23808010171646535,True
29,7,16,0.0,0.0,2.5,wave,3103,0,0,0.24041250402835965,True
29,7,17,0.0,0.0,2.5,wave,3086,0,0,0.24206092028515877,True
29,7,18,0.0,0.0,2.5,wave,6771,0,0,0.11047112686456949,True
29,7,19,0.0,0.0,2.5,wave,6655,0,0,0.11284748309541698,True
29,7,20,0.0,0.0,2.5,wave,6486,0,0,0.11563367252543941,True
29,7,21,0.0,0.0,2.5,wave,6359,0,0,0.11747130051894952,True
29,7,22,0.0,0.0,2.5,wave,6226,0,0,0.12158689367169932,True
29,7,23,0.0,0.0,2.5,wave,6090,0,0,0.12364532019704433,True
29,7,24,0.0,0.0,2.5,wave,5960,0,0,0.12583892617449666,True
29,7,25,0.0,0.0,2.5,wave,5789,0,0,0.12990153739851443,True
29,7,26,0.0,0.0,2.5,wave,5662,0,0,0.13352172377251856,True
29,7,27,0.0,0.0,2.5,wave,5553,0,0,0.13596254276967404,True
29,7,28,0.0,0.0,2.5,wave,5444,0,0,0.13721528288023513,True
29,7,29,0.0,0.0,2.5,wave,5334,0,0,0.1396700412448444,True
29,7,30,0.0,0.0,2.5,wave,5240,0,0,0.1431297709923664,True
29,7,31,0.0,0.0,2.5,wave,5155,0,0,0.14568380213385063,True
29,7,32,0.0,0.0,2.5,wave,5054,0,0,0.14978235061337555,True
29,7,33,0.0,0.0,2.5,wave,4952,0,0,0.1522617124394184,True
29,7,34,0.0,0.0,2.5,wave,4842,0,0,0.15406856670797192,True
29,7,35,0.0,0.0,2.5,wave,4761,0,0,0.1564797311489183,True
29,7,36,0.0,0.0,2.5,wave,4692,0,0,0.15792838874680307,True
29,7,37,0.0,0.0,2.5,wave,4606,0,0,0.16109422492401215,True
29,7,38,0.0,0.0,2.5,wave,4552,0,0,0.163884007029877,True
29,7,39,0.0,0.0,2.5,wave,4506,0,0,0.16688859298712827,True
29,7,40,0.0,0.0,2.5,wave,4439,0,0,0.1687316963280018,True
29,7,41,0.0,0.0,2.5,wave,4395,0,0,0.17155858930602957,True
29,7,42,0.0,0.0,2.5,wave,4347,0,0,0.1734529560616517,True
29,7,43,0.0,0.0,2.5,wave,4462,0,0,0.210667861945316,True
29,7,44,0.0,0.0,2.5,wave,4282,0,0,0.19780476412891174,True
29,7,45,0.0,0.0,2.5,wave,4232,0,0,0.19659735349716445,True
29,7,46,0.0,0.0,2.5,wave,4196,0,0,0.19447092469018112,True
29,7,47,0.0,0.0,2.5,wave,4166,0,0,0.19779164666346616,True
29,7,48,0.0,0.0,2.5,wave,4129,0,0,0.19811092274158393,True
29,7,49,0.0,0.0,2.5,wave,4078,0,0,0.2013241785188818,True
29,7,50,0.0,0.0,2.5,wave,4051,0,0,0.2034065662799309,True
29,7,51,0.0,0.0,2.5,wave,3986,0,0,0.20346211741093828,True
29,7,52,0.0,0.0,2.5,wave,3934,0,0,0.20513472292831725,True
29,8,1,0.0,0.0,2.5,wave,3890,0,0,0.20719794344473008,True
29,8,2,0.0,0.0,2.5,wave,3837,0,0,0.20823560072973676,True
29,8,3,0.0,0.0,2.5,wave,3808,0,0,0.21165966386554622,True
29,8,4,0.0,0.0,2.5,wave,3770,0,0,0.21511936339522547,True
29,8,5,0.0,0.0,2.5,wave,3730,0,0,0.21823056300268096,True
29,8,6,0.0,0.0,2.5,wave,3699,0,0,0.22114084887807517,True
29,8,7,0.0,0.0,2.5,wave,3648,0,0,0.22532894736842105,True
29,8,8,0.0,0.0,2.5,wave,3614,0,0,0.2271721084670725,True
29,8,9,0.0,0.0,2.5,wave,3573,0,0,0.23033865099356282,True
29,8,10,0.0,0.0,2.5,wave,3540,0,0,0.23107344632768362,True
29,8,11,0.0,0.0,2.5,wave,3504,0,0,0.23401826484018265,True
29,8,12,0.0,0.0,2.5,wave,3471,0,0,0.2379717660616537,True
29,8,13,0.0,0.0,2.5,wave,3426,0,0,0.23992994746059546,True
29,8,14,0.0,0.0,2.5,wave,3397,0,0,0.2419782160730056,True
29,8,15,0.0,0.0,2.5,wave,3361,0,0,0.24397500743826242,True
29,8,16,0.0,0.0,2.5,wave,3328,0,0,0.24669471153846154,True
29,8,17,0.0,0.0,2.5,wave,3289,0,0,0.24931590148981453,True
29,8,18,0.0,0.0,2.5,wave,7373,0,0,0.11270853112708532,True
29,8,19,0.0,0.0,2.5,wave,7268,0,0,0.11557512383048982,True
29,8,20,0.0,0.0,2.5,wave,7126,0,0,0.11843951726073533,True
29,8,21,0.0,0.0,2.5,wave,6997,0,0,0.1207660425896813,True
29,8,22,0.0,0.0,2.5,wave,6836,0,0,0.12361029842012873,True
29,8,23,0.0,0.0,2.5,wave,6685,0,0,0.1268511593118923,True
29,8,24,0.0,0.0,2.5,wave,6591,0,0,0.1292671825216204,True
29,8,25,0.0,0.0,2.5,wave,6467,0,0,0.13267357352713777,True
29,8,26,0.0,0.0,2.5,wave,6360,0,0,0.13522012578616352,True
29,8,27,0.0,0.0,2.5,wave,6260,0,0,0.13706070287539937,True
29,8,28,0.0,0.0,2.5,wave,6111,0,0,0.13991163475699558,True
29,8,29,0.0,0.0,2.5,wave,5997,0,0,0.14173753543438386,True
29,8,30,0.0,0.0,2.5,wave,5893,0,0,0.14440862039708127,True
29,8,31,0.0,0.0,2.5,wave,5790,0,0,0.1469775474956822,True
29,8,32,0.0,0.0,2.5,wave,5685,0,0,0.1503957783641161,True
29,8,33,0.0,0.0,2.5,wave,5592,0,0,0.1525393419170243,True
29,8,34,0.0,0.0,2.5,wave,5509,0,0,0.15574514430931202,True
29,8,35,0.0,0.0,2.5,wave,5425,0,0,0.1583410138248848,True
29,8,36,0.0,0.0,2.5,wave,5304,0,0,0.16176470588235295,True
29,8,37,0.0,0.0,2.5,wave,5187,0,0,0.16387121650279546,True
29,8,38,0.0,0.0,2.5,wave,5119,0,0,0.16624340691541317,True
29,8,39,0.0,0.0,2.5,wave,5045,0,0,0.16749256689791872,True
29,8,40,0.0,0.0,2.5,wave,4991,0,0,0.1701061911440593,True
29,8,41,0.0,0.0,2.5,wave,4924,0,0,0.17160844841592202,True
29,8,42,0.0,0.0,2.5,wave,4860,0,0,0.17386831275720166,True
29,8,43,0.0,0.0,2.5,wave,4990,0,0,0.2096192384769539,True
29,8,44,0.0,0.0,2.5,wave,4763,0,0,0.19777451186227168,True
29,8,45,0.0,0.0,2.5,wave,4670,0,0,0.19678800856531048,True
29,8,46,0.0,0.0,2.5,wave,4610,0,0,0.19739696312364424,True
29,8,47,0.0,0.0,2.5,wave,4572,0,0,0.19860017497812774,True
29,8,48,0.0,0.0,2.5,wave,4547,0,0,0.20079173081152407,True
29,8,49,0.0,0.0,2.5,wave,4510,0,0,0.20199556541019956,True
29,8,50,0.0,0.0,2.5,wave,4451,0,0,0.20444843855313413,True
29,8,51,0.0,0.0,2.5,wave,4415,0,0,0.20815402038505096,True
29,8,52,0.0,0.0,2.5,wave,4368,0,0,0.21062271062271062,True
29,9,1,0.0,0.0,2.5,wave,4304,0,0,0.21259293680297398,True
29,9,2,0.0,0.0,2.5,wave,4250,0,0,0.2131764705882353,True
29,9,3,0.0,0.0,2.5,wave,4206,0,0,0.21469329529243938,True
29,9,4,0.0,0.0,2.5,wave,4164,0,0,0.21517771373679154,True
29,9,5,0.0,0.0,2.5,wave,4128,0,0,0.2185077519379845,True
29,9,6,0.0,0.0,2.5,wave,4093,0,0,0.2223308086977767,True
29,9,7,0.0,0.0,2.5,wave,4036,0,0,0.22497522299306244,True
29,9,8,0.0,0.0,2.5,wave,4004,0,0,0.22752247752247753,True
29,9,9,0.0,0.0,2.5,wave,3976,0,0,0.2278672032193159,True
29,9,10,0.0,0.0,2.5,wave,3934,0,0,0.22953736654804271,True
29,9,11,0.0,0.0,2.5,wave,3884,0,0,0.2319773429454171,True
29,9,12,0.0,0.0,2.5,wave,3846,0,0,0.23426937077483098,True
29,9,13,0.0,0.0,2.5,wave,3786,0,0,0.2374537770734284,True
29,9,14,0.0,0.0,2.5,wave,3753,0,0,0.2390087929656275,True
29,9,15,0.0,0.0,2.5,wave,3708,0,0,0.2405609492988134,True
29,9,16,0.0,0.0,2.5,wave,3685,0,0,0.2423337856173677,True
29,9,17,0.0,0.0,2.5,wave,3652,0,0,0.24397590361445784,True
29,9,18,0.0,0.0,2.5,wave,7593,0,0,0.10852100618991176,True
29,9,19,0.0,0.0,2.5,wave,7459,0,0,0.11047057246279662,True
29,9,20,0.0,0.0,2.5,wave,7325,0,0,0.11467576791808874,True
29,9,21,0.0,0.0,2.5,wave,7159,0,0,0.11817292918005308,True
29,9,22,0.0,0.0,2.5,wave,6986,0,0,0.12109934154022331,True
29,9,23,0.0,0.0,2.5,wave,6841,0,0,0.12381230814208449,True
29,9,24,0.0,0.0,2.5,wave,6714,0,0,0.12734584450402145,True
29,9,25,0.0,0.0,2.5,wave,6617,0,0,0.12966601178781925,True
29,9,26,0.0,0.0,2.5,wave,6491,0,0,0.1334154983823756,True
29,9,27,0.0,0.0,2.5,wave,6387,0,0,0.13449193674651636,True
29,9,28,0.0,0.0,2.5,wave,6294,0,0,0.13663806800127104,True
29,9,29,0.0,0.0,2.5,wave,6162,0,0,0.1389159363842908,True
29,9,30,0.0,0.0,2.5,wave,6035,0,0,0.14134217067108534,True
29,9,31,0.0,0.0,2.5,wave,5934,0,0,0.14475901584091674,True
29,9,32,0.0,0.0,2.5,wave,5828,0,0,0.14739190116678105,True
29,9,33,0.0,0.0,2.5,wave,5735,0,0,0.14995640802092414,True
29,9,34,0.0,0.0,2.5,wave,5650,0,0,0.15221238938053097,True
29,9,35,0.0,0.0,2.5,wave,5540,0,0,0.1548736462093863,True
29,9,36,0.0,0.0,2.5,wave,5429,0,0,0.158040154724627,True
29,9,37,0.0,0.0,2.5,wave,5334,0,0,0.16141732283464566,True
29,9,38,0.0,0.0,2.5,wave,5269,0,0,0.16359840576959575,True
29,9,39,0.0,0.0,2.5,wave,5199,0,0,0.1665704943258319,True
29,9,40,0.0,0.0,2.5,wave,5154,0,0,0.16918897943344974,True
29,9,41,0.0,0.0,2.5,wave,5096,0,0,0.17189952904238617,True
29,9,42,0.0,0.0,2.5,wave,5034,0,0,0.17361938816050854,True
29,9,43,0.0,0.0,2.5,wave,5269,0,0,0.21389257923704688,True
29,9,44,0.0,0.0,2.5,wave,5029,0,0,0.19884668920262477,True
29,9,45,0.0,0.0,2.5,wave,4907,0,0,0.19584267373140413,True
29,9,46,0.0,0.0,2.5,wave,4833,0,0,0.19884129939995862,True
29,9,47,0.0,0.0,2.5,wave,4794,0,0,0.20004171881518565,True
29,9,48,0.0,0.0,2.5,wave,4728,0,0,0.20050761421319796,True
29,9,49,0.0,0.0,2.5,wave,4665,0,0,0.2015005359056806,True
29,9,50,0.0,0.0,2.5,wave,4641,0,0,0.20340443869855634,True
29,9,51,0.0,0.0,2.5,wave,4579,0,0,0.20703210307927494,True
29,9,52,0.0,0.0,2.5,wave,4542,0,0,0.20805812417437253,True
29,10,1,0.0,0.0,2.5,wave,4493,0,0,0.2121077231248609,True
29,10,2,0.0,0.0,2.5,wave,4475,0,0,0.21430167597765362,True
29,10,3,0.0,0.0,2.5,wave,4428,0,0,0.21770551038843722,True
29,10,4,0.0,0.0,2.5,wave,4375,0,0,0.22308571428571428,True
29,10,5,0.0,0.0,2.5,wave,4331,0,0,0.2251212191179866,True
29,10,6,0.0,0.0,2.5,wave,4279,0,0,0.22645477915400794,True
29,10,7,0.0,0.0,2.5,wave,4252,0,0,0.2288334901222954,True
29,10,8,0.0,0.0,2.5,wave,4213,0,0,0.2307144552575362,True
29,10,9,0.0,0.0,2.5,wave,4182,0,0,0.23218555714968914,True
29,10,10,0.0,0.0,2.5,wave,4157,0,0,0.234784700505172,True
29,10,11,0.0,0.0,2.5,wave,4105,0,0,0.2350791717417783,True
29,10,12,0.0,0.0,2.5,wave,4061,0,0,0.2373799556759419,True
29,10,13,0.0,0.0,2.5,wave,4033,0,0,0.23977188197371685,True
29,10,14,0.0,0.0,2.5,wave,3996,0,0,0.24174174174174173,True
29,10,15,0.0,0.0,2.5,wave,3955,0,0,0.2424778761061947,True
29,10,16,0.0,0.0,2.5,wave,3916,0,0,0.24361593462717057,True
29,10,17,0.0,0.0,2.5,wave,3867,0,0,0.24747866563227308,True
29,10,18,0.0,0.0,2.5,wave,8355,0,0,0.10987432675044884,True
29,10,19,0.0,0.0,2.5,wave,8250,0,0,0.11309090909090909,True
29,10,20,0.0,0.0,2.5,wave,8110,0,0,0.11639950678175093,True
29,10,21,0.0,0.0,2.5,wave,7971,0,0,0.11968385397064359,True
29,10,22,0.0,0.0,2.5,wave,7814,0,0,0.12196058356795496,True
29,10,23,0.0,0.0,2.5,wave,7702,0,0,0.12529213191378863,True
29,10,24,0.0,0.0,2.5,wave,7591,0,0,0.12949545514424976,True
29,10,25,0.0,0.0,2.5,wave,7465,0,0,0.13275284661754855,True
29,10,26,0.0,0.0,2.5,wave,7312,0,0,0.1360776805251641,True
29,10,27,0.0,0.0,2.5,wave,7168,0,0,0.14048549107142858,True
29,10,28,0.0,0.0,2.5,wave,7062,0,0,0.14301897479467574,True
29,10,29,0.0,0.0,2.5,wave,6985,0,0,0.1443092340730136,True
29,10,30,0.0,0.0,2.5,wave,6867,0,0,0.1475171108198631,True
29,10,31,0.0,0.0,2.5,wave,6743,0,0,0.14948835829749368,True
29,10,32,0.0,0.0,2.5,wave,6583,0,0,0.15160261279052104,True
29,10,33,0.0,0.0,2.5,wave,6451,0,0,0.15377460858781583,True
29,10,34,0.0,0.0,2.5,wave,6306,0,0,0.1573104979384713,True
29,10,35,0.0,0.0,2.5,wave,6194,0,0,0.16031643525992897,True
29,10,36,0.0,0.0,2.5,wave,6064,0,0,0.16358839050131926,True
29,10,37,0.0,0.0,2.5,wave,5960,0,0,0.16711409395973154,True
29,10,38,0.0,0.0,2.5,wave,5894,0,0,0.168985408890397,True
29,10,39,0.0,0.0,2.5,wave,5827,0,0,0.1719581259653338,True
29,10,40,0.0,0.0,2.5,wave,5764,0,0,0.17453157529493407,True
29,10,41,0.0,0.0,2.5,wave,5688,0,0,0.17721518987341772,True
29,10,42,0.0,0.0,2.5,wave,5622,0,0,0.17965136961935255,True
29,10,43,0.0,0.0,2.5,wave,5806,0,0,0.21770582156389942,True
29,10,44,0.0,0.0,2.5,wave,5531,0,0,0.20755740372446213,True
29,10,45,0.0,0.0,2.5,wave,5391,0,0,0.20404377666481172,True
29,10,46,0.0,0.0,2.5,wave,5301,0,0,0.20316921335597057,True
29,10,47,0.0,0.0,2.5,wave,5247,0,0,0.20373546788641128,True
29,10,48,0.0,0.0,2.5,wave,5193,0,0,0.2073945696129405,True
29,10,49,0.0,0.0,2.5,wave,5138,0,0,0.20727909692487348,True
29,10,50,0.0,0.0,2.5,wave,5080,0,0,0.209251968503937,True
29,10,51,0.0,0.0,2.5,wave,5015,0,0,0.2119641076769691,True
29,10,52,0.0,0.0,2.5,wave,4962,0,0,0.21483272873841194,True
29,11,1,0.0,0.0,2.5,wave,4934,0,0,0.21665991082286176,True
29,11,2,0.0,0.0,2.5,wave,4882,0,0,0.2197869725522327,True
29,11,3,0.0,0.0,2.5,wave,4839,0,0,0.22277330026865055,True
29,11,4,0.0,0.0,2.5,wave,4800,0,0,0.22479166666666667,True
29,11,5,0.0,0.0,2.5,wave,4749,0,0,0.22804801010739104,True
29,11,6,0.0,0.0,2.5,wave,4704,0,0,0.23065476190476192,True
29,11,7,0.0,0.0,2.5,wave,4656,0,0,0.23281786941580757,True
29,11,8,0.0,0.0,2.5,wave,4600,0,0,0.23434782608695653,True
29,11,9,0.0,0.0,2.5,wave,4557,0,0,0.23787579547948212,True
29,11,10,0.0,0.0,2.5,wave,4508,0,0,0.24023957409050578,True
29,11,11,0.0,0.0,2.5,wave,4458,0,0,0.24270973530731269,True
29,11,12,0.0,0.0,2.5,wave,4406,0,0,0.24353154788924194,True
29,11,13,0.0,0.0,2.5,wave,4350,0,0,0.24620689655172415,True
29,11,14,0.0,0.0,2.5,wave,4299,0,0,0.24796464294021867,True
29,11,15,0.0,0.0,2.5,wave,4249,0,0,0.24947046363850317,True
29,11,16,0.0,0.0,2.5,wave,4206,0,0,0.2522586780789349,True
29,11,17,0.0,0.0,2.5,wave,4161,0,0,0.2547464551790435,True
29,11,18,0.0,0.0,2.5,wave,9017,0,0,0.11156704003548852,True
29,11,19,0.0,0.0,2.5,wave,8898,0,0,0.11407057765790066,True
29,11,20,0.0,0.0,2.5,wave,8734,0,0,0.11735745362949393,True
29,11,21,0.0,0.0,2.5,wave,8562,0,0,0.120649380985751,True
29,11,22,0.0,0.0,2.5,wave,8392,0,0,0.12392755004766444,True
29,11,23,0.0,0.0,2.5,wave,8229,0,0,0.1274759995139142,True
29,11,24,0.0,0.0,2.5,wave,8072,0,0,0.13057482656095143,True
29,11,25,0.0,0.0,2.5,wave,7908,0,0,0.13378856853818918,True
29,11,26,0.0,0.0,2.5,wave,7734,0,0,0.13550555986552884,True
29,11,27,0.0,0.0,2.5,wave,7569,0,0,0.1384595058792443,True
29,11,28,0.0,0.0,2.5,wave,7427,0,0,0.14124141645348054,True
29,11,29,0.0,0.0,2.5,wave,7262,0,0,0.14417515835857891,True
29,11,30,0.0,0.0,2.5,wave,7100,0,0,0.14661971830985915,True
29,11,31,0.0,0.0,2.5,wave,6960,0,0,0.14870689655172414,True
29,11,32,0.0,0.0,2.5,wave,6860,0,0,0.1510204081632653,True
29,11,33,0.0,0.0,2.5,wave,6764,0,0,0.1540508574807806,True
29,11,34,0.0,0.0,2.5,wave,6634,0,0,0.15646668676514924,True
29,11,35,0.0,0.0,2.5,wave,6521,0,0,0.1599447937432909,True
29,11,36,0.0,0.0,2.5,wave,6404,0,0,0.16286695815115554,True
29,11,37,0.0,0.0,2.5,wave,6288,0,0,0.16666666666666666,True
29,11,38,0.0,0.0,2.5,wave,6218,0,0,0.16999035059504664,True
29,11,39,0.0,0.0,2.5,wave,6154,0,0,0.17224569385765356,True
29,11,40,0.0,0.0,2.5,wave,6074,0,0,0.17484359565360552,True
29,11,41,0.0,0.0,2.5,wave,6005,0,0,0.17601998334721067,True
29,11,42,0.0,0.0,2.5,wave,5926,0,0,0.17752278096523794,True
29,11,43,0.0,0.0,2.5,wave,6201,0,0,0.21593291404612158,True
29,11,44,0.0,0.0,2.5,wave,5924,0,0,0.2064483457123565,True
29,11,45,0.0,0.0,2.5,wave,5794,0,0,0.20331377286848465,True
29,11,46,0.0,0.0,2.5,wave,5743,0,0,0.2047710255963782,True
29,11,47,0.0,0.0,2.5,wave,5700,0,0,0.2056140350877193,True
29,11,48,0.0,0.0,2.5,wave,5653,0,0,0.20696975057491598,True
29,11,49,0.0,0.0,2.5,wave,5579,0,0,0.2118659257931529,True
29,11,50,0.0,0.0,2.5,wave,5529,0,0,0.21305841924398625,True
29,11,51,0.0,0.0,2.5,wave,5494,0,0,0.21933017837641064,True
29,11,52,0.0,0.0,2.5,wave,5463,0,0,0.2209408749771188,True
30,1,1,0.0,0.0,2.5,wave,2623,0,0,0.0019062142584826535,True
30,1,2,0.0,0.0,2.5,wave,2567,0,0,0.00584339696143358,True
30,1,3,0.0,0.0,2.5,wave,2511,0,0,0.009557945041816009,True
30,1,4,0.0,0.0,2.5,wave,2455,0,0,0.012219959266802444,True
30,1,5,0.0,0.0,2.5,wave,2412,0,0,0.014096185737976783,True
30,1,6,0.0,0.0,2.5,wave,2370,0,0,0.016877637130801686,True
30,1,7,0.0,0.0,2.5,wave,2348,0,0,0.01788756388415673,True
30,1,8,0.0,0.0,2.5,wave,2314,0,0,0.020743301642178046,True
30,1,9,0.0,0.0,2.5,wave,2299,0,0,0.02218355806872553,True
30,1,10,0.0,0.0,2.5,wave,2268,0,0,0.023368606701940034,True
30,1,11,0.0,0.0,2.5,wave,2223,0,0,0.025191183085919926,True
30,1,12,0.0,0.0,2.5,wave,2195,0,0,0.027790432801822324,True
30,1,13,0.0,0.0,2.5,wave,2152,0,0,0.032063197026022304,True
30,1,14,0.0,0.0,2.5,wave,2108,0,0,0.03273244781783681,True
30,1,15,0.0,0.0,2.5,wave,2090,0,0,0.03349282296650718,True
30,1,16,0.0,0.0,2.5,wave,2066,0,0,0.037270087124878996,True
30,1,17,0.0,0.0,2.5,wave,2046,0,0,0.039100684261974585,True
30,1,18,0.0,0.0,2.5,wave,5567,0,0,0.015807436680438297,True
30,1,19,0.0,0.0,2.5,wave,5455,0,0,0.016681943171402383,True
30,1,20,0.0,0.0,2.5,wave,5319,0,0,0.018612521150592216,True
30,1,21,0.0,0.0,2.5,wave,5225,0,0,0.020861244019138758,True
30,1,22,0.0,0.0,2.5,wave,5074,0,0,0.022861647615293655,True
30,1,23,0.0,0.0,2.5,wave,4971,0,0,0.025145845906256285,True
30,1,24,0.0,0.0,2.5,wave,4864,0,0,0.027549342105263157,True
30,1,25,0.0,0.0,2.5,wave,4744,0,0,0.0301433389544688,True
30,1,26,0.0,0.0,2.5,wave,4615,0,0,0.03185265438786566,True
30,1,27,0.0,0.0,2.5,wave,4520,0,0,0.034734513274336284,True
30,1,28,0.0,0.0,2.5,wave,4434,0,0,0.036310329273793414,True
30,1,29,0.0,0.0,2.5,wave,4339,0,0,0.038718598755473614,True
30,1,30,0.0,0.0,2.5,wave,4261,0,0,0.04036611124149261,True
30,1,31,0.0,0.0,2.5,wave,4163,0,0,0.041796781167427334,True
30,1,32,0.0,0.0,2.5,wave,4105,0,0,0.044336175395858705,True
30,1,33,0.0,0.0,2.5,wave,4006,0,0,0.045681477783325014,True
30,1,34,0.0,0.0,2.5,wave,3939,0,0,0.048235592790048236,True
30,1,35,0.0,0.0,2.5,wave,3847,0,0,0.0509487912659215,True
30,1,36,0.0,0.0,2.5,wave,3780,0,0,0.053703703703703705,True
30,1,37,0.0,0.0,2.5,wave,3706,0,0,0.05450620615218565,True
30,1,38,0.0,0.0,2.5,wave,3648,0,0,0.05646929824561404,True
30,1,39,0.0,0.0,2.5,wave,3582,0,0,0.05667225013958682,True
30,1,40,0.0,0.0,2.5,wave,3520,0,0,0.05795454545454545,True
30,1,41,0.0,0.0,2.5,wave,3462,0,0,0.06152512998266898,True
30,1,42,0.0,0.0,2.5,wave,3411,0,0,0.06449721489299326,True
30,1,43,0.0,0.0,2.5,wave,3505,0,0,0.09843081312410841,True
30,1,44,0.0,0.0,2.5,wave,3401,0,0,0.09408997353719495,True
30,1,45,0.0,0.0,2.5,wave,3355,0,0,0.09508196721311475,True
30,1,46,0.0,0.0,2.5,wave,3305,0,0,0.09894099848714069,True
30,1,47,0.0,0.0,2.5,wave,3283,0,0,0.10265001522997258,True
30,1,48,0.0,0.0,2.5,wave,3247,0,0,0.10471204188481675,True
30,1,49,0.0,0.0,2.5,wave,3234,0,0,0.10667903525046382,True
30,1,50,0.0,0.0,2.5,wave,3197,0,0,0.10947763528307788,True
30,1,51,0.0,0.0,2.5,wave,3137,0,0,0.10870258208479439,True
30,1,52,0.0,0.0,2.5,wave,3108,0,0,0.11036036036036036,True
30,2,1,0.0,0.0,2.5,wave,3079,27,3,0.1120493666774927,False
30,2,2,0.0,0.0,2.5,wave,3033,29,10,0.11539729640619849,False
30,2,3,0.0,0.0,2.5,wave,2997,31,12,0.11678345011678345,False
30,2,4,0.0,0.0,2.5,wave,2951,28,11,0.11995933581836665,False
30,2,5,0.0,0.0,2.5,wave,2895,29,9,0.12158894645941278,False
30,2,6,0.0,0.0,2.5,wave,2860,25,7,0.12307692307692308,False
30,2,7,0.0,0.0,2.5,wave,2818,29,7,0.12491128459900638,False
30,2,8,0.0,0.0,2.5,wave,2776,27,7,0.1260806916426513,False
30,2,9,0.0,0.0,2.5,wave,2742,30,11,0.1287381473377097,False
30,2,10,0.0,0.0,2.5,wave,2701,35,15,0.13365420214735282,False
30,2,11,0.0,0.0,2.5,wave,2661,43,12,0.13378429161969185,False
30,2,12,0.0,0.0,2.5,wave,2621,40,17,0.1350629530713468,False
30,2,13,0.0,0.0,2.5,wave,2583,53,25,0.13821138211382114,False
30,2,14,0.0,0.0,2.5,wave,2518,49,16,0.14058776806989676,False
30,2,15,0.0,0.0,2.5,wave,2482,44,12,0.14383561643835616,False
30,2,16,0.0,0.0,2.5,wave,2454,45,19,0.14792176039119803,False
30,2,17,0.0,0.0,2.5,wave,2417,46,23,0.14977244517997518,False
30,2,18,0.0,0.0,2.5,wave,4590,44,21,0.07908496732026143,False
30,2,19,0.0,0.0,2.5,wave,4494,66,16,0.08233199821984868,False
30,2,20,0.0,0.0,2.5,wave,4388,60,14,0.0870556061987238,False
30,2,21,0.0,0.0,2.5,wave,4316,66,22,0.0896663577386469,False
30,2,22,0.0,0.0,2.5,wave,4214,71,28,0.09254864736592311,False
30,2,23,0.0,0.0,2.5,wave,4091,69,31,0.09582009288682473,False
30,2,24,0.0,0.0,2.5,wave,3992,69,27,0.09869739478957916,False
30,2,25,0.0,0.0,2.5,wave,3893,66,24,0.10172103776008219,False
30,2,26,0.0,0.0,2.5,wave,3796,63,25,0.10432033719704953,False
30,2,27,0.0,0.0,2.5,wave,3708,66,19,0.10571736785329018,False
30,2,28,0.0,0.0,2.5,wave,3606,64,19,0.1100942872989462,False
30,2,29,0.0,0.0,2.5,wave,3544,64,26,0.11117381489841986,False
30,2,30,0.0,0.0,2.5,wave,3462,62,25,0.11554015020219527,False
30,2,31,0.0,0.0,2.5,wave,3359,49,24,0.11878535278356654,False
30,2,32,0.0,0.0,2.5,wave,3249,45,22,0.12434595260080025,False
30,2,33,0.0,0.0,2.5,wave,3202,38,14,0.12710805746408493,False
30,2,34,0.0,0.0,2.5,wave,3143,38,13,0.12885777919185493,False
30,2,35,0.0,0.0,2.5,wave,3068,34,15,0.13396349413298567,False
30,2,36,0.0,0.0,2.5,wave,3006,36,14,0.13672654690618763,False
30,2,37,0.0,0.0,2.5,wave,2926,32,12,0.13909774436090225,False
30,2,38,0.0,0.0,2.5,wave,2882,30,11,0.14156835530881332,False
30,2,39,0.0,0.0,2.5,wave,2852,28,12,0.1458625525946704,False
30,2,40,0.0,0.0,2.5,wave,2812,29,13,0.14722617354196302,False
30,2,41,0.0,0.0,2.5,wave,2772,28,12,0.15043290043290045,False
30,2,42,0.0,0.0,2.5,wave,2732,27,9,0.15300146412884333,False
30,2,43,0.0,0.0,2.5,wave,2830,25,9,0.1971731448763251,False
30,2,44,0.0,0.0,2.5,wave,2744,24,11,0.18622448979591838,False
30,2,45,0.0,0.0,2.5,wave,2716,25,10,0.19072164948453607,False
30,2,46,0.0,0.0,2.5,wave,2690,19,7,0.1895910780669145,False
30,2,47,0.0,0.0,2.5,wave,2684,18,5,0.19597615499254845,False
30,2,48,0.0,0.0,2.5,wave,2682,15,7,0.197613721103654,False
30,2,49,0.0,0.0,2.5,wave,2676,17,6,0.20216741405082211,False
30,2,50,0.0,0.0,2.5,wave,2656,12,4,0.20481927710843373,False
30,2,51,0.0,0.0,2.5,wave,2627,17,8,0.20669965740388277,False
30,2,52,0.0,0.0,2.5,wave,2600,13,5,0.20807692307692308,False
30,3,1,0.0,0.0,2.5,wave,2568,8,2,0.20989096573208724,False
30,3,2,0.0,0.0,2.5,wave,2540,11,5,0.21220472440944882,False
30,3,3,0.0,0.0,2.5,wave,2515,14,4,0.21590457256461232,False
30,3,4,0.0,0.0,2.5,wave,2479,14,4,0.21581282775312627,False
30,3,5,0.0,0.0,2.5,wave,2453,17,7,0.2172849571952711,False
30,3,6,0.0,0.0,2.5,wave,2422,17,6,0.21882741535920727,False
30,3,7,0.0,0.0,2.5,wave,2395,13,6,0.22129436325678498,False
30,3,8,0.0,0.0,2.5,wave,2365,17,5,0.22452431289640593,False
30,3,9,0.0,0.0,2.5,wave,2333,16,5,0.22631804543506215,False
30,3,10,0.0,0.0,2.5,wave,2320,17,10,0.2271551724137931,False
30,3,11,0.0,0.0,2.5,wave,2283,13,6,0.2290845378887429,False
30,3,12,0.0,0.0,2.5,wave,2253,7,3,0.22991566799822458,False
30,3,13,0.0,0.0,2.5,wave,2216,15,4,0.23104693140794225,False
30,3,14,0.0,0.0,2.5,wave,2184,11,3,0.23351648351648352,False
30,3,15,0.0,0.0,2.5,wave,2158,13,4,0.23354958294717332,False
30,3,16,0.0,0.0,2.5,wave,2130,11,2,0.23568075117370893,False
30,3,17,0.0,0.0,2.5,wave,2109,10,9,0.23565670934091987,False
30,3,18,0.0,0.0,2.5,wave,4602,14,9,0.10864841373315949,False
30,3,19,0.0,0.0,2.5,wave,4537,9,2,0.11064580119021379,False
30,3,20,0.0,0.0,2.5,wave,4443,13,3,0.11253657438667566,False
30,3,21,0.0,0.0,2.5,wave,4354,15,5,0.11621497473587505,False
30,3,22,0.0,0.0,2.5,wave,4262,20,8,0.11872360394181136,False
30,3,23,0.0,0.0,2.5,wave,4183,19,7,0.12216112837676309,False
30,3,24,0.0,0.0,2.5,wave,4121,16,5,0.12375636981315215,False
30,3,25,0.0,0.0,2.5,wave,4029,17,3,0.12583767684288905,False
30,3,26,0.0,0.0,2.5,wave,3930,16,4,0.12951653944020355,False
30,3,27,0.0,0.0,2.5,wave,3849,25,8,0.1332813717848792,False
30,3,28,0.0,0.0,2.5,wave,3754,24,12,0.13638785295684602,False
30,3,29,0.0,0.0,2.5,wave,3675,27,11,0.13931972789115646,False
30,3,30,0.0,0.0,2.5,wave,3585,25,8,0.14281729428172943,False
30,3,31,0.0,0.0,2.5,wave,3489,21,6,0.14588707366007453,False
30,3,32,0.0,0.0,2.5,wave,3413,18,6,0.14913565777908,False
30,3,33,0.0,0.0,2.5,wave,3352,21,7,0.15393794749403342,False
30,3,34,0.0,0.0,2.5,wave,3272,16,5,0.15678484107579463,False
30,3,35,0.0,0.0,2.5,wave,3208,16,6,0.15866583541147133,False
30,3,36,0.0,0.0,2.5,wave,3139,19,7,0.1602421153233514,False
30,3,37,0.0,0.0,2.5,wave,3067,18,6,0.1653081186827519,False
30,3,38,0.0,0.0,2.5,wave,3030,15,6,0.16831683168316833,False
30,3,39,0.0,0.0,2.5,wave,2980,16,4,0.1697986577181208,False
30,3,40,0.0,0.0,2.5,wave,2932,17,8,0.169849931787176,False
30,3,41,0.0,0.0,2.5,wave,2891,19,10,0.17295053614666206,False
30,3,42,0.0,0.0,2.5,wave,2850,14,8,0.17543859649122806,False
30,3,43,0.0,0.0,2.5,wave,2942,14,6,0.20938137321549966,False
30,3,44,0.0,0.0,2.5,wave,2833,12,5,0.20508295093540416,False
30,3,45,0.0,0.0,2.5,wave,2840,11,4,0.2073943661971831,False
30,3,46,0.0,0.0,2.5,wave,2823,8,2,0.21112291888062346,False
30,3,47,0.0,0.0,2.5,wave,2783,9,1,0.2130794107078692,False
30,3,48,0.0,0.0,2.5,wave,2783,8,4,0.21739130434782608,False
30,3,49,0.0,0.0,2.5,wave,2789,12,5,0.21943348870562926,False
30,3,50,0.0,0.0,2.5,wave,2774,8,2,0.22386445565969718,False
30,3,51,0.0,0.0,2.5,wave,2755,7,3,0.226497277676951,False
30,3,52,0.0,0.0,2.5,wave,2737,7,3,0.23164048227986847,False
30,4,1,0.0,0.0,2.5,wave,2726,9,3,0.2351430667644901,False
30,4,2,0.0,0.0,2.5,wave,2719,9,3,0.237219566016918,False
30,4,3,0.0,0.0,2.5,wave,2693,10,2,0.24099517266988488,False
30,4,4,0.0,0.0,2.5,wave,2682,11,1,0.24161073825503357,False
30,4,5,0.0,0.0,2.5,wave,2660,10,4,0.24511278195488723,False
30,4,6,0.0,0.0,2.5,wave,2639,14,7,0.24857900719969686,False
30,4,7,0.0,0.0,2.5,wave,2603,12,6,0.24971187091817135,False
30,4,8,0.0,0.0,2.5,wave,2570,10,3,0.25214007782101167,False
30,4,9,0.0,0.0,2.5,wave,2539,11,3,0.25246159905474597,False
30,4,10,0.0,0.0,2.5,wave,2514,12,4,0.2573587907716786,False
30,4,11,0.0,0.0,2.5,wave,2484,11,4,0.26006441223832527,False
30,4,12,0.0,0.0,2.5,wave,2452,10,3,0.26182707993474713,False
30,4,13,0.0,0.0,2.5,wave,2434,8,3,0.2633525061626952,False
30,4,14,0.0,0.0,2.5,wave,2403,9,4,0.26508531002913027,False
30,4,15,0.0,0.0,2.5,wave,2373,7,4,0.269700800674252,False
30,4,16,0.0,0.0,2.5,wave,2342,5,3,0.27156276686592656,False
30,4,17,0.0,0.0,2.5,wave,2320,4,3,0.2728448275862069,False
30,4,18,0.0,0.0,2.5,wave,4824,2,1,0.13266998341625208,False
30,4,19,0.0,0.0,2.5,wave,4741,1,1,0.1366800253111158,False
30,4,20,0.0,0.0,2.5,wave,4665,6,1,0.13890675241157557,False
30,4,21,0.0,0.0,2.5,wave,4564,5,3,0.14526730937773882,False
30,4,22,0.0,0.0,2.5,wave,4455,9,3,0.14657687991021323,False
30,4,23,0.0,0.0,2.5,wave,4361,6,1,0.15157074065581289,False
30,4,24,0.0,0.0,2.5,wave,4266,7,2,0.15588373183309892,False
30,4,25,0.0,0.0,2.5,wave,4194,7,3,0.15903671912255604,False
30,4,26,0.0,0.0,2.5,wave,4113,8,4,0.16095307561390712,False
30,4,27,0.0,0.0,2.5,wave,3992,8,4,0.16608216432865733,False
30,4,28,0.0,0.0,2.5,wave,3910,8,2,0.1690537084398977,False
30,4,29,0.0,0.0,2.5,wave,3809,6,2,0.1719611446573904,False
30,4,30,0.0,0.0,2.5,wave,3747,9,4,0.17347211102215104,False
30,4,31,0.0,0.0,2.5,wave,3672,8,2,0.17565359477124182,False
30,4,32,0.0,0.0,2.5,wave,3616,6,2,0.17726769911504425,False
30,4,33,0.0,0.0,2.5,wave,3553,8,4,0.18069237264283705,False
30,4,34,0.0,0.0,2.5,wave,3493,9,2,0.18465502433438305,False
30,4,35,0.0,0.0,2.5,wave,3448,7,1,0.18706496519721577,False
30,4,36,0.0,0.0,2.5,wave,3382,11,4,0.19278533412182142,False
30,4,37,0.0,0.0,2.5,wave,3290,12,7,0.19787234042553192,False
30,4,38,0.0,0.0,2.5,wave,3246,8,5,0.20055452865064696,False
30,4,39,0.0,0.0,2.5,wave,3200,9,2,0.2034375,False
30,4,40,0.0,0.0,2.5,wave,3165,11,2,0.20631911532385466,False
30,4,41,0.0,0.0,2.5,wave,3112,13,3,0.20790488431876605,False
30,4,42,0.0,0.0,2.5,wave,3075,14,7,0.2126829268292683,False
30,4,43,0.0,0.0,2.5,wave,3155,12,7,0.24595879556259906,False
30,4,44,0.0,0.0,2.5,wave,3038,7,4,0.23403554970375248,False
30,4,45,0.0,0.0,2.5,wave,3020,6,4,0.23576158940397351,False
30,4,46,0.0,0.0,2.5,wave,2991,4,4,0.24072216649949849,False
30,4,47,0.0,0.0,2.5,wave,2973,4,2,0.2391523713420787,False
30,4,48,0.0,0.0,2.5,wave,2965,2,1,0.24384485666104552,False
30,4,49,0.0,0.0,2.5,wave,2925,4,1,0.24717948717948718,False
30,4,50,0.0,0.0,2.5,wave,2926,3,0,0.2501708817498291,False
30,4,51,0.0,0.0,2.5,wave,2902,3,1,0.25155065472088217,False
30,4,52,0.0,0.0,2.5,wave,2868,4,1,0.25592747559274753,False
30,5,1,0.0,0.0,2.5,wave,2862,3,2,0.2610062893081761,False
30,5,2,0.0,0.0,2.5,wave,2836,6,2,0.2637517630465444,False
30,5,3,0.0,0.0,2.5,wave,2812,4,1,0.26635846372688476,False
30,5,4,0.0,0.0,2.5,wave,2789,5,3,0.27034779490856936,False
30,5,5,0.0,0.0,2.5,wave,2760,8,2,0.27246376811594203,False
30,5,6,0.0,0.0,2.5,wave,2734,6,3,0.2724945135332846,False
30,5,7,0.0,0.0,2.5,wave,2720,8,4,0.2761029411764706,False
30,5,8,0.0,0.0,2.5,wave,2679,6,2,0.2773422918999627,False
30,5,9,0.0,0.0,2.5,wave,2662,5,1,0.27836213373403457,False
30,5,10,0.0,0.0,2.5,wave,2639,4,1,0.2804092459264873,False
30,5,11,0.0,0.0,2.5,wave,2606,5,3,0.28434382194934765,False
30,5,12,0.0,0.0,2.5,wave,2585,5,2,0.2862669245647969,False
30,5,13,0.0,0.0,2.5,wave,2569,3,1,0.2884390813546127,False
30,5,14,0.0,0.0,2.5,wave,2540,3,2,0.29015748031496064,False
30,5,15,0.0,0.0,2.5,wave,2512,3,2,0.2910031847133758,False
30,5,16,0.0,0.0,2.5,wave,2482,4,2,0.29411764705882354,False
30,5,17,0.0,0.0,2.5,wave,2461,5,2,0.29581470946769606,False
30,5,18,0.0,0.0,2.5,wave,5237,6,3,0.13920183311055948,False
30,5,19,0.0,0.0,2.5,wave,5159,6,2,0.14111261872455902,False
30,5,20,0.0,0.0,2.5,wave,5032,4,0,0.14566772655007948,False
30,5,21,0.0,0.0,2.5,wave,4928,4,4,0.14833603896103897,False
30,5,22,0.0,0.0,2.5,wave,4800,8,4,0.15270833333333333,False
30,5,23,0.0,0.0,2.5,wave,4729,4,2,0.15584690209346586,False
30,5,24,0.0,0.0,2.5,wave,4654,5,2,0.15964761495487753,False
30,5,25,0.0,0.0,2.5,wave,4542,3,1,0.1622633201232937,False
30,5,26,0.0,0.0,2.5,wave,4407,5,1,0.1663262990696619,False
30,5,27,0.0,0.0,2.5,wave,4328,3,1,0.17074861367837338,False
30,5,28,0.0,0.0,2.5,wave,4231,3,1,0.17395414795556605,False
30,5,29,0.0,0.0,2.5,wave,4144,2,1,0.1780888030888031,False
30,5,30,0.0,0.0,2.5,wave,4048,3,2,0.18058300395256918,False
30,5,31,0.0,0.0,2.5,wave,3970,5,1,0.18337531486146097,False
30,5,32,0.0,0.0,2.5,wave,3903,4,1,0.18831667947732514,False
30,5,33,0.0,0.0,2.5,wave,3822,4,3,0.1902145473574045,False
30,5,34,0.0,0.0,2.5,wave,3750,5,2,0.1936,False
30,5,35,0.0,0.0,2.5,wave,3676,2,1,0.1953210010881393,False
30,5,36,0.0,0.0,2.5,wave,3617,2,1,0.19795410561238597,False
30,5,37,0.0,0.0,2.5,wave,3547,1,0,0.20242458415562448,False
30,5,38,0.0,0.0,2.5,wave,3497,1,0,0.2050328853302831,False
30,5,39,0.0,0.0,2.5,wave,3463,1,1,0.20762344787756282,False
30,5,40,0.0,0.0,2.5,wave,3413,1,1,0.21213009082918255,False
30,5,41,0.0,0.0,2.5,wave,3369,0,0,0.21460373998219057,True
30,5,42,0.0,0.0,2.5,wave,3317,0,0,0.21736508893578535,True
30,5,43,0.0,0.0,2.5,wave,3364,0,0,0.2431629013079667,True
30,5,44,0.0,0.0,2.5,wave,3203,0,0,0.2360287230721199,True
30,5,45,0.0,0.0,2.5,wave,3158,0,0,0.23210892970234326,True
30,5,46,0.0,0.0,2.5,wave,3153,0,0,0.23057405645417064,True
30,5,47,0.0,0.0,2.5,wave,3137,0,0,0.23748804590372968,True
30,5,48,0.0,0.0,2.5,wave,3115,0,0,0.23820224719101124,True
30,5,49,0.0,0.0,2.5,wave,3092,0,0,0.24320827943078913,True
30,5,50,0.0,0.0,2.5,wave,3071,0,0,0.24780201888635622,True
30,5,51,0.0,0.0,2.5,wave,3039,0,0,0.2474498190194143,True
30,5,52,0.0,0.0,2.5,wave,3014,0,0,0.2531519575315196,True
30,6,1,0.0,0.0,2.5,wave,2984,0,0,0.25536193029490617,True
30,6,2,0.0,0.0,2.5,wave,2943,0,0,0.2582398912674142,True
30,6,3,0.0,0.0,2.5,wave,2935,0,0,0.26098807495741055,True
30,6,4,0.0,0.0,2.5,wave,2902,0,0,0.2622329427980703,True
30,6,5,0.0,0.0,2.5,wave,2863,0,0,0.2633601117708697,True
30,6,6,0.0,0.0,2.5,wave,2836,0,0,0.2655148095909732,True
30,6,7,0.0,0.0,2.5,wave,2806,0,0,0.26977904490377763,True
30,6,8,0.0,0.0,2.5,wave,2760,0,0,0.26557971014492754,True
30,6,9,0.0,0.0,2.5,wave,2729,0,0,0.26932942469769144,True
30,6,10,0.0,0.0,2.5,wave,2688,0,0,0.27046130952380953,True
30,6,11,0.0,0.0,2.5,wave,2665,0,0,0.2731707317073171,True
30,6,12,0.0,0.0,2.5,wave,2626,0,0,0.2738004569687738,True
30,6,13,0.0,0.0,2.5,wave,2591,0,0,0.27441142416055575,True
30,6,14,0.0,0.0,2.5,wave,2562,0,0,0.27634660421545665,True
30,6,15,0.0,0.0,2.5,wave,2545,0,0,0.27976424361493124,True
30,6,16,0.0,0.0,2.5,wave,2510,0,0,0.27848605577689245,True
30,6,17,0.0,0.0,2.5,wave,2485,0,0,0.27806841046277664,True
30,6,18,0.0,0.0,2.5,wave,5205,0,0,0.13275696445725263,True
30,6,19,0.0,0.0,2.5,wave,5136,0,0,0.1366822429906542,True
30,6,20,0.0,0.0,2.5,wave,5036,0,0,0.13899920571882446,True
30,6,21,0.0,0.0,2.5,wave,4943,0,0,0.1414120979162452,True
30,6,22,0.0,0.0,2.5,wave,4852,0,0,0.1442704039571311,True
30,6,23,0.0,0.0,2.5,wave,4767,0,0,0.1460037759597231,True
30,6,24,0.0,0.0,2.5,wave,4683,0,0,0.14840913944052958,True
30,6,25,0.0,0.0,2.5,wave,4579,0,0,0.15156147630487005,True
30,6,26,0.0,0.0,2.5,wave,4517,0,0,0.15563427053353995,True
30,6,27,0.0,0.0,2.5,wave,4436,0,0,0.15734896302975654,True
30,6,28,0.0,0.0,2.5,wave,4353,0,0,0.15920055134390076,True
30,6,29,0.0,0.0,2.5,wave,4277,0,0,0.16109422492401215,True
30,6,30,0.0,0.0,2.5,wave,4197,0,0,0.16416487967595902,True
30,6,31,0.0,0.0,2.5,wave,4132,0,0,0.16602129719264277,True
30,6,32,0.0,0.0,2.5,wave,4038,0,0,0.16716196136701336,True
30,6,33,0.0,0.0,2.5,wave,3938,0,0,0.17089893346876586,True
30,6,34,0.0,0.0,2.5,wave,3883,0,0,0.17434972959052278,True
30,6,35,0.0,0.0,2.5,wave,3810,0,0,0.17664041994750657,True
30,6,36,0.0,0.0,2.5,wave,3719,0,0,0.1804248453885453,True
30,6,37,0.0,0.0,2.5,wave,3671,0,0,0.18305638790520296,True
30,6,38,0.0,0.0,2.5,wave,3628,0,0,0.18660418963616318,True
30,6,39,0.0,0.0,2.5,wave,3571,0,0,0.18986278353402408,True
30,6,40,0.0,0.0,2.5,wave,3515,0,0,0.19174964438122333,True
30,6,41,0.0,0.0,2.5,wave,3469,0,0,0.1922744306716633,True
30,6,42,0.0,0.0,2.5,wave,3424,0,0,0.1953855140186916,True
30,6,43,0.0,0.0,2.5,wave,3625,0,0,0.24248275862068966,True
30,6,44,0.0,0.0,2.5,wave,3429,0,0,0.22863808690580345,True
30,6,45,0.0,0.0,2.5,wave,3370,0,0,0.22522255192878338,True
30,6,46,0.0,0.0,2.5,wave,3346,0,0,0.22474596533173938,True
30,6,47,0.0,0.0,2.5,wave,3327,0,0,0.2236248872858431,True
30,6,48,0.0,0.0,2.5,wave,3295,0,0,0.2251896813353566,True
30,6,49,0.0,0.0,2.5,wave,3270,0,0,0.22691131498470948,True
30,6,50,0.0,0.0,2.5,wave,3233,0,0,0.23012681719764924,True
30,6,51,0.0,0.0,2.5,wave,3219,0,0,0.23112767940354148,True
30,6,52,0.0,0.0,2.5,wave,3205,0,0,0.23962558502340095,True
30,7,1,0.0,0.0,2.5,wave,3170,0,0,0.24132492113564669,True
30,7,2,0.0,0.0,2.5,wave,3139,0,0,0.24402676011468621,True
30,7,3,0.0,0.0,2.5,wave,3096,0,0,0.24612403100775193,True
30,7,4,0.0,0.0,2.5,wave,3072,0,0,0.24869791666666666,True
30,7,5,0.0,0.0,2.5,wave,3053,0,0,0.2499181133311497,True
30,7,6,0.0,0.0,2.5,wave,3045,0,0,0.25320197044334974,True
30,7,7,0.0,0.0,2.5,wave,3003,0,0,0.2544122544122544,True
30,7,8,0.0,0.0,2.5,wave,2979,0,0,0.2571332661967103,True
30,7,9,0.0,0.0,2.5,wave,2956,0,0,0.25947225981055483,True
30,7,10,0.0,0.0,2.5,wave,2928,0,0,0.2612704918032787,True
30,7,11,0.0,0.0,2.5,wave,2905,0,0,0.2629948364888124,True
30,7,12,0.0,0.0,2.5,wave,2870,0,0,0.2651567944250871,True
30,7,13,0.0,0.0,2.5,wave,2837,0,0,0.2668311596757138,True
30,7,14,0.0,0.0,2.5,wave,2795,0,0,0.2690518783542039,True
30,7,15,0.0,0.0,2.5,wave,2777,0,0,0.2707958228303925,True
30,7,16,0.0,0.0,2.5,wave,2746,0,0,0.275673707210488,True
30,7,17,0.0,0.0,2.5,wave,2713,0,0,0.2779211205307777,True
30,7,18,0.0,0.0,2.5,wave,6010,0,0,0.12628951747088185,True
30,7,19,0.0,0.0,2.5,wave,5912,0,0,0.12922868741542626,True
30,7,20,0.0,0.0,2.5,wave,5824,0,0,0.13169642857142858,True
30,7,21,0.0,0.0,2.5,wave,5674,0,0,0.13464927740571025,True
30,7,22,0.0,0.0,2.5,wave,5522,0,0,0.13853676204273813,True
30,7,23,0.0,0.0,2.5,wave,5446,0,0,0.14010282776349614,True
30,7,24,0.0,0.0,2.5,wave,5315,0,0,0.14393226716839136,True
30,7,25,0.0,0.0,2.5,wave,5201,0,0,0.1470870986348779,True
30,7,26,0.0,0.0,2.5,wave,5082,0,0,0.1503345139708776,True
30,7,27,0.0,0.0,2.5,wave,4942,0,0,0.15155807365439095,True
30,7,28,0.0,0.0,2.5,wave,4805,0,0,0.1558792924037461,True
30,7,29,0.0,0.0,2.5,wave,4726,0,0,0.15933135844265764,True
30,7,30,0.0,0.0,2.5,wave,4637,0,0,0.16325210265257709,True
30,7,31,0.0,0.0,2.5,wave,4535,0,0,0.16670341786108048,True
30,7,32,0.0,0.0,2.5,wave,4424,0,0,0.16930379746835442,True
30,7,33,0.0,0.0,2.5,wave,4327,0,0,0.17286803790154842,True
30,7,34,0.0,0.0,2.5,wave,4214,0,0,0.17726625533934504,True
30,7,35,0.0,0.0,2.5,wave,4127,0,0,0.18124545674824327,True
30,7,36,0.0,0.0,2.5,wave,4055,0,0,0.18273736128236745,True
30,7,37,0.0,0.0,2.5,wave,3964,0,0,0.18592330978809282,True
30,7,38,0.0,0.0,2.5,wave,3908,0,0,0.18961105424769703,True
30,7,39,0.0,0.0,2.5,wave,3860,0,0,0.19067357512953367,True
30,7,40,0.0,0.0,2.5,wave,3811,0,0,0.1936499606402519,True
30,7,41,0.0,0.0,2.5,wave,3777,0,0,0.1953931691818904,True
30,7,42,0.0,0.0,2.5,wave,3734,0,0,0.19657204070701662,True
30,7,43,0.0,0.0,2.5,wave,3889,0,0,0.2370789406016971,True
30,7,44,0.0,0.0,2.5,wave,3658,0,0,0.2192454893384363,True
30,7,45,0.0,0.0,2.5,wave,3597,0,0,0.21879343897692521,True
30,7,46,0.0,0.0,2.5,wave,3556,0,0,0.21850393700787402,True
30,7,47,0.0,0.0,2.5,wave,3520,0,0,0.22329545454545455,True
30,7,48,0.0,0.0,2.5,wave,3521,0,0,0.2257881283726214,True
30,7,49,0.0,0.0,2.5,wave,3524,0,0,0.2304199772985244,True
30,7,50,0.0,0.0,2.5,wave,3519,0,0,0.2324524012503552,True
30,7,51,0.0,0.0,2.5,wave,3492,0,0,0.23281786941580757,True
30,7,52,0.0,0.0,2.5,wave,3447,0,0,0.23643748186829128,True
30,8,1,0.0,0.0,2.5,wave,3418,0,0,0.23961380924517262,True
30,8,2,0.0,0.0,2.5,wave,3395,0,0,0.2406480117820324,True
30,8,3,0.0,0.0,2.5,wave,3362,0,0,0.24479476502082095,True
30,8,4,0.0,0.0,2.5,wave,3327,0,0,0.24767057409077248,True
30,8,5,0.0,0.0,2.5,wave,3296,0,0,0.2506067961165049,True
30,8,6,0.0,0.0,2.5,wave,3258,0,0,0.2523020257826888,True
30,8,7,0.0,0.0,2.5,wave,3224,0,0,0.2565136476426799,True
30,8,8,0.0,0.0,2.5,wave,3184,0,0,0.2594221105527638,True
30,8,9,0.0,0.0,2.5,wave,3143,0,0,0.26089723194400255,True
30,8,10,0.0,0.0,2.5,wave,3106,0,0,0.2627173213135866,True
30,8,11,0.0,0.0,2.5,wave,3066,0,0,0.26581865622961515,True
30,8,12,0.0,0.0,2.5,wave,3021,0,0,0.2701092353525323,True
30,8,13,0.0,0.0,2.5,wave,2988,0,0,0.27074966532797856,True
30,8,14,0.0,0.0,2.5,wave,2963,0,0,0.27100911238609515,True
30,8,15,0.0,0.0,2.5,wave,2937,0,0,0.27545114061967996,True
30,8,16,0.0,0.0,2.5,wave,2908,0,0,0.2764786795048143,True
30,8,17,0.0,0.0,2.5,wave,2882,0,0,0.28001387925052046,True
30,8,18,0.0,0.0,2.5,wave,6172,0,0,0.13075178224238496,True
30,8,19,0.0,0.0,2.5,wave,6070,0,0,0.13393739703459637,True
30,8,20,0.0,0.0,2.5,wave,5942,0,0,0.13631773813530798,True
30,8,21,0.0,0.0,2.5,wave,5842,0,0,0.13984936665525505,True
30,8,22,0.0,0.0,2.5,wave,5701,0,0,0.14155411331345377,True
30,8,23,0.0,0.0,2.5,wave,5562,0,0,0.14545127651923767,True
30,8,24,0.0,0.0,2.5,wave,5463,0,0,0.14772103239978035,True
30,8,25,0.0,0.0,2.5,wave,5388,0,0,0.1495916852264291,True
30,8,26,0.0,0.0,2.5,wave,5293,0,0,0.15265444927262423,True
30,8,27,0.0,0.0,2.5,wave,5179,0,0,0.1571731994593551,True
30,8,28,0.0,0.0,2.5,wave,5093,0,0,0.1584527783231887,True
30,8,29,0.0,0.0,2.5,wave,5004,0,0,0.16266986410871304,True
30,8,30,0.0,0.0,2.5,wave,4880,0,0,0.16495901639344263,True
30,8,31,0.0,0.0,2.5,wave,4804,0,0,0.16777685262281433,True
30,8,32,0.0,0.0,2.5,wave,4725,0,0,0.17015873015873015,True
30,8,33,0.0,0.0,2.5,wave,4642,0,0,0.17363205514864283,True
30,8,34,0.0,0.0,2.5,wave,4564,0,0,0.17484662576687116,True
30,8,35,0.0,0.0,2.5,wave,4474,0,0,0.17948144836835048,True
30,8,36,0.0,0.0,2.5,wave,4409,0,0,0.18190065774552053,True
30,8,37,0.0,0.0,2.5,wave,4348,0,0,0.1858325666973321,True
30,8,38,0.0,0.0,2.5,wave,4301,0,0,0.18716577540106952,True
30,8,39,0.0,0.0,2.5,wave,4245,0,0,0.19010600706713782,True
30,8,40,0.0,0.0,2.5,wave,4196,0,0,0.1920877025738799,True
30,8,41,0.0,0.0,2.5,wave,4165,0,0,0.1949579831932773,True
30,8,42,0.0,0.0,2.5,wave,4111,0,0,0.19678910240817318,True
30,8,43,0.0,0.0,2.5,wave,4236,0,0,0.24220963172804533,True
30,8,44,0.0,0.0,2.5,wave,4010,0,0,0.22468827930174565,True
30,8,45,0.0,0.0,2.5,wave,3954,0,0,0.22078907435508346,True
30,8,46,0.0,0.0,2.5,wave,3924,0,0,0.22145769622833844,True
30,8,47,0.0,0.0,2.5,wave,3898,0,0,0.22575679835813237,True
30,8,48,0.0,0.0,2.5,wave,3878,0,0,0.2264053635894791,True
30,8,49,0.0,0.0,2.5,wave,3871,0,0,0.22810643244639628,True
30,8,50,0.0,0.0,2.5,wave,3837,0,0,0.23195204586916862,True
30,8,51,0.0,0.0,2.5,wave,3805,0,0,0.2328515111695138,True
30,8,52,0.0,0.0,2.5,wave,3767,0,0,0.23493496150783116,True
30,9,1,0.0,0.0,2.5,wave,3738,0,0,0.23675762439807382,True
30,9,2,0.0,0.0,2.5,wave,3693,0,0,0.2380178716490658,True
30,9,3,0.0,0.0,2.5,wave,3661,0,0,0.2398251843758536,True
30,9,4,0.0,0.0,2.5,wave,3621,0,0,0.2416459541563104,True
30,9,5,0.0,0.0,2.5,wave,3582,0,0,0.24455611390284757,True
30,9,6,0.0,0.0,2.5,wave,3533,0,0,0.2476648740447212,True
30,9,7,0.0,0.0,2.5,wave,3499,0,0,0.250357244927122,True
30,9,8,0.0,0.0,2.5,wave,3430,0,0,0.2533527696793003,True
30,9,9,0.0,0.0,2.5,wave,3399,0,0,0.25448661370991466,True
30,9,10,0.0,0.0,2.5,wave,3352,0,0,0.2535799522673031,True
30,9,11,0.0,0.0,2.5,wave,3321,0,0,0.25564588979223124,True
30,9,12,0.0,0.0,2.5,wave,3288,0,0,0.25790754257907544,True
30,9,13,0.0,0.0,2.5,wave,3266,0,0,0.2608695652173913,True
30,9,14,0.0,0.0,2.5,wave,3231,0,0,0.2618384401114206,True
30,9,15,0.0,0.0,2.5,wave,3202,0,0,0.26358525921299186,True
30,9,16,0.0,0.0,2.5,wave,3160,0,0,0.26424050632911394,True
30,9,17,0.0,0.0,2.5,wave,3135,0,0,0.2657097288676236,True
30,9,18,0.0,0.0,2.5,wave,6424,0,0,0.11939601494396015,True
30,9,19,0.0,0.0,2.5,wave,6336,0,0,0.12279040404040405,True
30,9,20,0.0,0.0,2.5,wave,6195,0,0,0.12590799031476999,True
30,9,21,0.0,0.0,2.5,wave,6091,0,0,0.1280577901822361,True
30,9,22,0.0,0.0,2.5,wave,5964,0,0,0.1301140174379611,True
30,9,23,0.0,0.0,2.5,wave,5841,0,0,0.13319637048450608,True
30,9,24,0.0,0.0,2.5,wave,5709,0,0,0.13540024522683483,True
30,9,25,0.0,0.0,2.5,wave,5573,0,0,0.13691010227884443,True
30,9,26,0.0,0.0,2.5,wave,5440,0,0,0.14080882352941176,True
30,9,27,0.0,0.0,2.5,wave,5316,0,0,0.14409330323551542,True
30,9,28,0.0,0.0,2.5,wave,5196,0,0,0.147036181678214,True
30,9,29,0.0,0.0,2.5,wave,5110,0,0,0.14990215264187867,True
30,9,30,0.0,0.0,2.5,wave,5015,0,0,0.15214356929212364,True
30,9,31,0.0,0.0,2.5,wave,4941,0,0,0.15583889900829792,True
30,9,32,0.0,0.0,2.5,wave,4841,0,0,0.15802520140466847,True
30,9,33,0.0,0.0,2.5,wave,4779,0,0,0.16070307595731326,True
30,9,34,0.0,0.0,2.5,wave,4690,0,0,0.1631130063965885,True
30,9,35,0.0,0.0,2.5,wave,4630,0,0,0.16846652267818574,True
30,9,36,0.0,0.0,2.5,wave,4524,0,0,0.17086648983200708,True
30,9,37,0.0,0.0,2.5,wave,4428,0,0,0.17366757000903343,True
30,9,38,0.0,0.0,2.5,wave,4355,0,0,0.17588978185993112,True
30,9,39,0.0,0.0,2.5,wave,4304,0,0,0.17843866171003717,True
30,9,40,0.0,0.0,2.5,wave,4251,0,0,0.18019289578922607,True
30,9,41,0.0,0.0,2.5,wave,4199,0,0,0.18432960228625864,True
30,9,42,0.0,0.0,2.5,wave,4146,0,0,0.18789194404245055,True
30,9,43,0.0,0.0,2.5,wave,4334,0,0,0.23511767420396862,True
30,9,44,0.0,0.0,2.5,wave,4158,0,0,0.22631072631072632,True
30,9,45,0.0,0.0,2.5,wave,4064,0,0,0.22096456692913385,True
30,9,46,0.0,0.0,2.5,wave,3999,0,0,0.21980495123780946,True
30,9,47,0.0,0.0,2.5,wave,3983,0,0,0.22319859402460457,True
30,9,48,0.0,0.0,2.5,wave,3981,0,0,0.2233107259482542,True
30,9,49,0.0,0.0,2.5,wave,3963,0,0,0.22886701993439312,True
30,9,50,0.0,0.0,2.5,wave,3916,0,0,0.23084780388151174,True
30,9,51,0.0,0.0,2.5,wave,3889,0,0,0.23347904345590126,True
30,9,52,0.0,0.0,2.5,wave,3856,0,0,0.23573651452282157,True
30,10,1,0.0,0.0,2.5,wave,3813,0,0,0.23629687909782324,True
30,10,2,0.0,0.0,2.5,wave,3759,0,0,0.2383612662942272,True
30,10,3,0.0,0.0,2.5,wave,3713,0,0,0.24131430110422838,True
30,10,4,0.0,0.0,2.5,wave,3674,0,0,0.24496461622210125,True
30,10,5,0.0,0.0,2.5,wave,3641,0,0,0.24773413897280966,True
30,10,6,0.0,0.0,2.5,wave,3614,0,0,0.24930824571112342,True
30,10,7,0.0,0.0,2.5,wave,3570,0,0,0.2518207282913165,True
30,10,8,0.0,0.0,2.5,wave,3533,0,0,0.2550240588734786,True
30,10,9,0.0,0.0,2.5,wave,3495,0,0,0.25894134477825465,True
30,10,10,0.0,0.0,2.5,wave,3458,0,0,0.26200115673799884,True
30,10,11,0.0,0.0,2.5,wave,3422,0,0,0.2653419053185272,True
30,10,12,0.0,0.0,2.5,wave,3377,0,0,0.26591649392952327,True
30,10,13,0.0,0.0,2.5,wave,3346,0,0,0.26748356246264193,True
30,10,14,0.0,0.0,2.5,wave,3297,0,0,0.26903245374582957,True
30,10,15,0.0,0.0,2.5,wave,3270,0,0,0.27186544342507646,True
30,10,16,0.0,0.0,2.5,wave,3212,0,0,0.2705479452054795,True
30,10,17,0.0,0.0,2.5,wave,3180,0,0,0.2738993710691824,True
30,10,18,0.0,0.0,2.5,wave,6918,0,0,0.11910956923966465,True
30,10,19,0.0,0.0,2.5,wave,6829,0,0,0.12315126665690437,True
30,10,20,0.0,0.0,2.5,wave,6666,0,0,0.1263126312631263,True
30,10,21,0.0,0.0,2.5,wave,6539,0,0,0.12953050925217924,True
30,10,22,0.0,0.0,2.5,wave,6413,0,0,0.13129580539529082,True
30,10,23,0.0,0.0,2.5,wave,6294,0,0,0.13520813473149032,True
30,10,24,0.0,0.0,2.5,wave,6175,0,0,0.1394331983805668,True
30,10,25,0.0,0.0,2.5,wave,6077,0,0,0.1403653118314958,True
30,10,26,0.0,0.0,2.5,wave,5994,0,0,0.14564564564564564,True
30,10,27,0.0,0.0,2.5,wave,5892,0,0,0.14816700610997963,True
30,10,28,0.0,0.0,2.5,wave,5782,0,0,0.14925631269456935,True
30,10,29,0.0,0.0,2.5,wave,5702,0,0,0.15468256752016837,True
30,10,30,0.0,0.0,2.5,wave,5627,0,0,0.15781055624666784,True
30,10,31,0.0,0.0,2.5,wave,5548,0,0,0.16131939437635184,True
30,10,32,0.0,0.0,2.5,wave,5452,0,0,0.16507703595011006,True
30,10,33,0.0,0.0,2.5,wave,5358,0,0,0.1674132138857783,True
30,10,34,0.0,0.0,2.5,wave,5248,0,0,0.16996951219512196,True
30,10,35,0.0,0.0,2.5,wave,5167,0,0,0.1743758467195665,True
30,10,36,0.0,0.0,2.5,wave,5093,0,0,0.18005105046141764,True
30,10,37,0.0,0.0,2.5,wave,5016,0,0,0.18321371610845294,True
30,10,38,0.0,0.0,2.5,wave,4951,0,0,0.18238739648555846,True
30,10,39,0.0,0.0,2.5,wave,4896,0,0,0.18872549019607843,True
30,10,40,0.0,0.0,2.5,wave,4828,0,0,0.1920049710024855,True
30,10,41,0.0,0.0,2.5,wave,4783,0,0,0.19381141542964667,True
30,10,42,0.0,0.0,2.5,wave,4736,0,0,0.1970016891891892,True
30,10,43,0.0,0.0,2.5,wave,4873,0,0,0.24256105068746153,True
30,10,44,0.0,0.0,2.5,wave,4611,0,0,0.2277163305139883,True
30,10,45,0.0,0.0,2.5,wave,4492,0,0,0.22128227960819233,True
30,10,46,0.0,0.0,2.5,wave,4409,0,0,0.2179632569743706,True
30,10,47,0.0,0.0,2.5,wave,4361,0,0,0.21944508140334787,True
30,10,48,0.0,0.0,2.5,wave,4321,0,0,0.22101365424670216,True
30,10,49,0.0,0.0,2.5,wave,4260,0,0,0.22276995305164318,True
30,10,50,0.0,0.0,2.5,wave,4239,0,0,0.2276480301958009,True
30,10,51,0.0,0.0,2.5,wave,4203,0,0,0.2291220556745182,True
30,10,52,0.0,0.0,2.5,wave,4160,0,0,0.2310096153846154,True
30,11,1,0.0,0.0,2.5,wave,4136,0,0,0.23186653771760155,True
30,11,2,0.0,0.0,2.5,wave,4086,0,0,0.23323543808125305,True
30,11,3,0.0,0.0,2.5,wave,4054,0,0,0.23680315737543167,True
30,11,4,0.0,0.0,2.5,wave,4014,0,0,0.23766816143497757,True
30,11,5,0.0,0.0,2.5,wave,3971,0,0,0.23898262402417528,True
30,11,6,0.0,0.0,2.5,wave,3932,0,0,0.24186164801627671,True
30,11,7,0.0,0.0,2.5,wave,3893,0,0,0.245825841253532,True
30,11,8,0.0,0.0,2.5,wave,3843,0,0,0.2469424928441322,True
30,11,9,0.0,0.0,2.5,wave,3804,0,0,0.25,True
30,11,10,0.0,0.0,2.5,wave,3751,0,0,0.2519328179152226,True
30,11,11,0.0,0.0,2.5,wave,3707,0,0,0.2568114378203399,True
30,11,12,0.0,0.0,2.5,wave,3670,0,0,0.25831062670299726,True
30,11,13,0.0,0.0,2.5,wave,3635,0,0,0.2613480055020633,True
30,11,14,0.0,0.0,2.5,wave,3600,0,0,0.2619444444444444,True
30,11,15,0.0,0.0,2.5,wave,3558,0,0,0.2639123102866779,True
30,11,16,0.0,0.0,2.5,wave,3510,0,0,0.2672364672364672,True
30,11,17,0.0,0.0,2.5,wave,3475,0,0,0.26820143884892084,True
30,11,18,0.0,0.0,2.5,wave,7300,0,0,0.12054794520547946,True
30,11,19,0.0,0.0,2.5,wave,7163,0,0,0.12494764763367304,True
30,11,20,0.0,0.0,2.5,wave,7066,0,0,0.12821964336258138,True
30,11,21,0.0,0.0,2.5,wave,6933,0,0,0.13053512188085967,True
30,11,22,0.0,0.0,2.5,wave,6756,0,0,0.1336589698046181,True
30,11,23,0.0,0.0,2.5,wave,6614,0,0,0.13652857574841246,True
30,11,24,0.0,0.0,2.5,wave,6464,0,0,0.13876856435643564,True
30,11,25,0.0,0.0,2.5,wave,6343,0,0,0.14141573387986758,True
30,11,26,0.0,0.0,2.5,wave,6233,0,0,0.1437510027274186,True
30,11,27,0.0,0.0,2.5,wave,6132,0,0,0.14726027397260275,True
30,11,28,0.0,0.0,2.5,wave,6044,0,0,0.14907346128391794,True
30,11,29,0.0,0.0,2.5,wave,5922,0,0,0.15265113137453562,True
30,11,30,0.0,0.0,2.5,wave,5808,0,0,0.15513085399449036,True
30,11,31,0.0,0.0,2.5,wave,5708,0,0,0.157323055360897,True
30,11,32,0.0,0.0,2.5,wave,5587,0,0,0.16019330588867012,True
30,11,33,0.0,0.0,2.5,wave,5453,0,0,0.16229598386209426,True
30,11,34,0.0,0.0,2.5,wave,5355,0,0,0.16489262371615312,True
30,11,35,0.0,0.0,2.5,wave,5246,0,0,0.1694624475791079,True
30,11,36,0.0,0.0,2.5,wave,5146,0,0,0.17411581811115429,True
30,11,37,0.0,0.0,2.5,wave,5086,0,0,0.1765631144317735,True
30,11,38,0.0,0.0,2.5,wave,5016,0,0,0.17902711323763956,True
30,11,39,0.0,0.0,2.5,wave,4964,0,0,0.18130539887187752,True
30,11,40,0.0,0.0,2.5,wave,4903,0,0,0.1835610850499694,True
30,11,41,0.0,0.0,2.5,wave,4849,0,0,0.185399051350794,True
30,11,42,0.0,0.0,2.5,wave,4779,0,0,0.18790541954383763,True
30,11,43,0.0,0.0,2.5,wave,5081,0,0,0.23715803975595356,True
30,11,44,0.0,0.0,2.5,wave,4779,0,0,0.21992048545720863,True
30,11,45,0.0,0.0,2.5,wave,4648,0,0,0.21665232358003442,True
30,11,46,0.0,0.0,2.5,wave,4591,0,0,0.21607492920932259,True
30,11,47,0.0,0.0,2.5,wave,4545,0,0,0.22046204620462045,True
30,11,48,0.0,0.0,2.5,wave,4515,0,0,0.22059800664451829,True
30,11,49,0.0,0.0,2.5,wave,4467,0,0,0.22408775464517575,True
30,11,50,0.0,0.0,2.5,wave,4426,0,0,0.22661545413465883,True
30,11,51,0.0,0.0,2.5,wave,4388,0,0,0.2292616226071103,True
30,11,52,0.0,0.0,2.5,wave,4344,0,0,0.23181399631675875,True
31,1,1,0.0,0.0,2.5,wave,2752,0,0,0.001816860465116279,True
31,1,2,0.0,0.0,2.5,wave,2686,0,0,0.004839910647803425,True
31,1,3,0.0,0.0,2.5,wave,2615,0,0,0.006883365200764819,True
31,1,4,0.0,0.0,2.5,wave,2563,0,0,0.008583690987124463,True
31,1,5,0.0,0.0,2.5,wave,2486,0,0,0.010458567980691875,True
31,1,6,0.0,0.0,2.5,wave,2437,0,0,0.011899876897825195,True
31,1,7,0.0,0.0,2.5,wave,2370,0,0,0.012236286919831224,True
31,1,8,0.0,0.0,2.5,wave,2318,0,0,0.012942191544434857,True
31,1,9,0.0,0.0,2.5,wave,2252,0,0,0.014209591474245116,True
31,1,10,0.0,0.0,2.5,wave,2229,0,0,0.01704800358905339,True
31,1,11,0.0,0.0,2.5,wave,2198,0,0,0.021383075523202913,True
31,1,12,0.0,0.0,2.5,wave,2170,0,0,0.02258064516129032,True
31,1,13,0.0,0.0,2.5,wave,2154,0,0,0.02414113277623027,True
31,1,14,0.0,0.0,2.5,wave,2135,0,0,0.027166276346604217,True
31,1,15,0.0,0.0,2.5,wave,2102,0,0,0.030447193149381543,True
31,1,16,0.0,0.0,2.5,wave,2090,0,0,0.03301435406698565,True
31,1,17,0.0,0.0,2.5,wave,2070,0,0,0.035265700483091786,True
31,1,18,0.0,0.0,2.5,wave,6002,0,0,0.013495501499500167,True
31,1,19,0.0,0.0,2.5,wave,5881,0,0,0.015303519809556198,True
31,1,20,0.0,0.0,2.5,wave,5727,0,0,0.017286537454164485,True
31,1,21,0.0,0.0,2.5,wave,5613,0,0,0.01906288972029218,True
31,1,22,0.0,0.0,2.5,wave,5453,0,0,0.022373005684944068,True
31,1,23,0.0,0.0,2.5,wave,5329,0,0,0.024394820791893413,True
31,1,24,0.0,0.0,2.5,wave,5201,0,0,0.02634108825225918,True
31,1,25,0.0,0.0,2.5,wave,5059,0,0,0.028661790867760426,True
31,1,26,0.0,0.0,2.5,wave,4972,0,0,0.03077232502011263,True
31,1,27,0.0,0.0,2.5,wave,4894,0,0,0.032897425418880265,True
31,1,28,0.0,0.0,2.5,wave,4786,0,0,0.03489343919765984,True
31,1,29,0.0,0.0,2.5,wave,4702,0,0,0.03721820501914079,True
31,1,30,0.0,0.0,2.5,wave,4561,0,0,0.03836877877658408,True
31,1,31,0.0,0.0,2.5,wave,4440,0,0,0.041891891891891894,True
31,1,32,0.0,0.0,2.5,wave,4326,0,0,0.04461396208969025,True
31,1,33,0.0,0.0,2.5,wave,4242,0,0,0.0454974068835455,True
31,1,34,0.0,0.0,2.5,wave,4149,0,0,0.04772234273318872,True
31,1,35,0.0,0.0,2.5,wave,4048,0,0,0.04940711462450593,True
31,1,36,0.0,0.0,2.5,wave,3961,0,0,0.0520070689219894,True
31,1,37,0.0,0.0,2.5,wave,3859,0,0,0.05208603265094584,True
31,1,38,0.0,0.0,2.5,wave,3803,0,0,0.055745464107283725,True
31,1,39,0.0,0.0,2.5,wave,3742,0,0,0.058257616247995726,True
31,1,40,0.0,0.0,2.5,wave,3669,0,0,0.06050695012264922,True
31,1,41,0.0,0.0,2.5,wave,3625,0,0,0.06262068965517241,True
31,1,42,0.0,0.0,2.5,wave,3581,0,0,0.0664618821558224,True
31,1,43,0.0,0.0,2.5,wave,3857,0,0,0.10189266269121079,True
31,1,44,0.0,0.0,2.5,wave,3709,0,0,0.09086007009975734,True
31,1,45,0.0,0.0,2.5,wave,3628,0,0,0.08985667034178611,True
31,1,46,0.0,0.0,2.5,wave,3544,0,0,0.08972911963882618,True
31,1,47,0.0,0.0,2.5,wave,3490,0,0,0.09054441260744986,True
31,1,48,0.0,0.0,2.5,wave,3454,0,0,0.09264620729588882,True
31,1,49,0.0,0.0,2.5,wave,3393,0,0,0.09372236958443855,True
31,1,50,0.0,0.0,2.5,wave,3329,0,0,0.09402222889756684,True
31,1,51,0.0,0.0,2.5,wave,3273,0,0,0.09532538955087076,True
31,1,52,0.0,0.0,2.5,wave,3229,0,0,0.09848250232270053,True
31,2,1,0.0,0.0,2.5,wave,3175,29,8,0.09889763779527559,False
31,2,2,0.0,0.0,2.5,wave,3139,41,15,0.09939471169162153,False
31,2,3,0.0,0.0,2.5,wave,3080,42,17,0.1012987012987013,False
31,2,4,0.0,0.0,2.5,wave,3031,44,15,0.10293632464533158,False
31,2,5,0.0,0.0,2.5,wave,2974,37,17,0.1039004707464694,False
31,2,6,0.0,0.0,2.5,wave,2931,49,19,0.10440122824974411,False
31,2,7,0.0,0.0,2.5,wave,2887,49,15,0.10495323865604433,False
31,2,8,0.0,0.0,2.5,wave,2831,48,15,0.10667608618862592,False
31,2,9,0.0,0.0,2.5,wave,2781,47,15,0.11003236245954692,False
31,2,10,0.0,0.0,2.5,wave,2725,48,20,0.11486238532110092,False
31,2,11,0.0,0.0,2.5,wave,2683,46,20,0.11628773760715617,False
31,2,12,0.0,0.0,2.5,wave,2643,38,15,0.11804767309875142,False
31,2,13,0.0,0.0,2.5,wave,2601,40,16,0.12149173394848135,False
31,2,14,0.0,0.0,2.5,wave,2565,49,10,0.1267056530214425,False
31,2,15,0.0,0.0,2.5,wave,2531,41,14,0.12880284472540499,False
31,2,16,0.0,0.0,2.5,wave,2495,45,26,0.131062124248497,False
31,2,17,0.0,0.0,2.5,wave,2455,44,23,0.1340122199592668,False
31,2,18,0.0,0.0,2.5,wave,4738,39,15,0.06943858168003376,False
31,2,19,0.0,0.0,2.5,wave,4629,54,13,0.07193778353856124,False
31,2,20,0.0,0.0,2.5,wave,4483,79,18,0.07450368057104617,False
31,2,21,0.0,0.0,2.5,wave,4370,84,20,0.07734553775743708,False
31,2,22,0.0,0.0,2.5,wave,4269,84,30,0.08268915436870461,False
31,2,23,0.0,0.0,2.5,wave,4173,90,37,0.08483105679367361,False
31,2,24,0.0,0.0,2.5,wave,4055,79,34,0.08754623921085081,False
31,2,25,0.0,0.0,2.5,wave,3957,77,31,0.0887035633055345,False
31,2,26,0.0,0.0,2.5,wave,3858,73,24,0.09175738724727839,False
31,2,27,0.0,0.0,2.5,wave,3756,68,27,0.09424920127795527,False
31,2,28,0.0,0.0,2.5,wave,3642,66,29,0.09774848984074684,False
31,2,29,0.0,0.0,2.5,wave,3553,64,25,0.10132282578103012,False
31,2,30,0.0,0.0,2.5,wave,3475,58,23,0.10446043165467626,False
31,2,31,0.0,0.0,2.5,wave,3392,56,24,0.10613207547169812,False
31,2,32,0.0,0.0,2.5,wave,3312,48,22,0.11020531400966184,False
31,2,33,0.0,0.0,2.5,wave,3256,41,19,0.11302211302211303,False
31,2,34,0.0,0.0,2.5,wave,3174,39,17,0.11657214870825457,False
31,2,35,0.0,0.0,2.5,wave,3095,41,17,0.11954765751211632,False
31,2,36,0.0,0.0,2.5,wave,3002,42,13,0.12325116588940706,False
31,2,37,0.0,0.0,2.5,wave,2896,38,11,0.12879834254143646,False
31,2,38,0.0,0.0,2.5,wave,2854,39,13,0.13139453398738613,False
31,2,39,0.0,0.0,2.5,wave,2800,40,13,0.13178571428571428,False
31,2,40,0.0,0.0,2.5,wave,2762,38,16,0.13613323678493844,False
31,2,41,0.0,0.0,2.5,wave,2721,30,17,0.13855200294009556,False
31,2,42,0.0,0.0,2.5,wave,2693,26,15,0.1396212402525065,False
31,2,43,0.0,0.0,2.5,wave,3060,17,8,0.20522875816993463,False
31,2,44,0.0,0.0,2.5,wave,2872,13,6,0.17931754874651812,False
31,2,45,0.0,0.0,2.5,wave,2787,12,5,0.17473986365267313,False
31,2,46,0.0,0.0,2.5,wave,2732,11,3,0.17349926793557832,False
31,2,47,0.0,0.0,2.5,wave,2711,9,3,0.17484323127997048,False
31,2,48,0.0,0.0,2.5,wave,2675,9,6,0.17794392523364486,False
31,2,49,0.0,0.0,2.5,wave,2647,12,5,0.17982621836040802,False
31,2,50,0.0,0.0,2.5,wave,2581,8,2,0.18132506780317706,False
31,2,51,0.0,0.0,2.5,wave,2552,8,2,0.1833855799373041,False
31,2,52,0.0,0.0,2.5,wave,2511,9,3,0.18518518518518517,False
31,3,1,0.0,0.0,2.5,wave,2489,13,3,0.18842908798714342,False
31,3,2,0.0,0.0,2.5,wave,2444,13,1,0.18739770867430441,False
31,3,3,0.0,0.0,2.5,wave,2423,12,4,0.1910854312835328,False
31,3,4,0.0,0.0,2.5,wave,2384,16,8,0.19630872483221476,False
31,3,5,0.0,0.0,2.5,wave,2357,15,7,0.2006788290199406,False
31,3,6,0.0,0.0,2.5,wave,2316,15,9,0.20077720207253885,False
31,3,7,0.0,0.0,2.5,wave,2298,14,9,0.20365535248041775,False
31,3,8,0.0,0.0,2.5,wave,2259,10,4,0.20495794599380257,False
31,3,9,0.0,0.0,2.5,wave,2237,7,2,0.20518551631649531,False
31,3,10,0.0,0.0,2.5,wave,2203,7,2,0.20699046754425782,False
31,3,11,0.0,0.0,2.5,wave,2181,7,2,0.20861989912884,False
31,3,12,0.0,0.0,2.5,wave,2154,7,3,0.20984215413184773,False
31,3,13,0.0,0.0,2.5,wave,2128,8,4,0.21334586466165414,False
31,3,14,0.0,0.0,2.5,wave,2103,8,3,0.21683309557774608,False
31,3,15,0.0,0.0,2.5,wave,2085,7,3,0.21966426858513188,False
31,3,16,0.0,0.0,2.5,wave,2061,5,2,0.2207666181465308,False
31,3,17,0.0,0.0,2.5,wave,2038,3,1,0.2222767419038273,False
31,3,18,0.0,0.0,2.5,wave,4690,4,2,0.09680170575692963,False
31,3,19,0.0,0.0,2.5,wave,4618,6,1,0.09896058899956692,False
31,3,20,0.0,0.0,2.5,wave,4489,5,2,0.10180441078191134,False
31,3,21,0.0,0.0,2.5,wave,4364,9,4,0.1047204399633364,False
31,3,22,0.0,0.0,2.5,wave,4241,11,3,0.10775760433859939,False
31,3,23,0.0,0.0,2.5,wave,4168,15,2,0.11156429942418426,False
31,3,24,0.0,0.0,2.5,wave,4076,15,6,0.11530912659470069,False
31,3,25,0.0,0.0,2.5,wave,3947,20,7,0.11806435267291614,False
31,3,26,0.0,0.0,2.5,wave,3846,20,6,0.12064482579303172,False
31,3,27,0.0,0.0,2.5,wave,3772,20,9,0.12274655355249205,False
31,3,28,0.0,0.0,2.5,wave,3688,17,8,0.12554229934924077,False
31,3,29,0.0,0.0,2.5,wave,3624,19,9,0.12748344370860928,False
31,3,30,0.0,0.0,2.5,wave,3544,16,6,0.12895033860045146,False
31,3,31,0.0,0.0,2.5,wave,3468,9,1,0.12946943483275664,False
31,3,32,0.0,0.0,2.5,wave,3385,11,2,0.1329394387001477,False
31,3,33,0.0,0.0,2.5,wave,3315,13,5,0.13544494720965308,False
31,3,34,0.0,0.0,2.5,wave,3250,11,7,0.13723076923076924,False
31,3,35,0.0,0.0,2.5,wave,3171,9,3,0.14096499526963102,False
31,3,36,0.0,0.0,2.5,wave,3111,6,2,0.1443265830922533,False
31,3,37,0.0,0.0,2.5,wave,3044,6,3,0.1478318002628121,False
31,3,38,0.0,0.0,2.5,wave,3005,6,3,0.15041597337770382,False
31,3,39,0.0,0.0,2.5,wave,2957,5,3,0.15319580656070342,False
31,3,40,0.0,0.0,2.5,wave,2928,4,1,0.15539617486338797,False
31,3,41,0.0,0.0,2.5,wave,2877,3,0,0.1591936044490789,False
31,3,42,0.0,0.0,2.5,wave,2854,3,1,0.161177295024527,False
31,3,43,0.0,0.0,2.5,wave,3265,3,1,0.22358346094946402,False
31,3,44,0.0,0.0,2.5,wave,3073,2,1,0.20045558086560364,False
31,3,45,0.0,0.0,2.5,wave,2965,2,2,0.19156829679595277,False
31,3,46,0.0,0.0,2.5,wave,2905,1,1,0.19104991394148021,False
31,3,47,0.0,0.0,2.5,wave,2846,0,0,0.18728039353478568,True
31,3,48,0.0,0.0,2.5,wave,2826,0,0,0.18895966029723993,True
31,3,49,0.0,0.0,2.5,wave,2811,0,0,0.19139096406972608,True
31,3,50,0.0,0.0,2.5,wave,2780,0,0,0.19424460431654678,True
31,3,51,0.0,0.0,2.5,wave,2746,0,0,0.19519300801165332,True
31,3,52,0.0,0.0,2.5,wave,2708,0,0,0.19497784342688332,True
31,4,1,0.0,0.0,2.5,wave,2662,0,0,0.19872276483846732,True
31,4,2,0.0,0.0,2.5,wave,2616,0,0,0.19877675840978593,True
31,4,3,0.0,0.0,2.5,wave,2594,0,0,0.20123361603700848,True
31,4,4,0.0,0.0,2.5,wave,2566,0,0,0.20265003897116135,True
31,4,5,0.0,0.0,2.5,wave,2535,0,0,0.2039447731755424,True
31,4,6,0.0,0.0,2.5,wave,2495,0,0,0.20681362725450902,True
31,4,7,0.0,0.0,2.5,wave,2469,0,0,0.20858647225597407,True
31,4,8,0.0,0.0,2.5,wave,2425,0,0,0.21030927835051547,True
31,4,9,0.0,0.0,2.5,wave,2407,0,0,0.21022019110926465,True
31,4,10,0.0,0.0,2.5,wave,2378,0,0,0.2127838519764508,True
31,4,11,0.0,0.0,2.5,wave,2361,0,0,0.2138924184667514,True
31,4,12,0.0,0.0,2.5,wave,2338,0,0,0.2172797262617622,True
31,4,13,0.0,0.0,2.5,wave,2323,0,0,0.22083512699095997,True
31,4,14,0.0,0.0,2.5,wave,2300,0,0,0.2234782608695652,True
31,4,15,0.0,0.0,2.5,wave,2278,0,0,0.22519754170324846,True
31,4,16,0.0,0.0,2.5,wave,2257,0,0,0.22817899867080194,True
31,4,17,0.0,0.0,2.5,wave,2233,0,0,0.23018360949395433,True
31,4,18,0.0,0.0,2.5,wave,4806,0,0,0.10986267166042447,True
31,4,19,0.0,0.0,2.5,wave,4737,0,0,0.11040743086341566,True
31,4,20,0.0,0.0,2.5,wave,4624,0,0,0.11332179930795848,True
31,4,21,0.0,0.0,2.5,wave,4543,0,0,0.11666299801893022,True
31,4,22,0.0,0.0,2.5,wave,4470,0,0,0.11923937360178971,True
31,4,23,0.0,0.0,2.5,wave,4366,0,0,0.12230874942739349,True
31,4,24,0.0,0.0,2.5,wave,4274,0,0,0.12681328965839964,True
31,4,25,0.0,0.0,2.5,wave,4184,0,0,0.13169216061185468,True
31,4,26,0.0,0.0,2.5,wave,4068,0,0,0.1364306784660767,True
31,4,27,0.0,0.0,2.5,wave,3985,0,0,0.13877038895859473,True
31,4,28,0.0,0.0,2.5,wave,3905,0,0,0.13982074263764405,True
31,4,29,0.0,0.0,2.5,wave,3824,0,0,0.14225941422594143,True
31,4,30,0.0,0.0,2.5,wave,3706,0,0,0.14624932541824068,True
31,4,31,0.0,0.0,2.5,wave,3629,0,0,0.1488013226784238,True
31,4,32,0.0,0.0,2.5,wave,3566,0,0,0.15086932136848008,True
31,4,33,0.0,0.0,2.5,wave,3499,0,0,0.15461560445841668,True
31,4,34,0.0,0.0,2.5,wave,3417,0,0,0.15803336259877085,True
31,4,35,0.0,0.0,2.5,wave,3330,0,0,0.16006006006006007,True
31,4,36,0.0,0.0,2.5,wave,3238,0,0,0.16306361951822113,True
31,4,37,0.0,0.0,2.5,wave,3158,0,0,0.1649778340721976,True
31,4,38,0.0,0.0,2.5,wave,3119,0,0,0.16639948701506893,True
31,4,39,0.0,0.0,2.5,wave,3086,0,0,0.1678548282566429,True
31,4,40,0.0,0.0,2.5,wave,3042,0,0,0.17094017094017094,True
31,4,41,0.0,0.0,2.5,wave,3010,0,0,0.1744186046511628,True
31,4,42,0.0,0.0,2.5,wave,2971,0,0,0.17771794008751263,True
31,4,43,0.0,0.0,2.5,wave,3431,0,0,0.24191197901486447,True
31,4,44,0.0,0.0,2.5,wave,3214,0,0,0.21561916614810206,True
31,4,45,0.0,0.0,2.5,wave,3091,0,0,0.20381753477838888,True
31,4,46,0.0,0.0,2.5,wave,3046,0,0,0.2045305318450427,True
31,4,47,0.0,0.0,2.5,wave,2982,0,0,0.20321931589537223,True
31,4,48,0.0,0.0,2.5,wave,2944,0,0,0.20550271739130435,True
31,4,49,0.0,0.0,2.5,wave,2910,0,0,0.20652920962199312,True
31,4,50,0.0,0.0,2.5,wave,2880,0,0,0.21215277777777777,True
31,4,51,0.0,0.0,2.5,wave,2827,0,0,0.2115316590024761,True
31,4,52,0.0,0.0,2.5,wave,2793,0,0,0.21661296097386323,True
31,5,1,0.0,0.0,2.5,wave,2750,0,0,0.216,True
31,5,2,0.0,0.0,2.5,wave,2699,0,0,0.21711745090774362,True
31,5,3,0.0,0.0,2.5,wave,2664,0,0,0.22034534534534533,True
31,5,4,0.0,0.0,2.5,wave,2623,0,0,0.22378955394586353,True
31,5,5,0.0,0.0,2.5,wave,2568,0,0,0.2250778816199377,True
31,5,6,0.0,0.0,2.5,wave,2526,0,0,0.22644497228820268,True
31,5,7,0.0,0.0,2.5,wave,2499,0,0,0.2272909163665466,True
31,5,8,0.0,0.0,2.5,wave,2479,0,0,0.22831787010891488,True
31,5,9,0.0,0.0,2.5,wave,2449,0,0,0.2282564311964067,True
31,5,10,0.0,0.0,2.5,wave,2428,0,0,0.23270181219110378,True
31,5,11,0.0,0.0,2.5,wave,2393,0,0,0.2340158796489762,True
31,5,12,0.0,0.0,2.5,wave,2369,0,0,0.2376530181511186,True
31,5,13,0.0,0.0,2.5,wave,2356,0,0,0.23769100169779286,True
31,5,14,0.0,0.0,2.5,wave,2328,0,0,0.24054982817869416,True
31,5,15,0.0,0.0,2.5,wave,2304,0,0,0.2404513888888889,True
31,5,16,0.0,0.0,2.5,wave,2281,0,0,0.24375274002630426,True
31,5,17,0.0,0.0,2.5,wave,2258,0,0,0.24357838795394154,True
31,5,18,0.0,0.0,2.5,wave,4871,0,0,0.11455553274481627,True
31,5,19,0.0,0.0,2.5,wave,4794,0,0,0.11556111806424697,True
31,5,20,0.0,0.0,2.5,wave,4723,0,0,0.11941562566165573,True
31,5,21,0.0,0.0,2.5,wave,4641,0,0,0.12195647489765137,True
31,5,22,0.0,0.0,2.5,wave,4553,0,0,0.12453327476389194,True
31,5,23,0.0,0.0,2.5,wave,4433,0,0,0.1263252876156102,True
31,5,24,0.0,0.0,2.5,wave,4310,0,0,0.12993039443155452,True
31,5,25,0.0,0.0,2.5,wave,4232,0,0,0.13208884688090738,True
31,5,26,0.0,0.0,2.5,wave,4156,0,0,0.13498556304138595,True
31,5,27,0.0,0.0,2.5,wave,4069,0,0,0.1383632342098796,True
31,5,28,0.0,0.0,2.5,wave,3968,0,0,0.14112903225806453,True
31,5,29,0.0,0.0,2.5,wave,3862,0,0,0.14422578974624548,True
31,5,30,0.0,0.0,2.5,wave,3757,0,0,0.147458078253926,True
31,5,31,0.0,0.0,2.5,wave,3674,0,0,0.15106151333696244,True
31,5,32,0.0,0.0,2.5,wave,3600,0,0,0.15388888888888888,True
31,5,33,0.0,0.0,2.5,wave,3521,0,0,0.1573416642999148,True
31,5,34,0.0,0.0,2.5,wave,3454,0,0,0.15981470758540822,True
31,5,35,0.0,0.0,2.5,wave,3406,0,0,0.1626541397533764,True
31,5,36,0.0,0.0,2.5,wave,3339,0,0,0.16561844863731656,True
31,5,37,0.0,0.0,2.5,wave,3293,0,0,0.16702095353780747,True
31,5,38,0.0,0.0,2.5,wave,3228,0,0,0.17007434944237917,True
31,5,39,0.0,0.0,2.5,wave,3186,0,0,0.17263025737602009,True
31,5,40,0.0,0.0,2.5,wave,3146,0,0,0.17705022250476796,True
31,5,41,0.0,0.0,2.5,wave,3112,0,0,0.17705655526992287,True
31,5,42,0.0,0.0,2.5,wave,3075,0,0,0.17983739837398374,True
31,5,43,0.0,0.0,2.5,wave,3632,0,0,0.25715859030837,True
31,5,44,0.0,0.0,2.5,wave,3372,0,0,0.22716488730723605,True
31,5,45,0.0,0.0,2.5,wave,3228,0,0,0.2137546468401487,True
31,5,46,0.0,0.0,2.5,wave,3176,0,0,0.21158690176322417,True
31,5,47,0.0,0.0,2.5,wave,3127,0,0,0.21042532779021425,True
31,5,48,0.0,0.0,2.5,wave,3076,0,0,0.20838751625487648,True
31,5,49,0.0,0.0,2.5,wave,3034,0,0,0.2099538562953197,True
31,5,50,0.0,0.0,2.5,wave,2992,0,0,0.21189839572192512,True
31,5,51,0.0,0.0,2.5,wave,2959,0,0,0.21088205474822574,True
31,5,52,0.0,0.0,2.5,wave,2909,0,0,0.21106909590924716,True
31,6,1,0.0,0.0,2.5,wave,2889,0,0,0.21287642782969884,True
31,6,2,0.0,0.0,2.5,wave,2868,0,0,0.21722454672245467,True
31,6,3,0.0,0.0,2.5,wave,2844,0,0,0.2169479606188467,True
31,6,4,0.0,0.0,2.5,wave,2797,0,0,0.2202359671076153,True
31,6,5,0.0,0.0,2.5,wave,2775,0,0,0.22414414414414413,True
31,6,6,0.0,0.0,2.5,wave,2743,0,0,0.22530076558512577,True
31,6,7,0.0,0.0,2.5,wave,2717,0,0,0.2270887007729113,True
31,6,8,0.0,0.0,2.5,wave,2681,0,0,0.22864602760164118,True
31,6,9,0.0,0.0,2.5,wave,2649,0,0,0.232163080407701,True
31,6,10,0.0,0.0,2.5,wave,2619,0,0,0.23329515082092403,True
31,6,11,0.0,0.0,2.5,wave,2597,0,0,0.2333461686561417,True
31,6,12,0.0,0.0,2.5,wave,2551,0,0,0.23480987847902784,True
31,6,13,0.0,0.0,2.5,wave,2525,0,0,0.23643564356435642,True
31,6,14,0.0,0.0,2.5,wave,2488,0,0,0.24035369774919615,True
31,6,15,0.0,0.0,2.5,wave,2467,0,0,0.24239967571949736,True
31,6,16,0.0,0.0,2.5,wave,2434,0,0,0.24322103533278555,True
31,6,17,0.0,0.0,2.5,wave,2405,0,0,0.24740124740124741,True
31,6,18,0.0,0.0,2.5,wave,5228,0,0,0.11381025248661056,True
31,6,19,0.0,0.0,2.5,wave,5159,0,0,0.11823996898623765,True
31,6,20,0.0,0.0,2.5,wave,5071,0,0,0.12186945375665549,True
31,6,21,0.0,0.0,2.5,wave,4975,0,0,0.1264321608040201,True
31,6,22,0.0,0.0,2.5,wave,4853,0,0,0.1289923758499897,True
31,6,23,0.0,0.0,2.5,wave,4763,0,0,0.13289943313038002,True
31,6,24,0.0,0.0,2.5,wave,4663,0,0,0.13489170062191722,True
31,6,25,0.0,0.0,2.5,wave,4594,0,0,0.1369177187636047,True
31,6,26,0.0,0.0,2.5,wave,4493,0,0,0.1399955486312041,True
31,6,27,0.0,0.0,2.5,wave,4444,0,0,0.1422142214221422,True
31,6,28,0.0,0.0,2.5,wave,4366,0,0,0.14590013742556115,True
31,6,29,0.0,0.0,2.5,wave,4282,0,0,0.14992993928070994,True
31,6,30,0.0,0.0,2.5,wave,4212,0,0,0.1533713200379867,True
31,6,31,0.0,0.0,2.5,wave,4108,0,0,0.15749756572541382,True
31,6,32,0.0,0.0,2.5,wave,4028,0,0,0.15988083416087387,True
31,6,33,0.0,0.0,2.5,wave,3959,0,0,0.1649406415761556,True
31,6,34,0.0,0.0,2.5,wave,3848,0,0,0.16865904365904366,True
31,6,35,0.0,0.0,2.5,wave,3780,0,0,0.1716931216931217,True
31,6,36,0.0,0.0,2.5,wave,3701,0,0,0.1764388003242367,True
31,6,37,0.0,0.0,2.5,wave,3637,0,0,0.17926862799010174,True
31,6,38,0.0,0.0,2.5,wave,3586,0,0,0.1826547685443391,True
31,6,39,0.0,0.0,2.5,wave,3537,0,0,0.183206106870229,True
31,6,40,0.0,0.0,2.5,wave,3487,0,0,0.1858330943504445,True
31,6,41,0.0,0.0,2.5,wave,3452,0,0,0.18713789107763615,True
31,6,42,0.0,0.0,2.5,wave,3399,0,0,0.19035010297146218,True
31,6,43,0.0,0.0,2.5,wave,4021,0,0,0.2705794578463069,True
31,6,44,0.0,0.0,2.5,wave,3749,0,0,0.24139770605494798,True
31,6,45,0.0,0.0,2.5,wave,3556,0,0,0.2249718785151856,True
31,6,46,0.0,0.0,2.5,wave,3489,0,0,0.22184006878761822,True
31,6,47,0.0,0.0,2.5,wave,3421,0,0,0.21601870798012276,True
31,6,48,0.0,0.0,2.5,wave,3362,0,0,0.21445568114217728,True
31,6,49,0.0,0.0,2.5,wave,3314,0,0,0.216053108026554,True
31,6,50,0.0,0.0,2.5,wave,3260,0,0,0.21687116564417178,True
31,6,51,0.0,0.0,2.5,wave,3218,0,0,0.21628340584213798,True
31,6,52,0.0,0.0,2.5,wave,3192,0,0,0.218671679197995,True
31,7,1,0.0,0.0,2.5,wave,3156,0,0,0.22053231939163498,True
31,7,2,0.0,0.0,2.5,wave,3118,0,0,0.2251443232841565,True
31,7,3,0.0,0.0,2.5,wave,3079,0,0,0.22702176031178956,True
31,7,4,0.0,0.0,2.5,wave,3031,0,0,0.23160673045199603,True
31,7,5,0.0,0.0,2.5,wave,3011,0,0,0.23314513450680838,True
31,7,6,0.0,0.0,2.5,wave,2983,0,0,0.23667448876969494,True
31,7,7,0.0,0.0,2.5,wave,2951,0,0,0.2375465943747882,True
31,7,8,0.0,0.0,2.5,wave,2918,0,0,0.24057573680603153,True
31,7,9,0.0,0.0,2.5,wave,2881,0,0,0.24227698715723708,True
31,7,10,0.0,0.0,2.5,wave,2840,0,0,0.24366197183098592,True
31,7,11,0.0,0.0,2.5,wave,2809,0,0,0.24421502313990745,True
31,7,12,0.0,0.0,2.5,wave,2777,0,0,0.24594886568239108,True
31,7,13,0.0,0.0,2.5,wave,2750,0,0,0.2469090909090909,True
31,7,14,0.0,0.0,2.5,wave,2705,0,0,0.24953789279112754,True
31,7,15,0.0,0.0,2.5,wave,2683,0,0,0.2515840477077898,True
31,7,16,0.0,0.0,2.5,wave,2650,0,0,0.25433962264150944,True
31,7,17,0.0,0.0,2.5,wave,2624,0,0,0.25685975609756095,True
31,7,18,0.0,0.0,2.5,wave,5688,0,0,0.11867088607594936,True
31,7,19,0.0,0.0,2.5,wave,5599,0,0,0.12180746561886051,True
31,7,20,0.0,0.0,2.5,wave,5508,0,0,0.12454611474219317,True
31,7,21,0.0,0.0,2.5,wave,5353,0,0,0.1279656267513544,True
31,7,22,0.0,0.0,2.5,wave,5220,0,0,0.13160919540229885,True
31,7,23,0.0,0.0,2.5,wave,5119,0,0,0.13576870482516115,True
31,7,24,0.0,0.0,2.5,wave,5029,0,0,0.13760190892821633,True
31,7,25,0.0,0.0,2.5,wave,4962,0,0,0.1392583635630794,True
31,7,26,0.0,0.0,2.5,wave,4836,0,0,0.14288668320926384,True
31,7,27,0.0,0.0,2.5,wave,4765,0,0,0.1435466946484785,True
31,7,28,0.0,0.0,2.5,wave,4667,0,0,0.1472037711592029,True
31,7,29,0.0,0.0,2.5,wave,4597,0,0,0.14944529040678703,True
31,7,30,0.0,0.0,2.5,wave,4467,0,0,0.15289903738526975,True
31,7,31,0.0,0.0,2.5,wave,4397,0,0,0.15510575392312942,True
31,7,32,0.0,0.0,2.5,wave,4325,0,0,0.15907514450867052,True
31,7,33,0.0,0.0,2.5,wave,4247,0,0,0.16129032258064516,True
31,7,34,0.0,0.0,2.5,wave,4198,0,0,0.16341114816579325,True
31,7,35,0.0,0.0,2.5,wave,4144,0,0,0.16554054054054054,True
31,7,36,0.0,0.0,2.5,wave,4071,0,0,0.16973716531564725,True
31,7,37,0.0,0.0,2.5,wave,3982,0,0,0.17177297840281266,True
31,7,38,0.0,0.0,2.5,wave,3940,0,0,0.17385786802030456,True
31,7,39,0.0,0.0,2.5,wave,3894,0,0,0.1751412429378531,True
31,7,40,0.0,0.0,2.5,wave,3846,0,0,0.17758710348413936,True
31,7,41,0.0,0.0,2.5,wave,3804,0,0,0.17823343848580442,True
31,7,42,0.0,0.0,2.5,wave,3766,0,0,0.1818906001062135,True
31,7,43,0.0,0.0,2.5,wave,4536,0,0,0.26455026455026454,True
31,7,44,0.0,0.0,2.5,wave,4208,0,0,0.23621673003802282,True
31,7,45,0.0,0.0,2.5,wave,3997,0,0,0.2194145609206905,True
31,7,46,0.0,0.0,2.5,wave,3891,0,0,0.2138267797481367,True
31,7,47,0.0,0.0,2.5,wave,3822,0,0,0.21062271062271062,True
31,7,48,0.0,0.0,2.5,wave,3729,0,0,0.20809868597479217,True
31,7,49,0.0,0.0,2.5,wave,3659,0,0,0.20852691992347636,True
31,7,50,0.0,0.0,2.5,wave,3622,0,0,0.2101049144119271,True
31,7,51,0.0,0.0,2.5,wave,3574,0,0,0.21208729714605484,True
31,7,52,0.0,0.0,2.5,wave,3522,0,0,0.21323111868256672,True
31,8,1,0.0,0.0,2.5,wave,3483,0,0,0.2144702842377261,True
31,8,2,0.0,0.0,2.5,wave,3439,0,0,0.21779587089270136,True
31,8,3,0.0,0.0,2.5,wave,3408,0,0,0.22065727699530516,True
31,8,4,0.0,0.0,2.5,wave,3378,0,0,0.2217288336293665,True
31,8,5,0.0,0.0,2.5,wave,3355,0,0,0.22444113263785395,True
31,8,6,0.0,0.0,2.5,wave,3311,0,0,0.226819691935971,True
31,8,7,0.0,0.0,2.5,wave,3269,0,0,0.22973386356684,True
31,8,8,0.0,0.0,2.5,wave,3241,0,0,0.23141005862388153,True
31,8,9,0.0,0.0,2.5,wave,3202,0,0,0.23297938788257339,True
31,8,10,0.0,0.0,2.5,wave,3160,0,0,0.23417721518987342,True
31,8,11,0.0,0.0,2.5,wave,3131,0,0,0.2376237623762376,True
31,8,12,0.0,0.0,2.5,wave,3096,0,0,0.24031007751937986,True
31,8,13,0.0,0.0,2.5,wave,3061,0,0,0.2430578242404443,True
31,8,14,0.0,0.0,2.5,wave,3038,0,0,0.2465437788018433,True
31,8,15,0.0,0.0,2.5,wave,3010,0,0,0.24750830564784054,True
31,8,16,0.0,0.0,2.5,wave,2981,0,0,0.25092250922509224,True
31,8,17,0.0,0.0,2.5,wave,2956,0,0,0.2523680649526387,True
31,8,18,0.0,0.0,2.5,wave,6371,0,0,0.11787788416261183,True
31,8,19,0.0,0.0,2.5,wave,6268,0,0,0.12077217613273772,True
31,8,20,0.0,0.0,2.5,wave,6185,0,0,0.12287793047696038,True
31,8,21,0.0,0.0,2.5,wave,6095,0,0,0.1251845775225595,True
31,8,22,0.0,0.0,2.5,wave,5983,0,0,0.12903225806451613,True
31,8,23,0.0,0.0,2.5,wave,5877,0,0,0.13221031138335887,True
31,8,24,0.0,0.0,2.5,wave,5726,0,0,0.1370939573873559,True
31,8,25,0.0,0.0,2.5,wave,5580,0,0,0.1431899641577061,True
31,8,26,0.0,0.0,2.5,wave,5444,0,0,0.1452975753122704,True
31,8,27,0.0,0.0,2.5,wave,5315,0,0,0.14731890874882408,True
31,8,28,0.0,0.0,2.5,wave,5195,0,0,0.1505293551491819,True
31,8,29,0.0,0.0,2.5,wave,5098,0,0,0.15398195370733622,True
31,8,30,0.0,0.0,2.5,wave,5017,0,0,0.15746462029101058,True
31,8,31,0.0,0.0,2.5,wave,4922,0,0,0.15989435188947582,True
31,8,32,0.0,0.0,2.5,wave,4803,0,0,0.16572975223818448,True
31,8,33,0.0,0.0,2.5,wave,4694,0,0,0.1670217298679165,True
31,8,34,0.0,0.0,2.5,wave,4598,0,0,0.16855154414963028,True
31,8,35,0.0,0.0,2.5,wave,4534,0,0,0.1709307454786061,True
31,8,36,0.0,0.0,2.5,wave,4478,0,0,0.17485484591335418,True
31,8,37,0.0,0.0,2.5,wave,4420,0,0,0.17850678733031675,True
31,8,38,0.0,0.0,2.5,wave,4339,0,0,0.18068679419221018,True
31,8,39,0.0,0.0,2.5,wave,4283,0,0,0.1844501517627831,True
31,8,40,0.0,0.0,2.5,wave,4231,0,0,0.18695343890333255,True
31,8,41,0.0,0.0,2.5,wave,4186,0,0,0.18944099378881987,True
31,8,42,0.0,0.0,2.5,wave,4134,0,0,0.1918238993710692,True
31,8,43,0.0,0.0,2.5,wave,4899,0,0,0.27087160645029595,True
31,8,44,0.0,0.0,2.5,wave,4583,0,0,0.24089024656338642,True
31,8,45,0.0,0.0,2.5,wave,4341,0,0,0.2257544344621055,True
31,8,46,0.0,0.0,2.5,wave,4233,0,0,0.22135601228443186,True
31,8,47,0.0,0.0,2.5,wave,4135,0,0,0.22103990326481257,True
31,8,48,0.0,0.0,2.5,wave,4052,0,0,0.21964461994077,True
31,8,49,0.0,0.0,2.5,wave,3971,0,0,0.22236212540921682,True
31,8,50,0.0,0.0,2.5,wave,3912,0,0,0.22392638036809817,True
31,8,51,0.0,0.0,2.5,wave,3860,0,0,0.2256476683937824,True
31,8,52,0.0,0.0,2.5,wave,3796,0,0,0.22997892518440463,True
31,9,1,0.0,0.0,2.5,wave,3750,0,0,0.23253333333333334,True
31,9,2,0.0,0.0,2.5,wave,3704,0,0,0.23326133909287258,True
31,9,3,0.0,0.0,2.5,wave,3674,0,0,0.23244420250408274,True
31,9,4,0.0,0.0,2.5,wave,3632,0,0,0.2356828193832599,True
31,9,5,0.0,0.0,2.5,wave,3590,0,0,0.2406685236768802,True
31,9,6,0.0,0.0,2.5,wave,3546,0,0,0.2428087986463621,True
31,9,7,0.0,0.0,2.5,wave,3519,0,0,0.24524012503552145,True
31,9,8,0.0,0.0,2.5,wave,3471,0,0,0.24632670700086431,True
31,9,9,0.0,0.0,2.5,wave,3444,0,0,0.2494192799070848,True
31,9,10,0.0,0.0,2.5,wave,3407,0,0,0.25242148517757557,True
31,9,11,0.0,0.0,2.5,wave,3372,0,0,0.2529655990510083,True
31,9,12,0.0,0.0,2.5,wave,3338,0,0,0.25404433792690234,True
31,9,13,0.0,0.0,2.5,wave,3310,0,0,0.2540785498489426,True
31,9,14,0.0,0.0,2.5,wave,3293,0,0,0.25599757060431216,True
31,9,15,0.0,0.0,2.5,wave,3245,0,0,0.2576271186440678,True
31,9,16,0.0,0.0,2.5,wave,3229,0,0,0.259523072158563,True
31,9,17,0.0,0.0,2.5,wave,3188,0,0,0.2606649937264743,True
31,9,18,0.0,0.0,2.5,wave,6832,0,0,0.11387587822014052,True
31,9,19,0.0,0.0,2.5,wave,6710,0,0,0.11594634873323398,True
31,9,20,0.0,0.0,2.5,wave,6587,0,0,0.11902231668437832,True
31,9,21,0.0,0.0,2.5,wave,6468,0,0,0.12229437229437229,True
31,9,22,0.0,0.0,2.5,wave,6366,0,0,0.12519635563933396,True
31,9,23,0.0,0.0,2.5,wave,6246,0,0,0.1271213576689081,True
31,9,24,0.0,0.0,2.5,wave,6104,0,0,0.12925950196592398,True
31,9,25,0.0,0.0,2.5,wave,5951,0,0,0.13174256427491177,True
31,9,26,0.0,0.0,2.5,wave,5828,0,0,0.13435140700068635,True
31,9,27,0.0,0.0,2.5,wave,5717,0,0,0.13608535945425923,True
31,9,28,0.0,0.0,2.5,wave,5587,0,0,0.13960980848398066,True
31,9,29,0.0,0.0,2.5,wave,5483,0,0,0.14225788801750866,True
31,9,30,0.0,0.0,2.5,wave,5391,0,0,0.14468558708959378,True
31,9,31,0.0,0.0,2.5,wave,5294,0,0,0.14790328673970532,True
31,9,32,0.0,0.0,2.5,wave,5193,0,0,0.15116502984787214,True
31,9,33,0.0,0.0,2.5,wave,5124,0,0,0.1522248243559719,True
31,9,34,0.0,0.0,2.5,wave,5042,0,0,0.15470051566838555,True
31,9,35,0.0,0.0,2.5,wave,4936,0,0,0.1592382495948136,True
31,9,36,0.0,0.0,2.5,wave,4859,0,0,0.16279069767441862,True
31,9,37,0.0,0.0,2.5,wave,4773,0,0,0.1642572805363503,True
31,9,38,0.0,0.0,2.5,wave,4706,0,0,0.16723331916702083,True
31,9,39,0.0,0.0,2.5,wave,4644,0,0,0.17054263565891473,True
31,9,40,0.0,0.0,2.5,wave,4578,0,0,0.17212756662297946,True
31,9,41,0.0,0.0,2.5,wave,4527,0,0,0.17472940136956042,True
31,9,42,0.0,0.0,2.5,wave,4481,0,0,0.17719259093952242,True
31,9,43,0.0,0.0,2.5,wave,5260,0,0,0.2515209125475285,True
31,9,44,0.0,0.0,2.5,wave,4916,0,0,0.22864117168429618,True
31,9,45,0.0,0.0,2.5,wave,4685,0,0,0.2119530416221985,True
31,9,46,0.0,0.0,2.5,wave,4547,0,0,0.2071695623488014,True
31,9,47,0.0,0.0,2.5,wave,4448,0,0,0.20571043165467626,True
31,9,48,0.0,0.0,2.5,wave,4365,0,0,0.20481099656357388,True
31,9,49,0.0,0.0,2.5,wave,4301,0,0,0.2080911415949779,True
31,9,50,0.0,0.0,2.5,wave,4231,0,0,0.20727960293074923,True
31,9,51,0.0,0.0,2.5,wave,4148,0,0,0.20829315332690454,True
31,9,52,0.0,0.0,2.5,wave,4104,0,0,0.21052631578947367,True
31,10,1,0.0,0.0,2.5,wave,4056,0,0,0.21277120315581854,True
31,10,2,0.0,0.0,2.5,wave,4001,0,0,0.21569607598100474,True
31,10,3,0.0,0.0,2.5,wave,3944,0,0,0.21805273833671399,True
31,10,4,0.0,0.0,2.5,wave,3898,0,0,0.21883016931759877,True
31,10,5,0.0,0.0,2.5,wave,3850,0,0,0.22103896103896103,True
31,10,6,0.0,0.0,2.5,wave,3809,0,0,0.22499343659753215,True
31,10,7,0.0,0.0,2.5,wave,3750,0,0,0.228,True
31,10,8,0.0,0.0,2.5,wave,3720,0,0,0.23172043010752688,True
31,10,9,0.0,0.0,2.5,wave,3677,0,0,0.23497416372042426,True
31,10,10,0.0,0.0,2.5,wave,3635,0,0,0.23713892709766163,True
31,10,11,0.0,0.0,2.5,wave,3602,0,0,0.24014436424208774,True
31,10,12,0.0,0.0,2.5,wave,3571,0,0,0.24222906748809858,True
31,10,13,0.0,0.0,2.5,wave,3534,0,0,0.24476513865308433,True
31,10,14,0.0,0.0,2.5,wave,3489,0,0,0.24591573516766982,True
31,10,15,0.0,0.0,2.5,wave,3457,0,0,0.24819207405264682,True
31,10,16,0.0,0.0,2.5,wave,3415,0,0,0.24978038067349928,True
31,10,17,0.0,0.0,2.5,wave,3375,0,0,0.25303703703703706,True
31,10,18,0.0,0.0,2.5,wave,7281,0,0,0.11440736162615026,True
31,10,19,0.0,0.0,2.5,wave,7163,0,0,0.11699008795197544,True
31,10,20,0.0,0.0,2.5,wave,7003,0,0,0.12037698129373126,True
31,10,21,0.0,0.0,2.5,wave,6868,0,0,0.12303436225975539,True
31,10,22,0.0,0.0,2.5,wave,6722,0,0,0.12719428741445998,True
31,10,23,0.0,0.0,2.5,wave,6588,0,0,0.13175470552519733,True
31,10,24,0.0,0.0,2.5,wave,6434,0,0,0.1347528753497047,True
31,10,25,0.0,0.0,2.5,wave,6352,0,0,0.13869647355163728,True
31,10,26,0.0,0.0,2.5,wave,6249,0,0,0.14098255720915345,True
31,10,27,0.0,0.0,2.5,wave,6125,0,0,0.144,True
31,10,28,0.0,0.0,2.5,wave,6004,0,0,0.1469020652898068,True
31,10,29,0.0,0.0,2.5,wave,5879,0,0,0.14866473890117368,True
31,10,30,0.0,0.0,2.5,wave,5723,0,0,0.15131923816180326,True
31,10,31,0.0,0.0,2.5,wave,5594,0,0,0.15623882731498034,True
31,10,32,0.0,0.0,2.5,wave,5484,0,0,0.15955506929248722,True
31,10,33,0.0,0.0,2.5,wave,5405,0,0,0.162627197039778,True
31,10,34,0.0,0.0,2.5,wave,5316,0,0,0.1655379984951091,True
31,10,35,0.0,0.0,2.5,wave,5205,0,0,0.16810758885686838,True
31,10,36,0.0,0.0,2.5,wave,5125,0,0,0.1709268292682927,True
31,10,37,0.0,0.0,2.5,wave,5031,0,0,0.1723315444245677,True
31,10,38,0.0,0.0,2.5,wave,4971,0,0,0.17622208811104406,True
31,10,39,0.0,0.0,2.5,wave,4900,0,0,0.1773469387755102,True
31,10,40,0.0,0.0,2.5,wave,4840,0,0,0.18016528925619835,True
31,10,41,0.0,0.0,2.5,wave,4793,0,0,0.1829751721260171,True
31,10,42,0.0,0.0,2.5,wave,4751,0,0,0.18606609134918964,True
31,10,43,0.0,0.0,2.5,wave,5633,0,0,0.27338895792650453,True
31,10,44,0.0,0.0,2.5,wave,5236,0,0,0.2410236822001528,True
31,10,45,0.0,0.0,2.5,wave,4985,0,0,0.22447342026078235,True
31,10,46,0.0,0.0,2.5,wave,4825,0,0,0.21616580310880829,True
31,10,47,0.0,0.0,2.5,wave,4696,0,0,0.21465076660988075,True
31,10,48,0.0,0.0,2.5,wave,4617,0,0,0.21377517868745938,True
31,10,49,0.0,0.0,2.5,wave,4526,0,0,0.21343349536014142,True
31,10,50,0.0,0.0,2.5,wave,4463,0,0,0.21510194936141608,True
31,10,51,0.0,0.0,2.5,wave,4395,0,0,0.2161547212741752,True
31,10,52,0.0,0.0,2.5,wave,4342,0,0,0.22040534315983418,True
31,11,1,0.0,0.0,2.5,wave,4295,0,0,0.22235157159487776,True
31,11,2,0.0,0.0,2.5,wave,4237,0,0,0.22327118244040595,True
31,11,3,0.0,0.0,2.5,wave,4197,0,0,0.22396950202525615,True
31,11,4,0.0,0.0,2.5,wave,4154,0,0,0.22701011073663938,True
31,11,5,0.0,0.0,2.5,wave,4108,0,0,0.22979552093476144,True
31,11,6,0.0,0.0,2.5,wave,4055,0,0,0.23033292231812577,True
31,11,7,0.0,0.0,2.5,wave,4020,0,0,0.23308457711442787,True
31,11,8,0.0,0.0,2.5,wave,3975,0,0,0.23522012578616353,True
31,11,9,0.0,0.0,2.5,wave,3938,0,0,0.23641442356526154,True
31,11,10,0.0,0.0,2.5,wave,3902,0,0,0.23859559200410047,True
31,11,11,0.0,0.0,2.5,wave,3860,0,0,0.24041450777202072,True
31,11,12,0.0,0.0,2.5,wave,3815,0,0,0.24325032765399737,True
31,11,13,0.0,0.0,2.5,wave,3779,0,0,0.24530299020905003,True
31,11,14,0.0,0.0,2.5,wave,3729,0,0,0.2464467685706624,True
31,11,15,0.0,0.0,2.5,wave,3691,0,0,0.2489840151720401,True
31,11,16,0.0,0.0,2.5,wave,3670,0,0,0.250408719346049,True
31,11,17,0.0,0.0,2.5,wave,3633,0,0,0.2510322047894302,True
31,11,18,0.0,0.0,2.5,wave,7718,0,0,0.11155739828971237,True
31,11,19,0.0,0.0,2.5,wave,7587,0,0,0.11440622116778701,True
31,11,20,0.0,0.0,2.5,wave,7452,0,0,0.11714975845410629,True
31,11,21,0.0,0.0,2.5,wave,7311,0,0,0.12009301053207495,True
31,11,22,0.0,0.0,2.5,wave,7177,0,0,0.12344990943291069,True
31,11,23,0.0,0.0,2.5,wave,7034,0,0,0.12681262439579186,True
31,11,24,0.0,0.0,2.5,wave,6871,0,0,0.1293843690874691,True
31,11,25,0.0,0.0,2.5,wave,6728,0,0,0.1318370986920333,True
31,11,26,0.0,0.0,2.5,wave,6623,0,0,0.1334742563792843,True
31,11,27,0.0,0.0,2.5,wave,6461,0,0,0.13620182634267142,True
31,11,28,0.0,0.0,2.5,wave,6353,0,0,0.13851723595151896,True
31,11,29,0.0,0.0,2.5,wave,6221,0,0,0.14209934094197074,True
31,11,30,0.0,0.0,2.5,wave,6097,0,0,0.14580941446613088,True
31,11,31,0.0,0.0,2.5,wave,6005,0,0,0.14837635303913405,True
31,11,32,0.0,0.0,2.5,wave,5899,0,0,0.1501949482963214,True
31,11,33,0.0,0.0,2.5,wave,5771,0,0,0.15439265291977128,True
31,11,34,0.0,0.0,2.5,wave,5671,0,0,0.15658614001058013,True
31,11,35,0.0,0.0,2.5,wave,5565,0,0,0.15956873315363881,True
31,11,36,0.0,0.0,2.5,wave,5453,0,0,0.16137905739959654,True
31,11,37,0.0,0.0,2.5,wave,5375,0,0,0.16372093023255813,True
31,11,38,0.0,0.0,2.5,wave,5318,0,0,0.16622790522752914,True
31,11,39,0.0,0.0,2.5,wave,5257,0,0,0.16853718851055735,True
31,11,40,0.0,0.0,2.5,wave,5199,0,0,0.1706097326408925,True
31,11,41,0.0,0.0,2.5,wave,5143,0,0,0.1746062609371962,True
31,11,42,0.0,0.0,2.5,wave,5095,0,0,0.17782139352306184,True
31,11,43,0.0,0.0,2.5,wave,6078,0,0,0.25567620927936824,True
31,11,44,0.0,0.0,2.5,wave,5636,0,0,0.2272888573456352,True
31,11,45,0.0,0.0,2.5,wave,5335,0,0,0.21068416119962513,True
31,11,46,0.0,0.0,2.5,wave,5170,0,0,0.20386847195357832,True
31,11,47,0.0,0.0,2.5,wave,5028,0,0,0.20047732696897375,True
31,11,48,0.0,0.0,2.5,wave,4916,0,0,0.19955248169243286,True
31,11,49,0.0,0.0,2.5,wave,4842,0,0,0.20074349442379183,True
31,11,50,0.0,0.0,2.5,wave,4774,0,0,0.20234604105571846,True
31,11,51,0.0,0.0,2.5,wave,4719,0,0,0.2055520237338419,True
31,11,52,0.0,0.0,2.5,wave,4639,0,0,0.20478551411942228,True
32,1,1,0.0,0.0,2.5,wave,2853,0,0,0.0014020329477742728,True
32,1,2,0.0,0.0,2.5,wave,2810,0,0,0.0028469750889679717,True
32,1,3,0.0,0.0,2.5,wave,2739,0,0,0.004381161007667032,True
32,1,4,0.0,0.0,2.5,wave,2694,0,0,0.007052709725315516,True
32,1,5,0.0,0.0,2.5,wave,2619,0,0,0.009927453226422299,True
32,1,6,0.0,0.0,2.5,wave,2563,0,0,0.011705033164260631,True
32,1,7,0.0,0.0,2.5,wave,2526,0,0,0.014251781472684086,True
32,1,8,0.0,0.0,2.5,wave,2500,0,0,0.0152,True
32,1,9,0.0,0.0,2.5,wave,2448,0,0,0.01919934640522876,True
32,1,10,0.0,0.0,2.5,wave,2421,0,0,0.020652622883106153,True
32,1,11,0.0,0.0,2.5,wave,2393,0,0,0.0221479314667781,True
32,1,12,0.0,0.0,2.5,wave,2378,0,0,0.02691337258200168,True
32,1,13,0.0,0.0,2.5,wave,2351,0,0,0.028073160357294766,True
32,1,14,0.0,0.0,2.5,wave,2316,0,0,0.03065630397236615,True
32,1,15,0.0,0.0,2.5,wave,2292,0,0,0.03315881326352531,True
32,1,16,0.0,0.0,2.5,wave,2276,0,0,0.03690685413005272,True
32,1,17,0.0,0.0,2.5,wave,2254,0,0,0.038154392191659274,True
32,1,18,0.0,0.0,2.5,wave,6487,0,0,0.014952982888854632,True
32,1,19,0.0,0.0,2.5,wave,6354,0,0,0.015738117721120555,True
32,1,20,0.0,0.0,2.5,wave,6240,0,0,0.017628205128205128,True
32,1,21,0.0,0.0,2.5,wave,6070,0,0,0.019110378912685338,True
32,1,22,0.0,0.0,2.5,wave,5950,0,0,0.020168067226890758,True
32,1,23,0.0,0.0,2.5,wave,5800,0,0,0.02224137931034483,True
32,1,24,0.0,0.0,2.5,wave,5662,0,0,0.02472624514305899,True
32,1,25,0.0,0.0,2.5,wave,5539,0,0,0.025636396461455137,True
32,1,26,0.0,0.0,2.5,wave,5398,0,0,0.028343831048536494,True
32,1,27,0.0,0.0,2.5,wave,5270,0,0,0.030740037950664136,True
32,1,28,0.0,0.0,2.5,wave,5146,0,0,0.031869413136416634,True
32,1,29,0.0,0.0,2.5,wave,5020,0,0,0.033067729083665336,True
32,1,30,0.0,0.0,2.5,wave,4923,0,0,0.035750558602478166,True
32,1,31,0.0,0.0,2.5,wave,4834,0,0,0.03806371534960695,True
32,1,32,0.0,0.0,2.5,wave,4719,0,0,0.03983894892985802,True
32,1,33,0.0,0.0,2.5,wave,4629,0,0,0.04147764095917045,True
32,1,34,0.0,0.0,2.5,wave,4531,0,0,0.04391966453321563,True
32,1,35,0.0,0.0,2.5,wave,4432,0,0,0.04715703971119133,True
32,1,36,0.0,0.0,2.5,wave,4344,0,0,0.049723756906077346,True
32,1,37,0.0,0.0,2.5,wave,4253,0,0,0.05266870444392194,True
32,1,38,0.0,0.0,2.5,wave,4194,0,0,0.055793991416309016,True
32,1,39,0.0,0.0,2.5,wave,4142,0,0,0.056735876388218254,True
32,1,40,0.0,0.0,2.5,wave,4079,0,0,0.05932826673204217,True
32,1,41,0.0,0.0,2.5,wave,4036,0,0,0.062190287413280476,True
32,1,42,0.0,0.0,2.5,wave,3974,0,0,0.0634121791645697,True
32,1,43,0.0,0.0,2.5,wave,4111,0,0,0.09000243249817563,True
32,1,44,0.0,0.0,2.5,wave,3986,0,0,0.08404415454089313,True
32,1,45,0.0,0.0,2.5,wave,3916,0,0,0.08529111338100102,True
32,1,46,0.0,0.0,2.5,wave,3830,0,0,0.08485639686684072,True
32,1,47,0.0,0.0,2.5,wave,3767,0,0,0.0876028670029201,True
32,1,48,0.0,0.0,2.5,wave,3673,0,0,0.08848352845085761,True
32,1,49,0.0,0.0,2.5,wave,3608,0,0,0.0922949002217295,True
32,1,50,0.0,0.0,2.5,wave,3558,0,0,0.09527824620573355,True
32,1,51,0.0,0.0,2.5,wave,3506,0,0,0.09612093553907587,True
32,1,52,0.0,0.0,2.5,wave,3459,0,0,0.09829430471234461,True
32,2,1,0.0,0.0,2.5,wave,3400,26,5,0.09852941176470588,False
32,2,2,0.0,0.0,2.5,wave,3362,50,11,0.09815585960737656,False
32,2,3,0.0,0.0,2.5,wave,3336,58,14,0.10311750599520383,False
32,2,4,0.0,0.0,2.5,wave,3274,64,22,0.10293219303604154,False
32,2,5,0.0,0.0,2.5,wave,3228,74,23,0.10625774473358117,False
32,2,6,0.0,0.0,2.5,wave,3163,85,23,0.10844135314574771,False
32,2,7,0.0,0.0,2.5,wave,3120,92,29,0.1125,False
32,2,8,0.0,0.0,2.5,wave,3065,100,34,0.11419249592169657,False
32,2,9,0.0,0.0,2.5,wave,3009,95,37,0.11598537720172815,False
32,2,10,0.0,0.0,2.5,wave,2929,100,36,0.12017753499487879,False
32,2,11,0.0,0.0,2.5,wave,2872,104,36,0.125,False
32,2,12,0.0,0.0,2.5,wave,2812,100,42,0.12802275960170698,False
32,2,13,0.0,0.0,2.5,wave,2756,109,43,0.12989840348330914,False
32,2,14,0.0,0.0,2.5,wave,2684,115,38,0.13450074515648286,False
32,2,15,0.0,0.0,2.5,wave,2633,114,40,0.13634637295860236,False
32,2,16,0.0,0.0,2.5,wave,2575,122,52,0.13980582524271845,False
32,2,17,0.0,0.0,2.5,wave,2523,122,50,0.14149821640903687,False
32,2,18,0.0,0.0,2.5,wave,4735,115,48,0.0764519535374868,False
32,2,19,0.0,0.0,2.5,wave,4629,149,42,0.08014689997839707,False
32,2,20,0.0,0.0,2.5,wave,4442,145,33,0.0835209365150833,False
32,2,21,0.0,0.0,2.5,wave,4327,178,53,0.08666512595331638,False
32,2,22,0.0,0.0,2.5,wave,4216,202,73,0.08799810246679317,False
32,2,23,0.0,0.0,2.5,wave,4095,199,76,0.09304029304029304,False
32,2,24,0.0,0.0,2.5,wave,3960,192,74,0.09570707070707071,False
32,2,25,0.0,0.0,2.5,wave,3835,174,77,0.10091264667535854,False
32,2,26,0.0,0.0,2.5,wave,3674,167,68,0.1050626020685901,False
32,2,27,0.0,0.0,2.5,wave,3554,150,56,0.10776589758019134,False
32,2,28,0.0,0.0,2.5,wave,3453,140,59,0.11294526498696786,False
32,2,29,0.0,0.0,2.5,wave,3373,141,53,0.11769937740883486,False
32,2,30,0.0,0.0,2.5,wave,3262,129,48,0.1213979153893317,False
32,2,31,0.0,0.0,2.5,wave,3184,129,57,0.12405778894472362,False
32,2,32,0.0,0.0,2.5,wave,3075,124,59,0.12747967479674796,False
32,2,33,0.0,0.0,2.5,wave,2971,120,45,0.13025917199596096,False
32,2,34,0.0,0.0,2.5,wave,2878,100,42,0.1341209173036831,False
32,2,35,0.0,0.0,2.5,wave,2795,93,49,0.13738819320214668,False
32,2,36,0.0,0.0,2.5,wave,2729,83,36,0.14217662147306706,False
32,2,37,0.0,0.0,2.5,wave,2649,61,25,0.14609286523216308,False
32,2,38,0.0,0.0,2.5,wave,2601,64,23,0.14994232987312572,False
32,2,39,0.0,0.0,2.5,wave,2555,65,20,0.15146771037181997,False
32,2,40,0.0,0.0,2.5,wave,2518,60,26,0.15488482922954727,False
32,2,41,0.0,0.0,2.5,wave,2491,63,28,0.15937374548374147,False
32,2,42,0.0,0.0,2.5,wave,2453,54,24,0.16061964940888707,False
32,2,43,0.0,0.0,2.5,wave,2697,55,27,0.21653689284390062,False
32,2,44,0.0,0.0,2.5,wave,2574,46,25,0.20473970473970474,False
32,2,45,0.0,0.0,2.5,wave,2496,34,14,0.20432692307692307,False
32,2,46,0.0,0.0,2.5,wave,2419,29,10,0.19801570897064902,False
32,2,47,0.0,0.0,2.5,wave,2394,30,15,0.1996658312447786,False
32,2,48,0.0,0.0,2.5,wave,2362,25,13,0.20237087214225233,False
32,2,49,0.0,0.0,2.5,wave,2319,19,9,0.2069857697283312,False
32,2,50,0.0,0.0,2.5,wave,2283,16,8,0.202365308804205,False
32,2,51,0.0,0.0,2.5,wave,2238,13,6,0.20464700625558535,False
32,2,52,0.0,0.0,2.5,wave,2202,9,5,0.20345140781108084,False
32,3,1,0.0,0.0,2.5,wave,2175,10,5,0.2096551724137931,False
32,3,2,0.0,0.0,2.5,wave,2140,8,2,0.2102803738317757,False
32,3,3,0.0,0.0,2.5,wave,2123,6,1,0.21573245407442299,False
32,3,4,0.0,0.0,2.5,wave,2103,10,5,0.21540656205420827,False
32,3,5,0.0,0.0,2.5,wave,2085,16,5,0.21726618705035972,False
32,3,6,0.0,0.0,2.5,wave,2061,13,2,0.22173702086365843,False
32,3,7,0.0,0.0,2.5,wave,2038,13,2,0.2252208047105005,False
32,3,8,0.0,0.0,2.5,wave,2023,12,6,0.2263964409293129,False
32,3,9,0.0,0.0,2.5,wave,2000,16,7,0.226,False
32,3,10,0.0,0.0,2.5,wave,1971,13,5,0.22780314561136478,False
32,3,11,0.0,0.0,2.5,wave,1953,12,7,0.23246287762416795,False
32,3,12,0.0,0.0,2.5,wave,1929,12,6,0.23224468636599274,False
32,3,13,0.0,0.0,2.5,wave,1903,9,5,0.2375197057277982,False
32,3,14,0.0,0.0,2.5,wave,1882,13,5,0.23910733262486716,False
32,3,15,0.0,0.0,2.5,wave,1867,14,3,0.23942153186930906,False
32,3,16,0.0,0.0,2.5,wave,1852,12,3,0.23920086393088552,False
32,3,17,0.0,0.0,2.5,wave,1836,12,6,0.2440087145969499,False
32,3,18,0.0,0.0,2.5,wave,4244,11,5,0.10603204524033931,False
32,3,19,0.0,0.0,2.5,wave,4138,8,3,0.10850652489125182,False
32,3,20,0.0,0.0,2.5,wave,4054,15,3,0.11346817957572768,False
32,3,21,0.0,0.0,2.5,wave,3973,18,5,0.11452303045557513,False
32,3,22,0.0,0.0,2.5,wave,3890,28,7,0.11748071979434448,False
32,3,23,0.0,0.0,2.5,wave,3831,28,6,0.12007308796658836,False
32,3,24,0.0,0.0,2.5,wave,3721,34,7,0.12254770223058317,False
32,3,25,0.0,0.0,2.5,wave,3661,39,11,0.12564872985523082,False
32,3,26,0.0,0.0,2.5,wave,3590,37,16,0.1286908077994429,False
32,3,27,0.0,0.0,2.5,wave,3502,43,14,0.1327812678469446,False
32,3,28,0.0,0.0,2.5,wave,3434,43,13,0.13453698311007573,False
32,3,29,0.0,0.0,2.5,wave,3364,46,13,0.13793103448275862,False
32,3,30,0.0,0.0,2.5,wave,3287,41,16,0.14055369637967752,False
32,3,31,0.0,0.0,2.5,wave,3203,43,22,0.14486418982204183,False
32,3,32,0.0,0.0,2.5,wave,3137,35,14,0.14886834555307618,False
32,3,33,0.0,0.0,2.5,wave,3037,26,13,0.15311162331247943,False
32,3,34,0.0,0.0,2.5,wave,2973,25,15,0.15876219307097209,False
32,3,35,0.0,0.0,2.5,wave,2901,18,8,0.1623578076525336,False
32,3,36,0.0,0.0,2.5,wave,2849,20,8,0.1653211653211653,False
32,3,37,0.0,0.0,2.5,wave,2793,25,5,0.1686358754027927,False
32,3,38,0.0,0.0,2.5,wave,2755,20,4,0.17096188747731397,False
32,3,39,0.0,0.0,2.5,wave,2727,26,6,0.17345067840117345,False
32,3,40,0.0,0.0,2.5,wave,2686,23,11,0.17609828741623232,False
32,3,41,0.0,0.0,2.5,wave,2657,23,14,0.1799021452766278,False
32,3,42,0.0,0.0,2.5,wave,2604,18,7,0.1816436251920123,False
32,3,43,0.0,0.0,2.5,wave,2877,16,6,0.23531456378171706,False
32,3,44,0.0,0.0,2.5,wave,2751,15,9,0.21773900399854598,False
32,3,45,0.0,0.0,2.5,wave,2687,10,5,0.21771492370673615,False
32,3,46,0.0,0.0,2.5,wave,2598,6,2,0.21632024634334104,False
32,3,47,0.0,0.0,2.5,wave,2551,8,1,0.21481771854174833,False
32,3,48,0.0,0.0,2.5,wave,2502,6,3,0.2202238209432454,False
32,3,49,0.0,0.0,2.5,wave,2471,5,3,0.22096317280453256,False
32,3,50,0.0,0.0,2.5,wave,2444,4,2,0.22504091653027825,False
32,3,51,0.0,0.0,2.5,wave,2415,5,2,0.22567287784679088,False
32,3,52,0.0,0.0,2.5,wave,2395,4,1,0.2254697286012526,False
32,4,1,0.0,0.0,2.5,wave,2363,3,1,0.23106220905628438,False
32,4,2,0.0,0.0,2.5,wave,2353,4,1,0.22906927326816828,False
32,4,3,0.0,0.0,2.5,wave,2329,3,1,0.231859167024474,False
32,4,4,0.0,0.0,2.5,wave,2304,3,1,0.2365451388888889,False
32,4,5,0.0,0.0,2.5,wave,2283,2,2,0.23915900131406045,False
32,4,6,0.0,0.0,2.5,wave,2263,4,2,0.2421564295183385,False
32,4,7,0.0,0.0,2.5,wave,2228,2,1,0.24326750448833034,False
32,4,8,0.0,0.0,2.5,wave,2206,2,1,0.24388032638259294,False
32,4,9,0.0,0.0,2.5,wave,2179,1,0,0.24552547039926573,False
32,4,10,0.0,0.0,2.5,wave,2173,1,1,0.247583985273815,False
32,4,11,0.0,0.0,2.5,wave,2134,1,1,0.24742268041237114,False
32,4,12,0.0,0.0,2.5,wave,2104,0,0,0.2504752851711027,True
32,4,13,0.0,0.0,2.5,wave,2085,0,0,0.2513189448441247,True
32,4,14,0.0,0.0,2.5,wave,2055,0,0,0.25158150851581507,True
32,4,15,0.0,0.0,2.5,wave,2037,0,0,0.25282277859597446,True
32,4,16,0.0,0.0,2.5,wave,2016,0,0,0.2534722222222222,True
32,4,17,0.0,0.0,2.5,wave,1994,0,0,0.2567703109327984,True
32,4,18,0.0,0.0,2.5,wave,4127,0,0,0.12527259510540345,True
32,4,19,0.0,0.0,2.5,wave,4067,0,0,0.12712072780919598,True
32,4,20,0.0,0.0,2.5,wave,3999,0,0,0.12978244561140284,True
32,4,21,0.0,0.0,2.5,wave,3896,0,0,0.13295687885010268,True
32,4,22,0.0,0.0,2.5,wave,3807,0,0,0.13659049120042027,True
32,4,23,0.0,0.0,2.5,wave,3718,0,0,0.14174287251210327,True
32,4,24,0.0,0.0,2.5,wave,3640,0,0,0.14532967032967034,True
32,4,25,0.0,0.0,2.5,wave,3569,0,0,0.14681983748949284,True
32,4,26,0.0,0.0,2.5,wave,3501,0,0,0.14967152242216508,True
32,4,27,0.0,0.0,2.5,wave,3414,0,0,0.15377855887521968,True
32,4,28,0.0,0.0,2.5,wave,3361,0,0,0.1576911633442428,True
32,4,29,0.0,0.0,2.5,wave,3274,0,0,0.15852168601099573,True
32,4,30,0.0,0.0,2.5,wave,3231,0,0,0.16248839368616527,True
32,4,31,0.0,0.0,2.5,wave,3178,0,0,0.16897419760855883,True
32,4,32,0.0,0.0,2.5,wave,3096,0,0,0.17215762273901808,True
32,4,33,0.0,0.0,2.5,wave,3037,0,0,0.1738557787290089,True
32,4,34,0.0,0.0,2.5,wave,3004,0,0,0.177762982689747,True
32,4,35,0.0,0.0,2.5,wave,2921,0,0,0.18110236220472442,True
32,4,36,0.0,0.0,2.5,wave,2882,0,0,0.1845940319222762,True
32,4,37,0.0,0.0,2.5,wave,2832,0,0,0.1850282485875706,True
32,4,38,0.0,0.0,2.5,wave,2792,0,0,0.18839541547277938,True
32,4,39,0.0,0.0,2.5,wave,2745,0,0,0.1901639344262295,True
32,4,40,0.0,0.0,2.5,wave,2719,0,0,0.1930856932695844,True
32,4,41,0.0,0.0,2.5,wave,2686,0,0,0.19583023082650783,True
32,4,42,0.0,0.0,2.5,wave,2645,0,0,0.19886578449905482,True
32,4,43,0.0,0.0,2.5,wave,2968,0,0,0.25134770889487873,True
32,4,44,0.0,0.0,2.5,wave,2815,0,0,0.23623445825932504,True
32,4,45,0.0,0.0,2.5,wave,2725,0,0,0.23522935779816515,True
32,4,46,0.0,0.0,2.5,wave,2644,0,0,0.231089258698941,True
32,4,47,0.0,0.0,2.5,wave,2599,0,0,0.2339361292804925,True
32,4,48,0.0,0.0,2.5,wave,2568,0,0,0.23325545171339565,True
32,4,49,0.0,0.0,2.5,wave,2558,0,0,0.24081313526192338,True
32,4,50,0.0,0.0,2.5,wave,2528,0,0,0.24090189873417722,True
32,4,51,0.0,0.0,2.5,wave,2495,0,0,0.243687374749499,True
32,4,52,0.0,0.0,2.5,wave,2462,0,0,0.24289195775792038,True
32,5,1,0.0,0.0,2.5,wave,2443,0,0,0.24641833810888253,True
32,5,2,0.0,0.0,2.5,wave,2423,0,0,0.2513413124226166,True
32,5,3,0.0,0.0,2.5,wave,2396,0,0,0.253338898163606,True
32,5,4,0.0,0.0,2.5,wave,2373,0,0,0.2587442056468605,True
32,5,5,0.0,0.0,2.5,wave,2361,0,0,0.25624735281660316,True
32,5,6,0.0,0.0,2.5,wave,2339,0,0,0.25651988029072254,True
32,5,7,0.0,0.0,2.5,wave,2322,0,0,0.26098191214470284,True
32,5,8,0.0,0.0,2.5,wave,2301,0,0,0.2633637548891786,True
32,5,9,0.0,0.0,2.5,wave,2286,0,0,0.2642169728783902,True
32,5,10,0.0,0.0,2.5,wave,2270,0,0,0.26563876651982377,True
32,5,11,0.0,0.0,2.5,wave,2228,0,0,0.2661579892280072,True
32,5,12,0.0,0.0,2.5,wave,2213,0,0,0.26705829191143243,True
32,5,13,0.0,0.0,2.5,wave,2182,0,0,0.2676443629697525,True
32,5,14,0.0,0.0,2.5,wave,2154,0,0,0.2706592386258124,True
32,5,15,0.0,0.0,2.5,wave,2132,0,0,0.2725140712945591,True
32,5,16,0.0,0.0,2.5,wave,2111,0,0,0.275698720985315,True
32,5,17,0.0,0.0,2.5,wave,2096,0,0,0.2776717557251908,True
32,5,18,0.0,0.0,2.5,wave,4757,0,0,0.12297666596594492,True
32,5,19,0.0,0.0,2.5,wave,4656,0,0,0.12628865979381443,True
32,5,20,0.0,0.0,2.5,wave,4565,0,0,0.12858707557502738,True
32,5,21,0.0,0.0,2.5,wave,4458,0,0,0.13301929116195604,True
32,5,22,0.0,0.0,2.5,wave,4357,0,0,0.1356437915997246,True
32,5,23,0.0,0.0,2.5,wave,4248,0,0,0.13983050847457626,True
32,5,24,0.0,0.0,2.5,wave,4169,0,0,0.14272007675701606,True
32,5,25,0.0,0.0,2.5,wave,4083,0,0,0.14548126377663484,True
32,5,26,0.0,0.0,2.5,wave,3983,0,0,0.14863168465980417,True
32,5,27,0.0,0.0,2.5,wave,3919,0,0,0.14978310793569788,True
32,5,28,0.0,0.0,2.5,wave,3847,0,0,0.1528463737977645,True
32,5,29,0.0,0.0,2.5,wave,3774,0,0,0.15500794912559618,True
32,5,30,0.0,0.0,2.5,wave,3701,0,0,0.15671440151310456,True
32,5,31,0.0,0.0,2.5,wave,3627,0,0,0.1590846429556107,True
32,5,32,0.0,0.0,2.5,wave,3537,0,0,0.16341532372066722,True
32,5,33,0.0,0.0,2.5,wave,3455,0,0,0.16758321273516644,True
32,5,34,0.0,0.0,2.5,wave,3405,0,0,0.17004405286343613,True
32,5,35,0.0,0.0,2.5,wave,3352,0,0,0.17541766109785203,True
32,5,36,0.0,0.0,2.5,wave,3268,0,0,0.1762545899632803,True
32,5,37,0.0,0.0,2.5,wave,3179,0,0,0.1811890531613715,True
32,5,38,0.0,0.0,2.5,wave,3148,0,0,0.18360864040660738,True
32,5,39,0.0,0.0,2.5,wave,3112,0,0,0.18605398457583547,True
32,5,40,0.0,0.0,2.5,wave,3073,0,0,0.18743898470549952,True
32,5,41,0.0,0.0,2.5,wave,3040,0,0,0.18947368421052632,True
32,5,42,0.0,0.0,2.5,wave,2990,0,0,0.19331103678929765,True
32,5,43,0.0,0.0,2.5,wave,3350,0,0,0.2573134328358209,True
32,5,44,0.0,0.0,2.5,wave,3194,0,0,0.2385723231058234,True
32,5,45,0.0,0.0,2.5,wave,3099,0,0,0.23201032591158438,True
32,5,46,0.0,0.0,2.5,wave,3026,0,0,0.2303370786516854,True
32,5,47,0.0,0.0,2.5,wave,2956,0,0,0.229702300405954,True
32,5,48,0.0,0.0,2.5,wave,2917,0,0,0.23277339732601987,True
32,5,49,0.0,0.0,2.5,wave,2870,0,0,0.2337979094076655,True
32,5,50,0.0,0.0,2.5,wave,2845,0,0,0.23725834797891038,True
32,5,51,0.0,0.0,2.5,wave,2822,0,0,0.23954642097802978,True
32,5,52,0.0,0.0,2.5,wave,2818,0,0,0.24378992193044713,True
32,6,1,0.0,0.0,2.5,wave,2783,0,0,0.24757455982752424,True
32,6,2,0.0,0.0,2.5,wave,2769,0,0,0.25207656193571687,True
32,6,3,0.0,0.0,2.5,wave,2736,0,0,0.25219298245614036,True
32,6,4,0.0,0.0,2.5,wave,2724,0,0,0.25587371512481644,True
32,6,5,0.0,0.0,2.5,wave,2701,0,0,0.25694187338022956,True
32,6,6,0.0,0.0,2.5,wave,2669,0,0,0.264518546272012,True
32,6,7,0.0,0.0,2.5,wave,2632,0,0,0.26253799392097266,True
32,6,8,0.0,0.0,2.5,wave,2613,0,0,0.26827401454267125,True
32,6,9,0.0,0.0,2.5,wave,2581,0,0,0.2704378148004649,True
32,6,10,0.0,0.0,2.5,wave,2552,0,0,0.2762539184952978,True
32,6,11,0.0,0.0,2.5,wave,2536,0,0,0.27996845425867506,True
32,6,12,0.0,0.0,2.5,wave,2499,0,0,0.2809123649459784,True
32,6,13,0.0,0.0,2.5,wave,2481,0,0,0.28174123337363965,True
32,6,14,0.0,0.0,2.5,wave,2458,0,0,0.2855980471928397,True
32,6,15,0.0,0.0,2.5,wave,2426,0,0,0.286479802143446,True
32,6,16,0.0,0.0,2.5,wave,2398,0,0,0.2877397831526272,True
32,6,17,0.0,0.0,2.5,wave,2372,0,0,0.2917369308600337,True
32,6,18,0.0,0.0,2.5,wave,5174,0,0,0.13393892539621183,True
32,6,19,0.0,0.0,2.5,wave,5112,0,0,0.13732394366197184,True
32,6,20,0.0,0.0,2.5,wave,5007,0,0,0.14040343519073298,True
32,6,21,0.0,0.0,2.5,wave,4896,0,0,0.1431781045751634,True
32,6,22,0.0,0.0,2.5,wave,4802,0,0,0.14660558100791338,True
32,6,23,0.0,0.0,2.5,wave,4721,0,0,0.1484854903622114,True
32,6,24,0.0,0.0,2.5,wave,4604,0,0,0.14943527367506515,True
32,6,25,0.0,0.0,2.5,wave,4513,0,0,0.1504542432971416,True
32,6,26,0.0,0.0,2.5,wave,4406,0,0,0.15478892419428053,True
32,6,27,0.0,0.0,2.5,wave,4302,0,0,0.15806601580660157,True
32,6,28,0.0,0.0,2.5,wave,4211,0,0,0.16361909285205414,True
32,6,29,0.0,0.0,2.5,wave,4150,0,0,0.16457831325301206,True
32,6,30,0.0,0.0,2.5,wave,4060,0,0,0.17019704433497537,True
32,6,31,0.0,0.0,2.5,wave,3973,0,0,0.1724137931034483,True
32,6,32,0.0,0.0,2.5,wave,3877,0,0,0.17745679649213308,True
32,6,33,0.0,0.0,2.5,wave,3796,0,0,0.1780821917808219,True
32,6,34,0.0,0.0,2.5,wave,3704,0,0,0.18520518358531318,True
32,6,35,0.0,0.0,2.5,wave,3636,0,0,0.18701870187018702,True
32,6,36,0.0,0.0,2.5,wave,3548,0,0,0.19081172491544532,True
32,6,37,0.0,0.0,2.5,wave,3472,0,0,0.19210829493087558,True
32,6,38,0.0,0.0,2.5,wave,3440,0,0,0.19563953488372093,True
32,6,39,0.0,0.0,2.5,wave,3401,0,0,0.1961187885915907,True
32,6,40,0.0,0.0,2.5,wave,3371,0,0,0.19786413527143282,True
32,6,41,0.0,0.0,2.5,wave,3344,0,0,0.20035885167464115,True
32,6,42,0.0,0.0,2.5,wave,3306,0,0,0.2029643073200242,True
32,6,43,0.0,0.0,2.5,wave,3547,0,0,0.2641669016069918,True
32,6,44,0.0,0.0,2.5,wave,3356,0,0,0.2428486293206198,True
32,6,45,0.0,0.0,2.5,wave,3266,0,0,0.23759951010410288,True
32,6,46,0.0,0.0,2.5,wave,3215,0,0,0.2376360808709176,True
32,6,47,0.0,0.0,2.5,wave,3133,0,0,0.23555697414618576,True
32,6,48,0.0,0.0,2.5,wave,3099,0,0,0.2345918038076799,True
32,6,49,0.0,0.0,2.5,wave,3058,0,0,0.24002616088947024,True
32,6,50,0.0,0.0,2.5,wave,3037,0,0,0.2430029634507738,True
32,6,51,0.0,0.0,2.5,wave,2993,0,0,0.24022719679251586,True
32,6,52,0.0,0.0,2.5,wave,2964,0,0,0.24426450742240216,True
32,7,1,0.0,0.0,2.5,wave,2953,0,0,0.2485607856417203,True
32,7,2,0.0,0.0,2.5,wave,2918,0,0,0.25154215215901304,True
32,7,3,0.0,0.0,2.5,wave,2902,0,0,0.25430737422467264,True
32,7,4,0.0,0.0,2.5,wave,2876,0,0,0.2573018080667594,True
32,7,5,0.0,0.0,2.5,wave,2851,0,0,0.26166257453525077,True
32,7,6,0.0,0.0,2.5,wave,2819,0,0,0.261440227030862,True
32,7,7,0.0,0.0,2.5,wave,2796,0,0,0.26609442060085836,True
32,7,8,0.0,0.0,2.5,wave,2762,0,0,0.2682838522809558,True
32,7,9,0.0,0.0,2.5,wave,2742,0,0,0.2709700948212983,True
32,7,10,0.0,0.0,2.5,wave,2708,0,0,0.2743722304283604,True
32,7,11,0.0,0.0,2.5,wave,2688,0,0,0.2767857142857143,True
32,7,12,0.0,0.0,2.5,wave,2667,0,0,0.28008998875140606,True
32,7,13,0.0,0.0,2.5,wave,2652,0,0,0.2790346907993967,True
32,7,14,0.0,0.0,2.5,wave,2619,0,0,0.28140511645666283,True
32,7,15,0.0,0.0,2.5,wave,2594,0,0,0.28218966846569005,True
32,7,16,0.0,0.0,2.5,wave,2584,0,0,0.288312693498452,True
32,7,17,0.0,0.0,2.5,wave,2559,0,0,0.28800312622118013,True
32,7,18,0.0,0.0,2.5,wave,5514,0,0,0.13438520130576714,True
32,7,19,0.0,0.0,2.5,wave,5486,0,0,0.13616478308421437,True
32,7,20,0.0,0.0,2.5,wave,5432,0,0,0.14267304860088365,True
32,7,21,0.0,0.0,2.5,wave,5375,0,0,0.14455813953488372,True
32,7,22,0.0,0.0,2.5,wave,5308,0,0,0.14770158251695553,True
32,7,23,0.0,0.0,2.5,wave,5220,0,0,0.15172413793103448,True
32,7,24,0.0,0.0,2.5,wave,5147,0,0,0.15543034777540315,True
32,7,25,0.0,0.0,2.5,wave,5068,0,0,0.15706393054459353,True
32,7,26,0.0,0.0,2.5,wave,4986,0,0,0.1588447653429603,True
32,7,27,0.0,0.0,2.5,wave,4854,0,0,0.16254635352286773,True
32,7,28,0.0,0.0,2.5,wave,4749,0,0,0.1655085281111813,True
32,7,29,0.0,0.0,2.5,wave,4670,0,0,0.1683083511777302,True
32,7,30,0.0,0.0,2.5,wave,4595,0,0,0.17040261153427638,True
32,7,31,0.0,0.0,2.5,wave,4499,0,0,0.17270504556568125,True
32,7,32,0.0,0.0,2.5,wave,4382,0,0,0.17480602464628023,True
32,7,33,0.0,0.0,2.5,wave,4304,0,0,0.1775092936802974,True
32,7,34,0.0,0.0,2.5,wave,4215,0,0,0.18102016607354685,True
32,7,35,0.0,0.0,2.5,wave,4110,0,0,0.18394160583941604,True
32,7,36,0.0,0.0,2.5,wave,4029,0,0,0.18788781335318938,True
32,7,37,0.0,0.0,2.5,wave,3944,0,0,0.18940162271805275,True
32,7,38,0.0,0.0,2.5,wave,3889,0,0,0.19490871689380304,True
32,7,39,0.0,0.0,2.5,wave,3832,0,0,0.19754697286012526,True
32,7,40,0.0,0.0,2.5,wave,3782,0,0,0.19910100475938658,True
32,7,41,0.0,0.0,2.5,wave,3746,0,0,0.2020822210357715,True
32,7,42,0.0,0.0,2.5,wave,3686,0,0,0.20510037981551818,True
32,7,43,0.0,0.0,2.5,wave,3830,0,0,0.2524804177545692,True
32,7,44,0.0,0.0,2.5,wave,3654,0,0,0.23617952928297756,True
32,7,45,0.0,0.0,2.5,wave,3536,0,0,0.23218325791855204,True
32,7,46,0.0,0.0,2.5,wave,3488,0,0,0.23365825688073394,True
32,7,47,0.0,0.0,2.5,wave,3416,0,0,0.22921545667447307,True
32,7,48,0.0,0.0,2.5,wave,3372,0,0,0.23220640569395018,True
32,7,49,0.0,0.0,2.5,wave,3349,0,0,0.23708569722305164,True
32,7,50,0.0,0.0,2.5,wave,3323,0,0,0.24014444778814326,True
32,7,51,0.0,0.0,2.5,wave,3287,0,0,0.2409491937937329,True
32,7,52,0.0,0.0,2.5,wave,3264,0,0,0.24785539215686275,True
32,8,1,0.0,0.0,2.5,wave,3236,0,0,0.24567367119901112,True
32,8,2,0.0,0.0,2.5,wave,3199,0,0,0.2525789309159112,True
32,8,3,0.0,0.0,2.5,wave,3154,0,0,0.25554850982878885,True
32,8,4,0.0,0.0,2.5,wave,3115,0,0,0.2565008025682183,True
32,8,5,0.0,0.0,2.5,wave,3079,0,0,0.26079896070152647,True
32,8,6,0.0,0.0,2.5,wave,3051,0,0,0.2618813503769256,True
32,8,7,0.0,0.0,2.5,wave,3022,0,0,0.26373262739907344,True
32,8,8,0.0,0.0,2.5,wave,2979,0,0,0.2645182947297751,True
32,8,9,0.0,0.0,2.5,wave,2949,0,0,0.26720922346558157,True
32,8,10,0.0,0.0,2.5,wave,2893,0,0,0.2692706533010715,True
32,8,11,0.0,0.0,2.5,wave,2857,0,0,0.2688134406720336,True
32,8,12,0.0,0.0,2.5,wave,2817,0,0,0.27263045793397234,True
32,8,13,0.0,0.0,2.5,wave,2789,0,0,0.2739333094299032,True
32,8,14,0.0,0.0,2.5,wave,2770,0,0,0.275812274368231,True
32,8,15,0.0,0.0,2.5,wave,2735,0,0,0.2797074954296161,True
32,8,16,0.0,0.0,2.5,wave,2715,0,0,0.27845303867403315,True
32,8,17,0.0,0.0,2.5,wave,2697,0,0,0.27882832777159805,True
32,8,18,0.0,0.0,2.5,wave,6142,0,0,0.12520351676978184,True
32,8,19,0.0,0.0,2.5,wave,6091,0,0,0.12740108356591692,True
32,8,20,0.0,0.0,2.5,wave,5974,0,0,0.13106796116504854,True
32,8,21,0.0,0.0,2.5,wave,5837,0,0,0.1353434983724516,True
32,8,22,0.0,0.0,2.5,wave,5723,0,0,0.13786475624672376,True
32,8,23,0.0,0.0,2.5,wave,5592,0,0,0.14091559370529327,True
32,8,24,0.0,0.0,2.5,wave,5444,0,0,0.14327700220426157,True
32,8,25,0.0,0.0,2.5,wave,5356,0,0,0.1488050784167289,True
32,8,26,0.0,0.0,2.5,wave,5292,0,0,0.15192743764172337,True
32,8,27,0.0,0.0,2.5,wave,5208,0,0,0.15476190476190477,True
32,8,28,0.0,0.0,2.5,wave,5106,0,0,0.15785350567959264,True
32,8,29,0.0,0.0,2.5,wave,4985,0,0,0.16108324974924773,True
32,8,30,0.0,0.0,2.5,wave,4899,0,0,0.16411512553582364,True
32,8,31,0.0,0.0,2.5,wave,4788,0,0,0.1670843776106934,True
32,8,32,0.0,0.0,2.5,wave,4708,0,0,0.17013593882752762,True
32,8,33,0.0,0.0,2.5,wave,4612,0,0,0.17367736339982653,True
32,8,34,0.0,0.0,2.5,wave,4525,0,0,0.1754696132596685,True
32,8,35,0.0,0.0,2.5,wave,4425,0,0,0.18169491525423728,True
32,8,36,0.0,0.0,2.5,wave,4374,0,0,0.18907178783721992,True
32,8,37,0.0,0.0,2.5,wave,4288,0,0,0.1935634328358209,True
32,8,38,0.0,0.0,2.5,wave,4236,0,0,0.19499527856468366,True
32,8,39,0.0,0.0,2.5,wave,4208,0,0,0.19866920152091255,True
32,8,40,0.0,0.0,2.5,wave,4158,0,0,0.2037037037037037,True
32,8,41,0.0,0.0,2.5,wave,4122,0,0,0.20402717127607958,True
32,8,42,0.0,0.0,2.5,wave,4073,0,0,0.20795482445371963,True
32,8,43,0.0,0.0,2.5,wave,4278,0,0,0.25642823749415616,True
32,8,44,0.0,0.0,2.5,wave,4065,0,0,0.23985239852398524,True
32,8,45,0.0,0.0,2.5,wave,3936,0,0,0.23119918699186992,True
32,8,46,0.0,0.0,2.5,wave,3853,0,0,0.2276148455748767,True
32,8,47,0.0,0.0,2.5,wave,3757,0,0,0.227309023156774,True
32,8,48,0.0,0.0,2.5,wave,3700,0,0,0.2289189189189189,True
32,8,49,0.0,0.0,2.5,wave,3682,0,0,0.23411189570885388,True
32,8,50,0.0,0.0,2.5,wave,3637,0,0,0.2337091009073412,True
32,8,51,0.0,0.0,2.5,wave,3616,0,0,0.238108407079646,True
32,8,52,0.0,0.0,2.5,wave,3597,0,0,0.23964414790102864,True
32,9,1,0.0,0.0,2.5,wave,3561,0,0,0.24206683515866328,True
32,9,2,0.0,0.0,2.5,wave,3527,0,0,0.2458179756166714,True
32,9,3,0.0,0.0,2.5,wave,3488,0,0,0.24885321100917432,True
32,9,4,0.0,0.0,2.5,wave,3465,0,0,0.25165945165945164,True
32,9,5,0.0,0.0,2.5,wave,3416,0,0,0.251463700234192,True
32,9,6,0.0,0.0,2.5,wave,3408,0,0,0.2576291079812207,True
32,9,7,0.0,0.0,2.5,wave,3384,0,0,0.2594562647754137,True
32,9,8,0.0,0.0,2.5,wave,3361,0,0,0.26123177625706634,True
32,9,9,0.0,0.0,2.5,wave,3325,0,0,0.2637593984962406,True
32,9,10,0.0,0.0,2.5,wave,3301,0,0,0.26719176007270523,True
32,9,11,0.0,0.0,2.5,wave,3272,0,0,0.2716992665036675,True
32,9,12,0.0,0.0,2.5,wave,3241,0,0,0.27553224313483493,True
32,9,13,0.0,0.0,2.5,wave,3202,0,0,0.2776389756402249,True
32,9,14,0.0,0.0,2.5,wave,3173,0,0,0.2786006933501418,True
32,9,15,0.0,0.0,2.5,wave,3147,0,0,0.2815379726723864,True
32,9,16,0.0,0.0,2.5,wave,3111,0,0,0.28415300546448086,True
32,9,17,0.0,0.0,2.5,wave,3072,0,0,0.2858072916666667,True
32,9,18,0.0,0.0,2.5,wave,6555,0,0,0.12616323417238748,True
32,9,19,0.0,0.0,2.5,wave,6451,0,0,0.12850720818477757,True
32,9,20,0.0,0.0,2.5,wave,6369,0,0,0.13157481551263936,True
32,9,21,0.0,0.0,2.5,wave,6265,0,0,0.13551476456504388,True
32,9,22,0.0,0.0,2.5,wave,6168,0,0,0.13894293125810636,True
32,9,23,0.0,0.0,2.5,wave,6056,0,0,0.14283355350066052,True
32,9,24,0.0,0.0,2.5,wave,5932,0,0,0.1461564396493594,True
32,9,25,0.0,0.0,2.5,wave,5834,0,0,0.1501542680836476,True
32,9,26,0.0,0.0,2.5,wave,5726,0,0,0.15351030387705206,True
32,9,27,0.0,0.0,2.5,wave,5628,0,0,0.15671641791044777,True
32,9,28,0.0,0.0,2.5,wave,5489,0,0,0.15977409364182912,True
32,9,29,0.0,0.0,2.5,wave,5387,0,0,0.16261369964729905,True
32,9,30,0.0,0.0,2.5,wave,5309,0,0,0.16556790355999246,True
32,9,31,0.0,0.0,2.5,wave,5204,0,0,0.16910069177555725,True
32,9,32,0.0,0.0,2.5,wave,5108,0,0,0.17208300704776822,True
32,9,33,0.0,0.0,2.5,wave,5012,0,0,0.174780526735834,True
32,9,34,0.0,0.0,2.5,wave,4927,0,0,0.17779581895676883,True
32,9,35,0.0,0.0,2.5,wave,4844,0,0,0.18270024772914947,True
32,9,36,0.0,0.0,2.5,wave,4763,0,0,0.18454755406256562,True
32,9,37,0.0,0.0,2.5,wave,4684,0,0,0.18616567036720752,True
32,9,38,0.0,0.0,2.5,wave,4622,0,0,0.18866291648636954,True
32,9,39,0.0,0.0,2.5,wave,4570,0,0,0.19080962800875273,True
32,9,40,0.0,0.0,2.5,wave,4504,0,0,0.19116341030195383,True
32,9,41,0.0,0.0,2.5,wave,4457,0,0,0.19497419789095805,True
32,9,42,0.0,0.0,2.5,wave,4417,0,0,0.1978718587276432,True
32,9,43,0.0,0.0,2.5,wave,4605,0,0,0.23604777415852335,True
32,9,44,0.0,0.0,2.5,wave,4386,0,0,0.22275421796625627,True
32,9,45,0.0,0.0,2.5,wave,4267,0,0,0.21935786266697915,True
32,9,46,0.0,0.0,2.5,wave,4182,0,0,0.21736011477761835,True
32,9,47,0.0,0.0,2.5,wave,4127,0,0,0.21904531136418706,True
32,9,48,0.0,0.0,2.5,wave,4084,0,0,0.222820763956905,True
32,9,49,0.0,0.0,2.5,wave,4062,0,0,0.22501230920728704,True
32,9,50,0.0,0.0,2.5,wave,4037,0,0,0.2278919990091652,True
32,9,51,0.0,0.0,2.5,wave,4012,0,0,0.23280159521435692,True
32,9,52,0.0,0.0,2.5,wave,3949,0,0,0.2347429729045328,True
32,10,1,0.0,0.0,2.5,wave,3902,0,0,0.23603280369041518,True
32,10,2,0.0,0.0,2.5,wave,3870,0,0,0.23746770025839795,True
32,10,3,0.0,0.0,2.5,wave,3826,0,0,0.2415054887611082,True
32,10,4,0.0,0.0,2.5,wave,3785,0,0,0.24253632760898283,True
32,10,5,0.0,0.0,2.5,wave,3749,0,0,0.24379834622566018,True
32,10,6,0.0,0.0,2.5,wave,3712,0,0,0.24649784482758622,True
32,10,7,0.0,0.0,2.5,wave,3675,0,0,0.24653061224489795,True
32,10,8,0.0,0.0,2.5,wave,3647,0,0,0.2495201535508637,True
32,10,9,0.0,0.0,2.5,wave,3623,0,0,0.2555892906431134,True
32,10,10,0.0,0.0,2.5,wave,3592,0,0,0.2544543429844098,True
32,10,11,0.0,0.0,2.5,wave,3552,0,0,0.26013513513513514,True
32,10,12,0.0,0.0,2.5,wave,3508,0,0,0.26083238312428736,True
32,10,13,0.0,0.0,2.5,wave,3485,0,0,0.2619799139167862,True
32,10,14,0.0,0.0,2.5,wave,3446,0,0,0.2663958212420197,True
32,10,15,0.0,0.0,2.5,wave,3423,0,0,0.2676015191352615,True
32,10,16,0.0,0.0,2.5,wave,3384,0,0,0.2706855791962175,True
32,10,17,0.0,0.0,2.5,wave,3345,0,0,0.2717488789237668,True
32,10,18,0.0,0.0,2.5,wave,7217,0,0,0.12193432174033532,True
32,10,19,0.0,0.0,2.5,wave,7104,0,0,0.12359234234234234,True
32,10,20,0.0,0.0,2.5,wave,6955,0,0,0.12580877066858376,True
32,10,21,0.0,0.0,2.5,wave,6777,0,0,0.1286705031724952,True
32,10,22,0.0,0.0,2.5,wave,6638,0,0,0.13151551672190417,True
32,10,23,0.0,0.0,2.5,wave,6482,0,0,0.13452638074668313,True
32,10,24,0.0,0.0,2.5,wave,6324,0,0,0.13678051865907653,True
32,10,25,0.0,0.0,2.5,wave,6188,0,0,0.14043309631544926,True
32,10,26,0.0,0.0,2.5,wave,6084,0,0,0.14316239316239315,True
32,10,27,0.0,0.0,2.5,wave,5969,0,0,0.14525046071368738,True
32,10,28,0.0,0.0,2.5,wave,5857,0,0,0.14854020829776335,True
32,10,29,0.0,0.0,2.5,wave,5787,0,0,0.15137376879212028,True
32,10,30,0.0,0.0,2.5,wave,5685,0,0,0.15285839929639403,True
32,10,31,0.0,0.0,2.5,wave,5573,0,0,0.15826305401040733,True
32,10,32,0.0,0.0,2.5,wave,5473,0,0,0.1604238991412388,True
32,10,33,0.0,0.0,2.5,wave,5368,0,0,0.16412071535022354,True
32,10,34,0.0,0.0,2.5,wave,5276,0,0,0.16508718726307808,True
32,10,35,0.0,0.0,2.5,wave,5168,0,0,0.170859133126935,True
32,10,36,0.0,0.0,2.5,wave,5068,0,0,0.17738752959747434,True
32,10,37,0.0,0.0,2.5,wave,4986,0,0,0.18090653830726033,True
32,10,38,0.0,0.0,2.5,wave,4919,0,0,0.18621671071355966,True
32,10,39,0.0,0.0,2.5,wave,4863,0,0,0.18877236273904996,True
32,10,40,0.0,0.0,2.5,wave,4822,0,0,0.19037743674823723,True
32,10,41,0.0,0.0,2.5,wave,4769,0,0,0.194590060809394,True
32,10,42,0.0,0.0,2.5,wave,4709,0,0,0.1960076449352304,True
32,10,43,0.0,0.0,2.5,wave,5092,0,0,0.24685781618224667,True
32,10,44,0.0,0.0,2.5,wave,4808,0,0,0.22899334442595673,True
32,10,45,0.0,0.0,2.5,wave,4646,0,0,0.22169608265174343,True
32,10,46,0.0,0.0,2.5,wave,4513,0,0,0.21604254376246398,True
32,10,47,0.0,0.0,2.5,wave,4416,0,0,0.21875,True
32,10,48,0.0,0.0,2.5,wave,4343,0,0,0.21920331568040524,True
32,10,49,0.0,0.0,2.5,wave,4332,0,0,0.22668513388734995,True
32,10,50,0.0,0.0,2.5,wave,4285,0,0,0.22823803967327888,True
32,10,51,0.0,0.0,2.5,wave,4252,0,0,0.2325964252116651,True
32,10,52,0.0,0.0,2.5,wave,4204,0,0,0.23549000951474786,True
32,11,1,0.0,0.0,2.5,wave,4169,0,0,0.23890621252098826,True
32,11,2,0.0,0.0,2.5,wave,4133,0,0,0.24026131139608034,True
32,11,3,0.0,0.0,2.5,wave,4092,0,0,0.24511241446725318,True
32,11,4,0.0,0.0,2.5,wave,4038,0,0,0.24541852402179296,True
32,11,5,0.0,0.0,2.5,wave,4018,0,0,0.24863115978098557,True
32,11,6,0.0,0.0,2.5,wave,3980,0,0,0.2505025125628141,True
32,11,7,0.0,0.0,2.5,wave,3945,0,0,0.25804816223067173,True
32,11,8,0.0,0.0,2.5,wave,3907,0,0,0.26004607115433837,True
32,11,9,0.0,0.0,2.5,wave,3861,0,0,0.26288526288526287,True
32,11,10,0.0,0.0,2.5,wave,3841,0,0,0.26633689143452227,True
32,11,11,0.0,0.0,2.5,wave,3784,0,0,0.266384778012685,True
32,11,12,0.0,0.0,2.5,wave,3740,0,0,0.26737967914438504,True
32,11,13,0.0,0.0,2.5,wave,3706,0,0,0.26821370750134915,True
32,11,14,0.0,0.0,2.5,wave,3670,0,0,0.27111716621253407,True
32,11,15,0.0,0.0,2.5,wave,3629,0,0,0.27335354092036374,True
32,11,16,0.0,0.0,2.5,wave,3586,0,0,0.27495817066369216,True
32,11,17,0.0,0.0,2.5,wave,3563,0,0,0.27982037608756666,True
32,11,18,0.0,0.0,2.5,wave,7402,0,0,0.1279383950283707,True
32,11,19,0.0,0.0,2.5,wave,7266,0,0,0.13005780346820808,True
32,11,20,0.0,0.0,2.5,wave,7127,0,0,0.1339974743931528,True
32,11,21,0.0,0.0,2.5,wave,6997,0,0,0.13705873945976849,True
32,11,22,0.0,0.0,2.5,wave,6875,0,0,0.14152727272727272,True
32,11,23,0.0,0.0,2.5,wave,6779,0,0,0.1460392388257855,True
32,11,24,0.0,0.0,2.5,wave,6675,0,0,0.14936329588014982,True
32,11,25,0.0,0.0,2.5,wave,6554,0,0,0.1533414708574916,True
32,11,26,0.0,0.0,2.5,wave,6436,0,0,0.15646364201367308,True
32,11,27,0.0,0.0,2.5,wave,6337,0,0,0.15875019725422124,True
32,11,28,0.0,0.0,2.5,wave,6206,0,0,0.16210119239445697,True
32,11,29,0.0,0.0,2.5,wave,6121,0,0,0.16484234602189185,True
32,11,30,0.0,0.0,2.5,wave,6007,0,0,0.1673048110537706,True
32,11,31,0.0,0.0,2.5,wave,5875,0,0,0.17225531914893616,True
32,11,32,0.0,0.0,2.5,wave,5767,0,0,0.17409398300676263,True
32,11,33,0.0,0.0,2.5,wave,5676,0,0,0.17794221282593375,True
32,11,34,0.0,0.0,2.5,wave,5565,0,0,0.18238993710691823,True
32,11,35,0.0,0.0,2.5,wave,5467,0,0,0.18529357965977683,True
32,11,36,0.0,0.0,2.5,wave,5356,0,0,0.1880134428678118,True
32,11,37,0.0,0.0,2.5,wave,5273,0,0,0.19154181680257917,True
32,11,38,0.0,0.0,2.5,wave,5197,0,0,0.1947277275351164,True
32,11,39,0.0,0.0,2.5,wave,5134,0,0,0.19692247760031165,True
32,11,40,0.0,0.0,2.5,wave,5074,0,0,0.19905400078833269,True
32,11,41,0.0,0.0,2.5,wave,5014,0,0,0.20143597925807738,True
32,11,42,0.0,0.0,2.5,wave,4975,0,0,0.20321608040201006,True
32,11,43,0.0,0.0,2.5,wave,5320,0,0,0.2494360902255639,True
32,11,44,0.0,0.0,2.5,wave,5044,0,0,0.23473433782712133,True
32,11,45,0.0,0.0,2.5,wave,4881,0,0,0.22946117598852694,True
32,11,46,0.0,0.0,2.5,wave,4764,0,0,0.22649034424853065,True
32,11,47,0.0,0.0,2.5,wave,4658,0,0,0.22735079433233146,True
32,11,48,0.0,0.0,2.5,wave,4579,0,0,0.22887093251801705,True
32,11,49,0.0,0.0,2.5,wave,4544,0,0,0.230193661971831,True
32,11,50,0.0,0.0,2.5,wave,4499,0,0,0.23227383863080683,True
32,11,51,0.0,0.0,2.5,wave,4468,0,0,0.2347806624888093,True
32,11,52,0.0,0.0,2.5,wave,4424,0,0,0.23756781193490054,True
33,1,1,0.0,0.0,2.5,wave,2787,0,0,0.002511661284535343,True
33,1,2,0.0,0.0,2.5,wave,2753,0,0,0.005811841627315656,True
33,1,3,0.0,0.0,2.5,wave,2707,0,0,0.007757665312153676,True
33,1,4,0.0,0.0,2.5,wave,2665,0,0,0.00900562851782364,True
33,1,5,0.0,0.0,2.5,wave,2587,0,0,0.01352918438345574,True
33,1,6,0.0,0.0,2.5,wave,2544,0,0,0.01690251572327044,True
33,1,7,0.0,0.0,2.5,wave,2470,0,0,0.020242914979757085,True
33,1,8,0.0,0.0,2.5,wave,2400,0,0,0.022916666666666665,True
33,1,9,0.0,0.0,2.5,wave,2360,0,0,0.02457627118644068,True
33,1,10,0.0,0.0,2.5,wave,2305,0,0,0.026464208242950107,True
33,1,11,0.0,0.0,2.5,wave,2245,0,0,0.028062360801781736,True
33,1,12,0.0,0.0,2.5,wave,2207,0,0,0.032170367014046214,True
33,1,13,0.0,0.0,2.5,wave,2160,0,0,0.034722222222222224,True
33,1,14,0.0,0.0,2.5,wave,2106,0,0,0.03561253561253561,True
33,1,15,0.0,0.0,2.5,wave,2058,0,0,0.038872691933916424,True
33,1,16,0.0,0.0,2.5,wave,2009,0,0,0.04031856645097063,True
33,1,17,0.0,0.0,2.5,wave,1978,0,0,0.04196157735085945,True
33,1,18,0.0,0.0,2.5,wave,5430,0,0,0.016574585635359115,True
33,1,19,0.0,0.0,2.5,wave,5320,0,0,0.017857142857142856,True
33,1,20,0.0,0.0,2.5,wave,5191,0,0,0.020034675399730303,True
33,1,21,0.0,0.0,2.5,wave,5080,0,0,0.022440944881889763,True
33,1,22,0.0,0.0,2.5,wave,4975,0,0,0.025326633165829147,True
33,1,23,0.0,0.0,2.5,wave,4889,0,0,0.027408467989363878,True
33,1,24,0.0,0.0,2.5,wave,4805,0,0,0.029968782518210196,True
33,1,25,0.0,0.0,2.5,wave,4664,0,0,0.031089193825042882,True
33,1,26,0.0,0.0,2.5,wave,4579,0,0,0.03341340904127539,True
33,1,27,0.0,0.0,2.5,wave,4459,0,0,0.03633101592285266,True
33,1,28,0.0,0.0,2.5,wave,4367,0,0,0.03801236546828486,True
33,1,29,0.0,0.0,2.5,wave,4273,0,0,0.039550666978703485,True
33,1,30,0.0,0.0,2.5,wave,4171,0,0,0.042435866698633425,True
33,1,31,0.0,0.0,2.5,wave,4079,0,0,0.044128462858543764,True
33,1,32,0.0,0.0,2.5,wave,4006,0,0,0.04742885671492761,True
33,1,33,0.0,0.0,2.5,wave,3932,0,0,0.04806714140386572,True
33,1,34,0.0,0.0,2.5,wave,3864,0,0,0.05020703933747412,True
33,1,35,0.0,0.0,2.5,wave,3799,0,0,0.05159252434851277,True
33,1,36,0.0,0.0,2.5,wave,3723,0,0,0.055600322320709106,True
33,1,37,0.0,0.0,2.5,wave,3610,0,0,0.05457063711911357,True
33,1,38,0.0,0.0,2.5,wave,3570,0,0,0.057703081232493,True
33,1,39,0.0,0.0,2.5,wave,3495,0,0,0.060371959942775395,True
33,1,40,0.0,0.0,2.5,wave,3423,0,0,0.061641834647969615,True
33,1,41,0.0,0.0,2.5,wave,3369,0,0,0.06381715642623924,True
33,1,42,0.0,0.0,2.5,wave,3328,0,0,0.06640625,True
33,1,43,0.0,0.0,2.5,wave,3653,0,0,0.12017519846701341,True
33,1,44,0.0,0.0,2.5,wave,3475,0,0,0.10273381294964029,True
33,1,45,0.0,0.0,2.5,wave,3374,0,0,0.0969176052163604,True
33,1,46,0.0,0.0,2.5,wave,3292,0,0,0.09264884568651276,True
33,1,47,0.0,0.0,2.5,wave,3250,0,0,0.09384615384615384,True
33,1,48,0.0,0.0,2.5,wave,3215,0,0,0.09548989113530326,True
33,1,49,0.0,0.0,2.5,wave,3179,0,0,0.09657124882038377,True
33,1,50,0.0,0.0,2.5,wave,3128,0,0,0.09654731457800511,True
33,1,51,0.0,0.0,2.5,wave,3062,0,0,0.09372958850424559,True
33,1,52,0.0,0.0,2.5,wave,3001,0,0,0.09496834388537154,True
33,2,1,0.0,0.0,2.5,wave,2959,31,5,0.09733017911456573,False
33,2,2,0.0,0.0,2.5,wave,2914,41,13,0.09883321894303362,False
33,2,3,0.0,0.0,2.5,wave,2872,49,17,0.10236768802228412,False
33,2,4,0.0,0.0,2.5,wave,2841,54,17,0.10418866596268919,False
33,2,5,0.0,0.0,2.5,wave,2779,53,24,0.10579345088161209,False
33,2,6,0.0,0.0,2.5,wave,2722,62,25,0.106539309331374,False
33,2,7,0.0,0.0,2.5,wave,2666,52,15,0.11027756939234809,False
33,2,8,0.0,0.0,2.5,wave,2623,50,17,0.11208539839878003,False
33,2,9,0.0,0.0,2.5,wave,2585,49,23,0.11295938104448743,False
33,2,10,0.0,0.0,2.5,wave,2536,46,19,0.11514195583596215,False
33,2,11,0.0,0.0,2.5,wave,2489,42,17,0.11771795901968662,False
33,2,12,0.0,0.0,2.5,wave,2424,48,16,0.12004950495049505,False
33,2,13,0.0,0.0,2.5,wave,2380,46,14,0.12394957983193278,False
33,2,14,0.0,0.0,2.5,wave,2340,51,18,0.1252136752136752,False
33,2,15,0.0,0.0,2.5,wave,2306,54,21,0.12966175195143104,False
33,2,16,0.0,0.0,2.5,wave,2273,55,21,0.13022437307523096,False
33,2,17,0.0,0.0,2.5,wave,2239,45,23,0.13309513175524787,False
33,2,18,0.0,0.0,2.5,wave,4356,39,20,0.06978879706152434,False
33,2,19,0.0,0.0,2.5,wave,4260,37,16,0.0715962441314554,False
33,2,20,0.0,0.0,2.5,wave,4191,45,17,0.07396802672393224,False
33,2,21,0.0,0.0,2.5,wave,4094,52,16,0.07620908646800195,False
33,2,22,0.0,0.0,2.5,wave,4008,48,16,0.07784431137724551,False
33,2,23,0.0,0.0,2.5,wave,3896,57,18,0.08264887063655031,False
33,2,24,0.0,0.0,2.5,wave,3824,70,23,0.08446652719665272,False
33,2,25,0.0,0.0,2.5,wave,3732,73,18,0.08735262593783494,False
33,2,26,0.0,0.0,2.5,wave,3638,64,21,0.08960967564595931,False
33,2,27,0.0,0.0,2.5,wave,3559,67,29,0.09300365271143579,False
33,2,28,0.0,0.0,2.5,wave,3450,62,25,0.09681159420289855,False
33,2,29,0.0,0.0,2.5,wave,3335,60,25,0.10194902548725637,False
33,2,30,0.0,0.0,2.5,wave,3249,61,23,0.10587873191751308,False
33,2,31,0.0,0.0,2.5,wave,3134,54,16,0.10944479897894065,False
33,2,32,0.0,0.0,2.5,wave,3076,49,18,0.11053315994798439,False
33,2,33,0.0,0.0,2.5,wave,2998,47,24,0.11407605070046697,False
33,2,34,0.0,0.0,2.5,wave,2940,44,18,0.11666666666666667,False
33,2,35,0.0,0.0,2.5,wave,2854,30,12,0.12053258584442887,False
33,2,36,0.0,0.0,2.5,wave,2808,35,15,0.12357549857549857,False
33,2,37,0.0,0.0,2.5,wave,2736,31,13,0.1253654970760234,False
33,2,38,0.0,0.0,2.5,wave,2707,30,12,0.12744735869966753,False
33,2,39,0.0,0.0,2.5,wave,2663,28,9,0.13180623357116034,False
33,2,40,0.0,0.0,2.5,wave,2633,26,12,0.133687808583365,False
33,2,41,0.0,0.0,2.5,wave,2594,27,14,0.13492675404780263,False
33,2,42,0.0,0.0,2.5,wave,2573,22,8,0.1368052856587641,False
33,2,43,0.0,0.0,2.5,wave,2917,21,9,0.2135755913609873,False
33,2,44,0.0,0.0,2.5,wave,2721,22,13,0.18375597206909225,False
33,2,45,0.0,0.0,2.5,wave,2619,13,8,0.1672394043528064,False
33,2,46,0.0,0.0,2.5,wave,2558,7,5,0.1602814698983581,False
33,2,47,0.0,0.0,2.5,wave,2504,7,3,0.16014376996805113,False
33,2,48,0.0,0.0,2.5,wave,2469,4,2,0.16079384366140137,False
33,2,49,0.0,0.0,2.5,wave,2452,5,2,0.16231647634584012,False
33,2,50,0.0,0.0,2.5,wave,2419,3,1,0.16122364613476645,False
33,2,51,0.0,0.0,2.5,wave,2394,3,2,0.164578111946533,False
33,2,52,0.0,0.0,2.5,wave,2375,3,1,0.16673684210526316,False
33,3,1,0.0,0.0,2.5,wave,2346,2,0,0.16709292412617222,False
33,3,2,0.0,0.0,2.5,wave,2308,2,1,0.16897746967071056,False
33,3,3,0.0,0.0,2.5,wave,2284,2,2,0.1733800350262697,False
33,3,4,0.0,0.0,2.5,wave,2253,3,1,0.1744340878828229,False
33,3,5,0.0,0.0,2.5,wave,2226,2,0,0.17430368373764601,False
33,3,6,0.0,0.0,2.5,wave,2209,2,1,0.17745586238116795,False
33,3,7,0.0,0.0,2.5,wave,2182,1,1,0.1773602199816682,False
33,3,8,0.0,0.0,2.5,wave,2164,0,0,0.18068391866913125,True
33,3,9,0.0,0.0,2.5,wave,2140,0,0,0.18130841121495328,True
33,3,10,0.0,0.0,2.5,wave,2122,0,0,0.18473138548539114,True
33,3,11,0.0,0.0,2.5,wave,2097,0,0,0.18502622794468288,True
33,3,12,0.0,0.0,2.5,wave,2088,0,0,0.18917624521072796,True
33,3,13,0.0,0.0,2.5,wave,2060,0,0,0.1878640776699029,True
33,3,14,0.0,0.0,2.5,wave,2027,0,0,0.1879625061667489,True
33,3,15,0.0,0.0,2.5,wave,2001,0,0,0.18790604697651175,True
33,3,16,0.0,0.0,2.5,wave,1978,0,0,0.18958543983822043,True
33,3,17,0.0,0.0,2.5,wave,1953,0,0,0.19047619047619047,True
33,3,18,0.0,0.0,2.5,wave,4395,0,0,0.08737201365187713,True
33,3,19,0.0,0.0,2.5,wave,4324,0,0,0.08834412580943571,True
33,3,20,0.0,0.0,2.5,wave,4253,0,0,0.09146484834234658,True
33,3,21,0.0,0.0,2.5,wave,4178,0,0,0.09478219243657253,True
33,3,22,0.0,0.0,2.5,wave,4102,0,0,0.09678205753291078,True
33,3,23,0.0,0.0,2.5,wave,3973,0,0,0.1004278882456582,True
33,3,24,0.0,0.0,2.5,wave,3883,0,0,0.10327066701004378,True
33,3,25,0.0,0.0,2.5,wave,3797,0,0,0.1063997893073479,True
33,3,26,0.0,0.0,2.5,wave,3697,0,0,0.10900730321882608,True
33,3,27,0.0,0.0,2.5,wave,3630,0,0,0.11322314049586776,True
33,3,28,0.0,0.0,2.5,wave,3521,0,0,0.11587617154217551,True
33,3,29,0.0,0.0,2.5,wave,3425,0,0,0.11941605839416058,True
33,3,30,0.0,0.0,2.5,wave,3369,0,0,0.1219946571682992,True
33,3,31,0.0,0.0,2.5,wave,3274,0,0,0.1255345143555284,True
33,3,32,0.0,0.0,2.5,wave,3209,0,0,0.12963540043627297,True
33,3,33,0.0,0.0,2.5,wave,3133,0,0,0.13246090009575487,True
33,3,34,0.0,0.0,2.5,wave,3068,0,0,0.13526727509778358,True
33,3,35,0.0,0.0,2.5,wave,3003,0,0,0.13752913752913754,True
33,3,36,0.0,0.0,2.5,wave,2959,0,0,0.13991213247718823,True
33,3,37,0.0,0.0,2.5,wave,2896,0,0,0.14157458563535913,True
33,3,38,0.0,0.0,2.5,wave,2871,0,0,0.1414141414141414,True
33,3,39,0.0,0.0,2.5,wave,2814,0,0,0.14427860696517414,True
33,3,40,0.0,0.0,2.5,wave,2782,0,0,0.1455787203450755,True
33,3,41,0.0,0.0,2.5,wave,2738,0,0,0.14609203798392986,True
33,3,42,0.0,0.0,2.5,wave,2722,0,0,0.15099191770756795,True
33,3,43,0.0,0.0,2.5,wave,3184,0,0,0.23084170854271358,True
33,3,44,0.0,0.0,2.5,wave,2963,0,0,0.20283496456294298,True
33,3,45,0.0,0.0,2.5,wave,2830,0,0,0.18763250883392227,True
33,3,46,0.0,0.0,2.5,wave,2753,0,0,0.1823465310570287,True
33,3,47,0.0,0.0,2.5,wave,2703,0,0,0.18238993710691823,True
33,3,48,0.0,0.0,2.5,wave,2657,0,0,0.18103123823861497,True
33,3,49,0.0,0.0,2.5,wave,2609,0,0,0.18167880413951706,True
33,3,50,0.0,0.0,2.5,wave,2577,0,0,0.18121847109041522,True
33,3,51,0.0,0.0,2.5,wave,2535,0,0,0.18303747534516765,True
33,3,52,0.0,0.0,2.5,wave,2480,0,0,0.18185483870967742,True
33,4,1,0.0,0.0,2.5,wave,2425,0,0,0.1868041237113402,True
33,4,2,0.0,0.0,2.5,wave,2395,0,0,0.1862212943632568,True
33,4,3,0.0,0.0,2.5,wave,2378,0,0,0.187973086627418,True
33,4,4,0.0,0.0,2.5,wave,2349,0,0,0.18986802894848873,True
33,4,5,0.0,0.0,2.5,wave,2322,0,0,0.1929371231696813,True
33,4,6,0.0,0.0,2.5,wave,2295,0,0,0.19651416122004356,True
33,4,7,0.0,0.0,2.5,wave,2265,0,0,0.1977924944812362,True
33,4,8,0.0,0.0,2.5,wave,2235,0,0,0.1982102908277405,True
33,4,9,0.0,0.0,2.5,wave,2166,0,0,0.20083102493074792,True
33,4,10,0.0,0.0,2.5,wave,2135,0,0,0.2009367681498829,True
33,4,11,0.0,0.0,2.5,wave,2107,0,0,0.20503084954912199,True
33,4,12,0.0,0.0,2.5,wave,2099,0,0,0.20581229156741304,True
33,4,13,0.0,0.0,2.5,wave,2074,0,0,0.2078109932497589,True
33,4,14,0.0,0.0,2.5,wave,2046,0,0,0.20674486803519063,True
33,4,15,0.0,0.0,2.5,wave,2018,0,0,0.20763131813676908,True
33,4,16,0.0,0.0,2.5,wave,2012,0,0,0.21073558648111332,True
33,4,17,0.0,0.0,2.5,wave,1985,0,0,0.21158690176322417,True
33,4,18,0.0,0.0,2.5,wave,4166,0,0,0.10249639942390783,True
33,4,19,0.0,0.0,2.5,wave,4087,0,0,0.10521164668460974,True
33,4,20,0.0,0.0,2.5,wave,4005,0,0,0.1066167290886392,True
33,4,21,0.0,0.0,2.5,wave,3908,0,0,0.10849539406345957,True
33,4,22,0.0,0.0,2.5,wave,3864,0,0,0.11024844720496894,True
33,4,23,0.0,0.0,2.5,wave,3770,0,0,0.11193633952254642,True
33,4,24,0.0,0.0,2.5,wave,3733,0,0,0.11492097508706134,True
33,4,25,0.0,0.0,2.5,wave,3631,0,0,0.11622142660424126,True
33,4,26,0.0,0.0,2.5,wave,3556,0,0,0.1186726659167604,True
33,4,27,0.0,0.0,2.5,wave,3471,0,0,0.12186689714779603,True
33,4,28,0.0,0.0,2.5,wave,3393,0,0,0.12584733274388446,True
33,4,29,0.0,0.0,2.5,wave,3310,0,0,0.1299093655589124,True
33,4,30,0.0,0.0,2.5,wave,3265,0,0,0.133843797856049,True
33,4,31,0.0,0.0,2.5,wave,3212,0,0,0.1382316313823163,True
33,4,32,0.0,0.0,2.5,wave,3151,0,0,0.1390034909552523,True
33,4,33,0.0,0.0,2.5,wave,3069,0,0,0.14336917562724014,True
33,4,34,0.0,0.0,2.5,wave,3014,0,0,0.14565361645653616,True
33,4,35,0.0,0.0,2.5,wave,2967,0,0,0.14762386248736098,True
33,4,36,0.0,0.0,2.5,wave,2911,0,0,0.15046375815870836,True
33,4,37,0.0,0.0,2.5,wave,2847,0,0,0.15349490691956447,True
33,4,38,0.0,0.0,2.5,wave,2814,0,0,0.15565031982942432,True
33,4,39,0.0,0.0,2.5,wave,2776,0,0,0.16102305475504322,True
33,4,40,0.0,0.0,2.5,wave,2750,0,0,0.16072727272727272,True
33,4,41,0.0,0.0,2.5,wave,2711,0,0,0.16451493913684986,True
33,4,42,0.0,0.0,2.5,wave,2694,0,0,0.16703786191536749,True
33,4,43,0.0,0.0,2.5,wave,3208,0,0,0.2562344139650873,True
33,4,44,0.0,0.0,2.5,wave,2956,0,0,0.2219215155615697,True
33,4,45,0.0,0.0,2.5,wave,2809,0,0,0.2050551797792809,True
33,4,46,0.0,0.0,2.5,wave,2728,0,0,0.19611436950146627,True
33,4,47,0.0,0.0,2.5,wave,2673,0,0,0.19566030677141788,True
33,4,48,0.0,0.0,2.5,wave,2618,0,0,0.18983957219251338,True
33,4,49,0.0,0.0,2.5,wave,2595,0,0,0.19460500963391136,True
33,4,50,0.0,0.0,2.5,wave,2560,0,0,0.19375,True
33,4,51,0.0,0.0,2.5,wave,2543,0,0,0.19661816751867872,True
33,4,52,0.0,0.0,2.5,wave,2510,0,0,0.19880478087649403,True
33,5,1,0.0,0.0,2.5,wave,2484,0,0,0.20209339774557167,True
33,5,2,0.0,0.0,2.5,wave,2463,0,0,0.20422249289484368,True
33,5,3,0.0,0.0,2.5,wave,2443,0,0,0.20671305771592305,True
33,5,4,0.0,0.0,2.5,wave,2426,0,0,0.21022258862324814,True
33,5,5,0.0,0.0,2.5,wave,2394,0,0,0.2121971595655806,True
33,5,6,0.0,0.0,2.5,wave,2380,0,0,0.21470588235294116,True
33,5,7,0.0,0.0,2.5,wave,2348,0,0,0.21507666098807496,True
33,5,8,0.0,0.0,2.5,wave,2337,0,0,0.21566110397946084,True
33,5,9,0.0,0.0,2.5,wave,2296,0,0,0.21733449477351915,True
33,5,10,0.0,0.0,2.5,wave,2275,0,0,0.2189010989010989,True
33,5,11,0.0,0.0,2.5,wave,2245,0,0,0.22004454342984409,True
33,5,12,0.0,0.0,2.5,wave,2231,0,0,0.22142536978933214,True
33,5,13,0.0,0.0,2.5,wave,2205,0,0,0.22312925170068026,True
33,5,14,0.0,0.0,2.5,wave,2187,0,0,0.2240512117055327,True
33,5,15,0.0,0.0,2.5,wave,2149,0,0,0.22894369474174034,True
33,5,16,0.0,0.0,2.5,wave,2131,0,0,0.2308775222900047,True
33,5,17,0.0,0.0,2.5,wave,2107,0,0,0.2349311817750356,True
33,5,18,0.0,0.0,2.5,wave,4584,0,0,0.11082024432809773,True
33,5,19,0.0,0.0,2.5,wave,4484,0,0,0.11306868867082961,True
33,5,20,0.0,0.0,2.5,wave,4408,0,0,0.11569872958257713,True
33,5,21,0.0,0.0,2.5,wave,4255,0,0,0.12056404230317273,True
33,5,22,0.0,0.0,2.5,wave,4168,0,0,0.12523992322456814,True
33,5,23,0.0,0.0,2.5,wave,4064,0,0,0.1281988188976378,True
33,5,24,0.0,0.0,2.5,wave,3982,0,0,0.1313410346559518,True
33,5,25,0.0,0.0,2.5,wave,3925,0,0,0.13426751592356687,True
33,5,26,0.0,0.0,2.5,wave,3845,0,0,0.13550065019505853,True
33,5,27,0.0,0.0,2.5,wave,3737,0,0,0.13968423869413968,True
33,5,28,0.0,0.0,2.5,wave,3645,0,0,0.14046639231824418,True
33,5,29,0.0,0.0,2.5,wave,3540,0,0,0.1443502824858757,True
33,5,30,0.0,0.0,2.5,wave,3472,0,0,0.14717741935483872,True
33,5,31,0.0,0.0,2.5,wave,3371,0,0,0.1492138831207357,True
33,5,32,0.0,0.0,2.5,wave,3312,0,0,0.15217391304347827,True
33,5,33,0.0,0.0,2.5,wave,3208,0,0,0.15430174563591023,True
33,5,34,0.0,0.0,2.5,wave,3137,0,0,0.15588141536499842,True
33,5,35,0.0,0.0,2.5,wave,3066,0,0,0.15753424657534246,True
33,5,36,0.0,0.0,2.5,wave,3021,0,0,0.16120489904005297,True
33,5,37,0.0,0.0,2.5,wave,2971,0,0,0.16324469875462808,True
33,5,38,0.0,0.0,2.5,wave,2938,0,0,0.1650782845473111,True
33,5,39,0.0,0.0,2.5,wave,2887,0,0,0.16799445791479045,True
33,5,40,0.0,0.0,2.5,wave,2854,0,0,0.16818500350385424,True
33,5,41,0.0,0.0,2.5,wave,2821,0,0,0.17050691244239632,True
33,5,42,0.0,0.0,2.5,wave,2804,0,0,0.1733238231098431,True
33,5,43,0.0,0.0,2.5,wave,3410,0,0,0.2618768328445748,True
33,5,44,0.0,0.0,2.5,wave,3120,0,0,0.23173076923076924,True
33,5,45,0.0,0.0,2.5,wave,2956,0,0,0.21380243572395127,True
33,5,46,0.0,0.0,2.5,wave,2861,0,0,0.20727018524991261,True
33,5,47,0.0,0.0,2.5,wave,2801,0,0,0.2034987504462692,True
33,5,48,0.0,0.0,2.5,wave,2769,0,0,0.20404478150957026,True
33,5,49,0.0,0.0,2.5,wave,2724,0,0,0.20337738619676946,True
33,5,50,0.0,0.0,2.5,wave,2696,0,0,0.20734421364985164,True
33,5,51,0.0,0.0,2.5,wave,2666,0,0,0.2078019504876219,True
33,5,52,0.0,0.0,2.5,wave,2654,0,0,0.21137905048982666,True
33,6,1,0.0,0.0,2.5,wave,2620,0,0,0.21145038167938932,True
33,6,2,0.0,0.0,2.5,wave,2591,0,0,0.21227325357005017,True
33,6,3,0.0,0.0,2.5,wave,2548,0,0,0.2162480376766091,True
33,6,4,0.0,0.0,2.5,wave,2537,0,0,0.21836815135987386,True
33,6,5,0.0,0.0,2.5,wave,2492,0,0,0.2195024077046549,True
33,6,6,0.0,0.0,2.5,wave,2464,0,0,0.2203733766233766,True
33,6,7,0.0,0.0,2.5,wave,2422,0,0,0.22006606110652355,True
33,6,8,0.0,0.0,2.5,wave,2401,0,0,0.22365680966264057,True
33,6,9,0.0,0.0,2.5,wave,2374,0,0,0.22620050547598988,True
33,6,10,0.0,0.0,2.5,wave,2338,0,0,0.23011120615911035,True
33,6,11,0.0,0.0,2.5,wave,2307,0,0,0.22973558734286953,True
33,6,12,0.0,0.0,2.5,wave,2290,0,0,0.2336244541484716,True
33,6,13,0.0,0.0,2.5,wave,2267,0,0,0.2333480370533745,True
33,6,14,0.0,0.0,2.5,wave,2254,0,0,0.23425022182786157,True
33,6,15,0.0,0.0,2.5,wave,2223,0,0,0.23661718398560505,True
33,6,16,0.0,0.0,2.5,wave,2207,0,0,0.24105120072496602,True
33,6,17,0.0,0.0,2.5,wave,2179,0,0,0.24231298760899495,True
33,6,18,0.0,0.0,2.5,wave,4594,0,0,0.1175446234218546,True
33,6,19,0.0,0.0,2.5,wave,4532,0,0,0.12113857016769639,True
33,6,20,0.0,0.0,2.5,wave,4469,0,0,0.12418885656746476,True
33,6,21,0.0,0.0,2.5,wave,4351,0,0,0.12847621236497356,True
33,6,22,0.0,0.0,2.5,wave,4254,0,0,0.1307005171603197,True
33,6,23,0.0,0.0,2.5,wave,4147,0,0,0.13334940921147817,True
33,6,24,0.0,0.0,2.5,wave,4063,0,0,0.1358602018213143,True
33,6,25,0.0,0.0,2.5,wave,3951,0,0,0.13996456593267528,True
33,6,26,0.0,0.0,2.5,wave,3893,0,0,0.14487541741587465,True
33,6,27,0.0,0.0,2.5,wave,3798,0,0,0.14770932069510267,True
33,6,28,0.0,0.0,2.5,wave,3736,0,0,0.15042826552462527,True
33,6,29,0.0,0.0,2.5,wave,3649,0,0,0.15319265552206085,True
33,6,30,0.0,0.0,2.5,wave,3603,0,0,0.15570358034970858,True
33,6,31,0.0,0.0,2.5,wave,3516,0,0,0.15927189988623436,True
33,6,32,0.0,0.0,2.5,wave,3460,0,0,0.16271676300578033,True
33,6,33,0.0,0.0,2.5,wave,3397,0,0,0.1657344715925817,True
33,6,34,0.0,0.0,2.5,wave,3346,0,0,0.16915720263000597,True
33,6,35,0.0,0.0,2.5,wave,3271,0,0,0.17273005197187405,True
33,6,36,0.0,0.0,2.5,wave,3214,0,0,0.1748599875544493,True
33,6,37,0.0,0.0,2.5,wave,3149,0,0,0.17751667195935217,True
33,6,38,0.0,0.0,2.5,wave,3120,0,0,0.18044871794871795,True
33,6,39,0.0,0.0,2.5,wave,3080,0,0,0.18279220779220778,True
33,6,40,0.0,0.0,2.5,wave,3043,0,0,0.18501478803812027,True
33,6,41,0.0,0.0,2.5,wave,2998,0,0,0.18812541694462975,True
33,6,42,0.0,0.0,2.5,wave,2974,0,0,0.19233355749831876,True
33,6,43,0.0,0.0,2.5,wave,3609,0,0,0.27320587420338044,True
33,6,44,0.0,0.0,2.5,wave,3323,0,0,0.24405657538368944,True
33,6,45,0.0,0.0,2.5,wave,3147,0,0,0.22338735303463617,True
33,6,46,0.0,0.0,2.5,wave,3060,0,0,0.22026143790849673,True
33,6,47,0.0,0.0,2.5,wave,2984,0,0,0.2195040214477212,True
33,6,48,0.0,0.0,2.5,wave,2927,0,0,0.2186539118551418,True
33,6,49,0.0,0.0,2.5,wave,2895,0,0,0.21830742659758204,True
33,6,50,0.0,0.0,2.5,wave,2846,0,0,0.22030920590302178,True
33,6,51,0.0,0.0,2.5,wave,2796,0,0,0.22067238912732476,True
33,6,52,0.0,0.0,2.5,wave,2779,0,0,0.22346167686218063,True
33,7,1,0.0,0.0,2.5,wave,2747,0,0,0.22533673097925008,True
33,7,2,0.0,0.0,2.5,wave,2723,0,0,0.22769004774146162,True
33,7,3,0.0,0.0,2.5,wave,2680,0,0,0.2294776119402985,True
33,7,4,0.0,0.0,2.5,wave,2657,0,0,0.23334587881068874,True
33,7,5,0.0,0.0,2.5,wave,2616,0,0,0.23470948012232415,True
33,7,6,0.0,0.0,2.5,wave,2581,0,0,0.2409918636187524,True
33,7,7,0.0,0.0,2.5,wave,2551,0,0,0.2426499411995296,True
33,7,8,0.0,0.0,2.5,wave,2531,0,0,0.24417226392730146,True
33,7,9,0.0,0.0,2.5,wave,2500,0,0,0.2448,True
33,7,10,0.0,0.0,2.5,wave,2466,0,0,0.24655312246553124,True
33,7,11,0.0,0.0,2.5,wave,2420,0,0,0.24834710743801652,True
33,7,12,0.0,0.0,2.5,wave,2399,0,0,0.2534389328887036,True
33,7,13,0.0,0.0,2.5,wave,2365,0,0,0.2566596194503171,True
33,7,14,0.0,0.0,2.5,wave,2345,0,0,0.26098081023454156,True
33,7,15,0.0,0.0,2.5,wave,2317,0,0,0.2615451014242555,True
33,7,16,0.0,0.0,2.5,wave,2293,0,0,0.2660270388137811,True
33,7,17,0.0,0.0,2.5,wave,2271,0,0,0.26860413914575076,True
33,7,18,0.0,0.0,2.5,wave,5144,0,0,0.12013996889580093,True
33,7,19,0.0,0.0,2.5,wave,5051,0,0,0.12195604830726589,True
33,7,20,0.0,0.0,2.5,wave,4988,0,0,0.12449879711307137,True
33,7,21,0.0,0.0,2.5,wave,4848,0,0,0.1280940594059406,True
33,7,22,0.0,0.0,2.5,wave,4745,0,0,0.1302423603793467,True
33,7,23,0.0,0.0,2.5,wave,4614,0,0,0.1330732553099263,True
33,7,24,0.0,0.0,2.5,wave,4516,0,0,0.13839681133746679,True
33,7,25,0.0,0.0,2.5,wave,4402,0,0,0.13948205361199456,True
33,7,26,0.0,0.0,2.5,wave,4328,0,0,0.14417744916820702,True
33,7,27,0.0,0.0,2.5,wave,4228,0,0,0.14711447492904448,True
33,7,28,0.0,0.0,2.5,wave,4151,0,0,0.1505661286437003,True
33,7,29,0.0,0.0,2.5,wave,4066,0,0,0.15469749139203148,True
33,7,30,0.0,0.0,2.5,wave,3982,0,0,0.15695630336514316,True
33,7,31,0.0,0.0,2.5,wave,3884,0,0,0.16014418125643667,True
33,7,32,0.0,0.0,2.5,wave,3816,0,0,0.16325995807127883,True
33,7,33,0.0,0.0,2.5,wave,3743,0,0,0.168314186481432,True
33,7,34,0.0,0.0,2.5,wave,3698,0,0,0.1719848566792861,True
33,7,35,0.0,0.0,2.5,wave,3627,0,0,0.17562724014336917,True
33,7,36,0.0,0.0,2.5,wave,3563,0,0,0.1790625877069885,True
33,7,37,0.0,0.0,2.5,wave,3496,0,0,0.18249427917620137,True
33,7,38,0.0,0.0,2.5,wave,3461,0,0,0.1846287200231147,True
33,7,39,0.0,0.0,2.5,wave,3419,0,0,0.18748171980111145,True
33,7,40,0.0,0.0,2.5,wave,3361,0,0,0.19012198750371914,True
33,7,41,0.0,0.0,2.5,wave,3293,0,0,0.19344063164287884,True
33,7,42,0.0,0.0,2.5,wave,3264,0,0,0.1948529411764706,True
33,7,43,0.0,0.0,2.5,wave,3987,0,0,0.28643090042638575,True
33,7,44,0.0,0.0,2.5,wave,3655,0,0,0.2522571819425445,True
33,7,45,0.0,0.0,2.5,wave,3457,0,0,0.23488573908012728,True
33,7,46,0.0,0.0,2.5,wave,3347,0,0,0.2306543172990738,True
33,7,47,0.0,0.0,2.5,wave,3248,0,0,0.22444581280788178,True
33,7,48,0.0,0.0,2.5,wave,3194,0,0,0.2247964934251722,True
33,7,49,0.0,0.0,2.5,wave,3148,0,0,0.22395171537484118,True
33,7,50,0.0,0.0,2.5,wave,3097,0,0,0.2244107200516629,True
33,7,51,0.0,0.0,2.5,wave,3064,0,0,0.22617493472584857,True
33,7,52,0.0,0.0,2.5,wave,3025,0,0,0.2284297520661157,True
33,8,1,0.0,0.0,2.5,wave,2981,0,0,0.23045957732304595,True
33,8,2,0.0,0.0,2.5,wave,2955,0,0,0.23282571912013536,True
33,8,3,0.0,0.0,2.5,wave,2912,0,0,0.23317307692307693,True
33,8,4,0.0,0.0,2.5,wave,2885,0,0,0.2367417677642981,True
33,8,5,0.0,0.0,2.5,wave,2857,0,0,0.2376618830941547,True
33,8,6,0.0,0.0,2.5,wave,2825,0,0,0.23893805309734514,True
33,8,7,0.0,0.0,2.5,wave,2807,0,0,0.24332027075169219,True
33,8,8,0.0,0.0,2.5,wave,2769,0,0,0.24846514987360058,True
33,8,9,0.0,0.0,2.5,wave,2744,0,0,0.24963556851311952,True
33,8,10,0.0,0.0,2.5,wave,2704,0,0,0.2503698224852071,True
33,8,11,0.0,0.0,2.5,wave,2684,0,0,0.253725782414307,True
33,8,12,0.0,0.0,2.5,wave,2656,0,0,0.2564006024096386,True
33,8,13,0.0,0.0,2.5,wave,2621,0,0,0.25867989317054557,True
33,8,14,0.0,0.0,2.5,wave,2587,0,0,0.25937379203710864,True
33,8,15,0.0,0.0,2.5,wave,2560,0,0,0.262890625,True
33,8,16,0.0,0.0,2.5,wave,2518,0,0,0.26449563145353455,True
33,8,17,0.0,0.0,2.5,wave,2499,0,0,0.2665066026410564,True
33,8,18,0.0,0.0,2.5,wave,5408,0,0,0.12389053254437869,True
33,8,19,0.0,0.0,2.5,wave,5354,0,0,0.1270078446021666,True
33,8,20,0.0,0.0,2.5,wave,5253,0,0,0.13059204264229965,True
33,8,21,0.0,0.0,2.5,wave,5171,0,0,0.13304970025140206,True
33,8,22,0.0,0.0,2.5,wave,5078,0,0,0.13588026782197715,True
33,8,23,0.0,0.0,2.5,wave,4999,0,0,0.13722744548909782,True
33,8,24,0.0,0.0,2.5,wave,4888,0,0,0.14054828150572832,True
33,8,25,0.0,0.0,2.5,wave,4744,0,0,0.1435497470489039,True
33,8,26,0.0,0.0,2.5,wave,4611,0,0,0.1483409238776838,True
33,8,27,0.0,0.0,2.5,wave,4511,0,0,0.1529594324983374,True
33,8,28,0.0,0.0,2.5,wave,4438,0,0,0.15637674628210907,True
33,8,29,0.0,0.0,2.5,wave,4351,0,0,0.15973339462192598,True
33,8,30,0.0,0.0,2.5,wave,4273,0,0,0.16264919260472735,True
33,8,31,0.0,0.0,2.5,wave,4200,0,0,0.16642857142857143,True
33,8,32,0.0,0.0,2.5,wave,4122,0,0,0.1705482775351771,True
33,8,33,0.0,0.0,2.5,wave,4060,0,0,0.17364532019704434,True
33,8,34,0.0,0.0,2.5,wave,3991,0,0,0.17689802054622902,True
33,8,35,0.0,0.0,2.5,wave,3922,0,0,0.1792452830188679,True
33,8,36,0.0,0.0,2.5,wave,3847,0,0,0.18092019755653757,True
33,8,37,0.0,0.0,2.5,wave,3773,0,0,0.18340842830638748,True
33,8,38,0.0,0.0,2.5,wave,3721,0,0,0.18570276807309863,True
33,8,39,0.0,0.0,2.5,wave,3677,0,0,0.18955670383464782,True
33,8,40,0.0,0.0,2.5,wave,3620,0,0,0.19226519337016573,True
33,8,41,0.0,0.0,2.5,wave,3590,0,0,0.19498607242339833,True
33,8,42,0.0,0.0,2.5,wave,3554,0,0,0.19696117051209905,True
33,8,43,0.0,0.0,2.5,wave,4316,0,0,0.2907784986098239,True
33,8,44,0.0,0.0,2.5,wave,4016,0,0,0.25796812749003983,True
33,8,45,0.0,0.0,2.5,wave,3782,0,0,0.24378635642517188,True
33,8,46,0.0,0.0,2.5,wave,3641,0,0,0.23482559736336173,True
33,8,47,0.0,0.0,2.5,wave,3549,0,0,0.23048746125669203,True
33,8,48,0.0,0.0,2.5,wave,3495,0,0,0.23090128755364808,True
33,8,49,0.0,0.0,2.5,wave,3455,0,0,0.22952243125904487,True
33,8,50,0.0,0.0,2.5,wave,3402,0,0,0.22986478542034097,True
33,8,51,0.0,0.0,2.5,wave,3370,0,0,0.23026706231454006,True
33,8,52,0.0,0.0,2.5,wave,3314,0,0,0.23355461677730838,True
33,9,1,0.0,0.0,2.5,wave,3275,0,0,0.233587786259542,True
33,9,2,0.0,0.0,2.5,wave,3235,0,0,0.23647604327666152,True
33,9,3,0.0,0.0,2.5,wave,3205,0,0,0.23931357254290173,True
33,9,4,0.0,0.0,2.5,wave,3175,0,0,0.24188976377952756,True
33,9,5,0.0,0.0,2.5,wave,3141,0,0,0.24418974848774275,True
33,9,6,0.0,0.0,2.5,wave,3091,0,0,0.24652216111290845,True
33,9,7,0.0,0.0,2.5,wave,3051,0,0,0.2487708947885939,True
33,9,8,0.0,0.0,2.5,wave,3022,0,0,0.24950363997352745,True
33,9,9,0.0,0.0,2.5,wave,2985,0,0,0.25192629815745393,True
33,9,10,0.0,0.0,2.5,wave,2955,0,0,0.2517766497461929,True
33,9,11,0.0,0.0,2.5,wave,2932,0,0,0.2527285129604366,True
33,9,12,0.0,0.0,2.5,wave,2895,0,0,0.25526770293609674,True
33,9,13,0.0,0.0,2.5,wave,2864,0,0,0.25593575418994413,True
33,9,14,0.0,0.0,2.5,wave,2833,0,0,0.25626544299329335,True
33,9,15,0.0,0.0,2.5,wave,2804,0,0,0.25927246790299574,True
33,9,16,0.0,0.0,2.5,wave,2771,0,0,0.2619992782389029,True
33,9,17,0.0,0.0,2.5,wave,2751,0,0,0.26426753907669936,True
33,9,18,0.0,0.0,2.5,wave,5980,0,0,0.11521739130434783,True
33,9,19,0.0,0.0,2.5,wave,5883,0,0,0.11796702362740098,True
33,9,20,0.0,0.0,2.5,wave,5778,0,0,0.1208030460366909,True
33,9,21,0.0,0.0,2.5,wave,5680,0,0,0.12464788732394366,True
33,9,22,0.0,0.0,2.5,wave,5563,0,0,0.1269099406794895,True
33,9,23,0.0,0.0,2.5,wave,5444,0,0,0.12950036737692872,True
33,9,24,0.0,0.0,2.5,wave,5343,0,0,0.1308253790005615,True
33,9,25,0.0,0.0,2.5,wave,5212,0,0,0.1337298541826554,True
33,9,26,0.0,0.0,2.5,wave,5077,0,0,0.13748276541264526,True
33,9,27,0.0,0.0,2.5,wave,4969,0,0,0.14187965385389414,True
33,9,28,0.0,0.0,2.5,wave,4860,0,0,0.14588477366255145,True
33,9,29,0.0,0.0,2.5,wave,4751,0,0,0.14817933066722797,True
33,9,30,0.0,0.0,2.5,wave,4665,0,0,0.15112540192926044,True
33,9,31,0.0,0.0,2.5,wave,4605,0,0,0.15418023887079263,True
33,9,32,0.0,0.0,2.5,wave,4518,0,0,0.1569278441788402,True
33,9,33,0.0,0.0,2.5,wave,4446,0,0,0.16036887089518667,True
33,9,34,0.0,0.0,2.5,wave,4349,0,0,0.16371579673488157,True
33,9,35,0.0,0.0,2.5,wave,4295,0,0,0.16623981373690339,True
33,9,36,0.0,0.0,2.5,wave,4219,0,0,0.16923441573832662,True
33,9,37,0.0,0.0,2.5,wave,4153,0,0,0.17288706958824945,True
33,9,38,0.0,0.0,2.5,wave,4080,0,0,0.1747549019607843,True
33,9,39,0.0,0.0,2.5,wave,4023,0,0,0.17698235147899577,True
33,9,40,0.0,0.0,2.5,wave,3962,0,0,0.1784452296819788,True
33,9,41,0.0,0.0,2.5,wave,3930,0,0,0.1821882951653944,True
33,9,42,0.0,0.0,2.5,wave,3875,0,0,0.1847741935483871,True
33,9,43,0.0,0.0,2.5,wave,4699,0,0,0.268567780378804,True
33,9,44,0.0,0.0,2.5,wave,4395,0,0,0.23799772468714447,True
33,9,45,0.0,0.0,2.5,wave,4155,0,0,0.22117930204572803,True
33,9,46,0.0,0.0,2.5,wave,4004,0,0,0.21703296703296704,True
33,9,47,0.0,0.0,2.5,wave,3906,0,0,0.21402969790066564,True
33,9,48,0.0,0.0,2.5,wave,3846,0,0,0.21502860114404576,True
33,9,49,0.0,0.0,2.5,wave,3787,0,0,0.2144177449168207,True
33,9,50,0.0,0.0,2.5,wave,3734,0,0,0.2137118371719336,True
33,9,51,0.0,0.0,2.5,wave,3685,0,0,0.21438263229308005,True
33,9,52,0.0,0.0,2.5,wave,3646,0,0,0.21667580910586945,True
33,10,1,0.0,0.0,2.5,wave,3610,0,0,0.2185595567867036,True
33,10,2,0.0,0.0,2.5,wave,3588,0,0,0.21934225195094761,True
33,10,3,0.0,0.0,2.5,wave,3555,0,0,0.22165963431786218,True
33,10,4,0.0,0.0,2.5,wave,3516,0,0,0.2232650739476678,True
33,10,5,0.0,0.0,2.5,wave,3489,0,0,0.22585267985096016,True
33,10,6,0.0,0.0,2.5,wave,3447,0,0,0.22831447635625182,True
33,10,7,0.0,0.0,2.5,wave,3413,0,0,0.23088192206270144,True
33,10,8,0.0,0.0,2.5,wave,3358,0,0,0.23496128648004766,True
33,10,9,0.0,0.0,2.5,wave,3321,0,0,0.2363745859680819,True
33,10,10,0.0,0.0,2.5,wave,3256,0,0,0.2371007371007371,True
33,10,11,0.0,0.0,2.5,wave,3214,0,0,0.23926571250777848,True
33,10,12,0.0,0.0,2.5,wave,3158,0,0,0.24002533248891703,True
33,10,13,0.0,0.0,2.5,wave,3132,0,0,0.24329501915708812,True
33,10,14,0.0,0.0,2.5,wave,3106,0,0,0.2446877012234385,True
33,10,15,0.0,0.0,2.5,wave,3079,0,0,0.24748294900941864,True
33,10,16,0.0,0.0,2.5,wave,3048,0,0,0.24934383202099739,True
33,10,17,0.0,0.0,2.5,wave,3016,0,0,0.2519893899204244,True
33,10,18,0.0,0.0,2.5,wave,6407,0,0,0.11471827688465741,True
33,10,19,0.0,0.0,2.5,wave,6323,0,0,0.11814012335916495,True
33,10,20,0.0,0.0,2.5,wave,6214,0,0,0.12037335049887352,True
33,10,21,0.0,0.0,2.5,wave,6098,0,0,0.1241390619875369,True
33,10,22,0.0,0.0,2.5,wave,5960,0,0,0.12718120805369126,True
33,10,23,0.0,0.0,2.5,wave,5837,0,0,0.13037519273599452,True
33,10,24,0.0,0.0,2.5,wave,5729,0,0,0.13405480886716706,True
33,10,25,0.0,0.0,2.5,wave,5633,0,0,0.13669447896325226,True
33,10,26,0.0,0.0,2.5,wave,5538,0,0,0.13976164680390032,True
33,10,27,0.0,0.0,2.5,wave,5453,0,0,0.1430405281496424,True
33,10,28,0.0,0.0,2.5,wave,5373,0,0,0.14498418016005957,True
33,10,29,0.0,0.0,2.5,wave,5285,0,0,0.14910122989593189,True
33,10,30,0.0,0.0,2.5,wave,5179,0,0,0.15215292527514965,True
33,10,31,0.0,0.0,2.5,wave,5073,0,0,0.15572639463828108,True
33,10,32,0.0,0.0,2.5,wave,4980,0,0,0.15803212851405624,True
33,10,33,0.0,0.0,2.5,wave,4890,0,0,0.16155419222903886,True
33,10,34,0.0,0.0,2.5,wave,4809,0,0,0.16406737367436058,True
33,10,35,0.0,0.0,2.5,wave,4731,0,0,0.16740646797717185,True
33,10,36,0.0,0.0,2.5,wave,4647,0,0,0.17021734452334839,True
33,10,37,0.0,0.0,2.5,wave,4564,0,0,0.1724364592462752,True
33,10,38,0.0,0.0,2.5,wave,4512,0,0,0.17575354609929078,True
33,10,39,0.0,0.0,2.5,wave,4458,0,0,0.17810677433826827,True
33,10,40,0.0,0.0,2.5,wave,4392,0,0,0.1814663023679417,True
33,10,41,0.0,0.0,2.5,wave,4351,0,0,0.18294644909216273,True
33,10,42,0.0,0.0,2.5,wave,4286,0,0,0.18478768082127858,True
33,10,43,0.0,0.0,2.5,wave,5131,0,0,0.2689534203858897,True
33,10,44,0.0,0.0,2.5,wave,4731,0,0,0.24011836820968083,True
33,10,45,0.0,0.0,2.5,wave,4505,0,0,0.22286348501664816,True
33,10,46,0.0,0.0,2.5,wave,4365,0,0,0.21764032073310424,True
33,10,47,0.0,0.0,2.5,wave,4252,0,0,0.21284101599247413,True
33,10,48,0.0,0.0,2.5,wave,4163,0,0,0.20970453999519578,True
33,10,49,0.0,0.0,2.5,wave,4139,0,0,0.2114037207054844,True
33,10,50,0.0,0.0,2.5,wave,4077,0,0,0.21265636497424578,True
33,10,51,0.0,0.0,2.5,wave,4017,0,0,0.2148369429922828,True
33,10,52,0.0,0.0,2.5,wave,3973,0,0,0.21771960734960988,True
33,11,1,0.0,0.0,2.5,wave,3933,0,0,0.21789982201881516,True
33,11,2,0.0,0.0,2.5,wave,3888,0,0,0.2191358024691358,True
33,11,3,0.0,0.0,2.5,wave,3835,0,0,0.22033898305084745,True
33,11,4,0.0,0.0,2.5,wave,3805,0,0,0.22496714848883048,True
33,11,5,0.0,0.0,2.5,wave,3751,0,0,0.22713942948547053,True
33,11,6,0.0,0.0,2.5,wave,3720,0,0,0.2293010752688172,True
33,11,7,0.0,0.0,2.5,wave,3682,0,0,0.23166757197175447,True
33,11,8,0.0,0.0,2.5,wave,3626,0,0,0.23331494760066188,True
33,11,9,0.0,0.0,2.5,wave,3593,0,0,0.23434455886445868,True
33,11,10,0.0,0.0,2.5,wave,3566,0,0,0.23583847448121145,True
33,11,11,0.0,0.0,2.5,wave,3527,0,0,0.23787921746526794,True
33,11,12,0.0,0.0,2.5,wave,3476,0,0,0.24108170310701957,True
33,11,13,0.0,0.0,2.5,wave,3452,0,0,0.24362688296639629,True
33,11,14,0.0,0.0,2.5,wave,3411,0,0,0.2459689240691879,True
33,11,15,0.0,0.0,2.5,wave,3380,0,0,0.24940828402366863,True
33,11,16,0.0,0.0,2.5,wave,3330,0,0,0.25225225225225223,True
33,11,17,0.0,0.0,2.5,wave,3293,0,0,0.254479198299423,True
33,11,18,0.0,0.0,2.5,wave,6913,0,0,0.1135541732966874,True
33,11,19,0.0,0.0,2.5,wave,6827,0,0,0.11659586934231728,True
33,11,20,0.0,0.0,2.5,wave,6693,0,0,0.11967727476467951,True
33,11,21,0.0,0.0,2.5,wave,6546,0,0,0.12221203788573175,True
33,11,22,0.0,0.0,2.5,wave,6375,0,0,0.12643137254901962,True
33,11,23,0.0,0.0,2.5,wave,6297,0,0,0.12863268222963317,True
33,11,24,0.0,0.0,2.5,wave,6176,0,0,0.13099093264248704,True
33,11,25,0.0,0.0,2.5,wave,6033,0,0,0.13492458146858943,True
33,11,26,0.0,0.0,2.5,wave,5897,0,0,0.13956248940139054,True
33,11,27,0.0,0.0,2.5,wave,5794,0,0,0.1418709009319986,True
33,11,28,0.0,0.0,2.5,wave,5656,0,0,0.14692362093352193,True
33,11,29,0.0,0.0,2.5,wave,5539,0,0,0.15020761870373714,True
33,11,30,0.0,0.0,2.5,wave,5447,0,0,0.15384615384615385,True
33,11,31,0.0,0.0,2.5,wave,5321,0,0,0.15579778237173464,True
33,11,32,0.0,0.0,2.5,wave,5214,0,0,0.16052934407364788,True
33,11,33,0.0,0.0,2.5,wave,5134,0,0,0.16264121542656798,True
33,11,34,0.0,0.0,2.5,wave,5029,0,0,0.1652415987273812,True
33,11,35,0.0,0.0,2.5,wave,4943,0,0,0.16750960954885696,True
33,11,36,0.0,0.0,2.5,wave,4828,0,0,0.17232808616404308,True
33,11,37,0.0,0.0,2.5,wave,4766,0,0,0.1737305916911456,True
33,11,38,0.0,0.0,2.5,wave,4702,0,0,0.17630795406210123,True
33,11,39,0.0,0.0,2.5,wave,4656,0,0,0.18062714776632302,True
33,11,40,0.0,0.0,2.5,wave,4589,0,0,0.18326432774024842,True
33,11,41,0.0,0.0,2.5,wave,4542,0,0,0.18692206076618229,True
33,11,42,0.0,0.0,2.5,wave,4477,0,0,0.1887424614697342,True
33,11,43,0.0,0.0,2.5,wave,5361,0,0,0.27681402723372506,True
33,11,44,0.0,0.0,2.5,wave,4960,0,0,0.24939516129032258,True
33,11,45,0.0,0.0,2.5,wave,4733,0,0,0.23135432072681175,True
33,11,46,0.0,0.0,2.5,wave,4564,0,0,0.22063978965819456,True
33,11,47,0.0,0.0,2.5,wave,4430,0,0,0.21738148984198646,True
33,11,48,0.0,0.0,2.5,wave,4336,0,0,0.21702029520295202,True
33,11,49,0.0,0.0,2.5,wave,4287,0,0,0.21623512946116166,True
33,11,50,0.0,0.0,2.5,wave,4221,0,0,0.21772091921345652,True
33,11,51,0.0,0.0,2.5,wave,4167,0,0,0.2193424526037917,True
33,11,52,0.0,0.0,2.5,wave,4107,0,0,0.2203554906257609,True
34,1,1,0.0,0.0,2.5,wave,2822,0,0,0.0010630758327427356,True
34,1,2,0.0,0.0,2.5,wave,2763,0,0,0.002895403546869345,True
34,1,3,0.0,0.0,2.5,wave,2671,0,0,0.004867090977162112,True
34,1,4,0.0,0.0,2.5,wave,2591,0,0,0.008104978772674644,True
34,1,5,0.0,0.0,2.5,wave,2503,0,0,0.011186576108669596,True
34,1,6,0.0,0.0,2.5,wave,2424,0,0,0.013201320132013201,True
34,1,7,0.0,0.0,2.5,wave,2328,0,0,0.013745704467353952,True
34,1,8,0.0,0.0,2.5,wave,2264,0,0,0.014575971731448763,True
34,1,9,0.0,0.0,2.5,wave,2202,0,0,0.01725703905540418,True
34,1,10,0.0,0.0,2.5,wave,2163,0,0,0.01849283402681461,True
34,1,11,0.0,0.0,2.5,wave,2145,0,0,0.021445221445221447,True
34,1,12,0.0,0.0,2.5,wave,2112,0,0,0.02462121212121212,True
34,1,13,0.0,0.0,2.5,wave,2077,0,0,0.02599903707270101,True
34,1,14,0.0,0.0,2.5,wave,2035,0,0,0.02800982800982801,True
34,1,15,0.0,0.0,2.5,wave,2030,0,0,0.029064039408866996,True
34,1,16,0.0,0.0,2.5,wave,1997,0,0,0.02904356534802203,True
34,1,17,0.0,0.0,2.5,wave,1981,0,0,0.030792529025744572,True
34,1,18,0.0,0.0,2.5,wave,5593,0,0,0.012515644555694618,True
34,1,19,0.0,0.0,2.5,wave,5490,0,0,0.013843351548269581,True
34,1,20,0.0,0.0,2.5,wave,5325,0,0,0.01596244131455399,True
34,1,21,0.0,0.0,2.5,wave,5184,0,0,0.01871141975308642,True
34,1,22,0.0,0.0,2.5,wave,5053,0,0,0.021373441519889173,True
34,1,23,0.0,0.0,2.5,wave,4905,0,0,0.024057084607543324,True
34,1,24,0.0,0.0,2.5,wave,4795,0,0,0.026068821689259645,True
34,1,25,0.0,0.0,2.5,wave,4670,0,0,0.029122055674518203,True
34,1,26,0.0,0.0,2.5,wave,4526,0,0,0.03137428192664605,True
34,1,27,0.0,0.0,2.5,wave,4417,0,0,0.03260131310844465,True
34,1,28,0.0,0.0,2.5,wave,4320,0,0,0.034722222222222224,True
34,1,29,0.0,0.0,2.5,wave,4196,0,0,0.03622497616777884,True
34,1,30,0.0,0.0,2.5,wave,4107,0,0,0.038957876795714635,True
34,1,31,0.0,0.0,2.5,wave,4014,0,0,0.04160438465371201,True
34,1,32,0.0,0.0,2.5,wave,3941,0,0,0.043897487947221515,True
34,1,33,0.0,0.0,2.5,wave,3848,0,0,0.04573804573804574,True
34,1,34,0.0,0.0,2.5,wave,3748,0,0,0.04909284951974386,True
34,1,35,0.0,0.0,2.5,wave,3679,0,0,0.051916281598260394,True
34,1,36,0.0,0.0,2.5,wave,3613,0,0,0.053971768613340715,True
34,1,37,0.0,0.0,2.5,wave,3529,0,0,0.05667327854916407,True
34,1,38,0.0,0.0,2.5,wave,3469,0,0,0.058806572499279335,True
34,1,39,0.0,0.0,2.5,wave,3411,0,0,0.061272354148343595,True
34,1,40,0.0,0.0,2.5,wave,3355,0,0,0.061997019374068554,True
34,1,41,0.0,0.0,2.5,wave,3320,0,0,0.06295180722891566,True
34,1,42,0.0,0.0,2.5,wave,3282,0,0,0.06520414381474711,True
34,1,43,0.0,0.0,2.5,wave,3667,0,0,0.11698936460321789,True
34,1,44,0.0,0.0,2.5,wave,3448,0,0,0.09889791183294663,True
34,1,45,0.0,0.0,2.5,wave,3317,0,0,0.09225203497135966,True
34,1,46,0.0,0.0,2.5,wave,3261,0,0,0.09199632014719411,True
34,1,47,0.0,0.0,2.5,wave,3198,0,0,0.09255784865540963,True
34,1,48,0.0,0.0,2.5,wave,3141,0,0,0.0936007640878701,True
34,1,49,0.0,0.0,2.5,wave,3091,0,0,0.09576188935619541,True
34,1,50,0.0,0.0,2.5,wave,3048,0,0,0.09678477690288714,True
34,1,51,0.0,0.0,2.5,wave,3015,0,0,0.09917081260364842,True
34,1,52,0.0,0.0,2.5,wave,2959,0,0,0.10104765123352484,True
34,2,1,0.0,0.0,2.5,wave,2928,31,7,0.10211748633879782,False
34,2,2,0.0,0.0,2.5,wave,2881,43,14,0.10413051023950018,False
34,2,3,0.0,0.0,2.5,wave,2825,59,12,0.10584070796460177,False
34,2,4,0.0,0.0,2.5,wave,2789,58,12,0.10720688418788096,False
34,2,5,0.0,0.0,2.5,wave,2748,64,25,0.1098981077147016,False
34,2,6,0.0,0.0,2.5,wave,2684,74,29,0.11177347242921014,False
34,2,7,0.0,0.0,2.5,wave,2623,74,25,0.11475409836065574,False
34,2,8,0.0,0.0,2.5,wave,2556,74,29,0.11658841940532082,False
34,2,9,0.0,0.0,2.5,wave,2526,82,28,0.11797307996832937,False
34,2,10,0.0,0.0,2.5,wave,2463,77,24,0.11936662606577345,False
34,2,11,0.0,0.0,2.5,wave,2428,75,30,0.12273476112026359,False
34,2,12,0.0,0.0,2.5,wave,2379,76,34,0.12442202606137033,False
34,2,13,0.0,0.0,2.5,wave,2328,71,24,0.12628865979381443,False
34,2,14,0.0,0.0,2.5,wave,2283,60,32,0.12746386333771353,False
34,2,15,0.0,0.0,2.5,wave,2243,57,31,0.12973695942933572,False
34,2,16,0.0,0.0,2.5,wave,2186,43,15,0.1312900274473925,False
34,2,17,0.0,0.0,2.5,wave,2163,42,18,0.13499768839574663,False
34,2,18,0.0,0.0,2.5,wave,4242,44,20,0.06907119283356906,False
34,2,19,0.0,0.0,2.5,wave,4178,53,12,0.07156534226902825,False
34,2,20,0.0,0.0,2.5,wave,4050,54,10,0.07407407407407407,False
34,2,21,0.0,0.0,2.5,wave,3966,75,23,0.07614725163893091,False
34,2,22,0.0,0.0,2.5,wave,3853,88,34,0.07786140669608098,False
34,2,23,0.0,0.0,2.5,wave,3745,99,32,0.08117489986648865,False
34,2,24,0.0,0.0,2.5,wave,3584,88,29,0.083984375,False
34,2,25,0.0,0.0,2.5,wave,3521,89,29,0.08577108775915933,False
34,2,26,0.0,0.0,2.5,wave,3424,82,30,0.0879088785046729,False
34,2,27,0.0,0.0,2.5,wave,3355,91,40,0.09061102831594635,False
34,2,28,0.0,0.0,2.5,wave,3253,87,37,0.09222256378727328,False
34,2,29,0.0,0.0,2.5,wave,3177,84,31,0.09631728045325778,False
34,2,30,0.0,0.0,2.5,wave,3080,74,30,0.1,False
34,2,31,0.0,0.0,2.5,wave,3011,67,30,0.10229159747592162,False
34,2,32,0.0,0.0,2.5,wave,2926,52,20,0.10663021189336978,False
34,2,33,0.0,0.0,2.5,wave,2844,53,25,0.1111111111111111,False
34,2,34,0.0,0.0,2.5,wave,2761,47,26,0.11481347337921043,False
34,2,35,0.0,0.0,2.5,wave,2717,37,16,0.11704085388295915,False
34,2,36,0.0,0.0,2.5,wave,2641,34,14,0.1188943581976524,False
34,2,37,0.0,0.0,2.5,wave,2587,36,15,0.12214920757634326,False
34,2,38,0.0,0.0,2.5,wave,2541,32,14,0.12396694214876033,False
34,2,39,0.0,0.0,2.5,wave,2503,29,11,0.12664802237315223,False
34,2,40,0.0,0.0,2.5,wave,2456,24,12,0.12866449511400652,False
34,2,41,0.0,0.0,2.5,wave,2445,26,12,0.130879345603272,False
34,2,42,0.0,0.0,2.5,wave,2397,21,11,0.13141426783479349,False
34,2,43,0.0,0.0,2.5,wave,2830,23,9,0.22014134275618374,False
34,2,44,0.0,0.0,2.5,wave,2621,17,8,0.19038534910339566,False
34,2,45,0.0,0.0,2.5,wave,2516,12,7,0.17925278219395865,False
34,2,46,0.0,0.0,2.5,wave,2465,13,5,0.1797160243407708,False
34,2,47,0.0,0.0,2.5,wave,2420,11,4,0.1793388429752066,False
34,2,48,0.0,0.0,2.5,wave,2407,9,3,0.18487744079767346,False
34,2,49,0.0,0.0,2.5,wave,2375,9,5,0.18736842105263157,False
34,2,50,0.0,0.0,2.5,wave,2343,14,5,0.1890738369611609,False
34,2,51,0.0,0.0,2.5,wave,2318,9,1,0.1906816220880069,False
34,2,52,0.0,0.0,2.5,wave,2289,8,3,0.19047619047619047,False
34,3,1,0.0,0.0,2.5,wave,2269,12,5,0.19435874834728956,False
34,3,2,0.0,0.0,2.5,wave,2232,13,8,0.1989247311827957,False
34,3,3,0.0,0.0,2.5,wave,2207,16,7,0.1993656547349343,False
34,3,4,0.0,0.0,2.5,wave,2168,8,1,0.20064575645756458,False
34,3,5,0.0,0.0,2.5,wave,2141,7,2,0.20270901447921533,False
34,3,6,0.0,0.0,2.5,wave,2108,8,3,0.20018975332068312,False
34,3,7,0.0,0.0,2.5,wave,2086,9,3,0.20230105465004794,False
34,3,8,0.0,0.0,2.5,wave,2061,12,3,0.20475497331392528,False
34,3,9,0.0,0.0,2.5,wave,2043,13,3,0.20753793441018112,False
34,3,10,0.0,0.0,2.5,wave,2027,16,4,0.20917612234829797,False
34,3,11,0.0,0.0,2.5,wave,2011,18,6,0.2103431128791646,False
34,3,12,0.0,0.0,2.5,wave,1998,19,6,0.21371371371371373,False
34,3,13,0.0,0.0,2.5,wave,1971,16,6,0.21410451547437848,False
34,3,14,0.0,0.0,2.5,wave,1959,15,7,0.21592649310872894,False
34,3,15,0.0,0.0,2.5,wave,1934,11,5,0.21923474663908996,False
34,3,16,0.0,0.0,2.5,wave,1912,10,4,0.22123430962343096,False
34,3,17,0.0,0.0,2.5,wave,1893,9,3,0.22345483359746435,False
34,3,18,0.0,0.0,2.5,wave,4264,8,5,0.100140712945591,False
34,3,19,0.0,0.0,2.5,wave,4191,16,5,0.10283941780004772,False
34,3,20,0.0,0.0,2.5,wave,4082,17,4,0.10534051935325821,False
34,3,21,0.0,0.0,2.5,wave,3985,23,9,0.10865746549560854,False
34,3,22,0.0,0.0,2.5,wave,3905,27,8,0.11037131882202304,False
34,3,23,0.0,0.0,2.5,wave,3807,25,3,0.11321250328342528,False
34,3,24,0.0,0.0,2.5,wave,3715,27,8,0.11386271870794078,False
34,3,25,0.0,0.0,2.5,wave,3650,31,15,0.11643835616438356,False
34,3,26,0.0,0.0,2.5,wave,3574,27,12,0.11863458310016788,False
34,3,27,0.0,0.0,2.5,wave,3474,23,9,0.12147380541162925,False
34,3,28,0.0,0.0,2.5,wave,3363,22,7,0.1254831995242343,False
34,3,29,0.0,0.0,2.5,wave,3272,22,8,0.12775061124694376,False
34,3,30,0.0,0.0,2.5,wave,3166,28,9,0.13076437144662034,False
34,3,31,0.0,0.0,2.5,wave,3107,22,5,0.13389121338912133,False
34,3,32,0.0,0.0,2.5,wave,3015,17,6,0.13665008291873965,False
34,3,33,0.0,0.0,2.5,wave,2940,29,8,0.13843537414965987,False
34,3,34,0.0,0.0,2.5,wave,2834,26,11,0.14184897671136204,False
34,3,35,0.0,0.0,2.5,wave,2755,25,14,0.14664246823956442,False
34,3,36,0.0,0.0,2.5,wave,2703,25,8,0.15057343692193859,False
34,3,37,0.0,0.0,2.5,wave,2623,23,6,0.1517346549752192,False
34,3,38,0.0,0.0,2.5,wave,2583,23,11,0.154084397986837,False
34,3,39,0.0,0.0,2.5,wave,2550,20,10,0.1568627450980392,False
34,3,40,0.0,0.0,2.5,wave,2510,19,10,0.1601593625498008,False
34,3,41,0.0,0.0,2.5,wave,2482,21,7,0.1643835616438356,False
34,3,42,0.0,0.0,2.5,wave,2440,18,7,0.16721311475409836,False
34,3,43,0.0,0.0,2.5,wave,2928,17,10,0.25648907103825136,False
34,3,44,0.0,0.0,2.5,wave,2671,12,5,0.22126544365406214,False
34,3,45,0.0,0.0,2.5,wave,2539,7,4,0.21110673493501378,False
34,3,46,0.0,0.0,2.5,wave,2482,10,4,0.20709105560032232,False
34,3,47,0.0,0.0,2.5,wave,2452,8,5,0.2096247960848287,False
34,3,48,0.0,0.0,2.5,wave,2428,8,4,0.2116968698517298,False
34,3,49,0.0,0.0,2.5,wave,2421,3,1,0.21230896323833126,False
34,3,50,0.0,0.0,2.5,wave,2389,4,3,0.212222687316869,False
34,3,51,0.0,0.0,2.5,wave,2371,3,2,0.2184732180514551,False
34,3,52,0.0,0.0,2.5,wave,2362,1,0,0.2239627434377646,False
34,4,1,0.0,0.0,2.5,wave,2343,1,1,0.22791293213828426,False
34,4,2,0.0,0.0,2.5,wave,2316,4,1,0.23359240069084627,False
34,4,3,0.0,0.0,2.5,wave,2301,3,2,0.23772272924815296,False
34,4,4,0.0,0.0,2.5,wave,2274,6,2,0.23922603342128407,False
34,4,5,0.0,0.0,2.5,wave,2251,4,1,0.24211461572634385,False
34,4,6,0.0,0.0,2.5,wave,2220,5,2,0.2445945945945946,False
34,4,7,0.0,0.0,2.5,wave,2186,6,1,0.247483989021043,False
34,4,8,0.0,0.0,2.5,wave,2148,5,2,0.24906890130353818,False
34,4,9,0.0,0.0,2.5,wave,2123,5,4,0.25482807348092323,False
34,4,10,0.0,0.0,2.5,wave,2087,4,3,0.2587446094873023,False
34,4,11,0.0,0.0,2.5,wave,2059,3,1,0.2569208353569694,False
34,4,12,0.0,0.0,2.5,wave,2032,2,1,0.2603346456692913,False
34,4,13,0.0,0.0,2.5,wave,2001,4,1,0.2653673163418291,False
34,4,14,0.0,0.0,2.5,wave,1988,3,2,0.2686116700201207,False
34,4,15,0.0,0.0,2.5,wave,1959,3,3,0.26901480347115875,False
34,4,16,0.0,0.0,2.5,wave,1935,2,1,0.2723514211886305,False
34,4,17,0.0,0.0,2.5,wave,1919,1,1,0.27462219906201146,False
34,4,18,0.0,0.0,2.5,wave,4124,2,1,0.1277885548011639,False
34,4,19,0.0,0.0,2.5,wave,4048,1,0,0.13018774703557312,False
34,4,20,0.0,0.0,2.5,wave,3958,1,0,0.13390601313794845,False
34,4,21,0.0,0.0,2.5,wave,3874,1,1,0.13758389261744966,False
34,4,22,0.0,0.0,2.5,wave,3798,2,1,0.13875724065297526,False
34,4,23,0.0,0.0,2.5,wave,3698,1,1,0.14223904813412655,False
34,4,24,0.0,0.0,2.5,wave,3627,3,1,0.1452991452991453,False
34,4,25,0.0,0.0,2.5,wave,3554,2,1,0.14687675858187957,False
34,4,26,0.0,0.0,2.5,wave,3486,2,1,0.15060240963855423,False
34,4,27,0.0,0.0,2.5,wave,3403,1,0,0.15456949750220395,False
34,4,28,0.0,0.0,2.5,wave,3335,1,1,0.15772113943028485,False
34,4,29,0.0,0.0,2.5,wave,3274,4,1,0.1588271227855834,False
34,4,30,0.0,0.0,2.5,wave,3219,3,0,0.1615408511960236,False
34,4,31,0.0,0.0,2.5,wave,3169,2,0,0.16345850426001893,False
34,4,32,0.0,0.0,2.5,wave,3101,2,0,0.16672041277007418,False
34,4,33,0.0,0.0,2.5,wave,3035,2,0,0.1700164744645799,False
34,4,34,0.0,0.0,2.5,wave,2965,1,1,0.17403035413153456,False
34,4,35,0.0,0.0,2.5,wave,2928,1,1,0.17759562841530055,False
34,4,36,0.0,0.0,2.5,wave,2873,0,0,0.17890706578489385,True
34,4,37,0.0,0.0,2.5,wave,2816,0,0,0.18039772727272727,True
34,4,38,0.0,0.0,2.5,wave,2790,0,0,0.18422939068100358,True
34,4,39,0.0,0.0,2.5,wave,2759,0,0,0.18774918448713301,True
34,4,40,0.0,0.0,2.5,wave,2716,0,0,0.19108983799705448,True
34,4,41,0.0,0.0,2.5,wave,2684,0,0,0.19411326378539492,True
34,4,42,0.0,0.0,2.5,wave,2663,0,0,0.19677055951933908,True
34,4,43,0.0,0.0,2.5,wave,3070,0,0,0.2791530944625407,True
34,4,44,0.0,0.0,2.5,wave,2843,0,0,0.24797748856841365,True
34,4,45,0.0,0.0,2.5,wave,2725,0,0,0.2363302752293578,True
34,4,46,0.0,0.0,2.5,wave,2695,0,0,0.23933209647495363,True
34,4,47,0.0,0.0,2.5,wave,2639,0,0,0.24327396741189844,True
34,4,48,0.0,0.0,2.5,wave,2612,0,0,0.24310872894333843,True
34,4,49,0.0,0.0,2.5,wave,2592,0,0,0.2488425925925926,True
34,4,50,0.0,0.0,2.5,wave,2551,0,0,0.2544100352802822,True
34,4,51,0.0,0.0,2.5,wave,2519,0,0,0.25327510917030566,True
34,4,52,0.0,0.0,2.5,wave,2499,0,0,0.25690276110444177,True
34,5,1,0.0,0.0,2.5,wave,2475,0,0,0.2606060606060606,True
34,5,2,0.0,0.0,2.5,wave,2458,0,0,0.2636289666395443,True
34,5,3,0.0,0.0,2.5,wave,2438,0,0,0.2649712879409352,True
34,5,4,0.0,0.0,2.5,wave,2415,0,0,0.27039337474120084,True
34,5,5,0.0,0.0,2.5,wave,2393,0,0,0.2720434600919348,True
34,5,6,0.0,0.0,2.5,wave,2354,0,0,0.2740016992353441,True
34,5,7,0.0,0.0,2.5,wave,2324,0,0,0.2715146299483649,True
34,5,8,0.0,0.0,2.5,wave,2298,0,0,0.27676240208877284,True
34,5,9,0.0,0.0,2.5,wave,2264,0,0,0.2765017667844523,True
34,5,10,0.0,0.0,2.5,wave,2248,0,0,0.27846975088967973,True
34,5,11,0.0,0.0,2.5,wave,2223,0,0,0.27980206927575346,True
34,5,12,0.0,0.0,2.5,wave,2194,0,0,0.2821330902461258,True
34,5,13,0.0,0.0,2.5,wave,2180,0,0,0.2853211009174312,True
34,5,14,0.0,0.0,2.5,wave,2152,0,0,0.28763940520446096,True
34,5,15,0.0,0.0,2.5,wave,2122,0,0,0.29029217719132894,True
34,5,16,0.0,0.0,2.5,wave,2096,0,0,0.29103053435114506,True
34,5,17,0.0,0.0,2.5,wave,2074,0,0,0.2917068466730955,True
34,5,18,0.0,0.0,2.5,wave,4458,0,0,0.13615971287572903,True
34,5,19,0.0,0.0,2.5,wave,4373,0,0,0.13857763549050994,True
34,5,20,0.0,0.0,2.5,wave,4281,0,0,0.14108853071712216,True
34,5,21,0.0,0.0,2.5,wave,4212,0,0,0.14411206077872746,True
34,5,22,0.0,0.0,2.5,wave,4144,0,0,0.14647683397683398,True
34,5,23,0.0,0.0,2.5,wave,4050,0,0,0.14987654320987653,True
34,5,24,0.0,0.0,2.5,wave,3911,0,0,0.15494758373817438,True
34,5,25,0.0,0.0,2.5,wave,3837,0,0,0.15715402658326819,True
34,5,26,0.0,0.0,2.5,wave,3760,0,0,0.1601063829787234,True
34,5,27,0.0,0.0,2.5,wave,3700,0,0,0.16108108108108107,True
34,5,28,0.0,0.0,2.5,wave,3597,0,0,0.16319154851264944,True
34,5,29,0.0,0.0,2.5,wave,3461,0,0,0.16555908696908408,True
34,5,30,0.0,0.0,2.5,wave,3362,0,0,0.1710291493158834,True
34,5,31,0.0,0.0,2.5,wave,3294,0,0,0.17516697024893746,True
34,5,32,0.0,0.0,2.5,wave,3219,0,0,0.1783162472817645,True
34,5,33,0.0,0.0,2.5,wave,3168,0,0,0.18181818181818182,True
34,5,34,0.0,0.0,2.5,wave,3099,0,0,0.18393030009680542,True
34,5,35,0.0,0.0,2.5,wave,3032,0,0,0.18601583113456466,True
34,5,36,0.0,0.0,2.5,wave,2968,0,0,0.18867924528301888,True
34,5,37,0.0,0.0,2.5,wave,2918,0,0,0.19191226867717615,True
34,5,38,0.0,0.0,2.5,wave,2879,0,0,0.19381729767280306,True
34,5,39,0.0,0.0,2.5,wave,2843,0,0,0.19627154414351036,True
34,5,40,0.0,0.0,2.5,wave,2803,0,0,0.19764537995005352,True
34,5,41,0.0,0.0,2.5,wave,2772,0,0,0.20057720057720058,True
34,5,42,0.0,0.0,2.5,wave,2737,0,0,0.20168067226890757,True
34,5,43,0.0,0.0,2.5,wave,3187,0,0,0.2839661123313461,True
34,5,44,0.0,0.0,2.5,wave,2954,0,0,0.25558564658090727,True
34,5,45,0.0,0.0,2.5,wave,2810,0,0,0.23772241992882562,True
34,5,46,0.0,0.0,2.5,wave,2768,0,0,0.23699421965317918,True
34,5,47,0.0,0.0,2.5,wave,2712,0,0,0.234882005899705,True
34,5,48,0.0,0.0,2.5,wave,2699,0,0,0.23304927751018895,True
34,5,49,0.0,0.0,2.5,wave,2661,0,0,0.235249906050357,True
34,5,50,0.0,0.0,2.5,wave,2629,0,0,0.23659186002282237,True
34,5,51,0.0,0.0,2.5,wave,2603,0,0,0.24087591240875914,True
34,5,52,0.0,0.0,2.5,wave,2584,0,0,0.24342105263157895,True
34,6,1,0.0,0.0,2.5,wave,2563,0,0,0.24775653531018338,True
34,6,2,0.0,0.0,2.5,wave,2527,0,0,0.2504946576968738,True
34,6,3,0.0,0.0,2.5,wave,2518,0,0,0.25536139793486895,True
34,6,4,0.0,0.0,2.5,wave,2476,0,0,0.25484652665589663,True
34,6,5,0.0,0.0,2.5,wave,2439,0,0,0.25871258712587125,True
34,6,6,0.0,0.0,2.5,wave,2411,0,0,0.25964330153463294,True
34,6,7,0.0,0.0,2.5,wave,2379,0,0,0.26229508196721313,True
34,6,8,0.0,0.0,2.5,wave,2350,0,0,0.26468085106382977,True
34,6,9,0.0,0.0,2.5,wave,2333,0,0,0.26789541363051866,True
34,6,10,0.0,0.0,2.5,wave,2311,0,0,0.27001298139333624,True
34,6,11,0.0,0.0,2.5,wave,2280,0,0,0.27017543859649124,True
34,6,12,0.0,0.0,2.5,wave,2262,0,0,0.2718832891246684,True
34,6,13,0.0,0.0,2.5,wave,2231,0,0,0.27476467951591216,True
34,6,14,0.0,0.0,2.5,wave,2202,0,0,0.27838328792007266,True
34,6,15,0.0,0.0,2.5,wave,2171,0,0,0.27913403961308153,True
34,6,16,0.0,0.0,2.5,wave,2161,0,0,0.2804257288292457,True
34,6,17,0.0,0.0,2.5,wave,2141,0,0,0.2825782344698739,True
34,6,18,0.0,0.0,2.5,wave,4613,0,0,0.13180143073921527,True
34,6,19,0.0,0.0,2.5,wave,4536,0,0,0.1353615520282187,True
34,6,20,0.0,0.0,2.5,wave,4443,0,0,0.13661940130542427,True
34,6,21,0.0,0.0,2.5,wave,4350,0,0,0.1393103448275862,True
34,6,22,0.0,0.0,2.5,wave,4224,0,0,0.14441287878787878,True
34,6,23,0.0,0.0,2.5,wave,4138,0,0,0.1486225229579507,True
34,6,24,0.0,0.0,2.5,wave,4062,0,0,0.15214180206794684,True
34,6,25,0.0,0.0,2.5,wave,3970,0,0,0.153904282115869,True
34,6,26,0.0,0.0,2.5,wave,3905,0,0,0.15749039692701663,True
34,6,27,0.0,0.0,2.5,wave,3829,0,0,0.15878819535126665,True
34,6,28,0.0,0.0,2.5,wave,3742,0,0,0.16221272047033672,True
34,6,29,0.0,0.0,2.5,wave,3651,0,0,0.16488633251164064,True
34,6,30,0.0,0.0,2.5,wave,3582,0,0,0.16834170854271358,True
34,6,31,0.0,0.0,2.5,wave,3484,0,0,0.17020665901262916,True
34,6,32,0.0,0.0,2.5,wave,3387,0,0,0.1747859462651314,True
34,6,33,0.0,0.0,2.5,wave,3325,0,0,0.17834586466165414,True
34,6,34,0.0,0.0,2.5,wave,3258,0,0,0.18293431553100062,True
34,6,35,0.0,0.0,2.5,wave,3195,0,0,0.18466353677621283,True
34,6,36,0.0,0.0,2.5,wave,3137,0,0,0.18999043672298374,True
34,6,37,0.0,0.0,2.5,wave,3057,0,0,0.19103696434412823,True
34,6,38,0.0,0.0,2.5,wave,3016,0,0,0.1926392572944297,True
34,6,39,0.0,0.0,2.5,wave,2983,0,0,0.19678176332551123,True
34,6,40,0.0,0.0,2.5,wave,2944,0,0,0.19802989130434784,True
34,6,41,0.0,0.0,2.5,wave,2911,0,0,0.20096186877361732,True
34,6,42,0.0,0.0,2.5,wave,2887,0,0,0.20228611014894354,True
34,6,43,0.0,0.0,2.5,wave,3392,0,0,0.2818396226415094,True
34,6,44,0.0,0.0,2.5,wave,3134,0,0,0.25207402680280794,True
34,6,45,0.0,0.0,2.5,wave,2980,0,0,0.23859060402684565,True
34,6,46,0.0,0.0,2.5,wave,2901,0,0,0.23440193036883833,True
34,6,47,0.0,0.0,2.5,wave,2833,0,0,0.23332156724320507,True
34,6,48,0.0,0.0,2.5,wave,2804,0,0,0.23252496433666192,True
34,6,49,0.0,0.0,2.5,wave,2794,0,0,0.2301360057265569,True
34,6,50,0.0,0.0,2.5,wave,2739,0,0,0.22928075940124132,True
34,6,51,0.0,0.0,2.5,wave,2712,0,0,0.23119469026548672,True
34,6,52,0.0,0.0,2.5,wave,2679,0,0,0.23404255319148937,True
34,7,1,0.0,0.0,2.5,wave,2640,0,0,0.23674242424242425,True
34,7,2,0.0,0.0,2.5,wave,2606,0,0,0.23944742900997698,True
34,7,3,0.0,0.0,2.5,wave,2571,0,0,0.24154025670945156,True
34,7,4,0.0,0.0,2.5,wave,2535,0,0,0.24299802761341222,True
34,7,5,0.0,0.0,2.5,wave,2509,0,0,0.24671183738541252,True
34,7,6,0.0,0.0,2.5,wave,2479,0,0,0.2488906817265026,True
34,7,7,0.0,0.0,2.5,wave,2449,0,0,0.2515312372396897,True
34,7,8,0.0,0.0,2.5,wave,2429,0,0,0.25442568958419104,True
34,7,9,0.0,0.0,2.5,wave,2399,0,0,0.25468945393914133,True
34,7,10,0.0,0.0,2.5,wave,2361,0,0,0.2596357475645913,True
34,7,11,0.0,0.0,2.5,wave,2338,0,0,0.26047904191616766,True
34,7,12,0.0,0.0,2.5,wave,2307,0,0,0.2631122670134374,True
34,7,13,0.0,0.0,2.5,wave,2287,0,0,0.2641014429383472,True
34,7,14,0.0,0.0,2.5,wave,2266,0,0,0.26522506619594,True
34,7,15,0.0,0.0,2.5,wave,2248,0,0,0.26734875444839856,True
34,7,16,0.0,0.0,2.5,wave,2225,0,0,0.26786516853932585,True
34,7,17,0.0,0.0,2.5,wave,2203,0,0,0.2723558783477077,True
34,7,18,0.0,0.0,2.5,wave,4642,0,0,0.13033175355450238,True
34,7,19,0.0,0.0,2.5,wave,4567,0,0,0.13334793080797022,True
34,7,20,0.0,0.0,2.5,wave,4453,0,0,0.13541432741971704,True
34,7,21,0.0,0.0,2.5,wave,4361,0,0,0.13781242834212337,True
34,7,22,0.0,0.0,2.5,wave,4250,0,0,0.14188235294117646,True
34,7,23,0.0,0.0,2.5,wave,4146,0,0,0.14495899662325132,True
34,7,24,0.0,0.0,2.5,wave,4053,0,0,0.14779175919072293,True
34,7,25,0.0,0.0,2.5,wave,3980,0,0,0.1507537688442211,True
34,7,26,0.0,0.0,2.5,wave,3905,0,0,0.15467349551856593,True
34,7,27,0.0,0.0,2.5,wave,3818,0,0,0.15819800942902043,True
34,7,28,0.0,0.0,2.5,wave,3749,0,0,0.16030941584422512,True
34,7,29,0.0,0.0,2.5,wave,3671,0,0,0.1642604195042223,True
34,7,30,0.0,0.0,2.5,wave,3633,0,0,0.16790531241398293,True
34,7,31,0.0,0.0,2.5,wave,3568,0,0,0.17152466367713004,True
34,7,32,0.0,0.0,2.5,wave,3475,0,0,0.17410071942446043,True
34,7,33,0.0,0.0,2.5,wave,3419,0,0,0.17461245978356243,True
34,7,34,0.0,0.0,2.5,wave,3332,0,0,0.17677070828331332,True
34,7,35,0.0,0.0,2.5,wave,3267,0,0,0.18059381695745333,True
34,7,36,0.0,0.0,2.5,wave,3211,0,0,0.18374338212394892,True
34,7,37,0.0,0.0,2.5,wave,3149,0,0,0.18640838361384565,True
34,7,38,0.0,0.0,2.5,wave,3097,0,0,0.18727801097836616,True
34,7,39,0.0,0.0,2.5,wave,3050,0,0,0.1898360655737705,True
34,7,40,0.0,0.0,2.5,wave,3007,0,0,0.19288327236448288,True
34,7,41,0.0,0.0,2.5,wave,2958,0,0,0.19574036511156187,True
34,7,42,0.0,0.0,2.5,wave,2916,0,0,0.19958847736625515,True
34,7,43,0.0,0.0,2.5,wave,3507,0,0,0.29227259766181923,True
34,7,44,0.0,0.0,2.5,wave,3223,0,0,0.26621160409556316,True
34,7,45,0.0,0.0,2.5,wave,3059,0,0,0.2484472049689441,True
34,7,46,0.0,0.0,2.5,wave,2987,0,0,0.23970539002343488,True
34,7,47,0.0,0.0,2.5,wave,2922,0,0,0.23648186173853525,True
34,7,48,0.0,0.0,2.5,wave,2881,0,0,0.23707046164526205,True
34,7,49,0.0,0.0,2.5,wave,2843,0,0,0.23707351389377418,True
34,7,50,0.0,0.0,2.5,wave,2833,0,0,0.2368513942816802,True
34,7,51,0.0,0.0,2.5,wave,2797,0,0,0.2366821594565606,True
34,7,52,0.0,0.0,2.5,wave,2765,0,0,0.2383363471971067,True
34,8,1,0.0,0.0,2.5,wave,2730,0,0,0.2402930402930403,True
34,8,2,0.0,0.0,2.5,wave,2708,0,0,0.2429837518463811,True
34,8,3,0.0,0.0,2.5,wave,2669,0,0,0.24541026601723492,True
34,8,4,0.0,0.0,2.5,wave,2645,0,0,0.2495274102079395,True
34,8,5,0.0,0.0,2.5,wave,2621,0,0,0.250667684090042,True
34,8,6,0.0,0.0,2.5,wave,2598,0,0,0.2517321016166282,True
34,8,7,0.0,0.0,2.5,wave,2571,0,0,0.2555425904317386,True
34,8,8,0.0,0.0,2.5,wave,2541,0,0,0.25737898465171194,True
34,8,9,0.0,0.0,2.5,wave,2523,0,0,0.25842251288149026,True
34,8,10,0.0,0.0,2.5,wave,2493,0,0,0.26073004412354595,True
34,8,11,0.0,0.0,2.5,wave,2476,0,0,0.26252019386106623,True
34,8,12,0.0,0.0,2.5,wave,2436,0,0,0.2639573070607553,True
34,8,13,0.0,0.0,2.5,wave,2418,0,0,0.26592224979321755,True
34,8,14,0.0,0.0,2.5,wave,2397,0,0,0.2690863579474343,True
34,8,15,0.0,0.0,2.5,wave,2375,0,0,0.27031578947368423,True
34,8,16,0.0,0.0,2.5,wave,2348,0,0,0.2721465076660988,True
34,8,17,0.0,0.0,2.5,wave,2320,0,0,0.2728448275862069,True
34,8,18,0.0,0.0,2.5,wave,5195,0,0,0.12319538017324351,True
34,8,19,0.0,0.0,2.5,wave,5122,0,0,0.12495119094103865,True
34,8,20,0.0,0.0,2.5,wave,5020,0,0,0.1294820717131474,True
34,8,21,0.0,0.0,2.5,wave,4878,0,0,0.13325133251332513,True
34,8,22,0.0,0.0,2.5,wave,4785,0,0,0.135423197492163,True
34,8,23,0.0,0.0,2.5,wave,4678,0,0,0.1387345019238991,True
34,8,24,0.0,0.0,2.5,wave,4585,0,0,0.14133042529989095,True
34,8,25,0.0,0.0,2.5,wave,4511,0,0,0.1440922190201729,True
34,8,26,0.0,0.0,2.5,wave,4414,0,0,0.1483914816492977,True
34,8,27,0.0,0.0,2.5,wave,4307,0,0,0.1520780125377293,True
34,8,28,0.0,0.0,2.5,wave,4182,0,0,0.1563845050215208,True
34,8,29,0.0,0.0,2.5,wave,4116,0,0,0.15816326530612246,True
34,8,30,0.0,0.0,2.5,wave,4064,0,0,0.1624015748031496,True
34,8,31,0.0,0.0,2.5,wave,3970,0,0,0.1659949622166247,True
34,8,32,0.0,0.0,2.5,wave,3876,0,0,0.1692466460268318,True
34,8,33,0.0,0.0,2.5,wave,3790,0,0,0.17361477572559367,True
34,8,34,0.0,0.0,2.5,wave,3729,0,0,0.1772593188522392,True
34,8,35,0.0,0.0,2.5,wave,3673,0,0,0.17914511298665942,True
34,8,36,0.0,0.0,2.5,wave,3606,0,0,0.18275097060454798,True
34,8,37,0.0,0.0,2.5,wave,3519,0,0,0.18897414038079,True
34,8,38,0.0,0.0,2.5,wave,3468,0,0,0.1914648212226067,True
34,8,39,0.0,0.0,2.5,wave,3428,0,0,0.19369894982497082,True
34,8,40,0.0,0.0,2.5,wave,3382,0,0,0.19662921348314608,True
34,8,41,0.0,0.0,2.5,wave,3349,0,0,0.19856673633920574,True
34,8,42,0.0,0.0,2.5,wave,3307,0,0,0.20048382219534322,True
34,8,43,0.0,0.0,2.5,wave,3953,0,0,0.2858588413862889,True
34,8,44,0.0,0.0,2.5,wave,3610,0,0,0.2548476454293629,True
34,8,45,0.0,0.0,2.5,wave,3412,0,0,0.24003516998827668,True
34,8,46,0.0,0.0,2.5,wave,3319,0,0,0.23621572762880386,True
34,8,47,0.0,0.0,2.5,wave,3245,0,0,0.23759630200308166,True
34,8,48,0.0,0.0,2.5,wave,3231,0,0,0.23769730733519034,True
34,8,49,0.0,0.0,2.5,wave,3188,0,0,0.23902132998745296,True
34,8,50,0.0,0.0,2.5,wave,3133,0,0,0.23811043728056175,True
34,8,51,0.0,0.0,2.5,wave,3086,0,0,0.23979261179520414,True
34,8,52,0.0,0.0,2.5,wave,3060,0,0,0.24411764705882352,True
34,9,1,0.0,0.0,2.5,wave,3032,0,0,0.2450527704485488,True
34,9,2,0.0,0.0,2.5,wave,2983,0,0,0.2484076433121019,True
34,9,3,0.0,0.0,2.5,wave,2955,0,0,0.25109983079526227,True
34,9,4,0.0,0.0,2.5,wave,2913,0,0,0.25197391005835906,True
34,9,5,0.0,0.0,2.5,wave,2888,0,0,0.25450138504155123,True
34,9,6,0.0,0.0,2.5,wave,2861,0,0,0.2562041244320168,True
34,9,7,0.0,0.0,2.5,wave,2837,0,0,0.2604864293267536,True
34,9,8,0.0,0.0,2.5,wave,2801,0,0,0.26276329882184934,True
34,9,9,0.0,0.0,2.5,wave,2778,0,0,0.2638588912886969,True
34,9,10,0.0,0.0,2.5,wave,2747,0,0,0.265744448489261,True
34,9,11,0.0,0.0,2.5,wave,2713,0,0,0.27018061186877995,True
34,9,12,0.0,0.0,2.5,wave,2673,0,0,0.2742237186681631,True
34,9,13,0.0,0.0,2.5,wave,2646,0,0,0.2766439909297052,True
34,9,14,0.0,0.0,2.5,wave,2601,0,0,0.27835447904652055,True
34,9,15,0.0,0.0,2.5,wave,2581,0,0,0.28128632313056956,True
34,9,16,0.0,0.0,2.5,wave,2560,0,0,0.28359375,True
34,9,17,0.0,0.0,2.5,wave,2544,0,0,0.28577044025157233,True
34,9,18,0.0,0.0,2.5,wave,5269,0,0,0.12943632567849686,True
34,9,19,0.0,0.0,2.5,wave,5186,0,0,0.1322792132664867,True
34,9,20,0.0,0.0,2.5,wave,5084,0,0,0.13611329661683713,True
34,9,21,0.0,0.0,2.5,wave,4973,0,0,0.13874924592801127,True
34,9,22,0.0,0.0,2.5,wave,4878,0,0,0.14288642886428865,True
34,9,23,0.0,0.0,2.5,wave,4789,0,0,0.14491543119649197,True
34,9,24,0.0,0.0,2.5,wave,4711,0,0,0.1477393334748461,True
34,9,25,0.0,0.0,2.5,wave,4613,0,0,0.15152828961630174,True
34,9,26,0.0,0.0,2.5,wave,4559,0,0,0.1559552533450318,True
34,9,27,0.0,0.0,2.5,wave,4490,0,0,0.15857461024498887,True
34,9,28,0.0,0.0,2.5,wave,4410,0,0,0.16145124716553289,True
34,9,29,0.0,0.0,2.5,wave,4354,0,0,0.1639871382636656,True
34,9,30,0.0,0.0,2.5,wave,4272,0,0,0.16666666666666666,True
34,9,31,0.0,0.0,2.5,wave,4207,0,0,0.17019253624910863,True
34,9,32,0.0,0.0,2.5,wave,4151,0,0,0.17224765116839316,True
34,9,33,0.0,0.0,2.5,wave,4057,0,0,0.17525264974118807,True
34,9,34,0.0,0.0,2.5,wave,3991,0,0,0.17790027562014532,True
34,9,35,0.0,0.0,2.5,wave,3944,0,0,0.1815415821501014,True
34,9,36,0.0,0.0,2.5,wave,3883,0,0,0.18387844450167395,True
34,9,37,0.0,0.0,2.5,wave,3821,0,0,0.18633865480240774,True
34,9,38,0.0,0.0,2.5,wave,3782,0,0,0.18958223162347965,True
34,9,39,0.0,0.0,2.5,wave,3740,0,0,0.19171122994652406,True
34,9,40,0.0,0.0,2.5,wave,3689,0,0,0.19571699647600976,True
34,9,41,0.0,0.0,2.5,wave,3649,0,0,0.19895861879967114,True
34,9,42,0.0,0.0,2.5,wave,3594,0,0,0.2011686143572621,True
34,9,43,0.0,0.0,2.5,wave,4295,0,0,0.28474970896391155,True
34,9,44,0.0,0.0,2.5,wave,3957,0,0,0.25827647207480414,True
34,9,45,0.0,0.0,2.5,wave,3730,0,0,0.2418230563002681,True
34,9,46,0.0,0.0,2.5,wave,3617,0,0,0.23748963229195466,True
34,9,47,0.0,0.0,2.5,wave,3552,0,0,0.23507882882882883,True
34,9,48,0.0,0.0,2.5,wave,3495,0,0,0.23547925608011444,True
34,9,49,0.0,0.0,2.5,wave,3449,0,0,0.2336909249057698,True
34,9,50,0.0,0.0,2.5,wave,3409,0,0,0.23437958345555882,True
34,9,51,0.0,0.0,2.5,wave,3388,0,0,0.23524203069657615,True
34,9,52,0.0,0.0,2.5,wave,3349,0,0,0.23708569722305164,True
34,10,1,0.0,0.0,2.5,wave,3298,0,0,0.23832625833838691,True
34,10,2,0.0,0.0,2.5,wave,3258,0,0,0.2421731123388582,True
34,10,3,0.0,0.0,2.5,wave,3229,0,0,0.2446577887890988,True
34,10,4,0.0,0.0,2.5,wave,3195,0,0,0.24726134585289514,True
34,10,5,0.0,0.0,2.5,wave,3168,0,0,0.2503156565656566,True
34,10,6,0.0,0.0,2.5,wave,3122,0,0,0.2524023062139654,True
34,10,7,0.0,0.0,2.5,wave,3103,0,0,0.2545923300032227,True
34,10,8,0.0,0.0,2.5,wave,3067,0,0,0.25595044016954677,True
34,10,9,0.0,0.0,2.5,wave,3047,0,0,0.25927141450607155,True
34,10,10,0.0,0.0,2.5,wave,3027,0,0,0.2616451932606541,True
34,10,11,0.0,0.0,2.5,wave,2990,0,0,0.2625418060200669,True
34,10,12,0.0,0.0,2.5,wave,2966,0,0,0.2673634524612272,True
34,10,13,0.0,0.0,2.5,wave,2942,0,0,0.26750509857239974,True
34,10,14,0.0,0.0,2.5,wave,2923,0,0,0.27266507013342456,True
34,10,15,0.0,0.0,2.5,wave,2877,0,0,0.2735488355926312,True
34,10,16,0.0,0.0,2.5,wave,2856,0,0,0.2755602240896359,True
34,10,17,0.0,0.0,2.5,wave,2829,0,0,0.27748320961470485,True
34,10,18,0.0,0.0,2.5,wave,6050,0,0,0.12462809917355372,True
34,10,19,0.0,0.0,2.5,wave,5984,0,0,0.12800802139037434,True
34,10,20,0.0,0.0,2.5,wave,5880,0,0,0.13146258503401362,True
34,10,21,0.0,0.0,2.5,wave,5810,0,0,0.13459552495697075,True
34,10,22,0.0,0.0,2.5,wave,5729,0,0,0.13614941525571653,True
34,10,23,0.0,0.0,2.5,wave,5633,0,0,0.13882478253151073,True
34,10,24,0.0,0.0,2.5,wave,5515,0,0,0.14215775158658206,True
34,10,25,0.0,0.0,2.5,wave,5407,0,0,0.14536711670057334,True
34,10,26,0.0,0.0,2.5,wave,5291,0,0,0.14836514836514836,True
34,10,27,0.0,0.0,2.5,wave,5171,0,0,0.1498742989750532,True
34,10,28,0.0,0.0,2.5,wave,5058,0,0,0.15361803084223014,True
34,10,29,0.0,0.0,2.5,wave,4958,0,0,0.1565147236789028,True
34,10,30,0.0,0.0,2.5,wave,4888,0,0,0.1599836333878887,True
34,10,31,0.0,0.0,2.5,wave,4771,0,0,0.16306853909033744,True
34,10,32,0.0,0.0,2.5,wave,4663,0,0,0.16748874115376367,True
34,10,33,0.0,0.0,2.5,wave,4559,0,0,0.1702127659574468,True
34,10,34,0.0,0.0,2.5,wave,4499,0,0,0.17359413202933985,True
34,10,35,0.0,0.0,2.5,wave,4426,0,0,0.17713511070944418,True
34,10,36,0.0,0.0,2.5,wave,4366,0,0,0.1809436555199267,True
34,10,37,0.0,0.0,2.5,wave,4289,0,0,0.1830263464677081,True
34,10,38,0.0,0.0,2.5,wave,4216,0,0,0.1864326375711575,True
34,10,39,0.0,0.0,2.5,wave,4173,0,0,0.18787443086508507,True
34,10,40,0.0,0.0,2.5,wave,4116,0,0,0.19144800777453838,True
34,10,41,0.0,0.0,2.5,wave,4078,0,0,0.1937224129475233,True
34,10,42,0.0,0.0,2.5,wave,4039,0,0,0.19683089873731122,True
34,10,43,0.0,0.0,2.5,wave,4885,0,0,0.29211873080859774,True
34,10,44,0.0,0.0,2.5,wave,4475,0,0,0.26212290502793295,True
34,10,45,0.0,0.0,2.5,wave,4205,0,0,0.24803804994054696,True
34,10,46,0.0,0.0,2.5,wave,4044,0,0,0.23862512363996044,True
34,10,47,0.0,0.0,2.5,wave,3990,0,0,0.23809523809523808,True
34,10,48,0.0,0.0,2.5,wave,3939,0,0,0.2376237623762376,True
34,10,49,0.0,0.0,2.5,wave,3902,0,0,0.23833931317273194,True
34,10,50,0.0,0.0,2.5,wave,3818,0,0,0.23808276584599267,True
34,10,51,0.0,0.0,2.5,wave,3786,0,0,0.24062334918119388,True
34,10,52,0.0,0.0,2.5,wave,3734,0,0,0.24290305302624532,True
34,11,1,0.0,0.0,2.5,wave,3701,0,0,0.24669008376114562,True
34,11,2,0.0,0.0,2.5,wave,3677,0,0,0.24884416644003263,True
34,11,3,0.0,0.0,2.5,wave,3638,0,0,0.25288620120945576,True
34,11,4,0.0,0.0,2.5,wave,3603,0,0,0.2547876769358868,True
34,11,5,0.0,0.0,2.5,wave,3572,0,0,0.2547592385218365,True
34,11,6,0.0,0.0,2.5,wave,3528,0,0,0.25793650793650796,True
34,11,7,0.0,0.0,2.5,wave,3484,0,0,0.2600459242250287,True
34,11,8,0.0,0.0,2.5,wave,3457,0,0,0.2632340179346254,True
34,11,9,0.0,0.0,2.5,wave,3419,0,0,0.2646972799064054,True
34,11,10,0.0,0.0,2.5,wave,3378,0,0,0.2655417406749556,True
34,11,11,0.0,0.0,2.5,wave,3351,0,0,0.26768128916741274,True
34,11,12,0.0,0.0,2.5,wave,3316,0,0,0.26990349819059106,True
34,11,13,0.0,0.0,2.5,wave,3275,0,0,0.2720610687022901,True
34,11,14,0.0,0.0,2.5,wave,3246,0,0,0.2751078250154036,True
34,11,15,0.0,0.0,2.5,wave,3202,0,0,0.2767020612117427,True
34,11,16,0.0,0.0,2.5,wave,3177,0,0,0.277935158954989,True
34,11,17,0.0,0.0,2.5,wave,3138,0,0,0.28107074569789675,True
34,11,18,0.0,0.0,2.5,wave,6558,0,0,0.12717291857273558,True
34,11,19,0.0,0.0,2.5,wave,6461,0,0,0.12861786101222722,True
34,11,20,0.0,0.0,2.5,wave,6325,0,0,0.13185770750988143,True
34,11,21,0.0,0.0,2.5,wave,6216,0,0,0.13497425997425996,True
34,11,22,0.0,0.0,2.5,wave,6111,0,0,0.1376206840124366,True
34,11,23,0.0,0.0,2.5,wave,5986,0,0,0.1398262612763114,True
34,11,24,0.0,0.0,2.5,wave,5868,0,0,0.14229720518064076,True
34,11,25,0.0,0.0,2.5,wave,5767,0,0,0.14600312120686665,True
34,11,26,0.0,0.0,2.5,wave,5673,0,0,0.14771725718314824,True
34,11,27,0.0,0.0,2.5,wave,5576,0,0,0.15046628407460544,True
34,11,28,0.0,0.0,2.5,wave,5469,0,0,0.1534101298226367,True
34,11,29,0.0,0.0,2.5,wave,5367,0,0,0.15688466554872368,True
34,11,30,0.0,0.0,2.5,wave,5276,0,0,0.15921152388172857,True
34,11,31,0.0,0.0,2.5,wave,5203,0,0,0.16221410724581972,True
34,11,32,0.0,0.0,2.5,wave,5094,0,0,0.165685119748724,True
34,11,33,0.0,0.0,2.5,wave,4990,0,0,0.16753507014028057,True
34,11,34,0.0,0.0,2.5,wave,4871,0,0,0.17080681584890167,True
34,11,35,0.0,0.0,2.5,wave,4812,0,0,0.1731088944305902,True
34,11,36,0.0,0.0,2.5,wave,4708,0,0,0.17523364485981308,True
34,11,37,0.0,0.0,2.5,wave,4645,0,0,0.17717976318622175,True
34,11,38,0.0,0.0,2.5,wave,4572,0,0,0.17979002624671916,True
34,11,39,0.0,0.0,2.5,wave,4510,0,0,0.18181818181818182,True
34,11,40,0.0,0.0,2.5,wave,4450,0,0,0.18382022471910112,True
34,11,41,0.0,0.0,2.5,wave,4399,0,0,0.1861786769720391,True
34,11,42,0.0,0.0,2.5,wave,4351,0,0,0.1889220868765801,True
34,11,43,0.0,0.0,2.5,wave,5125,0,0,0.2780487804878049,True
34,11,44,0.0,0.0,2.5,wave,4709,0,0,0.24952219154809938,True
34,11,45,0.0,0.0,2.5,wave,4423,0,0,0.23174316075062176,True
34,11,46,0.0,0.0,2.5,wave,4285,0,0,0.2247374562427071,True
34,11,47,0.0,0.0,2.5,wave,4203,0,0,0.22341184867951464,True
34,11,48,0.0,0.0,2.5,wave,4134,0,0,0.22181906144170296,True
34,11,49,0.0,0.0,2.5,wave,4086,0,0,0.2209985315712188,True
34,11,50,0.0,0.0,2.5,wave,4018,0,0,0.22424091587854655,True
34,11,51,0.0,0.0,2.5,wave,3972,0,0,0.22734138972809667,True
34,11,52,0.0,0.0,2.5,wave,3928,0,0,0.22937881873727087,True
35,1,1,0.0,0.0,2.5,wave,2678,0,0,0.002987303958177745,True
35,1,2,0.0,0.0,2.5,wave,2667,0,0,0.005249343832020997,True
35,1,3,0.0,0.0,2.5,wave,2640,0,0,0.008333333333333333,True
35,1,4,0.0,0.0,2.5,wave,2596,0,0,0.008859784283513097,True
35,1,5,0.0,0.0,2.5,wave,2563,0,0,0.011705033164260631,True
35,1,6,0.0,0.0,2.5,wave,2535,0,0,0.011439842209072978,True
35,1,7,0.0,0.0,2.5,wave,2497,0,0,0.015218261914297157,True
35,1,8,0.0,0.0,2.5,wave,2472,0,0,0.01779935275080906,True
35,1,9,0.0,0.0,2.5,wave,2460,0,0,0.01951219512195122,True
35,1,10,0.0,0.0,2.5,wave,2439,0,0,0.02132021320213202,True
35,1,11,0.0,0.0,2.5,wave,2411,0,0,0.02198257984238905,True
35,1,12,0.0,0.0,2.5,wave,2394,0,0,0.024644945697577275,True
35,1,13,0.0,0.0,2.5,wave,2366,0,0,0.026627218934911243,True
35,1,14,0.0,0.0,2.5,wave,2364,0,0,0.02918781725888325,True
35,1,15,0.0,0.0,2.5,wave,2333,0,0,0.03257608229747107,True
35,1,16,0.0,0.0,2.5,wave,2311,0,0,0.03461704889658156,True
35,1,17,0.0,0.0,2.5,wave,2284,0,0,0.03590192644483362,True
35,1,18,0.0,0.0,2.5,wave,6367,0,0,0.015077744620700486,True
35,1,19,0.0,0.0,2.5,wave,6229,0,0,0.017338256541981057,True
35,1,20,0.0,0.0,2.5,wave,6100,0,0,0.019344262295081967,True
35,1,21,0.0,0.0,2.5,wave,5975,0,0,0.020585774058577404,True
35,1,22,0.0,0.0,2.5,wave,5851,0,0,0.02170569133481456,True
35,1,23,0.0,0.0,2.5,wave,5743,0,0,0.02455162806895351,True
35,1,24,0.0,0.0,2.5,wave,5606,0,0,0.025865144488048518,True
35,1,25,0.0,0.0,2.5,wave,5475,0,0,0.027579908675799087,True
35,1,26,0.0,0.0,2.5,wave,5361,0,0,0.029099048684946838,True
35,1,27,0.0,0.0,2.5,wave,5236,0,0,0.030366692131398015,True
35,1,28,0.0,0.0,2.5,wave,5130,0,0,0.032553606237816765,True
35,1,29,0.0,0.0,2.5,wave,5009,0,0,0.034937113196246754,True
35,1,30,0.0,0.0,2.5,wave,4901,0,0,0.036115078555396855,True
35,1,31,0.0,0.0,2.5,wave,4797,0,0,0.03919116114238066,True
35,1,32,0.0,0.0,2.5,wave,4697,0,0,0.04215456674473068,True
35,1,33,0.0,0.0,2.5,wave,4565,0,0,0.044906900328587074,True
35,1,34,0.0,0.0,2.5,wave,4493,0,0,0.04740707767638549,True
35,1,35,0.0,0.0,2.5,wave,4417,0,0,0.0498075616934571,True
35,1,36,0.0,0.0,2.5,wave,4323,0,0,0.05181586860976174,True
35,1,37,0.0,0.0,2.5,wave,4231,0,0,0.05530607421413378,True
35,1,38,0.0,0.0,2.5,wave,4177,0,0,0.05745750538664113,True
35,1,39,0.0,0.0,2.5,wave,4106,0,0,0.059912323429128105,True
35,1,40,0.0,0.0,2.5,wave,4050,0,0,0.06320987654320988,True
35,1,41,0.0,0.0,2.5,wave,3967,0,0,0.06478447189311823,True
35,1,42,0.0,0.0,2.5,wave,3914,0,0,0.06770567194685743,True
35,1,43,0.0,0.0,2.5,wave,3931,0,0,0.08929025693207836,True
35,1,44,0.0,0.0,2.5,wave,3882,0,0,0.09170530654301906,True
35,1,45,0.0,0.0,2.5,wave,3815,0,0,0.09436435124508519,True
35,1,46,0.0,0.0,2.5,wave,3787,0,0,0.09638236070768419,True
35,1,47,0.0,0.0,2.5,wave,3756,0,0,0.09771033013844516,True
35,1,48,0.0,0.0,2.5,wave,3707,0,0,0.10169948745616401,True
35,1,49,0.0,0.0,2.5,wave,3697,0,0,0.10549093859886394,True
35,1,50,0.0,0.0,2.5,wave,3656,0,0,0.10667396061269147,True
35,1,51,0.0,0.0,2.5,wave,3624,0,0,0.11147902869757174,True
35,1,52,0.0,0.0,2.5,wave,3582,0,0,0.1111111111111111,True
35,2,1,0.0,0.0,2.5,wave,3538,32,7,0.11390616167326173,False
35,2,2,0.0,0.0,2.5,wave,3486,40,13,0.11703958691910499,False
35,2,3,0.0,0.0,2.5,wave,3443,37,9,0.11850130699970955,False
35,2,4,0.0,0.0,2.5,wave,3399,33,11,0.12209473374521919,False
35,2,5,0.0,0.0,2.5,wave,3359,39,14,0.12503721345638583,False
35,2,6,0.0,0.0,2.5,wave,3311,38,13,0.12715191784959226,False
35,2,7,0.0,0.0,2.5,wave,3261,50,9,0.1297148114075437,False
35,2,8,0.0,0.0,2.5,wave,3208,50,18,0.12998753117206982,False
35,2,9,0.0,0.0,2.5,wave,3168,70,24,0.13257575757575757,False
35,2,10,0.0,0.0,2.5,wave,3106,70,16,0.1339343206696716,False
35,2,11,0.0,0.0,2.5,wave,3066,84,19,0.1350293542074364,False
35,2,12,0.0,0.0,2.5,wave,3015,85,28,0.13897180762852404,False
35,2,13,0.0,0.0,2.5,wave,2966,96,39,0.13958192852326365,False
35,2,14,0.0,0.0,2.5,wave,2907,93,36,0.14138286893704852,False
35,2,15,0.0,0.0,2.5,wave,2853,80,35,0.14370837714686296,False
35,2,16,0.0,0.0,2.5,wave,2795,76,32,0.1445438282647585,False
35,2,17,0.0,0.0,2.5,wave,2743,71,24,0.14801312431644184,False
35,2,18,0.0,0.0,2.5,wave,5407,67,24,0.07582763084889957,False
35,2,19,0.0,0.0,2.5,wave,5314,87,32,0.07978923598042906,False
35,2,20,0.0,0.0,2.5,wave,5207,113,32,0.08162089494910697,False
35,2,21,0.0,0.0,2.5,wave,5064,109,39,0.08590047393364929,False
35,2,22,0.0,0.0,2.5,wave,4943,125,50,0.08861015577584463,False
35,2,23,0.0,0.0,2.5,wave,4797,119,41,0.09089013967062748,False
35,2,24,0.0,0.0,2.5,wave,4658,124,45,0.09424645770717045,False
35,2,25,0.0,0.0,2.5,wave,4554,123,53,0.09771629336846728,False
35,2,26,0.0,0.0,2.5,wave,4443,115,44,0.1003826243529147,False
35,2,27,0.0,0.0,2.5,wave,4326,98,41,0.103791030975497,False
35,2,28,0.0,0.0,2.5,wave,4215,96,36,0.10699881376037959,False
35,2,29,0.0,0.0,2.5,wave,4088,93,36,0.1086105675146771,False
35,2,30,0.0,0.0,2.5,wave,3998,98,41,0.11080540270135067,False
35,2,31,0.0,0.0,2.5,wave,3865,91,32,0.11332470892626131,False
35,2,32,0.0,0.0,2.5,wave,3765,89,30,0.1152722443559097,False
35,2,33,0.0,0.0,2.5,wave,3662,85,36,0.11714909885308575,False
35,2,34,0.0,0.0,2.5,wave,3562,71,33,0.12240314430095452,False
35,2,35,0.0,0.0,2.5,wave,3471,65,29,0.12705272255834055,False
35,2,36,0.0,0.0,2.5,wave,3365,53,22,0.1298662704309064,False
35,2,37,0.0,0.0,2.5,wave,3275,47,21,0.1334351145038168,False
35,2,38,0.0,0.0,2.5,wave,3229,47,21,0.13688448436048312,False
35,2,39,0.0,0.0,2.5,wave,3173,40,16,0.1377245508982036,False
35,2,40,0.0,0.0,2.5,wave,3129,36,14,0.1393416426973474,False
35,2,41,0.0,0.0,2.5,wave,3079,32,13,0.1448522247482949,False
35,2,42,0.0,0.0,2.5,wave,3040,33,16,0.14868421052631578,False
35,2,43,0.0,0.0,2.5,wave,3019,38,13,0.17654852600198742,False
35,2,44,0.0,0.0,2.5,wave,2918,31,13,0.16997943797121315,False
35,2,45,0.0,0.0,2.5,wave,2880,29,11,0.17152777777777778,False
35,2,46,0.0,0.0,2.5,wave,2843,24,8,0.17305663032008442,False
35,2,47,0.0,0.0,2.5,wave,2815,24,9,0.17655417406749557,False
35,2,48,0.0,0.0,2.5,wave,2781,20,8,0.17691477885652643,False
35,2,49,0.0,0.0,2.5,wave,2764,21,7,0.17981186685962372,False
35,2,50,0.0,0.0,2.5,wave,2728,22,6,0.1814516129032258,False
35,2,51,0.0,0.0,2.5,wave,2707,24,7,0.18544514222386405,False
35,2,52,0.0,0.0,2.5,wave,2675,24,8,0.18766355140186916,False
35,3,1,0.0,0.0,2.5,wave,2648,23,11,0.19184290030211482,False
35,3,2,0.0,0.0,2.5,wave,2618,22,12,0.19213139801375095,False
35,3,3,0.0,0.0,2.5,wave,2570,18,10,0.19649805447470817,False
35,3,4,0.0,0.0,2.5,wave,2540,11,5,0.19645669291338583,False
35,3,5,0.0,0.0,2.5,wave,2508,11,4,0.20175438596491227,False
35,3,6,0.0,0.0,2.5,wave,2480,10,4,0.2028225806451613,False
35,3,7,0.0,0.0,2.5,wave,2461,8,3,0.2023567655424624,False
35,3,8,0.0,0.0,2.5,wave,2439,9,3,0.20418204182041821,False
35,3,9,0.0,0.0,2.5,wave,2413,10,1,0.20513883133029423,False
35,3,10,0.0,0.0,2.5,wave,2378,9,3,0.20857863751051303,False
35,3,11,0.0,0.0,2.5,wave,2341,10,4,0.20803075608714225,False
35,3,12,0.0,0.0,2.5,wave,2315,8,4,0.21079913606911446,False
35,3,13,0.0,0.0,2.5,wave,2287,7,5,0.2133799737647573,False
35,3,14,0.0,0.0,2.5,wave,2265,4,3,0.21501103752759382,False
35,3,15,0.0,0.0,2.5,wave,2229,6,1,0.21758636159712877,False
35,3,16,0.0,0.0,2.5,wave,2217,5,1,0.22056833558863329,False
35,3,17,0.0,0.0,2.5,wave,2181,9,2,0.22054103622191656,False
35,3,18,0.0,0.0,2.5,wave,4720,10,4,0.10190677966101695,False
35,3,19,0.0,0.0,2.5,wave,4646,18,4,0.1037451571244081,False
35,3,20,0.0,0.0,2.5,wave,4515,17,3,0.10741971207087486,False
35,3,21,0.0,0.0,2.5,wave,4420,18,5,0.11018099547511312,False
35,3,22,0.0,0.0,2.5,wave,4276,26,7,0.11295603367633301,False
35,3,23,0.0,0.0,2.5,wave,4178,26,11,0.1170416467209191,False
35,3,24,0.0,0.0,2.5,wave,4077,29,11,0.12214863870493009,False
35,3,25,0.0,0.0,2.5,wave,3991,23,7,0.12427962916562266,False
35,3,26,0.0,0.0,2.5,wave,3881,21,10,0.12677145065704715,False
35,3,27,0.0,0.0,2.5,wave,3790,22,11,0.13034300791556727,False
35,3,28,0.0,0.0,2.5,wave,3692,21,7,0.13488624052004333,False
35,3,29,0.0,0.0,2.5,wave,3617,22,7,0.13630080176942216,False
35,3,30,0.0,0.0,2.5,wave,3552,23,8,0.13935810810810811,False
35,3,31,0.0,0.0,2.5,wave,3504,24,11,0.14126712328767124,False
35,3,32,0.0,0.0,2.5,wave,3418,27,14,0.14511410181392628,False
35,3,33,0.0,0.0,2.5,wave,3341,22,10,0.14905716851242143,False
35,3,34,0.0,0.0,2.5,wave,3279,17,7,0.1512656297651723,False
35,3,35,0.0,0.0,2.5,wave,3216,15,6,0.15640547263681592,False
35,3,36,0.0,0.0,2.5,wave,3146,14,6,0.15670692943420217,False
35,3,37,0.0,0.0,2.5,wave,3091,13,8,0.15884826916855388,False
35,3,38,0.0,0.0,2.5,wave,3060,11,5,0.1607843137254902,False
35,3,39,0.0,0.0,2.5,wave,3002,7,2,0.16222518321119253,False
35,3,40,0.0,0.0,2.5,wave,2965,6,2,0.16290050590219224,False
35,3,41,0.0,0.0,2.5,wave,2937,6,2,0.1647940074906367,False
35,3,42,0.0,0.0,2.5,wave,2913,7,1,0.16580844490216273,False
35,3,43,0.0,0.0,2.5,wave,2983,6,3,0.19745222929936307,False
35,3,44,0.0,0.0,2.5,wave,2885,9,3,0.18925476603119584,False
35,3,45,0.0,0.0,2.5,wave,2837,6,3,0.1899894254494184,False
35,3,46,0.0,0.0,2.5,wave,2803,7,3,0.19015340706386016,False
35,3,47,0.0,0.0,2.5,wave,2782,4,0,0.19518332135154565,False
35,3,48,0.0,0.0,2.5,wave,2762,4,2,0.19804489500362057,False
35,3,49,0.0,0.0,2.5,wave,2734,6,3,0.19970738844184346,False
35,3,50,0.0,0.0,2.5,wave,2706,5,4,0.20214338507021434,False
35,3,51,0.0,0.0,2.5,wave,2676,5,3,0.2055306427503737,False
35,3,52,0.0,0.0,2.5,wave,2643,2,2,0.20658342792281498,False
35,4,1,0.0,0.0,2.5,wave,2608,8,2,0.2066717791411043,False
35,4,2,0.0,0.0,2.5,wave,2581,6,0,0.20883378535451375,False
35,4,3,0.0,0.0,2.5,wave,2553,5,2,0.21034077555816685,False
35,4,4,0.0,0.0,2.5,wave,2521,8,2,0.21340737802459342,False
35,4,5,0.0,0.0,2.5,wave,2496,6,1,0.2155448717948718,False
35,4,6,0.0,0.0,2.5,wave,2483,10,4,0.21908981071284736,False
35,4,7,0.0,0.0,2.5,wave,2440,14,5,0.22213114754098362,False
35,4,8,0.0,0.0,2.5,wave,2410,14,4,0.22655601659751037,False
35,4,9,0.0,0.0,2.5,wave,2373,14,5,0.2267172355667931,False
35,4,10,0.0,0.0,2.5,wave,2350,16,4,0.23106382978723405,False
35,4,11,0.0,0.0,2.5,wave,2329,14,5,0.23400601116358952,False
35,4,12,0.0,0.0,2.5,wave,2292,15,6,0.23603839441535776,False
35,4,13,0.0,0.0,2.5,wave,2264,12,5,0.23807420494699646,False
35,4,14,0.0,0.0,2.5,wave,2237,12,5,0.24139472507822976,False
35,4,15,0.0,0.0,2.5,wave,2207,12,5,0.24512913457181695,False
35,4,16,0.0,0.0,2.5,wave,2181,13,5,0.2457588262265016,False
35,4,17,0.0,0.0,2.5,wave,2153,13,6,0.24709707385044125,False
35,4,18,0.0,0.0,2.5,wave,4737,11,7,0.11357399197804517,False
35,4,19,0.0,0.0,2.5,wave,4650,7,3,0.11505376344086021,False
35,4,20,0.0,0.0,2.5,wave,4524,4,1,0.11958443854995579,False
35,4,21,0.0,0.0,2.5,wave,4400,5,3,0.12181818181818181,False
35,4,22,0.0,0.0,2.5,wave,4310,8,2,0.12598607888631091,False
35,4,23,0.0,0.0,2.5,wave,4206,6,2,0.1274369947693771,False
35,4,24,0.0,0.0,2.5,wave,4108,10,1,0.12974683544303797,False
35,4,25,0.0,0.0,2.5,wave,4013,9,3,0.13331672065786196,False
35,4,26,0.0,0.0,2.5,wave,3929,16,4,0.13540341053703234,False
35,4,27,0.0,0.0,2.5,wave,3855,13,1,0.13800259403372245,False
35,4,28,0.0,0.0,2.5,wave,3788,12,3,0.14123548046462514,False
35,4,29,0.0,0.0,2.5,wave,3709,14,4,0.14397411701267188,False
35,4,30,0.0,0.0,2.5,wave,3634,12,4,0.14722069345074298,False
35,4,31,0.0,0.0,2.5,wave,3546,19,5,0.15031020868584322,False
35,4,32,0.0,0.0,2.5,wave,3470,20,8,0.15129682997118155,False
35,4,33,0.0,0.0,2.5,wave,3407,16,7,0.15556207807455238,False
35,4,34,0.0,0.0,2.5,wave,3311,15,4,0.160676532769556,False
35,4,35,0.0,0.0,2.5,wave,3271,14,6,0.16264139406909203,False
35,4,36,0.0,0.0,2.5,wave,3209,12,6,0.1664069803677158,False
35,4,37,0.0,0.0,2.5,wave,3168,11,3,0.1720328282828283,False
35,4,38,0.0,0.0,2.5,wave,3100,7,3,0.17419354838709677,False
35,4,39,0.0,0.0,2.5,wave,3074,7,3,0.1785946649316851,False
35,4,40,0.0,0.0,2.5,wave,3015,4,3,0.1834162520729685,False
35,4,41,0.0,0.0,2.5,wave,2968,4,3,0.18766846361185985,False
35,4,42,0.0,0.0,2.5,wave,2935,1,0,0.19045996592844974,False
35,4,43,0.0,0.0,2.5,wave,3033,1,1,0.22881635344543355,False
35,4,44,0.0,0.0,2.5,wave,2976,2,1,0.22513440860215053,False
35,4,45,0.0,0.0,2.5,wave,2920,1,0,0.22568493150684932,False
35,4,46,0.0,0.0,2.5,wave,2905,1,1,0.2278829604130809,False
35,4,47,0.0,0.0,2.5,wave,2884,2,1,0.22711511789181693,False
35,4,48,0.0,0.0,2.5,wave,2861,1,0,0.23103809856693464,False
35,4,49,0.0,0.0,2.5,wave,2856,1,0,0.23214285714285715,False
35,4,50,0.0,0.0,2.5,wave,2834,1,1,0.2335920959774171,False
35,4,51,0.0,0.0,2.5,wave,2835,7,1,0.2384479717813051,False
35,4,52,0.0,0.0,2.5,wave,2806,6,0,0.23806129722024233,False
35,5,1,0.0,0.0,2.5,wave,2789,6,2,0.24238078164216564,False
35,5,2,0.0,0.0,2.5,wave,2766,8,3,0.2447577729573391,False
35,5,3,0.0,0.0,2.5,wave,2744,9,3,0.24599125364431487,False
35,5,4,0.0,0.0,2.5,wave,2709,9,2,0.24769287559985234,False
35,5,5,0.0,0.0,2.5,wave,2669,7,1,0.2514050206069689,False
35,5,6,0.0,0.0,2.5,wave,2634,9,3,0.2517084282460137,False
35,5,7,0.0,0.0,2.5,wave,2603,11,4,0.25163273146369575,False
35,5,8,0.0,0.0,2.5,wave,2569,9,5,0.25574153367068897,False
35,5,9,0.0,0.0,2.5,wave,2540,6,5,0.25905511811023624,False
35,5,10,0.0,0.0,2.5,wave,2524,4,2,0.2622820919175911,False
35,5,11,0.0,0.0,2.5,wave,2498,2,1,0.26501200960768617,False
35,5,12,0.0,0.0,2.5,wave,2463,3,1,0.2687779131140885,False
35,5,13,0.0,0.0,2.5,wave,2440,2,0,0.2721311475409836,False
35,5,14,0.0,0.0,2.5,wave,2411,2,0,0.27457486520116137,False
35,5,15,0.0,0.0,2.5,wave,2377,2,0,0.27471602860748845,False
35,5,16,0.0,0.0,2.5,wave,2353,2,2,0.27836804079898003,False
35,5,17,0.0,0.0,2.5,wave,2325,2,2,0.28086021505376346,False
35,5,18,0.0,0.0,2.5,wave,4998,0,0,0.13025210084033614,True
35,5,19,0.0,0.0,2.5,wave,4904,0,0,0.13172920065252855,True
35,5,20,0.0,0.0,2.5,wave,4800,0,0,0.13625,True
35,5,21,0.0,0.0,2.5,wave,4688,0,0,0.13801194539249148,True
35,5,22,0.0,0.0,2.5,wave,4570,0,0,0.1409190371991247,True
35,5,23,0.0,0.0,2.5,wave,4480,0,0,0.14419642857142856,True
35,5,24,0.0,0.0,2.5,wave,4367,0,0,0.14884359972521183,True
35,5,25,0.0,0.0,2.5,wave,4268,0,0,0.15229615745079664,True
35,5,26,0.0,0.0,2.5,wave,4166,0,0,0.15458473355736918,True
35,5,27,0.0,0.0,2.5,wave,4071,0,0,0.1574551707197249,True
35,5,28,0.0,0.0,2.5,wave,3969,0,0,0.16225749559082892,True
35,5,29,0.0,0.0,2.5,wave,3862,0,0,0.16597617814603832,True
35,5,30,0.0,0.0,2.5,wave,3780,0,0,0.16772486772486772,True
35,5,31,0.0,0.0,2.5,wave,3703,0,0,0.17013232514177692,True
35,5,32,0.0,0.0,2.5,wave,3637,0,0,0.1737695903216937,True
35,5,33,0.0,0.0,2.5,wave,3567,0,0,0.1746565741519484,True
35,5,34,0.0,0.0,2.5,wave,3463,0,0,0.1770141495812879,True
35,5,35,0.0,0.0,2.5,wave,3393,0,0,0.18155025051576776,True
35,5,36,0.0,0.0,2.5,wave,3328,0,0,0.18479567307692307,True
35,5,37,0.0,0.0,2.5,wave,3272,0,0,0.1873471882640587,True
35,5,38,0.0,0.0,2.5,wave,3235,0,0,0.18979907264296755,True
35,5,39,0.0,0.0,2.5,wave,3194,0,0,0.19411396368190356,True
35,5,40,0.0,0.0,2.5,wave,3158,0,0,0.19601013299556683,True
35,5,41,0.0,0.0,2.5,wave,3133,0,0,0.1991701244813278,True
35,5,42,0.0,0.0,2.5,wave,3090,0,0,0.20032362459546926,True
35,5,43,0.0,0.0,2.5,wave,3182,0,0,0.23192960402262727,True
35,5,44,0.0,0.0,2.5,wave,3121,0,0,0.22588913809676386,True
35,5,45,0.0,0.0,2.5,wave,3102,0,0,0.2311411992263056,True
35,5,46,0.0,0.0,2.5,wave,3073,0,0,0.23299707126586397,True
35,5,47,0.0,0.0,2.5,wave,3047,0,0,0.23662618969478175,True
35,5,48,0.0,0.0,2.5,wave,3028,0,0,0.23745046235138706,True
35,5,49,0.0,0.0,2.5,wave,3013,0,0,0.2436110189180219,True
35,5,50,0.0,0.0,2.5,wave,2981,0,0,0.24790338812479035,True
35,5,51,0.0,0.0,2.5,wave,2964,0,0,0.252361673414305,True
35,5,52,0.0,0.0,2.5,wave,2940,0,0,0.25544217687074827,True
35,6,1,0.0,0.0,2.5,wave,2908,0,0,0.25653370013755156,True
35,6,2,0.0,0.0,2.5,wave,2888,0,0,0.2593490304709141,True
35,6,3,0.0,0.0,2.5,wave,2861,0,0,0.2652918559944076,True
35,6,4,0.0,0.0,2.5,wave,2836,0,0,0.2676304654442877,True
35,6,5,0.0,0.0,2.5,wave,2815,0,0,0.2703374777975133,True
35,6,6,0.0,0.0,2.5,wave,2786,0,0,0.2742282842785355,True
35,6,7,0.0,0.0,2.5,wave,2761,0,0,0.27707352408547625,True
35,6,8,0.0,0.0,2.5,wave,2723,0,0,0.2802056555269923,True
35,6,9,0.0,0.0,2.5,wave,2699,0,0,0.2841793256761764,True
35,6,10,0.0,0.0,2.5,wave,2664,0,0,0.28716216216216217,True
35,6,11,0.0,0.0,2.5,wave,2640,0,0,0.2890151515151515,True
35,6,12,0.0,0.0,2.5,wave,2606,0,0,0.2924021488871834,True
35,6,13,0.0,0.0,2.5,wave,2578,0,0,0.2944142746314973,True
35,6,14,0.0,0.0,2.5,wave,2552,0,0,0.2962382445141066,True
35,6,15,0.0,0.0,2.5,wave,2526,0,0,0.3004750593824228,True
35,6,16,0.0,0.0,2.5,wave,2494,0,0,0.30433039294306335,True
35,6,17,0.0,0.0,2.5,wave,2469,0,0,0.309437019036047,True
35,6,18,0.0,0.0,2.5,wave,5425,0,0,0.14285714285714285,True
35,6,19,0.0,0.0,2.5,wave,5356,0,0,0.14507094846900673,True
35,6,20,0.0,0.0,2.5,wave,5289,0,0,0.14766496502174323,True
35,6,21,0.0,0.0,2.5,wave,5176,0,0,0.1508887171561051,True
35,6,22,0.0,0.0,2.5,wave,5062,0,0,0.15547214539707627,True
35,6,23,0.0,0.0,2.5,wave,4987,0,0,0.15841187086424705,True
35,6,24,0.0,0.0,2.5,wave,4904,0,0,0.16150081566068517,True
35,6,25,0.0,0.0,2.5,wave,4801,0,0,0.1639241824619871,True
35,6,26,0.0,0.0,2.5,wave,4714,0,0,0.16673737802291047,True
35,6,27,0.0,0.0,2.5,wave,4569,0,0,0.17159115780258263,True
35,6,28,0.0,0.0,2.5,wave,4463,0,0,0.17409814026439616,True
35,6,29,0.0,0.0,2.5,wave,4392,0,0,0.17714025500910746,True
35,6,30,0.0,0.0,2.5,wave,4301,0,0,0.180888165542897,True
35,6,31,0.0,0.0,2.5,wave,4230,0,0,0.18439716312056736,True
35,6,32,0.0,0.0,2.5,wave,4143,0,0,0.18778662804730872,True
35,6,33,0.0,0.0,2.5,wave,4061,0,0,0.19108593942378724,True
35,6,34,0.0,0.0,2.5,wave,3970,0,0,0.19420654911838792,True
35,6,35,0.0,0.0,2.5,wave,3905,0,0,0.19795134443021767,True
35,6,36,0.0,0.0,2.5,wave,3860,0,0,0.20103626943005182,True
35,6,37,0.0,0.0,2.5,wave,3787,0,0,0.20543966200158437,True
35,6,38,0.0,0.0,2.5,wave,3743,0,0,0.20865615816190222,True
35,6,39,0.0,0.0,2.5,wave,3683,0,0,0.2125984251968504,True
35,6,40,0.0,0.0,2.5,wave,3638,0,0,0.21440351841671249,True
35,6,41,0.0,0.0,2.5,wave,3583,0,0,0.21797376500139548,True
35,6,42,0.0,0.0,2.5,wave,3553,0,0,0.22150295524908528,True
35,6,43,0.0,0.0,2.5,wave,3578,0,0,0.24930128563443266,True
35,6,44,0.0,0.0,2.5,wave,3528,0,0,0.2465986394557823,True
35,6,45,0.0,0.0,2.5,wave,3515,0,0,0.24665718349928875,True
35,6,46,0.0,0.0,2.5,wave,3498,0,0,0.24928530588907946,True
35,6,47,0.0,0.0,2.5,wave,3472,0,0,0.2557603686635945,True
35,6,48,0.0,0.0,2.5,wave,3443,0,0,0.2553006099331978,True
35,6,49,0.0,0.0,2.5,wave,3416,0,0,0.2581967213114754,True
35,6,50,0.0,0.0,2.5,wave,3393,0,0,0.26230474506336576,True
35,6,51,0.0,0.0,2.5,wave,3358,0,0,0.26444312090530075,True
35,6,52,0.0,0.0,2.5,wave,3331,0,0,0.26628640048033625,True
35,7,1,0.0,0.0,2.5,wave,3323,0,0,0.2714414685525128,True
35,7,2,0.0,0.0,2.5,wave,3289,0,0,0.27698388567953786,True
35,7,3,0.0,0.0,2.5,wave,3259,0,0,0.2822951825713409,True
35,7,4,0.0,0.0,2.5,wave,3226,0,0,0.2861128332300062,True
35,7,5,0.0,0.0,2.5,wave,3174,0,0,0.29174543163201005,True
35,7,6,0.0,0.0,2.5,wave,3165,0,0,0.293522906793049,True
35,7,7,0.0,0.0,2.5,wave,3128,0,0,0.2960358056265985,True
35,7,8,0.0,0.0,2.5,wave,3110,0,0,0.2990353697749196,True
35,7,9,0.0,0.0,2.5,wave,3065,0,0,0.299836867862969,True
35,7,10,0.0,0.0,2.5,wave,3044,0,0,0.3032194480946124,True
35,7,11,0.0,0.0,2.5,wave,3002,0,0,0.3077948034643571,True
35,7,12,0.0,0.0,2.5,wave,2978,0,0,0.30926796507723303,True
35,7,13,0.0,0.0,2.5,wave,2938,0,0,0.31211708645336966,True
35,7,14,0.0,0.0,2.5,wave,2905,0,0,0.3122203098106713,True
35,7,15,0.0,0.0,2.5,wave,2869,0,0,0.3154409201812478,True
35,7,16,0.0,0.0,2.5,wave,2852,0,0,0.31837307152875177,True
35,7,17,0.0,0.0,2.5,wave,2823,0,0,0.3205809422600071,True
35,7,18,0.0,0.0,2.5,wave,6070,0,0,0.15024711696869852,True
35,7,19,0.0,0.0,2.5,wave,5971,0,0,0.1513984257243343,True
35,7,20,0.0,0.0,2.5,wave,5887,0,0,0.15491761508408358,True
35,7,21,0.0,0.0,2.5,wave,5757,0,0,0.15615772103526143,True
35,7,22,0.0,0.0,2.5,wave,5627,0,0,0.1597654167407144,True
35,7,23,0.0,0.0,2.5,wave,5520,0,0,0.1641304347826087,True
35,7,24,0.0,0.0,2.5,wave,5406,0,0,0.16759156492785793,True
35,7,25,0.0,0.0,2.5,wave,5294,0,0,0.17038156403475632,True
35,7,26,0.0,0.0,2.5,wave,5164,0,0,0.1733152594887684,True
35,7,27,0.0,0.0,2.5,wave,5047,0,0,0.17733306914999009,True
35,7,28,0.0,0.0,2.5,wave,4943,0,0,0.18187335626137974,True
35,7,29,0.0,0.0,2.5,wave,4848,0,0,0.1848184818481848,True
35,7,30,0.0,0.0,2.5,wave,4730,0,0,0.18921775898520085,True
35,7,31,0.0,0.0,2.5,wave,4629,0,0,0.1909699719161806,True
35,7,32,0.0,0.0,2.5,wave,4542,0,0,0.1950682518714223,True
35,7,33,0.0,0.0,2.5,wave,4478,0,0,0.198079499776686,True
35,7,34,0.0,0.0,2.5,wave,4363,0,0,0.20192528077011232,True
35,7,35,0.0,0.0,2.5,wave,4287,0,0,0.2027058549101936,True
35,7,36,0.0,0.0,2.5,wave,4190,0,0,0.2062052505966587,True
35,7,37,0.0,0.0,2.5,wave,4116,0,0,0.2086977648202138,True
35,7,38,0.0,0.0,2.5,wave,4072,0,0,0.2111984282907662,True
35,7,39,0.0,0.0,2.5,wave,4024,0,0,0.2124751491053678,True
35,7,40,0.0,0.0,2.5,wave,3979,0,0,0.21512942950490072,True
35,7,41,0.0,0.0,2.5,wave,3933,0,0,0.21866259852529876,True
35,7,42,0.0,0.0,2.5,wave,3883,0,0,0.2225083698171517,True
35,7,43,0.0,0.0,2.5,wave,3890,0,0,0.24575835475578406,True
35,7,44,0.0,0.0,2.5,wave,3847,0,0,0.2425266441382896,True
35,7,45,0.0,0.0,2.5,wave,3814,0,0,0.24305191400104878,True
35,7,46,0.0,0.0,2.5,wave,3785,0,0,0.24438573315719947,True
35,7,47,0.0,0.0,2.5,wave,3767,0,0,0.24608441730820282,True
35,7,48,0.0,0.0,2.5,wave,3740,0,0,0.25080213903743315,True
35,7,49,0.0,0.0,2.5,wave,3700,0,0,0.25432432432432434,True
35,7,50,0.0,0.0,2.5,wave,3662,0,0,0.2577826324412889,True
35,7,51,0.0,0.0,2.5,wave,3644,0,0,0.26125137211855104,True
35,7,52,0.0,0.0,2.5,wave,3603,0,0,0.26339161809603107,True
35,8,1,0.0,0.0,2.5,wave,3594,0,0,0.26905954368391766,True
35,8,2,0.0,0.0,2.5,wave,3536,0,0,0.272341628959276,True
35,8,3,0.0,0.0,2.5,wave,3495,0,0,0.27467811158798283,True
35,8,4,0.0,0.0,2.5,wave,3453,0,0,0.2788879235447437,True
35,8,5,0.0,0.0,2.5,wave,3431,0,0,0.2815505683474206,True
35,8,6,0.0,0.0,2.5,wave,3380,0,0,0.2837278106508876,True
35,8,7,0.0,0.0,2.5,wave,3345,0,0,0.2849028400597907,True
35,8,8,0.0,0.0,2.5,wave,3313,0,0,0.2909749471777845,True
35,8,9,0.0,0.0,2.5,wave,3277,0,0,0.2929508696978944,True
35,8,10,0.0,0.0,2.5,wave,3241,0,0,0.29250231410058625,True
35,8,11,0.0,0.0,2.5,wave,3195,0,0,0.2923317683881064,True
35,8,12,0.0,0.0,2.5,wave,3144,0,0,0.29389312977099236,True
35,8,13,0.0,0.0,2.5,wave,3106,0,0,0.29491307147456536,True
35,8,14,0.0,0.0,2.5,wave,3079,0,0,0.2974991880480676,True
35,8,15,0.0,0.0,2.5,wave,3055,0,0,0.30016366612111295,True
35,8,16,0.0,0.0,2.5,wave,3016,0,0,0.3057029177718833,True
35,8,17,0.0,0.0,2.5,wave,2987,0,0,0.30431871442919317,True
35,8,18,0.0,0.0,2.5,wave,6428,0,0,0.1411014312383323,True
35,8,19,0.0,0.0,2.5,wave,6342,0,0,0.14443393251340272,True
35,8,20,0.0,0.0,2.5,wave,6237,0,0,0.14686548019881354,True
35,8,21,0.0,0.0,2.5,wave,6104,0,0,0.14908256880733944,True
35,8,22,0.0,0.0,2.5,wave,6046,0,0,0.15216672179953689,True
35,8,23,0.0,0.0,2.5,wave,5925,0,0,0.15459915611814345,True
35,8,24,0.0,0.0,2.5,wave,5813,0,0,0.1574058145535868,True
35,8,25,0.0,0.0,2.5,wave,5656,0,0,0.1615983026874116,True
35,8,26,0.0,0.0,2.5,wave,5571,0,0,0.16442290432597378,True
35,8,27,0.0,0.0,2.5,wave,5448,0,0,0.16593245227606462,True
35,8,28,0.0,0.0,2.5,wave,5322,0,0,0.16892145809845924,True
35,8,29,0.0,0.0,2.5,wave,5201,0,0,0.17208229186694865,True
35,8,30,0.0,0.0,2.5,wave,5064,0,0,0.174565560821485,True
35,8,31,0.0,0.0,2.5,wave,4967,0,0,0.17877994765451982,True
35,8,32,0.0,0.0,2.5,wave,4877,0,0,0.18207914701660857,True
35,8,33,0.0,0.0,2.5,wave,4790,0,0,0.18517745302713987,True
35,8,34,0.0,0.0,2.5,wave,4699,0,0,0.18812513300702277,True
35,8,35,0.0,0.0,2.5,wave,4603,0,0,0.19139691505539866,True
35,8,36,0.0,0.0,2.5,wave,4496,0,0,0.19684163701067617,True
35,8,37,0.0,0.0,2.5,wave,4420,0,0,0.2,True
35,8,38,0.0,0.0,2.5,wave,4357,0,0,0.20266238237319256,True
35,8,39,0.0,0.0,2.5,wave,4285,0,0,0.20420070011668612,True
35,8,40,0.0,0.0,2.5,wave,4244,0,0,0.20735155513666353,True
35,8,41,0.0,0.0,2.5,wave,4192,0,0,0.21040076335877864,True
35,8,42,0.0,0.0,2.5,wave,4138,0,0,0.2124214596423393,True
35,8,43,0.0,0.0,2.5,wave,4273,0,0,0.24198455417739292,True
35,8,44,0.0,0.0,2.5,wave,4236,0,0,0.23890462700661,True
35,8,45,0.0,0.0,2.5,wave,4198,0,0,0.23511195807527394,True
35,8,46,0.0,0.0,2.5,wave,4162,0,0,0.23738587217683807,True
35,8,47,0.0,0.0,2.5,wave,4136,0,0,0.2379110251450677,True
35,8,48,0.0,0.0,2.5,wave,4122,0,0,0.24041727316836486,True
35,8,49,0.0,0.0,2.5,wave,4092,0,0,0.24144672531769307,True
35,8,50,0.0,0.0,2.5,wave,4058,0,0,0.2483982257269591,True
35,8,51,0.0,0.0,2.5,wave,4032,0,0,0.24801587301587302,True
35,8,52,0.0,0.0,2.5,wave,3988,0,0,0.2512537612838516,True
35,9,1,0.0,0.0,2.5,wave,3990,0,0,0.2543859649122807,True
35,9,2,0.0,0.0,2.5,wave,3965,0,0,0.2547288776796974,True
35,9,3,0.0,0.0,2.5,wave,3929,0,0,0.25960804275897176,True
35,9,4,0.0,0.0,2.5,wave,3916,0,0,0.2609805924412666,True
35,9,5,0.0,0.0,2.5,wave,3881,0,0,0.26694150992012367,True
35,9,6,0.0,0.0,2.5,wave,3861,0,0,0.26936026936026936,True
35,9,7,0.0,0.0,2.5,wave,3814,0,0,0.27346617724174094,True
35,9,8,0.0,0.0,2.5,wave,3791,0,0,0.2745977314692693,True
35,9,9,0.0,0.0,2.5,wave,3750,0,0,0.2792,True
35,9,10,0.0,0.0,2.5,wave,3714,0,0,0.28379106085083466,True
35,9,11,0.0,0.0,2.5,wave,3679,0,0,0.28486001630877955,True
35,9,12,0.0,0.0,2.5,wave,3637,0,0,0.2856750068737971,True
35,9,13,0.0,0.0,2.5,wave,3608,0,0,0.28824833702882485,True
35,9,14,0.0,0.0,2.5,wave,3585,0,0,0.2923291492329149,True
35,9,15,0.0,0.0,2.5,wave,3553,0,0,0.29355474247115115,True
35,9,16,0.0,0.0,2.5,wave,3525,0,0,0.2970212765957447,True
35,9,17,0.0,0.0,2.5,wave,3494,0,0,0.2990841442472811,True
35,9,18,0.0,0.0,2.5,wave,7352,0,0,0.13288900979325355,True
35,9,19,0.0,0.0,2.5,wave,7231,0,0,0.13525100262757572,True
35,9,20,0.0,0.0,2.5,wave,7084,0,0,0.1380575945793337,True
35,9,21,0.0,0.0,2.5,wave,6963,0,0,0.14131839724256787,True
35,9,22,0.0,0.0,2.5,wave,6819,0,0,0.14459598181551547,True
35,9,23,0.0,0.0,2.5,wave,6686,0,0,0.1473227639844451,True
35,9,24,0.0,0.0,2.5,wave,6563,0,0,0.15297882066128296,True
35,9,25,0.0,0.0,2.5,wave,6453,0,0,0.1554315822098249,True
35,9,26,0.0,0.0,2.5,wave,6327,0,0,0.158052789631737,True
35,9,27,0.0,0.0,2.5,wave,6206,0,0,0.16145665485014501,True
35,9,28,0.0,0.0,2.5,wave,6081,0,0,0.164446637066272,True
35,9,29,0.0,0.0,2.5,wave,5950,0,0,0.1673949579831933,True
35,9,30,0.0,0.0,2.5,wave,5855,0,0,0.17113578138343297,True
35,9,31,0.0,0.0,2.5,wave,5757,0,0,0.17422268542643737,True
35,9,32,0.0,0.0,2.5,wave,5629,0,0,0.17818440220287796,True
35,9,33,0.0,0.0,2.5,wave,5550,0,0,0.1809009009009009,True
35,9,34,0.0,0.0,2.5,wave,5432,0,0,0.18409425625920472,True
35,9,35,0.0,0.0,2.5,wave,5308,0,0,0.1880180859080633,True
35,9,36,0.0,0.0,2.5,wave,5205,0,0,0.19058597502401536,True
35,9,37,0.0,0.0,2.5,wave,5116,0,0,0.19390148553557468,True
35,9,38,0.0,0.0,2.5,wave,5041,0,0,0.19718309859154928,True
35,9,39,0.0,0.0,2.5,wave,4952,0,0,0.20092891760904685,True
35,9,40,0.0,0.0,2.5,wave,4894,0,0,0.20228851655087862,True
35,9,41,0.0,0.0,2.5,wave,4832,0,0,0.20364238410596028,True
35,9,42,0.0,0.0,2.5,wave,4767,0,0,0.20704845814977973,True
35,9,43,0.0,0.0,2.5,wave,4584,0,0,0.22534904013961607,True
35,9,44,0.0,0.0,2.5,wave,4511,0,0,0.22079361560629573,True
35,9,45,0.0,0.0,2.5,wave,4451,0,0,0.2217479218153224,True
35,9,46,0.0,0.0,2.5,wave,4415,0,0,0.22219705549263874,True
35,9,47,0.0,0.0,2.5,wave,4389,0,0,0.22442469810890864,True
35,9,48,0.0,0.0,2.5,wave,4348,0,0,0.22746090156393745,True
35,9,49,0.0,0.0,2.5,wave,4312,0,0,0.2300556586270872,True
35,9,50,0.0,0.0,2.5,wave,4276,0,0,0.23269410664172124,True
35,9,51,0.0,0.0,2.5,wave,4268,0,0,0.23430178069353327,True
35,9,52,0.0,0.0,2.5,wave,4235,0,0,0.23919716646989375,True
35,10,1,0.0,0.0,2.5,wave,4224,0,0,0.24005681818181818,True
35,10,2,0.0,0.0,2.5,wave,4197,0,0,0.24255420538479866,True
35,10,3,0.0,0.0,2.5,wave,4186,0,0,0.24940277114190157,True
35,10,4,0.0,0.0,2.5,wave,4146,0,0,0.24915581283164495,True
35,10,5,0.0,0.0,2.5,wave,4112,0,0,0.25,True
35,10,6,0.0,0.0,2.5,wave,4093,0,0,0.25311507451746884,True
35,10,7,0.0,0.0,2.5,wave,4048,0,0,0.25889328063241107,True
35,10,8,0.0,0.0,2.5,wave,4027,0,0,0.2602433573379687,True
35,10,9,0.0,0.0,2.5,wave,4002,0,0,0.2651174412793603,True
35,10,10,0.0,0.0,2.5,wave,3970,0,0,0.26599496221662466,True
35,10,11,0.0,0.0,2.5,wave,3927,0,0,0.2694168576521518,True
35,10,12,0.0,0.0,2.5,wave,3889,0,0,0.2720493700179995,True
35,10,13,0.0,0.0,2.5,wave,3847,0,0,0.2734598388354562,True
35,10,14,0.0,0.0,2.5,wave,3820,0,0,0.27591623036649215,True
35,10,15,0.0,0.0,2.5,wave,3779,0,0,0.28023286583752316,True
35,10,16,0.0,0.0,2.5,wave,3729,0,0,0.278626977742022,True
35,10,17,0.0,0.0,2.5,wave,3698,0,0,0.2828555976203353,True
35,10,18,0.0,0.0,2.5,wave,8099,0,0,0.12137300901345845,True
35,10,19,0.0,0.0,2.5,wave,7968,0,0,0.12462349397590361,True
35,10,20,0.0,0.0,2.5,wave,7850,0,0,0.12764331210191082,True
35,10,21,0.0,0.0,2.5,wave,7711,0,0,0.12981455064194009,True
35,10,22,0.0,0.0,2.5,wave,7561,0,0,0.1333156989816162,True
35,10,23,0.0,0.0,2.5,wave,7409,0,0,0.1345660682953165,True
35,10,24,0.0,0.0,2.5,wave,7234,0,0,0.1386508155930329,True
35,10,25,0.0,0.0,2.5,wave,7088,0,0,0.14221218961625282,True
35,10,26,0.0,0.0,2.5,wave,6955,0,0,0.1465132997843278,True
35,10,27,0.0,0.0,2.5,wave,6835,0,0,0.14879297732260424,True
35,10,28,0.0,0.0,2.5,wave,6693,0,0,0.15150156880322727,True
35,10,29,0.0,0.0,2.5,wave,6578,0,0,0.15521435086652477,True
35,10,30,0.0,0.0,2.5,wave,6441,0,0,0.15789473684210525,True
35,10,31,0.0,0.0,2.5,wave,6319,0,0,0.16062668143693623,True
35,10,32,0.0,0.0,2.5,wave,6256,0,0,0.162883631713555,True
35,10,33,0.0,0.0,2.5,wave,6164,0,0,0.16612589227774172,True
35,10,34,0.0,0.0,2.5,wave,6093,0,0,0.16986706056129985,True
35,10,35,0.0,0.0,2.5,wave,6023,0,0,0.17233936576456915,True
35,10,36,0.0,0.0,2.5,wave,5909,0,0,0.17634117447960737,True
35,10,37,0.0,0.0,2.5,wave,5834,0,0,0.17929379499485773,True
35,10,38,0.0,0.0,2.5,wave,5757,0,0,0.1818655549765503,True
35,10,39,0.0,0.0,2.5,wave,5688,0,0,0.18354430379746836,True
35,10,40,0.0,0.0,2.5,wave,5605,0,0,0.1871543264942016,True
35,10,41,0.0,0.0,2.5,wave,5533,0,0,0.19049340321706126,True
35,10,42,0.0,0.0,2.5,wave,5466,0,0,0.1924624954262715,True
35,10,43,0.0,0.0,2.5,wave,5225,0,0,0.20076555023923445,True
35,10,44,0.0,0.0,2.5,wave,5139,0,0,0.19770383343062853,True
35,10,45,0.0,0.0,2.5,wave,5100,0,0,0.19980392156862745,True
35,10,46,0.0,0.0,2.5,wave,5074,0,0,0.20240441466298778,True
35,10,47,0.0,0.0,2.5,wave,5069,0,0,0.20871966857368318,True
35,10,48,0.0,0.0,2.5,wave,5065,0,0,0.2108588351431392,True
35,10,49,0.0,0.0,2.5,wave,5064,0,0,0.21583728278041076,True
35,10,50,0.0,0.0,2.5,wave,5043,0,0,0.21792583779496333,True
35,10,51,0.0,0.0,2.5,wave,5004,0,0,0.22182254196642687,True
35,10,52,0.0,0.0,2.5,wave,4967,0,0,0.22407892087779344,True
35,11,1,0.0,0.0,2.5,wave,4928,0,0,0.2278814935064935,True
35,11,2,0.0,0.0,2.5,wave,4884,0,0,0.23198198198198197,True
35,11,3,0.0,0.0,2.5,wave,4859,0,0,0.23317555052479935,True
35,11,4,0.0,0.0,2.5,wave,4803,0,0,0.23672704559650218,True
35,11,5,0.0,0.0,2.5,wave,4745,0,0,0.2398314014752371,True
35,11,6,0.0,0.0,2.5,wave,4688,0,0,0.23997440273037543,True
35,11,7,0.0,0.0,2.5,wave,4648,0,0,0.24354561101549052,True
35,11,8,0.0,0.0,2.5,wave,4586,0,0,0.24618403837767117,True
35,11,9,0.0,0.0,2.5,wave,4536,0,0,0.24867724867724866,True
35,11,10,0.0,0.0,2.5,wave,4484,0,0,0.24955396966993756,True
35,11,11,0.0,0.0,2.5,wave,4420,0,0,0.2513574660633484,True
35,11,12,0.0,0.0,2.5,wave,4374,0,0,0.25331504343850025,True
35,11,13,0.0,0.0,2.5,wave,4324,0,0,0.2560129509713229,True
35,11,14,0.0,0.0,2.5,wave,4267,0,0,0.25826107335364423,True
35,11,15,0.0,0.0,2.5,wave,4201,0,0,0.26041418709830993,True
35,11,16,0.0,0.0,2.5,wave,4144,0,0,0.2611003861003861,True
35,11,17,0.0,0.0,2.5,wave,4097,0,0,0.2640956797656822,True
35,11,18,0.0,0.0,2.5,wave,8957,0,0,0.11622194931338618,True
35,11,19,0.0,0.0,2.5,wave,8826,0,0,0.11896668932698844,True
35,11,20,0.0,0.0,2.5,wave,8702,0,0,0.12169616180188463,True
35,11,21,0.0,0.0,2.5,wave,8566,0,0,0.1238617791267803,True
35,11,22,0.0,0.0,2.5,wave,8401,0,0,0.12736578978693014,True
35,11,23,0.0,0.0,2.5,wave,8256,0,0,0.12972383720930233,True
35,11,24,0.0,0.0,2.5,wave,8068,0,0,0.13287059990084282,True
35,11,25,0.0,0.0,2.5,wave,7903,0,0,0.13589776034417309,True
35,11,26,0.0,0.0,2.5,wave,7780,0,0,0.1392030848329049,True
35,11,27,0.0,0.0,2.5,wave,7652,0,0,0.14362258233141662,True
35,11,28,0.0,0.0,2.5,wave,7514,0,0,0.147458078253926,True
35,11,29,0.0,0.0,2.5,wave,7380,0,0,0.1505420054200542,True
35,11,30,0.0,0.0,2.5,wave,7229,0,0,0.1538248720431595,True
35,11,31,0.0,0.0,2.5,wave,7070,0,0,0.15643564356435644,True
35,11,32,0.0,0.0,2.5,wave,6930,0,0,0.1582972582972583,True
35,11,33,0.0,0.0,2.5,wave,6782,0,0,0.1617516956649956,True
35,11,34,0.0,0.0,2.5,wave,6652,0,0,0.16611545399879735,True
35,11,35,0.0,0.0,2.5,wave,6559,0,0,0.16892819027290745,True
35,11,36,0.0,0.0,2.5,wave,6478,0,0,0.17073170731707318,True
35,11,37,0.0,0.0,2.5,wave,6367,0,0,0.1721375844196639,True
35,11,38,0.0,0.0,2.5,wave,6284,0,0,0.17536600891152132,True
35,11,39,0.0,0.0,2.5,wave,6204,0,0,0.17778852353320437,True
35,11,40,0.0,0.0,2.5,wave,6133,0,0,0.17968367846078592,True
35,11,41,0.0,0.0,2.5,wave,6066,0,0,0.18133860863831192,True
35,11,42,0.0,0.0,2.5,wave,5997,0,0,0.18442554610638653,True
35,11,43,0.0,0.0,2.5,wave,5829,0,0,0.20003431120260765,True
35,11,44,0.0,0.0,2.5,wave,5735,0,0,0.1961639058413252,True
35,11,45,0.0,0.0,2.5,wave,5672,0,0,0.19834273624823695,True
35,11,46,0.0,0.0,2.5,wave,5629,0,0,0.19932492449813466,True
35,11,47,0.0,0.0,2.5,wave,5578,0,0,0.20186446755109358,True
35,11,48,0.0,0.0,2.5,wave,5501,0,0,0.20323577531357934,True
35,11,49,0.0,0.0,2.5,wave,5478,0,0,0.20536692223439212,True
35,11,50,0.0,0.0,2.5,wave,5449,0,0,0.20811158010644154,True
35,11,51,0.0,0.0,2.5,wave,5426,0,0,0.21194249907851087,True
35,11,52,0.0,0.0,2.5,wave,5405,0,0,0.21628122109158188,True
36,1,1,0.0,0.0,2.5,wave,2696,0,0,0.0025964391691394658,True
36,1,2,0.0,0.0,2.5,wave,2643,0,0,0.006053726825576996,True
36,1,3,0.0,0.0,2.5,wave,2518,0,0,0.008737092930897538,True
36,1,4,0.0,0.0,2.5,wave,2428,0,0,0.009884678747940691,True
36,1,5,0.0,0.0,2.5,wave,2319,0,0,0.01078050884001725,True
36,1,6,0.0,0.0,2.5,wave,2229,0,0,0.013458950201884253,True
36,1,7,0.0,0.0,2.5,wave,2118,0,0,0.016525023607176583,True
36,1,8,0.0,0.0,2.5,wave,2011,0,0,0.018398806563898557,True
36,1,9,0.0,0.0,2.5,wave,1944,0,0,0.020061728395061727,True
36,1,10,0.0,0.0,2.5,wave,1849,0,0,0.022714981070849107,True
36,1,11,0.0,0.0,2.5,wave,1775,0,0,0.025915492957746478,True
36,1,12,0.0,0.0,2.5,wave,1724,0,0,0.029002320185614848,True
36,1,13,0.0,0.0,2.5,wave,1686,0,0,0.03084223013048636,True
36,1,14,0.0,0.0,2.5,wave,1641,0,0,0.03351614868982328,True
36,1,15,0.0,0.0,2.5,wave,1594,0,0,0.0370138017565872,True
36,1,16,0.0,0.0,2.5,wave,1557,0,0,0.03917790622992935,True
36,1,17,0.0,0.0,2.5,wave,1549,0,0,0.04260813428018076,True
36,1,18,0.0,0.0,2.5,wave,4314,0,0,0.017848864163189614,True
36,1,19,0.0,0.0,2.5,wave,4247,0,0,0.020014127619496114,True
36,1,20,0.0,0.0,2.5,wave,4159,0,0,0.02067804760759798,True
36,1,21,0.0,0.0,2.5,wave,4060,0,0,0.023399014778325122,True
36,1,22,0.0,0.0,2.5,wave,3962,0,0,0.024734982332155476,True
36,1,23,0.0,0.0,2.5,wave,3865,0,0,0.02742561448900388,True
36,1,24,0.0,0.0,2.5,wave,3753,0,0,0.030109245936584067,True
36,1,25,0.0,0.0,2.5,wave,3679,0,0,0.032345746126664854,True
36,1,26,0.0,0.0,2.5,wave,3571,0,0,0.03388406608793055,True
36,1,27,0.0,0.0,2.5,wave,3480,0,0,0.0367816091954023,True
36,1,28,0.0,0.0,2.5,wave,3382,0,0,0.03873447664104081,True
36,1,29,0.0,0.0,2.5,wave,3322,0,0,0.041541240216736906,True
36,1,30,0.0,0.0,2.5,wave,3259,0,0,0.04203743479594968,True
36,1,31,0.0,0.0,2.5,wave,3178,0,0,0.04688483322844556,True
36,1,32,0.0,0.0,2.5,wave,3094,0,0,0.050096961861667746,True
36,1,33,0.0,0.0,2.5,wave,3042,0,0,0.05358316896778435,True
36,1,34,0.0,0.0,2.5,wave,2970,0,0,0.05454545454545454,True
36,1,35,0.0,0.0,2.5,wave,2902,0,0,0.05513439007580979,True
36,1,36,0.0,0.0,2.5,wave,2847,0,0,0.0597119775201967,True
36,1,37,0.0,0.0,2.5,wave,2782,0,0,0.06182602444284687,True
36,1,38,0.0,0.0,2.5,wave,2736,0,0,0.06323099415204679,True
36,1,39,0.0,0.0,2.5,wave,2699,0,0,0.06483882919599852,True
36,1,40,0.0,0.0,2.5,wave,2648,0,0,0.06646525679758308,True
36,1,41,0.0,0.0,2.5,wave,2606,0,0,0.06792018419033001,True
36,1,42,0.0,0.0,2.5,wave,2571,0,0,0.06923376118241929,True
36,1,43,0.0,0.0,2.5,wave,3068,0,0,0.13820078226857888,True
36,1,44,0.0,0.0,2.5,wave,2840,0,0,0.11654929577464788,True
36,1,45,0.0,0.0,2.5,wave,2728,0,0,0.10667155425219942,True
36,1,46,0.0,0.0,2.5,wave,2663,0,0,0.10589560645888096,True
36,1,47,0.0,0.0,2.5,wave,2622,0,0,0.10640732265446225,True
36,1,48,0.0,0.0,2.5,wave,2593,0,0,0.11068260701889703,True
36,1,49,0.0,0.0,2.5,wave,2563,0,0,0.11353882169332813,True
36,1,50,0.0,0.0,2.5,wave,2516,0,0,0.11486486486486487,True
36,1,51,0.0,0.0,2.5,wave,2475,0,0,0.11515151515151516,True
36,1,52,0.0,0.0,2.5,wave,2447,0,0,0.11728647323252962,True
36,2,1,0.0,0.0,2.5,wave,2423,30,3,0.1200990507635163,False
36,2,2,0.0,0.0,2.5,wave,2395,29,13,0.12359081419624217,False
36,2,3,0.0,0.0,2.5,wave,2359,41,15,0.12802034760491734,False
36,2,4,0.0,0.0,2.5,wave,2306,36,12,0.12749349522983522,False
36,2,5,0.0,0.0,2.5,wave,2239,40,12,0.12773559624832515,False
36,2,6,0.0,0.0,2.5,wave,2197,42,13,0.13245334547109694,False
36,2,7,0.0,0.0,2.5,wave,2168,50,21,0.13514760147601476,False
36,2,8,0.0,0.0,2.5,wave,2134,58,26,0.1373008434864105,False
36,2,9,0.0,0.0,2.5,wave,2098,51,22,0.14251668255481412,False
36,2,10,0.0,0.0,2.5,wave,2057,63,20,0.14487117160913954,False
36,2,11,0.0,0.0,2.5,wave,2031,61,22,0.14869522402757263,False
36,2,12,0.0,0.0,2.5,wave,1992,64,20,0.15110441767068272,False
36,2,13,0.0,0.0,2.5,wave,1964,64,25,0.15529531568228105,False
36,2,14,0.0,0.0,2.5,wave,1916,56,25,0.15918580375782881,False
36,2,15,0.0,0.0,2.5,wave,1877,49,19,0.1662226957911561,False
36,2,16,0.0,0.0,2.5,wave,1841,46,15,0.16784356328082564,False
36,2,17,0.0,0.0,2.5,wave,1805,38,17,0.17119113573407202,False
36,2,18,0.0,0.0,2.5,wave,3370,43,18,0.09198813056379822,False
36,2,19,0.0,0.0,2.5,wave,3314,44,14,0.09505129752564877,False
36,2,20,0.0,0.0,2.5,wave,3194,55,17,0.09643080776455855,False
36,2,21,0.0,0.0,2.5,wave,3114,62,19,0.10115606936416185,False
36,2,22,0.0,0.0,2.5,wave,3046,68,25,0.10407091267235719,False
36,2,23,0.0,0.0,2.5,wave,2971,73,27,0.10804442948502188,False
36,2,24,0.0,0.0,2.5,wave,2874,71,19,0.11099512874043145,False
36,2,25,0.0,0.0,2.5,wave,2771,65,24,0.11620353662937567,False
36,2,26,0.0,0.0,2.5,wave,2709,75,27,0.11738648947951273,False
36,2,27,0.0,0.0,2.5,wave,2622,61,28,0.12128146453089245,False
36,2,28,0.0,0.0,2.5,wave,2560,58,27,0.124609375,False
36,2,29,0.0,0.0,2.5,wave,2469,51,16,0.1275820170109356,False
36,2,30,0.0,0.0,2.5,wave,2404,45,15,0.12895174708818635,False
36,2,31,0.0,0.0,2.5,wave,2298,51,18,0.13228894691035684,False
36,2,32,0.0,0.0,2.5,wave,2249,59,17,0.13561582925744775,False
36,2,33,0.0,0.0,2.5,wave,2210,66,20,0.13936651583710408,False
36,2,34,0.0,0.0,2.5,wave,2155,63,23,0.14292343387471,False
36,2,35,0.0,0.0,2.5,wave,2106,56,22,0.14719848053181386,False
36,2,36,0.0,0.0,2.5,wave,2073,55,20,0.14905933429811866,False
36,2,37,0.0,0.0,2.5,wave,2016,50,19,0.15128968253968253,False
36,2,38,0.0,0.0,2.5,wave,1990,48,21,0.15376884422110554,False
36,2,39,0.0,0.0,2.5,wave,1952,41,21,0.15881147540983606,False
36,2,40,0.0,0.0,2.5,wave,1916,34,14,0.16231732776617955,False
36,2,41,0.0,0.0,2.5,wave,1885,32,15,0.16445623342175067,False
36,2,42,0.0,0.0,2.5,wave,1859,37,14,0.16783216783216784,False
36,2,43,0.0,0.0,2.5,wave,2329,32,11,0.2722198368398454,False
36,2,44,0.0,0.0,2.5,wave,2104,29,13,0.2305133079847909,False
36,2,45,0.0,0.0,2.5,wave,1998,23,13,0.21521521521521522,False
36,2,46,0.0,0.0,2.5,wave,1944,18,11,0.21244855967078188,False
36,2,47,0.0,0.0,2.5,wave,1907,13,8,0.2128998426848453,False
36,2,48,0.0,0.0,2.5,wave,1875,11,7,0.21226666666666666,False
36,2,49,0.0,0.0,2.5,wave,1855,5,3,0.21671159029649595,False
36,2,50,0.0,0.0,2.5,wave,1837,3,2,0.21774632553075668,False
36,2,51,0.0,0.0,2.5,wave,1815,4,2,0.21707988980716253,False
36,2,52,0.0,0.0,2.5,wave,1795,2,1,0.21838440111420612,False
36,3,1,0.0,0.0,2.5,wave,1777,3,1,0.22003376477208778,False
36,3,2,0.0,0.0,2.5,wave,1748,2,1,0.2225400457665904,False
36,3,3,0.0,0.0,2.5,wave,1735,3,1,0.22074927953890489,False
36,3,4,0.0,0.0,2.5,wave,1720,2,0,0.22209302325581395,False
36,3,5,0.0,0.0,2.5,wave,1705,2,0,0.22404692082111438,False
36,3,6,0.0,0.0,2.5,wave,1682,2,1,0.22413793103448276,False
36,3,7,0.0,0.0,2.5,wave,1660,3,1,0.22650602409638554,False
36,3,8,0.0,0.0,2.5,wave,1629,2,0,0.22774708410067526,False
36,3,9,0.0,0.0,2.5,wave,1615,2,0,0.23034055727554179,False
36,3,10,0.0,0.0,2.5,wave,1590,2,1,0.2320754716981132,False
36,3,11,0.0,0.0,2.5,wave,1563,3,1,0.2348048624440179,False
36,3,12,0.0,0.0,2.5,wave,1552,2,1,0.23518041237113402,False
36,3,13,0.0,0.0,2.5,wave,1535,5,2,0.23583061889250814,False
36,3,14,0.0,0.0,2.5,wave,1519,4,3,0.23831468071099407,False
36,3,15,0.0,0.0,2.5,wave,1502,5,2,0.24101198402130491,False
36,3,16,0.0,0.0,2.5,wave,1488,3,1,0.24126344086021506,False
36,3,17,0.0,0.0,2.5,wave,1473,5,2,0.24100475220638154,False
36,3,18,0.0,0.0,2.5,wave,3336,6,1,0.10731414868105515,False
36,3,19,0.0,0.0,2.5,wave,3275,5,2,0.11022900763358778,False
36,3,20,0.0,0.0,2.5,wave,3205,12,3,0.11294851794071763,False
36,3,21,0.0,0.0,2.5,wave,3119,13,2,0.11542160949022122,False
36,3,22,0.0,0.0,2.5,wave,3061,13,6,0.11695524338451486,False
36,3,23,0.0,0.0,2.5,wave,2981,18,6,0.11975847031197585,False
36,3,24,0.0,0.0,2.5,wave,2879,14,4,0.1222646752344564,False
36,3,25,0.0,0.0,2.5,wave,2830,17,6,0.12473498233215548,False
36,3,26,0.0,0.0,2.5,wave,2760,13,6,0.12608695652173912,False
36,3,27,0.0,0.0,2.5,wave,2679,12,3,0.1276595744680851,False
36,3,28,0.0,0.0,2.5,wave,2614,9,3,0.12930374904361133,False
36,3,29,0.0,0.0,2.5,wave,2577,11,4,0.1323244082266201,False
36,3,30,0.0,0.0,2.5,wave,2484,9,2,0.13647342995169082,False
36,3,31,0.0,0.0,2.5,wave,2416,9,6,0.138658940397351,False
36,3,32,0.0,0.0,2.5,wave,2366,12,5,0.14285714285714285,False
36,3,33,0.0,0.0,2.5,wave,2317,6,1,0.1471730686232197,False
36,3,34,0.0,0.0,2.5,wave,2270,7,2,0.1502202643171806,False
36,3,35,0.0,0.0,2.5,wave,2238,7,3,0.15192135835567472,False
36,3,36,0.0,0.0,2.5,wave,2190,6,2,0.15753424657534246,False
36,3,37,0.0,0.0,2.5,wave,2153,4,1,0.1602415234556433,False
36,3,38,0.0,0.0,2.5,wave,2120,5,2,0.16226415094339622,False
36,3,39,0.0,0.0,2.5,wave,2085,3,1,0.16498800959232615,False
36,3,40,0.0,0.0,2.5,wave,2050,2,1,0.16634146341463416,False
36,3,41,0.0,0.0,2.5,wave,2032,2,1,0.16978346456692914,False
36,3,42,0.0,0.0,2.5,wave,2011,1,0,0.1720537046245649,False
36,3,43,0.0,0.0,2.5,wave,2656,1,1,0.2816265060240964,False
36,3,44,0.0,0.0,2.5,wave,2357,2,1,0.2384386932541366,False
36,3,45,0.0,0.0,2.5,wave,2194,1,0,0.21604375569735643,False
36,3,46,0.0,0.0,2.5,wave,2144,1,1,0.21455223880597016,False
36,3,47,0.0,0.0,2.5,wave,2095,1,1,0.21193317422434368,False
36,3,48,0.0,0.0,2.5,wave,2067,0,0,0.21141751330430575,True
36,3,49,0.0,0.0,2.5,wave,2055,0,0,0.2145985401459854,True
36,3,50,0.0,0.0,2.5,wave,2038,0,0,0.21736997055937193,True
36,3,51,0.0,0.0,2.5,wave,2011,0,0,0.22376926902038788,True
36,3,52,0.0,0.0,2.5,wave,1981,0,0,0.2226148409893993,True
36,4,1,0.0,0.0,2.5,wave,1959,0,0,0.22307299642674835,True
36,4,2,0.0,0.0,2.5,wave,1936,0,0,0.22417355371900827,True
36,4,3,0.0,0.0,2.5,wave,1912,0,0,0.22594142259414227,True
36,4,4,0.0,0.0,2.5,wave,1900,0,0,0.2268421052631579,True
36,4,5,0.0,0.0,2.5,wave,1873,0,0,0.22957821676454884,True
36,4,6,0.0,0.0,2.5,wave,1853,0,0,0.2271991365353481,True
36,4,7,0.0,0.0,2.5,wave,1836,0,0,0.2298474945533769,True
36,4,8,0.0,0.0,2.5,wave,1801,0,0,0.23264852859522486,True
36,4,9,0.0,0.0,2.5,wave,1779,0,0,0.23552557616638561,True
36,4,10,0.0,0.0,2.5,wave,1759,0,0,0.23706651506537807,True
36,4,11,0.0,0.0,2.5,wave,1734,0,0,0.23933102652825836,True
36,4,12,0.0,0.0,2.5,wave,1700,0,0,0.24058823529411766,True
36,4,13,0.0,0.0,2.5,wave,1682,0,0,0.2431629013079667,True
36,4,14,0.0,0.0,2.5,wave,1657,0,0,0.2456246228123114,True
36,4,15,0.0,0.0,2.5,wave,1642,0,0,0.24604141291108406,True
36,4,16,0.0,0.0,2.5,wave,1621,0,0,0.2473781616286243,True
36,4,17,0.0,0.0,2.5,wave,1602,0,0,0.24968789013732834,True
36,4,18,0.0,0.0,2.5,wave,3356,0,0,0.1197854588796186,True
36,4,19,0.0,0.0,2.5,wave,3312,0,0,0.1213768115942029,True
36,4,20,0.0,0.0,2.5,wave,3237,0,0,0.12326227988878591,True
36,4,21,0.0,0.0,2.5,wave,3160,0,0,0.12563291139240507,True
36,4,22,0.0,0.0,2.5,wave,3078,0,0,0.12735542560103963,True
36,4,23,0.0,0.0,2.5,wave,2986,0,0,0.12960482250502345,True
36,4,24,0.0,0.0,2.5,wave,2909,0,0,0.12994156067377105,True
36,4,25,0.0,0.0,2.5,wave,2802,0,0,0.13204853675945752,True
36,4,26,0.0,0.0,2.5,wave,2721,0,0,0.1348768834987137,True
36,4,27,0.0,0.0,2.5,wave,2641,0,0,0.1366906474820144,True
36,4,28,0.0,0.0,2.5,wave,2586,0,0,0.13959783449342614,True
36,4,29,0.0,0.0,2.5,wave,2551,0,0,0.14112112896903176,True
36,4,30,0.0,0.0,2.5,wave,2506,0,0,0.1452513966480447,True
36,4,31,0.0,0.0,2.5,wave,2455,0,0,0.1470468431771894,True
36,4,32,0.0,0.0,2.5,wave,2422,0,0,0.15028901734104047,True
36,4,33,0.0,0.0,2.5,wave,2392,0,0,0.15384615384615385,True
36,4,34,0.0,0.0,2.5,wave,2354,0,0,0.15632965165675447,True
36,4,35,0.0,0.0,2.5,wave,2298,0,0,0.15883376849434291,True
36,4,36,0.0,0.0,2.5,wave,2233,0,0,0.16166592028660995,True
36,4,37,0.0,0.0,2.5,wave,2184,0,0,0.16437728937728938,True
36,4,38,0.0,0.0,2.5,wave,2150,0,0,0.16790697674418606,True
36,4,39,0.0,0.0,2.5,wave,2132,0,0,0.1726078799249531,True
36,4,40,0.0,0.0,2.5,wave,2110,0,0,0.17440758293838862,True
36,4,41,0.0,0.0,2.5,wave,2091,0,0,0.1755141080822573,True
36,4,42,0.0,0.0,2.5,wave,2067,0,0,0.17706821480406387,True
36,4,43,0.0,0.0,2.5,wave,2735,0,0,0.28190127970749546,True
36,4,44,0.0,0.0,2.5,wave,2442,0,0,0.24406224406224405,True
36,4,45,0.0,0.0,2.5,wave,2292,0,0,0.22207678883071552,True
36,4,46,0.0,0.0,2.5,wave,2195,0,0,0.21047835990888383,True
36,4,47,0.0,0.0,2.5,wave,2144,0,0,0.20848880597014927,True
36,4,48,0.0,0.0,2.5,wave,2109,0,0,0.21147463252726412,True
36,4,49,0.0,0.0,2.5,wave,2093,0,0,0.21452460582895366,True
36,4,50,0.0,0.0,2.5,wave,2078,0,0,0.21751684311838307,True
36,4,51,0.0,0.0,2.5,wave,2053,0,0,0.2172430589381393,True
36,4,52,0.0,0.0,2.5,wave,2033,0,0,0.21987211018199704,True
36,5,1,0.0,0.0,2.5,wave,2014,0,0,0.2224428997020854,True
36,5,2,0.0,0.0,2.5,wave,1988,0,0,0.22283702213279677,True
36,5,3,0.0,0.0,2.5,wave,1964,0,0,0.2240325865580448,True
36,5,4,0.0,0.0,2.5,wave,1935,0,0,0.22790697674418606,True
36,5,5,0.0,0.0,2.5,wave,1913,0,0,0.22739153162571876,True
36,5,6,0.0,0.0,2.5,wave,1885,0,0,0.23289124668435013,True
36,5,7,0.0,0.0,2.5,wave,1852,0,0,0.23380129589632828,True
36,5,8,0.0,0.0,2.5,wave,1841,0,0,0.2362846279196089,True
36,5,9,0.0,0.0,2.5,wave,1818,0,0,0.24092409240924093,True
36,5,10,0.0,0.0,2.5,wave,1800,0,0,0.24333333333333335,True
36,5,11,0.0,0.0,2.5,wave,1779,0,0,0.2478920741989882,True
36,5,12,0.0,0.0,2.5,wave,1762,0,0,0.24914869466515324,True
36,5,13,0.0,0.0,2.5,wave,1743,0,0,0.25014343086632246,True
36,5,14,0.0,0.0,2.5,wave,1718,0,0,0.2520372526193248,True
36,5,15,0.0,0.0,2.5,wave,1700,0,0,0.25470588235294117,True
36,5,16,0.0,0.0,2.5,wave,1682,0,0,0.2544589774078478,True
36,5,17,0.0,0.0,2.5,wave,1670,0,0,0.2568862275449102,True
36,5,18,0.0,0.0,2.5,wave,3606,0,0,0.11841375485302275,True
36,5,19,0.0,0.0,2.5,wave,3558,0,0,0.1225407532321529,True
36,5,20,0.0,0.0,2.5,wave,3474,0,0,0.12464018422567645,True
36,5,21,0.0,0.0,2.5,wave,3371,0,0,0.12726194007712846,True
36,5,22,0.0,0.0,2.5,wave,3289,0,0,0.12800243235025843,True
36,5,23,0.0,0.0,2.5,wave,3182,0,0,0.1316781898177247,True
36,5,24,0.0,0.0,2.5,wave,3124,0,0,0.13476312419974393,True
36,5,25,0.0,0.0,2.5,wave,3058,0,0,0.13734466971877043,True
36,5,26,0.0,0.0,2.5,wave,2973,0,0,0.13891691893710056,True
36,5,27,0.0,0.0,2.5,wave,2916,0,0,0.14060356652949246,True
36,5,28,0.0,0.0,2.5,wave,2816,0,0,0.14524147727272727,True
36,5,29,0.0,0.0,2.5,wave,2747,0,0,0.1488896978522024,True
36,5,30,0.0,0.0,2.5,wave,2693,0,0,0.15150389899740066,True
36,5,31,0.0,0.0,2.5,wave,2634,0,0,0.1545178435839028,True
36,5,32,0.0,0.0,2.5,wave,2579,0,0,0.15742535866614968,True
36,5,33,0.0,0.0,2.5,wave,2527,0,0,0.16106054610209736,True
36,5,34,0.0,0.0,2.5,wave,2484,0,0,0.1642512077294686,True
36,5,35,0.0,0.0,2.5,wave,2444,0,0,0.1685761047463175,True
36,5,36,0.0,0.0,2.5,wave,2405,0,0,0.17255717255717257,True
36,5,37,0.0,0.0,2.5,wave,2358,0,0,0.17557251908396945,True
36,5,38,0.0,0.0,2.5,wave,2334,0,0,0.1778063410454156,True
36,5,39,0.0,0.0,2.5,wave,2306,0,0,0.18126626192541198,True
36,5,40,0.0,0.0,2.5,wave,2277,0,0,0.18401405357927098,True
36,5,41,0.0,0.0,2.5,wave,2245,0,0,0.1888641425389755,True
36,5,42,0.0,0.0,2.5,wave,2219,0,0,0.1897251013970257,True
36,5,43,0.0,0.0,2.5,wave,2944,0,0,0.29483695652173914,True
36,5,44,0.0,0.0,2.5,wave,2635,0,0,0.25806451612903225,True
36,5,45,0.0,0.0,2.5,wave,2432,0,0,0.23684210526315788,True
36,5,46,0.0,0.0,2.5,wave,2334,0,0,0.2262210796915167,True
36,5,47,0.0,0.0,2.5,wave,2284,0,0,0.22679509632224168,True
36,5,48,0.0,0.0,2.5,wave,2235,0,0,0.22639821029082774,True
36,5,49,0.0,0.0,2.5,wave,2212,0,0,0.23010849909584086,True
36,5,50,0.0,0.0,2.5,wave,2189,0,0,0.23069894929191412,True
36,5,51,0.0,0.0,2.5,wave,2165,0,0,0.23140877598152426,True
36,5,52,0.0,0.0,2.5,wave,2143,0,0,0.23425104993000467,True
36,6,1,0.0,0.0,2.5,wave,2121,0,0,0.2362093352192362,True
36,6,2,0.0,0.0,2.5,wave,2089,0,0,0.23647678314983245,True
36,6,3,0.0,0.0,2.5,wave,2083,0,0,0.2400384061449832,True
36,6,4,0.0,0.0,2.5,wave,2038,0,0,0.239450441609421,True
36,6,5,0.0,0.0,2.5,wave,2022,0,0,0.23887240356083086,True
36,6,6,0.0,0.0,2.5,wave,1992,0,0,0.24347389558232932,True
36,6,7,0.0,0.0,2.5,wave,1966,0,0,0.2451678535096643,True
36,6,8,0.0,0.0,2.5,wave,1947,0,0,0.2465331278890601,True
36,6,9,0.0,0.0,2.5,wave,1915,0,0,0.24804177545691905,True
36,6,10,0.0,0.0,2.5,wave,1885,0,0,0.24986737400530504,True
36,6,11,0.0,0.0,2.5,wave,1862,0,0,0.2534908700322234,True
36,6,12,0.0,0.0,2.5,wave,1833,0,0,0.25368248772504093,True
36,6,13,0.0,0.0,2.5,wave,1818,0,0,0.25797579757975797,True
36,6,14,0.0,0.0,2.5,wave,1788,0,0,0.25727069351230425,True
36,6,15,0.0,0.0,2.5,wave,1767,0,0,0.2591963780418789,True
36,6,16,0.0,0.0,2.5,wave,1745,0,0,0.26017191977077364,True
36,6,17,0.0,0.0,2.5,wave,1734,0,0,0.2618223760092272,True
36,6,18,0.0,0.0,2.5,wave,3823,0,0,0.11797018048652891,True
36,6,19,0.0,0.0,2.5,wave,3792,0,0,0.11998945147679325,True
36,6,20,0.0,0.0,2.5,wave,3727,0,0,0.1220821035685538,True
36,6,21,0.0,0.0,2.5,wave,3639,0,0,0.12448474855729597,True
36,6,22,0.0,0.0,2.5,wave,3572,0,0,0.1265397536394177,True
36,6,23,0.0,0.0,2.5,wave,3473,0,0,0.12928304059890586,True
36,6,24,0.0,0.0,2.5,wave,3394,0,0,0.13081909251620508,True
36,6,25,0.0,0.0,2.5,wave,3319,0,0,0.13287134679120216,True
36,6,26,0.0,0.0,2.5,wave,3250,0,0,0.1363076923076923,True
36,6,27,0.0,0.0,2.5,wave,3193,0,0,0.1368618853742562,True
36,6,28,0.0,0.0,2.5,wave,3104,0,0,0.1401417525773196,True
36,6,29,0.0,0.0,2.5,wave,2983,0,0,0.143479718404291,True
36,6,30,0.0,0.0,2.5,wave,2900,0,0,0.14758620689655172,True
36,6,31,0.0,0.0,2.5,wave,2865,0,0,0.15008726003490402,True
36,6,32,0.0,0.0,2.5,wave,2838,0,0,0.15503875968992248,True
36,6,33,0.0,0.0,2.5,wave,2776,0,0,0.15597982708933716,True
36,6,34,0.0,0.0,2.5,wave,2739,0,0,0.15954728002920773,True
36,6,35,0.0,0.0,2.5,wave,2695,0,0,0.1606679035250464,True
36,6,36,0.0,0.0,2.5,wave,2649,0,0,0.16421291053227632,True
36,6,37,0.0,0.0,2.5,wave,2583,0,0,0.16802168021680217,True
36,6,38,0.0,0.0,2.5,wave,2543,0,0,0.17105780574125048,True
36,6,39,0.0,0.0,2.5,wave,2497,0,0,0.17420905086103325,True
36,6,40,0.0,0.0,2.5,wave,2468,0,0,0.1774716369529984,True
36,6,41,0.0,0.0,2.5,wave,2436,0,0,0.17939244663382595,True
36,6,42,0.0,0.0,2.5,wave,2407,0,0,0.18072289156626506,True
36,6,43,0.0,0.0,2.5,wave,3163,0,0,0.2902307935504268,True
36,6,44,0.0,0.0,2.5,wave,2831,0,0,0.2550335570469799,True
36,6,45,0.0,0.0,2.5,wave,2668,0,0,0.23950524737631185,True
36,6,46,0.0,0.0,2.5,wave,2555,0,0,0.22700587084148727,True
36,6,47,0.0,0.0,2.5,wave,2505,0,0,0.22395209580838324,True
36,6,48,0.0,0.0,2.5,wave,2457,0,0,0.22344322344322345,True
36,6,49,0.0,0.0,2.5,wave,2432,0,0,0.22738486842105263,True
36,6,50,0.0,0.0,2.5,wave,2403,0,0,0.22596754057428214,True
36,6,51,0.0,0.0,2.5,wave,2369,0,0,0.22625580413676658,True
36,6,52,0.0,0.0,2.5,wave,2328,0,0,0.2263745704467354,True
36,7,1,0.0,0.0,2.5,wave,2293,0,0,0.23157435673789795,True
36,7,2,0.0,0.0,2.5,wave,2260,0,0,0.2323008849557522,True
36,7,3,0.0,0.0,2.5,wave,2240,0,0,0.23392857142857143,True
36,7,4,0.0,0.0,2.5,wave,2220,0,0,0.2355855855855856,True
36,7,5,0.0,0.0,2.5,wave,2187,0,0,0.23914037494284407,True
36,7,6,0.0,0.0,2.5,wave,2154,0,0,0.24094707520891365,True
36,7,7,0.0,0.0,2.5,wave,2125,0,0,0.24329411764705883,True
36,7,8,0.0,0.0,2.5,wave,2112,0,0,0.24337121212121213,True
36,7,9,0.0,0.0,2.5,wave,2081,0,0,0.2445939452186449,True
36,7,10,0.0,0.0,2.5,wave,2062,0,0,0.24684772065955382,True
36,7,11,0.0,0.0,2.5,wave,2042,0,0,0.24877571008814886,True
36,7,12,0.0,0.0,2.5,wave,2022,0,0,0.251730959446093,True
36,7,13,0.0,0.0,2.5,wave,1996,0,0,0.2560120240480962,True
36,7,14,0.0,0.0,2.5,wave,1968,0,0,0.25965447154471544,True
36,7,15,0.0,0.0,2.5,wave,1944,0,0,0.2602880658436214,True
36,7,16,0.0,0.0,2.5,wave,1921,0,0,0.260801665799063,True
36,7,17,0.0,0.0,2.5,wave,1897,0,0,0.26410121244069584,True
36,7,18,0.0,0.0,2.5,wave,4072,0,0,0.1225442043222004,True
36,7,19,0.0,0.0,2.5,wave,4018,0,0,0.1254355400696864,True
36,7,20,0.0,0.0,2.5,wave,3919,0,0,0.12758356723653994,True
36,7,21,0.0,0.0,2.5,wave,3814,0,0,0.1324069218668065,True
36,7,22,0.0,0.0,2.5,wave,3693,0,0,0.13430815055510426,True
36,7,23,0.0,0.0,2.5,wave,3608,0,0,0.13664079822616407,True
36,7,24,0.0,0.0,2.5,wave,3503,0,0,0.14016557236654295,True
36,7,25,0.0,0.0,2.5,wave,3395,0,0,0.14374079528718703,True
36,7,26,0.0,0.0,2.5,wave,3309,0,0,0.14747657902689634,True
36,7,27,0.0,0.0,2.5,wave,3239,0,0,0.1518987341772152,True
36,7,28,0.0,0.0,2.5,wave,3185,0,0,0.15290423861852434,True
36,7,29,0.0,0.0,2.5,wave,3112,0,0,0.15456298200514137,True
36,7,30,0.0,0.0,2.5,wave,3031,0,0,0.1583635763774332,True
36,7,31,0.0,0.0,2.5,wave,2932,0,0,0.15961800818553887,True
36,7,32,0.0,0.0,2.5,wave,2874,0,0,0.1617954070981211,True
36,7,33,0.0,0.0,2.5,wave,2824,0,0,0.1643059490084986,True
36,7,34,0.0,0.0,2.5,wave,2786,0,0,0.16870064608758076,True
36,7,35,0.0,0.0,2.5,wave,2714,0,0,0.17059690493736182,True
36,7,36,0.0,0.0,2.5,wave,2660,0,0,0.17406015037593986,True
36,7,37,0.0,0.0,2.5,wave,2606,0,0,0.17689946277820415,True
36,7,38,0.0,0.0,2.5,wave,2584,0,0,0.17879256965944273,True
36,7,39,0.0,0.0,2.5,wave,2541,0,0,0.1814246359700905,True
36,7,40,0.0,0.0,2.5,wave,2515,0,0,0.18449304174950298,True
36,7,41,0.0,0.0,2.5,wave,2492,0,0,0.18659711075441412,True
36,7,42,0.0,0.0,2.5,wave,2463,0,0,0.1900121802679659,True
36,7,43,0.0,0.0,2.5,wave,3270,0,0,0.3030581039755352,True
36,7,44,0.0,0.0,2.5,wave,2927,0,0,0.26614280833618037,True
36,7,45,0.0,0.0,2.5,wave,2752,0,0,0.24127906976744187,True
36,7,46,0.0,0.0,2.5,wave,2625,0,0,0.2281904761904762,True
36,7,47,0.0,0.0,2.5,wave,2548,0,0,0.22448979591836735,True
36,7,48,0.0,0.0,2.5,wave,2501,0,0,0.2219112355057977,True
36,7,49,0.0,0.0,2.5,wave,2487,0,0,0.2259750703659027,True
36,7,50,0.0,0.0,2.5,wave,2447,0,0,0.22885165508786268,True
36,7,51,0.0,0.0,2.5,wave,2441,0,0,0.23146251536255633,True
36,7,52,0.0,0.0,2.5,wave,2408,0,0,0.23421926910299004,True
36,8,1,0.0,0.0,2.5,wave,2371,0,0,0.23534373681990722,True
36,8,2,0.0,0.0,2.5,wave,2342,0,0,0.23783091374893253,True
36,8,3,0.0,0.0,2.5,wave,2313,0,0,0.24038045827929097,True
36,8,4,0.0,0.0,2.5,wave,2295,0,0,0.2440087145969499,True
36,8,5,0.0,0.0,2.5,wave,2261,0,0,0.24502432551968156,True
36,8,6,0.0,0.0,2.5,wave,2238,0,0,0.24709562109025915,True
36,8,7,0.0,0.0,2.5,wave,2216,0,0,0.2509025270758123,True
36,8,8,0.0,0.0,2.5,wave,2187,0,0,0.25468678555098306,True
36,8,9,0.0,0.0,2.5,wave,2163,0,0,0.2588996763754045,True
36,8,10,0.0,0.0,2.5,wave,2145,0,0,0.2592074592074592,True
36,8,11,0.0,0.0,2.5,wave,2126,0,0,0.25870178739416744,True
36,8,12,0.0,0.0,2.5,wave,2107,0,0,0.2586616041765543,True
36,8,13,0.0,0.0,2.5,wave,2086,0,0,0.26030680728667305,True
36,8,14,0.0,0.0,2.5,wave,2069,0,0,0.2614789753504108,True
36,8,15,0.0,0.0,2.5,wave,2046,0,0,0.2624633431085044,True
36,8,16,0.0,0.0,2.5,wave,2022,0,0,0.26508407517309596,True
36,8,17,0.0,0.0,2.5,wave,1999,0,0,0.2676338169084542,True
36,8,18,0.0,0.0,2.5,wave,4386,0,0,0.12448700410396717,True
36,8,19,0.0,0.0,2.5,wave,4320,0,0,0.12638888888888888,True
36,8,20,0.0,0.0,2.5,wave,4229,0,0,0.12816268621423504,True
36,8,21,0.0,0.0,2.5,wave,4130,0,0,0.13268765133171914,True
36,8,22,0.0,0.0,2.5,wave,4043,0,0,0.13579025476131584,True
36,8,23,0.0,0.0,2.5,wave,3971,0,0,0.13800050365147318,True
36,8,24,0.0,0.0,2.5,wave,3873,0,0,0.14123418538600568,True
36,8,25,0.0,0.0,2.5,wave,3795,0,0,0.14281949934123847,True
36,8,26,0.0,0.0,2.5,wave,3718,0,0,0.14739107046799355,True
36,8,27,0.0,0.0,2.5,wave,3638,0,0,0.14953271028037382,True
36,8,28,0.0,0.0,2.5,wave,3563,0,0,0.1507156890261016,True
36,8,29,0.0,0.0,2.5,wave,3486,0,0,0.1523235800344234,True
36,8,30,0.0,0.0,2.5,wave,3408,0,0,0.15639671361502347,True
36,8,31,0.0,0.0,2.5,wave,3325,0,0,0.16,True
36,8,32,0.0,0.0,2.5,wave,3288,0,0,0.16210462287104624,True
36,8,33,0.0,0.0,2.5,wave,3237,0,0,0.16620327463700957,True
36,8,34,0.0,0.0,2.5,wave,3175,0,0,0.16913385826771654,True
36,8,35,0.0,0.0,2.5,wave,3124,0,0,0.17157490396927016,True
36,8,36,0.0,0.0,2.5,wave,3071,0,0,0.17388472810159558,True
36,8,37,0.0,0.0,2.5,wave,3025,0,0,0.17487603305785124,True
36,8,38,0.0,0.0,2.5,wave,3000,0,0,0.17766666666666667,True
36,8,39,0.0,0.0,2.5,wave,2962,0,0,0.17960837272113436,True
36,8,40,0.0,0.0,2.5,wave,2927,0,0,0.18073112401776564,True
36,8,41,0.0,0.0,2.5,wave,2889,0,0,0.181723779854621,True
36,8,42,0.0,0.0,2.5,wave,2856,0,0,0.18347338935574228,True
36,8,43,0.0,0.0,2.5,wave,3748,0,0,0.29375667022411955,True
36,8,44,0.0,0.0,2.5,wave,3358,0,0,0.2549136390708755,True
36,8,45,0.0,0.0,2.5,wave,3136,0,0,0.23692602040816327,True
36,8,46,0.0,0.0,2.5,wave,3017,0,0,0.22903546569439842,True
36,8,47,0.0,0.0,2.5,wave,2930,0,0,0.22081911262798634,True
36,8,48,0.0,0.0,2.5,wave,2877,0,0,0.22002085505735142,True
36,8,49,0.0,0.0,2.5,wave,2833,0,0,0.21884927638545712,True
36,8,50,0.0,0.0,2.5,wave,2788,0,0,0.21951219512195122,True
36,8,51,0.0,0.0,2.5,wave,2753,0,0,0.22302942244823828,True
36,8,52,0.0,0.0,2.5,wave,2711,0,0,0.22390261895979344,True
36,9,1,0.0,0.0,2.5,wave,2684,0,0,0.22391952309985097,True
36,9,2,0.0,0.0,2.5,wave,2643,0,0,0.22398789254634885,True
36,9,3,0.0,0.0,2.5,wave,2601,0,0,0.22722029988465975,True
36,9,4,0.0,0.0,2.5,wave,2561,0,0,0.22998828582584926,True
36,9,5,0.0,0.0,2.5,wave,2534,0,0,0.23204419889502761,True
36,9,6,0.0,0.0,2.5,wave,2502,0,0,0.23621103117505995,True
36,9,7,0.0,0.0,2.5,wave,2480,0,0,0.23830645161290323,True
36,9,8,0.0,0.0,2.5,wave,2448,0,0,0.2406045751633987,True
36,9,9,0.0,0.0,2.5,wave,2422,0,0,0.24236168455821636,True
36,9,10,0.0,0.0,2.5,wave,2402,0,0,0.2456286427976686,True
36,9,11,0.0,0.0,2.5,wave,2369,0,0,0.2456732798649219,True
36,9,12,0.0,0.0,2.5,wave,2352,0,0,0.24787414965986396,True
36,9,13,0.0,0.0,2.5,wave,2328,0,0,0.2504295532646048,True
36,9,14,0.0,0.0,2.5,wave,2298,0,0,0.2519582245430809,True
36,9,15,0.0,0.0,2.5,wave,2268,0,0,0.25396825396825395,True
36,9,16,0.0,0.0,2.5,wave,2250,0,0,0.2551111111111111,True
36,9,17,0.0,0.0,2.5,wave,2231,0,0,0.25862841774988793,True
36,9,18,0.0,0.0,2.5,wave,4676,0,0,0.11548331907613345,True
36,9,19,0.0,0.0,2.5,wave,4613,0,0,0.11814437459353999,True
36,9,20,0.0,0.0,2.5,wave,4538,0,0,0.12075804319083297,True
36,9,21,0.0,0.0,2.5,wave,4465,0,0,0.12340425531914893,True
36,9,22,0.0,0.0,2.5,wave,4367,0,0,0.12708953514998855,True
36,9,23,0.0,0.0,2.5,wave,4237,0,0,0.12980882700023602,True
36,9,24,0.0,0.0,2.5,wave,4152,0,0,0.13222543352601157,True
36,9,25,0.0,0.0,2.5,wave,4076,0,0,0.13591756624141316,True
36,9,26,0.0,0.0,2.5,wave,3987,0,0,0.1384499623777276,True
36,9,27,0.0,0.0,2.5,wave,3889,0,0,0.14142453072769348,True
36,9,28,0.0,0.0,2.5,wave,3815,0,0,0.14311926605504588,True
36,9,29,0.0,0.0,2.5,wave,3729,0,0,0.14641995172968625,True
36,9,30,0.0,0.0,2.5,wave,3670,0,0,0.14822888283378746,True
36,9,31,0.0,0.0,2.5,wave,3594,0,0,0.14997217584863662,True
36,9,32,0.0,0.0,2.5,wave,3519,0,0,0.15316851378232452,True
36,9,33,0.0,0.0,2.5,wave,3436,0,0,0.15715948777648428,True
36,9,34,0.0,0.0,2.5,wave,3379,0,0,0.1589227582124889,True
36,9,35,0.0,0.0,2.5,wave,3328,0,0,0.16105769230769232,True
36,9,36,0.0,0.0,2.5,wave,3271,0,0,0.1647814124121064,True
36,9,37,0.0,0.0,2.5,wave,3227,0,0,0.16702819956616052,True
36,9,38,0.0,0.0,2.5,wave,3194,0,0,0.16750156543519099,True
36,9,39,0.0,0.0,2.5,wave,3154,0,0,0.1699429296131896,True
36,9,40,0.0,0.0,2.5,wave,3105,0,0,0.17294685990338166,True
36,9,41,0.0,0.0,2.5,wave,3070,0,0,0.1758957654723127,True
36,9,42,0.0,0.0,2.5,wave,3030,0,0,0.1788778877887789,True
36,9,43,0.0,0.0,2.5,wave,3978,0,0,0.2933634992458522,True
36,9,44,0.0,0.0,2.5,wave,3531,0,0,0.2543188898329085,True
36,9,45,0.0,0.0,2.5,wave,3293,0,0,0.22714849681141816,True
36,9,46,0.0,0.0,2.5,wave,3157,0,0,0.21792841305036428,True
36,9,47,0.0,0.0,2.5,wave,3056,0,0,0.2087696335078534,True
36,9,48,0.0,0.0,2.5,wave,3000,0,0,0.207,True
36,9,49,0.0,0.0,2.5,wave,2953,0,0,0.20656959024720623,True
36,9,50,0.0,0.0,2.5,wave,2909,0,0,0.20900653145410794,True
36,9,51,0.0,0.0,2.5,wave,2878,0,0,0.2126476719944406,True
36,9,52,0.0,0.0,2.5,wave,2850,0,0,0.21719298245614035,True
36,10,1,0.0,0.0,2.5,wave,2819,0,0,0.21851720468251154,True
36,10,2,0.0,0.0,2.5,wave,2783,0,0,0.22062522457779374,True
36,10,3,0.0,0.0,2.5,wave,2747,0,0,0.22096832908627595,True
36,10,4,0.0,0.0,2.5,wave,2716,0,0,0.22569955817378498,True
36,10,5,0.0,0.0,2.5,wave,2670,0,0,0.2254681647940075,True
36,10,6,0.0,0.0,2.5,wave,2633,0,0,0.2271173566274212,True
36,10,7,0.0,0.0,2.5,wave,2612,0,0,0.2285604900459418,True
36,10,8,0.0,0.0,2.5,wave,2587,0,0,0.23115577889447236,True
36,10,9,0.0,0.0,2.5,wave,2548,0,0,0.23233908948194662,True
36,10,10,0.0,0.0,2.5,wave,2521,0,0,0.23403411344704483,True
36,10,11,0.0,0.0,2.5,wave,2494,0,0,0.23696872493985566,True
36,10,12,0.0,0.0,2.5,wave,2468,0,0,0.23946515397082657,True
36,10,13,0.0,0.0,2.5,wave,2441,0,0,0.24252355591970504,True
36,10,14,0.0,0.0,2.5,wave,2417,0,0,0.24534546959040132,True
36,10,15,0.0,0.0,2.5,wave,2392,0,0,0.24832775919732442,True
36,10,16,0.0,0.0,2.5,wave,2378,0,0,0.2514718250630782,True
36,10,17,0.0,0.0,2.5,wave,2351,0,0,0.2543598468736708,True
36,10,18,0.0,0.0,2.5,wave,5052,0,0,0.11381631037212984,True
36,10,19,0.0,0.0,2.5,wave,4989,0,0,0.11545399879735418,True
36,10,20,0.0,0.0,2.5,wave,4880,0,0,0.11823770491803279,True
36,10,21,0.0,0.0,2.5,wave,4754,0,0,0.12137147665124107,True
36,10,22,0.0,0.0,2.5,wave,4673,0,0,0.12347528354376204,True
36,10,23,0.0,0.0,2.5,wave,4561,0,0,0.12760359570269678,True
36,10,24,0.0,0.0,2.5,wave,4463,0,0,0.1304055568003585,True
36,10,25,0.0,0.0,2.5,wave,4391,0,0,0.13436574812115692,True
36,10,26,0.0,0.0,2.5,wave,4309,0,0,0.13576235785565097,True
36,10,27,0.0,0.0,2.5,wave,4230,0,0,0.1380614657210402,True
36,10,28,0.0,0.0,2.5,wave,4167,0,0,0.140628749700024,True
36,10,29,0.0,0.0,2.5,wave,4060,0,0,0.1458128078817734,True
36,10,30,0.0,0.0,2.5,wave,4000,0,0,0.1475,True
36,10,31,0.0,0.0,2.5,wave,3908,0,0,0.15122824974411464,True
36,10,32,0.0,0.0,2.5,wave,3818,0,0,0.15610267155578836,True
36,10,33,0.0,0.0,2.5,wave,3743,0,0,0.15976489446967673,True
36,10,34,0.0,0.0,2.5,wave,3658,0,0,0.1626571897211591,True
36,10,35,0.0,0.0,2.5,wave,3590,0,0,0.16323119777158773,True
36,10,36,0.0,0.0,2.5,wave,3507,0,0,0.16737952666096378,True
36,10,37,0.0,0.0,2.5,wave,3448,0,0,0.16908352668213458,True
36,10,38,0.0,0.0,2.5,wave,3409,0,0,0.17072455265473746,True
36,10,39,0.0,0.0,2.5,wave,3368,0,0,0.17339667458432304,True
36,10,40,0.0,0.0,2.5,wave,3334,0,0,0.1754649070185963,True
36,10,41,0.0,0.0,2.5,wave,3286,0,0,0.17802799756542909,True
36,10,42,0.0,0.0,2.5,wave,3251,0,0,0.18148262073208243,True
36,10,43,0.0,0.0,2.5,wave,4354,0,0,0.29788700045934774,True
36,10,44,0.0,0.0,2.5,wave,3854,0,0,0.25220550077841203,True
36,10,45,0.0,0.0,2.5,wave,3572,0,0,0.23040313549832026,True
36,10,46,0.0,0.0,2.5,wave,3410,0,0,0.2187683284457478,True
36,10,47,0.0,0.0,2.5,wave,3300,0,0,0.21393939393939393,True
36,10,48,0.0,0.0,2.5,wave,3230,0,0,0.21052631578947367,True
36,10,49,0.0,0.0,2.5,wave,3190,0,0,0.21065830721003134,True
36,10,50,0.0,0.0,2.5,wave,3145,0,0,0.21240063593004768,True
36,10,51,0.0,0.0,2.5,wave,3110,0,0,0.2144694533762058,True
36,10,52,0.0,0.0,2.5,wave,3070,0,0,0.21596091205211726,True
36,11,1,0.0,0.0,2.5,wave,3047,0,0,0.21824745651460453,True
36,11,2,0.0,0.0,2.5,wave,3018,0,0,0.22233267064280982,True
36,11,3,0.0,0.0,2.5,wave,2982,0,0,0.22401073105298458,True
36,11,4,0.0,0.0,2.5,wave,2937,0,0,0.2250595846101464,True
36,11,5,0.0,0.0,2.5,wave,2889,0,0,0.22568362755278643,True
36,11,6,0.0,0.0,2.5,wave,2847,0,0,0.22760800842992623,True
36,11,7,0.0,0.0,2.5,wave,2812,0,0,0.22972972972972974,True
36,11,8,0.0,0.0,2.5,wave,2788,0,0,0.23242467718794835,True
36,11,9,0.0,0.0,2.5,wave,2756,0,0,0.23403483309143686,True
36,11,10,0.0,0.0,2.5,wave,2718,0,0,0.2365710080941869,True
36,11,11,0.0,0.0,2.5,wave,2697,0,0,0.23878383388950686,True
36,11,12,0.0,0.0,2.5,wave,2674,0,0,0.2400897531787584,True
36,11,13,0.0,0.0,2.5,wave,2645,0,0,0.24196597353497165,True
36,11,14,0.0,0.0,2.5,wave,2619,0,0,0.24436807941962582,True
36,11,15,0.0,0.0,2.5,wave,2599,0,0,0.2458637937668334,True
36,11,16,0.0,0.0,2.5,wave,2564,0,0,0.2484399375975039,True
36,11,17,0.0,0.0,2.5,wave,2542,0,0,0.25177025963808025,True
36,11,18,0.0,0.0,2.5,wave,5507,0,0,0.11258398402033776,True
36,11,19,0.0,0.0,2.5,wave,5416,0,0,0.11613737075332349,True
36,11,20,0.0,0.0,2.5,wave,5284,0,0,0.11714610143830431,True
36,11,21,0.0,0.0,2.5,wave,5121,0,0,0.1220464752977934,True
36,11,22,0.0,0.0,2.5,wave,5023,0,0,0.12442763288871192,True
36,11,23,0.0,0.0,2.5,wave,4915,0,0,0.1271617497456765,True
36,11,24,0.0,0.0,2.5,wave,4823,0,0,0.1293800539083558,True
36,11,25,0.0,0.0,2.5,wave,4722,0,0,0.1340533672172808,True
36,11,26,0.0,0.0,2.5,wave,4611,0,0,0.1374972890913034,True
36,11,27,0.0,0.0,2.5,wave,4508,0,0,0.14130434782608695,True
36,11,28,0.0,0.0,2.5,wave,4421,0,0,0.14408504863153132,True
36,11,29,0.0,0.0,2.5,wave,4321,0,0,0.14579958342976163,True
36,11,30,0.0,0.0,2.5,wave,4232,0,0,0.14910207939508507,True
36,11,31,0.0,0.0,2.5,wave,4130,0,0,0.15205811138014527,True
36,11,32,0.0,0.0,2.5,wave,4048,0,0,0.15489130434782608,True
36,11,33,0.0,0.0,2.5,wave,3981,0,0,0.15599095704596835,True
36,11,34,0.0,0.0,2.5,wave,3911,0,0,0.15878291996931732,True
36,11,35,0.0,0.0,2.5,wave,3838,0,0,0.1618030224075039,True
36,11,36,0.0,0.0,2.5,wave,3774,0,0,0.16534181240063592,True
36,11,37,0.0,0.0,2.5,wave,3711,0,0,0.16814874696847212,True
36,11,38,0.0,0.0,2.5,wave,3672,0,0,0.17238562091503268,True
36,11,39,0.0,0.0,2.5,wave,3627,0,0,0.17369727047146402,True
36,11,40,0.0,0.0,2.5,wave,3589,0,0,0.17609361939258847,True
36,11,41,0.0,0.0,2.5,wave,3538,0,0,0.17806670435274166,True
36,11,42,0.0,0.0,2.5,wave,3507,0,0,0.18192187054462503,True
36,11,43,0.0,0.0,2.5,wave,4730,0,0,0.2985200845665962,True
36,11,44,0.0,0.0,2.5,wave,4200,0,0,0.2561904761904762,True
36,11,45,0.0,0.0,2.5,wave,3883,0,0,0.2286891578676281,True
36,11,46,0.0,0.0,2.5,wave,3718,0,0,0.21597633136094674,True
36,11,47,0.0,0.0,2.5,wave,3603,0,0,0.20982514571190675,True
36,11,48,0.0,0.0,2.5,wave,3535,0,0,0.2082036775106082,True
36,11,49,0.0,0.0,2.5,wave,3494,0,0,0.20835718374356038,True
36,11,50,0.0,0.0,2.5,wave,3433,0,0,0.20769006699679582,True
36,11,51,0.0,0.0,2.5,wave,3409,0,0,0.2097389263713699,True
36,11,52,0.0,0.0,2.5,wave,3371,0,0,0.20973005043013943,True
37,1,1,0.0,0.0,2.5,wave,2686,0,0,0.0029784065524944155,True
37,1,2,0.0,0.0,2.5,wave,2652,0,0,0.003770739064856712,True
37,1,3,0.0,0.0,2.5,wave,2587,0,0,0.005411673753382296,True
37,1,4,0.0,0.0,2.5,wave,2534,0,0,0.008681925808997633,True
37,1,5,0.0,0.0,2.5,wave,2466,0,0,0.012976480129764802,True
37,1,6,0.0,0.0,2.5,wave,2408,0,0,0.014950166112956811,True
37,1,7,0.0,0.0,2.5,wave,2350,0,0,0.017872340425531916,True
37,1,8,0.0,0.0,2.5,wave,2281,0,0,0.019289785181937746,True
37,1,9,0.0,0.0,2.5,wave,2226,0,0,0.020664869721473494,True
37,1,10,0.0,0.0,2.5,wave,2171,0,0,0.021188392445877474,True
37,1,11,0.0,0.0,2.5,wave,2119,0,0,0.022652194431335537,True
37,1,12,0.0,0.0,2.5,wave,2058,0,0,0.0228377065111759,True
37,1,13,0.0,0.0,2.5,wave,2018,0,0,0.024777006937561942,True
37,1,14,0.0,0.0,2.5,wave,1970,0,0,0.024873096446700507,True
37,1,15,0.0,0.0,2.5,wave,1935,0,0,0.027906976744186046,True
37,1,16,0.0,0.0,2.5,wave,1897,0,0,0.028465998945703744,True
37,1,17,0.0,0.0,2.5,wave,1839,0,0,0.029907558455682437,True
37,1,18,0.0,0.0,2.5,wave,5202,0,0,0.012879661668589004,True
37,1,19,0.0,0.0,2.5,wave,5061,0,0,0.014621616281367319,True
37,1,20,0.0,0.0,2.5,wave,4861,0,0,0.017486113968319277,True
37,1,21,0.0,0.0,2.5,wave,4659,0,0,0.0197467267654003,True
37,1,22,0.0,0.0,2.5,wave,4545,0,0,0.022002200220022004,True
37,1,23,0.0,0.0,2.5,wave,4429,0,0,0.023255813953488372,True
37,1,24,0.0,0.0,2.5,wave,4316,0,0,0.025023169601482854,True
37,1,25,0.0,0.0,2.5,wave,4223,0,0,0.027942221169784513,True
37,1,26,0.0,0.0,2.5,wave,4090,0,0,0.029095354523227385,True
37,1,27,0.0,0.0,2.5,wave,3987,0,0,0.031351893654376725,True
37,1,28,0.0,0.0,2.5,wave,3880,0,0,0.032989690721649485,True
37,1,29,0.0,0.0,2.5,wave,3778,0,0,0.03573319216516675,True
37,1,30,0.0,0.0,2.5,wave,3662,0,0,0.03795740032768979,True
37,1,31,0.0,0.0,2.5,wave,3565,0,0,0.03870967741935484,True
37,1,32,0.0,0.0,2.5,wave,3458,0,0,0.03990746096009254,True
37,1,33,0.0,0.0,2.5,wave,3343,0,0,0.04157941968291953,True
37,1,34,0.0,0.0,2.5,wave,3260,0,0,0.04294478527607362,True
37,1,35,0.0,0.0,2.5,wave,3175,0,0,0.044409448818897634,True
37,1,36,0.0,0.0,2.5,wave,3077,0,0,0.048423789405264865,True
37,1,37,0.0,0.0,2.5,wave,3007,0,0,0.04988360492184902,True
37,1,38,0.0,0.0,2.5,wave,2937,0,0,0.05175348995573715,True
37,1,39,0.0,0.0,2.5,wave,2891,0,0,0.053268765133171914,True
37,1,40,0.0,0.0,2.5,wave,2841,0,0,0.05385427666314678,True
37,1,41,0.0,0.0,2.5,wave,2795,0,0,0.05760286225402504,True
37,1,42,0.0,0.0,2.5,wave,2746,0,0,0.05972323379461034,True
37,1,43,0.0,0.0,2.5,wave,3052,0,0,0.11304062909567497,True
37,1,44,0.0,0.0,2.5,wave,2848,0,0,0.09410112359550561,True
37,1,45,0.0,0.0,2.5,wave,2781,0,0,0.09133405249910104,True
37,1,46,0.0,0.0,2.5,wave,2708,0,0,0.08899556868537666,True
37,1,47,0.0,0.0,2.5,wave,2660,0,0,0.0887218045112782,True
37,1,48,0.0,0.0,2.5,wave,2630,0,0,0.08897338403041825,True
37,1,49,0.0,0.0,2.5,wave,2592,0,0,0.09143518518518519,True
37,1,50,0.0,0.0,2.5,wave,2563,0,0,0.09364026531408505,True
37,1,51,0.0,0.0,2.5,wave,2517,0,0,0.09694080254270958,True
37,1,52,0.0,0.0,2.5,wave,2495,0,0,0.09939879759519038,True
37,2,1,0.0,0.0,2.5,wave,2461,26,4,0.09914668833807395,False
37,2,2,0.0,0.0,2.5,wave,2422,28,8,0.10033030553261767,False
37,2,3,0.0,0.0,2.5,wave,2401,30,14,0.1028738025822574,False
37,2,4,0.0,0.0,2.5,wave,2360,33,12,0.10296610169491525,False
37,2,5,0.0,0.0,2.5,wave,2329,30,11,0.1051953628166595,False
37,2,6,0.0,0.0,2.5,wave,2285,34,12,0.10853391684901531,False
37,2,7,0.0,0.0,2.5,wave,2250,31,9,0.11155555555555556,False
37,2,8,0.0,0.0,2.5,wave,2205,38,13,0.11201814058956916,False
37,2,9,0.0,0.0,2.5,wave,2173,37,14,0.11688909341923608,False
37,2,10,0.0,0.0,2.5,wave,2140,37,12,0.12196261682242991,False
37,2,11,0.0,0.0,2.5,wave,2092,32,13,0.12476099426386233,False
37,2,12,0.0,0.0,2.5,wave,2055,34,15,0.1245742092457421,False
37,2,13,0.0,0.0,2.5,wave,2000,35,15,0.1245,False
37,2,14,0.0,0.0,2.5,wave,1958,31,14,0.12819203268641471,False
37,2,15,0.0,0.0,2.5,wave,1918,29,11,0.12877997914494266,False
37,2,16,0.0,0.0,2.5,wave,1883,32,5,0.1295804567180032,False
37,2,17,0.0,0.0,2.5,wave,1856,30,6,0.1320043103448276,False
37,2,18,0.0,0.0,2.5,wave,3678,31,13,0.06769983686786298,False
37,2,19,0.0,0.0,2.5,wave,3591,32,11,0.06934001670843776,False
37,2,20,0.0,0.0,2.5,wave,3509,30,12,0.07124536905101168,False
37,2,21,0.0,0.0,2.5,wave,3433,37,12,0.0736964753859598,False
37,2,22,0.0,0.0,2.5,wave,3292,31,8,0.07746051032806804,False
37,2,23,0.0,0.0,2.5,wave,3219,37,11,0.08108108108108109,False
37,2,24,0.0,0.0,2.5,wave,3141,37,12,0.08404966571155682,False
37,2,25,0.0,0.0,2.5,wave,3067,34,12,0.08738180632539941,False
37,2,26,0.0,0.0,2.5,wave,2996,38,13,0.0897863818424566,False
37,2,27,0.0,0.0,2.5,wave,2907,39,11,0.09425524595803234,False
37,2,28,0.0,0.0,2.5,wave,2835,38,16,0.09700176366843033,False
37,2,29,0.0,0.0,2.5,wave,2771,39,15,0.09888127029953085,False
37,2,30,0.0,0.0,2.5,wave,2727,37,13,0.10194352768610195,False
37,2,31,0.0,0.0,2.5,wave,2669,35,11,0.10603222180591983,False
37,2,32,0.0,0.0,2.5,wave,2632,35,12,0.10752279635258359,False
37,2,33,0.0,0.0,2.5,wave,2579,29,12,0.11050794881737107,False
37,2,34,0.0,0.0,2.5,wave,2521,24,8,0.11305037683458945,False
37,2,35,0.0,0.0,2.5,wave,2465,19,7,0.11480730223123732,False
37,2,36,0.0,0.0,2.5,wave,2423,20,9,0.11638464713165497,False
37,2,37,0.0,0.0,2.5,wave,2358,19,8,0.11874469889737066,False
37,2,38,0.0,0.0,2.5,wave,2325,19,6,0.12172043010752688,False
37,2,39,0.0,0.0,2.5,wave,2284,16,7,0.12215411558669002,False
37,2,40,0.0,0.0,2.5,wave,2251,16,7,0.12305641936916926,False
37,2,41,0.0,0.0,2.5,wave,2215,12,8,0.12595936794582394,False
37,2,42,0.0,0.0,2.5,wave,2192,9,4,0.12864963503649635,False
37,2,43,0.0,0.0,2.5,wave,2595,7,5,0.21965317919075145,False
37,2,44,0.0,0.0,2.5,wave,2381,5,4,0.18437631247375053,False
37,2,45,0.0,0.0,2.5,wave,2307,2,1,0.1716514954486346,False
37,2,46,0.0,0.0,2.5,wave,2278,1,0,0.17208077260755048,False
37,2,47,0.0,0.0,2.5,wave,2248,1,0,0.17304270462633453,False
37,2,48,0.0,0.0,2.5,wave,2216,1,0,0.17418772563176896,False
37,2,49,0.0,0.0,2.5,wave,2197,1,0,0.17569412835685025,False
37,2,50,0.0,0.0,2.5,wave,2172,1,1,0.17541436464088397,False
37,2,51,0.0,0.0,2.5,wave,2157,1,1,0.17848864163189615,False
37,2,52,0.0,0.0,2.5,wave,2113,0,0,0.17889256980596308,False
37,3,1,0.0,0.0,2.5,wave,2084,0,0,0.18234165067178504,False
37,3,2,0.0,0.0,2.5,wave,2055,0,0,0.18394160583941604,False
37,3,3,0.0,0.0,2.5,wave,2039,0,0,0.18587542913192742,False
37,3,4,0.0,0.0,2.5,wave,2014,0,0,0.18570009930486595,False
37,3,5,0.0,0.0,2.5,wave,2000,0,0,0.187,True
37,3,6,0.0,0.0,2.5,wave,1978,0,0,0.18554095045500504,True
37,3,7,0.0,0.0,2.5,wave,1951,0,0,0.18554587391081498,True
37,3,8,0.0,0.0,2.5,wave,1936,0,0,0.18853305785123967,True
37,3,9,0.0,0.0,2.5,wave,1917,0,0,0.19092331768388107,True
37,3,10,0.0,0.0,2.5,wave,1899,0,0,0.19062664560294892,True
37,3,11,0.0,0.0,2.5,wave,1883,0,0,0.18852894317578334,True
37,3,12,0.0,0.0,2.5,wave,1865,0,0,0.1898123324396783,True
37,3,13,0.0,0.0,2.5,wave,1836,0,0,0.1900871459694989,True
37,3,14,0.0,0.0,2.5,wave,1825,0,0,0.19397260273972602,True
37,3,15,0.0,0.0,2.5,wave,1807,0,0,0.19479800774764802,True
37,3,16,0.0,0.0,2.5,wave,1791,0,0,0.19988833054159688,True
37,3,17,0.0,0.0,2.5,wave,1773,0,0,0.20360970107163,True
37,3,18,0.0,0.0,2.5,wave,3982,0,0,0.0916624811652436,True
37,3,19,0.0,0.0,2.5,wave,3916,0,0,0.09499489274770173,True
37,3,20,0.0,0.0,2.5,wave,3799,0,0,0.09897341405633062,True
37,3,21,0.0,0.0,2.5,wave,3700,0,0,0.10135135135135136,True
37,3,22,0.0,0.0,2.5,wave,3621,0,0,0.10328638497652583,True
37,3,23,0.0,0.0,2.5,wave,3535,0,0,0.1057991513437058,True
37,3,24,0.0,0.0,2.5,wave,3471,0,0,0.10803802938634399,True
37,3,25,0.0,0.0,2.5,wave,3434,0,0,0.10920209668025627,True
37,3,26,0.0,0.0,2.5,wave,3353,0,0,0.10975246048314942,True
37,3,27,0.0,0.0,2.5,wave,3232,0,0,0.11448019801980198,True
37,3,28,0.0,0.0,2.5,wave,3150,0,0,0.11841269841269841,True
37,3,29,0.0,0.0,2.5,wave,3093,0,0,0.12059489169091497,True
37,3,30,0.0,0.0,2.5,wave,3005,0,0,0.12479201331114809,True
37,3,31,0.0,0.0,2.5,wave,2918,0,0,0.12542837559972583,True
37,3,32,0.0,0.0,2.5,wave,2854,0,0,0.12859145059565522,True
37,3,33,0.0,0.0,2.5,wave,2800,0,0,0.13,True
37,3,34,0.0,0.0,2.5,wave,2739,0,0,0.13289521723256664,True
37,3,35,0.0,0.0,2.5,wave,2688,0,0,0.13578869047619047,True
37,3,36,0.0,0.0,2.5,wave,2641,0,0,0.13896251419916697,True
37,3,37,0.0,0.0,2.5,wave,2579,0,0,0.14152772392400156,True
37,3,38,0.0,0.0,2.5,wave,2558,0,0,0.145426114151681,True
37,3,39,0.0,0.0,2.5,wave,2530,0,0,0.14782608695652175,True
37,3,40,0.0,0.0,2.5,wave,2498,0,0,0.1513210568454764,True
37,3,41,0.0,0.0,2.5,wave,2467,0,0,0.154843940008107,True
37,3,42,0.0,0.0,2.5,wave,2439,0,0,0.15785157851578516,True
37,3,43,0.0,0.0,2.5,wave,2899,0,0,0.23835805450155226,True
37,3,44,0.0,0.0,2.5,wave,2630,0,0,0.20722433460076045,True
37,3,45,0.0,0.0,2.5,wave,2523,0,0,0.1993658343242172,True
37,3,46,0.0,0.0,2.5,wave,2451,0,0,0.1942064463484292,True
37,3,47,0.0,0.0,2.5,wave,2406,0,0,0.19160432252701579,True
37,3,48,0.0,0.0,2.5,wave,2391,0,0,0.19615223755750733,True
37,3,49,0.0,0.0,2.5,wave,2359,0,0,0.19838914794404408,True
37,3,50,0.0,0.0,2.5,wave,2350,0,0,0.20042553191489362,True
37,3,51,0.0,0.0,2.5,wave,2311,0,0,0.20121159671138036,True
37,3,52,0.0,0.0,2.5,wave,2285,0,0,0.20437636761487965,True
37,4,1,0.0,0.0,2.5,wave,2261,0,0,0.20654577620521894,True
37,4,2,0.0,0.0,2.5,wave,2239,0,0,0.20768200089325592,True
37,4,3,0.0,0.0,2.5,wave,2213,0,0,0.20831450519656575,True
37,4,4,0.0,0.0,2.5,wave,2193,0,0,0.21158230734154126,True
37,4,5,0.0,0.0,2.5,wave,2174,0,0,0.21343146274149033,True
37,4,6,0.0,0.0,2.5,wave,2154,0,0,0.21634168987929434,True
37,4,7,0.0,0.0,2.5,wave,2131,0,0,0.21726888784608164,True
37,4,8,0.0,0.0,2.5,wave,2104,0,0,0.21720532319391636,True
37,4,9,0.0,0.0,2.5,wave,2082,0,0,0.21805955811719502,True
37,4,10,0.0,0.0,2.5,wave,2057,0,0,0.22070977151191054,True
37,4,11,0.0,0.0,2.5,wave,2035,0,0,0.22113022113022113,True
37,4,12,0.0,0.0,2.5,wave,2010,0,0,0.2228855721393035,True
37,4,13,0.0,0.0,2.5,wave,1986,0,0,0.22608257804632426,True
37,4,14,0.0,0.0,2.5,wave,1963,0,0,0.22924095771777891,True
37,4,15,0.0,0.0,2.5,wave,1932,0,0,0.2308488612836439,True
37,4,16,0.0,0.0,2.5,wave,1920,0,0,0.2328125,True
37,4,17,0.0,0.0,2.5,wave,1897,0,0,0.23405376910911965,True
37,4,18,0.0,0.0,2.5,wave,3900,0,0,0.1135897435897436,True
37,4,19,0.0,0.0,2.5,wave,3827,0,0,0.11654037104781813,True
37,4,20,0.0,0.0,2.5,wave,3741,0,0,0.11895215183106121,True
37,4,21,0.0,0.0,2.5,wave,3673,0,0,0.12006534168254833,True
37,4,22,0.0,0.0,2.5,wave,3568,0,0,0.1241591928251121,True
37,4,23,0.0,0.0,2.5,wave,3499,0,0,0.12632180623035152,True
37,4,24,0.0,0.0,2.5,wave,3432,0,0,0.12878787878787878,True
37,4,25,0.0,0.0,2.5,wave,3376,0,0,0.129739336492891,True
37,4,26,0.0,0.0,2.5,wave,3294,0,0,0.13175470552519733,True
37,4,27,0.0,0.0,2.5,wave,3225,0,0,0.13426356589147287,True
37,4,28,0.0,0.0,2.5,wave,3146,0,0,0.13890654799745708,True
37,4,29,0.0,0.0,2.5,wave,3062,0,0,0.1420640104506858,True
37,4,30,0.0,0.0,2.5,wave,2986,0,0,0.14333556597454788,True
37,4,31,0.0,0.0,2.5,wave,2898,0,0,0.14596273291925466,True
37,4,32,0.0,0.0,2.5,wave,2847,0,0,0.14892869687390237,True
37,4,33,0.0,0.0,2.5,wave,2773,0,0,0.15146051208077893,True
37,4,34,0.0,0.0,2.5,wave,2724,0,0,0.15528634361233482,True
37,4,35,0.0,0.0,2.5,wave,2688,0,0,0.15699404761904762,True
37,4,36,0.0,0.0,2.5,wave,2644,0,0,0.15960665658093798,True
37,4,37,0.0,0.0,2.5,wave,2592,0,0,0.16319444444444445,True
37,4,38,0.0,0.0,2.5,wave,2556,0,0,0.16471048513302033,True
37,4,39,0.0,0.0,2.5,wave,2510,0,0,0.16693227091633467,True
37,4,40,0.0,0.0,2.5,wave,2478,0,0,0.1678773204196933,True
37,4,41,0.0,0.0,2.5,wave,2453,0,0,0.17040358744394618,True
37,4,42,0.0,0.0,2.5,wave,2439,0,0,0.17220172201722017,True
37,4,43,0.0,0.0,2.5,wave,2956,0,0,0.2706359945872801,True
37,4,44,0.0,0.0,2.5,wave,2701,0,0,0.2376897445390596,True
37,4,45,0.0,0.0,2.5,wave,2614,0,0,0.22570772762050498,True
37,4,46,0.0,0.0,2.5,wave,2521,0,0,0.21777072590241967,True
37,4,47,0.0,0.0,2.5,wave,2494,0,0,0.2165196471531676,True
37,4,48,0.0,0.0,2.5,wave,2445,0,0,0.2167689161554192,True
37,4,49,0.0,0.0,2.5,wave,2415,0,0,0.21697722567287786,True
37,4,50,0.0,0.0,2.5,wave,2383,0,0,0.21695342005874949,True
37,4,51,0.0,0.0,2.5,wave,2354,0,0,0.2179269328802039,True
37,4,52,0.0,0.0,2.5,wave,2339,0,0,0.22103463018383926,True
37,5,1,0.0,0.0,2.5,wave,2307,0,0,0.2201993931512787,True
37,5,2,0.0,0.0,2.5,wave,2287,0,0,0.22387407083515523,True
37,5,3,0.0,0.0,2.5,wave,2262,0,0,0.22546419098143236,True
37,5,4,0.0,0.0,2.5,wave,2235,0,0,0.22550335570469798,True
37,5,5,0.0,0.0,2.5,wave,2209,0,0,0.22815753734721594,True
37,5,6,0.0,0.0,2.5,wave,2190,0,0,0.22876712328767124,True
37,5,7,0.0,0.0,2.5,wave,2159,0,0,0.23112552107457157,True
37,5,8,0.0,0.0,2.5,wave,2128,0,0,0.23402255639097744,True
37,5,9,0.0,0.0,2.5,wave,2110,0,0,0.23791469194312795,True
37,5,10,0.0,0.0,2.5,wave,2091,0,0,0.2381635581061693,True
37,5,11,0.0,0.0,2.5,wave,2066,0,0,0.23814133591481124,True
37,5,12,0.0,0.0,2.5,wave,2048,0,0,0.23974609375,True
37,5,13,0.0,0.0,2.5,wave,2026,0,0,0.2443237907206318,True
37,5,14,0.0,0.0,2.5,wave,2014,0,0,0.24677259185700098,True
37,5,15,0.0,0.0,2.5,wave,1984,0,0,0.24848790322580644,True
37,5,16,0.0,0.0,2.5,wave,1964,0,0,0.2510183299389002,True
37,5,17,0.0,0.0,2.5,wave,1940,0,0,0.25103092783505154,True
37,5,18,0.0,0.0,2.5,wave,4098,0,0,0.11981454367984383,True
37,5,19,0.0,0.0,2.5,wave,4030,0,0,0.12357320099255584,True
37,5,20,0.0,0.0,2.5,wave,3871,0,0,0.12580728493929216,True
37,5,21,0.0,0.0,2.5,wave,3752,0,0,0.1292643923240938,True
37,5,22,0.0,0.0,2.5,wave,3661,0,0,0.13220431576072111,True
37,5,23,0.0,0.0,2.5,wave,3559,0,0,0.13543130092722674,True
37,5,24,0.0,0.0,2.5,wave,3510,0,0,0.13903133903133902,True
37,5,25,0.0,0.0,2.5,wave,3459,0,0,0.14252674183289968,True
37,5,26,0.0,0.0,2.5,wave,3408,0,0,0.14465962441314553,True
37,5,27,0.0,0.0,2.5,wave,3313,0,0,0.14729852097796559,True
37,5,28,0.0,0.0,2.5,wave,3253,0,0,0.1497079618813403,True
37,5,29,0.0,0.0,2.5,wave,3181,0,0,0.15278214397988055,True
37,5,30,0.0,0.0,2.5,wave,3132,0,0,0.1545338441890166,True
37,5,31,0.0,0.0,2.5,wave,3070,0,0,0.15830618892508144,True
37,5,32,0.0,0.0,2.5,wave,3021,0,0,0.16153591525984773,True
37,5,33,0.0,0.0,2.5,wave,2946,0,0,0.16564833672776647,True
37,5,34,0.0,0.0,2.5,wave,2906,0,0,0.1689607708189952,True
37,5,35,0.0,0.0,2.5,wave,2835,0,0,0.17213403880070546,True
37,5,36,0.0,0.0,2.5,wave,2788,0,0,0.17467718794835008,True
37,5,37,0.0,0.0,2.5,wave,2740,0,0,0.17737226277372262,True
37,5,38,0.0,0.0,2.5,wave,2703,0,0,0.1805401405845357,True
37,5,39,0.0,0.0,2.5,wave,2660,0,0,0.18533834586466166,True
37,5,40,0.0,0.0,2.5,wave,2619,0,0,0.1874761359297442,True
37,5,41,0.0,0.0,2.5,wave,2588,0,0,0.19165378670788252,True
37,5,42,0.0,0.0,2.5,wave,2565,0,0,0.19298245614035087,True
37,5,43,0.0,0.0,2.5,wave,3152,0,0,0.2753807106598985,True
37,5,44,0.0,0.0,2.5,wave,2881,0,0,0.24991322457480042,True
37,5,45,0.0,0.0,2.5,wave,2726,0,0,0.23477622890682318,True
37,5,46,0.0,0.0,2.5,wave,2642,0,0,0.23050719152157456,True
37,5,47,0.0,0.0,2.5,wave,2581,0,0,0.22936846183649748,True
37,5,48,0.0,0.0,2.5,wave,2533,0,0,0.2273983418870904,True
37,5,49,0.0,0.0,2.5,wave,2506,0,0,0.22825219473264166,True
37,5,50,0.0,0.0,2.5,wave,2474,0,0,0.232821341956346,True
37,5,51,0.0,0.0,2.5,wave,2429,0,0,0.23260601070399342,True
37,5,52,0.0,0.0,2.5,wave,2422,0,0,0.23451692815854666,True
37,6,1,0.0,0.0,2.5,wave,2386,0,0,0.23595976529756915,True
37,6,2,0.0,0.0,2.5,wave,2369,0,0,0.23554242296327565,True
37,6,3,0.0,0.0,2.5,wave,2348,0,0,0.23679727427597955,True
37,6,4,0.0,0.0,2.5,wave,2321,0,0,0.23912106850495476,True
37,6,5,0.0,0.0,2.5,wave,2300,0,0,0.23956521739130435,True
37,6,6,0.0,0.0,2.5,wave,2294,0,0,0.24149956408020923,True
37,6,7,0.0,0.0,2.5,wave,2257,0,0,0.24280017722640673,True
37,6,8,0.0,0.0,2.5,wave,2234,0,0,0.24619516562220234,True
37,6,9,0.0,0.0,2.5,wave,2201,0,0,0.24579736483416628,True
37,6,10,0.0,0.0,2.5,wave,2178,0,0,0.2474747474747475,True
37,6,11,0.0,0.0,2.5,wave,2152,0,0,0.24907063197026022,True
37,6,12,0.0,0.0,2.5,wave,2133,0,0,0.2508204406938584,True
37,6,13,0.0,0.0,2.5,wave,2108,0,0,0.25521821631878555,True
37,6,14,0.0,0.0,2.5,wave,2083,0,0,0.257321171387422,True
37,6,15,0.0,0.0,2.5,wave,2063,0,0,0.25981580222976247,True
37,6,16,0.0,0.0,2.5,wave,2048,0,0,0.2626953125,True
37,6,17,0.0,0.0,2.5,wave,2029,0,0,0.2621981271562346,True
37,6,18,0.0,0.0,2.5,wave,4219,0,0,0.12751836928182034,True
37,6,19,0.0,0.0,2.5,wave,4144,0,0,0.12813706563706564,True
37,6,20,0.0,0.0,2.5,wave,4061,0,0,0.13223344003939916,True
37,6,21,0.0,0.0,2.5,wave,3976,0,0,0.13707243460764587,True
37,6,22,0.0,0.0,2.5,wave,3917,0,0,0.1393923921368394,True
37,6,23,0.0,0.0,2.5,wave,3843,0,0,0.141295862607338,True
37,6,24,0.0,0.0,2.5,wave,3765,0,0,0.14528552456839308,True
37,6,25,0.0,0.0,2.5,wave,3700,0,0,0.14675675675675676,True
37,6,26,0.0,0.0,2.5,wave,3634,0,0,0.15107319757842597,True
37,6,27,0.0,0.0,2.5,wave,3569,0,0,0.1543849817876156,True
37,6,28,0.0,0.0,2.5,wave,3523,0,0,0.15554924780017032,True
37,6,29,0.0,0.0,2.5,wave,3436,0,0,0.15774155995343422,True
37,6,30,0.0,0.0,2.5,wave,3356,0,0,0.1629916567342074,True
37,6,31,0.0,0.0,2.5,wave,3271,0,0,0.16753286456741057,True
37,6,32,0.0,0.0,2.5,wave,3204,0,0,0.17072409488139825,True
37,6,33,0.0,0.0,2.5,wave,3149,0,0,0.17211813274055254,True
37,6,34,0.0,0.0,2.5,wave,3105,0,0,0.1748792270531401,True
37,6,35,0.0,0.0,2.5,wave,3013,0,0,0.1778957849319615,True
37,6,36,0.0,0.0,2.5,wave,2945,0,0,0.18132427843803056,True
37,6,37,0.0,0.0,2.5,wave,2874,0,0,0.18441196938065413,True
37,6,38,0.0,0.0,2.5,wave,2825,0,0,0.1847787610619469,True
37,6,39,0.0,0.0,2.5,wave,2792,0,0,0.18875358166189113,True
37,6,40,0.0,0.0,2.5,wave,2747,0,0,0.19184564979978158,True
37,6,41,0.0,0.0,2.5,wave,2711,0,0,0.19549981556621174,True
37,6,42,0.0,0.0,2.5,wave,2672,0,0,0.19573353293413173,True
37,6,43,0.0,0.0,2.5,wave,3352,0,0,0.293854415274463,True
37,6,44,0.0,0.0,2.5,wave,3043,0,0,0.2589549786395005,True
37,6,45,0.0,0.0,2.5,wave,2870,0,0,0.24041811846689895,True
37,6,46,0.0,0.0,2.5,wave,2796,0,0,0.23533619456366237,True
37,6,47,0.0,0.0,2.5,wave,2718,0,0,0.23031640912435614,True
37,6,48,0.0,0.0,2.5,wave,2680,0,0,0.22873134328358208,True
37,6,49,0.0,0.0,2.5,wave,2653,0,0,0.22917451941198644,True
37,6,50,0.0,0.0,2.5,wave,2644,0,0,0.23411497730711045,True
37,6,51,0.0,0.0,2.5,wave,2612,0,0,0.23813169984686064,True
37,6,52,0.0,0.0,2.5,wave,2604,0,0,0.24078341013824886,True
37,7,1,0.0,0.0,2.5,wave,2569,0,0,0.24328532502919423,True
37,7,2,0.0,0.0,2.5,wave,2555,0,0,0.24579256360078278,True
37,7,3,0.0,0.0,2.5,wave,2524,0,0,0.24762282091917592,True
37,7,4,0.0,0.0,2.5,wave,2502,0,0,0.24940047961630696,True
37,7,5,0.0,0.0,2.5,wave,2469,0,0,0.25273390036452004,True
37,7,6,0.0,0.0,2.5,wave,2440,0,0,0.2528688524590164,True
37,7,7,0.0,0.0,2.5,wave,2404,0,0,0.25415973377703827,True
37,7,8,0.0,0.0,2.5,wave,2369,0,0,0.2545377796538624,True
37,7,9,0.0,0.0,2.5,wave,2335,0,0,0.2556745182012848,True
37,7,10,0.0,0.0,2.5,wave,2319,0,0,0.26088831392841744,True
37,7,11,0.0,0.0,2.5,wave,2294,0,0,0.26242371403661724,True
37,7,12,0.0,0.0,2.5,wave,2275,0,0,0.2676923076923077,True
37,7,13,0.0,0.0,2.5,wave,2237,0,0,0.2677693339293697,True
37,7,14,0.0,0.0,2.5,wave,2213,0,0,0.2697695436059648,True
37,7,15,0.0,0.0,2.5,wave,2187,0,0,0.2706904435299497,True
37,7,16,0.0,0.0,2.5,wave,2176,0,0,0.2725183823529412,True
37,7,17,0.0,0.0,2.5,wave,2147,0,0,0.2738705170004658,True
37,7,18,0.0,0.0,2.5,wave,4570,0,0,0.12910284463894967,True
37,7,19,0.0,0.0,2.5,wave,4505,0,0,0.1316315205327414,True
37,7,20,0.0,0.0,2.5,wave,4400,0,0,0.135,True
37,7,21,0.0,0.0,2.5,wave,4280,0,0,0.13761682242990655,True
37,7,22,0.0,0.0,2.5,wave,4189,0,0,0.14036762950584866,True
37,7,23,0.0,0.0,2.5,wave,4128,0,0,0.1426841085271318,True
37,7,24,0.0,0.0,2.5,wave,4024,0,0,0.14587475149105367,True
37,7,25,0.0,0.0,2.5,wave,3939,0,0,0.1485148514851485,True
37,7,26,0.0,0.0,2.5,wave,3856,0,0,0.15223029045643152,True
37,7,27,0.0,0.0,2.5,wave,3767,0,0,0.15529599150517653,True
37,7,28,0.0,0.0,2.5,wave,3705,0,0,0.15789473684210525,True
37,7,29,0.0,0.0,2.5,wave,3619,0,0,0.16081790549875657,True
37,7,30,0.0,0.0,2.5,wave,3536,0,0,0.16374434389140272,True
37,7,31,0.0,0.0,2.5,wave,3470,0,0,0.1665706051873199,True
37,7,32,0.0,0.0,2.5,wave,3391,0,0,0.16838690651725155,True
37,7,33,0.0,0.0,2.5,wave,3319,0,0,0.16872551973485989,True
37,7,34,0.0,0.0,2.5,wave,3257,0,0,0.17285845870432914,True
37,7,35,0.0,0.0,2.5,wave,3197,0,0,0.17578980294025648,True
37,7,36,0.0,0.0,2.5,wave,3155,0,0,0.179080824088748,True
37,7,37,0.0,0.0,2.5,wave,3092,0,0,0.18175937904269082,True
37,7,38,0.0,0.0,2.5,wave,3060,0,0,0.18333333333333332,True
37,7,39,0.0,0.0,2.5,wave,2994,0,0,0.18770875083500335,True
37,7,40,0.0,0.0,2.5,wave,2964,0,0,0.1899460188933873,True
37,7,41,0.0,0.0,2.5,wave,2932,0,0,0.19201909959072305,True
37,7,42,0.0,0.0,2.5,wave,2887,0,0,0.1936266020090059,True
37,7,43,0.0,0.0,2.5,wave,3646,0,0,0.29374657158529893,True
37,7,44,0.0,0.0,2.5,wave,3303,0,0,0.26097487132909475,True
37,7,45,0.0,0.0,2.5,wave,3113,0,0,0.24831352393189848,True
37,7,46,0.0,0.0,2.5,wave,3012,0,0,0.24302788844621515,True
37,7,47,0.0,0.0,2.5,wave,2919,0,0,0.236724905789654,True
37,7,48,0.0,0.0,2.5,wave,2892,0,0,0.2389349930843707,True
37,7,49,0.0,0.0,2.5,wave,2840,0,0,0.24014084507042255,True
37,7,50,0.0,0.0,2.5,wave,2797,0,0,0.24311762602788703,True
37,7,51,0.0,0.0,2.5,wave,2754,0,0,0.24546114742193173,True
37,7,52,0.0,0.0,2.5,wave,2718,0,0,0.24834437086092714,True
37,8,1,0.0,0.0,2.5,wave,2689,0,0,0.24990702863518036,True
37,8,2,0.0,0.0,2.5,wave,2661,0,0,0.2532882375046975,True
37,8,3,0.0,0.0,2.5,wave,2631,0,0,0.25465602432535156,True
37,8,4,0.0,0.0,2.5,wave,2607,0,0,0.25738396624472576,True
37,8,5,0.0,0.0,2.5,wave,2580,0,0,0.2596899224806202,True
37,8,6,0.0,0.0,2.5,wave,2551,0,0,0.2598980791846335,True
37,8,7,0.0,0.0,2.5,wave,2528,0,0,0.26186708860759494,True
37,8,8,0.0,0.0,2.5,wave,2504,0,0,0.26557507987220447,True
37,8,9,0.0,0.0,2.5,wave,2473,0,0,0.27011726647796197,True
37,8,10,0.0,0.0,2.5,wave,2437,0,0,0.2724661469019286,True
37,8,11,0.0,0.0,2.5,wave,2414,0,0,0.2746478873239437,True
37,8,12,0.0,0.0,2.5,wave,2388,0,0,0.27638190954773867,True
37,8,13,0.0,0.0,2.5,wave,2359,0,0,0.2806273844849512,True
37,8,14,0.0,0.0,2.5,wave,2332,0,0,0.282590051457976,True
37,8,15,0.0,0.0,2.5,wave,2312,0,0,0.2850346020761246,True
37,8,16,0.0,0.0,2.5,wave,2283,0,0,0.28602715724923344,True
37,8,17,0.0,0.0,2.5,wave,2252,0,0,0.28685612788632325,True
37,8,18,0.0,0.0,2.5,wave,4865,0,0,0.13257965056526208,True
37,8,19,0.0,0.0,2.5,wave,4792,0,0,0.1352253756260434,True
37,8,20,0.0,0.0,2.5,wave,4711,0,0,0.13861175971131395,True
37,8,21,0.0,0.0,2.5,wave,4626,0,0,0.14137483787289234,True
37,8,22,0.0,0.0,2.5,wave,4478,0,0,0.14560071460473425,True
37,8,23,0.0,0.0,2.5,wave,4387,0,0,0.14884887166628677,True
37,8,24,0.0,0.0,2.5,wave,4295,0,0,0.15343422584400465,True
37,8,25,0.0,0.0,2.5,wave,4192,0,0,0.15696564885496184,True
37,8,26,0.0,0.0,2.5,wave,4086,0,0,0.16030347528144884,True
37,8,27,0.0,0.0,2.5,wave,3995,0,0,0.16545682102628284,True
37,8,28,0.0,0.0,2.5,wave,3941,0,0,0.1677239279370718,True
37,8,29,0.0,0.0,2.5,wave,3885,0,0,0.16859716859716858,True
37,8,30,0.0,0.0,2.5,wave,3831,0,0,0.17097363612633776,True
37,8,31,0.0,0.0,2.5,wave,3756,0,0,0.17199148029818956,True
37,8,32,0.0,0.0,2.5,wave,3697,0,0,0.1752772518258047,True
37,8,33,0.0,0.0,2.5,wave,3610,0,0,0.17950138504155125,True
37,8,34,0.0,0.0,2.5,wave,3552,0,0,0.18186936936936937,True
37,8,35,0.0,0.0,2.5,wave,3482,0,0,0.18495117748420448,True
37,8,36,0.0,0.0,2.5,wave,3408,0,0,0.18838028169014084,True
37,8,37,0.0,0.0,2.5,wave,3350,0,0,0.19134328358208955,True
37,8,38,0.0,0.0,2.5,wave,3300,0,0,0.19424242424242424,True
37,8,39,0.0,0.0,2.5,wave,3265,0,0,0.19632465543644717,True
37,8,40,0.0,0.0,2.5,wave,3225,0,0,0.1972093023255814,True
37,8,41,0.0,0.0,2.5,wave,3195,0,0,0.19874804381846636,True
37,8,42,0.0,0.0,2.5,wave,3166,0,0,0.20277953253316489,True
37,8,43,0.0,0.0,2.5,wave,3998,0,0,0.2926463231615808,True
37,8,44,0.0,0.0,2.5,wave,3607,0,0,0.25894094815636265,True
37,8,45,0.0,0.0,2.5,wave,3396,0,0,0.24705535924617197,True
37,8,46,0.0,0.0,2.5,wave,3276,0,0,0.24053724053724054,True
37,8,47,0.0,0.0,2.5,wave,3167,0,0,0.2358699084306915,True
37,8,48,0.0,0.0,2.5,wave,3097,0,0,0.23764933806909913,True
37,8,49,0.0,0.0,2.5,wave,3076,0,0,0.23862158647594278,True
37,8,50,0.0,0.0,2.5,wave,3036,0,0,0.2381422924901186,True
37,8,51,0.0,0.0,2.5,wave,3001,0,0,0.24058647117627457,True
37,8,52,0.0,0.0,2.5,wave,2970,0,0,0.24074074074074073,True
37,9,1,0.0,0.0,2.5,wave,2937,0,0,0.24344569288389514,True
37,9,2,0.0,0.0,2.5,wave,2898,0,0,0.24672187715665977,True
37,9,3,0.0,0.0,2.5,wave,2870,0,0,0.24634146341463414,True
37,9,4,0.0,0.0,2.5,wave,2828,0,0,0.2485855728429986,True
37,9,5,0.0,0.0,2.5,wave,2795,0,0,0.2522361359570662,True
37,9,6,0.0,0.0,2.5,wave,2761,0,0,0.2564288301340094,True
37,9,7,0.0,0.0,2.5,wave,2733,0,0,0.2605195755579949,True
37,9,8,0.0,0.0,2.5,wave,2677,0,0,0.2614867388868136,True
37,9,9,0.0,0.0,2.5,wave,2647,0,0,0.26482810729127315,True
37,9,10,0.0,0.0,2.5,wave,2612,0,0,0.2679938744257274,True
37,9,11,0.0,0.0,2.5,wave,2576,0,0,0.26979813664596275,True
37,9,12,0.0,0.0,2.5,wave,2546,0,0,0.27297721916732126,True
37,9,13,0.0,0.0,2.5,wave,2513,0,0,0.27337843215280544,True
37,9,14,0.0,0.0,2.5,wave,2487,0,0,0.2758343385605147,True
37,9,15,0.0,0.0,2.5,wave,2466,0,0,0.2822384428223844,True
37,9,16,0.0,0.0,2.5,wave,2431,0,0,0.28054298642533937,True
37,9,17,0.0,0.0,2.5,wave,2403,0,0,0.28297960882230544,True
37,9,18,0.0,0.0,2.5,wave,5180,0,0,0.12142857142857143,True
37,9,19,0.0,0.0,2.5,wave,5101,0,0,0.1237012350519506,True
37,9,20,0.0,0.0,2.5,wave,5004,0,0,0.1264988009592326,True
37,9,21,0.0,0.0,2.5,wave,4894,0,0,0.12913771965672252,True
37,9,22,0.0,0.0,2.5,wave,4815,0,0,0.1320872274143302,True
37,9,23,0.0,0.0,2.5,wave,4733,0,0,0.13606592013522079,True
37,9,24,0.0,0.0,2.5,wave,4638,0,0,0.14057783527382492,True
37,9,25,0.0,0.0,2.5,wave,4536,0,0,0.1424162257495591,True
37,9,26,0.0,0.0,2.5,wave,4410,0,0,0.14648526077097507,True
37,9,27,0.0,0.0,2.5,wave,4302,0,0,0.15132496513249652,True
37,9,28,0.0,0.0,2.5,wave,4229,0,0,0.15393710096949634,True
37,9,29,0.0,0.0,2.5,wave,4151,0,0,0.15538424476029872,True
37,9,30,0.0,0.0,2.5,wave,4066,0,0,0.16060009837678307,True
37,9,31,0.0,0.0,2.5,wave,3943,0,0,0.16408825767182347,True
37,9,32,0.0,0.0,2.5,wave,3875,0,0,0.16670967741935483,True
37,9,33,0.0,0.0,2.5,wave,3820,0,0,0.16910994764397905,True
37,9,34,0.0,0.0,2.5,wave,3742,0,0,0.1731694281133084,True
37,9,35,0.0,0.0,2.5,wave,3670,0,0,0.176566757493188,True
37,9,36,0.0,0.0,2.5,wave,3620,0,0,0.18066298342541437,True
37,9,37,0.0,0.0,2.5,wave,3577,0,0,0.1836734693877551,True
37,9,38,0.0,0.0,2.5,wave,3515,0,0,0.18634423897581792,True
37,9,39,0.0,0.0,2.5,wave,3469,0,0,0.18968002306140097,True
37,9,40,0.0,0.0,2.5,wave,3435,0,0,0.19213973799126638,True
37,9,41,0.0,0.0,2.5,wave,3393,0,0,0.19599174771588565,True
37,9,42,0.0,0.0,2.5,wave,3348,0,0,0.1965352449223417,True
37,9,43,0.0,0.0,2.5,wave,4265,0,0,0.2961313012895662,True
37,9,44,0.0,0.0,2.5,wave,3879,0,0,0.26218097447795824,True
37,9,45,0.0,0.0,2.5,wave,3633,0,0,0.24580236718965043,True
37,9,46,0.0,0.0,2.5,wave,3505,0,0,0.2399429386590585,True
37,9,47,0.0,0.0,2.5,wave,3387,0,0,0.2329495128432241,True
37,9,48,0.0,0.0,2.5,wave,3310,0,0,0.2299093655589124,True
37,9,49,0.0,0.0,2.5,wave,3280,0,0,0.2301829268292683,True
37,9,50,0.0,0.0,2.5,wave,3236,0,0,0.2323856613102596,True
37,9,51,0.0,0.0,2.5,wave,3186,0,0,0.23509102322661646,True
37,9,52,0.0,0.0,2.5,wave,3170,0,0,0.24006309148264984,True
37,10,1,0.0,0.0,2.5,wave,3136,0,0,0.24394132653061223,True
37,10,2,0.0,0.0,2.5,wave,3119,0,0,0.24495030458480282,True
37,10,3,0.0,0.0,2.5,wave,3091,0,0,0.2468456810093821,True
37,10,4,0.0,0.0,2.5,wave,3059,0,0,0.2500817260542661,True
37,10,5,0.0,0.0,2.5,wave,3029,0,0,0.25288874215912843,True
37,10,6,0.0,0.0,2.5,wave,2990,0,0,0.25585284280936454,True
37,10,7,0.0,0.0,2.5,wave,2954,0,0,0.25897088693297227,True
37,10,8,0.0,0.0,2.5,wave,2928,0,0,0.2599043715846995,True
37,10,9,0.0,0.0,2.5,wave,2890,0,0,0.2640138408304498,True
37,10,10,0.0,0.0,2.5,wave,2870,0,0,0.26550522648083624,True
37,10,11,0.0,0.0,2.5,wave,2832,0,0,0.268361581920904,True
37,10,12,0.0,0.0,2.5,wave,2805,0,0,0.2695187165775401,True
37,10,13,0.0,0.0,2.5,wave,2780,0,0,0.270863309352518,True
37,10,14,0.0,0.0,2.5,wave,2741,0,0,0.273257935060197,True
37,10,15,0.0,0.0,2.5,wave,2717,0,0,0.2749355907250644,True
37,10,16,0.0,0.0,2.5,wave,2673,0,0,0.27908716797605687,True
37,10,17,0.0,0.0,2.5,wave,2652,0,0,0.2816742081447964,True
37,10,18,0.0,0.0,2.5,wave,5619,0,0,0.12671293824523935,True
37,10,19,0.0,0.0,2.5,wave,5561,0,0,0.1296529401186837,True
37,10,20,0.0,0.0,2.5,wave,5468,0,0,0.13185808339429408,True
37,10,21,0.0,0.0,2.5,wave,5365,0,0,0.13569431500465984,True
37,10,22,0.0,0.0,2.5,wave,5280,0,0,0.1390151515151515,True
37,10,23,0.0,0.0,2.5,wave,5171,0,0,0.14175207890156644,True
37,10,24,0.0,0.0,2.5,wave,5012,0,0,0.14684756584197925,True
37,10,25,0.0,0.0,2.5,wave,4894,0,0,0.15079689415610953,True
37,10,26,0.0,0.0,2.5,wave,4792,0,0,0.15463272120200333,True
37,10,27,0.0,0.0,2.5,wave,4717,0,0,0.15666737333050668,True
37,10,28,0.0,0.0,2.5,wave,4618,0,0,0.1606756171502815,True
37,10,29,0.0,0.0,2.5,wave,4539,0,0,0.16457369464639787,True
37,10,30,0.0,0.0,2.5,wave,4433,0,0,0.16986239566884728,True
37,10,31,0.0,0.0,2.5,wave,4349,0,0,0.17268337548861806,True
37,10,32,0.0,0.0,2.5,wave,4273,0,0,0.17552071144395037,True
37,10,33,0.0,0.0,2.5,wave,4199,0,0,0.1788521076446773,True
37,10,34,0.0,0.0,2.5,wave,4120,0,0,0.18228155339805827,True
37,10,35,0.0,0.0,2.5,wave,4050,0,0,0.1854320987654321,True
37,10,36,0.0,0.0,2.5,wave,3960,0,0,0.18888888888888888,True
37,10,37,0.0,0.0,2.5,wave,3896,0,0,0.1919917864476386,True
37,10,38,0.0,0.0,2.5,wave,3854,0,0,0.1951219512195122,True
37,10,39,0.0,0.0,2.5,wave,3798,0,0,0.196419167983149,True
37,10,40,0.0,0.0,2.5,wave,3750,0,0,0.20053333333333334,True
37,10,41,0.0,0.0,2.5,wave,3698,0,0,0.20335316387236343,True
37,10,42,0.0,0.0,2.5,wave,3662,0,0,0.20617149098853085,True
37,10,43,0.0,0.0,2.5,wave,4650,0,0,0.29913978494623655,True
37,10,44,0.0,0.0,2.5,wave,4205,0,0,0.26777645659928656,True
37,10,45,0.0,0.0,2.5,wave,3934,0,0,0.25114387391967463,True
37,10,46,0.0,0.0,2.5,wave,3792,0,0,0.24709915611814345,True
37,10,47,0.0,0.0,2.5,wave,3691,0,0,0.23950149011108102,True
37,10,48,0.0,0.0,2.5,wave,3606,0,0,0.2401552967276761,True
37,10,49,0.0,0.0,2.5,wave,3537,0,0,0.24116482895108848,True
37,10,50,0.0,0.0,2.5,wave,3481,0,0,0.2415972421717897,True
37,10,51,0.0,0.0,2.5,wave,3420,0,0,0.2412280701754386,True
37,10,52,0.0,0.0,2.5,wave,3379,0,0,0.24149156555193843,True
37,11,1,0.0,0.0,2.5,wave,3336,0,0,0.2434052757793765,True
37,11,2,0.0,0.0,2.5,wave,3304,0,0,0.24546004842615013,True
37,11,3,0.0,0.0,2.5,wave,3266,0,0,0.2473974280465401,True
37,11,4,0.0,0.0,2.5,wave,3240,0,0,0.24969135802469136,True
37,11,5,0.0,0.0,2.5,wave,3191,0,0,0.2522720150423065,True
37,11,6,0.0,0.0,2.5,wave,3161,0,0,0.25498260044289783,True
37,11,7,0.0,0.0,2.5,wave,3128,0,0,0.2563938618925831,True
37,11,8,0.0,0.0,2.5,wave,3091,0,0,0.25816887738595923,True
37,11,9,0.0,0.0,2.5,wave,3053,0,0,0.26072715361939075,True
37,11,10,0.0,0.0,2.5,wave,3023,0,0,0.26232219649354943,True
37,11,11,0.0,0.0,2.5,wave,2996,0,0,0.26602136181575436,True
37,11,12,0.0,0.0,2.5,wave,2966,0,0,0.2670262980445044,True
37,11,13,0.0,0.0,2.5,wave,2923,0,0,0.27061238453643516,True
37,11,14,0.0,0.0,2.5,wave,2882,0,0,0.2741151977793199,True
37,11,15,0.0,0.0,2.5,wave,2840,0,0,0.2785211267605634,True
37,11,16,0.0,0.0,2.5,wave,2821,0,0,0.2818149592343141,True
37,11,17,0.0,0.0,2.5,wave,2793,0,0,0.2828499820981024,True
37,11,18,0.0,0.0,2.5,wave,5880,0,0,0.12585034013605442,True
37,11,19,0.0,0.0,2.5,wave,5794,0,0,0.12875388332758025,True
37,11,20,0.0,0.0,2.5,wave,5693,0,0,0.1326190057965923,True
37,11,21,0.0,0.0,2.5,wave,5575,0,0,0.1359641255605381,True
37,11,22,0.0,0.0,2.5,wave,5470,0,0,0.13820840950639854,True
37,11,23,0.0,0.0,2.5,wave,5342,0,0,0.14058405091725945,True
37,11,24,0.0,0.0,2.5,wave,5242,0,0,0.14250286150324304,True
37,11,25,0.0,0.0,2.5,wave,5121,0,0,0.14586994727592267,True
37,11,26,0.0,0.0,2.5,wave,5025,0,0,0.15024875621890546,True
37,11,27,0.0,0.0,2.5,wave,4937,0,0,0.15312943082843833,True
37,11,28,0.0,0.0,2.5,wave,4820,0,0,0.15684647302904564,True
37,11,29,0.0,0.0,2.5,wave,4700,0,0,0.15872340425531914,True
37,11,30,0.0,0.0,2.5,wave,4614,0,0,0.16298222800173384,True
37,11,31,0.0,0.0,2.5,wave,4510,0,0,0.16496674057649668,True
37,11,32,0.0,0.0,2.5,wave,4421,0,0,0.16919249038679032,True
37,11,33,0.0,0.0,2.5,wave,4341,0,0,0.17300161253167473,True
37,11,34,0.0,0.0,2.5,wave,4264,0,0,0.174953095684803,True
37,11,35,0.0,0.0,2.5,wave,4158,0,0,0.1762866762866763,True
37,11,36,0.0,0.0,2.5,wave,4046,0,0,0.17968363816114682,True
37,11,37,0.0,0.0,2.5,wave,3954,0,0,0.18335862417804755,True
37,11,38,0.0,0.0,2.5,wave,3912,0,0,0.18583844580777095,True
37,11,39,0.0,0.0,2.5,wave,3844,0,0,0.18938605619146723,True
37,11,40,0.0,0.0,2.5,wave,3805,0,0,0.1921156373193167,True
37,11,41,0.0,0.0,2.5,wave,3763,0,0,0.19372840818495882,True
37,11,42,0.0,0.0,2.5,wave,3713,0,0,0.1968758416374899,True
37,11,43,0.0,0.0,2.5,wave,4818,0,0,0.2970112079701121,True
37,11,44,0.0,0.0,2.5,wave,4344,0,0,0.26657458563535913,True
37,11,45,0.0,0.0,2.5,wave,4044,0,0,0.24455984174085063,True
37,11,46,0.0,0.0,2.5,wave,3898,0,0,0.23781426372498718,True
37,11,47,0.0,0.0,2.5,wave,3761,0,0,0.23291677745280512,True
37,11,48,0.0,0.0,2.5,wave,3689,0,0,0.2339387367850366,True
37,11,49,0.0,0.0,2.5,wave,3633,0,0,0.2306633636113405,True
37,11,50,0.0,0.0,2.5,wave,3542,0,0,0.233201581027668,True
37,11,51,0.0,0.0,2.5,wave,3502,0,0,0.23586521987435752,True
37,11,52,0.0,0.0,2.5,wave,3463,0,0,0.23534507652324574,True
38,1,1,0.0,0.0,2.5,wave,2761,0,0,0.0014487504527345165,True
38,1,2,0.0,0.0,2.5,wave,2719,0,0,0.004045605001838912,True
38,1,3,0.0,0.0,2.5,wave,2675,0,0,0.00485981308411215,True
38,1,4,0.0,0.0,2.5,wave,2634,0,0,0.00721336370539104,True
38,1,5,0.0,0.0,2.5,wave,2599,0,0,0.011542901115813775,True
38,1,6,0.0,0.0,2.5,wave,2574,0,0,0.012432012432012432,True
38,1,7,0.0,0.0,2.5,wave,2559,0,0,0.014458772958186792,True
38,1,8,0.0,0.0,2.5,wave,2525,0,0,0.015445544554455445,True
38,1,9,0.0,0.0,2.5,wave,2511,0,0,0.01632815611310235,True
38,1,10,0.0,0.0,2.5,wave,2488,0,0,0.018890675241157555,True
38,1,11,0.0,0.0,2.5,wave,2462,0,0,0.019902518277822908,True
38,1,12,0.0,0.0,2.5,wave,2431,0,0,0.02262443438914027,True
38,1,13,0.0,0.0,2.5,wave,2403,0,0,0.022888056595921764,True
38,1,14,0.0,0.0,2.5,wave,2381,0,0,0.024359512809743807,True
38,1,15,0.0,0.0,2.5,wave,2346,0,0,0.02557544757033248,True
38,1,16,0.0,0.0,2.5,wave,2321,0,0,0.02714347264110297,True
38,1,17,0.0,0.0,2.5,wave,2283,0,0,0.02803328953131844,True
38,1,18,0.0,0.0,2.5,wave,6798,0,0,0.01059135039717564,True
38,1,19,0.0,0.0,2.5,wave,6679,0,0,0.013475071118430902,True
38,1,20,0.0,0.0,2.5,wave,6528,0,0,0.015165441176470588,True
38,1,21,0.0,0.0,2.5,wave,6384,0,0,0.017543859649122806,True
38,1,22,0.0,0.0,2.5,wave,6222,0,0,0.020572163291546125,True
38,1,23,0.0,0.0,2.5,wave,6100,0,0,0.022295081967213116,True
38,1,24,0.0,0.0,2.5,wave,5967,0,0,0.024132730015082957,True
38,1,25,0.0,0.0,2.5,wave,5847,0,0,0.025996237386694033,True
38,1,26,0.0,0.0,2.5,wave,5739,0,0,0.028053667886391357,True
38,1,27,0.0,0.0,2.5,wave,5609,0,0,0.030665002674273488,True
38,1,28,0.0,0.0,2.5,wave,5494,0,0,0.03276301419730615,True
38,1,29,0.0,0.0,2.5,wave,5358,0,0,0.03546099290780142,True
38,1,30,0.0,0.0,2.5,wave,5254,0,0,0.036924248191853824,True
38,1,31,0.0,0.0,2.5,wave,5122,0,0,0.038656774697383836,True
38,1,32,0.0,0.0,2.5,wave,4986,0,0,0.040312876052948254,True
38,1,33,0.0,0.0,2.5,wave,4874,0,0,0.04267542059909725,True
38,1,34,0.0,0.0,2.5,wave,4767,0,0,0.04489196559681141,True
38,1,35,0.0,0.0,2.5,wave,4663,0,0,0.045678747587390094,True
38,1,36,0.0,0.0,2.5,wave,4575,0,0,0.04743169398907104,True
38,1,37,0.0,0.0,2.5,wave,4464,0,0,0.05040322580645161,True
38,1,38,0.0,0.0,2.5,wave,4376,0,0,0.050959780621572213,True
38,1,39,0.0,0.0,2.5,wave,4301,0,0,0.053243431760055804,True
38,1,40,0.0,0.0,2.5,wave,4244,0,0,0.057257304429783225,True
38,1,41,0.0,0.0,2.5,wave,4187,0,0,0.060425125388106044,True
38,1,42,0.0,0.0,2.5,wave,4121,0,0,0.062363504003882554,True
38,1,43,0.0,0.0,2.5,wave,4252,0,0,0.08842897460018814,True
38,1,44,0.0,0.0,2.5,wave,4172,0,0,0.08700862895493768,True
38,1,45,0.0,0.0,2.5,wave,4116,0,0,0.08867832847424684,True
38,1,46,0.0,0.0,2.5,wave,4050,0,0,0.09160493827160494,True
38,1,47,0.0,0.0,2.5,wave,4009,0,0,0.09678223996008979,True
38,1,48,0.0,0.0,2.5,wave,3957,0,0,0.096790497851908,True
38,1,49,0.0,0.0,2.5,wave,3908,0,0,0.09851586489252814,True
38,1,50,0.0,0.0,2.5,wave,3846,0,0,0.10218408736349453,True
38,1,51,0.0,0.0,2.5,wave,3800,0,0,0.10289473684210526,True
38,1,52,0.0,0.0,2.5,wave,3746,0,0,0.10464495461825948,True
38,2,1,0.0,0.0,2.5,wave,3684,33,8,0.10613463626492943,False
38,2,2,0.0,0.0,2.5,wave,3641,41,12,0.11013457841252403,False
38,2,3,0.0,0.0,2.5,wave,3575,35,13,0.1116083916083916,False
38,2,4,0.0,0.0,2.5,wave,3529,43,16,0.1127798243128365,False
38,2,5,0.0,0.0,2.5,wave,3477,41,14,0.11676732815645671,False
38,2,6,0.0,0.0,2.5,wave,3418,39,15,0.11761263897015799,False
38,2,7,0.0,0.0,2.5,wave,3371,44,16,0.11895579946603382,False
38,2,8,0.0,0.0,2.5,wave,3305,42,15,0.12223903177004539,False
38,2,9,0.0,0.0,2.5,wave,3259,37,19,0.12365756366983738,False
38,2,10,0.0,0.0,2.5,wave,3207,41,16,0.12846897411911443,False
38,2,11,0.0,0.0,2.5,wave,3127,37,14,0.13079629037416055,False
38,2,12,0.0,0.0,2.5,wave,3092,40,19,0.13486416558861578,False
38,2,13,0.0,0.0,2.5,wave,3040,46,20,0.13519736842105262,False
38,2,14,0.0,0.0,2.5,wave,2983,43,12,0.1371102916526986,False
38,2,15,0.0,0.0,2.5,wave,2939,41,15,0.1401837359646138,False
38,2,16,0.0,0.0,2.5,wave,2895,52,19,0.14196891191709846,False
38,2,17,0.0,0.0,2.5,wave,2852,47,14,0.14481065918653577,False
38,2,18,0.0,0.0,2.5,wave,5494,49,18,0.07571896614488532,False
38,2,19,0.0,0.0,2.5,wave,5389,54,18,0.08016329560215253,False
38,2,20,0.0,0.0,2.5,wave,5247,65,24,0.08328568705927196,False
38,2,21,0.0,0.0,2.5,wave,5120,73,24,0.0853515625,False
38,2,22,0.0,0.0,2.5,wave,4953,65,21,0.08762366242681204,False
38,2,23,0.0,0.0,2.5,wave,4863,69,24,0.09027349372815134,False
38,2,24,0.0,0.0,2.5,wave,4746,68,21,0.09270965023177413,False
38,2,25,0.0,0.0,2.5,wave,4655,72,27,0.09473684210526316,False
38,2,26,0.0,0.0,2.5,wave,4569,79,27,0.09958415408185599,False
38,2,27,0.0,0.0,2.5,wave,4421,76,28,0.10201311920380005,False
38,2,28,0.0,0.0,2.5,wave,4309,74,29,0.10396843815270364,False
38,2,29,0.0,0.0,2.5,wave,4208,65,22,0.10741444866920152,False
38,2,30,0.0,0.0,2.5,wave,4104,59,23,0.10940545808966862,False
38,2,31,0.0,0.0,2.5,wave,4038,61,28,0.11267954432887568,False
38,2,32,0.0,0.0,2.5,wave,3943,55,21,0.11615521176768957,False
38,2,33,0.0,0.0,2.5,wave,3825,48,18,0.11869281045751634,False
38,2,34,0.0,0.0,2.5,wave,3755,46,19,0.12010652463382157,False
38,2,35,0.0,0.0,2.5,wave,3685,35,16,0.12075983717774763,False
38,2,36,0.0,0.0,2.5,wave,3613,35,12,0.12371990035981179,False
38,2,37,0.0,0.0,2.5,wave,3553,29,17,0.12834224598930483,False
38,2,38,0.0,0.0,2.5,wave,3500,36,16,0.12914285714285714,False
38,2,39,0.0,0.0,2.5,wave,3448,23,5,0.13312064965197215,False
38,2,40,0.0,0.0,2.5,wave,3393,26,6,0.13498379015620396,False
38,2,41,0.0,0.0,2.5,wave,3353,27,10,0.1392782582761706,False
38,2,42,0.0,0.0,2.5,wave,3309,33,15,0.14022363251737685,False
38,2,43,0.0,0.0,2.5,wave,3468,37,15,0.17185697808535177,False
38,2,44,0.0,0.0,2.5,wave,3372,28,13,0.16370106761565836,False
38,2,45,0.0,0.0,2.5,wave,3335,25,11,0.16581709145427287,False
38,2,46,0.0,0.0,2.5,wave,3286,19,12,0.1701156421180767,False
38,2,47,0.0,0.0,2.5,wave,3258,20,13,0.17249846531614488,False
38,2,48,0.0,0.0,2.5,wave,3229,9,6,0.17931248064416228,False
38,2,49,0.0,0.0,2.5,wave,3197,8,4,0.1886143259305599,False
38,2,50,0.0,0.0,2.5,wave,3176,5,2,0.19080604534005038,False
38,2,51,0.0,0.0,2.5,wave,3153,4,3,0.192197906755471,False
38,2,52,0.0,0.0,2.5,wave,3125,5,2,0.19616,False
38,3,1,0.0,0.0,2.5,wave,3087,4,0,0.19857466796242307,False
38,3,2,0.0,0.0,2.5,wave,3059,4,3,0.20464203988231447,False
38,3,3,0.0,0.0,2.5,wave,3080,7,4,0.21525974025974026,False
38,3,4,0.0,0.0,2.5,wave,3038,4,1,0.2185648452929559,False
38,3,5,0.0,0.0,2.5,wave,3000,3,0,0.21533333333333332,False
38,3,6,0.0,0.0,2.5,wave,2973,3,0,0.2199798183652876,False
38,3,7,0.0,0.0,2.5,wave,2949,3,1,0.22380467955239064,False
38,3,8,0.0,0.0,2.5,wave,2919,4,1,0.2302158273381295,False
38,3,9,0.0,0.0,2.5,wave,2901,3,2,0.2326783867631851,False
38,3,10,0.0,0.0,2.5,wave,2883,5,2,0.2351716961498439,False
38,3,11,0.0,0.0,2.5,wave,2846,3,0,0.24033731553056922,False
38,3,12,0.0,0.0,2.5,wave,2835,3,1,0.24620811287477953,False
38,3,13,0.0,0.0,2.5,wave,2829,6,3,0.2530929657122658,False
38,3,14,0.0,0.0,2.5,wave,2823,9,2,0.25788168614948637,False
38,3,15,0.0,0.0,2.5,wave,2804,7,1,0.2599857346647646,False
38,3,16,0.0,0.0,2.5,wave,2791,8,4,0.2619132927266213,False
38,3,17,0.0,0.0,2.5,wave,2776,9,5,0.26404899135446686,False
38,3,18,0.0,0.0,2.5,wave,6379,8,3,0.11851387364790719,False
38,3,19,0.0,0.0,2.5,wave,6258,9,1,0.11984659635666348,False
38,3,20,0.0,0.0,2.5,wave,6121,8,1,0.1233458585198497,False
38,3,21,0.0,0.0,2.5,wave,5967,15,4,0.12770236299648063,False
38,3,22,0.0,0.0,2.5,wave,5889,18,2,0.13092205807437596,False
38,3,23,0.0,0.0,2.5,wave,5780,16,6,0.13304498269896195,False
38,3,24,0.0,0.0,2.5,wave,5660,21,11,0.13657243816254416,False
38,3,25,0.0,0.0,2.5,wave,5531,22,10,0.1393961308985717,False
38,3,26,0.0,0.0,2.5,wave,5399,21,7,0.1413224671235414,False
38,3,27,0.0,0.0,2.5,wave,5249,25,5,0.14383692131834636,False
38,3,28,0.0,0.0,2.5,wave,5138,21,7,0.14713896457765668,False
38,3,29,0.0,0.0,2.5,wave,5029,24,9,0.15132233048319746,False
38,3,30,0.0,0.0,2.5,wave,4915,20,8,0.15625635808748728,False
38,3,31,0.0,0.0,2.5,wave,4841,18,10,0.15988432142119396,False
38,3,32,0.0,0.0,2.5,wave,4759,17,7,0.16200882538348393,False
38,3,33,0.0,0.0,2.5,wave,4649,15,9,0.16498171649817164,False
38,3,34,0.0,0.0,2.5,wave,4577,18,8,0.16779549923530698,False
38,3,35,0.0,0.0,2.5,wave,4490,11,1,0.1710467706013363,False
38,3,36,0.0,0.0,2.5,wave,4422,9,3,0.17458163726820444,False
38,3,37,0.0,0.0,2.5,wave,4340,10,6,0.1783410138248848,False
38,3,38,0.0,0.0,2.5,wave,4286,7,4,0.18292113859076062,False
38,3,39,0.0,0.0,2.5,wave,4225,6,3,0.1850887573964497,False
38,3,40,0.0,0.0,2.5,wave,4165,5,5,0.18751500600240095,False
38,3,41,0.0,0.0,2.5,wave,4117,4,3,0.19018702939033277,False
38,3,42,0.0,0.0,2.5,wave,4069,1,1,0.19120176947652986,False
38,3,43,0.0,0.0,2.5,wave,3909,3,1,0.2000511639805577,False
38,3,44,0.0,0.0,2.5,wave,3827,2,1,0.19911157564672066,False
38,3,45,0.0,0.0,2.5,wave,3799,3,2,0.19952619110292183,False
38,3,46,0.0,0.0,2.5,wave,3803,4,1,0.2008940310281357,False
38,3,47,0.0,0.0,2.5,wave,3780,3,1,0.1992063492063492,False
38,3,48,0.0,0.0,2.5,wave,3797,3,2,0.20726889649723465,False
38,3,49,0.0,0.0,2.5,wave,3784,2,1,0.21035940803382663,False
38,3,50,0.0,0.0,2.5,wave,3760,1,0,0.21303191489361703,False
38,3,51,0.0,0.0,2.5,wave,3740,1,0,0.21524064171122995,False
38,3,52,0.0,0.0,2.5,wave,3702,1,1,0.21907077255537546,False
38,4,1,0.0,0.0,2.5,wave,3680,1,1,0.22282608695652173,False
38,4,2,0.0,0.0,2.5,wave,3644,0,0,0.22365532381997805,True
38,4,3,0.0,0.0,2.5,wave,3600,0,0,0.22722222222222221,True
38,4,4,0.0,0.0,2.5,wave,3573,0,0,0.2320179121186678,True
38,4,5,0.0,0.0,2.5,wave,3539,0,0,0.2345295281152868,True
38,4,6,0.0,0.0,2.5,wave,3502,0,0,0.2364363221016562,True
38,4,7,0.0,0.0,2.5,wave,3457,0,0,0.2380676887474689,True
38,4,8,0.0,0.0,2.5,wave,3411,0,0,0.2415713866901202,True
38,4,9,0.0,0.0,2.5,wave,3383,0,0,0.243275199527047,True
38,4,10,0.0,0.0,2.5,wave,3347,0,0,0.24499551837466388,True
38,4,11,0.0,0.0,2.5,wave,3312,0,0,0.24909420289855072,True
38,4,12,0.0,0.0,2.5,wave,3279,0,0,0.2519060689234523,True
38,4,13,0.0,0.0,2.5,wave,3247,0,0,0.25562057283646444,True
38,4,14,0.0,0.0,2.5,wave,3210,0,0,0.25669781931464175,True
38,4,15,0.0,0.0,2.5,wave,3165,0,0,0.2571879936808847,True
38,4,16,0.0,0.0,2.5,wave,3124,0,0,0.25832266325224074,True
38,4,17,0.0,0.0,2.5,wave,3092,0,0,0.26002587322121606,True
38,4,18,0.0,0.0,2.5,wave,6534,0,0,0.12442607897153352,True
38,4,19,0.0,0.0,2.5,wave,6413,0,0,0.1269296740994854,True
38,4,20,0.0,0.0,2.5,wave,6273,0,0,0.12816834050693449,True
38,4,21,0.0,0.0,2.5,wave,6134,0,0,0.13107270948809913,True
38,4,22,0.0,0.0,2.5,wave,5978,0,0,0.13482770157243226,True
38,4,23,0.0,0.0,2.5,wave,5872,0,0,0.13777247956403268,True
38,4,24,0.0,0.0,2.5,wave,5777,0,0,0.14073048294962784,True
38,4,25,0.0,0.0,2.5,wave,5668,0,0,0.14378969654199011,True
38,4,26,0.0,0.0,2.5,wave,5518,0,0,0.1471547662196448,True
38,4,27,0.0,0.0,2.5,wave,5407,0,0,0.1494359164046606,True
38,4,28,0.0,0.0,2.5,wave,5289,0,0,0.15352618642465493,True
38,4,29,0.0,0.0,2.5,wave,5176,0,0,0.15649149922720249,True
38,4,30,0.0,0.0,2.5,wave,5061,0,0,0.16143054732266351,True
38,4,31,0.0,0.0,2.5,wave,4977,0,0,0.16355234076753064,True
38,4,32,0.0,0.0,2.5,wave,4904,0,0,0.16619086460032625,True
38,4,33,0.0,0.0,2.5,wave,4828,0,0,0.17067108533554268,True
38,4,34,0.0,0.0,2.5,wave,4747,0,0,0.17379397514219508,True
38,4,35,0.0,0.0,2.5,wave,4675,0,0,0.17754010695187167,True
38,4,36,0.0,0.0,2.5,wave,4603,0,0,0.18140343254399305,True
38,4,37,0.0,0.0,2.5,wave,4511,0,0,0.18488140101972955,True
38,4,38,0.0,0.0,2.5,wave,4457,0,0,0.18667264976441553,True
38,4,39,0.0,0.0,2.5,wave,4405,0,0,0.18774120317820658,True
38,4,40,0.0,0.0,2.5,wave,4341,0,0,0.19004837595024188,True
38,4,41,0.0,0.0,2.5,wave,4270,0,0,0.19508196721311474,True
38,4,42,0.0,0.0,2.5,wave,4215,0,0,0.19715302491103204,True
38,4,43,0.0,0.0,2.5,wave,4151,0,0,0.2112743917128403,True
38,4,44,0.0,0.0,2.5,wave,4060,0,0,0.20738916256157636,True
38,4,45,0.0,0.0,2.5,wave,4003,0,0,0.20709467899075693,True
38,4,46,0.0,0.0,2.5,wave,3936,0,0,0.20757113821138212,True
38,4,47,0.0,0.0,2.5,wave,3897,0,0,0.20887862458301257,True
38,4,48,0.0,0.0,2.5,wave,3864,0,0,0.21066252587991718,True
38,4,49,0.0,0.0,2.5,wave,3838,0,0,0.21417404898384576,True
38,4,50,0.0,0.0,2.5,wave,3806,0,0,0.21571203363110877,True
38,4,51,0.0,0.0,2.5,wave,3767,0,0,0.21900716750730023,True
38,4,52,0.0,0.0,2.5,wave,3703,0,0,0.2195517148258169,True
38,5,1,0.0,0.0,2.5,wave,3665,0,0,0.22182810368349248,True
38,5,2,0.0,0.0,2.5,wave,3636,0,0,0.2222222222222222,True
38,5,3,0.0,0.0,2.5,wave,3590,0,0,0.22423398328690808,True
38,5,4,0.0,0.0,2.5,wave,3553,0,0,0.22375457359977483,True
38,5,5,0.0,0.0,2.5,wave,3519,0,0,0.22790565501562943,True
38,5,6,0.0,0.0,2.5,wave,3484,0,0,0.22847301951779564,True
38,5,7,0.0,0.0,2.5,wave,3433,0,0,0.23070200990387416,True
38,5,8,0.0,0.0,2.5,wave,3398,0,0,0.23366686286050617,True
38,5,9,0.0,0.0,2.5,wave,3348,0,0,0.23894862604540024,True
38,5,10,0.0,0.0,2.5,wave,3303,0,0,0.2394792612776264,True
38,5,11,0.0,0.0,2.5,wave,3276,0,0,0.24145299145299146,True
38,5,12,0.0,0.0,2.5,wave,3244,0,0,0.2463008631319359,True
38,5,13,0.0,0.0,2.5,wave,3210,0,0,0.2507788161993769,True
38,5,14,0.0,0.0,2.5,wave,3184,0,0,0.25125628140703515,True
38,5,15,0.0,0.0,2.5,wave,3164,0,0,0.2528445006321112,True
38,5,16,0.0,0.0,2.5,wave,3141,0,0,0.25437758675581024,True
38,5,17,0.0,0.0,2.5,wave,3103,0,0,0.25684821140831454,True
38,5,18,0.0,0.0,2.5,wave,6823,0,0,0.11710391323464751,True
38,5,19,0.0,0.0,2.5,wave,6697,0,0,0.11945647304763327,True
38,5,20,0.0,0.0,2.5,wave,6539,0,0,0.12310750879339348,True
38,5,21,0.0,0.0,2.5,wave,6374,0,0,0.12566677125823658,True
38,5,22,0.0,0.0,2.5,wave,6209,0,0,0.12900628120470284,True
38,5,23,0.0,0.0,2.5,wave,6077,0,0,0.13147934836267897,True
38,5,24,0.0,0.0,2.5,wave,5942,0,0,0.13463480309660047,True
38,5,25,0.0,0.0,2.5,wave,5801,0,0,0.1370453370108602,True
38,5,26,0.0,0.0,2.5,wave,5683,0,0,0.14059475629069154,True
38,5,27,0.0,0.0,2.5,wave,5514,0,0,0.14544795067101923,True
38,5,28,0.0,0.0,2.5,wave,5402,0,0,0.14735283228433912,True
38,5,29,0.0,0.0,2.5,wave,5288,0,0,0.14977307110438728,True
38,5,30,0.0,0.0,2.5,wave,5205,0,0,0.15369836695485112,True
38,5,31,0.0,0.0,2.5,wave,5128,0,0,0.15503120124804992,True
38,5,32,0.0,0.0,2.5,wave,5040,0,0,0.15694444444444444,True
38,5,33,0.0,0.0,2.5,wave,4963,0,0,0.15917791658271208,True
38,5,34,0.0,0.0,2.5,wave,4884,0,0,0.16216216216216217,True
38,5,35,0.0,0.0,2.5,wave,4812,0,0,0.16521197007481297,True
38,5,36,0.0,0.0,2.5,wave,4703,0,0,0.1701041888156496,True
38,5,37,0.0,0.0,2.5,wave,4630,0,0,0.17386609071274298,True
38,5,38,0.0,0.0,2.5,wave,4557,0,0,0.17423743691024798,True
38,5,39,0.0,0.0,2.5,wave,4513,0,0,0.1779304232218037,True
38,5,40,0.0,0.0,2.5,wave,4462,0,0,0.1801882563872703,True
38,5,41,0.0,0.0,2.5,wave,4412,0,0,0.18245693563009974,True
38,5,42,0.0,0.0,2.5,wave,4346,0,0,0.18499769903359412,True
38,5,43,0.0,0.0,2.5,wave,4341,0,0,0.2054826076940797,True
38,5,44,0.0,0.0,2.5,wave,4210,0,0,0.1995249406175772,True
38,5,45,0.0,0.0,2.5,wave,4129,0,0,0.19956405909421168,True
38,5,46,0.0,0.0,2.5,wave,4097,0,0,0.2013668537954601,True
38,5,47,0.0,0.0,2.5,wave,4066,0,0,0.20683718642400392,True
38,5,48,0.0,0.0,2.5,wave,4017,0,0,0.20612397311426436,True
38,5,49,0.0,0.0,2.5,wave,3986,0,0,0.20772704465629704,True
38,5,50,0.0,0.0,2.5,wave,3961,0,0,0.2115627366826559,True
38,5,51,0.0,0.0,2.5,wave,3929,0,0,0.21277678798676508,True
38,5,52,0.0,0.0,2.5,wave,3894,0,0,0.21391884951206985,True
38,6,1,0.0,0.0,2.5,wave,3851,0,0,0.21656712542196832,True
38,6,2,0.0,0.0,2.5,wave,3811,0,0,0.2177906061401207,True
38,6,3,0.0,0.0,2.5,wave,3755,0,0,0.22023968042609854,True
38,6,4,0.0,0.0,2.5,wave,3728,0,0,0.22156652360515022,True
38,6,5,0.0,0.0,2.5,wave,3686,0,0,0.22327726532826914,True
38,6,6,0.0,0.0,2.5,wave,3654,0,0,0.2263273125342091,True
38,6,7,0.0,0.0,2.5,wave,3607,0,0,0.2303853617965068,True
38,6,8,0.0,0.0,2.5,wave,3562,0,0,0.2352610892756878,True
38,6,9,0.0,0.0,2.5,wave,3517,0,0,0.234859255046915,True
38,6,10,0.0,0.0,2.5,wave,3481,0,0,0.23700086182131572,True
38,6,11,0.0,0.0,2.5,wave,3449,0,0,0.23746013337199187,True
38,6,12,0.0,0.0,2.5,wave,3405,0,0,0.239647577092511,True
38,6,13,0.0,0.0,2.5,wave,3366,0,0,0.24183006535947713,True
38,6,14,0.0,0.0,2.5,wave,3327,0,0,0.24346257889990983,True
38,6,15,0.0,0.0,2.5,wave,3292,0,0,0.2454434993924666,True
38,6,16,0.0,0.0,2.5,wave,3254,0,0,0.24861708666256915,True
38,6,17,0.0,0.0,2.5,wave,3229,0,0,0.2517807370703004,True
38,6,18,0.0,0.0,2.5,wave,6995,0,0,0.1167977126518942,True
38,6,19,0.0,0.0,2.5,wave,6897,0,0,0.11990720603160794,True
38,6,20,0.0,0.0,2.5,wave,6776,0,0,0.12219598583234947,True
38,6,21,0.0,0.0,2.5,wave,6618,0,0,0.12707766696887277,True
38,6,22,0.0,0.0,2.5,wave,6454,0,0,0.13077161450263403,True
38,6,23,0.0,0.0,2.5,wave,6308,0,0,0.1339568801521877,True
38,6,24,0.0,0.0,2.5,wave,6128,0,0,0.13838120104438642,True
38,6,25,0.0,0.0,2.5,wave,5984,0,0,0.14171122994652408,True
38,6,26,0.0,0.0,2.5,wave,5850,0,0,0.14461538461538462,True
38,6,27,0.0,0.0,2.5,wave,5723,0,0,0.14799930106587453,True
38,6,28,0.0,0.0,2.5,wave,5603,0,0,0.1522398714974121,True
38,6,29,0.0,0.0,2.5,wave,5474,0,0,0.1556448666423091,True
38,6,30,0.0,0.0,2.5,wave,5341,0,0,0.15783561130874368,True
38,6,31,0.0,0.0,2.5,wave,5210,0,0,0.16026871401151632,True
38,6,32,0.0,0.0,2.5,wave,5125,0,0,0.16273170731707318,True
38,6,33,0.0,0.0,2.5,wave,5029,0,0,0.16544044541658381,True
38,6,34,0.0,0.0,2.5,wave,4957,0,0,0.16865039338309462,True
38,6,35,0.0,0.0,2.5,wave,4861,0,0,0.17177535486525405,True
38,6,36,0.0,0.0,2.5,wave,4742,0,0,0.17671868409953606,True
38,6,37,0.0,0.0,2.5,wave,4670,0,0,0.1792291220556745,True
38,6,38,0.0,0.0,2.5,wave,4603,0,0,0.18075168368455355,True
38,6,39,0.0,0.0,2.5,wave,4547,0,0,0.18451726413019573,True
38,6,40,0.0,0.0,2.5,wave,4481,0,0,0.18678866324481141,True
38,6,41,0.0,0.0,2.5,wave,4428,0,0,0.18857271906052395,True
38,6,42,0.0,0.0,2.5,wave,4370,0,0,0.19221967963386727,True
38,6,43,0.0,0.0,2.5,wave,4484,0,0,0.21632471008028545,True
38,6,44,0.0,0.0,2.5,wave,4374,0,0,0.21079103795153178,True
38,6,45,0.0,0.0,2.5,wave,4314,0,0,0.21349095966620307,True
38,6,46,0.0,0.0,2.5,wave,4272,0,0,0.21418539325842698,True
38,6,47,0.0,0.0,2.5,wave,4209,0,0,0.21192682347350913,True
38,6,48,0.0,0.0,2.5,wave,4179,0,0,0.21608040201005024,True
38,6,49,0.0,0.0,2.5,wave,4150,0,0,0.2197590361445783,True
38,6,50,0.0,0.0,2.5,wave,4118,0,0,0.22098105876639146,True
38,6,51,0.0,0.0,2.5,wave,4086,0,0,0.22466960352422907,True
38,6,52,0.0,0.0,2.5,wave,4045,0,0,0.22595797280593324,True
38,7,1,0.0,0.0,2.5,wave,4004,0,0,0.2265234765234765,True
38,7,2,0.0,0.0,2.5,wave,3952,0,0,0.22874493927125505,True
38,7,3,0.0,0.0,2.5,wave,3927,0,0,0.23147440794499619,True
38,7,4,0.0,0.0,2.5,wave,3885,0,0,0.2337194337194337,True
38,7,5,0.0,0.0,2.5,wave,3836,0,0,0.2348800834202294,True
38,7,6,0.0,0.0,2.5,wave,3783,0,0,0.23632038065027755,True
38,7,7,0.0,0.0,2.5,wave,3744,0,0,0.23824786324786323,True
38,7,8,0.0,0.0,2.5,wave,3692,0,0,0.24024918743228602,True
38,7,9,0.0,0.0,2.5,wave,3657,0,0,0.2417281925075198,True
38,7,10,0.0,0.0,2.5,wave,3625,0,0,0.2433103448275862,True
38,7,11,0.0,0.0,2.5,wave,3590,0,0,0.2456824512534819,True
38,7,12,0.0,0.0,2.5,wave,3560,0,0,0.24887640449438203,True
38,7,13,0.0,0.0,2.5,wave,3515,0,0,0.25064011379800855,True
38,7,14,0.0,0.0,2.5,wave,3482,0,0,0.25186674325100517,True
38,7,15,0.0,0.0,2.5,wave,3453,0,0,0.2536924413553432,True
38,7,16,0.0,0.0,2.5,wave,3429,0,0,0.2557596967045786,True
38,7,17,0.0,0.0,2.5,wave,3389,0,0,0.2581882561227501,True
38,7,18,0.0,0.0,2.5,wave,7581,0,0,0.11568394670887745,True
38,7,19,0.0,0.0,2.5,wave,7458,0,0,0.1185304371145079,True
38,7,20,0.0,0.0,2.5,wave,7298,0,0,0.12085502877500685,True
38,7,21,0.0,0.0,2.5,wave,7172,0,0,0.12437255995538204,True
38,7,22,0.0,0.0,2.5,wave,7054,0,0,0.1274454210377091,True
38,7,23,0.0,0.0,2.5,wave,6880,0,0,0.1311046511627907,True
38,7,24,0.0,0.0,2.5,wave,6760,0,0,0.13402366863905327,True
38,7,25,0.0,0.0,2.5,wave,6606,0,0,0.13760217983651227,True
38,7,26,0.0,0.0,2.5,wave,6474,0,0,0.13886314488724127,True
38,7,27,0.0,0.0,2.5,wave,6334,0,0,0.14177455004736345,True
38,7,28,0.0,0.0,2.5,wave,6200,0,0,0.14548387096774193,True
38,7,29,0.0,0.0,2.5,wave,6062,0,0,0.1487957769712966,True
38,7,30,0.0,0.0,2.5,wave,5917,0,0,0.1526111205002535,True
38,7,31,0.0,0.0,2.5,wave,5814,0,0,0.15548675610595114,True
38,7,32,0.0,0.0,2.5,wave,5699,0,0,0.1584488506755571,True
38,7,33,0.0,0.0,2.5,wave,5599,0,0,0.16056438649758886,True
38,7,34,0.0,0.0,2.5,wave,5501,0,0,0.1643337574986366,True
38,7,35,0.0,0.0,2.5,wave,5415,0,0,0.16786703601108033,True
38,7,36,0.0,0.0,2.5,wave,5284,0,0,0.17051476154428463,True
38,7,37,0.0,0.0,2.5,wave,5175,0,0,0.17294685990338166,True
38,7,38,0.0,0.0,2.5,wave,5102,0,0,0.17483339866718933,True
38,7,39,0.0,0.0,2.5,wave,5043,0,0,0.17727543129089826,True
38,7,40,0.0,0.0,2.5,wave,4969,0,0,0.17850674179915477,True
38,7,41,0.0,0.0,2.5,wave,4910,0,0,0.18024439918533605,True
38,7,42,0.0,0.0,2.5,wave,4848,0,0,0.18296204620462045,True
38,7,43,0.0,0.0,2.5,wave,4895,0,0,0.20919305413687436,True
38,7,44,0.0,0.0,2.5,wave,4759,0,0,0.2023534355957134,True
38,7,45,0.0,0.0,2.5,wave,4704,0,0,0.20344387755102042,True
38,7,46,0.0,0.0,2.5,wave,4643,0,0,0.20396295498600042,True
38,7,47,0.0,0.0,2.5,wave,4582,0,0,0.2047140986468791,True
38,7,48,0.0,0.0,2.5,wave,4545,0,0,0.20638063806380638,True
38,7,49,0.0,0.0,2.5,wave,4505,0,0,0.20932297447280798,True
38,7,50,0.0,0.0,2.5,wave,4458,0,0,0.2095109914759982,True
38,7,51,0.0,0.0,2.5,wave,4437,0,0,0.2116294793779581,True
38,7,52,0.0,0.0,2.5,wave,4390,0,0,0.21503416856492027,True
38,8,1,0.0,0.0,2.5,wave,4348,0,0,0.21849126034958602,True
38,8,2,0.0,0.0,2.5,wave,4288,0,0,0.22061567164179105,True
38,8,3,0.0,0.0,2.5,wave,4243,0,0,0.22366250294602874,True
38,8,4,0.0,0.0,2.5,wave,4182,0,0,0.22309899569583932,True
38,8,5,0.0,0.0,2.5,wave,4131,0,0,0.2270636649721617,True
38,8,6,0.0,0.0,2.5,wave,4091,0,0,0.23001711073087264,True
38,8,7,0.0,0.0,2.5,wave,4064,0,0,0.2298228346456693,True
38,8,8,0.0,0.0,2.5,wave,4013,0,0,0.23149763269374532,True
38,8,9,0.0,0.0,2.5,wave,3974,0,0,0.23301459486663312,True
38,8,10,0.0,0.0,2.5,wave,3942,0,0,0.23465246067985793,True
38,8,11,0.0,0.0,2.5,wave,3898,0,0,0.23678809645972293,True
38,8,12,0.0,0.0,2.5,wave,3866,0,0,0.23874806001034662,True
38,8,13,0.0,0.0,2.5,wave,3828,0,0,0.2416405433646813,True
38,8,14,0.0,0.0,2.5,wave,3792,0,0,0.24393459915611815,True
38,8,15,0.0,0.0,2.5,wave,3768,0,0,0.24601910828025478,True
38,8,16,0.0,0.0,2.5,wave,3720,0,0,0.24811827956989246,True
38,8,17,0.0,0.0,2.5,wave,3691,0,0,0.24952587374695204,True
38,8,18,0.0,0.0,2.5,wave,8143,0,0,0.11469974210978755,True
38,8,19,0.0,0.0,2.5,wave,8057,0,0,0.11753754499193247,True
38,8,20,0.0,0.0,2.5,wave,7926,0,0,0.11935402472874085,True
38,8,21,0.0,0.0,2.5,wave,7773,0,0,0.12286118615721085,True
38,8,22,0.0,0.0,2.5,wave,7638,0,0,0.12503273108143492,True
38,8,23,0.0,0.0,2.5,wave,7540,0,0,0.12811671087533155,True
38,8,24,0.0,0.0,2.5,wave,7374,0,0,0.1311364252780038,True
38,8,25,0.0,0.0,2.5,wave,7249,0,0,0.13463926058766726,True
38,8,26,0.0,0.0,2.5,wave,7089,0,0,0.13880660177740162,True
38,8,27,0.0,0.0,2.5,wave,6985,0,0,0.14216177523264137,True
38,8,28,0.0,0.0,2.5,wave,6818,0,0,0.14491053094749193,True
38,8,29,0.0,0.0,2.5,wave,6699,0,0,0.14733542319749215,True
38,8,30,0.0,0.0,2.5,wave,6547,0,0,0.1521307469069803,True
38,8,31,0.0,0.0,2.5,wave,6437,0,0,0.1545751126301072,True
38,8,32,0.0,0.0,2.5,wave,6288,0,0,0.15712468193384224,True
38,8,33,0.0,0.0,2.5,wave,6130,0,0,0.16019575856443719,True
38,8,34,0.0,0.0,2.5,wave,5992,0,0,0.16505340453938586,True
38,8,35,0.0,0.0,2.5,wave,5906,0,0,0.1683034202505926,True
38,8,36,0.0,0.0,2.5,wave,5801,0,0,0.1706602309946561,True
38,8,37,0.0,0.0,2.5,wave,5675,0,0,0.17392070484581498,True
38,8,38,0.0,0.0,2.5,wave,5603,0,0,0.17704800999464573,True
38,8,39,0.0,0.0,2.5,wave,5533,0,0,0.17928790891017532,True
38,8,40,0.0,0.0,2.5,wave,5460,0,0,0.18205128205128204,True
38,8,41,0.0,0.0,2.5,wave,5406,0,0,0.1864594894561598,True
38,8,42,0.0,0.0,2.5,wave,5332,0,0,0.1888597149287322,True
38,8,43,0.0,0.0,2.5,wave,5401,0,0,0.2162562488428069,True
38,8,44,0.0,0.0,2.5,wave,5297,0,0,0.2110628657730791,True
38,8,45,0.0,0.0,2.5,wave,5209,0,0,0.2107890190055673,True
38,8,46,0.0,0.0,2.5,wave,5154,0,0,0.2143965851765619,True
38,8,47,0.0,0.0,2.5,wave,5116,0,0,0.21520719311962472,True
38,8,48,0.0,0.0,2.5,wave,5072,0,0,0.21805993690851735,True
38,8,49,0.0,0.0,2.5,wave,5033,0,0,0.22133916153387642,True
38,8,50,0.0,0.0,2.5,wave,4990,0,0,0.22424849699398797,True
38,8,51,0.0,0.0,2.5,wave,4946,0,0,0.22503032753740396,True
38,8,52,0.0,0.0,2.5,wave,4902,0,0,0.22827417380660955,True
38,9,1,0.0,0.0,2.5,wave,4851,0,0,0.23170480313337455,True
38,9,2,0.0,0.0,2.5,wave,4814,0,0,0.2320315745741587,True
38,9,3,0.0,0.0,2.5,wave,4764,0,0,0.23278757346767423,True
38,9,4,0.0,0.0,2.5,wave,4708,0,0,0.23406966864910791,True
38,9,5,0.0,0.0,2.5,wave,4664,0,0,0.2362778730703259,True
38,9,6,0.0,0.0,2.5,wave,4617,0,0,0.23824994585228504,True
38,9,7,0.0,0.0,2.5,wave,4564,0,0,0.24123575810692374,True
38,9,8,0.0,0.0,2.5,wave,4501,0,0,0.24305709842257275,True
38,9,9,0.0,0.0,2.5,wave,4434,0,0,0.2437979251240415,True
38,9,10,0.0,0.0,2.5,wave,4390,0,0,0.24669703872437357,True
38,9,11,0.0,0.0,2.5,wave,4337,0,0,0.24625317039428177,True
38,9,12,0.0,0.0,2.5,wave,4289,0,0,0.24924224761016553,True
38,9,13,0.0,0.0,2.5,wave,4237,0,0,0.2513570922822752,True
38,9,14,0.0,0.0,2.5,wave,4176,0,0,0.2533524904214559,True
38,9,15,0.0,0.0,2.5,wave,4118,0,0,0.25594949004371054,True
38,9,16,0.0,0.0,2.5,wave,4071,0,0,0.2581675264062884,True
38,9,17,0.0,0.0,2.5,wave,4028,0,0,0.25918570009930486,True
38,9,18,0.0,0.0,2.5,wave,8385,0,0,0.11604054859868813,True
38,9,19,0.0,0.0,2.5,wave,8267,0,0,0.11963227289222209,True
38,9,20,0.0,0.0,2.5,wave,8137,0,0,0.1226496251689812,True
38,9,21,0.0,0.0,2.5,wave,7992,0,0,0.12512512512512514,True
38,9,22,0.0,0.0,2.5,wave,7824,0,0,0.12870654396728015,True
38,9,23,0.0,0.0,2.5,wave,7672,0,0,0.13138686131386862,True
38,9,24,0.0,0.0,2.5,wave,7552,0,0,0.1325476694915254,True
38,9,25,0.0,0.0,2.5,wave,7405,0,0,0.1347738014854828,True
38,9,26,0.0,0.0,2.5,wave,7259,0,0,0.13817330210772832,True
38,9,27,0.0,0.0,2.5,wave,7144,0,0,0.14109742441209405,True
38,9,28,0.0,0.0,2.5,wave,7015,0,0,0.1435495367070563,True
38,9,29,0.0,0.0,2.5,wave,6895,0,0,0.14604786076867296,True
38,9,30,0.0,0.0,2.5,wave,6764,0,0,0.14917208752217623,True
38,9,31,0.0,0.0,2.5,wave,6609,0,0,0.15297321833862915,True
38,9,32,0.0,0.0,2.5,wave,6501,0,0,0.15489924626980464,True
38,9,33,0.0,0.0,2.5,wave,6367,0,0,0.15815925867755615,True
38,9,34,0.0,0.0,2.5,wave,6281,0,0,0.1614392612641299,True
38,9,35,0.0,0.0,2.5,wave,6189,0,0,0.16400064630796574,True
38,9,36,0.0,0.0,2.5,wave,6075,0,0,0.16707818930041152,True
38,9,37,0.0,0.0,2.5,wave,5974,0,0,0.16873116839638433,True
38,9,38,0.0,0.0,2.5,wave,5890,0,0,0.17164685908319186,True
38,9,39,0.0,0.0,2.5,wave,5810,0,0,0.17504302925989673,True
38,9,40,0.0,0.0,2.5,wave,5742,0,0,0.17798676419366075,True
38,9,41,0.0,0.0,2.5,wave,5673,0,0,0.18015159527586816,True
38,9,42,0.0,0.0,2.5,wave,5613,0,0,0.18296810974523428,True
38,9,43,0.0,0.0,2.5,wave,5733,0,0,0.2108843537414966,True
38,9,44,0.0,0.0,2.5,wave,5570,0,0,0.20323159784560144,True
38,9,45,0.0,0.0,2.5,wave,5466,0,0,0.20160995243322358,True
38,9,46,0.0,0.0,2.5,wave,5427,0,0,0.2049014188317671,True
38,9,47,0.0,0.0,2.5,wave,5377,0,0,0.2075506788171843,True
38,9,48,0.0,0.0,2.5,wave,5318,0,0,0.21135765325310266,True
38,9,49,0.0,0.0,2.5,wave,5273,0,0,0.21429926038308364,True
38,9,50,0.0,0.0,2.5,wave,5216,0,0,0.21817484662576686,True
38,9,51,0.0,0.0,2.5,wave,5189,0,0,0.22297167084216613,True
38,9,52,0.0,0.0,2.5,wave,5126,0,0,0.2243464689816621,True
38,10,1,0.0,0.0,2.5,wave,5083,0,0,0.22663781231556168,True
38,10,2,0.0,0.0,2.5,wave,5036,0,0,0.22875297855440826,True
38,10,3,0.0,0.0,2.5,wave,4989,0,0,0.23090799759470837,True
38,10,4,0.0,0.0,2.5,wave,4960,0,0,0.23528225806451614,True
38,10,5,0.0,0.0,2.5,wave,4907,0,0,0.23782351742408803,True
38,10,6,0.0,0.0,2.5,wave,4856,0,0,0.24093904448105435,True
38,10,7,0.0,0.0,2.5,wave,4825,0,0,0.24186528497409326,True
38,10,8,0.0,0.0,2.5,wave,4759,0,0,0.24332843034250892,True
38,10,9,0.0,0.0,2.5,wave,4725,0,0,0.24529100529100528,True
38,10,10,0.0,0.0,2.5,wave,4688,0,0,0.248080204778157,True
38,10,11,0.0,0.0,2.5,wave,4643,0,0,0.2481154426017661,True
38,10,12,0.0,0.0,2.5,wave,4583,0,0,0.25158193323150774,True
38,10,13,0.0,0.0,2.5,wave,4527,0,0,0.25336867682792136,True
38,10,14,0.0,0.0,2.5,wave,4482,0,0,0.2572512271307452,True
38,10,15,0.0,0.0,2.5,wave,4435,0,0,0.2597519729425028,True
38,10,16,0.0,0.0,2.5,wave,4397,0,0,0.2622242438025927,True
38,10,17,0.0,0.0,2.5,wave,4356,0,0,0.264692378328742,True
38,10,18,0.0,0.0,2.5,wave,9311,0,0,0.11856943400279239,True
38,10,19,0.0,0.0,2.5,wave,9173,0,0,0.12068025727679058,True
38,10,20,0.0,0.0,2.5,wave,8993,0,0,0.12376292672078283,True
38,10,21,0.0,0.0,2.5,wave,8831,0,0,0.12750537877930018,True
38,10,22,0.0,0.0,2.5,wave,8680,0,0,0.13018433179723501,True
38,10,23,0.0,0.0,2.5,wave,8509,0,0,0.13233047361617112,True
38,10,24,0.0,0.0,2.5,wave,8354,0,0,0.13478573138616232,True
38,10,25,0.0,0.0,2.5,wave,8190,0,0,0.13797313797313798,True
38,10,26,0.0,0.0,2.5,wave,8023,0,0,0.14047114545681166,True
38,10,27,0.0,0.0,2.5,wave,7840,0,0,0.1434948979591837,True
38,10,28,0.0,0.0,2.5,wave,7704,0,0,0.1465472481827622,True
38,10,29,0.0,0.0,2.5,wave,7601,0,0,0.14919089593474544,True
38,10,30,0.0,0.0,2.5,wave,7486,0,0,0.1521506812717072,True
38,10,31,0.0,0.0,2.5,wave,7364,0,0,0.15548614883215645,True
38,10,32,0.0,0.0,2.5,wave,7233,0,0,0.15816397068989355,True
38,10,33,0.0,0.0,2.5,wave,7085,0,0,0.1624558927311221,True
38,10,34,0.0,0.0,2.5,wave,6990,0,0,0.16494992846924178,True
38,10,35,0.0,0.0,2.5,wave,6865,0,0,0.16766205389657685,True
38,10,36,0.0,0.0,2.5,wave,6725,0,0,0.17189591078066915,True
38,10,37,0.0,0.0,2.5,wave,6621,0,0,0.17565322458843075,True
38,10,38,0.0,0.0,2.5,wave,6535,0,0,0.17796480489671002,True
38,10,39,0.0,0.0,2.5,wave,6458,0,0,0.1811706410653453,True
38,10,40,0.0,0.0,2.5,wave,6383,0,0,0.18329938900203666,True
38,10,41,0.0,0.0,2.5,wave,6301,0,0,0.18647833677194095,True
38,10,42,0.0,0.0,2.5,wave,6237,0,0,0.18871252204585537,True
38,10,43,0.0,0.0,2.5,wave,6305,0,0,0.21490880253766853,True
38,10,44,0.0,0.0,2.5,wave,6134,0,0,0.20981415063580044,True
38,10,45,0.0,0.0,2.5,wave,6051,0,0,0.20641216327879688,True
38,10,46,0.0,0.0,2.5,wave,5984,0,0,0.20872326203208555,True
38,10,47,0.0,0.0,2.5,wave,5961,0,0,0.20986411675893307,True
38,10,48,0.0,0.0,2.5,wave,5899,0,0,0.2134260044075267,True
38,10,49,0.0,0.0,2.5,wave,5838,0,0,0.21634121274409043,True
38,10,50,0.0,0.0,2.5,wave,5778,0,0,0.21806853582554517,True
38,10,51,0.0,0.0,2.5,wave,5718,0,0,0.2217558586918503,True
38,10,52,0.0,0.0,2.5,wave,5670,0,0,0.22469135802469137,True
38,11,1,0.0,0.0,2.5,wave,5639,0,0,0.22787728320624223,True
38,11,2,0.0,0.0,2.5,wave,5596,0,0,0.23034310221586848,True
38,11,3,0.0,0.0,2.5,wave,5566,0,0,0.23625583902263744,True
38,11,4,0.0,0.0,2.5,wave,5514,0,0,0.23884657236126225,True
38,11,5,0.0,0.0,2.5,wave,5453,0,0,0.2418852008068953,True
38,11,6,0.0,0.0,2.5,wave,5405,0,0,0.24625346901017575,True
38,11,7,0.0,0.0,2.5,wave,5376,0,0,0.2496279761904762,True
38,11,8,0.0,0.0,2.5,wave,5345,0,0,0.2529466791393826,True
38,11,9,0.0,0.0,2.5,wave,5319,0,0,0.2556871592404587,True
38,11,10,0.0,0.0,2.5,wave,5292,0,0,0.2605820105820106,True
38,11,11,0.0,0.0,2.5,wave,5262,0,0,0.2651083238312429,True
38,11,12,0.0,0.0,2.5,wave,5207,0,0,0.27002112540810447,True
38,11,13,0.0,0.0,2.5,wave,5151,0,0,0.27237429625315474,True
38,11,14,0.0,0.0,2.5,wave,5126,0,0,0.27623878267655094,True
38,11,15,0.0,0.0,2.5,wave,5073,0,0,0.2785334121821407,True
38,11,16,0.0,0.0,2.5,wave,5029,0,0,0.2801749850864983,True
38,11,17,0.0,0.0,2.5,wave,4987,0,0,0.28313615400040104,True
38,11,18,0.0,0.0,2.5,wave,10703,0,0,0.12744090441932168,True
38,11,19,0.0,0.0,2.5,wave,10554,0,0,0.1299033541785105,True
38,11,20,0.0,0.0,2.5,wave,10405,0,0,0.13349351273426238,True
38,11,21,0.0,0.0,2.5,wave,10218,0,0,0.13740458015267176,True
38,11,22,0.0,0.0,2.5,wave,10057,0,0,0.14049915481754002,True
38,11,23,0.0,0.0,2.5,wave,9889,0,0,0.14349276974416017,True
38,11,24,0.0,0.0,2.5,wave,9695,0,0,0.14626095925734914,True
38,11,25,0.0,0.0,2.5,wave,9534,0,0,0.1496748479127334,True
38,11,26,0.0,0.0,2.5,wave,9383,0,0,0.1527230096983907,True
38,11,27,0.0,0.0,2.5,wave,9195,0,0,0.15606307775965197,True
38,11,28,0.0,0.0,2.5,wave,9058,0,0,0.15831309339810112,True
38,11,29,0.0,0.0,2.5,wave,8898,0,0,0.16115981119352663,True
38,11,30,0.0,0.0,2.5,wave,8758,0,0,0.16339346882849964,True
38,11,31,0.0,0.0,2.5,wave,8626,0,0,0.16600973800139115,True
38,11,32,0.0,0.0,2.5,wave,8489,0,0,0.1690422900223819,True
38,11,33,0.0,0.0,2.5,wave,8373,0,0,0.17198136868505912,True
38,11,34,0.0,0.0,2.5,wave,8237,0,0,0.17445671967949497,True
38,11,35,0.0,0.0,2.5,wave,8108,0,0,0.17723236309817464,True
38,11,36,0.0,0.0,2.5,wave,7939,0,0,0.17999748079103162,True
38,11,37,0.0,0.0,2.5,wave,7815,0,0,0.18246960972488804,True
38,11,38,0.0,0.0,2.5,wave,7704,0,0,0.18561786085150572,True
38,11,39,0.0,0.0,2.5,wave,7602,0,0,0.18797684819784266,True
38,11,40,0.0,0.0,2.5,wave,7507,0,0,0.19035566804315973,True
38,11,41,0.0,0.0,2.5,wave,7421,0,0,0.19337016574585636,True
38,11,42,0.0,0.0,2.5,wave,7334,0,0,0.19648213798745567,True
38,11,43,0.0,0.0,2.5,wave,6979,0,0,0.20518698954004871,True
38,11,44,0.0,0.0,2.5,wave,6791,0,0,0.2020321013105581,True
38,11,45,0.0,0.0,2.5,wave,6688,0,0,0.2020035885167464,True
38,11,46,0.0,0.0,2.5,wave,6596,0,0,0.20588235294117646,True
38,11,47,0.0,0.0,2.5,wave,6555,0,0,0.2061022120518688,True
38,11,48,0.0,0.0,2.5,wave,6535,0,0,0.2111706197398623,True
38,11,49,0.0,0.0,2.5,wave,6499,0,0,0.21480227727342668,True
38,11,50,0.0,0.0,2.5,wave,6457,0,0,0.21898714573331268,True
38,11,51,0.0,0.0,2.5,wave,6423,0,0,0.2229487778296746,True
38,11,52,0.0,0.0,2.5,wave,6380,0,0,0.2244514106583072,True
39,1,1,0.0,0.0,2.5,wave,2843,0,0,0.0017587055926837848,True
39,1,2,0.0,0.0,2.5,wave,2821,0,0,0.004253810705423609,True
39,1,3,0.0,0.0,2.5,wave,2760,0,0,0.006521739130434782,True
39,1,4,0.0,0.0,2.5,wave,2666,0,0,0.00900225056264066,True
39,1,5,0.0,0.0,2.5,wave,2623,0,0,0.011437285550895921,True
39,1,6,0.0,0.0,2.5,wave,2579,0,0,0.01202016285381931,True
39,1,7,0.0,0.0,2.5,wave,2534,0,0,0.012628255722178374,True
39,1,8,0.0,0.0,2.5,wave,2491,0,0,0.014853472501003613,True
39,1,9,0.0,0.0,2.5,wave,2462,0,0,0.016653127538586516,True
39,1,10,0.0,0.0,2.5,wave,2417,0,0,0.018204385601985933,True
39,1,11,0.0,0.0,2.5,wave,2383,0,0,0.019723038187159043,True
39,1,12,0.0,0.0,2.5,wave,2337,0,0,0.024818142918271287,True
39,1,13,0.0,0.0,2.5,wave,2314,0,0,0.02679343128781331,True
39,1,14,0.0,0.0,2.5,wave,2297,0,0,0.028733130169786677,True
39,1,15,0.0,0.0,2.5,wave,2265,0,0,0.029580573951434878,True
39,1,16,0.0,0.0,2.5,wave,2245,0,0,0.032071269487750555,True
39,1,17,0.0,0.0,2.5,wave,2207,0,0,0.03352967829632986,True
39,1,18,0.0,0.0,2.5,wave,6407,0,0,0.014515373809895427,True
39,1,19,0.0,0.0,2.5,wave,6302,0,0,0.01682005712472231,True
39,1,20,0.0,0.0,2.5,wave,6162,0,0,0.01866277182732879,True
39,1,21,0.0,0.0,2.5,wave,5969,0,0,0.02144412799463897,True
39,1,22,0.0,0.0,2.5,wave,5812,0,0,0.023227804542326223,True
39,1,23,0.0,0.0,2.5,wave,5711,0,0,0.0257398003852215,True
39,1,24,0.0,0.0,2.5,wave,5599,0,0,0.02696910162529023,True
39,1,25,0.0,0.0,2.5,wave,5469,0,0,0.02852441031267142,True
39,1,26,0.0,0.0,2.5,wave,5336,0,0,0.031484257871064465,True
39,1,27,0.0,0.0,2.5,wave,5221,0,0,0.03409308561578242,True
39,1,28,0.0,0.0,2.5,wave,5100,0,0,0.03607843137254902,True
39,1,29,0.0,0.0,2.5,wave,4974,0,0,0.0365902694008846,True
39,1,30,0.0,0.0,2.5,wave,4849,0,0,0.03794596824087441,True
39,1,31,0.0,0.0,2.5,wave,4737,0,0,0.04074308634156639,True
39,1,32,0.0,0.0,2.5,wave,4642,0,0,0.04330030159414046,True
39,1,33,0.0,0.0,2.5,wave,4555,0,0,0.04544456641053787,True
39,1,34,0.0,0.0,2.5,wave,4460,0,0,0.046860986547085204,True
39,1,35,0.0,0.0,2.5,wave,4372,0,0,0.04803293687099726,True
39,1,36,0.0,0.0,2.5,wave,4272,0,0,0.05079588014981273,True
39,1,37,0.0,0.0,2.5,wave,4169,0,0,0.053010314224034544,True
39,1,38,0.0,0.0,2.5,wave,4105,0,0,0.05310596833130329,True
39,1,39,0.0,0.0,2.5,wave,4033,0,0,0.05628564344160675,True
39,1,40,0.0,0.0,2.5,wave,3965,0,0,0.05825977301387138,True
39,1,41,0.0,0.0,2.5,wave,3901,0,0,0.060240963855421686,True
39,1,42,0.0,0.0,2.5,wave,3849,0,0,0.061834242660431284,True
39,1,43,0.0,0.0,2.5,wave,3994,0,0,0.0971457185778668,True
39,1,44,0.0,0.0,2.5,wave,3787,0,0,0.08370742012146819,True
39,1,45,0.0,0.0,2.5,wave,3699,0,0,0.08245471749121384,True
39,1,46,0.0,0.0,2.5,wave,3666,0,0,0.0845608292416803,True
39,1,47,0.0,0.0,2.5,wave,3619,0,0,0.08427742470295661,True
39,1,48,0.0,0.0,2.5,wave,3568,0,0,0.08408071748878924,True
39,1,49,0.0,0.0,2.5,wave,3503,0,0,0.0853554096488724,True
39,1,50,0.0,0.0,2.5,wave,3466,0,0,0.08482400461627236,True
39,1,51,0.0,0.0,2.5,wave,3429,0,0,0.0863225430154564,True
39,1,52,0.0,0.0,2.5,wave,3394,0,0,0.08839127872716558,True
39,2,1,0.0,0.0,2.5,wave,3330,30,11,0.09009009009009009,False
39,2,2,0.0,0.0,2.5,wave,3279,48,17,0.09301616346447088,False
39,2,3,0.0,0.0,2.5,wave,3208,47,14,0.09445137157107232,False
39,2,4,0.0,0.0,2.5,wave,3157,48,17,0.09661070636680393,False
39,2,5,0.0,0.0,2.5,wave,3105,59,21,0.0962962962962963,False
39,2,6,0.0,0.0,2.5,wave,3056,71,20,0.0975130890052356,False
39,2,7,0.0,0.0,2.5,wave,3006,69,30,0.10046573519627412,False
39,2,8,0.0,0.0,2.5,wave,2949,74,33,0.10342488979315022,False
39,2,9,0.0,0.0,2.5,wave,2895,65,25,0.10569948186528498,False
39,2,10,0.0,0.0,2.5,wave,2841,61,29,0.11017247448081662,False
39,2,11,0.0,0.0,2.5,wave,2793,70,25,0.11242391693519513,False
39,2,12,0.0,0.0,2.5,wave,2743,77,19,0.11520233321181189,False
39,2,13,0.0,0.0,2.5,wave,2700,77,21,0.11592592592592593,False
39,2,14,0.0,0.0,2.5,wave,2656,88,37,0.12010542168674698,False
39,2,15,0.0,0.0,2.5,wave,2617,81,44,0.12074894917844861,False
39,2,16,0.0,0.0,2.5,wave,2550,64,27,0.12352941176470589,False
39,2,17,0.0,0.0,2.5,wave,2498,54,15,0.12730184147317855,False
39,2,18,0.0,0.0,2.5,wave,4841,51,18,0.06589547614129312,False
39,2,19,0.0,0.0,2.5,wave,4739,69,24,0.06794682422451995,False
39,2,20,0.0,0.0,2.5,wave,4635,84,24,0.0703344120819849,False
39,2,21,0.0,0.0,2.5,wave,4525,95,34,0.07270718232044199,False
39,2,22,0.0,0.0,2.5,wave,4403,101,36,0.07540313422666364,False
39,2,23,0.0,0.0,2.5,wave,4270,98,28,0.07892271662763466,False
39,2,24,0.0,0.0,2.5,wave,4174,97,38,0.0819357930043124,False
39,2,25,0.0,0.0,2.5,wave,4067,100,39,0.08507499385296287,False
39,2,26,0.0,0.0,2.5,wave,3948,93,34,0.08738601823708207,False
39,2,27,0.0,0.0,2.5,wave,3839,89,31,0.09299296691846835,False
39,2,28,0.0,0.0,2.5,wave,3757,91,30,0.09582113388341762,False
39,2,29,0.0,0.0,2.5,wave,3677,84,28,0.09844982322545553,False
39,2,30,0.0,0.0,2.5,wave,3582,81,31,0.10134003350083752,False
39,2,31,0.0,0.0,2.5,wave,3474,76,34,0.10391479562464019,False
39,2,32,0.0,0.0,2.5,wave,3384,72,28,0.10726950354609929,False
39,2,33,0.0,0.0,2.5,wave,3280,64,22,0.11097560975609756,False
39,2,34,0.0,0.0,2.5,wave,3204,62,22,0.11454431960049938,False
39,2,35,0.0,0.0,2.5,wave,3099,56,22,0.11777992900935785,False
39,2,36,0.0,0.0,2.5,wave,3033,56,26,0.120342894823607,False
39,2,37,0.0,0.0,2.5,wave,2973,55,24,0.12176252943155062,False
39,2,38,0.0,0.0,2.5,wave,2918,51,25,0.12337217272104181,False
39,2,39,0.0,0.0,2.5,wave,2873,48,24,0.1280891054646711,False
39,2,40,0.0,0.0,2.5,wave,2814,37,17,0.1300639658848614,False
39,2,41,0.0,0.0,2.5,wave,2769,32,12,0.13434452871072589,False
39,2,42,0.0,0.0,2.5,wave,2733,34,13,0.1375777533845591,False
39,2,43,0.0,0.0,2.5,wave,3030,37,15,0.2085808580858086,False
39,2,44,0.0,0.0,2.5,wave,2855,29,13,0.184938704028021,False
39,2,45,0.0,0.0,2.5,wave,2760,25,11,0.17753623188405798,False
39,2,46,0.0,0.0,2.5,wave,2712,24,12,0.1762536873156342,False
39,2,47,0.0,0.0,2.5,wave,2671,18,11,0.177836016473231,False
39,2,48,0.0,0.0,2.5,wave,2644,15,8,0.1777609682299546,False
39,2,49,0.0,0.0,2.5,wave,2614,13,4,0.17750573833205815,False
39,2,50,0.0,0.0,2.5,wave,2594,10,5,0.18350038550501158,False
39,2,51,0.0,0.0,2.5,wave,2574,13,8,0.1857031857031857,False
39,2,52,0.0,0.0,2.5,wave,2552,13,4,0.18573667711598746,False
39,3,1,0.0,0.0,2.5,wave,2519,9,7,0.18777292576419213,False
39,3,2,0.0,0.0,2.5,wave,2491,15,7,0.18827780008028905,False
39,3,3,0.0,0.0,2.5,wave,2450,11,2,0.18857142857142858,False
39,3,4,0.0,0.0,2.5,wave,2417,9,5,0.19073231278444353,False
39,3,5,0.0,0.0,2.5,wave,2387,12,6,0.19312945119396732,False
39,3,6,0.0,0.0,2.5,wave,2348,12,3,0.19250425894378195,False
39,3,7,0.0,0.0,2.5,wave,2322,12,6,0.19595176571920758,False
39,3,8,0.0,0.0,2.5,wave,2287,14,6,0.1985133362483603,False
39,3,9,0.0,0.0,2.5,wave,2255,11,4,0.19911308203991132,False
39,3,10,0.0,0.0,2.5,wave,2223,15,3,0.200629779577148,False
39,3,11,0.0,0.0,2.5,wave,2190,12,3,0.2004566210045662,False
39,3,12,0.0,0.0,2.5,wave,2170,17,5,0.20184331797235022,False
39,3,13,0.0,0.0,2.5,wave,2135,16,7,0.20327868852459016,False
39,3,14,0.0,0.0,2.5,wave,2115,16,8,0.2033096926713948,False
39,3,15,0.0,0.0,2.5,wave,2096,14,8,0.20515267175572519,False
39,3,16,0.0,0.0,2.5,wave,2071,15,8,0.208594881699662,False
39,3,17,0.0,0.0,2.5,wave,2049,15,3,0.21034651049292338,False
39,3,18,0.0,0.0,2.5,wave,4755,12,3,0.09085173501577287,False
39,3,19,0.0,0.0,2.5,wave,4682,19,7,0.09312259718069202,False
39,3,20,0.0,0.0,2.5,wave,4584,27,7,0.09664048865619546,False
39,3,21,0.0,0.0,2.5,wave,4515,33,12,0.09856035437430787,False
39,3,22,0.0,0.0,2.5,wave,4428,41,11,0.1007226738934056,False
39,3,23,0.0,0.0,2.5,wave,4284,42,11,0.10410830999066294,False
39,3,24,0.0,0.0,2.5,wave,4188,46,15,0.1069723018147087,False
39,3,25,0.0,0.0,2.5,wave,4058,43,16,0.11089206505667816,False
39,3,26,0.0,0.0,2.5,wave,3942,44,17,0.11390157280568239,False
39,3,27,0.0,0.0,2.5,wave,3802,44,16,0.11783271962125197,False
39,3,28,0.0,0.0,2.5,wave,3702,45,13,0.12209616423554835,False
39,3,29,0.0,0.0,2.5,wave,3621,42,17,0.1251035625517813,False
39,3,30,0.0,0.0,2.5,wave,3543,40,19,0.12644651425345751,False
39,3,31,0.0,0.0,2.5,wave,3451,32,14,0.12981744421906694,False
39,3,32,0.0,0.0,2.5,wave,3372,32,13,0.13345195729537365,False
39,3,33,0.0,0.0,2.5,wave,3268,26,10,0.1383108935128519,False
39,3,34,0.0,0.0,2.5,wave,3195,31,9,0.14115805946791862,False
39,3,35,0.0,0.0,2.5,wave,3108,32,10,0.14703989703989703,False
39,3,36,0.0,0.0,2.5,wave,3042,30,9,0.1492439184746877,False
39,3,37,0.0,0.0,2.5,wave,2961,27,12,0.15332657885849374,False
39,3,38,0.0,0.0,2.5,wave,2925,28,15,0.15658119658119657,False
39,3,39,0.0,0.0,2.5,wave,2876,25,10,0.1599443671766342,False
39,3,40,0.0,0.0,2.5,wave,2832,21,11,0.16242937853107345,False
39,3,41,0.0,0.0,2.5,wave,2787,21,14,0.16505202726946538,False
39,3,42,0.0,0.0,2.5,wave,2748,19,9,0.16812227074235808,False
39,3,43,0.0,0.0,2.5,wave,3081,14,2,0.23790976955533918,False
39,3,44,0.0,0.0,2.5,wave,2875,12,6,0.21078260869565218,False
39,3,45,0.0,0.0,2.5,wave,2773,14,8,0.19725928597187162,False
39,3,46,0.0,0.0,2.5,wave,2701,8,4,0.19622362088115514,False
39,3,47,0.0,0.0,2.5,wave,2648,7,4,0.19373111782477342,False
39,3,48,0.0,0.0,2.5,wave,2628,6,2,0.19558599695585996,False
39,3,49,0.0,0.0,2.5,wave,2585,4,1,0.1941972920696325,False
39,3,50,0.0,0.0,2.5,wave,2551,6,2,0.1991375931007448,False
39,3,51,0.0,0.0,2.5,wave,2517,5,2,0.20023837902264602,False
39,3,52,0.0,0.0,2.5,wave,2457,7,2,0.20065120065120065,False
39,4,1,0.0,0.0,2.5,wave,2418,6,3,0.20264681555004135,False
39,4,2,0.0,0.0,2.5,wave,2393,6,3,0.20434600919348098,False
39,4,3,0.0,0.0,2.5,wave,2364,7,2,0.20516074450084604,False
39,4,4,0.0,0.0,2.5,wave,2337,9,3,0.20710312366281558,False
39,4,5,0.0,0.0,2.5,wave,2310,10,2,0.20692640692640693,False
39,4,6,0.0,0.0,2.5,wave,2286,8,2,0.20909886264216973,False
39,4,7,0.0,0.0,2.5,wave,2255,7,3,0.21241685144124167,False
39,4,8,0.0,0.0,2.5,wave,2235,5,1,0.21476510067114093,False
39,4,9,0.0,0.0,2.5,wave,2200,3,2,0.21863636363636363,False
39,4,10,0.0,0.0,2.5,wave,2170,4,3,0.22258064516129034,False
39,4,11,0.0,0.0,2.5,wave,2148,4,1,0.22579143389199255,False
39,4,12,0.0,0.0,2.5,wave,2122,3,2,0.22714420358152687,False
39,4,13,0.0,0.0,2.5,wave,2095,5,2,0.22673031026252982,False
39,4,14,0.0,0.0,2.5,wave,2078,3,1,0.2300288739172281,False
39,4,15,0.0,0.0,2.5,wave,2051,4,3,0.2354948805460751,False
39,4,16,0.0,0.0,2.5,wave,2025,6,2,0.2345679012345679,False
39,4,17,0.0,0.0,2.5,wave,1994,4,0,0.23971915747241726,False
39,4,18,0.0,0.0,2.5,wave,4283,3,1,0.11183749708148494,False
39,4,19,0.0,0.0,2.5,wave,4204,11,2,0.1137012369172217,False
39,4,20,0.0,0.0,2.5,wave,4114,13,2,0.1164316966456004,False
39,4,21,0.0,0.0,2.5,wave,4023,16,3,0.11981108625403927,False
39,4,22,0.0,0.0,2.5,wave,3942,17,3,0.12303399289700659,False
39,4,23,0.0,0.0,2.5,wave,3857,16,9,0.12600466683951259,False
39,4,24,0.0,0.0,2.5,wave,3748,19,10,0.12966915688367128,False
39,4,25,0.0,0.0,2.5,wave,3640,13,5,0.13241758241758242,False
39,4,26,0.0,0.0,2.5,wave,3573,13,4,0.13630002798768542,False
39,4,27,0.0,0.0,2.5,wave,3510,13,6,0.13817663817663817,False
39,4,28,0.0,0.0,2.5,wave,3452,12,7,0.13991888760139048,False
39,4,29,0.0,0.0,2.5,wave,3389,11,6,0.14281498967246975,False
39,4,30,0.0,0.0,2.5,wave,3308,10,5,0.14540507859733978,False
39,4,31,0.0,0.0,2.5,wave,3236,6,3,0.14987639060568603,False
39,4,32,0.0,0.0,2.5,wave,3158,6,2,0.1513616212792907,False
39,4,33,0.0,0.0,2.5,wave,3099,3,1,0.15359793481768313,False
39,4,34,0.0,0.0,2.5,wave,3033,3,2,0.15759973623475107,False
39,4,35,0.0,0.0,2.5,wave,2972,3,1,0.16083445491251683,False
39,4,36,0.0,0.0,2.5,wave,2904,2,1,0.16322314049586778,False
39,4,37,0.0,0.0,2.5,wave,2850,3,1,0.1656140350877193,False
39,4,38,0.0,0.0,2.5,wave,2811,2,1,0.167911775168979,False
39,4,39,0.0,0.0,2.5,wave,2785,4,2,0.170197486535009,False
39,4,40,0.0,0.0,2.5,wave,2757,5,1,0.17301414581066377,False
39,4,41,0.0,0.0,2.5,wave,2725,4,0,0.17688073394495413,False
39,4,42,0.0,0.0,2.5,wave,2693,4,1,0.17972521351652432,False
39,4,43,0.0,0.0,2.5,wave,3081,5,3,0.25024342745861733,False
39,4,44,0.0,0.0,2.5,wave,2882,5,3,0.2227619708535739,False
39,4,45,0.0,0.0,2.5,wave,2763,5,1,0.2113644589214622,False
39,4,46,0.0,0.0,2.5,wave,2706,4,1,0.2073170731707317,False
39,4,47,0.0,0.0,2.5,wave,2651,5,3,0.2067144473783478,False
39,4,48,0.0,0.0,2.5,wave,2618,4,2,0.20511841100076394,False
39,4,49,0.0,0.0,2.5,wave,2591,2,1,0.2076418371285218,False
39,4,50,0.0,0.0,2.5,wave,2563,4,1,0.2075692547795552,False
39,4,51,0.0,0.0,2.5,wave,2542,3,0,0.20928402832415421,False
39,4,52,0.0,0.0,2.5,wave,2499,3,1,0.2064825930372149,False
39,5,1,0.0,0.0,2.5,wave,2454,3,2,0.2078239608801956,False
39,5,2,0.0,0.0,2.5,wave,2437,2,1,0.21173574066475173,False
39,5,3,0.0,0.0,2.5,wave,2403,1,1,0.21223470661672908,False
39,5,4,0.0,0.0,2.5,wave,2382,2,1,0.2141057934508816,False
39,5,5,0.0,0.0,2.5,wave,2356,1,0,0.21519524617996605,False
39,5,6,0.0,0.0,2.5,wave,2334,1,0,0.21722365038560412,False
39,5,7,0.0,0.0,2.5,wave,2311,1,0,0.21808740804846388,False
39,5,8,0.0,0.0,2.5,wave,2281,1,0,0.22183252959228408,False
39,5,9,0.0,0.0,2.5,wave,2247,1,1,0.22340898976412996,False
39,5,10,0.0,0.0,2.5,wave,2220,2,1,0.22702702702702704,False
39,5,11,0.0,0.0,2.5,wave,2189,1,0,0.22795797167656465,False
39,5,12,0.0,0.0,2.5,wave,2165,1,1,0.23094688221709006,False
39,5,13,0.0,0.0,2.5,wave,2137,2,1,0.23210107627515209,False
39,5,14,0.0,0.0,2.5,wave,2114,0,0,0.2336802270577105,True
39,5,15,0.0,0.0,2.5,wave,2076,0,0,0.23892100192678228,True
39,5,16,0.0,0.0,2.5,wave,2052,0,0,0.24025341130604289,True
39,5,17,0.0,0.0,2.5,wave,2036,0,0,0.24410609037328093,True
39,5,18,0.0,0.0,2.5,wave,4542,0,0,0.11074416556583003,True
39,5,19,0.0,0.0,2.5,wave,4476,0,0,0.11394101876675604,True
39,5,20,0.0,0.0,2.5,wave,4367,0,0,0.11678497824593542,True
39,5,21,0.0,0.0,2.5,wave,4287,0,0,0.12013062747842314,True
39,5,22,0.0,0.0,2.5,wave,4182,0,0,0.12195121951219512,True
39,5,23,0.0,0.0,2.5,wave,4090,0,0,0.12493887530562348,True
39,5,24,0.0,0.0,2.5,wave,3967,0,0,0.12881270481472146,True
39,5,25,0.0,0.0,2.5,wave,3896,0,0,0.1324435318275154,True
39,5,26,0.0,0.0,2.5,wave,3815,0,0,0.1347313237221494,True
39,5,27,0.0,0.0,2.5,wave,3747,0,0,0.13530824659727783,True
39,5,28,0.0,0.0,2.5,wave,3633,0,0,0.1381778144783925,True
39,5,29,0.0,0.0,2.5,wave,3536,0,0,0.1436651583710407,True
39,5,30,0.0,0.0,2.5,wave,3447,0,0,0.144473455178416,True
39,5,31,0.0,0.0,2.5,wave,3382,0,0,0.14547604967474867,True
39,5,32,0.0,0.0,2.5,wave,3322,0,0,0.14960866947621915,True
39,5,33,0.0,0.0,2.5,wave,3245,0,0,0.1546995377503852,True
39,5,34,0.0,0.0,2.5,wave,3165,0,0,0.1579778830963665,True
39,5,35,0.0,0.0,2.5,wave,3113,0,0,0.15965306778027627,True
39,5,36,0.0,0.0,2.5,wave,3036,0,0,0.16304347826086957,True
39,5,37,0.0,0.0,2.5,wave,2989,0,0,0.16560722649715623,True
39,5,38,0.0,0.0,2.5,wave,2946,0,0,0.1690427698574338,True
39,5,39,0.0,0.0,2.5,wave,2918,0,0,0.1710075394105552,True
39,5,40,0.0,0.0,2.5,wave,2882,0,0,0.1731436502428869,True
39,5,41,0.0,0.0,2.5,wave,2849,0,0,0.1755001755001755,True
39,5,42,0.0,0.0,2.5,wave,2815,0,0,0.1783303730017762,True
39,5,43,0.0,0.0,2.5,wave,3289,0,0,0.2617816965643053,True
39,5,44,0.0,0.0,2.5,wave,3040,0,0,0.22828947368421051,True
39,5,45,0.0,0.0,2.5,wave,2903,0,0,0.21770582156389942,True
39,5,46,0.0,0.0,2.5,wave,2835,0,0,0.21728395061728395,True
39,5,47,0.0,0.0,2.5,wave,2767,0,0,0.21756414889772316,True
39,5,48,0.0,0.0,2.5,wave,2744,0,0,0.21720116618075802,True
39,5,49,0.0,0.0,2.5,wave,2712,0,0,0.21902654867256638,True
39,5,50,0.0,0.0,2.5,wave,2680,0,0,0.21902985074626866,True
39,5,51,0.0,0.0,2.5,wave,2648,0,0,0.21827794561933533,True
39,5,52,0.0,0.0,2.5,wave,2596,0,0,0.21802773497688752,True
39,6,1,0.0,0.0,2.5,wave,2551,0,0,0.21834574676597412,True
39,6,2,0.0,0.0,2.5,wave,2508,0,0,0.22288676236044658,True
39,6,3,0.0,0.0,2.5,wave,2468,0,0,0.22447325769854132,True
39,6,4,0.0,0.0,2.5,wave,2440,0,0,0.22540983606557377,True
39,6,5,0.0,0.0,2.5,wave,2424,0,0,0.22813531353135313,True
39,6,6,0.0,0.0,2.5,wave,2394,0,0,0.2284878863826232,True
39,6,7,0.0,0.0,2.5,wave,2365,0,0,0.22875264270613108,True
39,6,8,0.0,0.0,2.5,wave,2344,0,0,0.23037542662116042,True
39,6,9,0.0,0.0,2.5,wave,2313,0,0,0.23216601815823606,True
39,6,10,0.0,0.0,2.5,wave,2292,0,0,0.2342931937172775,True
39,6,11,0.0,0.0,2.5,wave,2272,0,0,0.23371478873239437,True
39,6,12,0.0,0.0,2.5,wave,2254,0,0,0.23646850044365572,True
39,6,13,0.0,0.0,2.5,wave,2225,0,0,0.23640449438202246,True
39,6,14,0.0,0.0,2.5,wave,2207,0,0,0.23833257816039874,True
39,6,15,0.0,0.0,2.5,wave,2189,0,0,0.23937871174052078,True
39,6,16,0.0,0.0,2.5,wave,2163,0,0,0.24040684234858992,True
39,6,17,0.0,0.0,2.5,wave,2131,0,0,0.24213984045049272,True
39,6,18,0.0,0.0,2.5,wave,4599,0,0,0.11219830397912589,True
39,6,19,0.0,0.0,2.5,wave,4536,0,0,0.1146384479717813,True
39,6,20,0.0,0.0,2.5,wave,4462,0,0,0.11810847153742716,True
39,6,21,0.0,0.0,2.5,wave,4357,0,0,0.12003672251549231,True
39,6,22,0.0,0.0,2.5,wave,4261,0,0,0.12250645388406477,True
39,6,23,0.0,0.0,2.5,wave,4164,0,0,0.12584053794428435,True
39,6,24,0.0,0.0,2.5,wave,4052,0,0,0.1290720631786772,True
39,6,25,0.0,0.0,2.5,wave,3955,0,0,0.13122629582806575,True
39,6,26,0.0,0.0,2.5,wave,3876,0,0,0.13519091847265222,True
39,6,27,0.0,0.0,2.5,wave,3790,0,0,0.13799472295514512,True
39,6,28,0.0,0.0,2.5,wave,3713,0,0,0.14166442230002693,True
39,6,29,0.0,0.0,2.5,wave,3642,0,0,0.14689730917078528,True
39,6,30,0.0,0.0,2.5,wave,3586,0,0,0.14779698828778584,True
39,6,31,0.0,0.0,2.5,wave,3484,0,0,0.1515499425947187,True
39,6,32,0.0,0.0,2.5,wave,3389,0,0,0.15461788138093832,True
39,6,33,0.0,0.0,2.5,wave,3333,0,0,0.1569156915691569,True
39,6,34,0.0,0.0,2.5,wave,3269,0,0,0.15876414805750994,True
39,6,35,0.0,0.0,2.5,wave,3207,0,0,0.1627689429373246,True
39,6,36,0.0,0.0,2.5,wave,3102,0,0,0.16602192134107027,True
39,6,37,0.0,0.0,2.5,wave,3026,0,0,0.17052214144084601,True
39,6,38,0.0,0.0,2.5,wave,2987,0,0,0.17375292936056244,True
39,6,39,0.0,0.0,2.5,wave,2952,0,0,0.17649051490514905,True
39,6,40,0.0,0.0,2.5,wave,2918,0,0,0.1778615490061686,True
39,6,41,0.0,0.0,2.5,wave,2865,0,0,0.17975567190226877,True
39,6,42,0.0,0.0,2.5,wave,2834,0,0,0.18172194777699366,True
39,6,43,0.0,0.0,2.5,wave,3399,0,0,0.274786701971168,True
39,6,44,0.0,0.0,2.5,wave,3108,0,0,0.2425997425997426,True
39,6,45,0.0,0.0,2.5,wave,2950,0,0,0.22983050847457628,True
39,6,46,0.0,0.0,2.5,wave,2843,0,0,0.22089342244108337,True
39,6,47,0.0,0.0,2.5,wave,2786,0,0,0.21679827709978464,True
39,6,48,0.0,0.0,2.5,wave,2729,0,0,0.21839501648955661,True
39,6,49,0.0,0.0,2.5,wave,2692,0,0,0.2187964338781575,True
39,6,50,0.0,0.0,2.5,wave,2662,0,0,0.2197595792637115,True
39,6,51,0.0,0.0,2.5,wave,2619,0,0,0.22184039709812906,True
39,6,52,0.0,0.0,2.5,wave,2567,0,0,0.22243864433190494,True
39,7,1,0.0,0.0,2.5,wave,2532,0,0,0.22630331753554503,True
39,7,2,0.0,0.0,2.5,wave,2504,0,0,0.2264376996805112,True
39,7,3,0.0,0.0,2.5,wave,2477,0,0,0.225272507064998,True
39,7,4,0.0,0.0,2.5,wave,2454,0,0,0.22982885085574573,True
39,7,5,0.0,0.0,2.5,wave,2413,0,0,0.2295897223373394,True
39,7,6,0.0,0.0,2.5,wave,2405,0,0,0.23243243243243245,True
39,7,7,0.0,0.0,2.5,wave,2376,0,0,0.2361111111111111,True
39,7,8,0.0,0.0,2.5,wave,2348,0,0,0.23850085178875638,True
39,7,9,0.0,0.0,2.5,wave,2331,0,0,0.2398112398112398,True
39,7,10,0.0,0.0,2.5,wave,2315,0,0,0.24276457883369332,True
39,7,11,0.0,0.0,2.5,wave,2282,0,0,0.2432077125328659,True
39,7,12,0.0,0.0,2.5,wave,2254,0,0,0.24445430346051464,True
39,7,13,0.0,0.0,2.5,wave,2233,0,0,0.2476489028213166,True
39,7,14,0.0,0.0,2.5,wave,2210,0,0,0.24796380090497738,True
39,7,15,0.0,0.0,2.5,wave,2194,0,0,0.2497721057429353,True
39,7,16,0.0,0.0,2.5,wave,2174,0,0,0.25206991720331184,True
39,7,17,0.0,0.0,2.5,wave,2155,0,0,0.2552204176334107,True
39,7,18,0.0,0.0,2.5,wave,4611,0,0,0.11971372804163956,True
39,7,19,0.0,0.0,2.5,wave,4540,0,0,0.12202643171806167,True
39,7,20,0.0,0.0,2.5,wave,4441,0,0,0.124296329655483,True
39,7,21,0.0,0.0,2.5,wave,4299,0,0,0.12747150500116305,True
39,7,22,0.0,0.0,2.5,wave,4193,0,0,0.12997853565466252,True
39,7,23,0.0,0.0,2.5,wave,4106,0,0,0.13395031660983925,True
39,7,24,0.0,0.0,2.5,wave,4046,0,0,0.1356895699456253,True
39,7,25,0.0,0.0,2.5,wave,3936,0,0,0.1402439024390244,True
39,7,26,0.0,0.0,2.5,wave,3853,0,0,0.1440436023877498,True
39,7,27,0.0,0.0,2.5,wave,3770,0,0,0.14615384615384616,True
39,7,28,0.0,0.0,2.5,wave,3674,0,0,0.1497005988023952,True
39,7,29,0.0,0.0,2.5,wave,3598,0,0,0.15314063368538078,True
39,7,30,0.0,0.0,2.5,wave,3520,0,0,0.15710227272727273,True
39,7,31,0.0,0.0,2.5,wave,3435,0,0,0.15924308588064046,True
39,7,32,0.0,0.0,2.5,wave,3381,0,0,0.1626737651582372,True
39,7,33,0.0,0.0,2.5,wave,3296,0,0,0.1650485436893204,True
39,7,34,0.0,0.0,2.5,wave,3205,0,0,0.16661466458658347,True
39,7,35,0.0,0.0,2.5,wave,3142,0,0,0.17122851686823679,True
39,7,36,0.0,0.0,2.5,wave,3076,0,0,0.17620286085825748,True
39,7,37,0.0,0.0,2.5,wave,3015,0,0,0.17777777777777778,True
39,7,38,0.0,0.0,2.5,wave,2978,0,0,0.18132975151108127,True
39,7,39,0.0,0.0,2.5,wave,2946,0,0,0.18431771894093688,True
39,7,40,0.0,0.0,2.5,wave,2906,0,0,0.18857536132140398,True
39,7,41,0.0,0.0,2.5,wave,2878,0,0,0.18971507991660877,True
39,7,42,0.0,0.0,2.5,wave,2846,0,0,0.19114546732255797,True
39,7,43,0.0,0.0,2.5,wave,3531,0,0,0.2931180968564146,True
39,7,44,0.0,0.0,2.5,wave,3201,0,0,0.260543580131209,True
39,7,45,0.0,0.0,2.5,wave,3046,0,0,0.24556795797767564,True
39,7,46,0.0,0.0,2.5,wave,2924,0,0,0.23803009575923392,True
39,7,47,0.0,0.0,2.5,wave,2858,0,0,0.23547935619314206,True
39,7,48,0.0,0.0,2.5,wave,2812,0,0,0.23470839260312945,True
39,7,49,0.0,0.0,2.5,wave,2780,0,0,0.23776978417266187,True
39,7,50,0.0,0.0,2.5,wave,2738,0,0,0.239590942293645,True
39,7,51,0.0,0.0,2.5,wave,2690,0,0,0.23977695167286245,True
39,7,52,0.0,0.0,2.5,wave,2648,0,0,0.24358006042296074,True
39,8,1,0.0,0.0,2.5,wave,2594,0,0,0.24479568234387047,True
39,8,2,0.0,0.0,2.5,wave,2562,0,0,0.2459016393442623,True
39,8,3,0.0,0.0,2.5,wave,2519,0,0,0.24970226280269947,True
39,8,4,0.0,0.0,2.5,wave,2500,0,0,0.2524,True
39,8,5,0.0,0.0,2.5,wave,2477,0,0,0.2531287848203472,True
39,8,6,0.0,0.0,2.5,wave,2452,0,0,0.2553017944535073,True
39,8,7,0.0,0.0,2.5,wave,2429,0,0,0.2573075339645945,True
39,8,8,0.0,0.0,2.5,wave,2399,0,0,0.2613588995414756,True
39,8,9,0.0,0.0,2.5,wave,2376,0,0,0.2647306397306397,True
39,8,10,0.0,0.0,2.5,wave,2349,0,0,0.2664963814389102,True
39,8,11,0.0,0.0,2.5,wave,2321,0,0,0.2675570874623007,True
39,8,12,0.0,0.0,2.5,wave,2293,0,0,0.2686436982119494,True
39,8,13,0.0,0.0,2.5,wave,2270,0,0,0.2709251101321586,True
39,8,14,0.0,0.0,2.5,wave,2248,0,0,0.2722419928825623,True
39,8,15,0.0,0.0,2.5,wave,2215,0,0,0.2749435665914221,True
39,8,16,0.0,0.0,2.5,wave,2192,0,0,0.2760036496350365,True
39,8,17,0.0,0.0,2.5,wave,2171,0,0,0.27775218793182865,True
39,8,18,0.0,0.0,2.5,wave,4844,0,0,0.12427745664739884,True
39,8,19,0.0,0.0,2.5,wave,4764,0,0,0.12636439966414778,True
39,8,20,0.0,0.0,2.5,wave,4695,0,0,0.12971246006389775,True
39,8,21,0.0,0.0,2.5,wave,4621,0,0,0.13330447954988098,True
39,8,22,0.0,0.0,2.5,wave,4527,0,0,0.13629335100508064,True
39,8,23,0.0,0.0,2.5,wave,4430,0,0,0.13905191873589165,True
39,8,24,0.0,0.0,2.5,wave,4333,0,0,0.14378029079159935,True
39,8,25,0.0,0.0,2.5,wave,4244,0,0,0.14773798303487276,True
39,8,26,0.0,0.0,2.5,wave,4168,0,0,0.15019193857965452,True
39,8,27,0.0,0.0,2.5,wave,4117,0,0,0.15253825601165896,True
39,8,28,0.0,0.0,2.5,wave,4037,0,0,0.15481793410948724,True
39,8,29,0.0,0.0,2.5,wave,3973,0,0,0.15781525295746288,True
39,8,30,0.0,0.0,2.5,wave,3901,0,0,0.1599589848756729,True
39,8,31,0.0,0.0,2.5,wave,3839,0,0,0.16462620474081793,True
39,8,32,0.0,0.0,2.5,wave,3740,0,0,0.16898395721925133,True
39,8,33,0.0,0.0,2.5,wave,3692,0,0,0.17172264355362946,True
39,8,34,0.0,0.0,2.5,wave,3611,0,0,0.17474383827194684,True
39,8,35,0.0,0.0,2.5,wave,3520,0,0,0.18011363636363636,True
39,8,36,0.0,0.0,2.5,wave,3424,0,0,0.1822429906542056,True
39,8,37,0.0,0.0,2.5,wave,3353,0,0,0.18550551744706234,True
39,8,38,0.0,0.0,2.5,wave,3318,0,0,0.18806509945750452,True
39,8,39,0.0,0.0,2.5,wave,3274,0,0,0.193341478313989,True
39,8,40,0.0,0.0,2.5,wave,3238,0,0,0.1948733786287832,True
39,8,41,0.0,0.0,2.5,wave,3208,0,0,0.1970074812967581,True
39,8,42,0.0,0.0,2.5,wave,3173,0,0,0.20012606366214938,True
39,8,43,0.0,0.0,2.5,wave,3926,0,0,0.30132450331125826,True
39,8,44,0.0,0.0,2.5,wave,3570,0,0,0.2661064425770308,True
39,8,45,0.0,0.0,2.5,wave,3353,0,0,0.25141664181330153,True
39,8,46,0.0,0.0,2.5,wave,3239,0,0,0.23927138005557272,True
39,8,47,0.0,0.0,2.5,wave,3159,0,0,0.2355175688509022,True
39,8,48,0.0,0.0,2.5,wave,3108,0,0,0.23294723294723294,True
39,8,49,0.0,0.0,2.5,wave,3071,0,0,0.2367307066102247,True
39,8,50,0.0,0.0,2.5,wave,3035,0,0,0.23624382207578254,True
39,8,51,0.0,0.0,2.5,wave,2985,0,0,0.24020100502512562,True
39,8,52,0.0,0.0,2.5,wave,2947,0,0,0.23956565999321344,True
39,9,1,0.0,0.0,2.5,wave,2895,0,0,0.24075993091537132,True
39,9,2,0.0,0.0,2.5,wave,2865,0,0,0.24293193717277486,True
39,9,3,0.0,0.0,2.5,wave,2833,0,0,0.24708789269325804,True
39,9,4,0.0,0.0,2.5,wave,2812,0,0,0.24786628733997154,True
39,9,5,0.0,0.0,2.5,wave,2800,0,0,0.25107142857142856,True
39,9,6,0.0,0.0,2.5,wave,2771,0,0,0.2533381450739805,True
39,9,7,0.0,0.0,2.5,wave,2741,0,0,0.254286756658154,True
39,9,8,0.0,0.0,2.5,wave,2720,0,0,0.25698529411764703,True
39,9,9,0.0,0.0,2.5,wave,2683,0,0,0.2568020872158032,True
39,9,10,0.0,0.0,2.5,wave,2652,0,0,0.25980392156862747,True
39,9,11,0.0,0.0,2.5,wave,2623,0,0,0.2634388105223027,True
39,9,12,0.0,0.0,2.5,wave,2602,0,0,0.2632590315142198,True
39,9,13,0.0,0.0,2.5,wave,2572,0,0,0.26283048211508553,True
39,9,14,0.0,0.0,2.5,wave,2550,0,0,0.2662745098039216,True
39,9,15,0.0,0.0,2.5,wave,2518,0,0,0.2688641779189833,True
39,9,16,0.0,0.0,2.5,wave,2500,0,0,0.272,True
39,9,17,0.0,0.0,2.5,wave,2478,0,0,0.2764326069410815,True
39,9,18,0.0,0.0,2.5,wave,4997,0,0,0.12787672603562136,True
39,9,19,0.0,0.0,2.5,wave,4927,0,0,0.13192612137203166,True
39,9,20,0.0,0.0,2.5,wave,4850,0,0,0.13670103092783506,True
39,9,21,0.0,0.0,2.5,wave,4743,0,0,0.14020662028252162,True
39,9,22,0.0,0.0,2.5,wave,4649,0,0,0.14282641428264142,True
39,9,23,0.0,0.0,2.5,wave,4544,0,0,0.14612676056338028,True
39,9,24,0.0,0.0,2.5,wave,4445,0,0,0.14960629921259844,True
39,9,25,0.0,0.0,2.5,wave,4342,0,0,0.1536158452326117,True
39,9,26,0.0,0.0,2.5,wave,4263,0,0,0.15763546798029557,True
39,9,27,0.0,0.0,2.5,wave,4165,0,0,0.15942376950780313,True
39,9,28,0.0,0.0,2.5,wave,4069,0,0,0.16318505775374784,True
39,9,29,0.0,0.0,2.5,wave,3986,0,0,0.16708479678876068,True
39,9,30,0.0,0.0,2.5,wave,3917,0,0,0.1702833801378606,True
39,9,31,0.0,0.0,2.5,wave,3827,0,0,0.1729814476090933,True
39,9,32,0.0,0.0,2.5,wave,3751,0,0,0.1754198880298587,True
39,9,33,0.0,0.0,2.5,wave,3708,0,0,0.17583603020496225,True
39,9,34,0.0,0.0,2.5,wave,3644,0,0,0.17974753018660813,True
39,9,35,0.0,0.0,2.5,wave,3560,0,0,0.18370786516853932,True
39,9,36,0.0,0.0,2.5,wave,3502,0,0,0.18675042832667046,True
39,9,37,0.0,0.0,2.5,wave,3442,0,0,0.19000581057524696,True
39,9,38,0.0,0.0,2.5,wave,3397,0,0,0.1904621725051516,True
39,9,39,0.0,0.0,2.5,wave,3353,0,0,0.1938562481359976,True
39,9,40,0.0,0.0,2.5,wave,3308,0,0,0.19649334945586458,True
39,9,41,0.0,0.0,2.5,wave,3269,0,0,0.19944937289691037,True
39,9,42,0.0,0.0,2.5,wave,3229,0,0,0.2016104056983586,True
39,9,43,0.0,0.0,2.5,wave,4005,0,0,0.30187265917602996,True
39,9,44,0.0,0.0,2.5,wave,3638,0,0,0.26498075865860365,True
39,9,45,0.0,0.0,2.5,wave,3434,0,0,0.24985439720442632,True
39,9,46,0.0,0.0,2.5,wave,3326,0,0,0.2423331328923632,True
39,9,47,0.0,0.0,2.5,wave,3245,0,0,0.23882896764252695,True
39,9,48,0.0,0.0,2.5,wave,3169,0,0,0.23445881981697697,True
39,9,49,0.0,0.0,2.5,wave,3127,0,0,0.23920690757914934,True
39,9,50,0.0,0.0,2.5,wave,3074,0,0,0.23780091086532207,True
39,9,51,0.0,0.0,2.5,wave,3043,0,0,0.2395662175484719,True
39,9,52,0.0,0.0,2.5,wave,2972,0,0,0.2395693135935397,True
39,10,1,0.0,0.0,2.5,wave,2931,0,0,0.24292050494711703,True
39,10,2,0.0,0.0,2.5,wave,2889,0,0,0.245067497403946,True
39,10,3,0.0,0.0,2.5,wave,2865,0,0,0.2443280977312391,True
39,10,4,0.0,0.0,2.5,wave,2829,0,0,0.25097207493814067,True
39,10,5,0.0,0.0,2.5,wave,2784,0,0,0.25179597701149425,True
39,10,6,0.0,0.0,2.5,wave,2755,0,0,0.255535390199637,True
39,10,7,0.0,0.0,2.5,wave,2712,0,0,0.2558997050147493,True
39,10,8,0.0,0.0,2.5,wave,2695,0,0,0.2586270871985158,True
39,10,9,0.0,0.0,2.5,wave,2671,0,0,0.2598277798577312,True
39,10,10,0.0,0.0,2.5,wave,2634,0,0,0.2608200455580866,True
39,10,11,0.0,0.0,2.5,wave,2593,0,0,0.26263015811801005,True
39,10,12,0.0,0.0,2.5,wave,2573,0,0,0.2642829382044306,True
39,10,13,0.0,0.0,2.5,wave,2550,0,0,0.26509803921568625,True
39,10,14,0.0,0.0,2.5,wave,2536,0,0,0.2661671924290221,True
39,10,15,0.0,0.0,2.5,wave,2505,0,0,0.2714570858283433,True
39,10,16,0.0,0.0,2.5,wave,2465,0,0,0.2709939148073022,True
39,10,17,0.0,0.0,2.5,wave,2442,0,0,0.2719082719082719,True
39,10,18,0.0,0.0,2.5,wave,5318,0,0,0.12109815720195562,True
39,10,19,0.0,0.0,2.5,wave,5231,0,0,0.1231122156375454,True
39,10,20,0.0,0.0,2.5,wave,5139,0,0,0.12589998054096127,True
39,10,21,0.0,0.0,2.5,wave,5045,0,0,0.1290386521308226,True
39,10,22,0.0,0.0,2.5,wave,4945,0,0,0.13144590495449948,True
39,10,23,0.0,0.0,2.5,wave,4868,0,0,0.13455217748562037,True
39,10,24,0.0,0.0,2.5,wave,4789,0,0,0.1373982042179996,True
39,10,25,0.0,0.0,2.5,wave,4657,0,0,0.1406484861498819,True
39,10,26,0.0,0.0,2.5,wave,4579,0,0,0.14369949770692292,True
39,10,27,0.0,0.0,2.5,wave,4480,0,0,0.14665178571428572,True
39,10,28,0.0,0.0,2.5,wave,4411,0,0,0.14985264112446156,True
39,10,29,0.0,0.0,2.5,wave,4348,0,0,0.1531738730450782,True
39,10,30,0.0,0.0,2.5,wave,4270,0,0,0.15480093676814988,True
39,10,31,0.0,0.0,2.5,wave,4218,0,0,0.15576102418207682,True
39,10,32,0.0,0.0,2.5,wave,4151,0,0,0.15779330281859794,True
39,10,33,0.0,0.0,2.5,wave,4108,0,0,0.16066212268743915,True
39,10,34,0.0,0.0,2.5,wave,4008,0,0,0.1629241516966068,True
39,10,35,0.0,0.0,2.5,wave,3955,0,0,0.16460176991150444,True
39,10,36,0.0,0.0,2.5,wave,3882,0,0,0.16718186501803195,True
39,10,37,0.0,0.0,2.5,wave,3805,0,0,0.16977660972404732,True
39,10,38,0.0,0.0,2.5,wave,3746,0,0,0.17084890549919915,True
39,10,39,0.0,0.0,2.5,wave,3699,0,0,0.17193836171938362,True
39,10,40,0.0,0.0,2.5,wave,3659,0,0,0.1735446843399836,True
39,10,41,0.0,0.0,2.5,wave,3615,0,0,0.17593360995850624,True
39,10,42,0.0,0.0,2.5,wave,3578,0,0,0.17831190609278927,True
39,10,43,0.0,0.0,2.5,wave,4484,0,0,0.28300624442462086,True
39,10,44,0.0,0.0,2.5,wave,4101,0,0,0.2504267251889783,True
39,10,45,0.0,0.0,2.5,wave,3848,0,0,0.22972972972972974,True
39,10,46,0.0,0.0,2.5,wave,3692,0,0,0.22291440953412783,True
39,10,47,0.0,0.0,2.5,wave,3555,0,0,0.21547116736990155,True
39,10,48,0.0,0.0,2.5,wave,3471,0,0,0.21233074042062805,True
39,10,49,0.0,0.0,2.5,wave,3390,0,0,0.20825958702064898,True
39,10,50,0.0,0.0,2.5,wave,3327,0,0,0.2073940486925158,True
39,10,51,0.0,0.0,2.5,wave,3288,0,0,0.20833333333333334,True
39,10,52,0.0,0.0,2.5,wave,3225,0,0,0.20930232558139536,True
39,11,1,0.0,0.0,2.5,wave,3158,0,0,0.21215959468017734,True
39,11,2,0.0,0.0,2.5,wave,3108,0,0,0.21396396396396397,True
39,11,3,0.0,0.0,2.5,wave,3087,0,0,0.21509556203433755,True
39,11,4,0.0,0.0,2.5,wave,3030,0,0,0.21584158415841584,True
39,11,5,0.0,0.0,2.5,wave,3004,0,0,0.21637816245006658,True
39,11,6,0.0,0.0,2.5,wave,2972,0,0,0.2180349932705249,True
39,11,7,0.0,0.0,2.5,wave,2937,0,0,0.22029281579843377,True
39,11,8,0.0,0.0,2.5,wave,2901,0,0,0.224060668734919,True
39,11,9,0.0,0.0,2.5,wave,2860,0,0,0.2276223776223776,True
39,11,10,0.0,0.0,2.5,wave,2825,0,0,0.23079646017699115,True
39,11,11,0.0,0.0,2.5,wave,2803,0,0,0.2322511594719943,True
39,11,12,0.0,0.0,2.5,wave,2764,0,0,0.23444283646888567,True
39,11,13,0.0,0.0,2.5,wave,2734,0,0,0.2373811265544989,True
39,11,14,0.0,0.0,2.5,wave,2705,0,0,0.2399260628465804,True
39,11,15,0.0,0.0,2.5,wave,2678,0,0,0.24234503360716952,True
39,11,16,0.0,0.0,2.5,wave,2661,0,0,0.24239007891770012,True
39,11,17,0.0,0.0,2.5,wave,2634,0,0,0.2437357630979499,True
39,11,18,0.0,0.0,2.5,wave,5648,0,0,0.10800283286118981,True
39,11,19,0.0,0.0,2.5,wave,5548,0,0,0.1106705118961788,True
39,11,20,0.0,0.0,2.5,wave,5451,0,0,0.11392405063291139,True
39,11,21,0.0,0.0,2.5,wave,5361,0,0,0.1165827271031524,True
39,11,22,0.0,0.0,2.5,wave,5290,0,0,0.11909262759924386,True
39,11,23,0.0,0.0,2.5,wave,5216,0,0,0.12250766871165644,True
39,11,24,0.0,0.0,2.5,wave,5105,0,0,0.12732615083251714,True
39,11,25,0.0,0.0,2.5,wave,5022,0,0,0.13042612504978096,True
39,11,26,0.0,0.0,2.5,wave,4950,0,0,0.1319191919191919,True
39,11,27,0.0,0.0,2.5,wave,4853,0,0,0.13393777045126726,True
39,11,28,0.0,0.0,2.5,wave,4754,0,0,0.137147665124106,True
39,11,29,0.0,0.0,2.5,wave,4676,0,0,0.14114627887082976,True
39,11,30,0.0,0.0,2.5,wave,4589,0,0,0.14425800828067117,True
39,11,31,0.0,0.0,2.5,wave,4521,0,0,0.14753373147533733,True
39,11,32,0.0,0.0,2.5,wave,4452,0,0,0.14937106918238993,True
39,11,33,0.0,0.0,2.5,wave,4381,0,0,0.15110705318420453,True
39,11,34,0.0,0.0,2.5,wave,4300,0,0,0.15395348837209302,True
39,11,35,0.0,0.0,2.5,wave,4220,0,0,0.15592417061611374,True
39,11,36,0.0,0.0,2.5,wave,4151,0,0,0.15947964345940738,True
39,11,37,0.0,0.0,2.5,wave,4076,0,0,0.1626594700686948,True
39,11,38,0.0,0.0,2.5,wave,4011,0,0,0.16554475193218648,True
39,11,39,0.0,0.0,2.5,wave,3958,0,0,0.16725618999494693,True
39,11,40,0.0,0.0,2.5,wave,3899,0,0,0.1697871249038215,True
39,11,41,0.0,0.0,2.5,wave,3865,0,0,0.17335058214747737,True
39,11,42,0.0,0.0,2.5,wave,3818,0,0,0.17600838135149294,True
39,11,43,0.0,0.0,2.5,wave,4838,0,0,0.2926829268292683,True
39,11,44,0.0,0.0,2.5,wave,4424,0,0,0.25678119349005424,True
39,11,45,0.0,0.0,2.5,wave,4183,0,0,0.2378675591680612,True
39,11,46,0.0,0.0,2.5,wave,4001,0,0,0.22369407648087977,True
39,11,47,0.0,0.0,2.5,wave,3872,0,0,0.2172004132231405,True
39,11,48,0.0,0.0,2.5,wave,3779,0,0,0.21566551997883038,True
39,11,49,0.0,0.0,2.5,wave,3704,0,0,0.2159827213822894,True
39,11,50,0.0,0.0,2.5,wave,3638,0,0,0.21495327102803738,True
39,11,51,0.0,0.0,2.5,wave,3592,0,0,0.2143652561247216,True
39,11,52,0.0,0.0,2.5,wave,3539,0,0,0.21418479796552697,True
40,1,1,0.0,0.0,2.5,wave,2814,0,0,0.0024875621890547263,True
40,1,2,0.0,0.0,2.5,wave,2766,0,0,0.006507592190889371,True
40,1,3,0.0,0.0,2.5,wave,2693,0,0,0.008169327887114742,True
40,1,4,0.0,0.0,2.5,wave,2634,0,0,0.009111617312072893,True
40,1,5,0.0,0.0,2.5,wave,2594,0,0,0.01079414032382421,True
40,1,6,0.0,0.0,2.5,wave,2543,0,0,0.013370035391270154,True
40,1,7,0.0,0.0,2.5,wave,2510,0,0,0.016733067729083666,True
40,1,8,0.0,0.0,2.5,wave,2474,0,0,0.020614389652384803,True
40,1,9,0.0,0.0,2.5,wave,2435,0,0,0.02381930184804928,True
40,1,10,0.0,0.0,2.5,wave,2391,0,0,0.025930572982015895,True
40,1,11,0.0,0.0,2.5,wave,2359,0,0,0.026706231454005934,True
40,1,12,0.0,0.0,2.5,wave,2323,0,0,0.0297029702970297,True
40,1,13,0.0,0.0,2.5,wave,2300,0,0,0.030869565217391304,True
40,1,14,0.0,0.0,2.5,wave,2276,0,0,0.032952548330404216,True
40,1,15,0.0,0.0,2.5,wave,2243,0,0,0.036558181007579134,True
40,1,16,0.0,0.0,2.5,wave,2222,0,0,0.03915391539153915,True
40,1,17,0.0,0.0,2.5,wave,2196,0,0,0.04143897996357013,True
40,1,18,0.0,0.0,2.5,wave,6105,0,0,0.017362817362817362,True
40,1,19,0.0,0.0,2.5,wave,5962,0,0,0.019288829251928884,True
40,1,20,0.0,0.0,2.5,wave,5783,0,0,0.023517205602628394,True
40,1,21,0.0,0.0,2.5,wave,5636,0,0,0.02501774308019872,True
40,1,22,0.0,0.0,2.5,wave,5460,0,0,0.02728937728937729,True
40,1,23,0.0,0.0,2.5,wave,5367,0,0,0.029625489100055896,True
40,1,24,0.0,0.0,2.5,wave,5271,0,0,0.03092392335420224,True
40,1,25,0.0,0.0,2.5,wave,5148,0,0,0.03282828282828283,True
40,1,26,0.0,0.0,2.5,wave,5049,0,0,0.034660328777975834,True
40,1,27,0.0,0.0,2.5,wave,4959,0,0,0.03649929421254285,True
40,1,28,0.0,0.0,2.5,wave,4864,0,0,0.03844572368421053,True
40,1,29,0.0,0.0,2.5,wave,4754,0,0,0.03996634413125789,True
40,1,30,0.0,0.0,2.5,wave,4690,0,0,0.04285714285714286,True
40,1,31,0.0,0.0,2.5,wave,4604,0,0,0.04539530842745439,True
40,1,32,0.0,0.0,2.5,wave,4521,0,0,0.046892280468922805,True
40,1,33,0.0,0.0,2.5,wave,4424,0,0,0.0490506329113924,True
40,1,34,0.0,0.0,2.5,wave,4367,0,0,0.050606823906572014,True
40,1,35,0.0,0.0,2.5,wave,4264,0,0,0.05276735459662289,True
40,1,36,0.0,0.0,2.5,wave,4186,0,0,0.053989488772097464,True
40,1,37,0.0,0.0,2.5,wave,4100,0,0,0.05585365853658537,True
40,1,38,0.0,0.0,2.5,wave,4051,0,0,0.057022957294495184,True
40,1,39,0.0,0.0,2.5,wave,3979,0,0,0.06006534305101784,True
40,1,40,0.0,0.0,2.5,wave,3905,0,0,0.062227912932138287,True
40,1,41,0.0,0.0,2.5,wave,3850,0,0,0.06441558441558441,True
40,1,42,0.0,0.0,2.5,wave,3797,0,0,0.06663155122465104,True
40,1,43,0.0,0.0,2.5,wave,3982,0,0,0.09442491210447011,True
40,1,44,0.0,0.0,2.5,wave,3834,0,0,0.08607198748043818,True
40,1,45,0.0,0.0,2.5,wave,3723,0,0,0.08434058554928821,True
40,1,46,0.0,0.0,2.5,wave,3669,0,0,0.08585445625511039,True
40,1,47,0.0,0.0,2.5,wave,3612,0,0,0.08665559246954596,True
40,1,48,0.0,0.0,2.5,wave,3575,0,0,0.0897902097902098,True
40,1,49,0.0,0.0,2.5,wave,3547,0,0,0.09049901325063434,True
40,1,50,0.0,0.0,2.5,wave,3498,0,0,0.09176672384219554,True
40,1,51,0.0,0.0,2.5,wave,3454,0,0,0.09467284308048639,True
40,1,52,0.0,0.0,2.5,wave,3406,0,0,0.09659424544920728,True
40,2,1,0.0,0.0,2.5,wave,3369,29,4,0.10032650638171564,False
40,2,2,0.0,0.0,2.5,wave,3319,42,11,0.1039469719795119,False
40,2,3,0.0,0.0,2.5,wave,3266,44,18,0.10379669320269443,False
40,2,4,0.0,0.0,2.5,wave,3194,55,19,0.10488415779586725,False
40,2,5,0.0,0.0,2.5,wave,3144,62,18,0.10527989821882952,False
40,2,6,0.0,0.0,2.5,wave,3096,70,21,0.10723514211886305,False
40,2,7,0.0,0.0,2.5,wave,3040,76,29,0.10953947368421052,False
40,2,8,0.0,0.0,2.5,wave,2993,85,27,0.11059137988640161,False
40,2,9,0.0,0.0,2.5,wave,2931,80,31,0.11088365745479359,False
40,2,10,0.0,0.0,2.5,wave,2886,82,36,0.11295911295911296,False
40,2,11,0.0,0.0,2.5,wave,2818,78,30,0.11426543647977289,False
40,2,12,0.0,0.0,2.5,wave,2755,80,34,0.11833030852994555,False
40,2,13,0.0,0.0,2.5,wave,2712,80,27,0.12020648967551623,False
40,2,14,0.0,0.0,2.5,wave,2663,73,26,0.12392039053698836,False
40,2,15,0.0,0.0,2.5,wave,2614,82,33,0.12700841622035194,False
40,2,16,0.0,0.0,2.5,wave,2564,74,27,0.13026521060842433,False
40,2,17,0.0,0.0,2.5,wave,2509,70,35,0.13192506974890394,False
40,2,18,0.0,0.0,2.5,wave,4840,67,31,0.06921487603305786,False
40,2,19,0.0,0.0,2.5,wave,4698,68,16,0.07258407833120477,False
40,2,20,0.0,0.0,2.5,wave,4606,75,21,0.07425097698653929,False
40,2,21,0.0,0.0,2.5,wave,4459,91,26,0.07580174927113703,False
40,2,22,0.0,0.0,2.5,wave,4342,103,28,0.07692307692307693,False
40,2,23,0.0,0.0,2.5,wave,4238,104,35,0.07999056158565361,False
40,2,24,0.0,0.0,2.5,wave,4134,109,33,0.0822447992259313,False
40,2,25,0.0,0.0,2.5,wave,4019,109,31,0.08484697685991541,False
40,2,26,0.0,0.0,2.5,wave,3943,98,40,0.08825767182348465,False
40,2,27,0.0,0.0,2.5,wave,3844,104,43,0.09079084287200832,False
40,2,28,0.0,0.0,2.5,wave,3703,89,41,0.0945179584120983,False
40,2,29,0.0,0.0,2.5,wave,3617,86,33,0.09593585844622615,False
40,2,30,0.0,0.0,2.5,wave,3514,76,27,0.09817871371656232,False
40,2,31,0.0,0.0,2.5,wave,3443,75,20,0.10223642172523961,False
40,2,32,0.0,0.0,2.5,wave,3357,67,22,0.1051534107834376,False
40,2,33,0.0,0.0,2.5,wave,3272,75,37,0.10757946210268948,False
40,2,34,0.0,0.0,2.5,wave,3188,77,29,0.11135508155583437,False
40,2,35,0.0,0.0,2.5,wave,3104,65,17,0.11469072164948453,False
40,2,36,0.0,0.0,2.5,wave,3030,61,24,0.11848184818481848,False
40,2,37,0.0,0.0,2.5,wave,2969,61,26,0.12293701583024587,False
40,2,38,0.0,0.0,2.5,wave,2918,47,20,0.12371487320082249,False
40,2,39,0.0,0.0,2.5,wave,2876,46,25,0.12726008344923506,False
40,2,40,0.0,0.0,2.5,wave,2830,41,20,0.12932862190812722,False
40,2,41,0.0,0.0,2.5,wave,2778,29,13,0.1331893448524118,False
40,2,42,0.0,0.0,2.5,wave,2745,24,12,0.13479052823315119,False
40,2,43,0.0,0.0,2.5,wave,2946,29,10,0.18974881194840462,False
40,2,44,0.0,0.0,2.5,wave,2803,23,9,0.17124509454156261,False
40,2,45,0.0,0.0,2.5,wave,2707,23,9,0.16291097155522719,False
40,2,46,0.0,0.0,2.5,wave,2635,19,9,0.15901328273244783,False
40,2,47,0.0,0.0,2.5,wave,2616,20,8,0.1636085626911315,False
40,2,48,0.0,0.0,2.5,wave,2590,17,9,0.16486486486486487,False
40,2,49,0.0,0.0,2.5,wave,2552,16,7,0.16849529780564262,False
40,2,50,0.0,0.0,2.5,wave,2517,15,3,0.1684545093365117,False
40,2,51,0.0,0.0,2.5,wave,2482,13,4,0.17042707493956485,False
40,2,52,0.0,0.0,2.5,wave,2452,12,8,0.17088091353996737,False
40,3,1,0.0,0.0,2.5,wave,2421,10,6,0.17389508467575382,False
40,3,2,0.0,0.0,2.5,wave,2384,5,1,0.17743288590604026,False
40,3,3,0.0,0.0,2.5,wave,2362,4,2,0.18077900084674006,False
40,3,4,0.0,0.0,2.5,wave,2337,7,4,0.18271287976037656,False
40,3,5,0.0,0.0,2.5,wave,2306,6,3,0.1821335646140503,False
40,3,6,0.0,0.0,2.5,wave,2280,9,1,0.18596491228070175,False
40,3,7,0.0,0.0,2.5,wave,2243,8,2,0.18903254569772626,False
40,3,8,0.0,0.0,2.5,wave,2221,10,4,0.19225574065736156,False
40,3,9,0.0,0.0,2.5,wave,2197,9,2,0.19344560764679108,False
40,3,10,0.0,0.0,2.5,wave,2176,7,2,0.19439338235294118,False
40,3,11,0.0,0.0,2.5,wave,2149,9,5,0.19683573755234993,False
40,3,12,0.0,0.0,2.5,wave,2122,9,5,0.19557021677662584,False
40,3,13,0.0,0.0,2.5,wave,2096,10,3,0.1984732824427481,False
40,3,14,0.0,0.0,2.5,wave,2066,8,2,0.20183930300096806,False
40,3,15,0.0,0.0,2.5,wave,2054,10,1,0.2035053554040896,False
40,3,16,0.0,0.0,2.5,wave,2024,9,1,0.20652173913043478,False
40,3,17,0.0,0.0,2.5,wave,2010,10,3,0.20696517412935322,False
40,3,18,0.0,0.0,2.5,wave,4519,11,5,0.09227705244523124,False
40,3,19,0.0,0.0,2.5,wave,4441,13,5,0.09592434136455753,False
40,3,20,0.0,0.0,2.5,wave,4334,13,5,0.09852330410706045,False
40,3,21,0.0,0.0,2.5,wave,4234,15,7,0.10203117619272556,False
40,3,22,0.0,0.0,2.5,wave,4163,14,6,0.10353110737448955,False
40,3,23,0.0,0.0,2.5,wave,4071,12,3,0.10611643330876934,False
40,3,24,0.0,0.0,2.5,wave,4016,12,4,0.1078187250996016,False
40,3,25,0.0,0.0,2.5,wave,3926,13,7,0.11156393275598574,False
40,3,26,0.0,0.0,2.5,wave,3847,12,4,0.11541460878606706,False
40,3,27,0.0,0.0,2.5,wave,3776,8,2,0.11890889830508475,False
40,3,28,0.0,0.0,2.5,wave,3684,10,3,0.12160694896851248,False
40,3,29,0.0,0.0,2.5,wave,3618,11,4,0.1265892758430072,False
40,3,30,0.0,0.0,2.5,wave,3538,14,5,0.12945166760881854,False
40,3,31,0.0,0.0,2.5,wave,3468,13,4,0.13350634371395617,False
40,3,32,0.0,0.0,2.5,wave,3366,10,4,0.13576945929887108,False
40,3,33,0.0,0.0,2.5,wave,3259,11,2,0.13992022092666462,False
40,3,34,0.0,0.0,2.5,wave,3185,9,1,0.14442700156985872,False
40,3,35,0.0,0.0,2.5,wave,3093,12,6,0.14872292272874232,False
40,3,36,0.0,0.0,2.5,wave,3004,12,5,0.15279627163781626,False
40,3,37,0.0,0.0,2.5,wave,2930,7,2,0.15699658703071673,False
40,3,38,0.0,0.0,2.5,wave,2891,9,5,0.15807679003804911,False
40,3,39,0.0,0.0,2.5,wave,2861,9,3,0.16218105557497378,False
40,3,40,0.0,0.0,2.5,wave,2812,6,1,0.16216216216216217,False
40,3,41,0.0,0.0,2.5,wave,2778,8,3,0.1627069834413247,False
40,3,42,0.0,0.0,2.5,wave,2761,8,2,0.16370880115900036,False
40,3,43,0.0,0.0,2.5,wave,3068,6,3,0.227509778357236,False
40,3,44,0.0,0.0,2.5,wave,2924,6,3,0.20690834473324213,False
40,3,45,0.0,0.0,2.5,wave,2806,3,3,0.19351389878831077,False
40,3,46,0.0,0.0,2.5,wave,2733,3,2,0.1924624954262715,False
40,3,47,0.0,0.0,2.5,wave,2688,1,0,0.19233630952380953,False
40,3,48,0.0,0.0,2.5,wave,2658,1,1,0.19413092550790068,False
40,3,49,0.0,0.0,2.5,wave,2626,2,1,0.1964965727341965,False
40,3,50,0.0,0.0,2.5,wave,2606,1,0,0.19838833461243285,False
40,3,51,0.0,0.0,2.5,wave,2580,1,1,0.1992248062015504,False
40,3,52,0.0,0.0,2.5,wave,2543,2,1,0.19976405819897758,False
40,4,1,0.0,0.0,2.5,wave,2519,1,1,0.2016673283048829,False
40,4,2,0.0,0.0,2.5,wave,2491,3,1,0.20393416298675232,False
40,4,3,0.0,0.0,2.5,wave,2452,2,0,0.20636215334420882,False
40,4,4,0.0,0.0,2.5,wave,2421,2,1,0.20693928128872366,False
40,4,5,0.0,0.0,2.5,wave,2399,4,1,0.20842017507294705,False
40,4,6,0.0,0.0,2.5,wave,2375,3,0,0.21010526315789474,False
40,4,7,0.0,0.0,2.5,wave,2349,3,0,0.210727969348659,False
40,4,8,0.0,0.0,2.5,wave,2315,3,3,0.21339092872570195,False
40,4,9,0.0,0.0,2.5,wave,2283,3,3,0.21331581252737625,False
40,4,10,0.0,0.0,2.5,wave,2240,0,0,0.21607142857142858,True
40,4,11,0.0,0.0,2.5,wave,2203,0,0,0.21697684975034046,True
40,4,12,0.0,0.0,2.5,wave,2180,0,0,0.21834862385321102,True
40,4,13,0.0,0.0,2.5,wave,2158,0,0,0.22196478220574606,True
40,4,14,0.0,0.0,2.5,wave,2143,0,0,0.22398506766215587,True
40,4,15,0.0,0.0,2.5,wave,2117,0,0,0.22815304676428907,True
40,4,16,0.0,0.0,2.5,wave,2099,0,0,0.23058599333015722,True
40,4,17,0.0,0.0,2.5,wave,2067,0,0,0.23270440251572327,True
40,4,18,0.0,0.0,2.5,wave,4322,0,0,0.11175381767700139,True
40,4,19,0.0,0.0,2.5,wave,4255,0,0,0.11445358401880142,True
40,4,20,0.0,0.0,2.5,wave,4167,0,0,0.11663066954643629,True
40,4,21,0.0,0.0,2.5,wave,4097,0,0,0.11837930192824017,True
40,4,22,0.0,0.0,2.5,wave,3995,0,0,0.11964956195244054,True
40,4,23,0.0,0.0,2.5,wave,3909,0,0,0.1233051931440266,True
40,4,24,0.0,0.0,2.5,wave,3827,0,0,0.12620851842174027,True
40,4,25,0.0,0.0,2.5,wave,3758,0,0,0.1290580095795636,True
40,4,26,0.0,0.0,2.5,wave,3684,0,0,0.13192182410423453,True
40,4,27,0.0,0.0,2.5,wave,3606,0,0,0.1333887964503605,True
40,4,28,0.0,0.0,2.5,wave,3527,0,0,0.1358094698043663,True
40,4,29,0.0,0.0,2.5,wave,3454,0,0,0.13752171395483498,True
40,4,30,0.0,0.0,2.5,wave,3395,0,0,0.14050073637702504,True
40,4,31,0.0,0.0,2.5,wave,3344,0,0,0.14324162679425836,True
40,4,32,0.0,0.0,2.5,wave,3280,0,0,0.14542682926829267,True
40,4,33,0.0,0.0,2.5,wave,3220,0,0,0.14720496894409937,True
40,4,34,0.0,0.0,2.5,wave,3155,0,0,0.14960380348652932,True
40,4,35,0.0,0.0,2.5,wave,3106,0,0,0.1516419832582099,True
40,4,36,0.0,0.0,2.5,wave,3058,0,0,0.1553302812295618,True
40,4,37,0.0,0.0,2.5,wave,3005,0,0,0.15740432612312813,True
40,4,38,0.0,0.0,2.5,wave,2971,0,0,0.15954224166947156,True
40,4,39,0.0,0.0,2.5,wave,2914,0,0,0.1609471516815374,True
40,4,40,0.0,0.0,2.5,wave,2878,0,0,0.16643502432244614,True
40,4,41,0.0,0.0,2.5,wave,2840,0,0,0.16901408450704225,True
40,4,42,0.0,0.0,2.5,wave,2813,0,0,0.1724137931034483,True
40,4,43,0.0,0.0,2.5,wave,3108,0,0,0.2294079794079794,True
40,4,44,0.0,0.0,2.5,wave,2954,0,0,0.21123899796885579,True
40,4,45,0.0,0.0,2.5,wave,2856,0,0,0.20098039215686275,True
40,4,46,0.0,0.0,2.5,wave,2763,0,0,0.19905899384726747,True
40,4,47,0.0,0.0,2.5,wave,2717,0,0,0.19874861980125139,True
40,4,48,0.0,0.0,2.5,wave,2692,0,0,0.20319465081723626,True
40,4,49,0.0,0.0,2.5,wave,2670,0,0,0.20262172284644195,True
40,4,50,0.0,0.0,2.5,wave,2649,0,0,0.20649301623254057,True
40,4,51,0.0,0.0,2.5,wave,2628,0,0,0.2115677321156773,True
40,4,52,0.0,0.0,2.5,wave,2587,0,0,0.21221492075763432,True
40,5,1,0.0,0.0,2.5,wave,2561,0,0,0.21554080437329168,True
40,5,2,0.0,0.0,2.5,wave,2521,0,0,0.21697738992463309,True
40,5,3,0.0,0.0,2.5,wave,2485,0,0,0.21891348088531187,True
40,5,4,0.0,0.0,2.5,wave,2456,0,0,0.22149837133550487,True
40,5,5,0.0,0.0,2.5,wave,2422,0,0,0.2250206440957886,True
40,5,6,0.0,0.0,2.5,wave,2406,0,0,0.22651704073150458,True
40,5,7,0.0,0.0,2.5,wave,2374,0,0,0.22746419545071608,True
40,5,8,0.0,0.0,2.5,wave,2351,0,0,0.2313908974904296,True
40,5,9,0.0,0.0,2.5,wave,2325,0,0,0.2339784946236559,True
40,5,10,0.0,0.0,2.5,wave,2299,0,0,0.23749456285341453,True
40,5,11,0.0,0.0,2.5,wave,2270,0,0,0.23788546255506607,True
40,5,12,0.0,0.0,2.5,wave,2235,0,0,0.23937360178970918,True
40,5,13,0.0,0.0,2.5,wave,2207,0,0,0.24286361576801088,True
40,5,14,0.0,0.0,2.5,wave,2179,0,0,0.24552547039926573,True
40,5,15,0.0,0.0,2.5,wave,2148,0,0,0.24534450651769088,True
40,5,16,0.0,0.0,2.5,wave,2120,0,0,0.2490566037735849,True
40,5,17,0.0,0.0,2.5,wave,2089,0,0,0.2498803255146003,True
40,5,18,0.0,0.0,2.5,wave,4523,0,0,0.1167366791952244,True
40,5,19,0.0,0.0,2.5,wave,4466,0,0,0.11733094491715182,True
40,5,20,0.0,0.0,2.5,wave,4397,0,0,0.12099158517170798,True
40,5,21,0.0,0.0,2.5,wave,4299,0,0,0.12328448476389858,True
40,5,22,0.0,0.0,2.5,wave,4211,0,0,0.1260983139396818,True
40,5,23,0.0,0.0,2.5,wave,4121,0,0,0.12885222033487018,True
40,5,24,0.0,0.0,2.5,wave,4028,0,0,0.13108242303872888,True
40,5,25,0.0,0.0,2.5,wave,3916,0,0,0.13534218590398367,True
40,5,26,0.0,0.0,2.5,wave,3815,0,0,0.13892529488859764,True
40,5,27,0.0,0.0,2.5,wave,3710,0,0,0.1436657681940701,True
40,5,28,0.0,0.0,2.5,wave,3646,0,0,0.14728469555677454,True
40,5,29,0.0,0.0,2.5,wave,3572,0,0,0.14977603583426652,True
40,5,30,0.0,0.0,2.5,wave,3511,0,0,0.15180860153802336,True
40,5,31,0.0,0.0,2.5,wave,3453,0,0,0.15406892557196641,True
40,5,32,0.0,0.0,2.5,wave,3383,0,0,0.1575524682234703,True
40,5,33,0.0,0.0,2.5,wave,3312,0,0,0.1597222222222222,True
40,5,34,0.0,0.0,2.5,wave,3253,0,0,0.16261912081155855,True
40,5,35,0.0,0.0,2.5,wave,3177,0,0,0.16682404784387786,True
40,5,36,0.0,0.0,2.5,wave,3116,0,0,0.17041078305519897,True
40,5,37,0.0,0.0,2.5,wave,3070,0,0,0.1749185667752443,True
40,5,38,0.0,0.0,2.5,wave,3029,0,0,0.17893694288544074,True
40,5,39,0.0,0.0,2.5,wave,2998,0,0,0.1801200800533689,True
40,5,40,0.0,0.0,2.5,wave,2961,0,0,0.18034447821681865,True
40,5,41,0.0,0.0,2.5,wave,2920,0,0,0.1832191780821918,True
40,5,42,0.0,0.0,2.5,wave,2877,0,0,0.1873479318734793,True
40,5,43,0.0,0.0,2.5,wave,3264,0,0,0.24632352941176472,True
40,5,44,0.0,0.0,2.5,wave,3066,0,0,0.2253750815394651,True
40,5,45,0.0,0.0,2.5,wave,2936,0,0,0.21730245231607628,True
40,5,46,0.0,0.0,2.5,wave,2866,0,0,0.21632937892533147,True
40,5,47,0.0,0.0,2.5,wave,2838,0,0,0.21846370683579985,True
40,5,48,0.0,0.0,2.5,wave,2795,0,0,0.21967799642218247,True
40,5,49,0.0,0.0,2.5,wave,2769,0,0,0.2224629830263633,True
40,5,50,0.0,0.0,2.5,wave,2740,0,0,0.22664233576642337,True
40,5,51,0.0,0.0,2.5,wave,2715,0,0,0.2294659300184162,True
40,5,52,0.0,0.0,2.5,wave,2681,0,0,0.23162998881014546,True
40,6,1,0.0,0.0,2.5,wave,2641,0,0,0.23438091631957592,True
40,6,2,0.0,0.0,2.5,wave,2615,0,0,0.23709369024856597,True
40,6,3,0.0,0.0,2.5,wave,2581,0,0,0.2402169701666021,True
40,6,4,0.0,0.0,2.5,wave,2557,0,0,0.24325381306218224,True
40,6,5,0.0,0.0,2.5,wave,2532,0,0,0.24447077409162718,True
40,6,6,0.0,0.0,2.5,wave,2504,0,0,0.24640575079872204,True
40,6,7,0.0,0.0,2.5,wave,2468,0,0,0.25,True
40,6,8,0.0,0.0,2.5,wave,2443,0,0,0.25092099877200164,True
40,6,9,0.0,0.0,2.5,wave,2426,0,0,0.25350370981038745,True
40,6,10,0.0,0.0,2.5,wave,2400,0,0,0.25416666666666665,True
40,6,11,0.0,0.0,2.5,wave,2371,0,0,0.25685364824968365,True
40,6,12,0.0,0.0,2.5,wave,2346,0,0,0.25788576300085253,True
40,6,13,0.0,0.0,2.5,wave,2329,0,0,0.2606268784886217,True
40,6,14,0.0,0.0,2.5,wave,2302,0,0,0.26151172893136404,True
40,6,15,0.0,0.0,2.5,wave,2283,0,0,0.26544021024967146,True
40,6,16,0.0,0.0,2.5,wave,2270,0,0,0.26563876651982377,True
40,6,17,0.0,0.0,2.5,wave,2253,0,0,0.26808699511762096,True
40,6,18,0.0,0.0,2.5,wave,4933,0,0,0.12244070545307115,True
40,6,19,0.0,0.0,2.5,wave,4858,0,0,0.12700699876492383,True
40,6,20,0.0,0.0,2.5,wave,4754,0,0,0.12936474547749263,True
40,6,21,0.0,0.0,2.5,wave,4629,0,0,0.1332901274573342,True
40,6,22,0.0,0.0,2.5,wave,4501,0,0,0.13641413019329038,True
40,6,23,0.0,0.0,2.5,wave,4394,0,0,0.1401911697769686,True
40,6,24,0.0,0.0,2.5,wave,4305,0,0,0.14355400696864112,True
40,6,25,0.0,0.0,2.5,wave,4236,0,0,0.1449480642115203,True
40,6,26,0.0,0.0,2.5,wave,4169,0,0,0.1491964499880067,True
40,6,27,0.0,0.0,2.5,wave,4104,0,0,0.15253411306042886,True
40,6,28,0.0,0.0,2.5,wave,4036,0,0,0.155599603567889,True
40,6,29,0.0,0.0,2.5,wave,3971,0,0,0.1586502140518761,True
40,6,30,0.0,0.0,2.5,wave,3893,0,0,0.15951708194194708,True
40,6,31,0.0,0.0,2.5,wave,3818,0,0,0.16238868517548455,True
40,6,32,0.0,0.0,2.5,wave,3752,0,0,0.1657782515991471,True
40,6,33,0.0,0.0,2.5,wave,3672,0,0,0.16802832244008714,True
40,6,34,0.0,0.0,2.5,wave,3595,0,0,0.17134909596662032,True
40,6,35,0.0,0.0,2.5,wave,3516,0,0,0.17491467576791808,True
40,6,36,0.0,0.0,2.5,wave,3460,0,0,0.17745664739884393,True
40,6,37,0.0,0.0,2.5,wave,3410,0,0,0.1812316715542522,True
40,6,38,0.0,0.0,2.5,wave,3375,0,0,0.18192592592592594,True
40,6,39,0.0,0.0,2.5,wave,3340,0,0,0.18383233532934132,True
40,6,40,0.0,0.0,2.5,wave,3292,0,0,0.1859052247873633,True
40,6,41,0.0,0.0,2.5,wave,3257,0,0,0.1882100092109303,True
40,6,42,0.0,0.0,2.5,wave,3232,0,0,0.19121287128712872,True
40,6,43,0.0,0.0,2.5,wave,3667,0,0,0.246250340878102,True
40,6,44,0.0,0.0,2.5,wave,3425,0,0,0.22656934306569343,True
40,6,45,0.0,0.0,2.5,wave,3282,0,0,0.21572212065813529,True
40,6,46,0.0,0.0,2.5,wave,3198,0,0,0.2129455909943715,True
40,6,47,0.0,0.0,2.5,wave,3165,0,0,0.2132701421800948,True
40,6,48,0.0,0.0,2.5,wave,3135,0,0,0.21499202551834132,True
40,6,49,0.0,0.0,2.5,wave,3106,0,0,0.21732131358660656,True
40,6,50,0.0,0.0,2.5,wave,3074,0,0,0.22023422251138583,True
40,6,51,0.0,0.0,2.5,wave,3038,0,0,0.22317314022383147,True
40,6,52,0.0,0.0,2.5,wave,3016,0,0,0.22579575596816975,True
40,7,1,0.0,0.0,2.5,wave,2979,0,0,0.22692178583417255,True
40,7,2,0.0,0.0,2.5,wave,2949,0,0,0.23126483553747032,True
40,7,3,0.0,0.0,2.5,wave,2910,0,0,0.2329896907216495,True
40,7,4,0.0,0.0,2.5,wave,2881,0,0,0.23707046164526205,True
40,7,5,0.0,0.0,2.5,wave,2844,0,0,0.23980309423347398,True
40,7,6,0.0,0.0,2.5,wave,2814,0,0,0.24058280028429282,True
40,7,7,0.0,0.0,2.5,wave,2783,0,0,0.24182536830758175,True
40,7,8,0.0,0.0,2.5,wave,2746,0,0,0.24399126001456664,True
40,7,9,0.0,0.0,2.5,wave,2709,0,0,0.2469545957918051,True
40,7,10,0.0,0.0,2.5,wave,2685,0,0,0.24804469273743016,True
40,7,11,0.0,0.0,2.5,wave,2653,0,0,0.25065963060686014,True
40,7,12,0.0,0.0,2.5,wave,2620,0,0,0.25305343511450384,True
40,7,13,0.0,0.0,2.5,wave,2591,0,0,0.2551138556541876,True
40,7,14,0.0,0.0,2.5,wave,2567,0,0,0.2574990261005064,True
40,7,15,0.0,0.0,2.5,wave,2541,0,0,0.2597402597402597,True
40,7,16,0.0,0.0,2.5,wave,2510,0,0,0.2621513944223108,True
40,7,17,0.0,0.0,2.5,wave,2481,0,0,0.26279725916968966,True
40,7,18,0.0,0.0,2.5,wave,5206,0,0,0.12581636573184787,True
40,7,19,0.0,0.0,2.5,wave,5108,0,0,0.12901331245105715,True
40,7,20,0.0,0.0,2.5,wave,4965,0,0,0.13293051359516617,True
40,7,21,0.0,0.0,2.5,wave,4854,0,0,0.13555830243098477,True
40,7,22,0.0,0.0,2.5,wave,4775,0,0,0.1375916230366492,True
40,7,23,0.0,0.0,2.5,wave,4687,0,0,0.1391081715382974,True
40,7,24,0.0,0.0,2.5,wave,4586,0,0,0.1423898822503271,True
40,7,25,0.0,0.0,2.5,wave,4498,0,0,0.1429524232992441,True
40,7,26,0.0,0.0,2.5,wave,4381,0,0,0.14585711024880163,True
40,7,27,0.0,0.0,2.5,wave,4288,0,0,0.14972014925373134,True
40,7,28,0.0,0.0,2.5,wave,4208,0,0,0.15327946768060838,True
40,7,29,0.0,0.0,2.5,wave,4134,0,0,0.15650701499758105,True
40,7,30,0.0,0.0,2.5,wave,4082,0,0,0.15850073493385594,True
40,7,31,0.0,0.0,2.5,wave,3983,0,0,0.16143610343961837,True
40,7,32,0.0,0.0,2.5,wave,3876,0,0,0.16460268317853458,True
40,7,33,0.0,0.0,2.5,wave,3803,0,0,0.16881409413620826,True
40,7,34,0.0,0.0,2.5,wave,3748,0,0,0.1715581643543223,True
40,7,35,0.0,0.0,2.5,wave,3666,0,0,0.1734860883797054,True
40,7,36,0.0,0.0,2.5,wave,3610,0,0,0.17617728531855956,True
40,7,37,0.0,0.0,2.5,wave,3537,0,0,0.1769861464517953,True
40,7,38,0.0,0.0,2.5,wave,3477,0,0,0.180903077365545,True
40,7,39,0.0,0.0,2.5,wave,3430,0,0,0.18338192419825072,True
40,7,40,0.0,0.0,2.5,wave,3388,0,0,0.1859504132231405,True
40,7,41,0.0,0.0,2.5,wave,3348,0,0,0.18876941457586618,True
40,7,42,0.0,0.0,2.5,wave,3303,0,0,0.18982742960944596,True
40,7,43,0.0,0.0,2.5,wave,3740,0,0,0.24679144385026738,True
40,7,44,0.0,0.0,2.5,wave,3500,0,0,0.22685714285714287,True
40,7,45,0.0,0.0,2.5,wave,3341,0,0,0.2155043400179587,True
40,7,46,0.0,0.0,2.5,wave,3249,0,0,0.21360418590335487,True
40,7,47,0.0,0.0,2.5,wave,3190,0,0,0.2115987460815047,True
40,7,48,0.0,0.0,2.5,wave,3157,0,0,0.2134938232499208,True
40,7,49,0.0,0.0,2.5,wave,3134,0,0,0.2141033822590938,True
40,7,50,0.0,0.0,2.5,wave,3111,0,0,0.21729347476695596,True
40,7,51,0.0,0.0,2.5,wave,3085,0,0,0.22204213938411668,True
40,7,52,0.0,0.0,2.5,wave,3051,0,0,0.22451655195018028,True
40,8,1,0.0,0.0,2.5,wave,3002,0,0,0.22485009993337776,True
40,8,2,0.0,0.0,2.5,wave,2961,0,0,0.22897669706180346,True
40,8,3,0.0,0.0,2.5,wave,2928,0,0,0.2301912568306011,True
40,8,4,0.0,0.0,2.5,wave,2895,0,0,0.23316062176165803,True
40,8,5,0.0,0.0,2.5,wave,2868,0,0,0.23605299860529985,True
40,8,6,0.0,0.0,2.5,wave,2822,0,0,0.239900779588944,True
40,8,7,0.0,0.0,2.5,wave,2799,0,0,0.24258663808503036,True
40,8,8,0.0,0.0,2.5,wave,2782,0,0,0.24406901509705248,True
40,8,9,0.0,0.0,2.5,wave,2764,0,0,0.24746743849493488,True
40,8,10,0.0,0.0,2.5,wave,2735,0,0,0.2489945155393053,True
40,8,11,0.0,0.0,2.5,wave,2708,0,0,0.25036927621861155,True
40,8,12,0.0,0.0,2.5,wave,2673,0,0,0.25102880658436216,True
40,8,13,0.0,0.0,2.5,wave,2642,0,0,0.25359576078728235,True
40,8,14,0.0,0.0,2.5,wave,2605,0,0,0.255278310940499,True
40,8,15,0.0,0.0,2.5,wave,2579,0,0,0.25746413338503293,True
40,8,16,0.0,0.0,2.5,wave,2551,0,0,0.2591140729125833,True
40,8,17,0.0,0.0,2.5,wave,2520,0,0,0.26071428571428573,True
40,8,18,0.0,0.0,2.5,wave,5417,0,0,0.12220786413143807,True
40,8,19,0.0,0.0,2.5,wave,5333,0,0,0.12450778173635853,True
40,8,20,0.0,0.0,2.5,wave,5227,0,0,0.12798928639755117,True
40,8,21,0.0,0.0,2.5,wave,5131,0,0,0.13038394075229,True
40,8,22,0.0,0.0,2.5,wave,5007,0,0,0.13421210305572198,True
40,8,23,0.0,0.0,2.5,wave,4902,0,0,0.13667890656874745,True
40,8,24,0.0,0.0,2.5,wave,4830,0,0,0.14078674948240166,True
40,8,25,0.0,0.0,2.5,wave,4739,0,0,0.14285714285714285,True
40,8,26,0.0,0.0,2.5,wave,4646,0,0,0.14700817907877745,True
40,8,27,0.0,0.0,2.5,wave,4544,0,0,0.14986795774647887,True
40,8,28,0.0,0.0,2.5,wave,4447,0,0,0.15156285136046774,True
40,8,29,0.0,0.0,2.5,wave,4352,0,0,0.15441176470588236,True
40,8,30,0.0,0.0,2.5,wave,4270,0,0,0.15831381733021077,True
40,8,31,0.0,0.0,2.5,wave,4177,0,0,0.16159923389992817,True
40,8,32,0.0,0.0,2.5,wave,4109,0,0,0.16524701873935263,True
40,8,33,0.0,0.0,2.5,wave,4051,0,0,0.16860034559368056,True
40,8,34,0.0,0.0,2.5,wave,3990,0,0,0.17092731829573934,True
40,8,35,0.0,0.0,2.5,wave,3929,0,0,0.1740900992618987,True
40,8,36,0.0,0.0,2.5,wave,3837,0,0,0.17617930675006516,True
40,8,37,0.0,0.0,2.5,wave,3778,0,0,0.17946003176283748,True
40,8,38,0.0,0.0,2.5,wave,3714,0,0,0.18147549811523964,True
40,8,39,0.0,0.0,2.5,wave,3671,0,0,0.18523563061836013,True
40,8,40,0.0,0.0,2.5,wave,3631,0,0,0.18507298264940789,True
40,8,41,0.0,0.0,2.5,wave,3588,0,0,0.18729096989966554,True
40,8,42,0.0,0.0,2.5,wave,3553,0,0,0.18998029833943147,True
40,8,43,0.0,0.0,2.5,wave,4027,0,0,0.2490687856965483,True
40,8,44,0.0,0.0,2.5,wave,3801,0,0,0.23046566692975531,True
40,8,45,0.0,0.0,2.5,wave,3615,0,0,0.21964038727524204,True
40,8,46,0.0,0.0,2.5,wave,3523,0,0,0.21600908316775475,True
40,8,47,0.0,0.0,2.5,wave,3457,0,0,0.214926236621348,True
40,8,48,0.0,0.0,2.5,wave,3419,0,0,0.2143901725650775,True
40,8,49,0.0,0.0,2.5,wave,3392,0,0,0.21462264150943397,True
40,8,50,0.0,0.0,2.5,wave,3342,0,0,0.21573907839616996,True
40,8,51,0.0,0.0,2.5,wave,3316,0,0,0.21712907117008443,True
40,8,52,0.0,0.0,2.5,wave,3273,0,0,0.22181484876260313,True
40,9,1,0.0,0.0,2.5,wave,3228,0,0,0.22428748451053285,True
40,9,2,0.0,0.0,2.5,wave,3193,0,0,0.22643282179768243,True
40,9,3,0.0,0.0,2.5,wave,3157,0,0,0.22838137472283815,True
40,9,4,0.0,0.0,2.5,wave,3131,0,0,0.23187480038326413,True
40,9,5,0.0,0.0,2.5,wave,3097,0,0,0.23571197933484017,True
40,9,6,0.0,0.0,2.5,wave,3060,0,0,0.23823529411764705,True
40,9,7,0.0,0.0,2.5,wave,3008,0,0,0.24069148936170212,True
40,9,8,0.0,0.0,2.5,wave,2979,0,0,0.24538435716683452,True
40,9,9,0.0,0.0,2.5,wave,2947,0,0,0.2480488632507635,True
40,9,10,0.0,0.0,2.5,wave,2925,0,0,0.25094017094017096,True
40,9,11,0.0,0.0,2.5,wave,2885,0,0,0.25233968804159446,True
40,9,12,0.0,0.0,2.5,wave,2860,0,0,0.2555944055944056,True
40,9,13,0.0,0.0,2.5,wave,2836,0,0,0.2577574047954866,True
40,9,14,0.0,0.0,2.5,wave,2806,0,0,0.25908766928011406,True
40,9,15,0.0,0.0,2.5,wave,2782,0,0,0.26204169662113586,True
40,9,16,0.0,0.0,2.5,wave,2757,0,0,0.26332970620239393,True
40,9,17,0.0,0.0,2.5,wave,2730,0,0,0.2663003663003663,True
40,9,18,0.0,0.0,2.5,wave,5641,0,0,0.11753235241978373,True
40,9,19,0.0,0.0,2.5,wave,5578,0,0,0.12083183936894945,True
40,9,20,0.0,0.0,2.5,wave,5482,0,0,0.12240058372856621,True
40,9,21,0.0,0.0,2.5,wave,5374,0,0,0.12672125046520283,True
40,9,22,0.0,0.0,2.5,wave,5285,0,0,0.1282876064333018,True
40,9,23,0.0,0.0,2.5,wave,5157,0,0,0.13205351948807445,True
40,9,24,0.0,0.0,2.5,wave,5051,0,0,0.13442882597505446,True
40,9,25,0.0,0.0,2.5,wave,4938,0,0,0.137910085054678,True
40,9,26,0.0,0.0,2.5,wave,4845,0,0,0.14076367389060887,True
40,9,27,0.0,0.0,2.5,wave,4764,0,0,0.1439966414777498,True
40,9,28,0.0,0.0,2.5,wave,4684,0,0,0.14645602049530315,True
40,9,29,0.0,0.0,2.5,wave,4612,0,0,0.1491760624457936,True
40,9,30,0.0,0.0,2.5,wave,4530,0,0,0.15275938189845475,True
40,9,31,0.0,0.0,2.5,wave,4443,0,0,0.15440018005851902,True
40,9,32,0.0,0.0,2.5,wave,4333,0,0,0.15878144472651742,True
40,9,33,0.0,0.0,2.5,wave,4247,0,0,0.16364492582999765,True
40,9,34,0.0,0.0,2.5,wave,4166,0,0,0.1653864618338934,True
40,9,35,0.0,0.0,2.5,wave,4106,0,0,0.16804676083779835,True
40,9,36,0.0,0.0,2.5,wave,4050,0,0,0.17012345679012345,True
40,9,37,0.0,0.0,2.5,wave,3978,0,0,0.17219708396178984,True
40,9,38,0.0,0.0,2.5,wave,3932,0,0,0.17497456765005087,True
40,9,39,0.0,0.0,2.5,wave,3883,0,0,0.1771825907803245,True
40,9,40,0.0,0.0,2.5,wave,3841,0,0,0.1793803696953918,True
40,9,41,0.0,0.0,2.5,wave,3806,0,0,0.17997898055701525,True
40,9,42,0.0,0.0,2.5,wave,3761,0,0,0.1837277319861739,True
40,9,43,0.0,0.0,2.5,wave,4322,0,0,0.24479407681628876,True
40,9,44,0.0,0.0,2.5,wave,4068,0,0,0.22517207472959685,True
40,9,45,0.0,0.0,2.5,wave,3863,0,0,0.20916386228319958,True
40,9,46,0.0,0.0,2.5,wave,3784,0,0,0.20665961945031713,True
40,9,47,0.0,0.0,2.5,wave,3721,0,0,0.20612738511152917,True
40,9,48,0.0,0.0,2.5,wave,3669,0,0,0.20468792586535842,True
40,9,49,0.0,0.0,2.5,wave,3644,0,0,0.2066410537870472,True
40,9,50,0.0,0.0,2.5,wave,3609,0,0,0.20809088390135771,True
40,9,51,0.0,0.0,2.5,wave,3580,0,0,0.2100558659217877,True
40,9,52,0.0,0.0,2.5,wave,3549,0,0,0.21301775147928995,True
40,10,1,0.0,0.0,2.5,wave,3510,0,0,0.21623931623931625,True
40,10,2,0.0,0.0,2.5,wave,3480,0,0,0.21982758620689655,True
40,10,3,0.0,0.0,2.5,wave,3427,0,0,0.22293551210971696,True
40,10,4,0.0,0.0,2.5,wave,3378,0,0,0.22498519834221434,True
40,10,5,0.0,0.0,2.5,wave,3339,0,0,0.22791254866726565,True
40,10,6,0.0,0.0,2.5,wave,3309,0,0,0.2281656089453007,True
40,10,7,0.0,0.0,2.5,wave,3292,0,0,0.22995139732685296,True
40,10,8,0.0,0.0,2.5,wave,3248,0,0,0.23183497536945813,True
40,10,9,0.0,0.0,2.5,wave,3216,0,0,0.23569651741293532,True
40,10,10,0.0,0.0,2.5,wave,3186,0,0,0.2379158819836786,True
40,10,11,0.0,0.0,2.5,wave,3158,0,0,0.24002533248891703,True
40,10,12,0.0,0.0,2.5,wave,3133,0,0,0.24098308330673476,True
40,10,13,0.0,0.0,2.5,wave,3090,0,0,0.24336569579288025,True
40,10,14,0.0,0.0,2.5,wave,3054,0,0,0.24459724950884087,True
40,10,15,0.0,0.0,2.5,wave,3020,0,0,0.24701986754966887,True
40,10,16,0.0,0.0,2.5,wave,2989,0,0,0.24824355971896955,True
40,10,17,0.0,0.0,2.5,wave,2963,0,0,0.2500843739453257,True
40,10,18,0.0,0.0,2.5,wave,6139,0,0,0.11581690829125264,True
40,10,19,0.0,0.0,2.5,wave,6057,0,0,0.1182103351494139,True
40,10,20,0.0,0.0,2.5,wave,5945,0,0,0.12077375946173255,True
40,10,21,0.0,0.0,2.5,wave,5843,0,0,0.12373780592161561,True
40,10,22,0.0,0.0,2.5,wave,5752,0,0,0.12691237830319888,True
40,10,23,0.0,0.0,2.5,wave,5652,0,0,0.13039631988676575,True
40,10,24,0.0,0.0,2.5,wave,5567,0,0,0.13292617208550386,True
40,10,25,0.0,0.0,2.5,wave,5481,0,0,0.13592410144134282,True
40,10,26,0.0,0.0,2.5,wave,5387,0,0,0.13885279376276222,True
40,10,27,0.0,0.0,2.5,wave,5291,0,0,0.14193914193914195,True
40,10,28,0.0,0.0,2.5,wave,5208,0,0,0.14477726574500768,True
40,10,29,0.0,0.0,2.5,wave,5096,0,0,0.14737048665620095,True
40,10,30,0.0,0.0,2.5,wave,5026,0,0,0.15001989653800238,True
40,10,31,0.0,0.0,2.5,wave,4953,0,0,0.15404805168584695,True
40,10,32,0.0,0.0,2.5,wave,4866,0,0,0.15639128647759967,True
40,10,33,0.0,0.0,2.5,wave,4787,0,0,0.1589722164194694,True
40,10,34,0.0,0.0,2.5,wave,4723,0,0,0.16091467287740843,True
40,10,35,0.0,0.0,2.5,wave,4646,0,0,0.1631510977184675,True
40,10,36,0.0,0.0,2.5,wave,4573,0,0,0.16641154603105182,True
40,10,37,0.0,0.0,2.5,wave,4480,0,0,0.16763392857142856,True
40,10,38,0.0,0.0,2.5,wave,4433,0,0,0.17008797653958943,True
40,10,39,0.0,0.0,2.5,wave,4374,0,0,0.17306812985825332,True
40,10,40,0.0,0.0,2.5,wave,4332,0,0,0.17520775623268697,True
40,10,41,0.0,0.0,2.5,wave,4270,0,0,0.17798594847775176,True
40,10,42,0.0,0.0,2.5,wave,4222,0,0,0.18048318332543817,True
40,10,43,0.0,0.0,2.5,wave,4793,0,0,0.24827873982891718,True
40,10,44,0.0,0.0,2.5,wave,4481,0,0,0.22673510377147957,True
40,10,45,0.0,0.0,2.5,wave,4273,0,0,0.21226304703955068,True
40,10,46,0.0,0.0,2.5,wave,4156,0,0,0.2088546679499519,True
40,10,47,0.0,0.0,2.5,wave,4081,0,0,0.20485175202156333,True
40,10,48,0.0,0.0,2.5,wave,4022,0,0,0.20636499254102436,True
40,10,49,0.0,0.0,2.5,wave,3951,0,0,0.20577069096431283,True
40,10,50,0.0,0.0,2.5,wave,3918,0,0,0.2082695252679939,True
40,10,51,0.0,0.0,2.5,wave,3877,0,0,0.21021408305390765,True
40,10,52,0.0,0.0,2.5,wave,3838,0,0,0.21287128712871287,True
40,11,1,0.0,0.0,2.5,wave,3791,0,0,0.2157742020575046,True
40,11,2,0.0,0.0,2.5,wave,3749,0,0,0.2165910909575887,True
40,11,3,0.0,0.0,2.5,wave,3706,0,0,0.21883432271991365,True
40,11,4,0.0,0.0,2.5,wave,3663,0,0,0.2203112203112203,True
40,11,5,0.0,0.0,2.5,wave,3619,0,0,0.22188449848024316,True
40,11,6,0.0,0.0,2.5,wave,3572,0,0,0.22508398656215006,True
40,11,7,0.0,0.0,2.5,wave,3530,0,0,0.22691218130311613,True
40,11,8,0.0,0.0,2.5,wave,3502,0,0,0.22929754426042262,True
40,11,9,0.0,0.0,2.5,wave,3464,0,0,0.2329676674364896,True
40,11,10,0.0,0.0,2.5,wave,3424,0,0,0.2351051401869159,True
40,11,11,0.0,0.0,2.5,wave,3391,0,0,0.23680330286051313,True
40,11,12,0.0,0.0,2.5,wave,3354,0,0,0.23673225998807393,True
40,11,13,0.0,0.0,2.5,wave,3314,0,0,0.24049487024743513,True
40,11,14,0.0,0.0,2.5,wave,3279,0,0,0.24397682220189082,True
40,11,15,0.0,0.0,2.5,wave,3250,0,0,0.24676923076923077,True
40,11,16,0.0,0.0,2.5,wave,3216,0,0,0.25,True
40,11,17,0.0,0.0,2.5,wave,3186,0,0,0.24921531701192717,True
40,11,18,0.0,0.0,2.5,wave,6827,0,0,0.11044382598505932,True
40,11,19,0.0,0.0,2.5,wave,6722,0,0,0.1139541803034811,True
40,11,20,0.0,0.0,2.5,wave,6598,0,0,0.11579266444377084,True
40,11,21,0.0,0.0,2.5,wave,6448,0,0,0.11755583126550868,True
40,11,22,0.0,0.0,2.5,wave,6304,0,0,0.1218274111675127,True
40,11,23,0.0,0.0,2.5,wave,6194,0,0,0.1251210849208912,True
40,11,24,0.0,0.0,2.5,wave,6088,0,0,0.12910643889618922,True
40,11,25,0.0,0.0,2.5,wave,5952,0,0,0.1328965053763441,True
40,11,26,0.0,0.0,2.5,wave,5829,0,0,0.1367301423914908,True
40,11,27,0.0,0.0,2.5,wave,5731,0,0,0.14098761123713138,True
40,11,28,0.0,0.0,2.5,wave,5650,0,0,0.1431858407079646,True
40,11,29,0.0,0.0,2.5,wave,5539,0,0,0.14551363061924535,True
40,11,30,0.0,0.0,2.5,wave,5427,0,0,0.14777962041643633,True
40,11,31,0.0,0.0,2.5,wave,5309,0,0,0.1503107929930307,True
40,11,32,0.0,0.0,2.5,wave,5204,0,0,0.15353574173712528,True
40,11,33,0.0,0.0,2.5,wave,5102,0,0,0.1564092512740102,True
40,11,34,0.0,0.0,2.5,wave,5004,0,0,0.16007194244604317,True
40,11,35,0.0,0.0,2.5,wave,4875,0,0,0.16205128205128205,True
40,11,36,0.0,0.0,2.5,wave,4784,0,0,0.16596989966555184,True
40,11,37,0.0,0.0,2.5,wave,4686,0,0,0.16965428937259924,True
40,11,38,0.0,0.0,2.5,wave,4632,0,0,0.17422279792746115,True
40,11,39,0.0,0.0,2.5,wave,4586,0,0,0.17706061927605757,True
40,11,40,0.0,0.0,2.5,wave,4522,0,0,0.17912428129146396,True
40,11,41,0.0,0.0,2.5,wave,4479,0,0,0.18218352310783656,True
40,11,42,0.0,0.0,2.5,wave,4431,0,0,0.18528548860302416,True
40,11,43,0.0,0.0,2.5,wave,5012,0,0,0.25239425379090186,True
40,11,44,0.0,0.0,2.5,wave,4701,0,0,0.22590938098276964,True
40,11,45,0.0,0.0,2.5,wave,4478,0,0,0.21013845466726216,True
40,11,46,0.0,0.0,2.5,wave,4373,0,0,0.20832380516807683,True
40,11,47,0.0,0.0,2.5,wave,4286,0,0,0.20578628091460568,True
40,11,48,0.0,0.0,2.5,wave,4226,0,0,0.20870799810695692,True
40,11,49,0.0,0.0,2.5,wave,4175,0,0,0.20982035928143714,True
40,11,50,0.0,0.0,2.5,wave,4112,0,0,0.21206225680933852,True
40,11,51,0.0,0.0,2.5,wave,4052,0,0,0.21372161895360317,True
40,11,52,0.0,0.0,2.5,wave,4000,0,0,0.217,True
41,1,1,0.0,0.0,2.5,wave,2919,0,0,0.003083247687564234,True
41,1,2,0.0,0.0,2.5,wave,2877,0,0,0.005561348627042058,True
41,1,3,0.0,0.0,2.5,wave,2830,0,0,0.007420494699646643,True
41,1,4,0.0,0.0,2.5,wave,2788,0,0,0.008967001434720229,True
41,1,5,0.0,0.0,2.5,wave,2741,0,0,0.011674571324334184,True
41,1,6,0.0,0.0,2.5,wave,2696,0,0,0.01483679525222552,True
41,1,7,0.0,0.0,2.5,wave,2651,0,0,0.015843078083741986,True
41,1,8,0.0,0.0,2.5,wave,2620,0,0,0.017557251908396947,True
41,1,9,0.0,0.0,2.5,wave,2581,0,0,0.021309569934134055,True
41,1,10,0.0,0.0,2.5,wave,2535,0,0,0.023668639053254437,True
41,1,11,0.0,0.0,2.5,wave,2518,0,0,0.025814138204924543,True
41,1,12,0.0,0.0,2.5,wave,2479,0,0,0.02702702702702703,True
41,1,13,0.0,0.0,2.5,wave,2442,0,0,0.028665028665028666,True
41,1,14,0.0,0.0,2.5,wave,2418,0,0,0.028535980148883373,True
41,1,15,0.0,0.0,2.5,wave,2394,0,0,0.03007518796992481,True
41,1,16,0.0,0.0,2.5,wave,2361,0,0,0.030919102075391783,True
41,1,17,0.0,0.0,2.5,wave,2335,0,0,0.03340471092077088,True
41,1,18,0.0,0.0,2.5,wave,6698,0,0,0.01224246043595103,True
41,1,19,0.0,0.0,2.5,wave,6507,0,0,0.014445981250960504,True
41,1,20,0.0,0.0,2.5,wave,6348,0,0,0.016855702583490863,True
41,1,21,0.0,0.0,2.5,wave,6208,0,0,0.01836340206185567,True
41,1,22,0.0,0.0,2.5,wave,6019,0,0,0.020269147698953313,True
41,1,23,0.0,0.0,2.5,wave,5841,0,0,0.023454887861667523,True
41,1,24,0.0,0.0,2.5,wave,5593,0,0,0.026461648489182907,True
41,1,25,0.0,0.0,2.5,wave,5440,0,0,0.029595588235294117,True
41,1,26,0.0,0.0,2.5,wave,5324,0,0,0.03362133734034561,True
41,1,27,0.0,0.0,2.5,wave,5171,0,0,0.03635660413846451,True
41,1,28,0.0,0.0,2.5,wave,5025,0,0,0.03800995024875622,True
41,1,29,0.0,0.0,2.5,wave,4929,0,0,0.04077906269020085,True
41,1,30,0.0,0.0,2.5,wave,4747,0,0,0.043185169580787865,True
41,1,31,0.0,0.0,2.5,wave,4609,0,0,0.04491212844434801,True
41,1,32,0.0,0.0,2.5,wave,4468,0,0,0.04677708146821844,True
41,1,33,0.0,0.0,2.5,wave,4357,0,0,0.04796878586183154,True
41,1,34,0.0,0.0,2.5,wave,4282,0,0,0.052312003736571695,True
41,1,35,0.0,0.0,2.5,wave,4155,0,0,0.054632972322503005,True
41,1,36,0.0,0.0,2.5,wave,4053,0,0,0.05798174191956575,True
41,1,37,0.0,0.0,2.5,wave,3936,0,0,0.060721544715447155,True
41,1,38,0.0,0.0,2.5,wave,3834,0,0,0.06233698487219614,True
41,1,39,0.0,0.0,2.5,wave,3727,0,0,0.06573651730614435,True
41,1,40,0.0,0.0,2.5,wave,3659,0,0,0.06777808144301722,True
41,1,41,0.0,0.0,2.5,wave,3578,0,0,0.0684740078256009,True
41,1,42,0.0,0.0,2.5,wave,3523,0,0,0.0709622480840193,True
41,1,43,0.0,0.0,2.5,wave,3770,0,0,0.11591511936339523,True
41,1,44,0.0,0.0,2.5,wave,3494,0,0,0.0993131081854608,True
41,1,45,0.0,0.0,2.5,wave,3351,0,0,0.09489704565801253,True
41,1,46,0.0,0.0,2.5,wave,3255,0,0,0.09400921658986175,True
41,1,47,0.0,0.0,2.5,wave,3169,0,0,0.0911959608709372,True
41,1,48,0.0,0.0,2.5,wave,3093,0,0,0.09246686065308762,True
41,1,49,0.0,0.0,2.5,wave,3028,0,0,0.0941215323645971,True
41,1,50,0.0,0.0,2.5,wave,2986,0,0,0.0971198928332217,True
41,1,51,0.0,0.0,2.5,wave,2924,0,0,0.09678522571819426,True
41,1,52,0.0,0.0,2.5,wave,2880,0,0,0.09895833333333333,True
41,2,1,0.0,0.0,2.5,wave,2831,26,4,0.10243730130695868,False
41,2,2,0.0,0.0,2.5,wave,2794,28,14,0.10558339298496779,False
41,2,3,0.0,0.0,2.5,wave,2740,35,17,0.10547445255474452,False
41,2,4,0.0,0.0,2.5,wave,2676,31,12,0.10762331838565023,False
41,2,5,0.0,0.0,2.5,wave,2627,33,9,0.10925009516558812,False
41,2,6,0.0,0.0,2.5,wave,2592,31,9,0.1099537037037037,False
41,2,7,0.0,0.0,2.5,wave,2538,32,11,0.11386918833727344,False
41,2,8,0.0,0.0,2.5,wave,2465,37,11,0.11683569979716024,False
41,2,9,0.0,0.0,2.5,wave,2422,47,11,0.11767134599504542,False
41,2,10,0.0,0.0,2.5,wave,2371,45,15,0.12062420919443273,False
41,2,11,0.0,0.0,2.5,wave,2340,54,22,0.12094017094017094,False
41,2,12,0.0,0.0,2.5,wave,2295,60,24,0.12418300653594772,False
41,2,13,0.0,0.0,2.5,wave,2264,67,23,0.12941696113074205,False
41,2,14,0.0,0.0,2.5,wave,2224,66,19,0.1303956834532374,False
41,2,15,0.0,0.0,2.5,wave,2169,64,25,0.13416320885200553,False
41,2,16,0.0,0.0,2.5,wave,2136,68,29,0.13623595505617977,False
41,2,17,0.0,0.0,2.5,wave,2090,68,26,0.13923444976076554,False
41,2,18,0.0,0.0,2.5,wave,4177,72,27,0.07182188173330141,False
41,2,19,0.0,0.0,2.5,wave,4087,86,32,0.07438218742353805,False
41,2,20,0.0,0.0,2.5,wave,3953,94,30,0.07715658993169744,False
41,2,21,0.0,0.0,2.5,wave,3839,100,34,0.08075019536337588,False
41,2,22,0.0,0.0,2.5,wave,3732,106,40,0.08333333333333333,False
41,2,23,0.0,0.0,2.5,wave,3601,98,41,0.08580949736184393,False
41,2,24,0.0,0.0,2.5,wave,3495,101,38,0.08869814020028613,False
41,2,25,0.0,0.0,2.5,wave,3417,95,34,0.0913081650570676,False
41,2,26,0.0,0.0,2.5,wave,3348,91,46,0.09468339307048984,False
41,2,27,0.0,0.0,2.5,wave,3271,94,44,0.09752369306022624,False
41,2,28,0.0,0.0,2.5,wave,3169,74,30,0.09971599873777216,False
41,2,29,0.0,0.0,2.5,wave,3104,64,27,0.10309278350515463,False
41,2,30,0.0,0.0,2.5,wave,3038,55,32,0.10533245556287031,False
41,2,31,0.0,0.0,2.5,wave,2968,52,22,0.1078167115902965,False
41,2,32,0.0,0.0,2.5,wave,2878,45,16,0.10910354412786658,False
41,2,33,0.0,0.0,2.5,wave,2846,44,14,0.11138439915671117,False
41,2,34,0.0,0.0,2.5,wave,2788,43,14,0.11370157819225252,False
41,2,35,0.0,0.0,2.5,wave,2729,45,19,0.11909124221326493,False
41,2,36,0.0,0.0,2.5,wave,2681,41,17,0.12159641924654979,False
41,2,37,0.0,0.0,2.5,wave,2613,37,10,0.12476081132797551,False
41,2,38,0.0,0.0,2.5,wave,2579,35,9,0.12756882512601783,False
41,2,39,0.0,0.0,2.5,wave,2536,40,12,0.12973186119873817,False
41,2,40,0.0,0.0,2.5,wave,2489,38,14,0.13177983125753315,False
41,2,41,0.0,0.0,2.5,wave,2458,38,20,0.13669650122050447,False
41,2,42,0.0,0.0,2.5,wave,2404,31,18,0.13976705490848584,False
41,2,43,0.0,0.0,2.5,wave,2779,38,19,0.2223821518531846,False
41,2,44,0.0,0.0,2.5,wave,2554,25,7,0.19772905246671887,False
41,2,45,0.0,0.0,2.5,wave,2444,17,2,0.1853518821603928,False
41,2,46,0.0,0.0,2.5,wave,2401,18,7,0.17992503123698458,False
41,2,47,0.0,0.0,2.5,wave,2364,19,9,0.1844331641285956,False
41,2,48,0.0,0.0,2.5,wave,2311,17,8,0.1847684984855041,False
41,2,49,0.0,0.0,2.5,wave,2292,13,6,0.1880453752181501,False
41,2,50,0.0,0.0,2.5,wave,2256,10,5,0.19148936170212766,False
41,2,51,0.0,0.0,2.5,wave,2240,12,5,0.19375,False
41,2,52,0.0,0.0,2.5,wave,2228,11,3,0.19703770197486534,False
41,3,1,0.0,0.0,2.5,wave,2200,9,3,0.19863636363636364,False
41,3,2,0.0,0.0,2.5,wave,2175,9,3,0.20367816091954022,False
41,3,3,0.0,0.0,2.5,wave,2153,7,4,0.20715281003251276,False
41,3,4,0.0,0.0,2.5,wave,2131,9,4,0.20788362271234162,False
41,3,5,0.0,0.0,2.5,wave,2077,9,1,0.2103996148290804,False
41,3,6,0.0,0.0,2.5,wave,2047,8,3,0.21348314606741572,False
41,3,7,0.0,0.0,2.5,wave,2000,14,3,0.2185,False
41,3,8,0.0,0.0,2.5,wave,1974,11,3,0.22087132725430597,False
41,3,9,0.0,0.0,2.5,wave,1958,14,7,0.22216547497446373,False
41,3,10,0.0,0.0,2.5,wave,1928,15,5,0.2266597510373444,False
41,3,11,0.0,0.0,2.5,wave,1901,12,4,0.22987901104681746,False
41,3,12,0.0,0.0,2.5,wave,1875,13,3,0.23306666666666667,False
41,3,13,0.0,0.0,2.5,wave,1856,10,3,0.23599137931034483,False
41,3,14,0.0,0.0,2.5,wave,1833,13,6,0.23731587561374795,False
41,3,15,0.0,0.0,2.5,wave,1807,13,5,0.23741007194244604,False
41,3,16,0.0,0.0,2.5,wave,1780,15,2,0.23820224719101124,False
41,3,17,0.0,0.0,2.5,wave,1764,12,4,0.24206349206349206,False
41,3,18,0.0,0.0,2.5,wave,3967,17,7,0.10864633224098816,False
41,3,19,0.0,0.0,2.5,wave,3889,24,8,0.11108254049884289,False
41,3,20,0.0,0.0,2.5,wave,3785,34,9,0.11254953764861295,False
41,3,21,0.0,0.0,2.5,wave,3697,33,9,0.11604003245875034,False
41,3,22,0.0,0.0,2.5,wave,3617,42,13,0.1199889411114183,False
41,3,23,0.0,0.0,2.5,wave,3544,35,16,0.1221783295711061,False
41,3,24,0.0,0.0,2.5,wave,3456,34,13,0.1261574074074074,False
41,3,25,0.0,0.0,2.5,wave,3377,35,15,0.12999703879182706,False
41,3,26,0.0,0.0,2.5,wave,3290,31,14,0.1331306990881459,False
41,3,27,0.0,0.0,2.5,wave,3217,26,8,0.1364625427416848,False
41,3,28,0.0,0.0,2.5,wave,3145,20,10,0.1386327503974563,False
41,3,29,0.0,0.0,2.5,wave,3084,24,10,0.14137483787289234,False
41,3,30,0.0,0.0,2.5,wave,2967,16,10,0.14459049544994945,False
41,3,31,0.0,0.0,2.5,wave,2895,24,9,0.14991364421416234,False
41,3,32,0.0,0.0,2.5,wave,2820,16,3,0.1549645390070922,False
41,3,33,0.0,0.0,2.5,wave,2762,19,7,0.15785662563359884,False
41,3,34,0.0,0.0,2.5,wave,2710,24,8,0.16014760147601476,False
41,3,35,0.0,0.0,2.5,wave,2646,19,7,0.1636432350718065,False
41,3,36,0.0,0.0,2.5,wave,2595,21,9,0.1699421965317919,False
41,3,37,0.0,0.0,2.5,wave,2520,20,11,0.1734126984126984,False
41,3,38,0.0,0.0,2.5,wave,2473,20,7,0.17670845127375656,False
41,3,39,0.0,0.0,2.5,wave,2428,14,8,0.17957166392092258,False
41,3,40,0.0,0.0,2.5,wave,2394,15,9,0.1808688387635756,False
41,3,41,0.0,0.0,2.5,wave,2366,10,4,0.18554522400676246,False
41,3,42,0.0,0.0,2.5,wave,2339,12,5,0.18683197947840957,False
41,3,43,0.0,0.0,2.5,wave,2799,15,5,0.27152554483744196,False
41,3,44,0.0,0.0,2.5,wave,2544,12,4,0.24017295597484276,False
41,3,45,0.0,0.0,2.5,wave,2440,12,3,0.22704918032786886,False
41,3,46,0.0,0.0,2.5,wave,2374,10,6,0.22577927548441448,False
41,3,47,0.0,0.0,2.5,wave,2327,10,5,0.22088525999140524,False
41,3,48,0.0,0.0,2.5,wave,2295,5,1,0.22440087145969498,False
41,3,49,0.0,0.0,2.5,wave,2275,5,2,0.23032967032967033,False
41,3,50,0.0,0.0,2.5,wave,2245,5,3,0.23429844097995545,False
41,3,51,0.0,0.0,2.5,wave,2210,6,3,0.23846153846153847,False
41,3,52,0.0,0.0,2.5,wave,2192,4,1,0.24041970802919707,False
41,4,1,0.0,0.0,2.5,wave,2175,3,0,0.24689655172413794,False
41,4,2,0.0,0.0,2.5,wave,2163,3,2,0.2501155802126676,False
41,4,3,0.0,0.0,2.5,wave,2134,6,3,0.25164011246485474,False
41,4,4,0.0,0.0,2.5,wave,2098,4,2,0.25643469971401334,False
41,4,5,0.0,0.0,2.5,wave,2055,4,3,0.25888077858880776,False
41,4,6,0.0,0.0,2.5,wave,2021,5,2,0.25927758535378526,False
41,4,7,0.0,0.0,2.5,wave,1997,3,0,0.26339509263895844,False
41,4,8,0.0,0.0,2.5,wave,1976,3,1,0.26568825910931176,False
41,4,9,0.0,0.0,2.5,wave,1955,6,2,0.2680306905370844,False
41,4,10,0.0,0.0,2.5,wave,1932,6,1,0.2665631469979296,False
41,4,11,0.0,0.0,2.5,wave,1911,5,2,0.2705389848246991,False
41,4,12,0.0,0.0,2.5,wave,1888,7,2,0.2690677966101695,False
41,4,13,0.0,0.0,2.5,wave,1874,5,1,0.2710779082177161,False
41,4,14,0.0,0.0,2.5,wave,1853,4,1,0.27199136535348084,False
41,4,15,0.0,0.0,2.5,wave,1831,4,3,0.2752594210813763,False
41,4,16,0.0,0.0,2.5,wave,1806,5,3,0.2779623477297896,False
41,4,17,0.0,0.0,2.5,wave,1784,4,1,0.2825112107623318,False
41,4,18,0.0,0.0,2.5,wave,3891,3,1,0.1295296838858905,False
41,4,19,0.0,0.0,2.5,wave,3792,4,1,0.13291139240506328,False
41,4,20,0.0,0.0,2.5,wave,3685,3,0,0.13568521031207598,False
41,4,21,0.0,0.0,2.5,wave,3611,3,2,0.1406812517308225,False
41,4,22,0.0,0.0,2.5,wave,3526,3,2,0.1443562110039705,False
41,4,23,0.0,0.0,2.5,wave,3448,1,0,0.14617169373549885,False
41,4,24,0.0,0.0,2.5,wave,3376,1,0,0.1501777251184834,False
41,4,25,0.0,0.0,2.5,wave,3321,1,0,0.1529659741041855,False
41,4,26,0.0,0.0,2.5,wave,3244,1,1,0.15659679408138102,False
41,4,27,0.0,0.0,2.5,wave,3172,2,1,0.1598360655737705,False
41,4,28,0.0,0.0,2.5,wave,3101,1,0,0.16091583360206385,False
41,4,29,0.0,0.0,2.5,wave,3055,1,0,0.16399345335515547,False
41,4,30,0.0,0.0,2.5,wave,2993,1,0,0.1677246909455396,False
41,4,31,0.0,0.0,2.5,wave,2936,1,1,0.1699591280653951,False
41,4,32,0.0,0.0,2.5,wave,2873,2,1,0.1709014966933519,False
41,4,33,0.0,0.0,2.5,wave,2802,1,0,0.17380442541042113,False
41,4,34,0.0,0.0,2.5,wave,2731,1,0,0.1779567923837422,False
41,4,35,0.0,0.0,2.5,wave,2691,1,0,0.1813452248234857,False
41,4,36,0.0,0.0,2.5,wave,2617,1,0,0.1830340084065724,False
41,4,37,0.0,0.0,2.5,wave,2562,1,1,0.18618266978922718,False
41,4,38,0.0,0.0,2.5,wave,2521,2,1,0.18762395874652915,False
41,4,39,0.0,0.0,2.5,wave,2499,0,0,0.18927571028411364,True
41,4,40,0.0,0.0,2.5,wave,2462,0,0,0.1909017059301381,True
41,4,41,0.0,0.0,2.5,wave,2425,0,0,0.1958762886597938,True
41,4,42,0.0,0.0,2.5,wave,2394,0,0,0.19799498746867167,True
41,4,43,0.0,0.0,2.5,wave,2919,0,0,0.28091812264474136,True
41,4,44,0.0,0.0,2.5,wave,2673,0,0,0.25140291806958476,True
41,4,45,0.0,0.0,2.5,wave,2544,0,0,0.23663522012578617,True
41,4,46,0.0,0.0,2.5,wave,2483,0,0,0.23640757148610553,True
41,4,47,0.0,0.0,2.5,wave,2425,0,0,0.2354639175257732,True
41,4,48,0.0,0.0,2.5,wave,2400,0,0,0.24041666666666667,True
41,4,49,0.0,0.0,2.5,wave,2379,0,0,0.2408575031525851,True
41,4,50,0.0,0.0,2.5,wave,2361,0,0,0.24481152054214317,True
41,4,51,0.0,0.0,2.5,wave,2318,0,0,0.24805867126833478,True
41,4,52,0.0,0.0,2.5,wave,2298,0,0,0.2484769364664926,True
41,5,1,0.0,0.0,2.5,wave,2270,0,0,0.25418502202643173,True
41,5,2,0.0,0.0,2.5,wave,2254,0,0,0.2546583850931677,True
41,5,3,0.0,0.0,2.5,wave,2252,0,0,0.26287744227353466,True
41,5,4,0.0,0.0,2.5,wave,2222,0,0,0.2646264626462646,True
41,5,5,0.0,0.0,2.5,wave,2204,0,0,0.2658802177858439,True
41,5,6,0.0,0.0,2.5,wave,2182,0,0,0.26672777268560954,True
41,5,7,0.0,0.0,2.5,wave,2165,0,0,0.269284064665127,True
41,5,8,0.0,0.0,2.5,wave,2137,0,0,0.2690687880205896,True
41,5,9,0.0,0.0,2.5,wave,2117,0,0,0.2720831365139348,True
41,5,10,0.0,0.0,2.5,wave,2091,0,0,0.27211860353897654,True
41,5,11,0.0,0.0,2.5,wave,2071,0,0,0.2723322066634476,True
41,5,12,0.0,0.0,2.5,wave,2048,0,0,0.27490234375,True
41,5,13,0.0,0.0,2.5,wave,2033,0,0,0.2779144121987211,True
41,5,14,0.0,0.0,2.5,wave,2009,0,0,0.2777501244400199,True
41,5,15,0.0,0.0,2.5,wave,1994,0,0,0.279839518555667,True
41,5,16,0.0,0.0,2.5,wave,1972,0,0,0.2829614604462475,True
41,5,17,0.0,0.0,2.5,wave,1955,0,0,0.2864450127877238,True
41,5,18,0.0,0.0,2.5,wave,4212,0,0,0.13485280151946819,True
41,5,19,0.0,0.0,2.5,wave,4141,0,0,0.13837237382274814,True
41,5,20,0.0,0.0,2.5,wave,4046,0,0,0.13964409293129015,True
41,5,21,0.0,0.0,2.5,wave,3977,0,0,0.14307266784008046,True
41,5,22,0.0,0.0,2.5,wave,3913,0,0,0.14592384359826222,True
41,5,23,0.0,0.0,2.5,wave,3816,0,0,0.14806079664570232,True
41,5,24,0.0,0.0,2.5,wave,3722,0,0,0.1507254164427727,True
41,5,25,0.0,0.0,2.5,wave,3638,0,0,0.15393073117097306,True
41,5,26,0.0,0.0,2.5,wave,3550,0,0,0.15774647887323945,True
41,5,27,0.0,0.0,2.5,wave,3474,0,0,0.1614853195164076,True
41,5,28,0.0,0.0,2.5,wave,3420,0,0,0.16432748538011696,True
41,5,29,0.0,0.0,2.5,wave,3360,0,0,0.16815476190476192,True
41,5,30,0.0,0.0,2.5,wave,3304,0,0,0.17100484261501211,True
41,5,31,0.0,0.0,2.5,wave,3213,0,0,0.17366946778711484,True
41,5,32,0.0,0.0,2.5,wave,3123,0,0,0.17899455651617036,True
41,5,33,0.0,0.0,2.5,wave,3085,0,0,0.18055105348460293,True
41,5,34,0.0,0.0,2.5,wave,3022,0,0,0.1843150231634679,True
41,5,35,0.0,0.0,2.5,wave,2958,0,0,0.18728870858688304,True
41,5,36,0.0,0.0,2.5,wave,2897,0,0,0.1898515705902658,True
41,5,37,0.0,0.0,2.5,wave,2849,0,0,0.19305019305019305,True
41,5,38,0.0,0.0,2.5,wave,2808,0,0,0.1955128205128205,True
41,5,39,0.0,0.0,2.5,wave,2761,0,0,0.1966678739587106,True
41,5,40,0.0,0.0,2.5,wave,2721,0,0,0.1988239617787578,True
41,5,41,0.0,0.0,2.5,wave,2690,0,0,0.20074349442379183,True
41,5,42,0.0,0.0,2.5,wave,2658,0,0,0.2039127163280662,True
41,5,43,0.0,0.0,2.5,wave,3170,0,0,0.27602523659305994,True
41,5,44,0.0,0.0,2.5,wave,2924,0,0,0.24897400820793433,True
41,5,45,0.0,0.0,2.5,wave,2776,0,0,0.2420749279538905,True
41,5,46,0.0,0.0,2.5,wave,2691,0,0,0.23931623931623933,True
41,5,47,0.0,0.0,2.5,wave,2639,0,0,0.24213717317165592,True
41,5,48,0.0,0.0,2.5,wave,2614,0,0,0.24521805661820964,True
41,5,49,0.0,0.0,2.5,wave,2589,0,0,0.24913093858632676,True
41,5,50,0.0,0.0,2.5,wave,2569,0,0,0.253016738030362,True
41,5,51,0.0,0.0,2.5,wave,2547,0,0,0.25323910482921086,True
41,5,52,0.0,0.0,2.5,wave,2538,0,0,0.2616233254531127,True
41,6,1,0.0,0.0,2.5,wave,2503,0,0,0.2632840591290451,True
41,6,2,0.0,0.0,2.5,wave,2479,0,0,0.2654296087131908,True
41,6,3,0.0,0.0,2.5,wave,2465,0,0,0.27058823529411763,True
41,6,4,0.0,0.0,2.5,wave,2412,0,0,0.26907131011608626,True
41,6,5,0.0,0.0,2.5,wave,2375,0,0,0.272,True
41,6,6,0.0,0.0,2.5,wave,2349,0,0,0.2771392081736909,True
41,6,7,0.0,0.0,2.5,wave,2323,0,0,0.27894963409384416,True
41,6,8,0.0,0.0,2.5,wave,2303,0,0,0.28137212331741207,True
41,6,9,0.0,0.0,2.5,wave,2279,0,0,0.2830188679245283,True
41,6,10,0.0,0.0,2.5,wave,2250,0,0,0.2848888888888889,True
41,6,11,0.0,0.0,2.5,wave,2224,0,0,0.2873201438848921,True
41,6,12,0.0,0.0,2.5,wave,2205,0,0,0.291609977324263,True
41,6,13,0.0,0.0,2.5,wave,2191,0,0,0.2939297124600639,True
41,6,14,0.0,0.0,2.5,wave,2163,0,0,0.29542302357836336,True
41,6,15,0.0,0.0,2.5,wave,2141,0,0,0.2984586641756189,True
41,6,16,0.0,0.0,2.5,wave,2125,0,0,0.30117647058823527,True
41,6,17,0.0,0.0,2.5,wave,2097,0,0,0.30376728659990465,True
41,6,18,0.0,0.0,2.5,wave,4509,0,0,0.14060767354180528,True
41,6,19,0.0,0.0,2.5,wave,4457,0,0,0.1420237828135517,True
41,6,20,0.0,0.0,2.5,wave,4362,0,0,0.14442916093535077,True
41,6,21,0.0,0.0,2.5,wave,4270,0,0,0.14660421545667449,True
41,6,22,0.0,0.0,2.5,wave,4191,0,0,0.15127654497733237,True
41,6,23,0.0,0.0,2.5,wave,4081,0,0,0.15461896593972066,True
41,6,24,0.0,0.0,2.5,wave,3995,0,0,0.15869837296620776,True
41,6,25,0.0,0.0,2.5,wave,3911,0,0,0.16133981079007925,True
41,6,26,0.0,0.0,2.5,wave,3825,0,0,0.16470588235294117,True
41,6,27,0.0,0.0,2.5,wave,3738,0,0,0.16934189406099517,True
41,6,28,0.0,0.0,2.5,wave,3663,0,0,0.17117117117117117,True
41,6,29,0.0,0.0,2.5,wave,3588,0,0,0.17447045707915274,True
41,6,30,0.0,0.0,2.5,wave,3514,0,0,0.17928286852589642,True
41,6,31,0.0,0.0,2.5,wave,3424,0,0,0.1816588785046729,True
41,6,32,0.0,0.0,2.5,wave,3343,0,0,0.18516302722105893,True
41,6,33,0.0,0.0,2.5,wave,3268,0,0,0.18849449204406366,True
41,6,34,0.0,0.0,2.5,wave,3197,0,0,0.1901782921488896,True
41,6,35,0.0,0.0,2.5,wave,3149,0,0,0.19307716735471578,True
41,6,36,0.0,0.0,2.5,wave,3072,0,0,0.19401041666666666,True
41,6,37,0.0,0.0,2.5,wave,3006,0,0,0.19760479041916168,True
41,6,38,0.0,0.0,2.5,wave,2958,0,0,0.19945909398242057,True
41,6,39,0.0,0.0,2.5,wave,2921,0,0,0.19958918178705923,True
41,6,40,0.0,0.0,2.5,wave,2888,0,0,0.20083102493074792,True
41,6,41,0.0,0.0,2.5,wave,2861,0,0,0.20272631946871722,True
41,6,42,0.0,0.0,2.5,wave,2831,0,0,0.20346167432002826,True
41,6,43,0.0,0.0,2.5,wave,3327,0,0,0.2780282536819958,True
41,6,44,0.0,0.0,2.5,wave,3041,0,0,0.2515619861887537,True
41,6,45,0.0,0.0,2.5,wave,2870,0,0,0.23170731707317074,True
41,6,46,0.0,0.0,2.5,wave,2787,0,0,0.2253318980983136,True
41,6,47,0.0,0.0,2.5,wave,2759,0,0,0.22906850308082638,True
41,6,48,0.0,0.0,2.5,wave,2726,0,0,0.2292736610418195,True
41,6,49,0.0,0.0,2.5,wave,2680,0,0,0.23134328358208955,True
41,6,50,0.0,0.0,2.5,wave,2653,0,0,0.235205427817565,True
41,6,51,0.0,0.0,2.5,wave,2635,0,0,0.2413662239089184,True
41,6,52,0.0,0.0,2.5,wave,2618,0,0,0.24675324675324675,True
41,7,1,0.0,0.0,2.5,wave,2590,0,0,0.2478764478764479,True
41,7,2,0.0,0.0,2.5,wave,2578,0,0,0.25019394879751744,True
41,7,3,0.0,0.0,2.5,wave,2546,0,0,0.25216025137470544,True
41,7,4,0.0,0.0,2.5,wave,2515,0,0,0.2536779324055666,True
41,7,5,0.0,0.0,2.5,wave,2479,0,0,0.2569584509883017,True
41,7,6,0.0,0.0,2.5,wave,2446,0,0,0.25756336876533115,True
41,7,7,0.0,0.0,2.5,wave,2417,0,0,0.25941249482829953,True
41,7,8,0.0,0.0,2.5,wave,2393,0,0,0.260342666109486,True
41,7,9,0.0,0.0,2.5,wave,2356,0,0,0.2627334465195246,True
41,7,10,0.0,0.0,2.5,wave,2341,0,0,0.2674070909867578,True
41,7,11,0.0,0.0,2.5,wave,2306,0,0,0.2697311361665221,True
41,7,12,0.0,0.0,2.5,wave,2285,0,0,0.27308533916849015,True
41,7,13,0.0,0.0,2.5,wave,2262,0,0,0.2749778956675508,True
41,7,14,0.0,0.0,2.5,wave,2240,0,0,0.27633928571428573,True
41,7,15,0.0,0.0,2.5,wave,2217,0,0,0.2783040144339197,True
41,7,16,0.0,0.0,2.5,wave,2198,0,0,0.2802547770700637,True
41,7,17,0.0,0.0,2.5,wave,2180,0,0,0.28440366972477066,True
41,7,18,0.0,0.0,2.5,wave,4703,0,0,0.13289389751222624,True
41,7,19,0.0,0.0,2.5,wave,4623,0,0,0.1345446679645252,True
41,7,20,0.0,0.0,2.5,wave,4520,0,0,0.13827433628318583,True
41,7,21,0.0,0.0,2.5,wave,4416,0,0,0.14017210144927536,True
41,7,22,0.0,0.0,2.5,wave,4343,0,0,0.1427584618927009,True
41,7,23,0.0,0.0,2.5,wave,4237,0,0,0.14680198253481236,True
41,7,24,0.0,0.0,2.5,wave,4131,0,0,0.15056886952311788,True
41,7,25,0.0,0.0,2.5,wave,4047,0,0,0.15443538423523598,True
41,7,26,0.0,0.0,2.5,wave,3986,0,0,0.15730055193176115,True
41,7,27,0.0,0.0,2.5,wave,3944,0,0,0.16024340770791076,True
41,7,28,0.0,0.0,2.5,wave,3874,0,0,0.16288074341765618,True
41,7,29,0.0,0.0,2.5,wave,3806,0,0,0.16631634261692066,True
41,7,30,0.0,0.0,2.5,wave,3736,0,0,0.16970021413276232,True
41,7,31,0.0,0.0,2.5,wave,3663,0,0,0.17280917280917282,True
41,7,32,0.0,0.0,2.5,wave,3587,0,0,0.17591301923613048,True
41,7,33,0.0,0.0,2.5,wave,3513,0,0,0.17904924565898092,True
41,7,34,0.0,0.0,2.5,wave,3453,0,0,0.18245004344048654,True
41,7,35,0.0,0.0,2.5,wave,3381,0,0,0.18456078083407276,True
41,7,36,0.0,0.0,2.5,wave,3330,0,0,0.1870870870870871,True
41,7,37,0.0,0.0,2.5,wave,3246,0,0,0.1922365988909427,True
41,7,38,0.0,0.0,2.5,wave,3202,0,0,0.19456589631480325,True
41,7,39,0.0,0.0,2.5,wave,3171,0,0,0.19741406496373384,True
41,7,40,0.0,0.0,2.5,wave,3133,0,0,0.2020427705075008,True
41,7,41,0.0,0.0,2.5,wave,3101,0,0,0.20283779425991616,True
41,7,42,0.0,0.0,2.5,wave,3063,0,0,0.2069866144302971,True
41,7,43,0.0,0.0,2.5,wave,3559,0,0,0.2809778027535825,True
41,7,44,0.0,0.0,2.5,wave,3264,0,0,0.2493872549019608,True
41,7,45,0.0,0.0,2.5,wave,3076,0,0,0.23309492847854357,True
41,7,46,0.0,0.0,2.5,wave,3006,0,0,0.23186959414504324,True
41,7,47,0.0,0.0,2.5,wave,2951,0,0,0.23076923076923078,True
41,7,48,0.0,0.0,2.5,wave,2905,0,0,0.2306368330464716,True
41,7,49,0.0,0.0,2.5,wave,2884,0,0,0.23092926490984744,True
41,7,50,0.0,0.0,2.5,wave,2840,0,0,0.23697183098591548,True
41,7,51,0.0,0.0,2.5,wave,2799,0,0,0.23294033583422652,True
41,7,52,0.0,0.0,2.5,wave,2765,0,0,0.23399638336347198,True
41,8,1,0.0,0.0,2.5,wave,2719,0,0,0.23243839646929018,True
41,8,2,0.0,0.0,2.5,wave,2691,0,0,0.23485693050910442,True
41,8,3,0.0,0.0,2.5,wave,2652,0,0,0.2368024132730015,True
41,8,4,0.0,0.0,2.5,wave,2627,0,0,0.2367719832508565,True
41,8,5,0.0,0.0,2.5,wave,2589,0,0,0.23947470065662418,True
41,8,6,0.0,0.0,2.5,wave,2553,0,0,0.24481002741872307,True
41,8,7,0.0,0.0,2.5,wave,2528,0,0,0.24920886075949367,True
41,8,8,0.0,0.0,2.5,wave,2497,0,0,0.2539046856227473,True
41,8,9,0.0,0.0,2.5,wave,2470,0,0,0.2550607287449393,True
41,8,10,0.0,0.0,2.5,wave,2442,0,0,0.2588042588042588,True
41,8,11,0.0,0.0,2.5,wave,2429,0,0,0.2581309180732812,True
41,8,12,0.0,0.0,2.5,wave,2407,0,0,0.26049023680930616,True
41,8,13,0.0,0.0,2.5,wave,2384,0,0,0.2625838926174497,True
41,8,14,0.0,0.0,2.5,wave,2351,0,0,0.26584432156529136,True
41,8,15,0.0,0.0,2.5,wave,2330,0,0,0.2669527896995708,True
41,8,16,0.0,0.0,2.5,wave,2308,0,0,0.268630849220104,True
41,8,17,0.0,0.0,2.5,wave,2286,0,0,0.27384076990376205,True
41,8,18,0.0,0.0,2.5,wave,4921,0,0,0.12802275960170698,True
41,8,19,0.0,0.0,2.5,wave,4839,0,0,0.13101880553833437,True
41,8,20,0.0,0.0,2.5,wave,4748,0,0,0.13416175231676494,True
41,8,21,0.0,0.0,2.5,wave,4622,0,0,0.13760276936391172,True
41,8,22,0.0,0.0,2.5,wave,4527,0,0,0.14159487519328473,True
41,8,23,0.0,0.0,2.5,wave,4436,0,0,0.1444995491433724,True
41,8,24,0.0,0.0,2.5,wave,4357,0,0,0.14757860913472573,True
41,8,25,0.0,0.0,2.5,wave,4276,0,0,0.1510757717492984,True
41,8,26,0.0,0.0,2.5,wave,4178,0,0,0.1553374820488272,True
41,8,27,0.0,0.0,2.5,wave,4115,0,0,0.1577156743620899,True
41,8,28,0.0,0.0,2.5,wave,4024,0,0,0.16202783300198806,True
41,8,29,0.0,0.0,2.5,wave,3970,0,0,0.16397984886649875,True
41,8,30,0.0,0.0,2.5,wave,3912,0,0,0.16794478527607362,True
41,8,31,0.0,0.0,2.5,wave,3857,0,0,0.1711174487943998,True
41,8,32,0.0,0.0,2.5,wave,3807,0,0,0.17336485421591805,True
41,8,33,0.0,0.0,2.5,wave,3722,0,0,0.17624932831810855,True
41,8,34,0.0,0.0,2.5,wave,3670,0,0,0.1784741144414169,True
41,8,35,0.0,0.0,2.5,wave,3601,0,0,0.1830047209108581,True
41,8,36,0.0,0.0,2.5,wave,3536,0,0,0.18495475113122173,True
41,8,37,0.0,0.0,2.5,wave,3469,0,0,0.18823868550014414,True
41,8,38,0.0,0.0,2.5,wave,3427,0,0,0.19200466880653633,True
41,8,39,0.0,0.0,2.5,wave,3385,0,0,0.1946824224519941,True
41,8,40,0.0,0.0,2.5,wave,3344,0,0,0.19617224880382775,True
41,8,41,0.0,0.0,2.5,wave,3306,0,0,0.19751966122202058,True
41,8,42,0.0,0.0,2.5,wave,3269,0,0,0.200672988681554,True
41,8,43,0.0,0.0,2.5,wave,3919,0,0,0.28349068639959174,True
41,8,44,0.0,0.0,2.5,wave,3594,0,0,0.25069560378408456,True
41,8,45,0.0,0.0,2.5,wave,3417,0,0,0.23646473514779046,True
41,8,46,0.0,0.0,2.5,wave,3329,0,0,0.23400420546710723,True
41,8,47,0.0,0.0,2.5,wave,3280,0,0,0.23536585365853657,True
41,8,48,0.0,0.0,2.5,wave,3248,0,0,0.23830049261083744,True
41,8,49,0.0,0.0,2.5,wave,3224,0,0,0.2413151364764268,True
41,8,50,0.0,0.0,2.5,wave,3176,0,0,0.24275818639798488,True
41,8,51,0.0,0.0,2.5,wave,3126,0,0,0.24216250799744082,True
41,8,52,0.0,0.0,2.5,wave,3075,0,0,0.24260162601626017,True
41,9,1,0.0,0.0,2.5,wave,3016,0,0,0.24701591511936338,True
41,9,2,0.0,0.0,2.5,wave,2982,0,0,0.2518443997317237,True
41,9,3,0.0,0.0,2.5,wave,2940,0,0,0.2534013605442177,True
41,9,4,0.0,0.0,2.5,wave,2916,0,0,0.25377229080932784,True
41,9,5,0.0,0.0,2.5,wave,2884,0,0,0.25589459084604715,True
41,9,6,0.0,0.0,2.5,wave,2847,0,0,0.2567615033368458,True
41,9,7,0.0,0.0,2.5,wave,2802,0,0,0.25767309064953603,True
41,9,8,0.0,0.0,2.5,wave,2773,0,0,0.2610890732059142,True
41,9,9,0.0,0.0,2.5,wave,2747,0,0,0.26356024754277396,True
41,9,10,0.0,0.0,2.5,wave,2715,0,0,0.26482504604051565,True
41,9,11,0.0,0.0,2.5,wave,2690,0,0,0.2650557620817844,True
41,9,12,0.0,0.0,2.5,wave,2666,0,0,0.2659414853713428,True
41,9,13,0.0,0.0,2.5,wave,2639,0,0,0.2694202349374763,True
41,9,14,0.0,0.0,2.5,wave,2605,0,0,0.2710172744721689,True
41,9,15,0.0,0.0,2.5,wave,2589,0,0,0.2738509076863654,True
41,9,16,0.0,0.0,2.5,wave,2550,0,0,0.276078431372549,True
41,9,17,0.0,0.0,2.5,wave,2524,0,0,0.27892234548335976,True
41,9,18,0.0,0.0,2.5,wave,5226,0,0,0.12571756601607348,True
41,9,19,0.0,0.0,2.5,wave,5152,0,0,0.12907608695652173,True
41,9,20,0.0,0.0,2.5,wave,5077,0,0,0.13098286389600158,True
41,9,21,0.0,0.0,2.5,wave,5003,0,0,0.13451928842694383,True
41,9,22,0.0,0.0,2.5,wave,4945,0,0,0.13751263902932254,True
41,9,23,0.0,0.0,2.5,wave,4849,0,0,0.1402351000206228,True
41,9,24,0.0,0.0,2.5,wave,4734,0,0,0.14237431347697507,True
41,9,25,0.0,0.0,2.5,wave,4628,0,0,0.1456352636127917,True
41,9,26,0.0,0.0,2.5,wave,4533,0,0,0.14802559011692037,True
41,9,27,0.0,0.0,2.5,wave,4452,0,0,0.15049415992812218,True
41,9,28,0.0,0.0,2.5,wave,4359,0,0,0.15278733654507914,True
41,9,29,0.0,0.0,2.5,wave,4278,0,0,0.15591397849462366,True
41,9,30,0.0,0.0,2.5,wave,4170,0,0,0.16091127098321342,True
41,9,31,0.0,0.0,2.5,wave,4065,0,0,0.16383763837638377,True
41,9,32,0.0,0.0,2.5,wave,3962,0,0,0.16708732963149925,True
41,9,33,0.0,0.0,2.5,wave,3892,0,0,0.171120246659815,True
41,9,34,0.0,0.0,2.5,wave,3836,0,0,0.17440041710114704,True
41,9,35,0.0,0.0,2.5,wave,3776,0,0,0.17823093220338984,True
41,9,36,0.0,0.0,2.5,wave,3707,0,0,0.1796601025087672,True
41,9,37,0.0,0.0,2.5,wave,3617,0,0,0.18219518938346696,True
41,9,38,0.0,0.0,2.5,wave,3574,0,0,0.18354784555120313,True
41,9,39,0.0,0.0,2.5,wave,3527,0,0,0.18457612702013043,True
41,9,40,0.0,0.0,2.5,wave,3494,0,0,0.1866056096164854,True
41,9,41,0.0,0.0,2.5,wave,3447,0,0,0.1900203075137801,True
41,9,42,0.0,0.0,2.5,wave,3401,0,0,0.19229638341664215,True
41,9,43,0.0,0.0,2.5,wave,4058,0,0,0.26367668802365696,True
41,9,44,0.0,0.0,2.5,wave,3741,0,0,0.23924084469393211,True
41,9,45,0.0,0.0,2.5,wave,3555,0,0,0.22925457102672292,True
41,9,46,0.0,0.0,2.5,wave,3460,0,0,0.22890173410404624,True
41,9,47,0.0,0.0,2.5,wave,3391,0,0,0.22943084635800648,True
41,9,48,0.0,0.0,2.5,wave,3351,0,0,0.2276932259027156,True
41,9,49,0.0,0.0,2.5,wave,3304,0,0,0.22851089588377724,True
41,9,50,0.0,0.0,2.5,wave,3238,0,0,0.2266831377393453,True
41,9,51,0.0,0.0,2.5,wave,3190,0,0,0.2304075235109718,True
41,9,52,0.0,0.0,2.5,wave,3148,0,0,0.2331639135959339,True
41,10,1,0.0,0.0,2.5,wave,3119,0,0,0.2382173773645399,True
41,10,2,0.0,0.0,2.5,wave,3076,0,0,0.238296488946684,True
41,10,3,0.0,0.0,2.5,wave,3036,0,0,0.24209486166007904,True
41,10,4,0.0,0.0,2.5,wave,3007,0,0,0.24376454938476888,True
41,10,5,0.0,0.0,2.5,wave,2965,0,0,0.24620573355817876,True
41,10,6,0.0,0.0,2.5,wave,2907,0,0,0.24836601307189543,True
41,10,7,0.0,0.0,2.5,wave,2867,0,0,0.24869201255667944,True
41,10,8,0.0,0.0,2.5,wave,2832,0,0,0.2524717514124294,True
41,10,9,0.0,0.0,2.5,wave,2775,0,0,0.2544144144144144,True
41,10,10,0.0,0.0,2.5,wave,2734,0,0,0.25786393562545723,True
41,10,11,0.0,0.0,2.5,wave,2718,0,0,0.2571743929359823,True
41,10,12,0.0,0.0,2.5,wave,2678,0,0,0.2598954443614638,True
41,10,13,0.0,0.0,2.5,wave,2651,0,0,0.25990192380233873,True
41,10,14,0.0,0.0,2.5,wave,2621,0,0,0.2613506295307135,True
41,10,15,0.0,0.0,2.5,wave,2593,0,0,0.26340146548399535,True
41,10,16,0.0,0.0,2.5,wave,2562,0,0,0.2646370023419204,True
41,10,17,0.0,0.0,2.5,wave,2549,0,0,0.2659866614358572,True
41,10,18,0.0,0.0,2.5,wave,5372,0,0,0.12174236783320923,True
41,10,19,0.0,0.0,2.5,wave,5316,0,0,0.12603461249059444,True
41,10,20,0.0,0.0,2.5,wave,5225,0,0,0.12899521531100477,True
41,10,21,0.0,0.0,2.5,wave,5112,0,0,0.1298904538341158,True
41,10,22,0.0,0.0,2.5,wave,5003,0,0,0.13252048770737557,True
41,10,23,0.0,0.0,2.5,wave,4929,0,0,0.13532156624061675,True
41,10,24,0.0,0.0,2.5,wave,4828,0,0,0.13732394366197184,True
41,10,25,0.0,0.0,2.5,wave,4707,0,0,0.14042914807733164,True
41,10,26,0.0,0.0,2.5,wave,4634,0,0,0.14328873543375054,True
41,10,27,0.0,0.0,2.5,wave,4561,0,0,0.14733611050208287,True
41,10,28,0.0,0.0,2.5,wave,4483,0,0,0.15056881552531787,True
41,10,29,0.0,0.0,2.5,wave,4411,0,0,0.1527998186352301,True
41,10,30,0.0,0.0,2.5,wave,4345,0,0,0.15350978135788262,True
41,10,31,0.0,0.0,2.5,wave,4237,0,0,0.15789473684210525,True
41,10,32,0.0,0.0,2.5,wave,4152,0,0,0.1630539499036609,True
41,10,33,0.0,0.0,2.5,wave,4081,0,0,0.16515559911786326,True
41,10,34,0.0,0.0,2.5,wave,4028,0,0,0.16807348560079444,True
41,10,35,0.0,0.0,2.5,wave,3972,0,0,0.1714501510574018,True
41,10,36,0.0,0.0,2.5,wave,3911,0,0,0.17386857581181284,True
41,10,37,0.0,0.0,2.5,wave,3813,0,0,0.17755048518227118,True
41,10,38,0.0,0.0,2.5,wave,3759,0,0,0.18143123171056133,True
41,10,39,0.0,0.0,2.5,wave,3714,0,0,0.1836295099623048,True
41,10,40,0.0,0.0,2.5,wave,3658,0,0,0.1864406779661017,True
41,10,41,0.0,0.0,2.5,wave,3613,0,0,0.19042347079988928,True
41,10,42,0.0,0.0,2.5,wave,3572,0,0,0.19400895856662934,True
41,10,43,0.0,0.0,2.5,wave,4302,0,0,0.2780102278010228,True
41,10,44,0.0,0.0,2.5,wave,3935,0,0,0.248284625158831,True
41,10,45,0.0,0.0,2.5,wave,3738,0,0,0.23354735152487963,True
41,10,46,0.0,0.0,2.5,wave,3643,0,0,0.23140269009058467,True
41,10,47,0.0,0.0,2.5,wave,3574,0,0,0.2305540011191942,True
41,10,48,0.0,0.0,2.5,wave,3528,0,0,0.23270975056689341,True
41,10,49,0.0,0.0,2.5,wave,3479,0,0,0.2328255245760276,True
41,10,50,0.0,0.0,2.5,wave,3419,0,0,0.23106171395144778,True
41,10,51,0.0,0.0,2.5,wave,3373,0,0,0.2339163949006819,True
41,10,52,0.0,0.0,2.5,wave,3336,0,0,0.23501199040767387,True
41,11,1,0.0,0.0,2.5,wave,3272,0,0,0.23502444987775062,True
41,11,2,0.0,0.0,2.5,wave,3221,0,0,0.23781434337162372,True
41,11,3,0.0,0.0,2.5,wave,3158,0,0,0.24255858138062064,True
41,11,4,0.0,0.0,2.5,wave,3122,0,0,0.24631646380525304,True
41,11,5,0.0,0.0,2.5,wave,3072,0,0,0.2470703125,True
41,11,6,0.0,0.0,2.5,wave,3023,0,0,0.2517366854118425,True
41,11,7,0.0,0.0,2.5,wave,2994,0,0,0.2531730126920508,True
41,11,8,0.0,0.0,2.5,wave,2956,0,0,0.2560893098782138,True
41,11,9,0.0,0.0,2.5,wave,2919,0,0,0.25727989037341553,True
41,11,10,0.0,0.0,2.5,wave,2884,0,0,0.2604022191400832,True
41,11,11,0.0,0.0,2.5,wave,2845,0,0,0.26080843585237257,True
41,11,12,0.0,0.0,2.5,wave,2809,0,0,0.2627269490922036,True
41,11,13,0.0,0.0,2.5,wave,2780,0,0,0.2651079136690647,True
41,11,14,0.0,0.0,2.5,wave,2751,0,0,0.26862958924027625,True
41,11,15,0.0,0.0,2.5,wave,2709,0,0,0.2698412698412698,True
41,11,16,0.0,0.0,2.5,wave,2675,0,0,0.268411214953271,True
41,11,17,0.0,0.0,2.5,wave,2646,0,0,0.2717309145880574,True
41,11,18,0.0,0.0,2.5,wave,5617,0,0,0.12319743635392558,True
41,11,19,0.0,0.0,2.5,wave,5522,0,0,0.1254980079681275,True
41,11,20,0.0,0.0,2.5,wave,5409,0,0,0.12885930855980773,True
41,11,21,0.0,0.0,2.5,wave,5319,0,0,0.1308516638465877,True
41,11,22,0.0,0.0,2.5,wave,5208,0,0,0.13536866359447006,True
41,11,23,0.0,0.0,2.5,wave,5131,0,0,0.1385694796335997,True
41,11,24,0.0,0.0,2.5,wave,5029,0,0,0.1405846092662557,True
41,11,25,0.0,0.0,2.5,wave,4936,0,0,0.1426256077795786,True
41,11,26,0.0,0.0,2.5,wave,4853,0,0,0.14527096641252835,True
41,11,27,0.0,0.0,2.5,wave,4767,0,0,0.1460037759597231,True
41,11,28,0.0,0.0,2.5,wave,4696,0,0,0.14885008517887563,True
41,11,29,0.0,0.0,2.5,wave,4612,0,0,0.15221162185602774,True
41,11,30,0.0,0.0,2.5,wave,4521,0,0,0.15505419155054193,True
41,11,31,0.0,0.0,2.5,wave,4443,0,0,0.15710105784379924,True
41,11,32,0.0,0.0,2.5,wave,4364,0,0,0.15971585701191568,True
41,11,33,0.0,0.0,2.5,wave,4295,0,0,0.16251455180442376,True
41,11,34,0.0,0.0,2.5,wave,4234,0,0,0.1648559282002834,True
41,11,35,0.0,0.0,2.5,wave,4163,0,0,0.16814797021378813,True
41,11,36,0.0,0.0,2.5,wave,4086,0,0,0.1727851199216838,True
41,11,37,0.0,0.0,2.5,wave,4015,0,0,0.1763387297633873,True
41,11,38,0.0,0.0,2.5,wave,3967,0,0,0.17897655659188302,True
41,11,39,0.0,0.0,2.5,wave,3908,0,0,0.1809109518935517,True
41,11,40,0.0,0.0,2.5,wave,3842,0,0,0.18323789692868298,True
41,11,41,0.0,0.0,2.5,wave,3795,0,0,0.1862977602108037,True
41,11,42,0.0,0.0,2.5,wave,3756,0,0,0.18876464323748668,True
41,11,43,0.0,0.0,2.5,wave,4599,0,0,0.27984344422700586,True
41,11,44,0.0,0.0,2.5,wave,4229,0,0,0.24946795932844645,True
41,11,45,0.0,0.0,2.5,wave,3961,0,0,0.23529411764705882,True
41,11,46,0.0,0.0,2.5,wave,3843,0,0,0.2331511839708561,True
41,11,47,0.0,0.0,2.5,wave,3759,0,0,0.2341048151104017,True
41,11,48,0.0,0.0,2.5,wave,3710,0,0,0.2326145552560647,True
41,11,49,0.0,0.0,2.5,wave,3661,0,0,0.23272329964490576,True
41,11,50,0.0,0.0,2.5,wave,3622,0,0,0.23522915516289342,True
41,11,51,0.0,0.0,2.5,wave,3569,0,0,0.23732137853740543,True
41,11,52,0.0,0.0,2.5,wave,3528,0,0,0.24064625850340135,True
42,1,1,0.0,0.0,2.5,wave,2685,0,0,0.0011173184357541898,True
42,1,2,0.0,0.0,2.5,wave,2616,0,0,0.004204892966360856,True
42,1,3,0.0,0.0,2.5,wave,2542,0,0,0.0055074744295830055,True
42,1,4,0.0,0.0,2.5,wave,2499,0,0,0.007603041216486595,True
42,1,5,0.0,0.0,2.5,wave,2435,0,0,0.008213552361396304,True
42,1,6,0.0,0.0,2.5,wave,2384,0,0,0.008808724832214765,True
42,1,7,0.0,0.0,2.5,wave,2308,0,0,0.010831889081455806,True
42,1,8,0.0,0.0,2.5,wave,2239,0,0,0.01205895489057615,True
42,1,9,0.0,0.0,2.5,wave,2174,0,0,0.013339466421343146,True
42,1,10,0.0,0.0,2.5,wave,2121,0,0,0.01603017444601603,True
42,1,11,0.0,0.0,2.5,wave,2062,0,0,0.01842870999030068,True
42,1,12,0.0,0.0,2.5,wave,2015,0,0,0.02183622828784119,True
42,1,13,0.0,0.0,2.5,wave,1952,0,0,0.025102459016393443,True
42,1,14,0.0,0.0,2.5,wave,1924,0,0,0.028066528066528068,True
42,1,15,0.0,0.0,2.5,wave,1843,0,0,0.02984264785675529,True
42,1,16,0.0,0.0,2.5,wave,1807,0,0,0.03099059214167128,True
42,1,17,0.0,0.0,2.5,wave,1771,0,0,0.03274985883681536,True
42,1,18,0.0,0.0,2.5,wave,4993,0,0,0.012417384338073302,True
42,1,19,0.0,0.0,2.5,wave,4807,0,0,0.014354066985645933,True
42,1,20,0.0,0.0,2.5,wave,4687,0,0,0.01621506294004694,True
42,1,21,0.0,0.0,2.5,wave,4525,0,0,0.018342541436464087,True
42,1,22,0.0,0.0,2.5,wave,4371,0,0,0.020132692747654998,True
42,1,23,0.0,0.0,2.5,wave,4185,0,0,0.02198327359617682,True
42,1,24,0.0,0.0,2.5,wave,4034,0,0,0.02454139811601388,True
42,1,25,0.0,0.0,2.5,wave,3866,0,0,0.02586652871184687,True
42,1,26,0.0,0.0,2.5,wave,3805,0,0,0.02890932982917214,True
42,1,27,0.0,0.0,2.5,wave,3688,0,0,0.031182212581344904,True
42,1,28,0.0,0.0,2.5,wave,3574,0,0,0.03161723559037493,True
42,1,29,0.0,0.0,2.5,wave,3502,0,0,0.034551684751570534,True
42,1,30,0.0,0.0,2.5,wave,3373,0,0,0.038541357841683964,True
42,1,31,0.0,0.0,2.5,wave,3289,0,0,0.041653998175737304,True
42,1,32,0.0,0.0,2.5,wave,3184,0,0,0.0417713567839196,True
42,1,33,0.0,0.0,2.5,wave,3122,0,0,0.042921204356181936,True
42,1,34,0.0,0.0,2.5,wave,3064,0,0,0.044712793733681463,True
42,1,35,0.0,0.0,2.5,wave,2993,0,0,0.04878048780487805,True
42,1,36,0.0,0.0,2.5,wave,2930,0,0,0.051194539249146756,True
42,1,37,0.0,0.0,2.5,wave,2873,0,0,0.05429864253393665,True
42,1,38,0.0,0.0,2.5,wave,2828,0,0,0.056577086280056574,True
42,1,39,0.0,0.0,2.5,wave,2774,0,0,0.058399423215573176,True
42,1,40,0.0,0.0,2.5,wave,2736,0,0,0.06030701754385965,True
42,1,41,0.0,0.0,2.5,wave,2697,0,0,0.06266221727845754,True
42,1,42,0.0,0.0,2.5,wave,2664,0,0,0.06418918918918919,True
42,1,43,0.0,0.0,2.5,wave,3110,0,0,0.1360128617363344,True
42,1,44,0.0,0.0,2.5,wave,2923,0,0,0.11837153609305508,True
42,1,45,0.0,0.0,2.5,wave,2815,0,0,0.10657193605683836,True
42,1,46,0.0,0.0,2.5,wave,2750,0,0,0.10581818181818183,True
42,1,47,0.0,0.0,2.5,wave,2711,0,0,0.10770933234968647,True
42,1,48,0.0,0.0,2.5,wave,2693,0,0,0.10917192721871519,True
42,1,49,0.0,0.0,2.5,wave,2674,0,0,0.11144353029169783,True
42,1,50,0.0,0.0,2.5,wave,2637,0,0,0.11262798634812286,True
42,1,51,0.0,0.0,2.5,wave,2596,0,0,0.1147919876733436,True
42,1,52,0.0,0.0,2.5,wave,2565,0,0,0.11695906432748537,True
42,2,1,0.0,0.0,2.5,wave,2533,29,2,0.11843663639952626,False
42,2,2,0.0,0.0,2.5,wave,2506,29,8,0.12370311252992817,False
42,2,3,0.0,0.0,2.5,wave,2482,34,10,0.12610797743755037,False
42,2,4,0.0,0.0,2.5,wave,2442,30,15,0.1285831285831286,False
42,2,5,0.0,0.0,2.5,wave,2404,34,15,0.13311148086522462,False
42,2,6,0.0,0.0,2.5,wave,2360,24,9,0.13728813559322034,False
42,2,7,0.0,0.0,2.5,wave,2331,23,9,0.13942513942513943,False
42,2,8,0.0,0.0,2.5,wave,2283,23,7,0.1410424879544459,False
42,2,9,0.0,0.0,2.5,wave,2243,26,12,0.1440035666518056,False
42,2,10,0.0,0.0,2.5,wave,2213,35,11,0.1455038409399006,False
42,2,11,0.0,0.0,2.5,wave,2183,27,9,0.1484196060467247,False
42,2,12,0.0,0.0,2.5,wave,2154,39,15,0.15088207985143917,False
42,2,13,0.0,0.0,2.5,wave,2124,44,14,0.15207156308851225,False
42,2,14,0.0,0.0,2.5,wave,2079,42,14,0.15584415584415584,False
42,2,15,0.0,0.0,2.5,wave,2050,39,10,0.1575609756097561,False
42,2,16,0.0,0.0,2.5,wave,2026,36,12,0.15844027640671274,False
42,2,17,0.0,0.0,2.5,wave,1994,44,17,0.15997993981945838,False
42,2,18,0.0,0.0,2.5,wave,3875,39,17,0.08258064516129032,False
42,2,19,0.0,0.0,2.5,wave,3791,47,17,0.08599314165127935,False
42,2,20,0.0,0.0,2.5,wave,3707,50,11,0.08875101159967629,False
42,2,21,0.0,0.0,2.5,wave,3631,54,16,0.0911594602038006,False
42,2,22,0.0,0.0,2.5,wave,3530,72,24,0.09348441926345609,False
42,2,23,0.0,0.0,2.5,wave,3425,72,23,0.09751824817518248,False
42,2,24,0.0,0.0,2.5,wave,3334,67,26,0.10077984403119376,False
42,2,25,0.0,0.0,2.5,wave,3243,70,28,0.09959913660191182,False
42,2,26,0.0,0.0,2.5,wave,3138,63,24,0.1035691523263225,False
42,2,27,0.0,0.0,2.5,wave,3057,60,17,0.10762185148838731,False
42,2,28,0.0,0.0,2.5,wave,2985,50,19,0.10921273031825796,False
42,2,29,0.0,0.0,2.5,wave,2922,52,22,0.11225188227241616,False
42,2,30,0.0,0.0,2.5,wave,2830,48,17,0.11625441696113074,False
42,2,31,0.0,0.0,2.5,wave,2768,45,21,0.11777456647398844,False
42,2,32,0.0,0.0,2.5,wave,2683,45,21,0.12150577711516959,False
42,2,33,0.0,0.0,2.5,wave,2620,34,10,0.12442748091603054,False
42,2,34,0.0,0.0,2.5,wave,2547,30,12,0.12563800549666274,False
42,2,35,0.0,0.0,2.5,wave,2501,33,13,0.12754898040783685,False
42,2,36,0.0,0.0,2.5,wave,2432,25,13,0.1299342105263158,False
42,2,37,0.0,0.0,2.5,wave,2389,23,13,0.1335286730849728,False
42,2,38,0.0,0.0,2.5,wave,2343,16,9,0.13785744771660263,False
42,2,39,0.0,0.0,2.5,wave,2309,15,11,0.14032048505846687,False
42,2,40,0.0,0.0,2.5,wave,2275,15,6,0.14417582417582417,False
42,2,41,0.0,0.0,2.5,wave,2246,9,3,0.14737310774710596,False
42,2,42,0.0,0.0,2.5,wave,2222,14,4,0.14986498649864988,False
42,2,43,0.0,0.0,2.5,wave,2577,22,8,0.22778424524641055,False
42,2,44,0.0,0.0,2.5,wave,2375,16,7,0.19410526315789473,False
42,2,45,0.0,0.0,2.5,wave,2322,13,6,0.19078380706287684,False
42,2,46,0.0,0.0,2.5,wave,2274,13,5,0.1864555848724714,False
42,2,47,0.0,0.0,2.5,wave,2252,10,5,0.1869449378330373,False
42,2,48,0.0,0.0,2.5,wave,2236,9,4,0.18962432915921287,False
42,2,49,0.0,0.0,2.5,wave,2212,6,3,0.1930379746835443,False
42,2,50,0.0,0.0,2.5,wave,2194,5,3,0.1927985414767548,False
42,2,51,0.0,0.0,2.5,wave,2182,4,1,0.19477543538038497,False
42,2,52,0.0,0.0,2.5,wave,2160,3,1,0.20046296296296295,False
42,3,1,0.0,0.0,2.5,wave,2137,4,3,0.2026204960224614,False
42,3,2,0.0,0.0,2.5,wave,2106,5,2,0.2060778727445394,False
42,3,3,0.0,0.0,2.5,wave,2064,3,0,0.20736434108527133,False
42,3,4,0.0,0.0,2.5,wave,2039,3,0,0.20941638057871506,False
42,3,5,0.0,0.0,2.5,wave,2020,3,1,0.2094059405940594,False
42,3,6,0.0,0.0,2.5,wave,2005,4,1,0.21546134663341646,False
42,3,7,0.0,0.0,2.5,wave,1974,3,1,0.21580547112462006,False
42,3,8,0.0,0.0,2.5,wave,1942,4,1,0.2188465499485067,False
42,3,9,0.0,0.0,2.5,wave,1918,3,0,0.22002085505735142,False
42,3,10,0.0,0.0,2.5,wave,1904,3,1,0.22268907563025211,False
42,3,11,0.0,0.0,2.5,wave,1877,3,3,0.2237613212573255,False
42,3,12,0.0,0.0,2.5,wave,1857,2,2,0.2250942380183091,False
42,3,13,0.0,0.0,2.5,wave,1835,0,0,0.22888283378746593,True
42,3,14,0.0,0.0,2.5,wave,1822,0,0,0.23161361141602635,True
42,3,15,0.0,0.0,2.5,wave,1799,0,0,0.23068371317398556,True
42,3,16,0.0,0.0,2.5,wave,1779,0,0,0.23327712197863967,True
42,3,17,0.0,0.0,2.5,wave,1758,0,0,0.2354948805460751,True
42,3,18,0.0,0.0,2.5,wave,3856,0,0,0.1078838174273859,True
42,3,19,0.0,0.0,2.5,wave,3768,0,0,0.1111995753715499,True
42,3,20,0.0,0.0,2.5,wave,3699,0,0,0.1151662611516626,True
42,3,21,0.0,0.0,2.5,wave,3621,0,0,0.11737089201877934,True
42,3,22,0.0,0.0,2.5,wave,3555,0,0,0.1209563994374121,True
42,3,23,0.0,0.0,2.5,wave,3470,0,0,0.12334293948126801,True
42,3,24,0.0,0.0,2.5,wave,3395,0,0,0.12547864506627393,True
42,3,25,0.0,0.0,2.5,wave,3298,0,0,0.12795633717404487,True
42,3,26,0.0,0.0,2.5,wave,3215,0,0,0.1312597200622084,True
42,3,27,0.0,0.0,2.5,wave,3122,0,0,0.13549007046764894,True
42,3,28,0.0,0.0,2.5,wave,3059,0,0,0.13991500490356326,True
42,3,29,0.0,0.0,2.5,wave,2981,0,0,0.14290506541429052,True
42,3,30,0.0,0.0,2.5,wave,2898,0,0,0.14216701173222912,True
42,3,31,0.0,0.0,2.5,wave,2815,0,0,0.14422735346358792,True
42,3,32,0.0,0.0,2.5,wave,2771,0,0,0.14579574160952724,True
42,3,33,0.0,0.0,2.5,wave,2700,0,0,0.14962962962962964,True
42,3,34,0.0,0.0,2.5,wave,2640,0,0,0.15113636363636362,True
42,3,35,0.0,0.0,2.5,wave,2576,0,0,0.1545031055900621,True
42,3,36,0.0,0.0,2.5,wave,2543,0,0,0.15650806134486828,True
42,3,37,0.0,0.0,2.5,wave,2482,0,0,0.15954875100725222,True
42,3,38,0.0,0.0,2.5,wave,2459,0,0,0.15941439609597396,True
42,3,39,0.0,0.0,2.5,wave,2433,0,0,0.1611179613645705,True
42,3,40,0.0,0.0,2.5,wave,2386,0,0,0.16135792120704107,True
42,3,41,0.0,0.0,2.5,wave,2358,0,0,0.16539440203562342,True
42,3,42,0.0,0.0,2.5,wave,2322,0,0,0.17011197243755383,True
42,3,43,0.0,0.0,2.5,wave,2710,0,0,0.23726937269372694,True
42,3,44,0.0,0.0,2.5,wave,2539,0,0,0.2126821583300512,True
42,3,45,0.0,0.0,2.5,wave,2450,0,0,0.20489795918367346,True
42,3,46,0.0,0.0,2.5,wave,2412,0,0,0.19444444444444445,True
42,3,47,0.0,0.0,2.5,wave,2401,0,0,0.19783423573511036,True
42,3,48,0.0,0.0,2.5,wave,2362,0,0,0.2011007620660457,True
42,3,49,0.0,0.0,2.5,wave,2358,0,0,0.20398642917726886,True
42,3,50,0.0,0.0,2.5,wave,2322,0,0,0.2054263565891473,True
42,3,51,0.0,0.0,2.5,wave,2303,0,0,0.20885801128962223,True
42,3,52,0.0,0.0,2.5,wave,2270,0,0,0.21145374449339208,True
42,4,1,0.0,0.0,2.5,wave,2243,0,0,0.2135532768613464,True
42,4,2,0.0,0.0,2.5,wave,2217,0,0,0.2169598556608029,True
42,4,3,0.0,0.0,2.5,wave,2181,0,0,0.21824850985786337,True
42,4,4,0.0,0.0,2.5,wave,2152,0,0,0.2184014869888476,True
42,4,5,0.0,0.0,2.5,wave,2123,0,0,0.2190296749882242,True
42,4,6,0.0,0.0,2.5,wave,2102,0,0,0.22407231208372977,True
42,4,7,0.0,0.0,2.5,wave,2079,0,0,0.22847522847522847,True
42,4,8,0.0,0.0,2.5,wave,2050,0,0,0.22975609756097562,True
42,4,9,0.0,0.0,2.5,wave,2040,0,0,0.23431372549019608,True
42,4,10,0.0,0.0,2.5,wave,2023,0,0,0.23628274839347504,True
42,4,11,0.0,0.0,2.5,wave,1993,0,0,0.23883592574009033,True
42,4,12,0.0,0.0,2.5,wave,1968,0,0,0.241869918699187,True
42,4,13,0.0,0.0,2.5,wave,1938,0,0,0.24664602683178535,True
42,4,14,0.0,0.0,2.5,wave,1901,0,0,0.2477643345607575,True
42,4,15,0.0,0.0,2.5,wave,1871,0,0,0.24746125066809194,True
42,4,16,0.0,0.0,2.5,wave,1848,0,0,0.2532467532467532,True
42,4,17,0.0,0.0,2.5,wave,1825,0,0,0.25424657534246575,True
42,4,18,0.0,0.0,2.5,wave,3872,0,0,0.12009297520661157,True
42,4,19,0.0,0.0,2.5,wave,3820,0,0,0.1243455497382199,True
42,4,20,0.0,0.0,2.5,wave,3746,0,0,0.12573411639081686,True
42,4,21,0.0,0.0,2.5,wave,3653,0,0,0.13139885026006023,True
42,4,22,0.0,0.0,2.5,wave,3579,0,0,0.13523330539256775,True
42,4,23,0.0,0.0,2.5,wave,3497,0,0,0.137546468401487,True
42,4,24,0.0,0.0,2.5,wave,3452,0,0,0.1384704519119351,True
42,4,25,0.0,0.0,2.5,wave,3371,0,0,0.1432809255413824,True
42,4,26,0.0,0.0,2.5,wave,3306,0,0,0.14640048396854205,True
42,4,27,0.0,0.0,2.5,wave,3236,0,0,0.15049443757725586,True
42,4,28,0.0,0.0,2.5,wave,3188,0,0,0.15432873274780426,True
42,4,29,0.0,0.0,2.5,wave,3097,0,0,0.15757184371972877,True
42,4,30,0.0,0.0,2.5,wave,3005,0,0,0.1610648918469218,True
42,4,31,0.0,0.0,2.5,wave,2946,0,0,0.16327223353699932,True
42,4,32,0.0,0.0,2.5,wave,2902,0,0,0.16505858028945555,True
42,4,33,0.0,0.0,2.5,wave,2854,0,0,0.16783461807988787,True
42,4,34,0.0,0.0,2.5,wave,2774,0,0,0.16762797404470078,True
42,4,35,0.0,0.0,2.5,wave,2714,0,0,0.16912306558585113,True
42,4,36,0.0,0.0,2.5,wave,2679,0,0,0.1709593131765584,True
42,4,37,0.0,0.0,2.5,wave,2598,0,0,0.17321016166281755,True
42,4,38,0.0,0.0,2.5,wave,2565,0,0,0.17621832358674464,True
42,4,39,0.0,0.0,2.5,wave,2511,0,0,0.17841497411389884,True
42,4,40,0.0,0.0,2.5,wave,2463,0,0,0.17945594803085668,True
42,4,41,0.0,0.0,2.5,wave,2437,0,0,0.18219121871153057,True
42,4,42,0.0,0.0,2.5,wave,2408,0,0,0.1856312292358804,True
42,4,43,0.0,0.0,2.5,wave,2793,0,0,0.25921947726459005,True
42,4,44,0.0,0.0,2.5,wave,2604,0,0,0.23233486943164364,True
42,4,45,0.0,0.0,2.5,wave,2510,0,0,0.22191235059760955,True
42,4,46,0.0,0.0,2.5,wave,2449,0,0,0.2241731318905676,True
42,4,47,0.0,0.0,2.5,wave,2415,0,0,0.22318840579710145,True
42,4,48,0.0,0.0,2.5,wave,2375,0,0,0.22105263157894736,True
42,4,49,0.0,0.0,2.5,wave,2346,0,0,0.22634271099744246,True
42,4,50,0.0,0.0,2.5,wave,2316,0,0,0.22711571675302245,True
42,4,51,0.0,0.0,2.5,wave,2291,0,0,0.22610213880401572,True
42,4,52,0.0,0.0,2.5,wave,2273,0,0,0.23053233611966564,True
42,5,1,0.0,0.0,2.5,wave,2250,0,0,0.232,True
42,5,2,0.0,0.0,2.5,wave,2221,0,0,0.23412877082395317,True
42,5,3,0.0,0.0,2.5,wave,2195,0,0,0.2387243735763098,True
42,5,4,0.0,0.0,2.5,wave,2167,0,0,0.23765574526995847,True
42,5,5,0.0,0.0,2.5,wave,2146,0,0,0.23718546132339235,True
42,5,6,0.0,0.0,2.5,wave,2118,0,0,0.2384324834749764,True
42,5,7,0.0,0.0,2.5,wave,2092,0,0,0.24091778202676864,True
42,5,8,0.0,0.0,2.5,wave,2066,0,0,0.24346563407550822,True
42,5,9,0.0,0.0,2.5,wave,2048,0,0,0.24365234375,True
42,5,10,0.0,0.0,2.5,wave,2012,0,0,0.24602385685884692,True
42,5,11,0.0,0.0,2.5,wave,1989,0,0,0.25037707390648567,True
42,5,12,0.0,0.0,2.5,wave,1963,0,0,0.2536933265410087,True
42,5,13,0.0,0.0,2.5,wave,1946,0,0,0.25539568345323743,True
42,5,14,0.0,0.0,2.5,wave,1924,0,0,0.25675675675675674,True
42,5,15,0.0,0.0,2.5,wave,1903,0,0,0.2580136626379401,True
42,5,16,0.0,0.0,2.5,wave,1879,0,0,0.2613092070250133,True
42,5,17,0.0,0.0,2.5,wave,1863,0,0,0.2635534084809447,True
42,5,18,0.0,0.0,2.5,wave,3947,0,0,0.1251583481124905,True
42,5,19,0.0,0.0,2.5,wave,3874,0,0,0.12803304078471864,True
42,5,20,0.0,0.0,2.5,wave,3802,0,0,0.13098369279326671,True
42,5,21,0.0,0.0,2.5,wave,3748,0,0,0.13180362860192102,True
42,5,22,0.0,0.0,2.5,wave,3683,0,0,0.13603040999185448,True
42,5,23,0.0,0.0,2.5,wave,3603,0,0,0.13849569802941994,True
42,5,24,0.0,0.0,2.5,wave,3525,0,0,0.14326241134751774,True
42,5,25,0.0,0.0,2.5,wave,3426,0,0,0.14769410391126678,True
42,5,26,0.0,0.0,2.5,wave,3358,0,0,0.15038713519952351,True
42,5,27,0.0,0.0,2.5,wave,3258,0,0,0.1534683855125844,True
42,5,28,0.0,0.0,2.5,wave,3204,0,0,0.15543071161048688,True
42,5,29,0.0,0.0,2.5,wave,3123,0,0,0.15978226064681397,True
42,5,30,0.0,0.0,2.5,wave,3051,0,0,0.1635529334644379,True
42,5,31,0.0,0.0,2.5,wave,2981,0,0,0.16504528681650452,True
42,5,32,0.0,0.0,2.5,wave,2906,0,0,0.16689607708189952,True
42,5,33,0.0,0.0,2.5,wave,2832,0,0,0.1694915254237288,True
42,5,34,0.0,0.0,2.5,wave,2740,0,0,0.17153284671532848,True
42,5,35,0.0,0.0,2.5,wave,2693,0,0,0.1734125510582993,True
42,5,36,0.0,0.0,2.5,wave,2643,0,0,0.17669315172152858,True
42,5,37,0.0,0.0,2.5,wave,2585,0,0,0.17988394584139264,True
42,5,38,0.0,0.0,2.5,wave,2549,0,0,0.18163985876814437,True
42,5,39,0.0,0.0,2.5,wave,2524,0,0,0.18304278922345482,True
42,5,40,0.0,0.0,2.5,wave,2490,0,0,0.18514056224899597,True
42,5,41,0.0,0.0,2.5,wave,2449,0,0,0.1874234381380155,True
42,5,42,0.0,0.0,2.5,wave,2424,0,0,0.18976897689768976,True
42,5,43,0.0,0.0,2.5,wave,2876,0,0,0.2621696801112656,True
42,5,44,0.0,0.0,2.5,wave,2652,0,0,0.23717948717948717,True
42,5,45,0.0,0.0,2.5,wave,2542,0,0,0.22895357985837922,True
42,5,46,0.0,0.0,2.5,wave,2477,0,0,0.22567622123536535,True
42,5,47,0.0,0.0,2.5,wave,2443,0,0,0.22922636103151864,True
42,5,48,0.0,0.0,2.5,wave,2406,0,0,0.23067331670822944,True
42,5,49,0.0,0.0,2.5,wave,2372,0,0,0.22976391231028667,True
42,5,50,0.0,0.0,2.5,wave,2346,0,0,0.23358908780903667,True
42,5,51,0.0,0.0,2.5,wave,2310,0,0,0.23376623376623376,True
42,5,52,0.0,0.0,2.5,wave,2286,0,0,0.23490813648293962,True
42,6,1,0.0,0.0,2.5,wave,2271,0,0,0.23866138265081463,True
42,6,2,0.0,0.0,2.5,wave,2245,0,0,0.24053452115812918,True
42,6,3,0.0,0.0,2.5,wave,2205,0,0,0.24489795918367346,True
42,6,4,0.0,0.0,2.5,wave,2175,0,0,0.24735632183908046,True
42,6,5,0.0,0.0,2.5,wave,2148,0,0,0.24767225325884543,True
42,6,6,0.0,0.0,2.5,wave,2125,0,0,0.25129411764705883,True
42,6,7,0.0,0.0,2.5,wave,2106,0,0,0.25213675213675213,True
42,6,8,0.0,0.0,2.5,wave,2078,0,0,0.2564966313763234,True
42,6,9,0.0,0.0,2.5,wave,2053,0,0,0.2586458840720896,True
42,6,10,0.0,0.0,2.5,wave,2042,0,0,0.2595494613124388,True
42,6,11,0.0,0.0,2.5,wave,2018,0,0,0.2626362735381566,True
42,6,12,0.0,0.0,2.5,wave,1994,0,0,0.2637913741223671,True
42,6,13,0.0,0.0,2.5,wave,1972,0,0,0.2652129817444219,True
42,6,14,0.0,0.0,2.5,wave,1956,0,0,0.26482617586912066,True
42,6,15,0.0,0.0,2.5,wave,1927,0,0,0.26569797612869744,True
42,6,16,0.0,0.0,2.5,wave,1900,0,0,0.26842105263157895,True
42,6,17,0.0,0.0,2.5,wave,1885,0,0,0.2710875331564987,True
42,6,18,0.0,0.0,2.5,wave,3991,0,0,0.12853921322976697,True
42,6,19,0.0,0.0,2.5,wave,3933,0,0,0.1314518179506738,True
42,6,20,0.0,0.0,2.5,wave,3835,0,0,0.13455019556714473,True
42,6,21,0.0,0.0,2.5,wave,3755,0,0,0.13768308921438083,True
42,6,22,0.0,0.0,2.5,wave,3681,0,0,0.1426242868785656,True
42,6,23,0.0,0.0,2.5,wave,3588,0,0,0.14604236343366778,True
42,6,24,0.0,0.0,2.5,wave,3470,0,0,0.1489913544668588,True
42,6,25,0.0,0.0,2.5,wave,3370,0,0,0.15222551928783382,True
42,6,26,0.0,0.0,2.5,wave,3296,0,0,0.1553398058252427,True
42,6,27,0.0,0.0,2.5,wave,3220,0,0,0.15745341614906833,True
42,6,28,0.0,0.0,2.5,wave,3130,0,0,0.16389776357827476,True
42,6,29,0.0,0.0,2.5,wave,3079,0,0,0.1662877557648587,True
42,6,30,0.0,0.0,2.5,wave,3014,0,0,0.16854678168546783,True
42,6,31,0.0,0.0,2.5,wave,2951,0,0,0.1724839037614368,True
42,6,32,0.0,0.0,2.5,wave,2899,0,0,0.17419799931010693,True
42,6,33,0.0,0.0,2.5,wave,2824,0,0,0.1763456090651558,True
42,6,34,0.0,0.0,2.5,wave,2759,0,0,0.1797752808988764,True
42,6,35,0.0,0.0,2.5,wave,2701,0,0,0.18104405775638652,True
42,6,36,0.0,0.0,2.5,wave,2648,0,0,0.18353474320241692,True
42,6,37,0.0,0.0,2.5,wave,2607,0,0,0.1852704257767549,True
42,6,38,0.0,0.0,2.5,wave,2575,0,0,0.18679611650485436,True
42,6,39,0.0,0.0,2.5,wave,2543,0,0,0.18639402280770742,True
42,6,40,0.0,0.0,2.5,wave,2506,0,0,0.18834796488427774,True
42,6,41,0.0,0.0,2.5,wave,2476,0,0,0.19063004846526657,True
42,6,42,0.0,0.0,2.5,wave,2451,0,0,0.19543043655650755,True
42,6,43,0.0,0.0,2.5,wave,2921,0,0,0.26942827798699076,True
42,6,44,0.0,0.0,2.5,wave,2705,0,0,0.2432532347504621,True
42,6,45,0.0,0.0,2.5,wave,2587,0,0,0.23270197139543874,True
42,6,46,0.0,0.0,2.5,wave,2493,0,0,0.2250300842358604,True
42,6,47,0.0,0.0,2.5,wave,2442,0,0,0.22481572481572482,True
42,6,48,0.0,0.0,2.5,wave,2414,0,0,0.22700911350455674,True
42,6,49,0.0,0.0,2.5,wave,2385,0,0,0.22641509433962265,True
42,6,50,0.0,0.0,2.5,wave,2369,0,0,0.23005487547488393,True
42,6,51,0.0,0.0,2.5,wave,2347,0,0,0.23093310609288453,True
42,6,52,0.0,0.0,2.5,wave,2329,0,0,0.2314297981966509,True
42,7,1,0.0,0.0,2.5,wave,2301,0,0,0.23554976097348979,True
42,7,2,0.0,0.0,2.5,wave,2262,0,0,0.23253757736516356,True
42,7,3,0.0,0.0,2.5,wave,2245,0,0,0.2378619153674833,True
42,7,4,0.0,0.0,2.5,wave,2223,0,0,0.24021592442645073,True
42,7,5,0.0,0.0,2.5,wave,2193,0,0,0.24350205198358413,True
42,7,6,0.0,0.0,2.5,wave,2172,0,0,0.24447513812154695,True
42,7,7,0.0,0.0,2.5,wave,2146,0,0,0.24697110904007455,True
42,7,8,0.0,0.0,2.5,wave,2116,0,0,0.24621928166351606,True
42,7,9,0.0,0.0,2.5,wave,2080,0,0,0.25048076923076923,True
42,7,10,0.0,0.0,2.5,wave,2057,0,0,0.2547399124939232,True
42,7,11,0.0,0.0,2.5,wave,2040,0,0,0.2563725490196078,True
42,7,12,0.0,0.0,2.5,wave,2017,0,0,0.2592959841348537,True
42,7,13,0.0,0.0,2.5,wave,1986,0,0,0.2633434038267875,True
42,7,14,0.0,0.0,2.5,wave,1958,0,0,0.2665985699693565,True
42,7,15,0.0,0.0,2.5,wave,1923,0,0,0.26833073322932915,True
42,7,16,0.0,0.0,2.5,wave,1910,0,0,0.2712041884816754,True
42,7,17,0.0,0.0,2.5,wave,1892,0,0,0.27167019027484146,True
42,7,18,0.0,0.0,2.5,wave,3876,0,0,0.1346749226006192,True
42,7,19,0.0,0.0,2.5,wave,3822,0,0,0.1371009942438514,True
42,7,20,0.0,0.0,2.5,wave,3738,0,0,0.14018191546281433,True
42,7,21,0.0,0.0,2.5,wave,3675,0,0,0.14312925170068028,True
42,7,22,0.0,0.0,2.5,wave,3612,0,0,0.14673311184939092,True
42,7,23,0.0,0.0,2.5,wave,3551,0,0,0.14953534215713885,True
42,7,24,0.0,0.0,2.5,wave,3490,0,0,0.1530085959885387,True
42,7,25,0.0,0.0,2.5,wave,3419,0,0,0.15560105293945597,True
42,7,26,0.0,0.0,2.5,wave,3328,0,0,0.15925480769230768,True
42,7,27,0.0,0.0,2.5,wave,3244,0,0,0.16122071516646116,True
42,7,28,0.0,0.0,2.5,wave,3172,0,0,0.16582597730138715,True
42,7,29,0.0,0.0,2.5,wave,3133,0,0,0.16789020108522182,True
42,7,30,0.0,0.0,2.5,wave,3086,0,0,0.1710952689565781,True
42,7,31,0.0,0.0,2.5,wave,3043,0,0,0.17186986526454157,True
42,7,32,0.0,0.0,2.5,wave,2995,0,0,0.17462437395659433,True
42,7,33,0.0,0.0,2.5,wave,2934,0,0,0.17655078391274712,True
42,7,34,0.0,0.0,2.5,wave,2873,0,0,0.179951270449008,True
42,7,35,0.0,0.0,2.5,wave,2821,0,0,0.18433179723502305,True
42,7,36,0.0,0.0,2.5,wave,2776,0,0,0.18659942363112392,True
42,7,37,0.0,0.0,2.5,wave,2713,0,0,0.1901953556948028,True
42,7,38,0.0,0.0,2.5,wave,2672,0,0,0.19199101796407186,True
42,7,39,0.0,0.0,2.5,wave,2637,0,0,0.19643534319302236,True
42,7,40,0.0,0.0,2.5,wave,2599,0,0,0.1985378991919969,True
42,7,41,0.0,0.0,2.5,wave,2573,0,0,0.20015546055188496,True
42,7,42,0.0,0.0,2.5,wave,2546,0,0,0.20149253731343283,True
42,7,43,0.0,0.0,2.5,wave,3155,0,0,0.29350237717908084,True
42,7,44,0.0,0.0,2.5,wave,2891,0,0,0.2621930127983397,True
42,7,45,0.0,0.0,2.5,wave,2718,0,0,0.24503311258278146,True
42,7,46,0.0,0.0,2.5,wave,2647,0,0,0.23611635814129203,True
42,7,47,0.0,0.0,2.5,wave,2609,0,0,0.23572249904177847,True
42,7,48,0.0,0.0,2.5,wave,2546,0,0,0.23291437549096622,True
42,7,49,0.0,0.0,2.5,wave,2519,0,0,0.2350138944025407,True
42,7,50,0.0,0.0,2.5,wave,2503,0,0,0.23691570115860966,True
42,7,51,0.0,0.0,2.5,wave,2466,0,0,0.23925385239253852,True
42,7,52,0.0,0.0,2.5,wave,2431,0,0,0.23817359111476757,True
42,8,1,0.0,0.0,2.5,wave,2400,0,0,0.24041666666666667,True
42,8,2,0.0,0.0,2.5,wave,2374,0,0,0.2438921651221567,True
42,8,3,0.0,0.0,2.5,wave,2353,0,0,0.24606884827879302,True
42,8,4,0.0,0.0,2.5,wave,2333,0,0,0.24817831118731248,True
42,8,5,0.0,0.0,2.5,wave,2298,0,0,0.25108790252393387,True
42,8,6,0.0,0.0,2.5,wave,2273,0,0,0.25384953805543337,True
42,8,7,0.0,0.0,2.5,wave,2253,0,0,0.2569906790945406,True
42,8,8,0.0,0.0,2.5,wave,2227,0,0,0.2586439155814998,True
42,8,9,0.0,0.0,2.5,wave,2198,0,0,0.2588717015468608,True
42,8,10,0.0,0.0,2.5,wave,2164,0,0,0.26155268022181144,True
42,8,11,0.0,0.0,2.5,wave,2153,0,0,0.26381792847189967,True
42,8,12,0.0,0.0,2.5,wave,2132,0,0,0.26641651031894936,True
42,8,13,0.0,0.0,2.5,wave,2111,0,0,0.26764566556134534,True
42,8,14,0.0,0.0,2.5,wave,2083,0,0,0.26884301488238116,True
42,8,15,0.0,0.0,2.5,wave,2060,0,0,0.26990291262135924,True
42,8,16,0.0,0.0,2.5,wave,2040,0,0,0.271078431372549,True
42,8,17,0.0,0.0,2.5,wave,2013,0,0,0.27223050173869845,True
42,8,18,0.0,0.0,2.5,wave,4272,0,0,0.12991573033707865,True
42,8,19,0.0,0.0,2.5,wave,4213,0,0,0.13292190837882745,True
42,8,20,0.0,0.0,2.5,wave,4128,0,0,0.13662790697674418,True
42,8,21,0.0,0.0,2.5,wave,3995,0,0,0.13992490613266584,True
42,8,22,0.0,0.0,2.5,wave,3933,0,0,0.14263920671243327,True
42,8,23,0.0,0.0,2.5,wave,3875,0,0,0.14451612903225808,True
42,8,24,0.0,0.0,2.5,wave,3793,0,0,0.1479040337463749,True
42,8,25,0.0,0.0,2.5,wave,3700,0,0,0.1510810810810811,True
42,8,26,0.0,0.0,2.5,wave,3624,0,0,0.15424944812362032,True
42,8,27,0.0,0.0,2.5,wave,3573,0,0,0.15785054575986565,True
42,8,28,0.0,0.0,2.5,wave,3507,0,0,0.16082121471343028,True
42,8,29,0.0,0.0,2.5,wave,3438,0,0,0.16230366492146597,True
42,8,30,0.0,0.0,2.5,wave,3346,0,0,0.16317991631799164,True
42,8,31,0.0,0.0,2.5,wave,3255,0,0,0.16651305683563747,True
42,8,32,0.0,0.0,2.5,wave,3184,0,0,0.16739949748743718,True
42,8,33,0.0,0.0,2.5,wave,3123,0,0,0.17066922830611592,True
42,8,34,0.0,0.0,2.5,wave,3067,0,0,0.17313335507010108,True
42,8,35,0.0,0.0,2.5,wave,3012,0,0,0.17795484727755645,True
42,8,36,0.0,0.0,2.5,wave,2957,0,0,0.18058843422387555,True
42,8,37,0.0,0.0,2.5,wave,2896,0,0,0.18370165745856354,True
42,8,38,0.0,0.0,2.5,wave,2851,0,0,0.1890564714135391,True
42,8,39,0.0,0.0,2.5,wave,2814,0,0,0.1911869225302061,True
42,8,40,0.0,0.0,2.5,wave,2783,0,0,0.19403521379805966,True
42,8,41,0.0,0.0,2.5,wave,2748,0,0,0.19687045123726346,True
42,8,42,0.0,0.0,2.5,wave,2721,0,0,0.19808893789048143,True
42,8,43,0.0,0.0,2.5,wave,3381,0,0,0.2907423839100858,True
42,8,44,0.0,0.0,2.5,wave,3096,0,0,0.2571059431524548,True
42,8,45,0.0,0.0,2.5,wave,2928,0,0,0.24692622950819673,True
42,8,46,0.0,0.0,2.5,wave,2826,0,0,0.2413305024769993,True
42,8,47,0.0,0.0,2.5,wave,2747,0,0,0.2355296687295231,True
42,8,48,0.0,0.0,2.5,wave,2720,0,0,0.2386029411764706,True
42,8,49,0.0,0.0,2.5,wave,2697,0,0,0.23989618094178716,True
42,8,50,0.0,0.0,2.5,wave,2659,0,0,0.23956374576908612,True
42,8,51,0.0,0.0,2.5,wave,2639,0,0,0.24213717317165592,True
42,8,52,0.0,0.0,2.5,wave,2605,0,0,0.24452975047984646,True
42,9,1,0.0,0.0,2.5,wave,2571,0,0,0.24659665499805522,True
42,9,2,0.0,0.0,2.5,wave,2543,0,0,0.24970507274872197,True
42,9,3,0.0,0.0,2.5,wave,2519,0,0,0.2520841603811036,True
42,9,4,0.0,0.0,2.5,wave,2493,0,0,0.2527075812274368,True
42,9,5,0.0,0.0,2.5,wave,2466,0,0,0.2542579075425791,True
42,9,6,0.0,0.0,2.5,wave,2439,0,0,0.2570725707257073,True
42,9,7,0.0,0.0,2.5,wave,2419,0,0,0.25878462174452255,True
42,9,8,0.0,0.0,2.5,wave,2383,0,0,0.2614351657574486,True
42,9,9,0.0,0.0,2.5,wave,2355,0,0,0.2632696390658174,True
42,9,10,0.0,0.0,2.5,wave,2323,0,0,0.2668962548428756,True
42,9,11,0.0,0.0,2.5,wave,2291,0,0,0.2680052378873854,True
42,9,12,0.0,0.0,2.5,wave,2273,0,0,0.2688077430708315,True
42,9,13,0.0,0.0,2.5,wave,2241,0,0,0.27041499330655955,True
42,9,14,0.0,0.0,2.5,wave,2220,0,0,0.2725225225225225,True
42,9,15,0.0,0.0,2.5,wave,2200,0,0,0.2731818181818182,True
42,9,16,0.0,0.0,2.5,wave,2178,0,0,0.27548209366391185,True
42,9,17,0.0,0.0,2.5,wave,2149,0,0,0.2796649604467194,True
42,9,18,0.0,0.0,2.5,wave,4532,0,0,0.11915269196822595,True
42,9,19,0.0,0.0,2.5,wave,4477,0,0,0.12262675899039535,True
42,9,20,0.0,0.0,2.5,wave,4402,0,0,0.12562471603816447,True
42,9,21,0.0,0.0,2.5,wave,4321,0,0,0.12890534598472575,True
42,9,22,0.0,0.0,2.5,wave,4235,0,0,0.13105076741440377,True
42,9,23,0.0,0.0,2.5,wave,4157,0,0,0.13471253307673803,True
42,9,24,0.0,0.0,2.5,wave,4029,0,0,0.1365103003226607,True
42,9,25,0.0,0.0,2.5,wave,3950,0,0,0.14303797468354432,True
42,9,26,0.0,0.0,2.5,wave,3884,0,0,0.1459835221421215,True
42,9,27,0.0,0.0,2.5,wave,3819,0,0,0.15003927729772193,True
42,9,28,0.0,0.0,2.5,wave,3748,0,0,0.15154749199573106,True
42,9,29,0.0,0.0,2.5,wave,3640,0,0,0.15302197802197803,True
42,9,30,0.0,0.0,2.5,wave,3553,0,0,0.15761328454826906,True
42,9,31,0.0,0.0,2.5,wave,3470,0,0,0.16224783861671468,True
42,9,32,0.0,0.0,2.5,wave,3429,0,0,0.16506270049577138,True
42,9,33,0.0,0.0,2.5,wave,3366,0,0,0.16934046345811052,True
42,9,34,0.0,0.0,2.5,wave,3312,0,0,0.17179951690821257,True
42,9,35,0.0,0.0,2.5,wave,3248,0,0,0.1751847290640394,True
42,9,36,0.0,0.0,2.5,wave,3190,0,0,0.17774294670846394,True
42,9,37,0.0,0.0,2.5,wave,3111,0,0,0.18257794921247186,True
42,9,38,0.0,0.0,2.5,wave,3066,0,0,0.1842791911285062,True
42,9,39,0.0,0.0,2.5,wave,3021,0,0,0.18669314796425024,True
42,9,40,0.0,0.0,2.5,wave,2990,0,0,0.18729096989966554,True
42,9,41,0.0,0.0,2.5,wave,2963,0,0,0.1903476206547418,True
42,9,42,0.0,0.0,2.5,wave,2929,0,0,0.19289860020484806,True
42,9,43,0.0,0.0,2.5,wave,3586,0,0,0.27607361963190186,True
42,9,44,0.0,0.0,2.5,wave,3271,0,0,0.24518495872821766,True
42,9,45,0.0,0.0,2.5,wave,3088,0,0,0.23024611398963732,True
42,9,46,0.0,0.0,2.5,wave,2993,0,0,0.22418977614433677,True
42,9,47,0.0,0.0,2.5,wave,2933,0,0,0.22229798840777362,True
42,9,48,0.0,0.0,2.5,wave,2883,0,0,0.22095039889004509,True
42,9,49,0.0,0.0,2.5,wave,2838,0,0,0.22304439746300211,True
42,9,50,0.0,0.0,2.5,wave,2801,0,0,0.22277757943591575,True
42,9,51,0.0,0.0,2.5,wave,2762,0,0,0.22519913106444606,True
42,9,52,0.0,0.0,2.5,wave,2727,0,0,0.2258892555922259,True
42,10,1,0.0,0.0,2.5,wave,2709,0,0,0.2277593207825766,True
42,10,2,0.0,0.0,2.5,wave,2676,0,0,0.23094170403587444,True
42,10,3,0.0,0.0,2.5,wave,2651,0,0,0.23274236137306678,True
42,10,4,0.0,0.0,2.5,wave,2621,0,0,0.2338801983975582,True
42,10,5,0.0,0.0,2.5,wave,2585,0,0,0.23520309477756285,True
42,10,6,0.0,0.0,2.5,wave,2545,0,0,0.23654223968565816,True
42,10,7,0.0,0.0,2.5,wave,2511,0,0,0.23775388291517324,True
42,10,8,0.0,0.0,2.5,wave,2482,0,0,0.23932312651087834,True
42,10,9,0.0,0.0,2.5,wave,2448,0,0,0.2406045751633987,True
42,10,10,0.0,0.0,2.5,wave,2427,0,0,0.24062628759785742,True
42,10,11,0.0,0.0,2.5,wave,2405,0,0,0.2415800415800416,True
42,10,12,0.0,0.0,2.5,wave,2378,0,0,0.2430613961312027,True
42,10,13,0.0,0.0,2.5,wave,2354,0,0,0.24681393372982158,True
42,10,14,0.0,0.0,2.5,wave,2318,0,0,0.25021570319240727,True
42,10,15,0.0,0.0,2.5,wave,2296,0,0,0.24912891986062718,True
42,10,16,0.0,0.0,2.5,wave,2266,0,0,0.2528684907325684,True
42,10,17,0.0,0.0,2.5,wave,2247,0,0,0.25278148642634624,True
42,10,18,0.0,0.0,2.5,wave,4747,0,0,0.11207078154623973,True
42,10,19,0.0,0.0,2.5,wave,4670,0,0,0.11477516059957174,True
42,10,20,0.0,0.0,2.5,wave,4575,0,0,0.11672131147540983,True
42,10,21,0.0,0.0,2.5,wave,4475,0,0,0.11977653631284917,True
42,10,22,0.0,0.0,2.5,wave,4398,0,0,0.12232833105957254,True
42,10,23,0.0,0.0,2.5,wave,4293,0,0,0.12462147682273468,True
42,10,24,0.0,0.0,2.5,wave,4201,0,0,0.1283027850511783,True
42,10,25,0.0,0.0,2.5,wave,4133,0,0,0.13162351802564723,True
42,10,26,0.0,0.0,2.5,wave,4064,0,0,0.13508858267716536,True
42,10,27,0.0,0.0,2.5,wave,3975,0,0,0.13761006289308175,True
42,10,28,0.0,0.0,2.5,wave,3899,0,0,0.13952295460374456,True
42,10,29,0.0,0.0,2.5,wave,3825,0,0,0.14143790849673202,True
42,10,30,0.0,0.0,2.5,wave,3720,0,0,0.14408602150537633,True
42,10,31,0.0,0.0,2.5,wave,3637,0,0,0.14654935386307397,True
42,10,32,0.0,0.0,2.5,wave,3546,0,0,0.14861816130851663,True
42,10,33,0.0,0.0,2.5,wave,3459,0,0,0.1529343740965597,True
42,10,34,0.0,0.0,2.5,wave,3357,0,0,0.15609174858504618,True
42,10,35,0.0,0.0,2.5,wave,3277,0,0,0.15807140677448886,True
42,10,36,0.0,0.0,2.5,wave,3210,0,0,0.16105919003115265,True
42,10,37,0.0,0.0,2.5,wave,3168,0,0,0.16540404040404041,True
42,10,38,0.0,0.0,2.5,wave,3131,0,0,0.1679974449057809,True
42,10,39,0.0,0.0,2.5,wave,3096,0,0,0.17054263565891473,True
42,10,40,0.0,0.0,2.5,wave,3055,0,0,0.17054009819967267,True
42,10,41,0.0,0.0,2.5,wave,3016,0,0,0.17440318302387267,True
42,10,42,0.0,0.0,2.5,wave,2966,0,0,0.17666891436277815,True
42,10,43,0.0,0.0,2.5,wave,3799,0,0,0.2887602000526454,True
42,10,44,0.0,0.0,2.5,wave,3443,0,0,0.2535579436537903,True
42,10,45,0.0,0.0,2.5,wave,3253,0,0,0.23209345219797112,True
42,10,46,0.0,0.0,2.5,wave,3123,0,0,0.21998078770413065,True
42,10,47,0.0,0.0,2.5,wave,3057,0,0,0.21622505724566568,True
42,10,48,0.0,0.0,2.5,wave,2999,0,0,0.21607202400800266,True
42,10,49,0.0,0.0,2.5,wave,2967,0,0,0.21536905965621841,True
42,10,50,0.0,0.0,2.5,wave,2931,0,0,0.21562606618901398,True
42,10,51,0.0,0.0,2.5,wave,2885,0,0,0.21386481802426344,True
42,10,52,0.0,0.0,2.5,wave,2846,0,0,0.21609276177090653,True
42,11,1,0.0,0.0,2.5,wave,2814,0,0,0.21783937455579247,True
42,11,2,0.0,0.0,2.5,wave,2783,0,0,0.2177506288178225,True
42,11,3,0.0,0.0,2.5,wave,2754,0,0,0.21895424836601307,True
42,11,4,0.0,0.0,2.5,wave,2726,0,0,0.22267057960381512,True
42,11,5,0.0,0.0,2.5,wave,2698,0,0,0.22535211267605634,True
42,11,6,0.0,0.0,2.5,wave,2669,0,0,0.22892469089546646,True
42,11,7,0.0,0.0,2.5,wave,2639,0,0,0.23228495642288746,True
42,11,8,0.0,0.0,2.5,wave,2614,0,0,0.23565416985462892,True
42,11,9,0.0,0.0,2.5,wave,2587,0,0,0.23811364514882102,True
42,11,10,0.0,0.0,2.5,wave,2567,0,0,0.2411375146084924,True
42,11,11,0.0,0.0,2.5,wave,2537,0,0,0.24438312968072526,True
42,11,12,0.0,0.0,2.5,wave,2517,0,0,0.24831148192292413,True
42,11,13,0.0,0.0,2.5,wave,2485,0,0,0.2482897384305835,True
42,11,14,0.0,0.0,2.5,wave,2451,0,0,0.2492860057119543,True
42,11,15,0.0,0.0,2.5,wave,2420,0,0,0.2487603305785124,True
42,11,16,0.0,0.0,2.5,wave,2391,0,0,0.25094102885821834,True
42,11,17,0.0,0.0,2.5,wave,2361,0,0,0.2532825074121135,True
42,11,18,0.0,0.0,2.5,wave,5030,0,0,0.11192842942345925,True
42,11,19,0.0,0.0,2.5,wave,4926,0,0,0.11368250101502234,True
42,11,20,0.0,0.0,2.5,wave,4831,0,0,0.11612502587456014,True
42,11,21,0.0,0.0,2.5,wave,4747,0,0,0.11944385927954497,True
42,11,22,0.0,0.0,2.5,wave,4650,0,0,0.12344086021505377,True
42,11,23,0.0,0.0,2.5,wave,4578,0,0,0.127129750982962,True
42,11,24,0.0,0.0,2.5,wave,4497,0,0,0.12875250166777852,True
42,11,25,0.0,0.0,2.5,wave,4387,0,0,0.12992933667654433,True
42,11,26,0.0,0.0,2.5,wave,4303,0,0,0.1326981175923774,True
42,11,27,0.0,0.0,2.5,wave,4235,0,0,0.13530106257378985,True
42,11,28,0.0,0.0,2.5,wave,4165,0,0,0.13805522208883553,True
42,11,29,0.0,0.0,2.5,wave,4079,0,0,0.14145623927433196,True
42,11,30,0.0,0.0,2.5,wave,4005,0,0,0.14357053682896379,True
42,11,31,0.0,0.0,2.5,wave,3924,0,0,0.14678899082568808,True
42,11,32,0.0,0.0,2.5,wave,3840,0,0,0.15052083333333333,True
42,11,33,0.0,0.0,2.5,wave,3756,0,0,0.1530883919062833,True
42,11,34,0.0,0.0,2.5,wave,3699,0,0,0.15706947823736145,True
42,11,35,0.0,0.0,2.5,wave,3642,0,0,0.15952773201537618,True
42,11,36,0.0,0.0,2.5,wave,3571,0,0,0.16157938952674322,True
42,11,37,0.0,0.0,2.5,wave,3505,0,0,0.1643366619115549,True
42,11,38,0.0,0.0,2.5,wave,3462,0,0,0.16724436741767765,True
42,11,39,0.0,0.0,2.5,wave,3406,0,0,0.16999412800939517,True
42,11,40,0.0,0.0,2.5,wave,3359,0,0,0.17296814528133372,True
42,11,41,0.0,0.0,2.5,wave,3311,0,0,0.17547568710359407,True
42,11,42,0.0,0.0,2.5,wave,3273,0,0,0.178124045218454,True
42,11,43,0.0,0.0,2.5,wave,4189,0,0,0.2747672475531153,True
42,11,44,0.0,0.0,2.5,wave,3831,0,0,0.24249543200208823,True
42,11,45,0.0,0.0,2.5,wave,3612,0,0,0.22425249169435216,True
42,11,46,0.0,0.0,2.5,wave,3471,0,0,0.21607605877268798,True
42,11,47,0.0,0.0,2.5,wave,3387,0,0,0.21287274874520223,True
42,11,48,0.0,0.0,2.5,wave,3294,0,0,0.21129326047358835,True
42,11,49,0.0,0.0,2.5,wave,3243,0,0,0.21060746222633364,True
42,11,50,0.0,0.0,2.5,wave,3190,0,0,0.2109717868338558,True
42,11,51,0.0,0.0,2.5,wave,3128,0,0,0.21355498721227623,True
42,11,52,0.0,0.0,2.5,wave,3100,0,0,0.21870967741935485,True
43,1,1,0.0,0.0,2.5,wave,2630,0,0,0.001520912547528517,True
43,1,2,0.0,0.0,2.5,wave,2570,0,0,0.0038910505836575876,True
43,1,3,0.0,0.0,2.5,wave,2485,0,0,0.00482897384305835,True
43,1,4,0.0,0.0,2.5,wave,2414,0,0,0.006213753106876553,True
43,1,5,0.0,0.0,2.5,wave,2322,0,0,0.00818260120585702,True
43,1,6,0.0,0.0,2.5,wave,2220,0,0,0.010810810810810811,True
43,1,7,0.0,0.0,2.5,wave,2152,0,0,0.013011152416356878,True
43,1,8,0.0,0.0,2.5,wave,2084,0,0,0.016314779270633396,True
43,1,9,0.0,0.0,2.5,wave,1987,0,0,0.017111222949169603,True
43,1,10,0.0,0.0,2.5,wave,1909,0,0,0.01885804085908853,True
43,1,11,0.0,0.0,2.5,wave,1806,0,0,0.022702104097452935,True
43,1,12,0.0,0.0,2.5,wave,1733,0,0,0.025389497980380843,True
43,1,13,0.0,0.0,2.5,wave,1669,0,0,0.026363091671659677,True
43,1,14,0.0,0.0,2.5,wave,1622,0,0,0.027743526510480888,True
43,1,15,0.0,0.0,2.5,wave,1578,0,0,0.029784537389100127,True
43,1,16,0.0,0.0,2.5,wave,1542,0,0,0.0324254215304799,True
43,1,17,0.0,0.0,2.5,wave,1483,0,0,0.037086985839514496,True
43,1,18,0.0,0.0,2.5,wave,4102,0,0,0.017308629936616284,True
43,1,19,0.0,0.0,2.5,wave,3965,0,0,0.01866330390920555,True
43,1,20,0.0,0.0,2.5,wave,3794,0,0,0.02029520295202952,True
43,1,21,0.0,0.0,2.5,wave,3586,0,0,0.022030117122141663,True
43,1,22,0.0,0.0,2.5,wave,3427,0,0,0.02305223227312518,True
43,1,23,0.0,0.0,2.5,wave,3276,0,0,0.024114774114774116,True
43,1,24,0.0,0.0,2.5,wave,3160,0,0,0.025632911392405065,True
43,1,25,0.0,0.0,2.5,wave,3022,0,0,0.02945069490403706,True
43,1,26,0.0,0.0,2.5,wave,2909,0,0,0.03196974905465796,True
43,1,27,0.0,0.0,2.5,wave,2726,0,0,0.03374908290535583,True
43,1,28,0.0,0.0,2.5,wave,2632,0,0,0.03533434650455927,True
43,1,29,0.0,0.0,2.5,wave,2567,0,0,0.037397740553174914,True
43,1,30,0.0,0.0,2.5,wave,2489,0,0,0.03937324226597027,True
43,1,31,0.0,0.0,2.5,wave,2398,0,0,0.042535446205170975,True
43,1,32,0.0,0.0,2.5,wave,2346,0,0,0.045183290707587385,True
43,1,33,0.0,0.0,2.5,wave,2276,0,0,0.046133567662565905,True
43,1,34,0.0,0.0,2.5,wave,2199,0,0,0.049567985447930875,True
43,1,35,0.0,0.0,2.5,wave,2138,0,0,0.0519176800748363,True
43,1,36,0.0,0.0,2.5,wave,2098,0,0,0.053860819828408006,True
43,1,37,0.0,0.0,2.5,wave,2059,0,0,0.055366682855755224,True
43,1,38,0.0,0.0,2.5,wave,2001,0,0,0.05647176411794103,True
43,1,39,0.0,0.0,2.5,wave,1974,0,0,0.06028368794326241,True
43,1,40,0.0,0.0,2.5,wave,1941,0,0,0.06285419886656363,True
43,1,41,0.0,0.0,2.5,wave,1923,0,0,0.06708268330733229,True
43,1,42,0.0,0.0,2.5,wave,1896,0,0,0.07436708860759493,True
43,1,43,0.0,0.0,2.5,wave,2719,0,0,0.20228025009194556,True
43,1,44,0.0,0.0,2.5,wave,2331,0,0,0.16044616044616045,True
43,1,45,0.0,0.0,2.5,wave,2091,0,0,0.13629842180774748,True
43,1,46,0.0,0.0,2.5,wave,1973,0,0,0.12671059300557527,True
43,1,47,0.0,0.0,2.5,wave,1897,0,0,0.12229836584080127,True
43,1,48,0.0,0.0,2.5,wave,1853,0,0,0.12034538586076632,True
43,1,49,0.0,0.0,2.5,wave,1830,0,0,0.12131147540983607,True
43,1,50,0.0,0.0,2.5,wave,1802,0,0,0.1220865704772475,True
43,1,51,0.0,0.0,2.5,wave,1775,0,0,0.12338028169014084,True
43,1,52,0.0,0.0,2.5,wave,1752,0,0,0.12271689497716895,True
43,2,1,0.0,0.0,2.5,wave,1729,20,2,0.12724117987275882,False
43,2,2,0.0,0.0,2.5,wave,1708,22,6,0.12822014051522249,False
43,2,3,0.0,0.0,2.5,wave,1688,24,8,0.129739336492891,False
43,2,4,0.0,0.0,2.5,wave,1671,25,10,0.13345302214242968,False
43,2,5,0.0,0.0,2.5,wave,1644,24,12,0.1356447688564477,False
43,2,6,0.0,0.0,2.5,wave,1618,21,7,0.138442521631644,False
43,2,7,0.0,0.0,2.5,wave,1599,15,6,0.14071294559099437,False
43,2,8,0.0,0.0,2.5,wave,1580,17,6,0.14367088607594936,False
43,2,9,0.0,0.0,2.5,wave,1550,14,6,0.14451612903225808,False
43,2,10,0.0,0.0,2.5,wave,1528,18,8,0.14790575916230367,False
43,2,11,0.0,0.0,2.5,wave,1509,17,6,0.14844267726971505,False
43,2,12,0.0,0.0,2.5,wave,1492,16,5,0.15080428954423591,False
43,2,13,0.0,0.0,2.5,wave,1471,18,6,0.15159755268524813,False
43,2,14,0.0,0.0,2.5,wave,1448,20,7,0.1505524861878453,False
43,2,15,0.0,0.0,2.5,wave,1426,19,5,0.15568022440392706,False
43,2,16,0.0,0.0,2.5,wave,1400,21,5,0.15714285714285714,False
43,2,17,0.0,0.0,2.5,wave,1379,22,8,0.16098622189992748,False
43,2,18,0.0,0.0,2.5,wave,2610,21,10,0.0842911877394636,False
43,2,19,0.0,0.0,2.5,wave,2552,28,11,0.0877742946708464,False
43,2,20,0.0,0.0,2.5,wave,2498,25,14,0.09047237790232186,False
43,2,21,0.0,0.0,2.5,wave,2448,23,11,0.09436274509803921,False
43,2,22,0.0,0.0,2.5,wave,2387,24,5,0.09928780896522832,False
43,2,23,0.0,0.0,2.5,wave,2329,27,4,0.10133104336625161,False
43,2,24,0.0,0.0,2.5,wave,2286,28,7,0.10148731408573929,False
43,2,25,0.0,0.0,2.5,wave,2213,28,14,0.1034794396746498,False
43,2,26,0.0,0.0,2.5,wave,2159,23,9,0.1046780917091246,False
43,2,27,0.0,0.0,2.5,wave,2095,16,7,0.10644391408114559,False
43,2,28,0.0,0.0,2.5,wave,2040,23,11,0.10637254901960784,False
43,2,29,0.0,0.0,2.5,wave,1996,23,9,0.11022044088176353,False
43,2,30,0.0,0.0,2.5,wave,1948,19,7,0.11139630390143737,False
43,2,31,0.0,0.0,2.5,wave,1903,21,11,0.11350499211770888,False
43,2,32,0.0,0.0,2.5,wave,1864,22,10,0.11641630901287553,False
43,2,33,0.0,0.0,2.5,wave,1839,17,5,0.12017400761283306,False
43,2,34,0.0,0.0,2.5,wave,1798,18,5,0.1206896551724138,False
43,2,35,0.0,0.0,2.5,wave,1762,17,7,0.123155505107832,False
43,2,36,0.0,0.0,2.5,wave,1729,20,7,0.1249277038750723,False
43,2,37,0.0,0.0,2.5,wave,1686,17,5,0.12633451957295375,False
43,2,38,0.0,0.0,2.5,wave,1657,20,11,0.1291490645745323,False
43,2,39,0.0,0.0,2.5,wave,1626,21,8,0.12976629766297662,False
43,2,40,0.0,0.0,2.5,wave,1605,17,4,0.13395638629283488,False
43,2,41,0.0,0.0,2.5,wave,1595,21,7,0.1360501567398119,False
43,2,42,0.0,0.0,2.5,wave,1571,21,5,0.1413112667091025,False
43,2,43,0.0,0.0,2.5,wave,2366,22,6,0.3157227387996619,False
43,2,44,0.0,0.0,2.5,wave,2002,23,13,0.25124875124875123,False
43,2,45,0.0,0.0,2.5,wave,1774,18,11,0.2125140924464487,False
43,2,46,0.0,0.0,2.5,wave,1699,10,6,0.2077692760447322,False
43,2,47,0.0,0.0,2.5,wave,1634,7,4,0.19828641370869032,False
43,2,48,0.0,0.0,2.5,wave,1612,5,1,0.20161290322580644,False
43,2,49,0.0,0.0,2.5,wave,1610,4,1,0.20496894409937888,False
43,2,50,0.0,0.0,2.5,wave,1569,6,2,0.2045889101338432,False
43,2,51,0.0,0.0,2.5,wave,1549,5,1,0.2040025823111685,False
43,2,52,0.0,0.0,2.5,wave,1533,4,2,0.20939334637964774,False
43,3,1,0.0,0.0,2.5,wave,1518,3,1,0.21146245059288538,False
43,3,2,0.0,0.0,2.5,wave,1499,2,2,0.21547698465643764,False
43,3,3,0.0,0.0,2.5,wave,1482,4,2,0.2125506072874494,False
43,3,4,0.0,0.0,2.5,wave,1458,2,0,0.2139917695473251,False
43,3,5,0.0,0.0,2.5,wave,1438,2,1,0.21627260083449235,False
43,3,6,0.0,0.0,2.5,wave,1421,7,1,0.21674876847290642,False
43,3,7,0.0,0.0,2.5,wave,1409,6,1,0.2207239176721079,False
43,3,8,0.0,0.0,2.5,wave,1393,8,1,0.22254127781765973,False
43,3,9,0.0,0.0,2.5,wave,1379,7,0,0.2233502538071066,False
43,3,10,0.0,0.0,2.5,wave,1360,7,6,0.22794117647058823,False
43,3,11,0.0,0.0,2.5,wave,1353,7,6,0.22985957132298596,False
43,3,12,0.0,0.0,2.5,wave,1322,4,1,0.23071104387291982,False
43,3,13,0.0,0.0,2.5,wave,1306,3,0,0.2327718223583461,False
43,3,14,0.0,0.0,2.5,wave,1293,3,2,0.23433874709976799,False
43,3,15,0.0,0.0,2.5,wave,1267,6,2,0.23677979479084452,False
43,3,16,0.0,0.0,2.5,wave,1252,4,0,0.24041533546325877,False
43,3,17,0.0,0.0,2.5,wave,1241,3,2,0.24335213537469783,False
43,3,18,0.0,0.0,2.5,wave,2742,5,2,0.11050328227571116,False
43,3,19,0.0,0.0,2.5,wave,2700,3,0,0.11222222222222222,False
43,3,20,0.0,0.0,2.5,wave,2646,3,0,0.11300075585789872,False
43,3,21,0.0,0.0,2.5,wave,2529,3,1,0.11822854883353104,False
43,3,22,0.0,0.0,2.5,wave,2464,6,2,0.12053571428571429,False
43,3,23,0.0,0.0,2.5,wave,2381,10,2,0.123897522049559,False
43,3,24,0.0,0.0,2.5,wave,2344,12,2,0.12670648464163822,False
43,3,25,0.0,0.0,2.5,wave,2288,12,4,0.13024475524475523,False
43,3,26,0.0,0.0,2.5,wave,2223,11,2,0.13405308142150246,False
43,3,27,0.0,0.0,2.5,wave,2189,9,4,0.1365920511649155,False
43,3,28,0.0,0.0,2.5,wave,2107,13,5,0.14143331751305174,False
43,3,29,0.0,0.0,2.5,wave,2031,10,3,0.1432791728212703,False
43,3,30,0.0,0.0,2.5,wave,1984,11,2,0.1466733870967742,False
43,3,31,0.0,0.0,2.5,wave,1901,9,1,0.1509731720147291,False
43,3,32,0.0,0.0,2.5,wave,1850,9,3,0.15513513513513513,False
43,3,33,0.0,0.0,2.5,wave,1802,11,5,0.15704772475027748,False
43,3,34,0.0,0.0,2.5,wave,1777,13,4,0.15813168261114238,False
43,3,35,0.0,0.0,2.5,wave,1733,11,2,0.15983843046739757,False
43,3,36,0.0,0.0,2.5,wave,1691,11,2,0.16203429923122412,False
43,3,37,0.0,0.0,2.5,wave,1650,11,7,0.16424242424242425,False
43,3,38,0.0,0.0,2.5,wave,1629,10,7,0.16697360343769183,False
43,3,39,0.0,0.0,2.5,wave,1604,5,3,0.17206982543640897,False
43,3,40,0.0,0.0,2.5,wave,1582,7,3,0.1738305941845765,False
43,3,41,0.0,0.0,2.5,wave,1561,5,2,0.1755285073670724,False
43,3,42,0.0,0.0,2.5,wave,1540,4,1,0.17662337662337663,False
43,3,43,0.0,0.0,2.5,wave,2401,8,5,0.3427738442315702,False
43,3,44,0.0,0.0,2.5,wave,2039,7,4,0.2815105443845022,False
43,3,45,0.0,0.0,2.5,wave,1810,3,0,0.24806629834254143,False
43,3,46,0.0,0.0,2.5,wave,1670,2,2,0.22934131736526947,False
43,3,47,0.0,0.0,2.5,wave,1596,1,1,0.2199248120300752,False
43,3,48,0.0,0.0,2.5,wave,1568,0,0,0.22193877551020408,False
43,3,49,0.0,0.0,2.5,wave,1552,0,0,0.21713917525773196,False
43,3,50,0.0,0.0,2.5,wave,1527,0,0,0.21676489849377864,False
43,3,51,0.0,0.0,2.5,wave,1518,0,0,0.22397891963109354,False
43,3,52,0.0,0.0,2.5,wave,1492,0,0,0.22453083109919572,False
43,4,1,0.0,0.0,2.5,wave,1490,0,0,0.22550335570469798,False
43,4,2,0.0,0.0,2.5,wave,1462,0,0,0.22777017783857728,False
43,4,3,0.0,0.0,2.5,wave,1445,0,0,0.22975778546712802,False
43,4,4,0.0,0.0,2.5,wave,1431,0,0,0.2348008385744235,False
43,4,5,0.0,0.0,2.5,wave,1411,0,0,0.23671155209071582,False
43,4,6,0.0,0.0,2.5,wave,1391,0,0,0.2393961179007908,False
43,4,7,0.0,0.0,2.5,wave,1379,0,0,0.24075416968817984,False
43,4,8,0.0,0.0,2.5,wave,1358,0,0,0.24079528718703977,False
43,4,9,0.0,0.0,2.5,wave,1345,0,0,0.24460966542750928,False
43,4,10,0.0,0.0,2.5,wave,1324,0,0,0.24697885196374622,False
43,4,11,0.0,0.0,2.5,wave,1314,0,0,0.2480974124809741,False
43,4,12,0.0,0.0,2.5,wave,1286,0,0,0.24805598755832037,False
43,4,13,0.0,0.0,2.5,wave,1275,0,0,0.25019607843137254,False
43,4,14,0.0,0.0,2.5,wave,1256,0,0,0.25238853503184716,False
43,4,15,0.0,0.0,2.5,wave,1246,0,0,0.25280898876404495,False
43,4,16,0.0,0.0,2.5,wave,1227,0,0,0.25590872045639773,False
43,4,17,0.0,0.0,2.5,wave,1208,0,0,0.2541390728476821,False
43,4,18,0.0,0.0,2.5,wave,2485,0,0,0.12313883299798793,False
43,4,19,0.0,0.0,2.5,wave,2454,0,0,0.12306438467807661,False
43,4,20,0.0,0.0,2.5,wave,2400,0,0,0.1275,False
43,4,21,0.0,0.0,2.5,wave,2350,0,0,0.12808510638297874,False
43,4,22,0.0,0.0,2.5,wave,2288,0,0,0.13024475524475523,False
43,4,23,0.0,0.0,2.5,wave,2233,0,0,0.1330049261083744,False
43,4,24,0.0,0.0,2.5,wave,2168,0,0,0.13330258302583026,False
43,4,25,0.0,0.0,2.5,wave,2117,0,0,0.1360415682569674,False
43,4,26,0.0,0.0,2.5,wave,2059,0,0,0.14035939776590578,False
43,4,27,0.0,0.0,2.5,wave,2003,0,0,0.14278582126809786,False
43,4,28,0.0,0.0,2.5,wave,1953,0,0,0.144905273937532,False
43,4,29,0.0,0.0,2.5,wave,1920,1,0,0.14635416666666667,False
43,4,30,0.0,0.0,2.5,wave,1868,1,0,0.15096359743040685,False
43,4,31,0.0,0.0,2.5,wave,1800,0,0,0.15611111111111112,False
43,4,32,0.0,0.0,2.5,wave,1755,0,0,0.15897435897435896,False
43,4,33,0.0,0.0,2.5,wave,1717,0,0,0.1619103086779266,False
43,4,34,0.0,0.0,2.5,wave,1682,0,0,0.1634958382877527,False
43,4,35,0.0,0.0,2.5,wave,1661,0,0,0.16736905478627334,False
43,4,36,0.0,0.0,2.5,wave,1645,0,0,0.1696048632218845,False
43,4,37,0.0,0.0,2.5,wave,1624,0,0,0.16933497536945813,False
43,4,38,0.0,0.0,2.5,wave,1601,0,0,0.1711430356027483,False
43,4,39,0.0,0.0,2.5,wave,1575,0,0,0.17206349206349206,False
43,4,40,0.0,0.0,2.5,wave,1558,0,0,0.17394094993581516,False
43,4,41,0.0,0.0,2.5,wave,1544,0,0,0.17551813471502592,False
43,4,42,0.0,0.0,2.5,wave,1531,0,0,0.18027433050293926,False
43,4,43,0.0,0.0,2.5,wave,2363,3,1,0.3516716038933559,False
43,4,44,0.0,0.0,2.5,wave,1996,3,3,0.2995991983967936,False
43,4,45,0.0,0.0,2.5,wave,1807,1,1,0.2628666297731046,False
43,4,46,0.0,0.0,2.5,wave,1681,0,0,0.23973825104104698,False
43,4,47,0.0,0.0,2.5,wave,1621,1,1,0.23935842072794572,False
43,4,48,0.0,0.0,2.5,wave,1596,0,0,0.2362155388471178,True
43,4,49,0.0,0.0,2.5,wave,1583,0,0,0.2368919772583702,True
43,4,50,0.0,0.0,2.5,wave,1561,0,0,0.24087123638693145,True
43,4,51,0.0,0.0,2.5,wave,1541,0,0,0.24140168721609345,True
43,4,52,0.0,0.0,2.5,wave,1526,0,0,0.24115334207077327,True
43,5,1,0.0,0.0,2.5,wave,1514,0,0,0.24636723910171732,True
43,5,2,0.0,0.0,2.5,wave,1489,0,0,0.24177300201477503,True
43,5,3,0.0,0.0,2.5,wave,1477,0,0,0.24509140148950576,True
43,5,4,0.0,0.0,2.5,wave,1463,0,0,0.24743677375256323,True
43,5,5,0.0,0.0,2.5,wave,1449,0,0,0.24913733609385783,True
43,5,6,0.0,0.0,2.5,wave,1438,0,0,0.2524339360222531,True
43,5,7,0.0,0.0,2.5,wave,1423,0,0,0.25368938861560086,True
43,5,8,0.0,0.0,2.5,wave,1405,0,0,0.25551601423487547,True
43,5,9,0.0,0.0,2.5,wave,1394,0,0,0.25753228120516497,True
43,5,10,0.0,0.0,2.5,wave,1372,0,0,0.26239067055393583,True
43,5,11,0.0,0.0,2.5,wave,1358,0,0,0.26362297496318116,True
43,5,12,0.0,0.0,2.5,wave,1352,0,0,0.26331360946745563,True
43,5,13,0.0,0.0,2.5,wave,1339,0,0,0.2643764002987304,True
43,5,14,0.0,0.0,2.5,wave,1330,0,0,0.26917293233082706,True
43,5,15,0.0,0.0,2.5,wave,1317,0,0,0.27107061503416857,True
43,5,16,0.0,0.0,2.5,wave,1294,0,0,0.2735703245749614,True
43,5,17,0.0,0.0,2.5,wave,1270,0,0,0.2740157480314961,True
43,5,18,0.0,0.0,2.5,wave,2757,0,0,0.12586144359811388,True
43,5,19,0.0,0.0,2.5,wave,2696,0,0,0.129080118694362,True
43,5,20,0.0,0.0,2.5,wave,2646,0,0,0.13416477702191987,True
43,5,21,0.0,0.0,2.5,wave,2608,0,0,0.1357361963190184,True
43,5,22,0.0,0.0,2.5,wave,2544,0,0,0.13954402515723272,True
43,5,23,0.0,0.0,2.5,wave,2490,0,0,0.14016064257028113,True
43,5,24,0.0,0.0,2.5,wave,2425,0,0,0.14185567010309277,True
43,5,25,0.0,0.0,2.5,wave,2357,0,0,0.14509970301230377,True
43,5,26,0.0,0.0,2.5,wave,2295,0,0,0.1477124183006536,True
43,5,27,0.0,0.0,2.5,wave,2213,0,0,0.15228197017623135,True
43,5,28,0.0,0.0,2.5,wave,2163,0,0,0.1530282015718909,True
43,5,29,0.0,0.0,2.5,wave,2117,0,0,0.15446386395843173,True
43,5,30,0.0,0.0,2.5,wave,2048,0,0,0.15625,True
43,5,31,0.0,0.0,2.5,wave,2005,0,0,0.16059850374064838,True
43,5,32,0.0,0.0,2.5,wave,1958,0,0,0.16292134831460675,True
43,5,33,0.0,0.0,2.5,wave,1921,0,0,0.168141592920354,True
43,5,34,0.0,0.0,2.5,wave,1867,0,0,0.17032672737011248,True
43,5,35,0.0,0.0,2.5,wave,1828,0,0,0.17560175054704596,True
43,5,36,0.0,0.0,2.5,wave,1801,0,0,0.1799000555247085,True
43,5,37,0.0,0.0,2.5,wave,1749,0,0,0.180674671240709,True
43,5,38,0.0,0.0,2.5,wave,1730,0,0,0.18439306358381502,True
43,5,39,0.0,0.0,2.5,wave,1707,0,0,0.18863503222026948,True
43,5,40,0.0,0.0,2.5,wave,1694,0,0,0.19008264462809918,True
43,5,41,0.0,0.0,2.5,wave,1672,0,0,0.19258373205741627,True
43,5,42,0.0,0.0,2.5,wave,1653,0,0,0.19540229885057472,True
43,5,43,0.0,0.0,2.5,wave,2492,0,0,0.35513643659711075,True
43,5,44,0.0,0.0,2.5,wave,2138,0,0,0.3068288119738073,True
43,5,45,0.0,0.0,2.5,wave,1879,0,0,0.2676955827567855,True
43,5,46,0.0,0.0,2.5,wave,1757,0,0,0.24188958451906659,True
43,5,47,0.0,0.0,2.5,wave,1682,0,0,0.2342449464922711,True
43,5,48,0.0,0.0,2.5,wave,1656,0,0,0.23248792270531402,True
43,5,49,0.0,0.0,2.5,wave,1620,0,0,0.23148148148148148,True
43,5,50,0.0,0.0,2.5,wave,1597,0,0,0.22917971195992487,True
43,5,51,0.0,0.0,2.5,wave,1573,0,0,0.23076923076923078,True
43,5,52,0.0,0.0,2.5,wave,1555,0,0,0.23344051446945338,True
43,6,1,0.0,0.0,2.5,wave,1533,0,0,0.23418134377038485,True
43,6,2,0.0,0.0,2.5,wave,1516,0,0,0.23614775725593667,True
43,6,3,0.0,0.0,2.5,wave,1500,0,0,0.24,True
43,6,4,0.0,0.0,2.5,wave,1481,0,0,0.2451046590141796,True
43,6,5,0.0,0.0,2.5,wave,1463,0,0,0.24675324675324675,True
43,6,6,0.0,0.0,2.5,wave,1437,0,0,0.2512178148921364,True
43,6,7,0.0,0.0,2.5,wave,1422,0,0,0.25246132208157523,True
43,6,8,0.0,0.0,2.5,wave,1414,0,0,0.2567185289957567,True
43,6,9,0.0,0.0,2.5,wave,1396,0,0,0.25573065902578795,True
43,6,10,0.0,0.0,2.5,wave,1379,0,0,0.25960841189267586,True
43,6,11,0.0,0.0,2.5,wave,1360,0,0,0.2639705882352941,True
43,6,12,0.0,0.0,2.5,wave,1341,0,0,0.2632363907531693,True
43,6,13,0.0,0.0,2.5,wave,1317,0,0,0.26651480637813213,True
43,6,14,0.0,0.0,2.5,wave,1294,0,0,0.2704791344667697,True
43,6,15,0.0,0.0,2.5,wave,1272,0,0,0.2727987421383648,True
43,6,16,0.0,0.0,2.5,wave,1261,0,0,0.2751784298176051,True
43,6,17,0.0,0.0,2.5,wave,1250,0,0,0.28,True
43,6,18,0.0,0.0,2.5,wave,2729,0,0,0.12861854159032612,True
43,6,19,0.0,0.0,2.5,wave,2687,0,0,0.13025679196129514,True
43,6,20,0.0,0.0,2.5,wave,2620,0,0,0.1316793893129771,True
43,6,21,0.0,0.0,2.5,wave,2566,0,0,0.13561964146531566,True
43,6,22,0.0,0.0,2.5,wave,2524,0,0,0.1386687797147385,True
43,6,23,0.0,0.0,2.5,wave,2484,0,0,0.14130434782608695,True
43,6,24,0.0,0.0,2.5,wave,2459,0,0,0.14314762098413988,True
43,6,25,0.0,0.0,2.5,wave,2405,0,0,0.14594594594594595,True
43,6,26,0.0,0.0,2.5,wave,2365,0,0,0.14883720930232558,True
43,6,27,0.0,0.0,2.5,wave,2325,0,0,0.1518279569892473,True
43,6,28,0.0,0.0,2.5,wave,2285,0,0,0.1562363238512035,True
43,6,29,0.0,0.0,2.5,wave,2224,0,0,0.15782374100719423,True
43,6,30,0.0,0.0,2.5,wave,2120,0,0,0.1632075471698113,True
43,6,31,0.0,0.0,2.5,wave,2055,0,0,0.16739659367396595,True
43,6,32,0.0,0.0,2.5,wave,2008,0,0,0.17131474103585656,True
43,6,33,0.0,0.0,2.5,wave,1945,0,0,0.17532133676092546,True
43,6,34,0.0,0.0,2.5,wave,1905,0,0,0.18005249343832022,True
43,6,35,0.0,0.0,2.5,wave,1880,0,0,0.18404255319148935,True
43,6,36,0.0,0.0,2.5,wave,1858,0,0,0.18406889128094725,True
43,6,37,0.0,0.0,2.5,wave,1829,0,0,0.18698742482230726,True
43,6,38,0.0,0.0,2.5,wave,1803,0,0,0.1896838602329451,True
43,6,39,0.0,0.0,2.5,wave,1780,0,0,0.19157303370786516,True
43,6,40,0.0,0.0,2.5,wave,1762,0,0,0.1923950056753689,True
43,6,41,0.0,0.0,2.5,wave,1741,0,0,0.1935669155657668,True
43,6,42,0.0,0.0,2.5,wave,1712,0,0,0.19450934579439252,True
43,6,43,0.0,0.0,2.5,wave,2582,0,0,0.35360185902401237,True
43,6,44,0.0,0.0,2.5,wave,2211,0,0,0.29941203075531436,True
43,6,45,0.0,0.0,2.5,wave,1986,0,0,0.2663645518630413,True
43,6,46,0.0,0.0,2.5,wave,1882,0,0,0.2555791710945802,True
43,6,47,0.0,0.0,2.5,wave,1825,0,0,0.2504109589041096,True
43,6,48,0.0,0.0,2.5,wave,1788,0,0,0.24440715883668904,True
43,6,49,0.0,0.0,2.5,wave,1757,0,0,0.24701195219123506,True
43,6,50,0.0,0.0,2.5,wave,1722,0,0,0.24738675958188153,True
43,6,51,0.0,0.0,2.5,wave,1702,0,0,0.245593419506463,True
43,6,52,0.0,0.0,2.5,wave,1685,0,0,0.24807121661721068,True
43,7,1,0.0,0.0,2.5,wave,1671,0,0,0.2483542788749252,True
43,7,2,0.0,0.0,2.5,wave,1661,0,0,0.25105358217941,True
43,7,3,0.0,0.0,2.5,wave,1646,0,0,0.25212636695018226,True
43,7,4,0.0,0.0,2.5,wave,1628,0,0,0.25307125307125306,True
43,7,5,0.0,0.0,2.5,wave,1608,0,0,0.2562189054726368,True
43,7,6,0.0,0.0,2.5,wave,1590,0,0,0.25660377358490566,True
43,7,7,0.0,0.0,2.5,wave,1571,0,0,0.2590706556333546,True
43,7,8,0.0,0.0,2.5,wave,1553,0,0,0.2607855763039279,True
43,7,9,0.0,0.0,2.5,wave,1527,0,0,0.26260641781270466,True
43,7,10,0.0,0.0,2.5,wave,1494,0,0,0.2617135207496653,True
43,7,11,0.0,0.0,2.5,wave,1459,0,0,0.26662097326936257,True
43,7,12,0.0,0.0,2.5,wave,1435,0,0,0.267595818815331,True
43,7,13,0.0,0.0,2.5,wave,1419,0,0,0.27061310782241016,True
43,7,14,0.0,0.0,2.5,wave,1404,0,0,0.2742165242165242,True
43,7,15,0.0,0.0,2.5,wave,1396,0,0,0.27722063037249284,True
43,7,16,0.0,0.0,2.5,wave,1377,0,0,0.27959331880900506,True
43,7,17,0.0,0.0,2.5,wave,1365,0,0,0.2835164835164835,True
43,7,18,0.0,0.0,2.5,wave,3035,0,0,0.12883031301482703,True
43,7,19,0.0,0.0,2.5,wave,2982,0,0,0.13212608987256874,True
43,7,20,0.0,0.0,2.5,wave,2918,0,0,0.13468128855380399,True
43,7,21,0.0,0.0,2.5,wave,2880,0,0,0.13958333333333334,True
43,7,22,0.0,0.0,2.5,wave,2825,0,0,0.14194690265486726,True
43,7,23,0.0,0.0,2.5,wave,2747,0,0,0.14415726246814706,True
43,7,24,0.0,0.0,2.5,wave,2653,0,0,0.1443648699585375,True
43,7,25,0.0,0.0,2.5,wave,2583,0,0,0.14556716995741387,True
43,7,26,0.0,0.0,2.5,wave,2523,0,0,0.14704716607213636,True
43,7,27,0.0,0.0,2.5,wave,2471,0,0,0.1501416430594901,True
43,7,28,0.0,0.0,2.5,wave,2401,0,0,0.15451895043731778,True
43,7,29,0.0,0.0,2.5,wave,2341,0,0,0.15591627509611278,True
43,7,30,0.0,0.0,2.5,wave,2262,0,0,0.16091954022988506,True
43,7,31,0.0,0.0,2.5,wave,2206,0,0,0.16183136899365366,True
43,7,32,0.0,0.0,2.5,wave,2148,0,0,0.1643389199255121,True
43,7,33,0.0,0.0,2.5,wave,2105,0,0,0.1672209026128266,True
43,7,34,0.0,0.0,2.5,wave,2072,0,0,0.17036679536679536,True
43,7,35,0.0,0.0,2.5,wave,2028,0,0,0.17159763313609466,True
43,7,36,0.0,0.0,2.5,wave,1990,0,0,0.17185929648241205,True
43,7,37,0.0,0.0,2.5,wave,1951,0,0,0.17580727831881088,True
43,7,38,0.0,0.0,2.5,wave,1921,0,0,0.17490890161374284,True
43,7,39,0.0,0.0,2.5,wave,1892,0,0,0.17706131078224102,True
43,7,40,0.0,0.0,2.5,wave,1868,0,0,0.17880085653104924,True
43,7,41,0.0,0.0,2.5,wave,1854,0,0,0.18338727076591155,True
43,7,42,0.0,0.0,2.5,wave,1826,0,0,0.18948521358159912,True
43,7,43,0.0,0.0,2.5,wave,2904,0,0,0.359504132231405,True
43,7,44,0.0,0.0,2.5,wave,2410,0,0,0.3095435684647303,True
43,7,45,0.0,0.0,2.5,wave,2134,0,0,0.2666354264292409,True
43,7,46,0.0,0.0,2.5,wave,2003,0,0,0.24663005491762358,True
43,7,47,0.0,0.0,2.5,wave,1913,0,0,0.23470987976999477,True
43,7,48,0.0,0.0,2.5,wave,1864,0,0,0.23015021459227467,True
43,7,49,0.0,0.0,2.5,wave,1824,0,0,0.22861842105263158,True
43,7,50,0.0,0.0,2.5,wave,1800,0,0,0.23055555555555557,True
43,7,51,0.0,0.0,2.5,wave,1780,0,0,0.23314606741573032,True
43,7,52,0.0,0.0,2.5,wave,1759,0,0,0.23422399090392268,True
43,8,1,0.0,0.0,2.5,wave,1725,0,0,0.23304347826086957,True
43,8,2,0.0,0.0,2.5,wave,1716,0,0,0.23543123543123542,True
43,8,3,0.0,0.0,2.5,wave,1689,0,0,0.23741859088217881,True
43,8,4,0.0,0.0,2.5,wave,1676,0,0,0.24164677804295942,True
43,8,5,0.0,0.0,2.5,wave,1640,0,0,0.23841463414634145,True
43,8,6,0.0,0.0,2.5,wave,1618,0,0,0.24042027194066748,True
43,8,7,0.0,0.0,2.5,wave,1609,0,0,0.24549409571162212,True
43,8,8,0.0,0.0,2.5,wave,1595,0,0,0.2457680250783699,True
43,8,9,0.0,0.0,2.5,wave,1570,0,0,0.24585987261146497,True
43,8,10,0.0,0.0,2.5,wave,1556,0,0,0.2467866323907455,True
43,8,11,0.0,0.0,2.5,wave,1538,0,0,0.247074122236671,True
43,8,12,0.0,0.0,2.5,wave,1519,0,0,0.24950625411454905,True
43,8,13,0.0,0.0,2.5,wave,1497,0,0,0.250501002004008,True
43,8,14,0.0,0.0,2.5,wave,1486,0,0,0.25168236877523553,True
43,8,15,0.0,0.0,2.5,wave,1458,0,0,0.25308641975308643,True
43,8,16,0.0,0.0,2.5,wave,1427,0,0,0.25367904695164684,True
43,8,17,0.0,0.0,2.5,wave,1405,0,0,0.25480427046263343,True
43,8,18,0.0,0.0,2.5,wave,3098,0,0,0.11684958037443512,True
43,8,19,0.0,0.0,2.5,wave,3054,0,0,0.11853307138179436,True
43,8,20,0.0,0.0,2.5,wave,2983,0,0,0.12236004022795843,True
43,8,21,0.0,0.0,2.5,wave,2901,0,0,0.12581868321268527,True
43,8,22,0.0,0.0,2.5,wave,2816,0,0,0.12819602272727273,True
43,8,23,0.0,0.0,2.5,wave,2727,0,0,0.1331133113311331,True
43,8,24,0.0,0.0,2.5,wave,2638,0,0,0.1372251705837756,True
43,8,25,0.0,0.0,2.5,wave,2565,0,0,0.1419103313840156,True
43,8,26,0.0,0.0,2.5,wave,2503,0,0,0.1446264482620855,True
43,8,27,0.0,0.0,2.5,wave,2463,0,0,0.14859926918392205,True
43,8,28,0.0,0.0,2.5,wave,2393,0,0,0.15127455077308818,True
43,8,29,0.0,0.0,2.5,wave,2354,0,0,0.15378079864061173,True
43,8,30,0.0,0.0,2.5,wave,2295,0,0,0.15642701525054467,True
43,8,31,0.0,0.0,2.5,wave,2254,0,0,0.15705412599822538,True
43,8,32,0.0,0.0,2.5,wave,2203,0,0,0.16114389468906037,True
43,8,33,0.0,0.0,2.5,wave,2156,0,0,0.16326530612244897,True
43,8,34,0.0,0.0,2.5,wave,2118,0,0,0.16619452313503305,True
43,8,35,0.0,0.0,2.5,wave,2063,0,0,0.16917111003393118,True
43,8,36,0.0,0.0,2.5,wave,2023,0,0,0.17399901136925358,True
43,8,37,0.0,0.0,2.5,wave,1974,0,0,0.17933130699088146,True
43,8,38,0.0,0.0,2.5,wave,1959,0,0,0.18376722817764166,True
43,8,39,0.0,0.0,2.5,wave,1935,0,0,0.1855297157622739,True
43,8,40,0.0,0.0,2.5,wave,1912,0,0,0.18671548117154813,True
43,8,41,0.0,0.0,2.5,wave,1876,0,0,0.1892324093816631,True
43,8,42,0.0,0.0,2.5,wave,1848,0,0,0.1920995670995671,True
43,8,43,0.0,0.0,2.5,wave,3007,0,0,0.3601596275357499,True
43,8,44,0.0,0.0,2.5,wave,2478,0,0,0.30548829701372077,True
43,8,45,0.0,0.0,2.5,wave,2182,0,0,0.27131072410632445,True
43,8,46,0.0,0.0,2.5,wave,2066,0,0,0.2584704743465634,True
43,8,47,0.0,0.0,2.5,wave,1962,0,0,0.25076452599388377,True
43,8,48,0.0,0.0,2.5,wave,1886,0,0,0.2454931071049841,True
43,8,49,0.0,0.0,2.5,wave,1871,0,0,0.24799572421165153,True
43,8,50,0.0,0.0,2.5,wave,1841,0,0,0.2487778381314503,True
43,8,51,0.0,0.0,2.5,wave,1809,0,0,0.24930901050304036,True
43,8,52,0.0,0.0,2.5,wave,1783,0,0,0.2512619181155356,True
43,9,1,0.0,0.0,2.5,wave,1751,0,0,0.25071387778412335,True
43,9,2,0.0,0.0,2.5,wave,1735,0,0,0.25302593659942363,True
43,9,3,0.0,0.0,2.5,wave,1706,0,0,0.25205158264947247,True
43,9,4,0.0,0.0,2.5,wave,1679,0,0,0.2537224538415724,True
43,9,5,0.0,0.0,2.5,wave,1666,0,0,0.2545018007202881,True
43,9,6,0.0,0.0,2.5,wave,1654,0,0,0.25755743651753327,True
43,9,7,0.0,0.0,2.5,wave,1641,0,0,0.2577696526508227,True
43,9,8,0.0,0.0,2.5,wave,1619,0,0,0.2600370599135269,True
43,9,9,0.0,0.0,2.5,wave,1578,0,0,0.2598225602027883,True
43,9,10,0.0,0.0,2.5,wave,1562,0,0,0.26376440460947503,True
43,9,11,0.0,0.0,2.5,wave,1548,0,0,0.26421188630490955,True
43,9,12,0.0,0.0,2.5,wave,1539,0,0,0.2677063027940221,True
43,9,13,0.0,0.0,2.5,wave,1532,0,0,0.2695822454308094,True
43,9,14,0.0,0.0,2.5,wave,1513,0,0,0.2729676140118969,True
43,9,15,0.0,0.0,2.5,wave,1499,0,0,0.27751834556370913,True
43,9,16,0.0,0.0,2.5,wave,1488,0,0,0.27889784946236557,True
43,9,17,0.0,0.0,2.5,wave,1475,0,0,0.28338983050847455,True
43,9,18,0.0,0.0,2.5,wave,3065,0,0,0.1262642740619902,True
43,9,19,0.0,0.0,2.5,wave,3015,0,0,0.1286898839137645,True
43,9,20,0.0,0.0,2.5,wave,2945,0,0,0.1300509337860781,True
43,9,21,0.0,0.0,2.5,wave,2870,0,0,0.13240418118466898,True
43,9,22,0.0,0.0,2.5,wave,2812,0,0,0.1337126600284495,True
43,9,23,0.0,0.0,2.5,wave,2747,0,0,0.1383327266108482,True
43,9,24,0.0,0.0,2.5,wave,2690,0,0,0.1412639405204461,True
43,9,25,0.0,0.0,2.5,wave,2617,0,0,0.14444019870080244,True
43,9,26,0.0,0.0,2.5,wave,2539,0,0,0.14572666404096102,True
43,9,27,0.0,0.0,2.5,wave,2476,0,0,0.14781906300484654,True
43,9,28,0.0,0.0,2.5,wave,2445,0,0,0.15010224948875256,True
43,9,29,0.0,0.0,2.5,wave,2395,0,0,0.15281837160751566,True
43,9,30,0.0,0.0,2.5,wave,2336,0,0,0.15753424657534246,True
43,9,31,0.0,0.0,2.5,wave,2299,0,0,0.16006959547629404,True
43,9,32,0.0,0.0,2.5,wave,2238,0,0,0.16219839142091153,True
43,9,33,0.0,0.0,2.5,wave,2195,0,0,0.16492027334851936,True
43,9,34,0.0,0.0,2.5,wave,2146,0,0,0.16775396085740912,True
43,9,35,0.0,0.0,2.5,wave,2104,0,0,0.17015209125475286,True
43,9,36,0.0,0.0,2.5,wave,2033,0,0,0.17117560255779635,True
43,9,37,0.0,0.0,2.5,wave,1987,0,0,0.1731253145445395,True
43,9,38,0.0,0.0,2.5,wave,1971,0,0,0.17554540842212074,True
43,9,39,0.0,0.0,2.5,wave,1950,0,0,0.17794871794871794,True
43,9,40,0.0,0.0,2.5,wave,1925,0,0,0.1781818181818182,True
43,9,41,0.0,0.0,2.5,wave,1913,0,0,0.18086774699424987,True
43,9,42,0.0,0.0,2.5,wave,1887,0,0,0.18547959724430313,True
43,9,43,0.0,0.0,2.5,wave,3181,0,0,0.3725243634077334,True
43,9,44,0.0,0.0,2.5,wave,2642,0,0,0.31491294473883424,True
43,9,45,0.0,0.0,2.5,wave,2327,0,0,0.28061882251826387,True
43,9,46,0.0,0.0,2.5,wave,2127,0,0,0.26046074283027737,True
43,9,47,0.0,0.0,2.5,wave,2009,0,0,0.2458934793429567,True
43,9,48,0.0,0.0,2.5,wave,1977,0,0,0.24481537683358623,True
43,9,49,0.0,0.0,2.5,wave,1923,0,0,0.23816952678107126,True
43,9,50,0.0,0.0,2.5,wave,1873,0,0,0.23545114789108382,True
43,9,51,0.0,0.0,2.5,wave,1839,0,0,0.2359978249048396,True
43,9,52,0.0,0.0,2.5,wave,1817,0,0,0.2399559713813979,True
43,10,1,0.0,0.0,2.5,wave,1804,0,0,0.2433481152993348,True
43,10,2,0.0,0.0,2.5,wave,1788,0,0,0.2477628635346756,True
43,10,3,0.0,0.0,2.5,wave,1776,0,0,0.25,True
43,10,4,0.0,0.0,2.5,wave,1752,0,0,0.2511415525114155,True
43,10,5,0.0,0.0,2.5,wave,1737,0,0,0.2492803684513529,True
43,10,6,0.0,0.0,2.5,wave,1712,0,0,0.2505841121495327,True
43,10,7,0.0,0.0,2.5,wave,1693,0,0,0.25103366804489075,True
43,10,8,0.0,0.0,2.5,wave,1675,0,0,0.2537313432835821,True
43,10,9,0.0,0.0,2.5,wave,1662,0,0,0.2527075812274368,True
43,10,10,0.0,0.0,2.5,wave,1647,0,0,0.25318761384335153,True
43,10,11,0.0,0.0,2.5,wave,1638,0,0,0.25457875457875456,True
43,10,12,0.0,0.0,2.5,wave,1607,0,0,0.2551337896701929,True
43,10,13,0.0,0.0,2.5,wave,1582,0,0,0.25853350189633373,True
43,10,14,0.0,0.0,2.5,wave,1550,0,0,0.2593548387096774,True
43,10,15,0.0,0.0,2.5,wave,1525,0,0,0.259672131147541,True
43,10,16,0.0,0.0,2.5,wave,1499,0,0,0.25950633755837227,True
43,10,17,0.0,0.0,2.5,wave,1479,0,0,0.2589587559161596,True
43,10,18,0.0,0.0,2.5,wave,3062,0,0,0.11659046374918354,True
43,10,19,0.0,0.0,2.5,wave,3011,0,0,0.1182331451345068,True
43,10,20,0.0,0.0,2.5,wave,2969,0,0,0.12192657460424386,True
43,10,21,0.0,0.0,2.5,wave,2892,0,0,0.1251728907330567,True
43,10,22,0.0,0.0,2.5,wave,2832,0,0,0.12994350282485875,True
43,10,23,0.0,0.0,2.5,wave,2771,0,0,0.13424756405629737,True
43,10,24,0.0,0.0,2.5,wave,2719,0,0,0.13644722324383965,True
43,10,25,0.0,0.0,2.5,wave,2675,0,0,0.13981308411214954,True
43,10,26,0.0,0.0,2.5,wave,2618,0,0,0.14323911382734913,True
43,10,27,0.0,0.0,2.5,wave,2559,0,0,0.14615084017194216,True
43,10,28,0.0,0.0,2.5,wave,2497,0,0,0.14937925510612735,True
43,10,29,0.0,0.0,2.5,wave,2448,0,0,0.15073529411764705,True
43,10,30,0.0,0.0,2.5,wave,2385,0,0,0.15429769392033543,True
43,10,31,0.0,0.0,2.5,wave,2356,0,0,0.15831918505942275,True
43,10,32,0.0,0.0,2.5,wave,2332,0,0,0.16080617495711835,True
43,10,33,0.0,0.0,2.5,wave,2301,0,0,0.16166883963494133,True
43,10,34,0.0,0.0,2.5,wave,2261,0,0,0.16320212295444494,True
43,10,35,0.0,0.0,2.5,wave,2217,0,0,0.16599007668019847,True
43,10,36,0.0,0.0,2.5,wave,2175,0,0,0.167816091954023,True
43,10,37,0.0,0.0,2.5,wave,2127,0,0,0.17113305124588624,True
43,10,38,0.0,0.0,2.5,wave,2092,0,0,0.17208413001912046,True
43,10,39,0.0,0.0,2.5,wave,2053,0,0,0.17584023380418898,True
43,10,40,0.0,0.0,2.5,wave,2029,0,0,0.17644159684573682,True
43,10,41,0.0,0.0,2.5,wave,2010,0,0,0.18059701492537314,True
43,10,42,0.0,0.0,2.5,wave,1978,0,0,0.1870576339737108,True
43,10,43,0.0,0.0,2.5,wave,3427,0,0,0.36971111759556463,True
43,10,44,0.0,0.0,2.5,wave,2851,0,0,0.312872676253946,True
43,10,45,0.0,0.0,2.5,wave,2482,0,0,0.2767929089443997,True
43,10,46,0.0,0.0,2.5,wave,2288,0,0,0.25743006993006995,True
43,10,47,0.0,0.0,2.5,wave,2194,0,0,0.2534184138559708,True
43,10,48,0.0,0.0,2.5,wave,2121,0,0,0.24611032531824611,True
43,10,49,0.0,0.0,2.5,wave,2042,0,0,0.24045053868756122,True
43,10,50,0.0,0.0,2.5,wave,1995,0,0,0.23809523809523808,True
43,10,51,0.0,0.0,2.5,wave,1957,0,0,0.2396525293817067,True
43,10,52,0.0,0.0,2.5,wave,1918,0,0,0.24139728884254433,True
43,11,1,0.0,0.0,2.5,wave,1876,0,0,0.24147121535181237,True
43,11,2,0.0,0.0,2.5,wave,1850,0,0,0.2427027027027027,True
43,11,3,0.0,0.0,2.5,wave,1827,0,0,0.24466338259441708,True
43,11,4,0.0,0.0,2.5,wave,1810,0,0,0.2447513812154696,True
43,11,5,0.0,0.0,2.5,wave,1781,0,0,0.2492981471083661,True
43,11,6,0.0,0.0,2.5,wave,1761,0,0,0.2515616127200454,True
43,11,7,0.0,0.0,2.5,wave,1736,0,0,0.2563364055299539,True
43,11,8,0.0,0.0,2.5,wave,1721,0,0,0.2556653108657757,True
43,11,9,0.0,0.0,2.5,wave,1692,0,0,0.2570921985815603,True
43,11,10,0.0,0.0,2.5,wave,1675,0,0,0.2591044776119403,True
43,11,11,0.0,0.0,2.5,wave,1655,0,0,0.2610271903323263,True
43,11,12,0.0,0.0,2.5,wave,1634,0,0,0.26621787025703797,True
43,11,13,0.0,0.0,2.5,wave,1614,0,0,0.2701363073110285,True
43,11,14,0.0,0.0,2.5,wave,1600,0,0,0.27125,True
43,11,15,0.0,0.0,2.5,wave,1579,0,0,0.27675744141861935,True
43,11,16,0.0,0.0,2.5,wave,1561,0,0,0.27930813581037794,True
43,11,17,0.0,0.0,2.5,wave,1545,0,0,0.2822006472491909,True
43,11,18,0.0,0.0,2.5,wave,3169,0,0,0.13190280845692648,True
43,11,19,0.0,0.0,2.5,wave,3107,0,0,0.13389121338912133,True
43,11,20,0.0,0.0,2.5,wave,3048,0,0,0.13451443569553806,True
43,11,21,0.0,0.0,2.5,wave,2980,0,0,0.13926174496644295,True
43,11,22,0.0,0.0,2.5,wave,2926,0,0,0.14183185235816814,True
43,11,23,0.0,0.0,2.5,wave,2853,0,0,0.14581142656852436,True
43,11,24,0.0,0.0,2.5,wave,2773,0,0,0.14857554994590697,True
43,11,25,0.0,0.0,2.5,wave,2727,0,0,0.15254858819215256,True
43,11,26,0.0,0.0,2.5,wave,2656,0,0,0.15737951807228914,True
43,11,27,0.0,0.0,2.5,wave,2568,0,0,0.16043613707165108,True
43,11,28,0.0,0.0,2.5,wave,2502,0,0,0.16266986410871304,True
43,11,29,0.0,0.0,2.5,wave,2470,0,0,0.16558704453441295,True
43,11,30,0.0,0.0,2.5,wave,2413,0,0,0.16949854952341484,True
43,11,31,0.0,0.0,2.5,wave,2348,0,0,0.17333901192504259,True
43,11,32,0.0,0.0,2.5,wave,2297,0,0,0.17892903787548978,True
43,11,33,0.0,0.0,2.5,wave,2244,0,0,0.18226381461675578,True
43,11,34,0.0,0.0,2.5,wave,2213,0,0,0.184365115228197,True
43,11,35,0.0,0.0,2.5,wave,2160,0,0,0.18981481481481483,True
43,11,36,0.0,0.0,2.5,wave,2140,0,0,0.1939252336448598,True
43,11,37,0.0,0.0,2.5,wave,2106,0,0,0.19658119658119658,True
43,11,38,0.0,0.0,2.5,wave,2074,0,0,0.19864995178399228,True
43,11,39,0.0,0.0,2.5,wave,2045,0,0,0.20048899755501223,True
43,11,40,0.0,0.0,2.5,wave,2016,0,0,0.20337301587301587,True
43,11,41,0.0,0.0,2.5,wave,1997,0,0,0.20681021532298446,True
43,11,42,0.0,0.0,2.5,wave,1968,0,0,0.2068089430894309,True
43,11,43,0.0,0.0,2.5,wave,3525,0,0,0.39687943262411346,True
43,11,44,0.0,0.0,2.5,wave,2880,0,0,0.334375,True
43,11,45,0.0,0.0,2.5,wave,2480,0,0,0.29516129032258065,True
43,11,46,0.0,0.0,2.5,wave,2265,0,0,0.27417218543046357,True
43,11,47,0.0,0.0,2.5,wave,2129,0,0,0.2635039924847346,True
43,11,48,0.0,0.0,2.5,wave,2025,0,0,0.2553086419753086,True
43,11,49,0.0,0.0,2.5,wave,1989,0,0,0.25339366515837103,True
43,11,50,0.0,0.0,2.5,wave,1962,0,0,0.25382262996941896,True
43,11,51,0.0,0.0,2.5,wave,1922,0,0,0.2559833506763788,True
43,11,52,0.0,0.0,2.5,wave,1880,0,0,0.2590425531914894,True
44,1,1,0.0,0.0,2.5,wave,2739,0,0,0.001095290251916758,True
44,1,2,0.0,0.0,2.5,wave,2677,0,0,0.004109077325364214,True
44,1,3,0.0,0.0,2.5,wave,2624,0,0,0.004192073170731708,True
44,1,4,0.0,0.0,2.5,wave,2556,0,0,0.005868544600938967,True
44,1,5,0.0,0.0,2.5,wave,2497,0,0,0.006407689227072487,True
44,1,6,0.0,0.0,2.5,wave,2431,0,0,0.00781571369806664,True
44,1,7,0.0,0.0,2.5,wave,2377,0,0,0.009676062263357174,True
44,1,8,0.0,0.0,2.5,wave,2320,0,0,0.010775862068965518,True
44,1,9,0.0,0.0,2.5,wave,2288,0,0,0.012674825174825174,True
44,1,10,0.0,0.0,2.5,wave,2241,0,0,0.013833110218652387,True
44,1,11,0.0,0.0,2.5,wave,2186,0,0,0.017840805123513267,True
44,1,12,0.0,0.0,2.5,wave,2140,0,0,0.019626168224299065,True
44,1,13,0.0,0.0,2.5,wave,2089,0,0,0.0215414073719483,True
44,1,14,0.0,0.0,2.5,wave,2051,0,0,0.022915650901999023,True
44,1,15,0.0,0.0,2.5,wave,2031,0,0,0.026587887740029542,True
44,1,16,0.0,0.0,2.5,wave,2003,0,0,0.027958062905641536,True
44,1,17,0.0,0.0,2.5,wave,1990,0,0,0.030653266331658293,True
44,1,18,0.0,0.0,2.5,wave,5822,0,0,0.012538646513225695,True
44,1,19,0.0,0.0,2.5,wave,5711,0,0,0.015058658728769042,True
44,1,20,0.0,0.0,2.5,wave,5531,0,0,0.01645272102693907,True
44,1,21,0.0,0.0,2.5,wave,5373,0,0,0.01972827098455239,True
44,1,22,0.0,0.0,2.5,wave,5261,0,0,0.022239118038395744,True
44,1,23,0.0,0.0,2.5,wave,5127,0,0,0.024575775307197192,True
44,1,24,0.0,0.0,2.5,wave,4990,0,0,0.026452905811623247,True
44,1,25,0.0,0.0,2.5,wave,4857,0,0,0.028618488779081738,True
44,1,26,0.0,0.0,2.5,wave,4754,0,0,0.030290281867900715,True
44,1,27,0.0,0.0,2.5,wave,4644,0,0,0.0305770887166236,True
44,1,28,0.0,0.0,2.5,wave,4561,0,0,0.032010524007893004,True
44,1,29,0.0,0.0,2.5,wave,4433,0,0,0.03338596886983984,True
44,1,30,0.0,0.0,2.5,wave,4321,0,0,0.03587132608192548,True
44,1,31,0.0,0.0,2.5,wave,4215,0,0,0.03795966785290629,True
44,1,32,0.0,0.0,2.5,wave,4109,0,0,0.040155755658311025,True
44,1,33,0.0,0.0,2.5,wave,4016,0,0,0.04233067729083665,True
44,1,34,0.0,0.0,2.5,wave,3929,0,0,0.04326800712649529,True
44,1,35,0.0,0.0,2.5,wave,3840,0,0,0.045572916666666664,True
44,1,36,0.0,0.0,2.5,wave,3767,0,0,0.047252455534908415,True
44,1,37,0.0,0.0,2.5,wave,3675,0,0,0.05006802721088435,True
44,1,38,0.0,0.0,2.5,wave,3618,0,0,0.051962410171365395,True
44,1,39,0.0,0.0,2.5,wave,3565,0,0,0.05385694249649369,True
44,1,40,0.0,0.0,2.5,wave,3510,0,0,0.05584045584045584,True
44,1,41,0.0,0.0,2.5,wave,3463,0,0,0.05833092694195784,True
44,1,42,0.0,0.0,2.5,wave,3407,0,0,0.05899618432638685,True
44,1,43,0.0,0.0,2.5,wave,3577,0,0,0.10371819960861056,True
44,1,44,0.0,0.0,2.5,wave,3414,0,0,0.09314586994727592,True
44,1,45,0.0,0.0,2.5,wave,3293,0,0,0.08685089583965988,True
44,1,46,0.0,0.0,2.5,wave,3244,0,0,0.08631319358816276,True
44,1,47,0.0,0.0,2.5,wave,3175,0,0,0.08818897637795275,True
44,1,48,0.0,0.0,2.5,wave,3109,0,0,0.08845287873914442,True
44,1,49,0.0,0.0,2.5,wave,3066,0,0,0.09001956947162426,True
44,1,50,0.0,0.0,2.5,wave,3028,0,0,0.0904887714663144,True
44,1,51,0.0,0.0,2.5,wave,2973,0,0,0.09384460141271443,True
44,1,52,0.0,0.0,2.5,wave,2924,0,0,0.0954172366621067,True
44,2,1,0.0,0.0,2.5,wave,2895,28,6,0.09740932642487046,False
44,2,2,0.0,0.0,2.5,wave,2845,29,9,0.09806678383128295,False
44,2,3,0.0,0.0,2.5,wave,2818,34,12,0.09971611071682045,False
44,2,4,0.0,0.0,2.5,wave,2755,36,17,0.10090744101633393,False
44,2,5,0.0,0.0,2.5,wave,2724,35,17,0.10242290748898679,False
44,2,6,0.0,0.0,2.5,wave,2665,38,9,0.10431519699812383,False
44,2,7,0.0,0.0,2.5,wave,2617,31,6,0.10584638899503249,False
44,2,8,0.0,0.0,2.5,wave,2592,35,11,0.1087962962962963,False
44,2,9,0.0,0.0,2.5,wave,2536,42,14,0.11198738170347003,False
44,2,10,0.0,0.0,2.5,wave,2503,43,19,0.11546144626448263,False
44,2,11,0.0,0.0,2.5,wave,2456,42,17,0.11685667752442996,False
44,2,12,0.0,0.0,2.5,wave,2417,42,14,0.12081092263136119,False
44,2,13,0.0,0.0,2.5,wave,2379,44,13,0.12147961328289197,False
44,2,14,0.0,0.0,2.5,wave,2340,43,20,0.12222222222222222,False
44,2,15,0.0,0.0,2.5,wave,2301,48,22,0.12255541069100391,False
44,2,16,0.0,0.0,2.5,wave,2256,41,19,0.1254432624113475,False
44,2,17,0.0,0.0,2.5,wave,2227,37,18,0.12662775033677592,False
44,2,18,0.0,0.0,2.5,wave,4439,32,12,0.06555530524892994,False
44,2,19,0.0,0.0,2.5,wave,4340,35,12,0.06843317972350231,False
44,2,20,0.0,0.0,2.5,wave,4265,51,15,0.07033997655334115,False
44,2,21,0.0,0.0,2.5,wave,4146,64,16,0.0742884708152436,False
44,2,22,0.0,0.0,2.5,wave,4032,73,24,0.07663690476190477,False
44,2,23,0.0,0.0,2.5,wave,3928,84,32,0.08019348268839104,False
44,2,24,0.0,0.0,2.5,wave,3859,79,36,0.0831821715470329,False
44,2,25,0.0,0.0,2.5,wave,3763,75,39,0.08530427850119586,False
44,2,26,0.0,0.0,2.5,wave,3661,78,30,0.08713466266047527,False
44,2,27,0.0,0.0,2.5,wave,3531,78,26,0.09119229679977343,False
44,2,28,0.0,0.0,2.5,wave,3441,76,30,0.09532112757919209,False
44,2,29,0.0,0.0,2.5,wave,3366,71,28,0.09714795008912656,False
44,2,30,0.0,0.0,2.5,wave,3264,63,26,0.09926470588235294,False
44,2,31,0.0,0.0,2.5,wave,3171,61,27,0.10280668558814254,False
44,2,32,0.0,0.0,2.5,wave,3079,54,23,0.10685287430984086,False
44,2,33,0.0,0.0,2.5,wave,2996,51,25,0.11081441922563418,False
44,2,34,0.0,0.0,2.5,wave,2914,50,21,0.11290322580645161,False
44,2,35,0.0,0.0,2.5,wave,2842,35,11,0.11611541168191415,False
44,2,36,0.0,0.0,2.5,wave,2776,38,18,0.11851585014409222,False
44,2,37,0.0,0.0,2.5,wave,2718,35,15,0.11957321559970567,False
44,2,38,0.0,0.0,2.5,wave,2682,28,9,0.12117822520507084,False
44,2,39,0.0,0.0,2.5,wave,2642,29,10,0.12339137017411052,False
44,2,40,0.0,0.0,2.5,wave,2605,30,14,0.127063339731286,False
44,2,41,0.0,0.0,2.5,wave,2565,30,12,0.12826510721247564,False
44,2,42,0.0,0.0,2.5,wave,2516,25,7,0.13195548489666137,False
44,2,43,0.0,0.0,2.5,wave,2915,25,13,0.2137221269296741,False
44,2,44,0.0,0.0,2.5,wave,2720,18,12,0.18639705882352942,False
44,2,45,0.0,0.0,2.5,wave,2598,16,6,0.1739799846035412,False
44,2,46,0.0,0.0,2.5,wave,2544,11,4,0.17177672955974843,False
44,2,47,0.0,0.0,2.5,wave,2498,11,5,0.1745396317053643,False
44,2,48,0.0,0.0,2.5,wave,2468,10,4,0.17260940032414912,False
44,2,49,0.0,0.0,2.5,wave,2441,10,4,0.17451863990167965,False
44,2,50,0.0,0.0,2.5,wave,2420,12,3,0.1797520661157025,False
44,2,51,0.0,0.0,2.5,wave,2390,10,4,0.1815899581589958,False
44,2,52,0.0,0.0,2.5,wave,2365,9,3,0.18646934460887948,False
44,3,1,0.0,0.0,2.5,wave,2353,6,3,0.19039524011899703,False
44,3,2,0.0,0.0,2.5,wave,2330,6,4,0.192274678111588,False
44,3,3,0.0,0.0,2.5,wave,2303,2,0,0.19669995657837602,False
44,3,4,0.0,0.0,2.5,wave,2257,2,1,0.19893664155959237,False
44,3,5,0.0,0.0,2.5,wave,2229,4,2,0.20053835800807537,False
44,3,6,0.0,0.0,2.5,wave,2198,3,1,0.20200181983621474,False
44,3,7,0.0,0.0,2.5,wave,2175,2,0,0.20919540229885059,False
44,3,8,0.0,0.0,2.5,wave,2146,2,0,0.21015843429636533,False
44,3,9,0.0,0.0,2.5,wave,2127,2,2,0.21156558533145275,False
44,3,10,0.0,0.0,2.5,wave,2103,4,2,0.21255349500713266,False
44,3,11,0.0,0.0,2.5,wave,2074,2,0,0.21648987463837993,False
44,3,12,0.0,0.0,2.5,wave,2038,2,0,0.21884200196270853,False
44,3,13,0.0,0.0,2.5,wave,2023,2,1,0.22145328719723184,False
44,3,14,0.0,0.0,2.5,wave,2004,3,1,0.22405189620758484,False
44,3,15,0.0,0.0,2.5,wave,1982,2,2,0.2265388496468214,False
44,3,16,0.0,0.0,2.5,wave,1964,3,2,0.23065173116089613,False
44,3,17,0.0,0.0,2.5,wave,1944,1,0,0.23148148148148148,False
44,3,18,0.0,0.0,2.5,wave,4464,1,0,0.10215053763440861,False
44,3,19,0.0,0.0,2.5,wave,4393,1,1,0.1028909628955156,False
44,3,20,0.0,0.0,2.5,wave,4259,4,1,0.10777177741253816,False
44,3,21,0.0,0.0,2.5,wave,4154,3,0,0.11097737120847376,False
44,3,22,0.0,0.0,2.5,wave,4034,3,2,0.11527020327218641,False
44,3,23,0.0,0.0,2.5,wave,3956,4,2,0.11653185035389282,False
44,3,24,0.0,0.0,2.5,wave,3876,2,1,0.11867905056759546,False
44,3,25,0.0,0.0,2.5,wave,3791,3,1,0.12318649432867318,False
44,3,26,0.0,0.0,2.5,wave,3713,2,1,0.12631295448424454,False
44,3,27,0.0,0.0,2.5,wave,3645,2,1,0.13031550068587106,False
44,3,28,0.0,0.0,2.5,wave,3562,1,0,0.13363279056709715,False
44,3,29,0.0,0.0,2.5,wave,3481,1,0,0.13645504165469693,False
44,3,30,0.0,0.0,2.5,wave,3397,1,1,0.1380629967618487,False
44,3,31,0.0,0.0,2.5,wave,3340,3,1,0.14191616766467066,False
44,3,32,0.0,0.0,2.5,wave,3277,2,0,0.1461702776930119,False
44,3,33,0.0,0.0,2.5,wave,3205,2,1,0.1485179407176287,False
44,3,34,0.0,0.0,2.5,wave,3148,5,1,0.1531130876747141,False
44,3,35,0.0,0.0,2.5,wave,3095,4,2,0.15638126009693054,False
44,3,36,0.0,0.0,2.5,wave,3020,6,3,0.1605960264900662,False
44,3,37,0.0,0.0,2.5,wave,2977,8,1,0.16291568693315417,False
44,3,38,0.0,0.0,2.5,wave,2931,7,1,0.16581371545547594,False
44,3,39,0.0,0.0,2.5,wave,2898,7,2,0.16735679779158041,False
44,3,40,0.0,0.0,2.5,wave,2854,5,2,0.16818500350385424,False
44,3,41,0.0,0.0,2.5,wave,2810,6,3,0.1697508896797153,False
44,3,42,0.0,0.0,2.5,wave,2774,6,3,0.17231434751261715,False
44,3,43,0.0,0.0,2.5,wave,3141,4,2,0.23782234957020057,False
44,3,44,0.0,0.0,2.5,wave,2927,3,3,0.21318756405876324,False
44,3,45,0.0,0.0,2.5,wave,2823,4,2,0.20758058802692173,False
44,3,46,0.0,0.0,2.5,wave,2767,2,0,0.20852909288037585,False
44,3,47,0.0,0.0,2.5,wave,2735,2,0,0.20950639853747716,False
44,3,48,0.0,0.0,2.5,wave,2721,2,0,0.21205439176773244,False
44,3,49,0.0,0.0,2.5,wave,2695,2,2,0.21447124304267162,False
44,3,50,0.0,0.0,2.5,wave,2670,3,2,0.21647940074906366,False
44,3,51,0.0,0.0,2.5,wave,2635,1,0,0.21973434535104364,False
44,3,52,0.0,0.0,2.5,wave,2612,1,0,0.22166921898928024,False
44,4,1,0.0,0.0,2.5,wave,2564,1,0,0.22230889235569423,False
44,4,2,0.0,0.0,2.5,wave,2516,1,0,0.22138314785373608,False
44,4,3,0.0,0.0,2.5,wave,2489,1,1,0.22298111691442346,False
44,4,4,0.0,0.0,2.5,wave,2457,1,1,0.22425722425722425,False
44,4,5,0.0,0.0,2.5,wave,2425,0,0,0.22474226804123712,True
44,4,6,0.0,0.0,2.5,wave,2383,0,0,0.22618548048678136,True
44,4,7,0.0,0.0,2.5,wave,2361,0,0,0.22702244811520542,True
44,4,8,0.0,0.0,2.5,wave,2340,0,0,0.22905982905982905,True
44,4,9,0.0,0.0,2.5,wave,2310,0,0,0.22857142857142856,True
44,4,10,0.0,0.0,2.5,wave,2283,0,0,0.23039859833552342,True
44,4,11,0.0,0.0,2.5,wave,2254,0,0,0.23247559893522626,True
44,4,12,0.0,0.0,2.5,wave,2233,0,0,0.2360053739364084,True
44,4,13,0.0,0.0,2.5,wave,2195,0,0,0.23963553530751708,True
44,4,14,0.0,0.0,2.5,wave,2166,0,0,0.24238227146814403,True
44,4,15,0.0,0.0,2.5,wave,2138,0,0,0.2422825070159027,True
44,4,16,0.0,0.0,2.5,wave,2105,0,0,0.24323040380047506,True
44,4,17,0.0,0.0,2.5,wave,2084,0,0,0.24472168905950095,True
44,4,18,0.0,0.0,2.5,wave,4410,0,0,0.11564625850340136,True
44,4,19,0.0,0.0,2.5,wave,4324,0,0,0.11748381128584644,True
44,4,20,0.0,0.0,2.5,wave,4228,0,0,0.12015137180700095,True
44,4,21,0.0,0.0,2.5,wave,4129,0,0,0.12448534754177767,True
44,4,22,0.0,0.0,2.5,wave,4049,0,0,0.1264509755495184,True
44,4,23,0.0,0.0,2.5,wave,3949,0,0,0.1324385920486199,True
44,4,24,0.0,0.0,2.5,wave,3866,0,0,0.13424728401448527,True
44,4,25,0.0,0.0,2.5,wave,3782,0,0,0.13828662083553675,True
44,4,26,0.0,0.0,2.5,wave,3685,0,0,0.14382632293080055,True
44,4,27,0.0,0.0,2.5,wave,3575,0,0,0.14657342657342656,True
44,4,28,0.0,0.0,2.5,wave,3501,0,0,0.14824335904027422,True
44,4,29,0.0,0.0,2.5,wave,3393,0,0,0.1506041850869437,True
44,4,30,0.0,0.0,2.5,wave,3307,0,0,0.15452071363773814,True
44,4,31,0.0,0.0,2.5,wave,3238,0,0,0.15750463248919086,True
44,4,32,0.0,0.0,2.5,wave,3183,0,0,0.15802701853597234,True
44,4,33,0.0,0.0,2.5,wave,3093,0,0,0.16068541868735856,True
44,4,34,0.0,0.0,2.5,wave,3028,0,0,0.16248348745046234,True
44,4,35,0.0,0.0,2.5,wave,2960,0,0,0.16587837837837838,True
44,4,36,0.0,0.0,2.5,wave,2909,0,0,0.16672396012375387,True
44,4,37,0.0,0.0,2.5,wave,2872,0,0,0.17165738161559888,True
44,4,38,0.0,0.0,2.5,wave,2841,0,0,0.17282646955297432,True
44,4,39,0.0,0.0,2.5,wave,2800,0,0,0.175,True
44,4,40,0.0,0.0,2.5,wave,2765,0,0,0.17613019891500903,True
44,4,41,0.0,0.0,2.5,wave,2735,0,0,0.17915904936014626,True
44,4,42,0.0,0.0,2.5,wave,2698,0,0,0.18198665678280207,True
44,4,43,0.0,0.0,2.5,wave,3131,0,0,0.2567869690194826,True
44,4,44,0.0,0.0,2.5,wave,2905,0,0,0.2333907056798623,True
44,4,45,0.0,0.0,2.5,wave,2819,0,0,0.2263213905640298,True
44,4,46,0.0,0.0,2.5,wave,2755,0,0,0.2221415607985481,True
44,4,47,0.0,0.0,2.5,wave,2713,0,0,0.2252119424990785,True
44,4,48,0.0,0.0,2.5,wave,2692,0,0,0.22399702823179793,True
44,4,49,0.0,0.0,2.5,wave,2673,0,0,0.22596333707444818,True
44,4,50,0.0,0.0,2.5,wave,2630,0,0,0.22775665399239545,True
44,4,51,0.0,0.0,2.5,wave,2601,0,0,0.2302960399846213,True
44,4,52,0.0,0.0,2.5,wave,2574,0,0,0.23115773115773117,True
44,5,1,0.0,0.0,2.5,wave,2537,0,0,0.23334647221127316,True
44,5,2,0.0,0.0,2.5,wave,2515,0,0,0.23777335984095427,True
44,5,3,0.0,0.0,2.5,wave,2490,0,0,0.2385542168674699,True
44,5,4,0.0,0.0,2.5,wave,2450,0,0,0.23918367346938776,True
44,5,5,0.0,0.0,2.5,wave,2418,0,0,0.24152191894127378,True
44,5,6,0.0,0.0,2.5,wave,2394,0,0,0.24394319131161235,True
44,5,7,0.0,0.0,2.5,wave,2366,0,0,0.2455621301775148,True
44,5,8,0.0,0.0,2.5,wave,2337,0,0,0.2490372272143774,True
44,5,9,0.0,0.0,2.5,wave,2295,0,0,0.2514161220043573,True
44,5,10,0.0,0.0,2.5,wave,2281,0,0,0.25208241999123193,True
44,5,11,0.0,0.0,2.5,wave,2251,0,0,0.2558862727676588,True
44,5,12,0.0,0.0,2.5,wave,2227,0,0,0.2559497081275258,True
44,5,13,0.0,0.0,2.5,wave,2207,0,0,0.2564567285908473,True
44,5,14,0.0,0.0,2.5,wave,2187,0,0,0.258344764517604,True
44,5,15,0.0,0.0,2.5,wave,2162,0,0,0.2622571692876966,True
44,5,16,0.0,0.0,2.5,wave,2133,0,0,0.26254102203469293,True
44,5,17,0.0,0.0,2.5,wave,2115,0,0,0.2657210401891253,True
44,5,18,0.0,0.0,2.5,wave,4603,0,0,0.12296328481425157,True
44,5,19,0.0,0.0,2.5,wave,4518,0,0,0.12616201859229748,True
44,5,20,0.0,0.0,2.5,wave,4425,0,0,0.12836158192090397,True
44,5,21,0.0,0.0,2.5,wave,4301,0,0,0.13089979074633806,True
44,5,22,0.0,0.0,2.5,wave,4239,0,0,0.13305024769992924,True
44,5,23,0.0,0.0,2.5,wave,4138,0,0,0.13678105364910584,True
44,5,24,0.0,0.0,2.5,wave,4030,0,0,0.1411910669975186,True
44,5,25,0.0,0.0,2.5,wave,3936,0,0,0.14583333333333334,True
44,5,26,0.0,0.0,2.5,wave,3831,0,0,0.14983033150613417,True
44,5,27,0.0,0.0,2.5,wave,3735,0,0,0.15287817938420348,True
44,5,28,0.0,0.0,2.5,wave,3667,0,0,0.15625852195254977,True
44,5,29,0.0,0.0,2.5,wave,3611,0,0,0.15895873719191358,True
44,5,30,0.0,0.0,2.5,wave,3543,0,0,0.1622918430708439,True
44,5,31,0.0,0.0,2.5,wave,3454,0,0,0.16502605674580198,True
44,5,32,0.0,0.0,2.5,wave,3364,0,0,0.16884661117717004,True
44,5,33,0.0,0.0,2.5,wave,3294,0,0,0.17182756527018822,True
44,5,34,0.0,0.0,2.5,wave,3243,0,0,0.17514646931853223,True
44,5,35,0.0,0.0,2.5,wave,3167,0,0,0.1787180296810862,True
44,5,36,0.0,0.0,2.5,wave,3096,0,0,0.18281653746770027,True
44,5,37,0.0,0.0,2.5,wave,3040,0,0,0.18486842105263157,True
44,5,38,0.0,0.0,2.5,wave,2996,0,0,0.18724966622162884,True
44,5,39,0.0,0.0,2.5,wave,2962,0,0,0.19108710330857528,True
44,5,40,0.0,0.0,2.5,wave,2927,0,0,0.19542193372053296,True
44,5,41,0.0,0.0,2.5,wave,2890,0,0,0.19653979238754327,True
44,5,42,0.0,0.0,2.5,wave,2867,0,0,0.19916288803627485,True
44,5,43,0.0,0.0,2.5,wave,3353,0,0,0.2645392186101998,True
44,5,44,0.0,0.0,2.5,wave,3095,0,0,0.237156704361874,True
44,5,45,0.0,0.0,2.5,wave,2964,0,0,0.22840755735492577,True
44,5,46,0.0,0.0,2.5,wave,2881,0,0,0.22388059701492538,True
44,5,47,0.0,0.0,2.5,wave,2838,0,0,0.22727272727272727,True
44,5,48,0.0,0.0,2.5,wave,2803,0,0,0.2297538351765965,True
44,5,49,0.0,0.0,2.5,wave,2778,0,0,0.2293016558675306,True
44,5,50,0.0,0.0,2.5,wave,2739,0,0,0.2322015334063527,True
44,5,51,0.0,0.0,2.5,wave,2718,0,0,0.23362766740250185,True
44,5,52,0.0,0.0,2.5,wave,2676,0,0,0.23542600896860988,True
44,6,1,0.0,0.0,2.5,wave,2655,0,0,0.2384180790960452,True
44,6,2,0.0,0.0,2.5,wave,2627,0,0,0.24133993148077656,True
44,6,3,0.0,0.0,2.5,wave,2594,0,0,0.243639167309175,True
44,6,4,0.0,0.0,2.5,wave,2568,0,0,0.2457165109034268,True
44,6,5,0.0,0.0,2.5,wave,2534,0,0,0.24506708760852408,True
44,6,6,0.0,0.0,2.5,wave,2508,0,0,0.24641148325358853,True
44,6,7,0.0,0.0,2.5,wave,2466,0,0,0.24817518248175183,True
44,6,8,0.0,0.0,2.5,wave,2450,0,0,0.2506122448979592,True
44,6,9,0.0,0.0,2.5,wave,2427,0,0,0.2517511330861145,True
44,6,10,0.0,0.0,2.5,wave,2396,0,0,0.255008347245409,True
44,6,11,0.0,0.0,2.5,wave,2374,0,0,0.2565290648694187,True
44,6,12,0.0,0.0,2.5,wave,2343,0,0,0.2599231754161332,True
44,6,13,0.0,0.0,2.5,wave,2312,0,0,0.2616782006920415,True
44,6,14,0.0,0.0,2.5,wave,2292,0,0,0.26352530541012215,True
44,6,15,0.0,0.0,2.5,wave,2269,0,0,0.26487439400617013,True
44,6,16,0.0,0.0,2.5,wave,2252,0,0,0.2673179396092362,True
44,6,17,0.0,0.0,2.5,wave,2215,0,0,0.2695259593679458,True
44,6,18,0.0,0.0,2.5,wave,4929,0,0,0.1199026171637249,True
44,6,19,0.0,0.0,2.5,wave,4810,0,0,0.12328482328482329,True
44,6,20,0.0,0.0,2.5,wave,4715,0,0,0.12682926829268293,True
44,6,21,0.0,0.0,2.5,wave,4582,0,0,0.12963771278917502,True
44,6,22,0.0,0.0,2.5,wave,4459,0,0,0.13298945952007177,True
44,6,23,0.0,0.0,2.5,wave,4354,0,0,0.13504823151125403,True
44,6,24,0.0,0.0,2.5,wave,4277,0,0,0.13794715922375497,True
44,6,25,0.0,0.0,2.5,wave,4130,0,0,0.1414043583535109,True
44,6,26,0.0,0.0,2.5,wave,4002,0,0,0.14392803598200898,True
44,6,27,0.0,0.0,2.5,wave,3912,0,0,0.147239263803681,True
44,6,28,0.0,0.0,2.5,wave,3797,0,0,0.15011851461680273,True
44,6,29,0.0,0.0,2.5,wave,3707,0,0,0.15376315079579175,True
44,6,30,0.0,0.0,2.5,wave,3619,0,0,0.1572257529704338,True
44,6,31,0.0,0.0,2.5,wave,3534,0,0,0.1610073571024335,True
44,6,32,0.0,0.0,2.5,wave,3486,0,0,0.16322432587492827,True
44,6,33,0.0,0.0,2.5,wave,3411,0,0,0.16564057461155088,True
44,6,34,0.0,0.0,2.5,wave,3366,0,0,0.16993464052287582,True
44,6,35,0.0,0.0,2.5,wave,3311,0,0,0.17154938085170643,True
44,6,36,0.0,0.0,2.5,wave,3246,0,0,0.17375231053604437,True
44,6,37,0.0,0.0,2.5,wave,3203,0,0,0.17733374960974088,True
44,6,38,0.0,0.0,2.5,wave,3167,0,0,0.17934954215345753,True
44,6,39,0.0,0.0,2.5,wave,3133,0,0,0.18097669964889881,True
44,6,40,0.0,0.0,2.5,wave,3096,0,0,0.18410852713178294,True
44,6,41,0.0,0.0,2.5,wave,3066,0,0,0.1862361382909328,True
44,6,42,0.0,0.0,2.5,wave,3045,0,0,0.18981937602627258,True
44,6,43,0.0,0.0,2.5,wave,3544,0,0,0.26326185101580135,True
44,6,44,0.0,0.0,2.5,wave,3316,0,0,0.24004825090470447,True
44,6,45,0.0,0.0,2.5,wave,3130,0,0,0.2258785942492013,True
44,6,46,0.0,0.0,2.5,wave,3085,0,0,0.2226904376012966,True
44,6,47,0.0,0.0,2.5,wave,3024,0,0,0.22420634920634921,True
44,6,48,0.0,0.0,2.5,wave,2949,0,0,0.22380467955239064,True
44,6,49,0.0,0.0,2.5,wave,2920,0,0,0.22568493150684932,True
44,6,50,0.0,0.0,2.5,wave,2869,0,0,0.2258626699198327,True
44,6,51,0.0,0.0,2.5,wave,2841,0,0,0.22914466737064415,True
44,6,52,0.0,0.0,2.5,wave,2797,0,0,0.2295316410439757,True
44,7,1,0.0,0.0,2.5,wave,2769,0,0,0.2311303719754424,True
44,7,2,0.0,0.0,2.5,wave,2734,0,0,0.23152889539136795,True
44,7,3,0.0,0.0,2.5,wave,2690,0,0,0.23382899628252787,True
44,7,4,0.0,0.0,2.5,wave,2655,0,0,0.23691148775894538,True
44,7,5,0.0,0.0,2.5,wave,2625,0,0,0.23695238095238094,True
44,7,6,0.0,0.0,2.5,wave,2585,0,0,0.23984526112185686,True
44,7,7,0.0,0.0,2.5,wave,2541,0,0,0.24242424242424243,True
44,7,8,0.0,0.0,2.5,wave,2514,0,0,0.24741447891805887,True
44,7,9,0.0,0.0,2.5,wave,2476,0,0,0.25,True
44,7,10,0.0,0.0,2.5,wave,2436,0,0,0.25410509031198686,True
44,7,11,0.0,0.0,2.5,wave,2414,0,0,0.2547638773819387,True
44,7,12,0.0,0.0,2.5,wave,2392,0,0,0.25627090301003347,True
44,7,13,0.0,0.0,2.5,wave,2361,0,0,0.25624735281660316,True
44,7,14,0.0,0.0,2.5,wave,2345,0,0,0.25884861407249465,True
44,7,15,0.0,0.0,2.5,wave,2316,0,0,0.25906735751295334,True
44,7,16,0.0,0.0,2.5,wave,2293,0,0,0.2647187091146969,True
44,7,17,0.0,0.0,2.5,wave,2262,0,0,0.26436781609195403,True
44,7,18,0.0,0.0,2.5,wave,4965,0,0,0.12084592145015106,True
44,7,19,0.0,0.0,2.5,wave,4883,0,0,0.12287528158918698,True
44,7,20,0.0,0.0,2.5,wave,4780,0,0,0.12740585774058577,True
44,7,21,0.0,0.0,2.5,wave,4668,0,0,0.13024850042844902,True
44,7,22,0.0,0.0,2.5,wave,4587,0,0,0.13472858077174624,True
44,7,23,0.0,0.0,2.5,wave,4500,0,0,0.13755555555555554,True
44,7,24,0.0,0.0,2.5,wave,4405,0,0,0.14256526674233824,True
44,7,25,0.0,0.0,2.5,wave,4328,0,0,0.1448706099815157,True
44,7,26,0.0,0.0,2.5,wave,4212,0,0,0.14838556505223172,True
44,7,27,0.0,0.0,2.5,wave,4110,0,0,0.1515815085158151,True
44,7,28,0.0,0.0,2.5,wave,4040,0,0,0.15495049504950495,True
44,7,29,0.0,0.0,2.5,wave,3974,0,0,0.15626572722697535,True
44,7,30,0.0,0.0,2.5,wave,3864,0,0,0.15916149068322982,True
44,7,31,0.0,0.0,2.5,wave,3772,0,0,0.16251325556733828,True
44,7,32,0.0,0.0,2.5,wave,3696,0,0,0.16558441558441558,True
44,7,33,0.0,0.0,2.5,wave,3636,0,0,0.1674917491749175,True
44,7,34,0.0,0.0,2.5,wave,3566,0,0,0.17049915872125632,True
44,7,35,0.0,0.0,2.5,wave,3504,0,0,0.1735159817351598,True
44,7,36,0.0,0.0,2.5,wave,3454,0,0,0.17718587145338738,True
44,7,37,0.0,0.0,2.5,wave,3389,0,0,0.17999409855414578,True
44,7,38,0.0,0.0,2.5,wave,3352,0,0,0.18257756563245822,True
44,7,39,0.0,0.0,2.5,wave,3296,0,0,0.18446601941747573,True
44,7,40,0.0,0.0,2.5,wave,3270,0,0,0.1856269113149847,True
44,7,41,0.0,0.0,2.5,wave,3224,0,0,0.18858560794044665,True
44,7,42,0.0,0.0,2.5,wave,3192,0,0,0.19141604010025062,True
44,7,43,0.0,0.0,2.5,wave,3788,0,0,0.26478352692713836,True
44,7,44,0.0,0.0,2.5,wave,3545,0,0,0.2459802538787024,True
44,7,45,0.0,0.0,2.5,wave,3381,0,0,0.2318840579710145,True
44,7,46,0.0,0.0,2.5,wave,3276,0,0,0.2310744810744811,True
44,7,47,0.0,0.0,2.5,wave,3230,0,0,0.2331269349845201,True
44,7,48,0.0,0.0,2.5,wave,3176,0,0,0.2304785894206549,True
44,7,49,0.0,0.0,2.5,wave,3119,0,0,0.23276691247194614,True
44,7,50,0.0,0.0,2.5,wave,3073,0,0,0.2356003904978848,True
44,7,51,0.0,0.0,2.5,wave,3027,0,0,0.24017178724810043,True
44,7,52,0.0,0.0,2.5,wave,2992,0,0,0.240975935828877,True
44,8,1,0.0,0.0,2.5,wave,2960,0,0,0.2429054054054054,True
44,8,2,0.0,0.0,2.5,wave,2931,0,0,0.24530876833845103,True
44,8,3,0.0,0.0,2.5,wave,2904,0,0,0.24793388429752067,True
44,8,4,0.0,0.0,2.5,wave,2850,0,0,0.24912280701754386,True
44,8,5,0.0,0.0,2.5,wave,2827,0,0,0.2518570923240184,True
44,8,6,0.0,0.0,2.5,wave,2791,0,0,0.25295592977427445,True
44,8,7,0.0,0.0,2.5,wave,2755,0,0,0.25480943738656986,True
44,8,8,0.0,0.0,2.5,wave,2728,0,0,0.25806451612903225,True
44,8,9,0.0,0.0,2.5,wave,2703,0,0,0.25749167591564925,True
44,8,10,0.0,0.0,2.5,wave,2673,0,0,0.2607557052001496,True
44,8,11,0.0,0.0,2.5,wave,2640,0,0,0.2609848484848485,True
44,8,12,0.0,0.0,2.5,wave,2623,0,0,0.2634388105223027,True
44,8,13,0.0,0.0,2.5,wave,2593,0,0,0.2661010412649441,True
44,8,14,0.0,0.0,2.5,wave,2558,0,0,0.26739640344018767,True
44,8,15,0.0,0.0,2.5,wave,2537,0,0,0.2684272763106031,True
44,8,16,0.0,0.0,2.5,wave,2514,0,0,0.26929196499602226,True
44,8,17,0.0,0.0,2.5,wave,2502,0,0,0.271382893685052,True
44,8,18,0.0,0.0,2.5,wave,5470,0,0,0.12541133455210238,True
44,8,19,0.0,0.0,2.5,wave,5379,0,0,0.12883435582822086,True
44,8,20,0.0,0.0,2.5,wave,5284,0,0,0.13152914458743376,True
44,8,21,0.0,0.0,2.5,wave,5204,0,0,0.13585703305149885,True
44,8,22,0.0,0.0,2.5,wave,5126,0,0,0.1390948107686305,True
44,8,23,0.0,0.0,2.5,wave,5034,0,0,0.1426301152165276,True
44,8,24,0.0,0.0,2.5,wave,4940,0,0,0.14635627530364373,True
44,8,25,0.0,0.0,2.5,wave,4829,0,0,0.1480637813211845,True
44,8,26,0.0,0.0,2.5,wave,4716,0,0,0.15267175572519084,True
44,8,27,0.0,0.0,2.5,wave,4633,0,0,0.154327649471185,True
44,8,28,0.0,0.0,2.5,wave,4531,0,0,0.15691900242772014,True
44,8,29,0.0,0.0,2.5,wave,4460,0,0,0.1600896860986547,True
44,8,30,0.0,0.0,2.5,wave,4376,0,0,0.1636197440585009,True
44,8,31,0.0,0.0,2.5,wave,4304,0,0,0.1670539033457249,True
44,8,32,0.0,0.0,2.5,wave,4233,0,0,0.17056461138672335,True
44,8,33,0.0,0.0,2.5,wave,4129,0,0,0.17340760474691208,True
44,8,34,0.0,0.0,2.5,wave,4047,0,0,0.17568569310600446,True
44,8,35,0.0,0.0,2.5,wave,3991,0,0,0.1794036582310198,True
44,8,36,0.0,0.0,2.5,wave,3930,0,0,0.18193384223918574,True
44,8,37,0.0,0.0,2.5,wave,3880,0,0,0.18427835051546393,True
44,8,38,0.0,0.0,2.5,wave,3813,0,0,0.18699186991869918,True
44,8,39,0.0,0.0,2.5,wave,3773,0,0,0.190564537503313,True
44,8,40,0.0,0.0,2.5,wave,3722,0,0,0.19451907576571736,True
44,8,41,0.0,0.0,2.5,wave,3682,0,0,0.19717544812601848,True
44,8,42,0.0,0.0,2.5,wave,3638,0,0,0.200109950522265,True
44,8,43,0.0,0.0,2.5,wave,4233,0,0,0.26742263170328373,True
44,8,44,0.0,0.0,2.5,wave,3939,0,0,0.2427011931962427,True
44,8,45,0.0,0.0,2.5,wave,3794,0,0,0.23326304691618344,True
44,8,46,0.0,0.0,2.5,wave,3665,0,0,0.2316507503410641,True
44,8,47,0.0,0.0,2.5,wave,3572,0,0,0.23292273236282196,True
44,8,48,0.0,0.0,2.5,wave,3530,0,0,0.23342776203966006,True
44,8,49,0.0,0.0,2.5,wave,3493,0,0,0.23418265101631836,True
44,8,50,0.0,0.0,2.5,wave,3440,0,0,0.2369186046511628,True
44,8,51,0.0,0.0,2.5,wave,3395,0,0,0.2365243004418262,True
44,8,52,0.0,0.0,2.5,wave,3359,0,0,0.23935695147365288,True
44,9,1,0.0,0.0,2.5,wave,3318,0,0,0.24141048824593128,True
44,9,2,0.0,0.0,2.5,wave,3285,0,0,0.243531202435312,True
44,9,3,0.0,0.0,2.5,wave,3239,0,0,0.24668107440568077,True
44,9,4,0.0,0.0,2.5,wave,3187,0,0,0.24662692187009727,True
44,9,5,0.0,0.0,2.5,wave,3164,0,0,0.24905183312262957,True
44,9,6,0.0,0.0,2.5,wave,3135,0,0,0.25135566188197767,True
44,9,7,0.0,0.0,2.5,wave,3107,0,0,0.2520115867396202,True
44,9,8,0.0,0.0,2.5,wave,3065,0,0,0.2564437194127243,True
44,9,9,0.0,0.0,2.5,wave,3027,0,0,0.25834159233564585,True
44,9,10,0.0,0.0,2.5,wave,2993,0,0,0.25960574674239895,True
44,9,11,0.0,0.0,2.5,wave,2967,0,0,0.26120660599932594,True
44,9,12,0.0,0.0,2.5,wave,2928,0,0,0.2646857923497268,True
44,9,13,0.0,0.0,2.5,wave,2907,0,0,0.2686618507051944,True
44,9,14,0.0,0.0,2.5,wave,2869,0,0,0.2701289647960962,True
44,9,15,0.0,0.0,2.5,wave,2845,0,0,0.27065026362038663,True
44,9,16,0.0,0.0,2.5,wave,2812,0,0,0.2756045519203414,True
44,9,17,0.0,0.0,2.5,wave,2778,0,0,0.2789776817854572,True
44,9,18,0.0,0.0,2.5,wave,5849,0,0,0.12480765942896221,True
44,9,19,0.0,0.0,2.5,wave,5776,0,0,0.12690443213296398,True
44,9,20,0.0,0.0,2.5,wave,5678,0,0,0.13085593518844663,True
44,9,21,0.0,0.0,2.5,wave,5585,0,0,0.13267681289167413,True
44,9,22,0.0,0.0,2.5,wave,5458,0,0,0.13631366801026018,True
44,9,23,0.0,0.0,2.5,wave,5351,0,0,0.13885255092506074,True
44,9,24,0.0,0.0,2.5,wave,5250,0,0,0.14133333333333334,True
44,9,25,0.0,0.0,2.5,wave,5123,0,0,0.14542260394300216,True
44,9,26,0.0,0.0,2.5,wave,5016,0,0,0.14952153110047847,True
44,9,27,0.0,0.0,2.5,wave,4932,0,0,0.15348742903487428,True
44,9,28,0.0,0.0,2.5,wave,4859,0,0,0.15599917678534678,True
44,9,29,0.0,0.0,2.5,wave,4779,0,0,0.15861058798911906,True
44,9,30,0.0,0.0,2.5,wave,4704,0,0,0.1605017006802721,True
44,9,31,0.0,0.0,2.5,wave,4620,0,0,0.16363636363636364,True
44,9,32,0.0,0.0,2.5,wave,4532,0,0,0.1679170344218888,True
44,9,33,0.0,0.0,2.5,wave,4451,0,0,0.17142215232532015,True
44,9,34,0.0,0.0,2.5,wave,4378,0,0,0.17428049337597076,True
44,9,35,0.0,0.0,2.5,wave,4311,0,0,0.1767571329157968,True
44,9,36,0.0,0.0,2.5,wave,4230,0,0,0.18179669030732862,True
44,9,37,0.0,0.0,2.5,wave,4155,0,0,0.18507821901323707,True
44,9,38,0.0,0.0,2.5,wave,4087,0,0,0.18766821629557132,True
44,9,39,0.0,0.0,2.5,wave,4035,0,0,0.18884758364312268,True
44,9,40,0.0,0.0,2.5,wave,3983,0,0,0.1910620135576199,True
44,9,41,0.0,0.0,2.5,wave,3947,0,0,0.19381808968837091,True
44,9,42,0.0,0.0,2.5,wave,3898,0,0,0.19805028219599793,True
44,9,43,0.0,0.0,2.5,wave,4572,0,0,0.26749781277340334,True
44,9,44,0.0,0.0,2.5,wave,4209,0,0,0.24162508909479685,True
44,9,45,0.0,0.0,2.5,wave,4039,0,0,0.23644466452092103,True
44,9,46,0.0,0.0,2.5,wave,3899,0,0,0.2333931777378815,True
44,9,47,0.0,0.0,2.5,wave,3813,0,0,0.23157618672960922,True
44,9,48,0.0,0.0,2.5,wave,3740,0,0,0.23529411764705882,True
44,9,49,0.0,0.0,2.5,wave,3695,0,0,0.23734776725304466,True
44,9,50,0.0,0.0,2.5,wave,3646,0,0,0.2397147558968733,True
44,9,51,0.0,0.0,2.5,wave,3583,0,0,0.2389059447390455,True
44,9,52,0.0,0.0,2.5,wave,3541,0,0,0.24004518497599547,True
44,10,1,0.0,0.0,2.5,wave,3501,0,0,0.2430734075978292,True
44,10,2,0.0,0.0,2.5,wave,3456,0,0,0.24594907407407407,True
44,10,3,0.0,0.0,2.5,wave,3411,0,0,0.247727939020815,True
44,10,4,0.0,0.0,2.5,wave,3351,0,0,0.249179349447926,True
44,10,5,0.0,0.0,2.5,wave,3311,0,0,0.25249169435215946,True
44,10,6,0.0,0.0,2.5,wave,3269,0,0,0.25420617925971245,True
44,10,7,0.0,0.0,2.5,wave,3238,0,0,0.25694873378628785,True
44,10,8,0.0,0.0,2.5,wave,3198,0,0,0.2601626016260163,True
44,10,9,0.0,0.0,2.5,wave,3163,0,0,0.26272526082832753,True
44,10,10,0.0,0.0,2.5,wave,3129,0,0,0.26589964844998404,True
44,10,11,0.0,0.0,2.5,wave,3106,0,0,0.27012234385061173,True
44,10,12,0.0,0.0,2.5,wave,3071,0,0,0.271572777596874,True
44,10,13,0.0,0.0,2.5,wave,3037,0,0,0.27230819888047414,True
44,10,14,0.0,0.0,2.5,wave,3007,0,0,0.2736947123378783,True
44,10,15,0.0,0.0,2.5,wave,2976,0,0,0.2762096774193548,True
44,10,16,0.0,0.0,2.5,wave,2951,0,0,0.2785496441884107,True
44,10,17,0.0,0.0,2.5,wave,2917,0,0,0.2817963661295852,True
44,10,18,0.0,0.0,2.5,wave,6420,0,0,0.1221183800623053,True
44,10,19,0.0,0.0,2.5,wave,6331,0,0,0.12462486179118623,True
44,10,20,0.0,0.0,2.5,wave,6208,0,0,0.12725515463917525,True
44,10,21,0.0,0.0,2.5,wave,6096,0,0,0.13057742782152232,True
44,10,22,0.0,0.0,2.5,wave,5979,0,0,0.13396889111891622,True
44,10,23,0.0,0.0,2.5,wave,5867,0,0,0.13788989261973753,True
44,10,24,0.0,0.0,2.5,wave,5757,0,0,0.1408719819350356,True
44,10,25,0.0,0.0,2.5,wave,5664,0,0,0.1440677966101695,True
44,10,26,0.0,0.0,2.5,wave,5546,0,0,0.14857554994590697,True
44,10,27,0.0,0.0,2.5,wave,5422,0,0,0.15086683880486906,True
44,10,28,0.0,0.0,2.5,wave,5296,0,0,0.15483383685800603,True
44,10,29,0.0,0.0,2.5,wave,5201,0,0,0.15823880023072487,True
44,10,30,0.0,0.0,2.5,wave,5102,0,0,0.1613092904743238,True
44,10,31,0.0,0.0,2.5,wave,5012,0,0,0.16320830007980847,True
44,10,32,0.0,0.0,2.5,wave,4931,0,0,0.16568647333198133,True
44,10,33,0.0,0.0,2.5,wave,4864,0,0,0.16673519736842105,True
44,10,34,0.0,0.0,2.5,wave,4776,0,0,0.17022613065326633,True
44,10,35,0.0,0.0,2.5,wave,4686,0,0,0.17285531370038412,True
44,10,36,0.0,0.0,2.5,wave,4568,0,0,0.17600700525394045,True
44,10,37,0.0,0.0,2.5,wave,4491,0,0,0.1796927187708751,True
44,10,38,0.0,0.0,2.5,wave,4429,0,0,0.18130503499661324,True
44,10,39,0.0,0.0,2.5,wave,4370,0,0,0.182837528604119,True
44,10,40,0.0,0.0,2.5,wave,4324,0,0,0.1857076780758557,True
44,10,41,0.0,0.0,2.5,wave,4275,0,0,0.18783625730994152,True
44,10,42,0.0,0.0,2.5,wave,4240,0,0,0.19103773584905662,True
44,10,43,0.0,0.0,2.5,wave,4976,0,0,0.2646704180064309,True
44,10,44,0.0,0.0,2.5,wave,4604,0,0,0.23783666377063423,True
44,10,45,0.0,0.0,2.5,wave,4398,0,0,0.22737608003638018,True
44,10,46,0.0,0.0,2.5,wave,4272,0,0,0.22073970037453183,True
44,10,47,0.0,0.0,2.5,wave,4166,0,0,0.22035525684109458,True
44,10,48,0.0,0.0,2.5,wave,4101,0,0,0.22165325530358448,True
44,10,49,0.0,0.0,2.5,wave,4056,0,0,0.22435897435897437,True
44,10,50,0.0,0.0,2.5,wave,4009,0,0,0.22673983537041656,True
44,10,51,0.0,0.0,2.5,wave,3947,0,0,0.22675449708639472,True
44,10,52,0.0,0.0,2.5,wave,3900,0,0,0.22743589743589743,True
44,11,1,0.0,0.0,2.5,wave,3837,0,0,0.22986708365910868,True
44,11,2,0.0,0.0,2.5,wave,3777,0,0,0.23166534286470744,True
44,11,3,0.0,0.0,2.5,wave,3730,0,0,0.23404825737265417,True
44,11,4,0.0,0.0,2.5,wave,3670,0,0,0.23732970027247957,True
44,11,5,0.0,0.0,2.5,wave,3603,0,0,0.23924507354981958,True
44,11,6,0.0,0.0,2.5,wave,3566,0,0,0.2414469994391475,True
44,11,7,0.0,0.0,2.5,wave,3523,0,0,0.24354243542435425,True
44,11,8,0.0,0.0,2.5,wave,3469,0,0,0.24589218795041798,True
44,11,9,0.0,0.0,2.5,wave,3430,0,0,0.24956268221574343,True
44,11,10,0.0,0.0,2.5,wave,3362,0,0,0.25223081499107675,True
44,11,11,0.0,0.0,2.5,wave,3326,0,0,0.2528562838244137,True
44,11,12,0.0,0.0,2.5,wave,3281,0,0,0.25480036574215176,True
44,11,13,0.0,0.0,2.5,wave,3249,0,0,0.2563865804863035,True
44,11,14,0.0,0.0,2.5,wave,3222,0,0,0.25915580384854126,True
44,11,15,0.0,0.0,2.5,wave,3198,0,0,0.2620387742338962,True
44,11,16,0.0,0.0,2.5,wave,3157,0,0,0.2644916059550206,True
44,11,17,0.0,0.0,2.5,wave,3126,0,0,0.26711452335252717,True
44,11,18,0.0,0.0,2.5,wave,6826,0,0,0.11646645180193378,True
44,11,19,0.0,0.0,2.5,wave,6698,0,0,0.11928934010152284,True
44,11,20,0.0,0.0,2.5,wave,6563,0,0,0.12296206003352125,True
44,11,21,0.0,0.0,2.5,wave,6441,0,0,0.12622263623660923,True
44,11,22,0.0,0.0,2.5,wave,6280,0,0,0.13009554140127388,True
44,11,23,0.0,0.0,2.5,wave,6166,0,0,0.1337982484592929,True
44,11,24,0.0,0.0,2.5,wave,6068,0,0,0.1356295319709954,True
44,11,25,0.0,0.0,2.5,wave,5928,0,0,0.13900134952766532,True
44,11,26,0.0,0.0,2.5,wave,5809,0,0,0.14133241521776554,True
44,11,27,0.0,0.0,2.5,wave,5676,0,0,0.14446793516560957,True
44,11,28,0.0,0.0,2.5,wave,5571,0,0,0.14737031053670796,True
44,11,29,0.0,0.0,2.5,wave,5446,0,0,0.15167095115681234,True
44,11,30,0.0,0.0,2.5,wave,5327,0,0,0.15449596395719917,True
44,11,31,0.0,0.0,2.5,wave,5216,0,0,0.15701687116564417,True
44,11,32,0.0,0.0,2.5,wave,5132,0,0,0.15861262665627435,True
44,11,33,0.0,0.0,2.5,wave,5027,0,0,0.16292023075392878,True
44,11,34,0.0,0.0,2.5,wave,4947,0,0,0.16575702445926824,True
44,11,35,0.0,0.0,2.5,wave,4830,0,0,0.16853002070393375,True
44,11,36,0.0,0.0,2.5,wave,4728,0,0,0.17174280879864637,True
44,11,37,0.0,0.0,2.5,wave,4647,0,0,0.1740908112760921,True
44,11,38,0.0,0.0,2.5,wave,4585,0,0,0.176226826608506,True
44,11,39,0.0,0.0,2.5,wave,4536,0,0,0.17879188712522046,True
44,11,40,0.0,0.0,2.5,wave,4485,0,0,0.1810479375696767,True
44,11,41,0.0,0.0,2.5,wave,4430,0,0,0.18397291196388263,True
44,11,42,0.0,0.0,2.5,wave,4364,0,0,0.1867552703941338,True
44,11,43,0.0,0.0,2.5,wave,5266,0,0,0.2643372578807444,True
44,11,44,0.0,0.0,2.5,wave,4827,0,0,0.236378703128237,True
44,11,45,0.0,0.0,2.5,wave,4610,0,0,0.22234273318872017,True
44,11,46,0.0,0.0,2.5,wave,4488,0,0,0.2196969696969697,True
44,11,47,0.0,0.0,2.5,wave,4386,0,0,0.21956224350205197,True
44,11,48,0.0,0.0,2.5,wave,4305,0,0,0.22067363530778164,True
44,11,49,0.0,0.0,2.5,wave,4235,0,0,0.22195985832349469,True
44,11,50,0.0,0.0,2.5,wave,4179,0,0,0.22397702799712849,True
44,11,51,0.0,0.0,2.5,wave,4101,0,0,0.2243355279200195,True
44,11,52,0.0,0.0,2.5,wave,4033,0,0,0.22489461939003225,True
45,1,1,0.0,0.0,2.5,wave,2843,0,0,0.002110446711220542,True
45,1,2,0.0,0.0,2.5,wave,2777,0,0,0.0036010082823190494,True
45,1,3,0.0,0.0,2.5,wave,2684,0,0,0.007451564828614009,True
45,1,4,0.0,0.0,2.5,wave,2623,0,0,0.009149828440716736,True
45,1,5,0.0,0.0,2.5,wave,2559,0,0,0.010941774130519734,True
45,1,6,0.0,0.0,2.5,wave,2498,0,0,0.012409927942353884,True
45,1,7,0.0,0.0,2.5,wave,2444,0,0,0.013911620294599018,True
45,1,8,0.0,0.0,2.5,wave,2371,0,0,0.015183466891606916,True
45,1,9,0.0,0.0,2.5,wave,2309,0,0,0.016890428757037678,True
45,1,10,0.0,0.0,2.5,wave,2251,0,0,0.019102621057307864,True
45,1,11,0.0,0.0,2.5,wave,2200,0,0,0.02181818181818182,True
45,1,12,0.0,0.0,2.5,wave,2155,0,0,0.025522041763341066,True
45,1,13,0.0,0.0,2.5,wave,2112,0,0,0.028409090909090908,True
45,1,14,0.0,0.0,2.5,wave,2058,0,0,0.03158406219630709,True
45,1,15,0.0,0.0,2.5,wave,2013,0,0,0.03427719821162444,True
45,1,16,0.0,0.0,2.5,wave,1979,0,0,0.037897928246589184,True
45,1,17,0.0,0.0,2.5,wave,1935,0,0,0.03875968992248062,True
45,1,18,0.0,0.0,2.5,wave,5552,0,0,0.014589337175792506,True
45,1,19,0.0,0.0,2.5,wave,5402,0,0,0.016845612736023696,True
45,1,20,0.0,0.0,2.5,wave,5230,0,0,0.018546845124282983,True
45,1,21,0.0,0.0,2.5,wave,5061,0,0,0.019758940920766646,True
45,1,22,0.0,0.0,2.5,wave,4893,0,0,0.02186797465767423,True
45,1,23,0.0,0.0,2.5,wave,4762,0,0,0.024569508609827803,True
45,1,24,0.0,0.0,2.5,wave,4638,0,0,0.026735661923242778,True
45,1,25,0.0,0.0,2.5,wave,4483,0,0,0.028998438545616775,True
45,1,26,0.0,0.0,2.5,wave,4364,0,0,0.031851512373968834,True
45,1,27,0.0,0.0,2.5,wave,4242,0,0,0.033474776049033476,True
45,1,28,0.0,0.0,2.5,wave,4147,0,0,0.03520617313720762,True
45,1,29,0.0,0.0,2.5,wave,4037,0,0,0.03666088679712658,True
45,1,30,0.0,0.0,2.5,wave,3962,0,0,0.039121655729429584,True
45,1,31,0.0,0.0,2.5,wave,3870,0,0,0.040568475452196384,True
45,1,32,0.0,0.0,2.5,wave,3790,0,0,0.042744063324538256,True
45,1,33,0.0,0.0,2.5,wave,3713,0,0,0.04443845946673849,True
45,1,34,0.0,0.0,2.5,wave,3611,0,0,0.046801440044309056,True
45,1,35,0.0,0.0,2.5,wave,3555,0,0,0.048945147679324896,True
45,1,36,0.0,0.0,2.5,wave,3469,0,0,0.05217641971749784,True
45,1,37,0.0,0.0,2.5,wave,3385,0,0,0.053766617429837515,True
45,1,38,0.0,0.0,2.5,wave,3341,0,0,0.05597126608799761,True
45,1,39,0.0,0.0,2.5,wave,3287,0,0,0.058107696988135074,True
45,1,40,0.0,0.0,2.5,wave,3228,0,0,0.061028500619578686,True
45,1,41,0.0,0.0,2.5,wave,3183,0,0,0.06314797360980208,True
45,1,42,0.0,0.0,2.5,wave,3136,0,0,0.06536989795918367,True
45,1,43,0.0,0.0,2.5,wave,3627,0,0,0.13620071684587814,True
45,1,44,0.0,0.0,2.5,wave,3381,0,0,0.1168293404318249,True
45,1,45,0.0,0.0,2.5,wave,3198,0,0,0.10350218886804252,True
45,1,46,0.0,0.0,2.5,wave,3105,0,0,0.09855072463768116,True
45,1,47,0.0,0.0,2.5,wave,3051,0,0,0.09898393969190429,True
45,1,48,0.0,0.0,2.5,wave,2994,0,0,0.10020040080160321,True
45,1,49,0.0,0.0,2.5,wave,2955,0,0,0.10219966159052453,True
45,1,50,0.0,0.0,2.5,wave,2936,0,0,0.10456403269754769,True
45,1,51,0.0,0.0,2.5,wave,2873,0,0,0.10650887573964497,True
45,1,52,0.0,0.0,2.5,wave,2832,0,0,0.11087570621468927,True
45,2,1,0.0,0.0,2.5,wave,2787,28,4,0.11517761033369214,False
45,2,2,0.0,0.0,2.5,wave,2741,33,11,0.1163808828894564,False
45,2,3,0.0,0.0,2.5,wave,2698,40,15,0.12008895478131949,False
45,2,4,0.0,0.0,2.5,wave,2650,47,19,0.12264150943396226,False
45,2,5,0.0,0.0,2.5,wave,2591,49,18,0.12427634118101119,False
45,2,6,0.0,0.0,2.5,wave,2556,48,14,0.12793427230046947,False
45,2,7,0.0,0.0,2.5,wave,2506,44,17,0.1288906624102155,False
45,2,8,0.0,0.0,2.5,wave,2470,51,15,0.1319838056680162,False
45,2,9,0.0,0.0,2.5,wave,2414,43,17,0.13504556752278377,False
45,2,10,0.0,0.0,2.5,wave,2366,49,22,0.13736263736263737,False
45,2,11,0.0,0.0,2.5,wave,2311,41,18,0.14106447425356988,False
45,2,12,0.0,0.0,2.5,wave,2279,36,19,0.14436156208863538,False
45,2,13,0.0,0.0,2.5,wave,2225,32,15,0.14651685393258426,False
45,2,14,0.0,0.0,2.5,wave,2181,37,8,0.14809720311783586,False
45,2,15,0.0,0.0,2.5,wave,2135,36,12,0.15175644028103044,False
45,2,16,0.0,0.0,2.5,wave,2103,43,16,0.15311459819305753,False
45,2,17,0.0,0.0,2.5,wave,2059,38,11,0.15541525012141816,False
45,2,18,0.0,0.0,2.5,wave,3899,40,15,0.08515003847140293,False
45,2,19,0.0,0.0,2.5,wave,3829,59,16,0.08696787673021676,False
45,2,20,0.0,0.0,2.5,wave,3750,72,20,0.09173333333333333,False
45,2,21,0.0,0.0,2.5,wave,3650,85,19,0.09534246575342466,False
45,2,22,0.0,0.0,2.5,wave,3560,99,14,0.09859550561797753,False
45,2,23,0.0,0.0,2.5,wave,3466,110,40,0.09953837276399308,False
45,2,24,0.0,0.0,2.5,wave,3384,121,51,0.10313238770685579,False
45,2,25,0.0,0.0,2.5,wave,3261,103,40,0.1082490033731984,False
45,2,26,0.0,0.0,2.5,wave,3196,103,35,0.11264080100125157,False
45,2,27,0.0,0.0,2.5,wave,3123,95,40,0.11527377521613832,False
45,2,28,0.0,0.0,2.5,wave,3057,99,47,0.11874386653581943,False
45,2,29,0.0,0.0,2.5,wave,2959,83,36,0.12267657992565056,False
45,2,30,0.0,0.0,2.5,wave,2868,71,33,0.12587168758716877,False
45,2,31,0.0,0.0,2.5,wave,2797,69,32,0.12978190918841617,False
45,2,32,0.0,0.0,2.5,wave,2727,65,21,0.13274660799413274,False
45,2,33,0.0,0.0,2.5,wave,2667,57,20,0.13498312710911137,False
45,2,34,0.0,0.0,2.5,wave,2582,60,24,0.1374903175832688,False
45,2,35,0.0,0.0,2.5,wave,2529,59,16,0.13958086200079084,False
45,2,36,0.0,0.0,2.5,wave,2436,59,16,0.14203612479474548,False
45,2,37,0.0,0.0,2.5,wave,2385,64,26,0.1450733752620545,False
45,2,38,0.0,0.0,2.5,wave,2349,60,27,0.14772243507875693,False
45,2,39,0.0,0.0,2.5,wave,2303,55,22,0.15023881893182806,False
45,2,40,0.0,0.0,2.5,wave,2263,57,22,0.15422006186478127,False
45,2,41,0.0,0.0,2.5,wave,2231,53,23,0.15777678171223666,False
45,2,42,0.0,0.0,2.5,wave,2200,47,24,0.15954545454545455,False
45,2,43,0.0,0.0,2.5,wave,2720,44,25,0.2625,False
45,2,44,0.0,0.0,2.5,wave,2414,33,15,0.22452361226180614,False
45,2,45,0.0,0.0,2.5,wave,2278,27,15,0.20763827919227393,False
45,2,46,0.0,0.0,2.5,wave,2210,22,13,0.20271493212669683,False
45,2,47,0.0,0.0,2.5,wave,2164,23,8,0.2010166358595194,False
45,2,48,0.0,0.0,2.5,wave,2136,20,8,0.20411985018726592,False
45,2,49,0.0,0.0,2.5,wave,2107,20,7,0.20550545799715236,False
45,2,50,0.0,0.0,2.5,wave,2088,17,7,0.2064176245210728,False
45,2,51,0.0,0.0,2.5,wave,2068,19,8,0.2079303675048356,False
45,2,52,0.0,0.0,2.5,wave,2051,17,7,0.20965382740126767,False
45,3,1,0.0,0.0,2.5,wave,2019,16,3,0.21099554234769688,False
45,3,2,0.0,0.0,2.5,wave,1987,13,5,0.21137393054856568,False
45,3,3,0.0,0.0,2.5,wave,1973,21,7,0.21388748099341104,False
45,3,4,0.0,0.0,2.5,wave,1936,17,8,0.21487603305785125,False
45,3,5,0.0,0.0,2.5,wave,1912,17,8,0.21809623430962344,False
45,3,6,0.0,0.0,2.5,wave,1884,12,7,0.2197452229299363,False
45,3,7,0.0,0.0,2.5,wave,1859,15,7,0.22538999462076384,False
45,3,8,0.0,0.0,2.5,wave,1831,10,4,0.2288367012561442,False
45,3,9,0.0,0.0,2.5,wave,1819,14,5,0.22759758108851016,False
45,3,10,0.0,0.0,2.5,wave,1788,17,6,0.22706935123042504,False
45,3,11,0.0,0.0,2.5,wave,1764,17,4,0.22789115646258504,False
45,3,12,0.0,0.0,2.5,wave,1743,16,2,0.22834193918531268,False
45,3,13,0.0,0.0,2.5,wave,1726,16,6,0.22943221320973348,False
45,3,14,0.0,0.0,2.5,wave,1711,18,8,0.2320280537697253,False
45,3,15,0.0,0.0,2.5,wave,1686,14,4,0.232502965599051,False
45,3,16,0.0,0.0,2.5,wave,1663,20,6,0.2375225496091401,False
45,3,17,0.0,0.0,2.5,wave,1646,23,10,0.2393681652490887,False
45,3,18,0.0,0.0,2.5,wave,3703,24,11,0.10586011342155009,False
45,3,19,0.0,0.0,2.5,wave,3624,31,7,0.10844370860927152,False
45,3,20,0.0,0.0,2.5,wave,3564,30,5,0.11026936026936027,False
45,3,21,0.0,0.0,2.5,wave,3464,31,13,0.11316397228637413,False
45,3,22,0.0,0.0,2.5,wave,3364,37,17,0.11741973840665874,False
45,3,23,0.0,0.0,2.5,wave,3250,35,14,0.12061538461538461,False
45,3,24,0.0,0.0,2.5,wave,3140,32,9,0.12388535031847134,False
45,3,25,0.0,0.0,2.5,wave,3065,35,12,0.1272430668841762,False
45,3,26,0.0,0.0,2.5,wave,3004,46,15,0.13049267643142476,False
45,3,27,0.0,0.0,2.5,wave,2933,46,15,0.13365155131264916,False
45,3,28,0.0,0.0,2.5,wave,2879,45,16,0.13546370267453978,False
45,3,29,0.0,0.0,2.5,wave,2784,41,18,0.13864942528735633,False
45,3,30,0.0,0.0,2.5,wave,2690,44,17,0.14089219330855018,False
45,3,31,0.0,0.0,2.5,wave,2650,37,17,0.14528301886792452,False
45,3,32,0.0,0.0,2.5,wave,2596,31,19,0.14714946070878274,False
45,3,33,0.0,0.0,2.5,wave,2542,22,14,0.14988198269079464,False
45,3,34,0.0,0.0,2.5,wave,2469,18,11,0.15147833130822194,False
45,3,35,0.0,0.0,2.5,wave,2399,13,7,0.1546477699041267,False
45,3,36,0.0,0.0,2.5,wave,2363,11,6,0.15869657215404148,False
45,3,37,0.0,0.0,2.5,wave,2295,11,4,0.16339869281045752,False
45,3,38,0.0,0.0,2.5,wave,2256,7,0,0.16533687943262412,False
45,3,39,0.0,0.0,2.5,wave,2225,7,2,0.16853932584269662,False
45,3,40,0.0,0.0,2.5,wave,2198,9,5,0.17151956323930848,False
45,3,41,0.0,0.0,2.5,wave,2133,9,3,0.17674636661978435,False
45,3,42,0.0,0.0,2.5,wave,2116,6,1,0.17911153119092627,False
45,3,43,0.0,0.0,2.5,wave,2741,6,2,0.2929587741700109,False
45,3,44,0.0,0.0,2.5,wave,2450,5,4,0.25142857142857145,False
45,3,45,0.0,0.0,2.5,wave,2292,8,4,0.231239092495637,False
45,3,46,0.0,0.0,2.5,wave,2196,5,1,0.2222222222222222,False
45,3,47,0.0,0.0,2.5,wave,2158,4,3,0.21918443002780352,False
45,3,48,0.0,0.0,2.5,wave,2121,5,3,0.22253653936822254,False
45,3,49,0.0,0.0,2.5,wave,2096,2,1,0.22614503816793893,False
45,3,50,0.0,0.0,2.5,wave,2062,3,1,0.22502424830261883,False
45,3,51,0.0,0.0,2.5,wave,2044,2,0,0.22651663405088063,False
45,3,52,0.0,0.0,2.5,wave,2021,2,1,0.22711528946066303,False
45,4,1,0.0,0.0,2.5,wave,2001,2,1,0.22788605697151423,False
45,4,2,0.0,0.0,2.5,wave,1965,1,0,0.22697201017811705,False
45,4,3,0.0,0.0,2.5,wave,1946,1,0,0.2302158273381295,False
45,4,4,0.0,0.0,2.5,wave,1912,1,1,0.23326359832635984,False
45,4,5,0.0,0.0,2.5,wave,1877,2,1,0.23122003196590304,False
45,4,6,0.0,0.0,2.5,wave,1856,1,0,0.2349137931034483,False
45,4,7,0.0,0.0,2.5,wave,1838,1,0,0.2366702937976061,False
45,4,8,0.0,0.0,2.5,wave,1809,1,0,0.238253178551686,False
45,4,9,0.0,0.0,2.5,wave,1796,1,1,0.24164810690423164,False
45,4,10,0.0,0.0,2.5,wave,1772,1,1,0.24153498871331827,False
45,4,11,0.0,0.0,2.5,wave,1762,0,0,0.24914869466515324,True
45,4,12,0.0,0.0,2.5,wave,1732,0,0,0.24942263279445728,True
45,4,13,0.0,0.0,2.5,wave,1709,0,0,0.25277940315974257,True
45,4,14,0.0,0.0,2.5,wave,1689,0,0,0.25636471284783896,True
45,4,15,0.0,0.0,2.5,wave,1671,0,0,0.25912627169359664,True
45,4,16,0.0,0.0,2.5,wave,1656,0,0,0.2602657004830918,True
45,4,17,0.0,0.0,2.5,wave,1641,0,0,0.26142595978062155,True
45,4,18,0.0,0.0,2.5,wave,3444,0,0,0.1251451800232288,True
45,4,19,0.0,0.0,2.5,wave,3398,0,0,0.12860506180105943,True
45,4,20,0.0,0.0,2.5,wave,3343,0,0,0.13191743942566558,True
45,4,21,0.0,0.0,2.5,wave,3267,0,0,0.1349862258953168,True
45,4,22,0.0,0.0,2.5,wave,3211,0,0,0.13734039240112114,True
45,4,23,0.0,0.0,2.5,wave,3105,0,0,0.14202898550724638,True
45,4,24,0.0,0.0,2.5,wave,3051,0,0,0.1458538184201901,True
45,4,25,0.0,0.0,2.5,wave,2994,0,0,0.14829659318637275,True
45,4,26,0.0,0.0,2.5,wave,2910,0,0,0.15120274914089346,True
45,4,27,0.0,0.0,2.5,wave,2855,0,0,0.15411558669001751,True
45,4,28,0.0,0.0,2.5,wave,2805,0,0,0.15614973262032086,True
45,4,29,0.0,0.0,2.5,wave,2738,0,0,0.1585098612125639,True
45,4,30,0.0,0.0,2.5,wave,2646,0,0,0.1636432350718065,True
45,4,31,0.0,0.0,2.5,wave,2591,0,0,0.16634504052489385,True
45,4,32,0.0,0.0,2.5,wave,2530,0,0,0.1707509881422925,True
45,4,33,0.0,0.0,2.5,wave,2494,0,0,0.1740176423416199,True
45,4,34,0.0,0.0,2.5,wave,2426,0,0,0.17848309975267931,True
45,4,35,0.0,0.0,2.5,wave,2392,0,0,0.1797658862876254,True
45,4,36,0.0,0.0,2.5,wave,2361,0,0,0.180855569673867,True
45,4,37,0.0,0.0,2.5,wave,2328,0,0,0.18384879725085912,True
45,4,38,0.0,0.0,2.5,wave,2297,0,0,0.18720069656073138,True
45,4,39,0.0,0.0,2.5,wave,2247,0,0,0.1882510013351135,True
45,4,40,0.0,0.0,2.5,wave,2210,0,0,0.19004524886877827,True
45,4,41,0.0,0.0,2.5,wave,2181,0,0,0.19257221458046767,True
45,4,42,0.0,0.0,2.5,wave,2165,0,0,0.19445727482678984,True
45,4,43,0.0,0.0,2.5,wave,2867,0,0,0.31287059644227416,True
45,4,44,0.0,0.0,2.5,wave,2559,0,0,0.27002735443532627,True
45,4,45,0.0,0.0,2.5,wave,2398,0,0,0.25229357798165136,True
45,4,46,0.0,0.0,2.5,wave,2261,0,0,0.23750552852720036,True
45,4,47,0.0,0.0,2.5,wave,2196,0,0,0.22996357012750454,True
45,4,48,0.0,0.0,2.5,wave,2162,0,0,0.22617946345975948,True
45,4,49,0.0,0.0,2.5,wave,2113,0,0,0.2252721249408424,True
45,4,50,0.0,0.0,2.5,wave,2080,0,0,0.225,True
45,4,51,0.0,0.0,2.5,wave,2062,0,0,0.22744907856450047,True
45,4,52,0.0,0.0,2.5,wave,2034,0,0,0.22713864306784662,True
45,5,1,0.0,0.0,2.5,wave,2017,0,0,0.22657411998016858,True
45,5,2,0.0,0.0,2.5,wave,1996,0,0,0.22895791583166333,True
45,5,3,0.0,0.0,2.5,wave,1957,0,0,0.22943280531425653,True
45,5,4,0.0,0.0,2.5,wave,1931,0,0,0.23200414293112376,True
45,5,5,0.0,0.0,2.5,wave,1912,0,0,0.23274058577405857,True
45,5,6,0.0,0.0,2.5,wave,1901,0,0,0.23408732246186217,True
45,5,7,0.0,0.0,2.5,wave,1880,0,0,0.23617021276595745,True
45,5,8,0.0,0.0,2.5,wave,1863,0,0,0.23617820719269994,True
45,5,9,0.0,0.0,2.5,wave,1844,0,0,0.23752711496746204,True
45,5,10,0.0,0.0,2.5,wave,1832,0,0,0.23853711790393012,True
45,5,11,0.0,0.0,2.5,wave,1812,0,0,0.23896247240618101,True
45,5,12,0.0,0.0,2.5,wave,1798,0,0,0.24082313681868742,True
45,5,13,0.0,0.0,2.5,wave,1781,0,0,0.24312184166198764,True
45,5,14,0.0,0.0,2.5,wave,1763,0,0,0.24220079410096426,True
45,5,15,0.0,0.0,2.5,wave,1747,0,0,0.24270177447052088,True
45,5,16,0.0,0.0,2.5,wave,1720,0,0,0.24476744186046512,True
45,5,17,0.0,0.0,2.5,wave,1696,0,0,0.24764150943396226,True
45,5,18,0.0,0.0,2.5,wave,3647,0,0,0.11571154373457636,True
45,5,19,0.0,0.0,2.5,wave,3582,0,0,0.11948632049134561,True
45,5,20,0.0,0.0,2.5,wave,3511,0,0,0.1227570492737112,True
45,5,21,0.0,0.0,2.5,wave,3443,0,0,0.12401975021783329,True
45,5,22,0.0,0.0,2.5,wave,3363,0,0,0.12607790663098423,True
45,5,23,0.0,0.0,2.5,wave,3284,0,0,0.12911084043848964,True
45,5,24,0.0,0.0,2.5,wave,3208,0,0,0.1337281795511222,True
45,5,25,0.0,0.0,2.5,wave,3121,0,0,0.13649471323293816,True
45,5,26,0.0,0.0,2.5,wave,3018,0,0,0.1388336646785951,True
45,5,27,0.0,0.0,2.5,wave,2951,0,0,0.14198576753642833,True
45,5,28,0.0,0.0,2.5,wave,2862,0,0,0.14640111809923131,True
45,5,29,0.0,0.0,2.5,wave,2783,0,0,0.15019762845849802,True
45,5,30,0.0,0.0,2.5,wave,2727,0,0,0.15291529152915292,True
45,5,31,0.0,0.0,2.5,wave,2660,0,0,0.1556390977443609,True
45,5,32,0.0,0.0,2.5,wave,2626,0,0,0.15993907083015993,True
45,5,33,0.0,0.0,2.5,wave,2566,0,0,0.16289945440374123,True
45,5,34,0.0,0.0,2.5,wave,2516,0,0,0.16732909379968203,True
45,5,35,0.0,0.0,2.5,wave,2464,0,0,0.16964285714285715,True
45,5,36,0.0,0.0,2.5,wave,2416,0,0,0.17177152317880795,True
45,5,37,0.0,0.0,2.5,wave,2361,0,0,0.17365523083439222,True
45,5,38,0.0,0.0,2.5,wave,2325,0,0,0.17806451612903226,True
45,5,39,0.0,0.0,2.5,wave,2290,0,0,0.1794759825327511,True
45,5,40,0.0,0.0,2.5,wave,2257,0,0,0.18342933097031458,True
45,5,41,0.0,0.0,2.5,wave,2233,0,0,0.1858486341244962,True
45,5,42,0.0,0.0,2.5,wave,2203,0,0,0.18747162959600544,True
45,5,43,0.0,0.0,2.5,wave,3019,0,0,0.3087114938721431,True
45,5,44,0.0,0.0,2.5,wave,2658,0,0,0.2614747930775019,True
45,5,45,0.0,0.0,2.5,wave,2469,0,0,0.2393681652490887,True
45,5,46,0.0,0.0,2.5,wave,2372,0,0,0.23313659359190556,True
45,5,47,0.0,0.0,2.5,wave,2300,0,0,0.22956521739130434,True
45,5,48,0.0,0.0,2.5,wave,2247,0,0,0.22919448153093014,True
45,5,49,0.0,0.0,2.5,wave,2216,0,0,0.22743682310469315,True
45,5,50,0.0,0.0,2.5,wave,2176,0,0,0.22472426470588236,True
45,5,51,0.0,0.0,2.5,wave,2159,0,0,0.22464103751736916,True
45,5,52,0.0,0.0,2.5,wave,2148,0,0,0.22998137802607077,True
45,6,1,0.0,0.0,2.5,wave,2128,0,0,0.23073308270676693,True
45,6,2,0.0,0.0,2.5,wave,2107,0,0,0.2349311817750356,True
45,6,3,0.0,0.0,2.5,wave,2093,0,0,0.23698041089345437,True
45,6,4,0.0,0.0,2.5,wave,2086,0,0,0.23873441994247363,True
45,6,5,0.0,0.0,2.5,wave,2063,0,0,0.23800290838584587,True
45,6,6,0.0,0.0,2.5,wave,2047,0,0,0.23937469467513434,True
45,6,7,0.0,0.0,2.5,wave,2024,0,0,0.2440711462450593,True
45,6,8,0.0,0.0,2.5,wave,2006,0,0,0.2472582253240279,True
45,6,9,0.0,0.0,2.5,wave,1984,0,0,0.24949596774193547,True
45,6,10,0.0,0.0,2.5,wave,1973,0,0,0.2524075012671059,True
45,6,11,0.0,0.0,2.5,wave,1938,0,0,0.2543859649122807,True
45,6,12,0.0,0.0,2.5,wave,1927,0,0,0.2568759730150493,True
45,6,13,0.0,0.0,2.5,wave,1897,0,0,0.2561939905113337,True
45,6,14,0.0,0.0,2.5,wave,1881,0,0,0.2562466772993089,True
45,6,15,0.0,0.0,2.5,wave,1859,0,0,0.2592791823561054,True
45,6,16,0.0,0.0,2.5,wave,1843,0,0,0.25935973955507324,True
45,6,17,0.0,0.0,2.5,wave,1825,0,0,0.2602739726027397,True
45,6,18,0.0,0.0,2.5,wave,3876,0,0,0.12151702786377709,True
45,6,19,0.0,0.0,2.5,wave,3798,0,0,0.12243285939968404,True
45,6,20,0.0,0.0,2.5,wave,3701,0,0,0.12726290191840042,True
45,6,21,0.0,0.0,2.5,wave,3635,0,0,0.12902338376891334,True
45,6,22,0.0,0.0,2.5,wave,3534,0,0,0.13101301641199772,True
45,6,23,0.0,0.0,2.5,wave,3441,0,0,0.13571636152281313,True
45,6,24,0.0,0.0,2.5,wave,3362,0,0,0.13920285544318858,True
45,6,25,0.0,0.0,2.5,wave,3302,0,0,0.14324651726226528,True
45,6,26,0.0,0.0,2.5,wave,3222,0,0,0.14711359404096835,True
45,6,27,0.0,0.0,2.5,wave,3164,0,0,0.14854614412136535,True
45,6,28,0.0,0.0,2.5,wave,3079,0,0,0.15167262098083795,True
45,6,29,0.0,0.0,2.5,wave,3008,0,0,0.15492021276595744,True
45,6,30,0.0,0.0,2.5,wave,2958,0,0,0.1599053414469236,True
45,6,31,0.0,0.0,2.5,wave,2899,0,0,0.16419454984477405,True
45,6,32,0.0,0.0,2.5,wave,2852,0,0,0.16725105189340814,True
45,6,33,0.0,0.0,2.5,wave,2794,0,0,0.17108088761632068,True
45,6,34,0.0,0.0,2.5,wave,2752,0,0,0.17369186046511628,True
45,6,35,0.0,0.0,2.5,wave,2691,0,0,0.17539947974730583,True
45,6,36,0.0,0.0,2.5,wave,2647,0,0,0.17680392897619948,True
45,6,37,0.0,0.0,2.5,wave,2604,0,0,0.17857142857142858,True
45,6,38,0.0,0.0,2.5,wave,2569,0,0,0.18100428182172051,True
45,6,39,0.0,0.0,2.5,wave,2531,0,0,0.18451205057289607,True
45,6,40,0.0,0.0,2.5,wave,2490,0,0,0.18674698795180722,True
45,6,41,0.0,0.0,2.5,wave,2463,0,0,0.18920016240357287,True
45,6,42,0.0,0.0,2.5,wave,2437,0,0,0.19203939269593762,True
45,6,43,0.0,0.0,2.5,wave,3338,0,0,0.3097663271420012,True
45,6,44,0.0,0.0,2.5,wave,2951,0,0,0.27685530328702135,True
45,6,45,0.0,0.0,2.5,wave,2718,0,0,0.25055187637969095,True
45,6,46,0.0,0.0,2.5,wave,2576,0,0,0.24262422360248448,True
45,6,47,0.0,0.0,2.5,wave,2491,0,0,0.23364110798875953,True
45,6,48,0.0,0.0,2.5,wave,2427,0,0,0.22950144210960033,True
45,6,49,0.0,0.0,2.5,wave,2385,0,0,0.22935010482180293,True
45,6,50,0.0,0.0,2.5,wave,2340,0,0,0.23205128205128206,True
45,6,51,0.0,0.0,2.5,wave,2303,0,0,0.23100303951367782,True
45,6,52,0.0,0.0,2.5,wave,2287,0,0,0.23305640577175338,True
45,7,1,0.0,0.0,2.5,wave,2254,0,0,0.23425022182786157,True
45,7,2,0.0,0.0,2.5,wave,2236,0,0,0.23658318425760286,True
45,7,3,0.0,0.0,2.5,wave,2188,0,0,0.23720292504570384,True
45,7,4,0.0,0.0,2.5,wave,2168,0,0,0.23846863468634685,True
45,7,5,0.0,0.0,2.5,wave,2136,0,0,0.23876404494382023,True
45,7,6,0.0,0.0,2.5,wave,2116,0,0,0.2391304347826087,True
45,7,7,0.0,0.0,2.5,wave,2080,0,0,0.24471153846153845,True
45,7,8,0.0,0.0,2.5,wave,2064,0,0,0.2451550387596899,True
45,7,9,0.0,0.0,2.5,wave,2036,0,0,0.24705304518664048,True
45,7,10,0.0,0.0,2.5,wave,2012,0,0,0.24751491053677932,True
45,7,11,0.0,0.0,2.5,wave,1992,0,0,0.24949799196787148,True
45,7,12,0.0,0.0,2.5,wave,1967,0,0,0.2491103202846975,True
45,7,13,0.0,0.0,2.5,wave,1948,0,0,0.2535934291581109,True
45,7,14,0.0,0.0,2.5,wave,1928,0,0,0.2546680497925311,True
45,7,15,0.0,0.0,2.5,wave,1905,0,0,0.2566929133858268,True
45,7,16,0.0,0.0,2.5,wave,1889,0,0,0.26045526733721547,True
45,7,17,0.0,0.0,2.5,wave,1869,0,0,0.26110219368646337,True
45,7,18,0.0,0.0,2.5,wave,3947,0,0,0.1243982771725361,True
45,7,19,0.0,0.0,2.5,wave,3894,0,0,0.1266050333846944,True
45,7,20,0.0,0.0,2.5,wave,3804,0,0,0.13065194532071503,True
45,7,21,0.0,0.0,2.5,wave,3727,0,0,0.13335122082103568,True
45,7,22,0.0,0.0,2.5,wave,3669,0,0,0.1349141455437449,True
45,7,23,0.0,0.0,2.5,wave,3593,0,0,0.1377678819927637,True
45,7,24,0.0,0.0,2.5,wave,3533,0,0,0.13897537503538068,True
45,7,25,0.0,0.0,2.5,wave,3479,0,0,0.14084507042253522,True
45,7,26,0.0,0.0,2.5,wave,3375,0,0,0.1428148148148148,True
45,7,27,0.0,0.0,2.5,wave,3323,0,0,0.14535058681913934,True
45,7,28,0.0,0.0,2.5,wave,3241,0,0,0.14933662449861154,True
45,7,29,0.0,0.0,2.5,wave,3174,0,0,0.15059861373660996,True
45,7,30,0.0,0.0,2.5,wave,3123,0,0,0.15337816202369517,True
45,7,31,0.0,0.0,2.5,wave,3044,0,0,0.15703022339027595,True
45,7,32,0.0,0.0,2.5,wave,2973,0,0,0.15943491422805248,True
45,7,33,0.0,0.0,2.5,wave,2916,0,0,0.16289437585733882,True
45,7,34,0.0,0.0,2.5,wave,2859,0,0,0.1664917803427772,True
45,7,35,0.0,0.0,2.5,wave,2778,0,0,0.16846652267818574,True
45,7,36,0.0,0.0,2.5,wave,2695,0,0,0.1699443413729128,True
45,7,37,0.0,0.0,2.5,wave,2631,0,0,0.17445838084378562,True
45,7,38,0.0,0.0,2.5,wave,2607,0,0,0.1775987725354814,True
45,7,39,0.0,0.0,2.5,wave,2571,0,0,0.1793076623881758,True
45,7,40,0.0,0.0,2.5,wave,2546,0,0,0.1814611154752553,True
45,7,41,0.0,0.0,2.5,wave,2517,0,0,0.1835518474374255,True
45,7,42,0.0,0.0,2.5,wave,2491,0,0,0.18667201926936974,True
45,7,43,0.0,0.0,2.5,wave,3376,0,0,0.3125,True
45,7,44,0.0,0.0,2.5,wave,2991,0,0,0.2678034102306921,True
45,7,45,0.0,0.0,2.5,wave,2762,0,0,0.24764663287472846,True
45,7,46,0.0,0.0,2.5,wave,2632,0,0,0.23480243161094225,True
45,7,47,0.0,0.0,2.5,wave,2535,0,0,0.2252465483234714,True
45,7,48,0.0,0.0,2.5,wave,2480,0,0,0.22419354838709676,True
45,7,49,0.0,0.0,2.5,wave,2441,0,0,0.2269561655059402,True
45,7,50,0.0,0.0,2.5,wave,2417,0,0,0.2267273479520066,True
45,7,51,0.0,0.0,2.5,wave,2377,0,0,0.23096339924274295,True
45,7,52,0.0,0.0,2.5,wave,2342,0,0,0.2322801024765158,True
45,8,1,0.0,0.0,2.5,wave,2304,0,0,0.2339409722222222,True
45,8,2,0.0,0.0,2.5,wave,2280,0,0,0.23421052631578948,True
45,8,3,0.0,0.0,2.5,wave,2248,0,0,0.2362099644128114,True
45,8,4,0.0,0.0,2.5,wave,2216,0,0,0.23916967509025272,True
45,8,5,0.0,0.0,2.5,wave,2189,0,0,0.23937871174052078,True
45,8,6,0.0,0.0,2.5,wave,2170,0,0,0.24331797235023042,True
45,8,7,0.0,0.0,2.5,wave,2134,0,0,0.246485473289597,True
45,8,8,0.0,0.0,2.5,wave,2113,0,0,0.24798864174159962,True
45,8,9,0.0,0.0,2.5,wave,2084,0,0,0.2495201535508637,True
45,8,10,0.0,0.0,2.5,wave,2067,0,0,0.2506047411707789,True
45,8,11,0.0,0.0,2.5,wave,2045,0,0,0.25476772616136917,True
45,8,12,0.0,0.0,2.5,wave,2016,0,0,0.2554563492063492,True
45,8,13,0.0,0.0,2.5,wave,1987,0,0,0.2571716155007549,True
45,8,14,0.0,0.0,2.5,wave,1958,0,0,0.2568947906026558,True
45,8,15,0.0,0.0,2.5,wave,1943,0,0,0.25939269171384455,True
45,8,16,0.0,0.0,2.5,wave,1918,0,0,0.26068821689259647,True
45,8,17,0.0,0.0,2.5,wave,1904,0,0,0.26365546218487396,True
45,8,18,0.0,0.0,2.5,wave,4117,0,0,0.12363371386932233,True
45,8,19,0.0,0.0,2.5,wave,4044,0,0,0.12636003956478734,True
45,8,20,0.0,0.0,2.5,wave,3971,0,0,0.1304457315537648,True
45,8,21,0.0,0.0,2.5,wave,3872,0,0,0.1340392561983471,True
45,8,22,0.0,0.0,2.5,wave,3776,0,0,0.1382415254237288,True
45,8,23,0.0,0.0,2.5,wave,3710,0,0,0.1417789757412399,True
45,8,24,0.0,0.0,2.5,wave,3619,0,0,0.14396242055816524,True
45,8,25,0.0,0.0,2.5,wave,3541,0,0,0.14628635978537136,True
45,8,26,0.0,0.0,2.5,wave,3486,0,0,0.15002868617326448,True
45,8,27,0.0,0.0,2.5,wave,3427,0,0,0.1505690107966151,True
45,8,28,0.0,0.0,2.5,wave,3360,0,0,0.15357142857142858,True
45,8,29,0.0,0.0,2.5,wave,3295,0,0,0.15538694992412747,True
45,8,30,0.0,0.0,2.5,wave,3246,0,0,0.1589648798521257,True
45,8,31,0.0,0.0,2.5,wave,3196,0,0,0.16145181476846057,True
45,8,32,0.0,0.0,2.5,wave,3156,0,0,0.1641318124207858,True
45,8,33,0.0,0.0,2.5,wave,3107,0,0,0.16736401673640167,True
45,8,34,0.0,0.0,2.5,wave,3059,0,0,0.16966328865642366,True
45,8,35,0.0,0.0,2.5,wave,3016,0,0,0.17340848806366047,True
45,8,36,0.0,0.0,2.5,wave,2929,0,0,0.1782178217821782,True
45,8,37,0.0,0.0,2.5,wave,2877,0,0,0.17831074035453598,True
45,8,38,0.0,0.0,2.5,wave,2844,0,0,0.17967651195499296,True
45,8,39,0.0,0.0,2.5,wave,2811,0,0,0.1824973319103522,True
45,8,40,0.0,0.0,2.5,wave,2775,0,0,0.1837837837837838,True
45,8,41,0.0,0.0,2.5,wave,2748,0,0,0.18595342066957787,True
45,8,42,0.0,0.0,2.5,wave,2725,0,0,0.18752293577981652,True
45,8,43,0.0,0.0,2.5,wave,3876,0,0,0.3206914344685243,True
45,8,44,0.0,0.0,2.5,wave,3453,0,0,0.2841007819287576,True
45,8,45,0.0,0.0,2.5,wave,3132,0,0,0.2551085568326948,True
45,8,46,0.0,0.0,2.5,wave,2960,0,0,0.23986486486486486,True
45,8,47,0.0,0.0,2.5,wave,2836,0,0,0.23307475317348378,True
45,8,48,0.0,0.0,2.5,wave,2740,0,0,0.22956204379562045,True
45,8,49,0.0,0.0,2.5,wave,2703,0,0,0.2293747687754347,True
45,8,50,0.0,0.0,2.5,wave,2656,0,0,0.22966867469879518,True
45,8,51,0.0,0.0,2.5,wave,2631,0,0,0.23071075636640062,True
45,8,52,0.0,0.0,2.5,wave,2594,0,0,0.23245952197378567,True
45,9,1,0.0,0.0,2.5,wave,2565,0,0,0.2354775828460039,True
45,9,2,0.0,0.0,2.5,wave,2540,0,0,0.2389763779527559,True
45,9,3,0.0,0.0,2.5,wave,2510,0,0,0.24143426294820716,True
45,9,4,0.0,0.0,2.5,wave,2481,0,0,0.2430471584038694,True
45,9,5,0.0,0.0,2.5,wave,2464,0,0,0.24391233766233766,True
45,9,6,0.0,0.0,2.5,wave,2428,0,0,0.24299835255354202,True
45,9,7,0.0,0.0,2.5,wave,2390,0,0,0.2422594142259414,True
45,9,8,0.0,0.0,2.5,wave,2366,0,0,0.24302620456466612,True
45,9,9,0.0,0.0,2.5,wave,2337,0,0,0.24261874197689345,True
45,9,10,0.0,0.0,2.5,wave,2303,0,0,0.2435953104646114,True
45,9,11,0.0,0.0,2.5,wave,2267,0,0,0.24702249669166298,True
45,9,12,0.0,0.0,2.5,wave,2230,0,0,0.24977578475336323,True
45,9,13,0.0,0.0,2.5,wave,2176,0,0,0.25045955882352944,True
45,9,14,0.0,0.0,2.5,wave,2156,0,0,0.2537105751391466,True
45,9,15,0.0,0.0,2.5,wave,2135,0,0,0.2571428571428571,True
45,9,16,0.0,0.0,2.5,wave,2119,0,0,0.2581406323737612,True
45,9,17,0.0,0.0,2.5,wave,2095,0,0,0.2606205250596659,True
45,9,18,0.0,0.0,2.5,wave,4444,0,0,0.11611161116111611,True
45,9,19,0.0,0.0,2.5,wave,4375,0,0,0.11771428571428572,True
45,9,20,0.0,0.0,2.5,wave,4269,0,0,0.12040290466151324,True
45,9,21,0.0,0.0,2.5,wave,4194,0,0,0.12184072484501669,True
45,9,22,0.0,0.0,2.5,wave,4140,0,0,0.12584541062801932,True
45,9,23,0.0,0.0,2.5,wave,4034,0,0,0.1308874566187407,True
45,9,24,0.0,0.0,2.5,wave,3945,0,0,0.13460076045627375,True
45,9,25,0.0,0.0,2.5,wave,3873,0,0,0.13761941647301834,True
45,9,26,0.0,0.0,2.5,wave,3792,0,0,0.14082278481012658,True
45,9,27,0.0,0.0,2.5,wave,3709,0,0,0.14397411701267188,True
45,9,28,0.0,0.0,2.5,wave,3608,0,0,0.14772727272727273,True
45,9,29,0.0,0.0,2.5,wave,3504,0,0,0.1512557077625571,True
45,9,30,0.0,0.0,2.5,wave,3442,0,0,0.15514235909355026,True
45,9,31,0.0,0.0,2.5,wave,3384,0,0,0.15750591016548462,True
45,9,32,0.0,0.0,2.5,wave,3318,0,0,0.16063893911995178,True
45,9,33,0.0,0.0,2.5,wave,3273,0,0,0.16376413076688054,True
45,9,34,0.0,0.0,2.5,wave,3222,0,0,0.16666666666666666,True
45,9,35,0.0,0.0,2.5,wave,3177,0,0,0.1706011960969468,True
45,9,36,0.0,0.0,2.5,wave,3078,0,0,0.1751137102014295,True
45,9,37,0.0,0.0,2.5,wave,3035,0,0,0.17957166392092258,True
45,9,38,0.0,0.0,2.5,wave,2982,0,0,0.18142186452045608,True
45,9,39,0.0,0.0,2.5,wave,2933,0,0,0.18479372655983634,True
45,9,40,0.0,0.0,2.5,wave,2891,0,0,0.18886198547215496,True
45,9,41,0.0,0.0,2.5,wave,2860,0,0,0.19265734265734266,True
45,9,42,0.0,0.0,2.5,wave,2827,0,0,0.19419879731163778,True
45,9,43,0.0,0.0,2.5,wave,4088,0,0,0.3339041095890411,True
45,9,44,0.0,0.0,2.5,wave,3584,0,0,0.29268973214285715,True
45,9,45,0.0,0.0,2.5,wave,3284,0,0,0.2694884287454324,True
45,9,46,0.0,0.0,2.5,wave,3095,0,0,0.2494345718901454,True
45,9,47,0.0,0.0,2.5,wave,2943,0,0,0.2402310567448182,True
45,9,48,0.0,0.0,2.5,wave,2868,0,0,0.23744769874476987,True
45,9,49,0.0,0.0,2.5,wave,2809,0,0,0.2367390530437878,True
45,9,50,0.0,0.0,2.5,wave,2761,0,0,0.23578413618254257,True
45,9,51,0.0,0.0,2.5,wave,2716,0,0,0.23564064801178203,True
45,9,52,0.0,0.0,2.5,wave,2677,0,0,0.2383264848711244,True
45,10,1,0.0,0.0,2.5,wave,2648,0,0,0.2413141993957704,True
45,10,2,0.0,0.0,2.5,wave,2623,0,0,0.2436141822340831,True
45,10,3,0.0,0.0,2.5,wave,2589,0,0,0.24372344534569332,True
45,10,4,0.0,0.0,2.5,wave,2563,0,0,0.2465860319937573,True
45,10,5,0.0,0.0,2.5,wave,2536,0,0,0.24881703470031546,True
45,10,6,0.0,0.0,2.5,wave,2511,0,0,0.24890481879729193,True
45,10,7,0.0,0.0,2.5,wave,2477,0,0,0.2511102139685103,True
45,10,8,0.0,0.0,2.5,wave,2451,0,0,0.25418196654426767,True
45,10,9,0.0,0.0,2.5,wave,2428,0,0,0.2574135090609555,True
45,10,10,0.0,0.0,2.5,wave,2400,0,0,0.26,True
45,10,11,0.0,0.0,2.5,wave,2362,0,0,0.26375952582557155,True
45,10,12,0.0,0.0,2.5,wave,2327,0,0,0.26557799742157284,True
45,10,13,0.0,0.0,2.5,wave,2297,0,0,0.2668698302133217,True
45,10,14,0.0,0.0,2.5,wave,2259,0,0,0.27091633466135456,True
45,10,15,0.0,0.0,2.5,wave,2225,0,0,0.27370786516853934,True
45,10,16,0.0,0.0,2.5,wave,2206,0,0,0.2760652765185857,True
45,10,17,0.0,0.0,2.5,wave,2183,0,0,0.27851580393953274,True
45,10,18,0.0,0.0,2.5,wave,4776,0,0,0.12353433835845896,True
45,10,19,0.0,0.0,2.5,wave,4693,0,0,0.12657148945237587,True
45,10,20,0.0,0.0,2.5,wave,4610,0,0,0.1281995661605206,True
45,10,21,0.0,0.0,2.5,wave,4499,0,0,0.13114025338964214,True
45,10,22,0.0,0.0,2.5,wave,4423,0,0,0.13361971512548043,True
45,10,23,0.0,0.0,2.5,wave,4331,0,0,0.13715077349341953,True
45,10,24,0.0,0.0,2.5,wave,4254,0,0,0.14057357780912083,True
45,10,25,0.0,0.0,2.5,wave,4161,0,0,0.14467676039413602,True
45,10,26,0.0,0.0,2.5,wave,4069,0,0,0.148193659375768,True
45,10,27,0.0,0.0,2.5,wave,3954,0,0,0.152250885179565,True
45,10,28,0.0,0.0,2.5,wave,3904,0,0,0.15471311475409835,True
45,10,29,0.0,0.0,2.5,wave,3812,0,0,0.1587093389296957,True
45,10,30,0.0,0.0,2.5,wave,3743,0,0,0.16243654822335024,True
45,10,31,0.0,0.0,2.5,wave,3662,0,0,0.16275259421081376,True
45,10,32,0.0,0.0,2.5,wave,3607,0,0,0.16578874410867758,True
45,10,33,0.0,0.0,2.5,wave,3542,0,0,0.1696781479390175,True
45,10,34,0.0,0.0,2.5,wave,3472,0,0,0.17223502304147464,True
45,10,35,0.0,0.0,2.5,wave,3381,0,0,0.17627920733510796,True
45,10,36,0.0,0.0,2.5,wave,3291,0,0,0.17958067456700091,True
45,10,37,0.0,0.0,2.5,wave,3209,0,0,0.18448114677469618,True
45,10,38,0.0,0.0,2.5,wave,3160,0,0,0.1860759493670886,True
45,10,39,0.0,0.0,2.5,wave,3122,0,0,0.18898142216527866,True
45,10,40,0.0,0.0,2.5,wave,3088,0,0,0.19073834196891193,True
45,10,41,0.0,0.0,2.5,wave,3046,0,0,0.19369665134602757,True
45,10,42,0.0,0.0,2.5,wave,3022,0,0,0.19457313037723362,True
45,10,43,0.0,0.0,2.5,wave,4442,0,0,0.34398919405673123,True
45,10,44,0.0,0.0,2.5,wave,3924,0,0,0.30479102956167176,True
45,10,45,0.0,0.0,2.5,wave,3569,0,0,0.27682824320537963,True
45,10,46,0.0,0.0,2.5,wave,3353,0,0,0.2642409782284521,True
45,10,47,0.0,0.0,2.5,wave,3190,0,0,0.2517241379310345,True
45,10,48,0.0,0.0,2.5,wave,3118,0,0,0.24727389352148813,True
45,10,49,0.0,0.0,2.5,wave,3056,0,0,0.24443717277486912,True
45,10,50,0.0,0.0,2.5,wave,2977,0,0,0.24319785018474974,True
45,10,51,0.0,0.0,2.5,wave,2924,0,0,0.2417920656634747,True
45,10,52,0.0,0.0,2.5,wave,2903,0,0,0.24319669307612815,True
45,11,1,0.0,0.0,2.5,wave,2856,0,0,0.24404761904761904,True
45,11,2,0.0,0.0,2.5,wave,2827,0,0,0.2476123098691192,True
45,11,3,0.0,0.0,2.5,wave,2797,0,0,0.25098319628173044,True
45,11,4,0.0,0.0,2.5,wave,2759,0,0,0.2558898151504168,True
45,11,5,0.0,0.0,2.5,wave,2734,0,0,0.2571324067300658,True
45,11,6,0.0,0.0,2.5,wave,2701,0,0,0.2576823398741207,True
45,11,7,0.0,0.0,2.5,wave,2679,0,0,0.25942515864128407,True
45,11,8,0.0,0.0,2.5,wave,2644,0,0,0.26021180030257185,True
45,11,9,0.0,0.0,2.5,wave,2615,0,0,0.2676864244741874,True
45,11,10,0.0,0.0,2.5,wave,2592,0,0,0.26774691358024694,True
45,11,11,0.0,0.0,2.5,wave,2562,0,0,0.2681498829039813,True
45,11,12,0.0,0.0,2.5,wave,2535,0,0,0.26942800788954635,True
45,11,13,0.0,0.0,2.5,wave,2506,0,0,0.27055067837190744,True
45,11,14,0.0,0.0,2.5,wave,2470,0,0,0.27125506072874495,True
45,11,15,0.0,0.0,2.5,wave,2445,0,0,0.27443762781186093,True
45,11,16,0.0,0.0,2.5,wave,2410,0,0,0.27717842323651454,True
45,11,17,0.0,0.0,2.5,wave,2382,0,0,0.2804366078925273,True
45,11,18,0.0,0.0,2.5,wave,5056,0,0,0.1261867088607595,True
45,11,19,0.0,0.0,2.5,wave,4977,0,0,0.1301989150090416,True
45,11,20,0.0,0.0,2.5,wave,4892,0,0,0.13327882256745707,True
45,11,21,0.0,0.0,2.5,wave,4795,0,0,0.13639207507820647,True
45,11,22,0.0,0.0,2.5,wave,4702,0,0,0.13866439812845596,True
45,11,23,0.0,0.0,2.5,wave,4603,0,0,0.14186400173799696,True
45,11,24,0.0,0.0,2.5,wave,4485,0,0,0.1451505016722408,True
45,11,25,0.0,0.0,2.5,wave,4400,0,0,0.1484090909090909,True
45,11,26,0.0,0.0,2.5,wave,4307,0,0,0.1495240306477827,True
45,11,27,0.0,0.0,2.5,wave,4200,0,0,0.1530952380952381,True
45,11,28,0.0,0.0,2.5,wave,4119,0,0,0.15562029618839524,True
45,11,29,0.0,0.0,2.5,wave,4044,0,0,0.15677546983184965,True
45,11,30,0.0,0.0,2.5,wave,3959,0,0,0.1596362717858045,True
45,11,31,0.0,0.0,2.5,wave,3893,0,0,0.16259953763164656,True
45,11,32,0.0,0.0,2.5,wave,3836,0,0,0.16501564129301355,True
45,11,33,0.0,0.0,2.5,wave,3749,0,0,0.1675113363563617,True
45,11,34,0.0,0.0,2.5,wave,3671,0,0,0.17107055298283846,True
45,11,35,0.0,0.0,2.5,wave,3609,0,0,0.17317816569686895,True
45,11,36,0.0,0.0,2.5,wave,3559,0,0,0.17589210452374263,True
45,11,37,0.0,0.0,2.5,wave,3511,0,0,0.17801196240387354,True
45,11,38,0.0,0.0,2.5,wave,3479,0,0,0.18079908019545846,True
45,11,39,0.0,0.0,2.5,wave,3442,0,0,0.1818710052295177,True
45,11,40,0.0,0.0,2.5,wave,3401,0,0,0.18523963540135255,True
45,11,41,0.0,0.0,2.5,wave,3362,0,0,0.18976799524092802,True
45,11,42,0.0,0.0,2.5,wave,3314,0,0,0.19251659625829812,True
45,11,43,0.0,0.0,2.5,wave,4838,0,0,0.3396031417941298,True
45,11,44,0.0,0.0,2.5,wave,4262,0,0,0.2984514312529329,True
45,11,45,0.0,0.0,2.5,wave,3863,0,0,0.2687030805073777,True
45,11,46,0.0,0.0,2.5,wave,3617,0,0,0.2543544373790434,True
45,11,47,0.0,0.0,2.5,wave,3455,0,0,0.2442836468885673,True
45,11,48,0.0,0.0,2.5,wave,3336,0,0,0.23800959232613908,True
45,11,49,0.0,0.0,2.5,wave,3255,0,0,0.23563748079877112,True
45,11,50,0.0,0.0,2.5,wave,3195,0,0,0.23380281690140844,True
45,11,51,0.0,0.0,2.5,wave,3133,0,0,0.23108841366102778,True
45,11,52,0.0,0.0,2.5,wave,3088,0,0,0.2338082901554404,True
46,1,1,0.0,0.0,2.5,wave,2694,0,0,0.0014847809948032665,True
46,1,2,0.0,0.0,2.5,wave,2672,0,0,0.002619760479041916,True
46,1,3,0.0,0.0,2.5,wave,2580,0,0,0.005426356589147287,True
46,1,4,0.0,0.0,2.5,wave,2572,0,0,0.006998444790046656,True
46,1,5,0.0,0.0,2.5,wave,2471,0,0,0.007689194658033185,True
46,1,6,0.0,0.0,2.5,wave,2445,0,0,0.012269938650306749,True
46,1,7,0.0,0.0,2.5,wave,2365,0,0,0.014799154334038054,True
46,1,8,0.0,0.0,2.5,wave,2344,0,0,0.016211604095563138,True
46,1,9,0.0,0.0,2.5,wave,2275,0,0,0.016263736263736263,True
46,1,10,0.0,0.0,2.5,wave,2240,0,0,0.017857142857142856,True
46,1,11,0.0,0.0,2.5,wave,2179,0,0,0.017898118402937126,True
46,1,12,0.0,0.0,2.5,wave,2108,0,0,0.018975332068311195,True
46,1,13,0.0,0.0,2.5,wave,2054,0,0,0.020934761441090556,True
46,1,14,0.0,0.0,2.5,wave,2017,0,0,0.023797719385225583,True
46,1,15,0.0,0.0,2.5,wave,1931,0,0,0.026929052304505437,True
46,1,16,0.0,0.0,2.5,wave,1900,0,0,0.02894736842105263,True
46,1,17,0.0,0.0,2.5,wave,1855,0,0,0.029649595687331536,True
46,1,18,0.0,0.0,2.5,wave,5271,0,0,0.010055018023145514,True
46,1,19,0.0,0.0,2.5,wave,5079,0,0,0.011813349084465446,True
46,1,20,0.0,0.0,2.5,wave,4871,0,0,0.013549579141859988,True
46,1,21,0.0,0.0,2.5,wave,4713,0,0,0.016762147252280923,True
46,1,22,0.0,0.0,2.5,wave,4623,0,0,0.019035258490157907,True
46,1,23,0.0,0.0,2.5,wave,4472,0,0,0.02146690518783542,True
46,1,24,0.0,0.0,2.5,wave,4415,0,0,0.022650056625141562,True
46,1,25,0.0,0.0,2.5,wave,4254,0,0,0.025152797367183826,True
46,1,26,0.0,0.0,2.5,wave,4182,0,0,0.02606408417025347,True
46,1,27,0.0,0.0,2.5,wave,4026,0,0,0.028315946348733235,True
46,1,28,0.0,0.0,2.5,wave,3911,0,0,0.03093837893121964,True
46,1,29,0.0,0.0,2.5,wave,3802,0,0,0.03314045239347712,True
46,1,30,0.0,0.0,2.5,wave,3695,0,0,0.03599458728010826,True
46,1,31,0.0,0.0,2.5,wave,3562,0,0,0.03986524424480629,True
46,1,32,0.0,0.0,2.5,wave,3496,0,0,0.040903890160183067,True
46,1,33,0.0,0.0,2.5,wave,3388,0,0,0.04220779220779221,True
46,1,34,0.0,0.0,2.5,wave,3329,0,0,0.0435566236106939,True
46,1,35,0.0,0.0,2.5,wave,3192,0,0,0.045426065162907266,True
46,1,36,0.0,0.0,2.5,wave,3140,0,0,0.04713375796178344,True
46,1,37,0.0,0.0,2.5,wave,3028,0,0,0.04920739762219287,True
46,1,38,0.0,0.0,2.5,wave,3006,0,0,0.05089820359281437,True
46,1,39,0.0,0.0,2.5,wave,2934,0,0,0.05248807089297887,True
46,1,40,0.0,0.0,2.5,wave,2914,0,0,0.05284831846259437,True
46,1,41,0.0,0.0,2.5,wave,2854,0,0,0.05641205325858444,True
46,1,42,0.0,0.0,2.5,wave,2801,0,0,0.06033559443056052,True
46,1,43,0.0,0.0,2.5,wave,3110,0,0,0.12540192926045016,True
46,1,44,0.0,0.0,2.5,wave,2919,0,0,0.1065433367591641,True
46,1,45,0.0,0.0,2.5,wave,2822,0,0,0.09922041105598867,True
46,1,46,0.0,0.0,2.5,wave,2764,0,0,0.09406657018813314,True
46,1,47,0.0,0.0,2.5,wave,2733,0,0,0.09586534943285767,True
46,1,48,0.0,0.0,2.5,wave,2686,0,0,0.0964259121370067,True
46,1,49,0.0,0.0,2.5,wave,2655,0,0,0.09943502824858758,True
46,1,50,0.0,0.0,2.5,wave,2622,0,0,0.10106788710907703,True
46,1,51,0.0,0.0,2.5,wave,2582,0,0,0.10340821068938807,True
46,1,52,0.0,0.0,2.5,wave,2554,0,0,0.10493343774471417,True
46,2,1,0.0,0.0,2.5,wave,2510,18,0,0.10557768924302789,False
46,2,2,0.0,0.0,2.5,wave,2477,18,5,0.10698425514735567,False
46,2,3,0.0,0.0,2.5,wave,2419,23,11,0.10996279454319967,False
46,2,4,0.0,0.0,2.5,wave,2386,27,9,0.11357921207041073,False
46,2,5,0.0,0.0,2.5,wave,2341,24,9,0.11661683041435283,False
46,2,6,0.0,0.0,2.5,wave,2277,24,8,0.11769872639437857,False
46,2,7,0.0,0.0,2.5,wave,2227,21,6,0.11809609339919173,False
46,2,8,0.0,0.0,2.5,wave,2185,29,5,0.11990846681922197,False
46,2,9,0.0,0.0,2.5,wave,2144,29,8,0.12220149253731344,False
46,2,10,0.0,0.0,2.5,wave,2105,39,9,0.12494061757719715,False
46,2,11,0.0,0.0,2.5,wave,2063,35,16,0.12845370819195345,False
46,2,12,0.0,0.0,2.5,wave,2024,39,21,0.1299407114624506,False
46,2,13,0.0,0.0,2.5,wave,1979,32,13,0.13340070742799393,False
46,2,14,0.0,0.0,2.5,wave,1944,35,13,0.1352880658436214,False
46,2,15,0.0,0.0,2.5,wave,1921,37,14,0.13951067152524727,False
46,2,16,0.0,0.0,2.5,wave,1895,34,11,0.1424802110817942,False
46,2,17,0.0,0.0,2.5,wave,1862,33,12,0.14715359828141783,False
46,2,18,0.0,0.0,2.5,wave,3672,35,15,0.07516339869281045,False
46,2,19,0.0,0.0,2.5,wave,3583,34,13,0.07675132570471672,False
46,2,20,0.0,0.0,2.5,wave,3500,36,16,0.07885714285714286,False
46,2,21,0.0,0.0,2.5,wave,3427,38,18,0.07966151152611614,False
46,2,22,0.0,0.0,2.5,wave,3369,40,13,0.08073612347877708,False
46,2,23,0.0,0.0,2.5,wave,3278,33,12,0.08297742525930446,False
46,2,24,0.0,0.0,2.5,wave,3214,37,16,0.08494088363410081,False
46,2,25,0.0,0.0,2.5,wave,3144,31,11,0.08778625954198473,False
46,2,26,0.0,0.0,2.5,wave,3049,32,10,0.09117743522466383,False
46,2,27,0.0,0.0,2.5,wave,2984,30,13,0.09349865951742628,False
46,2,28,0.0,0.0,2.5,wave,2912,31,14,0.09512362637362637,False
46,2,29,0.0,0.0,2.5,wave,2804,27,12,0.09664764621968616,False
46,2,30,0.0,0.0,2.5,wave,2747,27,10,0.09901710957408082,False
46,2,31,0.0,0.0,2.5,wave,2694,26,9,0.09948032665181886,False
46,2,32,0.0,0.0,2.5,wave,2621,24,10,0.10225104921785579,False
46,2,33,0.0,0.0,2.5,wave,2574,23,8,0.10528360528360528,False
46,2,34,0.0,0.0,2.5,wave,2509,24,7,0.10920685532084495,False
46,2,35,0.0,0.0,2.5,wave,2445,24,13,0.11370143149284254,False
46,2,36,0.0,0.0,2.5,wave,2377,21,13,0.11821623895666807,False
46,2,37,0.0,0.0,2.5,wave,2332,24,7,0.11963979416809606,False
46,2,38,0.0,0.0,2.5,wave,2297,25,5,0.12276882890727035,False
46,2,39,0.0,0.0,2.5,wave,2268,25,4,0.12522045855379188,False
46,2,40,0.0,0.0,2.5,wave,2219,23,5,0.12663361874718343,False
46,2,41,0.0,0.0,2.5,wave,2186,26,14,0.12946020128087832,False
46,2,42,0.0,0.0,2.5,wave,2153,23,14,0.13376683697166744,False
46,2,43,0.0,0.0,2.5,wave,2600,23,11,0.2273076923076923,False
46,2,44,0.0,0.0,2.5,wave,2388,16,6,0.1972361809045226,False
46,2,45,0.0,0.0,2.5,wave,2304,11,7,0.18663194444444445,False
46,2,46,0.0,0.0,2.5,wave,2252,8,5,0.18072824156305506,False
46,2,47,0.0,0.0,2.5,wave,2217,3,1,0.18222823635543528,False
46,2,48,0.0,0.0,2.5,wave,2171,3,2,0.18516812528788576,False
46,2,49,0.0,0.0,2.5,wave,2132,2,1,0.1848030018761726,False
46,2,50,0.0,0.0,2.5,wave,2099,1,1,0.18723201524535493,False
46,2,51,0.0,0.0,2.5,wave,2086,1,1,0.19031639501438158,False
46,2,52,0.0,0.0,2.5,wave,2064,0,0,0.1928294573643411,False
46,3,1,0.0,0.0,2.5,wave,2048,0,0,0.1953125,False
46,3,2,0.0,0.0,2.5,wave,2023,0,0,0.1967375185368265,False
46,3,3,0.0,0.0,2.5,wave,1989,0,0,0.19557566616390146,False
46,3,4,0.0,0.0,2.5,wave,1975,0,0,0.1969620253164557,True
46,3,5,0.0,0.0,2.5,wave,1962,0,0,0.19571865443425077,True
46,3,6,0.0,0.0,2.5,wave,1961,0,0,0.19938806731259562,True
46,3,7,0.0,0.0,2.5,wave,1935,0,0,0.2,True
46,3,8,0.0,0.0,2.5,wave,1904,0,0,0.20220588235294118,True
46,3,9,0.0,0.0,2.5,wave,1889,0,0,0.2069878242456326,True
46,3,10,0.0,0.0,2.5,wave,1862,0,0,0.20569280343716434,True
46,3,11,0.0,0.0,2.5,wave,1840,0,0,0.20597826086956522,True
46,3,12,0.0,0.0,2.5,wave,1816,0,0,0.20594713656387664,True
46,3,13,0.0,0.0,2.5,wave,1779,0,0,0.20741989881956155,True
46,3,14,0.0,0.0,2.5,wave,1752,0,0,0.21232876712328766,True
46,3,15,0.0,0.0,2.5,wave,1731,0,0,0.21374927787406123,True
46,3,16,0.0,0.0,2.5,wave,1718,0,0,0.21827706635622818,True
46,3,17,0.0,0.0,2.5,wave,1701,0,0,0.2175191064079953,True
46,3,18,0.0,0.0,2.5,wave,3731,0,0,0.09997319753417315,True
46,3,19,0.0,0.0,2.5,wave,3649,0,0,0.10139764318991505,True
46,3,20,0.0,0.0,2.5,wave,3582,0,0,0.10357342266890006,True
46,3,21,0.0,0.0,2.5,wave,3495,0,0,0.1061516452074392,True
46,3,22,0.0,0.0,2.5,wave,3402,0,0,0.10846560846560846,True
46,3,23,0.0,0.0,2.5,wave,3329,0,0,0.11024331631120457,True
46,3,24,0.0,0.0,2.5,wave,3247,0,0,0.1121034801355097,True
46,3,25,0.0,0.0,2.5,wave,3199,0,0,0.11503594873397936,True
46,3,26,0.0,0.0,2.5,wave,3123,0,0,0.12007684918347743,True
46,3,27,0.0,0.0,2.5,wave,3018,0,0,0.1242544731610338,True
46,3,28,0.0,0.0,2.5,wave,2940,0,0,0.12857142857142856,True
46,3,29,0.0,0.0,2.5,wave,2884,0,0,0.1317614424410541,True
46,3,30,0.0,0.0,2.5,wave,2834,0,0,0.13267466478475654,True
46,3,31,0.0,0.0,2.5,wave,2797,0,0,0.13657490168037184,True
46,3,32,0.0,0.0,2.5,wave,2730,0,0,0.13846153846153847,True
46,3,33,0.0,0.0,2.5,wave,2672,0,0,0.14109281437125748,True
46,3,34,0.0,0.0,2.5,wave,2629,0,0,0.1414986686953214,True
46,3,35,0.0,0.0,2.5,wave,2551,0,0,0.1462171697373579,True
46,3,36,0.0,0.0,2.5,wave,2508,0,0,0.14872408293460926,True
46,3,37,0.0,0.0,2.5,wave,2453,0,0,0.15287403179779863,True
46,3,38,0.0,0.0,2.5,wave,2421,0,0,0.15530772408095828,True
46,3,39,0.0,0.0,2.5,wave,2391,0,0,0.15851108322877458,True
46,3,40,0.0,0.0,2.5,wave,2358,0,0,0.16030534351145037,True
46,3,41,0.0,0.0,2.5,wave,2332,0,0,0.16295025728987994,True
46,3,42,0.0,0.0,2.5,wave,2304,0,0,0.16666666666666666,True
46,3,43,0.0,0.0,2.5,wave,2823,0,0,0.25221395678356356,True
46,3,44,0.0,0.0,2.5,wave,2586,0,0,0.22467130703789637,True
46,3,45,0.0,0.0,2.5,wave,2518,0,0,0.21961874503574266,True
46,3,46,0.0,0.0,2.5,wave,2433,0,0,0.2120838471023428,True
46,3,47,0.0,0.0,2.5,wave,2401,0,0,0.21199500208246563,True
46,3,48,0.0,0.0,2.5,wave,2366,0,0,0.21597633136094674,True
46,3,49,0.0,0.0,2.5,wave,2351,0,0,0.21735431731178223,True
46,3,50,0.0,0.0,2.5,wave,2329,0,0,0.21983683984542723,True
46,3,51,0.0,0.0,2.5,wave,2291,0,0,0.22435617634220864,True
46,3,52,0.0,0.0,2.5,wave,2261,0,0,0.226890756302521,True
46,4,1,0.0,0.0,2.5,wave,2239,0,0,0.22733363108530594,True
46,4,2,0.0,0.0,2.5,wave,2209,0,0,0.23087369850611136,True
46,4,3,0.0,0.0,2.5,wave,2182,0,0,0.23235563703024747,True
46,4,4,0.0,0.0,2.5,wave,2153,0,0,0.231769623780771,True
46,4,5,0.0,0.0,2.5,wave,2132,0,0,0.23405253283302063,True
46,4,6,0.0,0.0,2.5,wave,2107,0,0,0.23588039867109634,True
46,4,7,0.0,0.0,2.5,wave,2080,0,0,0.23798076923076922,True
46,4,8,0.0,0.0,2.5,wave,2060,0,0,0.23980582524271846,True
46,4,9,0.0,0.0,2.5,wave,2036,0,0,0.24214145383104127,True
46,4,10,0.0,0.0,2.5,wave,2009,0,0,0.2424091587854654,True
46,4,11,0.0,0.0,2.5,wave,1976,0,0,0.24645748987854252,True
46,4,12,0.0,0.0,2.5,wave,1945,0,0,0.24832904884318766,True
46,4,13,0.0,0.0,2.5,wave,1921,0,0,0.24778761061946902,True
46,4,14,0.0,0.0,2.5,wave,1892,0,0,0.2510570824524313,True
46,4,15,0.0,0.0,2.5,wave,1860,0,0,0.2553763440860215,True
46,4,16,0.0,0.0,2.5,wave,1839,0,0,0.2572050027188689,True
46,4,17,0.0,0.0,2.5,wave,1822,0,0,0.26125137211855104,True
46,4,18,0.0,0.0,2.5,wave,3924,0,0,0.12308868501529052,True
46,4,19,0.0,0.0,2.5,wave,3882,0,0,0.12545079855744462,True
46,4,20,0.0,0.0,2.5,wave,3806,0,0,0.1282186022070415,True
46,4,21,0.0,0.0,2.5,wave,3748,0,0,0.13073639274279616,True
46,4,22,0.0,0.0,2.5,wave,3647,0,0,0.13188922401974226,True
46,4,23,0.0,0.0,2.5,wave,3594,0,0,0.1352253756260434,True
46,4,24,0.0,0.0,2.5,wave,3546,0,0,0.13677382966723067,True
46,4,25,0.0,0.0,2.5,wave,3467,0,0,0.13902509374098646,True
46,4,26,0.0,0.0,2.5,wave,3397,0,0,0.14247865763909331,True
46,4,27,0.0,0.0,2.5,wave,3321,0,0,0.1451370069256248,True
46,4,28,0.0,0.0,2.5,wave,3246,0,0,0.14695009242144177,True
46,4,29,0.0,0.0,2.5,wave,3153,0,0,0.1509673326990168,True
46,4,30,0.0,0.0,2.5,wave,3102,0,0,0.15377176015473887,True
46,4,31,0.0,0.0,2.5,wave,3027,0,0,0.15857284440039643,True
46,4,32,0.0,0.0,2.5,wave,2977,0,0,0.16090023513604298,True
46,4,33,0.0,0.0,2.5,wave,2910,0,0,0.16494845360824742,True
46,4,34,0.0,0.0,2.5,wave,2837,0,0,0.16954529432499119,True
46,4,35,0.0,0.0,2.5,wave,2788,0,0,0.17431850789096126,True
46,4,36,0.0,0.0,2.5,wave,2730,0,0,0.17545787545787545,True
46,4,37,0.0,0.0,2.5,wave,2657,0,0,0.17802032367331577,True
46,4,38,0.0,0.0,2.5,wave,2624,0,0,0.1798780487804878,True
46,4,39,0.0,0.0,2.5,wave,2582,0,0,0.1812548412083656,True
46,4,40,0.0,0.0,2.5,wave,2534,0,0,0.18389897395422258,True
46,4,41,0.0,0.0,2.5,wave,2495,0,0,0.18637274549098196,True
46,4,42,0.0,0.0,2.5,wave,2462,0,0,0.190089358245329,True
46,4,43,0.0,0.0,2.5,wave,2974,0,0,0.269670477471419,True
46,4,44,0.0,0.0,2.5,wave,2739,0,0,0.24644030668127054,True
46,4,45,0.0,0.0,2.5,wave,2593,0,0,0.2279213266486695,True
46,4,46,0.0,0.0,2.5,wave,2523,0,0,0.22433610780816488,True
46,4,47,0.0,0.0,2.5,wave,2490,0,0,0.22369477911646587,True
46,4,48,0.0,0.0,2.5,wave,2463,0,0,0.22492894843686562,True
46,4,49,0.0,0.0,2.5,wave,2429,0,0,0.2260189378344998,True
46,4,50,0.0,0.0,2.5,wave,2402,0,0,0.22647793505412156,True
46,4,51,0.0,0.0,2.5,wave,2378,0,0,0.22750210260723297,True
46,4,52,0.0,0.0,2.5,wave,2348,0,0,0.22913117546848383,True
46,5,1,0.0,0.0,2.5,wave,2327,0,0,0.22905027932960895,True
46,5,2,0.0,0.0,2.5,wave,2304,0,0,0.23177083333333334,True
46,5,3,0.0,0.0,2.5,wave,2285,0,0,0.23282275711159736,True
46,5,4,0.0,0.0,2.5,wave,2259,0,0,0.23151837096060204,True
46,5,5,0.0,0.0,2.5,wave,2219,0,0,0.2338891392519153,True
46,5,6,0.0,0.0,2.5,wave,2178,0,0,0.236455463728191,True
46,5,7,0.0,0.0,2.5,wave,2129,0,0,0.23767026773132927,True
46,5,8,0.0,0.0,2.5,wave,2103,0,0,0.24013314312886352,True
46,5,9,0.0,0.0,2.5,wave,2085,0,0,0.24364508393285372,True
46,5,10,0.0,0.0,2.5,wave,2065,0,0,0.24503631961259079,True
46,5,11,0.0,0.0,2.5,wave,2041,0,0,0.2484076433121019,True
46,5,12,0.0,0.0,2.5,wave,2018,0,0,0.24975222993062438,True
46,5,13,0.0,0.0,2.5,wave,1995,0,0,0.2521303258145363,True
46,5,14,0.0,0.0,2.5,wave,1977,0,0,0.2534142640364188,True
46,5,15,0.0,0.0,2.5,wave,1946,0,0,0.2574511819116136,True
46,5,16,0.0,0.0,2.5,wave,1925,0,0,0.26025974025974025,True
46,5,17,0.0,0.0,2.5,wave,1909,0,0,0.26244106862231537,True
46,5,18,0.0,0.0,2.5,wave,4198,0,0,0.12029537875178657,True
46,5,19,0.0,0.0,2.5,wave,4115,0,0,0.12345078979343864,True
46,5,20,0.0,0.0,2.5,wave,4041,0,0,0.1257114575600099,True
46,5,21,0.0,0.0,2.5,wave,3964,0,0,0.12815338042381433,True
46,5,22,0.0,0.0,2.5,wave,3888,0,0,0.13271604938271606,True
46,5,23,0.0,0.0,2.5,wave,3827,0,0,0.13561536451528614,True
46,5,24,0.0,0.0,2.5,wave,3726,0,0,0.1392914653784219,True
46,5,25,0.0,0.0,2.5,wave,3634,0,0,0.1422674738580077,True
46,5,26,0.0,0.0,2.5,wave,3532,0,0,0.14637599093997736,True
46,5,27,0.0,0.0,2.5,wave,3453,0,0,0.1500144801621778,True
46,5,28,0.0,0.0,2.5,wave,3373,0,0,0.1535724873999407,True
46,5,29,0.0,0.0,2.5,wave,3288,0,0,0.15541362530413624,True
46,5,30,0.0,0.0,2.5,wave,3217,0,0,0.15760024867889338,True
46,5,31,0.0,0.0,2.5,wave,3128,0,0,0.16272378516624042,True
46,5,32,0.0,0.0,2.5,wave,3044,0,0,0.16590013140604468,True
46,5,33,0.0,0.0,2.5,wave,2937,0,0,0.16922029281579842,True
46,5,34,0.0,0.0,2.5,wave,2883,0,0,0.171349288935137,True
46,5,35,0.0,0.0,2.5,wave,2842,0,0,0.17593244194229415,True
46,5,36,0.0,0.0,2.5,wave,2780,0,0,0.1776978417266187,True
46,5,37,0.0,0.0,2.5,wave,2690,0,0,0.17918215613382898,True
46,5,38,0.0,0.0,2.5,wave,2648,0,0,0.18202416918429004,True
46,5,39,0.0,0.0,2.5,wave,2611,0,0,0.18460360015319802,True
46,5,40,0.0,0.0,2.5,wave,2575,0,0,0.18757281553398059,True
46,5,41,0.0,0.0,2.5,wave,2548,0,0,0.19191522762951335,True
46,5,42,0.0,0.0,2.5,wave,2516,0,0,0.1935612082670906,True
46,5,43,0.0,0.0,2.5,wave,3006,0,0,0.2691284098469727,True
46,5,44,0.0,0.0,2.5,wave,2776,0,0,0.24567723342939482,True
46,5,45,0.0,0.0,2.5,wave,2674,0,0,0.23485415108451757,True
46,5,46,0.0,0.0,2.5,wave,2604,0,0,0.23079877112135178,True
46,5,47,0.0,0.0,2.5,wave,2559,0,0,0.23055881203595155,True
46,5,48,0.0,0.0,2.5,wave,2530,0,0,0.22885375494071147,True
46,5,49,0.0,0.0,2.5,wave,2502,0,0,0.23341326938449242,True
46,5,50,0.0,0.0,2.5,wave,2473,0,0,0.2341285887585928,True
46,5,51,0.0,0.0,2.5,wave,2446,0,0,0.2367130008176615,True
46,5,52,0.0,0.0,2.5,wave,2425,0,0,0.23917525773195877,True
46,6,1,0.0,0.0,2.5,wave,2409,0,0,0.23993358239933582,True
46,6,2,0.0,0.0,2.5,wave,2394,0,0,0.24060150375939848,True
46,6,3,0.0,0.0,2.5,wave,2360,0,0,0.24152542372881355,True
46,6,4,0.0,0.0,2.5,wave,2334,0,0,0.24250214224507283,True
46,6,5,0.0,0.0,2.5,wave,2305,0,0,0.2455531453362256,True
46,6,6,0.0,0.0,2.5,wave,2293,0,0,0.24901875272568688,True
46,6,7,0.0,0.0,2.5,wave,2262,0,0,0.2493368700265252,True
46,6,8,0.0,0.0,2.5,wave,2227,0,0,0.25280646609788954,True
46,6,9,0.0,0.0,2.5,wave,2202,0,0,0.254314259763851,True
46,6,10,0.0,0.0,2.5,wave,2165,0,0,0.25681293302540414,True
46,6,11,0.0,0.0,2.5,wave,2134,0,0,0.2591377694470478,True
46,6,12,0.0,0.0,2.5,wave,2106,0,0,0.2606837606837607,True
46,6,13,0.0,0.0,2.5,wave,2089,0,0,0.26376256582096697,True
46,6,14,0.0,0.0,2.5,wave,2075,0,0,0.2669879518072289,True
46,6,15,0.0,0.0,2.5,wave,2046,0,0,0.2653958944281525,True
46,6,16,0.0,0.0,2.5,wave,2029,0,0,0.2666338097585017,True
46,6,17,0.0,0.0,2.5,wave,2011,0,0,0.2675285927399304,True
46,6,18,0.0,0.0,2.5,wave,4473,0,0,0.1227364185110664,True
46,6,19,0.0,0.0,2.5,wave,4400,0,0,0.12431818181818181,True
46,6,20,0.0,0.0,2.5,wave,4331,0,0,0.12629877626414224,True
46,6,21,0.0,0.0,2.5,wave,4253,0,0,0.12979073595109333,True
46,6,22,0.0,0.0,2.5,wave,4144,0,0,0.13392857142857142,True
46,6,23,0.0,0.0,2.5,wave,4055,0,0,0.13711467324291,True
46,6,24,0.0,0.0,2.5,wave,3963,0,0,0.14130709058793844,True
46,6,25,0.0,0.0,2.5,wave,3889,0,0,0.1455386988943173,True
46,6,26,0.0,0.0,2.5,wave,3788,0,0,0.14915522703273495,True
46,6,27,0.0,0.0,2.5,wave,3709,0,0,0.15206255055270962,True
46,6,28,0.0,0.0,2.5,wave,3633,0,0,0.15524360033030554,True
46,6,29,0.0,0.0,2.5,wave,3572,0,0,0.1570548712206047,True
46,6,30,0.0,0.0,2.5,wave,3494,0,0,0.16027475672581568,True
46,6,31,0.0,0.0,2.5,wave,3412,0,0,0.16354044548651817,True
46,6,32,0.0,0.0,2.5,wave,3318,0,0,0.16576250753465943,True
46,6,33,0.0,0.0,2.5,wave,3260,0,0,0.16932515337423312,True
46,6,34,0.0,0.0,2.5,wave,3204,0,0,0.17384519350811486,True
46,6,35,0.0,0.0,2.5,wave,3163,0,0,0.17862788491938034,True
46,6,36,0.0,0.0,2.5,wave,3109,0,0,0.18237375361852687,True
46,6,37,0.0,0.0,2.5,wave,3039,0,0,0.1849292530437644,True
46,6,38,0.0,0.0,2.5,wave,3002,0,0,0.18787475016655564,True
46,6,39,0.0,0.0,2.5,wave,2959,0,0,0.19026698208854342,True
46,6,40,0.0,0.0,2.5,wave,2915,0,0,0.1914236706689537,True
46,6,41,0.0,0.0,2.5,wave,2874,0,0,0.19380654140570633,True
46,6,42,0.0,0.0,2.5,wave,2839,0,0,0.19690031701303276,True
46,6,43,0.0,0.0,2.5,wave,3397,0,0,0.2802472770091257,True
46,6,44,0.0,0.0,2.5,wave,3123,0,0,0.2494396413704771,True
46,6,45,0.0,0.0,2.5,wave,2972,0,0,0.2345222072678331,True
46,6,46,0.0,0.0,2.5,wave,2863,0,0,0.22982885085574573,True
46,6,47,0.0,0.0,2.5,wave,2827,0,0,0.22709586133710646,True
46,6,48,0.0,0.0,2.5,wave,2774,0,0,0.22819033886085074,True
46,6,49,0.0,0.0,2.5,wave,2725,0,0,0.22752293577981653,True
46,6,50,0.0,0.0,2.5,wave,2682,0,0,0.22781506338553317,True
46,6,51,0.0,0.0,2.5,wave,2642,0,0,0.23012869038607117,True
46,6,52,0.0,0.0,2.5,wave,2613,0,0,0.23230003827018753,True
46,7,1,0.0,0.0,2.5,wave,2577,0,0,0.23282887077997672,True
46,7,2,0.0,0.0,2.5,wave,2548,0,0,0.23626373626373626,True
46,7,3,0.0,0.0,2.5,wave,2510,0,0,0.23864541832669323,True
46,7,4,0.0,0.0,2.5,wave,2484,0,0,0.2391304347826087,True
46,7,5,0.0,0.0,2.5,wave,2458,0,0,0.24003254678600489,True
46,7,6,0.0,0.0,2.5,wave,2434,0,0,0.242810188989318,True
46,7,7,0.0,0.0,2.5,wave,2407,0,0,0.24511840465309515,True
46,7,8,0.0,0.0,2.5,wave,2381,0,0,0.24695506089878203,True
46,7,9,0.0,0.0,2.5,wave,2357,0,0,0.24862112855324564,True
46,7,10,0.0,0.0,2.5,wave,2327,0,0,0.2522561237645036,True
46,7,11,0.0,0.0,2.5,wave,2300,0,0,0.25173913043478263,True
46,7,12,0.0,0.0,2.5,wave,2279,0,0,0.25274243089074155,True
46,7,13,0.0,0.0,2.5,wave,2230,0,0,0.2533632286995516,True
46,7,14,0.0,0.0,2.5,wave,2194,0,0,0.2538742023701003,True
46,7,15,0.0,0.0,2.5,wave,2154,0,0,0.2539461467038069,True
46,7,16,0.0,0.0,2.5,wave,2139,0,0,0.25432445067788684,True
46,7,17,0.0,0.0,2.5,wave,2121,0,0,0.2564827911362565,True
46,7,18,0.0,0.0,2.5,wave,4740,0,0,0.1160337552742616,True
46,7,19,0.0,0.0,2.5,wave,4643,0,0,0.11824251561490416,True
46,7,20,0.0,0.0,2.5,wave,4525,0,0,0.12110497237569061,True
46,7,21,0.0,0.0,2.5,wave,4445,0,0,0.12485939257592801,True
46,7,22,0.0,0.0,2.5,wave,4352,0,0,0.12752757352941177,True
46,7,23,0.0,0.0,2.5,wave,4248,0,0,0.12947269303201506,True
46,7,24,0.0,0.0,2.5,wave,4166,0,0,0.1329812770043207,True
46,7,25,0.0,0.0,2.5,wave,4092,0,0,0.136119257086999,True
46,7,26,0.0,0.0,2.5,wave,4026,0,0,0.13909587680079483,True
46,7,27,0.0,0.0,2.5,wave,3956,0,0,0.14206268958543983,True
46,7,28,0.0,0.0,2.5,wave,3856,0,0,0.14470954356846474,True
46,7,29,0.0,0.0,2.5,wave,3781,0,0,0.14810896588204178,True
46,7,30,0.0,0.0,2.5,wave,3708,0,0,0.15048543689320387,True
46,7,31,0.0,0.0,2.5,wave,3609,0,0,0.15350512607370462,True
46,7,32,0.0,0.0,2.5,wave,3513,0,0,0.15769997153430115,True
46,7,33,0.0,0.0,2.5,wave,3441,0,0,0.16070909619296717,True
46,7,34,0.0,0.0,2.5,wave,3376,0,0,0.1640995260663507,True
46,7,35,0.0,0.0,2.5,wave,3292,0,0,0.16707168894289187,True
46,7,36,0.0,0.0,2.5,wave,3225,0,0,0.16992248062015503,True
46,7,37,0.0,0.0,2.5,wave,3158,0,0,0.17447751741608614,True
46,7,38,0.0,0.0,2.5,wave,3116,0,0,0.17811296534017973,True
46,7,39,0.0,0.0,2.5,wave,3074,0,0,0.18054651919323358,True
46,7,40,0.0,0.0,2.5,wave,3040,0,0,0.18388157894736842,True
46,7,41,0.0,0.0,2.5,wave,2999,0,0,0.18739579859953318,True
46,7,42,0.0,0.0,2.5,wave,2943,0,0,0.19130139313625552,True
46,7,43,0.0,0.0,2.5,wave,3617,0,0,0.2864252142659663,True
46,7,44,0.0,0.0,2.5,wave,3318,0,0,0.25949367088607594,True
46,7,45,0.0,0.0,2.5,wave,3140,0,0,0.2426751592356688,True
46,7,46,0.0,0.0,2.5,wave,3006,0,0,0.2322022621423819,True
46,7,47,0.0,0.0,2.5,wave,2938,0,0,0.22634445200816883,True
46,7,48,0.0,0.0,2.5,wave,2903,0,0,0.2245952462969342,True
46,7,49,0.0,0.0,2.5,wave,2845,0,0,0.22214411247803165,True
46,7,50,0.0,0.0,2.5,wave,2813,0,0,0.22324920014219693,True
46,7,51,0.0,0.0,2.5,wave,2786,0,0,0.22577171572146446,True
46,7,52,0.0,0.0,2.5,wave,2754,0,0,0.22839506172839505,True
46,8,1,0.0,0.0,2.5,wave,2735,0,0,0.23107861060329069,True
46,8,2,0.0,0.0,2.5,wave,2716,0,0,0.23343151693667158,True
46,8,3,0.0,0.0,2.5,wave,2677,0,0,0.23421740754576018,True
46,8,4,0.0,0.0,2.5,wave,2652,0,0,0.23755656108597284,True
46,8,5,0.0,0.0,2.5,wave,2617,0,0,0.2411157814291173,True
46,8,6,0.0,0.0,2.5,wave,2596,0,0,0.24422187981510016,True
46,8,7,0.0,0.0,2.5,wave,2566,0,0,0.24434918160561184,True
46,8,8,0.0,0.0,2.5,wave,2543,0,0,0.24695241840346047,True
46,8,9,0.0,0.0,2.5,wave,2515,0,0,0.2504970178926441,True
46,8,10,0.0,0.0,2.5,wave,2476,0,0,0.2516155088852989,True
46,8,11,0.0,0.0,2.5,wave,2454,0,0,0.2526487367563162,True
46,8,12,0.0,0.0,2.5,wave,2434,0,0,0.2530813475760066,True
46,8,13,0.0,0.0,2.5,wave,2403,0,0,0.25426550145651267,True
46,8,14,0.0,0.0,2.5,wave,2369,0,0,0.25622625580413677,True
46,8,15,0.0,0.0,2.5,wave,2337,0,0,0.25802310654685495,True
46,8,16,0.0,0.0,2.5,wave,2319,0,0,0.26088831392841744,True
46,8,17,0.0,0.0,2.5,wave,2279,0,0,0.26239578762615184,True
46,8,18,0.0,0.0,2.5,wave,5087,0,0,0.11853744839787694,True
46,8,19,0.0,0.0,2.5,wave,5010,0,0,0.12115768463073852,True
46,8,20,0.0,0.0,2.5,wave,4912,0,0,0.1237785016286645,True
46,8,21,0.0,0.0,2.5,wave,4799,0,0,0.1271098145446968,True
46,8,22,0.0,0.0,2.5,wave,4683,0,0,0.13004484304932734,True
46,8,23,0.0,0.0,2.5,wave,4595,0,0,0.13340587595212186,True
46,8,24,0.0,0.0,2.5,wave,4517,0,0,0.1365950852335621,True
46,8,25,0.0,0.0,2.5,wave,4433,0,0,0.14053688247236634,True
46,8,26,0.0,0.0,2.5,wave,4349,0,0,0.1432513221430214,True
46,8,27,0.0,0.0,2.5,wave,4222,0,0,0.1468498342018001,True
46,8,28,0.0,0.0,2.5,wave,4136,0,0,0.14941972920696325,True
46,8,29,0.0,0.0,2.5,wave,4063,0,0,0.15284272704897858,True
46,8,30,0.0,0.0,2.5,wave,3987,0,0,0.15701028342111864,True
46,8,31,0.0,0.0,2.5,wave,3919,0,0,0.159734626180148,True
46,8,32,0.0,0.0,2.5,wave,3864,0,0,0.16200828157349897,True
46,8,33,0.0,0.0,2.5,wave,3782,0,0,0.16525647805393973,True
46,8,34,0.0,0.0,2.5,wave,3685,0,0,0.16933514246947082,True
46,8,35,0.0,0.0,2.5,wave,3601,0,0,0.17106359344626493,True
46,8,36,0.0,0.0,2.5,wave,3554,0,0,0.17445132245357345,True
46,8,37,0.0,0.0,2.5,wave,3508,0,0,0.17616875712656785,True
46,8,38,0.0,0.0,2.5,wave,3455,0,0,0.18002894356005789,True
46,8,39,0.0,0.0,2.5,wave,3420,0,0,0.18333333333333332,True
46,8,40,0.0,0.0,2.5,wave,3382,0,0,0.1862803075103489,True
46,8,41,0.0,0.0,2.5,wave,3336,0,0,0.18764988009592326,True
46,8,42,0.0,0.0,2.5,wave,3310,0,0,0.19093655589123867,True
46,8,43,0.0,0.0,2.5,wave,4032,0,0,0.2822420634920635,True
46,8,44,0.0,0.0,2.5,wave,3679,0,0,0.2525142701821147,True
46,8,45,0.0,0.0,2.5,wave,3463,0,0,0.23592261045336413,True
46,8,46,0.0,0.0,2.5,wave,3330,0,0,0.22912912912912914,True
46,8,47,0.0,0.0,2.5,wave,3225,0,0,0.22666666666666666,True
46,8,48,0.0,0.0,2.5,wave,3152,0,0,0.22398477157360405,True
46,8,49,0.0,0.0,2.5,wave,3112,0,0,0.22397172236503857,True
46,8,50,0.0,0.0,2.5,wave,3078,0,0,0.2277452891487979,True
46,8,51,0.0,0.0,2.5,wave,3052,0,0,0.23197903014416776,True
46,8,52,0.0,0.0,2.5,wave,3013,0,0,0.23464985064719548,True
46,9,1,0.0,0.0,2.5,wave,2978,0,0,0.2384150436534587,True
46,9,2,0.0,0.0,2.5,wave,2943,0,0,0.2402310567448182,True
46,9,3,0.0,0.0,2.5,wave,2907,0,0,0.24045407636738905,True
46,9,4,0.0,0.0,2.5,wave,2874,0,0,0.2418232428670842,True
46,9,5,0.0,0.0,2.5,wave,2835,0,0,0.24303350970017637,True
46,9,6,0.0,0.0,2.5,wave,2799,0,0,0.2433011789924973,True
46,9,7,0.0,0.0,2.5,wave,2767,0,0,0.2446693169497651,True
46,9,8,0.0,0.0,2.5,wave,2724,0,0,0.24853157121879588,True
46,9,9,0.0,0.0,2.5,wave,2686,0,0,0.2501861504095309,True
46,9,10,0.0,0.0,2.5,wave,2658,0,0,0.25319789315274643,True
46,9,11,0.0,0.0,2.5,wave,2606,0,0,0.2544128933231005,True
46,9,12,0.0,0.0,2.5,wave,2565,0,0,0.2573099415204678,True
46,9,13,0.0,0.0,2.5,wave,2543,0,0,0.2587495084545812,True
46,9,14,0.0,0.0,2.5,wave,2516,0,0,0.2611287758346582,True
46,9,15,0.0,0.0,2.5,wave,2485,0,0,0.2627766599597586,True
46,9,16,0.0,0.0,2.5,wave,2462,0,0,0.2644191714053615,True
46,9,17,0.0,0.0,2.5,wave,2433,0,0,0.2667488697081792,True
46,9,18,0.0,0.0,2.5,wave,5086,0,0,0.11620133700353913,True
46,9,19,0.0,0.0,2.5,wave,4992,0,0,0.11919070512820513,True
46,9,20,0.0,0.0,2.5,wave,4924,0,0,0.12144597887896019,True
46,9,21,0.0,0.0,2.5,wave,4828,0,0,0.1251035625517813,True
46,9,22,0.0,0.0,2.5,wave,4732,0,0,0.12700760777683853,True
46,9,23,0.0,0.0,2.5,wave,4670,0,0,0.12933618843683084,True
46,9,24,0.0,0.0,2.5,wave,4570,0,0,0.1323851203501094,True
46,9,25,0.0,0.0,2.5,wave,4468,0,0,0.13540734109221128,True
46,9,26,0.0,0.0,2.5,wave,4384,0,0,0.13845802919708028,True
46,9,27,0.0,0.0,2.5,wave,4310,0,0,0.1408352668213457,True
46,9,28,0.0,0.0,2.5,wave,4222,0,0,0.14353387020369493,True
46,9,29,0.0,0.0,2.5,wave,4142,0,0,0.14630613230323516,True
46,9,30,0.0,0.0,2.5,wave,4072,0,0,0.14882121807465618,True
46,9,31,0.0,0.0,2.5,wave,3959,0,0,0.1520586006567315,True
46,9,32,0.0,0.0,2.5,wave,3868,0,0,0.15589451913133404,True
46,9,33,0.0,0.0,2.5,wave,3809,0,0,0.1590968758204253,True
46,9,34,0.0,0.0,2.5,wave,3746,0,0,0.16177255739455418,True
46,9,35,0.0,0.0,2.5,wave,3680,0,0,0.16576086956521738,True
46,9,36,0.0,0.0,2.5,wave,3607,0,0,0.16911560853895205,True
46,9,37,0.0,0.0,2.5,wave,3558,0,0,0.1711635750421585,True
46,9,38,0.0,0.0,2.5,wave,3513,0,0,0.17307144890407059,True
46,9,39,0.0,0.0,2.5,wave,3460,0,0,0.17601156069364163,True
46,9,40,0.0,0.0,2.5,wave,3414,0,0,0.17896895137668425,True
46,9,41,0.0,0.0,2.5,wave,3365,0,0,0.18098068350668647,True
46,9,42,0.0,0.0,2.5,wave,3327,0,0,0.18214607754733994,True
46,9,43,0.0,0.0,2.5,wave,4184,0,0,0.28035372848948376,True
46,9,44,0.0,0.0,2.5,wave,3811,0,0,0.24901600629755968,True
46,9,45,0.0,0.0,2.5,wave,3574,0,0,0.22999440402909904,True
46,9,46,0.0,0.0,2.5,wave,3462,0,0,0.2221259387637204,True
46,9,47,0.0,0.0,2.5,wave,3345,0,0,0.2203288490284006,True
46,9,48,0.0,0.0,2.5,wave,3264,0,0,0.2190563725490196,True
46,9,49,0.0,0.0,2.5,wave,3218,0,0,0.2197016780609074,True
46,9,50,0.0,0.0,2.5,wave,3178,0,0,0.22026431718061673,True
46,9,51,0.0,0.0,2.5,wave,3108,0,0,0.2175032175032175,True
46,9,52,0.0,0.0,2.5,wave,3085,0,0,0.21491085899513776,True
46,10,1,0.0,0.0,2.5,wave,3043,0,0,0.21919158724942492,True
46,10,2,0.0,0.0,2.5,wave,3012,0,0,0.2197875166002656,True
46,10,3,0.0,0.0,2.5,wave,2982,0,0,0.22199865861837692,True
46,10,4,0.0,0.0,2.5,wave,2952,0,0,0.22357723577235772,True
46,10,5,0.0,0.0,2.5,wave,2916,0,0,0.22599451303155008,True
46,10,6,0.0,0.0,2.5,wave,2882,0,0,0.22519083969465647,True
46,10,7,0.0,0.0,2.5,wave,2838,0,0,0.22762508809020437,True
46,10,8,0.0,0.0,2.5,wave,2805,0,0,0.23101604278074866,True
46,10,9,0.0,0.0,2.5,wave,2782,0,0,0.2336448598130841,True
46,10,10,0.0,0.0,2.5,wave,2746,0,0,0.23780043699927167,True
46,10,11,0.0,0.0,2.5,wave,2700,0,0,0.23777777777777778,True
46,10,12,0.0,0.0,2.5,wave,2686,0,0,0.23790022338049144,True
46,10,13,0.0,0.0,2.5,wave,2666,0,0,0.24006001500375093,True
46,10,14,0.0,0.0,2.5,wave,2645,0,0,0.24120982986767486,True
46,10,15,0.0,0.0,2.5,wave,2601,0,0,0.24259900038446752,True
46,10,16,0.0,0.0,2.5,wave,2579,0,0,0.24621946490887942,True
46,10,17,0.0,0.0,2.5,wave,2557,0,0,0.24677356276886978,True
46,10,18,0.0,0.0,2.5,wave,5312,0,0,0.11483433734939759,True
46,10,19,0.0,0.0,2.5,wave,5210,0,0,0.118042226487524,True
46,10,20,0.0,0.0,2.5,wave,5106,0,0,0.12083822953388171,True
46,10,21,0.0,0.0,2.5,wave,4984,0,0,0.125,True
46,10,22,0.0,0.0,2.5,wave,4873,0,0,0.12805253437307612,True
46,10,23,0.0,0.0,2.5,wave,4804,0,0,0.13009991673605328,True
46,10,24,0.0,0.0,2.5,wave,4708,0,0,0.13275276125743415,True
46,10,25,0.0,0.0,2.5,wave,4618,0,0,0.13728886964053702,True
46,10,26,0.0,0.0,2.5,wave,4511,0,0,0.13988029261804477,True
46,10,27,0.0,0.0,2.5,wave,4418,0,0,0.14418288818469896,True
46,10,28,0.0,0.0,2.5,wave,4304,0,0,0.14428438661710039,True
46,10,29,0.0,0.0,2.5,wave,4190,0,0,0.14892601431980906,True
46,10,30,0.0,0.0,2.5,wave,4125,0,0,0.15224242424242423,True
46,10,31,0.0,0.0,2.5,wave,4056,0,0,0.15680473372781065,True
46,10,32,0.0,0.0,2.5,wave,3991,0,0,0.15835630167877726,True
46,10,33,0.0,0.0,2.5,wave,3897,0,0,0.1624326404926867,True
46,10,34,0.0,0.0,2.5,wave,3846,0,0,0.16614664586583464,True
46,10,35,0.0,0.0,2.5,wave,3802,0,0,0.1699105733824303,True
46,10,36,0.0,0.0,2.5,wave,3753,0,0,0.17266187050359713,True
46,10,37,0.0,0.0,2.5,wave,3673,0,0,0.17642254288047918,True
46,10,38,0.0,0.0,2.5,wave,3638,0,0,0.17894447498625618,True
46,10,39,0.0,0.0,2.5,wave,3585,0,0,0.1815899581589958,True
46,10,40,0.0,0.0,2.5,wave,3543,0,0,0.18430708439175839,True
46,10,41,0.0,0.0,2.5,wave,3489,0,0,0.1885927199770708,True
46,10,42,0.0,0.0,2.5,wave,3460,0,0,0.1907514450867052,True
46,10,43,0.0,0.0,2.5,wave,4379,0,0,0.2927609043160539,True
46,10,44,0.0,0.0,2.5,wave,3959,0,0,0.25915635261429654,True
46,10,45,0.0,0.0,2.5,wave,3690,0,0,0.23848238482384823,True
46,10,46,0.0,0.0,2.5,wave,3565,0,0,0.23478260869565218,True
46,10,47,0.0,0.0,2.5,wave,3463,0,0,0.2281259023967658,True
46,10,48,0.0,0.0,2.5,wave,3390,0,0,0.23008849557522124,True
46,10,49,0.0,0.0,2.5,wave,3335,0,0,0.22968515742128937,True
46,10,50,0.0,0.0,2.5,wave,3286,0,0,0.2285453438831406,True
46,10,51,0.0,0.0,2.5,wave,3237,0,0,0.22798887859128822,True
46,10,52,0.0,0.0,2.5,wave,3217,0,0,0.2315822194591234,True
46,11,1,0.0,0.0,2.5,wave,3188,0,0,0.23212045169385195,True
46,11,2,0.0,0.0,2.5,wave,3168,0,0,0.23674242424242425,True
46,11,3,0.0,0.0,2.5,wave,3137,0,0,0.24035702900860695,True
46,11,4,0.0,0.0,2.5,wave,3115,0,0,0.24333868378812198,True
46,11,5,0.0,0.0,2.5,wave,3096,0,0,0.24580103359173128,True
46,11,6,0.0,0.0,2.5,wave,3069,0,0,0.24926686217008798,True
46,11,7,0.0,0.0,2.5,wave,3021,0,0,0.24826216484607747,True
46,11,8,0.0,0.0,2.5,wave,2987,0,0,0.2497489119517911,True
46,11,9,0.0,0.0,2.5,wave,2953,0,0,0.2519471723670843,True
46,11,10,0.0,0.0,2.5,wave,2929,0,0,0.25810856947763744,True
46,11,11,0.0,0.0,2.5,wave,2893,0,0,0.2585551330798479,True
46,11,12,0.0,0.0,2.5,wave,2852,0,0,0.2605189340813464,True
46,11,13,0.0,0.0,2.5,wave,2816,0,0,0.2638494318181818,True
46,11,14,0.0,0.0,2.5,wave,2794,0,0,0.26950608446671437,True
46,11,15,0.0,0.0,2.5,wave,2776,0,0,0.27017291066282423,True
46,11,16,0.0,0.0,2.5,wave,2761,0,0,0.2723650851140891,True
46,11,17,0.0,0.0,2.5,wave,2735,0,0,0.2742230347349177,True
46,11,18,0.0,0.0,2.5,wave,6080,0,0,0.12105263157894737,True
46,11,19,0.0,0.0,2.5,wave,6004,0,0,0.1252498334443704,True
46,11,20,0.0,0.0,2.5,wave,5866,0,0,0.1295601772928742,True
46,11,21,0.0,0.0,2.5,wave,5772,0,0,0.13253638253638253,True
46,11,22,0.0,0.0,2.5,wave,5676,0,0,0.1361874559548978,True
46,11,23,0.0,0.0,2.5,wave,5594,0,0,0.13782624240257418,True
46,11,24,0.0,0.0,2.5,wave,5490,0,0,0.1424408014571949,True
46,11,25,0.0,0.0,2.5,wave,5412,0,0,0.1457871396895787,True
46,11,26,0.0,0.0,2.5,wave,5291,0,0,0.15044415044415044,True
46,11,27,0.0,0.0,2.5,wave,5185,0,0,0.15467695274831245,True
46,11,28,0.0,0.0,2.5,wave,5057,0,0,0.15878979632193,True
46,11,29,0.0,0.0,2.5,wave,4963,0,0,0.1615958089865001,True
46,11,30,0.0,0.0,2.5,wave,4860,0,0,0.1646090534979424,True
46,11,31,0.0,0.0,2.5,wave,4773,0,0,0.16760946993505133,True
46,11,32,0.0,0.0,2.5,wave,4693,0,0,0.16918815256765396,True
46,11,33,0.0,0.0,2.5,wave,4610,0,0,0.1737527114967462,True
46,11,34,0.0,0.0,2.5,wave,4532,0,0,0.1763018534863195,True
46,11,35,0.0,0.0,2.5,wave,4415,0,0,0.18006795016987542,True
46,11,36,0.0,0.0,2.5,wave,4328,0,0,0.1836876155268022,True
46,11,37,0.0,0.0,2.5,wave,4258,0,0,0.18670737435415688,True
46,11,38,0.0,0.0,2.5,wave,4192,0,0,0.1894083969465649,True
46,11,39,0.0,0.0,2.5,wave,4142,0,0,0.19193626267503622,True
46,11,40,0.0,0.0,2.5,wave,4092,0,0,0.1947702834799609,True
46,11,41,0.0,0.0,2.5,wave,4044,0,0,0.19708209693372897,True
46,11,42,0.0,0.0,2.5,wave,3996,0,0,0.2002002002002002,True
46,11,43,0.0,0.0,2.5,wave,4881,0,0,0.28662159393566894,True
46,11,44,0.0,0.0,2.5,wave,4445,0,0,0.25444319460067494,True
46,11,45,0.0,0.0,2.5,wave,4173,0,0,0.23604121734962857,True
46,11,46,0.0,0.0,2.5,wave,4044,0,0,0.22997032640949555,True
46,11,47,0.0,0.0,2.5,wave,3947,0,0,0.2285279959462883,True
46,11,48,0.0,0.0,2.5,wave,3882,0,0,0.22539927872230808,True
46,11,49,0.0,0.0,2.5,wave,3836,0,0,0.23070907194994786,True
46,11,50,0.0,0.0,2.5,wave,3797,0,0,0.23413220963918882,True
46,11,51,0.0,0.0,2.5,wave,3778,0,0,0.23901535203811541,True
46,11,52,0.0,0.0,2.5,wave,3739,0,0,0.24043861995185878,True
47,1,1,0.0,0.0,2.5,wave,2725,0,0,0.0014678899082568807,True
47,1,2,0.0,0.0,2.5,wave,2704,0,0,0.0025887573964497044,True
47,1,3,0.0,0.0,2.5,wave,2625,0,0,0.004190476190476191,True
47,1,4,0.0,0.0,2.5,wave,2588,0,0,0.005795981452859351,True
47,1,5,0.0,0.0,2.5,wave,2517,0,0,0.010727056019070322,True
47,1,6,0.0,0.0,2.5,wave,2458,0,0,0.012611879576891782,True
47,1,7,0.0,0.0,2.5,wave,2423,0,0,0.014444903012794058,True
47,1,8,0.0,0.0,2.5,wave,2372,0,0,0.01475548060708263,True
47,1,9,0.0,0.0,2.5,wave,2331,0,0,0.015444015444015444,True
47,1,10,0.0,0.0,2.5,wave,2315,0,0,0.017278617710583154,True
47,1,11,0.0,0.0,2.5,wave,2263,0,0,0.019001325673884226,True
47,1,12,0.0,0.0,2.5,wave,2262,0,0,0.020335985853227233,True
47,1,13,0.0,0.0,2.5,wave,2234,0,0,0.022829006266786033,True
47,1,14,0.0,0.0,2.5,wave,2221,0,0,0.025664115263394866,True
47,1,15,0.0,0.0,2.5,wave,2178,0,0,0.028466483011937556,True
47,1,16,0.0,0.0,2.5,wave,2154,0,0,0.031104921077065924,True
47,1,17,0.0,0.0,2.5,wave,2114,0,0,0.03642384105960265,True
47,1,18,0.0,0.0,2.5,wave,6274,0,0,0.014663691424928276,True
47,1,19,0.0,0.0,2.5,wave,6098,0,0,0.018202689406362743,True
47,1,20,0.0,0.0,2.5,wave,5996,0,0,0.02018012008005337,True
47,1,21,0.0,0.0,2.5,wave,5825,0,0,0.022660944206008584,True
47,1,22,0.0,0.0,2.5,wave,5758,0,0,0.024313997915943037,True
47,1,23,0.0,0.0,2.5,wave,5616,0,0,0.026709401709401708,True
47,1,24,0.0,0.0,2.5,wave,5517,0,0,0.02954504259561356,True
47,1,25,0.0,0.0,2.5,wave,5346,0,0,0.03198653198653199,True
47,1,26,0.0,0.0,2.5,wave,5211,0,0,0.03473421608136634,True
47,1,27,0.0,0.0,2.5,wave,5047,0,0,0.03625916385971865,True
47,1,28,0.0,0.0,2.5,wave,4961,0,0,0.03749244104011288,True
47,1,29,0.0,0.0,2.5,wave,4836,0,0,0.038461538461538464,True
47,1,30,0.0,0.0,2.5,wave,4743,0,0,0.040269871389415984,True
47,1,31,0.0,0.0,2.5,wave,4608,0,0,0.04188368055555555,True
47,1,32,0.0,0.0,2.5,wave,4519,0,0,0.04381500331931843,True
47,1,33,0.0,0.0,2.5,wave,4423,0,0,0.04793126836988469,True
47,1,34,0.0,0.0,2.5,wave,4313,0,0,0.049153721307674474,True
47,1,35,0.0,0.0,2.5,wave,4211,0,0,0.05129422939919259,True
47,1,36,0.0,0.0,2.5,wave,4129,0,0,0.05303947687091305,True
47,1,37,0.0,0.0,2.5,wave,4042,0,0,0.053933696190004946,True
47,1,38,0.0,0.0,2.5,wave,4002,0,0,0.05647176411794103,True
47,1,39,0.0,0.0,2.5,wave,3911,0,0,0.05753004346714395,True
47,1,40,0.0,0.0,2.5,wave,3862,0,0,0.05800103573278094,True
47,1,41,0.0,0.0,2.5,wave,3798,0,0,0.05924170616113744,True
47,1,42,0.0,0.0,2.5,wave,3768,0,0,0.06316348195329087,True
47,1,43,0.0,0.0,2.5,wave,3956,0,0,0.09883720930232558,True
47,1,44,0.0,0.0,2.5,wave,3801,0,0,0.08945014469876349,True
47,1,45,0.0,0.0,2.5,wave,3723,0,0,0.08917539618587161,True
47,1,46,0.0,0.0,2.5,wave,3667,0,0,0.08699209162803381,True
47,1,47,0.0,0.0,2.5,wave,3588,0,0,0.08528428093645485,True
47,1,48,0.0,0.0,2.5,wave,3561,0,0,0.08621173827576524,True
47,1,49,0.0,0.0,2.5,wave,3491,0,0,0.08822686909195072,True
47,1,50,0.0,0.0,2.5,wave,3445,0,0,0.08911465892597968,True
47,1,51,0.0,0.0,2.5,wave,3376,0,0,0.09123222748815166,True
47,1,52,0.0,0.0,2.5,wave,3326,0,0,0.09290438965724594,True
47,2,1,0.0,0.0,2.5,wave,3284,25,5,0.09470158343483556,False
47,2,2,0.0,0.0,2.5,wave,3241,29,11,0.09719222462203024,False
47,2,3,0.0,0.0,2.5,wave,3176,33,18,0.09886649874055416,False
47,2,4,0.0,0.0,2.5,wave,3128,37,16,0.10070332480818414,False
47,2,5,0.0,0.0,2.5,wave,3047,28,10,0.10305218247456514,False
47,2,6,0.0,0.0,2.5,wave,3020,34,14,0.10562913907284768,False
47,2,7,0.0,0.0,2.5,wave,2947,33,11,0.10417373600271462,False
47,2,8,0.0,0.0,2.5,wave,2908,29,8,0.10660247592847318,False
47,2,9,0.0,0.0,2.5,wave,2865,29,12,0.1082024432809773,False
47,2,10,0.0,0.0,2.5,wave,2831,31,11,0.11056163899682091,False
47,2,11,0.0,0.0,2.5,wave,2767,32,11,0.11311890133718829,False
47,2,12,0.0,0.0,2.5,wave,2734,36,12,0.11448427212874908,False
47,2,13,0.0,0.0,2.5,wave,2676,36,12,0.11696562032884902,False
47,2,14,0.0,0.0,2.5,wave,2650,37,16,0.12075471698113208,False
47,2,15,0.0,0.0,2.5,wave,2591,36,13,0.12157468159011965,False
47,2,16,0.0,0.0,2.5,wave,2543,33,12,0.12308297286669288,False
47,2,17,0.0,0.0,2.5,wave,2495,34,15,0.1254509018036072,False
47,2,18,0.0,0.0,2.5,wave,4874,35,12,0.06298727944193681,False
47,2,19,0.0,0.0,2.5,wave,4811,41,12,0.06568281022656412,False
47,2,20,0.0,0.0,2.5,wave,4707,51,11,0.06798385383471425,False
47,2,21,0.0,0.0,2.5,wave,4599,49,11,0.07262448358338769,False
47,2,22,0.0,0.0,2.5,wave,4519,56,21,0.07302500553219739,False
47,2,23,0.0,0.0,2.5,wave,4399,58,26,0.0752443737213003,False
47,2,24,0.0,0.0,2.5,wave,4310,54,25,0.07819025522041763,False
47,2,25,0.0,0.0,2.5,wave,4198,59,20,0.0800381133873273,False
47,2,26,0.0,0.0,2.5,wave,4103,60,17,0.08359736777967341,False
47,2,27,0.0,0.0,2.5,wave,3998,60,25,0.08629314657328664,False
47,2,28,0.0,0.0,2.5,wave,3884,58,27,0.08779608650875387,False
47,2,29,0.0,0.0,2.5,wave,3782,57,24,0.09227921734531994,False
47,2,30,0.0,0.0,2.5,wave,3708,53,21,0.09439050701186623,False
47,2,31,0.0,0.0,2.5,wave,3618,52,17,0.09729132117191819,False
47,2,32,0.0,0.0,2.5,wave,3561,49,19,0.09941027801179445,False
47,2,33,0.0,0.0,2.5,wave,3468,51,21,0.10207612456747404,False
47,2,34,0.0,0.0,2.5,wave,3398,51,21,0.10447321954090641,False
47,2,35,0.0,0.0,2.5,wave,3319,46,21,0.10695992768906297,False
47,2,36,0.0,0.0,2.5,wave,3254,34,16,0.1084818684695759,False
47,2,37,0.0,0.0,2.5,wave,3168,29,15,0.10890151515151515,False
47,2,38,0.0,0.0,2.5,wave,3134,26,10,0.11327377153797065,False
47,2,39,0.0,0.0,2.5,wave,3075,21,10,0.11414634146341464,False
47,2,40,0.0,0.0,2.5,wave,3032,22,10,0.1170844327176781,False
47,2,41,0.0,0.0,2.5,wave,2981,16,7,0.12076484401207649,False
47,2,42,0.0,0.0,2.5,wave,2936,17,8,0.12159400544959129,False
47,2,43,0.0,0.0,2.5,wave,3306,17,6,0.1811857229280097,False
47,2,44,0.0,0.0,2.5,wave,3113,14,4,0.15868936716993254,False
47,2,45,0.0,0.0,2.5,wave,3032,12,5,0.1553430079155673,False
47,2,46,0.0,0.0,2.5,wave,2959,12,7,0.15613382899628253,False
47,2,47,0.0,0.0,2.5,wave,2894,10,5,0.1516931582584658,False
47,2,48,0.0,0.0,2.5,wave,2853,6,2,0.15036803364879076,False
47,2,49,0.0,0.0,2.5,wave,2816,5,2,0.1534090909090909,False
47,2,50,0.0,0.0,2.5,wave,2781,3,1,0.15354189140596908,False
47,2,51,0.0,0.0,2.5,wave,2721,2,2,0.1561925762587284,False
47,2,52,0.0,0.0,2.5,wave,2694,6,2,0.15924276169265034,False
47,3,1,0.0,0.0,2.5,wave,2657,3,1,0.1592021076401957,False
47,3,2,0.0,0.0,2.5,wave,2628,3,1,0.1632420091324201,False
47,3,3,0.0,0.0,2.5,wave,2585,2,0,0.16131528046421664,False
47,3,4,0.0,0.0,2.5,wave,2564,2,1,0.1626365054602184,False
47,3,5,0.0,0.0,2.5,wave,2532,2,2,0.16074249605055294,False
47,3,6,0.0,0.0,2.5,wave,2498,1,1,0.1633306645316253,False
47,3,7,0.0,0.0,2.5,wave,2466,0,0,0.16342254663422548,True
47,3,8,0.0,0.0,2.5,wave,2442,0,0,0.16625716625716624,True
47,3,9,0.0,0.0,2.5,wave,2409,0,0,0.16645911166459113,True
47,3,10,0.0,0.0,2.5,wave,2377,0,0,0.17248632730332353,True
47,3,11,0.0,0.0,2.5,wave,2341,0,0,0.1721486544211875,True
47,3,12,0.0,0.0,2.5,wave,2309,0,0,0.17323516673884798,True
47,3,13,0.0,0.0,2.5,wave,2284,0,0,0.17075306479859895,True
47,3,14,0.0,0.0,2.5,wave,2264,0,0,0.1771201413427562,True
47,3,15,0.0,0.0,2.5,wave,2236,0,0,0.1771019677996422,True
47,3,16,0.0,0.0,2.5,wave,2209,0,0,0.18062471706654595,True
47,3,17,0.0,0.0,2.5,wave,2179,0,0,0.18081688848095456,True
47,3,18,0.0,0.0,2.5,wave,4982,0,0,0.08089120835006022,True
47,3,19,0.0,0.0,2.5,wave,4882,0,0,0.08172879967226547,True
47,3,20,0.0,0.0,2.5,wave,4799,0,0,0.08439258178787247,True
47,3,21,0.0,0.0,2.5,wave,4679,0,0,0.08783928189784142,True
47,3,22,0.0,0.0,2.5,wave,4594,0,0,0.09120592076621681,True
47,3,23,0.0,0.0,2.5,wave,4465,0,0,0.09451287793952967,True
47,3,24,0.0,0.0,2.5,wave,4377,0,0,0.09778387023075166,True
47,3,25,0.0,0.0,2.5,wave,4282,0,0,0.0997197571228398,True
47,3,26,0.0,0.0,2.5,wave,4224,0,0,0.10274621212121213,True
47,3,27,0.0,0.0,2.5,wave,4132,0,0,0.1047918683446273,True
47,3,28,0.0,0.0,2.5,wave,4043,0,0,0.10883007667573584,True
47,3,29,0.0,0.0,2.5,wave,3943,0,0,0.10930763378138474,True
47,3,30,0.0,0.0,2.5,wave,3863,0,0,0.11390111312451462,True
47,3,31,0.0,0.0,2.5,wave,3772,0,0,0.11426299045599152,True
47,3,32,0.0,0.0,2.5,wave,3694,0,0,0.11721710882512182,True
47,3,33,0.0,0.0,2.5,wave,3625,0,0,0.11806896551724137,True
47,3,34,0.0,0.0,2.5,wave,3557,0,0,0.11976384593758785,True
47,3,35,0.0,0.0,2.5,wave,3468,0,0,0.12341407151095732,True
47,3,36,0.0,0.0,2.5,wave,3407,0,0,0.12650425594364545,True
47,3,37,0.0,0.0,2.5,wave,3331,0,0,0.12638847193035124,True
47,3,38,0.0,0.0,2.5,wave,3286,0,0,0.12933657942787583,True
47,3,39,0.0,0.0,2.5,wave,3235,0,0,0.13199381761978363,True
47,3,40,0.0,0.0,2.5,wave,3206,0,0,0.13568309419837804,True
47,3,41,0.0,0.0,2.5,wave,3172,0,0,0.13745271122320302,True
47,3,42,0.0,0.0,2.5,wave,3143,0,0,0.1412663060769965,True
47,3,43,0.0,0.0,2.5,wave,3623,0,0,0.20866685067623517,True
47,3,44,0.0,0.0,2.5,wave,3383,0,0,0.18356488323972805,True
47,3,45,0.0,0.0,2.5,wave,3248,0,0,0.17426108374384236,True
47,3,46,0.0,0.0,2.5,wave,3188,0,0,0.17409033877038896,True
47,3,47,0.0,0.0,2.5,wave,3107,0,0,0.17283553266816865,True
47,3,48,0.0,0.0,2.5,wave,3066,0,0,0.17286366601435094,True
47,3,49,0.0,0.0,2.5,wave,2992,0,0,0.16911764705882354,True
47,3,50,0.0,0.0,2.5,wave,2952,0,0,0.17208672086720866,True
47,3,51,0.0,0.0,2.5,wave,2919,0,0,0.17437478588557725,True
47,3,52,0.0,0.0,2.5,wave,2883,0,0,0.17551161984044397,True
47,4,1,0.0,0.0,2.5,wave,2841,0,0,0.1756423794438578,True
47,4,2,0.0,0.0,2.5,wave,2808,0,0,0.1777065527065527,True
47,4,3,0.0,0.0,2.5,wave,2770,0,0,0.1815884476534296,True
47,4,4,0.0,0.0,2.5,wave,2750,0,0,0.18327272727272728,True
47,4,5,0.0,0.0,2.5,wave,2704,0,0,0.1834319526627219,True
47,4,6,0.0,0.0,2.5,wave,2670,0,0,0.18614232209737827,True
47,4,7,0.0,0.0,2.5,wave,2641,0,0,0.18780764861794774,True
47,4,8,0.0,0.0,2.5,wave,2621,0,0,0.19420068676077834,True
47,4,9,0.0,0.0,2.5,wave,2565,0,0,0.19298245614035087,True
47,4,10,0.0,0.0,2.5,wave,2545,0,0,0.19803536345776032,True
47,4,11,0.0,0.0,2.5,wave,2501,0,0,0.19752099160335865,True
47,4,12,0.0,0.0,2.5,wave,2472,0,0,0.19983818770226539,True
47,4,13,0.0,0.0,2.5,wave,2435,0,0,0.20082135523613964,True
47,4,14,0.0,0.0,2.5,wave,2413,0,0,0.20389556568586822,True
47,4,15,0.0,0.0,2.5,wave,2375,0,0,0.20842105263157895,True
47,4,16,0.0,0.0,2.5,wave,2351,0,0,0.20927264993619737,True
47,4,17,0.0,0.0,2.5,wave,2321,0,0,0.2089616544592848,True
47,4,18,0.0,0.0,2.5,wave,4978,0,0,0.09863398955403777,True
47,4,19,0.0,0.0,2.5,wave,4871,0,0,0.10039006364196264,True
47,4,20,0.0,0.0,2.5,wave,4834,0,0,0.10384774513860157,True
47,4,21,0.0,0.0,2.5,wave,4737,0,0,0.10639645345155162,True
47,4,22,0.0,0.0,2.5,wave,4605,0,0,0.10944625407166124,True
47,4,23,0.0,0.0,2.5,wave,4449,0,0,0.11328388401888065,True
47,4,24,0.0,0.0,2.5,wave,4361,0,0,0.11625773905067645,True
47,4,25,0.0,0.0,2.5,wave,4263,0,0,0.11893033075299085,True
47,4,26,0.0,0.0,2.5,wave,4150,0,0,0.12265060240963856,True
47,4,27,0.0,0.0,2.5,wave,4073,0,0,0.12595138718389393,True
47,4,28,0.0,0.0,2.5,wave,4014,0,0,0.12855007473841554,True
47,4,29,0.0,0.0,2.5,wave,3899,0,0,0.13182867401897921,True
47,4,30,0.0,0.0,2.5,wave,3824,0,0,0.1344142259414226,True
47,4,31,0.0,0.0,2.5,wave,3753,0,0,0.13695710098587796,True
47,4,32,0.0,0.0,2.5,wave,3705,0,0,0.13927125506072874,True
47,4,33,0.0,0.0,2.5,wave,3602,0,0,0.14158800666296503,True
47,4,34,0.0,0.0,2.5,wave,3533,0,0,0.144919332012454,True
47,4,35,0.0,0.0,2.5,wave,3460,0,0,0.14826589595375722,True
47,4,36,0.0,0.0,2.5,wave,3420,0,0,0.15087719298245614,True
47,4,37,0.0,0.0,2.5,wave,3348,0,0,0.15471923536439666,True
47,4,38,0.0,0.0,2.5,wave,3315,0,0,0.15776772247360482,True
47,4,39,0.0,0.0,2.5,wave,3262,0,0,0.15971796443899447,True
47,4,40,0.0,0.0,2.5,wave,3224,0,0,0.1597394540942928,True
47,4,41,0.0,0.0,2.5,wave,3175,0,0,0.16440944881889763,True
47,4,42,0.0,0.0,2.5,wave,3135,0,0,0.16842105263157894,True
47,4,43,0.0,0.0,2.5,wave,3695,0,0,0.24032476319350474,True
47,4,44,0.0,0.0,2.5,wave,3442,0,0,0.21441022661243464,True
47,4,45,0.0,0.0,2.5,wave,3296,0,0,0.2020631067961165,True
47,4,46,0.0,0.0,2.5,wave,3201,0,0,0.1999375195251484,True
47,4,47,0.0,0.0,2.5,wave,3154,0,0,0.19911223842739378,True
47,4,48,0.0,0.0,2.5,wave,3121,0,0,0.20121755847484782,True
47,4,49,0.0,0.0,2.5,wave,3089,0,0,0.20394949821948852,True
47,4,50,0.0,0.0,2.5,wave,3070,0,0,0.206514657980456,True
47,4,51,0.0,0.0,2.5,wave,3022,0,0,0.20946393117140966,True
47,4,52,0.0,0.0,2.5,wave,2984,0,0,0.20978552278820375,True
47,5,1,0.0,0.0,2.5,wave,2960,0,0,0.21047297297297296,True
47,5,2,0.0,0.0,2.5,wave,2936,0,0,0.21559945504087194,True
47,5,3,0.0,0.0,2.5,wave,2871,0,0,0.21630094043887146,True
47,5,4,0.0,0.0,2.5,wave,2847,0,0,0.21496311907270813,True
47,5,5,0.0,0.0,2.5,wave,2804,0,0,0.22039942938659057,True
47,5,6,0.0,0.0,2.5,wave,2773,0,0,0.22178146411828345,True
47,5,7,0.0,0.0,2.5,wave,2744,0,0,0.22412536443148687,True
47,5,8,0.0,0.0,2.5,wave,2716,0,0,0.22459499263622976,True
47,5,9,0.0,0.0,2.5,wave,2671,0,0,0.2265069262448521,True
47,5,10,0.0,0.0,2.5,wave,2653,0,0,0.23105917828872974,True
47,5,11,0.0,0.0,2.5,wave,2602,0,0,0.23251345119139125,True
47,5,12,0.0,0.0,2.5,wave,2568,0,0,0.23481308411214954,True
47,5,13,0.0,0.0,2.5,wave,2529,0,0,0.2380387504942665,True
47,5,14,0.0,0.0,2.5,wave,2504,0,0,0.2380191693290735,True
47,5,15,0.0,0.0,2.5,wave,2463,0,0,0.24076329679252945,True
47,5,16,0.0,0.0,2.5,wave,2439,0,0,0.23944239442394424,True
47,5,17,0.0,0.0,2.5,wave,2418,0,0,0.24317617866004962,True
47,5,18,0.0,0.0,2.5,wave,5299,0,0,0.11190790715229289,True
47,5,19,0.0,0.0,2.5,wave,5196,0,0,0.11720554272517321,True
47,5,20,0.0,0.0,2.5,wave,5114,0,0,0.11849824012514666,True
47,5,21,0.0,0.0,2.5,wave,4997,0,0,0.12207324394636782,True
47,5,22,0.0,0.0,2.5,wave,4935,0,0,0.12279635258358662,True
47,5,23,0.0,0.0,2.5,wave,4841,0,0,0.12559388556083453,True
47,5,24,0.0,0.0,2.5,wave,4740,0,0,0.12721518987341773,True
47,5,25,0.0,0.0,2.5,wave,4641,0,0,0.1292824822236587,True
47,5,26,0.0,0.0,2.5,wave,4557,0,0,0.13342111037963572,True
47,5,27,0.0,0.0,2.5,wave,4467,0,0,0.13633310946944258,True
47,5,28,0.0,0.0,2.5,wave,4381,0,0,0.13969413375941567,True
47,5,29,0.0,0.0,2.5,wave,4290,0,0,0.14195804195804196,True
47,5,30,0.0,0.0,2.5,wave,4196,0,0,0.1472831267874166,True
47,5,31,0.0,0.0,2.5,wave,4087,0,0,0.15267922681673599,True
47,5,32,0.0,0.0,2.5,wave,4015,0,0,0.15491905354919053,True
47,5,33,0.0,0.0,2.5,wave,3925,0,0,0.15796178343949044,True
47,5,34,0.0,0.0,2.5,wave,3828,0,0,0.16118077324973876,True
47,5,35,0.0,0.0,2.5,wave,3716,0,0,0.1655005382131324,True
47,5,36,0.0,0.0,2.5,wave,3658,0,0,0.1700382722799344,True
47,5,37,0.0,0.0,2.5,wave,3575,0,0,0.17286713286713287,True
47,5,38,0.0,0.0,2.5,wave,3554,0,0,0.174732695554305,True
47,5,39,0.0,0.0,2.5,wave,3497,0,0,0.17843866171003717,True
47,5,40,0.0,0.0,2.5,wave,3460,0,0,0.1823699421965318,True
47,5,41,0.0,0.0,2.5,wave,3403,0,0,0.18307375844842785,True
47,5,42,0.0,0.0,2.5,wave,3369,0,0,0.184624517661027,True
47,5,43,0.0,0.0,2.5,wave,3905,0,0,0.25403329065300895,True
47,5,44,0.0,0.0,2.5,wave,3624,0,0,0.22902869757174393,True
47,5,45,0.0,0.0,2.5,wave,3468,0,0,0.21683967704728951,True
47,5,46,0.0,0.0,2.5,wave,3381,0,0,0.21384205856255545,True
47,5,47,0.0,0.0,2.5,wave,3297,0,0,0.21201091901728844,True
47,5,48,0.0,0.0,2.5,wave,3273,0,0,0.21570424686831652,True
47,5,49,0.0,0.0,2.5,wave,3231,0,0,0.21881770349736923,True
47,5,50,0.0,0.0,2.5,wave,3192,0,0,0.22180451127819548,True
47,5,51,0.0,0.0,2.5,wave,3133,0,0,0.22215129269071177,True
47,5,52,0.0,0.0,2.5,wave,3111,0,0,0.22436515589842496,True
47,6,1,0.0,0.0,2.5,wave,3070,0,0,0.2260586319218241,True
47,6,2,0.0,0.0,2.5,wave,3042,0,0,0.22879684418145957,True
47,6,3,0.0,0.0,2.5,wave,2997,0,0,0.22922922922922923,True
47,6,4,0.0,0.0,2.5,wave,2982,0,0,0.2300469483568075,True
47,6,5,0.0,0.0,2.5,wave,2940,0,0,0.23095238095238096,True
47,6,6,0.0,0.0,2.5,wave,2914,0,0,0.23472889498970487,True
47,6,7,0.0,0.0,2.5,wave,2874,0,0,0.23764787752261657,True
47,6,8,0.0,0.0,2.5,wave,2848,0,0,0.23946629213483145,True
47,6,9,0.0,0.0,2.5,wave,2804,0,0,0.24001426533523537,True
47,6,10,0.0,0.0,2.5,wave,2779,0,0,0.24325296869377475,True
47,6,11,0.0,0.0,2.5,wave,2731,0,0,0.24423288172830465,True
47,6,12,0.0,0.0,2.5,wave,2707,0,0,0.24639822681935722,True
47,6,13,0.0,0.0,2.5,wave,2674,0,0,0.24794315632011968,True
47,6,14,0.0,0.0,2.5,wave,2648,0,0,0.24962235649546827,True
47,6,15,0.0,0.0,2.5,wave,2606,0,0,0.25019186492709133,True
47,6,16,0.0,0.0,2.5,wave,2595,0,0,0.2527938342967245,True
47,6,17,0.0,0.0,2.5,wave,2566,0,0,0.2564302416212003,True
47,6,18,0.0,0.0,2.5,wave,5557,0,0,0.11858916681662768,True
47,6,19,0.0,0.0,2.5,wave,5465,0,0,0.12095150960658738,True
47,6,20,0.0,0.0,2.5,wave,5416,0,0,0.125,True
47,6,21,0.0,0.0,2.5,wave,5304,0,0,0.12669683257918551,True
47,6,22,0.0,0.0,2.5,wave,5212,0,0,0.12989255564082886,True
47,6,23,0.0,0.0,2.5,wave,5076,0,0,0.1325847123719464,True
47,6,24,0.0,0.0,2.5,wave,4986,0,0,0.13437625350982751,True
47,6,25,0.0,0.0,2.5,wave,4879,0,0,0.13752818200450911,True
47,6,26,0.0,0.0,2.5,wave,4793,0,0,0.1399958272480701,True
47,6,27,0.0,0.0,2.5,wave,4663,0,0,0.14368432339695475,True
47,6,28,0.0,0.0,2.5,wave,4612,0,0,0.14549002601908065,True
47,6,29,0.0,0.0,2.5,wave,4487,0,0,0.1477601961221306,True
47,6,30,0.0,0.0,2.5,wave,4429,0,0,0.15150146759990968,True
47,6,31,0.0,0.0,2.5,wave,4338,0,0,0.15444905486399263,True
47,6,32,0.0,0.0,2.5,wave,4279,0,0,0.15704603879411078,True
47,6,33,0.0,0.0,2.5,wave,4205,0,0,0.15980975029726516,True
47,6,34,0.0,0.0,2.5,wave,4147,0,0,0.16349168073306003,True
47,6,35,0.0,0.0,2.5,wave,4042,0,0,0.1645225136071252,True
47,6,36,0.0,0.0,2.5,wave,3970,0,0,0.16801007556675063,True
47,6,37,0.0,0.0,2.5,wave,3883,0,0,0.17151686840072108,True
47,6,38,0.0,0.0,2.5,wave,3852,0,0,0.17497403946002077,True
47,6,39,0.0,0.0,2.5,wave,3786,0,0,0.1780243000528262,True
47,6,40,0.0,0.0,2.5,wave,3749,0,0,0.18111496399039745,True
47,6,41,0.0,0.0,2.5,wave,3680,0,0,0.1842391304347826,True
47,6,42,0.0,0.0,2.5,wave,3649,0,0,0.18635242532200602,True
47,6,43,0.0,0.0,2.5,wave,4250,0,0,0.25929411764705884,True
47,6,44,0.0,0.0,2.5,wave,3978,0,0,0.23579688285570638,True
47,6,45,0.0,0.0,2.5,wave,3788,0,0,0.22518479408658923,True
47,6,46,0.0,0.0,2.5,wave,3726,0,0,0.2227589908749329,True
47,6,47,0.0,0.0,2.5,wave,3653,0,0,0.22228305502326853,True
47,6,48,0.0,0.0,2.5,wave,3589,0,0,0.22206742825299527,True
47,6,49,0.0,0.0,2.5,wave,3559,0,0,0.22478224220286597,True
47,6,50,0.0,0.0,2.5,wave,3499,0,0,0.22577879394112604,True
47,6,51,0.0,0.0,2.5,wave,3451,0,0,0.22399304549405968,True
47,6,52,0.0,0.0,2.5,wave,3418,0,0,0.22498537156231715,True
47,7,1,0.0,0.0,2.5,wave,3378,0,0,0.22616933096506808,True
47,7,2,0.0,0.0,2.5,wave,3349,0,0,0.2287249925350851,True
47,7,3,0.0,0.0,2.5,wave,3313,0,0,0.23060670087533958,True
47,7,4,0.0,0.0,2.5,wave,3280,0,0,0.2329268292682927,True
47,7,5,0.0,0.0,2.5,wave,3249,0,0,0.23576485072329947,True
47,7,6,0.0,0.0,2.5,wave,3212,0,0,0.23723536737235368,True
47,7,7,0.0,0.0,2.5,wave,3167,0,0,0.23808020208399117,True
47,7,8,0.0,0.0,2.5,wave,3138,0,0,0.24059910771191842,True
47,7,9,0.0,0.0,2.5,wave,3101,0,0,0.2434698484359884,True
47,7,10,0.0,0.0,2.5,wave,3065,0,0,0.24567699836867862,True
47,7,11,0.0,0.0,2.5,wave,3031,0,0,0.2471131639722864,True
47,7,12,0.0,0.0,2.5,wave,2977,0,0,0.24958011420893517,True
47,7,13,0.0,0.0,2.5,wave,2943,0,0,0.2528032619775739,True
47,7,14,0.0,0.0,2.5,wave,2902,0,0,0.2563749138525155,True
47,7,15,0.0,0.0,2.5,wave,2872,0,0,0.25835654596100277,True
47,7,16,0.0,0.0,2.5,wave,2840,0,0,0.2591549295774648,True
47,7,17,0.0,0.0,2.5,wave,2808,0,0,0.26246438746438744,True
47,7,18,0.0,0.0,2.5,wave,6303,0,0,0.1170871013802951,True
47,7,19,0.0,0.0,2.5,wave,6216,0,0,0.11872586872586872,True
47,7,20,0.0,0.0,2.5,wave,6096,0,0,0.12155511811023623,True
47,7,21,0.0,0.0,2.5,wave,5951,0,0,0.12552512182826417,True
47,7,22,0.0,0.0,2.5,wave,5827,0,0,0.12871117212974087,True
47,7,23,0.0,0.0,2.5,wave,5711,0,0,0.13080021012081947,True
47,7,24,0.0,0.0,2.5,wave,5611,0,0,0.13366601318837998,True
47,7,25,0.0,0.0,2.5,wave,5495,0,0,0.13685168334849865,True
47,7,26,0.0,0.0,2.5,wave,5369,0,0,0.1398770720804619,True
47,7,27,0.0,0.0,2.5,wave,5266,0,0,0.1420432966198253,True
47,7,28,0.0,0.0,2.5,wave,5174,0,0,0.1449555469655972,True
47,7,29,0.0,0.0,2.5,wave,5049,0,0,0.14814814814814814,True
47,7,30,0.0,0.0,2.5,wave,4945,0,0,0.15025278058645097,True
47,7,31,0.0,0.0,2.5,wave,4839,0,0,0.15271750361644967,True
47,7,32,0.0,0.0,2.5,wave,4739,0,0,0.15741717661954,True
47,7,33,0.0,0.0,2.5,wave,4676,0,0,0.16124893071000856,True
47,7,34,0.0,0.0,2.5,wave,4584,0,0,0.16579406631762653,True
47,7,35,0.0,0.0,2.5,wave,4452,0,0,0.16913746630727763,True
47,7,36,0.0,0.0,2.5,wave,4345,0,0,0.17307249712313003,True
47,7,37,0.0,0.0,2.5,wave,4266,0,0,0.17744960150023442,True
47,7,38,0.0,0.0,2.5,wave,4207,0,0,0.17970049916805325,True
47,7,39,0.0,0.0,2.5,wave,4156,0,0,0.1823869104908566,True
47,7,40,0.0,0.0,2.5,wave,4096,0,0,0.184814453125,True
47,7,41,0.0,0.0,2.5,wave,4054,0,0,0.18919585594474592,True
47,7,42,0.0,0.0,2.5,wave,3998,0,0,0.19109554777388693,True
47,7,43,0.0,0.0,2.5,wave,4626,0,0,0.26026805015131865,True
47,7,44,0.0,0.0,2.5,wave,4293,0,0,0.23503377591427907,True
47,7,45,0.0,0.0,2.5,wave,4128,0,0,0.22262596899224807,True
47,7,46,0.0,0.0,2.5,wave,4024,0,0,0.21819085487077536,True
47,7,47,0.0,0.0,2.5,wave,3975,0,0,0.21786163522012578,True
47,7,48,0.0,0.0,2.5,wave,3893,0,0,0.21731312612381198,True
47,7,49,0.0,0.0,2.5,wave,3856,0,0,0.21810165975103735,True
47,7,50,0.0,0.0,2.5,wave,3806,0,0,0.22201786652653704,True
47,7,51,0.0,0.0,2.5,wave,3760,0,0,0.22393617021276596,True
47,7,52,0.0,0.0,2.5,wave,3707,0,0,0.2265983274885352,True
47,8,1,0.0,0.0,2.5,wave,3664,0,0,0.2292576419213974,True
47,8,2,0.0,0.0,2.5,wave,3621,0,0,0.23087544877105773,True
47,8,3,0.0,0.0,2.5,wave,3582,0,0,0.23394751535455052,True
47,8,4,0.0,0.0,2.5,wave,3542,0,0,0.2354601919819311,True
47,8,5,0.0,0.0,2.5,wave,3487,0,0,0.23917407513622024,True
47,8,6,0.0,0.0,2.5,wave,3450,0,0,0.24028985507246378,True
47,8,7,0.0,0.0,2.5,wave,3401,0,0,0.24551602469861805,True
47,8,8,0.0,0.0,2.5,wave,3367,0,0,0.247995247995248,True
47,8,9,0.0,0.0,2.5,wave,3329,0,0,0.25082607389606487,True
47,8,10,0.0,0.0,2.5,wave,3298,0,0,0.25257731958762886,True
47,8,11,0.0,0.0,2.5,wave,3254,0,0,0.25568531038721576,True
47,8,12,0.0,0.0,2.5,wave,3213,0,0,0.25801431683784626,True
47,8,13,0.0,0.0,2.5,wave,3181,0,0,0.25966677145551714,True
47,8,14,0.0,0.0,2.5,wave,3131,0,0,0.2622165442350687,True
47,8,15,0.0,0.0,2.5,wave,3085,0,0,0.26288492706645056,True
47,8,16,0.0,0.0,2.5,wave,3050,0,0,0.26688524590163937,True
47,8,17,0.0,0.0,2.5,wave,3014,0,0,0.2707365627073656,True
47,8,18,0.0,0.0,2.5,wave,6678,0,0,0.12443845462713388,True
47,8,19,0.0,0.0,2.5,wave,6583,0,0,0.1269937718365487,True
47,8,20,0.0,0.0,2.5,wave,6471,0,0,0.12965538556637304,True
47,8,21,0.0,0.0,2.5,wave,6315,0,0,0.13444180522565322,True
47,8,22,0.0,0.0,2.5,wave,6182,0,0,0.13684891620834683,True
47,8,23,0.0,0.0,2.5,wave,6058,0,0,0.13981512050181577,True
47,8,24,0.0,0.0,2.5,wave,5943,0,0,0.1425206124852768,True
47,8,25,0.0,0.0,2.5,wave,5816,0,0,0.14563273727647869,True
47,8,26,0.0,0.0,2.5,wave,5694,0,0,0.14892869687390237,True
47,8,27,0.0,0.0,2.5,wave,5596,0,0,0.15135811293781273,True
47,8,28,0.0,0.0,2.5,wave,5505,0,0,0.15295186194368757,True
47,8,29,0.0,0.0,2.5,wave,5399,0,0,0.15521392850527876,True
47,8,30,0.0,0.0,2.5,wave,5297,0,0,0.1597130451198792,True
47,8,31,0.0,0.0,2.5,wave,5196,0,0,0.16320246343341033,True
47,8,32,0.0,0.0,2.5,wave,5087,0,0,0.16591311185374483,True
47,8,33,0.0,0.0,2.5,wave,4964,0,0,0.17022562449637388,True
47,8,34,0.0,0.0,2.5,wave,4870,0,0,0.17145790554414783,True
47,8,35,0.0,0.0,2.5,wave,4793,0,0,0.1740037554767369,True
47,8,36,0.0,0.0,2.5,wave,4654,0,0,0.17834121186076493,True
47,8,37,0.0,0.0,2.5,wave,4566,0,0,0.18134034165571616,True
47,8,38,0.0,0.0,2.5,wave,4507,0,0,0.18460173064122476,True
47,8,39,0.0,0.0,2.5,wave,4441,0,0,0.18666966899346993,True
47,8,40,0.0,0.0,2.5,wave,4385,0,0,0.1911060433295325,True
47,8,41,0.0,0.0,2.5,wave,4316,0,0,0.19462465245597776,True
47,8,42,0.0,0.0,2.5,wave,4257,0,0,0.1959126145172657,True
47,8,43,0.0,0.0,2.5,wave,4973,0,0,0.26201488035391113,True
47,8,44,0.0,0.0,2.5,wave,4626,0,0,0.2369217466493731,True
47,8,45,0.0,0.0,2.5,wave,4431,0,0,0.2265854208982171,True
47,8,46,0.0,0.0,2.5,wave,4305,0,0,0.2229965156794425,True
47,8,47,0.0,0.0,2.5,wave,4228,0,0,0.2237464522232734,True
47,8,48,0.0,0.0,2.5,wave,4181,0,0,0.2253049509686678,True
47,8,49,0.0,0.0,2.5,wave,4137,0,0,0.22794295383127872,True
47,8,50,0.0,0.0,2.5,wave,4090,0,0,0.23007334963325182,True
47,8,51,0.0,0.0,2.5,wave,4024,0,0,0.23036779324055667,True
47,8,52,0.0,0.0,2.5,wave,3976,0,0,0.23390342052313884,True
47,9,1,0.0,0.0,2.5,wave,3914,0,0,0.2350536535513541,True
47,9,2,0.0,0.0,2.5,wave,3877,0,0,0.23807067320092856,True
47,9,3,0.0,0.0,2.5,wave,3837,0,0,0.23872817305186345,True
47,9,4,0.0,0.0,2.5,wave,3787,0,0,0.24214417744916822,True
47,9,5,0.0,0.0,2.5,wave,3757,0,0,0.2422145328719723,True
47,9,6,0.0,0.0,2.5,wave,3709,0,0,0.24454030736047452,True
47,9,7,0.0,0.0,2.5,wave,3665,0,0,0.24502046384720327,True
47,9,8,0.0,0.0,2.5,wave,3630,0,0,0.2493112947658402,True
47,9,9,0.0,0.0,2.5,wave,3601,0,0,0.24993057484032213,True
47,9,10,0.0,0.0,2.5,wave,3553,0,0,0.2524627075710667,True
47,9,11,0.0,0.0,2.5,wave,3511,0,0,0.2554827684420393,True
47,9,12,0.0,0.0,2.5,wave,3466,0,0,0.257068667051356,True
47,9,13,0.0,0.0,2.5,wave,3427,0,0,0.2591187627662679,True
47,9,14,0.0,0.0,2.5,wave,3397,0,0,0.2634677656755961,True
47,9,15,0.0,0.0,2.5,wave,3356,0,0,0.26489868891537544,True
47,9,16,0.0,0.0,2.5,wave,3319,0,0,0.2684543537210003,True
47,9,17,0.0,0.0,2.5,wave,3282,0,0,0.2699573430834857,True
47,9,18,0.0,0.0,2.5,wave,6877,0,0,0.12141922349861858,True
47,9,19,0.0,0.0,2.5,wave,6774,0,0,0.12400354295837024,True
47,9,20,0.0,0.0,2.5,wave,6675,0,0,0.12644194756554308,True
47,9,21,0.0,0.0,2.5,wave,6541,0,0,0.1310197217550833,True
47,9,22,0.0,0.0,2.5,wave,6424,0,0,0.13340597758405978,True
47,9,23,0.0,0.0,2.5,wave,6324,0,0,0.13630613535736874,True
47,9,24,0.0,0.0,2.5,wave,6219,0,0,0.13925068338961247,True
47,9,25,0.0,0.0,2.5,wave,6073,0,0,0.1422690597727647,True
47,9,26,0.0,0.0,2.5,wave,5973,0,0,0.1461577096936213,True
47,9,27,0.0,0.0,2.5,wave,5825,0,0,0.1491845493562232,True
47,9,28,0.0,0.0,2.5,wave,5714,0,0,0.15225761288064404,True
47,9,29,0.0,0.0,2.5,wave,5595,0,0,0.1553172475424486,True
47,9,30,0.0,0.0,2.5,wave,5480,0,0,0.1583941605839416,True
47,9,31,0.0,0.0,2.5,wave,5379,0,0,0.1621119167131437,True
47,9,32,0.0,0.0,2.5,wave,5270,0,0,0.16622390891840608,True
47,9,33,0.0,0.0,2.5,wave,5169,0,0,0.16792416328109885,True
47,9,34,0.0,0.0,2.5,wave,5070,0,0,0.17061143984220908,True
47,9,35,0.0,0.0,2.5,wave,4969,0,0,0.17186556651237675,True
47,9,36,0.0,0.0,2.5,wave,4838,0,0,0.17548573790822655,True
47,9,37,0.0,0.0,2.5,wave,4729,0,0,0.17910763374920702,True
47,9,38,0.0,0.0,2.5,wave,4665,0,0,0.1807073954983923,True
47,9,39,0.0,0.0,2.5,wave,4614,0,0,0.18292154312960554,True
47,9,40,0.0,0.0,2.5,wave,4545,0,0,0.18635863586358636,True
47,9,41,0.0,0.0,2.5,wave,4492,0,0,0.19078361531611754,True
47,9,42,0.0,0.0,2.5,wave,4432,0,0,0.19359205776173286,True
47,9,43,0.0,0.0,2.5,wave,5181,0,0,0.2615325226790195,True
47,9,44,0.0,0.0,2.5,wave,4796,0,0,0.23790658882402002,True
47,9,45,0.0,0.0,2.5,wave,4589,0,0,0.2240139463935498,True
47,9,46,0.0,0.0,2.5,wave,4435,0,0,0.21871476888387825,True
47,9,47,0.0,0.0,2.5,wave,4375,0,0,0.2192,True
47,9,48,0.0,0.0,2.5,wave,4295,0,0,0.22235157159487776,True
47,9,49,0.0,0.0,2.5,wave,4239,0,0,0.22057088936069827,True
47,9,50,0.0,0.0,2.5,wave,4196,0,0,0.22378455672068637,True
47,9,51,0.0,0.0,2.5,wave,4153,0,0,0.22489766433903202,True
47,9,52,0.0,0.0,2.5,wave,4099,0,0,0.22761649182727495,True
47,10,1,0.0,0.0,2.5,wave,4056,0,0,0.23126232741617356,True
47,10,2,0.0,0.0,2.5,wave,4012,0,0,0.23404785643070788,True
47,10,3,0.0,0.0,2.5,wave,3966,0,0,0.2362581946545638,True
47,10,4,0.0,0.0,2.5,wave,3931,0,0,0.2381073518188756,True
47,10,5,0.0,0.0,2.5,wave,3897,0,0,0.24069797279958943,True
47,10,6,0.0,0.0,2.5,wave,3857,0,0,0.24112004148301788,True
47,10,7,0.0,0.0,2.5,wave,3815,0,0,0.2435124508519004,True
47,10,8,0.0,0.0,2.5,wave,3763,0,0,0.2444857826202498,True
47,10,9,0.0,0.0,2.5,wave,3726,0,0,0.24610842726784757,True
47,10,10,0.0,0.0,2.5,wave,3671,0,0,0.2462544265867611,True
47,10,11,0.0,0.0,2.5,wave,3634,0,0,0.24903687396807925,True
47,10,12,0.0,0.0,2.5,wave,3583,0,0,0.2511861568518002,True
47,10,13,0.0,0.0,2.5,wave,3548,0,0,0.2522547914317926,True
47,10,14,0.0,0.0,2.5,wave,3505,0,0,0.2550641940085592,True
47,10,15,0.0,0.0,2.5,wave,3478,0,0,0.2576193214491087,True
47,10,16,0.0,0.0,2.5,wave,3435,0,0,0.260844250363901,True
47,10,17,0.0,0.0,2.5,wave,3414,0,0,0.2630345635618043,True
47,10,18,0.0,0.0,2.5,wave,7278,0,0,0.1176147293212421,True
47,10,19,0.0,0.0,2.5,wave,7190,0,0,0.12016689847009736,True
47,10,20,0.0,0.0,2.5,wave,6999,0,0,0.12230318616945278,True
47,10,21,0.0,0.0,2.5,wave,6922,0,0,0.124963883270731,True
47,10,22,0.0,0.0,2.5,wave,6766,0,0,0.1284362991427727,True
47,10,23,0.0,0.0,2.5,wave,6618,0,0,0.13206406769416743,True
47,10,24,0.0,0.0,2.5,wave,6467,0,0,0.13576619761867945,True
47,10,25,0.0,0.0,2.5,wave,6361,0,0,0.13928627574280775,True
47,10,26,0.0,0.0,2.5,wave,6223,0,0,0.14108950666880926,True
47,10,27,0.0,0.0,2.5,wave,6151,0,0,0.14306616810274753,True
47,10,28,0.0,0.0,2.5,wave,6027,0,0,0.14600962336153975,True
47,10,29,0.0,0.0,2.5,wave,5946,0,0,0.14833501513622604,True
47,10,30,0.0,0.0,2.5,wave,5798,0,0,0.15298378751293548,True
47,10,31,0.0,0.0,2.5,wave,5738,0,0,0.15615196932729175,True
47,10,32,0.0,0.0,2.5,wave,5604,0,0,0.15881513204853676,True
47,10,33,0.0,0.0,2.5,wave,5527,0,0,0.16229419214763888,True
47,10,34,0.0,0.0,2.5,wave,5403,0,0,0.16583379603923745,True
47,10,35,0.0,0.0,2.5,wave,5314,0,0,0.16804666917576214,True
47,10,36,0.0,0.0,2.5,wave,5189,0,0,0.1722875313162459,True
47,10,37,0.0,0.0,2.5,wave,5130,0,0,0.17407407407407408,True
47,10,38,0.0,0.0,2.5,wave,5042,0,0,0.1763189210630702,True
47,10,39,0.0,0.0,2.5,wave,5002,0,0,0.179328268692523,True
47,10,40,0.0,0.0,2.5,wave,4914,0,0,0.18111518111518113,True
47,10,41,0.0,0.0,2.5,wave,4875,0,0,0.18235897435897436,True
47,10,42,0.0,0.0,2.5,wave,4789,0,0,0.18563374399665902,True
47,10,43,0.0,0.0,2.5,wave,5657,0,0,0.2614459961110129,True
47,10,44,0.0,0.0,2.5,wave,5269,0,0,0.23476940595938509,True
47,10,45,0.0,0.0,2.5,wave,5028,0,0,0.220763723150358,True
47,10,46,0.0,0.0,2.5,wave,4846,0,0,0.21440363186132894,True
47,10,47,0.0,0.0,2.5,wave,4774,0,0,0.21533305404273145,True
47,10,48,0.0,0.0,2.5,wave,4694,0,0,0.216020451640392,True
47,10,49,0.0,0.0,2.5,wave,4655,0,0,0.2167561761546724,True
47,10,50,0.0,0.0,2.5,wave,4588,0,0,0.21839581517000872,True
47,10,51,0.0,0.0,2.5,wave,4553,0,0,0.21963540522732264,True
47,10,52,0.0,0.0,2.5,wave,4478,0,0,0.2204108977221974,True
47,11,1,0.0,0.0,2.5,wave,4446,0,0,0.2213225371120108,True
47,11,2,0.0,0.0,2.5,wave,4393,0,0,0.2244479854313681,True
47,11,3,0.0,0.0,2.5,wave,4358,0,0,0.2257916475447453,True
47,11,4,0.0,0.0,2.5,wave,4303,0,0,0.22751568673018824,True
47,11,5,0.0,0.0,2.5,wave,4277,0,0,0.2286649520692074,True
47,11,6,0.0,0.0,2.5,wave,4224,0,0,0.2315340909090909,True
47,11,7,0.0,0.0,2.5,wave,4177,0,0,0.23581517835767296,True
47,11,8,0.0,0.0,2.5,wave,4104,0,0,0.2387914230019493,True
47,11,9,0.0,0.0,2.5,wave,4069,0,0,0.24035389530597198,True
47,11,10,0.0,0.0,2.5,wave,3998,0,0,0.2416208104052026,True
47,11,11,0.0,0.0,2.5,wave,3975,0,0,0.2417610062893082,True
47,11,12,0.0,0.0,2.5,wave,3919,0,0,0.24470528195968358,True
47,11,13,0.0,0.0,2.5,wave,3891,0,0,0.2472372140837831,True
47,11,14,0.0,0.0,2.5,wave,3843,0,0,0.2495446265938069,True
47,11,15,0.0,0.0,2.5,wave,3815,0,0,0.25190039318479684,True
47,11,16,0.0,0.0,2.5,wave,3754,0,0,0.2551944592434736,True
47,11,17,0.0,0.0,2.5,wave,3735,0,0,0.256760374832664,True
47,11,18,0.0,0.0,2.5,wave,7889,0,0,0.1164913170237039,True
47,11,19,0.0,0.0,2.5,wave,7824,0,0,0.11809815950920245,True
47,11,20,0.0,0.0,2.5,wave,7636,0,0,0.12087480356207439,True
47,11,21,0.0,0.0,2.5,wave,7531,0,0,0.12362236090824592,True
47,11,22,0.0,0.0,2.5,wave,7316,0,0,0.1271186440677966,True
47,11,23,0.0,0.0,2.5,wave,7217,0,0,0.13052514895385894,True
47,11,24,0.0,0.0,2.5,wave,7039,0,0,0.1332575649950277,True
47,11,25,0.0,0.0,2.5,wave,6993,0,0,0.13613613613613615,True
47,11,26,0.0,0.0,2.5,wave,6827,0,0,0.14003222498901421,True
47,11,27,0.0,0.0,2.5,wave,6730,0,0,0.14190193164933135,True
47,11,28,0.0,0.0,2.5,wave,6570,0,0,0.14535768645357686,True
47,11,29,0.0,0.0,2.5,wave,6474,0,0,0.14813098548038306,True
47,11,30,0.0,0.0,2.5,wave,6303,0,0,0.15072187847056956,True
47,11,31,0.0,0.0,2.5,wave,6193,0,0,0.15243016308735668,True
47,11,32,0.0,0.0,2.5,wave,6062,0,0,0.15506433520290333,True
47,11,33,0.0,0.0,2.5,wave,5983,0,0,0.15861607889018886,True
47,11,34,0.0,0.0,2.5,wave,5858,0,0,0.1611471491976784,True
47,11,35,0.0,0.0,2.5,wave,5774,0,0,0.16366470384482162,True
47,11,36,0.0,0.0,2.5,wave,5624,0,0,0.167674253200569,True
47,11,37,0.0,0.0,2.5,wave,5556,0,0,0.1693664506839453,True
47,11,38,0.0,0.0,2.5,wave,5479,0,0,0.17119912392772405,True
47,11,39,0.0,0.0,2.5,wave,5445,0,0,0.17373737373737375,True
47,11,40,0.0,0.0,2.5,wave,5351,0,0,0.17735002803214353,True
47,11,41,0.0,0.0,2.5,wave,5297,0,0,0.1787804417594865,True
47,11,42,0.0,0.0,2.5,wave,5205,0,0,0.18040345821325648,True
47,11,43,0.0,0.0,2.5,wave,6116,0,0,0.2567037279267495,True
47,11,44,0.0,0.0,2.5,wave,5685,0,0,0.2318381706244503,True
47,11,45,0.0,0.0,2.5,wave,5461,0,0,0.22157114081670023,True
47,11,46,0.0,0.0,2.5,wave,5318,0,0,0.22019556224144415,True
47,11,47,0.0,0.0,2.5,wave,5236,0,0,0.219633307868602,True
47,11,48,0.0,0.0,2.5,wave,5157,0,0,0.222803955788249,True
47,11,49,0.0,0.0,2.5,wave,5110,0,0,0.22426614481409002,True
47,11,50,0.0,0.0,2.5,wave,5035,0,0,0.22681231380337635,True
47,11,51,0.0,0.0,2.5,wave,4996,0,0,0.2291833466773419,True
47,11,52,0.0,0.0,2.5,wave,4891,0,0,0.23042322633408302,True
48,1,1,0.0,0.0,2.5,wave,2740,0,0,0.0010948905109489052,True
48,1,2,0.0,0.0,2.5,wave,2687,0,0,0.004093784890212133,True
48,1,3,0.0,0.0,2.5,wave,2659,0,0,0.006017299736743136,True
48,1,4,0.0,0.0,2.5,wave,2598,0,0,0.008083140877598153,True
48,1,5,0.0,0.0,2.5,wave,2554,0,0,0.012137823022709476,True
48,1,6,0.0,0.0,2.5,wave,2494,0,0,0.014033680834001604,True
48,1,7,0.0,0.0,2.5,wave,2432,0,0,0.01644736842105263,True
48,1,8,0.0,0.0,2.5,wave,2365,0,0,0.020718816067653276,True
48,1,9,0.0,0.0,2.5,wave,2314,0,0,0.022039757994814176,True
48,1,10,0.0,0.0,2.5,wave,2267,0,0,0.02293780326422585,True
48,1,11,0.0,0.0,2.5,wave,2239,0,0,0.025011165698972757,True
48,1,12,0.0,0.0,2.5,wave,2187,0,0,0.027892089620484683,True
48,1,13,0.0,0.0,2.5,wave,2126,0,0,0.028222013170272814,True
48,1,14,0.0,0.0,2.5,wave,2106,0,0,0.028964862298195632,True
48,1,15,0.0,0.0,2.5,wave,2069,0,0,0.030449492508458194,True
48,1,16,0.0,0.0,2.5,wave,2043,0,0,0.033284385707293196,True
48,1,17,0.0,0.0,2.5,wave,2025,0,0,0.0345679012345679,True
48,1,18,0.0,0.0,2.5,wave,5861,0,0,0.01416140590342945,True
48,1,19,0.0,0.0,2.5,wave,5724,0,0,0.016247379454926623,True
48,1,20,0.0,0.0,2.5,wave,5623,0,0,0.017250577983282944,True
48,1,21,0.0,0.0,2.5,wave,5474,0,0,0.018085495067592255,True
48,1,22,0.0,0.0,2.5,wave,5333,0,0,0.02081380086255391,True
48,1,23,0.0,0.0,2.5,wave,5201,0,0,0.024610651797731205,True
48,1,24,0.0,0.0,2.5,wave,5112,0,0,0.02543035993740219,True
48,1,25,0.0,0.0,2.5,wave,5005,0,0,0.026773226773226775,True
48,1,26,0.0,0.0,2.5,wave,4937,0,0,0.028762406319627305,True
48,1,27,0.0,0.0,2.5,wave,4792,0,0,0.03109348914858097,True
48,1,28,0.0,0.0,2.5,wave,4701,0,0,0.03382259093809828,True
48,1,29,0.0,0.0,2.5,wave,4604,0,0,0.036055603822762815,True
48,1,30,0.0,0.0,2.5,wave,4482,0,0,0.039045069165551095,True
48,1,31,0.0,0.0,2.5,wave,4370,0,0,0.041647597254004576,True
48,1,32,0.0,0.0,2.5,wave,4287,0,0,0.043853510613482624,True
48,1,33,0.0,0.0,2.5,wave,4184,0,0,0.04660611854684513,True
48,1,34,0.0,0.0,2.5,wave,4089,0,0,0.0491562729273661,True
48,1,35,0.0,0.0,2.5,wave,3991,0,0,0.0511150087697319,True
48,1,36,0.0,0.0,2.5,wave,3930,0,0,0.053180661577608146,True
48,1,37,0.0,0.0,2.5,wave,3805,0,0,0.0557161629434954,True
48,1,38,0.0,0.0,2.5,wave,3742,0,0,0.058257616247995726,True
48,1,39,0.0,0.0,2.5,wave,3663,0,0,0.06033306033306033,True
48,1,40,0.0,0.0,2.5,wave,3618,0,0,0.0619126589275843,True
48,1,41,0.0,0.0,2.5,wave,3568,0,0,0.06362107623318386,True
48,1,42,0.0,0.0,2.5,wave,3525,0,0,0.06695035460992908,True
48,1,43,0.0,0.0,2.5,wave,3750,0,0,0.10026666666666667,True
48,1,44,0.0,0.0,2.5,wave,3593,0,0,0.09184525466184247,True
48,1,45,0.0,0.0,2.5,wave,3525,0,0,0.09106382978723404,True
48,1,46,0.0,0.0,2.5,wave,3474,0,0,0.09412780656303972,True
48,1,47,0.0,0.0,2.5,wave,3402,0,0,0.09553203997648442,True
48,1,48,0.0,0.0,2.5,wave,3335,0,0,0.09655172413793103,True
48,1,49,0.0,0.0,2.5,wave,3302,0,0,0.0996365838885524,True
48,1,50,0.0,0.0,2.5,wave,3261,0,0,0.10303587856485741,True
48,1,51,0.0,0.0,2.5,wave,3217,0,0,0.10413428660242462,True
48,1,52,0.0,0.0,2.5,wave,3153,0,0,0.1065651760228354,True
48,2,1,0.0,0.0,2.5,wave,3089,21,3,0.10909679507931369,False
48,2,2,0.0,0.0,2.5,wave,3042,23,10,0.11209730440499671,False
48,2,3,0.0,0.0,2.5,wave,3000,24,10,0.11466666666666667,False
48,2,4,0.0,0.0,2.5,wave,2934,18,9,0.11588275391956374,False
48,2,5,0.0,0.0,2.5,wave,2901,23,12,0.11789038262668046,False
48,2,6,0.0,0.0,2.5,wave,2851,30,9,0.11960715538407576,False
48,2,7,0.0,0.0,2.5,wave,2810,26,5,0.1206405693950178,False
48,2,8,0.0,0.0,2.5,wave,2773,28,6,0.12369275153263613,False
48,2,9,0.0,0.0,2.5,wave,2729,29,9,0.12532063026749726,False
48,2,10,0.0,0.0,2.5,wave,2677,35,14,0.12812850205453866,False
48,2,11,0.0,0.0,2.5,wave,2642,38,16,0.13171839515518546,False
48,2,12,0.0,0.0,2.5,wave,2598,32,13,0.13394919168591224,False
48,2,13,0.0,0.0,2.5,wave,2556,27,15,0.13615023474178403,False
48,2,14,0.0,0.0,2.5,wave,2509,25,12,0.137106416899163,False
48,2,15,0.0,0.0,2.5,wave,2462,22,10,0.14012997562956944,False
48,2,16,0.0,0.0,2.5,wave,2419,30,15,0.14055394791236048,False
48,2,17,0.0,0.0,2.5,wave,2372,26,11,0.14291736930860033,False
48,2,18,0.0,0.0,2.5,wave,4571,23,12,0.07416320280026252,False
48,2,19,0.0,0.0,2.5,wave,4476,31,9,0.07618409294012511,False
48,2,20,0.0,0.0,2.5,wave,4381,34,11,0.07760785208856426,False
48,2,21,0.0,0.0,2.5,wave,4305,47,18,0.08037166085946573,False
48,2,22,0.0,0.0,2.5,wave,4208,46,15,0.08293726235741444,False
48,2,23,0.0,0.0,2.5,wave,4112,39,9,0.08560311284046693,False
48,2,24,0.0,0.0,2.5,wave,4012,52,16,0.089481555333998,False
48,2,25,0.0,0.0,2.5,wave,3914,57,18,0.09095554420030659,False
48,2,26,0.0,0.0,2.5,wave,3838,51,17,0.09405940594059406,False
48,2,27,0.0,0.0,2.5,wave,3764,52,25,0.09643995749202976,False
48,2,28,0.0,0.0,2.5,wave,3655,48,23,0.10041039671682626,False
48,2,29,0.0,0.0,2.5,wave,3532,33,10,0.10447338618346545,False
48,2,30,0.0,0.0,2.5,wave,3483,31,13,0.10766580534022395,False
48,2,31,0.0,0.0,2.5,wave,3396,30,14,0.11012956419316844,False
48,2,32,0.0,0.0,2.5,wave,3316,29,11,0.11097708082026538,False
48,2,33,0.0,0.0,2.5,wave,3193,22,10,0.11337300344503602,False
48,2,34,0.0,0.0,2.5,wave,3127,26,12,0.11480652382475216,False
48,2,35,0.0,0.0,2.5,wave,3049,21,10,0.11807149885208265,False
48,2,36,0.0,0.0,2.5,wave,2967,15,6,0.12032355915065723,False
48,2,37,0.0,0.0,2.5,wave,2928,13,6,0.12329234972677595,False
48,2,38,0.0,0.0,2.5,wave,2878,15,5,0.12647671994440585,False
48,2,39,0.0,0.0,2.5,wave,2832,12,3,0.12994350282485875,False
48,2,40,0.0,0.0,2.5,wave,2798,13,6,0.13187991422444603,False
48,2,41,0.0,0.0,2.5,wave,2770,14,8,0.1371841155234657,False
48,2,42,0.0,0.0,2.5,wave,2733,20,7,0.1394072447859495,False
48,2,43,0.0,0.0,2.5,wave,3032,17,5,0.1962401055408971,False
48,2,44,0.0,0.0,2.5,wave,2870,14,4,0.1808362369337979,False
48,2,45,0.0,0.0,2.5,wave,2825,12,4,0.18053097345132743,False
48,2,46,0.0,0.0,2.5,wave,2780,10,5,0.1802158273381295,False
48,2,47,0.0,0.0,2.5,wave,2757,8,7,0.18607181719260066,False
48,2,48,0.0,0.0,2.5,wave,2724,7,5,0.18649045521292218,False
48,2,49,0.0,0.0,2.5,wave,2707,3,1,0.19209456963428148,False
48,2,50,0.0,0.0,2.5,wave,2661,2,1,0.19240886884629838,False
48,2,51,0.0,0.0,2.5,wave,2634,3,1,0.19362186788154898,False
48,2,52,0.0,0.0,2.5,wave,2614,2,0,0.1966335118592196,False
48,3,1,0.0,0.0,2.5,wave,2578,2,1,0.19627618308766487,False
48,3,2,0.0,0.0,2.5,wave,2553,4,1,0.20133176654915785,False
48,3,3,0.0,0.0,2.5,wave,2536,3,0,0.20465299684542587,False
48,3,4,0.0,0.0,2.5,wave,2507,3,1,0.20981252493019545,False
48,3,5,0.0,0.0,2.5,wave,2485,3,2,0.21327967806841047,False
48,3,6,0.0,0.0,2.5,wave,2466,3,1,0.21776155717761558,False
48,3,7,0.0,0.0,2.5,wave,2438,2,0,0.22190319934372438,False
48,3,8,0.0,0.0,2.5,wave,2413,2,0,0.2225445503522586,False
48,3,9,0.0,0.0,2.5,wave,2392,1,1,0.22366220735785952,False
48,3,10,0.0,0.0,2.5,wave,2367,1,1,0.22475707646810308,False
48,3,11,0.0,0.0,2.5,wave,2340,0,0,0.2264957264957265,True
48,3,12,0.0,0.0,2.5,wave,2316,0,0,0.23013816925734024,True
48,3,13,0.0,0.0,2.5,wave,2299,0,0,0.23227490213136145,True
48,3,14,0.0,0.0,2.5,wave,2266,0,0,0.23389232127096204,True
48,3,15,0.0,0.0,2.5,wave,2252,0,0,0.23845470692717585,True
48,3,16,0.0,0.0,2.5,wave,2225,0,0,0.24269662921348314,True
48,3,17,0.0,0.0,2.5,wave,2211,0,0,0.24468566259611035,True
48,3,18,0.0,0.0,2.5,wave,4860,0,0,0.11213991769547325,True
48,3,19,0.0,0.0,2.5,wave,4773,0,0,0.11523151058034779,True
48,3,20,0.0,0.0,2.5,wave,4684,0,0,0.11827497865072588,True
48,3,21,0.0,0.0,2.5,wave,4574,0,0,0.1215566243987757,True
48,3,22,0.0,0.0,2.5,wave,4455,0,0,0.1259259259259259,True
48,3,23,0.0,0.0,2.5,wave,4367,0,0,0.12823448591710557,True
48,3,24,0.0,0.0,2.5,wave,4257,0,0,0.1338971106412967,True
48,3,25,0.0,0.0,2.5,wave,4167,0,0,0.13630909527237822,True
48,3,26,0.0,0.0,2.5,wave,4049,0,0,0.14077550012348727,True
48,3,27,0.0,0.0,2.5,wave,3999,0,0,0.14278569642410602,True
48,3,28,0.0,0.0,2.5,wave,3929,0,0,0.14583863578518708,True
48,3,29,0.0,0.0,2.5,wave,3889,0,0,0.14708151195680125,True
48,3,30,0.0,0.0,2.5,wave,3805,0,0,0.14848883048620237,True
48,3,31,0.0,0.0,2.5,wave,3733,0,0,0.15081703723546747,True
48,3,32,0.0,0.0,2.5,wave,3631,0,0,0.15587992288625724,True
48,3,33,0.0,0.0,2.5,wave,3538,0,0,0.1582815149802148,True
48,3,34,0.0,0.0,2.5,wave,3426,0,0,0.1628721541155867,True
48,3,35,0.0,0.0,2.5,wave,3328,0,0,0.16856971153846154,True
48,3,36,0.0,0.0,2.5,wave,3246,0,0,0.1725200246457178,True
48,3,37,0.0,0.0,2.5,wave,3213,0,0,0.1746031746031746,True
48,3,38,0.0,0.0,2.5,wave,3156,0,0,0.17775665399239543,True
48,3,39,0.0,0.0,2.5,wave,3125,0,0,0.17952,True
48,3,40,0.0,0.0,2.5,wave,3081,0,0,0.18111002921129504,True
48,3,41,0.0,0.0,2.5,wave,3053,0,0,0.1817884048476908,True
48,3,42,0.0,0.0,2.5,wave,3007,0,0,0.18456933821084137,True
48,3,43,0.0,0.0,2.5,wave,3302,0,0,0.23622047244094488,True
48,3,44,0.0,0.0,2.5,wave,3112,0,0,0.22043701799485863,True
48,3,45,0.0,0.0,2.5,wave,3040,0,0,0.21447368421052632,True
48,3,46,0.0,0.0,2.5,wave,2983,0,0,0.2128729466979551,True
48,3,47,0.0,0.0,2.5,wave,2984,0,0,0.21715817694369974,True
48,3,48,0.0,0.0,2.5,wave,2940,0,0,0.21598639455782312,True
48,3,49,0.0,0.0,2.5,wave,2918,0,0,0.2203564084989719,True
48,3,50,0.0,0.0,2.5,wave,2873,0,0,0.22311172989906022,True
48,3,51,0.0,0.0,2.5,wave,2858,0,0,0.2232330300909727,True
48,3,52,0.0,0.0,2.5,wave,2818,0,0,0.22498225691980128,True
48,4,1,0.0,0.0,2.5,wave,2821,0,0,0.22651542006380715,True
48,4,2,0.0,0.0,2.5,wave,2785,0,0,0.23016157989228006,True
48,4,3,0.0,0.0,2.5,wave,2775,0,0,0.23135135135135135,True
48,4,4,0.0,0.0,2.5,wave,2752,0,0,0.23473837209302326,True
48,4,5,0.0,0.0,2.5,wave,2749,0,0,0.24045107311749728,True
48,4,6,0.0,0.0,2.5,wave,2717,0,0,0.24144276775855722,True
48,4,7,0.0,0.0,2.5,wave,2701,0,0,0.24361347649018883,True
48,4,8,0.0,0.0,2.5,wave,2664,0,0,0.24774774774774774,True
48,4,9,0.0,0.0,2.5,wave,2634,0,0,0.2509491268033409,True
48,4,10,0.0,0.0,2.5,wave,2598,0,0,0.25365665896843725,True
48,4,11,0.0,0.0,2.5,wave,2570,0,0,0.25408560311284045,True
48,4,12,0.0,0.0,2.5,wave,2533,0,0,0.2577970785629688,True
48,4,13,0.0,0.0,2.5,wave,2514,0,0,0.25934765314240255,True
48,4,14,0.0,0.0,2.5,wave,2478,0,0,0.2598870056497175,True
48,4,15,0.0,0.0,2.5,wave,2468,0,0,0.26053484602917343,True
48,4,16,0.0,0.0,2.5,wave,2430,0,0,0.2654320987654321,True
48,4,17,0.0,0.0,2.5,wave,2409,0,0,0.2660855126608551,True
48,4,18,0.0,0.0,2.5,wave,5075,0,0,0.12532019704433497,True
48,4,19,0.0,0.0,2.5,wave,5005,0,0,0.12727272727272726,True
48,4,20,0.0,0.0,2.5,wave,4855,0,0,0.1314109165808445,True
48,4,21,0.0,0.0,2.5,wave,4776,0,0,0.13421273031825795,True
48,4,22,0.0,0.0,2.5,wave,4652,0,0,0.13800515907136715,True
48,4,23,0.0,0.0,2.5,wave,4555,0,0,0.14028540065861692,True
48,4,24,0.0,0.0,2.5,wave,4431,0,0,0.1446626043782442,True
48,4,25,0.0,0.0,2.5,wave,4360,0,0,0.14747706422018347,True
48,4,26,0.0,0.0,2.5,wave,4265,0,0,0.15052754982415006,True
48,4,27,0.0,0.0,2.5,wave,4195,0,0,0.15208581644815256,True
48,4,28,0.0,0.0,2.5,wave,4071,0,0,0.1564726111520511,True
48,4,29,0.0,0.0,2.5,wave,4000,0,0,0.159,True
48,4,30,0.0,0.0,2.5,wave,3913,0,0,0.16227958088423206,True
48,4,31,0.0,0.0,2.5,wave,3852,0,0,0.16484942886812046,True
48,4,32,0.0,0.0,2.5,wave,3768,0,0,0.1674628450106157,True
48,4,33,0.0,0.0,2.5,wave,3688,0,0,0.1681127982646421,True
48,4,34,0.0,0.0,2.5,wave,3606,0,0,0.1711037160288408,True
48,4,35,0.0,0.0,2.5,wave,3538,0,0,0.17382702091577162,True
48,4,36,0.0,0.0,2.5,wave,3452,0,0,0.1772885283893395,True
48,4,37,0.0,0.0,2.5,wave,3420,0,0,0.18011695906432748,True
48,4,38,0.0,0.0,2.5,wave,3354,0,0,0.1821705426356589,True
48,4,39,0.0,0.0,2.5,wave,3324,0,0,0.1838146811070999,True
48,4,40,0.0,0.0,2.5,wave,3262,0,0,0.1863887185775598,True
48,4,41,0.0,0.0,2.5,wave,3242,0,0,0.18969771745835903,True
48,4,42,0.0,0.0,2.5,wave,3180,0,0,0.1927672955974843,True
48,4,43,0.0,0.0,2.5,wave,3452,0,0,0.23754345307068367,True
48,4,44,0.0,0.0,2.5,wave,3269,0,0,0.22269807280513917,True
48,4,45,0.0,0.0,2.5,wave,3220,0,0,0.21739130434782608,True
48,4,46,0.0,0.0,2.5,wave,3141,0,0,0.2177650429799427,True
48,4,47,0.0,0.0,2.5,wave,3127,0,0,0.21714102974096577,True
48,4,48,0.0,0.0,2.5,wave,3101,0,0,0.2202515317639471,True
48,4,49,0.0,0.0,2.5,wave,3079,0,0,0.22279961026307243,True
48,4,50,0.0,0.0,2.5,wave,3051,0,0,0.2277941658472632,True
48,4,51,0.0,0.0,2.5,wave,3034,0,0,0.23071852340145024,True
48,4,52,0.0,0.0,2.5,wave,3003,0,0,0.23076923076923078,True
48,5,1,0.0,0.0,2.5,wave,2987,0,0,0.23434884499497824,True
48,5,2,0.0,0.0,2.5,wave,2954,0,0,0.23696682464454977,True
48,5,3,0.0,0.0,2.5,wave,2931,0,0,0.23916751961787786,True
48,5,4,0.0,0.0,2.5,wave,2883,0,0,0.2407214706902532,True
48,5,5,0.0,0.0,2.5,wave,2844,0,0,0.24437412095639943,True
48,5,6,0.0,0.0,2.5,wave,2792,0,0,0.24498567335243554,True
48,5,7,0.0,0.0,2.5,wave,2769,0,0,0.24882629107981222,True
48,5,8,0.0,0.0,2.5,wave,2730,0,0,0.25054945054945055,True
48,5,9,0.0,0.0,2.5,wave,2707,0,0,0.2519394163280384,True
48,5,10,0.0,0.0,2.5,wave,2658,0,0,0.25733634311512416,True
48,5,11,0.0,0.0,2.5,wave,2648,0,0,0.2583081570996979,True
48,5,12,0.0,0.0,2.5,wave,2602,0,0,0.26018447348193696,True
48,5,13,0.0,0.0,2.5,wave,2577,0,0,0.26115638339154057,True
48,5,14,0.0,0.0,2.5,wave,2536,0,0,0.26498422712933756,True
48,5,15,0.0,0.0,2.5,wave,2516,0,0,0.26788553259141495,True
48,5,16,0.0,0.0,2.5,wave,2481,0,0,0.2708585247883918,True
48,5,17,0.0,0.0,2.5,wave,2461,0,0,0.2718407151564405,True
48,5,18,0.0,0.0,2.5,wave,5381,0,0,0.12562720683887754,True
48,5,19,0.0,0.0,2.5,wave,5321,0,0,0.12854726555158805,True
48,5,20,0.0,0.0,2.5,wave,5179,0,0,0.13419579069318402,True
48,5,21,0.0,0.0,2.5,wave,5106,0,0,0.136310223266745,True
48,5,22,0.0,0.0,2.5,wave,5018,0,0,0.13909924272618573,True
48,5,23,0.0,0.0,2.5,wave,4933,0,0,0.1416987634299615,True
48,5,24,0.0,0.0,2.5,wave,4809,0,0,0.14535246412975672,True
48,5,25,0.0,0.0,2.5,wave,4734,0,0,0.14892268694550062,True
48,5,26,0.0,0.0,2.5,wave,4649,0,0,0.15186061518606153,True
48,5,27,0.0,0.0,2.5,wave,4540,0,0,0.15330396475770924,True
48,5,28,0.0,0.0,2.5,wave,4448,0,0,0.1564748201438849,True
48,5,29,0.0,0.0,2.5,wave,4361,0,0,0.16120155927539556,True
48,5,30,0.0,0.0,2.5,wave,4244,0,0,0.1644674835061263,True
48,5,31,0.0,0.0,2.5,wave,4166,0,0,0.1685069611137782,True
48,5,32,0.0,0.0,2.5,wave,4081,0,0,0.17152658662092624,True
48,5,33,0.0,0.0,2.5,wave,4029,0,0,0.1762223876892529,True
48,5,34,0.0,0.0,2.5,wave,3913,0,0,0.17914643496038846,True
48,5,35,0.0,0.0,2.5,wave,3838,0,0,0.1839499739447629,True
48,5,36,0.0,0.0,2.5,wave,3749,0,0,0.18698319551880502,True
48,5,37,0.0,0.0,2.5,wave,3662,0,0,0.19033315128345166,True
48,5,38,0.0,0.0,2.5,wave,3599,0,0,0.19199777716032232,True
48,5,39,0.0,0.0,2.5,wave,3562,0,0,0.19567658618753508,True
48,5,40,0.0,0.0,2.5,wave,3492,0,0,0.19644902634593356,True
48,5,41,0.0,0.0,2.5,wave,3463,0,0,0.2001155067860237,True
48,5,42,0.0,0.0,2.5,wave,3402,0,0,0.2022339800117578,True
48,5,43,0.0,0.0,2.5,wave,3692,0,0,0.25189599133261104,True
48,5,44,0.0,0.0,2.5,wave,3490,0,0,0.233810888252149,True
48,5,45,0.0,0.0,2.5,wave,3396,0,0,0.22879858657243815,True
48,5,46,0.0,0.0,2.5,wave,3325,0,0,0.2261654135338346,True
48,5,47,0.0,0.0,2.5,wave,3301,0,0,0.22962738564071494,True
48,5,48,0.0,0.0,2.5,wave,3255,0,0,0.2313364055299539,True
48,5,49,0.0,0.0,2.5,wave,3239,0,0,0.23340537202840383,True
48,5,50,0.0,0.0,2.5,wave,3194,0,0,0.23763306199123357,True
48,5,51,0.0,0.0,2.5,wave,3198,0,0,0.23858661663539713,True
48,5,52,0.0,0.0,2.5,wave,3153,0,0,0.24230891214716144,True
48,6,1,0.0,0.0,2.5,wave,3131,0,0,0.2452890450335356,True
48,6,2,0.0,0.0,2.5,wave,3086,0,0,0.24886584575502269,True
48,6,3,0.0,0.0,2.5,wave,3062,0,0,0.2534291312867407,True
48,6,4,0.0,0.0,2.5,wave,3005,0,0,0.259234608985025,True
48,6,5,0.0,0.0,2.5,wave,3003,0,0,0.2614052614052614,True
48,6,6,0.0,0.0,2.5,wave,2957,0,0,0.26378085897869463,True
48,6,7,0.0,0.0,2.5,wave,2942,0,0,0.26478585995921144,True
48,6,8,0.0,0.0,2.5,wave,2910,0,0,0.2697594501718213,True
48,6,9,0.0,0.0,2.5,wave,2895,0,0,0.2683937823834197,True
48,6,10,0.0,0.0,2.5,wave,2861,0,0,0.26878713736455784,True
48,6,11,0.0,0.0,2.5,wave,2826,0,0,0.2724699221514508,True
48,6,12,0.0,0.0,2.5,wave,2791,0,0,0.2751701898960946,True
48,6,13,0.0,0.0,2.5,wave,2763,0,0,0.2783206659428158,True
48,6,14,0.0,0.0,2.5,wave,2724,0,0,0.2801027900146843,True
48,6,15,0.0,0.0,2.5,wave,2696,0,0,0.2818991097922849,True
48,6,16,0.0,0.0,2.5,wave,2659,0,0,0.28506957502820607,True
48,6,17,0.0,0.0,2.5,wave,2645,0,0,0.2877126654064272,True
48,6,18,0.0,0.0,2.5,wave,5787,0,0,0.13029203386901675,True
48,6,19,0.0,0.0,2.5,wave,5722,0,0,0.13334498427123384,True
48,6,20,0.0,0.0,2.5,wave,5592,0,0,0.13626609442060086,True
48,6,21,0.0,0.0,2.5,wave,5470,0,0,0.14076782449725778,True
48,6,22,0.0,0.0,2.5,wave,5309,0,0,0.1446600113015634,True
48,6,23,0.0,0.0,2.5,wave,5136,0,0,0.14914330218068536,True
48,6,24,0.0,0.0,2.5,wave,5013,0,0,0.15280271294633951,True
48,6,25,0.0,0.0,2.5,wave,4900,0,0,0.1546938775510204,True
48,6,26,0.0,0.0,2.5,wave,4767,0,0,0.15733165512901195,True
48,6,27,0.0,0.0,2.5,wave,4663,0,0,0.16105511473300452,True
48,6,28,0.0,0.0,2.5,wave,4506,0,0,0.16245006657789615,True
48,6,29,0.0,0.0,2.5,wave,4387,0,0,0.16571689081376795,True
48,6,30,0.0,0.0,2.5,wave,4241,0,0,0.16929969346852158,True
48,6,31,0.0,0.0,2.5,wave,4175,0,0,0.17173652694610778,True
48,6,32,0.0,0.0,2.5,wave,4081,0,0,0.17471208037245772,True
48,6,33,0.0,0.0,2.5,wave,4020,0,0,0.17860696517412936,True
48,6,34,0.0,0.0,2.5,wave,3909,0,0,0.17958557175748274,True
48,6,35,0.0,0.0,2.5,wave,3853,0,0,0.18427199584739165,True
48,6,36,0.0,0.0,2.5,wave,3766,0,0,0.18693574083908657,True
48,6,37,0.0,0.0,2.5,wave,3691,0,0,0.1915470062313736,True
48,6,38,0.0,0.0,2.5,wave,3640,0,0,0.19395604395604396,True
48,6,39,0.0,0.0,2.5,wave,3579,0,0,0.19502654372729814,True
48,6,40,0.0,0.0,2.5,wave,3530,0,0,0.19603399433427762,True
48,6,41,0.0,0.0,2.5,wave,3487,0,0,0.19902494981359334,True
48,6,42,0.0,0.0,2.5,wave,3427,0,0,0.20134228187919462,True
48,6,43,0.0,0.0,2.5,wave,3782,0,0,0.2469592808038075,True
48,6,44,0.0,0.0,2.5,wave,3598,0,0,0.23429683157309616,True
48,6,45,0.0,0.0,2.5,wave,3514,0,0,0.2305065452475811,True
48,6,46,0.0,0.0,2.5,wave,3417,0,0,0.2276851038923032,True
48,6,47,0.0,0.0,2.5,wave,3371,0,0,0.229605458320973,True
48,6,48,0.0,0.0,2.5,wave,3312,0,0,0.22946859903381642,True
48,6,49,0.0,0.0,2.5,wave,3276,0,0,0.22954822954822954,True
48,6,50,0.0,0.0,2.5,wave,3216,0,0,0.2325870646766169,True
48,6,51,0.0,0.0,2.5,wave,3183,0,0,0.23468426013195098,True
48,6,52,0.0,0.0,2.5,wave,3117,0,0,0.23419955085017646,True
48,7,1,0.0,0.0,2.5,wave,3102,0,0,0.2379110251450677,True
48,7,2,0.0,0.0,2.5,wave,3053,0,0,0.23845397969210613,True
48,7,3,0.0,0.0,2.5,wave,3037,0,0,0.239710240368785,True
48,7,4,0.0,0.0,2.5,wave,2985,0,0,0.24154103852596315,True
48,7,5,0.0,0.0,2.5,wave,2971,0,0,0.24234264557388085,True
48,7,6,0.0,0.0,2.5,wave,2925,0,0,0.24376068376068377,True
48,7,7,0.0,0.0,2.5,wave,2890,0,0,0.24705882352941178,True
48,7,8,0.0,0.0,2.5,wave,2845,0,0,0.248506151142355,True
48,7,9,0.0,0.0,2.5,wave,2819,0,0,0.2515076268180206,True
48,7,10,0.0,0.0,2.5,wave,2780,0,0,0.2525179856115108,True
48,7,11,0.0,0.0,2.5,wave,2752,0,0,0.2543604651162791,True
48,7,12,0.0,0.0,2.5,wave,2722,0,0,0.2556943423952976,True
48,7,13,0.0,0.0,2.5,wave,2694,0,0,0.2594654788418708,True
48,7,14,0.0,0.0,2.5,wave,2652,0,0,0.2616892911010558,True
48,7,15,0.0,0.0,2.5,wave,2643,0,0,0.2633371169125993,True
48,7,16,0.0,0.0,2.5,wave,2599,0,0,0.26587148903424396,True
48,7,17,0.0,0.0,2.5,wave,2591,0,0,0.2697800077190274,True
48,7,18,0.0,0.0,2.5,wave,5985,0,0,0.11729323308270677,True
48,7,19,0.0,0.0,2.5,wave,5915,0,0,0.11952662721893491,True
48,7,20,0.0,0.0,2.5,wave,5724,0,0,0.12264150943396226,True
48,7,21,0.0,0.0,2.5,wave,5627,0,0,0.12582192998045139,True
48,7,22,0.0,0.0,2.5,wave,5476,0,0,0.12801314828341856,True
48,7,23,0.0,0.0,2.5,wave,5350,0,0,0.13177570093457944,True
48,7,24,0.0,0.0,2.5,wave,5218,0,0,0.13606745879647375,True
48,7,25,0.0,0.0,2.5,wave,5128,0,0,0.14040561622464898,True
48,7,26,0.0,0.0,2.5,wave,5016,0,0,0.14374003189792664,True
48,7,27,0.0,0.0,2.5,wave,4922,0,0,0.14729784640390084,True
48,7,28,0.0,0.0,2.5,wave,4777,0,0,0.15051287418882145,True
48,7,29,0.0,0.0,2.5,wave,4700,0,0,0.15404255319148935,True
48,7,30,0.0,0.0,2.5,wave,4596,0,0,0.15622280243690165,True
48,7,31,0.0,0.0,2.5,wave,4523,0,0,0.15962856511165155,True
48,7,32,0.0,0.0,2.5,wave,4451,0,0,0.16243540777353405,True
48,7,33,0.0,0.0,2.5,wave,4376,0,0,0.1636197440585009,True
48,7,34,0.0,0.0,2.5,wave,4292,0,0,0.16542404473438957,True
48,7,35,0.0,0.0,2.5,wave,4203,0,0,0.16987865810135616,True
48,7,36,0.0,0.0,2.5,wave,4131,0,0,0.17332365044783346,True
48,7,37,0.0,0.0,2.5,wave,4066,0,0,0.17757009345794392,True
48,7,38,0.0,0.0,2.5,wave,4013,0,0,0.18066284575130825,True
48,7,39,0.0,0.0,2.5,wave,3953,0,0,0.18441689855805718,True
48,7,40,0.0,0.0,2.5,wave,3888,0,0,0.18569958847736626,True
48,7,41,0.0,0.0,2.5,wave,3836,0,0,0.18925964546402502,True
48,7,42,0.0,0.0,2.5,wave,3778,0,0,0.1929592376919005,True
48,7,43,0.0,0.0,2.5,wave,4205,0,0,0.25422116527942923,True
48,7,44,0.0,0.0,2.5,wave,3934,0,0,0.23182511438739198,True
48,7,45,0.0,0.0,2.5,wave,3830,0,0,0.2227154046997389,True
48,7,46,0.0,0.0,2.5,wave,3759,0,0,0.21973929236499068,True
48,7,47,0.0,0.0,2.5,wave,3702,0,0,0.2179902755267423,True
48,7,48,0.0,0.0,2.5,wave,3655,0,0,0.22024623803009577,True
48,7,49,0.0,0.0,2.5,wave,3629,0,0,0.22568200606227612,True
48,7,50,0.0,0.0,2.5,wave,3588,0,0,0.22603121516164995,True
48,7,51,0.0,0.0,2.5,wave,3579,0,0,0.23051131601005867,True
48,7,52,0.0,0.0,2.5,wave,3545,0,0,0.22961918194640338,True
48,8,1,0.0,0.0,2.5,wave,3523,0,0,0.2338915696849276,True
48,8,2,0.0,0.0,2.5,wave,3485,0,0,0.2393113342898135,True
48,8,3,0.0,0.0,2.5,wave,3453,0,0,0.24181870836953373,True
48,8,4,0.0,0.0,2.5,wave,3402,0,0,0.2413286302175191,True
48,8,5,0.0,0.0,2.5,wave,3373,0,0,0.24755410613697007,True
48,8,6,0.0,0.0,2.5,wave,3302,0,0,0.24954572986069049,True
48,8,7,0.0,0.0,2.5,wave,3270,0,0,0.25198776758409785,True
48,8,8,0.0,0.0,2.5,wave,3223,0,0,0.25473161650636056,True
48,8,9,0.0,0.0,2.5,wave,3185,0,0,0.25682888540031396,True
48,8,10,0.0,0.0,2.5,wave,3158,0,0,0.2602913236225459,True
48,8,11,0.0,0.0,2.5,wave,3130,0,0,0.26389776357827477,True
48,8,12,0.0,0.0,2.5,wave,3095,0,0,0.2688206785137318,True
48,8,13,0.0,0.0,2.5,wave,3060,0,0,0.2656862745098039,True
48,8,14,0.0,0.0,2.5,wave,3030,0,0,0.26798679867986797,True
48,8,15,0.0,0.0,2.5,wave,2999,0,0,0.272757585861954,True
48,8,16,0.0,0.0,2.5,wave,2967,0,0,0.2713178294573643,True
48,8,17,0.0,0.0,2.5,wave,2933,0,0,0.2724173201500171,True
48,8,18,0.0,0.0,2.5,wave,6217,0,0,0.13028792021875502,True
48,8,19,0.0,0.0,2.5,wave,6127,0,0,0.1322017300473315,True
48,8,20,0.0,0.0,2.5,wave,6039,0,0,0.136280841198874,True
48,8,21,0.0,0.0,2.5,wave,5920,0,0,0.13817567567567568,True
48,8,22,0.0,0.0,2.5,wave,5844,0,0,0.13980150581793294,True
48,8,23,0.0,0.0,2.5,wave,5740,0,0,0.14337979094076655,True
48,8,24,0.0,0.0,2.5,wave,5590,0,0,0.14722719141323792,True
48,8,25,0.0,0.0,2.5,wave,5449,0,0,0.151036887502294,True
48,8,26,0.0,0.0,2.5,wave,5407,0,0,0.1512853708156094,True
48,8,27,0.0,0.0,2.5,wave,5326,0,0,0.15677806984603831,True
48,8,28,0.0,0.0,2.5,wave,5202,0,0,0.15897731641676277,True
48,8,29,0.0,0.0,2.5,wave,5074,0,0,0.16259361450532125,True
48,8,30,0.0,0.0,2.5,wave,4993,0,0,0.16523132385339476,True
48,8,31,0.0,0.0,2.5,wave,4934,0,0,0.16720713417105795,True
48,8,32,0.0,0.0,2.5,wave,4806,0,0,0.16895547232625885,True
48,8,33,0.0,0.0,2.5,wave,4710,0,0,0.17388535031847133,True
48,8,34,0.0,0.0,2.5,wave,4624,0,0,0.17582179930795847,True
48,8,35,0.0,0.0,2.5,wave,4521,0,0,0.1798274717982747,True
48,8,36,0.0,0.0,2.5,wave,4434,0,0,0.18267929634641408,True
48,8,37,0.0,0.0,2.5,wave,4331,0,0,0.18610020780420225,True
48,8,38,0.0,0.0,2.5,wave,4261,0,0,0.18681060783853556,True
48,8,39,0.0,0.0,2.5,wave,4193,0,0,0.18769377533985213,True
48,8,40,0.0,0.0,2.5,wave,4130,0,0,0.19055690072639225,True
48,8,41,0.0,0.0,2.5,wave,4079,0,0,0.1951458690855602,True
48,8,42,0.0,0.0,2.5,wave,4030,0,0,0.19727047146401985,True
48,8,43,0.0,0.0,2.5,wave,4430,0,0,0.24221218961625282,True
48,8,44,0.0,0.0,2.5,wave,4201,0,0,0.2297072125684361,True
48,8,45,0.0,0.0,2.5,wave,4095,0,0,0.22124542124542124,True
48,8,46,0.0,0.0,2.5,wave,4027,0,0,0.21951825180034765,True
48,8,47,0.0,0.0,2.5,wave,3974,0,0,0.2186713638651233,True
48,8,48,0.0,0.0,2.5,wave,3934,0,0,0.22089476359938992,True
48,8,49,0.0,0.0,2.5,wave,3896,0,0,0.22535934291581108,True
48,8,50,0.0,0.0,2.5,wave,3874,0,0,0.22767165720185856,True
48,8,51,0.0,0.0,2.5,wave,3841,0,0,0.228325956782088,True
48,8,52,0.0,0.0,2.5,wave,3815,0,0,0.23197903014416776,True
48,9,1,0.0,0.0,2.5,wave,3777,0,0,0.23404818639131586,True
48,9,2,0.0,0.0,2.5,wave,3744,0,0,0.23664529914529914,True
48,9,3,0.0,0.0,2.5,wave,3713,0,0,0.24104497710746028,True
48,9,4,0.0,0.0,2.5,wave,3687,0,0,0.24355844860320044,True
48,9,5,0.0,0.0,2.5,wave,3651,0,0,0.2451383182689674,True
48,9,6,0.0,0.0,2.5,wave,3619,0,0,0.2495164410058027,True
48,9,7,0.0,0.0,2.5,wave,3588,0,0,0.2508361204013378,True
48,9,8,0.0,0.0,2.5,wave,3550,0,0,0.25295774647887326,True
48,9,9,0.0,0.0,2.5,wave,3509,0,0,0.2544884582502137,True
48,9,10,0.0,0.0,2.5,wave,3473,0,0,0.25712640368557443,True
48,9,11,0.0,0.0,2.5,wave,3435,0,0,0.2593886462882096,True
48,9,12,0.0,0.0,2.5,wave,3392,0,0,0.2623820754716981,True
48,9,13,0.0,0.0,2.5,wave,3364,0,0,0.26486325802615934,True
48,9,14,0.0,0.0,2.5,wave,3322,0,0,0.267308850090307,True
48,9,15,0.0,0.0,2.5,wave,3288,0,0,0.2706812652068126,True
48,9,16,0.0,0.0,2.5,wave,3255,0,0,0.27434715821812594,True
48,9,17,0.0,0.0,2.5,wave,3221,0,0,0.277553554796647,True
48,9,18,0.0,0.0,2.5,wave,6910,0,0,0.12083936324167872,True
48,9,19,0.0,0.0,2.5,wave,6810,0,0,0.12305433186490455,True
48,9,20,0.0,0.0,2.5,wave,6683,0,0,0.12673948825377823,True
48,9,21,0.0,0.0,2.5,wave,6537,0,0,0.12911121309469176,True
48,9,22,0.0,0.0,2.5,wave,6431,0,0,0.13170580003109936,True
48,9,23,0.0,0.0,2.5,wave,6291,0,0,0.13447782546494993,True
48,9,24,0.0,0.0,2.5,wave,6137,0,0,0.1386671011895063,True
48,9,25,0.0,0.0,2.5,wave,6015,0,0,0.142643391521197,True
48,9,26,0.0,0.0,2.5,wave,5903,0,0,0.14551922751143487,True
48,9,27,0.0,0.0,2.5,wave,5780,0,0,0.1477508650519031,True
48,9,28,0.0,0.0,2.5,wave,5617,0,0,0.15221648566850632,True
48,9,29,0.0,0.0,2.5,wave,5495,0,0,0.15505004549590537,True
48,9,30,0.0,0.0,2.5,wave,5406,0,0,0.15871254162042175,True
48,9,31,0.0,0.0,2.5,wave,5327,0,0,0.1620048807959452,True
48,9,32,0.0,0.0,2.5,wave,5248,0,0,0.16558689024390244,True
48,9,33,0.0,0.0,2.5,wave,5153,0,0,0.16786338055501648,True
48,9,34,0.0,0.0,2.5,wave,5065,0,0,0.16999012833168806,True
48,9,35,0.0,0.0,2.5,wave,4966,0,0,0.17176802255336288,True
48,9,36,0.0,0.0,2.5,wave,4901,0,0,0.17384207304631707,True
48,9,37,0.0,0.0,2.5,wave,4798,0,0,0.17694872863693206,True
48,9,38,0.0,0.0,2.5,wave,4742,0,0,0.17861661746098692,True
48,9,39,0.0,0.0,2.5,wave,4689,0,0,0.1802089997867349,True
48,9,40,0.0,0.0,2.5,wave,4645,0,0,0.1838536060279871,True
48,9,41,0.0,0.0,2.5,wave,4577,0,0,0.18592964824120603,True
48,9,42,0.0,0.0,2.5,wave,4524,0,0,0.1894341290893015,True
48,9,43,0.0,0.0,2.5,wave,4892,0,0,0.2403924775143091,True
48,9,44,0.0,0.0,2.5,wave,4606,0,0,0.21841076856274425,True
48,9,45,0.0,0.0,2.5,wave,4479,0,0,0.21187765126144228,True
48,9,46,0.0,0.0,2.5,wave,4397,0,0,0.2092335683420514,True
48,9,47,0.0,0.0,2.5,wave,4345,0,0,0.21081703107019562,True
48,9,48,0.0,0.0,2.5,wave,4288,0,0,0.21431902985074627,True
48,9,49,0.0,0.0,2.5,wave,4230,0,0,0.21560283687943263,True
48,9,50,0.0,0.0,2.5,wave,4180,0,0,0.21770334928229665,True
48,9,51,0.0,0.0,2.5,wave,4126,0,0,0.21958313136209404,True
48,9,52,0.0,0.0,2.5,wave,4117,0,0,0.22079183871751276,True
48,10,1,0.0,0.0,2.5,wave,4092,0,0,0.2238514173998045,True
48,10,2,0.0,0.0,2.5,wave,4044,0,0,0.2247774480712166,True
48,10,3,0.0,0.0,2.5,wave,3998,0,0,0.22861430715357678,True
48,10,4,0.0,0.0,2.5,wave,3955,0,0,0.2310998735777497,True
48,10,5,0.0,0.0,2.5,wave,3908,0,0,0.2356704196519959,True
48,10,6,0.0,0.0,2.5,wave,3865,0,0,0.23803363518758086,True
48,10,7,0.0,0.0,2.5,wave,3808,0,0,0.241859243697479,True
48,10,8,0.0,0.0,2.5,wave,3770,0,0,0.24429708222811672,True
48,10,9,0.0,0.0,2.5,wave,3720,0,0,0.24596774193548387,True
48,10,10,0.0,0.0,2.5,wave,3689,0,0,0.24803469775006776,True
48,10,11,0.0,0.0,2.5,wave,3642,0,0,0.2504118616144975,True
48,10,12,0.0,0.0,2.5,wave,3598,0,0,0.2526403557531962,True
48,10,13,0.0,0.0,2.5,wave,3563,0,0,0.25596407521751335,True
48,10,14,0.0,0.0,2.5,wave,3534,0,0,0.2563667232597623,True
48,10,15,0.0,0.0,2.5,wave,3486,0,0,0.25903614457831325,True
48,10,16,0.0,0.0,2.5,wave,3456,0,0,0.26157407407407407,True
48,10,17,0.0,0.0,2.5,wave,3418,0,0,0.2644821533060269,True
48,10,18,0.0,0.0,2.5,wave,7546,0,0,0.11595547309833024,True
48,10,19,0.0,0.0,2.5,wave,7429,0,0,0.11778166644232063,True
48,10,20,0.0,0.0,2.5,wave,7319,0,0,0.11996174340756934,True
48,10,21,0.0,0.0,2.5,wave,7124,0,0,0.12394722066254912,True
48,10,22,0.0,0.0,2.5,wave,7001,0,0,0.12726753320954148,True
48,10,23,0.0,0.0,2.5,wave,6848,0,0,0.13011098130841123,True
48,10,24,0.0,0.0,2.5,wave,6651,0,0,0.13486693730266125,True
48,10,25,0.0,0.0,2.5,wave,6532,0,0,0.13900796080832822,True
48,10,26,0.0,0.0,2.5,wave,6425,0,0,0.1419455252918288,True
48,10,27,0.0,0.0,2.5,wave,6274,0,0,0.14552119859738605,True
48,10,28,0.0,0.0,2.5,wave,6168,0,0,0.14915693904020752,True
48,10,29,0.0,0.0,2.5,wave,6042,0,0,0.15177093677590203,True
48,10,30,0.0,0.0,2.5,wave,5932,0,0,0.15610249494268374,True
48,10,31,0.0,0.0,2.5,wave,5808,0,0,0.15771349862258954,True
48,10,32,0.0,0.0,2.5,wave,5689,0,0,0.16189136930919318,True
48,10,33,0.0,0.0,2.5,wave,5591,0,0,0.16365587551421928,True
48,10,34,0.0,0.0,2.5,wave,5500,0,0,0.16618181818181818,True
48,10,35,0.0,0.0,2.5,wave,5368,0,0,0.16933681073025336,True
48,10,36,0.0,0.0,2.5,wave,5262,0,0,0.17293804637020144,True
48,10,37,0.0,0.0,2.5,wave,5164,0,0,0.1758326878388846,True
48,10,38,0.0,0.0,2.5,wave,5107,0,0,0.1775993734090464,True
48,10,39,0.0,0.0,2.5,wave,5032,0,0,0.17925278219395865,True
48,10,40,0.0,0.0,2.5,wave,4985,0,0,0.18114343029087263,True
48,10,41,0.0,0.0,2.5,wave,4916,0,0,0.18307567127746135,True
48,10,42,0.0,0.0,2.5,wave,4879,0,0,0.1873334699733552,True
48,10,43,0.0,0.0,2.5,wave,5368,0,0,0.24049925484351714,True
48,10,44,0.0,0.0,2.5,wave,5088,0,0,0.22386006289308177,True
48,10,45,0.0,0.0,2.5,wave,4927,0,0,0.21635883905013192,True
48,10,46,0.0,0.0,2.5,wave,4861,0,0,0.2149763423163958,True
48,10,47,0.0,0.0,2.5,wave,4758,0,0,0.21206389239176124,True
48,10,48,0.0,0.0,2.5,wave,4716,0,0,0.21331636980491941,True
48,10,49,0.0,0.0,2.5,wave,4655,0,0,0.21503759398496242,True
48,10,50,0.0,0.0,2.5,wave,4617,0,0,0.21745722330517653,True
48,10,51,0.0,0.0,2.5,wave,4537,0,0,0.217985452942473,True
48,10,52,0.0,0.0,2.5,wave,4500,0,0,0.22088888888888888,True
48,11,1,0.0,0.0,2.5,wave,4444,0,0,0.22344734473447345,True
48,11,2,0.0,0.0,2.5,wave,4411,0,0,0.22534572659260937,True
48,11,3,0.0,0.0,2.5,wave,4367,0,0,0.22715823219601558,True
48,11,4,0.0,0.0,2.5,wave,4307,0,0,0.22985837009519386,True
48,11,5,0.0,0.0,2.5,wave,4257,0,0,0.23255813953488372,True
48,11,6,0.0,0.0,2.5,wave,4217,0,0,0.23452691486838986,True
48,11,7,0.0,0.0,2.5,wave,4168,0,0,0.23536468330134358,True
48,11,8,0.0,0.0,2.5,wave,4109,0,0,0.2392309564370893,True
48,11,9,0.0,0.0,2.5,wave,4069,0,0,0.24207421971000245,True
48,11,10,0.0,0.0,2.5,wave,4013,0,0,0.24370794916521304,True
48,11,11,0.0,0.0,2.5,wave,3972,0,0,0.24672708962739173,True
48,11,12,0.0,0.0,2.5,wave,3922,0,0,0.24910759816420194,True
48,11,13,0.0,0.0,2.5,wave,3884,0,0,0.25051493305870237,True
48,11,14,0.0,0.0,2.5,wave,3826,0,0,0.25326711970726606,True
48,11,15,0.0,0.0,2.5,wave,3770,0,0,0.25411140583554376,True
48,11,16,0.0,0.0,2.5,wave,3723,0,0,0.2549019607843137,True
48,11,17,0.0,0.0,2.5,wave,3673,0,0,0.2583719030765042,True
48,11,18,0.0,0.0,2.5,wave,7880,0,0,0.11434010152284264,True
48,11,19,0.0,0.0,2.5,wave,7773,0,0,0.11732921651871864,True
48,11,20,0.0,0.0,2.5,wave,7608,0,0,0.120136698212408,True
48,11,21,0.0,0.0,2.5,wave,7484,0,0,0.12373062533404597,True
48,11,22,0.0,0.0,2.5,wave,7320,0,0,0.12691256830601094,True
48,11,23,0.0,0.0,2.5,wave,7182,0,0,0.12949039264828738,True
48,11,24,0.0,0.0,2.5,wave,7056,0,0,0.13137755102040816,True
48,11,25,0.0,0.0,2.5,wave,6951,0,0,0.13408142713278665,True
48,11,26,0.0,0.0,2.5,wave,6799,0,0,0.13575525812619502,True
48,11,27,0.0,0.0,2.5,wave,6691,0,0,0.13884322223882828,True
48,11,28,0.0,0.0,2.5,wave,6551,0,0,0.14165776217371392,True
48,11,29,0.0,0.0,2.5,wave,6469,0,0,0.14438089349203895,True
48,11,30,0.0,0.0,2.5,wave,6334,0,0,0.14777391853489105,True
48,11,31,0.0,0.0,2.5,wave,6213,0,0,0.15129567036858202,True
48,11,32,0.0,0.0,2.5,wave,6089,0,0,0.15355559205123995,True
48,11,33,0.0,0.0,2.5,wave,5975,0,0,0.15665271966527197,True
48,11,34,0.0,0.0,2.5,wave,5852,0,0,0.15960355434039644,True
48,11,35,0.0,0.0,2.5,wave,5752,0,0,0.16307371349095967,True
48,11,36,0.0,0.0,2.5,wave,5634,0,0,0.16666666666666666,True
48,11,37,0.0,0.0,2.5,wave,5536,0,0,0.16871387283236994,True
48,11,38,0.0,0.0,2.5,wave,5459,0,0,0.17127679062099285,True
48,11,39,0.0,0.0,2.5,wave,5401,0,0,0.1723754860211072,True
48,11,40,0.0,0.0,2.5,wave,5333,0,0,0.17494843427714232,True
48,11,41,0.0,0.0,2.5,wave,5270,0,0,0.177988614800759,True
48,11,42,0.0,0.0,2.5,wave,5201,0,0,0.18015766198807923,True
48,11,43,0.0,0.0,2.5,wave,5728,0,0,0.232018156424581,True
48,11,44,0.0,0.0,2.5,wave,5404,0,0,0.21336047372316802,True
48,11,45,0.0,0.0,2.5,wave,5277,0,0,0.20769376539700588,True
48,11,46,0.0,0.0,2.5,wave,5159,0,0,0.20604768365962395,True
48,11,47,0.0,0.0,2.5,wave,5095,0,0,0.20529931305201177,True
48,11,48,0.0,0.0,2.5,wave,5019,0,0,0.2088065351663678,True
48,11,49,0.0,0.0,2.5,wave,4964,0,0,0.21071716357775988,True
48,11,50,0.0,0.0,2.5,wave,4884,0,0,0.21027846027846028,True
48,11,51,0.0,0.0,2.5,wave,4819,0,0,0.21311475409836064,True
48,11,52,0.0,0.0,2.5,wave,4759,0,0,0.21349022903971424,True
49,1,1,0.0,0.0,2.5,wave,2714,0,0,0.0029476787030213707,True
49,1,2,0.0,0.0,2.5,wave,2658,0,0,0.004890895410082769,True
49,1,3,0.0,0.0,2.5,wave,2602,0,0,0.007302075326671791,True
49,1,4,0.0,0.0,2.5,wave,2546,0,0,0.009819324430479183,True
49,1,5,0.0,0.0,2.5,wave,2497,0,0,0.011613936724068883,True
49,1,6,0.0,0.0,2.5,wave,2453,0,0,0.014675907052588666,True
49,1,7,0.0,0.0,2.5,wave,2404,0,0,0.015806988352745424,True
49,1,8,0.0,0.0,2.5,wave,2360,0,0,0.01864406779661017,True
49,1,9,0.0,0.0,2.5,wave,2326,0,0,0.02106620808254514,True
49,1,10,0.0,0.0,2.5,wave,2274,0,0,0.023746701846965697,True
49,1,11,0.0,0.0,2.5,wave,2229,0,0,0.02557200538358008,True
49,1,12,0.0,0.0,2.5,wave,2192,0,0,0.026916058394160582,True
49,1,13,0.0,0.0,2.5,wave,2130,0,0,0.029577464788732393,True
49,1,14,0.0,0.0,2.5,wave,2073,0,0,0.029908345393150026,True
49,1,15,0.0,0.0,2.5,wave,2055,0,0,0.03260340632603406,True
49,1,16,0.0,0.0,2.5,wave,1990,0,0,0.035175879396984924,True
49,1,17,0.0,0.0,2.5,wave,1953,0,0,0.03686635944700461,True
49,1,18,0.0,0.0,2.5,wave,5695,0,0,0.01369622475856014,True
49,1,19,0.0,0.0,2.5,wave,5571,0,0,0.014898581942200681,True
49,1,20,0.0,0.0,2.5,wave,5393,0,0,0.01631744854440942,True
49,1,21,0.0,0.0,2.5,wave,5256,0,0,0.01769406392694064,True
49,1,22,0.0,0.0,2.5,wave,5071,0,0,0.018536777755866693,True
49,1,23,0.0,0.0,2.5,wave,4891,0,0,0.019832345123696585,True
49,1,24,0.0,0.0,2.5,wave,4743,0,0,0.022770398481973434,True
49,1,25,0.0,0.0,2.5,wave,4567,0,0,0.023866871031311583,True
49,1,26,0.0,0.0,2.5,wave,4492,0,0,0.026936776491540516,True
49,1,27,0.0,0.0,2.5,wave,4338,0,0,0.03065928999538958,True
49,1,28,0.0,0.0,2.5,wave,4180,0,0,0.03397129186602871,True
49,1,29,0.0,0.0,2.5,wave,4062,0,0,0.0361890694239291,True
49,1,30,0.0,0.0,2.5,wave,3907,0,0,0.03762477604299974,True
49,1,31,0.0,0.0,2.5,wave,3821,0,0,0.04056529704265899,True
49,1,32,0.0,0.0,2.5,wave,3741,0,0,0.04383854584335739,True
49,1,33,0.0,0.0,2.5,wave,3657,0,0,0.04457205359584359,True
49,1,34,0.0,0.0,2.5,wave,3573,0,0,0.047579065211307024,True
49,1,35,0.0,0.0,2.5,wave,3489,0,0,0.049297793063915164,True
49,1,36,0.0,0.0,2.5,wave,3431,0,0,0.05100553774409793,True
49,1,37,0.0,0.0,2.5,wave,3349,0,0,0.05195580770379218,True
49,1,38,0.0,0.0,2.5,wave,3270,0,0,0.054434250764525995,True
49,1,39,0.0,0.0,2.5,wave,3216,0,0,0.05441542288557214,True
49,1,40,0.0,0.0,2.5,wave,3150,0,0,0.05714285714285714,True
49,1,41,0.0,0.0,2.5,wave,3095,0,0,0.057512116316639744,True
49,1,42,0.0,0.0,2.5,wave,3045,0,0,0.060426929392446635,True
49,1,43,0.0,0.0,2.5,wave,3366,0,0,0.11586452762923351,True
49,1,44,0.0,0.0,2.5,wave,3189,0,0,0.10191282533709627,True
49,1,45,0.0,0.0,2.5,wave,3052,0,0,0.09436435124508519,True
49,1,46,0.0,0.0,2.5,wave,2969,0,0,0.08858201414617717,True
49,1,47,0.0,0.0,2.5,wave,2926,0,0,0.09227614490772386,True
49,1,48,0.0,0.0,2.5,wave,2885,0,0,0.09185441941074524,True
49,1,49,0.0,0.0,2.5,wave,2844,0,0,0.09247538677918425,True
49,1,50,0.0,0.0,2.5,wave,2808,0,0,0.09650997150997151,True
49,1,51,0.0,0.0,2.5,wave,2767,0,0,0.09757860498735092,True
49,1,52,0.0,0.0,2.5,wave,2754,0,0,0.10167029774872913,True
49,2,1,0.0,0.0,2.5,wave,2714,18,3,0.10316875460574797,False
49,2,2,0.0,0.0,2.5,wave,2689,20,7,0.10524358497582745,False
49,2,3,0.0,0.0,2.5,wave,2648,22,6,0.1042296072507553,False
49,2,4,0.0,0.0,2.5,wave,2601,21,6,0.10803537101114956,False
49,2,5,0.0,0.0,2.5,wave,2567,21,10,0.1086871834826646,False
49,2,6,0.0,0.0,2.5,wave,2528,24,10,0.1115506329113924,False
49,2,7,0.0,0.0,2.5,wave,2493,23,7,0.11311672683513839,False
49,2,8,0.0,0.0,2.5,wave,2452,25,9,0.11623164763458402,False
49,2,9,0.0,0.0,2.5,wave,2421,29,8,0.12019826517967781,False
49,2,10,0.0,0.0,2.5,wave,2388,26,10,0.12227805695142378,False
49,2,11,0.0,0.0,2.5,wave,2362,31,12,0.12447078746824725,False
49,2,12,0.0,0.0,2.5,wave,2310,30,8,0.12727272727272726,False
49,2,13,0.0,0.0,2.5,wave,2273,34,14,0.13110426748790144,False
49,2,14,0.0,0.0,2.5,wave,2242,43,18,0.13247100802854594,False
49,2,15,0.0,0.0,2.5,wave,2204,40,12,0.13520871143375682,False
49,2,16,0.0,0.0,2.5,wave,2168,39,15,0.13699261992619927,False
49,2,17,0.0,0.0,2.5,wave,2135,55,18,0.14004683840749416,False
49,2,18,0.0,0.0,2.5,wave,4025,55,19,0.07527950310559006,False
49,2,19,0.0,0.0,2.5,wave,3958,79,18,0.07731177362304194,False
49,2,20,0.0,0.0,2.5,wave,3816,80,22,0.0809748427672956,False
49,2,21,0.0,0.0,2.5,wave,3721,89,30,0.08384842784197796,False
49,2,22,0.0,0.0,2.5,wave,3632,93,34,0.08700440528634361,False
49,2,23,0.0,0.0,2.5,wave,3536,99,40,0.09049773755656108,False
49,2,24,0.0,0.0,2.5,wave,3455,95,37,0.09580318379160636,False
49,2,25,0.0,0.0,2.5,wave,3345,82,36,0.09835575485799701,False
49,2,26,0.0,0.0,2.5,wave,3268,94,42,0.09975520195838433,False
49,2,27,0.0,0.0,2.5,wave,3170,92,30,0.10220820189274447,False
49,2,28,0.0,0.0,2.5,wave,3074,93,33,0.1044242029928432,False
49,2,29,0.0,0.0,2.5,wave,2991,98,45,0.10932798395185557,False
49,2,30,0.0,0.0,2.5,wave,2926,86,41,0.11380724538619276,False
49,2,31,0.0,0.0,2.5,wave,2822,83,35,0.11693834160170093,False
49,2,32,0.0,0.0,2.5,wave,2724,77,30,0.12151248164464024,False
49,2,33,0.0,0.0,2.5,wave,2663,76,29,0.1246714232069095,False
49,2,34,0.0,0.0,2.5,wave,2589,66,26,0.12900733874082657,False
49,2,35,0.0,0.0,2.5,wave,2531,62,23,0.13196365073093638,False
49,2,36,0.0,0.0,2.5,wave,2452,56,23,0.13417618270799347,False
49,2,37,0.0,0.0,2.5,wave,2395,56,26,0.1394572025052192,False
49,2,38,0.0,0.0,2.5,wave,2343,54,21,0.14255228339735382,False
49,2,39,0.0,0.0,2.5,wave,2306,53,22,0.14397224631396358,False
49,2,40,0.0,0.0,2.5,wave,2267,56,19,0.14644905161005733,False
49,2,41,0.0,0.0,2.5,wave,2228,44,13,0.15125673249551166,False
49,2,42,0.0,0.0,2.5,wave,2197,49,18,0.15566681838871188,False
49,2,43,0.0,0.0,2.5,wave,2471,47,21,0.2254148118170781,False
49,2,44,0.0,0.0,2.5,wave,2301,36,22,0.19991308126901347,False
49,2,45,0.0,0.0,2.5,wave,2215,29,18,0.1963882618510158,False
49,2,46,0.0,0.0,2.5,wave,2146,20,10,0.1896551724137931,False
49,2,47,0.0,0.0,2.5,wave,2117,16,5,0.19083608880491262,False
49,2,48,0.0,0.0,2.5,wave,2099,12,4,0.19437827536922345,False
49,2,49,0.0,0.0,2.5,wave,2073,13,7,0.19729860106126387,False
49,2,50,0.0,0.0,2.5,wave,2049,11,6,0.19814543679843827,False
49,2,51,0.0,0.0,2.5,wave,2019,8,4,0.20158494304110947,False
49,2,52,0.0,0.0,2.5,wave,2001,9,2,0.20189905047476261,False
49,3,1,0.0,0.0,2.5,wave,1982,7,3,0.20484359233097882,False
49,3,2,0.0,0.0,2.5,wave,1963,14,4,0.20631686194600102,False
49,3,3,0.0,0.0,2.5,wave,1945,11,2,0.20874035989717224,False
49,3,4,0.0,0.0,2.5,wave,1919,11,5,0.21052631578947367,False
49,3,5,0.0,0.0,2.5,wave,1896,14,5,0.2109704641350211,False
49,3,6,0.0,0.0,2.5,wave,1873,12,1,0.21516284036305391,False
49,3,7,0.0,0.0,2.5,wave,1849,11,3,0.21687398593834506,False
49,3,8,0.0,0.0,2.5,wave,1821,18,6,0.21911037891268534,False
49,3,9,0.0,0.0,2.5,wave,1803,17,5,0.2218524681087077,False
49,3,10,0.0,0.0,2.5,wave,1780,14,10,0.22528089887640448,False
49,3,11,0.0,0.0,2.5,wave,1757,19,10,0.22709163346613545,False
49,3,12,0.0,0.0,2.5,wave,1734,13,7,0.2295271049596309,False
49,3,13,0.0,0.0,2.5,wave,1711,16,5,0.23085914669783753,False
49,3,14,0.0,0.0,2.5,wave,1681,11,4,0.23319452706722188,False
49,3,15,0.0,0.0,2.5,wave,1672,14,8,0.23504784688995214,False
49,3,16,0.0,0.0,2.5,wave,1651,16,5,0.2350090854027862,False
49,3,17,0.0,0.0,2.5,wave,1634,14,5,0.23684210526315788,False
49,3,18,0.0,0.0,2.5,wave,3674,14,7,0.10615133369624388,False
49,3,19,0.0,0.0,2.5,wave,3613,13,4,0.1076667589261002,False
49,3,20,0.0,0.0,2.5,wave,3540,17,6,0.11186440677966102,False
49,3,21,0.0,0.0,2.5,wave,3421,24,7,0.1151710026308097,False
49,3,22,0.0,0.0,2.5,wave,3310,23,5,0.11782477341389729,False
49,3,23,0.0,0.0,2.5,wave,3244,35,6,0.12083847102342787,False
49,3,24,0.0,0.0,2.5,wave,3180,44,5,0.12389937106918239,False
49,3,25,0.0,0.0,2.5,wave,3116,50,14,0.12548138639281128,False
49,3,26,0.0,0.0,2.5,wave,3053,60,20,0.12970848345889288,False
49,3,27,0.0,0.0,2.5,wave,2963,53,16,0.13364832939588256,False
49,3,28,0.0,0.0,2.5,wave,2873,47,14,0.13644274277758442,False
49,3,29,0.0,0.0,2.5,wave,2802,48,16,0.14025695931477516,False
49,3,30,0.0,0.0,2.5,wave,2714,47,18,0.1440677966101695,False
49,3,31,0.0,0.0,2.5,wave,2669,42,21,0.1476208317721993,False
49,3,32,0.0,0.0,2.5,wave,2577,40,20,0.15095071788901823,False
49,3,33,0.0,0.0,2.5,wave,2513,32,10,0.1547950656585754,False
49,3,34,0.0,0.0,2.5,wave,2462,24,10,0.16084484159220147,False
49,3,35,0.0,0.0,2.5,wave,2420,25,12,0.1640495867768595,False
49,3,36,0.0,0.0,2.5,wave,2374,20,10,0.16807076663858467,False
49,3,37,0.0,0.0,2.5,wave,2309,19,9,0.1693373754872239,False
49,3,38,0.0,0.0,2.5,wave,2283,20,8,0.16995181778361804,False
49,3,39,0.0,0.0,2.5,wave,2223,22,7,0.17183985605038238,False
49,3,40,0.0,0.0,2.5,wave,2182,16,9,0.1759853345554537,False
49,3,41,0.0,0.0,2.5,wave,2141,17,10,0.17702008407286315,False
49,3,42,0.0,0.0,2.5,wave,2110,12,7,0.1791469194312796,False
49,3,43,0.0,0.0,2.5,wave,2506,11,5,0.2501995211492418,False
49,3,44,0.0,0.0,2.5,wave,2321,7,3,0.22921154674709177,False
49,3,45,0.0,0.0,2.5,wave,2208,7,3,0.2164855072463768,False
49,3,46,0.0,0.0,2.5,wave,2143,6,3,0.21838544097060195,False
49,3,47,0.0,0.0,2.5,wave,2115,5,4,0.2170212765957447,False
49,3,48,0.0,0.0,2.5,wave,2093,3,2,0.22025800286669853,False
49,3,49,0.0,0.0,2.5,wave,2077,1,0,0.222436206066442,False
49,3,50,0.0,0.0,2.5,wave,2052,1,0,0.22855750487329435,False
49,3,51,0.0,0.0,2.5,wave,2037,1,1,0.23024054982817868,False
49,3,52,0.0,0.0,2.5,wave,2018,3,1,0.23141724479682854,False
49,4,1,0.0,0.0,2.5,wave,1994,2,0,0.23269809428284854,False
49,4,2,0.0,0.0,2.5,wave,1973,2,0,0.23466801824632538,False
49,4,3,0.0,0.0,2.5,wave,1944,2,0,0.23508230452674897,False
49,4,4,0.0,0.0,2.5,wave,1923,2,1,0.23972958918356735,False
49,4,5,0.0,0.0,2.5,wave,1902,3,2,0.24237644584647738,False
49,4,6,0.0,0.0,2.5,wave,1874,2,1,0.24386339381003203,False
49,4,7,0.0,0.0,2.5,wave,1850,1,0,0.24162162162162162,False
49,4,8,0.0,0.0,2.5,wave,1830,1,0,0.24371584699453552,False
49,4,9,0.0,0.0,2.5,wave,1812,1,0,0.24724061810154527,False
49,4,10,0.0,0.0,2.5,wave,1783,1,1,0.2501402131239484,False
49,4,11,0.0,0.0,2.5,wave,1768,1,1,0.2505656108597285,False
49,4,12,0.0,0.0,2.5,wave,1751,0,0,0.2529982866933181,True
49,4,13,0.0,0.0,2.5,wave,1737,0,0,0.2533103051237766,True
49,4,14,0.0,0.0,2.5,wave,1715,0,0,0.2548104956268222,True
49,4,15,0.0,0.0,2.5,wave,1700,0,0,0.25529411764705884,True
49,4,16,0.0,0.0,2.5,wave,1684,0,0,0.25593824228028506,True
49,4,17,0.0,0.0,2.5,wave,1666,0,0,0.2575030012004802,True
49,4,18,0.0,0.0,2.5,wave,3584,0,0,0.12025669642857142,True
49,4,19,0.0,0.0,2.5,wave,3522,0,0,0.12265758091993186,True
49,4,20,0.0,0.0,2.5,wave,3442,0,0,0.12492736780941313,True
49,4,21,0.0,0.0,2.5,wave,3369,0,0,0.12733748886910062,True
49,4,22,0.0,0.0,2.5,wave,3287,0,0,0.12868877395801642,True
49,4,23,0.0,0.0,2.5,wave,3231,0,0,0.13122872175796968,True
49,4,24,0.0,0.0,2.5,wave,3156,0,0,0.1346641318124208,True
49,4,25,0.0,0.0,2.5,wave,3079,0,0,0.13803182851575188,True
49,4,26,0.0,0.0,2.5,wave,2946,0,0,0.14052953156822812,True
49,4,27,0.0,0.0,2.5,wave,2878,0,0,0.14350243224461431,True
49,4,28,0.0,0.0,2.5,wave,2805,0,0,0.14723707664884136,True
49,4,29,0.0,0.0,2.5,wave,2724,0,0,0.15088105726872247,True
49,4,30,0.0,0.0,2.5,wave,2663,0,0,0.1517085993240706,True
49,4,31,0.0,0.0,2.5,wave,2614,0,0,0.1541698546289212,True
49,4,32,0.0,0.0,2.5,wave,2572,0,0,0.15629860031104198,True
49,4,33,0.0,0.0,2.5,wave,2521,0,0,0.16025386751289172,True
49,4,34,0.0,0.0,2.5,wave,2466,0,0,0.1630170316301703,True
49,4,35,0.0,0.0,2.5,wave,2432,0,0,0.16817434210526316,True
49,4,36,0.0,0.0,2.5,wave,2393,0,0,0.17175094024237358,True
49,4,37,0.0,0.0,2.5,wave,2343,0,0,0.17584293640631668,True
49,4,38,0.0,0.0,2.5,wave,2316,0,0,0.17443868739205526,True
49,4,39,0.0,0.0,2.5,wave,2273,0,0,0.17509898812142544,True
49,4,40,0.0,0.0,2.5,wave,2247,0,0,0.17489986648865152,True
49,4,41,0.0,0.0,2.5,wave,2223,0,0,0.17543859649122806,True
49,4,42,0.0,0.0,2.5,wave,2195,0,0,0.1785876993166287,True
49,4,43,0.0,0.0,2.5,wave,2595,0,0,0.26666666666666666,True
49,4,44,0.0,0.0,2.5,wave,2417,0,0,0.244104261481175,True
49,4,45,0.0,0.0,2.5,wave,2294,0,0,0.23626852659110723,True
49,4,46,0.0,0.0,2.5,wave,2252,0,0,0.23046181172291297,True
49,4,47,0.0,0.0,2.5,wave,2221,0,0,0.23322827555155334,True
49,4,48,0.0,0.0,2.5,wave,2208,0,0,0.23731884057971014,True
49,4,49,0.0,0.0,2.5,wave,2227,0,0,0.24427480916030533,True
49,4,50,0.0,0.0,2.5,wave,2214,0,0,0.24841915085817526,True
49,4,51,0.0,0.0,2.5,wave,2194,0,0,0.24931631722880584,True
49,4,52,0.0,0.0,2.5,wave,2172,0,0,0.2504604051565378,True
49,5,1,0.0,0.0,2.5,wave,2153,0,0,0.2540640966093823,True
49,5,2,0.0,0.0,2.5,wave,2118,0,0,0.2544853635505194,True
49,5,3,0.0,0.0,2.5,wave,2096,0,0,0.25906488549618323,True
49,5,4,0.0,0.0,2.5,wave,2072,0,0,0.25868725868725867,True
49,5,5,0.0,0.0,2.5,wave,2046,0,0,0.261485826001955,True
49,5,6,0.0,0.0,2.5,wave,2022,0,0,0.26310583580613256,True
49,5,7,0.0,0.0,2.5,wave,1998,0,0,0.2652652652652653,True
49,5,8,0.0,0.0,2.5,wave,1975,0,0,0.26582278481012656,True
49,5,9,0.0,0.0,2.5,wave,1959,0,0,0.26952526799387444,True
49,5,10,0.0,0.0,2.5,wave,1938,0,0,0.2719298245614035,True
49,5,11,0.0,0.0,2.5,wave,1913,0,0,0.2765290120230005,True
49,5,12,0.0,0.0,2.5,wave,1894,0,0,0.27983104540654696,True
49,5,13,0.0,0.0,2.5,wave,1882,0,0,0.2826780021253985,True
49,5,14,0.0,0.0,2.5,wave,1857,0,0,0.28540656973613354,True
49,5,15,0.0,0.0,2.5,wave,1839,0,0,0.2903752039151713,True
49,5,16,0.0,0.0,2.5,wave,1822,0,0,0.29198682766191,True
49,5,17,0.0,0.0,2.5,wave,1809,0,0,0.29463792150359314,True
49,5,18,0.0,0.0,2.5,wave,3960,0,0,0.13383838383838384,True
49,5,19,0.0,0.0,2.5,wave,3891,0,0,0.13672577743510667,True
49,5,20,0.0,0.0,2.5,wave,3815,0,0,0.13944954128440368,True
49,5,21,0.0,0.0,2.5,wave,3739,0,0,0.14255148435410536,True
49,5,22,0.0,0.0,2.5,wave,3654,0,0,0.1447728516694034,True
49,5,23,0.0,0.0,2.5,wave,3565,0,0,0.14866760168302945,True
49,5,24,0.0,0.0,2.5,wave,3497,0,0,0.1504146411209608,True
49,5,25,0.0,0.0,2.5,wave,3431,0,0,0.1544739143106966,True
49,5,26,0.0,0.0,2.5,wave,3346,0,0,0.15660490137477584,True
49,5,27,0.0,0.0,2.5,wave,3244,0,0,0.16060419235511714,True
49,5,28,0.0,0.0,2.5,wave,3161,0,0,0.16387219234419487,True
49,5,29,0.0,0.0,2.5,wave,3087,0,0,0.1655328798185941,True
49,5,30,0.0,0.0,2.5,wave,3009,0,0,0.17048853439680958,True
49,5,31,0.0,0.0,2.5,wave,2967,0,0,0.17391304347826086,True
49,5,32,0.0,0.0,2.5,wave,2917,0,0,0.17552279739458349,True
49,5,33,0.0,0.0,2.5,wave,2870,0,0,0.17874564459930314,True
49,5,34,0.0,0.0,2.5,wave,2813,0,0,0.1809456096693921,True
49,5,35,0.0,0.0,2.5,wave,2753,0,0,0.1834362513621504,True
49,5,36,0.0,0.0,2.5,wave,2683,0,0,0.18449496831904585,True
49,5,37,0.0,0.0,2.5,wave,2624,0,0,0.19054878048780488,True
49,5,38,0.0,0.0,2.5,wave,2578,0,0,0.19278510473235067,True
49,5,39,0.0,0.0,2.5,wave,2544,0,0,0.19654088050314467,True
49,5,40,0.0,0.0,2.5,wave,2505,0,0,0.19720558882235528,True
49,5,41,0.0,0.0,2.5,wave,2461,0,0,0.1982933766761479,True
49,5,42,0.0,0.0,2.5,wave,2422,0,0,0.20107349298100743,True
49,5,43,0.0,0.0,2.5,wave,2855,0,0,0.2805604203152364,True
49,5,44,0.0,0.0,2.5,wave,2662,0,0,0.2535687453042825,True
49,5,45,0.0,0.0,2.5,wave,2549,0,0,0.24009415457041977,True
49,5,46,0.0,0.0,2.5,wave,2518,0,0,0.23788721207307387,True
49,5,47,0.0,0.0,2.5,wave,2490,0,0,0.2397590361445783,True
49,5,48,0.0,0.0,2.5,wave,2450,0,0,0.23918367346938776,True
49,5,49,0.0,0.0,2.5,wave,2432,0,0,0.23889802631578946,True
49,5,50,0.0,0.0,2.5,wave,2401,0,0,0.24156601416076634,True
49,5,51,0.0,0.0,2.5,wave,2361,0,0,0.23972892842016094,True
49,5,52,0.0,0.0,2.5,wave,2323,0,0,0.2410675850193715,True
49,6,1,0.0,0.0,2.5,wave,2308,0,0,0.24090121317157712,True
49,6,2,0.0,0.0,2.5,wave,2292,0,0,0.24520069808027922,True
49,6,3,0.0,0.0,2.5,wave,2276,0,0,0.2517574692442882,True
49,6,4,0.0,0.0,2.5,wave,2274,0,0,0.25505716798592787,True
49,6,5,0.0,0.0,2.5,wave,2247,0,0,0.2567868268802848,True
49,6,6,0.0,0.0,2.5,wave,2218,0,0,0.2569882777276826,True
49,6,7,0.0,0.0,2.5,wave,2213,0,0,0.2602801626751017,True
49,6,8,0.0,0.0,2.5,wave,2193,0,0,0.26265389876880985,True
49,6,9,0.0,0.0,2.5,wave,2180,0,0,0.26422018348623855,True
49,6,10,0.0,0.0,2.5,wave,2167,0,0,0.2658052607291186,True
49,6,11,0.0,0.0,2.5,wave,2141,0,0,0.2713685193834657,True
49,6,12,0.0,0.0,2.5,wave,2117,0,0,0.271610769957487,True
49,6,13,0.0,0.0,2.5,wave,2097,0,0,0.27467811158798283,True
49,6,14,0.0,0.0,2.5,wave,2078,0,0,0.2776708373435996,True
49,6,15,0.0,0.0,2.5,wave,2056,0,0,0.2791828793774319,True
49,6,16,0.0,0.0,2.5,wave,2040,0,0,0.27794117647058825,True
49,6,17,0.0,0.0,2.5,wave,2023,0,0,0.2792881858625803,True
49,6,18,0.0,0.0,2.5,wave,4274,0,0,0.13242863827795975,True
49,6,19,0.0,0.0,2.5,wave,4209,0,0,0.1356616773580423,True
49,6,20,0.0,0.0,2.5,wave,4128,0,0,0.13880813953488372,True
49,6,21,0.0,0.0,2.5,wave,4034,0,0,0.14229053049082796,True
49,6,22,0.0,0.0,2.5,wave,3934,0,0,0.14590747330960854,True
49,6,23,0.0,0.0,2.5,wave,3871,0,0,0.14983208473262724,True
49,6,24,0.0,0.0,2.5,wave,3779,0,0,0.1521566551997883,True
49,6,25,0.0,0.0,2.5,wave,3713,0,0,0.15539994613520064,True
49,6,26,0.0,0.0,2.5,wave,3647,0,0,0.15930902111324377,True
49,6,27,0.0,0.0,2.5,wave,3574,0,0,0.161723559037493,True
49,6,28,0.0,0.0,2.5,wave,3491,0,0,0.1647092523632197,True
49,6,29,0.0,0.0,2.5,wave,3442,0,0,0.16676350958744915,True
49,6,30,0.0,0.0,2.5,wave,3384,0,0,0.16962174940898345,True
49,6,31,0.0,0.0,2.5,wave,3338,0,0,0.17345715997603356,True
49,6,32,0.0,0.0,2.5,wave,3277,0,0,0.17516020750686603,True
49,6,33,0.0,0.0,2.5,wave,3218,0,0,0.17775015537600994,True
49,6,34,0.0,0.0,2.5,wave,3127,0,0,0.17972497601535017,True
49,6,35,0.0,0.0,2.5,wave,3015,0,0,0.1834162520729685,True
49,6,36,0.0,0.0,2.5,wave,2936,0,0,0.18767029972752045,True
49,6,37,0.0,0.0,2.5,wave,2895,0,0,0.19032815198618308,True
49,6,38,0.0,0.0,2.5,wave,2825,0,0,0.1943362831858407,True
49,6,39,0.0,0.0,2.5,wave,2756,0,0,0.1962989840348331,True
49,6,40,0.0,0.0,2.5,wave,2686,0,0,0.20104244229337304,True
49,6,41,0.0,0.0,2.5,wave,2647,0,0,0.20324896108802418,True
49,6,42,0.0,0.0,2.5,wave,2599,0,0,0.20661792997306658,True
49,6,43,0.0,0.0,2.5,wave,2929,0,0,0.2710822806418573,True
49,6,44,0.0,0.0,2.5,wave,2745,0,0,0.24808743169398906,True
49,6,45,0.0,0.0,2.5,wave,2631,0,0,0.24173318129988597,True
49,6,46,0.0,0.0,2.5,wave,2561,0,0,0.23857868020304568,True
49,6,47,0.0,0.0,2.5,wave,2545,0,0,0.2400785854616896,True
49,6,48,0.0,0.0,2.5,wave,2529,0,0,0.2423882957690787,True
49,6,49,0.0,0.0,2.5,wave,2515,0,0,0.24373757455268388,True
49,6,50,0.0,0.0,2.5,wave,2485,0,0,0.24627766599597586,True
49,6,51,0.0,0.0,2.5,wave,2471,0,0,0.25050586806960745,True
49,6,52,0.0,0.0,2.5,wave,2447,0,0,0.25418880261544746,True
49,7,1,0.0,0.0,2.5,wave,2433,0,0,0.25524044389642414,True
49,7,2,0.0,0.0,2.5,wave,2413,0,0,0.2590136759220887,True
49,7,3,0.0,0.0,2.5,wave,2408,0,0,0.2612126245847176,True
49,7,4,0.0,0.0,2.5,wave,2388,0,0,0.2638190954773869,True
49,7,5,0.0,0.0,2.5,wave,2367,0,0,0.2661596958174905,True
49,7,6,0.0,0.0,2.5,wave,2350,0,0,0.26893617021276595,True
49,7,7,0.0,0.0,2.5,wave,2328,0,0,0.2697594501718213,True
49,7,8,0.0,0.0,2.5,wave,2307,0,0,0.27308192457737324,True
49,7,9,0.0,0.0,2.5,wave,2286,0,0,0.2747156605424322,True
49,7,10,0.0,0.0,2.5,wave,2262,0,0,0.28028293545534927,True
49,7,11,0.0,0.0,2.5,wave,2241,0,0,0.28023203926818385,True
49,7,12,0.0,0.0,2.5,wave,2222,0,0,0.28217821782178215,True
49,7,13,0.0,0.0,2.5,wave,2199,0,0,0.2837653478854025,True
49,7,14,0.0,0.0,2.5,wave,2177,0,0,0.28525493798805696,True
49,7,15,0.0,0.0,2.5,wave,2155,0,0,0.2877030162412993,True
49,7,16,0.0,0.0,2.5,wave,2137,0,0,0.2901263453439401,True
49,7,17,0.0,0.0,2.5,wave,2112,0,0,0.2911931818181818,True
49,7,18,0.0,0.0,2.5,wave,4651,0,0,0.13265964308750805,True
49,7,19,0.0,0.0,2.5,wave,4591,0,0,0.13591810063167065,True
49,7,20,0.0,0.0,2.5,wave,4498,0,0,0.1367274344152957,True
49,7,21,0.0,0.0,2.5,wave,4372,0,0,0.1404391582799634,True
49,7,22,0.0,0.0,2.5,wave,4267,0,0,0.1431919381298336,True
49,7,23,0.0,0.0,2.5,wave,4179,0,0,0.1457286432160804,True
49,7,24,0.0,0.0,2.5,wave,4107,0,0,0.14901387874360847,True
49,7,25,0.0,0.0,2.5,wave,4028,0,0,0.1521847070506455,True
49,7,26,0.0,0.0,2.5,wave,3965,0,0,0.15485498108448928,True
49,7,27,0.0,0.0,2.5,wave,3886,0,0,0.15697375193000515,True
49,7,28,0.0,0.0,2.5,wave,3816,0,0,0.16221174004192873,True
49,7,29,0.0,0.0,2.5,wave,3755,0,0,0.1659121171770972,True
49,7,30,0.0,0.0,2.5,wave,3682,0,0,0.16865833785985876,True
49,7,31,0.0,0.0,2.5,wave,3599,0,0,0.171158655181995,True
49,7,32,0.0,0.0,2.5,wave,3532,0,0,0.1738391845979615,True
49,7,33,0.0,0.0,2.5,wave,3453,0,0,0.175789168838691,True
49,7,34,0.0,0.0,2.5,wave,3374,0,0,0.17990515708358032,True
49,7,35,0.0,0.0,2.5,wave,3299,0,0,0.1815701727796302,True
49,7,36,0.0,0.0,2.5,wave,3206,0,0,0.18621334996880848,True
49,7,37,0.0,0.0,2.5,wave,3158,0,0,0.1896770107663078,True
49,7,38,0.0,0.0,2.5,wave,3094,0,0,0.19230769230769232,True
49,7,39,0.0,0.0,2.5,wave,3050,0,0,0.19475409836065574,True
49,7,40,0.0,0.0,2.5,wave,3000,0,0,0.197,True
49,7,41,0.0,0.0,2.5,wave,2955,0,0,0.19864636209813874,True
49,7,42,0.0,0.0,2.5,wave,2916,0,0,0.2006172839506173,True
49,7,43,0.0,0.0,2.5,wave,3276,0,0,0.27075702075702074,True
49,7,44,0.0,0.0,2.5,wave,3058,0,0,0.24787442773054283,True
49,7,45,0.0,0.0,2.5,wave,2937,0,0,0.2356145726932244,True
49,7,46,0.0,0.0,2.5,wave,2867,0,0,0.23683292640390652,True
49,7,47,0.0,0.0,2.5,wave,2831,0,0,0.2313670081243377,True
49,7,48,0.0,0.0,2.5,wave,2809,0,0,0.2367390530437878,True
49,7,49,0.0,0.0,2.5,wave,2797,0,0,0.2366821594565606,True
49,7,50,0.0,0.0,2.5,wave,2785,0,0,0.24165170556552962,True
49,7,51,0.0,0.0,2.5,wave,2757,0,0,0.24156692056583243,True
49,7,52,0.0,0.0,2.5,wave,2743,0,0,0.24316441851986875,True
49,8,1,0.0,0.0,2.5,wave,2717,0,0,0.2443871917556128,True
49,8,2,0.0,0.0,2.5,wave,2698,0,0,0.24796145292809488,True
49,8,3,0.0,0.0,2.5,wave,2683,0,0,0.2515840477077898,True
49,8,4,0.0,0.0,2.5,wave,2658,0,0,0.2528216704288939,True
49,8,5,0.0,0.0,2.5,wave,2635,0,0,0.2527514231499051,True
49,8,6,0.0,0.0,2.5,wave,2605,0,0,0.2579654510556622,True
49,8,7,0.0,0.0,2.5,wave,2577,0,0,0.25844004656577413,True
49,8,8,0.0,0.0,2.5,wave,2559,0,0,0.26025791324736225,True
49,8,9,0.0,0.0,2.5,wave,2534,0,0,0.26243093922651933,True
49,8,10,0.0,0.0,2.5,wave,2511,0,0,0.2672242134607726,True
49,8,11,0.0,0.0,2.5,wave,2492,0,0,0.2696629213483146,True
49,8,12,0.0,0.0,2.5,wave,2466,0,0,0.272911597729116,True
49,8,13,0.0,0.0,2.5,wave,2449,0,0,0.2752143732135566,True
49,8,14,0.0,0.0,2.5,wave,2423,0,0,0.2789929839042509,True
49,8,15,0.0,0.0,2.5,wave,2390,0,0,0.2824267782426778,True
49,8,16,0.0,0.0,2.5,wave,2368,0,0,0.28505067567567566,True
49,8,17,0.0,0.0,2.5,wave,2335,0,0,0.2860813704496788,True
49,8,18,0.0,0.0,2.5,wave,5134,0,0,0.13011297234125438,True
49,8,19,0.0,0.0,2.5,wave,5055,0,0,0.13273986152324432,True
49,8,20,0.0,0.0,2.5,wave,4965,0,0,0.1365558912386707,True
49,8,21,0.0,0.0,2.5,wave,4859,0,0,0.13974068738423545,True
49,8,22,0.0,0.0,2.5,wave,4775,0,0,0.14219895287958115,True
49,8,23,0.0,0.0,2.5,wave,4717,0,0,0.14500741997032013,True
49,8,24,0.0,0.0,2.5,wave,4631,0,0,0.1496437054631829,True
49,8,25,0.0,0.0,2.5,wave,4515,0,0,0.15193798449612403,True
49,8,26,0.0,0.0,2.5,wave,4430,0,0,0.1548532731376975,True
49,8,27,0.0,0.0,2.5,wave,4341,0,0,0.15779774245565537,True
49,8,28,0.0,0.0,2.5,wave,4248,0,0,0.16101694915254236,True
49,8,29,0.0,0.0,2.5,wave,4159,0,0,0.16614570810290935,True
49,8,30,0.0,0.0,2.5,wave,4067,0,0,0.16842881731005654,True
49,8,31,0.0,0.0,2.5,wave,3963,0,0,0.17259651778955337,True
49,8,32,0.0,0.0,2.5,wave,3873,0,0,0.17686547895688098,True
49,8,33,0.0,0.0,2.5,wave,3806,0,0,0.18024172359432475,True
49,8,34,0.0,0.0,2.5,wave,3708,0,0,0.18338727076591155,True
49,8,35,0.0,0.0,2.5,wave,3629,0,0,0.18655276935794984,True
49,8,36,0.0,0.0,2.5,wave,3571,0,0,0.18874264911789415,True
49,8,37,0.0,0.0,2.5,wave,3512,0,0,0.19219817767653757,True
49,8,38,0.0,0.0,2.5,wave,3457,0,0,0.19525600231414522,True
49,8,39,0.0,0.0,2.5,wave,3417,0,0,0.1984196663740123,True
49,8,40,0.0,0.0,2.5,wave,3372,0,0,0.19988137603795966,True
49,8,41,0.0,0.0,2.5,wave,3296,0,0,0.20358009708737865,True
49,8,42,0.0,0.0,2.5,wave,3257,0,0,0.20478968375805956,True
49,8,43,0.0,0.0,2.5,wave,3620,0,0,0.27209944751381215,True
49,8,44,0.0,0.0,2.5,wave,3373,0,0,0.24785057812036762,True
49,8,45,0.0,0.0,2.5,wave,3245,0,0,0.2354391371340524,True
49,8,46,0.0,0.0,2.5,wave,3198,0,0,0.2360850531582239,True
49,8,47,0.0,0.0,2.5,wave,3154,0,0,0.23303741280913126,True
49,8,48,0.0,0.0,2.5,wave,3128,0,0,0.2340153452685422,True
49,8,49,0.0,0.0,2.5,wave,3095,0,0,0.23392568659127624,True
49,8,50,0.0,0.0,2.5,wave,3056,0,0,0.23887434554973822,True
49,8,51,0.0,0.0,2.5,wave,3037,0,0,0.23872242344418834,True
49,8,52,0.0,0.0,2.5,wave,2995,0,0,0.2400667779632721,True
49,9,1,0.0,0.0,2.5,wave,2968,0,0,0.24191374663072776,True
49,9,2,0.0,0.0,2.5,wave,2943,0,0,0.2436289500509684,True
49,9,3,0.0,0.0,2.5,wave,2901,0,0,0.24612202688728024,True
49,9,4,0.0,0.0,2.5,wave,2865,0,0,0.2488656195462478,True
49,9,5,0.0,0.0,2.5,wave,2835,0,0,0.25220458553791886,True
49,9,6,0.0,0.0,2.5,wave,2795,0,0,0.2565295169946333,True
49,9,7,0.0,0.0,2.5,wave,2768,0,0,0.25722543352601157,True
49,9,8,0.0,0.0,2.5,wave,2735,0,0,0.25886654478976234,True
49,9,9,0.0,0.0,2.5,wave,2706,0,0,0.26053215077605324,True
49,9,10,0.0,0.0,2.5,wave,2669,0,0,0.26227051330086176,True
49,9,11,0.0,0.0,2.5,wave,2636,0,0,0.26479514415781485,True
49,9,12,0.0,0.0,2.5,wave,2609,0,0,0.26638558834802606,True
49,9,13,0.0,0.0,2.5,wave,2576,0,0,0.26669254658385094,True
49,9,14,0.0,0.0,2.5,wave,2555,0,0,0.26731898238747553,True
49,9,15,0.0,0.0,2.5,wave,2532,0,0,0.26895734597156395,True
49,9,16,0.0,0.0,2.5,wave,2491,0,0,0.27097551184263347,True
49,9,17,0.0,0.0,2.5,wave,2467,0,0,0.2744223753546818,True
49,9,18,0.0,0.0,2.5,wave,5213,0,0,0.1198925762516785,True
49,9,19,0.0,0.0,2.5,wave,5126,0,0,0.12309793211080765,True
49,9,20,0.0,0.0,2.5,wave,5019,0,0,0.12671846981470414,True
49,9,21,0.0,0.0,2.5,wave,4940,0,0,0.13076923076923078,True
49,9,22,0.0,0.0,2.5,wave,4841,0,0,0.13447634786201199,True
49,9,23,0.0,0.0,2.5,wave,4754,0,0,0.1369373159444678,True
49,9,24,0.0,0.0,2.5,wave,4616,0,0,0.14016464471403814,True
49,9,25,0.0,0.0,2.5,wave,4530,0,0,0.14415011037527595,True
49,9,26,0.0,0.0,2.5,wave,4423,0,0,0.14944607732308388,True
49,9,27,0.0,0.0,2.5,wave,4361,0,0,0.15248796147672553,True
49,9,28,0.0,0.0,2.5,wave,4263,0,0,0.15435139573070608,True
49,9,29,0.0,0.0,2.5,wave,4185,0,0,0.15483870967741936,True
49,9,30,0.0,0.0,2.5,wave,4065,0,0,0.15744157441574416,True
49,9,31,0.0,0.0,2.5,wave,3990,0,0,0.1581453634085213,True
49,9,32,0.0,0.0,2.5,wave,3917,0,0,0.16032678069951495,True
49,9,33,0.0,0.0,2.5,wave,3859,0,0,0.16480953614926147,True
49,9,34,0.0,0.0,2.5,wave,3768,0,0,0.16719745222929935,True
49,9,35,0.0,0.0,2.5,wave,3729,0,0,0.16948243496916063,True
49,9,36,0.0,0.0,2.5,wave,3658,0,0,0.17058501913613996,True
49,9,37,0.0,0.0,2.5,wave,3596,0,0,0.1735261401557286,True
49,9,38,0.0,0.0,2.5,wave,3527,0,0,0.17805500425290616,True
49,9,39,0.0,0.0,2.5,wave,3479,0,0,0.1805116412762288,True
49,9,40,0.0,0.0,2.5,wave,3425,0,0,0.18364963503649634,True
49,9,41,0.0,0.0,2.5,wave,3400,0,0,0.18676470588235294,True
49,9,42,0.0,0.0,2.5,wave,3356,0,0,0.18980929678188319,True
49,9,43,0.0,0.0,2.5,wave,3943,0,0,0.27111336545777326,True
49,9,44,0.0,0.0,2.5,wave,3650,0,0,0.25068493150684934,True
49,9,45,0.0,0.0,2.5,wave,3506,0,0,0.24130062749572162,True
49,9,46,0.0,0.0,2.5,wave,3376,0,0,0.23430094786729858,True
49,9,47,0.0,0.0,2.5,wave,3326,0,0,0.2318099819603127,True
49,9,48,0.0,0.0,2.5,wave,3279,0,0,0.23543763342482465,True
49,9,49,0.0,0.0,2.5,wave,3255,0,0,0.23440860215053763,True
49,9,50,0.0,0.0,2.5,wave,3221,0,0,0.23719341819310774,True
49,9,51,0.0,0.0,2.5,wave,3210,0,0,0.2398753894080997,True
49,9,52,0.0,0.0,2.5,wave,3169,0,0,0.2439255285579047,True
49,10,1,0.0,0.0,2.5,wave,3133,0,0,0.24800510692626876,True
49,10,2,0.0,0.0,2.5,wave,3093,0,0,0.24862592951826706,True
49,10,3,0.0,0.0,2.5,wave,3064,0,0,0.25130548302872063,True
49,10,4,0.0,0.0,2.5,wave,3021,0,0,0.2535584243627938,True
49,10,5,0.0,0.0,2.5,wave,2991,0,0,0.2584419926446005,True
49,10,6,0.0,0.0,2.5,wave,2961,0,0,0.26106045254981425,True
49,10,7,0.0,0.0,2.5,wave,2929,0,0,0.26220553089791737,True
49,10,8,0.0,0.0,2.5,wave,2903,0,0,0.26558732345849123,True
49,10,9,0.0,0.0,2.5,wave,2876,0,0,0.26738525730180807,True
49,10,10,0.0,0.0,2.5,wave,2841,0,0,0.26962337205209436,True
49,10,11,0.0,0.0,2.5,wave,2811,0,0,0.272145144076841,True
49,10,12,0.0,0.0,2.5,wave,2785,0,0,0.27432675044883303,True
49,10,13,0.0,0.0,2.5,wave,2753,0,0,0.27787867780602976,True
49,10,14,0.0,0.0,2.5,wave,2729,0,0,0.2792231586661781,True
49,10,15,0.0,0.0,2.5,wave,2704,0,0,0.2806952662721893,True
49,10,16,0.0,0.0,2.5,wave,2680,0,0,0.28171641791044777,True
49,10,17,0.0,0.0,2.5,wave,2652,0,0,0.28469079939668174,True
49,10,18,0.0,0.0,2.5,wave,5788,0,0,0.12785072563925362,True
49,10,19,0.0,0.0,2.5,wave,5705,0,0,0.13093777388255917,True
49,10,20,0.0,0.0,2.5,wave,5623,0,0,0.1344478036635248,True
49,10,21,0.0,0.0,2.5,wave,5529,0,0,0.1365527220112136,True
49,10,22,0.0,0.0,2.5,wave,5403,0,0,0.1399222654081066,True
49,10,23,0.0,0.0,2.5,wave,5300,0,0,0.14358490566037735,True
49,10,24,0.0,0.0,2.5,wave,5185,0,0,0.14541947926711668,True
49,10,25,0.0,0.0,2.5,wave,5094,0,0,0.14880251276010995,True
49,10,26,0.0,0.0,2.5,wave,5005,0,0,0.15064935064935064,True
49,10,27,0.0,0.0,2.5,wave,4924,0,0,0.15353371242891958,True
49,10,28,0.0,0.0,2.5,wave,4809,0,0,0.15574963609898107,True
49,10,29,0.0,0.0,2.5,wave,4713,0,0,0.1593464884362402,True
49,10,30,0.0,0.0,2.5,wave,4630,0,0,0.16349892008639308,True
49,10,31,0.0,0.0,2.5,wave,4544,0,0,0.167693661971831,True
49,10,32,0.0,0.0,2.5,wave,4470,0,0,0.17158836689038032,True
49,10,33,0.0,0.0,2.5,wave,4374,0,0,0.1753543667123914,True
49,10,34,0.0,0.0,2.5,wave,4301,0,0,0.17716810044175774,True
49,10,35,0.0,0.0,2.5,wave,4227,0,0,0.1805062692216702,True
49,10,36,0.0,0.0,2.5,wave,4139,0,0,0.18241121043730368,True
49,10,37,0.0,0.0,2.5,wave,4081,0,0,0.18475863758882627,True
49,10,38,0.0,0.0,2.5,wave,4042,0,0,0.18728352300841167,True
49,10,39,0.0,0.0,2.5,wave,3968,0,0,0.1892641129032258,True
49,10,40,0.0,0.0,2.5,wave,3917,0,0,0.1922389583865203,True
49,10,41,0.0,0.0,2.5,wave,3843,0,0,0.19568045797553996,True
49,10,42,0.0,0.0,2.5,wave,3788,0,0,0.1977296726504752,True
49,10,43,0.0,0.0,2.5,wave,4374,0,0,0.2713763145861911,True
49,10,44,0.0,0.0,2.5,wave,4111,0,0,0.2549258088056434,True
49,10,45,0.0,0.0,2.5,wave,3936,0,0,0.24568089430894308,True
49,10,46,0.0,0.0,2.5,wave,3826,0,0,0.23915316257187663,True
49,10,47,0.0,0.0,2.5,wave,3766,0,0,0.2419012214551248,True
49,10,48,0.0,0.0,2.5,wave,3736,0,0,0.24411134903640258,True
49,10,49,0.0,0.0,2.5,wave,3718,0,0,0.24690693921463153,True
49,10,50,0.0,0.0,2.5,wave,3676,0,0,0.24918389553862894,True
49,10,51,0.0,0.0,2.5,wave,3622,0,0,0.2515184980673661,True
49,10,52,0.0,0.0,2.5,wave,3609,0,0,0.256857855361596,True
49,11,1,0.0,0.0,2.5,wave,3586,0,0,0.258505298382599,True
49,11,2,0.0,0.0,2.5,wave,3566,0,0,0.2605159842961301,True
49,11,3,0.0,0.0,2.5,wave,3520,0,0,0.2622159090909091,True
49,11,4,0.0,0.0,2.5,wave,3490,0,0,0.264756446991404,True
49,11,5,0.0,0.0,2.5,wave,3452,0,0,0.26738122827346467,True
49,11,6,0.0,0.0,2.5,wave,3415,0,0,0.2711566617862372,True
49,11,7,0.0,0.0,2.5,wave,3392,0,0,0.27505896226415094,True
49,11,8,0.0,0.0,2.5,wave,3342,0,0,0.2779772591262717,True
49,11,9,0.0,0.0,2.5,wave,3304,0,0,0.2772397094430993,True
49,11,10,0.0,0.0,2.5,wave,3279,0,0,0.2836230558096981,True
49,11,11,0.0,0.0,2.5,wave,3265,0,0,0.28698315467075036,True
49,11,12,0.0,0.0,2.5,wave,3234,0,0,0.287569573283859,True
49,11,13,0.0,0.0,2.5,wave,3208,0,0,0.2880299251870324,True
49,11,14,0.0,0.0,2.5,wave,3172,0,0,0.29508196721311475,True
49,11,15,0.0,0.0,2.5,wave,3158,0,0,0.2954401519949335,True
49,11,16,0.0,0.0,2.5,wave,3139,0,0,0.2994584262503982,True
49,11,17,0.0,0.0,2.5,wave,3124,0,0,0.30377720870678615,True
49,11,18,0.0,0.0,2.5,wave,6859,0,0,0.13281819507216797,True
49,11,19,0.0,0.0,2.5,wave,6772,0,0,0.13688718251624335,True
49,11,20,0.0,0.0,2.5,wave,6656,0,0,0.14152644230769232,True
49,11,21,0.0,0.0,2.5,wave,6552,0,0,0.14453601953601955,True
49,11,22,0.0,0.0,2.5,wave,6435,0,0,0.14763014763014762,True
49,11,23,0.0,0.0,2.5,wave,6345,0,0,0.15098502758077226,True
49,11,24,0.0,0.0,2.5,wave,6232,0,0,0.154204107830552,True
49,11,25,0.0,0.0,2.5,wave,6144,0,0,0.15706380208333334,True
49,11,26,0.0,0.0,2.5,wave,6040,0,0,0.15993377483443708,True
49,11,27,0.0,0.0,2.5,wave,5899,0,0,0.16307848787930157,True
49,11,28,0.0,0.0,2.5,wave,5780,0,0,0.16643598615916955,True
49,11,29,0.0,0.0,2.5,wave,5655,0,0,0.17011494252873563,True
49,11,30,0.0,0.0,2.5,wave,5570,0,0,0.1725314183123878,True
49,11,31,0.0,0.0,2.5,wave,5461,0,0,0.17670756271745103,True
49,11,32,0.0,0.0,2.5,wave,5339,0,0,0.18018355497284136,True
49,11,33,0.0,0.0,2.5,wave,5166,0,0,0.1848625629113434,True
49,11,34,0.0,0.0,2.5,wave,5085,0,0,0.18682399213372664,True
49,11,35,0.0,0.0,2.5,wave,5005,0,0,0.19000999000999,True
49,11,36,0.0,0.0,2.5,wave,4934,0,0,0.19254154843940008,True
49,11,37,0.0,0.0,2.5,wave,4846,0,0,0.19541890218737104,True
49,11,38,0.0,0.0,2.5,wave,4789,0,0,0.19837126748799333,True
49,11,39,0.0,0.0,2.5,wave,4729,0,0,0.20025375343624444,True
49,11,40,0.0,0.0,2.5,wave,4665,0,0,0.2030010718113612,True
49,11,41,0.0,0.0,2.5,wave,4600,0,0,0.205,True
49,11,42,0.0,0.0,2.5,wave,4534,0,0,0.2090868989854433,True
49,11,43,0.0,0.0,2.5,wave,4833,0,0,0.25222429133043656,True
49,11,44,0.0,0.0,2.5,wave,4591,0,0,0.2387279459812677,True
49,11,45,0.0,0.0,2.5,wave,4429,0,0,0.23233235493339355,True
49,11,46,0.0,0.0,2.5,wave,4343,0,0,0.2314068616163942,True
49,11,47,0.0,0.0,2.5,wave,4287,0,0,0.2332633543270352,True
49,11,48,0.0,0.0,2.5,wave,4253,0,0,0.23442276040442042,True
49,11,49,0.0,0.0,2.5,wave,4219,0,0,0.23607489926522873,True
49,11,50,0.0,0.0,2.5,wave,4203,0,0,0.23911491791577444,True
49,11,51,0.0,0.0,2.5,wave,4164,0,0,0.2425552353506244,True
49,11,52,0.0,0.0,2.5,wave,4127,0,0,0.24497213472255877,True
50,1,1,0.0,0.0,2.5,wave,2767,0,0,0.002529815684857246,True
50,1,2,0.0,0.0,2.5,wave,2737,0,0,0.006211180124223602,True
50,1,3,0.0,0.0,2.5,wave,2656,0,0,0.00677710843373494,True
50,1,4,0.0,0.0,2.5,wave,2606,0,0,0.007674597083653108,True
50,1,5,0.0,0.0,2.5,wave,2544,0,0,0.008647798742138365,True
50,1,6,0.0,0.0,2.5,wave,2480,0,0,0.009274193548387096,True
50,1,7,0.0,0.0,2.5,wave,2418,0,0,0.011166253101736972,True
50,1,8,0.0,0.0,2.5,wave,2382,0,0,0.013014273719563391,True
50,1,9,0.0,0.0,2.5,wave,2335,0,0,0.014561027837259101,True
50,1,10,0.0,0.0,2.5,wave,2300,0,0,0.016956521739130436,True
50,1,11,0.0,0.0,2.5,wave,2262,0,0,0.017241379310344827,True
50,1,12,0.0,0.0,2.5,wave,2229,0,0,0.021085688649618663,True
50,1,13,0.0,0.0,2.5,wave,2193,0,0,0.023711810305517556,True
50,1,14,0.0,0.0,2.5,wave,2157,0,0,0.025034770514603615,True
50,1,15,0.0,0.0,2.5,wave,2114,0,0,0.02554399243140965,True
50,1,16,0.0,0.0,2.5,wave,2088,0,0,0.02921455938697318,True
50,1,17,0.0,0.0,2.5,wave,2062,0,0,0.03249272550921436,True
50,1,18,0.0,0.0,2.5,wave,6003,0,0,0.011827419623521573,True
50,1,19,0.0,0.0,2.5,wave,5750,0,0,0.014260869565217391,True
50,1,20,0.0,0.0,2.5,wave,5624,0,0,0.016891891891891893,True
50,1,21,0.0,0.0,2.5,wave,5469,0,0,0.01993051746205888,True
50,1,22,0.0,0.0,2.5,wave,5368,0,0,0.022727272727272728,True
50,1,23,0.0,0.0,2.5,wave,5258,0,0,0.024724229745150247,True
50,1,24,0.0,0.0,2.5,wave,5108,0,0,0.026233359436178542,True
50,1,25,0.0,0.0,2.5,wave,4978,0,0,0.027721976697468863,True
50,1,26,0.0,0.0,2.5,wave,4818,0,0,0.0294728102947281,True
50,1,27,0.0,0.0,2.5,wave,4743,0,0,0.031836390470166565,True
50,1,28,0.0,0.0,2.5,wave,4632,0,0,0.033246977547495685,True
50,1,29,0.0,0.0,2.5,wave,4519,0,0,0.03584863907944236,True
50,1,30,0.0,0.0,2.5,wave,4420,0,0,0.037104072398190045,True
50,1,31,0.0,0.0,2.5,wave,4340,0,0,0.03963133640552995,True
50,1,32,0.0,0.0,2.5,wave,4253,0,0,0.04255819421584764,True
50,1,33,0.0,0.0,2.5,wave,4169,0,0,0.043895418565603264,True
50,1,34,0.0,0.0,2.5,wave,4108,0,0,0.046007789678675755,True
50,1,35,0.0,0.0,2.5,wave,4052,0,0,0.04886475814412636,True
50,1,36,0.0,0.0,2.5,wave,3972,0,0,0.0526183282980866,True
50,1,37,0.0,0.0,2.5,wave,3885,0,0,0.05611325611325611,True
50,1,38,0.0,0.0,2.5,wave,3827,0,0,0.05853148680428534,True
50,1,39,0.0,0.0,2.5,wave,3760,0,0,0.061170212765957445,True
50,1,40,0.0,0.0,2.5,wave,3707,0,0,0.06420285945508497,True
50,1,41,0.0,0.0,2.5,wave,3659,0,0,0.06805138015851325,True
50,1,42,0.0,0.0,2.5,wave,3595,0,0,0.07148817802503477,True
50,1,43,0.0,0.0,2.5,wave,3953,0,0,0.12193270933468252,True
50,1,44,0.0,0.0,2.5,wave,3753,0,0,0.11057820410338395,True
50,1,45,0.0,0.0,2.5,wave,3637,0,0,0.10750618641737696,True
50,1,46,0.0,0.0,2.5,wave,3570,0,0,0.1061624649859944,True
50,1,47,0.0,0.0,2.5,wave,3539,0,0,0.10963549025148348,True
50,1,48,0.0,0.0,2.5,wave,3495,0,0,0.11130185979971388,True
50,1,49,0.0,0.0,2.5,wave,3459,0,0,0.11274934952298352,True
50,1,50,0.0,0.0,2.5,wave,3426,0,0,0.11675423234092236,True
50,1,51,0.0,0.0,2.5,wave,3373,0,0,0.12096056922620813,True
50,1,52,0.0,0.0,2.5,wave,3333,0,0,0.12391239123912391,True
50,2,1,0.0,0.0,2.5,wave,3301,28,7,0.12965767949106333,False
50,2,2,0.0,0.0,2.5,wave,3259,35,14,0.1313286284136238,False
50,2,3,0.0,0.0,2.5,wave,3206,33,12,0.13287585776668745,False
50,2,4,0.0,0.0,2.5,wave,3150,35,13,0.13428571428571429,False
50,2,5,0.0,0.0,2.5,wave,3093,34,10,0.13611380536695764,False
50,2,6,0.0,0.0,2.5,wave,3036,28,10,0.13899868247694336,False
50,2,7,0.0,0.0,2.5,wave,3002,41,11,0.14157228514323783,False
50,2,8,0.0,0.0,2.5,wave,2957,39,9,0.14338856949611092,False
50,2,9,0.0,0.0,2.5,wave,2902,43,15,0.14334941419710545,False
50,2,10,0.0,0.0,2.5,wave,2859,51,21,0.14480587618048268,False
50,2,11,0.0,0.0,2.5,wave,2815,51,22,0.14742451154529307,False
50,2,12,0.0,0.0,2.5,wave,2757,51,22,0.15197678636198766,False
50,2,13,0.0,0.0,2.5,wave,2704,49,21,0.15384615384615385,False
50,2,14,0.0,0.0,2.5,wave,2648,45,15,0.15445619335347432,False
50,2,15,0.0,0.0,2.5,wave,2608,43,19,0.15644171779141106,False
50,2,16,0.0,0.0,2.5,wave,2557,51,19,0.15956198670316776,False
50,2,17,0.0,0.0,2.5,wave,2501,44,12,0.16273490603758498,False
50,2,18,0.0,0.0,2.5,wave,4936,46,18,0.08184764991896272,False
50,2,19,0.0,0.0,2.5,wave,4791,55,24,0.08453350031308704,False
50,2,20,0.0,0.0,2.5,wave,4665,56,22,0.08703108252947481,False
50,2,21,0.0,0.0,2.5,wave,4538,54,22,0.08990744821507272,False
50,2,22,0.0,0.0,2.5,wave,4412,55,17,0.09202175883952855,False
50,2,23,0.0,0.0,2.5,wave,4337,58,19,0.0947659672584736,False
50,2,24,0.0,0.0,2.5,wave,4244,67,27,0.09637134778510839,False
50,2,25,0.0,0.0,2.5,wave,4151,66,27,0.09804866297277764,False
50,2,26,0.0,0.0,2.5,wave,4057,64,24,0.10229233423712103,False
50,2,27,0.0,0.0,2.5,wave,3943,59,23,0.10550342378899315,False
50,2,28,0.0,0.0,2.5,wave,3864,59,27,0.1089544513457557,False
50,2,29,0.0,0.0,2.5,wave,3762,55,20,0.11217437533227007,False
50,2,30,0.0,0.0,2.5,wave,3693,53,21,0.11264554562686163,False
50,2,31,0.0,0.0,2.5,wave,3618,54,22,0.11498065229408513,False
50,2,32,0.0,0.0,2.5,wave,3540,49,18,0.11949152542372882,False
50,2,33,0.0,0.0,2.5,wave,3486,48,20,0.12220309810671257,False
50,2,34,0.0,0.0,2.5,wave,3409,42,18,0.1234966265767087,False
50,2,35,0.0,0.0,2.5,wave,3321,33,16,0.1270701595904848,False
50,2,36,0.0,0.0,2.5,wave,3257,36,15,0.13048817930610992,False
50,2,37,0.0,0.0,2.5,wave,3177,30,14,0.13188542650299023,False
50,2,38,0.0,0.0,2.5,wave,3128,28,11,0.13427109974424553,False
50,2,39,0.0,0.0,2.5,wave,3085,21,15,0.13743922204213938,False
50,2,40,0.0,0.0,2.5,wave,3051,24,14,0.13995411340544084,False
50,2,41,0.0,0.0,2.5,wave,3006,13,5,0.1413838988689288,False
50,2,42,0.0,0.0,2.5,wave,2972,15,7,0.1426648721399731,False
50,2,43,0.0,0.0,2.5,wave,3271,17,8,0.20635891164781411,False
50,2,44,0.0,0.0,2.5,wave,3137,17,8,0.18839655722027415,False
50,2,45,0.0,0.0,2.5,wave,3048,14,6,0.17355643044619423,False
50,2,46,0.0,0.0,2.5,wave,2983,14,4,0.1736506872276232,False
50,2,47,0.0,0.0,2.5,wave,2926,12,3,0.17190704032809295,False
50,2,48,0.0,0.0,2.5,wave,2894,9,2,0.17519004837595023,False
50,2,49,0.0,0.0,2.5,wave,2855,8,5,0.1754816112084063,False
50,2,50,0.0,0.0,2.5,wave,2815,10,5,0.17904085257548846,False
50,2,51,0.0,0.0,2.5,wave,2788,7,2,0.18149210903873744,False
50,2,52,0.0,0.0,2.5,wave,2749,6,4,0.18261185885776646,False
50,3,1,0.0,0.0,2.5,wave,2723,6,3,0.18398824825560045,False
50,3,2,0.0,0.0,2.5,wave,2688,3,1,0.18526785714285715,False
50,3,3,0.0,0.0,2.5,wave,2665,4,2,0.18911819887429643,False
50,3,4,0.0,0.0,2.5,wave,2630,6,1,0.18897338403041825,False
50,3,5,0.0,0.0,2.5,wave,2596,5,1,0.19183359013867488,False
50,3,6,0.0,0.0,2.5,wave,2554,6,2,0.19459671104150353,False
50,3,7,0.0,0.0,2.5,wave,2523,7,2,0.19579865239793895,False
50,3,8,0.0,0.0,2.5,wave,2485,7,1,0.19879275653923542,False
50,3,9,0.0,0.0,2.5,wave,2450,6,3,0.19959183673469388,False
50,3,10,0.0,0.0,2.5,wave,2423,11,5,0.20181593066446554,False
50,3,11,0.0,0.0,2.5,wave,2396,8,4,0.20325542570951585,False
50,3,12,0.0,0.0,2.5,wave,2363,7,3,0.20609394837071518,False
50,3,13,0.0,0.0,2.5,wave,2329,7,2,0.20824388149420353,False
50,3,14,0.0,0.0,2.5,wave,2310,8,2,0.21038961038961038,False
50,3,15,0.0,0.0,2.5,wave,2275,11,6,0.21406593406593408,False
50,3,16,0.0,0.0,2.5,wave,2256,14,6,0.21453900709219859,False
50,3,17,0.0,0.0,2.5,wave,2223,9,2,0.21727395411605938,False
50,3,18,0.0,0.0,2.5,wave,5093,8,4,0.09699587669350089,False
50,3,19,0.0,0.0,2.5,wave,4983,16,3,0.09993979530403371,False
50,3,20,0.0,0.0,2.5,wave,4863,12,5,0.10261155665227226,False
50,3,21,0.0,0.0,2.5,wave,4743,20,8,0.10647269660552393,False
50,3,22,0.0,0.0,2.5,wave,4609,17,4,0.10826643523540898,False
50,3,23,0.0,0.0,2.5,wave,4526,15,6,0.1104728236853734,False
50,3,24,0.0,0.0,2.5,wave,4450,22,8,0.11235955056179775,False
50,3,25,0.0,0.0,2.5,wave,4359,20,8,0.11493461803165864,False
50,3,26,0.0,0.0,2.5,wave,4275,19,7,0.1176608187134503,False
50,3,27,0.0,0.0,2.5,wave,4184,16,7,0.12189292543021032,False
50,3,28,0.0,0.0,2.5,wave,4122,17,6,0.12445414847161572,False
50,3,29,0.0,0.0,2.5,wave,4035,14,3,0.12688971499380422,False
50,3,30,0.0,0.0,2.5,wave,3966,14,5,0.12985375693393847,False
50,3,31,0.0,0.0,2.5,wave,3872,15,4,0.1309400826446281,False
50,3,32,0.0,0.0,2.5,wave,3781,18,8,0.1340915101824914,False
50,3,33,0.0,0.0,2.5,wave,3682,23,8,0.13878326996197718,False
50,3,34,0.0,0.0,2.5,wave,3593,19,8,0.141664347342054,False
50,3,35,0.0,0.0,2.5,wave,3484,20,13,0.1452353616532721,False
50,3,36,0.0,0.0,2.5,wave,3397,19,10,0.14777745069178688,False
50,3,37,0.0,0.0,2.5,wave,3302,16,6,0.15233192004845547,False
50,3,38,0.0,0.0,2.5,wave,3256,16,6,0.1541769041769042,False
50,3,39,0.0,0.0,2.5,wave,3208,17,9,0.1571072319201995,False
50,3,40,0.0,0.0,2.5,wave,3153,20,9,0.15889628924833493,False
50,3,41,0.0,0.0,2.5,wave,3128,16,5,0.16112531969309463,False
50,3,42,0.0,0.0,2.5,wave,3091,17,7,0.16337754771918472,False
50,3,43,0.0,0.0,2.5,wave,3434,14,7,0.23121723937099592,False
50,3,44,0.0,0.0,2.5,wave,3266,11,5,0.21341090018371095,False
50,3,45,0.0,0.0,2.5,wave,3159,8,3,0.19974675530231087,False
50,3,46,0.0,0.0,2.5,wave,3121,7,4,0.20025632809996796,False
50,3,47,0.0,0.0,2.5,wave,3074,5,3,0.20169160702667535,False
50,3,48,0.0,0.0,2.5,wave,3028,2,0,0.20409511228533686,False
50,3,49,0.0,0.0,2.5,wave,2979,2,1,0.20275260154414232,False
50,3,50,0.0,0.0,2.5,wave,2942,6,2,0.20598232494901428,False
50,3,51,0.0,0.0,2.5,wave,2891,5,2,0.20684884123140782,False
50,3,52,0.0,0.0,2.5,wave,2874,4,2,0.20807237299930412,False
50,4,1,0.0,0.0,2.5,wave,2821,3,2,0.20843672456575682,False
50,4,2,0.0,0.0,2.5,wave,2777,1,1,0.2110190853438963,False
50,4,3,0.0,0.0,2.5,wave,2722,2,1,0.2127112417340191,False
50,4,4,0.0,0.0,2.5,wave,2696,1,0,0.21253709198813056,False
50,4,5,0.0,0.0,2.5,wave,2669,1,1,0.21318846009741477,False
50,4,6,0.0,0.0,2.5,wave,2638,2,1,0.21493555724033359,False
50,4,7,0.0,0.0,2.5,wave,2607,0,0,0.21634062140391255,True
50,4,8,0.0,0.0,2.5,wave,2569,0,0,0.2164266251459712,True
50,4,9,0.0,0.0,2.5,wave,2534,0,0,0.22138910812943963,True
50,4,10,0.0,0.0,2.5,wave,2496,0,0,0.2219551282051282,True
50,4,11,0.0,0.0,2.5,wave,2465,0,0,0.2255578093306288,True
50,4,12,0.0,0.0,2.5,wave,2429,0,0,0.22560724578015645,True
50,4,13,0.0,0.0,2.5,wave,2392,0,0,0.22867892976588627,True
50,4,14,0.0,0.0,2.5,wave,2366,0,0,0.23034657650042265,True
50,4,15,0.0,0.0,2.5,wave,2339,0,0,0.23300555793073963,True
50,4,16,0.0,0.0,2.5,wave,2316,0,0,0.23316062176165803,True
50,4,17,0.0,0.0,2.5,wave,2286,0,0,0.23753280839895013,True
50,4,18,0.0,0.0,2.5,wave,5070,0,0,0.10788954635108482,True
50,4,19,0.0,0.0,2.5,wave,4993,0,0,0.11115561786501102,True
50,4,20,0.0,0.0,2.5,wave,4898,0,0,0.1124948958758677,True
50,4,21,0.0,0.0,2.5,wave,4807,0,0,0.11400041605991262,True
50,4,22,0.0,0.0,2.5,wave,4718,0,0,0.11678677405680372,True
50,4,23,0.0,0.0,2.5,wave,4626,0,0,0.12040639861651535,True
50,4,24,0.0,0.0,2.5,wave,4554,0,0,0.12340799297321037,True
50,4,25,0.0,0.0,2.5,wave,4483,0,0,0.12580861030559892,True
50,4,26,0.0,0.0,2.5,wave,4362,0,0,0.12838147638697844,True
50,4,27,0.0,0.0,2.5,wave,4264,0,0,0.13109756097560976,True
50,4,28,0.0,0.0,2.5,wave,4191,0,0,0.13266523502743977,True
50,4,29,0.0,0.0,2.5,wave,4127,0,0,0.13544947904046523,True
50,4,30,0.0,0.0,2.5,wave,4048,0,0,0.1383399209486166,True
50,4,31,0.0,0.0,2.5,wave,3974,0,0,0.14066431806743834,True
50,4,32,0.0,0.0,2.5,wave,3893,0,0,0.14333418957102492,True
50,4,33,0.0,0.0,2.5,wave,3776,0,0,0.14698093220338984,True
50,4,34,0.0,0.0,2.5,wave,3681,0,0,0.1513175767454496,True
50,4,35,0.0,0.0,2.5,wave,3576,0,0,0.154082774049217,True
50,4,36,0.0,0.0,2.5,wave,3506,0,0,0.15658870507701084,True
50,4,37,0.0,0.0,2.5,wave,3451,0,0,0.15821501014198783,True
50,4,38,0.0,0.0,2.5,wave,3399,0,0,0.16122388937922918,True
50,4,39,0.0,0.0,2.5,wave,3359,0,0,0.16314379279547483,True
50,4,40,0.0,0.0,2.5,wave,3313,0,0,0.16540899486869906,True
50,4,41,0.0,0.0,2.5,wave,3281,0,0,0.16793660469369096,True
50,4,42,0.0,0.0,2.5,wave,3240,0,0,0.17037037037037037,True
50,4,43,0.0,0.0,2.5,wave,3633,0,0,0.2317643820533994,True
50,4,44,0.0,0.0,2.5,wave,3474,0,0,0.21531375935521013,True
50,4,45,0.0,0.0,2.5,wave,3365,0,0,0.20772659732540863,True
50,4,46,0.0,0.0,2.5,wave,3300,0,0,0.2018181818181818,True
50,4,47,0.0,0.0,2.5,wave,3240,0,0,0.19691358024691358,True
50,4,48,0.0,0.0,2.5,wave,3208,0,0,0.20074812967581046,True
50,4,49,0.0,0.0,2.5,wave,3167,0,0,0.2011367224502684,True
50,4,50,0.0,0.0,2.5,wave,3128,0,0,0.20396419437340155,True
50,4,51,0.0,0.0,2.5,wave,3087,0,0,0.20764496274700356,True
50,4,52,0.0,0.0,2.5,wave,3065,0,0,0.2097879282218597,True
50,5,1,0.0,0.0,2.5,wave,3028,0,0,0.21268163804491413,True
50,5,2,0.0,0.0,2.5,wave,3003,0,0,0.21678321678321677,True
50,5,3,0.0,0.0,2.5,wave,2989,0,0,0.22214787554366008,True
50,5,4,0.0,0.0,2.5,wave,2971,0,0,0.2271962302255133,True
50,5,5,0.0,0.0,2.5,wave,2942,0,0,0.22977566281441197,True
50,5,6,0.0,0.0,2.5,wave,2931,0,0,0.23336745138178097,True
50,5,7,0.0,0.0,2.5,wave,2894,0,0,0.2398064961990325,True
50,5,8,0.0,0.0,2.5,wave,2864,0,0,0.2409217877094972,True
50,5,9,0.0,0.0,2.5,wave,2843,0,0,0.24234963067182555,True
50,5,10,0.0,0.0,2.5,wave,2812,0,0,0.24644381223328593,True
50,5,11,0.0,0.0,2.5,wave,2781,0,0,0.2509888529306005,True
50,5,12,0.0,0.0,2.5,wave,2757,0,0,0.2546245919477693,True
50,5,13,0.0,0.0,2.5,wave,2725,0,0,0.2543119266055046,True
50,5,14,0.0,0.0,2.5,wave,2696,0,0,0.2577893175074184,True
50,5,15,0.0,0.0,2.5,wave,2664,0,0,0.2586336336336336,True
50,5,16,0.0,0.0,2.5,wave,2638,0,0,0.2608036391205459,True
50,5,17,0.0,0.0,2.5,wave,2600,0,0,0.26153846153846155,True
50,5,18,0.0,0.0,2.5,wave,5721,0,0,0.11938472295053312,True
50,5,19,0.0,0.0,2.5,wave,5625,0,0,0.1232,True
50,5,20,0.0,0.0,2.5,wave,5523,0,0,0.12456998008328807,True
50,5,21,0.0,0.0,2.5,wave,5410,0,0,0.12809611829944548,True
50,5,22,0.0,0.0,2.5,wave,5323,0,0,0.1307533345857599,True
50,5,23,0.0,0.0,2.5,wave,5206,0,0,0.13273146369573569,True
50,5,24,0.0,0.0,2.5,wave,5095,0,0,0.1364082433758587,True
50,5,25,0.0,0.0,2.5,wave,4989,0,0,0.13770294648226097,True
50,5,26,0.0,0.0,2.5,wave,4902,0,0,0.1401468788249694,True
50,5,27,0.0,0.0,2.5,wave,4771,0,0,0.14252777195556487,True
50,5,28,0.0,0.0,2.5,wave,4628,0,0,0.14714779602420053,True
50,5,29,0.0,0.0,2.5,wave,4516,0,0,0.1488042515500443,True
50,5,30,0.0,0.0,2.5,wave,4438,0,0,0.15254619197836863,True
50,5,31,0.0,0.0,2.5,wave,4351,0,0,0.15628591128476213,True
50,5,32,0.0,0.0,2.5,wave,4252,0,0,0.15827845719661335,True
50,5,33,0.0,0.0,2.5,wave,4137,0,0,0.16195310611554267,True
50,5,34,0.0,0.0,2.5,wave,4040,0,0,0.1655940594059406,True
50,5,35,0.0,0.0,2.5,wave,3947,0,0,0.16873574866987587,True
50,5,36,0.0,0.0,2.5,wave,3864,0,0,0.17287784679089027,True
50,5,37,0.0,0.0,2.5,wave,3796,0,0,0.17413066385669126,True
50,5,38,0.0,0.0,2.5,wave,3737,0,0,0.17607706716617608,True
50,5,39,0.0,0.0,2.5,wave,3695,0,0,0.17889039242219215,True
50,5,40,0.0,0.0,2.5,wave,3649,0,0,0.18169361468895587,True
50,5,41,0.0,0.0,2.5,wave,3584,0,0,0.18387276785714285,True
50,5,42,0.0,0.0,2.5,wave,3549,0,0,0.18653141730064807,True
50,5,43,0.0,0.0,2.5,wave,3962,0,0,0.24659262998485612,True
50,5,44,0.0,0.0,2.5,wave,3747,0,0,0.22658126501200962,True
50,5,45,0.0,0.0,2.5,wave,3621,0,0,0.21927644297155482,True
50,5,46,0.0,0.0,2.5,wave,3541,0,0,0.21745269697825473,True
50,5,47,0.0,0.0,2.5,wave,3491,0,0,0.21397880263534805,True
50,5,48,0.0,0.0,2.5,wave,3448,0,0,0.2122969837587007,True
50,5,49,0.0,0.0,2.5,wave,3411,0,0,0.21313397830548225,True
50,5,50,0.0,0.0,2.5,wave,3372,0,0,0.21915776986951363,True
50,5,51,0.0,0.0,2.5,wave,3332,0,0,0.2187875150060024,True
50,5,52,0.0,0.0,2.5,wave,3315,0,0,0.22111613876319758,True
50,6,1,0.0,0.0,2.5,wave,3284,0,0,0.22289890377588306,True
50,6,2,0.0,0.0,2.5,wave,3256,0,0,0.2278869778869779,True
50,6,3,0.0,0.0,2.5,wave,3228,0,0,0.23048327137546468,True
50,6,4,0.0,0.0,2.5,wave,3207,0,0,0.23199251637043966,True
50,6,5,0.0,0.0,2.5,wave,3147,0,0,0.23609787098824278,True
50,6,6,0.0,0.0,2.5,wave,3121,0,0,0.2367830823454021,True
50,6,7,0.0,0.0,2.5,wave,3074,0,0,0.23877683799609628,True
50,6,8,0.0,0.0,2.5,wave,3036,0,0,0.24209486166007904,True
50,6,9,0.0,0.0,2.5,wave,3007,0,0,0.24642500831393416,True
50,6,10,0.0,0.0,2.5,wave,2984,0,0,0.24932975871313673,True
50,6,11,0.0,0.0,2.5,wave,2961,0,0,0.2519419115163796,True
50,6,12,0.0,0.0,2.5,wave,2927,0,0,0.253501879057055,True
50,6,13,0.0,0.0,2.5,wave,2900,0,0,0.25551724137931037,True
50,6,14,0.0,0.0,2.5,wave,2866,0,0,0.2575017445917655,True
50,6,15,0.0,0.0,2.5,wave,2835,0,0,0.2634920634920635,True
50,6,16,0.0,0.0,2.5,wave,2811,0,0,0.2646744930629669,True
50,6,17,0.0,0.0,2.5,wave,2789,0,0,0.2681964861957691,True
50,6,18,0.0,0.0,2.5,wave,6250,0,0,0.12176,True
50,6,19,0.0,0.0,2.5,wave,6124,0,0,0.124101894186806,True
50,6,20,0.0,0.0,2.5,wave,5995,0,0,0.1262718932443703,True
50,6,21,0.0,0.0,2.5,wave,5890,0,0,0.12852292020373515,True
50,6,22,0.0,0.0,2.5,wave,5770,0,0,0.13102253032928943,True
50,6,23,0.0,0.0,2.5,wave,5635,0,0,0.1346938775510204,True
50,6,24,0.0,0.0,2.5,wave,5534,0,0,0.13823635706541382,True
50,6,25,0.0,0.0,2.5,wave,5427,0,0,0.14077759351391192,True
50,6,26,0.0,0.0,2.5,wave,5300,0,0,0.1439622641509434,True
50,6,27,0.0,0.0,2.5,wave,5189,0,0,0.14704181923299287,True
50,6,28,0.0,0.0,2.5,wave,5069,0,0,0.15012823042020124,True
50,6,29,0.0,0.0,2.5,wave,4950,0,0,0.15292929292929294,True
50,6,30,0.0,0.0,2.5,wave,4854,0,0,0.1557478368355995,True
50,6,31,0.0,0.0,2.5,wave,4773,0,0,0.15776241357636706,True
50,6,32,0.0,0.0,2.5,wave,4645,0,0,0.16103336921420883,True
50,6,33,0.0,0.0,2.5,wave,4536,0,0,0.164021164021164,True
50,6,34,0.0,0.0,2.5,wave,4446,0,0,0.16689158794421952,True
50,6,35,0.0,0.0,2.5,wave,4367,0,0,0.16876574307304787,True
50,6,36,0.0,0.0,2.5,wave,4291,0,0,0.17152178979258914,True
50,6,37,0.0,0.0,2.5,wave,4221,0,0,0.17318171049514333,True
50,6,38,0.0,0.0,2.5,wave,4160,0,0,0.17451923076923076,True
50,6,39,0.0,0.0,2.5,wave,4104,0,0,0.17690058479532164,True
50,6,40,0.0,0.0,2.5,wave,4052,0,0,0.17966436327739388,True
50,6,41,0.0,0.0,2.5,wave,4006,0,0,0.18122815776335496,True
50,6,42,0.0,0.0,2.5,wave,3964,0,0,0.18264379414732593,True
50,6,43,0.0,0.0,2.5,wave,4306,0,0,0.23362749651648862,True
50,6,44,0.0,0.0,2.5,wave,4079,0,0,0.21598430987987252,True
50,6,45,0.0,0.0,2.5,wave,3935,0,0,0.2043202033036849,True
50,6,46,0.0,0.0,2.5,wave,3848,0,0,0.20296257796257797,True
50,6,47,0.0,0.0,2.5,wave,3803,0,0,0.20641598737838548,True
50,6,48,0.0,0.0,2.5,wave,3757,0,0,0.20841096619643332,True
50,6,49,0.0,0.0,2.5,wave,3717,0,0,0.2111918213613129,True
50,6,50,0.0,0.0,2.5,wave,3686,0,0,0.213781877373847,True
50,6,51,0.0,0.0,2.5,wave,3667,0,0,0.21761658031088082,True
50,6,52,0.0,0.0,2.5,wave,3617,0,0,0.2197954105612386,True
50,7,1,0.0,0.0,2.5,wave,3578,0,0,0.22247065399664617,True
50,7,2,0.0,0.0,2.5,wave,3544,0,0,0.22714446952595937,True
50,7,3,0.0,0.0,2.5,wave,3499,0,0,0.2303515290082881,True
50,7,4,0.0,0.0,2.5,wave,3475,0,0,0.2333812949640288,True
50,7,5,0.0,0.0,2.5,wave,3437,0,0,0.2359615944137329,True
50,7,6,0.0,0.0,2.5,wave,3409,0,0,0.24053974772660605,True
50,7,7,0.0,0.0,2.5,wave,3372,0,0,0.24139976275207592,True
50,7,8,0.0,0.0,2.5,wave,3332,0,0,0.24279711884753902,True
50,7,9,0.0,0.0,2.5,wave,3291,0,0,0.24551807961106048,True
50,7,10,0.0,0.0,2.5,wave,3257,0,0,0.24685293214614676,True
50,7,11,0.0,0.0,2.5,wave,3220,0,0,0.24906832298136647,True
50,7,12,0.0,0.0,2.5,wave,3179,0,0,0.24944951242529098,True
50,7,13,0.0,0.0,2.5,wave,3135,0,0,0.2500797448165869,True
50,7,14,0.0,0.0,2.5,wave,3100,0,0,0.2532258064516129,True
50,7,15,0.0,0.0,2.5,wave,3062,0,0,0.25440888308295234,True
50,7,16,0.0,0.0,2.5,wave,3024,0,0,0.2562830687830688,True
50,7,17,0.0,0.0,2.5,wave,2990,0,0,0.257190635451505,True
50,7,18,0.0,0.0,2.5,wave,6684,0,0,0.11669658886894076,True
50,7,19,0.0,0.0,2.5,wave,6589,0,0,0.12080740628319928,True
50,7,20,0.0,0.0,2.5,wave,6460,0,0,0.12461300309597523,True
50,7,21,0.0,0.0,2.5,wave,6320,0,0,0.12848101265822784,True
50,7,22,0.0,0.0,2.5,wave,6189,0,0,0.1303926320891905,True
50,7,23,0.0,0.0,2.5,wave,6054,0,0,0.13313511727783284,True
50,7,24,0.0,0.0,2.5,wave,5945,0,0,0.13658536585365855,True
50,7,25,0.0,0.0,2.5,wave,5828,0,0,0.1386410432395333,True
50,7,26,0.0,0.0,2.5,wave,5686,0,0,0.14175167077031306,True
50,7,27,0.0,0.0,2.5,wave,5515,0,0,0.1468721668177697,True
50,7,28,0.0,0.0,2.5,wave,5406,0,0,0.15057343692193859,True
50,7,29,0.0,0.0,2.5,wave,5321,0,0,0.1537305017853787,True
50,7,30,0.0,0.0,2.5,wave,5170,0,0,0.15667311411992263,True
50,7,31,0.0,0.0,2.5,wave,5031,0,0,0.16100178890876565,True
50,7,32,0.0,0.0,2.5,wave,4931,0,0,0.16487527884810382,True
50,7,33,0.0,0.0,2.5,wave,4834,0,0,0.16632188663632602,True
50,7,34,0.0,0.0,2.5,wave,4705,0,0,0.16790648246546228,True
50,7,35,0.0,0.0,2.5,wave,4613,0,0,0.1710383698244093,True
50,7,36,0.0,0.0,2.5,wave,4547,0,0,0.17484055421156808,True
50,7,37,0.0,0.0,2.5,wave,4477,0,0,0.17779763234308688,True
50,7,38,0.0,0.0,2.5,wave,4421,0,0,0.18095453517303778,True
50,7,39,0.0,0.0,2.5,wave,4350,0,0,0.18298850574712644,True
50,7,40,0.0,0.0,2.5,wave,4300,0,0,0.18604651162790697,True
50,7,41,0.0,0.0,2.5,wave,4252,0,0,0.18932267168391345,True
50,7,42,0.0,0.0,2.5,wave,4211,0,0,0.19140346710995013,True
50,7,43,0.0,0.0,2.5,wave,4671,0,0,0.25305073859987154,True
50,7,44,0.0,0.0,2.5,wave,4382,0,0,0.23026015518028298,True
50,7,45,0.0,0.0,2.5,wave,4186,0,0,0.21786908743430483,True
50,7,46,0.0,0.0,2.5,wave,4090,0,0,0.2119804400977995,True
50,7,47,0.0,0.0,2.5,wave,4013,0,0,0.21604784450535758,True
50,7,48,0.0,0.0,2.5,wave,3926,0,0,0.2131940906775344,True
50,7,49,0.0,0.0,2.5,wave,3877,0,0,0.21614650502966212,True
50,7,50,0.0,0.0,2.5,wave,3830,0,0,0.2193211488250653,True
50,7,51,0.0,0.0,2.5,wave,3795,0,0,0.21976284584980238,True
50,7,52,0.0,0.0,2.5,wave,3753,0,0,0.2235544897415401,True
50,8,1,0.0,0.0,2.5,wave,3713,0,0,0.2238082413143011,True
50,8,2,0.0,0.0,2.5,wave,3682,0,0,0.22705051602390006,True
50,8,3,0.0,0.0,2.5,wave,3661,0,0,0.22862605845397432,True
50,8,4,0.0,0.0,2.5,wave,3618,0,0,0.22996130458817027,True
50,8,5,0.0,0.0,2.5,wave,3577,0,0,0.2317584568073805,True
50,8,6,0.0,0.0,2.5,wave,3539,0,0,0.23481209381181126,True
50,8,7,0.0,0.0,2.5,wave,3498,0,0,0.23727844482561464,True
50,8,8,0.0,0.0,2.5,wave,3452,0,0,0.23928157589803012,True
50,8,9,0.0,0.0,2.5,wave,3413,0,0,0.24289481394667448,True
50,8,10,0.0,0.0,2.5,wave,3380,0,0,0.24585798816568047,True
50,8,11,0.0,0.0,2.5,wave,3351,0,0,0.2473888391524918,True
50,8,12,0.0,0.0,2.5,wave,3311,0,0,0.2512836001208094,True
50,8,13,0.0,0.0,2.5,wave,3275,0,0,0.2546564885496183,True
50,8,14,0.0,0.0,2.5,wave,3243,0,0,0.25624421831637373,True
50,8,15,0.0,0.0,2.5,wave,3206,0,0,0.2576419213973799,True
50,8,16,0.0,0.0,2.5,wave,3174,0,0,0.2580340264650284,True
50,8,17,0.0,0.0,2.5,wave,3148,0,0,0.2604828462515883,True
50,8,18,0.0,0.0,2.5,wave,6998,0,0,0.11760503000857388,True
50,8,19,0.0,0.0,2.5,wave,6881,0,0,0.1204766749019038,True
50,8,20,0.0,0.0,2.5,wave,6756,0,0,0.1238898756660746,True
50,8,21,0.0,0.0,2.5,wave,6623,0,0,0.12637777442246717,True
50,8,22,0.0,0.0,2.5,wave,6497,0,0,0.1292904417423426,True
50,8,23,0.0,0.0,2.5,wave,6361,0,0,0.13221191636535137,True
50,8,24,0.0,0.0,2.5,wave,6271,0,0,0.13570403444426726,True
50,8,25,0.0,0.0,2.5,wave,6165,0,0,0.13965936739659368,True
50,8,26,0.0,0.0,2.5,wave,6059,0,0,0.1421026572041591,True
50,8,27,0.0,0.0,2.5,wave,5944,0,0,0.1461978465679677,True
50,8,28,0.0,0.0,2.5,wave,5840,0,0,0.15017123287671233,True
50,8,29,0.0,0.0,2.5,wave,5718,0,0,0.15197621545995102,True
50,8,30,0.0,0.0,2.5,wave,5594,0,0,0.15623882731498034,True
50,8,31,0.0,0.0,2.5,wave,5481,0,0,0.1592775041050903,True
50,8,32,0.0,0.0,2.5,wave,5390,0,0,0.16252319109461966,True
50,8,33,0.0,0.0,2.5,wave,5267,0,0,0.16574900322764383,True
50,8,34,0.0,0.0,2.5,wave,5174,0,0,0.16872825666795516,True
50,8,35,0.0,0.0,2.5,wave,5084,0,0,0.17230527143981117,True
50,8,36,0.0,0.0,2.5,wave,4990,0,0,0.174749498997996,True
50,8,37,0.0,0.0,2.5,wave,4878,0,0,0.17855678556785567,True
50,8,38,0.0,0.0,2.5,wave,4824,0,0,0.18159203980099503,True
50,8,39,0.0,0.0,2.5,wave,4750,0,0,0.18505263157894736,True
50,8,40,0.0,0.0,2.5,wave,4692,0,0,0.18776641091219096,True
50,8,41,0.0,0.0,2.5,wave,4636,0,0,0.1898188093183779,True
50,8,42,0.0,0.0,2.5,wave,4581,0,0,0.19187950229207595,True
50,8,43,0.0,0.0,2.5,wave,5021,0,0,0.24815773750248954,True
50,8,44,0.0,0.0,2.5,wave,4739,0,0,0.22874024055707956,True
50,8,45,0.0,0.0,2.5,wave,4563,0,0,0.21674337058952445,True
50,8,46,0.0,0.0,2.5,wave,4465,0,0,0.2141097424412094,True
50,8,47,0.0,0.0,2.5,wave,4385,0,0,0.21733181299885976,True
50,8,48,0.0,0.0,2.5,wave,4323,0,0,0.22091140411751098,True
50,8,49,0.0,0.0,2.5,wave,4245,0,0,0.2209658421672556,True
50,8,50,0.0,0.0,2.5,wave,4198,0,0,0.22153406383992377,True
50,8,51,0.0,0.0,2.5,wave,4142,0,0,0.22477064220183487,True
50,8,52,0.0,0.0,2.5,wave,4087,0,0,0.2246146317592366,True
50,9,1,0.0,0.0,2.5,wave,4030,0,0,0.22655086848635236,True
50,9,2,0.0,0.0,2.5,wave,3996,0,0,0.22897897897897898,True
50,9,3,0.0,0.0,2.5,wave,3949,0,0,0.2309445429222588,True
50,9,4,0.0,0.0,2.5,wave,3911,0,0,0.2357453336742521,True
50,9,5,0.0,0.0,2.5,wave,3861,0,0,0.238021238021238,True
50,9,6,0.0,0.0,2.5,wave,3832,0,0,0.24112734864300625,True
50,9,7,0.0,0.0,2.5,wave,3783,0,0,0.2445149352365847,True
50,9,8,0.0,0.0,2.5,wave,3751,0,0,0.24660090642495336,True
50,9,9,0.0,0.0,2.5,wave,3716,0,0,0.24784714747039827,True
50,9,10,0.0,0.0,2.5,wave,3665,0,0,0.2512960436562074,True
50,9,11,0.0,0.0,2.5,wave,3632,0,0,0.25302863436123346,True
50,9,12,0.0,0.0,2.5,wave,3596,0,0,0.25417130144605116,True
50,9,13,0.0,0.0,2.5,wave,3539,0,0,0.25572195535461995,True
50,9,14,0.0,0.0,2.5,wave,3504,0,0,0.2562785388127854,True
50,9,15,0.0,0.0,2.5,wave,3451,0,0,0.2590553462764416,True
50,9,16,0.0,0.0,2.5,wave,3416,0,0,0.2611241217798595,True
50,9,17,0.0,0.0,2.5,wave,3371,0,0,0.2622367250074162,True
50,9,18,0.0,0.0,2.5,wave,7119,0,0,0.11504424778761062,True
50,9,19,0.0,0.0,2.5,wave,7012,0,0,0.11722760981175129,True
50,9,20,0.0,0.0,2.5,wave,6850,0,0,0.12072992700729927,True
50,9,21,0.0,0.0,2.5,wave,6709,0,0,0.12356535996422716,True
50,9,22,0.0,0.0,2.5,wave,6601,0,0,0.12755643084381155,True
50,9,23,0.0,0.0,2.5,wave,6487,0,0,0.13056882996762756,True
50,9,24,0.0,0.0,2.5,wave,6368,0,0,0.13332286432160803,True
50,9,25,0.0,0.0,2.5,wave,6261,0,0,0.1363999361124421,True
50,9,26,0.0,0.0,2.5,wave,6131,0,0,0.13798727776871636,True
50,9,27,0.0,0.0,2.5,wave,5959,0,0,0.14180231582480282,True
50,9,28,0.0,0.0,2.5,wave,5857,0,0,0.14375960389277787,True
50,9,29,0.0,0.0,2.5,wave,5710,0,0,0.14658493870402803,True
50,9,30,0.0,0.0,2.5,wave,5619,0,0,0.15002669514148426,True
50,9,31,0.0,0.0,2.5,wave,5502,0,0,0.1524900036350418,True
50,9,32,0.0,0.0,2.5,wave,5404,0,0,0.1567357512953368,True
50,9,33,0.0,0.0,2.5,wave,5314,0,0,0.1592021076401957,True
50,9,34,0.0,0.0,2.5,wave,5221,0,0,0.16088871863627657,True
50,9,35,0.0,0.0,2.5,wave,5114,0,0,0.16542823621431366,True
50,9,36,0.0,0.0,2.5,wave,5031,0,0,0.17054263565891473,True
50,9,37,0.0,0.0,2.5,wave,4953,0,0,0.17343024429638604,True
50,9,38,0.0,0.0,2.5,wave,4907,0,0,0.17587120440187487,True
50,9,39,0.0,0.0,2.5,wave,4843,0,0,0.1786083006400991,True
50,9,40,0.0,0.0,2.5,wave,4785,0,0,0.18035527690700104,True
50,9,41,0.0,0.0,2.5,wave,4732,0,0,0.18322062552831783,True
50,9,42,0.0,0.0,2.5,wave,4669,0,0,0.18547868922681515,True
50,9,43,0.0,0.0,2.5,wave,5264,0,0,0.2463905775075988,True
50,9,44,0.0,0.0,2.5,wave,4958,0,0,0.22509076240419523,True
50,9,45,0.0,0.0,2.5,wave,4752,0,0,0.2156986531986532,True
50,9,46,0.0,0.0,2.5,wave,4636,0,0,0.21246764452113892,True
50,9,47,0.0,0.0,2.5,wave,4535,0,0,0.21146637265711135,True
50,9,48,0.0,0.0,2.5,wave,4460,0,0,0.2141255605381166,True
50,9,49,0.0,0.0,2.5,wave,4399,0,0,0.21550352352807456,True
50,9,50,0.0,0.0,2.5,wave,4347,0,0,0.21440073613986657,True
50,9,51,0.0,0.0,2.5,wave,4314,0,0,0.21835883171070933,True
50,9,52,0.0,0.0,2.5,wave,4262,0,0,0.21914594087282965,True
50,10,1,0.0,0.0,2.5,wave,4222,0,0,0.22193273330175273,True
50,10,2,0.0,0.0,2.5,wave,4184,0,0,0.22394837476099427,True
50,10,3,0.0,0.0,2.5,wave,4131,0,0,0.22561123214717985,True
50,10,4,0.0,0.0,2.5,wave,4086,0,0,0.22687224669603523,True
50,10,5,0.0,0.0,2.5,wave,4070,0,0,0.23243243243243245,True
50,10,6,0.0,0.0,2.5,wave,4032,0,0,0.23660714285714285,True
50,10,7,0.0,0.0,2.5,wave,3998,0,0,0.23911955977988994,True
50,10,8,0.0,0.0,2.5,wave,3968,0,0,0.2399193548387097,True
50,10,9,0.0,0.0,2.5,wave,3932,0,0,0.2446592065106816,True
50,10,10,0.0,0.0,2.5,wave,3892,0,0,0.24665981500513876,True
50,10,11,0.0,0.0,2.5,wave,3848,0,0,0.2512993762993763,True
50,10,12,0.0,0.0,2.5,wave,3802,0,0,0.25460284061020516,True
50,10,13,0.0,0.0,2.5,wave,3761,0,0,0.258707790481255,True
50,10,14,0.0,0.0,2.5,wave,3726,0,0,0.26060118089103596,True
50,10,15,0.0,0.0,2.5,wave,3698,0,0,0.2614926987560844,True
50,10,16,0.0,0.0,2.5,wave,3655,0,0,0.2634746922024624,True
50,10,17,0.0,0.0,2.5,wave,3604,0,0,0.2672031076581576,True
50,10,18,0.0,0.0,2.5,wave,7897,0,0,0.11713308851462581,True
50,10,19,0.0,0.0,2.5,wave,7770,0,0,0.11969111969111969,True
50,10,20,0.0,0.0,2.5,wave,7587,0,0,0.12336892052194544,True
50,10,21,0.0,0.0,2.5,wave,7434,0,0,0.12644605864944847,True
50,10,22,0.0,0.0,2.5,wave,7271,0,0,0.12996836748727822,True
50,10,23,0.0,0.0,2.5,wave,7137,0,0,0.1319882303488861,True
50,10,24,0.0,0.0,2.5,wave,7005,0,0,0.1349036402569593,True
50,10,25,0.0,0.0,2.5,wave,6904,0,0,0.13716685979142526,True
50,10,26,0.0,0.0,2.5,wave,6739,0,0,0.13933818073898205,True
50,10,27,0.0,0.0,2.5,wave,6572,0,0,0.14211807668898357,True
50,10,28,0.0,0.0,2.5,wave,6442,0,0,0.14560695436199939,True
50,10,29,0.0,0.0,2.5,wave,6343,0,0,0.14803720636922593,True
50,10,30,0.0,0.0,2.5,wave,6226,0,0,0.1511403790555734,True
50,10,31,0.0,0.0,2.5,wave,6127,0,0,0.1539089276970785,True
50,10,32,0.0,0.0,2.5,wave,6027,0,0,0.1566285050605608,True
50,10,33,0.0,0.0,2.5,wave,5924,0,0,0.16036461850101283,True
50,10,34,0.0,0.0,2.5,wave,5804,0,0,0.1635079255685734,True
50,10,35,0.0,0.0,2.5,wave,5654,0,0,0.16855323664662186,True
50,10,36,0.0,0.0,2.5,wave,5562,0,0,0.17116145271485078,True
50,10,37,0.0,0.0,2.5,wave,5441,0,0,0.17386509832751332,True
50,10,38,0.0,0.0,2.5,wave,5372,0,0,0.1755398361876396,True
50,10,39,0.0,0.0,2.5,wave,5311,0,0,0.17755601581623046,True
50,10,40,0.0,0.0,2.5,wave,5242,0,0,0.18065623807706982,True
50,10,41,0.0,0.0,2.5,wave,5163,0,0,0.18283943443734263,True
50,10,42,0.0,0.0,2.5,wave,5101,0,0,0.1866300725347971,True
50,10,43,0.0,0.0,2.5,wave,5640,0,0,0.24397163120567375,True
50,10,44,0.0,0.0,2.5,wave,5299,0,0,0.22155123608227967,True
50,10,45,0.0,0.0,2.5,wave,5112,0,0,0.212245696400626,True
50,10,46,0.0,0.0,2.5,wave,4973,0,0,0.20752061130102553,True
50,10,47,0.0,0.0,2.5,wave,4872,0,0,0.20587027914614123,True
50,10,48,0.0,0.0,2.5,wave,4771,0,0,0.20666526933556906,True
50,10,49,0.0,0.0,2.5,wave,4704,0,0,0.20684523809523808,True
50,10,50,0.0,0.0,2.5,wave,4658,0,0,0.20867325032202663,True
50,10,51,0.0,0.0,2.5,wave,4583,0,0,0.21230634955269473,True
50,10,52,0.0,0.0,2.5,wave,4536,0,0,0.2138447971781305,True
50,11,1,0.0,0.0,2.5,wave,4485,0,0,0.21761426978818282,True
50,11,2,0.0,0.0,2.5,wave,4454,0,0,0.22114952851369554,True
50,11,3,0.0,0.0,2.5,wave,4389,0,0,0.22488038277511962,True
50,11,4,0.0,0.0,2.5,wave,4357,0,0,0.22836814321781043,True
50,11,5,0.0,0.0,2.5,wave,4318,0,0,0.2329782306623437,True
50,11,6,0.0,0.0,2.5,wave,4281,0,0,0.233590282644242,True
50,11,7,0.0,0.0,2.5,wave,4235,0,0,0.2384887839433294,True
50,11,8,0.0,0.0,2.5,wave,4202,0,0,0.24012375059495478,True
50,11,9,0.0,0.0,2.5,wave,4164,0,0,0.24279538904899137,True
50,11,10,0.0,0.0,2.5,wave,4133,0,0,0.2472780062908299,True
50,11,11,0.0,0.0,2.5,wave,4099,0,0,0.24835325689192486,True
50,11,12,0.0,0.0,2.5,wave,4055,0,0,0.25228113440197286,True
50,11,13,0.0,0.0,2.5,wave,4009,0,0,0.2536792217510601,True
50,11,14,0.0,0.0,2.5,wave,3968,0,0,0.2532762096774194,True
50,11,15,0.0,0.0,2.5,wave,3920,0,0,0.2566326530612245,True
50,11,16,0.0,0.0,2.5,wave,3892,0,0,0.2589928057553957,True
50,11,17,0.0,0.0,2.5,wave,3849,0,0,0.2629254351779683,True
50,11,18,0.0,0.0,2.5,wave,8290,0,0,0.1158021712907117,True
50,11,19,0.0,0.0,2.5,wave,8148,0,0,0.11831124202258222,True
50,11,20,0.0,0.0,2.5,wave,7944,0,0,0.12172708962739175,True
50,11,21,0.0,0.0,2.5,wave,7776,0,0,0.12525720164609053,True
50,11,22,0.0,0.0,2.5,wave,7647,0,0,0.12710867006669282,True
50,11,23,0.0,0.0,2.5,wave,7529,0,0,0.12976490901846194,True
50,11,24,0.0,0.0,2.5,wave,7384,0,0,0.13217768147345613,True
50,11,25,0.0,0.0,2.5,wave,7248,0,0,0.13493377483443708,True
50,11,26,0.0,0.0,2.5,wave,7127,0,0,0.1383471306299986,True
50,11,27,0.0,0.0,2.5,wave,6947,0,0,0.14078019288901683,True
50,11,28,0.0,0.0,2.5,wave,6789,0,0,0.14346737369273826,True
50,11,29,0.0,0.0,2.5,wave,6626,0,0,0.14654391789918503,True
50,11,30,0.0,0.0,2.5,wave,6512,0,0,0.14864864864864866,True
50,11,31,0.0,0.0,2.5,wave,6361,0,0,0.15091966671906934,True
50,11,32,0.0,0.0,2.5,wave,6221,0,0,0.15447677222311526,True
50,11,33,0.0,0.0,2.5,wave,6115,0,0,0.1561733442354865,True
50,11,34,0.0,0.0,2.5,wave,5998,0,0,0.15905301767255753,True
50,11,35,0.0,0.0,2.5,wave,5900,0,0,0.1616949152542373,True
50,11,36,0.0,0.0,2.5,wave,5793,0,0,0.16519937856033143,True
50,11,37,0.0,0.0,2.5,wave,5684,0,0,0.1683673469387755,True
50,11,38,0.0,0.0,2.5,wave,5609,0,0,0.1704403637011945,True
50,11,39,0.0,0.0,2.5,wave,5542,0,0,0.17232046192710213,True
50,11,40,0.0,0.0,2.5,wave,5478,0,0,0.17506389193136182,True
50,11,41,0.0,0.0,2.5,wave,5422,0,0,0.17742530431575065,True
50,11,42,0.0,0.0,2.5,wave,5347,0,0,0.17991397045072002,True
50,11,43,0.0,0.0,2.5,wave,6035,0,0,0.24407622203811102,True
50,11,44,0.0,0.0,2.5,wave,5677,0,0,0.22511890082790206,True
50,11,45,0.0,0.0,2.5,wave,5476,0,0,0.21420745069393718,True
50,11,46,0.0,0.0,2.5,wave,5333,0,0,0.21038814925932872,True
50,11,47,0.0,0.0,2.5,wave,5246,0,0,0.20911170415554708,True
50,11,48,0.0,0.0,2.5,wave,5149,0,0,0.21013789085259274,True
50,11,49,0.0,0.0,2.5,wave,5061,0,0,0.21063031021537246,True
50,11,50,0.0,0.0,2.5,wave,4980,0,0,0.21164658634538153,True
50,11,51,0.0,0.0,2.5,wave,4927,0,0,0.21392327988634058,True
50,11,52,0.0,0.0,2.5,wave,4881,0,0,0.21491497643925425,True
