rep,year,week,sero,disease,rate,type,total_pop,n_infected,n_symptomatic,actual_sero,elim
50,1,1,0.3,0.03,1.0,propagule,2764,0,0,0.2995658465991317,True
50,1,2,0.3,0.03,1.0,propagule,2728,0,0,0.2972873900293255,True
50,1,3,0.3,0.03,1.0,propagule,2666,0,0,0.2978244561140285,True
50,1,4,0.3,0.03,1.0,propagule,2648,0,0,0.2990936555891239,True
50,1,5,0.3,0.03,1.0,propagule,2619,0,0,0.3020236731576938,True
50,1,6,0.3,0.03,1.0,propagule,2605,0,0,0.3005758157389635,True
50,1,7,0.3,0.03,1.0,propagule,2600,0,0,0.3057692307692308,True
50,1,8,0.3,0.03,1.0,propagule,2571,0,0,0.3061065733177752,True
50,1,9,0.3,0.03,1.0,propagule,2567,0,0,0.3077522399688352,True
50,1,10,0.3,0.03,1.0,propagule,2552,0,0,0.30956112852664575,True
50,1,11,0.3,0.03,1.0,propagule,2546,0,0,0.3118617439120189,True
50,1,12,0.3,0.03,1.0,propagule,2526,0,0,0.31235154394299286,True
50,1,13,0.3,0.03,1.0,propagule,2509,0,0,0.3132722200079713,True
50,1,14,0.3,0.03,1.0,propagule,2497,0,0,0.3143772527032439,True
50,1,15,0.3,0.03,1.0,propagule,2490,0,0,0.3176706827309237,True
50,1,16,0.3,0.03,1.0,propagule,2480,0,0,0.3185483870967742,True
50,1,17,0.3,0.03,1.0,propagule,2469,0,0,0.319967598217902,True
50,1,18,0.3,0.03,1.0,propagule,7231,0,0,0.10980500622320565,True
50,1,19,0.3,0.03,1.0,propagule,7174,0,0,0.11137440758293839,True
50,1,20,0.3,0.03,1.0,propagule,7032,0,0,0.11575654152445962,True
50,1,21,0.3,0.03,1.0,propagule,6922,0,0,0.11846287200231147,True
50,1,22,0.3,0.03,1.0,propagule,6804,0,0,0.12007642563198119,True
50,1,23,0.3,0.03,1.0,propagule,6706,0,0,0.12198031613480466,True
50,1,24,0.3,0.03,1.0,propagule,6578,0,0,0.1260261477652782,True
50,1,25,0.3,0.03,1.0,propagule,6462,0,0,0.12999071494893222,True
50,1,26,0.3,0.03,1.0,propagule,6363,0,0,0.13232751846613233,True
50,1,27,0.3,0.03,1.0,propagule,6250,0,0,0.1352,True
50,1,28,0.3,0.03,1.0,propagule,6129,0,0,0.1388480992005221,True
50,1,29,0.3,0.03,1.0,propagule,6032,0,0,0.14257294429708223,True
50,1,30,0.3,0.03,1.0,propagule,5923,0,0,0.14604085767347627,True
50,1,31,0.3,0.03,1.0,propagule,5808,0,0,0.14824380165289255,True
50,1,32,0.3,0.03,1.0,propagule,5709,0,0,0.15046417936591347,True
50,1,33,0.3,0.03,1.0,propagule,5630,0,0,0.15257548845470692,True
50,1,34,0.3,0.03,1.0,propagule,5545,0,0,0.15473399458972048,True
50,1,35,0.3,0.03,1.0,propagule,5468,0,0,0.3162033650329188,True
50,1,36,0.3,0.03,1.0,propagule,5368,0,0,0.3194858420268256,True
50,1,37,0.3,0.03,1.0,propagule,5279,0,0,0.32354612616025763,True
50,1,38,0.3,0.03,1.0,propagule,5220,0,0,0.3258620689655172,True
50,1,39,0.3,0.03,1.0,propagule,5163,0,0,0.3273290722448189,True
50,1,40,0.3,0.03,1.0,propagule,5079,0,0,0.32762354794250836,True
50,1,41,0.3,0.03,1.0,propagule,5070,0,0,0.33175542406311637,True
50,1,42,0.3,0.03,1.0,propagule,5047,0,0,0.33623935010897565,True
50,1,43,0.3,0.03,1.0,propagule,5003,0,0,0.3377973216070358,True
50,1,44,0.3,0.03,1.0,propagule,4973,0,0,0.33882968027347676,True
50,1,45,0.3,0.03,1.0,propagule,4924,0,0,0.3417952883834281,True
50,1,46,0.3,0.03,1.0,propagule,4880,0,0,0.3418032786885246,True
50,1,47,0.3,0.03,1.0,propagule,4854,0,0,0.3411619283065513,True
50,1,48,0.3,0.03,1.0,propagule,4815,0,0,0.34371754932502596,True
50,1,49,0.3,0.03,1.0,propagule,4779,0,0,0.3446327683615819,True
50,1,50,0.3,0.03,1.0,propagule,4743,0,0,0.3461943917351887,True
50,1,51,0.3,0.03,1.0,propagule,4708,0,0,0.34728122344944773,True
50,1,52,0.3,0.03,1.0,propagule,4648,0,0,0.34961273666092946,True
50,2,1,0.3,0.03,1.0,propagule,4586,7,0,0.34954208460532055,False
50,2,2,0.3,0.03,1.0,propagule,4532,5,0,0.35216240070609,False
50,2,3,0.3,0.03,1.0,propagule,4469,7,3,0.35175654508838666,False
50,2,4,0.3,0.03,1.0,propagule,4424,10,4,0.3539783001808318,False
50,2,5,0.3,0.03,1.0,propagule,4372,9,5,0.35750228728270816,False
50,2,6,0.3,0.03,1.0,propagule,4310,9,4,0.35893271461716936,False
50,2,7,0.3,0.03,1.0,propagule,4275,6,2,0.3609356725146199,False
50,2,8,0.3,0.03,1.0,propagule,4223,11,4,0.36301207672270897,False
50,2,9,0.3,0.03,1.0,propagule,4178,12,4,0.3640497845859263,False
50,2,10,0.3,0.03,1.0,propagule,4119,14,4,0.3682932750667638,False
50,2,11,0.3,0.03,1.0,propagule,4073,17,7,0.3702430640805303,False
50,2,12,0.3,0.03,1.0,propagule,4021,19,6,0.3722954488933101,False
50,2,13,0.3,0.03,1.0,propagule,3973,13,6,0.37578655927510696,False
50,2,14,0.3,0.03,1.0,propagule,3935,18,10,0.3783989834815756,False
50,2,15,0.3,0.03,1.0,propagule,3886,18,7,0.37802367472979925,False
50,2,16,0.3,0.03,1.0,propagule,3837,14,3,0.38076622361219703,False
50,2,17,0.3,0.03,1.0,propagule,3797,18,5,0.38346062681063997,False
50,2,18,0.3,0.03,1.0,propagule,6604,21,6,0.21895820714718353,False
50,2,19,0.3,0.03,1.0,propagule,6536,26,8,0.22062423500611994,False
50,2,20,0.3,0.03,1.0,propagule,6418,25,9,0.22249922094110314,False
50,2,21,0.3,0.03,1.0,propagule,6287,34,11,0.22634006680451726,False
50,2,22,0.3,0.03,1.0,propagule,6150,34,11,0.22829268292682928,False
50,2,23,0.3,0.03,1.0,propagule,6007,43,10,0.23206259364075246,False
50,2,24,0.3,0.03,1.0,propagule,5908,46,13,0.23527420446851727,False
50,2,25,0.3,0.03,1.0,propagule,5791,43,14,0.24020031082714557,False
50,2,26,0.3,0.03,1.0,propagule,5680,46,19,0.2443661971830986,False
50,2,27,0.3,0.03,1.0,propagule,5579,50,22,0.24681842624126188,False
50,2,28,0.3,0.03,1.0,propagule,5465,48,20,0.2495882891125343,False
50,2,29,0.3,0.03,1.0,propagule,5343,45,14,0.2515440763615946,False
50,2,30,0.3,0.03,1.0,propagule,5243,46,15,0.25557886706084304,False
50,2,31,0.3,0.03,1.0,propagule,5147,47,23,0.25762580143773073,False
50,2,32,0.3,0.03,1.0,propagule,5050,39,20,0.260990099009901,False
50,2,33,0.3,0.03,1.0,propagule,4969,33,15,0.2646407727913061,False
50,2,34,0.3,0.03,1.0,propagule,4889,27,10,0.2671302924933524,False
50,2,35,0.3,0.03,1.0,propagule,4807,28,10,0.44580819638027874,False
50,2,36,0.3,0.03,1.0,propagule,4707,31,18,0.4497556830252815,False
50,2,37,0.3,0.03,1.0,propagule,4606,33,16,0.45288753799392095,False
50,2,38,0.3,0.03,1.0,propagule,4555,27,11,0.45422612513721183,False
50,2,39,0.3,0.03,1.0,propagule,4492,31,11,0.4565894924309884,False
50,2,40,0.3,0.03,1.0,propagule,4430,27,11,0.4598194130925508,False
50,2,41,0.3,0.03,1.0,propagule,4460,21,8,0.46905829596412557,False
50,2,42,0.3,0.03,1.0,propagule,4459,17,6,0.4684906929804889,False
50,2,43,0.3,0.03,1.0,propagule,4464,17,6,0.47087813620071683,False
50,2,44,0.3,0.03,1.0,propagule,4427,16,6,0.47255477750169417,False
50,2,45,0.3,0.03,1.0,propagule,4408,18,10,0.47481851179673323,False
50,2,46,0.3,0.03,1.0,propagule,4338,16,11,0.4755647763946519,False
50,2,47,0.3,0.03,1.0,propagule,4330,15,6,0.47759815242494225,False
50,2,48,0.3,0.03,1.0,propagule,4295,11,3,0.480325960419092,False
50,2,49,0.3,0.03,1.0,propagule,4261,14,4,0.4813424078854729,False
50,2,50,0.3,0.03,1.0,propagule,4235,13,5,0.4826446280991736,False
50,2,51,0.3,0.03,1.0,propagule,4214,18,6,0.48647365923113434,False
50,2,52,0.3,0.03,1.0,propagule,4189,15,6,0.4874671759369778,False
50,3,1,0.3,0.03,1.0,propagule,4166,13,5,0.4913586173787806,False
50,3,2,0.3,0.03,1.0,propagule,4143,10,4,0.49022447501810285,False
50,3,3,0.3,0.03,1.0,propagule,4126,9,6,0.49442559379544354,False
50,3,4,0.3,0.03,1.0,propagule,4106,11,5,0.4965903555772041,False
50,3,5,0.3,0.03,1.0,propagule,4085,9,2,0.4986536107711138,False
50,3,6,0.3,0.03,1.0,propagule,4051,9,6,0.49888916316958776,False
50,3,7,0.3,0.03,1.0,propagule,4021,10,5,0.5006217358865954,False
50,3,8,0.3,0.03,1.0,propagule,3991,7,3,0.501628664495114,False
50,3,9,0.3,0.03,1.0,propagule,3953,7,3,0.5049329623071085,False
50,3,10,0.3,0.03,1.0,propagule,3928,7,2,0.5071283095723014,False
50,3,11,0.3,0.03,1.0,propagule,3903,8,3,0.5075582884960287,False
50,3,12,0.3,0.03,1.0,propagule,3856,12,3,0.5095954356846473,False
50,3,13,0.3,0.03,1.0,propagule,3821,10,3,0.5103376079560324,False
50,3,14,0.3,0.03,1.0,propagule,3785,10,5,0.5122853368560105,False
50,3,15,0.3,0.03,1.0,propagule,3727,7,5,0.513818084250067,False
50,3,16,0.3,0.03,1.0,propagule,3676,9,3,0.515233949945593,False
50,3,17,0.3,0.03,1.0,propagule,3647,6,2,0.5168631752125035,False
50,3,18,0.3,0.03,1.0,propagule,7927,9,6,0.23716412261889744,False
50,3,19,0.3,0.03,1.0,propagule,7800,16,4,0.23961538461538462,False
50,3,20,0.3,0.03,1.0,propagule,7613,12,1,0.24261132273742284,False
50,3,21,0.3,0.03,1.0,propagule,7431,18,5,0.24747678643520388,False
50,3,22,0.3,0.03,1.0,propagule,7298,23,8,0.24965744039462867,False
50,3,23,0.3,0.03,1.0,propagule,7131,28,10,0.253540877857243,False
50,3,24,0.3,0.03,1.0,propagule,6978,36,10,0.25695041559186016,False
50,3,25,0.3,0.03,1.0,propagule,6844,35,15,0.26212741087083574,False
50,3,26,0.3,0.03,1.0,propagule,6737,39,16,0.2633219533917174,False
50,3,27,0.3,0.03,1.0,propagule,6596,32,11,0.2662219526986052,False
50,3,28,0.3,0.03,1.0,propagule,6451,36,14,0.27143078592466285,False
50,3,29,0.3,0.03,1.0,propagule,6307,37,13,0.27604249246868556,False
50,3,30,0.3,0.03,1.0,propagule,6173,33,12,0.27895674712457474,False
50,3,31,0.3,0.03,1.0,propagule,6031,30,10,0.2822085889570552,False
50,3,32,0.3,0.03,1.0,propagule,5863,25,11,0.28688384785945764,False
50,3,33,0.3,0.03,1.0,propagule,5741,28,13,0.29019334610695,False
50,3,34,0.3,0.03,1.0,propagule,5644,25,8,0.2928773919206237,False
50,3,35,0.3,0.03,1.0,propagule,5506,23,8,0.4349800217944061,False
50,3,36,0.3,0.03,1.0,propagule,5368,28,11,0.4392697466467958,False
50,3,37,0.3,0.03,1.0,propagule,5249,25,10,0.44313202514764716,False
50,3,38,0.3,0.03,1.0,propagule,5184,22,9,0.44560185185185186,False
50,3,39,0.3,0.03,1.0,propagule,5120,21,8,0.445703125,False
50,3,40,0.3,0.03,1.0,propagule,5062,15,5,0.44725404978269456,False
50,3,41,0.3,0.03,1.0,propagule,5085,14,8,0.45132743362831856,False
50,3,42,0.3,0.03,1.0,propagule,5023,13,9,0.4523193310770456,False
50,3,43,0.3,0.03,1.0,propagule,4989,17,4,0.4539987973541792,False
50,3,44,0.3,0.03,1.0,propagule,4910,13,3,0.45621181262729127,False
50,3,45,0.3,0.03,1.0,propagule,4890,14,5,0.46134969325153374,False
50,3,46,0.3,0.03,1.0,propagule,4773,15,6,0.4600879949717159,False
50,3,47,0.3,0.03,1.0,propagule,4752,18,6,0.46275252525252525,False
50,3,48,0.3,0.03,1.0,propagule,4696,16,5,0.46422487223168657,False
50,3,49,0.3,0.03,1.0,propagule,4652,19,6,0.4615219260533104,False
50,3,50,0.3,0.03,1.0,propagule,4618,16,6,0.4642702468601126,False
50,3,51,0.3,0.03,1.0,propagule,4578,15,5,0.4659239842726081,False
50,3,52,0.3,0.03,1.0,propagule,4540,18,7,0.4687224669603524,False
50,4,1,0.3,0.03,1.0,propagule,4509,19,6,0.4701707695719672,False
50,4,2,0.3,0.03,1.0,propagule,4480,13,5,0.4734375,False
50,4,3,0.3,0.03,1.0,propagule,4440,15,8,0.47612612612612615,False
50,4,4,0.3,0.03,1.0,propagule,4387,13,4,0.4766355140186916,False
50,4,5,0.3,0.03,1.0,propagule,4333,9,4,0.4786522040156935,False
50,4,6,0.3,0.03,1.0,propagule,4284,12,7,0.4803921568627451,False
50,4,7,0.3,0.03,1.0,propagule,4239,10,5,0.482896909648502,False
50,4,8,0.3,0.03,1.0,propagule,4184,7,4,0.48565965583174,False
50,4,9,0.3,0.03,1.0,propagule,4146,10,4,0.48842257597684513,False
50,4,10,0.3,0.03,1.0,propagule,4114,12,4,0.4902771025765678,False
50,4,11,0.3,0.03,1.0,propagule,4065,13,4,0.4920049200492005,False
50,4,12,0.3,0.03,1.0,propagule,4017,17,3,0.4931540950958427,False
50,4,13,0.3,0.03,1.0,propagule,3976,16,4,0.4952213279678068,False
50,4,14,0.3,0.03,1.0,propagule,3942,18,8,0.4972095383054287,False
50,4,15,0.3,0.03,1.0,propagule,3894,20,9,0.5002568053415511,False
50,4,16,0.3,0.03,1.0,propagule,3849,16,7,0.5019485580670304,False
50,4,17,0.3,0.03,1.0,propagule,3808,17,8,0.5039390756302521,False
50,4,18,0.3,0.03,1.0,propagule,7428,16,6,0.2570005385029618,False
50,4,19,0.3,0.03,1.0,propagule,7306,15,6,0.26047084588009856,False
50,4,20,0.3,0.03,1.0,propagule,7165,25,6,0.2630844382414515,False
50,4,21,0.3,0.03,1.0,propagule,6978,22,6,0.26698194325021496,False
50,4,22,0.3,0.03,1.0,propagule,6816,34,9,0.2709800469483568,False
50,4,23,0.3,0.03,1.0,propagule,6651,33,9,0.2743948278454368,False
50,4,24,0.3,0.03,1.0,propagule,6534,37,12,0.27548209366391185,False
50,4,25,0.3,0.03,1.0,propagule,6381,33,10,0.2794232878859113,False
50,4,26,0.3,0.03,1.0,propagule,6275,28,13,0.2835059760956175,False
50,4,27,0.3,0.03,1.0,propagule,6173,34,14,0.28559857443706466,False
50,4,28,0.3,0.03,1.0,propagule,6050,28,8,0.2900826446280992,False
50,4,29,0.3,0.03,1.0,propagule,5930,28,9,0.29443507588532886,False
50,4,30,0.3,0.03,1.0,propagule,5806,31,12,0.29727867723045126,False
50,4,31,0.3,0.03,1.0,propagule,5661,31,9,0.302066772655008,False
50,4,32,0.3,0.03,1.0,propagule,5532,32,7,0.30459146782357194,False
50,4,33,0.3,0.03,1.0,propagule,5410,32,10,0.3101663585951941,False
50,4,34,0.3,0.03,1.0,propagule,5295,30,16,0.3125590179414542,False
50,4,35,0.3,0.03,1.0,propagule,5175,28,14,0.4628019323671498,False
50,4,36,0.3,0.03,1.0,propagule,5055,20,9,0.466271018793274,False
50,4,37,0.3,0.03,1.0,propagule,4957,19,10,0.4686302198910631,False
50,4,38,0.3,0.03,1.0,propagule,4907,14,9,0.4693295292439372,False
50,4,39,0.3,0.03,1.0,propagule,4850,12,6,0.47154639175257734,False
50,4,40,0.3,0.03,1.0,propagule,4799,10,3,0.4740570952281725,False
50,4,41,0.3,0.03,1.0,propagule,4860,8,3,0.47983539094650207,False
50,4,42,0.3,0.03,1.0,propagule,4802,10,3,0.4841732611411912,False
50,4,43,0.3,0.03,1.0,propagule,4767,8,3,0.48206419131529266,False
50,4,44,0.3,0.03,1.0,propagule,4713,7,6,0.4871631657118608,False
50,4,45,0.3,0.03,1.0,propagule,4662,8,4,0.484984984984985,False
50,4,46,0.3,0.03,1.0,propagule,4566,4,2,0.4846692947875602,False
50,4,47,0.3,0.03,1.0,propagule,4534,5,2,0.48610498456109397,False
50,4,48,0.3,0.03,1.0,propagule,4509,3,2,0.48613883344422265,False
50,4,49,0.3,0.03,1.0,propagule,4476,3,2,0.4877122430741734,False
50,4,50,0.3,0.03,1.0,propagule,4445,1,0,0.48886389201349834,False
50,4,51,0.3,0.03,1.0,propagule,4410,1,1,0.4895691609977324,False
50,4,52,0.3,0.03,1.0,propagule,4383,2,1,0.49007529089664614,False
50,5,1,0.3,0.03,1.0,propagule,4328,1,0,0.49006469500924216,False
50,5,2,0.3,0.03,1.0,propagule,4271,1,1,0.4905174432217279,False
50,5,3,0.3,0.03,1.0,propagule,4234,1,1,0.49220595181861126,False
50,5,4,0.3,0.03,1.0,propagule,4183,0,0,0.4948601482189816,False
50,5,5,0.3,0.03,1.0,propagule,4143,0,0,0.4950518947622496,False
50,5,6,0.3,0.03,1.0,propagule,4091,0,0,0.4979222683940357,False
50,5,7,0.3,0.03,1.0,propagule,4051,0,0,0.49864231054060726,False
50,5,8,0.3,0.03,1.0,propagule,4013,0,0,0.4993770246698231,False
50,5,9,0.3,0.03,1.0,propagule,3973,0,0,0.4998741505159829,True
50,5,10,0.3,0.03,1.0,propagule,3940,0,0,0.499746192893401,True
50,5,11,0.3,0.03,1.0,propagule,3889,0,0,0.5011571097968629,True
50,5,12,0.3,0.03,1.0,propagule,3851,0,0,0.5016878732796676,True
50,5,13,0.3,0.03,1.0,propagule,3803,0,0,0.5035498290823034,True
50,5,14,0.3,0.03,1.0,propagule,3759,0,0,0.5035913806863528,True
50,5,15,0.3,0.03,1.0,propagule,3726,0,0,0.5029522275899088,True
50,5,16,0.3,0.03,1.0,propagule,3698,0,0,0.5043266630611141,True
50,5,17,0.3,0.03,1.0,propagule,3663,0,0,0.5061425061425061,True
50,5,18,0.3,0.03,1.0,propagule,7890,0,0,0.23396704689480355,True
50,5,19,0.3,0.03,1.0,propagule,7770,0,0,0.2362934362934363,True
50,5,20,0.3,0.03,1.0,propagule,7603,0,0,0.23964224648165197,True
50,5,21,0.3,0.03,1.0,propagule,7468,0,0,0.2414301017675415,False
50,5,22,0.3,0.03,1.0,propagule,7312,0,0,0.2439824945295405,False
50,5,23,0.3,0.03,1.0,propagule,7122,0,0,0.2474024150519517,False
50,5,24,0.3,0.03,1.0,propagule,6955,0,0,0.2503235082674335,False
50,5,25,0.3,0.03,1.0,propagule,6793,0,0,0.2548211394082143,False
50,5,26,0.3,0.03,1.0,propagule,6633,0,0,0.25840494497210914,False
50,5,27,0.3,0.03,1.0,propagule,6509,0,0,0.25994776463358427,False
50,5,28,0.3,0.03,1.0,propagule,6393,0,0,0.2638823713436571,True
50,5,29,0.3,0.03,1.0,propagule,6275,0,0,0.26756972111553784,True
50,5,30,0.3,0.03,1.0,propagule,6135,0,0,0.27155664221678893,True
50,5,31,0.3,0.03,1.0,propagule,6009,0,0,0.27425528374105507,True
50,5,32,0.3,0.03,1.0,propagule,5899,0,0,0.27784370232242755,True
50,5,33,0.3,0.03,1.0,propagule,5801,0,0,0.28029650060334427,True
50,5,34,0.3,0.03,1.0,propagule,5698,0,0,0.28308178308178306,True
50,5,35,0.3,0.03,1.0,propagule,5592,0,0,0.42989985693848354,True
50,5,36,0.3,0.03,1.0,propagule,5480,0,0,0.4335766423357664,True
50,5,37,0.3,0.03,1.0,propagule,5393,0,0,0.4361208974596699,True
50,5,38,0.3,0.03,1.0,propagule,5321,0,0,0.4388272881037399,True
50,5,39,0.3,0.03,1.0,propagule,5271,0,0,0.4401441851641055,True
50,5,40,0.3,0.03,1.0,propagule,5217,0,0,0.4427832087406556,True
50,5,41,0.3,0.03,1.0,propagule,5301,0,0,0.4512356159215242,True
50,5,42,0.3,0.03,1.0,propagule,5250,0,0,0.4500952380952381,True
50,5,43,0.3,0.03,1.0,propagule,5205,0,0,0.4516810758885687,True
50,5,44,0.3,0.03,1.0,propagule,5174,0,0,0.4530344027831465,True
50,5,45,0.3,0.03,1.0,propagule,5139,0,0,0.4572874100019459,True
50,5,46,0.3,0.03,1.0,propagule,5044,0,0,0.4555908009516257,True
50,5,47,0.3,0.03,1.0,propagule,4992,0,0,0.45552884615384615,True
50,5,48,0.3,0.03,1.0,propagule,4973,0,0,0.45827468328976473,True
50,5,49,0.3,0.03,1.0,propagule,4929,0,0,0.4603367823087847,True
50,5,50,0.3,0.03,1.0,propagule,4893,0,0,0.46127120376047415,True
50,5,51,0.3,0.03,1.0,propagule,4862,0,0,0.46215549156725627,True
50,5,52,0.3,0.03,1.0,propagule,4836,0,0,0.46360628618693134,True
50,6,1,0.3,0.03,1.0,propagule,4786,0,0,0.46573338905139994,True
50,6,2,0.3,0.03,1.0,propagule,4736,0,0,0.46769425675675674,True
50,6,3,0.3,0.03,1.0,propagule,4691,0,0,0.4679172884246429,True
50,6,4,0.3,0.03,1.0,propagule,4650,0,0,0.4701075268817204,True
50,6,5,0.3,0.03,1.0,propagule,4591,0,0,0.47244609017643213,True
50,6,6,0.3,0.03,1.0,propagule,4553,0,0,0.47441247529101693,True
50,6,7,0.3,0.03,1.0,propagule,4509,0,0,0.47527167886449323,True
50,6,8,0.3,0.03,1.0,propagule,4463,0,0,0.47703338561505715,True
50,6,9,0.3,0.03,1.0,propagule,4423,0,0,0.47976486547592134,True
50,6,10,0.3,0.03,1.0,propagule,4376,0,0,0.48148994515539306,True
50,6,11,0.3,0.03,1.0,propagule,4333,0,0,0.4823447957535195,True
50,6,12,0.3,0.03,1.0,propagule,4292,0,0,0.4857875116495806,True
50,6,13,0.3,0.03,1.0,propagule,4231,0,0,0.4864098321909714,True
50,6,14,0.3,0.03,1.0,propagule,4190,0,0,0.48878281622911696,True
50,6,15,0.3,0.03,1.0,propagule,4131,0,0,0.4899540062938756,False
50,6,16,0.3,0.03,1.0,propagule,4076,0,0,0.4904317958783121,False
50,6,17,0.3,0.03,1.0,propagule,4032,0,0,0.4913194444444444,False
50,6,18,0.3,0.03,1.0,propagule,8327,0,0,0.23657980064849285,True
50,6,19,0.3,0.03,1.0,propagule,8213,0,0,0.23998538901741143,False
50,6,20,0.3,0.03,1.0,propagule,8066,0,0,0.24150756260848005,False
50,6,21,0.3,0.03,1.0,propagule,7918,0,0,0.2458954281384188,False
50,6,22,0.3,0.03,1.0,propagule,7752,0,0,0.25051599587203305,False
50,6,23,0.3,0.03,1.0,propagule,7562,0,0,0.25337212377677865,True
50,6,24,0.3,0.03,1.0,propagule,7376,0,0,0.2585412147505423,True
50,6,25,0.3,0.03,1.0,propagule,7209,0,0,0.26314329310583995,True
50,6,26,0.3,0.03,1.0,propagule,7095,0,0,0.26723044397463,True
50,6,27,0.3,0.03,1.0,propagule,6971,0,0,0.27026251613828717,True
50,6,28,0.3,0.03,1.0,propagule,6828,0,0,0.27372583479789103,True
50,6,29,0.3,0.03,1.0,propagule,6657,0,0,0.2779029592909719,True
50,6,30,0.3,0.03,1.0,propagule,6520,0,0,0.2808282208588957,True
50,6,31,0.3,0.03,1.0,propagule,6402,0,0,0.28537956888472354,True
50,6,32,0.3,0.03,1.0,propagule,6287,0,0,0.2886909495784953,True
50,6,33,0.3,0.03,1.0,propagule,6161,0,0,0.2918357409511443,True
50,6,34,0.3,0.03,1.0,propagule,5994,0,0,0.2962962962962963,True
50,6,35,0.3,0.03,1.0,propagule,5880,0,0,0.43979591836734694,True
50,6,36,0.3,0.03,1.0,propagule,5764,0,0,0.44292158223455935,True
50,6,37,0.3,0.03,1.0,propagule,5690,0,0,0.44551845342706503,True
50,6,38,0.3,0.03,1.0,propagule,5630,0,0,0.4483126110124334,True
50,6,39,0.3,0.03,1.0,propagule,5558,0,0,0.45052177042101477,True
50,6,40,0.3,0.03,1.0,propagule,5489,0,0,0.45181271634177445,True
50,6,41,0.3,0.03,1.0,propagule,5589,0,0,0.45875827518339596,True
50,6,42,0.3,0.03,1.0,propagule,5590,0,0,0.4635062611806798,True
50,6,43,0.3,0.03,1.0,propagule,5545,0,0,0.4654643823264202,True
50,6,44,0.3,0.03,1.0,propagule,5508,0,0,0.46568627450980393,True
50,6,45,0.3,0.03,1.0,propagule,5482,0,0,0.46588836191171107,True
50,6,46,0.3,0.03,1.0,propagule,5333,0,0,0.4654040877554847,True
50,6,47,0.3,0.03,1.0,propagule,5277,0,0,0.46465794959257156,True
50,6,48,0.3,0.03,1.0,propagule,5238,0,0,0.46487208858342877,True
50,6,49,0.3,0.03,1.0,propagule,5191,0,0,0.46753997303024464,True
50,6,50,0.3,0.03,1.0,propagule,5145,0,0,0.4684159378036929,True
50,6,51,0.3,0.03,1.0,propagule,5094,0,0,0.4705535924617197,True
50,6,52,0.3,0.03,1.0,propagule,5061,0,0,0.4718435091879075,True
50,7,1,0.3,0.03,1.0,propagule,5023,0,0,0.4696396575751543,True
50,7,2,0.3,0.03,1.0,propagule,4982,0,0,0.47149739060618223,True
50,7,3,0.3,0.03,1.0,propagule,4936,0,0,0.4738654781199352,True
50,7,4,0.3,0.03,1.0,propagule,4892,0,0,0.4748569092395748,True
50,7,5,0.3,0.03,1.0,propagule,4847,0,0,0.47720239323292757,True
50,7,6,0.3,0.03,1.0,propagule,4803,0,0,0.4776181553195919,True
50,7,7,0.3,0.03,1.0,propagule,4750,0,0,0.4783157894736842,True
50,7,8,0.3,0.03,1.0,propagule,4696,0,0,0.4784923339011925,True
50,7,9,0.3,0.03,1.0,propagule,4660,0,0,0.4798283261802575,True
50,7,10,0.3,0.03,1.0,propagule,4612,0,0,0.48178664353859496,True
50,7,11,0.3,0.03,1.0,propagule,4566,0,0,0.48138414367060883,True
50,7,12,0.3,0.03,1.0,propagule,4523,0,0,0.4841919080256467,True
50,7,13,0.3,0.03,1.0,propagule,4468,0,0,0.4843330349149508,True
50,7,14,0.3,0.03,1.0,propagule,4413,0,0,0.4874235214140041,True
50,7,15,0.3,0.03,1.0,propagule,4366,0,0,0.4906092533211177,True
50,7,16,0.3,0.03,1.0,propagule,4328,0,0,0.4912199630314233,True
50,7,17,0.3,0.03,1.0,propagule,4273,0,0,0.4923941025040955,True
50,7,18,0.3,0.03,1.0,propagule,9013,0,0,0.2339953400643515,True
50,7,19,0.3,0.03,1.0,propagule,8916,0,0,0.2364288918797667,True
50,7,20,0.3,0.03,1.0,propagule,8764,0,0,0.23984481971702418,True
50,7,21,0.3,0.03,1.0,propagule,8611,0,0,0.24294507025897108,True
50,7,22,0.3,0.03,1.0,propagule,8448,0,0,0.24609375,True
50,7,23,0.3,0.03,1.0,propagule,8291,0,0,0.250030153178145,True
50,7,24,0.3,0.03,1.0,propagule,8113,0,0,0.25415999013928264,True
50,7,25,0.3,0.03,1.0,propagule,7928,0,0,0.2578203834510595,True
50,7,26,0.3,0.03,1.0,propagule,7785,0,0,0.26165703275529867,True
50,7,27,0.3,0.03,1.0,propagule,7645,0,0,0.26500981033355137,True
50,7,28,0.3,0.03,1.0,propagule,7498,0,0,0.2671379034409176,True
50,7,29,0.3,0.03,1.0,propagule,7344,0,0,0.2716503267973856,True
50,7,30,0.3,0.03,1.0,propagule,7178,0,0,0.2750069657286152,True
50,7,31,0.3,0.03,1.0,propagule,7053,0,0,0.2774705798950801,True
50,7,32,0.3,0.03,1.0,propagule,6914,0,0,0.28073474110500435,True
50,7,33,0.3,0.03,1.0,propagule,6766,0,0,0.28377180017735737,True
50,7,34,0.3,0.03,1.0,propagule,6632,0,0,0.28739445114595896,True
50,7,35,0.3,0.03,1.0,propagule,6514,0,0,0.4393613754989254,True
50,7,36,0.3,0.03,1.0,propagule,6410,0,0,0.44305772230889234,True
50,7,37,0.3,0.03,1.0,propagule,6291,0,0,0.4461929740899698,True
50,7,38,0.3,0.03,1.0,propagule,6218,0,0,0.4470890961724027,True
50,7,39,0.3,0.03,1.0,propagule,6150,0,0,0.44878048780487806,True
50,7,40,0.3,0.03,1.0,propagule,6093,0,0,0.44986049565074676,True
50,7,41,0.3,0.03,1.0,propagule,6220,0,0,0.45980707395498394,True
50,7,42,0.3,0.03,1.0,propagule,6184,0,0,0.46296895213454076,True
50,7,43,0.3,0.03,1.0,propagule,6157,0,0,0.46451193763196363,True
50,7,44,0.3,0.03,1.0,propagule,6115,0,0,0.46475878986099756,True
50,7,45,0.3,0.03,1.0,propagule,6051,0,0,0.46868286233680384,True
50,7,46,0.3,0.03,1.0,propagule,5915,0,0,0.4672865595942519,True
50,7,47,0.3,0.03,1.0,propagule,5875,0,0,0.4668936170212766,True
50,7,48,0.3,0.03,1.0,propagule,5821,0,0,0.4691633739907232,True
50,7,49,0.3,0.03,1.0,propagule,5787,0,0,0.4710558147572144,True
50,7,50,0.3,0.03,1.0,propagule,5749,0,0,0.47643068359714735,True
50,7,51,0.3,0.03,1.0,propagule,5708,0,0,0.4754730203223546,True
50,7,52,0.3,0.03,1.0,propagule,5663,0,0,0.4773088469009359,True
50,8,1,0.3,0.03,1.0,propagule,5612,0,0,0.4787954383464006,True
50,8,2,0.3,0.03,1.0,propagule,5559,0,0,0.48048210109731965,True
50,8,3,0.3,0.03,1.0,propagule,5504,0,0,0.48183139534883723,True
50,8,4,0.3,0.03,1.0,propagule,5442,0,0,0.48419698640205805,True
50,8,5,0.3,0.03,1.0,propagule,5388,0,0,0.48478099480326653,True
50,8,6,0.3,0.03,1.0,propagule,5342,0,0,0.4868962935230251,True
50,8,7,0.3,0.03,1.0,propagule,5280,0,0,0.48598484848484846,True
50,8,8,0.3,0.03,1.0,propagule,5259,0,0,0.4890663624263168,True
50,8,9,0.3,0.03,1.0,propagule,5216,0,0,0.4919478527607362,True
50,8,10,0.3,0.03,1.0,propagule,5172,0,0,0.4945862335653519,True
50,8,11,0.3,0.03,1.0,propagule,5127,0,0,0.4967817437097718,True
50,8,12,0.3,0.03,1.0,propagule,5068,0,0,0.4984214680347277,True
50,8,13,0.3,0.03,1.0,propagule,5007,0,0,0.4987018174555622,True
50,8,14,0.3,0.03,1.0,propagule,4929,0,0,0.5009129640900791,False
50,8,15,0.3,0.03,1.0,propagule,4886,0,0,0.502865329512894,False
50,8,16,0.3,0.03,1.0,propagule,4839,0,0,0.5044430667493284,False
50,8,17,0.3,0.03,1.0,propagule,4796,1,1,0.5077147623019183,False
50,8,18,0.3,0.03,1.0,propagule,9961,0,0,0.24395141050095373,True
50,8,19,0.3,0.03,1.0,propagule,9849,0,0,0.24631942329170475,True
50,8,20,0.3,0.03,1.0,propagule,9642,0,0,0.24911844015764364,True
50,8,21,0.3,0.03,1.0,propagule,9431,0,0,0.2532075071572474,True
50,8,22,0.3,0.03,1.0,propagule,9244,0,0,0.2560579835569018,True
50,8,23,0.3,0.03,1.0,propagule,9092,0,0,0.25835899692036957,True
50,8,24,0.3,0.03,1.0,propagule,8905,0,0,0.2624368332397529,True
50,8,25,0.3,0.03,1.0,propagule,8740,0,0,0.26521739130434785,True
50,8,26,0.3,0.03,1.0,propagule,8560,0,0,0.26834112149532713,True
50,8,27,0.3,0.03,1.0,propagule,8358,0,0,0.2730318257956449,True
50,8,28,0.3,0.03,1.0,propagule,8179,0,0,0.27643966255043406,True
50,8,29,0.3,0.03,1.0,propagule,8043,0,0,0.2793733681462141,True
50,8,30,0.3,0.03,1.0,propagule,7905,0,0,0.2823529411764706,True
50,8,31,0.3,0.03,1.0,propagule,7741,0,0,0.2848469190027128,True
50,8,32,0.3,0.03,1.0,propagule,7566,0,0,0.2899814961670632,True
50,8,33,0.3,0.03,1.0,propagule,7455,0,0,0.2921529175050302,True
50,8,34,0.3,0.03,1.0,propagule,7293,0,0,0.2954888249005896,True
50,8,35,0.3,0.03,1.0,propagule,7140,0,0,0.43893557422969187,True
50,8,36,0.3,0.03,1.0,propagule,7010,0,0,0.44165477888730387,True
50,8,37,0.3,0.03,1.0,propagule,6878,0,0,0.44358825239895316,True
50,8,38,0.3,0.03,1.0,propagule,6802,0,0,0.44575124963246104,True
50,8,39,0.3,0.03,1.0,propagule,6731,0,0,0.4476303669588471,True
50,8,40,0.3,0.03,1.0,propagule,6664,0,0,0.4494297719087635,True
50,8,41,0.3,0.03,1.0,propagule,6820,0,0,0.45821114369501464,True
50,8,42,0.3,0.03,1.0,propagule,6762,0,0,0.4606625258799172,True
50,8,43,0.3,0.03,1.0,propagule,6717,0,0,0.4643442012803335,True
50,8,44,0.3,0.03,1.0,propagule,6676,0,0,0.4646494907130018,True
50,8,45,0.3,0.03,1.0,propagule,6636,0,0,0.46835443037974683,True
50,8,46,0.3,0.03,1.0,propagule,6500,0,0,0.46584615384615385,True
50,8,47,0.3,0.03,1.0,propagule,6472,0,0,0.4669344870210136,True
50,8,48,0.3,0.03,1.0,propagule,6424,0,0,0.4696450809464508,True
50,8,49,0.3,0.03,1.0,propagule,6389,0,0,0.47080920331820314,True
50,8,50,0.3,0.03,1.0,propagule,6344,0,0,0.47162673392181587,True
50,8,51,0.3,0.03,1.0,propagule,6283,0,0,0.4750915167913417,True
50,8,52,0.3,0.03,1.0,propagule,6220,0,0,0.47684887459807074,True
50,9,1,0.3,0.03,1.0,propagule,6154,0,0,0.4772505687357816,True
50,9,2,0.3,0.03,1.0,propagule,6075,0,0,0.47934156378600823,True
50,9,3,0.3,0.03,1.0,propagule,6005,0,0,0.47960033305578686,True
50,9,4,0.3,0.03,1.0,propagule,5941,0,0,0.48190540313078606,True
50,9,5,0.3,0.03,1.0,propagule,5881,0,0,0.48257099132800546,True
50,9,6,0.3,0.03,1.0,propagule,5835,0,0,0.4839760068551842,True
50,9,7,0.3,0.03,1.0,propagule,5786,0,0,0.4863463532665054,True
50,9,8,0.3,0.03,1.0,propagule,5722,0,0,0.4858441104508913,True
50,9,9,0.3,0.03,1.0,propagule,5662,0,0,0.4881667255386789,True
50,9,10,0.3,0.03,1.0,propagule,5595,0,0,0.4897229669347632,True
50,9,11,0.3,0.03,1.0,propagule,5542,0,0,0.49097798628653916,True
50,9,12,0.3,0.03,1.0,propagule,5479,0,0,0.49224311005657967,True
50,9,13,0.3,0.03,1.0,propagule,5415,0,0,0.4936288088642659,True
50,9,14,0.3,0.03,1.0,propagule,5346,0,0,0.49663299663299665,True
50,9,15,0.3,0.03,1.0,propagule,5287,0,0,0.4972574238698695,True
50,9,16,0.3,0.03,1.0,propagule,5227,0,0,0.4987564568586187,True
50,9,17,0.3,0.03,1.0,propagule,5183,0,0,0.5002894076789504,True
50,9,18,0.3,0.03,1.0,propagule,10431,0,0,0.2375611159045154,True
50,9,19,0.3,0.03,1.0,propagule,10314,0,0,0.239674229203025,True
50,9,20,0.3,0.03,1.0,propagule,10178,0,0,0.24150127726468854,True
50,9,21,0.3,0.03,1.0,propagule,9937,0,0,0.24584884774076682,True
50,9,22,0.3,0.03,1.0,propagule,9727,0,0,0.2502313148966793,True
50,9,23,0.3,0.03,1.0,propagule,9539,0,0,0.2539050214907223,True
50,9,24,0.3,0.03,1.0,propagule,9417,0,0,0.257619199320378,True
50,9,25,0.3,0.03,1.0,propagule,9312,0,0,0.2603092783505155,True
50,9,26,0.3,0.03,1.0,propagule,9200,0,0,0.2634782608695652,True
50,9,27,0.3,0.03,1.0,propagule,9038,0,0,0.26786899756583316,True
50,9,28,0.3,0.03,1.0,propagule,8890,0,0,0.27165354330708663,True
50,9,29,0.3,0.03,1.0,propagule,8731,0,0,0.27453899896919026,True
50,9,30,0.3,0.03,1.0,propagule,8560,0,0,0.2779205607476635,True
50,9,31,0.3,0.03,1.0,propagule,8420,0,0,0.2819477434679335,True
50,9,32,0.3,0.03,1.0,propagule,8239,0,0,0.2854715378079864,True
50,9,33,0.3,0.03,1.0,propagule,8068,0,0,0.288795240456123,True
50,9,34,0.3,0.03,1.0,propagule,7924,0,0,0.29442200908632005,True
50,9,35,0.3,0.03,1.0,propagule,7792,0,0,0.43993839835728954,True
50,9,36,0.3,0.03,1.0,propagule,7665,0,0,0.4429223744292237,True
50,9,37,0.3,0.03,1.0,propagule,7506,0,0,0.44564348521183056,True
50,9,38,0.3,0.03,1.0,propagule,7430,0,0,0.44818304172274565,True
50,9,39,0.3,0.03,1.0,propagule,7342,0,0,0.45123944429310814,True
50,9,40,0.3,0.03,1.0,propagule,7258,0,0,0.45136401212455224,True
50,9,41,0.3,0.03,1.0,propagule,7358,0,0,0.45827670562652895,True
50,9,42,0.3,0.03,1.0,propagule,7314,0,0,0.4611703582171179,True
50,9,43,0.3,0.03,1.0,propagule,7249,0,0,0.46144295764933096,True
50,9,44,0.3,0.03,1.0,propagule,7180,0,0,0.4632311977715877,True
50,9,45,0.3,0.03,1.0,propagule,7168,0,0,0.4654017857142857,True
50,9,46,0.3,0.03,1.0,propagule,7044,0,0,0.46337308347529815,True
50,9,47,0.3,0.03,1.0,propagule,6987,0,0,0.46500644053241735,True
50,9,48,0.3,0.03,1.0,propagule,6963,0,0,0.46890708028148786,True
50,9,49,0.3,0.03,1.0,propagule,6941,0,0,0.4721221725976084,True
50,9,50,0.3,0.03,1.0,propagule,6871,0,0,0.47329355261242906,True
50,9,51,0.3,0.03,1.0,propagule,6829,0,0,0.47503294772294624,True
50,9,52,0.3,0.03,1.0,propagule,6791,0,0,0.4784273302900898,True
50,10,1,0.3,0.03,1.0,propagule,6730,0,0,0.4797919762258544,True
50,10,2,0.3,0.03,1.0,propagule,6694,0,0,0.4796832984762474,True
50,10,3,0.3,0.03,1.0,propagule,6643,0,0,0.48291434592804455,True
50,10,4,0.3,0.03,1.0,propagule,6577,0,0,0.4854797019917896,True
50,10,5,0.3,0.03,1.0,propagule,6517,0,0,0.48473223876016575,True
50,10,6,0.3,0.03,1.0,propagule,6459,0,0,0.4872271249419415,True
50,10,7,0.3,0.03,1.0,propagule,6385,0,0,0.4891151135473767,True
50,10,8,0.3,0.03,1.0,propagule,6316,0,0,0.4889170360987967,True
50,10,9,0.3,0.03,1.0,propagule,6275,0,0,0.49163346613545816,True
50,10,10,0.3,0.03,1.0,propagule,6221,0,0,0.4941327760810159,True
50,10,11,0.3,0.03,1.0,propagule,6154,0,0,0.4964250893727657,True
50,10,12,0.3,0.03,1.0,propagule,6097,0,0,0.49958996227652946,True
50,10,13,0.3,0.03,1.0,propagule,6040,0,0,0.5013245033112583,True
50,10,14,0.3,0.03,1.0,propagule,5998,0,0,0.5025008336112038,True
50,10,15,0.3,0.03,1.0,propagule,5940,0,0,0.5047138047138047,True
50,10,16,0.3,0.03,1.0,propagule,5885,0,0,0.5073916737468139,True
50,10,17,0.3,0.03,1.0,propagule,5807,0,0,0.5093852247287756,True
50,10,18,0.3,0.03,1.0,propagule,11939,0,0,0.24248261998492335,True
50,10,19,0.3,0.03,1.0,propagule,11792,0,0,0.2444877883310719,True
50,10,20,0.3,0.03,1.0,propagule,11584,0,0,0.24844613259668508,True
50,10,21,0.3,0.03,1.0,propagule,11398,0,0,0.25206176522196877,True
50,10,22,0.3,0.03,1.0,propagule,11179,0,0,0.2551212094105018,True
50,10,23,0.3,0.03,1.0,propagule,11017,0,0,0.25805573205046745,True
50,10,24,0.3,0.03,1.0,propagule,10782,0,0,0.2623817473567056,True
50,10,25,0.3,0.03,1.0,propagule,10532,0,0,0.2660463349791113,True
50,10,26,0.3,0.03,1.0,propagule,10311,0,0,0.26806323344001554,True
50,10,27,0.3,0.03,1.0,propagule,10149,0,0,0.26987880579367424,True
50,10,28,0.3,0.03,1.0,propagule,9930,0,0,0.27341389728096677,True
50,10,29,0.3,0.03,1.0,propagule,9736,0,0,0.27629416598192275,True
50,10,30,0.3,0.03,1.0,propagule,9553,0,0,0.28169161519941377,True
50,10,31,0.3,0.03,1.0,propagule,9407,0,0,0.2838311895397045,True
50,10,32,0.3,0.03,1.0,propagule,9309,0,0,0.28638951552261255,True
50,10,33,0.3,0.03,1.0,propagule,9167,0,0,0.28929857096105593,True
50,10,34,0.3,0.03,1.0,propagule,8975,0,0,0.2933704735376045,True
50,10,35,0.3,0.03,1.0,propagule,8791,0,0,0.4341940621089751,True
50,10,36,0.3,0.03,1.0,propagule,8631,0,0,0.4384196500984822,True
50,10,37,0.3,0.03,1.0,propagule,8473,0,0,0.4428183642157441,True
50,10,38,0.3,0.03,1.0,propagule,8373,0,0,0.44500179147259045,True
50,10,39,0.3,0.03,1.0,propagule,8275,0,0,0.4466465256797583,True
50,10,40,0.3,0.03,1.0,propagule,8176,0,0,0.44765166340508805,True
50,10,41,0.3,0.03,1.0,propagule,8221,0,0,0.45322953411993677,True
50,10,42,0.3,0.03,1.0,propagule,8168,0,0,0.4561704211557297,True
50,10,43,0.3,0.03,1.0,propagule,8068,0,0,0.4574863658899355,True
50,10,44,0.3,0.03,1.0,propagule,7991,0,0,0.45976723814291076,True
50,10,45,0.3,0.03,1.0,propagule,7951,0,0,0.46044522701546975,True
50,10,46,0.3,0.03,1.0,propagule,7844,0,0,0.4589495155532891,True
50,10,47,0.3,0.03,1.0,propagule,7808,0,0,0.46016905737704916,True
50,10,48,0.3,0.03,1.0,propagule,7737,0,0,0.46128990564818406,True
50,10,49,0.3,0.03,1.0,propagule,7674,0,0,0.4631222309095648,True
50,10,50,0.3,0.03,1.0,propagule,7600,0,0,0.46407894736842104,True
50,10,51,0.3,0.03,1.0,propagule,7523,0,0,0.46430945101688154,True
50,10,52,0.3,0.03,1.0,propagule,7461,0,0,0.46736362417906446,True
50,11,1,0.3,0.03,1.0,propagule,7366,0,0,0.4680966603312517,True
50,11,2,0.3,0.03,1.0,propagule,7298,0,0,0.47026582625376817,True
50,11,3,0.3,0.03,1.0,propagule,7209,0,0,0.4713552503814676,True
50,11,4,0.3,0.03,1.0,propagule,7138,0,0,0.4745026618100308,True
50,11,5,0.3,0.03,1.0,propagule,7062,0,0,0.4755026904559615,True
50,11,6,0.3,0.03,1.0,propagule,6990,0,0,0.47739628040057225,True
50,11,7,0.3,0.03,1.0,propagule,6939,0,0,0.47960801268194264,True
50,11,8,0.3,0.03,1.0,propagule,6871,0,0,0.48144374909037985,True
50,11,9,0.3,0.03,1.0,propagule,6802,0,0,0.4839753013819465,True
50,11,10,0.3,0.03,1.0,propagule,6734,0,0,0.4852984852984853,True
50,11,11,0.3,0.03,1.0,propagule,6674,0,0,0.48696433922685045,True
50,11,12,0.3,0.03,1.0,propagule,6591,0,0,0.48824154149597937,True
50,11,13,0.3,0.03,1.0,propagule,6531,0,0,0.48981779206859594,True
50,11,14,0.3,0.03,1.0,propagule,6466,0,0,0.4911846582121868,True
50,11,15,0.3,0.03,1.0,propagule,6391,0,0,0.49272414332655295,True
50,11,16,0.3,0.03,1.0,propagule,6329,0,0,0.4936008848159267,True
50,11,17,0.3,0.03,1.0,propagule,6270,0,0,0.4964912280701754,True
50,11,18,0.3,0.03,1.0,propagule,13007,0,0,0.23156761743676482,True
50,11,19,0.3,0.03,1.0,propagule,12838,0,0,0.23383704626888924,True
50,11,20,0.3,0.03,1.0,propagule,12627,0,0,0.23719014809535124,True
50,11,21,0.3,0.03,1.0,propagule,12423,0,0,0.2410045882637044,True
50,11,22,0.3,0.03,1.0,propagule,12172,0,0,0.2443312520538942,True
50,11,23,0.3,0.03,1.0,propagule,11922,0,0,0.24727394732427446,True
50,11,24,0.3,0.03,1.0,propagule,11658,0,0,0.2509006690684509,True
50,11,25,0.3,0.03,1.0,propagule,11443,0,0,0.2545661102857642,True
50,11,26,0.3,0.03,1.0,propagule,11204,0,0,0.25901463762941807,True
50,11,27,0.3,0.03,1.0,propagule,10963,0,0,0.2620633038401897,True
50,11,28,0.3,0.03,1.0,propagule,10710,0,0,0.26489262371615313,True
50,11,29,0.3,0.03,1.0,propagule,10502,0,0,0.26899638164159206,True
50,11,30,0.3,0.03,1.0,propagule,10333,0,0,0.2717507016355366,True
50,11,31,0.3,0.03,1.0,propagule,10154,0,0,0.27407918061847547,True
50,11,32,0.3,0.03,1.0,propagule,9966,0,0,0.2780453542042946,True
50,11,33,0.3,0.03,1.0,propagule,9809,0,0,0.2815781425221735,True
50,11,34,0.3,0.03,1.0,propagule,9653,0,0,0.2852999067647364,True
50,11,35,0.3,0.03,1.0,propagule,9455,0,0,0.43331570597567426,True
50,11,36,0.3,0.03,1.0,propagule,9269,0,0,0.4379113172942065,True
50,11,37,0.3,0.03,1.0,propagule,9075,0,0,0.44231404958677684,True
50,11,38,0.3,0.03,1.0,propagule,8987,0,0,0.44419717369533773,True
50,11,39,0.3,0.03,1.0,propagule,8882,0,0,0.44629587930646253,True
50,11,40,0.3,0.03,1.0,propagule,8800,0,0,0.4464772727272727,True
50,11,41,0.3,0.03,1.0,propagule,8936,0,0,0.45232766338406444,True
50,11,42,0.3,0.03,1.0,propagule,8892,0,0,0.45366621682411157,True
50,11,43,0.3,0.03,1.0,propagule,8844,0,0,0.4561284486657621,True
50,11,44,0.3,0.03,1.0,propagule,8739,0,0,0.4552008238928939,True
50,11,45,0.3,0.03,1.0,propagule,8657,0,0,0.4572022640637634,True
50,11,46,0.3,0.03,1.0,propagule,8500,0,0,0.45705882352941174,True
50,11,47,0.3,0.03,1.0,propagule,8453,0,0,0.4588903347923814,True
50,11,48,0.3,0.03,1.0,propagule,8380,0,0,0.46121718377088305,True
50,11,49,0.3,0.03,1.0,propagule,8300,0,0,0.4621686746987952,False
50,11,50,0.3,0.03,1.0,propagule,8206,0,0,0.46331952230075557,False
50,11,51,0.3,0.03,1.0,propagule,8128,0,0,0.4645669291338583,False
50,11,52,0.3,0.03,1.0,propagule,8034,0,0,0.4639034105053523,False
