rep,year,week,sero,disease,rate,type,total_pop,n_infected,n_symptomatic,actual_sero,elim
16,1,1,0.8,0.045,1.5,wave,2881,0,0,0.806664352655328,True
16,1,2,0.8,0.045,1.5,wave,2847,0,0,0.8061116965226555,True
16,1,3,0.8,0.045,1.5,wave,2796,0,0,0.805793991416309,True
16,1,4,0.8,0.045,1.5,wave,2766,0,0,0.8047722342733189,True
16,1,5,0.8,0.045,1.5,wave,2732,0,0,0.8063689604685212,True
16,1,6,0.8,0.045,1.5,wave,2730,0,0,0.8051282051282052,True
16,1,7,0.8,0.045,1.5,wave,2710,0,0,0.8066420664206642,True
16,1,8,0.8,0.045,1.5,wave,2688,0,0,0.8065476190476191,True
16,1,9,0.8,0.045,1.5,wave,2647,0,0,0.8080846241027578,True
16,1,10,0.8,0.045,1.5,wave,2627,0,0,0.8081461743433574,True
16,1,11,0.8,0.045,1.5,wave,2590,0,0,0.8092664092664092,True
16,1,12,0.8,0.045,1.5,wave,2571,0,0,0.809412679891093,True
16,1,13,0.8,0.045,1.5,wave,2560,0,0,0.80859375,True
16,1,14,0.8,0.045,1.5,wave,2536,0,0,0.8087539432176656,True
16,1,15,0.8,0.045,1.5,wave,2513,0,0,0.8093911659371269,True
16,1,16,0.8,0.045,1.5,wave,2494,0,0,0.8091419406575782,True
16,1,17,0.8,0.045,1.5,wave,2477,0,0,0.8102543399273314,True
16,1,18,0.8,0.045,1.5,wave,7232,0,0,0.2780696902654867,True
16,1,19,0.8,0.045,1.5,wave,7090,0,0,0.2816643159379408,True
16,1,20,0.8,0.045,1.5,wave,6915,0,0,0.28503253796095446,True
16,1,21,0.8,0.045,1.5,wave,6827,0,0,0.2887066061227479,True
16,1,22,0.8,0.045,1.5,wave,6668,0,0,0.2918416316736653,True
16,1,23,0.8,0.045,1.5,wave,6518,0,0,0.2965633629947837,True
16,1,24,0.8,0.045,1.5,wave,6414,0,0,0.29918927346429686,True
16,1,25,0.8,0.045,1.5,wave,6298,0,0,0.3015242934264846,True
16,1,26,0.8,0.045,1.5,wave,6162,0,0,0.30639402791301523,True
16,1,27,0.8,0.045,1.5,wave,6057,0,0,0.30873369654944693,True
16,1,28,0.8,0.045,1.5,wave,5942,0,0,0.31319421070346687,True
16,1,29,0.8,0.045,1.5,wave,5858,0,0,0.31495390918402183,True
16,1,30,0.8,0.045,1.5,wave,5704,0,0,0.31924964936886396,True
16,1,31,0.8,0.045,1.5,wave,5586,0,0,0.3247404224847834,True
16,1,32,0.8,0.045,1.5,wave,5491,0,0,0.3272627936623566,True
16,1,33,0.8,0.045,1.5,wave,5398,0,0,0.331233790292701,True
16,1,34,0.8,0.045,1.5,wave,5319,0,0,0.3338973491257755,True
16,1,35,0.8,0.045,1.5,wave,5192,0,0,0.6346302003081664,True
16,1,36,0.8,0.045,1.5,wave,5107,0,0,0.634814959859017,True
16,1,37,0.8,0.045,1.5,wave,5023,0,0,0.6358749751144734,True
16,1,38,0.8,0.045,1.5,wave,4944,0,0,0.6367313915857605,True
16,1,39,0.8,0.045,1.5,wave,4877,0,0,0.6387123231494771,True
16,1,40,0.8,0.045,1.5,wave,4812,0,0,0.6398586866167914,True
16,1,41,0.8,0.045,1.5,wave,4703,0,0,0.6393791197108228,True
16,1,42,0.8,0.045,1.5,wave,4597,0,0,0.6441157276484664,True
16,1,43,0.8,0.045,1.5,wave,4513,0,0,0.6430312430755595,True
16,1,44,0.8,0.045,1.5,wave,4451,0,0,0.646596270501011,True
16,1,45,0.8,0.045,1.5,wave,4403,0,0,0.6488757665228253,True
16,1,46,0.8,0.045,1.5,wave,4379,0,0,0.6467229961178351,True
16,1,47,0.8,0.045,1.5,wave,4384,0,0,0.6480383211678832,True
16,1,48,0.8,0.045,1.5,wave,4368,0,0,0.6488095238095238,True
16,1,49,0.8,0.045,1.5,wave,4352,0,0,0.6500459558823529,True
16,1,50,0.8,0.045,1.5,wave,4314,0,0,0.6495132127955494,True
16,1,51,0.8,0.045,1.5,wave,4289,0,0,0.649102354861273,True
16,1,52,0.8,0.045,1.5,wave,4249,0,0,0.6497999529301012,True
16,2,1,0.8,0.045,1.5,wave,4203,5,0,0.6507256721389484,False
16,2,2,0.8,0.045,1.5,wave,4155,5,0,0.651985559566787,False
16,2,3,0.8,0.045,1.5,wave,4119,4,2,0.6516144695314396,False
16,2,4,0.8,0.045,1.5,wave,4076,4,3,0.6533366045142296,False
16,2,5,0.8,0.045,1.5,wave,4021,2,2,0.6533200696344194,False
16,2,6,0.8,0.045,1.5,wave,3983,1,1,0.6550338940497112,False
16,2,7,0.8,0.045,1.5,wave,3931,0,0,0.6588654286441109,False
16,2,8,0.8,0.045,1.5,wave,3892,0,0,0.6598150051387461,False
16,2,9,0.8,0.045,1.5,wave,3844,0,0,0.6612903225806451,False
16,2,10,0.8,0.045,1.5,wave,3794,0,0,0.6615709014233,False
16,2,11,0.8,0.045,1.5,wave,3735,0,0,0.6637215528781794,False
16,2,12,0.8,0.045,1.5,wave,3697,0,0,0.6629699756559373,False
16,2,13,0.8,0.045,1.5,wave,3657,0,0,0.6639321848509707,True
16,2,14,0.8,0.045,1.5,wave,3609,0,0,0.6650041562759768,True
16,2,15,0.8,0.045,1.5,wave,3566,0,0,0.6643297812675266,True
16,2,16,0.8,0.045,1.5,wave,3538,0,0,0.6653476540418315,True
16,2,17,0.8,0.045,1.5,wave,3496,0,0,0.665903890160183,True
16,2,18,0.8,0.045,1.5,wave,6246,0,0,0.37079731027857826,True
16,2,19,0.8,0.045,1.5,wave,6162,0,0,0.3748782862706913,True
16,2,20,0.8,0.045,1.5,wave,6067,0,0,0.37745178836327675,True
16,2,21,0.8,0.045,1.5,wave,5953,0,0,0.37980849991600873,True
16,2,22,0.8,0.045,1.5,wave,5867,0,0,0.3806033748082495,True
16,2,23,0.8,0.045,1.5,wave,5739,0,0,0.3833420456525527,True
16,2,24,0.8,0.045,1.5,wave,5582,0,0,0.38749552131852383,True
16,2,25,0.8,0.045,1.5,wave,5467,0,0,0.39180537772087065,True
16,2,26,0.8,0.045,1.5,wave,5338,0,0,0.3962158111652304,True
16,2,27,0.8,0.045,1.5,wave,5223,0,0,0.40111047290829027,True
16,2,28,0.8,0.045,1.5,wave,5138,0,0,0.40365901128843906,True
16,2,29,0.8,0.045,1.5,wave,5045,0,0,0.40753221010901886,True
16,2,30,0.8,0.045,1.5,wave,4969,0,0,0.40913664721271886,True
16,2,31,0.8,0.045,1.5,wave,4850,0,0,0.41216494845360824,True
16,2,32,0.8,0.045,1.5,wave,4712,0,0,0.41659592529711376,True
16,2,33,0.8,0.045,1.5,wave,4629,0,0,0.4206092028515878,True
16,2,34,0.8,0.045,1.5,wave,4561,0,0,0.4246875685156764,True
16,2,35,0.8,0.045,1.5,wave,4475,0,0,0.7302793296089386,True
16,2,36,0.8,0.045,1.5,wave,4416,0,0,0.7314311594202898,True
16,2,37,0.8,0.045,1.5,wave,4356,0,0,0.7323232323232324,True
16,2,38,0.8,0.045,1.5,wave,4289,0,0,0.7335043133597575,True
16,2,39,0.8,0.045,1.5,wave,4234,0,0,0.7347661785545584,True
16,2,40,0.8,0.045,1.5,wave,4202,0,0,0.7339362208472157,True
16,2,41,0.8,0.045,1.5,wave,4195,1,1,0.73373063170441,False
16,2,42,0.8,0.045,1.5,wave,4171,1,1,0.7329177655238552,False
16,2,43,0.8,0.045,1.5,wave,4133,0,0,0.7328816840067748,False
16,2,44,0.8,0.045,1.5,wave,4126,0,0,0.7309743092583616,False
16,2,45,0.8,0.045,1.5,wave,4083,0,0,0.7332843497428362,False
16,2,46,0.8,0.045,1.5,wave,4084,0,0,0.7331047992164544,False
16,2,47,0.8,0.045,1.5,wave,4088,0,0,0.7323874755381604,False
16,2,48,0.8,0.045,1.5,wave,4069,0,0,0.7355615630376013,False
16,2,49,0.8,0.045,1.5,wave,4041,0,0,0.7344716654293492,False
16,2,50,0.8,0.045,1.5,wave,4024,0,0,0.7333499005964215,False
16,2,51,0.8,0.045,1.5,wave,3986,0,0,0.7358253888610136,True
16,2,52,0.8,0.045,1.5,wave,3963,0,0,0.7383295483219783,True
16,3,1,0.8,0.045,1.5,wave,3923,0,0,0.737445832271221,True
16,3,2,0.8,0.045,1.5,wave,3901,0,0,0.7369905152524994,True
16,3,3,0.8,0.045,1.5,wave,3875,0,0,0.7378064516129033,True
16,3,4,0.8,0.045,1.5,wave,3851,0,0,0.7377304596208777,True
16,3,5,0.8,0.045,1.5,wave,3821,0,0,0.7393352525516881,True
16,3,6,0.8,0.045,1.5,wave,3797,0,0,0.7400579404793258,True
16,3,7,0.8,0.045,1.5,wave,3763,0,0,0.7414297103374967,True
16,3,8,0.8,0.045,1.5,wave,3719,0,0,0.7421349825221834,True
16,3,9,0.8,0.045,1.5,wave,3672,0,0,0.7426470588235294,True
16,3,10,0.8,0.045,1.5,wave,3646,0,0,0.742457487657707,True
16,3,11,0.8,0.045,1.5,wave,3615,0,0,0.743015214384509,True
16,3,12,0.8,0.045,1.5,wave,3593,0,0,0.7433899248538826,True
16,3,13,0.8,0.045,1.5,wave,3542,0,0,0.7442123094297007,True
16,3,14,0.8,0.045,1.5,wave,3510,0,0,0.7444444444444445,True
16,3,15,0.8,0.045,1.5,wave,3472,0,0,0.7462557603686636,True
16,3,16,0.8,0.045,1.5,wave,3459,0,0,0.747036715813819,True
16,3,17,0.8,0.045,1.5,wave,3414,0,0,0.7480960749853545,True
16,3,18,0.8,0.045,1.5,wave,7276,0,0,0.3500549752611325,True
16,3,19,0.8,0.045,1.5,wave,7186,0,0,0.3524909546340106,True
16,3,20,0.8,0.045,1.5,wave,7045,0,0,0.3569907735982967,True
16,3,21,0.8,0.045,1.5,wave,6881,0,0,0.36026740299375093,True
16,3,22,0.8,0.045,1.5,wave,6730,0,0,0.36612184249628527,True
16,3,23,0.8,0.045,1.5,wave,6568,0,0,0.370584652862363,True
16,3,24,0.8,0.045,1.5,wave,6424,0,0,0.37593399750934,True
16,3,25,0.8,0.045,1.5,wave,6288,0,0,0.37961195928753183,True
16,3,26,0.8,0.045,1.5,wave,6142,0,0,0.38472810159557147,True
16,3,27,0.8,0.045,1.5,wave,6003,0,0,0.3896385140762952,True
16,3,28,0.8,0.045,1.5,wave,5888,0,0,0.39470108695652173,True
16,3,29,0.8,0.045,1.5,wave,5787,0,0,0.3967513392085709,True
16,3,30,0.8,0.045,1.5,wave,5655,0,0,0.4015915119363395,True
16,3,31,0.8,0.045,1.5,wave,5501,0,0,0.40774404653699325,True
16,3,32,0.8,0.045,1.5,wave,5407,0,0,0.41002404290734235,True
16,3,33,0.8,0.045,1.5,wave,5297,0,0,0.4143855012271097,True
16,3,34,0.8,0.045,1.5,wave,5190,0,0,0.4192678227360308,True
16,3,35,0.8,0.045,1.5,wave,5088,0,0,0.706564465408805,True
16,3,36,0.8,0.045,1.5,wave,4943,0,0,0.7098927776653854,True
16,3,37,0.8,0.045,1.5,wave,4835,0,0,0.712306101344364,True
16,3,38,0.8,0.045,1.5,wave,4775,0,0,0.7135078534031414,True
16,3,39,0.8,0.045,1.5,wave,4717,0,0,0.7142251430994276,True
16,3,40,0.8,0.045,1.5,wave,4675,0,0,0.7150802139037433,True
16,3,41,0.8,0.045,1.5,wave,4655,0,0,0.7093447905477981,True
16,3,42,0.8,0.045,1.5,wave,4622,0,0,0.7042405884898313,True
16,3,43,0.8,0.045,1.5,wave,4588,0,0,0.702920662598082,True
16,3,44,0.8,0.045,1.5,wave,4517,1,0,0.699800752711977,False
16,3,45,0.8,0.045,1.5,wave,4472,1,1,0.7008050089445438,False
16,3,46,0.8,0.045,1.5,wave,4394,1,1,0.706417842512517,False
16,3,47,0.8,0.045,1.5,wave,4386,0,0,0.7045143638850889,True
16,3,48,0.8,0.045,1.5,wave,4356,0,0,0.7056932966023876,True
16,3,49,0.8,0.045,1.5,wave,4327,0,0,0.7074185347816039,True
16,3,50,0.8,0.045,1.5,wave,4299,0,0,0.7066759711560828,True
16,3,51,0.8,0.045,1.5,wave,4248,0,0,0.7078625235404896,True
16,3,52,0.8,0.045,1.5,wave,4209,0,0,0.7075314801615585,True
16,4,1,0.8,0.045,1.5,wave,4157,0,0,0.7096463796006736,True
16,4,2,0.8,0.045,1.5,wave,4121,0,0,0.7090512011647658,True
16,4,3,0.8,0.045,1.5,wave,4061,0,0,0.7096774193548387,True
16,4,4,0.8,0.045,1.5,wave,4024,0,0,0.7112326043737575,True
16,4,5,0.8,0.045,1.5,wave,3979,0,0,0.7112339783865292,True
16,4,6,0.8,0.045,1.5,wave,3932,0,0,0.7136317395727365,True
16,4,7,0.8,0.045,1.5,wave,3890,0,0,0.7149100257069408,True
16,4,8,0.8,0.045,1.5,wave,3843,0,0,0.7158469945355191,True
16,4,9,0.8,0.045,1.5,wave,3809,0,0,0.7180362299816224,True
16,4,10,0.8,0.045,1.5,wave,3755,0,0,0.7187749667110519,True
16,4,11,0.8,0.045,1.5,wave,3727,0,0,0.7204185672122351,True
16,4,12,0.8,0.045,1.5,wave,3690,0,0,0.7222222222222222,True
16,4,13,0.8,0.045,1.5,wave,3647,0,0,0.7236084452975048,True
16,4,14,0.8,0.045,1.5,wave,3612,0,0,0.7239756367663345,True
16,4,15,0.8,0.045,1.5,wave,3573,0,0,0.7246011754827876,True
16,4,16,0.8,0.045,1.5,wave,3528,0,0,0.7256235827664399,True
16,4,17,0.8,0.045,1.5,wave,3498,0,0,0.7275586049170955,True
16,4,18,0.8,0.045,1.5,wave,7066,0,0,0.3586187376167563,True
16,4,19,0.8,0.045,1.5,wave,6968,0,0,0.3605051664753157,True
16,4,20,0.8,0.045,1.5,wave,6808,0,0,0.36603995299647474,True
16,4,21,0.8,0.045,1.5,wave,6677,0,0,0.3702261494683241,True
16,4,22,0.8,0.045,1.5,wave,6503,0,0,0.37336613870521296,True
16,4,23,0.8,0.045,1.5,wave,6356,0,0,0.3761799874134676,True
16,4,24,0.8,0.045,1.5,wave,6238,0,0,0.38137223469060594,True
16,4,25,0.8,0.045,1.5,wave,6160,0,0,0.3834415584415584,True
16,4,26,0.8,0.045,1.5,wave,6052,0,0,0.3878056840713814,True
16,4,27,0.8,0.045,1.5,wave,5934,0,0,0.391304347826087,True
16,4,28,0.8,0.045,1.5,wave,5829,0,0,0.39372104992279977,True
16,4,29,0.8,0.045,1.5,wave,5714,0,0,0.3990199509975499,True
16,4,30,0.8,0.045,1.5,wave,5600,0,0,0.4042857142857143,True
16,4,31,0.8,0.045,1.5,wave,5518,0,0,0.4073939833272925,True
16,4,32,0.8,0.045,1.5,wave,5429,0,0,0.4109412414809357,True
16,4,33,0.8,0.045,1.5,wave,5357,0,0,0.4129176778047415,True
16,4,34,0.8,0.045,1.5,wave,5239,0,0,0.41820958198129415,True
16,4,35,0.8,0.045,1.5,wave,5153,0,0,0.7038618280613235,True
16,4,36,0.8,0.045,1.5,wave,5084,0,0,0.7057435090479937,True
16,4,37,0.8,0.045,1.5,wave,5008,0,0,0.7068690095846646,True
16,4,38,0.8,0.045,1.5,wave,4930,0,0,0.7091277890466532,True
16,4,39,0.8,0.045,1.5,wave,4874,0,0,0.7094788674599918,True
16,4,40,0.8,0.045,1.5,wave,4833,0,0,0.7111524932753983,True
16,4,41,0.8,0.045,1.5,wave,4914,0,0,0.71001221001221,True
16,4,42,0.8,0.045,1.5,wave,4877,0,0,0.7110928849702686,True
16,4,43,0.8,0.045,1.5,wave,4819,0,0,0.7130109981323927,False
16,4,44,0.8,0.045,1.5,wave,4776,0,0,0.7097989949748744,False
16,4,45,0.8,0.045,1.5,wave,4695,0,0,0.7092651757188498,False
16,4,46,0.8,0.045,1.5,wave,4628,0,0,0.7106741573033708,False
16,4,47,0.8,0.045,1.5,wave,4602,0,0,0.7105606258148631,False
16,4,48,0.8,0.045,1.5,wave,4569,0,0,0.7135040490260451,False
16,4,49,0.8,0.045,1.5,wave,4544,0,0,0.7132482394366197,True
16,4,50,0.8,0.045,1.5,wave,4519,0,0,0.7156450542155344,True
16,4,51,0.8,0.045,1.5,wave,4482,0,0,0.714859437751004,True
16,4,52,0.8,0.045,1.5,wave,4459,0,0,0.7160798385288181,True
16,5,1,0.8,0.045,1.5,wave,4428,0,0,0.7179313459801264,True
16,5,2,0.8,0.045,1.5,wave,4402,0,0,0.7208087233075875,True
16,5,3,0.8,0.045,1.5,wave,4363,0,0,0.7206050882420353,True
16,5,4,0.8,0.045,1.5,wave,4345,0,0,0.7240506329113924,True
16,5,5,0.8,0.045,1.5,wave,4305,0,0,0.7235772357723578,True
16,5,6,0.8,0.045,1.5,wave,4284,0,0,0.7245564892623716,True
16,5,7,0.8,0.045,1.5,wave,4236,0,0,0.7247403210576016,True
16,5,8,0.8,0.045,1.5,wave,4186,0,0,0.7243191591017678,True
16,5,9,0.8,0.045,1.5,wave,4148,0,0,0.7246865959498554,True
16,5,10,0.8,0.045,1.5,wave,4104,0,0,0.7283138401559455,True
16,5,11,0.8,0.045,1.5,wave,4065,0,0,0.72619926199262,True
16,5,12,0.8,0.045,1.5,wave,4030,0,0,0.7305210918114144,True
16,5,13,0.8,0.045,1.5,wave,3975,0,0,0.7320754716981132,True
16,5,14,0.8,0.045,1.5,wave,3952,0,0,0.7307692307692307,True
16,5,15,0.8,0.045,1.5,wave,3902,0,0,0.7332137365453614,True
16,5,16,0.8,0.045,1.5,wave,3865,0,0,0.7360931435963778,True
16,5,17,0.8,0.045,1.5,wave,3816,0,0,0.7363731656184487,True
16,5,18,0.8,0.045,1.5,wave,7808,0,0,0.35860655737704916,True
16,5,19,0.8,0.045,1.5,wave,7691,0,0,0.36003120530490185,True
16,5,20,0.8,0.045,1.5,wave,7574,0,0,0.36453657248481647,True
16,5,21,0.8,0.045,1.5,wave,7451,0,0,0.36787008455240905,True
16,5,22,0.8,0.045,1.5,wave,7335,0,0,0.37164280845262443,True
16,5,23,0.8,0.045,1.5,wave,7212,0,0,0.37271214642262895,True
16,5,24,0.8,0.045,1.5,wave,7038,0,0,0.37638533674339303,True
16,5,25,0.8,0.045,1.5,wave,6897,0,0,0.3804552704074235,True
16,5,26,0.8,0.045,1.5,wave,6783,0,0,0.38331121922453193,True
16,5,27,0.8,0.045,1.5,wave,6644,0,0,0.3869656833232992,True
16,5,28,0.8,0.045,1.5,wave,6495,0,0,0.38953040800615857,True
16,5,29,0.8,0.045,1.5,wave,6347,0,0,0.3943595399401292,True
16,5,30,0.8,0.045,1.5,wave,6202,0,0,0.39712995807803936,True
16,5,31,0.8,0.045,1.5,wave,6056,0,0,0.39993394980184943,True
16,5,32,0.8,0.045,1.5,wave,5948,0,0,0.40450571620712844,True
16,5,33,0.8,0.045,1.5,wave,5818,0,0,0.40752836026125816,True
16,5,34,0.8,0.045,1.5,wave,5712,0,0,0.41404061624649857,True
16,5,35,0.8,0.045,1.5,wave,5602,0,0,0.7051053195287398,True
16,5,36,0.8,0.045,1.5,wave,5513,0,0,0.7059677126791221,True
16,5,37,0.8,0.045,1.5,wave,5380,0,0,0.70817843866171,True
16,5,38,0.8,0.045,1.5,wave,5333,0,0,0.7082317644852804,True
16,5,39,0.8,0.045,1.5,wave,5263,0,0,0.7098612958388751,True
16,5,40,0.8,0.045,1.5,wave,5212,0,0,0.7108595548733692,True
16,5,41,0.8,0.045,1.5,wave,5204,0,0,0.7094542659492697,True
16,5,42,0.8,0.045,1.5,wave,5162,0,0,0.7136768694304533,True
16,5,43,0.8,0.045,1.5,wave,5089,0,0,0.7142857142857143,True
16,5,44,0.8,0.045,1.5,wave,5029,0,0,0.7158480811294492,True
16,5,45,0.8,0.045,1.5,wave,4998,0,0,0.7154861944777912,True
16,5,46,0.8,0.045,1.5,wave,4943,0,0,0.7167711915840582,True
16,5,47,0.8,0.045,1.5,wave,4912,0,0,0.7164087947882736,True
16,5,48,0.8,0.045,1.5,wave,4878,0,0,0.7168921689216892,False
16,5,49,0.8,0.045,1.5,wave,4851,0,0,0.7177901463615749,False
16,5,50,0.8,0.045,1.5,wave,4814,0,0,0.7168674698795181,False
16,5,51,0.8,0.045,1.5,wave,4762,0,0,0.7179756404871902,False
16,5,52,0.8,0.045,1.5,wave,4724,0,0,0.7193056731583404,True
16,6,1,0.8,0.045,1.5,wave,4688,0,0,0.7203498293515358,True
16,6,2,0.8,0.045,1.5,wave,4650,0,0,0.7219354838709677,True
16,6,3,0.8,0.045,1.5,wave,4612,0,0,0.7235472679965308,True
16,6,4,0.8,0.045,1.5,wave,4572,0,0,0.7241907261592301,True
16,6,5,0.8,0.045,1.5,wave,4538,0,0,0.7269722344645219,True
16,6,6,0.8,0.045,1.5,wave,4481,0,0,0.7286320017853157,True
16,6,7,0.8,0.045,1.5,wave,4449,0,0,0.7300516970105642,True
16,6,8,0.8,0.045,1.5,wave,4397,0,0,0.7309529224471231,True
16,6,9,0.8,0.045,1.5,wave,4373,0,0,0.7324491195975303,True
16,6,10,0.8,0.045,1.5,wave,4331,0,0,0.7335488339875318,True
16,6,11,0.8,0.045,1.5,wave,4283,0,0,0.7359327574130282,True
16,6,12,0.8,0.045,1.5,wave,4240,0,0,0.7372641509433963,True
16,6,13,0.8,0.045,1.5,wave,4216,0,0,0.7388519924098672,True
16,6,14,0.8,0.045,1.5,wave,4169,0,0,0.7392660110338211,True
16,6,15,0.8,0.045,1.5,wave,4124,0,0,0.7386032977691561,True
16,6,16,0.8,0.045,1.5,wave,4068,0,0,0.7406588003933137,True
16,6,17,0.8,0.045,1.5,wave,4028,0,0,0.7420556107249255,True
16,6,18,0.8,0.045,1.5,wave,8517,0,0,0.34871433603381474,True
16,6,19,0.8,0.045,1.5,wave,8430,0,0,0.35041518386714116,True
16,6,20,0.8,0.045,1.5,wave,8258,0,0,0.35226447081617823,True
16,6,21,0.8,0.045,1.5,wave,8088,0,0,0.3563303659742829,True
16,6,22,0.8,0.045,1.5,wave,7903,0,0,0.3610021510818677,True
16,6,23,0.8,0.045,1.5,wave,7759,0,0,0.3655110194612708,True
16,6,24,0.8,0.045,1.5,wave,7624,0,0,0.3688352570828961,True
16,6,25,0.8,0.045,1.5,wave,7444,0,0,0.37291778613648574,True
16,6,26,0.8,0.045,1.5,wave,7295,0,0,0.3758738862234407,True
16,6,27,0.8,0.045,1.5,wave,7143,0,0,0.38177236455270896,True
16,6,28,0.8,0.045,1.5,wave,7001,0,0,0.38565919154406514,True
16,6,29,0.8,0.045,1.5,wave,6853,0,0,0.3890267036334452,True
16,6,30,0.8,0.045,1.5,wave,6699,0,0,0.3960292580982236,True
16,6,31,0.8,0.045,1.5,wave,6575,0,0,0.4004562737642586,True
16,6,32,0.8,0.045,1.5,wave,6419,0,0,0.4030222776133354,True
16,6,33,0.8,0.045,1.5,wave,6292,0,0,0.40734265734265734,True
16,6,34,0.8,0.045,1.5,wave,6183,0,0,0.4120976872068575,True
16,6,35,0.8,0.045,1.5,wave,6093,0,0,0.6975217462662071,True
16,6,36,0.8,0.045,1.5,wave,5985,0,0,0.6987468671679198,True
16,6,37,0.8,0.045,1.5,wave,5851,0,0,0.7029567595282857,True
16,6,38,0.8,0.045,1.5,wave,5785,0,0,0.7042350907519447,True
16,6,39,0.8,0.045,1.5,wave,5722,0,0,0.7069206571128976,True
16,6,40,0.8,0.045,1.5,wave,5654,0,0,0.7085249380969225,True
16,6,41,0.8,0.045,1.5,wave,5720,0,0,0.7076923076923077,False
16,6,42,0.8,0.045,1.5,wave,5646,1,0,0.7086432872830323,False
16,6,43,0.8,0.045,1.5,wave,5586,1,0,0.7083780880773362,False
16,6,44,0.8,0.045,1.5,wave,5523,2,1,0.7079485786710121,False
16,6,45,0.8,0.045,1.5,wave,5446,1,0,0.7113477781858245,False
16,6,46,0.8,0.045,1.5,wave,5371,1,0,0.7119716998696705,False
16,6,47,0.8,0.045,1.5,wave,5342,1,0,0.7122800449269936,False
16,6,48,0.8,0.045,1.5,wave,5306,1,1,0.7116471918582736,False
16,6,49,0.8,0.045,1.5,wave,5287,1,1,0.7134480801967089,False
16,6,50,0.8,0.045,1.5,wave,5242,0,0,0.7157573445249905,False
16,6,51,0.8,0.045,1.5,wave,5193,0,0,0.7167340650876179,False
16,6,52,0.8,0.045,1.5,wave,5165,0,0,0.7165537270087124,False
16,7,1,0.8,0.045,1.5,wave,5106,0,0,0.717978848413631,False
16,7,2,0.8,0.045,1.5,wave,5048,0,0,0.7192947702060222,False
16,7,3,0.8,0.045,1.5,wave,4984,0,0,0.7203049759229535,False
16,7,4,0.8,0.045,1.5,wave,4945,0,0,0.7223458038422649,False
16,7,5,0.8,0.045,1.5,wave,4885,0,0,0.7226202661207779,False
16,7,6,0.8,0.045,1.5,wave,4855,0,0,0.7237899073120494,False
16,7,7,0.8,0.045,1.5,wave,4798,0,0,0.7253022092538558,False
16,7,8,0.8,0.045,1.5,wave,4751,0,0,0.7253209850557777,False
16,7,9,0.8,0.045,1.5,wave,4706,0,0,0.7258818529536761,False
16,7,10,0.8,0.045,1.5,wave,4661,0,0,0.7266680969748981,False
16,7,11,0.8,0.045,1.5,wave,4615,0,0,0.7276273022751896,False
16,7,12,0.8,0.045,1.5,wave,4564,0,0,0.728965819456617,False
16,7,13,0.8,0.045,1.5,wave,4515,0,0,0.7293466223698782,False
16,7,14,0.8,0.045,1.5,wave,4473,0,0,0.731500111781802,False
16,7,15,0.8,0.045,1.5,wave,4425,0,0,0.7328813559322034,False
16,7,16,0.8,0.045,1.5,wave,4400,0,0,0.7329545454545454,False
16,7,17,0.8,0.045,1.5,wave,4361,0,0,0.7337766567301077,False
16,7,18,0.8,0.045,1.5,wave,8770,0,0,0.36328392246294183,False
16,7,19,0.8,0.045,1.5,wave,8645,0,0,0.3664545980335454,False
16,7,20,0.8,0.045,1.5,wave,8482,0,0,0.36913463805706204,False
16,7,21,0.8,0.045,1.5,wave,8330,0,0,0.3723889555822329,False
16,7,22,0.8,0.045,1.5,wave,8204,0,0,0.3770112140419308,False
16,7,23,0.8,0.045,1.5,wave,8024,0,0,0.3794865403788634,False
16,7,24,0.8,0.045,1.5,wave,7792,0,0,0.3844969199178645,False
16,7,25,0.8,0.045,1.5,wave,7639,0,0,0.38997250949077106,False
16,7,26,0.8,0.045,1.5,wave,7501,0,0,0.39261431809092123,False
16,7,27,0.8,0.045,1.5,wave,7344,0,0,0.39651416122004357,False
16,7,28,0.8,0.045,1.5,wave,7190,0,0,0.40139082058414466,False
16,7,29,0.8,0.045,1.5,wave,7035,0,0,0.4045486851457001,False
16,7,30,0.8,0.045,1.5,wave,6894,0,0,0.4097766173484189,False
16,7,31,0.8,0.045,1.5,wave,6783,0,0,0.41382868937048506,False
16,7,32,0.8,0.045,1.5,wave,6665,0,0,0.4181545386346587,False
16,7,33,0.8,0.045,1.5,wave,6541,0,0,0.42225959333435253,False
16,7,34,0.8,0.045,1.5,wave,6436,0,0,0.42604101926662524,False
16,7,35,0.8,0.045,1.5,wave,6316,0,0,0.7146928435718809,False
16,7,36,0.8,0.045,1.5,wave,6183,0,0,0.7190684133915575,False
16,7,37,0.8,0.045,1.5,wave,6075,0,0,0.7219753086419753,False
16,7,38,0.8,0.045,1.5,wave,6014,0,0,0.7228134353175922,False
16,7,39,0.8,0.045,1.5,wave,5945,0,0,0.7251471825063078,False
16,7,40,0.8,0.045,1.5,wave,5887,0,0,0.7261763207066417,False
16,7,41,0.8,0.045,1.5,wave,5991,5,2,0.7242530462360207,False
16,7,42,0.8,0.045,1.5,wave,5967,5,2,0.7206301323948383,False
16,7,43,0.8,0.045,1.5,wave,5903,8,3,0.7199728951380654,False
16,7,44,0.8,0.045,1.5,wave,5852,7,2,0.7204374572795625,False
16,7,45,0.8,0.045,1.5,wave,5814,7,2,0.7184382524939801,False
16,7,46,0.8,0.045,1.5,wave,5698,8,3,0.7199017199017199,False
16,7,47,0.8,0.045,1.5,wave,5668,7,1,0.723712067748765,False
16,7,48,0.8,0.045,1.5,wave,5615,6,1,0.7250222617987533,False
16,7,49,0.8,0.045,1.5,wave,5574,7,3,0.7282023681377826,False
16,7,50,0.8,0.045,1.5,wave,5534,8,4,0.7269606071557644,False
16,7,51,0.8,0.045,1.5,wave,5499,10,3,0.7272231314784506,False
16,7,52,0.8,0.045,1.5,wave,5464,12,3,0.7291361639824304,False
16,8,1,0.8,0.045,1.5,wave,5432,13,2,0.7282768777614138,False
16,8,2,0.8,0.045,1.5,wave,5386,11,3,0.7302265131823246,False
16,8,3,0.8,0.045,1.5,wave,5345,14,5,0.7315247895229187,False
16,8,4,0.8,0.045,1.5,wave,5297,11,4,0.7340003775722107,False
16,8,5,0.8,0.045,1.5,wave,5252,11,4,0.7355293221629855,False
16,8,6,0.8,0.045,1.5,wave,5190,10,2,0.7371868978805395,False
16,8,7,0.8,0.045,1.5,wave,5157,8,2,0.7370564281559046,False
16,8,8,0.8,0.045,1.5,wave,5105,10,5,0.7398628795298726,False
16,8,9,0.8,0.045,1.5,wave,5055,12,4,0.7406528189910979,False
16,8,10,0.8,0.045,1.5,wave,5006,8,2,0.7447063523771474,False
16,8,11,0.8,0.045,1.5,wave,4952,8,5,0.7467689822294022,False
16,8,12,0.8,0.045,1.5,wave,4892,7,3,0.7485690923957482,False
16,8,13,0.8,0.045,1.5,wave,4856,4,1,0.749176276771005,False
16,8,14,0.8,0.045,1.5,wave,4803,7,3,0.7503643556110764,False
16,8,15,0.8,0.045,1.5,wave,4759,8,3,0.7520487497373398,False
16,8,16,0.8,0.045,1.5,wave,4698,7,1,0.7537249893571732,False
16,8,17,0.8,0.045,1.5,wave,4671,6,3,0.7563690858488546,False
16,8,18,0.8,0.045,1.5,wave,9702,8,4,0.362708719851577,False
16,8,19,0.8,0.045,1.5,wave,9598,16,1,0.36549281100229214,False
16,8,20,0.8,0.045,1.5,wave,9430,15,2,0.36924708377518556,False
16,8,21,0.8,0.045,1.5,wave,9274,20,5,0.37189993530299764,False
16,8,22,0.8,0.045,1.5,wave,9089,33,7,0.37693915722301685,False
16,8,23,0.8,0.045,1.5,wave,8867,42,13,0.38209089883838954,False
16,8,24,0.8,0.045,1.5,wave,8668,51,14,0.38601753576372866,False
16,8,25,0.8,0.045,1.5,wave,8487,57,15,0.3897725933781077,False
16,8,26,0.8,0.045,1.5,wave,8301,58,18,0.3944103120106011,False
16,8,27,0.8,0.045,1.5,wave,8089,61,19,0.3990604524663123,False
16,8,28,0.8,0.045,1.5,wave,7931,57,27,0.403227840121044,False
16,8,29,0.8,0.045,1.5,wave,7794,52,25,0.40749294328971003,False
16,8,30,0.8,0.045,1.5,wave,7629,43,17,0.411849521562459,False
16,8,31,0.8,0.045,1.5,wave,7519,43,15,0.41587977124617637,False
16,8,32,0.8,0.045,1.5,wave,7372,42,12,0.4206456863809007,False
16,8,33,0.8,0.045,1.5,wave,7252,37,12,0.4258135686707115,False
16,8,34,0.8,0.045,1.5,wave,7139,37,17,0.43045244431993274,False
16,8,35,0.8,0.045,1.5,wave,7026,41,18,0.7107884998576715,False
16,8,36,0.8,0.045,1.5,wave,6903,33,15,0.7128784586411705,False
16,8,37,0.8,0.045,1.5,wave,6783,25,13,0.7159074155978181,False
16,8,38,0.8,0.045,1.5,wave,6689,22,13,0.7180445507549709,False
16,8,39,0.8,0.045,1.5,wave,6611,18,9,0.7198608379972773,False
16,8,40,0.8,0.045,1.5,wave,6533,13,5,0.721108219807133,False
16,8,41,0.8,0.045,1.5,wave,6612,12,3,0.7189957652752571,False
16,8,42,0.8,0.045,1.5,wave,6591,14,3,0.7190107722652102,False
16,8,43,0.8,0.045,1.5,wave,6566,19,10,0.7174840085287847,False
16,8,44,0.8,0.045,1.5,wave,6478,19,10,0.7171966656375425,False
16,8,45,0.8,0.045,1.5,wave,6394,15,3,0.7186424773224899,False
16,8,46,0.8,0.045,1.5,wave,6289,10,2,0.7212593417077436,False
16,8,47,0.8,0.045,1.5,wave,6250,16,6,0.72384,False
16,8,48,0.8,0.045,1.5,wave,6225,16,6,0.7228915662650602,False
16,8,49,0.8,0.045,1.5,wave,6163,14,4,0.7238357942560442,False
16,8,50,0.8,0.045,1.5,wave,6128,14,7,0.7266644908616188,False
16,8,51,0.8,0.045,1.5,wave,6101,13,7,0.7275856416980823,False
16,8,52,0.8,0.045,1.5,wave,6066,11,5,0.7281569403231124,False
16,9,1,0.8,0.045,1.5,wave,5997,11,4,0.7303651825912957,False
16,9,2,0.8,0.045,1.5,wave,5951,14,3,0.7294572340783062,False
16,9,3,0.8,0.045,1.5,wave,5905,14,7,0.7297205757832346,False
16,9,4,0.8,0.045,1.5,wave,5851,15,9,0.7328661767219279,False
16,9,5,0.8,0.045,1.5,wave,5814,12,8,0.7339181286549707,False
16,9,6,0.8,0.045,1.5,wave,5765,10,5,0.7346053772766695,False
16,9,7,0.8,0.045,1.5,wave,5698,7,2,0.7360477360477361,False
16,9,8,0.8,0.045,1.5,wave,5634,9,1,0.7376641817536386,False
16,9,9,0.8,0.045,1.5,wave,5584,8,1,0.7378223495702005,False
16,9,10,0.8,0.045,1.5,wave,5548,12,5,0.7406272530641672,False
16,9,11,0.8,0.045,1.5,wave,5508,13,5,0.7434640522875817,False
16,9,12,0.8,0.045,1.5,wave,5447,9,5,0.7444464843032862,False
16,9,13,0.8,0.045,1.5,wave,5382,8,3,0.7469342251950948,False
16,9,14,0.8,0.045,1.5,wave,5328,5,3,0.7490615615615616,False
16,9,15,0.8,0.045,1.5,wave,5271,5,4,0.7501422879908936,False
16,9,16,0.8,0.045,1.5,wave,5217,2,1,0.75177304964539,False
16,9,17,0.8,0.045,1.5,wave,5158,1,1,0.7537805350911206,False
16,9,18,0.8,0.045,1.5,wave,10504,4,1,0.357958872810358,False
16,9,19,0.8,0.045,1.5,wave,10347,3,1,0.36097419541896203,False
16,9,20,0.8,0.045,1.5,wave,10163,14,1,0.36554167076650596,False
16,9,21,0.8,0.045,1.5,wave,9987,12,1,0.36877941323720836,False
16,9,22,0.8,0.045,1.5,wave,9816,24,4,0.37255501222493886,False
16,9,23,0.8,0.045,1.5,wave,9613,31,5,0.3774055965879538,False
16,9,24,0.8,0.045,1.5,wave,9447,41,12,0.3808616492008045,False
16,9,25,0.8,0.045,1.5,wave,9286,47,21,0.3841266422571613,False
16,9,26,0.8,0.045,1.5,wave,9122,51,18,0.387086165314624,False
16,9,27,0.8,0.045,1.5,wave,8920,53,16,0.3929372197309417,False
16,9,28,0.8,0.045,1.5,wave,8788,52,22,0.3959945380063723,False
16,9,29,0.8,0.045,1.5,wave,8628,51,25,0.3985859990727863,False
16,9,30,0.8,0.045,1.5,wave,8472,42,16,0.40297450424929177,False
16,9,31,0.8,0.045,1.5,wave,8279,39,8,0.4075371421669284,False
16,9,32,0.8,0.045,1.5,wave,8121,34,13,0.4112793990887822,False
16,9,33,0.8,0.045,1.5,wave,7983,37,18,0.41525742202179633,False
16,9,34,0.8,0.045,1.5,wave,7851,36,16,0.4195643867023309,False
16,9,35,0.8,0.045,1.5,wave,7750,31,15,0.7072258064516129,False
16,9,36,0.8,0.045,1.5,wave,7590,28,14,0.7104084321475626,False
16,9,37,0.8,0.045,1.5,wave,7426,22,9,0.713977915432265,False
16,9,38,0.8,0.045,1.5,wave,7331,18,7,0.7161369526667576,False
16,9,39,0.8,0.045,1.5,wave,7243,19,8,0.7177964931658153,False
16,9,40,0.8,0.045,1.5,wave,7150,17,6,0.7193006993006993,False
16,9,41,0.8,0.045,1.5,wave,7098,15,8,0.7186531417300648,False
16,9,42,0.8,0.045,1.5,wave,6980,17,7,0.7199140401146131,False
16,9,43,0.8,0.045,1.5,wave,6847,19,7,0.7187089236161822,False
16,9,44,0.8,0.045,1.5,wave,6796,20,6,0.7217480871100648,False
16,9,45,0.8,0.045,1.5,wave,6698,22,5,0.7240967452971037,False
16,9,46,0.8,0.045,1.5,wave,6641,22,6,0.7242885107664508,False
16,9,47,0.8,0.045,1.5,wave,6584,20,6,0.7287363304981774,False
16,9,48,0.8,0.045,1.5,wave,6566,22,10,0.7266219920804142,False
16,9,49,0.8,0.045,1.5,wave,6540,20,9,0.7267584097859328,False
16,9,50,0.8,0.045,1.5,wave,6498,15,8,0.7313019390581718,False
16,9,51,0.8,0.045,1.5,wave,6438,14,6,0.7319043181112147,False
16,9,52,0.8,0.045,1.5,wave,6389,12,3,0.735795899201753,False
16,10,1,0.8,0.045,1.5,wave,6348,11,2,0.7356647763074984,False
16,10,2,0.8,0.045,1.5,wave,6323,11,4,0.7358848647793769,False
16,10,3,0.8,0.045,1.5,wave,6279,11,6,0.738015607580825,False
16,10,4,0.8,0.045,1.5,wave,6231,9,4,0.7404910929224844,False
16,10,5,0.8,0.045,1.5,wave,6181,7,3,0.7417893544733862,False
16,10,6,0.8,0.045,1.5,wave,6118,10,3,0.743543641712978,False
16,10,7,0.8,0.045,1.5,wave,6062,9,1,0.74364896073903,False
16,10,8,0.8,0.045,1.5,wave,6000,7,0,0.746,False
16,10,9,0.8,0.045,1.5,wave,5929,7,4,0.7458256029684601,False
16,10,10,0.8,0.045,1.5,wave,5863,7,5,0.7467166979362101,False
16,10,11,0.8,0.045,1.5,wave,5799,3,1,0.7489222279703397,False
16,10,12,0.8,0.045,1.5,wave,5738,2,0,0.7509585221331474,False
16,10,13,0.8,0.045,1.5,wave,5688,2,1,0.7522855133614628,False
16,10,14,0.8,0.045,1.5,wave,5644,5,2,0.7537207654145995,False
16,10,15,0.8,0.045,1.5,wave,5589,5,2,0.755412417248166,False
16,10,16,0.8,0.045,1.5,wave,5525,5,1,0.7569230769230769,False
16,10,17,0.8,0.045,1.5,wave,5467,4,2,0.7589171391988293,False
16,10,18,0.8,0.045,1.5,wave,11377,5,3,0.3564208490814802,False
16,10,19,0.8,0.045,1.5,wave,11239,14,1,0.358572826763947,False
16,10,20,0.8,0.045,1.5,wave,11043,13,3,0.3622204111201666,False
16,10,21,0.8,0.045,1.5,wave,10855,22,4,0.36545370796867804,False
16,10,22,0.8,0.045,1.5,wave,10667,28,3,0.368425986687916,False
16,10,23,0.8,0.045,1.5,wave,10484,34,8,0.371804654711942,False
16,10,24,0.8,0.045,1.5,wave,10295,43,15,0.3757163671685284,False
16,10,25,0.8,0.045,1.5,wave,10069,43,19,0.38037540967325456,False
16,10,26,0.8,0.045,1.5,wave,9841,44,17,0.38451376892592215,False
16,10,27,0.8,0.045,1.5,wave,9655,43,14,0.3889176592439151,False
16,10,28,0.8,0.045,1.5,wave,9496,42,16,0.3922704296545914,False
16,10,29,0.8,0.045,1.5,wave,9306,39,20,0.3975929507844401,False
16,10,30,0.8,0.045,1.5,wave,9157,38,16,0.40133231407666264,False
16,10,31,0.8,0.045,1.5,wave,9004,34,13,0.40482007996446023,False
16,10,32,0.8,0.045,1.5,wave,8845,31,13,0.409383832673827,False
16,10,33,0.8,0.045,1.5,wave,8677,33,12,0.412700242019131,False
16,10,34,0.8,0.045,1.5,wave,8498,29,11,0.41739232760649564,False
16,10,35,0.8,0.045,1.5,wave,8359,31,12,0.6990070582605575,False
16,10,36,0.8,0.045,1.5,wave,8202,30,11,0.7012923677151914,False
16,10,37,0.8,0.045,1.5,wave,8037,27,12,0.703994027622247,False
16,10,38,0.8,0.045,1.5,wave,7935,29,10,0.7066162570888469,False
16,10,39,0.8,0.045,1.5,wave,7841,25,6,0.708072949878842,False
16,10,40,0.8,0.045,1.5,wave,7725,25,12,0.7101618122977347,False
16,10,41,0.8,0.045,1.5,wave,7747,27,13,0.7081450884213244,False
16,10,42,0.8,0.045,1.5,wave,7636,21,11,0.7094028287061289,False
16,10,43,0.8,0.045,1.5,wave,7486,19,10,0.7071867485973817,False
16,10,44,0.8,0.045,1.5,wave,7416,17,5,0.7110302049622438,False
16,10,45,0.8,0.045,1.5,wave,7319,15,1,0.7085667440907227,False
16,10,46,0.8,0.045,1.5,wave,7251,13,4,0.7128671907323127,False
16,10,47,0.8,0.045,1.5,wave,7194,14,8,0.7151793160967473,False
16,10,48,0.8,0.045,1.5,wave,7143,10,6,0.7153856922861542,False
16,10,49,0.8,0.045,1.5,wave,7080,9,4,0.717090395480226,False
16,10,50,0.8,0.045,1.5,wave,7006,8,3,0.7185269768769627,False
16,10,51,0.8,0.045,1.5,wave,6934,9,4,0.7183443899625036,False
16,10,52,0.8,0.045,1.5,wave,6874,9,4,0.722432353796916,False
16,11,1,0.8,0.045,1.5,wave,6837,9,2,0.7231241772707327,False
16,11,2,0.8,0.045,1.5,wave,6797,10,3,0.7244372517287039,False
16,11,3,0.8,0.045,1.5,wave,6761,12,4,0.7256323029137701,False
16,11,4,0.8,0.045,1.5,wave,6691,10,3,0.7266477357644597,False
16,11,5,0.8,0.045,1.5,wave,6628,8,6,0.7291792395896198,False
16,11,6,0.8,0.045,1.5,wave,6560,9,6,0.730030487804878,False
16,11,7,0.8,0.045,1.5,wave,6489,5,1,0.7318539066111882,False
16,11,8,0.8,0.045,1.5,wave,6441,3,3,0.7335817419655333,False
16,11,9,0.8,0.045,1.5,wave,6378,5,3,0.7343994982753215,False
16,11,10,0.8,0.045,1.5,wave,6297,2,0,0.7354295696363348,False
16,11,11,0.8,0.045,1.5,wave,6209,2,1,0.7352230632952166,False
16,11,12,0.8,0.045,1.5,wave,6139,3,1,0.7379051962860401,False
16,11,13,0.8,0.045,1.5,wave,6070,2,1,0.7405271828665568,False
16,11,14,0.8,0.045,1.5,wave,6007,3,1,0.741301814549692,False
16,11,15,0.8,0.045,1.5,wave,5922,2,2,0.7426545086119554,False
16,11,16,0.8,0.045,1.5,wave,5861,4,2,0.7437297389523972,False
16,11,17,0.8,0.045,1.5,wave,5798,2,1,0.7449120386340117,False
16,11,18,0.8,0.045,1.5,wave,12060,3,1,0.348424543946932,False
16,11,19,0.8,0.045,1.5,wave,11907,2,0,0.351641891324431,False
16,11,20,0.8,0.045,1.5,wave,11705,2,1,0.355403673643742,False
16,11,21,0.8,0.045,1.5,wave,11473,16,2,0.3591911444260438,False
16,11,22,0.8,0.045,1.5,wave,11279,22,3,0.36324142211188937,False
16,11,23,0.8,0.045,1.5,wave,11089,35,3,0.36712056993416897,False
16,11,24,0.8,0.045,1.5,wave,10905,39,5,0.3709307657038056,False
16,11,25,0.8,0.045,1.5,wave,10636,44,15,0.37532907107935315,False
16,11,26,0.8,0.045,1.5,wave,10415,47,21,0.3798367738838214,False
16,11,27,0.8,0.045,1.5,wave,10200,47,16,0.38450980392156864,False
16,11,28,0.8,0.045,1.5,wave,9990,43,12,0.3887887887887888,False
16,11,29,0.8,0.045,1.5,wave,9792,45,19,0.3925653594771242,False
16,11,30,0.8,0.045,1.5,wave,9624,46,23,0.39630091438071485,False
16,11,31,0.8,0.045,1.5,wave,9455,41,21,0.4017979904812269,False
16,11,32,0.8,0.045,1.5,wave,9274,34,16,0.40629717489756306,False
16,11,33,0.8,0.045,1.5,wave,9133,31,14,0.41016095477937153,False
16,11,34,0.8,0.045,1.5,wave,8923,30,15,0.4144346071948896,False
16,11,35,0.8,0.045,1.5,wave,8759,28,11,0.6998515812307341,False
16,11,36,0.8,0.045,1.5,wave,8580,26,14,0.7023310023310023,False
16,11,37,0.8,0.045,1.5,wave,8410,24,11,0.7060642092746731,False
16,11,38,0.8,0.045,1.5,wave,8295,18,7,0.7077757685352623,False
16,11,39,0.8,0.045,1.5,wave,8196,21,6,0.7081503172279161,False
16,11,40,0.8,0.045,1.5,wave,8089,15,4,0.7107182593645691,False
16,11,41,0.8,0.045,1.5,wave,8083,23,13,0.7112458245700853,False
16,11,42,0.8,0.045,1.5,wave,7878,20,10,0.7127443513582128,False
16,11,43,0.8,0.045,1.5,wave,7769,17,5,0.7134766379199382,False
16,11,44,0.8,0.045,1.5,wave,7690,21,8,0.7146944083224968,False
16,11,45,0.8,0.045,1.5,wave,7582,25,8,0.7149828541281984,False
16,11,46,0.8,0.045,1.5,wave,7501,21,7,0.7164378082922277,False
16,11,47,0.8,0.045,1.5,wave,7436,20,9,0.7153039268423884,False
16,11,48,0.8,0.045,1.5,wave,7392,16,11,0.7176677489177489,False
16,11,49,0.8,0.045,1.5,wave,7346,14,8,0.7199836645793629,False
16,11,50,0.8,0.045,1.5,wave,7311,8,4,0.7220626453289564,False
16,11,51,0.8,0.045,1.5,wave,7260,7,5,0.7235537190082645,False
16,11,52,0.8,0.045,1.5,wave,7187,9,3,0.7238068735216363,False
