rep,year,week,sero,disease,rate,type,total_pop,n_infected,n_symptomatic,actual_sero,elim
39,1,1,0.3,0.06,1.5,wave,2792,0,0,0.29083094555873923,True
39,1,2,0.3,0.06,1.5,wave,2751,0,0,0.2937113776808433,True
39,1,3,0.3,0.06,1.5,wave,2673,0,0,0.2944257388701833,True
39,1,4,0.3,0.06,1.5,wave,2600,0,0,0.2953846153846154,True
39,1,5,0.3,0.06,1.5,wave,2523,0,0,0.2976615140705509,True
39,1,6,0.3,0.06,1.5,wave,2479,0,0,0.29810407422347723,True
39,1,7,0.3,0.06,1.5,wave,2444,0,0,0.2978723404255319,True
39,1,8,0.3,0.06,1.5,wave,2408,0,0,0.30024916943521596,True
39,1,9,0.3,0.06,1.5,wave,2376,0,0,0.30092592592592593,True
39,1,10,0.3,0.06,1.5,wave,2346,0,0,0.30392156862745096,True
39,1,11,0.3,0.06,1.5,wave,2292,0,0,0.3036649214659686,True
39,1,12,0.3,0.06,1.5,wave,2249,0,0,0.3072476656291685,True
39,1,13,0.3,0.06,1.5,wave,2195,0,0,0.3061503416856492,True
39,1,14,0.3,0.06,1.5,wave,2177,0,0,0.3086816720257235,True
39,1,15,0.3,0.06,1.5,wave,2126,0,0,0.31326434619002824,True
39,1,16,0.3,0.06,1.5,wave,2115,0,0,0.3153664302600473,True
39,1,17,0.3,0.06,1.5,wave,2078,0,0,0.31953801732435033,True
39,1,18,0.3,0.06,1.5,wave,6001,0,0,0.11148141976337277,True
39,1,19,0.3,0.06,1.5,wave,5853,0,0,0.11293353835639842,True
39,1,20,0.3,0.06,1.5,wave,5726,0,0,0.11613691931540342,True
39,1,21,0.3,0.06,1.5,wave,5561,0,0,0.11940298507462686,True
39,1,22,0.3,0.06,1.5,wave,5402,0,0,0.12162162162162163,True
39,1,23,0.3,0.06,1.5,wave,5289,0,0,0.12459822272641331,True
39,1,24,0.3,0.06,1.5,wave,5203,0,0,0.12588891024408994,True
39,1,25,0.3,0.06,1.5,wave,5058,0,0,0.12930011862396204,True
39,1,26,0.3,0.06,1.5,wave,4960,0,0,0.13205645161290322,True
39,1,27,0.3,0.06,1.5,wave,4849,0,0,0.13301711693132603,True
39,1,28,0.3,0.06,1.5,wave,4729,0,0,0.13596954958765067,True
39,1,29,0.3,0.06,1.5,wave,4618,0,0,0.14053702901689044,True
39,1,30,0.3,0.06,1.5,wave,4498,0,0,0.14517563361494,True
39,1,31,0.3,0.06,1.5,wave,4406,0,0,0.14911484339536996,True
39,1,32,0.3,0.06,1.5,wave,4334,0,0,0.15228426395939088,True
39,1,33,0.3,0.06,1.5,wave,4245,0,0,0.1559481743227326,True
39,1,34,0.3,0.06,1.5,wave,4166,0,0,0.15818530964954391,True
39,1,35,0.3,0.06,1.5,wave,4067,0,0,0.33415293828374726,True
39,1,36,0.3,0.06,1.5,wave,3976,0,0,0.33827967806841047,True
39,1,37,0.3,0.06,1.5,wave,3888,0,0,0.3395061728395062,True
39,1,38,0.3,0.06,1.5,wave,3832,0,0,0.3397703549060543,True
39,1,39,0.3,0.06,1.5,wave,3774,0,0,0.34234234234234234,True
39,1,40,0.3,0.06,1.5,wave,3712,0,0,0.3432112068965517,True
39,1,41,0.3,0.06,1.5,wave,3785,0,0,0.3532364597093791,True
39,1,42,0.3,0.06,1.5,wave,3774,0,0,0.3516163222045575,True
39,1,43,0.3,0.06,1.5,wave,3752,0,0,0.35501066098081024,True
39,1,44,0.3,0.06,1.5,wave,3730,0,0,0.3554959785522788,True
39,1,45,0.3,0.06,1.5,wave,3711,0,0,0.3581244947453517,True
39,1,46,0.3,0.06,1.5,wave,3606,0,0,0.3574597892401553,True
39,1,47,0.3,0.06,1.5,wave,3561,0,0,0.35860713282785733,True
39,1,48,0.3,0.06,1.5,wave,3554,0,0,0.35959482273494653,True
39,1,49,0.3,0.06,1.5,wave,3517,0,0,0.362240545919818,True
39,1,50,0.3,0.06,1.5,wave,3478,0,0,0.3605520414031052,True
39,1,51,0.3,0.06,1.5,wave,3439,0,0,0.3623146263448677,True
39,1,52,0.3,0.06,1.5,wave,3385,0,0,0.3642540620384047,True
39,2,1,0.3,0.06,1.5,wave,3354,10,0,0.3664281454979129,False
39,2,2,0.3,0.06,1.5,wave,3296,10,0,0.36771844660194175,False
39,2,3,0.3,0.06,1.5,wave,3274,10,2,0.36896762370189373,False
39,2,4,0.3,0.06,1.5,wave,3223,12,4,0.3676698727893267,False
39,2,5,0.3,0.06,1.5,wave,3180,11,5,0.36792452830188677,False
39,2,6,0.3,0.06,1.5,wave,3140,9,6,0.36942675159235666,False
39,2,7,0.3,0.06,1.5,wave,3077,7,6,0.36951576210594733,False
39,2,8,0.3,0.06,1.5,wave,3045,9,3,0.37110016420361247,False
39,2,9,0.3,0.06,1.5,wave,3000,6,2,0.37266666666666665,False
39,2,10,0.3,0.06,1.5,wave,2957,6,3,0.37504227257355427,False
39,2,11,0.3,0.06,1.5,wave,2908,6,1,0.37792297111416784,False
39,2,12,0.3,0.06,1.5,wave,2865,5,3,0.37766143106457245,False
39,2,13,0.3,0.06,1.5,wave,2823,7,4,0.38150903294367694,False
39,2,14,0.3,0.06,1.5,wave,2792,4,2,0.3857449856733524,False
39,2,15,0.3,0.06,1.5,wave,2757,7,1,0.3852013057671382,False
39,2,16,0.3,0.06,1.5,wave,2721,6,1,0.388460124954061,False
39,2,17,0.3,0.06,1.5,wave,2695,9,2,0.38998144712430427,False
39,2,18,0.3,0.06,1.5,wave,4626,8,3,0.2243839169909209,False
39,2,19,0.3,0.06,1.5,wave,4538,9,5,0.2269722344645218,False
39,2,20,0.3,0.06,1.5,wave,4444,9,3,0.2295229522952295,False
39,2,21,0.3,0.06,1.5,wave,4341,5,3,0.23105275282193044,False
39,2,22,0.3,0.06,1.5,wave,4239,9,4,0.23496107572540695,False
39,2,23,0.3,0.06,1.5,wave,4150,8,3,0.23903614457831326,False
39,2,24,0.3,0.06,1.5,wave,4060,8,2,0.24236453201970443,False
39,2,25,0.3,0.06,1.5,wave,3983,6,0,0.24453929199096158,False
39,2,26,0.3,0.06,1.5,wave,3906,6,2,0.24859190988223245,False
39,2,27,0.3,0.06,1.5,wave,3842,9,3,0.25325351379489847,False
39,2,28,0.3,0.06,1.5,wave,3772,9,3,0.25530222693531285,False
39,2,29,0.3,0.06,1.5,wave,3726,9,2,0.2576489533011272,False
39,2,30,0.3,0.06,1.5,wave,3666,7,1,0.2602291325695581,False
39,2,31,0.3,0.06,1.5,wave,3590,6,2,0.26350974930362114,False
39,2,32,0.3,0.06,1.5,wave,3553,8,3,0.26484660849985925,False
39,2,33,0.3,0.06,1.5,wave,3487,9,2,0.26871236019501005,False
39,2,34,0.3,0.06,1.5,wave,3405,10,2,0.2713656387665198,False
39,2,35,0.3,0.06,1.5,wave,3340,10,4,0.4368263473053892,False
39,2,36,0.3,0.06,1.5,wave,3294,10,5,0.43989071038251365,False
39,2,37,0.3,0.06,1.5,wave,3253,8,4,0.44082385490316633,False
39,2,38,0.3,0.06,1.5,wave,3215,7,2,0.44292379471228616,False
39,2,39,0.3,0.06,1.5,wave,3179,5,0,0.4447939603648946,False
39,2,40,0.3,0.06,1.5,wave,3147,5,2,0.4458214172227518,False
39,2,41,0.3,0.06,1.5,wave,3238,7,4,0.448733786287832,False
39,2,42,0.3,0.06,1.5,wave,3250,6,2,0.452,False
39,2,43,0.3,0.06,1.5,wave,3247,5,2,0.457653218355405,False
39,2,44,0.3,0.06,1.5,wave,3251,7,3,0.46201168871116577,False
39,2,45,0.3,0.06,1.5,wave,3222,8,2,0.45716945996275604,False
39,2,46,0.3,0.06,1.5,wave,3142,7,2,0.45480585614258434,False
39,2,47,0.3,0.06,1.5,wave,3108,9,1,0.4575289575289575,False
39,2,48,0.3,0.06,1.5,wave,3096,8,0,0.4609173126614987,False
39,2,49,0.3,0.06,1.5,wave,3067,8,4,0.46071079230518425,False
39,2,50,0.3,0.06,1.5,wave,3046,9,5,0.4619172685489166,False
39,2,51,0.3,0.06,1.5,wave,3020,6,2,0.4649006622516556,False
39,2,52,0.3,0.06,1.5,wave,2978,7,1,0.46608462055070515,False
39,3,1,0.3,0.06,1.5,wave,2956,6,3,0.46583220568335587,False
39,3,2,0.3,0.06,1.5,wave,2937,6,4,0.4685052774940415,False
39,3,3,0.3,0.06,1.5,wave,2909,5,2,0.4712959779993125,False
39,3,4,0.3,0.06,1.5,wave,2899,5,2,0.47361159020351845,False
39,3,5,0.3,0.06,1.5,wave,2890,4,1,0.47474048442906575,False
39,3,6,0.3,0.06,1.5,wave,2869,3,2,0.4771697455559428,False
39,3,7,0.3,0.06,1.5,wave,2854,3,2,0.4793272599859846,False
39,3,8,0.3,0.06,1.5,wave,2828,1,1,0.4805516265912306,False
39,3,9,0.3,0.06,1.5,wave,2801,1,1,0.482327740092824,False
39,3,10,0.3,0.06,1.5,wave,2772,0,0,0.4805194805194805,True
39,3,11,0.3,0.06,1.5,wave,2769,0,0,0.48176236908631276,True
39,3,12,0.3,0.06,1.5,wave,2749,0,0,0.48563113859585305,True
39,3,13,0.3,0.06,1.5,wave,2721,0,0,0.48768834987137083,True
39,3,14,0.3,0.06,1.5,wave,2693,0,0,0.48607500928332714,True
39,3,15,0.3,0.06,1.5,wave,2672,0,0,0.48952095808383234,True
39,3,16,0.3,0.06,1.5,wave,2646,0,0,0.4935752078609221,True
39,3,17,0.3,0.06,1.5,wave,2617,0,0,0.4925487199082919,True
39,3,18,0.3,0.06,1.5,wave,5844,0,0,0.22039698836413416,True
39,3,19,0.3,0.06,1.5,wave,5748,0,0,0.22233820459290188,True
39,3,20,0.3,0.06,1.5,wave,5581,0,0,0.22684106790897687,True
39,3,21,0.3,0.06,1.5,wave,5445,0,0,0.23011937557392104,True
39,3,22,0.3,0.06,1.5,wave,5331,0,0,0.23353967360720315,True
39,3,23,0.3,0.06,1.5,wave,5201,0,0,0.23706979427033262,True
39,3,24,0.3,0.06,1.5,wave,5098,0,0,0.24107493134562574,True
39,3,25,0.3,0.06,1.5,wave,4994,0,0,0.24509411293552263,True
39,3,26,0.3,0.06,1.5,wave,4900,0,0,0.24877551020408165,True
39,3,27,0.3,0.06,1.5,wave,4796,0,0,0.2535446205170976,True
39,3,28,0.3,0.06,1.5,wave,4707,0,0,0.2560016995963459,True
39,3,29,0.3,0.06,1.5,wave,4619,0,0,0.2584975102836112,True
39,3,30,0.3,0.06,1.5,wave,4524,0,0,0.26061007957559684,True
39,3,31,0.3,0.06,1.5,wave,4430,0,0,0.26410835214446954,True
39,3,32,0.3,0.06,1.5,wave,4325,0,0,0.26867052023121385,True
39,3,33,0.3,0.06,1.5,wave,4222,0,0,0.27143533870203695,True
39,3,34,0.3,0.06,1.5,wave,4126,0,0,0.27532719340765877,True
39,3,35,0.3,0.06,1.5,wave,3996,0,0,0.42567567567567566,True
39,3,36,0.3,0.06,1.5,wave,3909,0,0,0.4274750575594781,True
39,3,37,0.3,0.06,1.5,wave,3801,0,0,0.43172849250197315,True
39,3,38,0.3,0.06,1.5,wave,3753,0,0,0.4324540367705835,True
39,3,39,0.3,0.06,1.5,wave,3696,0,0,0.4347943722943723,True
39,3,40,0.3,0.06,1.5,wave,3640,0,0,0.43543956043956045,True
39,3,41,0.3,0.06,1.5,wave,3794,0,0,0.4483394833948339,False
39,3,42,0.3,0.06,1.5,wave,3762,0,0,0.4455077086656034,False
39,3,43,0.3,0.06,1.5,wave,3772,0,0,0.44724284199363734,False
39,3,44,0.3,0.06,1.5,wave,3742,0,0,0.4548369855692143,False
39,3,45,0.3,0.06,1.5,wave,3735,0,0,0.45542168674698796,False
39,3,46,0.3,0.06,1.5,wave,3617,0,0,0.4489908764169201,False
39,3,47,0.3,0.06,1.5,wave,3591,0,0,0.45140629351155664,False
39,3,48,0.3,0.06,1.5,wave,3546,0,0,0.45290468133107725,False
39,3,49,0.3,0.06,1.5,wave,3531,0,0,0.453695836873407,False
39,3,50,0.3,0.06,1.5,wave,3519,0,0,0.45410628019323673,False
39,3,51,0.3,0.06,1.5,wave,3490,0,0,0.45759312320916906,False
39,3,52,0.3,0.06,1.5,wave,3460,0,0,0.4592485549132948,False
39,4,1,0.3,0.06,1.5,wave,3420,0,0,0.460233918128655,False
39,4,2,0.3,0.06,1.5,wave,3402,0,0,0.4626690182245738,False
39,4,3,0.3,0.06,1.5,wave,3382,0,0,0.46451803666469543,False
39,4,4,0.3,0.06,1.5,wave,3356,0,0,0.4675208581644815,False
39,4,5,0.3,0.06,1.5,wave,3331,0,0,0.46952867006904836,False
39,4,6,0.3,0.06,1.5,wave,3302,0,0,0.4715324046032707,False
39,4,7,0.3,0.06,1.5,wave,3252,0,0,0.4726322263222632,False
39,4,8,0.3,0.06,1.5,wave,3209,0,0,0.473356185727641,False
39,4,9,0.3,0.06,1.5,wave,3170,0,0,0.47381703470031544,False
39,4,10,0.3,0.06,1.5,wave,3139,0,0,0.4749920356801529,False
39,4,11,0.3,0.06,1.5,wave,3108,0,0,0.4771557271557272,False
39,4,12,0.3,0.06,1.5,wave,3067,0,0,0.47831757417671994,False
39,4,13,0.3,0.06,1.5,wave,3041,0,0,0.47944755014797763,False
39,4,14,0.3,0.06,1.5,wave,3002,0,0,0.48067954696868753,False
39,4,15,0.3,0.06,1.5,wave,2979,0,0,0.48304800268546494,False
39,4,16,0.3,0.06,1.5,wave,2944,0,0,0.485054347826087,False
39,4,17,0.3,0.06,1.5,wave,2928,0,0,0.48599726775956287,False
39,4,18,0.3,0.06,1.5,wave,6049,0,0,0.23342701272937674,False
39,4,19,0.3,0.06,1.5,wave,5976,0,0,0.23778447121820614,False
39,4,20,0.3,0.06,1.5,wave,5893,0,0,0.23892754115051756,False
39,4,21,0.3,0.06,1.5,wave,5810,0,0,0.24199655765920827,False
39,4,22,0.3,0.06,1.5,wave,5686,0,0,0.24305311290889905,False
39,4,23,0.3,0.06,1.5,wave,5552,0,0,0.2476585014409222,False
39,4,24,0.3,0.06,1.5,wave,5435,0,0,0.25206991720331184,False
39,4,25,0.3,0.06,1.5,wave,5314,0,0,0.25517500940910803,False
39,4,26,0.3,0.06,1.5,wave,5195,0,0,0.2569778633301251,False
39,4,27,0.3,0.06,1.5,wave,5087,0,0,0.2612541773147238,False
39,4,28,0.3,0.06,1.5,wave,4976,0,0,0.2642684887459807,False
39,4,29,0.3,0.06,1.5,wave,4898,1,0,0.26725193956717025,False
39,4,30,0.3,0.06,1.5,wave,4788,1,1,0.2696324143692565,False
39,4,31,0.3,0.06,1.5,wave,4700,1,1,0.2746808510638298,False
39,4,32,0.3,0.06,1.5,wave,4606,0,0,0.27768128528006947,False
39,4,33,0.3,0.06,1.5,wave,4507,0,0,0.2808963834035944,False
39,4,34,0.3,0.06,1.5,wave,4372,0,0,0.28545288197621227,False
39,4,35,0.3,0.06,1.5,wave,4261,0,0,0.4353438160056325,False
39,4,36,0.3,0.06,1.5,wave,4151,0,0,0.439412189833775,False
39,4,37,0.3,0.06,1.5,wave,4082,0,0,0.4407153356197942,False
39,4,38,0.3,0.06,1.5,wave,4019,0,0,0.443891515302314,False
39,4,39,0.3,0.06,1.5,wave,3985,0,0,0.4454203262233375,False
39,4,40,0.3,0.06,1.5,wave,3922,0,0,0.4479857215706272,False
39,4,41,0.3,0.06,1.5,wave,4008,1,1,0.45808383233532934,False
39,4,42,0.3,0.06,1.5,wave,4012,1,1,0.4591226321036889,False
39,4,43,0.3,0.06,1.5,wave,3935,0,0,0.45844980940279545,False
39,4,44,0.3,0.06,1.5,wave,3942,1,0,0.46093353627600203,False
39,4,45,0.3,0.06,1.5,wave,3942,0,0,0.46473871131405375,False
39,4,46,0.3,0.06,1.5,wave,3801,0,0,0.4619836885030255,False
39,4,47,0.3,0.06,1.5,wave,3758,0,0,0.4606173496540713,False
39,4,48,0.3,0.06,1.5,wave,3712,0,0,0.46012931034482757,False
39,4,49,0.3,0.06,1.5,wave,3676,0,0,0.46082698585418935,False
39,4,50,0.3,0.06,1.5,wave,3637,1,0,0.4624690679131152,False
39,4,51,0.3,0.06,1.5,wave,3606,0,0,0.46422628951747086,False
39,4,52,0.3,0.06,1.5,wave,3580,0,0,0.4650837988826816,False
39,5,1,0.3,0.06,1.5,wave,3551,0,0,0.46550267530273165,False
39,5,2,0.3,0.06,1.5,wave,3501,0,0,0.46872322193658955,False
39,5,3,0.3,0.06,1.5,wave,3482,0,0,0.46955772544514646,False
39,5,4,0.3,0.06,1.5,wave,3443,0,0,0.4708103398199245,False
39,5,5,0.3,0.06,1.5,wave,3408,0,0,0.4694835680751174,False
39,5,6,0.3,0.06,1.5,wave,3374,0,0,0.4712507409602845,False
39,5,7,0.3,0.06,1.5,wave,3350,0,0,0.47313432835820896,False
39,5,8,0.3,0.06,1.5,wave,3323,0,0,0.47306650616912427,False
39,5,9,0.3,0.06,1.5,wave,3300,0,0,0.4724242424242424,False
39,5,10,0.3,0.06,1.5,wave,3273,0,0,0.4723495264283532,False
39,5,11,0.3,0.06,1.5,wave,3236,0,0,0.4721878862793572,False
39,5,12,0.3,0.06,1.5,wave,3210,0,0,0.4763239875389408,False
39,5,13,0.3,0.06,1.5,wave,3182,0,0,0.4773727215587681,False
39,5,14,0.3,0.06,1.5,wave,3150,0,0,0.4803174603174603,False
39,5,15,0.3,0.06,1.5,wave,3115,0,0,0.4821829855537721,False
39,5,16,0.3,0.06,1.5,wave,3094,0,0,0.48448610213316096,False
39,5,17,0.3,0.06,1.5,wave,3055,0,0,0.48379705400982,False
39,5,18,0.3,0.06,1.5,wave,6324,0,0,0.2346616065781151,False
39,5,19,0.3,0.06,1.5,wave,6263,0,0,0.23614881047421363,False
39,5,20,0.3,0.06,1.5,wave,6155,0,0,0.2398050365556458,False
39,5,21,0.3,0.06,1.5,wave,6020,0,0,0.24385382059800664,False
39,5,22,0.3,0.06,1.5,wave,5916,0,0,0.2471264367816092,False
39,5,23,0.3,0.06,1.5,wave,5810,0,0,0.2502581755593804,False
39,5,24,0.3,0.06,1.5,wave,5731,0,0,0.2512650497295411,False
39,5,25,0.3,0.06,1.5,wave,5607,0,0,0.2553950419118958,False
39,5,26,0.3,0.06,1.5,wave,5517,0,0,0.2582925502990756,False
39,5,27,0.3,0.06,1.5,wave,5393,0,0,0.2612646022621917,False
39,5,28,0.3,0.06,1.5,wave,5267,0,0,0.2646667932409341,False
39,5,29,0.3,0.06,1.5,wave,5161,0,0,0.2673900406897888,False
39,5,30,0.3,0.06,1.5,wave,5055,0,0,0.27101879327398615,False
39,5,31,0.3,0.06,1.5,wave,4957,0,0,0.2747629614686302,False
39,5,32,0.3,0.06,1.5,wave,4865,0,0,0.2774922918807811,False
39,5,33,0.3,0.06,1.5,wave,4755,0,0,0.2801261829652997,False
39,5,34,0.3,0.06,1.5,wave,4662,0,0,0.2822822822822823,False
39,5,35,0.3,0.06,1.5,wave,4582,0,0,0.43670886075949367,False
39,5,36,0.3,0.06,1.5,wave,4425,0,0,0.4433898305084746,False
39,5,37,0.3,0.06,1.5,wave,4315,0,0,0.44889918887601393,False
39,5,38,0.3,0.06,1.5,wave,4268,0,0,0.45173383317713217,False
39,5,39,0.3,0.06,1.5,wave,4218,0,0,0.45353247984826933,False
39,5,40,0.3,0.06,1.5,wave,4156,0,0,0.45452358036573626,False
39,5,41,0.3,0.06,1.5,wave,4272,0,0,0.4627808988764045,False
39,5,42,0.3,0.06,1.5,wave,4258,0,0,0.4694692343823391,False
39,5,43,0.3,0.06,1.5,wave,4230,1,0,0.4711583924349882,False
39,5,44,0.3,0.06,1.5,wave,4245,1,1,0.4694935217903416,False
39,5,45,0.3,0.06,1.5,wave,4232,2,1,0.4732986767485822,False
39,5,46,0.3,0.06,1.5,wave,4066,1,0,0.47294638465322186,False
39,5,47,0.3,0.06,1.5,wave,4040,1,0,0.4725247524752475,False
39,5,48,0.3,0.06,1.5,wave,4029,2,0,0.4733184413005709,False
39,5,49,0.3,0.06,1.5,wave,4019,2,0,0.47300323463548144,False
39,5,50,0.3,0.06,1.5,wave,3978,1,1,0.47410759175465056,False
39,5,51,0.3,0.06,1.5,wave,3947,2,1,0.47453762351152773,False
39,5,52,0.3,0.06,1.5,wave,3920,1,0,0.475765306122449,False
39,6,1,0.3,0.06,1.5,wave,3891,1,0,0.4769982009766127,False
39,6,2,0.3,0.06,1.5,wave,3858,1,1,0.47926386728875064,False
39,6,3,0.3,0.06,1.5,wave,3821,2,1,0.4794556398848469,False
39,6,4,0.3,0.06,1.5,wave,3773,1,0,0.47945931619401005,False
39,6,5,0.3,0.06,1.5,wave,3747,1,0,0.4809180677875634,False
39,6,6,0.3,0.06,1.5,wave,3733,1,0,0.48111438521296546,False
39,6,7,0.3,0.06,1.5,wave,3690,1,1,0.483739837398374,False
39,6,8,0.3,0.06,1.5,wave,3652,1,1,0.4838444687842278,False
39,6,9,0.3,0.06,1.5,wave,3621,0,0,0.4863297431648716,True
39,6,10,0.3,0.06,1.5,wave,3579,0,0,0.48672813635093604,True
39,6,11,0.3,0.06,1.5,wave,3530,0,0,0.4875354107648725,True
39,6,12,0.3,0.06,1.5,wave,3497,0,0,0.4884186445524735,True
39,6,13,0.3,0.06,1.5,wave,3464,0,0,0.4896073903002309,True
39,6,14,0.3,0.06,1.5,wave,3420,0,0,0.4921052631578947,True
39,6,15,0.3,0.06,1.5,wave,3385,0,0,0.49423929098966024,True
39,6,16,0.3,0.06,1.5,wave,3345,0,0,0.4953662182361734,True
39,6,17,0.3,0.06,1.5,wave,3313,0,0,0.49532146091156054,True
39,6,18,0.3,0.06,1.5,wave,6904,0,0,0.23609501738122826,True
39,6,19,0.3,0.06,1.5,wave,6811,0,0,0.23858464249008957,True
39,6,20,0.3,0.06,1.5,wave,6715,0,0,0.24095309009679822,True
39,6,21,0.3,0.06,1.5,wave,6610,0,0,0.2437216338880484,True
39,6,22,0.3,0.06,1.5,wave,6499,0,0,0.24619172180335436,True
39,6,23,0.3,0.06,1.5,wave,6394,0,0,0.24913981857991868,True
39,6,24,0.3,0.06,1.5,wave,6270,0,0,0.2518341307814992,True
39,6,25,0.3,0.06,1.5,wave,6132,0,0,0.2560339204174821,True
39,6,26,0.3,0.06,1.5,wave,5997,0,0,0.25846256461564115,True
39,6,27,0.3,0.06,1.5,wave,5898,0,0,0.26076636147846727,True
39,6,28,0.3,0.06,1.5,wave,5787,0,0,0.2643856920684292,True
39,6,29,0.3,0.06,1.5,wave,5642,0,0,0.2663948954271535,True
39,6,30,0.3,0.06,1.5,wave,5516,0,0,0.2697606961566352,True
39,6,31,0.3,0.06,1.5,wave,5412,0,0,0.2712490761271249,True
39,6,32,0.3,0.06,1.5,wave,5305,0,0,0.27521206409048066,True
39,6,33,0.3,0.06,1.5,wave,5203,0,0,0.2794541610609264,True
39,6,34,0.3,0.06,1.5,wave,5095,0,0,0.2826300294406281,True
39,6,35,0.3,0.06,1.5,wave,5016,0,0,0.42145135566188197,True
39,6,36,0.3,0.06,1.5,wave,4952,0,0,0.42245557350565427,True
39,6,37,0.3,0.06,1.5,wave,4880,0,0,0.42418032786885246,True
39,6,38,0.3,0.06,1.5,wave,4826,0,0,0.42561127227517614,True
39,6,39,0.3,0.06,1.5,wave,4773,0,0,0.4288707311963126,True
39,6,40,0.3,0.06,1.5,wave,4721,0,0,0.4304172844736285,True
39,6,41,0.3,0.06,1.5,wave,4839,0,0,0.4443066749328374,True
39,6,42,0.3,0.06,1.5,wave,4818,0,0,0.4464508094645081,True
39,6,43,0.3,0.06,1.5,wave,4851,1,0,0.45083487940630795,False
39,6,44,0.3,0.06,1.5,wave,4808,1,0,0.45133111480865223,False
39,6,45,0.3,0.06,1.5,wave,4791,1,0,0.45188895846378624,False
39,6,46,0.3,0.06,1.5,wave,4626,1,0,0.4479031560743623,False
39,6,47,0.3,0.06,1.5,wave,4594,1,1,0.44993469743143233,False
39,6,48,0.3,0.06,1.5,wave,4566,8,1,0.44940867279894875,False
39,6,49,0.3,0.06,1.5,wave,4552,6,1,0.4505711775043937,False
39,6,50,0.3,0.06,1.5,wave,4502,6,1,0.4511328298533985,False
39,6,51,0.3,0.06,1.5,wave,4456,8,3,0.4533213644524237,False
39,6,52,0.3,0.06,1.5,wave,4418,9,4,0.4560887279311906,False
39,7,1,0.3,0.06,1.5,wave,4385,12,5,0.4586088939566705,False
39,7,2,0.3,0.06,1.5,wave,4341,11,2,0.45865008062658374,False
39,7,3,0.3,0.06,1.5,wave,4309,8,1,0.460431654676259,False
39,7,4,0.3,0.06,1.5,wave,4263,13,3,0.4618813042458363,False
39,7,5,0.3,0.06,1.5,wave,4212,14,2,0.4627255460588794,False
39,7,6,0.3,0.06,1.5,wave,4155,14,8,0.465222623345367,False
39,7,7,0.3,0.06,1.5,wave,4119,21,10,0.46807477543092985,False
39,7,8,0.3,0.06,1.5,wave,4087,16,7,0.46953755811108394,False
39,7,9,0.3,0.06,1.5,wave,4065,18,7,0.47207872078720786,False
39,7,10,0.3,0.06,1.5,wave,4014,17,4,0.47334329845540607,False
39,7,11,0.3,0.06,1.5,wave,3976,19,3,0.4768611670020121,False
39,7,12,0.3,0.06,1.5,wave,3934,18,9,0.4786476868327402,False
39,7,13,0.3,0.06,1.5,wave,3909,20,11,0.48094141724226147,False
39,7,14,0.3,0.06,1.5,wave,3864,13,7,0.4829192546583851,False
39,7,15,0.3,0.06,1.5,wave,3815,12,5,0.4851900393184797,False
39,7,16,0.3,0.06,1.5,wave,3767,12,4,0.4876559596495885,False
39,7,17,0.3,0.06,1.5,wave,3722,14,5,0.48871574422353575,False
39,7,18,0.3,0.06,1.5,wave,7413,14,7,0.24457034938621341,False
39,7,19,0.3,0.06,1.5,wave,7287,23,7,0.24715246329079182,False
39,7,20,0.3,0.06,1.5,wave,7104,26,8,0.25309684684684686,False
39,7,21,0.3,0.06,1.5,wave,6942,30,9,0.2564102564102564,False
39,7,22,0.3,0.06,1.5,wave,6792,30,8,0.26015901060070673,False
39,7,23,0.3,0.06,1.5,wave,6639,36,9,0.2640457900286188,False
39,7,24,0.3,0.06,1.5,wave,6492,32,12,0.2674060382008626,False
39,7,25,0.3,0.06,1.5,wave,6374,35,13,0.2701600251019768,False
39,7,26,0.3,0.06,1.5,wave,6206,34,12,0.2739284563325814,False
39,7,27,0.3,0.06,1.5,wave,6047,38,15,0.278815941789317,False
39,7,28,0.3,0.06,1.5,wave,5923,35,14,0.2816140469356745,False
39,7,29,0.3,0.06,1.5,wave,5808,36,14,0.28615702479338845,False
39,7,30,0.3,0.06,1.5,wave,5702,38,14,0.2884952648193616,False
39,7,31,0.3,0.06,1.5,wave,5572,37,13,0.2923546302943288,False
39,7,32,0.3,0.06,1.5,wave,5480,39,13,0.2965328467153285,False
39,7,33,0.3,0.06,1.5,wave,5349,34,17,0.30173864273696016,False
39,7,34,0.3,0.06,1.5,wave,5262,30,17,0.3040668947168377,False
39,7,35,0.3,0.06,1.5,wave,5149,23,14,0.4589240629248398,False
39,7,36,0.3,0.06,1.5,wave,5035,23,10,0.4617676266137041,False
39,7,37,0.3,0.06,1.5,wave,4915,16,4,0.4636826042726348,False
39,7,38,0.3,0.06,1.5,wave,4864,18,5,0.46504934210526316,False
39,7,39,0.3,0.06,1.5,wave,4797,17,7,0.46758390660829685,False
39,7,40,0.3,0.06,1.5,wave,4740,16,5,0.46919831223628694,False
39,7,41,0.3,0.06,1.5,wave,4865,13,5,0.4816032887975334,False
39,7,42,0.3,0.06,1.5,wave,4858,11,3,0.48106216550020586,False
39,7,43,0.3,0.06,1.5,wave,4849,7,3,0.48649206021860175,False
39,7,44,0.3,0.06,1.5,wave,4820,10,4,0.4850622406639004,False
39,7,45,0.3,0.06,1.5,wave,4799,7,3,0.4871848301729527,False
39,7,46,0.3,0.06,1.5,wave,4648,7,3,0.4860154905335628,False
39,7,47,0.3,0.06,1.5,wave,4620,14,7,0.48463203463203464,False
39,7,48,0.3,0.06,1.5,wave,4564,12,4,0.485977212971078,False
39,7,49,0.3,0.06,1.5,wave,4522,14,2,0.4862892525431225,False
39,7,50,0.3,0.06,1.5,wave,4499,14,3,0.48877528339631027,False
39,7,51,0.3,0.06,1.5,wave,4473,17,3,0.490498546836575,False
39,7,52,0.3,0.06,1.5,wave,4442,16,2,0.4925709140027015,False
39,8,1,0.3,0.06,1.5,wave,4403,17,9,0.4944356120826709,False
39,8,2,0.3,0.06,1.5,wave,4358,17,11,0.49678751720972925,False
39,8,3,0.3,0.06,1.5,wave,4316,9,7,0.49814643188137164,False
39,8,4,0.3,0.06,1.5,wave,4255,17,5,0.500587544065805,False
39,8,5,0.3,0.06,1.5,wave,4216,14,2,0.5014231499051234,False
39,8,6,0.3,0.06,1.5,wave,4167,17,5,0.503959683225342,False
39,8,7,0.3,0.06,1.5,wave,4126,17,7,0.5070285991274842,False
39,8,8,0.3,0.06,1.5,wave,4067,19,5,0.5079911482665356,False
39,8,9,0.3,0.06,1.5,wave,4007,19,6,0.5106064387322187,False
39,8,10,0.3,0.06,1.5,wave,3957,19,10,0.5127621935809957,False
39,8,11,0.3,0.06,1.5,wave,3921,18,9,0.5154297373119102,False
39,8,12,0.3,0.06,1.5,wave,3871,12,7,0.516920692327564,False
39,8,13,0.3,0.06,1.5,wave,3832,11,7,0.5174843423799582,False
39,8,14,0.3,0.06,1.5,wave,3788,11,4,0.5205913410770855,False
39,8,15,0.3,0.06,1.5,wave,3742,9,4,0.522447888829503,False
39,8,16,0.3,0.06,1.5,wave,3708,16,6,0.5234627831715211,False
39,8,17,0.3,0.06,1.5,wave,3658,14,7,0.5254237288135594,False
39,8,18,0.3,0.06,1.5,wave,7739,12,6,0.24654348106990567,False
39,8,19,0.3,0.06,1.5,wave,7631,18,5,0.24872231686541738,False
39,8,20,0.3,0.06,1.5,wave,7470,23,5,0.2528781793842035,False
39,8,21,0.3,0.06,1.5,wave,7294,32,5,0.25760899369344664,False
39,8,22,0.3,0.06,1.5,wave,7182,43,7,0.26079086605402396,False
39,8,23,0.3,0.06,1.5,wave,7033,60,18,0.2647518839755439,False
39,8,24,0.3,0.06,1.5,wave,6896,70,21,0.26783642691415316,False
39,8,25,0.3,0.06,1.5,wave,6730,71,20,0.2716196136701337,False
39,8,26,0.3,0.06,1.5,wave,6601,68,27,0.27480684744735645,False
39,8,27,0.3,0.06,1.5,wave,6455,61,31,0.28055770720371803,False
39,8,28,0.3,0.06,1.5,wave,6346,55,29,0.28569177434604476,False
39,8,29,0.3,0.06,1.5,wave,6186,48,20,0.28984804397025543,False
39,8,30,0.3,0.06,1.5,wave,6074,44,16,0.294698715837998,False
39,8,31,0.3,0.06,1.5,wave,5947,42,13,0.2984698167143097,False
39,8,32,0.3,0.06,1.5,wave,5804,42,14,0.3037560303239145,False
39,8,33,0.3,0.06,1.5,wave,5688,42,18,0.3066104078762307,False
39,8,34,0.3,0.06,1.5,wave,5536,35,16,0.31141618497109824,False
39,8,35,0.3,0.06,1.5,wave,5411,34,15,0.45832563296987616,False
39,8,36,0.3,0.06,1.5,wave,5300,31,13,0.46037735849056605,False
39,8,37,0.3,0.06,1.5,wave,5166,25,8,0.4639953542392567,False
39,8,38,0.3,0.06,1.5,wave,5104,25,9,0.4661050156739812,False
39,8,39,0.3,0.06,1.5,wave,5055,28,10,0.4666666666666667,False
39,8,40,0.3,0.06,1.5,wave,4986,28,10,0.4703168872843963,False
39,8,41,0.3,0.06,1.5,wave,5158,27,12,0.4798371461806902,False
39,8,42,0.3,0.06,1.5,wave,5170,24,10,0.481431334622824,False
39,8,43,0.3,0.06,1.5,wave,5133,22,6,0.4806156243911942,False
39,8,44,0.3,0.06,1.5,wave,5132,19,6,0.4857755261106781,False
39,8,45,0.3,0.06,1.5,wave,5136,22,6,0.4871495327102804,False
39,8,46,0.3,0.06,1.5,wave,4988,20,7,0.48656776263031276,False
39,8,47,0.3,0.06,1.5,wave,4977,28,9,0.48764315852923446,False
39,8,48,0.3,0.06,1.5,wave,4923,23,11,0.49014828356693074,False
39,8,49,0.3,0.06,1.5,wave,4891,25,11,0.49233285626661216,False
39,8,50,0.3,0.06,1.5,wave,4815,18,9,0.4932502596053998,False
39,8,51,0.3,0.06,1.5,wave,4768,18,11,0.49601510067114096,False
39,8,52,0.3,0.06,1.5,wave,4710,15,8,0.49851380042462845,False
39,9,1,0.3,0.06,1.5,wave,4650,16,4,0.5021505376344086,False
39,9,2,0.3,0.06,1.5,wave,4608,15,7,0.5034722222222222,False
39,9,3,0.3,0.06,1.5,wave,4568,18,9,0.5043782837127846,False
39,9,4,0.3,0.06,1.5,wave,4527,16,4,0.507179147338193,False
39,9,5,0.3,0.06,1.5,wave,4477,14,5,0.5099396917578736,False
39,9,6,0.3,0.06,1.5,wave,4433,17,7,0.5125197383261899,False
39,9,7,0.3,0.06,1.5,wave,4382,15,8,0.5143769968051118,False
39,9,8,0.3,0.06,1.5,wave,4348,13,8,0.516329346826127,False
39,9,9,0.3,0.06,1.5,wave,4301,7,5,0.5184840734712858,False
39,9,10,0.3,0.06,1.5,wave,4256,4,3,0.5209116541353384,False
39,9,11,0.3,0.06,1.5,wave,4193,3,1,0.5230145480562843,False
39,9,12,0.3,0.06,1.5,wave,4151,2,1,0.5249337509033968,False
39,9,13,0.3,0.06,1.5,wave,4114,5,2,0.5272241127856101,False
39,9,14,0.3,0.06,1.5,wave,4072,5,2,0.5265225933202358,False
39,9,15,0.3,0.06,1.5,wave,4036,5,2,0.5277502477700694,False
39,9,16,0.3,0.06,1.5,wave,3995,5,3,0.5291614518147685,False
39,9,17,0.3,0.06,1.5,wave,3958,6,4,0.5300656897422941,False
39,9,18,0.3,0.06,1.5,wave,8166,3,1,0.245530247367132,False
39,9,19,0.3,0.06,1.5,wave,8058,2,2,0.2479523454951601,False
39,9,20,0.3,0.06,1.5,wave,7847,8,2,0.2510513572065758,False
39,9,21,0.3,0.06,1.5,wave,7662,4,0,0.2556773688332028,False
39,9,22,0.3,0.06,1.5,wave,7503,4,3,0.2606957217113155,False
39,9,23,0.3,0.06,1.5,wave,7366,10,4,0.2637795275590551,False
39,9,24,0.3,0.06,1.5,wave,7235,10,1,0.2657912923289565,False
39,9,25,0.3,0.06,1.5,wave,7063,9,4,0.2699985841710321,False
39,9,26,0.3,0.06,1.5,wave,6922,14,6,0.2734758740248483,False
39,9,27,0.3,0.06,1.5,wave,6774,16,3,0.27708886920578685,False
39,9,28,0.3,0.06,1.5,wave,6619,20,5,0.28131137634083697,False
39,9,29,0.3,0.06,1.5,wave,6467,21,9,0.28498531003556515,False
39,9,30,0.3,0.06,1.5,wave,6327,23,9,0.29065908013276437,False
39,9,31,0.3,0.06,1.5,wave,6221,21,6,0.2936826876707925,False
39,9,32,0.3,0.06,1.5,wave,6114,22,6,0.29751390251880927,False
39,9,33,0.3,0.06,1.5,wave,5985,22,8,0.29974937343358393,False
39,9,34,0.3,0.06,1.5,wave,5863,20,8,0.30291659559952244,False
39,9,35,0.3,0.06,1.5,wave,5739,16,7,0.4485101934134867,False
39,9,36,0.3,0.06,1.5,wave,5653,13,4,0.45020343180612066,False
39,9,37,0.3,0.06,1.5,wave,5545,8,5,0.4539224526600541,False
39,9,38,0.3,0.06,1.5,wave,5486,8,6,0.45625227852716005,False
39,9,39,0.3,0.06,1.5,wave,5419,3,3,0.45986344343974905,False
39,9,40,0.3,0.06,1.5,wave,5362,4,2,0.46139500186497573,False
39,9,41,0.3,0.06,1.5,wave,5565,2,1,0.47008086253369274,False
39,9,42,0.3,0.06,1.5,wave,5515,4,2,0.47035358114233905,False
39,9,43,0.3,0.06,1.5,wave,5486,3,1,0.473751367116296,False
39,9,44,0.3,0.06,1.5,wave,5429,2,1,0.4763308159882115,False
39,9,45,0.3,0.06,1.5,wave,5455,3,2,0.4784601283226398,False
39,9,46,0.3,0.06,1.5,wave,5282,3,1,0.4770920106020447,False
39,9,47,0.3,0.06,1.5,wave,5230,2,1,0.4759082217973231,False
39,9,48,0.3,0.06,1.5,wave,5189,4,1,0.4785122374253228,False
39,9,49,0.3,0.06,1.5,wave,5136,3,1,0.47877725856697817,False
39,9,50,0.3,0.06,1.5,wave,5086,3,0,0.4803381832481321,False
39,9,51,0.3,0.06,1.5,wave,5061,3,1,0.48053744319304487,False
39,9,52,0.3,0.06,1.5,wave,5020,6,2,0.48306772908366535,False
39,10,1,0.3,0.06,1.5,wave,4975,8,2,0.48663316582914573,False
39,10,2,0.3,0.06,1.5,wave,4955,7,4,0.48940464177598386,False
39,10,3,0.3,0.06,1.5,wave,4910,7,3,0.4920570264765784,False
39,10,4,0.3,0.06,1.5,wave,4855,6,2,0.49392378990731206,False
39,10,5,0.3,0.06,1.5,wave,4793,10,2,0.4955142916753599,False
39,10,6,0.3,0.06,1.5,wave,4750,8,2,0.4974736842105263,False
39,10,7,0.3,0.06,1.5,wave,4689,16,5,0.4981872467477074,False
39,10,8,0.3,0.06,1.5,wave,4645,18,4,0.5001076426264801,False
39,10,9,0.3,0.06,1.5,wave,4593,20,2,0.5029392553886349,False
39,10,10,0.3,0.06,1.5,wave,4527,17,6,0.5062955599734924,False
39,10,11,0.3,0.06,1.5,wave,4495,21,11,0.5054505005561736,False
39,10,12,0.3,0.06,1.5,wave,4434,19,5,0.5083446098331078,False
39,10,13,0.3,0.06,1.5,wave,4387,14,7,0.5112833371324368,False
39,10,14,0.3,0.06,1.5,wave,4356,17,11,0.5126262626262627,False
39,10,15,0.3,0.06,1.5,wave,4297,11,6,0.5159413544333256,False
39,10,16,0.3,0.06,1.5,wave,4255,10,3,0.518213866039953,False
39,10,17,0.3,0.06,1.5,wave,4206,10,2,0.519733713742273,False
39,10,18,0.3,0.06,1.5,wave,8655,11,2,0.2465626805314847,False
39,10,19,0.3,0.06,1.5,wave,8561,20,5,0.24868590117976871,False
39,10,20,0.3,0.06,1.5,wave,8401,31,4,0.25163670991548626,False
39,10,21,0.3,0.06,1.5,wave,8186,27,8,0.2561690691424383,False
39,10,22,0.3,0.06,1.5,wave,8004,40,17,0.26049475262368815,False
39,10,23,0.3,0.06,1.5,wave,7848,48,15,0.26465341488277266,False
39,10,24,0.3,0.06,1.5,wave,7718,47,12,0.26885203420575277,False
39,10,25,0.3,0.06,1.5,wave,7574,58,15,0.2713229469236863,False
39,10,26,0.3,0.06,1.5,wave,7411,59,24,0.2749966266360815,False
39,10,27,0.3,0.06,1.5,wave,7247,54,22,0.2787360287015317,False
39,10,28,0.3,0.06,1.5,wave,7082,53,23,0.2843829426715617,False
39,10,29,0.3,0.06,1.5,wave,6941,55,21,0.287278490131105,False
39,10,30,0.3,0.06,1.5,wave,6794,49,18,0.2911392405063291,False
39,10,31,0.3,0.06,1.5,wave,6689,45,21,0.29451338017640905,False
39,10,32,0.3,0.06,1.5,wave,6569,42,18,0.2982189069873649,False
39,10,33,0.3,0.06,1.5,wave,6450,41,12,0.302015503875969,False
39,10,34,0.3,0.06,1.5,wave,6261,46,15,0.30697971570036736,False
39,10,35,0.3,0.06,1.5,wave,6106,42,19,0.44972158532590895,False
39,10,36,0.3,0.06,1.5,wave,5987,38,17,0.45431768832470354,False
39,10,37,0.3,0.06,1.5,wave,5866,34,13,0.45635867712240025,False
39,10,38,0.3,0.06,1.5,wave,5776,33,16,0.45931440443213295,False
39,10,39,0.3,0.06,1.5,wave,5696,32,12,0.460498595505618,False
39,10,40,0.3,0.06,1.5,wave,5614,27,10,0.4625935162094763,False
39,10,41,0.3,0.06,1.5,wave,5808,28,12,0.4738292011019284,False
39,10,42,0.3,0.06,1.5,wave,5775,20,10,0.47186147186147187,False
39,10,43,0.3,0.06,1.5,wave,5755,17,8,0.476107732406603,False
39,10,44,0.3,0.06,1.5,wave,5704,17,4,0.4789621318373071,False
39,10,45,0.3,0.06,1.5,wave,5683,13,6,0.47985219074432517,False
39,10,46,0.3,0.06,1.5,wave,5503,18,8,0.4757405051789933,False
39,10,47,0.3,0.06,1.5,wave,5440,17,7,0.47555147058823527,False
39,10,48,0.3,0.06,1.5,wave,5363,20,6,0.4762259929144136,False
39,10,49,0.3,0.06,1.5,wave,5294,18,6,0.4788439743105402,False
39,10,50,0.3,0.06,1.5,wave,5232,19,5,0.47993119266055045,False
39,10,51,0.3,0.06,1.5,wave,5208,15,2,0.483678955453149,False
39,10,52,0.3,0.06,1.5,wave,5153,13,4,0.4853483407723656,False
39,11,1,0.3,0.06,1.5,wave,5115,20,8,0.48778103616813295,False
39,11,2,0.3,0.06,1.5,wave,5061,27,7,0.4878482513337285,False
39,11,3,0.3,0.06,1.5,wave,5008,22,6,0.48881789137380194,False
39,11,4,0.3,0.06,1.5,wave,4945,27,9,0.4903943377148635,False
39,11,5,0.3,0.06,1.5,wave,4896,29,10,0.4910130718954248,False
39,11,6,0.3,0.06,1.5,wave,4821,28,15,0.4940883634100809,False
39,11,7,0.3,0.06,1.5,wave,4772,31,14,0.49706621961441744,False
39,11,8,0.3,0.06,1.5,wave,4723,25,10,0.4973533770908321,False
39,11,9,0.3,0.06,1.5,wave,4690,23,10,0.5,False
39,11,10,0.3,0.06,1.5,wave,4633,22,10,0.5024821929635226,False
39,11,11,0.3,0.06,1.5,wave,4595,24,12,0.5044613710554952,False
39,11,12,0.3,0.06,1.5,wave,4537,25,11,0.5073837337447653,False
39,11,13,0.3,0.06,1.5,wave,4498,23,11,0.510226767452201,False
39,11,14,0.3,0.06,1.5,wave,4442,24,8,0.510355695632598,False
39,11,15,0.3,0.06,1.5,wave,4382,19,6,0.5143769968051118,False
39,11,16,0.3,0.06,1.5,wave,4347,19,6,0.5166781688520818,False
39,11,17,0.3,0.06,1.5,wave,4296,17,5,0.5183891992551211,False
39,11,18,0.3,0.06,1.5,wave,8880,17,7,0.2436936936936937,False
39,11,19,0.3,0.06,1.5,wave,8768,32,8,0.24612226277372262,False
39,11,20,0.3,0.06,1.5,wave,8603,44,12,0.24886667441590143,False
39,11,21,0.3,0.06,1.5,wave,8380,55,15,0.25178997613365156,False
39,11,22,0.3,0.06,1.5,wave,8202,62,18,0.2559131919044136,False
39,11,23,0.3,0.06,1.5,wave,8075,62,24,0.2591950464396285,False
39,11,24,0.3,0.06,1.5,wave,7892,65,27,0.2633046122655854,False
39,11,25,0.3,0.06,1.5,wave,7723,65,28,0.2685484915188398,False
39,11,26,0.3,0.06,1.5,wave,7559,65,31,0.2729196983728006,False
39,11,27,0.3,0.06,1.5,wave,7356,62,25,0.2767808591625884,False
39,11,28,0.3,0.06,1.5,wave,7185,53,18,0.28072372999304107,False
39,11,29,0.3,0.06,1.5,wave,7030,61,18,0.2852062588904694,False
39,11,30,0.3,0.06,1.5,wave,6901,56,25,0.289088537893059,False
39,11,31,0.3,0.06,1.5,wave,6797,61,27,0.29262910107400325,False
39,11,32,0.3,0.06,1.5,wave,6652,51,18,0.29615153337342154,False
39,11,33,0.3,0.06,1.5,wave,6540,49,19,0.2989296636085627,False
39,11,34,0.3,0.06,1.5,wave,6404,45,22,0.3023110555902561,False
39,11,35,0.3,0.06,1.5,wave,6273,43,18,0.44492268452096284,False
39,11,36,0.3,0.06,1.5,wave,6145,32,11,0.4486574450772986,False
39,11,37,0.3,0.06,1.5,wave,6032,31,14,0.4496021220159151,False
39,11,38,0.3,0.06,1.5,wave,5956,31,15,0.4536601746138348,False
39,11,39,0.3,0.06,1.5,wave,5879,27,11,0.45568974315359756,False
39,11,40,0.3,0.06,1.5,wave,5792,28,9,0.45562845303867405,False
39,11,41,0.3,0.06,1.5,wave,5970,31,12,0.46700167504187606,False
39,11,42,0.3,0.06,1.5,wave,5973,28,9,0.46827389921312573,False
39,11,43,0.3,0.06,1.5,wave,5924,18,6,0.46944632005401754,False
39,11,44,0.3,0.06,1.5,wave,5913,27,12,0.469643159140876,False
39,11,45,0.3,0.06,1.5,wave,5888,36,15,0.4735054347826087,False
39,11,46,0.3,0.06,1.5,wave,5691,32,11,0.47214900720435776,False
39,11,47,0.3,0.06,1.5,wave,5618,24,7,0.4720541117835529,False
39,11,48,0.3,0.06,1.5,wave,5556,25,7,0.4742620590352772,False
39,11,49,0.3,0.06,1.5,wave,5504,31,11,0.4742005813953488,False
39,11,50,0.3,0.06,1.5,wave,5423,30,14,0.4755670293195648,False
39,11,51,0.3,0.06,1.5,wave,5350,25,9,0.4783177570093458,False
39,11,52,0.3,0.06,1.5,wave,5288,26,7,0.4795763993948563,False
