rep,year,week,sero,disease,rate,type,total_pop,n_infected,n_symptomatic,actual_sero,elim
13,1,1,0.3,0.06,2.5,wave,2814,0,0,0.2899786780383795,True
13,1,2,0.3,0.06,2.5,wave,2767,0,0,0.29382002168413446,True
13,1,3,0.3,0.06,2.5,wave,2690,0,0,0.29405204460966544,True
13,1,4,0.3,0.06,2.5,wave,2633,0,0,0.2954804405620965,True
13,1,5,0.3,0.06,2.5,wave,2572,0,0,0.29821150855365475,True
13,1,6,0.3,0.06,2.5,wave,2525,0,0,0.2994059405940594,True
13,1,7,0.3,0.06,2.5,wave,2496,0,0,0.30448717948717946,True
13,1,8,0.3,0.06,2.5,wave,2472,0,0,0.3042071197411003,True
13,1,9,0.3,0.06,2.5,wave,2430,0,0,0.3069958847736626,True
13,1,10,0.3,0.06,2.5,wave,2410,0,0,0.30456431535269707,True
13,1,11,0.3,0.06,2.5,wave,2386,0,0,0.3067896060352054,True
13,1,12,0.3,0.06,2.5,wave,2375,0,0,0.3098947368421053,True
13,1,13,0.3,0.06,2.5,wave,2347,0,0,0.30847890924584576,True
13,1,14,0.3,0.06,2.5,wave,2333,0,0,0.31075867981140165,True
13,1,15,0.3,0.06,2.5,wave,2304,0,0,0.3107638888888889,True
13,1,16,0.3,0.06,2.5,wave,2287,0,0,0.31219938784433754,True
13,1,17,0.3,0.06,2.5,wave,2271,0,0,0.3130779392338177,True
13,1,18,0.3,0.06,2.5,wave,6530,0,0,0.1110260336906585,True
13,1,19,0.3,0.06,2.5,wave,6338,0,0,0.11328494793310193,True
13,1,20,0.3,0.06,2.5,wave,6214,0,0,0.11715481171548117,True
13,1,21,0.3,0.06,2.5,wave,6110,0,0,0.11996726677577742,True
13,1,22,0.3,0.06,2.5,wave,5924,0,0,0.12238352464550979,True
13,1,23,0.3,0.06,2.5,wave,5812,0,0,0.12474191328286305,True
13,1,24,0.3,0.06,2.5,wave,5704,0,0,0.12727910238429171,True
13,1,25,0.3,0.06,2.5,wave,5561,0,0,0.12983276389138645,True
13,1,26,0.3,0.06,2.5,wave,5467,0,0,0.13188220230473752,True
13,1,27,0.3,0.06,2.5,wave,5334,0,0,0.13498312710911137,True
13,1,28,0.3,0.06,2.5,wave,5219,0,0,0.1364246024142556,True
13,1,29,0.3,0.06,2.5,wave,5123,0,0,0.13995705641225845,True
13,1,30,0.3,0.06,2.5,wave,5028,0,0,0.1433969769291965,True
13,1,31,0.3,0.06,2.5,wave,4903,0,0,0.14582908423414237,True
13,1,32,0.3,0.06,2.5,wave,4827,0,0,0.1485394655065258,True
13,1,33,0.3,0.06,2.5,wave,4737,0,0,0.14988389275913025,True
13,1,34,0.3,0.06,2.5,wave,4647,0,0,0.15429309231762428,True
13,1,35,0.3,0.06,2.5,wave,4563,0,0,0.3241288625904011,True
13,1,36,0.3,0.06,2.5,wave,4491,0,0,0.32687597417056335,True
13,1,37,0.3,0.06,2.5,wave,4415,0,0,0.3320498301245753,True
13,1,38,0.3,0.06,2.5,wave,4362,0,0,0.3340210912425493,True
13,1,39,0.3,0.06,2.5,wave,4313,0,0,0.33712033387433343,True
13,1,40,0.3,0.06,2.5,wave,4282,0,0,0.33792620270901447,True
13,1,41,0.3,0.06,2.5,wave,4332,0,0,0.3432594644506002,True
13,1,42,0.3,0.06,2.5,wave,4337,0,0,0.3456306202444086,True
13,1,43,0.3,0.06,2.5,wave,4309,0,0,0.3448595961940125,True
13,1,44,0.3,0.06,2.5,wave,4294,0,0,0.35072193758733117,True
13,1,45,0.3,0.06,2.5,wave,4291,0,0,0.34980191097646235,True
13,1,46,0.3,0.06,2.5,wave,4218,0,0,0.34732100521574205,True
13,1,47,0.3,0.06,2.5,wave,4204,0,0,0.3456232159847764,True
13,1,48,0.3,0.06,2.5,wave,4157,0,0,0.3447197498195814,True
13,1,49,0.3,0.06,2.5,wave,4134,0,0,0.34615384615384615,True
13,1,50,0.3,0.06,2.5,wave,4078,0,0,0.3464933791074056,True
13,1,51,0.3,0.06,2.5,wave,4045,0,0,0.34783683559950557,True
13,1,52,0.3,0.06,2.5,wave,4002,0,0,0.35207396301849075,True
13,2,1,0.3,0.06,2.5,wave,3926,4,0,0.35328578706062147,False
13,2,2,0.3,0.06,2.5,wave,3878,3,0,0.35456420835482205,False
13,2,3,0.3,0.06,2.5,wave,3833,3,1,0.35637881554917816,False
13,2,4,0.3,0.06,2.5,wave,3785,3,1,0.35772787318361954,False
13,2,5,0.3,0.06,2.5,wave,3748,2,0,0.3588580576307364,False
13,2,6,0.3,0.06,2.5,wave,3691,2,1,0.3595231644540775,False
13,2,7,0.3,0.06,2.5,wave,3653,3,2,0.3607993430057487,False
13,2,8,0.3,0.06,2.5,wave,3604,2,1,0.3623751387347392,False
13,2,9,0.3,0.06,2.5,wave,3563,1,0,0.36233511086163345,False
13,2,10,0.3,0.06,2.5,wave,3529,1,0,0.3646925474638708,False
13,2,11,0.3,0.06,2.5,wave,3484,1,1,0.3656716417910448,False
13,2,12,0.3,0.06,2.5,wave,3433,2,1,0.36498689193125544,False
13,2,13,0.3,0.06,2.5,wave,3391,1,0,0.3671483338248304,False
13,2,14,0.3,0.06,2.5,wave,3336,1,0,0.3675059952038369,False
13,2,15,0.3,0.06,2.5,wave,3293,1,0,0.36957181901002123,False
13,2,16,0.3,0.06,2.5,wave,3251,0,0,0.37127037834512455,False
13,2,17,0.3,0.06,2.5,wave,3213,0,0,0.3694366635543106,False
13,2,18,0.3,0.06,2.5,wave,5722,0,0,0.20622160083886754,False
13,2,19,0.3,0.06,2.5,wave,5633,0,0,0.20788212320255636,False
13,2,20,0.3,0.06,2.5,wave,5503,0,0,0.21152098855169907,False
13,2,21,0.3,0.06,2.5,wave,5397,0,0,0.2140077821011673,False
13,2,22,0.3,0.06,2.5,wave,5276,0,0,0.21664139499620924,False
13,2,23,0.3,0.06,2.5,wave,5190,0,0,0.220616570327553,False
13,2,24,0.3,0.06,2.5,wave,5117,0,0,0.22259136212624583,False
13,2,25,0.3,0.06,2.5,wave,5040,0,0,0.2244047619047619,False
13,2,26,0.3,0.06,2.5,wave,4964,0,0,0.22542304593070106,False
13,2,27,0.3,0.06,2.5,wave,4895,0,0,0.227170582226762,False
13,2,28,0.3,0.06,2.5,wave,4836,0,0,0.23097601323407774,False
13,2,29,0.3,0.06,2.5,wave,4741,0,0,0.23454967306475427,False
13,2,30,0.3,0.06,2.5,wave,4669,0,0,0.23730991647033625,False
13,2,31,0.3,0.06,2.5,wave,4554,0,0,0.2419850680720246,False
13,2,32,0.3,0.06,2.5,wave,4457,0,0,0.24253982499439083,False
13,2,33,0.3,0.06,2.5,wave,4365,0,0,0.24558991981672393,False
13,2,34,0.3,0.06,2.5,wave,4314,0,0,0.2482614742698192,False
13,2,35,0.3,0.06,2.5,wave,4231,0,0,0.41786811628456627,False
13,2,36,0.3,0.06,2.5,wave,4188,0,0,0.4200095510983763,False
13,2,37,0.3,0.06,2.5,wave,4089,0,0,0.4235754463193935,False
13,2,38,0.3,0.06,2.5,wave,4047,0,0,0.4250061774153694,False
13,2,39,0.3,0.06,2.5,wave,4000,0,0,0.427,False
13,2,40,0.3,0.06,2.5,wave,3965,0,0,0.4274905422446406,False
13,2,41,0.3,0.06,2.5,wave,4093,0,0,0.4378206694356218,False
13,2,42,0.3,0.06,2.5,wave,4074,0,0,0.43544428080510555,False
13,2,43,0.3,0.06,2.5,wave,4094,1,0,0.4406448461162677,False
13,2,44,0.3,0.06,2.5,wave,4077,1,0,0.4410105469708119,False
13,2,45,0.3,0.06,2.5,wave,4090,1,0,0.44083129584352077,False
13,2,46,0.3,0.06,2.5,wave,3987,2,0,0.43917732631050915,False
13,2,47,0.3,0.06,2.5,wave,3994,2,1,0.4399098647971958,False
13,2,48,0.3,0.06,2.5,wave,3968,5,2,0.4417842741935484,False
13,2,49,0.3,0.06,2.5,wave,3916,8,2,0.44254341164453526,False
13,2,50,0.3,0.06,2.5,wave,3852,9,3,0.4405503634475597,False
13,2,51,0.3,0.06,2.5,wave,3823,12,4,0.44258435783416167,False
13,2,52,0.3,0.06,2.5,wave,3784,12,4,0.4442389006342495,False
13,3,1,0.3,0.06,2.5,wave,3739,11,3,0.44423642685209946,False
13,3,2,0.3,0.06,2.5,wave,3704,12,5,0.4457343412526998,False
13,3,3,0.3,0.06,2.5,wave,3681,18,5,0.4474327628361858,False
13,3,4,0.3,0.06,2.5,wave,3641,15,5,0.44960175775885747,False
13,3,5,0.3,0.06,2.5,wave,3601,15,5,0.4520966398222716,False
13,3,6,0.3,0.06,2.5,wave,3566,14,6,0.4562535053280987,False
13,3,7,0.3,0.06,2.5,wave,3525,15,9,0.4573049645390071,False
13,3,8,0.3,0.06,2.5,wave,3484,9,7,0.46211251435132034,False
13,3,9,0.3,0.06,2.5,wave,3458,5,5,0.46182764603817233,False
13,3,10,0.3,0.06,2.5,wave,3417,3,2,0.4621012584138133,False
13,3,11,0.3,0.06,2.5,wave,3369,1,0,0.4651231819531018,False
13,3,12,0.3,0.06,2.5,wave,3338,1,0,0.4661473936488916,False
13,3,13,0.3,0.06,2.5,wave,3297,1,0,0.46678798908098273,False
13,3,14,0.3,0.06,2.5,wave,3263,1,1,0.4670548574931045,False
13,3,15,0.3,0.06,2.5,wave,3227,2,1,0.4691664084288813,False
13,3,16,0.3,0.06,2.5,wave,3195,1,0,0.46917057902973397,False
13,3,17,0.3,0.06,2.5,wave,3164,1,1,0.47029077117572693,False
13,3,18,0.3,0.06,2.5,wave,6879,2,1,0.21645588021514756,False
13,3,19,0.3,0.06,2.5,wave,6760,1,1,0.2190828402366864,False
13,3,20,0.3,0.06,2.5,wave,6607,10,1,0.22294536098077797,False
13,3,21,0.3,0.06,2.5,wave,6458,9,1,0.22654072468256425,False
13,3,22,0.3,0.06,2.5,wave,6350,11,2,0.22960629921259842,False
13,3,23,0.3,0.06,2.5,wave,6216,13,4,0.23278635778635778,False
13,3,24,0.3,0.06,2.5,wave,6054,19,4,0.23620746613809052,False
13,3,25,0.3,0.06,2.5,wave,5919,16,7,0.24041223179591148,False
13,3,26,0.3,0.06,2.5,wave,5792,19,6,0.24343922651933703,False
13,3,27,0.3,0.06,2.5,wave,5665,13,2,0.24801412180052956,False
13,3,28,0.3,0.06,2.5,wave,5560,19,5,0.25071942446043166,False
13,3,29,0.3,0.06,2.5,wave,5388,17,6,0.2559391239792131,False
13,3,30,0.3,0.06,2.5,wave,5296,19,5,0.2592522658610272,False
13,3,31,0.3,0.06,2.5,wave,5180,21,4,0.2631274131274131,False
13,3,32,0.3,0.06,2.5,wave,5062,19,7,0.2643224022125642,False
13,3,33,0.3,0.06,2.5,wave,4966,19,10,0.26741844542891663,False
13,3,34,0.3,0.06,2.5,wave,4851,15,8,0.2702535559678417,False
13,3,35,0.3,0.06,2.5,wave,4753,12,5,0.41258152745634336,False
13,3,36,0.3,0.06,2.5,wave,4627,9,7,0.41690079965420357,False
13,3,37,0.3,0.06,2.5,wave,4548,10,6,0.41996481970096744,False
13,3,38,0.3,0.06,2.5,wave,4484,6,2,0.4243978590544157,False
13,3,39,0.3,0.06,2.5,wave,4438,8,3,0.4256421811626859,False
13,3,40,0.3,0.06,2.5,wave,4391,10,3,0.42769300842632657,False
13,3,41,0.3,0.06,2.5,wave,4527,11,4,0.4340622929092114,False
13,3,42,0.3,0.06,2.5,wave,4514,10,3,0.4359769605671245,False
13,3,43,0.3,0.06,2.5,wave,4523,11,4,0.43820473137298255,False
13,3,44,0.3,0.06,2.5,wave,4512,11,3,0.43727836879432624,False
13,3,45,0.3,0.06,2.5,wave,4484,9,4,0.4431311329170384,False
13,3,46,0.3,0.06,2.5,wave,4360,14,5,0.4378440366972477,False
13,3,47,0.3,0.06,2.5,wave,4331,11,2,0.44100669591318403,False
13,3,48,0.3,0.06,2.5,wave,4292,15,3,0.44175209692451073,False
13,3,49,0.3,0.06,2.5,wave,4225,15,5,0.4430769230769231,False
13,3,50,0.3,0.06,2.5,wave,4181,14,7,0.44223869887586703,False
13,3,51,0.3,0.06,2.5,wave,4133,11,5,0.44108395838374065,False
13,3,52,0.3,0.06,2.5,wave,4087,9,4,0.4453144115488133,False
13,4,1,0.3,0.06,2.5,wave,4016,10,3,0.44621513944223107,False
13,4,2,0.3,0.06,2.5,wave,3986,10,5,0.4480682388359257,False
13,4,3,0.3,0.06,2.5,wave,3942,11,7,0.45256215119228815,False
13,4,4,0.3,0.06,2.5,wave,3894,8,5,0.45377503852080125,False
13,4,5,0.3,0.06,2.5,wave,3859,5,2,0.4571132417724799,False
13,4,6,0.3,0.06,2.5,wave,3804,3,0,0.4568874868559411,False
13,4,7,0.3,0.06,2.5,wave,3762,3,2,0.4590643274853801,False
13,4,8,0.3,0.06,2.5,wave,3738,5,2,0.4609416800428036,False
13,4,9,0.3,0.06,2.5,wave,3699,3,2,0.4644498513111652,False
13,4,10,0.3,0.06,2.5,wave,3652,4,3,0.4635815991237678,False
13,4,11,0.3,0.06,2.5,wave,3614,4,2,0.46319867183176533,False
13,4,12,0.3,0.06,2.5,wave,3577,4,1,0.4657534246575342,False
13,4,13,0.3,0.06,2.5,wave,3546,3,1,0.4686971235194585,False
13,4,14,0.3,0.06,2.5,wave,3516,3,3,0.46928327645051193,False
13,4,15,0.3,0.06,2.5,wave,3486,3,2,0.4713138267355135,False
13,4,16,0.3,0.06,2.5,wave,3455,1,0,0.47293777134587556,False
13,4,17,0.3,0.06,2.5,wave,3419,1,0,0.47587013746709567,False
13,4,18,0.3,0.06,2.5,wave,6875,1,0,0.23476363636363637,False
13,4,19,0.3,0.06,2.5,wave,6750,1,1,0.2391111111111111,False
13,4,20,0.3,0.06,2.5,wave,6618,3,1,0.24282260501662134,False
13,4,21,0.3,0.06,2.5,wave,6455,2,0,0.24678543764523625,False
13,4,22,0.3,0.06,2.5,wave,6339,2,0,0.24877740968607034,False
13,4,23,0.3,0.06,2.5,wave,6214,2,1,0.2520115867396202,False
13,4,24,0.3,0.06,2.5,wave,6125,7,1,0.254530612244898,False
13,4,25,0.3,0.06,2.5,wave,6005,6,0,0.25695253955037467,False
13,4,26,0.3,0.06,2.5,wave,5884,6,1,0.2605370496261047,False
13,4,27,0.3,0.06,2.5,wave,5800,11,2,0.26189655172413795,False
13,4,28,0.3,0.06,2.5,wave,5677,14,2,0.2651048088779285,False
13,4,29,0.3,0.06,2.5,wave,5511,19,6,0.26800943567410634,False
13,4,30,0.3,0.06,2.5,wave,5402,22,12,0.27156608663457976,False
13,4,31,0.3,0.06,2.5,wave,5310,19,10,0.2749529190207156,False
13,4,32,0.3,0.06,2.5,wave,5231,15,5,0.2768113171477729,False
13,4,33,0.3,0.06,2.5,wave,5121,12,4,0.27963288420230425,False
13,4,34,0.3,0.06,2.5,wave,5013,14,5,0.2828645521643726,False
13,4,35,0.3,0.06,2.5,wave,4917,14,4,0.4301403294691885,False
13,4,36,0.3,0.06,2.5,wave,4793,15,4,0.43500938869184225,False
13,4,37,0.3,0.06,2.5,wave,4687,14,4,0.4378066993812673,False
13,4,38,0.3,0.06,2.5,wave,4638,10,6,0.4409228115567055,False
13,4,39,0.3,0.06,2.5,wave,4580,10,5,0.44301310043668124,False
13,4,40,0.3,0.06,2.5,wave,4520,6,3,0.44557522123893806,False
13,4,41,0.3,0.06,2.5,wave,4744,7,4,0.4546795952782462,False
13,4,42,0.3,0.06,2.5,wave,4694,10,3,0.45696634000852154,False
13,4,43,0.3,0.06,2.5,wave,4694,6,2,0.4563272262462718,False
13,4,44,0.3,0.06,2.5,wave,4700,8,3,0.4582978723404255,False
13,4,45,0.3,0.06,2.5,wave,4706,7,3,0.45983850403739907,False
13,4,46,0.3,0.06,2.5,wave,4515,7,4,0.4566998892580288,False
13,4,47,0.3,0.06,2.5,wave,4478,8,4,0.45600714604734255,False
13,4,48,0.3,0.06,2.5,wave,4417,8,2,0.45709757754131763,False
13,4,49,0.3,0.06,2.5,wave,4379,7,2,0.4576387303037223,False
13,4,50,0.3,0.06,2.5,wave,4321,8,2,0.4579958342976163,False
13,4,51,0.3,0.06,2.5,wave,4283,7,3,0.45879056735932755,False
13,4,52,0.3,0.06,2.5,wave,4234,6,3,0.4610297590930562,False
13,5,1,0.3,0.06,2.5,wave,4178,5,3,0.4624222115844902,False
13,5,2,0.3,0.06,2.5,wave,4156,6,2,0.4653512993262753,False
13,5,3,0.3,0.06,2.5,wave,4117,6,1,0.4663589992713141,False
13,5,4,0.3,0.06,2.5,wave,4075,7,3,0.4687116564417178,False
13,5,5,0.3,0.06,2.5,wave,4035,9,4,0.46988847583643123,False
13,5,6,0.3,0.06,2.5,wave,3972,10,4,0.47129909365558914,False
13,5,7,0.3,0.06,2.5,wave,3926,13,2,0.47121752419765667,False
13,5,8,0.3,0.06,2.5,wave,3895,10,5,0.47086007702182286,False
13,5,9,0.3,0.06,2.5,wave,3857,14,6,0.4705729841845994,False
13,5,10,0.3,0.06,2.5,wave,3787,10,2,0.4731977818853974,False
13,5,11,0.3,0.06,2.5,wave,3750,7,1,0.476,False
13,5,12,0.3,0.06,2.5,wave,3703,7,3,0.4761004590872266,False
13,5,13,0.3,0.06,2.5,wave,3662,9,5,0.4795193883123976,False
13,5,14,0.3,0.06,2.5,wave,3627,5,3,0.48056244830438377,False
13,5,15,0.3,0.06,2.5,wave,3598,4,2,0.481100611450806,False
13,5,16,0.3,0.06,2.5,wave,3555,4,2,0.4849507735583685,False
13,5,17,0.3,0.06,2.5,wave,3517,5,2,0.4864941711686096,False
13,5,18,0.3,0.06,2.5,wave,7410,4,1,0.22982456140350876,False
13,5,19,0.3,0.06,2.5,wave,7308,1,0,0.2319376026272578,False
13,5,20,0.3,0.06,2.5,wave,7133,3,1,0.2351044441329034,False
13,5,21,0.3,0.06,2.5,wave,6937,6,1,0.23886406227475854,False
13,5,22,0.3,0.06,2.5,wave,6745,5,1,0.24314306893995552,False
13,5,23,0.3,0.06,2.5,wave,6589,6,2,0.24647139171346183,False
13,5,24,0.3,0.06,2.5,wave,6459,9,2,0.24941941477008825,False
13,5,25,0.3,0.06,2.5,wave,6339,7,2,0.25177472787505917,False
13,5,26,0.3,0.06,2.5,wave,6227,5,3,0.2540549221133772,False
13,5,27,0.3,0.06,2.5,wave,6085,6,3,0.25883319638455216,False
13,5,28,0.3,0.06,2.5,wave,5971,5,0,0.26143024618991795,False
13,5,29,0.3,0.06,2.5,wave,5847,5,4,0.26475115443817343,False
13,5,30,0.3,0.06,2.5,wave,5695,9,5,0.2684811237928007,False
13,5,31,0.3,0.06,2.5,wave,5546,6,1,0.2738910926794086,False
13,5,32,0.3,0.06,2.5,wave,5405,4,3,0.279740980573543,False
13,5,33,0.3,0.06,2.5,wave,5267,7,5,0.28213404214923105,False
13,5,34,0.3,0.06,2.5,wave,5175,4,2,0.2867632850241546,False
13,5,35,0.3,0.06,2.5,wave,5071,4,1,0.42950108459869846,False
13,5,36,0.3,0.06,2.5,wave,4993,2,1,0.4332064890847186,False
13,5,37,0.3,0.06,2.5,wave,4920,4,2,0.43577235772357725,False
13,5,38,0.3,0.06,2.5,wave,4848,3,1,0.4383250825082508,False
13,5,39,0.3,0.06,2.5,wave,4776,3,3,0.43844221105527637,False
13,5,40,0.3,0.06,2.5,wave,4739,2,2,0.4403882675669973,False
13,5,41,0.3,0.06,2.5,wave,4933,1,0,0.4510439894587472,False
13,5,42,0.3,0.06,2.5,wave,4950,1,0,0.4529292929292929,False
13,5,43,0.3,0.06,2.5,wave,4920,0,0,0.4560975609756098,False
13,5,44,0.3,0.06,2.5,wave,4891,0,0,0.45450828051523207,False
13,5,45,0.3,0.06,2.5,wave,4884,0,0,0.45434070434070434,False
13,5,46,0.3,0.06,2.5,wave,4698,0,0,0.4508301404853129,False
13,5,47,0.3,0.06,2.5,wave,4642,0,0,0.4515295131408876,False
13,5,48,0.3,0.06,2.5,wave,4579,0,0,0.4518453810875737,False
13,5,49,0.3,0.06,2.5,wave,4538,0,0,0.4517408550022036,False
13,5,50,0.3,0.06,2.5,wave,4469,0,0,0.45401655851420897,False
13,5,51,0.3,0.06,2.5,wave,4409,0,0,0.45543207076434566,False
13,5,52,0.3,0.06,2.5,wave,4360,0,0,0.4571100917431193,False
13,6,1,0.3,0.06,2.5,wave,4333,0,0,0.4555735056542811,False
13,6,2,0.3,0.06,2.5,wave,4299,0,0,0.45894394045126774,False
13,6,3,0.3,0.06,2.5,wave,4275,0,0,0.4608187134502924,False
13,6,4,0.3,0.06,2.5,wave,4239,0,0,0.46308091531021467,False
13,6,5,0.3,0.06,2.5,wave,4211,0,0,0.46331037758252197,False
13,6,6,0.3,0.06,2.5,wave,4162,0,0,0.4663623258049015,False
13,6,7,0.3,0.06,2.5,wave,4122,0,0,0.46652110625909754,False
13,6,8,0.3,0.06,2.5,wave,4074,0,0,0.47152675503190966,False
13,6,9,0.3,0.06,2.5,wave,4039,0,0,0.47041346868036643,False
13,6,10,0.3,0.06,2.5,wave,3999,0,0,0.4736184046011503,False
13,6,11,0.3,0.06,2.5,wave,3955,0,0,0.47661188369152974,False
13,6,12,0.3,0.06,2.5,wave,3925,0,0,0.4789808917197452,False
13,6,13,0.3,0.06,2.5,wave,3884,0,0,0.4783728115345005,False
13,6,14,0.3,0.06,2.5,wave,3847,0,0,0.48089420327527943,False
13,6,15,0.3,0.06,2.5,wave,3815,0,0,0.4815203145478375,False
13,6,16,0.3,0.06,2.5,wave,3771,0,0,0.48448687350835323,False
13,6,17,0.3,0.06,2.5,wave,3734,0,0,0.4866095340117836,False
13,6,18,0.3,0.06,2.5,wave,7632,0,0,0.23558700209643607,False
13,6,19,0.3,0.06,2.5,wave,7531,0,0,0.237285885008631,False
13,6,20,0.3,0.06,2.5,wave,7397,0,0,0.23915100716506693,False
13,6,21,0.3,0.06,2.5,wave,7229,0,0,0.2426338359385807,False
13,6,22,0.3,0.06,2.5,wave,7062,0,0,0.24653072783913904,False
13,6,23,0.3,0.06,2.5,wave,6906,0,0,0.2487691862148856,False
13,6,24,0.3,0.06,2.5,wave,6733,0,0,0.25367592455072036,False
13,6,25,0.3,0.06,2.5,wave,6619,0,0,0.25713854056504004,False
13,6,26,0.3,0.06,2.5,wave,6476,0,0,0.26127239036442246,False
13,6,27,0.3,0.06,2.5,wave,6392,0,0,0.26501877346683356,False
13,6,28,0.3,0.06,2.5,wave,6259,0,0,0.26873302444479946,False
13,6,29,0.3,0.06,2.5,wave,6173,0,0,0.27199092823586585,False
13,6,30,0.3,0.06,2.5,wave,6055,0,0,0.27431874483897606,False
13,6,31,0.3,0.06,2.5,wave,5885,0,0,0.2790144435004248,False
13,6,32,0.3,0.06,2.5,wave,5790,0,0,0.28324697754749567,False
13,6,33,0.3,0.06,2.5,wave,5667,0,0,0.2849832362802188,False
13,6,34,0.3,0.06,2.5,wave,5531,0,0,0.28982100885915746,False
13,6,35,0.3,0.06,2.5,wave,5399,0,0,0.43915539914799034,False
13,6,36,0.3,0.06,2.5,wave,5309,0,0,0.44207948766245997,False
13,6,37,0.3,0.06,2.5,wave,5210,0,0,0.4449136276391555,False
13,6,38,0.3,0.06,2.5,wave,5160,0,0,0.44728682170542633,False
13,6,39,0.3,0.06,2.5,wave,5100,0,0,0.45019607843137255,False
13,6,40,0.3,0.06,2.5,wave,5046,0,0,0.4514466904478795,False
13,6,41,0.3,0.06,2.5,wave,5297,7,6,0.4627147441948273,False
13,6,42,0.3,0.06,2.5,wave,5285,2,2,0.4681173131504257,False
13,6,43,0.3,0.06,2.5,wave,5217,1,1,0.46770174429748895,False
13,6,44,0.3,0.06,2.5,wave,5246,1,0,0.46930995043842927,False
13,6,45,0.3,0.06,2.5,wave,5173,1,0,0.4716798762806882,False
13,6,46,0.3,0.06,2.5,wave,5032,0,0,0.465818759936407,False
13,6,47,0.3,0.06,2.5,wave,4994,0,0,0.46535843011613937,False
13,6,48,0.3,0.06,2.5,wave,4920,0,0,0.466260162601626,False
13,6,49,0.3,0.06,2.5,wave,4858,0,0,0.4672704816797036,False
13,6,50,0.3,0.06,2.5,wave,4819,0,0,0.4700145258352355,False
13,6,51,0.3,0.06,2.5,wave,4751,0,0,0.47274258050936646,False
13,6,52,0.3,0.06,2.5,wave,4711,0,0,0.47378475907450646,False
13,7,1,0.3,0.06,2.5,wave,4651,0,0,0.47710169855944956,False
13,7,2,0.3,0.06,2.5,wave,4621,0,0,0.4786842674745726,False
13,7,3,0.3,0.06,2.5,wave,4575,0,0,0.47956284153005463,False
13,7,4,0.3,0.06,2.5,wave,4539,0,0,0.48116325181758096,False
13,7,5,0.3,0.06,2.5,wave,4495,0,0,0.48520578420467186,False
13,7,6,0.3,0.06,2.5,wave,4459,0,0,0.48643193541152724,False
13,7,7,0.3,0.06,2.5,wave,4422,0,0,0.4873360470375396,False
13,7,8,0.3,0.06,2.5,wave,4363,0,0,0.49071739628695854,False
13,7,9,0.3,0.06,2.5,wave,4314,0,0,0.49350950394065835,False
13,7,10,0.3,0.06,2.5,wave,4271,0,0,0.4933270896745493,False
13,7,11,0.3,0.06,2.5,wave,4218,0,0,0.4950213371266003,False
13,7,12,0.3,0.06,2.5,wave,4186,0,0,0.4961777353081701,False
13,7,13,0.3,0.06,2.5,wave,4137,0,0,0.4957698815566836,False
13,7,14,0.3,0.06,2.5,wave,4104,0,0,0.49902534113060426,False
13,7,15,0.3,0.06,2.5,wave,4055,0,0,0.5013563501849568,False
13,7,16,0.3,0.06,2.5,wave,4020,0,0,0.5009950248756219,False
13,7,17,0.3,0.06,2.5,wave,3977,0,0,0.5033945184812673,False
13,7,18,0.3,0.06,2.5,wave,8221,0,0,0.24267120788225277,False
13,7,19,0.3,0.06,2.5,wave,8107,0,0,0.24546688047366474,False
13,7,20,0.3,0.06,2.5,wave,7940,0,0,0.24798488664987406,False
13,7,21,0.3,0.06,2.5,wave,7768,0,0,0.25090113285272914,False
13,7,22,0.3,0.06,2.5,wave,7604,0,0,0.25381378221988427,False
13,7,23,0.3,0.06,2.5,wave,7417,0,0,0.2584602939193744,False
13,7,24,0.3,0.06,2.5,wave,7263,0,0,0.26187525815778606,False
13,7,25,0.3,0.06,2.5,wave,7106,0,0,0.2656909653813679,False
13,7,26,0.3,0.06,2.5,wave,6940,0,0,0.2698847262247839,False
13,7,27,0.3,0.06,2.5,wave,6829,0,0,0.27222140869819883,False
13,7,28,0.3,0.06,2.5,wave,6692,0,0,0.27510460251046026,False
13,7,29,0.3,0.06,2.5,wave,6579,0,0,0.2793737650098799,False
13,7,30,0.3,0.06,2.5,wave,6460,0,0,0.2826625386996904,False
13,7,31,0.3,0.06,2.5,wave,6355,0,0,0.28560188827694727,False
13,7,32,0.3,0.06,2.5,wave,6205,0,0,0.290088638195004,False
13,7,33,0.3,0.06,2.5,wave,6078,0,0,0.29318854886475815,False
13,7,34,0.3,0.06,2.5,wave,5948,0,0,0.29707464694014796,False
13,7,35,0.3,0.06,2.5,wave,5822,0,0,0.4345585709378221,False
13,7,36,0.3,0.06,2.5,wave,5712,0,0,0.4371498599439776,False
13,7,37,0.3,0.06,2.5,wave,5604,0,0,0.4387937187723055,False
13,7,38,0.3,0.06,2.5,wave,5538,0,0,0.4395088479595522,False
13,7,39,0.3,0.06,2.5,wave,5474,0,0,0.44190719766167336,False
13,7,40,0.3,0.06,2.5,wave,5415,0,0,0.4441366574330563,False
13,7,41,0.3,0.06,2.5,wave,5664,1,0,0.4532132768361582,False
13,7,42,0.3,0.06,2.5,wave,5656,3,1,0.45774398868458277,False
13,7,43,0.3,0.06,2.5,wave,5622,1,0,0.45624332977588045,False
13,7,44,0.3,0.06,2.5,wave,5584,1,1,0.4589899713467049,False
13,7,45,0.3,0.06,2.5,wave,5554,2,1,0.458228303925099,False
13,7,46,0.3,0.06,2.5,wave,5365,1,1,0.4564771668219944,False
13,7,47,0.3,0.06,2.5,wave,5311,1,1,0.4565995104500094,False
13,7,48,0.3,0.06,2.5,wave,5232,1,0,0.4581422018348624,False
13,7,49,0.3,0.06,2.5,wave,5169,1,0,0.4590829947765525,False
13,7,50,0.3,0.06,2.5,wave,5097,1,0,0.4581126152638807,False
13,7,51,0.3,0.06,2.5,wave,5042,0,0,0.4591431971439905,False
13,7,52,0.3,0.06,2.5,wave,4985,0,0,0.46278836509528587,False
13,8,1,0.3,0.06,2.5,wave,4917,0,0,0.46308724832214765,False
13,8,2,0.3,0.06,2.5,wave,4872,0,0,0.4649014778325123,False
13,8,3,0.3,0.06,2.5,wave,4827,0,0,0.4671638698984877,False
13,8,4,0.3,0.06,2.5,wave,4779,0,0,0.4680895584850387,False
13,8,5,0.3,0.06,2.5,wave,4739,0,0,0.4692973201097278,False
13,8,6,0.3,0.06,2.5,wave,4695,1,0,0.470926517571885,False
13,8,7,0.3,0.06,2.5,wave,4655,0,0,0.4728249194414608,False
13,8,8,0.3,0.06,2.5,wave,4618,0,0,0.4737981810307492,False
13,8,9,0.3,0.06,2.5,wave,4584,0,0,0.4755671902268761,False
13,8,10,0.3,0.06,2.5,wave,4525,0,0,0.4771270718232044,False
13,8,11,0.3,0.06,2.5,wave,4481,0,0,0.4789109573755858,False
13,8,12,0.3,0.06,2.5,wave,4424,0,0,0.4812386980108499,False
13,8,13,0.3,0.06,2.5,wave,4380,0,0,0.48333333333333334,False
13,8,14,0.3,0.06,2.5,wave,4320,0,0,0.4847222222222222,False
13,8,15,0.3,0.06,2.5,wave,4284,0,0,0.4852941176470588,False
13,8,16,0.3,0.06,2.5,wave,4236,0,0,0.48796033994334276,False
13,8,17,0.3,0.06,2.5,wave,4200,0,0,0.4897619047619048,False
13,8,18,0.3,0.06,2.5,wave,8559,0,0,0.23998130622736302,False
13,8,19,0.3,0.06,2.5,wave,8461,0,0,0.24276090296655242,False
13,8,20,0.3,0.06,2.5,wave,8293,0,0,0.24526709272880742,False
13,8,21,0.3,0.06,2.5,wave,8093,0,0,0.24947485481280118,False
13,8,22,0.3,0.06,2.5,wave,7927,0,0,0.25230225810521006,False
13,8,23,0.3,0.06,2.5,wave,7772,0,0,0.2573340195573855,False
13,8,24,0.3,0.06,2.5,wave,7606,0,0,0.2600578490665264,False
13,8,25,0.3,0.06,2.5,wave,7460,0,0,0.2626005361930295,False
13,8,26,0.3,0.06,2.5,wave,7299,0,0,0.2649678038087409,False
13,8,27,0.3,0.06,2.5,wave,7158,0,0,0.26906957250628666,False
13,8,28,0.3,0.06,2.5,wave,7023,0,0,0.2718211590488395,False
13,8,29,0.3,0.06,2.5,wave,6866,0,0,0.2752694436353044,False
13,8,30,0.3,0.06,2.5,wave,6724,0,0,0.27959547888161806,False
13,8,31,0.3,0.06,2.5,wave,6594,0,0,0.281013042159539,False
13,8,32,0.3,0.06,2.5,wave,6474,0,0,0.28282360210071056,False
13,8,33,0.3,0.06,2.5,wave,6372,0,0,0.28656622724419334,False
13,8,34,0.3,0.06,2.5,wave,6280,0,0,0.28821656050955413,False
13,8,35,0.3,0.06,2.5,wave,6152,0,0,0.43091677503250975,False
13,8,36,0.3,0.06,2.5,wave,6030,0,0,0.43333333333333335,False
13,8,37,0.3,0.06,2.5,wave,5910,0,0,0.4368866328257191,False
13,8,38,0.3,0.06,2.5,wave,5840,0,0,0.4392123287671233,False
13,8,39,0.3,0.06,2.5,wave,5784,0,0,0.4410442600276625,False
13,8,40,0.3,0.06,2.5,wave,5728,0,0,0.44256284916201116,False
13,8,41,0.3,0.06,2.5,wave,5954,1,0,0.4559959690964058,False
13,8,42,0.3,0.06,2.5,wave,5944,1,0,0.45625841184387617,False
13,8,43,0.3,0.06,2.5,wave,5907,3,1,0.45725410529879806,False
13,8,44,0.3,0.06,2.5,wave,5911,2,1,0.46100490610725764,False
13,8,45,0.3,0.06,2.5,wave,5886,1,0,0.46228338430173294,False
13,8,46,0.3,0.06,2.5,wave,5648,2,0,0.45679886685552407,False
13,8,47,0.3,0.06,2.5,wave,5567,2,0,0.458774923657266,False
13,8,48,0.3,0.06,2.5,wave,5487,1,1,0.4592673592126845,False
13,8,49,0.3,0.06,2.5,wave,5424,1,1,0.46073008849557523,False
13,8,50,0.3,0.06,2.5,wave,5363,0,0,0.4622412828640686,False
13,8,51,0.3,0.06,2.5,wave,5309,0,0,0.46392917686946694,False
13,8,52,0.3,0.06,2.5,wave,5237,0,0,0.4624785182356311,False
13,9,1,0.3,0.06,2.5,wave,5195,0,0,0.46737247353224254,False
13,9,2,0.3,0.06,2.5,wave,5134,0,0,0.4678613167121153,False
13,9,3,0.3,0.06,2.5,wave,5089,0,0,0.4706229121634899,False
13,9,4,0.3,0.06,2.5,wave,5051,0,0,0.4709958424074441,False
13,9,5,0.3,0.06,2.5,wave,4999,0,0,0.47149429885977195,False
13,9,6,0.3,0.06,2.5,wave,4960,0,0,0.4717741935483871,False
13,9,7,0.3,0.06,2.5,wave,4907,0,0,0.47503566333808844,False
13,9,8,0.3,0.06,2.5,wave,4860,0,0,0.4759259259259259,False
13,9,9,0.3,0.06,2.5,wave,4819,0,0,0.47873002697655115,False
13,9,10,0.3,0.06,2.5,wave,4772,0,0,0.480092204526404,False
13,9,11,0.3,0.06,2.5,wave,4723,0,0,0.47999153080669066,False
13,9,12,0.3,0.06,2.5,wave,4672,0,0,0.4815924657534247,False
13,9,13,0.3,0.06,2.5,wave,4637,0,0,0.4830709510459349,False
13,9,14,0.3,0.06,2.5,wave,4585,0,0,0.4846237731733915,False
13,9,15,0.3,0.06,2.5,wave,4549,0,0,0.4867003737085074,False
13,9,16,0.3,0.06,2.5,wave,4501,0,0,0.48811375249944455,False
13,9,17,0.3,0.06,2.5,wave,4442,0,0,0.4907699234579018,False
13,9,18,0.3,0.06,2.5,wave,9001,0,0,0.23075213865126096,False
13,9,19,0.3,0.06,2.5,wave,8878,0,0,0.23338589772471277,False
13,9,20,0.3,0.06,2.5,wave,8703,0,0,0.23486154199701254,False
13,9,21,0.3,0.06,2.5,wave,8555,0,0,0.2374050263004091,False
13,9,22,0.3,0.06,2.5,wave,8341,0,0,0.24229708668025415,False
13,9,23,0.3,0.06,2.5,wave,8217,0,0,0.244249726177437,False
13,9,24,0.3,0.06,2.5,wave,8089,0,0,0.24786747434787984,False
13,9,25,0.3,0.06,2.5,wave,7923,0,0,0.2504101981572637,False
13,9,26,0.3,0.06,2.5,wave,7781,0,0,0.2529237887161033,False
13,9,27,0.3,0.06,2.5,wave,7623,0,0,0.25580480125934674,False
13,9,28,0.3,0.06,2.5,wave,7475,0,0,0.2591304347826087,False
13,9,29,0.3,0.06,2.5,wave,7319,0,0,0.26287744227353466,False
13,9,30,0.3,0.06,2.5,wave,7214,0,0,0.2653174383143887,False
13,9,31,0.3,0.06,2.5,wave,7095,0,0,0.2673713883016209,False
13,9,32,0.3,0.06,2.5,wave,6978,0,0,0.2705646316996274,False
13,9,33,0.3,0.06,2.5,wave,6861,0,0,0.2729922751785454,False
13,9,34,0.3,0.06,2.5,wave,6735,0,0,0.2757238307349666,False
13,9,35,0.3,0.06,2.5,wave,6616,0,0,0.4365175332527207,False
13,9,36,0.3,0.06,2.5,wave,6502,0,0,0.4375576745616733,False
13,9,37,0.3,0.06,2.5,wave,6379,0,0,0.44160526728327326,False
13,9,38,0.3,0.06,2.5,wave,6296,0,0,0.4445679796696315,False
13,9,39,0.3,0.06,2.5,wave,6247,0,0,0.4472546822474788,False
13,9,40,0.3,0.06,2.5,wave,6189,0,0,0.4482145742446276,False
13,9,41,0.3,0.06,2.5,wave,6423,2,1,0.45773003269500234,False
13,9,42,0.3,0.06,2.5,wave,6384,3,1,0.45551378446115287,False
13,9,43,0.3,0.06,2.5,wave,6359,0,0,0.4590344393772606,False
13,9,44,0.3,0.06,2.5,wave,6328,3,2,0.46033501896333756,False
13,9,45,0.3,0.06,2.5,wave,6258,2,0,0.45845317992969,False
13,9,46,0.3,0.06,2.5,wave,6039,0,0,0.45603576751117736,False
13,9,47,0.3,0.06,2.5,wave,5977,0,0,0.4572528024092354,False
13,9,48,0.3,0.06,2.5,wave,5914,0,0,0.45823469732837335,False
13,9,49,0.3,0.06,2.5,wave,5842,0,0,0.46062992125984253,False
13,9,50,0.3,0.06,2.5,wave,5790,0,0,0.4620034542314335,False
13,9,51,0.3,0.06,2.5,wave,5729,0,0,0.46308256240181533,False
13,9,52,0.3,0.06,2.5,wave,5663,0,0,0.46318205897933956,False
13,10,1,0.3,0.06,2.5,wave,5609,0,0,0.46336245320021396,False
13,10,2,0.3,0.06,2.5,wave,5555,0,0,0.46516651665166514,False
13,10,3,0.3,0.06,2.5,wave,5482,0,0,0.4649762860269974,False
13,10,4,0.3,0.06,2.5,wave,5446,0,0,0.46694821887623944,False
13,10,5,0.3,0.06,2.5,wave,5374,0,0,0.47059918124302197,False
13,10,6,0.3,0.06,2.5,wave,5356,0,0,0.47143390589992534,False
13,10,7,0.3,0.06,2.5,wave,5294,0,0,0.4743105402342274,False
13,10,8,0.3,0.06,2.5,wave,5251,0,0,0.47648067034850505,False
13,10,9,0.3,0.06,2.5,wave,5194,0,0,0.4782441278398152,False
13,10,10,0.3,0.06,2.5,wave,5151,0,0,0.48010095127159774,False
13,10,11,0.3,0.06,2.5,wave,5097,0,0,0.4820482636845203,False
13,10,12,0.3,0.06,2.5,wave,5030,0,0,0.4834990059642147,False
13,10,13,0.3,0.06,2.5,wave,4980,0,0,0.4855421686746988,False
13,10,14,0.3,0.06,2.5,wave,4937,0,0,0.48612517723313753,False
13,10,15,0.3,0.06,2.5,wave,4878,0,0,0.488109881098811,False
13,10,16,0.3,0.06,2.5,wave,4824,0,0,0.49087893864013266,False
13,10,17,0.3,0.06,2.5,wave,4774,0,0,0.4937159614578969,False
13,10,18,0.3,0.06,2.5,wave,9773,0,0,0.2338074286298987,False
13,10,19,0.3,0.06,2.5,wave,9637,0,0,0.2353429490505344,False
13,10,20,0.3,0.06,2.5,wave,9470,0,0,0.23833157338965152,False
13,10,21,0.3,0.06,2.5,wave,9304,0,0,0.24258383490971624,False
13,10,22,0.3,0.06,2.5,wave,9091,0,0,0.24661753382466176,False
13,10,23,0.3,0.06,2.5,wave,8921,0,0,0.249971976235848,False
13,10,24,0.3,0.06,2.5,wave,8758,0,0,0.25325416761817765,False
13,10,25,0.3,0.06,2.5,wave,8594,0,0,0.2565743542006051,False
13,10,26,0.3,0.06,2.5,wave,8458,0,0,0.2593993851974462,False
13,10,27,0.3,0.06,2.5,wave,8302,0,0,0.2633100457721031,False
13,10,28,0.3,0.06,2.5,wave,8134,0,0,0.26653552987460044,False
13,10,29,0.3,0.06,2.5,wave,7975,0,0,0.2702194357366771,False
13,10,30,0.3,0.06,2.5,wave,7826,0,0,0.27319192435471507,False
13,10,31,0.3,0.06,2.5,wave,7697,0,0,0.2760815902299597,False
13,10,32,0.3,0.06,2.5,wave,7543,0,0,0.27972955057669363,False
13,10,33,0.3,0.06,2.5,wave,7369,0,0,0.2847062016555842,False
13,10,34,0.3,0.06,2.5,wave,7231,0,0,0.28695892684276036,False
13,10,35,0.3,0.06,2.5,wave,7115,0,0,0.43345045678144767,False
13,10,36,0.3,0.06,2.5,wave,6998,0,0,0.43726779079737066,False
13,10,37,0.3,0.06,2.5,wave,6887,0,0,0.43908813706984173,False
13,10,38,0.3,0.06,2.5,wave,6809,0,0,0.4410339256865913,False
13,10,39,0.3,0.06,2.5,wave,6733,0,0,0.44289321253527403,False
13,10,40,0.3,0.06,2.5,wave,6659,0,0,0.44481153326325273,False
13,10,41,0.3,0.06,2.5,wave,6868,6,3,0.45369831100757135,False
13,10,42,0.3,0.06,2.5,wave,6847,5,1,0.45742661019424563,False
13,10,43,0.3,0.06,2.5,wave,6782,9,3,0.4603361840165143,False
13,10,44,0.3,0.06,2.5,wave,6739,12,3,0.4626799228372162,False
13,10,45,0.3,0.06,2.5,wave,6676,6,2,0.46195326542840026,False
13,10,46,0.3,0.06,2.5,wave,6486,7,1,0.4597594819611471,False
13,10,47,0.3,0.06,2.5,wave,6386,6,3,0.4608518634512997,False
13,10,48,0.3,0.06,2.5,wave,6330,8,5,0.4627172195892575,False
13,10,49,0.3,0.06,2.5,wave,6275,12,5,0.46677290836653385,False
13,10,50,0.3,0.06,2.5,wave,6230,13,2,0.46837881219903693,False
13,10,51,0.3,0.06,2.5,wave,6169,11,0,0.46847138920408493,False
13,10,52,0.3,0.06,2.5,wave,6105,12,7,0.4720720720720721,False
13,11,1,0.3,0.06,2.5,wave,6060,16,9,0.47376237623762374,False
13,11,2,0.3,0.06,2.5,wave,6020,11,5,0.4749169435215947,False
13,11,3,0.3,0.06,2.5,wave,5961,10,5,0.4762623720852206,False
13,11,4,0.3,0.06,2.5,wave,5900,7,4,0.48,False
13,11,5,0.3,0.06,2.5,wave,5836,7,2,0.48166552433173404,False
13,11,6,0.3,0.06,2.5,wave,5789,4,1,0.4807393332181724,False
13,11,7,0.3,0.06,2.5,wave,5705,5,1,0.4820333041191937,False
13,11,8,0.3,0.06,2.5,wave,5661,4,2,0.48472001413177884,False
13,11,9,0.3,0.06,2.5,wave,5619,6,2,0.48816515394198257,False
13,11,10,0.3,0.06,2.5,wave,5561,4,2,0.49055925193310557,False
13,11,11,0.3,0.06,2.5,wave,5511,9,3,0.4924696062420613,False
13,11,12,0.3,0.06,2.5,wave,5460,10,2,0.4946886446886447,False
13,11,13,0.3,0.06,2.5,wave,5404,11,2,0.4953737971872687,False
13,11,14,0.3,0.06,2.5,wave,5350,11,5,0.49794392523364484,False
13,11,15,0.3,0.06,2.5,wave,5290,11,5,0.4986767485822306,False
13,11,16,0.3,0.06,2.5,wave,5236,9,5,0.5,False
13,11,17,0.3,0.06,2.5,wave,5179,9,6,0.5037652056381541,False
13,11,18,0.3,0.06,2.5,wave,10689,5,3,0.2352886144634671,False
13,11,19,0.3,0.06,2.5,wave,10580,9,1,0.23620037807183364,False
13,11,20,0.3,0.06,2.5,wave,10362,7,1,0.23923952904844625,False
13,11,21,0.3,0.06,2.5,wave,10123,14,2,0.24301096512891435,False
13,11,22,0.3,0.06,2.5,wave,9943,17,5,0.24549934627376044,False
13,11,23,0.3,0.06,2.5,wave,9733,20,5,0.24884413849789377,False
13,11,24,0.3,0.06,2.5,wave,9533,23,2,0.2512325605790412,False
13,11,25,0.3,0.06,2.5,wave,9402,28,5,0.25313763029142733,False
13,11,26,0.3,0.06,2.5,wave,9250,36,15,0.2562162162162162,False
13,11,27,0.3,0.06,2.5,wave,9032,37,15,0.2602967227635075,False
13,11,28,0.3,0.06,2.5,wave,8810,27,16,0.264472190692395,False
13,11,29,0.3,0.06,2.5,wave,8653,26,16,0.2676528371663007,False
13,11,30,0.3,0.06,2.5,wave,8483,19,5,0.27101261346221855,False
13,11,31,0.3,0.06,2.5,wave,8349,17,5,0.27416457060725835,False
13,11,32,0.3,0.06,2.5,wave,8204,21,8,0.2773037542662116,False
13,11,33,0.3,0.06,2.5,wave,8074,18,6,0.27966311617537776,False
13,11,34,0.3,0.06,2.5,wave,7851,17,6,0.284422366577506,False
13,11,35,0.3,0.06,2.5,wave,7686,22,8,0.4326047358834244,False
13,11,36,0.3,0.06,2.5,wave,7520,19,6,0.4351063829787234,False
13,11,37,0.3,0.06,2.5,wave,7347,18,5,0.4375935756090921,False
13,11,38,0.3,0.06,2.5,wave,7249,18,11,0.43992274796523656,False
13,11,39,0.3,0.06,2.5,wave,7167,16,12,0.44188642388726107,False
13,11,40,0.3,0.06,2.5,wave,7082,8,3,0.4435187800056481,False
13,11,41,0.3,0.06,2.5,wave,7196,10,2,0.4535853251806559,False
13,11,42,0.3,0.06,2.5,wave,7117,13,5,0.4527188422087958,False
13,11,43,0.3,0.06,2.5,wave,7075,17,7,0.4552650176678445,False
13,11,44,0.3,0.06,2.5,wave,7011,16,5,0.4558550848666381,False
13,11,45,0.3,0.06,2.5,wave,6963,14,4,0.4561252333764182,False
13,11,46,0.3,0.06,2.5,wave,6755,10,4,0.4546262028127313,False
13,11,47,0.3,0.06,2.5,wave,6651,10,4,0.45542023755826194,False
13,11,48,0.3,0.06,2.5,wave,6552,13,4,0.45787545787545786,False
13,11,49,0.3,0.06,2.5,wave,6474,12,5,0.4606116774791474,False
13,11,50,0.3,0.06,2.5,wave,6411,23,7,0.46077055061612854,False
13,11,51,0.3,0.06,2.5,wave,6347,19,8,0.4633685205608949,False
13,11,52,0.3,0.06,2.5,wave,6288,33,12,0.4672391857506361,False
